mu_m[1,1] 1 5000
mu_m[2,1] 5001 10000
mu_m[1,2] 10001 15000
mu_m[2,2] 15001 20000
mu_m[1,3] 20001 25000
mu_m[2,3] 25001 30000
mu_m[1,4] 30001 35000
mu_m[2,4] 35001 40000
prec_m[1,1] 40001 45000
prec_m[2,1] 45001 50000
prec_m[1,2] 50001 55000
prec_m[2,2] 55001 60000
prec_m[1,3] 60001 65000
prec_m[2,3] 65001 70000
prec_m[1,4] 70001 75000
prec_m[2,4] 75001 80000
mu_T0[1,1] 80001 85000
mu_T0[2,1] 85001 90000
mu_T0[1,2] 90001 95000
mu_T0[2,2] 95001 100000
mu_T0[1,3] 100001 105000
mu_T0[2,3] 105001 110000
mu_T0[1,4] 110001 115000
mu_T0[2,4] 115001 120000
prec_T0[1,1] 120001 125000
prec_T0[2,1] 125001 130000
prec_T0[1,2] 130001 135000
prec_T0[2,2] 135001 140000
prec_T0[1,3] 140001 145000
prec_T0[2,3] 145001 150000
prec_T0[1,4] 150001 155000
prec_T0[2,4] 155001 160000
mu_tau[1,1] 160001 165000
mu_tau[2,1] 165001 170000
mu_tau[1,2] 170001 175000
mu_tau[2,2] 175001 180000
mu_tau[1,3] 180001 185000
mu_tau[2,3] 185001 190000
mu_tau[1,4] 190001 195000
mu_tau[2,4] 195001 200000
prec_tau[1,1] 200001 205000
prec_tau[2,1] 205001 210000
prec_tau[1,2] 210001 215000
prec_tau[2,2] 215001 220000
prec_tau[1,3] 220001 225000
prec_tau[2,3] 225001 230000
prec_tau[1,4] 230001 235000
prec_tau[2,4] 235001 240000
m[1] 240001 245000
m[2] 245001 250000
m[3] 250001 255000
m[4] 255001 260000
m[5] 260001 265000
m[6] 265001 270000
m[7] 270001 275000
m[8] 275001 280000
m[9] 280001 285000
m[10] 285001 290000
m[11] 290001 295000
m[12] 295001 300000
m[13] 300001 305000
m[14] 305001 310000
m[15] 310001 315000
m[16] 315001 320000
m[17] 320001 325000
m[18] 325001 330000
m[19] 330001 335000
m[20] 335001 340000
m[21] 340001 345000
m[22] 345001 350000
m[23] 350001 355000
m[24] 355001 360000
T0[1] 360001 365000
T0[2] 365001 370000
T0[3] 370001 375000
T0[4] 375001 380000
T0[5] 380001 385000
T0[6] 385001 390000
T0[7] 390001 395000
T0[8] 395001 400000
T0[9] 400001 405000
T0[10] 405001 410000
T0[11] 410001 415000
T0[12] 415001 420000
T0[13] 420001 425000
T0[14] 425001 430000
T0[15] 430001 435000
T0[16] 435001 440000
T0[17] 440001 445000
T0[18] 445001 450000
T0[19] 450001 455000
T0[20] 455001 460000
T0[21] 460001 465000
T0[22] 465001 470000
T0[23] 470001 475000
T0[24] 475001 480000
tau[1] 480001 485000
tau[2] 485001 490000
tau[3] 490001 495000
tau[4] 495001 500000
tau[5] 500001 505000
tau[6] 505001 510000
tau[7] 510001 515000
tau[8] 515001 520000
tau[9] 520001 525000
tau[10] 525001 530000
tau[11] 530001 535000
tau[12] 535001 540000
tau[13] 540001 545000
tau[14] 545001 550000
tau[15] 550001 555000
tau[16] 555001 560000
tau[17] 560001 565000
tau[18] 565001 570000
tau[19] 570001 575000
tau[20] 575001 580000
tau[21] 580001 585000
tau[22] 585001 590000
tau[23] 590001 595000
tau[24] 595001 600000
d[1,1] 600001 605000
d[2,1] 605001 610000
d[3,1] 610001 615000
d[4,1] 615001 620000
d[5,1] 620001 625000
d[6,1] 625001 630000
d[7,1] 630001 635000
d[8,1] 635001 640000
d[9,1] 640001 645000
d[10,1] 645001 650000
d[11,1] 650001 655000
d[12,1] 655001 660000
d[13,1] 660001 665000
d[14,1] 665001 670000
d[15,1] 670001 675000
d[16,1] 675001 680000
d[17,1] 680001 685000
d[18,1] 685001 690000
d[19,1] 690001 695000
d[20,1] 695001 700000
d[21,1] 700001 705000
d[22,1] 705001 710000
d[23,1] 710001 715000
d[24,1] 715001 720000
d[1,2] 720001 725000
d[2,2] 725001 730000
d[3,2] 730001 735000
d[4,2] 735001 740000
d[5,2] 740001 745000
d[6,2] 745001 750000
d[7,2] 750001 755000
d[8,2] 755001 760000
d[9,2] 760001 765000
d[10,2] 765001 770000
d[11,2] 770001 775000
d[12,2] 775001 780000
d[13,2] 780001 785000
d[14,2] 785001 790000
d[15,2] 790001 795000
d[16,2] 795001 800000
d[17,2] 800001 805000
d[18,2] 805001 810000
d[19,2] 810001 815000
d[20,2] 815001 820000
d[21,2] 820001 825000
d[22,2] 825001 830000
d[23,2] 830001 835000
d[24,2] 835001 840000
d[1,3] 840001 845000
d[2,3] 845001 850000
d[3,3] 850001 855000
d[4,3] 855001 860000
d[5,3] 860001 865000
d[6,3] 865001 870000
d[7,3] 870001 875000
d[8,3] 875001 880000
d[9,3] 880001 885000
d[10,3] 885001 890000
d[11,3] 890001 895000
d[12,3] 895001 900000
d[13,3] 900001 905000
d[14,3] 905001 910000
d[15,3] 910001 915000
d[16,3] 915001 920000
d[17,3] 920001 925000
d[18,3] 925001 930000
d[19,3] 930001 935000
d[20,3] 935001 940000
d[21,3] 940001 945000
d[22,3] 945001 950000
d[23,3] 950001 955000
d[24,3] 955001 960000
d[1,4] 960001 965000
d[2,4] 965001 970000
d[3,4] 970001 975000
d[4,4] 975001 980000
d[5,4] 980001 985000
d[6,4] 985001 990000
d[7,4] 990001 995000
d[8,4] 995001 1000000
d[9,4] 1000001 1005000
d[10,4] 1005001 1010000
d[11,4] 1010001 1015000
d[12,4] 1015001 1020000
d[13,4] 1020001 1025000
d[14,4] 1025001 1030000
d[15,4] 1030001 1035000
d[16,4] 1035001 1040000
d[17,4] 1040001 1045000
d[18,4] 1045001 1050000
d[19,4] 1050001 1055000
d[20,4] 1055001 1060000
d[21,4] 1060001 1065000
d[22,4] 1065001 1070000
d[23,4] 1070001 1075000
d[24,4] 1075001 1080000
d[1,5] 1080001 1085000
d[2,5] 1085001 1090000
d[3,5] 1090001 1095000
d[4,5] 1095001 1100000
d[5,5] 1100001 1105000
d[6,5] 1105001 1110000
d[7,5] 1110001 1115000
d[8,5] 1115001 1120000
d[9,5] 1120001 1125000
d[10,5] 1125001 1130000
d[11,5] 1130001 1135000
d[12,5] 1135001 1140000
d[13,5] 1140001 1145000
d[14,5] 1145001 1150000
d[15,5] 1150001 1155000
d[16,5] 1155001 1160000
d[17,5] 1160001 1165000
d[18,5] 1165001 1170000
d[19,5] 1170001 1175000
d[20,5] 1175001 1180000
d[21,5] 1180001 1185000
d[22,5] 1185001 1190000
d[23,5] 1190001 1195000
d[24,5] 1195001 1200000
d[1,6] 1200001 1205000
d[2,6] 1205001 1210000
d[3,6] 1210001 1215000
d[4,6] 1215001 1220000
d[5,6] 1220001 1225000
d[6,6] 1225001 1230000
d[7,6] 1230001 1235000
d[8,6] 1235001 1240000
d[9,6] 1240001 1245000
d[10,6] 1245001 1250000
d[11,6] 1250001 1255000
d[12,6] 1255001 1260000
d[13,6] 1260001 1265000
d[14,6] 1265001 1270000
d[15,6] 1270001 1275000
d[16,6] 1275001 1280000
d[17,6] 1280001 1285000
d[18,6] 1285001 1290000
d[19,6] 1290001 1295000
d[20,6] 1295001 1300000
d[21,6] 1300001 1305000
d[22,6] 1305001 1310000
d[23,6] 1310001 1315000
d[24,6] 1315001 1320000
c[1,1] 1320001 1325000
c[2,1] 1325001 1330000
c[3,1] 1330001 1335000
c[4,1] 1335001 1340000
c[5,1] 1340001 1345000
c[6,1] 1345001 1350000
c[7,1] 1350001 1355000
c[8,1] 1355001 1360000
c[9,1] 1360001 1365000
c[10,1] 1365001 1370000
c[11,1] 1370001 1375000
c[12,1] 1375001 1380000
c[13,1] 1380001 1385000
c[14,1] 1385001 1390000
c[15,1] 1390001 1395000
c[16,1] 1395001 1400000
c[17,1] 1400001 1405000
c[18,1] 1405001 1410000
c[19,1] 1410001 1415000
c[20,1] 1415001 1420000
c[21,1] 1420001 1425000
c[22,1] 1425001 1430000
c[23,1] 1430001 1435000
c[24,1] 1435001 1440000
c[1,2] 1440001 1445000
c[2,2] 1445001 1450000
c[3,2] 1450001 1455000
c[4,2] 1455001 1460000
c[5,2] 1460001 1465000
c[6,2] 1465001 1470000
c[7,2] 1470001 1475000
c[8,2] 1475001 1480000
c[9,2] 1480001 1485000
c[10,2] 1485001 1490000
c[11,2] 1490001 1495000
c[12,2] 1495001 1500000
c[13,2] 1500001 1505000
c[14,2] 1505001 1510000
c[15,2] 1510001 1515000
c[16,2] 1515001 1520000
c[17,2] 1520001 1525000
c[18,2] 1525001 1530000
c[19,2] 1530001 1535000
c[20,2] 1535001 1540000
c[21,2] 1540001 1545000
c[22,2] 1545001 1550000
c[23,2] 1550001 1555000
c[24,2] 1555001 1560000
c[1,3] 1560001 1565000
c[2,3] 1565001 1570000
c[3,3] 1570001 1575000
c[4,3] 1575001 1580000
c[5,3] 1580001 1585000
c[6,3] 1585001 1590000
c[7,3] 1590001 1595000
c[8,3] 1595001 1600000
c[9,3] 1600001 1605000
c[10,3] 1605001 1610000
c[11,3] 1610001 1615000
c[12,3] 1615001 1620000
c[13,3] 1620001 1625000
c[14,3] 1625001 1630000
c[15,3] 1630001 1635000
c[16,3] 1635001 1640000
c[17,3] 1640001 1645000
c[18,3] 1645001 1650000
c[19,3] 1650001 1655000
c[20,3] 1655001 1660000
c[21,3] 1660001 1665000
c[22,3] 1665001 1670000
c[23,3] 1670001 1675000
c[24,3] 1675001 1680000
c[1,4] 1680001 1685000
c[2,4] 1685001 1690000
c[3,4] 1690001 1695000
c[4,4] 1695001 1700000
c[5,4] 1700001 1705000
c[6,4] 1705001 1710000
c[7,4] 1710001 1715000
c[8,4] 1715001 1720000
c[9,4] 1720001 1725000
c[10,4] 1725001 1730000
c[11,4] 1730001 1735000
c[12,4] 1735001 1740000
c[13,4] 1740001 1745000
c[14,4] 1745001 1750000
c[15,4] 1750001 1755000
c[16,4] 1755001 1760000
c[17,4] 1760001 1765000
c[18,4] 1765001 1770000
c[19,4] 1770001 1775000
c[20,4] 1775001 1780000
c[21,4] 1780001 1785000
c[22,4] 1785001 1790000
c[23,4] 1790001 1795000
c[24,4] 1795001 1800000
c[1,5] 1800001 1805000
c[2,5] 1805001 1810000
c[3,5] 1810001 1815000
c[4,5] 1815001 1820000
c[5,5] 1820001 1825000
c[6,5] 1825001 1830000
c[7,5] 1830001 1835000
c[8,5] 1835001 1840000
c[9,5] 1840001 1845000
c[10,5] 1845001 1850000
c[11,5] 1850001 1855000
c[12,5] 1855001 1860000
c[13,5] 1860001 1865000
c[14,5] 1865001 1870000
c[15,5] 1870001 1875000
c[16,5] 1875001 1880000
c[17,5] 1880001 1885000
c[18,5] 1885001 1890000
c[19,5] 1890001 1895000
c[20,5] 1895001 1900000
c[21,5] 1900001 1905000
c[22,5] 1905001 1910000
c[23,5] 1910001 1915000
c[24,5] 1915001 1920000
c[1,6] 1920001 1925000
c[2,6] 1925001 1930000
c[3,6] 1930001 1935000
c[4,6] 1935001 1940000
c[5,6] 1940001 1945000
c[6,6] 1945001 1950000
c[7,6] 1950001 1955000
c[8,6] 1955001 1960000
c[9,6] 1960001 1965000
c[10,6] 1965001 1970000
c[11,6] 1970001 1975000
c[12,6] 1975001 1980000
c[13,6] 1980001 1985000
c[14,6] 1985001 1990000
c[15,6] 1990001 1995000
c[16,6] 1995001 2000000
c[17,6] 2000001 2005000
c[18,6] 2005001 2010000
c[19,6] 2010001 2015000
c[20,6] 2015001 2020000
c[21,6] 2020001 2025000
c[22,6] 2025001 2030000
c[23,6] 2030001 2035000
c[24,6] 2035001 2040000
dprime[1,1,1] 2040001 2045000
dprime[2,1,1] 2045001 2050000
dprime[3,1,1] 2050001 2055000
dprime[4,1,1] 2055001 2060000
dprime[5,1,1] 2060001 2065000
dprime[6,1,1] 2065001 2070000
dprime[1,2,1] 2070001 2075000
dprime[2,2,1] 2075001 2080000
dprime[3,2,1] 2080001 2085000
dprime[4,2,1] 2085001 2090000
dprime[5,2,1] 2090001 2095000
dprime[6,2,1] 2095001 2100000
dprime[1,1,2] 2100001 2105000
dprime[2,1,2] 2105001 2110000
dprime[3,1,2] 2110001 2115000
dprime[4,1,2] 2115001 2120000
dprime[5,1,2] 2120001 2125000
dprime[6,1,2] 2125001 2130000
dprime[1,2,2] 2130001 2135000
dprime[2,2,2] 2135001 2140000
dprime[3,2,2] 2140001 2145000
dprime[4,2,2] 2145001 2150000
dprime[5,2,2] 2150001 2155000
dprime[6,2,2] 2155001 2160000
dprime[1,1,3] 2160001 2165000
dprime[2,1,3] 2165001 2170000
dprime[3,1,3] 2170001 2175000
dprime[4,1,3] 2175001 2180000
dprime[5,1,3] 2180001 2185000
dprime[6,1,3] 2185001 2190000
dprime[1,2,3] 2190001 2195000
dprime[2,2,3] 2195001 2200000
dprime[3,2,3] 2200001 2205000
dprime[4,2,3] 2205001 2210000
dprime[5,2,3] 2210001 2215000
dprime[6,2,3] 2215001 2220000
dprime[1,1,4] 2220001 2225000
dprime[2,1,4] 2225001 2230000
dprime[3,1,4] 2230001 2235000
dprime[4,1,4] 2235001 2240000
dprime[5,1,4] 2240001 2245000
dprime[6,1,4] 2245001 2250000
dprime[1,2,4] 2250001 2255000
dprime[2,2,4] 2255001 2260000
dprime[3,2,4] 2260001 2265000
dprime[4,2,4] 2265001 2270000
dprime[5,2,4] 2270001 2275000
dprime[6,2,4] 2275001 2280000
msamp[1,1] 2280001 2285000
msamp[2,1] 2285001 2290000
msamp[1,2] 2290001 2295000
msamp[2,2] 2295001 2300000
msamp[1,3] 2300001 2305000
msamp[2,3] 2305001 2310000
msamp[1,4] 2310001 2315000
msamp[2,4] 2315001 2320000
T0samp[1,1] 2320001 2325000
T0samp[2,1] 2325001 2330000
T0samp[1,2] 2330001 2335000
T0samp[2,2] 2335001 2340000
T0samp[1,3] 2340001 2345000
T0samp[2,3] 2345001 2350000
T0samp[1,4] 2350001 2355000
T0samp[2,4] 2355001 2360000
tausamp[1,1] 2360001 2365000
tausamp[2,1] 2365001 2370000
tausamp[1,2] 2370001 2375000
tausamp[2,2] 2375001 2380000
tausamp[1,3] 2380001 2385000
tausamp[2,3] 2385001 2390000
tausamp[1,4] 2390001 2395000
tausamp[2,4] 2395001 2400000
deviance 2400001 2450000
