4,7,1,1,0.4,2,3,2,2,1,221.76,1,3,3,3,2,2,7,3,3,1,1
4,7,1,2,0.1,1,3,1,1,1,231.79,1,18,3,3,3,3,17,3,1,1,3
4,7,1,3,0.05,3,3,2,1,0,215.28,1,10,1,1,3,3,17,1,3,3,1
4,7,1,4,0.1,1,3,1,1,1,209.2,1,16,1,3,1,3,14,1,1,3,3
4,7,1,5,0.05,3,2,2,2,1,253.51,1,4,1,3,3,1,15,3,3,2,2
4,7,1,6,0.2,2,1,2,1,0,184.98,1,1,3,1,2,2,18,1,3,1,3
4,7,1,7,0.1,1,2,1,1,1,172.88,1,17,3,3,3,3,17,3,1,2,2
4,7,1,8,0.1,2,3,2,2,1,218.31,1,17,3,1,2,2,1,1,3,3,1
4,7,1,9,0.8,1,1,1,1,1,193.41,1,14,1,3,1,3,14,3,1,3,1
4,7,1,10,0.4,1,1,1,1,1,216.2,1,7,3,3,3,3,6,3,1,3,1
4,7,1,11,1.8,1,1,1,1,1,206.38,1,6,3,1,3,1,1,1,1,1,1
4,7,1,12,0.05,2,1,2,2,1,268.76,1,4,3,3,2,2,9,1,3,1,3
4,7,1,13,0.2,1,3,1,1,1,210.41,1,4,3,3,3,3,16,3,3,1,1
4,7,1,14,0.05,2,2,2,2,1,268.81,1,3,1,3,2,2,20,3,1,2,2
4,7,1,15,0.4,1,2,1,1,1,227.03,1,6,3,1,3,1,5,1,3,2,2
4,7,1,16,0.2,2,1,2,2,1,223.6,1,19,1,1,2,2,8,3,1,3,1
4,7,1,17,0.4,1,1,1,1,1,-5.4097,2,6,1,1,1,1,3,1,1,1,1
4,7,1,18,0.2,1,2,1,1,1,236.98,1,1,3,3,3,3,2,1,3,2,2
4,7,1,19,0.05,1,2,1,1,1,258.26,1,9,3,1,3,1,1,3,1,2,2
4,7,1,20,1.8,1,3,1,1,1,201.48,1,6,1,1,1,1,5,1,1,3,3
4,7,1,21,0.1,3,3,2,2,1,224.03,1,4,1,3,3,1,16,1,1,3,3
4,7,1,22,0.8,2,3,2,2,1,212.05,1,10,3,1,2,2,19,1,1,3,3
4,7,1,23,0.4,3,3,2,2,1,211.3,1,9,1,3,3,1,7,3,1,1,3
4,7,1,24,0.8,1,2,1,1,1,218,1,14,3,1,3,1,12,3,1,2,2
4,7,1,25,0.05,3,1,2,2,1,252.28,1,14,3,1,1,3,7,1,1,1,1
4,7,1,26,0.2,1,1,1,1,1,255.19,1,5,3,1,3,1,20,1,1,1,1
4,7,1,27,0.1,1,3,1,1,1,258.15,1,15,1,3,1,3,17,3,1,1,3
4,7,1,28,0.2,3,2,2,2,1,211.17,1,8,1,1,3,3,1,1,3,2,2
4,7,1,29,0.8,1,1,1,1,1,205.2,1,4,1,1,1,1,1,3,1,3,1
4,7,1,30,0.4,1,1,1,1,1,228.76,1,15,3,1,3,1,13,1,3,1,3
4,7,1,31,0.05,3,3,2,2,1,274.73,1,7,1,3,3,1,18,3,3,1,1
4,7,1,32,0.8,1,1,1,1,1,239.18,1,19,1,3,1,3,14,3,1,3,1
4,7,1,33,0.05,1,2,1,1,1,244.05,1,1,3,1,3,1,9,1,1,2,2
4,7,1,34,0.1,2,2,2,1,0,249.04,1,8,1,3,2,2,18,3,1,2,2
4,7,1,35,0.8,2,3,2,2,1,212.32,1,19,3,1,2,2,16,3,1,1,3
4,7,1,36,1.8,1,3,1,2,0,211.65,1,16,1,3,1,3,6,1,3,3,1
4,7,1,37,0.05,3,2,2,1,0,291.37,1,12,3,3,1,1,9,1,1,2,2
4,7,1,38,0.2,2,3,2,2,1,224.39,1,10,3,1,2,2,5,3,1,1,3
4,7,1,39,0.4,3,1,2,2,1,227.87,1,10,3,3,1,1,15,1,1,1,1
4,7,1,40,0.4,2,3,2,2,1,215.88,1,13,3,3,2,2,11,3,3,1,1
4,7,1,41,0.8,1,3,1,1,1,207.89,1,8,3,1,3,1,14,3,3,1,1
4,7,1,42,0.05,3,1,2,2,1,340.22,0,7,3,3,1,1,5,1,3,1,3
4,7,1,43,0.2,1,1,1,1,1,208.6,1,13,3,3,3,3,19,3,3,3,3
4,7,1,44,0.2,1,3,1,1,1,245.62,1,2,1,1,1,1,6,3,1,1,3
4,7,1,45,0.05,1,3,1,1,1,301,0,19,3,1,3,1,13,3,3,1,1
4,7,1,46,0.05,1,3,1,1,1,246.56,1,1,3,3,3,3,5,1,3,3,1
4,7,1,47,0.1,1,2,1,2,0,268.43,1,19,1,3,1,3,4,3,3,2,2
4,7,1,48,0.1,1,1,1,1,1,233.61,1,9,3,1,3,1,18,1,3,1,3
4,7,1,49,1.8,1,1,1,2,0,208.55,1,3,1,1,1,1,17,3,3,3,3
4,7,1,50,0.1,3,1,2,2,1,252.32,1,2,1,1,3,3,11,1,3,1,3
4,7,1,51,0.8,1,1,1,1,1,242.9,1,15,1,1,1,1,11,1,3,1,3
4,7,1,52,1.8,3,2,2,2,1,233.83,1,5,3,3,1,1,6,1,3,2,2
4,7,1,53,0.2,1,2,1,2,0,215.92,1,7,1,3,1,3,5,3,1,2,2
4,7,1,54,1.8,3,1,2,2,1,213.5,1,16,1,1,3,3,15,3,3,3,3
4,7,1,55,0.05,3,1,2,2,1,309.23,0,15,3,1,1,3,14,3,1,3,1
4,7,1,56,0.4,3,3,2,2,1,221.82,1,12,1,1,3,3,13,1,1,3,3
4,7,1,57,0.8,2,3,2,2,1,220.53,1,11,1,1,2,2,6,1,1,3,3
4,7,1,58,0.8,3,1,2,2,1,188,1,3,1,1,3,3,14,3,3,3,3
4,7,1,59,0.1,1,2,1,1,1,261.36,1,6,3,1,3,1,2,3,3,2,2
4,7,1,60,1.8,1,3,1,1,1,224.49,1,2,3,1,3,1,15,3,3,1,1
4,7,1,61,0.1,1,1,1,1,1,257.97,1,6,1,3,1,3,19,1,3,1,3
4,7,1,62,0.4,1,1,1,1,1,271.96,1,9,1,3,1,3,20,3,3,3,3
4,7,1,63,0.8,2,1,2,2,1,207.53,1,6,3,1,2,2,10,1,3,1,3
4,7,1,64,0.4,2,2,2,1,0,240.01,1,10,1,1,2,2,4,1,3,2,2
4,7,1,65,1.8,1,2,1,1,1,210.49,1,10,3,3,3,3,20,3,3,2,2
4,7,1,66,0.4,2,3,2,2,1,220.81,1,4,3,1,2,2,2,3,3,1,1
4,7,1,67,0.1,2,2,2,2,1,253.8,1,15,3,1,2,2,3,3,1,2,2
4,7,1,68,1.8,3,2,2,2,1,205.49,1,4,1,3,3,1,17,1,3,2,2
4,7,1,69,0.2,3,2,2,2,1,212.5,1,14,3,3,1,1,12,3,3,2,2
4,7,1,70,1.8,2,1,2,2,1,217.22,1,4,1,1,2,2,5,3,3,3,3
4,7,1,71,0.2,1,2,1,1,1,252.59,1,10,1,1,1,1,4,1,1,2,2
4,7,1,72,1.8,1,1,1,1,1,220.25,1,6,1,1,1,1,1,1,3,1,3
4,7,1,73,0.8,3,3,2,2,1,230.08,1,15,1,3,3,1,20,3,1,1,3
4,7,1,74,0.2,1,2,1,1,1,260.01,1,15,3,3,3,3,7,3,1,2,2
4,7,1,75,0.8,3,1,2,2,1,254.15,1,12,3,1,1,3,20,1,3,1,3
4,7,1,76,1.8,1,1,1,1,1,192.64,1,17,1,3,1,3,11,3,1,3,1
4,7,1,77,0.4,2,3,2,2,1,230.58,1,17,3,3,2,2,6,1,3,3,1
4,7,1,78,1.8,2,2,2,2,1,227.32,1,1,1,3,2,2,14,1,1,2,2
4,7,2,1,1.8,1,3,1,1,1,213.25,1,9,1,1,1,1,2,3,1,1,3
4,7,2,2,0.1,1,1,1,1,1,235.38,1,11,3,3,3,3,7,1,1,1,1
4,7,2,3,1.8,2,3,2,2,1,301.22,0,12,1,3,2,2,5,1,1,3,3
4,7,2,4,0.8,2,2,2,2,1,247.34,1,10,1,3,2,2,14,1,3,2,2
4,7,2,5,0.8,1,3,1,1,1,249.08,1,17,1,3,1,3,4,3,1,1,3
4,7,2,6,0.1,3,2,2,1,0,269.71,1,10,3,3,1,1,17,3,3,2,2
4,7,2,7,1.8,1,2,1,1,1,240.99,1,9,3,3,3,3,4,3,3,2,2
4,7,2,8,0.05,3,2,2,2,1,316.55,0,20,3,3,1,1,7,1,1,2,2
4,7,2,9,0.1,1,1,1,1,1,462.48,0,6,1,3,1,3,17,1,1,1,1
4,7,2,10,0.1,3,2,2,2,1,289.33,1,20,3,3,1,1,2,1,3,2,2
4,7,2,11,0.4,2,3,2,2,1,191.87,1,4,3,3,2,2,17,1,1,3,3
4,7,2,12,0.05,2,3,2,2,1,271.8,1,11,1,1,2,2,2,3,1,1,3
4,7,2,13,0.8,3,2,2,2,1,202.89,1,11,1,1,3,3,20,1,1,2,2
4,7,2,14,0.4,2,3,2,2,1,226.12,1,20,3,3,2,2,18,3,1,1,3
4,7,2,15,0.1,1,3,1,1,1,251.2,1,2,1,3,1,3,12,3,3,1,1
4,7,2,16,0.2,1,1,1,1,1,245.16,1,11,1,3,1,3,1,1,1,1,1
4,7,2,17,0.8,1,1,1,1,1,218.89,1,4,1,3,1,3,14,1,1,1,1
4,7,2,18,0.8,1,1,1,1,1,260.15,1,13,1,3,1,3,20,3,3,3,3
4,7,2,19,0.2,3,2,2,2,1,416.03,0,7,3,3,1,1,12,1,1,2,2
4,7,2,20,0.1,3,1,2,2,1,257.55,1,7,1,1,3,3,10,1,1,1,1
4,7,2,21,0.2,2,3,2,2,1,257.38,1,16,1,1,2,2,1,3,3,1,1
4,7,2,22,1.8,3,1,2,2,1,238.7,1,4,1,3,3,1,8,1,1,1,1
4,7,2,23,0.4,2,2,2,2,1,240.12,1,14,1,3,2,2,12,1,1,2,2
4,7,2,24,0.4,1,1,1,1,1,230.79,1,5,3,1,3,1,11,1,3,1,3
4,7,2,25,0.2,2,2,2,2,1,231.03,1,19,1,1,2,2,3,3,3,2,2
4,7,2,26,0.4,3,1,2,2,1,222.81,1,10,3,1,1,3,3,1,1,1,1
4,7,2,27,0.1,2,2,2,2,1,334.09,0,2,1,1,2,2,1,1,3,2,2
4,7,2,28,0.1,1,3,1,1,1,274.89,1,2,3,1,3,1,7,3,3,1,1
4,7,2,29,0.05,3,3,2,2,1,340.56,0,2,3,1,1,3,19,1,1,3,3
4,7,2,30,0.8,2,3,2,2,1,235.83,1,17,1,1,2,2,16,1,3,3,1
4,7,2,31,1.8,1,2,1,1,1,210.51,1,19,1,1,1,1,8,3,3,2,2
4,7,2,32,0.2,1,1,1,2,0,323.87,0,19,1,1,1,1,15,3,3,3,3
4,7,2,33,0.4,1,2,1,2,0,238.31,1,17,1,1,1,1,6,1,3,2,2
4,7,2,34,0.1,3,3,2,2,1,277.99,1,8,3,3,1,1,19,3,3,1,1
4,7,2,35,1.8,3,2,2,2,1,219.89,1,5,3,3,1,1,17,1,3,2,2
4,7,2,36,0.1,1,3,1,1,1,253.22,1,8,3,1,3,1,9,3,1,1,3
4,7,2,37,0.2,1,1,1,1,1,225.21,1,8,1,1,1,1,4,3,1,3,1
4,7,2,38,0.05,1,2,1,1,1,245.5,1,19,1,1,1,1,15,1,3,2,2
4,7,2,39,0.4,1,3,1,1,1,238.8,1,2,1,1,1,1,13,1,3,3,1
4,7,2,40,0.8,2,1,2,2,1,240.29,1,15,1,1,2,2,9,1,3,1,3
4,7,2,41,1.8,1,3,1,1,1,218.28,1,6,1,3,1,3,8,3,3,1,1
4,7,2,42,1.8,1,2,1,1,1,235.57,1,13,3,1,3,1,15,3,1,2,2
4,7,2,43,1.8,3,2,2,2,1,235.79,1,13,1,3,3,1,2,1,1,2,2
4,7,2,44,0.2,3,2,2,2,1,267.23,1,18,1,1,3,3,5,1,1,2,2
4,7,2,45,0.2,2,2,2,2,1,238.98,1,7,3,1,2,2,11,1,1,2,2
4,7,2,46,0.4,2,3,2,2,1,254.67,1,16,3,1,2,2,11,3,1,1,3
4,7,2,47,1.8,1,2,1,1,1,209.47,1,3,3,1,3,1,1,1,3,2,2
4,7,2,48,1.8,3,2,2,2,1,226.08,1,19,3,1,1,3,17,1,1,2,2
4,7,2,49,0.8,3,2,2,2,1,243.64,1,14,1,1,3,3,17,3,1,2,2
4,7,2,50,1.8,1,2,1,1,1,224.68,1,17,3,1,3,1,7,1,1,2,2
4,7,2,51,0.2,1,3,1,1,1,238.71,1,16,3,1,3,1,13,1,3,3,1
4,7,2,52,0.05,3,3,2,2,1,304.11,0,13,3,1,1,3,7,3,3,1,1
4,7,2,53,0.4,2,3,2,2,1,253.81,1,11,1,1,2,2,1,3,1,1,3
4,7,2,54,0.4,3,2,2,2,1,208.72,1,7,1,1,3,3,17,3,3,2,2
4,7,2,55,0.2,3,2,2,2,1,199.05,1,9,1,3,3,1,10,3,1,2,2
4,7,2,56,0.05,2,2,2,2,1,303.23,0,11,1,3,2,2,6,1,3,2,2
4,7,2,57,1.8,3,1,NaN,NaN,NaN,NaN,NaN,7,1,3,3,1,13,1,3,1,3
4,7,2,58,0.2,1,3,1,1,1,257.6,1,11,3,1,3,1,5,3,1,1,3
4,7,2,59,0.2,1,2,1,2,0,223.62,1,12,3,1,3,1,6,3,1,2,2
4,7,2,60,0.1,1,2,1,1,1,251.99,1,20,1,3,1,3,18,3,3,2,2
4,7,2,61,0.1,1,3,1,1,1,225.26,1,5,1,1,1,1,17,3,3,1,1
4,7,2,62,0.05,2,3,2,1,0,227.34,1,4,3,1,2,2,3,1,1,3,3
4,7,2,63,0.8,2,3,NaN,NaN,NaN,NaN,NaN,1,1,3,2,2,9,3,3,1,1
4,7,2,64,0.8,1,1,1,1,1,232.99,1,16,3,3,3,3,5,1,1,1,1
4,7,2,65,0.4,2,3,2,2,1,254.23,1,13,3,3,2,2,11,3,1,1,3
4,7,2,66,0.8,3,1,2,2,1,216.16,1,1,1,3,3,1,10,1,3,1,3
4,7,2,67,0.05,1,2,1,1,1,290.49,1,11,3,1,3,1,3,1,3,2,2
4,7,2,68,0.05,1,3,1,1,1,262.13,1,11,3,3,3,3,9,1,3,3,1
4,7,2,69,0.4,2,2,2,2,1,274.24,1,3,1,3,2,2,1,3,3,2,2
4,7,2,70,0.8,1,2,1,1,1,230.2,1,19,1,3,1,3,14,3,1,2,2
4,7,2,71,0.05,1,2,1,1,1,275.12,1,9,3,1,3,1,14,3,1,2,2
4,7,2,72,0.1,1,1,1,1,1,245.98,1,3,1,1,1,1,12,1,3,1,3
4,7,2,73,0.05,3,3,2,2,1,370.42,0,20,1,1,3,3,5,1,3,3,1
4,7,2,74,0.05,3,2,2,2,1,321.55,0,3,3,3,1,1,6,1,1,2,2
4,7,2,75,0.4,2,3,2,2,1,243.3,1,2,3,3,2,2,12,1,3,3,1
4,7,2,76,0.8,1,3,1,1,1,220.18,1,12,1,3,1,3,16,3,3,1,1
4,7,2,77,0.2,1,3,1,1,1,182.28,1,15,1,3,1,3,11,3,3,1,1
4,7,2,78,0.05,1,1,1,1,1,240.37,1,10,1,3,1,3,8,3,1,3,1
4,7,3,1,0.1,1,3,1,1,1,209.01,1,5,3,1,3,1,7,3,3,1,1
4,7,3,2,0.8,3,3,2,2,1,213.36,1,7,1,3,3,1,11,3,3,1,1
4,7,3,3,1.8,1,1,1,1,1,188.2,1,18,1,3,1,3,18,1,3,1,3
4,7,3,4,1.8,2,1,2,2,1,228.82,1,1,3,1,2,2,13,1,3,1,3
4,7,3,5,0.4,3,1,2,2,1,224.59,1,14,3,3,1,1,17,1,1,1,1
4,7,3,6,0.05,3,3,2,2,1,284.51,1,5,3,3,1,1,19,1,3,3,1
4,7,3,7,0.1,1,2,1,1,1,249.25,1,6,1,1,1,1,2,3,1,2,2
4,7,3,8,0.2,3,3,2,2,1,365.84,0,4,3,3,1,1,12,3,1,1,3
4,7,3,9,0.8,2,3,2,2,1,218.94,1,14,1,3,2,2,2,3,3,1,1
4,7,3,10,0.2,2,2,2,2,1,242.81,1,9,1,1,2,2,3,3,3,2,2
4,7,3,11,0.8,1,1,1,1,1,223.69,1,3,3,3,3,3,11,1,3,1,3
4,7,3,12,0.1,2,2,2,2,1,273.99,1,3,1,1,2,2,17,1,1,2,2
4,7,3,13,0.4,1,1,1,1,1,226.86,1,13,1,1,1,1,14,3,3,3,3
4,7,3,14,0.4,3,2,2,2,1,221.96,1,8,1,1,3,3,14,1,3,2,2
4,7,3,15,0.05,2,1,2,1,0,532.59,0,6,3,1,2,2,15,3,3,3,3
4,7,3,16,0.4,1,2,1,1,1,237.81,1,7,1,1,1,1,5,1,3,2,2
4,7,3,17,0.2,1,1,1,1,1,236.62,1,15,1,1,1,1,18,1,1,1,1
4,7,3,18,0.4,2,2,2,2,1,248.91,1,15,3,3,2,2,8,3,3,2,2
4,7,3,19,0.4,2,3,2,1,0,231.63,1,10,3,3,2,2,6,1,1,3,3
4,7,3,20,1.8,1,3,1,1,1,241.68,1,8,1,3,1,3,4,3,3,1,1
4,7,3,21,0.8,2,1,2,2,1,214.58,1,10,1,3,2,2,16,1,3,1,3
4,7,3,22,0.1,1,1,1,1,1,280.86,1,16,3,1,3,1,14,3,1,3,1
4,7,3,23,1.8,2,3,2,2,1,223.57,1,20,3,1,2,2,12,3,1,1,3
4,7,3,24,0.1,2,3,2,2,1,302.73,0,5,1,1,2,2,14,1,1,3,3
4,7,3,25,0.05,1,1,1,1,1,239.23,1,7,3,1,3,1,11,3,1,3,1
4,7,3,26,0.8,1,2,1,1,1,192.59,1,9,1,3,1,3,20,3,3,2,2
4,7,3,27,0.2,1,1,1,1,1,190.99,1,7,3,1,3,1,10,3,1,3,1
4,7,3,28,0.8,3,2,2,2,1,232.77,1,11,3,3,1,1,2,1,1,2,2
4,7,3,29,0.1,1,2,1,1,1,227.79,1,19,3,3,3,3,13,3,3,2,2
4,7,3,30,0.1,1,2,1,1,1,251.32,1,15,3,3,3,3,13,3,1,2,2
4,7,3,31,0.4,1,2,1,1,1,209.62,1,1,1,1,1,1,11,1,1,2,2
4,7,3,32,1.8,1,1,1,2,0,201.9,1,3,3,1,3,1,7,3,3,3,3
4,7,3,33,0.8,1,3,1,1,1,190.16,1,19,3,3,3,3,10,3,3,1,1
4,7,3,34,0.2,2,1,2,1,0,256.34,1,16,3,1,2,2,13,3,3,3,3
4,7,3,35,0.05,1,1,1,1,1,242.43,1,7,1,3,1,3,14,3,3,3,3
4,7,3,36,0.4,2,2,2,1,0,212.88,1,3,1,3,2,2,11,3,1,2,2
4,7,3,37,0.2,2,1,2,2,1,225.34,1,1,3,1,2,2,4,3,3,3,3
4,7,3,38,0.1,1,2,1,1,1,281.55,1,9,3,1,3,1,3,3,3,2,2
4,7,3,39,1.8,1,2,1,1,1,212.01,1,12,1,1,1,1,6,1,1,2,2
4,7,3,40,0.8,1,1,1,1,1,221.54,1,14,3,1,3,1,10,1,3,1,3
4,7,3,41,0.4,1,2,1,1,1,289.51,1,4,3,3,3,3,18,1,3,2,2
4,7,3,42,0.05,1,2,1,1,1,267.89,1,1,3,3,3,3,9,3,3,2,2
4,7,3,43,0.05,1,1,1,1,1,274.33,1,3,3,1,3,1,5,1,1,1,1
4,7,3,44,0.4,1,1,1,2,0,257.24,1,1,1,1,1,1,3,1,3,1,3
4,7,3,45,0.8,1,3,1,1,1,223.9,1,3,1,1,1,1,13,3,1,1,3
4,7,3,46,0.2,3,3,2,2,1,223.02,1,9,1,1,3,3,8,1,1,3,3
4,7,3,47,1.8,1,2,1,1,1,203.35,1,7,1,3,1,3,2,1,1,2,2
4,7,3,48,0.4,1,2,1,1,1,244.97,1,10,3,3,3,3,7,3,3,2,2
4,7,3,49,0.4,2,3,2,2,1,246.68,1,5,1,1,2,2,19,3,1,1,3
4,7,3,50,0.8,1,1,1,1,1,225.86,1,8,3,3,3,3,12,1,3,1,3
4,7,3,51,1.8,2,2,2,2,1,231.3,1,9,1,1,2,2,14,1,1,2,2
4,7,3,52,0.2,3,2,2,2,1,227.98,1,6,3,1,1,3,16,3,3,2,2
4,7,3,53,0.8,1,1,1,1,1,209.23,1,16,1,3,1,3,12,3,3,3,3
4,7,3,54,0.2,2,1,2,1,0,255.83,1,20,1,3,2,2,12,3,1,3,1
4,7,3,55,0.2,1,1,1,1,1,232.18,1,14,1,3,1,3,11,1,1,1,1
4,7,3,56,0.05,1,3,1,1,1,272.83,1,7,1,3,1,3,14,1,3,3,1
4,7,3,57,0.4,1,2,1,1,1,248.88,1,18,1,1,1,1,16,1,3,2,2
4,7,3,58,1.8,2,2,2,2,1,224.51,1,10,3,3,2,2,1,1,3,2,2
4,7,3,59,0.05,1,3,1,1,1,258.56,1,9,3,1,3,1,15,1,1,3,3
4,7,3,60,1.8,2,2,2,1,0,220.67,1,15,3,3,2,2,2,1,3,2,2
4,7,3,61,0.05,1,3,1,1,1,333.63,0,18,1,3,1,3,15,3,1,1,3
4,7,3,62,0.1,1,3,1,1,1,264.51,1,13,1,3,1,3,20,3,1,1,3
4,7,3,63,0.05,1,3,1,1,1,289.87,1,1,1,3,1,3,16,1,3,3,1
4,7,3,64,1.8,2,2,NaN,NaN,NaN,NaN,NaN,4,1,3,2,2,3,1,3,2,2
4,7,3,65,0.2,3,3,2,2,1,232.23,1,15,1,1,3,3,2,1,1,3,3
4,7,3,66,0.05,2,2,2,1,0,319.5,0,10,3,3,2,2,9,1,3,2,2
4,7,3,67,1.8,2,2,2,2,1,206.06,1,11,3,1,2,2,14,1,1,2,2
4,7,3,68,0.05,2,2,2,2,1,253.82,1,6,3,3,2,2,17,1,1,2,2
4,7,3,69,0.2,2,1,2,1,0,211.13,1,1,3,1,2,2,9,3,1,3,1
4,7,3,70,0.1,2,2,2,2,1,288.54,1,15,1,3,2,2,6,1,1,2,2
4,7,3,71,0.2,1,2,1,2,0,295.99,1,9,1,3,1,3,11,1,1,2,2
4,7,3,72,1.8,3,3,2,2,1,238.45,1,20,1,3,3,1,1,1,1,3,3
4,7,3,73,0.8,3,3,2,2,1,224.88,1,18,1,3,3,1,12,1,1,3,3
4,7,3,74,0.05,3,2,2,1,0,296.41,1,13,1,1,3,3,17,1,3,2,2
4,7,3,75,0.8,1,3,1,1,1,212.32,1,12,1,3,1,3,11,1,3,3,1
4,7,3,76,0.1,3,3,2,2,1,270.63,1,10,1,1,3,3,12,1,3,3,1
4,7,3,77,0.1,2,2,2,2,1,281.66,1,10,1,1,2,2,19,3,3,2,2
4,7,3,78,0.1,3,1,2,1,0,256.23,1,11,1,1,3,3,19,1,1,1,1
4,7,4,1,0.1,2,3,2,1,0,242.01,1,15,1,3,2,2,12,3,3,1,1
4,7,4,2,0.4,2,1,2,2,1,351.88,0,9,3,3,2,2,11,3,1,3,1
4,7,4,3,0.8,1,2,1,1,1,217.04,1,11,1,3,1,3,18,1,3,2,2
4,7,4,4,0.2,2,2,2,1,0,226.26,1,13,3,3,2,2,16,1,1,2,2
4,7,4,5,0.4,1,1,1,1,1,217.39,1,19,3,3,3,3,8,1,3,1,3
4,7,4,6,0.4,1,3,1,1,1,207.43,1,17,3,3,3,3,19,3,3,1,1
4,7,4,7,0.1,2,2,2,2,1,294.79,1,16,3,1,2,2,8,3,3,2,2
4,7,4,8,0.4,3,2,2,2,1,242.4,1,5,3,1,1,3,4,1,3,2,2
4,7,4,9,0.2,1,2,1,1,1,242.43,1,2,3,3,3,3,6,3,1,2,2
4,7,4,10,0.05,2,1,2,2,1,303.38,0,13,1,1,2,2,15,3,3,3,3
4,7,4,11,0.4,1,3,1,2,0,220.93,1,8,3,3,3,3,9,1,3,3,1
4,7,4,12,0.1,1,2,1,1,1,228.16,1,7,3,1,3,1,14,3,3,2,2
4,7,4,13,0.2,1,2,1,1,1,214.24,1,1,3,3,3,3,10,3,1,2,2
4,7,4,14,1.8,3,2,2,2,1,210.98,1,2,1,3,3,1,9,3,1,2,2
4,7,4,15,0.1,3,2,2,2,1,250.65,1,4,3,1,1,3,17,3,1,2,2
4,7,4,16,0.4,2,3,2,2,1,228.35,1,6,3,1,2,2,7,1,3,3,1
4,7,4,17,0.1,3,3,2,2,1,264.22,1,15,3,3,1,1,16,1,3,3,1
4,7,4,18,0.1,2,3,2,2,1,230.08,1,12,1,3,2,2,6,3,3,1,1
4,7,4,19,0.4,2,1,2,2,1,226.35,1,9,1,1,2,2,1,3,1,3,1
4,7,4,20,0.1,2,2,2,2,1,243.53,1,12,1,1,2,2,12,3,3,2,2
4,7,4,21,0.8,3,3,2,2,1,219.31,1,7,1,3,3,1,17,3,3,1,1
4,7,4,22,0.05,1,3,1,1,1,282.82,1,17,3,3,3,3,5,1,3,3,1
4,7,4,23,1.8,1,2,1,2,0,245.14,1,14,3,3,3,3,9,1,1,2,2
4,7,4,24,0.2,3,2,2,2,1,219.51,1,11,1,1,3,3,16,3,3,2,2
4,7,4,25,0.1,3,2,2,1,0,294.43,1,6,1,1,3,3,19,1,1,2,2
4,7,4,26,0.05,1,2,1,1,1,249.24,1,11,1,1,1,1,4,1,1,2,2
4,7,4,27,0.4,3,1,2,2,1,251.24,1,17,3,3,1,1,16,1,3,1,3
4,7,4,28,1.8,1,2,1,1,1,233.49,1,18,1,1,1,1,19,3,3,2,2
4,7,4,29,0.4,3,2,2,2,1,260.57,1,5,3,1,1,3,9,1,1,2,2
4,7,4,30,0.2,1,3,1,1,1,204.24,1,1,1,3,1,3,1,1,1,3,3
4,7,4,31,0.8,1,1,1,1,1,210.48,1,14,1,3,1,3,4,3,1,3,1
4,7,4,32,0.8,2,3,2,2,1,226.9,1,18,3,1,2,2,6,3,3,1,1
4,7,4,33,0.05,2,1,2,1,0,280.67,1,5,1,3,2,2,15,1,1,1,1
4,7,4,34,0.8,3,2,2,2,1,210.67,1,16,3,3,1,1,6,3,1,2,2
4,7,4,35,0.2,3,3,2,2,1,263.23,1,17,3,1,1,3,20,1,1,3,3
4,7,4,36,0.8,2,3,2,2,1,229.59,1,17,1,3,2,2,17,3,3,1,1
4,7,4,37,1.8,3,3,2,2,1,203.99,1,1,3,1,1,3,18,1,1,3,3
4,7,4,38,0.8,1,3,1,1,1,217.99,1,13,1,1,1,1,9,3,1,1,3
4,7,4,39,0.8,3,3,2,2,1,234.99,1,14,1,1,3,3,15,3,1,1,3
4,7,4,40,1.8,3,1,2,2,1,228.41,1,7,3,3,1,1,17,3,1,3,1
4,7,4,41,1.8,3,1,2,2,1,239.86,1,2,3,1,1,3,1,3,1,3,1
4,7,4,42,0.8,1,3,1,2,0,259.48,1,16,1,3,1,3,20,1,3,3,1
4,7,4,43,0.1,2,1,2,2,1,323.91,0,6,3,3,2,2,5,1,3,1,3
4,7,4,44,0.05,3,1,2,2,1,303,0,13,1,1,3,3,9,3,3,3,3
4,7,4,45,0.2,1,2,1,2,0,248.37,1,20,3,3,3,3,6,1,1,2,2
4,7,4,46,0.2,2,3,2,2,1,228.01,1,15,3,3,2,2,1,1,3,3,1
4,7,4,47,0.2,2,2,2,1,0,238.49,1,17,3,1,2,2,7,1,3,2,2
4,7,4,48,0.4,1,2,1,2,0,202.44,1,3,3,1,3,1,13,1,3,2,2
4,7,4,49,0.1,2,1,2,1,0,280.98,1,7,1,3,2,2,1,1,1,1,1
4,7,4,50,0.05,3,1,2,1,0,274.77,1,3,1,3,3,1,6,1,1,1,1
4,7,4,51,1.8,1,3,1,1,1,211.12,1,9,3,1,3,1,8,3,3,1,1
4,7,4,52,0.05,3,2,2,2,1,280.46,1,17,1,3,3,1,20,3,3,2,2
4,7,4,53,0.1,1,3,1,1,1,248.65,1,11,3,1,3,1,15,3,1,1,3
4,7,4,54,0.8,1,3,1,1,1,211.73,1,3,1,3,1,3,4,1,3,3,1
4,7,4,55,1.8,1,1,1,1,1,213.88,1,5,3,1,3,1,13,3,1,3,1
4,7,4,56,0.05,3,2,2,2,1,297.45,1,16,3,3,1,1,14,3,3,2,2
4,7,4,57,0.2,1,2,1,1,1,247.54,1,20,3,1,3,1,13,3,1,2,2
4,7,4,58,0.1,1,1,1,1,1,240.58,1,17,1,3,1,3,19,1,1,1,1
4,7,4,59,1.8,2,1,2,2,1,238.11,1,16,3,1,2,2,3,3,3,3,3
4,7,4,60,1.8,3,3,2,2,1,235.6,1,10,3,3,1,1,1,1,1,3,3
4,7,4,61,0.05,1,1,1,1,1,311.62,0,18,1,1,1,1,9,1,3,1,3
4,7,4,62,0.4,1,3,1,2,0,293.24,1,17,1,3,1,3,8,1,3,3,1
4,7,4,63,0.05,1,2,1,1,1,273.44,1,11,1,3,1,3,6,1,3,2,2
4,7,4,64,1.8,1,1,1,1,1,241.03,1,5,3,3,3,3,12,3,3,3,3
4,7,4,65,0.4,2,2,2,2,1,240.61,1,2,3,3,2,2,2,1,1,2,2
4,7,4,66,0.8,2,1,2,2,1,212.96,1,2,3,3,2,2,6,3,3,3,3
4,7,4,67,0.2,1,1,1,1,1,272.08,1,5,1,1,1,1,20,3,1,3,1
4,7,4,68,0.2,1,3,1,1,1,243.86,1,8,1,1,1,1,16,1,1,3,3
4,7,4,69,0.05,1,1,1,1,1,302.83,0,20,1,3,1,3,10,3,3,3,3
4,7,4,70,0.8,3,1,2,2,1,235,1,7,1,3,3,1,13,1,3,1,3
4,7,4,71,1.8,1,1,1,1,1,254.57,1,11,3,3,3,3,18,3,1,3,1
4,7,4,72,0.05,3,2,2,2,1,321.01,0,6,3,1,1,3,14,3,3,2,2
4,7,4,73,0.2,3,1,2,2,1,260.78,1,2,3,1,1,3,10,3,1,3,1
4,7,4,74,0.05,1,3,1,1,1,334.16,0,9,1,3,1,3,20,3,3,1,1
4,7,4,75,0.8,1,3,1,1,1,192.65,1,13,3,3,3,3,10,1,1,3,3
4,7,4,76,1.8,1,2,1,1,1,211.84,1,10,1,1,1,1,5,3,3,2,2
4,7,4,77,0.4,1,2,1,1,1,246.73,1,1,1,3,1,3,11,1,1,2,2
4,7,4,78,0.1,1,2,1,1,1,280.61,1,20,3,1,3,1,17,3,3,2,2
4,7,5,1,0.4,3,1,2,2,1,226.35,1,15,3,3,1,1,8,3,3,3,3
4,7,5,2,0.8,2,1,2,1,0,215.48,1,8,1,3,2,2,15,1,1,1,1
4,7,5,3,0.8,3,2,2,2,1,201.65,1,5,1,1,3,3,6,3,1,2,2
4,7,5,4,0.4,1,3,1,1,1,208.37,1,2,1,3,1,3,10,1,3,3,1
4,7,5,5,0.8,1,2,NaN,NaN,NaN,NaN,NaN,13,1,1,1,1,17,1,3,2,2
4,7,5,6,0.2,2,3,2,2,1,249.39,1,12,1,3,2,2,6,1,3,3,1
4,7,5,7,0.2,1,3,1,2,0,290.59,1,3,3,3,3,3,7,1,1,3,3
4,7,5,8,0.1,1,2,1,1,1,276.56,1,6,1,3,1,3,19,1,3,2,2
4,7,5,9,0.4,3,3,2,2,1,221.28,1,3,1,1,3,3,13,1,1,3,3
4,7,5,10,0.4,1,2,1,1,1,203.49,1,4,1,3,1,3,17,1,3,2,2
4,7,5,11,0.8,3,3,2,2,1,254.72,1,2,3,1,1,3,5,3,3,1,1
4,7,5,12,0.05,1,1,1,1,1,290.54,1,20,3,3,3,3,16,3,3,3,3
4,7,5,13,0.05,1,3,1,1,1,277.77,1,6,1,1,1,1,15,3,3,1,1
4,7,5,14,0.4,3,3,2,2,1,224.43,1,4,1,1,3,3,20,1,3,3,1
4,7,5,15,1.8,1,2,1,1,1,206.3,1,16,3,1,3,1,14,1,3,2,2
4,7,5,16,0.05,1,1,1,1,1,315.62,0,7,1,1,1,1,4,1,3,1,3
4,7,5,17,0.4,2,2,2,2,1,233.58,1,7,1,3,2,2,9,1,1,2,2
4,7,5,18,0.05,3,3,2,2,1,314.41,0,4,1,1,3,3,14,1,3,3,1
4,7,5,19,0.4,1,3,1,1,1,218.42,1,9,3,1,3,1,16,1,3,3,1
4,7,5,20,0.1,3,2,2,2,1,262.43,1,4,3,3,1,1,1,1,1,2,2
4,7,5,21,0.05,2,1,2,1,0,271.73,1,10,1,1,2,2,20,3,1,3,1
4,7,5,22,0.2,3,3,2,2,1,262.16,1,4,1,1,3,3,18,1,3,3,1
4,7,5,23,0.8,2,2,2,2,1,202.7,1,4,1,3,2,2,13,1,1,2,2
4,7,5,24,1.8,1,3,1,1,1,206.04,1,17,3,1,3,1,4,3,3,1,1
4,7,5,25,0.05,3,2,2,2,1,285.2,1,11,3,1,1,3,15,3,1,2,2
4,7,5,26,0.8,1,1,1,1,1,232.34,1,18,1,1,1,1,9,3,3,3,3
4,7,5,27,1.8,1,3,1,1,1,217.58,1,10,3,1,3,1,6,3,1,1,3
4,7,5,28,0.4,3,1,2,2,1,238.27,1,3,1,3,3,1,2,3,3,3,3
4,7,5,29,0.2,3,2,2,2,1,243.48,1,8,1,3,3,1,20,1,1,2,2
4,7,5,30,0.2,3,1,2,2,1,250.84,1,2,1,1,3,3,6,3,1,3,1
4,7,5,31,0.4,2,3,2,2,1,232.86,1,6,3,1,2,2,18,1,1,3,3
4,7,5,32,0.8,2,1,2,2,1,237.04,1,19,1,3,2,2,10,3,1,3,1
4,7,5,33,1.8,1,2,1,1,1,250.85,1,8,3,3,3,3,8,3,3,2,2
4,7,5,34,0.05,1,2,1,1,1,294.61,1,14,3,1,3,1,14,1,3,2,2
4,7,5,35,0.1,1,3,1,2,0,285.04,1,13,1,3,1,3,14,1,1,3,3
4,7,5,36,0.05,3,1,2,2,1,306.24,0,7,3,1,1,3,2,3,3,3,3
4,7,5,37,1.8,1,1,1,1,1,238.98,1,4,3,3,3,3,8,1,3,1,3
4,7,5,38,0.2,1,1,1,1,1,268.23,1,9,3,1,3,1,3,1,1,1,1
4,7,5,39,1.8,1,1,1,1,1,243.16,1,3,1,1,1,1,13,1,1,1,1
4,7,5,40,0.1,2,3,2,2,1,296.51,1,9,1,1,2,2,14,1,1,3,3
4,7,5,41,0.2,1,1,1,1,1,224.54,1,4,1,1,1,1,9,1,1,1,1
4,7,5,42,0.8,1,2,1,1,1,231.83,1,11,3,3,3,3,1,3,1,2,2
4,7,5,43,0.05,1,1,1,2,0,293.6,1,6,3,3,3,3,18,1,3,1,3
4,7,5,44,0.4,2,2,2,2,1,223.6,1,18,3,1,2,2,16,1,3,2,2
4,7,5,45,1.8,3,3,2,2,1,229.7,1,12,3,3,1,1,16,1,3,3,1
4,7,5,46,0.1,1,2,1,1,1,256.79,1,6,3,1,3,1,14,3,3,2,2
4,7,5,47,0.8,3,2,2,2,1,216.73,1,12,3,3,1,1,4,1,1,2,2
4,7,5,48,0.8,2,1,2,2,1,238.37,1,7,1,3,2,2,20,1,3,1,3
4,7,5,49,0.1,3,3,2,2,1,281.17,1,12,3,3,1,1,6,1,3,3,1
4,7,5,50,0.4,2,2,2,1,0,219.01,1,6,3,1,2,2,14,3,3,2,2
4,7,5,51,0.8,1,1,1,1,1,213.02,1,18,3,1,3,1,6,3,3,3,3
4,7,5,52,0.05,1,1,1,1,1,290.95,1,17,1,3,1,3,17,3,1,3,1
4,7,5,53,0.2,3,2,2,2,1,221.06,1,9,3,1,1,3,4,1,3,2,2
4,7,5,54,1.8,1,2,1,1,1,217.84,1,2,1,1,1,1,1,1,1,2,2
4,7,5,55,0.1,3,2,2,2,1,281.44,1,4,1,3,3,1,2,1,3,2,2
4,7,5,56,0.1,2,2,2,2,1,318.25,0,10,1,3,2,2,11,1,3,2,2
4,7,5,57,0.05,3,2,2,2,1,275.5,1,20,3,3,1,1,20,1,3,2,2
4,7,5,58,0.2,2,2,2,1,0,241.11,1,15,3,3,2,2,10,3,3,2,2
4,7,5,59,0.1,3,2,2,2,1,273.15,1,5,3,3,1,1,13,3,1,2,2
4,7,5,60,0.1,3,2,2,2,1,248.49,1,15,3,3,1,1,17,3,1,2,2
4,7,5,61,0.05,1,1,1,1,1,275.31,1,17,3,1,3,1,11,1,3,1,3
4,7,5,62,1.8,1,3,1,1,1,190.28,1,3,3,1,3,1,18,3,1,1,3
4,7,5,63,1.8,3,3,2,2,1,199.28,1,1,1,1,3,3,3,1,3,3,1
4,7,5,64,0.2,2,2,2,2,1,241.6,1,6,3,1,2,2,16,1,1,2,2
4,7,5,65,0.2,1,1,1,1,1,253.33,1,15,1,1,1,1,10,1,1,1,1
4,7,5,66,0.1,3,2,2,2,1,264.76,1,6,3,1,1,3,15,3,1,2,2
4,7,5,67,0.8,2,1,2,1,0,238.82,1,4,1,3,2,2,9,1,1,1,1
4,7,5,68,0.8,2,1,2,2,1,254.14,1,5,1,1,2,2,5,1,3,1,3
4,7,5,69,0.1,2,3,2,2,1,299.79,1,6,3,3,2,2,1,3,1,1,3
4,7,5,70,1.8,1,3,1,1,1,232.89,1,18,3,1,3,1,10,3,3,1,1
4,7,5,71,0.4,1,3,1,1,1,231.81,1,19,1,1,1,1,20,1,1,3,3
4,7,5,72,0.05,1,1,1,1,1,306.47,0,20,1,3,1,3,18,1,1,1,1
4,7,5,73,0.2,2,1,2,2,1,243.46,1,14,3,1,2,2,1,3,3,3,3
4,7,5,74,0.2,2,2,2,2,1,247.69,1,8,1,3,2,2,9,1,3,2,2
4,7,5,75,1.8,3,2,2,2,1,236.32,1,20,3,3,1,1,18,3,3,2,2
4,7,5,76,0.1,3,3,2,2,1,297.86,1,12,3,1,1,3,2,1,3,3,1
4,7,5,77,1.8,2,1,2,2,1,221.23,1,18,3,1,2,2,18,1,1,1,1
4,7,5,78,0.4,1,2,1,1,1,231.49,1,15,1,1,1,1,5,3,3,2,2
4,7,6,1,0.8,1,3,1,1,1,226.54,1,11,1,1,1,1,10,3,1,1,3
4,7,6,2,0.2,1,1,1,1,1,205.77,1,8,3,3,3,3,8,3,3,3,3
4,7,6,3,0.05,3,1,2,2,1,301.88,0,11,3,1,1,3,4,3,1,3,1
4,7,6,4,0.4,1,3,1,1,1,252.8,1,2,1,1,1,1,19,3,1,1,3
4,7,6,5,0.4,3,1,2,2,1,216.87,1,7,1,3,3,1,15,1,3,1,3
4,7,6,6,0.4,1,1,1,1,1,209.04,1,8,3,1,3,1,18,3,3,3,3
4,7,6,7,1.8,3,2,2,2,1,236.48,1,6,3,3,1,1,18,3,3,2,2
4,7,6,8,0.4,1,3,1,1,1,208.01,1,2,3,3,3,3,10,1,1,3,3
4,7,6,9,1.8,3,2,2,2,1,211.28,1,13,3,3,1,1,11,3,1,2,2
4,7,6,10,0.8,1,3,1,1,1,195.23,1,10,3,1,3,1,10,1,1,3,3
4,7,6,11,0.2,3,2,2,2,1,220.52,1,1,1,1,3,3,3,1,1,2,2
4,7,6,12,0.8,1,2,1,1,1,223.98,1,10,1,1,1,1,10,3,3,2,2
4,7,6,13,1.8,3,3,2,2,1,237.44,1,5,3,1,1,3,18,1,3,3,1
4,7,6,14,0.8,3,3,2,2,1,231.45,1,13,3,3,1,1,15,3,1,1,3
4,7,6,15,1.8,3,2,2,2,1,215.2,1,4,1,3,3,1,18,1,1,2,2
4,7,6,16,0.1,1,3,1,1,1,266.82,1,14,3,3,3,3,13,3,1,1,3
4,7,6,17,0.8,3,1,2,2,1,218.78,1,20,1,1,3,3,5,1,1,1,1
4,7,6,18,0.4,1,1,1,1,1,231.15,1,6,3,1,3,1,15,1,1,1,1
4,7,6,19,0.1,2,1,2,2,1,298.5,1,10,3,3,2,2,17,1,3,1,3
4,7,6,20,0.05,1,2,1,1,1,275.45,1,2,3,1,3,1,4,3,3,2,2
4,7,6,21,0.1,3,1,2,2,1,290.29,1,10,3,3,1,1,1,1,3,1,3
4,7,6,22,0.4,1,3,1,1,1,249.65,1,13,3,1,3,1,17,1,3,3,1
4,7,6,23,0.05,1,3,1,1,1,286.07,1,10,1,1,1,1,16,1,1,3,3
4,7,6,24,0.1,1,3,1,1,1,246.3,1,20,1,3,1,3,9,3,3,1,1
4,7,6,25,0.4,3,3,2,2,1,249.07,1,5,1,1,3,3,10,3,3,1,1
4,7,6,26,0.1,3,3,2,2,1,307.3,0,6,1,3,3,1,10,1,1,3,3
4,7,6,27,0.8,3,3,2,2,1,235.85,1,4,3,3,1,1,20,3,1,1,3
4,7,6,28,0.05,2,1,2,1,0,298.08,1,5,3,1,2,2,17,1,1,1,1
4,7,6,29,0.2,2,3,2,2,1,236.61,1,19,3,3,2,2,19,3,1,1,3
4,7,6,30,0.1,1,3,1,1,1,258.33,1,10,1,1,1,1,12,1,1,3,3
4,7,6,31,0.1,3,1,2,2,1,296.25,1,10,1,1,3,3,4,3,3,3,3
4,7,6,32,0.05,2,2,2,1,0,285.77,1,18,1,3,2,2,20,1,1,2,2
4,7,6,33,0.4,3,1,2,2,1,239.94,1,8,1,3,3,1,19,3,3,3,3
4,7,6,34,0.05,1,1,1,1,1,298.58,1,2,3,3,3,3,11,3,1,3,1
4,7,6,35,0.8,1,3,1,1,1,219.64,1,17,3,1,3,1,19,1,1,3,3
4,7,6,36,1.8,1,2,1,1,1,213.94,1,15,3,1,3,1,5,1,1,2,2
4,7,6,37,0.4,1,3,1,2,0,233.97,1,8,1,3,1,3,16,1,1,3,3
4,7,6,38,0.2,1,1,1,1,1,235.55,1,18,1,3,1,3,13,3,1,3,1
4,7,6,39,0.8,1,3,1,1,1,227.34,1,6,3,3,3,3,20,1,1,3,3
4,7,6,40,0.1,3,2,2,2,1,279.84,1,15,1,3,3,1,12,3,1,2,2
4,7,6,41,0.2,1,2,1,1,1,187.11,1,20,1,3,1,3,7,1,1,2,2
4,7,6,42,1.8,3,1,2,2,1,220.58,1,17,1,3,3,1,18,1,1,1,1
4,7,6,43,1.8,3,2,2,2,1,241.69,1,14,1,3,3,1,19,3,3,2,2
4,7,6,44,0.2,2,1,2,2,1,186.31,1,15,1,1,2,2,4,3,1,3,1
4,7,6,45,0.8,1,3,1,1,1,212.29,1,4,3,3,3,3,19,1,3,3,1
4,7,6,46,0.1,1,3,1,1,1,242.83,1,4,3,1,3,1,14,1,3,3,1
4,7,6,47,0.2,3,1,2,2,1,283.31,1,10,3,3,1,1,11,1,1,1,1
4,7,6,48,0.2,3,1,2,2,1,267.37,1,8,1,1,3,3,5,1,3,1,3
4,7,6,49,0.05,2,2,2,1,0,250.01,1,1,1,3,2,2,20,3,3,2,2
4,7,6,50,1.8,2,2,2,2,1,217.64,1,7,1,3,2,2,8,1,3,2,2
4,7,6,51,0.4,1,1,1,1,1,236.37,1,8,3,3,3,3,19,1,1,1,1
4,7,6,52,0.05,1,3,1,1,1,263.45,1,13,1,1,1,1,7,3,3,1,1
4,7,6,53,0.8,1,2,1,1,1,214.05,1,19,1,3,1,3,19,3,3,2,2
4,7,6,54,0.2,1,3,1,1,1,227.16,1,12,1,1,1,1,19,1,1,3,3
4,7,6,55,0.05,1,3,1,1,1,325.91,0,5,1,3,1,3,3,3,3,1,1
4,7,6,56,0.8,1,3,1,1,1,220.62,1,14,1,1,1,1,15,3,1,1,3
4,7,6,57,0.1,2,2,2,2,1,307.44,0,10,1,3,2,2,15,1,3,2,2
4,7,6,58,0.4,3,3,2,2,1,201.12,1,12,1,3,3,1,10,1,3,3,1
4,7,6,59,0.1,1,2,1,1,1,244.34,1,15,3,1,3,1,14,1,3,2,2
4,7,6,60,0.8,3,2,2,2,1,271.03,1,15,1,1,3,3,19,3,1,2,2
4,7,6,61,0.2,3,1,2,2,1,252.34,1,17,3,1,1,3,3,3,3,3,3
4,7,6,62,0.05,1,2,1,1,1,264.24,1,13,1,1,1,1,6,3,1,2,2
4,7,6,63,0.2,1,3,1,1,1,196.24,1,9,3,1,3,1,17,3,1,1,3
4,7,6,64,0.8,1,3,1,1,1,222.51,1,11,3,1,3,1,12,1,3,3,1
4,7,6,65,1.8,1,1,1,2,0,212.59,1,18,3,1,3,1,8,3,1,3,1
4,7,6,66,0.2,3,3,2,2,1,243.74,1,2,3,3,1,1,12,3,1,1,3
4,7,6,67,1.8,1,1,1,1,1,242.02,1,1,3,1,3,1,8,3,3,3,3
4,7,6,68,1.8,2,1,2,2,1,194.07,1,4,1,1,2,2,12,1,1,1,1
4,7,6,69,0.05,3,2,2,2,1,329.46,0,18,1,3,3,1,13,3,1,2,2
4,7,6,70,1.8,1,3,1,1,1,228.15,1,9,1,3,1,3,13,3,1,1,3
4,7,6,71,0.1,3,2,2,2,1,231.6,1,16,1,3,3,1,6,1,1,2,2
4,7,6,72,0.1,2,3,2,1,0,208.85,1,1,3,1,2,2,20,1,3,3,1
4,7,6,73,0.4,1,3,1,1,1,226.29,1,18,1,3,1,3,9,1,3,3,1
4,7,6,74,1.8,2,1,2,1,0,208.18,1,12,1,3,2,2,4,3,3,3,3
4,7,6,75,0.2,1,3,1,1,1,245.9,1,17,1,3,1,3,14,1,3,3,1
4,7,6,76,0.4,2,3,2,2,1,265.86,1,4,3,1,2,2,8,3,1,1,3
4,7,6,77,0.05,1,1,1,1,1,262.74,1,15,3,1,3,1,19,1,1,1,1
4,7,6,78,0.05,1,1,1,1,1,276.82,1,16,1,1,1,1,20,1,3,1,3
4,7,7,1,0.8,2,3,2,2,1,221.03,1,10,3,1,2,2,16,1,1,3,3
4,7,7,2,0.8,1,1,NaN,NaN,NaN,NaN,NaN,8,1,3,1,3,9,1,3,1,3
4,7,7,3,0.05,3,2,2,2,1,398.83,0,9,1,1,3,3,6,1,3,2,2
4,7,7,4,0.4,1,3,1,1,1,268.33,1,8,1,1,1,1,9,1,3,3,1
4,7,7,5,1.8,2,1,2,1,0,232.51,1,10,3,3,2,2,6,3,3,3,3
4,7,7,6,0.4,3,3,2,2,1,239.99,1,9,3,1,1,3,6,3,3,1,1
4,7,7,7,0.1,3,2,2,2,1,284.53,1,20,3,3,1,1,15,1,3,2,2
4,7,7,8,0.4,1,2,1,1,1,271.07,1,5,3,3,3,3,15,1,1,2,2
4,7,7,9,0.2,2,3,2,1,0,255.32,1,17,1,1,2,2,18,3,1,1,3
4,7,7,10,0.8,1,2,1,1,1,226.27,1,8,1,3,1,3,6,3,1,2,2
4,7,7,11,0.2,1,1,1,1,1,259.2,1,20,3,1,3,1,12,1,3,1,3
4,7,7,12,0.1,1,1,1,1,1,279.72,1,11,1,1,1,1,1,1,3,1,3
4,7,7,13,0.1,3,1,2,2,1,295.08,1,8,3,1,1,3,14,3,3,3,3
4,7,7,14,1.8,3,1,2,2,1,250.03,1,15,3,3,1,1,19,3,1,3,1
4,7,7,15,0.1,1,2,1,2,0,310.02,0,8,3,3,3,3,19,1,1,2,2
4,7,7,16,0.8,2,2,2,2,1,262.75,1,8,3,3,2,2,11,3,1,2,2
4,7,7,17,0.2,1,2,1,2,0,259.33,1,16,1,3,1,3,19,3,3,2,2
4,7,7,18,1.8,1,1,1,1,1,251.81,1,12,3,3,3,3,13,3,3,3,3
4,7,7,19,0.2,1,2,1,1,1,210.76,1,19,3,3,3,3,20,1,1,2,2
4,7,7,20,0.05,1,1,1,1,1,274.05,1,3,1,3,1,3,12,3,3,3,3
4,7,7,21,0.1,3,3,2,2,1,448.92,0,14,1,1,3,3,6,1,1,3,3
4,7,7,22,0.1,1,1,1,1,1,231.67,1,10,1,3,1,3,13,3,1,3,1
4,7,7,23,0.1,1,2,1,1,1,250.44,1,15,1,1,1,1,5,1,3,2,2
4,7,7,24,0.8,3,3,2,2,1,255.89,1,18,3,1,1,3,13,1,3,3,1
4,7,7,25,0.8,2,3,2,2,1,216.53,1,7,1,1,2,2,10,1,1,3,3
4,7,7,26,0.1,1,3,1,1,1,219.5,1,6,3,3,3,3,2,1,1,3,3
4,7,7,27,0.8,1,1,1,1,1,222.31,1,12,1,1,1,1,4,1,1,1,1
4,7,7,28,0.4,3,2,2,2,1,223.64,1,15,3,1,1,3,17,3,3,2,2
4,7,7,29,0.2,3,1,2,2,1,252.79,1,17,1,1,3,3,1,3,1,3,1
4,7,7,30,0.1,1,3,1,1,1,262.26,1,18,3,1,3,1,20,1,1,3,3
4,7,7,31,1.8,1,1,1,1,1,309.46,0,2,3,1,3,1,1,3,3,3,3
4,7,7,32,1.8,2,2,2,2,1,232.84,1,8,1,1,2,2,12,3,3,2,2
4,7,7,33,0.2,2,3,2,1,0,276.85,1,8,1,1,2,2,8,3,3,1,1
4,7,7,34,0.4,1,2,1,1,1,245.38,1,12,3,1,3,1,19,3,3,2,2
4,7,7,35,0.05,3,2,2,2,1,307.83,0,4,3,1,1,3,9,3,1,2,2
4,7,7,36,0.2,3,3,2,2,1,253.74,1,11,3,1,1,3,11,1,3,3,1
4,7,7,37,0.4,1,3,1,2,0,253.22,1,4,3,1,3,1,8,3,1,1,3
4,7,7,38,0.05,1,1,1,1,1,268.78,1,15,1,1,1,1,16,3,1,3,1
4,7,7,39,0.1,1,3,1,1,1,214.32,1,2,3,1,3,1,20,1,1,3,3
4,7,7,40,0.8,2,2,2,2,1,214.83,1,12,1,3,2,2,5,3,3,2,2
4,7,7,41,1.8,3,2,2,2,1,223.6,1,1,3,1,1,3,6,1,1,2,2
4,7,7,42,0.2,1,2,1,1,1,183.84,1,2,1,1,1,1,19,3,1,2,2
4,7,7,43,0.4,1,2,1,1,1,233.2,1,18,1,3,1,3,1,1,1,2,2
4,7,7,44,1.8,1,3,1,1,1,218.98,1,15,3,3,3,3,8,1,3,3,1
4,7,7,45,0.4,2,3,2,2,1,254.07,1,8,3,1,2,2,1,1,1,3,3
4,7,7,46,0.1,2,1,2,2,1,295.41,1,8,3,3,2,2,14,3,3,3,3
4,7,7,47,0.05,1,2,1,1,1,300.85,0,4,1,1,1,1,12,1,3,2,2
4,7,7,48,0.8,1,1,1,1,1,221.27,1,7,3,3,3,3,9,1,3,1,3
4,7,7,49,1.8,2,2,2,2,1,201.47,1,19,3,1,2,2,3,3,1,2,2
4,7,7,50,0.05,1,1,1,1,1,290.37,1,3,3,1,3,1,6,1,3,1,3
4,7,7,51,0.2,1,1,1,1,1,245.74,1,13,3,1,3,1,20,3,3,3,3
4,7,7,52,1.8,1,3,1,1,1,228.57,1,7,3,1,3,1,1,1,3,3,1
4,7,7,53,0.2,3,1,2,2,1,224.16,1,12,3,1,1,3,18,3,3,3,3
4,7,7,54,1.8,3,3,2,2,1,220.17,1,7,1,3,3,1,12,1,3,3,1
4,7,7,55,0.8,1,3,1,1,1,236.03,1,19,3,3,3,3,6,3,1,1,3
4,7,7,56,0.2,1,3,1,1,1,247.77,1,4,1,3,1,3,5,1,1,3,3
4,7,7,57,0.2,3,1,2,2,1,265.18,1,1,3,3,1,1,7,3,1,3,1
4,7,7,58,0.8,1,2,1,1,1,205.88,1,10,1,1,1,1,3,3,3,2,2
4,7,7,59,0.4,1,3,1,2,0,268.68,1,18,1,3,1,3,10,3,1,1,3
4,7,7,60,0.05,1,3,1,1,1,243.34,1,8,1,1,1,1,18,1,3,3,1
4,7,7,61,0.05,3,3,2,1,0,301.8,0,4,1,3,3,1,10,3,1,1,3
4,7,7,62,0.4,2,3,2,2,1,229.02,1,18,3,1,2,2,11,3,3,1,1
4,7,7,63,1.8,2,3,2,2,1,202.85,1,8,3,3,2,2,7,3,3,1,1
4,7,7,64,0.4,3,1,2,2,1,251.39,1,10,1,1,3,3,13,1,1,1,1
4,7,7,65,0.4,1,2,1,1,1,220.12,1,16,3,1,3,1,5,3,3,2,2
4,7,7,66,0.1,1,2,1,1,1,246.46,1,11,3,1,3,1,4,1,3,2,2
4,7,7,67,0.2,3,1,2,2,1,232.68,1,7,3,3,1,1,6,1,1,1,1
4,7,7,68,0.05,1,2,1,1,1,210.97,1,1,3,3,3,3,15,3,1,2,2
4,7,7,69,0.05,1,3,1,1,1,333.19,0,18,1,3,1,3,12,1,1,3,3
4,7,7,70,0.4,1,2,1,1,1,251.22,1,7,3,1,3,1,3,3,3,2,2
4,7,7,71,0.1,1,2,1,1,1,258.93,1,7,3,3,3,3,5,1,1,2,2
4,7,7,72,0.05,1,1,1,1,1,279.71,1,10,3,1,3,1,3,3,3,3,3
4,7,7,73,0.05,1,3,1,1,1,228.77,1,4,3,3,3,3,2,3,3,1,1
4,7,7,74,0.8,1,2,1,1,1,250.71,1,9,1,1,1,1,16,1,3,2,2
4,7,7,75,1.8,3,1,2,2,1,242.57,1,9,1,3,3,1,11,3,1,3,1
4,7,7,76,0.8,1,1,1,1,1,233.73,1,18,1,1,1,1,18,3,1,3,1
4,7,7,77,1.8,2,1,2,2,1,262.82,1,2,3,3,2,2,6,3,3,3,3
4,7,7,78,0.05,3,3,2,2,1,376.01,0,10,3,3,1,1,17,1,3,3,1
4,7,8,1,0.8,1,1,1,1,1,247.62,1,19,1,1,1,1,16,3,3,3,3
4,7,8,2,0.8,2,3,2,2,1,172.82,1,7,3,1,2,2,6,3,1,1,3
4,7,8,3,1.8,1,3,1,1,1,219.95,1,14,1,3,1,3,6,3,3,1,1
4,7,8,4,0.05,2,2,2,1,0,282.26,1,16,1,1,2,2,5,1,1,2,2
4,7,8,5,0.4,3,2,2,2,1,235.1,1,18,1,3,3,1,13,3,1,2,2
4,7,8,6,1.8,3,3,2,2,1,216.26,1,11,1,3,3,1,12,1,3,3,1
4,7,8,7,0.2,2,1,2,2,1,246.66,1,6,1,3,2,2,2,3,1,3,1
4,7,8,8,0.2,1,3,1,1,1,215.51,1,9,3,3,3,3,20,1,1,3,3
4,7,8,9,1.8,3,3,2,2,1,222.89,1,9,1,1,3,3,1,1,3,3,1
4,7,8,10,0.1,3,2,2,2,1,264.35,1,13,3,3,1,1,8,1,1,2,2
4,7,8,11,0.05,2,1,2,1,0,259.82,1,3,1,3,2,2,15,1,3,1,3
4,7,8,12,1.8,2,1,2,1,0,238.02,1,1,3,3,2,2,10,3,3,3,3
4,7,8,13,0.05,3,3,2,2,1,303.84,0,4,3,3,1,1,5,1,3,3,1
4,7,8,14,0.4,3,2,2,2,1,237.75,1,12,1,1,3,3,10,3,1,2,2
4,7,8,15,0.05,1,1,1,1,1,298.59,1,9,1,1,1,1,16,1,1,1,1
4,7,8,16,0.2,1,3,1,1,1,427.06,0,20,3,1,3,1,16,3,1,1,3
4,7,8,17,0.1,3,2,2,2,1,199.33,1,11,1,1,3,3,8,3,1,2,2
4,7,8,18,0.2,1,1,1,1,1,201.16,1,6,1,1,1,1,1,1,1,1,1
4,7,8,19,1.8,3,2,2,2,1,256.96,1,16,1,1,3,3,14,1,3,2,2
4,7,8,20,0.1,1,2,1,1,1,236.77,1,1,1,3,1,3,2,3,1,2,2
4,7,8,21,0.8,3,2,2,2,1,407.38,0,7,3,3,1,1,14,3,3,2,2
4,7,8,22,0.2,3,1,2,2,1,231.28,1,16,1,3,3,1,11,1,1,1,1
4,7,8,23,1.8,3,1,2,2,1,205.33,1,10,3,1,1,3,4,1,3,1,3
4,7,8,24,0.8,1,3,NaN,NaN,NaN,NaN,NaN,13,1,1,1,1,9,1,1,3,3
4,7,8,25,0.4,2,1,2,2,1,209.53,1,13,1,3,2,2,14,3,1,3,1
4,7,8,26,0.8,1,2,1,1,1,231.87,1,5,3,1,3,1,13,3,3,2,2
4,7,8,27,1.8,2,3,2,2,1,210.07,1,17,1,3,2,2,12,3,3,1,1
4,7,8,28,0.05,1,3,1,2,0,380.38,0,1,1,1,1,1,2,3,3,1,1
4,7,8,29,0.2,3,1,2,2,1,189.9,1,14,1,3,3,1,2,3,3,3,3
4,7,8,30,0.8,1,1,1,1,1,228.37,1,7,3,1,3,1,12,3,3,3,3
4,7,8,31,0.4,3,1,2,2,1,237.84,1,3,3,1,1,3,19,1,1,1,1
4,7,8,32,0.4,3,1,2,2,1,210.66,1,7,1,3,3,1,2,3,3,3,3
4,7,8,33,0.8,3,1,2,2,1,238.58,1,12,1,1,3,3,9,1,1,1,1
4,7,8,34,0.8,3,2,2,2,1,249.1,1,2,3,1,1,3,7,3,1,2,2
4,7,8,35,0.1,2,1,2,2,1,294.72,1,6,3,3,2,2,15,1,1,1,1
4,7,8,36,1.8,1,2,NaN,NaN,NaN,NaN,NaN,7,1,3,1,3,6,1,1,2,2
4,7,8,37,0.1,1,3,1,1,1,317.03,0,3,3,1,3,1,17,1,3,3,1
4,7,8,38,0.4,1,3,1,1,1,275.95,1,15,3,1,3,1,9,3,3,1,1
4,7,8,39,0.2,3,3,2,2,1,218.9,1,2,1,3,3,1,1,3,1,1,3
4,7,8,40,0.05,1,3,1,1,1,266.67,1,5,1,3,1,3,13,3,1,1,3
4,7,8,41,0.05,3,3,2,1,0,303.19,0,17,1,1,3,3,4,1,1,3,3
4,7,8,42,0.1,3,3,2,2,1,285.19,1,14,3,3,1,1,12,1,1,3,3
4,7,8,43,0.4,1,1,1,1,1,179.92,1,8,3,1,3,1,16,1,1,1,1
4,7,8,44,0.1,2,3,2,1,0,287.89,1,8,1,1,2,2,13,1,1,3,3
4,7,8,45,1.8,1,2,1,1,1,214.22,1,3,1,1,1,1,20,1,3,2,2
4,7,8,46,0.8,3,3,2,2,1,253.79,1,20,3,3,1,1,17,3,1,1,3
4,7,8,47,0.2,3,2,2,2,1,265.35,1,5,1,1,3,3,18,1,1,2,2
4,7,8,48,0.4,1,3,1,1,1,140.33,1,4,1,1,1,1,16,1,1,3,3
4,7,8,49,0.05,2,1,2,1,0,300.03,0,16,1,1,2,2,18,1,1,1,1
4,7,8,50,0.05,2,2,2,2,1,383.12,0,15,1,3,2,2,17,1,3,2,2
4,7,8,51,1.8,3,3,2,2,1,262.15,1,6,1,3,3,1,2,3,3,1,1
4,7,8,52,1.8,3,3,2,2,1,221.28,1,13,3,1,1,3,11,1,1,3,3
4,7,8,53,0.8,2,2,2,2,1,255.2,1,13,3,1,2,2,5,3,3,2,2
4,7,8,54,0.4,2,2,2,2,1,214,1,4,3,3,2,2,10,1,3,2,2
4,7,8,55,1.8,1,2,1,1,1,223.96,1,4,3,3,3,3,10,1,1,2,2
4,7,8,56,0.2,2,1,2,2,1,226.06,1,3,1,3,2,2,20,3,3,3,3
4,7,8,57,1.8,3,1,2,2,1,233.71,1,17,1,1,3,3,5,3,3,3,3
4,7,8,58,0.1,1,2,1,1,1,283.85,1,18,3,1,3,1,16,3,3,2,2
4,7,8,59,0.4,3,2,2,1,0,258.96,1,3,3,1,1,3,12,3,1,2,2
4,7,8,60,0.4,1,2,1,2,0,257.54,1,12,1,1,1,1,2,1,1,2,2
4,7,8,61,0.05,1,3,1,1,1,297.62,1,16,1,1,1,1,5,3,1,1,3
4,7,8,62,0.8,1,1,1,1,1,205.01,1,16,3,1,3,1,20,1,1,1,1
4,7,8,63,0.05,1,3,1,1,1,282.43,1,18,1,1,1,1,7,1,1,3,3
4,7,8,64,0.05,1,2,1,1,1,263.6,1,10,1,3,1,3,11,3,1,2,2
4,7,8,65,0.1,1,2,1,2,0,495.92,0,17,1,3,1,3,7,1,3,2,2
4,7,8,66,0.8,2,1,2,2,1,232.51,1,18,3,3,2,2,6,3,3,3,3
4,7,8,67,0.2,3,3,2,2,1,266.66,1,13,1,3,3,1,7,3,3,1,1
4,7,8,68,0.8,1,1,1,1,1,273.62,1,13,3,3,3,3,10,3,1,3,1
4,7,8,69,0.4,1,3,1,1,1,243.25,1,18,1,1,1,1,9,3,1,1,3
4,7,8,70,0.2,1,1,1,1,1,217.18,1,2,3,3,3,3,18,1,3,1,3
4,7,8,71,0.05,1,1,1,1,1,314.69,0,17,3,1,3,1,5,3,3,3,3
4,7,8,72,0.1,1,1,1,1,1,279.07,1,10,1,1,1,1,6,1,1,1,1
4,7,8,73,0.4,2,1,2,2,1,208.51,1,5,3,3,2,2,7,3,3,3,3
4,7,8,74,0.1,2,1,2,1,0,283.89,1,9,3,1,2,2,3,3,3,3,3
4,7,8,75,0.2,2,2,2,1,0,276.29,1,4,3,3,2,2,12,3,3,2,2
4,7,8,76,0.1,2,3,2,1,0,264.45,1,18,3,1,2,2,14,1,1,3,3
4,7,8,77,0.1,2,3,2,2,1,250.5,1,3,1,1,2,2,16,1,1,3,3
4,7,8,78,0.2,1,3,1,1,1,198.65,1,18,1,1,1,1,4,3,3,1,1
4,7,9,1,0.05,2,3,2,2,1,279.82,1,19,3,3,2,2,10,1,1,3,3
4,7,9,2,0.05,3,2,2,2,1,255.52,1,19,3,1,1,3,1,1,1,2,2
4,7,9,3,0.2,1,1,1,1,1,193.34,1,3,3,1,3,1,4,3,1,3,1
4,7,9,4,0.05,1,1,1,1,1,209.96,1,20,1,3,1,3,20,3,3,3,3
4,7,9,5,1.8,1,1,1,1,1,193.67,1,8,3,3,3,3,11,3,3,3,3
4,7,9,6,0.4,1,1,1,1,1,205.54,1,3,1,3,1,3,19,3,1,3,1
4,7,9,7,0.8,1,2,1,1,1,228.39,1,15,3,1,3,1,17,3,1,2,2
4,7,9,8,1.8,2,3,2,2,1,238.24,1,3,3,3,2,2,4,3,1,1,3
4,7,9,9,0.8,2,1,2,2,1,254.75,1,18,1,1,2,2,16,3,3,3,3
4,7,9,10,0.2,1,3,1,1,1,245.75,1,16,1,1,1,1,11,3,1,1,3
4,7,9,11,0.4,3,2,2,2,1,410.34,0,5,3,1,1,3,16,1,3,2,2
4,7,9,12,0.8,2,2,2,2,1,208.97,1,4,3,1,2,2,15,3,1,2,2
4,7,9,13,0.05,1,1,1,1,1,261.72,1,9,3,1,3,1,3,1,1,1,1
4,7,9,14,0.4,2,3,2,2,1,228.89,1,16,3,1,2,2,9,1,3,3,1
4,7,9,15,0.2,1,2,1,1,1,189.84,1,16,3,1,3,1,6,1,1,2,2
4,7,9,16,0.2,3,2,2,2,1,272.91,1,2,3,1,1,3,1,3,1,2,2
4,7,9,17,0.2,2,2,2,2,1,274.42,1,19,3,3,2,2,12,3,1,2,2
4,7,9,18,0.1,1,3,1,1,1,270.21,1,15,1,1,1,1,10,1,1,3,3
4,7,9,19,0.05,2,1,2,1,0,254.86,1,4,1,3,2,2,15,3,3,3,3
4,7,9,20,0.1,1,1,1,1,1,235.52,1,16,3,3,3,3,8,1,1,1,1
4,7,9,21,0.05,3,2,2,2,1,351.65,0,16,1,3,3,1,1,3,3,2,2
4,7,9,22,1.8,3,2,2,2,1,210.75,1,20,3,1,1,3,3,3,1,2,2
4,7,9,23,1.8,1,2,1,1,1,256.39,1,1,3,3,3,3,2,1,3,2,2
4,7,9,24,0.8,2,1,2,2,1,242.99,1,3,3,3,2,2,16,3,1,3,1
4,7,9,25,0.1,1,2,1,1,1,262.89,1,17,1,3,1,3,19,1,3,2,2
4,7,9,26,1.8,1,1,1,1,1,234.57,1,7,1,3,1,3,14,1,1,1,1
4,7,9,27,0.8,3,3,2,2,1,228.37,1,4,3,3,1,1,4,3,3,1,1
4,7,9,28,0.1,3,3,2,2,1,275.57,1,15,1,1,3,3,11,1,3,3,1
4,7,9,29,0.4,1,1,1,1,1,244.34,1,15,1,1,1,1,7,1,3,1,3
4,7,9,30,0.4,1,1,1,1,1,280.48,1,8,3,3,3,3,19,1,3,1,3
4,7,9,31,0.05,3,2,2,2,1,351.24,0,10,1,3,3,1,15,3,1,2,2
4,7,9,32,0.2,1,2,1,1,1,215.86,1,7,3,1,3,1,13,1,1,2,2
4,7,9,33,0.8,1,1,1,1,1,229.42,1,15,3,3,3,3,4,3,3,3,3
4,7,9,34,0.05,1,2,1,1,1,295.68,1,9,1,3,1,3,20,3,1,2,2
4,7,9,35,1.8,2,1,2,1,0,212.65,1,20,3,1,2,2,3,3,3,3,3
4,7,9,36,0.4,1,1,1,1,1,234.25,1,2,1,3,1,3,5,1,1,1,1
4,7,9,37,0.8,3,1,2,2,1,243.19,1,4,3,3,1,1,10,1,3,1,3
4,7,9,38,0.1,1,3,1,1,1,249.95,1,11,3,1,3,1,7,1,1,3,3
4,7,9,39,0.1,1,2,1,1,1,290.06,1,9,1,1,1,1,1,1,3,2,2
4,7,9,40,0.8,3,3,2,2,1,273.5,1,11,3,3,1,1,18,3,1,1,3
4,7,9,41,0.4,3,2,2,2,1,222.62,1,11,3,3,1,1,17,3,1,2,2
4,7,9,42,0.4,1,2,1,1,1,271.87,1,16,3,1,3,1,19,1,1,2,2
4,7,9,43,0.1,1,3,1,1,1,277.93,1,2,3,1,3,1,14,3,1,1,3
4,7,9,44,0.8,1,2,1,1,1,244.77,1,12,1,3,1,3,12,1,3,2,2
4,7,9,45,1.8,1,2,1,1,1,251.48,1,11,1,3,1,3,16,1,3,2,2
4,7,9,46,0.05,1,2,1,1,1,318.42,0,6,3,1,3,1,6,1,1,2,2
4,7,9,47,0.2,1,3,1,2,0,246.33,1,20,3,1,3,1,6,3,3,1,1
4,7,9,48,0.4,1,3,1,1,1,201.41,1,5,1,3,1,3,11,1,1,3,3
4,7,9,49,0.05,2,3,2,1,0,285.48,1,13,3,1,2,2,16,3,3,1,1
4,7,9,50,0.2,1,2,1,1,1,192.39,1,2,1,1,1,1,11,3,3,2,2
4,7,9,51,0.8,1,1,1,1,1,242.88,1,18,1,3,1,3,20,1,1,1,1
4,7,9,52,1.8,1,1,1,1,1,212.31,1,7,1,3,1,3,13,1,1,1,1
4,7,9,53,0.8,3,3,2,2,1,220.51,1,3,1,3,3,1,9,3,3,1,1
4,7,9,54,1.8,1,3,1,1,1,234.22,1,10,1,3,1,3,5,3,3,1,1
4,7,9,55,1.8,3,2,2,2,1,220.14,1,12,3,3,1,1,6,3,3,2,2
4,7,9,56,0.1,1,2,1,1,1,288.1,1,19,3,1,3,1,3,1,3,2,2
4,7,9,57,0.1,1,3,1,1,1,255.78,1,1,3,3,3,3,15,1,3,3,1
4,7,9,58,1.8,2,3,2,2,1,208.32,1,8,1,3,2,2,1,3,1,1,3
4,7,9,59,0.8,1,3,1,1,1,246.44,1,11,3,1,3,1,12,1,1,3,3
4,7,9,60,0.1,2,1,2,1,0,263.4,1,20,1,3,2,2,15,1,1,1,1
4,7,9,61,0.4,1,3,1,1,1,283.94,1,16,1,3,1,3,8,3,1,1,3
4,7,9,62,0.4,1,3,1,1,1,264.14,1,20,3,3,3,3,17,3,3,1,1
4,7,9,63,0.2,1,1,1,1,1,258.22,1,19,3,3,3,3,13,1,1,1,1
4,7,9,64,0.4,2,2,2,2,1,239.78,1,13,3,3,2,2,3,1,1,2,2
4,7,9,65,0.2,3,2,2,2,1,238.7,1,19,3,3,1,1,2,1,1,2,2
4,7,9,66,0.05,1,1,1,1,1,260.07,1,16,1,1,1,1,13,3,3,3,3
4,7,9,67,1.8,1,2,1,2,0,225.52,1,19,3,1,3,1,10,1,3,2,2
4,7,9,68,0.2,1,2,1,1,1,197.14,1,1,3,1,3,1,10,1,3,2,2
4,7,9,69,0.4,3,3,2,2,1,230.45,1,7,3,3,1,1,19,1,1,3,3
4,7,9,70,0.8,3,1,2,2,1,200.22,1,13,1,1,3,3,14,1,3,1,3
4,7,9,71,0.1,1,3,1,1,1,267.82,1,18,1,1,1,1,15,1,1,3,3
4,7,9,72,1.8,1,3,1,1,1,227.49,1,18,1,1,1,1,10,3,3,1,1
4,7,9,73,0.05,1,2,1,2,0,343.16,0,14,1,3,1,3,8,3,1,2,2
4,7,9,74,0.2,3,1,2,2,1,261.24,1,20,3,1,1,3,16,3,1,3,1
4,7,9,75,0.1,3,3,2,2,1,257.81,1,6,3,1,1,3,18,3,1,1,3
4,7,9,76,0.1,3,2,2,2,1,237.01,1,19,1,3,3,1,10,3,1,2,2
4,7,9,77,0.05,1,1,1,1,1,276.98,1,7,3,1,3,1,5,1,3,1,3
4,7,9,78,0.2,1,3,1,1,1,227.56,1,12,3,3,3,3,20,3,1,1,3
4,7,10,1,1.8,1,1,1,2,0,361.95,0,18,1,1,1,1,11,1,3,1,3
4,7,10,2,1.8,2,2,2,2,1,228.76,1,14,1,3,2,2,14,1,3,2,2
4,7,10,3,0.4,1,1,1,1,1,211.52,1,2,1,3,1,3,12,3,3,3,3
4,7,10,4,0.8,3,2,2,2,1,212.68,1,2,1,1,3,3,15,3,1,2,2
4,7,10,5,0.05,3,1,2,2,1,275.14,1,2,1,3,3,1,15,1,3,1,3
4,7,10,6,0.2,1,1,1,1,1,238.82,1,6,1,3,1,3,14,3,1,3,1
4,7,10,7,0.2,3,3,2,2,1,232.95,1,13,3,1,1,3,20,1,3,3,1
4,7,10,8,0.2,1,1,1,1,1,177.87,1,20,3,3,3,3,10,3,3,3,3
4,7,10,9,0.2,1,3,1,1,1,278.89,1,15,3,3,3,3,8,1,1,3,3
4,7,10,10,0.1,3,3,2,2,1,265.21,1,8,3,1,1,3,1,1,1,3,3
4,7,10,11,0.8,1,2,1,1,1,250.2,1,6,3,1,3,1,16,1,1,2,2
4,7,10,12,0.1,3,1,2,2,1,273.31,1,12,3,3,1,1,8,1,1,1,1
4,7,10,13,0.2,1,3,1,1,1,199.32,1,12,1,1,1,1,11,3,1,1,3
4,7,10,14,0.4,3,3,2,2,1,239.35,1,17,1,3,3,1,12,1,1,3,3
4,7,10,15,0.8,2,3,2,2,1,225.36,1,12,3,3,2,2,15,1,3,3,1
4,7,10,16,0.4,3,3,2,2,1,273.57,1,11,1,3,3,1,16,3,3,1,1
4,7,10,17,0.05,3,2,2,2,1,298.61,1,15,1,3,3,1,9,3,3,2,2
4,7,10,18,0.8,1,1,1,2,0,261.83,1,14,3,3,3,3,3,1,3,1,3
4,7,10,19,0.2,1,3,1,1,1,242.91,1,20,1,3,1,3,9,1,1,3,3
4,7,10,20,0.8,3,1,2,2,1,188,1,8,3,1,1,3,10,1,3,1,3
4,7,10,21,0.05,1,2,1,1,1,276.8,1,16,3,3,3,3,18,3,1,2,2
4,7,10,22,0.4,3,2,2,2,1,213.41,1,3,1,1,3,3,14,3,3,2,2
4,7,10,23,1.8,1,3,1,2,0,201.44,1,5,3,3,3,3,19,1,3,3,1
4,7,10,24,0.05,1,3,1,1,1,265.4,1,9,3,1,3,1,16,1,3,3,1
4,7,10,25,0.2,3,3,2,2,1,181.19,1,16,3,1,1,3,18,3,3,1,1
4,7,10,26,1.8,1,2,1,1,1,234.42,1,3,1,3,1,3,1,1,1,2,2
4,7,10,27,0.1,1,3,1,1,1,233.2,1,8,3,1,3,1,19,3,3,1,1
4,7,10,28,0.05,1,2,1,1,1,260.72,1,7,3,1,3,1,2,1,1,2,2
4,7,10,29,1.8,2,1,2,2,1,198.7,1,6,1,1,2,2,13,1,3,1,3
4,7,10,30,0.05,1,1,1,1,1,266.88,1,17,1,3,1,3,19,1,1,1,1
4,7,10,31,0.4,3,3,2,2,1,231.68,1,9,1,1,3,3,7,1,3,3,1
4,7,10,32,0.1,3,2,2,2,1,288.69,1,19,1,1,3,3,20,3,1,2,2
4,7,10,33,1.8,1,1,NaN,NaN,NaN,NaN,NaN,19,3,1,3,1,18,3,3,3,3
4,7,10,34,0.8,1,3,1,1,1,242.01,1,14,3,1,3,1,4,3,1,1,3
4,7,10,35,0.8,1,2,1,1,1,218.29,1,19,1,3,1,3,16,3,1,2,2
4,7,10,36,1.8,2,2,2,2,1,238.73,1,3,1,1,2,2,13,1,3,2,2
4,7,10,37,0.1,1,3,1,1,1,255.39,1,11,1,3,1,3,19,3,1,1,3
4,7,10,38,0.2,2,3,2,1,0,276.53,1,2,3,1,2,2,2,3,1,1,3
4,7,10,39,0.8,1,1,1,1,1,254.06,1,1,3,1,3,1,14,3,1,3,1
4,7,10,40,0.1,3,1,2,1,0,285.17,1,12,1,1,3,3,16,3,3,3,3
4,7,10,41,0.1,1,3,1,1,1,266.09,1,8,1,3,1,3,8,1,1,3,3
4,7,10,42,0.2,1,2,1,1,1,265.36,1,2,3,3,3,3,12,3,1,2,2
4,7,10,43,0.05,1,1,1,1,1,284.43,1,13,1,3,1,3,8,3,3,3,3
4,7,10,44,0.2,2,2,2,2,1,268.64,1,3,1,3,2,2,10,3,1,2,2
4,7,10,45,0.05,3,1,2,2,1,328.09,0,4,1,3,3,1,2,1,3,1,3
4,7,10,46,0.05,1,3,1,1,1,300.42,0,20,1,3,1,3,7,3,3,1,1
4,7,10,47,0.4,3,3,2,2,1,230.95,1,3,3,1,1,3,16,3,1,1,3
4,7,10,48,1.8,2,1,2,2,1,240.99,1,7,3,1,2,2,3,1,1,1,1
4,7,10,49,0.4,2,1,2,2,1,232.48,1,20,1,1,2,2,2,3,3,3,3
4,7,10,50,0.8,3,1,2,2,1,217.16,1,5,1,3,3,1,7,1,3,1,3
4,7,10,51,0.1,1,2,1,1,1,280.12,1,18,1,1,1,1,19,3,3,2,2
4,7,10,52,0.4,3,1,2,2,1,241.7,1,16,1,1,3,3,20,1,3,1,3
4,7,10,53,0.2,2,3,2,2,1,252.73,1,18,1,3,2,2,16,1,1,3,3
4,7,10,54,1.8,2,3,2,2,1,216.81,1,6,3,1,2,2,6,1,3,3,1
4,7,10,55,0.05,3,3,2,2,1,275.65,1,2,1,3,3,1,17,1,3,3,1
4,7,10,56,1.8,1,2,1,1,1,216.03,1,6,1,1,1,1,14,1,1,2,2
4,7,10,57,0.1,1,1,1,1,1,247.95,1,3,3,1,3,1,13,1,1,1,1
4,7,10,58,0.05,3,3,2,2,1,329.83,0,15,1,3,3,1,4,3,1,1,3
4,7,10,59,1.8,1,3,1,1,1,237.99,1,7,1,3,1,3,11,1,1,3,3
4,7,10,60,0.2,1,1,1,2,0,227.56,1,1,1,3,1,3,20,1,1,1,1
4,7,10,61,0.8,2,1,2,2,1,267.57,1,2,3,3,2,2,6,3,1,3,1
4,7,10,62,0.8,1,3,1,1,1,239.07,1,3,1,3,1,3,20,1,3,3,1
4,7,10,63,0.4,1,3,1,1,1,236.65,1,5,1,1,1,1,13,1,3,3,1
4,7,10,64,0.4,2,1,2,2,1,218.29,1,16,3,1,2,2,14,3,1,3,1
4,7,10,65,0.1,1,1,1,2,0,259.09,1,14,3,1,3,1,9,1,1,1,1
4,7,10,66,0.4,1,3,1,1,1,243.99,1,14,1,3,1,3,9,3,3,1,1
4,7,10,67,0.05,1,1,1,1,1,280.4,1,17,1,3,1,3,13,1,1,1,1
4,7,10,68,0.1,1,3,1,1,1,270.15,1,8,1,1,1,1,4,1,3,3,1
4,7,10,69,0.2,1,3,1,1,1,248.97,1,5,3,1,3,1,10,3,3,1,1
4,7,10,70,0.4,1,2,1,1,1,243.86,1,5,1,1,1,1,9,3,3,2,2
4,7,10,71,0.05,1,1,1,1,1,320.76,0,17,3,3,3,3,8,1,1,1,1
4,7,10,72,0.1,1,3,1,1,1,254.34,1,16,3,1,3,1,9,1,3,3,1
4,7,10,73,0.4,1,2,1,1,1,209.53,1,14,3,1,3,1,12,3,1,2,2
4,7,10,74,0.1,3,3,2,2,1,267.17,1,3,1,1,3,3,9,3,1,1,3
4,7,10,75,0.8,1,3,1,1,1,222.35,1,14,1,1,1,1,13,1,3,3,1
4,7,10,76,0.8,3,3,2,2,1,238.93,1,11,3,3,1,1,5,1,1,3,3
4,7,10,77,1.8,2,3,2,2,1,254.19,1,1,1,3,2,2,17,3,1,1,3
4,7,10,78,1.8,1,3,NaN,NaN,NaN,NaN,NaN,16,1,1,1,1,9,1,3,3,1
