2,2,1,1,0.8,1,3,1,2,0,224.96,1,6,3,1,3,1,18,1,3,3,1
2,2,1,2,0.1,2,2,2,2,1,315.78,0,16,3,1,2,2,19,3,1,2,2
2,2,1,3,0.2,3,2,2,2,1,360.75,0,5,3,3,1,1,1,3,1,2,2
2,2,1,4,0.1,2,3,2,2,1,314.24,0,13,1,1,2,2,10,1,3,3,1
2,2,1,5,0.8,3,2,2,2,1,176.43,1,7,1,1,3,3,9,3,1,2,2
2,2,1,6,0.2,1,3,1,1,1,347.21,0,8,1,3,1,3,13,3,1,1,3
2,2,1,7,0.8,1,1,1,1,1,196.6,1,14,1,3,1,3,6,3,3,3,3
2,2,1,8,0.2,1,1,1,1,1,227.63,1,18,1,3,1,3,11,1,3,1,3
2,2,1,9,1.8,1,3,1,2,0,186.88,1,7,3,3,3,3,4,3,3,1,1
2,2,1,10,1.8,2,2,2,2,1,156.51,1,8,3,1,2,2,17,1,3,2,2
2,2,1,11,0.1,2,1,2,1,0,321.64,0,7,1,1,2,2,1,1,3,1,3
2,2,1,12,0.05,1,2,1,2,0,246.88,1,8,1,1,1,1,14,1,1,2,2
2,2,1,13,0.4,2,3,2,2,1,242.21,1,9,3,1,2,2,6,1,3,3,1
2,2,1,14,0.2,3,2,2,2,1,108.1,1,6,3,3,1,1,14,1,3,2,2
2,2,1,15,0.05,1,1,1,1,1,232.59,1,1,3,3,3,3,9,1,1,1,1
2,2,1,16,1.8,2,3,2,1,0,241.64,1,11,3,3,2,2,2,3,1,1,3
2,2,1,17,0.4,1,3,1,2,0,209.93,1,15,1,3,1,3,14,1,3,3,1
2,2,1,18,0.05,3,3,2,1,0,243.31,1,7,3,3,1,1,11,1,1,3,3
2,2,1,19,0.05,1,1,1,1,1,249.59,1,11,1,3,1,3,1,3,1,3,1
2,2,1,20,0.05,1,1,1,1,1,262.71,1,5,1,3,1,3,15,1,3,1,3
2,2,1,21,0.1,3,2,2,2,1,439.73,0,19,3,1,1,3,12,3,3,2,2
2,2,1,22,0.8,2,1,2,1,0,237.09,1,16,1,1,2,2,15,3,1,3,1
2,2,1,23,0.4,3,2,2,1,0,230.6,1,20,1,3,3,1,11,1,3,2,2
2,2,1,24,1.8,1,2,1,1,1,189.84,1,9,3,1,3,1,16,3,3,2,2
2,2,1,25,0.4,1,1,1,1,1,217.03,1,4,3,3,3,3,3,1,3,1,3
2,2,1,26,0.8,1,2,1,1,1,210.32,1,6,3,1,3,1,19,1,1,2,2
2,2,1,27,1.8,3,3,2,2,1,214.63,1,7,3,3,1,1,20,3,3,1,1
2,2,1,28,0.4,3,1,2,2,1,223.97,1,18,3,3,1,1,17,3,1,3,1
2,2,1,29,0.2,2,3,2,2,1,270.61,1,5,3,3,2,2,2,1,3,3,1
2,2,1,30,1.8,1,3,1,2,0,195.26,1,4,3,1,3,1,16,1,1,3,3
2,2,1,31,0.8,1,2,1,1,1,213.9,1,15,3,3,3,3,9,3,3,2,2
2,2,1,32,0.4,3,3,2,2,1,229.77,1,10,3,3,1,1,7,3,1,1,3
2,2,1,33,0.1,3,2,2,2,1,268.2,1,4,1,3,3,1,11,1,1,2,2
2,2,1,34,0.05,2,2,2,1,0,266.75,1,5,3,1,2,2,9,3,1,2,2
2,2,1,35,0.4,1,3,1,1,1,222.4,1,10,1,1,1,1,16,3,3,1,1
2,2,1,36,0.05,1,3,1,1,1,284.18,1,17,3,1,3,1,6,3,3,1,1
2,2,1,37,0.1,3,2,2,1,0,248.2,1,12,3,3,1,1,7,1,3,2,2
2,2,1,38,1.8,3,1,2,2,1,199.5,1,5,3,1,1,3,10,1,3,1,3
2,2,1,39,0.1,1,1,1,1,1,256.27,1,10,1,3,1,3,6,3,1,3,1
2,2,1,40,0.05,2,3,2,2,1,290.07,1,13,3,3,2,2,8,3,1,1,3
2,2,1,41,0.8,2,2,2,1,0,457.75,0,12,3,1,2,2,17,1,1,2,2
2,2,1,42,1.8,1,2,1,2,0,190.91,1,18,3,3,3,3,3,3,1,2,2
2,2,1,43,1.8,2,2,2,1,0,194.43,1,5,3,3,2,2,15,3,3,2,2
2,2,1,44,0.8,3,2,2,2,1,241.34,1,2,1,1,3,3,18,3,1,2,2
2,2,1,45,0.4,1,3,1,1,1,217.18,1,20,3,1,3,1,11,3,3,1,1
2,2,1,46,1.8,2,1,2,1,0,192.77,1,7,3,3,2,2,3,3,3,3,3
2,2,1,47,0.05,1,3,1,1,1,343.44,0,13,1,1,1,1,17,1,1,3,3
2,2,1,48,1.8,2,3,2,1,0,189.13,1,14,1,1,2,2,4,3,3,1,1
2,2,1,49,0.05,3,3,2,2,1,270.8,1,14,3,1,1,3,8,1,1,3,3
2,2,1,50,0.8,2,2,2,2,1,253.41,1,4,3,1,2,2,7,1,1,2,2
2,2,1,51,0.05,1,2,1,1,1,275.03,1,17,3,1,3,1,16,3,1,2,2
2,2,1,52,0.4,2,3,2,1,0,285.05,1,2,3,1,2,2,9,1,1,3,3
2,2,1,53,0.8,2,3,2,1,0,195.66,1,2,3,1,2,2,19,1,3,3,1
2,2,1,54,0.2,2,2,2,2,1,262.58,1,6,3,1,2,2,14,1,1,2,2
2,2,1,55,0.2,3,1,2,1,0,214.51,1,15,1,3,3,1,1,1,1,1,1
2,2,1,56,0.4,1,3,1,2,0,354.49,0,7,1,3,1,3,19,1,1,3,3
2,2,1,57,0.2,1,3,1,2,0,265.63,1,20,1,3,1,3,20,1,1,3,3
2,2,1,58,0.8,3,3,2,2,1,216.81,1,6,1,3,3,1,18,1,1,3,3
2,2,1,59,0.2,1,2,1,1,1,200.22,1,18,3,3,3,3,8,1,3,2,2
2,2,1,60,1.8,1,3,1,1,1,198.32,1,15,3,1,3,1,15,1,3,3,1
2,2,1,61,0.2,2,1,2,1,0,272.15,1,18,1,3,2,2,15,3,1,3,1
2,2,1,62,0.8,1,1,1,1,1,215.56,1,16,3,3,3,3,9,3,3,3,3
2,2,1,63,0.4,3,2,2,2,1,248.99,1,16,3,3,1,1,18,3,3,2,2
2,2,1,64,0.2,1,2,1,1,1,320.6,0,12,1,1,1,1,1,1,3,2,2
2,2,1,65,0.2,1,2,1,1,1,190.15,1,11,1,1,1,1,18,3,3,2,2
2,2,1,66,0.05,1,3,1,1,1,237.28,1,14,1,1,1,1,15,1,3,3,1
2,2,1,67,1.8,2,2,2,1,0,195.32,1,20,3,3,2,2,7,3,3,2,2
2,2,1,68,0.1,1,3,1,1,1,271.21,1,17,1,3,1,3,4,3,3,1,1
2,2,1,69,0.1,1,3,1,2,0,294.53,1,12,1,3,1,3,11,3,3,1,1
2,2,1,70,0.2,3,1,2,1,0,253.11,1,10,3,3,1,1,7,1,1,1,1
2,2,1,71,0.1,1,1,1,1,1,380.47,0,6,3,3,3,3,15,3,3,3,3
2,2,1,72,0.1,1,2,1,1,1,320.72,0,13,3,1,3,1,10,1,3,2,2
2,2,1,73,0.4,1,3,1,1,1,235.29,1,10,3,3,3,3,16,1,1,3,3
2,2,1,74,0.05,2,3,2,1,0,248.67,1,6,3,3,2,2,5,3,3,1,1
2,2,1,75,0.4,1,3,1,2,0,238.49,1,11,3,1,3,1,19,3,3,1,1
2,2,1,76,0.8,1,1,1,1,1,358.34,0,14,1,1,1,1,11,3,3,3,3
2,2,1,77,0.1,3,3,2,2,1,305.04,0,13,3,3,1,1,2,3,3,1,1
2,2,1,78,0.1,1,3,1,1,1,251.34,1,11,3,1,3,1,11,3,3,1,1
2,2,2,1,0.1,2,1,2,1,0,199.97,1,17,3,1,2,2,9,3,1,3,1
2,2,2,2,0.2,3,3,2,2,1,320.53,0,17,3,3,1,1,1,3,1,1,3
2,2,2,3,0.05,1,1,1,1,1,286.9,1,6,3,3,3,3,18,3,3,3,3
2,2,2,4,0.4,1,3,1,1,1,193.87,1,8,3,3,3,3,16,1,3,3,1
2,2,2,5,0.4,2,1,2,1,0,211.07,1,19,1,3,2,2,7,3,3,3,3
2,2,2,6,0.4,1,2,1,1,1,176.73,1,19,3,3,3,3,2,1,1,2,2
2,2,2,7,0.8,1,2,1,2,0,246.07,1,17,1,3,1,3,11,3,1,2,2
2,2,2,8,0.1,3,2,2,2,1,318.69,0,1,3,1,1,3,2,1,3,2,2
2,2,2,9,0.1,3,2,2,1,0,201.25,1,17,3,3,1,1,9,1,3,2,2
2,2,2,10,0.05,1,1,1,1,1,216.8,1,11,1,3,1,3,17,3,1,3,1
2,2,2,11,0.05,1,2,1,1,1,199.17,1,1,1,3,1,3,3,1,1,2,2
2,2,2,12,0.05,1,2,1,1,1,165.06,1,12,1,1,1,1,5,1,3,2,2
2,2,2,13,0.4,1,1,NaN,NaN,NaN,NaN,NaN,8,3,3,3,3,12,1,1,1,1
2,2,2,14,0.8,3,3,2,2,1,201.71,1,7,1,3,3,1,1,3,1,1,3
2,2,2,15,0.4,1,2,1,1,1,210.67,1,3,1,1,1,1,4,1,3,2,2
2,2,2,16,1.8,2,3,2,1,0,189.88,1,7,1,3,2,2,4,1,3,3,1
2,2,2,17,0.4,2,3,2,2,1,235.33,1,14,3,3,2,2,18,1,3,3,1
2,2,2,18,0.8,1,3,1,1,1,189.84,1,6,1,3,1,3,3,3,1,1,3
2,2,2,19,0.4,3,1,2,2,1,230.55,1,8,3,1,1,3,1,3,1,3,1
2,2,2,20,0.1,1,1,1,1,1,278.5,1,19,1,3,1,3,14,1,1,1,1
2,2,2,21,0.05,2,1,2,1,0,296.11,1,6,3,3,2,2,14,3,1,3,1
2,2,2,22,0.1,3,2,2,2,1,297.21,1,5,1,1,3,3,9,1,3,2,2
2,2,2,23,0.4,2,2,2,1,0,182.33,1,8,1,1,2,2,5,1,3,2,2
2,2,2,24,0.2,2,1,2,1,0,191.69,1,2,3,1,2,2,9,3,1,3,1
2,2,2,25,0.1,1,2,1,1,1,204.25,1,14,3,3,3,3,9,1,3,2,2
2,2,2,26,0.1,2,2,2,1,0,193.08,1,20,1,1,2,2,6,3,3,2,2
2,2,2,27,1.8,1,2,1,1,1,229.15,1,9,3,3,3,3,7,3,3,2,2
2,2,2,28,0.2,2,2,2,2,1,285.18,1,1,3,3,2,2,18,1,1,2,2
2,2,2,29,1.8,3,2,2,2,1,199.4,1,5,1,3,3,1,9,1,3,2,2
2,2,2,30,0.1,1,1,1,1,1,300.15,0,11,1,1,1,1,17,1,1,1,1
2,2,2,31,1.8,2,2,2,1,0,245.08,1,7,3,3,2,2,16,1,1,2,2
2,2,2,32,0.4,1,2,1,1,1,255.15,1,16,3,3,3,3,18,3,1,2,2
2,2,2,33,0.4,1,1,1,1,1,208.43,1,14,1,3,1,3,6,3,1,3,1
2,2,2,34,0.8,2,2,2,1,0,202.14,1,13,3,3,2,2,20,1,1,2,2
2,2,2,35,0.1,3,3,2,2,1,368.48,0,3,3,1,1,3,5,1,3,3,1
2,2,2,36,1.8,3,2,2,2,1,145.63,1,14,3,3,1,1,18,1,3,2,2
2,2,2,37,0.05,2,3,2,2,1,330.33,0,13,1,3,2,2,11,1,1,3,3
2,2,2,38,0.05,3,2,2,2,1,323.11,0,6,3,3,1,1,14,3,1,2,2
2,2,2,39,0.05,1,3,1,1,1,275.13,1,18,1,3,1,3,3,3,1,1,3
2,2,2,40,1.8,1,3,1,1,1,202.55,1,8,1,3,1,3,15,3,1,1,3
2,2,2,41,0.05,1,3,1,1,1,286.1,1,17,3,3,3,3,8,1,3,3,1
2,2,2,42,1.8,3,1,2,2,1,205.28,1,18,3,1,1,3,6,1,1,1,1
2,2,2,43,0.8,1,3,1,1,1,207.64,1,13,3,1,3,1,1,1,1,3,3
2,2,2,44,0.8,1,1,1,1,1,264.57,1,11,1,3,1,3,6,3,3,3,3
2,2,2,45,1.8,1,1,1,1,1,201.11,1,9,3,1,3,1,17,3,1,3,1
2,2,2,46,0.4,3,1,2,1,0,267.53,1,4,1,1,3,3,10,1,3,1,3
2,2,2,47,0.2,1,1,1,1,1,236.72,1,9,3,3,3,3,18,3,3,3,3
2,2,2,48,0.2,1,3,1,2,0,251.05,1,19,3,1,3,1,1,1,1,3,3
2,2,2,49,0.1,2,3,2,2,1,385.04,0,8,1,3,2,2,5,1,1,3,3
2,2,2,50,1.8,3,2,2,1,0,213.75,1,4,3,3,1,1,7,3,3,2,2
2,2,2,51,0.8,1,2,1,1,1,194.07,1,1,1,3,1,3,6,3,1,2,2
2,2,2,52,0.2,1,1,1,1,1,240.38,1,19,1,3,1,3,1,3,3,3,3
2,2,2,53,0.05,1,2,1,1,1,262.9,1,20,1,3,1,3,14,3,3,2,2
2,2,2,54,1.8,1,3,1,1,1,181.52,1,9,3,3,3,3,14,1,1,3,3
2,2,2,55,0.2,2,1,2,1,0,32.84,2,14,3,1,2,2,7,3,1,3,1
2,2,2,56,0.8,1,2,1,1,1,205.86,1,15,3,1,3,1,20,3,1,2,2
2,2,2,57,0.2,2,1,2,1,0,197.89,1,17,3,1,2,2,12,1,3,1,3
2,2,2,58,0.2,2,2,2,2,1,131.1,1,3,3,1,2,2,14,3,3,2,2
2,2,2,59,1.8,3,1,2,2,1,215.23,1,9,1,1,3,3,18,3,1,3,1
2,2,2,60,0.8,1,1,1,1,1,268.77,1,10,1,1,1,1,16,3,3,3,3
2,2,2,61,0.2,1,2,1,1,1,282.97,1,6,1,1,1,1,19,1,3,2,2
2,2,2,62,0.8,2,3,2,1,0,201.41,1,1,3,1,2,2,15,3,1,1,3
2,2,2,63,0.8,1,2,1,1,1,183.98,1,20,1,1,1,1,5,3,3,2,2
2,2,2,64,0.2,1,1,1,1,1,213.73,1,2,1,3,1,3,17,1,1,1,1
2,2,2,65,0.2,2,3,2,1,0,253.78,1,10,3,3,2,2,16,3,3,1,1
2,2,2,66,0.05,3,1,2,2,1,429.46,0,18,1,3,3,1,13,1,1,1,1
2,2,2,67,0.8,2,2,2,2,1,226.41,1,1,3,3,2,2,6,1,1,2,2
2,2,2,68,0.8,1,3,1,2,0,223.5,1,4,3,3,3,3,1,3,1,1,3
2,2,2,69,1.8,2,1,2,1,0,186.08,1,16,1,1,2,2,4,3,1,3,1
2,2,2,70,0.05,3,3,2,2,1,277.99,1,12,1,3,3,1,5,1,3,3,1
2,2,2,71,0.2,3,1,2,2,1,199.86,1,18,1,1,3,3,15,1,1,1,1
2,2,2,72,0.05,1,2,1,1,1,281.07,1,14,1,1,1,1,15,1,1,2,2
2,2,2,73,0.4,1,3,1,1,1,212.19,1,20,1,3,1,3,9,1,3,3,1
2,2,2,74,0.1,1,2,1,1,1,257.62,1,8,1,1,1,1,17,1,3,2,2
2,2,2,75,0.1,2,2,2,1,0,215.48,1,19,3,1,2,2,20,3,1,2,2
2,2,2,76,0.1,2,2,2,2,1,138.96,1,14,1,3,2,2,4,1,1,2,2
2,2,2,77,1.8,1,1,1,2,0,241.5,1,10,1,3,1,3,9,1,1,1,1
2,2,2,78,0.4,1,3,1,1,1,263.27,1,6,3,1,3,1,19,3,1,1,3
2,2,3,1,0.05,3,2,2,2,1,302.62,0,9,3,1,1,3,15,3,3,2,2
2,2,3,2,1.8,2,3,2,2,1,206.18,1,2,1,1,2,2,13,1,1,3,3
2,2,3,3,0.05,1,1,1,1,1,252.19,1,1,3,3,3,3,8,1,3,1,3
2,2,3,4,0.05,2,2,2,1,0,196.68,1,5,1,3,2,2,16,1,1,2,2
2,2,3,5,0.4,1,1,NaN,NaN,NaN,NaN,NaN,6,1,1,1,1,17,1,1,1,1
2,2,3,6,0.4,1,1,1,1,1,223.29,1,2,3,3,3,3,18,1,3,1,3
2,2,3,7,0.2,1,3,1,1,1,234.36,1,6,1,1,1,1,9,3,3,1,1
2,2,3,8,0.1,2,2,2,2,1,239.33,1,19,3,3,2,2,6,3,3,2,2
2,2,3,9,0.1,2,2,2,2,1,260.93,1,16,1,1,2,2,10,3,3,2,2
2,2,3,10,0.4,1,2,NaN,NaN,NaN,NaN,NaN,5,1,1,1,1,15,3,1,2,2
2,2,3,11,0.05,2,2,2,2,1,312.73,0,16,3,3,2,2,18,3,3,2,2
2,2,3,12,0.4,2,2,2,1,0,244.07,1,3,1,1,2,2,2,3,3,2,2
2,2,3,13,0.05,3,3,2,2,1,251.65,1,13,1,3,3,1,18,1,1,3,3
2,2,3,14,0.2,2,1,2,1,0,177.81,1,16,3,1,2,2,1,1,1,1,1
2,2,3,15,1.8,3,3,2,2,1,222.69,1,19,1,1,3,3,2,3,1,1,3
2,2,3,16,0.4,1,3,1,1,1,237.3,1,13,3,1,3,1,6,1,1,3,3
2,2,3,17,0.2,2,2,2,2,1,324.12,0,7,3,3,2,2,8,3,3,2,2
2,2,3,18,1.8,1,3,1,1,1,204.68,1,1,3,3,3,3,4,3,3,1,1
2,2,3,19,0.8,2,2,2,1,0,241.6,1,14,1,1,2,2,9,1,3,2,2
2,2,3,20,0.8,3,1,2,2,1,194.83,1,4,1,3,3,1,16,1,3,1,3
2,2,3,21,0.4,3,3,2,2,1,253.2,1,4,3,1,1,3,13,1,1,3,3
2,2,3,22,0.8,1,2,1,1,1,235.92,1,19,3,1,3,1,10,1,3,2,2
2,2,3,23,0.2,1,3,1,1,1,252.25,1,9,3,3,3,3,19,1,1,3,3
2,2,3,24,0.1,1,1,1,1,1,262.62,1,18,3,1,3,1,9,3,3,3,3
2,2,3,25,0.8,2,3,NaN,NaN,NaN,NaN,NaN,13,3,1,2,2,19,1,3,3,1
2,2,3,26,1.8,3,2,2,2,1,187.18,1,10,3,1,1,3,7,3,1,2,2
2,2,3,27,0.1,3,2,2,2,1,338.56,0,1,1,3,3,1,17,1,1,2,2
2,2,3,28,0.1,1,1,1,1,1,267.24,1,4,3,3,3,3,13,3,3,3,3
2,2,3,29,1.8,2,2,2,2,1,232.69,1,12,1,3,2,2,19,3,1,2,2
2,2,3,30,1.8,1,3,1,1,1,247.92,1,2,3,1,3,1,2,1,1,3,3
2,2,3,31,0.4,1,2,1,1,1,250.91,1,5,3,3,3,3,15,1,3,2,2
2,2,3,32,0.4,1,1,1,1,1,257.96,1,17,1,1,1,1,8,1,1,1,1
2,2,3,33,0.05,1,3,1,1,1,442.03,0,2,3,3,3,3,8,1,1,3,3
2,2,3,34,0.2,1,1,1,1,1,264.32,1,13,3,1,3,1,19,1,1,1,1
2,2,3,35,1.8,1,3,1,1,1,262.51,1,14,1,1,1,1,10,1,3,3,1
2,2,3,36,0.8,3,2,2,2,1,232.65,1,14,3,1,1,3,20,3,3,2,2
2,2,3,37,1.8,3,1,2,2,1,219.86,1,3,3,1,1,3,8,3,3,3,3
2,2,3,38,0.4,3,2,2,2,1,244.8,1,9,1,1,3,3,6,1,1,2,2
2,2,3,39,0.05,1,1,1,1,1,367.91,0,8,3,1,3,1,11,1,3,1,3
2,2,3,40,0.05,1,3,1,1,1,369.25,0,13,3,3,3,3,19,3,3,1,1
2,2,3,41,0.2,3,1,2,2,1,287.88,1,7,1,1,3,3,6,1,3,1,3
2,2,3,42,0.8,3,3,2,2,1,218.75,1,19,3,3,1,1,9,3,1,1,3
2,2,3,43,0.2,2,3,2,1,0,270.79,1,17,3,1,2,2,9,3,1,1,3
2,2,3,44,0.4,2,2,2,1,0,212.05,1,11,3,3,2,2,20,1,3,2,2
2,2,3,45,0.05,1,3,1,2,0,307.71,0,6,3,3,3,3,12,3,1,1,3
2,2,3,46,0.8,1,2,NaN,NaN,NaN,NaN,NaN,13,1,1,1,1,16,1,3,2,2
2,2,3,47,0.2,3,3,2,2,1,307.79,0,2,3,3,1,1,2,1,1,3,3
2,2,3,48,0.1,2,3,2,1,0,251.26,1,15,3,3,2,2,14,1,3,3,1
2,2,3,49,1.8,3,1,2,2,1,214.7,1,2,1,3,3,1,13,1,3,1,3
2,2,3,50,0.05,1,1,1,1,1,248.97,1,11,1,1,1,1,11,3,1,3,1
2,2,3,51,0.1,1,2,1,1,1,274.18,1,18,1,1,1,1,6,3,1,2,2
2,2,3,52,1.8,2,3,2,2,1,191.15,1,12,1,1,2,2,6,3,3,1,1
2,2,3,53,0.2,3,3,2,2,1,277.02,1,5,3,3,1,1,1,1,1,3,3
2,2,3,54,0.4,2,1,2,2,1,143.39,1,16,1,3,2,2,17,3,1,3,1
2,2,3,55,0.2,2,3,2,1,0,252.71,1,1,1,1,2,2,8,1,3,3,1
2,2,3,56,0.1,3,2,2,2,1,279.9,1,20,1,3,3,1,17,1,3,2,2
2,2,3,57,0.05,1,3,1,1,1,306.05,0,18,1,3,1,3,1,1,1,3,3
2,2,3,58,0.8,1,2,1,1,1,212.03,1,16,3,1,3,1,12,3,1,2,2
2,2,3,59,0.1,1,3,1,1,1,204.37,1,5,3,3,3,3,18,1,3,3,1
2,2,3,60,1.8,1,1,1,1,1,211.67,1,9,3,3,3,3,7,3,3,3,3
2,2,3,61,0.8,2,1,2,1,0,193.66,1,9,3,3,2,2,10,3,1,3,1
2,2,3,62,0.4,1,3,1,1,1,233.15,1,9,1,1,1,1,2,1,1,3,3
2,2,3,63,0.2,2,1,2,1,0,393.51,0,5,1,3,2,2,18,3,1,3,1
2,2,3,64,1.8,1,1,1,1,1,197.67,1,16,1,3,1,3,11,1,1,1,1
2,2,3,65,0.05,3,3,2,2,1,396.1,0,4,3,1,1,3,12,3,3,1,1
2,2,3,66,0.1,2,3,2,2,1,347.06,0,3,1,1,2,2,4,3,1,1,3
2,2,3,67,0.2,3,2,2,2,1,223.9,1,11,1,3,3,1,12,1,1,2,2
2,2,3,68,1.8,3,1,2,2,1,192.7,1,20,3,1,1,3,12,3,1,3,1
2,2,3,69,0.8,1,3,1,2,0,274.37,1,5,1,3,1,3,13,1,1,3,3
2,2,3,70,0.4,1,2,1,1,1,223.37,1,20,3,1,3,1,3,1,1,2,2
2,2,3,71,0.8,2,3,2,1,0,210.97,1,17,3,1,2,2,10,1,3,3,1
2,2,3,72,0.8,1,2,1,1,1,200.3,1,1,3,1,3,1,8,1,1,2,2
2,2,3,73,0.1,1,3,1,2,0,296.7,1,15,3,3,3,3,19,3,3,1,1
2,2,3,74,0.05,3,3,2,2,1,258.95,1,3,1,3,3,1,3,3,1,1,3
2,2,3,75,0.1,1,2,1,1,1,244.92,1,8,3,1,3,1,16,3,3,2,2
2,2,3,76,0.1,2,2,2,2,1,296.82,1,16,1,3,2,2,6,3,3,2,2
2,2,3,77,0.2,2,3,2,2,1,73.665,2,8,3,1,2,2,6,1,1,3,3
2,2,3,78,0.8,2,3,2,1,0,236.84,1,16,1,1,2,2,6,3,3,1,1
2,2,4,1,0.05,2,2,2,1,0,255.93,1,1,3,3,2,2,17,3,3,2,2
2,2,4,2,0.8,1,1,1,1,1,214.79,1,3,1,3,1,3,3,3,3,3,3
2,2,4,3,0.2,2,1,2,2,1,310.03,0,6,3,3,2,2,11,1,3,1,3
2,2,4,4,1.8,1,3,NaN,NaN,NaN,NaN,NaN,3,1,1,1,1,11,3,3,1,1
2,2,4,5,0.05,1,2,1,1,1,250.71,1,13,1,1,1,1,16,1,1,2,2
2,2,4,6,0.1,1,1,1,1,1,236.26,1,12,3,3,3,3,7,3,1,3,1
2,2,4,7,0.05,3,2,2,2,1,345.33,0,8,3,1,1,3,16,1,1,2,2
2,2,4,8,0.8,1,3,1,1,1,206.52,1,20,3,1,3,1,4,1,1,3,3
2,2,4,9,0.1,1,3,1,1,1,235.75,1,10,3,1,3,1,1,3,1,1,3
2,2,4,10,0.4,3,2,NaN,NaN,NaN,NaN,NaN,2,3,1,1,3,19,1,3,2,2
2,2,4,11,0.4,2,2,2,2,1,199.09,1,19,3,3,2,2,18,1,1,2,2
2,2,4,12,0.8,3,1,2,2,1,202.59,1,14,1,1,3,3,19,1,3,1,3
2,2,4,13,0.1,3,3,2,1,0,295.43,1,8,3,1,1,3,17,1,1,3,3
2,2,4,14,0.4,3,3,2,2,1,206.53,1,4,1,3,3,1,7,1,1,3,3
2,2,4,15,0.4,2,3,2,1,0,248.12,1,3,1,3,2,2,18,1,1,3,3
2,2,4,16,0.4,1,1,1,1,1,210.08,1,17,3,1,3,1,11,3,1,3,1
2,2,4,17,0.05,1,3,1,1,1,285.27,1,10,1,3,1,3,3,3,1,1,3
2,2,4,18,0.2,1,3,1,1,1,318.56,0,6,3,1,3,1,20,1,3,3,1
2,2,4,19,0.1,1,2,1,1,1,210.45,1,4,1,3,1,3,9,3,3,2,2
2,2,4,20,0.8,2,1,2,1,0,163.11,1,2,1,1,2,2,8,1,3,1,3
2,2,4,21,0.2,3,3,2,2,1,247.81,1,10,3,1,1,3,6,3,3,1,1
2,2,4,22,0.2,2,3,2,1,0,203.96,1,7,1,3,2,2,18,1,3,3,1
2,2,4,23,0.8,1,1,1,1,1,224.2,1,18,1,1,1,1,19,1,1,1,1
2,2,4,24,1.8,3,2,2,2,1,202.94,1,6,3,1,1,3,10,3,3,2,2
2,2,4,25,1.8,1,1,1,1,1,207.48,1,8,3,1,3,1,10,1,1,1,1
2,2,4,26,0.2,2,2,2,2,1,420.47,0,15,3,3,2,2,19,1,1,2,2
2,2,4,27,0.1,1,1,1,1,1,218.43,1,4,3,1,3,1,17,1,1,1,1
2,2,4,28,1.8,2,3,2,1,0,265.89,1,4,1,3,2,2,6,1,1,3,3
2,2,4,29,0.2,2,3,2,2,1,225.59,1,9,1,1,2,2,12,3,1,1,3
2,2,4,30,0.8,1,1,1,1,1,252.99,1,10,3,3,3,3,14,1,1,1,1
2,2,4,31,1.8,3,3,2,2,1,229.09,1,13,1,1,3,3,7,1,3,3,1
2,2,4,32,0.1,1,1,1,1,1,274.32,1,8,1,3,1,3,7,3,3,3,3
2,2,4,33,1.8,3,2,2,2,1,211.26,1,5,1,1,3,3,14,3,3,2,2
2,2,4,34,0.8,3,1,2,1,0,251.15,1,1,3,3,1,1,13,3,3,3,3
2,2,4,35,1.8,2,3,2,1,0,219.47,1,10,1,1,2,2,10,3,3,1,1
2,2,4,36,0.05,2,1,2,1,0,325.6,0,19,1,1,2,2,20,1,3,1,3
2,2,4,37,0.8,1,3,1,2,0,232.32,1,15,1,3,1,3,8,3,1,1,3
2,2,4,38,0.2,1,2,1,1,1,245.02,1,16,3,1,3,1,9,3,3,2,2
2,2,4,39,0.1,1,3,1,2,0,451.32,0,11,1,1,1,1,16,3,3,1,1
2,2,4,40,0.4,3,2,2,2,1,224.4,1,18,1,1,3,3,11,1,1,2,2
2,2,4,41,0.2,3,1,2,1,0,291.51,1,19,1,1,3,3,3,1,3,1,3
2,2,4,42,0.2,2,3,2,1,0,216.86,1,15,1,1,2,2,9,1,3,3,1
2,2,4,43,0.8,3,1,2,2,1,233.74,1,16,1,1,3,3,6,1,3,1,3
2,2,4,44,0.1,3,3,2,2,1,289.23,1,8,1,3,3,1,17,3,3,1,1
2,2,4,45,0.05,3,1,2,2,1,324.22,0,9,3,3,1,1,15,3,1,3,1
2,2,4,46,0.05,1,1,1,1,1,352.67,0,2,3,1,3,1,20,1,1,1,1
2,2,4,47,0.05,3,1,2,2,1,341.85,0,20,3,3,1,1,14,3,1,3,1
2,2,4,48,1.8,3,3,2,2,1,187.48,1,5,3,1,1,3,2,1,3,3,1
2,2,4,49,0.1,2,1,2,2,1,249.95,1,19,1,1,2,2,18,1,3,1,3
2,2,4,50,0.2,2,2,2,1,0,304.22,0,16,3,3,2,2,11,1,1,2,2
2,2,4,51,0.2,1,3,1,1,1,260.37,1,20,3,3,3,3,1,1,3,3,1
2,2,4,52,0.05,3,1,2,1,0,274.03,1,13,1,1,3,3,13,1,3,1,3
2,2,4,53,0.05,1,1,1,1,1,236.75,1,13,1,1,1,1,9,3,3,3,3
2,2,4,54,1.8,1,1,NaN,NaN,NaN,NaN,NaN,8,1,1,1,1,17,3,1,3,1
2,2,4,55,0.8,1,2,1,1,1,224.61,1,12,3,3,3,3,10,3,1,2,2
2,2,4,56,0.8,3,1,2,2,1,188.29,1,13,3,3,1,1,4,1,1,1,1
2,2,4,57,0.4,2,3,2,1,0,192.78,1,13,1,1,2,2,14,3,3,1,1
2,2,4,58,0.4,2,3,2,1,0,244.87,1,16,1,1,2,2,6,1,1,3,3
2,2,4,59,0.1,2,3,2,2,1,231.42,1,9,3,3,2,2,3,1,3,3,1
2,2,4,60,1.8,1,3,1,2,0,176.5,1,18,3,1,3,1,9,1,3,3,1
2,2,4,61,0.1,3,2,2,2,1,447.68,0,12,3,1,1,3,2,3,1,2,2
2,2,4,62,0.4,1,2,1,1,1,223.41,1,10,1,3,1,3,15,1,3,2,2
2,2,4,63,0.05,2,2,2,1,0,383.49,0,18,1,1,2,2,17,1,1,2,2
2,2,4,64,1.8,1,3,1,1,1,212.53,1,2,1,1,1,1,19,3,3,1,1
2,2,4,65,0.4,1,1,1,1,1,216.12,1,4,1,3,1,3,6,1,3,1,3
2,2,4,66,1.8,1,1,1,1,1,252.62,1,20,1,3,1,3,18,3,1,3,1
2,2,4,67,0.8,3,3,2,2,1,215.24,1,6,1,1,3,3,3,1,1,3,3
2,2,4,68,0.8,1,2,1,1,1,254.5,1,9,3,1,3,1,13,1,3,2,2
2,2,4,69,0.4,2,1,2,1,0,142.28,1,11,1,3,2,2,9,3,3,3,3
2,2,4,70,0.4,3,1,2,2,1,391.1,0,2,3,3,1,1,10,1,3,1,3
2,2,4,71,0.1,1,2,1,2,0,314.41,0,1,3,1,3,1,4,3,3,2,2
2,2,4,72,0.1,3,1,2,2,1,364.55,0,16,3,1,1,3,16,1,3,1,3
2,2,4,73,0.2,3,1,2,2,1,235.95,1,19,1,3,3,1,14,3,1,3,1
2,2,4,74,0.05,1,3,1,1,1,306.68,0,18,1,3,1,3,13,1,3,3,1
2,2,4,75,0.2,3,2,2,2,1,300.41,0,20,3,3,1,1,17,1,1,2,2
2,2,4,76,1.8,3,1,2,1,0,230.57,1,2,1,3,3,1,5,1,3,1,3
2,2,4,77,0.05,3,1,2,1,0,189.73,1,19,3,1,1,3,11,3,3,3,3
2,2,4,78,0.4,1,1,1,1,1,249.43,1,6,1,1,1,1,16,3,3,3,3
2,2,5,1,0.1,3,1,2,2,1,264.73,1,2,1,3,3,1,12,1,1,1,1
2,2,5,2,1.8,3,1,2,2,1,189.64,1,15,1,1,3,3,4,1,1,1,1
2,2,5,3,0.2,1,2,1,1,1,258.83,1,8,3,3,3,3,13,1,1,2,2
2,2,5,4,1.8,1,3,1,1,1,251.41,1,12,1,3,1,3,19,3,1,1,3
2,2,5,5,0.05,1,1,1,1,1,281.24,1,6,3,1,3,1,11,3,1,3,1
2,2,5,6,0.8,1,1,1,1,1,188.53,1,9,3,3,3,3,13,1,1,1,1
2,2,5,7,0.1,1,2,1,1,1,269.23,1,6,3,3,3,3,20,1,1,2,2
2,2,5,8,0.1,1,3,1,1,1,289.25,1,12,3,3,3,3,11,1,1,3,3
2,2,5,9,0.05,1,3,1,1,1,263.75,1,18,1,1,1,1,5,3,1,1,3
2,2,5,10,0.1,1,2,1,1,1,257.76,1,11,1,1,1,1,13,1,1,2,2
2,2,5,11,0.8,3,3,2,2,1,205.64,1,14,1,1,3,3,3,3,3,1,1
2,2,5,12,0.2,3,3,2,2,1,250.84,1,5,3,3,1,1,5,1,1,3,3
2,2,5,13,0.05,2,2,2,1,0,278.49,1,17,3,3,2,2,2,3,1,2,2
2,2,5,14,0.8,1,3,1,1,1,221.73,1,6,1,1,1,1,19,1,1,3,3
2,2,5,15,0.2,1,1,1,1,1,250,1,12,3,1,3,1,8,1,1,1,1
2,2,5,16,0.4,3,2,2,2,1,203.07,1,14,3,1,1,3,17,1,1,2,2
2,2,5,17,0.4,1,1,1,1,1,196.04,1,4,1,3,1,3,2,3,3,3,3
2,2,5,18,0.1,1,1,1,1,1,263.47,1,7,3,3,3,3,10,1,3,1,3
2,2,5,19,0.05,2,2,2,1,0,317.6,0,5,1,3,2,2,2,1,3,2,2
2,2,5,20,0.8,2,1,2,1,0,220.17,1,3,1,3,2,2,3,1,1,1,1
2,2,5,21,1.8,1,2,1,1,1,217.6,1,12,3,1,3,1,1,3,1,2,2
2,2,5,22,0.4,1,2,1,1,1,274.22,1,16,1,1,1,1,6,3,3,2,2
2,2,5,23,0.2,1,1,1,1,1,257.84,1,3,1,3,1,3,4,1,3,1,3
2,2,5,24,0.4,2,3,NaN,NaN,NaN,NaN,NaN,20,1,1,2,2,13,3,3,1,1
2,2,5,25,0.05,1,2,1,1,1,307.86,0,11,3,1,3,1,1,1,1,2,2
2,2,5,26,0.05,1,2,1,1,1,237.9,1,11,3,1,3,1,19,1,3,2,2
2,2,5,27,0.4,2,3,2,2,1,208.66,1,16,3,3,2,2,3,3,3,1,1
2,2,5,28,0.2,2,1,2,1,0,225.09,1,8,1,1,2,2,20,1,3,1,3
2,2,5,29,0.1,1,3,1,1,1,285.53,1,4,3,3,3,3,15,1,1,3,3
2,2,5,30,0.2,3,1,2,1,0,259.85,1,18,1,3,3,1,6,1,3,1,3
2,2,5,31,0.1,1,2,1,1,1,195.06,1,19,1,1,1,1,7,3,3,2,2
2,2,5,32,0.05,3,1,2,2,1,294.96,1,16,3,1,1,3,3,3,1,3,1
2,2,5,33,0.8,1,3,1,1,1,187.54,1,9,3,3,3,3,4,3,1,1,3
2,2,5,34,1.8,3,1,2,2,1,197.39,1,11,1,1,3,3,2,3,3,3,3
2,2,5,35,0.1,2,1,2,2,1,361.98,0,20,3,1,2,2,18,1,3,1,3
2,2,5,36,0.05,2,3,2,1,0,294.06,1,4,3,1,2,2,4,1,3,3,1
2,2,5,37,0.8,1,3,1,1,1,233.33,1,20,1,3,1,3,5,3,1,1,3
2,2,5,38,0.4,1,2,1,1,1,231.68,1,18,3,3,3,3,18,3,3,2,2
2,2,5,39,0.2,1,2,1,1,1,228.87,1,1,3,1,3,1,14,3,1,2,2
2,2,5,40,0.8,1,3,1,1,1,217.75,1,13,1,1,1,1,7,3,3,1,1
2,2,5,41,0.05,2,1,2,2,1,473.12,0,20,3,1,2,2,4,1,3,1,3
2,2,5,42,0.2,1,2,1,1,1,250.06,1,2,1,1,1,1,9,1,3,2,2
2,2,5,43,1.8,3,1,2,2,1,207.8,1,18,3,1,1,3,8,3,1,3,1
2,2,5,44,0.4,1,1,1,1,1,219.45,1,13,3,3,3,3,3,1,1,1,1
2,2,5,45,0.4,1,2,1,1,1,200.16,1,3,3,1,3,1,17,3,1,2,2
2,2,5,46,0.4,1,1,1,1,1,223.11,1,1,1,3,1,3,7,3,1,3,1
2,2,5,47,1.8,2,2,2,1,0,204.46,1,1,1,1,2,2,18,1,3,2,2
2,2,5,48,0.05,2,3,2,2,1,334.14,0,14,3,1,2,2,7,1,1,3,3
2,2,5,49,1.8,3,1,2,2,1,210.1,1,5,3,1,1,3,15,3,1,3,1
2,2,5,50,0.8,2,3,2,1,0,211.12,1,19,1,1,2,2,3,1,3,3,1
2,2,5,51,1.8,2,2,2,1,0,263.45,1,14,1,1,2,2,17,3,1,2,2
2,2,5,52,0.1,1,1,1,1,1,282.07,1,16,3,3,3,3,2,1,1,1,1
2,2,5,53,1.8,3,2,2,1,0,225.65,1,12,3,1,1,3,10,1,3,2,2
2,2,5,54,0.05,1,2,1,1,1,324.06,0,19,3,3,3,3,10,3,3,2,2
2,2,5,55,0.8,1,1,1,1,1,204.53,1,17,3,1,3,1,1,1,3,1,3
2,2,5,56,0.8,3,2,2,2,1,249.37,1,1,1,3,3,1,8,3,3,2,2
2,2,5,57,0.4,3,3,2,2,1,232.33,1,11,3,3,1,1,9,3,3,1,1
2,2,5,58,0.2,1,2,1,1,1,267.75,1,18,1,3,1,3,2,1,1,2,2
2,2,5,59,0.2,1,3,1,1,1,257.64,1,11,3,1,3,1,14,3,3,1,1
2,2,5,60,0.4,1,3,1,1,1,266.12,1,3,3,1,3,1,16,1,3,3,1
2,2,5,61,0.8,2,2,2,1,0,217.88,1,2,3,1,2,2,14,1,3,2,2
2,2,5,62,0.4,2,3,2,1,0,92.133,2,20,3,3,2,2,9,3,3,1,1
2,2,5,63,0.1,1,2,1,1,1,301.65,0,9,3,1,3,1,2,3,1,2,2
2,2,5,64,1.8,3,2,2,1,0,209.38,1,10,1,1,3,3,12,1,3,2,2
2,2,5,65,0.2,1,3,1,1,1,277.08,1,3,1,3,1,3,17,1,1,3,3
2,2,5,66,0.1,1,2,1,1,1,246.17,1,7,3,1,3,1,7,1,3,2,2
2,2,5,67,0.2,3,3,2,2,1,214.02,1,19,1,1,3,3,10,1,1,3,3
2,2,5,68,0.1,3,2,2,2,1,281.24,1,6,1,1,3,3,18,1,1,2,2
2,2,5,69,1.8,3,3,2,2,1,237.27,1,16,3,1,1,3,17,3,1,1,3
2,2,5,70,0.4,1,3,1,2,0,257.88,1,9,3,1,3,1,10,3,1,1,3
2,2,5,71,0.8,1,3,1,1,1,241.44,1,10,3,1,3,1,4,3,1,1,3
2,2,5,72,0.2,1,1,1,1,1,267.07,1,1,1,3,1,3,1,3,3,3,3
2,2,5,73,1.8,1,2,1,1,1,209.3,1,1,1,1,1,1,1,1,3,2,2
2,2,5,74,0.05,2,3,2,1,0,381.88,0,19,3,1,2,2,11,3,3,1,1
2,2,5,75,1.8,1,3,1,2,0,208.09,1,8,3,1,3,1,20,3,3,1,1
2,2,5,76,0.1,3,1,2,2,1,336.07,0,14,3,1,1,3,11,3,3,3,3
2,2,5,77,0.8,2,2,2,1,0,247.46,1,18,1,1,2,2,3,3,1,2,2
2,2,5,78,0.05,2,2,2,1,0,305.71,0,19,1,1,2,2,14,1,1,2,2
2,2,6,1,0.2,2,3,2,2,1,254.96,1,14,3,1,2,2,8,1,1,3,3
2,2,6,2,0.4,1,1,1,1,1,247.72,1,18,3,3,3,3,11,1,1,1,1
2,2,6,3,0.05,3,1,2,1,0,318.7,0,3,3,1,1,3,9,1,3,1,3
2,2,6,4,0.1,3,2,2,1,0,244.33,1,18,3,3,1,1,19,1,1,2,2
2,2,6,5,0.4,2,2,2,1,0,194.33,1,3,1,1,2,2,16,3,1,2,2
2,2,6,6,0.1,3,3,2,1,0,221.55,1,14,3,3,1,1,20,1,3,3,1
2,2,6,7,0.1,1,1,1,1,1,250.62,1,11,3,3,3,3,5,3,1,3,1
2,2,6,8,0.05,3,1,2,2,1,257.62,1,14,3,1,1,3,11,1,3,1,3
2,2,6,9,0.4,1,1,1,1,1,204.9,1,19,3,1,3,1,12,3,1,3,1
2,2,6,10,0.1,1,1,1,1,1,209.83,1,12,3,3,3,3,20,3,3,3,3
2,2,6,11,0.4,1,3,1,1,1,245.6,1,12,3,3,3,3,7,1,3,3,1
2,2,6,12,1.8,1,3,1,1,1,203.37,1,5,3,3,3,3,18,3,3,1,1
2,2,6,13,1.8,1,2,1,1,1,228.85,1,10,3,1,3,1,8,1,3,2,2
2,2,6,14,0.05,3,3,2,1,0,340.94,0,20,3,1,1,3,11,3,1,1,3
2,2,6,15,0.1,1,3,1,2,0,152.88,1,6,1,1,1,1,20,3,3,1,1
2,2,6,16,0.4,2,3,2,1,0,263.97,1,11,1,3,2,2,2,3,1,1,3
2,2,6,17,1.8,1,1,1,1,1,222.82,1,12,1,1,1,1,7,3,1,3,1
2,2,6,18,1.8,3,3,2,1,0,229.7,1,8,3,1,1,3,2,1,3,3,1
2,2,6,19,0.05,3,3,2,2,1,248.37,1,15,3,3,1,1,20,3,1,1,3
2,2,6,20,0.05,1,2,1,2,0,255.27,1,4,1,3,1,3,15,3,1,2,2
2,2,6,21,0.1,1,3,1,1,1,284.38,1,20,3,1,3,1,13,1,1,3,3
2,2,6,22,0.8,3,2,2,2,1,212.83,1,5,1,1,3,3,15,1,1,2,2
2,2,6,23,0.05,3,1,2,2,1,256.81,1,6,1,1,3,3,19,1,1,1,1
2,2,6,24,0.4,2,2,2,1,0,229.56,1,9,3,3,2,2,11,3,3,2,2
2,2,6,25,0.1,2,3,2,2,1,332.74,0,6,3,1,2,2,8,1,3,3,1
2,2,6,26,0.2,1,3,1,1,1,217.4,1,12,3,1,3,1,4,1,3,3,1
2,2,6,27,0.2,3,2,2,1,0,310.93,0,14,1,1,3,3,17,1,3,2,2
2,2,6,28,0.4,1,2,1,1,1,212.05,1,13,1,3,1,3,11,3,3,2,2
2,2,6,29,0.05,1,1,1,1,1,286.27,1,15,3,1,3,1,20,1,3,1,3
2,2,6,30,0.8,1,2,1,1,1,423.54,0,10,3,1,3,1,17,3,1,2,2
2,2,6,31,1.8,2,3,2,2,1,196.06,1,14,3,1,2,2,3,3,3,1,1
2,2,6,32,0.1,1,1,1,1,1,263.16,1,1,1,1,1,1,16,3,3,3,3
2,2,6,33,0.2,1,1,1,1,1,262.16,1,18,1,1,1,1,12,3,3,3,3
2,2,6,34,0.05,3,3,2,1,0,266.58,1,12,3,1,1,3,15,1,1,3,3
2,2,6,35,0.2,1,3,1,1,1,235.75,1,17,1,3,1,3,19,1,1,3,3
2,2,6,36,0.4,3,2,2,2,1,412.08,0,8,3,3,1,1,13,1,3,2,2
2,2,6,37,0.2,2,2,2,2,1,245.11,1,13,3,1,2,2,6,1,3,2,2
2,2,6,38,0.4,1,2,1,1,1,229.98,1,10,1,1,1,1,3,1,3,2,2
2,2,6,39,0.2,3,1,2,2,1,228.07,1,12,1,3,3,1,20,3,3,3,3
2,2,6,40,0.4,3,2,2,2,1,241.53,1,8,1,1,3,3,20,1,1,2,2
2,2,6,41,0.2,1,3,1,1,1,241.42,1,14,3,3,3,3,14,3,3,1,1
2,2,6,42,0.4,2,2,2,1,0,207.36,1,13,3,3,2,2,11,1,1,2,2
2,2,6,43,0.4,1,2,1,1,1,204.64,1,12,3,1,3,1,2,1,3,2,2
2,2,6,44,0.8,3,1,2,2,1,202.25,1,13,1,3,3,1,1,1,3,1,3
2,2,6,45,0.8,3,1,2,2,1,232.23,1,2,1,3,3,1,5,3,3,3,3
2,2,6,46,0.8,1,2,1,1,1,210.63,1,17,3,1,3,1,9,1,1,2,2
2,2,6,47,0.8,1,3,1,1,1,200.06,1,4,3,3,3,3,2,3,3,1,1
2,2,6,48,1.8,2,1,2,1,0,210.67,1,14,3,1,2,2,16,1,1,1,1
2,2,6,49,0.1,1,1,1,1,1,300.04,0,18,1,1,1,1,4,3,3,3,3
2,2,6,50,0.8,1,2,1,1,1,319.25,0,6,1,3,1,3,8,3,1,2,2
2,2,6,51,0.2,1,1,1,1,1,234.59,1,11,3,3,3,3,12,1,3,1,3
2,2,6,52,0.2,1,1,1,1,1,271.89,1,6,3,3,3,3,15,3,3,3,3
2,2,6,53,0.1,2,3,2,1,0,309.23,0,7,1,3,2,2,19,3,3,1,1
2,2,6,54,1.8,2,1,2,1,0,184.79,1,10,1,3,2,2,8,1,3,1,3
2,2,6,55,1.8,3,1,2,2,1,199.18,1,1,1,3,3,1,9,3,1,3,1
2,2,6,56,0.05,1,2,1,1,1,329.56,0,10,3,3,3,3,10,3,3,2,2
2,2,6,57,1.8,3,3,2,2,1,194.5,1,3,1,1,3,3,13,3,3,1,1
2,2,6,58,1.8,1,2,1,1,1,196.58,1,9,1,1,1,1,11,1,1,2,2
2,2,6,59,0.1,3,1,2,1,0,353.18,0,15,1,3,3,1,20,1,3,1,3
2,2,6,60,0.8,3,1,2,2,1,225.58,1,15,1,1,3,3,17,1,3,1,3
2,2,6,61,0.2,3,2,2,1,0,314.19,0,19,3,1,1,3,16,3,1,2,2
2,2,6,62,0.05,2,3,2,1,0,290.01,1,15,1,3,2,2,16,3,1,1,3
2,2,6,63,0.05,3,2,2,1,0,279.33,1,15,1,3,3,1,20,3,1,2,2
2,2,6,64,0.2,1,3,1,2,0,231.32,1,20,1,1,1,1,12,3,1,1,3
2,2,6,65,1.8,2,1,2,2,1,190.31,1,15,1,3,2,2,20,3,3,3,3
2,2,6,66,0.05,2,3,2,1,0,243.26,1,11,3,1,2,2,14,3,1,1,3
2,2,6,67,1.8,1,2,NaN,NaN,NaN,NaN,NaN,5,1,3,1,3,15,1,1,2,2
2,2,6,68,0.1,1,1,1,1,1,200.95,1,6,3,3,3,3,2,1,1,1,1
2,2,6,69,0.4,3,1,2,2,1,206.71,1,10,3,1,1,3,5,3,1,3,1
2,2,6,70,0.1,1,2,1,2,0,178.8,1,9,3,1,3,1,11,3,3,2,2
2,2,6,71,0.8,2,2,2,2,1,216.7,1,19,3,3,2,2,1,3,3,2,2
2,2,6,72,0.8,1,2,1,1,1,215.67,1,5,3,3,3,3,17,3,3,2,2
2,2,6,73,1.8,1,3,1,1,1,201.08,1,20,3,1,3,1,1,3,1,1,3
2,2,6,74,0.05,2,3,2,1,0,344.07,0,18,3,1,2,2,8,3,3,1,1
2,2,6,75,0.8,1,1,1,1,1,199.83,1,8,1,3,1,3,13,1,3,1,3
2,2,6,76,0.2,1,3,1,1,1,209.07,1,11,1,3,1,3,4,3,1,1,3
2,2,6,77,0.8,1,3,NaN,NaN,NaN,NaN,NaN,10,3,1,3,1,18,1,1,3,3
2,2,6,78,0.8,1,3,1,1,1,258.06,1,17,3,1,3,1,15,3,1,1,3
2,2,7,1,0.1,2,1,2,1,0,206.75,1,7,3,3,2,2,18,3,1,3,1
2,2,7,2,0.8,1,1,1,1,1,193.52,1,13,1,1,1,1,1,1,3,1,3
2,2,7,3,0.4,3,3,2,2,1,209.23,1,10,1,1,3,3,17,3,1,1,3
2,2,7,4,0.4,1,1,1,1,1,212.43,1,17,1,1,1,1,16,3,3,3,3
2,2,7,5,0.1,2,2,2,1,0,223.57,1,10,1,3,2,2,17,3,3,2,2
2,2,7,6,0.4,1,1,1,1,1,214.84,1,1,1,3,1,3,14,3,3,3,3
2,2,7,7,0.4,1,1,1,1,1,195.09,1,18,1,1,1,1,19,1,1,1,1
2,2,7,8,0.2,3,3,2,2,1,304.15,0,7,1,3,3,1,18,1,3,3,1
2,2,7,9,0.1,1,1,1,1,1,286.16,1,19,3,3,3,3,5,1,1,1,1
2,2,7,10,0.1,2,3,2,1,0,287.15,1,1,3,3,2,2,10,3,3,1,1
2,2,7,11,0.1,1,3,1,2,0,240.09,1,10,3,3,3,3,9,3,3,1,1
2,2,7,12,0.05,3,3,2,2,1,297.19,1,2,3,3,1,1,3,3,1,1,3
2,2,7,13,0.8,2,1,2,1,0,215.71,1,5,1,3,2,2,7,1,1,1,1
2,2,7,14,1.8,1,1,1,1,1,189.96,1,20,1,3,1,3,11,3,1,3,1
2,2,7,15,0.8,1,1,NaN,NaN,NaN,NaN,NaN,5,3,1,3,1,5,1,3,1,3
2,2,7,16,0.4,1,1,1,1,1,237.75,1,3,3,1,3,1,14,1,1,1,1
2,2,7,17,0.8,1,2,1,1,1,234.6,1,18,3,1,3,1,16,1,1,2,2
2,2,7,18,0.1,1,3,1,2,0,321.82,0,6,1,1,1,1,7,1,1,3,3
2,2,7,19,0.05,3,3,2,2,1,386.96,0,4,3,3,1,1,20,1,3,3,1
2,2,7,20,0.2,1,2,1,1,1,258.64,1,14,1,1,1,1,7,1,3,2,2
2,2,7,21,0.4,3,1,2,2,1,403.29,0,7,1,1,3,3,1,3,1,3,1
2,2,7,22,0.4,2,3,2,2,1,227.44,1,7,1,1,2,2,17,1,1,3,3
2,2,7,23,1.8,3,3,2,2,1,211.1,1,1,3,3,1,1,11,1,1,3,3
2,2,7,24,0.8,1,2,1,1,1,205.75,1,2,1,1,1,1,4,3,3,2,2
2,2,7,25,0.2,1,3,1,1,1,251.98,1,16,3,3,3,3,14,1,1,3,3
2,2,7,26,0.8,2,3,2,2,1,220.21,1,2,1,1,2,2,5,3,3,1,1
2,2,7,27,0.2,1,3,1,2,0,260.44,1,1,1,3,1,3,6,3,3,1,1
2,2,7,28,0.05,1,2,1,2,0,285.66,1,2,1,3,1,3,11,1,1,2,2
2,2,7,29,0.1,1,2,1,1,1,301.6,0,10,1,1,1,1,16,1,3,2,2
2,2,7,30,0.2,1,2,1,1,1,265.44,1,20,1,3,1,3,19,3,1,2,2
2,2,7,31,0.1,2,2,2,1,0,270.49,1,3,3,1,2,2,19,1,3,2,2
2,2,7,32,0.05,3,3,2,2,1,281.62,1,6,1,3,3,1,13,3,1,1,3
2,2,7,33,0.2,1,2,1,1,1,245.2,1,17,1,1,1,1,15,3,3,2,2
2,2,7,34,0.05,2,2,2,1,0,300.46,0,5,1,1,2,2,8,3,1,2,2
2,2,7,35,1.8,1,1,1,1,1,203.45,1,16,1,1,1,1,13,3,3,3,3
2,2,7,36,1.8,2,1,2,1,0,241.99,1,16,1,1,2,2,3,3,1,3,1
2,2,7,37,0.1,2,1,2,2,1,300.72,0,1,3,3,2,2,17,1,3,1,3
2,2,7,38,0.8,1,2,1,1,1,245.73,1,19,3,1,3,1,16,3,1,2,2
2,2,7,39,0.1,2,1,2,1,0,270.32,1,19,3,3,2,2,19,3,1,3,1
2,2,7,40,0.05,3,3,2,2,1,291.54,1,15,3,3,1,1,8,1,1,3,3
2,2,7,41,0.4,3,3,2,2,1,200.05,1,9,3,3,1,1,9,1,3,3,1
2,2,7,42,0.05,3,3,2,2,1,291.79,1,5,1,1,3,3,9,3,1,1,3
2,2,7,43,0.05,3,1,2,2,1,360.33,0,1,3,1,1,3,13,1,3,1,3
2,2,7,44,0.05,1,1,1,2,0,233.61,1,9,1,3,1,3,3,1,1,1,1
2,2,7,45,1.8,1,2,1,1,1,228.01,1,19,1,1,1,1,10,1,3,2,2
2,2,7,46,0.4,1,3,1,1,1,208.49,1,1,3,1,3,1,14,3,1,1,3
2,2,7,47,0.1,1,1,1,1,1,226.25,1,18,3,3,3,3,1,1,1,1,1
2,2,7,48,1.8,2,3,2,2,1,201.44,1,7,3,3,2,2,16,1,3,3,1
2,2,7,49,0.2,2,3,2,1,0,292.19,1,3,3,1,2,2,17,1,1,3,3
2,2,7,50,0.8,2,3,2,2,1,192.77,1,7,3,3,2,2,20,1,1,3,3
2,2,7,51,0.2,3,3,2,2,1,336.31,0,9,3,1,1,3,7,1,3,3,1
2,2,7,52,1.8,1,3,1,1,1,211.97,1,19,3,3,3,3,9,1,3,3,1
2,2,7,53,0.2,3,3,2,1,0,236.82,1,1,3,3,1,1,4,3,3,1,1
2,2,7,54,0.05,3,3,2,2,1,271.44,1,3,1,1,3,3,15,1,1,3,3
2,2,7,55,0.05,3,1,2,2,1,227.63,1,15,1,1,3,3,2,3,1,3,1
2,2,7,56,0.1,1,2,1,1,1,244.35,1,8,3,1,3,1,8,1,3,2,2
2,2,7,57,0.8,2,3,2,2,1,198.66,1,12,1,3,2,2,11,3,3,1,1
2,2,7,58,0.4,3,2,2,2,1,199.91,1,9,1,1,3,3,2,3,1,2,2
2,2,7,59,0.2,3,1,2,2,1,243.85,1,2,1,1,3,3,6,1,1,1,1
2,2,7,60,1.8,1,1,1,1,1,241.77,1,3,3,3,3,3,18,1,3,1,3
2,2,7,61,0.8,2,3,2,2,1,224.13,1,8,3,1,2,2,10,3,3,1,1
2,2,7,62,0.2,2,2,2,1,0,203.56,1,17,3,1,2,2,8,3,1,2,2
2,2,7,63,0.4,1,3,1,1,1,260.74,1,18,1,3,1,3,1,1,1,3,3
2,2,7,64,1.8,1,2,1,1,1,246.52,1,17,1,1,1,1,18,1,3,2,2
2,2,7,65,1.8,3,1,2,2,1,201.24,1,19,3,1,1,3,15,1,1,1,1
2,2,7,66,0.4,1,1,1,1,1,219.72,1,18,1,1,1,1,1,1,1,1,1
2,2,7,67,0.2,1,3,1,1,1,269.93,1,11,3,3,3,3,3,3,1,1,3
2,2,7,68,1.8,3,3,2,2,1,206.49,1,3,1,3,3,1,2,3,1,1,3
2,2,7,69,0.4,3,2,2,2,1,271.67,1,12,1,3,3,1,10,3,1,2,2
2,2,7,70,0.2,1,3,1,1,1,276.44,1,12,1,3,1,3,5,1,1,3,3
2,2,7,71,0.8,2,1,2,1,0,217.49,1,1,3,3,2,2,15,1,3,1,3
2,2,7,72,0.05,3,2,2,2,1,258.49,1,11,3,1,1,3,7,3,3,2,2
2,2,7,73,0.05,1,2,1,2,0,240.88,1,11,1,3,1,3,7,3,1,2,2
2,2,7,74,0.1,1,2,1,1,1,226.22,1,5,1,1,1,1,5,1,1,2,2
2,2,7,75,0.8,1,3,1,2,0,368.94,0,2,1,3,1,3,20,1,1,3,3
2,2,7,76,0.8,3,3,NaN,NaN,NaN,NaN,NaN,11,3,3,1,1,16,1,3,3,1
2,2,7,77,1.8,1,2,1,1,1,261.26,1,17,3,1,3,1,17,3,3,2,2
2,2,7,78,1.8,1,3,1,1,1,198.24,1,18,1,1,1,1,5,3,1,1,3
2,2,8,1,1.8,1,3,1,1,1,192.67,1,11,3,1,3,1,7,3,1,1,3
2,2,8,2,1.8,3,2,2,1,0,248.99,1,18,3,1,1,3,20,3,1,2,2
2,2,8,3,0.8,3,3,2,2,1,190,1,16,3,3,1,1,15,1,3,3,1
2,2,8,4,0.4,2,2,2,1,0,301.07,0,15,3,3,2,2,7,3,3,2,2
2,2,8,5,0.2,1,1,1,1,1,273.57,1,18,3,1,3,1,14,3,3,3,3
2,2,8,6,1.8,1,1,1,1,1,242.06,1,15,1,1,1,1,8,1,3,1,3
2,2,8,7,1.8,1,3,1,1,1,249.05,1,1,1,3,1,3,15,1,3,3,1
2,2,8,8,0.4,3,2,2,2,1,255.83,1,20,1,1,3,3,20,1,1,2,2
2,2,8,9,0.1,1,3,1,1,1,332.25,0,15,1,3,1,3,11,1,3,3,1
2,2,8,10,0.8,2,1,2,1,0,216.65,1,9,1,3,2,2,2,3,1,3,1
2,2,8,11,1.8,1,3,1,2,0,199.34,1,20,3,1,3,1,20,3,3,1,1
2,2,8,12,1.8,3,1,2,2,1,193.85,1,8,3,1,1,3,18,3,1,3,1
2,2,8,13,1.8,2,1,2,1,0,204.86,1,9,3,3,2,2,19,3,3,3,3
2,2,8,14,1.8,3,3,2,2,1,211.7,1,19,1,3,3,1,2,1,1,3,3
2,2,8,15,0.8,3,3,2,2,1,245.09,1,1,1,3,3,1,10,1,3,3,1
2,2,8,16,0.2,3,2,2,2,1,221.61,1,5,1,3,3,1,4,1,1,2,2
2,2,8,17,0.2,3,2,2,2,1,258.96,1,17,1,1,3,3,16,3,1,2,2
2,2,8,18,0.8,2,3,2,2,1,256.29,1,9,1,3,2,2,19,1,1,3,3
2,2,8,19,0.1,1,3,1,1,1,281.03,1,8,3,3,3,3,6,1,1,3,3
2,2,8,20,0.1,1,1,1,1,1,283.92,1,12,3,3,3,3,2,3,3,3,3
2,2,8,21,0.1,1,3,1,1,1,298.68,1,7,3,3,3,3,12,1,3,3,1
2,2,8,22,0.4,3,3,2,2,1,242.66,1,15,1,3,3,1,2,1,3,3,1
2,2,8,23,0.2,1,1,1,1,1,257.32,1,2,3,3,3,3,6,1,3,1,3
2,2,8,24,0.8,3,3,2,2,1,201.15,1,11,3,1,1,3,13,1,1,3,3
2,2,8,25,1.8,2,2,2,1,0,200.36,1,19,3,3,2,2,6,3,3,2,2
2,2,8,26,0.05,2,1,2,1,0,327.34,0,7,1,3,2,2,11,3,1,3,1
2,2,8,27,0.05,1,3,1,2,0,265.05,1,7,3,1,3,1,1,3,1,1,3
2,2,8,28,0.4,1,1,1,2,0,416.59,0,17,3,1,3,1,6,3,3,3,3
2,2,8,29,0.4,1,3,1,1,1,244.86,1,11,3,1,3,1,6,3,1,1,3
2,2,8,30,0.05,3,1,2,1,0,315.01,0,13,1,1,3,3,16,1,3,1,3
2,2,8,31,0.2,1,2,1,1,1,211.67,1,11,3,3,3,3,19,1,3,2,2
2,2,8,32,0.4,3,2,NaN,NaN,NaN,NaN,NaN,3,3,3,1,1,16,1,3,2,2
2,2,8,33,0.8,3,2,2,2,1,243.93,1,14,3,1,1,3,4,1,1,2,2
2,2,8,34,0.1,1,3,1,1,1,282.36,1,15,1,3,1,3,11,3,1,1,3
2,2,8,35,1.8,1,2,1,1,1,255.75,1,4,3,1,3,1,12,1,3,2,2
2,2,8,36,0.05,3,1,2,2,1,380.31,0,3,3,3,1,1,3,1,1,1,1
2,2,8,37,0.4,3,2,2,2,1,208.08,1,7,3,1,1,3,15,3,3,2,2
2,2,8,38,0.05,1,3,1,1,1,244.18,1,6,3,3,3,3,12,1,3,3,1
2,2,8,39,0.1,3,3,2,2,1,262.55,1,12,1,1,3,3,8,1,1,3,3
2,2,8,40,0.4,3,3,2,2,1,235.02,1,16,1,1,3,3,7,1,3,3,1
2,2,8,41,0.2,1,3,1,2,0,328.43,0,18,3,1,3,1,9,1,1,3,3
2,2,8,42,0.1,2,2,2,1,0,292.13,1,6,3,3,2,2,7,1,3,2,2
2,2,8,43,0.4,2,1,2,1,0,212.24,1,2,3,3,2,2,14,3,1,3,1
2,2,8,44,0.8,1,2,1,1,1,198.5,1,16,3,1,3,1,9,1,1,2,2
2,2,8,45,0.4,3,3,2,2,1,196.01,1,16,1,1,3,3,15,1,1,3,3
2,2,8,46,0.05,3,3,2,2,1,417.74,0,4,3,1,1,3,7,1,3,3,1
2,2,8,47,0.05,1,3,1,1,1,206.92,1,3,1,1,1,1,18,1,3,3,1
2,2,8,48,0.8,3,3,2,2,1,213.26,1,11,1,1,3,3,6,1,1,3,3
2,2,8,49,0.1,1,1,1,2,0,265.44,1,13,1,1,1,1,10,3,1,3,1
2,2,8,50,1.8,1,3,1,1,1,230.43,1,5,1,3,1,3,19,3,3,1,1
2,2,8,51,0.2,1,1,1,1,1,215.95,1,4,3,3,3,3,18,1,3,1,3
2,2,8,52,0.1,1,3,1,1,1,322.54,0,6,3,1,3,1,18,3,1,1,3
2,2,8,53,0.4,3,2,2,2,1,266.79,1,6,3,3,1,1,18,1,3,2,2
2,2,8,54,0.2,2,2,2,2,1,268.1,1,16,1,3,2,2,20,1,3,2,2
2,2,8,55,0.4,1,1,1,1,1,216.04,1,4,1,1,1,1,15,3,3,3,3
2,2,8,56,0.05,2,3,2,1,0,279.52,1,12,3,3,2,2,2,3,1,1,3
2,2,8,57,0.8,2,3,2,1,0,231.5,1,5,3,1,2,2,7,1,3,3,1
2,2,8,58,0.2,2,3,2,2,1,267.78,1,16,3,1,2,2,8,1,3,3,1
2,2,8,59,0.05,1,3,1,1,1,236.87,1,2,3,1,3,1,9,3,1,1,3
2,2,8,60,0.1,1,1,1,1,1,258.3,1,4,1,3,1,3,7,3,3,3,3
2,2,8,61,0.8,3,3,2,2,1,202.6,1,12,1,3,3,1,12,1,1,3,3
2,2,8,62,0.1,1,1,1,2,0,224.64,1,1,1,3,1,3,3,1,3,1,3
2,2,8,63,0.4,3,2,2,2,1,211.37,1,9,1,3,3,1,3,3,3,2,2
2,2,8,64,0.05,3,1,2,2,1,436.9,0,13,1,1,3,3,18,1,3,1,3
2,2,8,65,0.05,1,1,1,1,1,196.71,1,19,1,1,1,1,12,3,3,3,3
2,2,8,66,0.8,1,2,1,1,1,191.55,1,7,3,3,3,3,18,1,1,2,2
2,2,8,67,0.05,3,3,2,1,0,347.8,0,1,1,1,3,3,16,1,3,3,1
2,2,8,68,0.2,1,3,1,1,1,222.02,1,8,1,3,1,3,17,3,3,1,1
2,2,8,69,0.8,2,1,2,1,0,209.51,1,8,3,1,2,2,12,1,3,1,3
2,2,8,70,1.8,3,1,NaN,NaN,NaN,NaN,NaN,13,1,1,3,3,19,1,1,1,1
2,2,8,71,0.2,2,2,2,1,0,167.03,1,5,3,3,2,2,16,1,3,2,2
2,2,8,72,0.1,1,2,1,1,1,250.67,1,5,3,1,3,1,13,3,1,2,2
2,2,8,73,0.05,1,1,1,1,1,236.48,1,16,3,1,3,1,10,1,3,1,3
2,2,8,74,1.8,1,2,1,1,1,267.35,1,10,1,1,1,1,7,1,1,2,2
2,2,8,75,0.2,1,1,1,1,1,255.87,1,20,1,1,1,1,1,1,1,1,1
2,2,8,76,0.8,2,1,2,2,1,207.83,1,11,3,3,2,2,4,1,1,1,1
2,2,8,77,0.1,2,1,2,1,0,273.08,1,9,1,3,2,2,15,1,1,1,1
2,2,8,78,0.2,1,1,1,1,1,262.19,1,8,3,3,3,3,20,1,1,1,1
2,2,9,1,0.2,3,1,2,2,1,246.15,1,4,3,1,1,3,5,1,3,1,3
2,2,9,2,0.1,3,1,2,2,1,279.52,1,18,3,3,1,1,1,1,1,1,1
2,2,9,3,0.05,2,1,2,1,0,224.09,1,5,1,1,2,2,4,3,3,3,3
2,2,9,4,0.4,2,2,2,2,1,219.93,1,11,3,3,2,2,18,3,1,2,2
2,2,9,5,0.2,2,1,2,1,0,133.39,1,15,1,1,2,2,8,3,3,3,3
2,2,9,6,0.05,3,1,2,2,1,379.71,0,5,1,3,3,1,12,3,3,3,3
2,2,9,7,0.8,1,3,NaN,NaN,NaN,NaN,NaN,18,1,3,1,3,18,3,3,1,1
2,2,9,8,0.4,2,3,2,2,1,235.56,1,13,3,1,2,2,10,1,3,3,1
2,2,9,9,0.1,3,3,2,2,1,283.67,1,15,3,3,1,1,15,1,3,3,1
2,2,9,10,1.8,3,1,2,2,1,203.12,1,7,1,1,3,3,6,3,3,3,3
2,2,9,11,1.8,1,3,1,1,1,207.42,1,6,1,3,1,3,18,3,1,1,3
2,2,9,12,0.4,1,3,1,1,1,228.44,1,6,1,3,1,3,7,1,1,3,3
2,2,9,13,0.1,1,2,1,1,1,253.09,1,5,1,3,1,3,12,1,3,2,2
2,2,9,14,0.1,2,3,2,1,0,284.33,1,16,1,1,2,2,19,3,3,1,1
2,2,9,15,0.2,2,1,2,1,0,303.47,0,5,1,1,2,2,16,1,3,1,3
2,2,9,16,0.4,1,2,1,1,1,212.83,1,20,1,3,1,3,9,1,3,2,2
2,2,9,17,0.8,1,1,1,1,1,226.99,1,15,1,3,1,3,20,3,1,3,1
2,2,9,18,0.1,3,3,2,2,1,309.02,0,13,1,3,3,1,4,3,1,1,3
2,2,9,19,0.2,1,2,1,1,1,218.95,1,8,1,3,1,3,3,1,1,2,2
2,2,9,20,0.4,2,1,2,1,0,215.28,1,16,1,3,2,2,11,3,3,3,3
2,2,9,21,1.8,1,2,1,1,1,197.46,1,7,3,3,3,3,8,1,1,2,2
2,2,9,22,0.8,3,1,2,2,1,234.01,1,7,1,3,3,1,6,1,1,1,1
2,2,9,23,0.2,1,1,1,1,1,256.24,1,18,3,1,3,1,12,1,1,1,1
2,2,9,24,0.1,1,2,1,1,1,272.58,1,3,3,1,3,1,15,3,1,2,2
2,2,9,25,0.4,2,2,2,1,0,227.42,1,17,1,1,2,2,16,1,1,2,2
2,2,9,26,0.8,1,2,1,1,1,205.56,1,17,1,3,1,3,15,3,3,2,2
2,2,9,27,0.8,2,1,2,1,0,224.92,1,19,3,3,2,2,18,3,3,3,3
2,2,9,28,0.05,1,1,1,1,1,264.16,1,2,1,1,1,1,20,1,3,1,3
2,2,9,29,1.8,1,1,NaN,NaN,NaN,NaN,NaN,16,1,1,1,1,18,3,3,3,3
2,2,9,30,0.4,2,2,2,1,0,278.62,1,4,1,1,2,2,8,1,1,2,2
2,2,9,31,1.8,1,2,1,1,1,272.8,1,16,3,1,3,1,5,1,1,2,2
2,2,9,32,0.1,2,1,2,1,0,289.75,1,12,3,3,2,2,1,1,3,1,3
2,2,9,33,0.05,1,2,1,1,1,352.66,0,19,1,1,1,1,2,1,1,2,2
2,2,9,34,0.05,2,1,2,1,0,291.66,1,17,1,1,2,2,2,1,3,1,3
2,2,9,35,0.4,2,1,2,2,1,224.37,1,18,1,1,2,2,8,1,3,1,3
2,2,9,36,0.05,1,1,1,1,1,273.63,1,5,3,3,3,3,10,3,1,3,1
2,2,9,37,0.05,2,1,2,1,0,264.95,1,7,1,3,2,2,1,3,3,3,3
2,2,9,38,0.2,1,2,1,1,1,256.44,1,3,1,1,1,1,18,1,1,2,2
2,2,9,39,1.8,1,2,1,1,1,247.91,1,9,3,1,3,1,19,1,1,2,2
2,2,9,40,0.1,3,1,2,2,1,345.08,0,3,1,1,3,3,12,1,3,1,3
2,2,9,41,0.4,1,1,1,1,1,207.61,1,13,1,3,1,3,5,3,3,3,3
2,2,9,42,0.8,1,2,1,1,1,200.89,1,12,3,3,3,3,19,3,3,2,2
2,2,9,43,0.2,3,3,2,2,1,222.67,1,10,1,1,3,3,4,3,3,1,1
2,2,9,44,1.8,3,2,2,1,0,197.91,1,12,3,1,1,3,10,1,1,2,2
2,2,9,45,0.8,1,1,1,1,1,214.01,1,1,1,3,1,3,1,3,1,3,1
2,2,9,46,0.1,2,3,2,1,0,291.66,1,9,3,3,2,2,20,1,3,3,1
2,2,9,47,0.05,2,3,2,1,0,321.51,0,4,1,1,2,2,13,3,1,1,3
2,2,9,48,1.8,3,3,NaN,NaN,NaN,NaN,NaN,17,3,3,1,1,18,3,3,1,1
2,2,9,49,0.05,1,3,1,2,0,1008.1,0,4,1,3,1,3,13,1,1,3,3
2,2,9,50,0.1,1,1,1,1,1,194.92,1,13,3,1,3,1,5,1,3,1,3
2,2,9,51,0.4,2,1,2,1,0,221.75,1,1,1,3,2,2,2,3,3,3,3
2,2,9,52,0.4,1,1,1,1,1,213.37,1,9,3,1,3,1,12,3,3,3,3
2,2,9,53,0.2,3,1,2,2,1,267.14,1,18,1,1,3,3,7,3,3,3,3
2,2,9,54,1.8,3,3,2,2,1,202.54,1,15,3,3,1,1,11,3,3,1,1
2,2,9,55,0.1,3,2,2,2,1,296.63,1,8,3,3,1,1,7,1,3,2,2
2,2,9,56,0.8,3,3,2,2,1,213.53,1,9,1,3,3,1,7,1,1,3,3
2,2,9,57,1.8,2,1,2,1,0,228.71,1,2,1,3,2,2,15,3,1,3,1
2,2,9,58,0.05,3,1,2,1,0,341.17,0,9,3,3,1,1,1,1,1,1,1
2,2,9,59,0.8,1,1,1,1,1,208.42,1,17,1,1,1,1,18,3,1,3,1
2,2,9,60,0.2,3,2,2,2,1,224.08,1,15,1,1,3,3,3,3,1,2,2
2,2,9,61,1.8,1,3,1,1,1,212.28,1,5,3,3,3,3,7,1,1,3,3
2,2,9,62,0.8,3,2,2,2,1,220.35,1,2,1,3,3,1,13,1,3,2,2
2,2,9,63,0.4,3,1,2,2,1,237.11,1,3,1,1,3,3,14,3,3,3,3
2,2,9,64,0.2,3,2,2,2,1,266.86,1,8,3,3,1,1,12,1,3,2,2
2,2,9,65,0.1,2,2,2,1,0,303.9,0,5,3,1,2,2,8,3,3,2,2
2,2,9,66,0.8,2,1,2,1,0,203.76,1,4,3,3,2,2,6,3,3,3,3
2,2,9,67,0.1,3,1,2,2,1,293.4,1,16,3,1,1,3,9,1,3,1,3
2,2,9,68,0.2,2,1,2,1,0,244.11,1,19,1,1,2,2,7,3,1,3,1
2,2,9,69,0.2,2,3,2,1,0,274.89,1,17,1,1,2,2,5,3,1,1,3
2,2,9,70,0.05,1,1,1,1,1,233.45,1,3,1,1,1,1,4,1,3,1,3
2,2,9,71,0.8,1,2,1,1,1,208,1,12,1,3,1,3,7,1,1,2,2
2,2,9,72,0.05,2,3,2,2,1,316.27,0,8,1,3,2,2,7,1,3,3,1
2,2,9,73,0.2,1,2,1,1,1,83.504,2,17,3,3,3,3,16,3,3,2,2
2,2,9,74,0.8,1,3,1,1,1,230.69,1,11,3,1,3,1,11,3,3,1,1
2,2,9,75,1.8,1,2,1,1,1,207.52,1,4,1,3,1,3,5,3,3,2,2
2,2,9,76,0.05,2,2,2,1,0,316.77,0,10,3,3,2,2,16,1,1,2,2
2,2,9,77,1.8,1,2,1,1,1,212.19,1,1,1,3,1,3,6,3,1,2,2
2,2,9,78,0.4,3,3,2,2,1,241.58,1,9,1,1,3,3,14,1,3,3,1
2,2,10,1,0.2,3,1,2,2,1,308.25,0,5,1,1,3,3,14,3,3,3,3
2,2,10,2,0.8,1,2,1,1,1,218.21,1,10,1,3,1,3,19,3,3,2,2
2,2,10,3,1.8,1,3,1,1,1,203.63,1,5,1,1,1,1,15,3,1,1,3
2,2,10,4,0.4,3,2,2,2,1,238.5,1,11,1,3,3,1,16,1,1,2,2
2,2,10,5,0.05,3,2,2,2,1,319.75,0,15,3,1,1,3,5,1,1,2,2
2,2,10,6,0.4,1,3,1,1,1,183,1,12,1,1,1,1,5,1,1,3,3
2,2,10,7,0.2,1,2,1,1,1,206.75,1,1,3,3,3,3,12,1,1,2,2
2,2,10,8,1.8,1,1,1,1,1,213.62,1,2,1,3,1,3,2,3,1,3,1
2,2,10,9,0.2,1,3,1,1,1,248.8,1,20,3,1,3,1,17,3,3,1,1
2,2,10,10,1.8,2,3,2,1,0,241.44,1,7,3,3,2,2,15,1,3,3,1
2,2,10,11,0.4,3,1,2,2,1,221.11,1,1,1,3,3,1,4,1,3,1,3
2,2,10,12,0.8,3,3,NaN,NaN,NaN,NaN,NaN,15,3,1,1,3,11,1,3,3,1
2,2,10,13,0.05,3,2,2,2,1,283.08,1,9,3,3,1,1,9,1,3,2,2
2,2,10,14,1.8,1,3,1,1,1,223.23,1,15,3,1,3,1,7,1,3,3,1
2,2,10,15,0.1,1,3,1,1,1,291.59,1,11,1,1,1,1,7,3,1,1,3
2,2,10,16,0.2,2,2,2,1,0,268.37,1,16,1,1,2,2,11,3,3,2,2
2,2,10,17,0.2,1,1,1,1,1,264.42,1,13,3,1,3,1,4,1,1,1,1
2,2,10,18,1.8,1,3,1,1,1,205.58,1,9,3,1,3,1,18,3,3,1,1
2,2,10,19,0.4,3,2,2,2,1,242.38,1,7,1,3,3,1,15,1,3,2,2
2,2,10,20,0.05,3,2,2,2,1,393.91,0,18,1,1,3,3,9,3,3,2,2
2,2,10,21,0.2,3,2,2,2,1,239.14,1,4,1,3,3,1,19,1,1,2,2
2,2,10,22,0.2,1,2,1,2,0,308.47,0,6,1,3,1,3,15,3,1,2,2
2,2,10,23,1.8,3,3,2,2,1,233.98,1,7,3,3,1,1,15,1,3,3,1
2,2,10,24,0.8,3,1,2,2,1,235.57,1,19,3,1,1,3,15,1,3,1,3
2,2,10,25,0.05,1,1,1,2,0,278.22,1,13,3,1,3,1,6,1,3,1,3
2,2,10,26,0.8,3,2,2,2,1,195.06,1,14,3,3,1,1,1,1,3,2,2
2,2,10,27,0.05,1,1,1,1,1,325.7,0,16,1,3,1,3,6,1,1,1,1
2,2,10,28,0.4,3,1,2,2,1,243.47,1,4,3,3,1,1,19,3,3,3,3
2,2,10,29,0.2,2,1,2,1,0,240.64,1,3,1,3,2,2,3,3,3,3,3
2,2,10,30,0.1,1,2,1,1,1,291.94,1,16,1,3,1,3,19,1,3,2,2
2,2,10,31,0.1,2,3,2,1,0,287.88,1,13,1,3,2,2,6,3,1,1,3
2,2,10,32,0.4,1,3,1,2,0,243.97,1,10,1,3,1,3,9,1,3,3,1
2,2,10,33,0.8,2,3,2,1,0,230.52,1,5,3,1,2,2,9,1,1,3,3
2,2,10,34,0.05,1,1,1,1,1,317.88,0,18,1,1,1,1,8,1,3,1,3
2,2,10,35,0.4,3,2,2,2,1,206.32,1,13,3,1,1,3,15,1,1,2,2
2,2,10,36,0.4,1,1,1,1,1,214.71,1,2,1,3,1,3,16,3,3,3,3
2,2,10,37,0.1,1,1,1,1,1,275.64,1,4,3,1,3,1,8,3,1,3,1
2,2,10,38,1.8,3,1,2,2,1,199.25,1,14,1,1,3,3,18,3,3,3,3
2,2,10,39,0.05,2,1,2,1,0,296.71,1,13,3,3,2,2,10,3,1,3,1
2,2,10,40,0.1,3,3,2,2,1,352.31,0,1,1,3,3,1,16,3,3,1,1
2,2,10,41,1.8,1,3,1,2,0,197.03,1,12,1,3,1,3,4,3,3,1,1
2,2,10,42,0.8,3,1,2,2,1,234.46,1,5,3,3,1,1,7,3,3,3,3
2,2,10,43,0.1,2,2,2,1,0,290.82,1,11,1,1,2,2,8,1,1,2,2
2,2,10,44,0.2,1,1,1,2,0,325.81,0,5,1,1,1,1,20,3,1,3,1
2,2,10,45,0.8,3,3,2,2,1,199.36,1,9,3,3,1,1,2,1,1,3,3
2,2,10,46,0.05,1,2,1,1,1,353.48,0,8,1,1,1,1,20,1,1,2,2
2,2,10,47,1.8,3,3,2,2,1,192.36,1,13,3,3,1,1,15,3,3,1,1
2,2,10,48,1.8,2,2,2,1,0,192.08,1,7,1,3,2,2,3,3,1,2,2
2,2,10,49,1.8,1,1,1,1,1,216.48,1,3,1,1,1,1,12,1,1,1,1
2,2,10,50,0.05,3,1,2,2,1,402.05,0,18,3,3,1,1,1,1,3,1,3
2,2,10,51,0.2,1,1,1,1,1,145.02,1,3,3,3,3,3,5,1,1,1,1
2,2,10,52,0.2,1,1,1,1,1,238.8,1,19,1,3,1,3,19,3,3,3,3
2,2,10,53,0.2,1,1,1,1,1,215.49,1,7,3,1,3,1,8,3,1,3,1
2,2,10,54,0.8,1,3,1,1,1,214.89,1,18,1,1,1,1,3,3,1,1,3
2,2,10,55,0.1,2,1,2,2,1,388.72,0,1,1,1,2,2,3,1,1,1,1
2,2,10,56,0.05,1,3,1,2,0,246.59,1,18,3,1,3,1,18,1,1,3,3
2,2,10,57,0.1,1,2,1,2,0,301.85,0,12,1,1,1,1,2,3,1,2,2
2,2,10,58,0.05,1,3,1,1,1,315.25,0,19,1,3,1,3,1,3,1,1,3
2,2,10,59,0.1,3,3,2,1,0,199.29,1,5,1,1,3,3,6,1,3,3,1
2,2,10,60,0.4,1,1,1,1,1,217.86,1,5,3,3,3,3,10,1,1,1,1
2,2,10,61,0.8,3,1,2,1,0,254.35,1,20,3,1,1,3,17,3,1,3,1
2,2,10,62,0.2,1,3,1,1,1,151.57,1,20,3,3,3,3,10,1,3,3,1
2,2,10,63,0.4,1,1,1,1,1,22.217,2,5,3,1,3,1,10,3,1,3,1
2,2,10,64,0.4,1,2,1,1,1,218.02,1,8,3,3,3,3,4,3,1,2,2
2,2,10,65,1.8,2,1,2,1,0,199.34,1,19,3,3,2,2,15,3,1,3,1
2,2,10,66,0.4,3,2,2,2,1,227.77,1,1,3,3,1,1,19,3,3,2,2
2,2,10,67,0.1,1,1,1,1,1,284.31,1,3,1,1,1,1,14,3,1,3,1
2,2,10,68,0.05,1,1,1,1,1,321.41,0,6,1,3,1,3,2,3,3,3,3
2,2,10,69,1.8,2,1,NaN,NaN,NaN,NaN,NaN,9,3,3,2,2,17,3,1,3,1
2,2,10,70,0.1,2,1,2,1,0,277.71,1,15,1,3,2,2,15,3,1,3,1
2,2,10,71,0.05,1,1,1,1,1,425.28,0,18,1,1,1,1,5,1,1,1,1
2,2,10,72,0.8,1,1,NaN,NaN,NaN,NaN,NaN,2,1,1,1,1,14,3,1,3,1
2,2,10,73,0.8,1,2,1,1,1,244.03,1,9,1,3,1,3,10,3,1,2,2
2,2,10,74,0.8,1,2,1,1,1,283.31,1,2,1,1,1,1,11,1,1,2,2
2,2,10,75,0.1,3,3,2,2,1,335.5,0,4,3,3,1,1,13,1,1,3,3
2,2,10,76,0.4,1,2,1,1,1,228.96,1,12,1,3,1,3,13,1,1,2,2
2,2,10,77,0.8,1,1,1,1,1,226.09,1,18,1,1,1,1,1,1,3,1,3
2,2,10,78,0.1,1,2,1,1,1,304.51,0,5,3,3,3,3,16,1,1,2,2
