3,11,1,1,0.8,1,3,1,1,1,210.27,1,12,3,3,3,3,18,1,1,3,3
3,11,1,2,1.8,1,2,1,1,1,265.74,1,2,3,3,3,3,6,1,1,2,2
3,11,1,3,0.2,1,3,1,1,1,222.24,1,12,3,3,3,3,4,3,1,1,3
3,11,1,4,0.1,1,3,1,1,1,263.44,1,4,3,1,3,1,19,3,3,1,1
3,11,1,5,0.8,3,1,2,2,1,223.11,1,16,1,3,3,1,6,3,3,3,3
3,11,1,6,0.4,2,3,2,2,1,327.63,0,13,1,1,2,2,2,3,3,1,1
3,11,1,7,0.1,2,2,2,1,0,227.81,1,10,3,1,2,2,3,1,3,2,2
3,11,1,8,0.8,1,1,1,1,1,244.5,1,18,1,1,1,1,5,3,1,3,1
3,11,1,9,1.8,1,2,1,1,1,223.84,1,10,1,3,1,3,5,3,3,2,2
3,11,1,10,0.2,1,2,1,1,1,242.79,1,16,1,1,1,1,12,1,1,2,2
3,11,1,11,0.4,1,1,NaN,NaN,NaN,NaN,NaN,13,3,3,3,3,5,1,3,1,3
3,11,1,12,0.8,3,1,2,2,1,251.03,1,8,1,3,3,1,4,3,3,3,3
3,11,1,13,0.05,1,2,1,1,1,353.95,0,3,3,3,3,3,19,1,1,2,2
3,11,1,14,1.8,1,1,1,2,0,214.27,1,20,1,3,1,3,12,3,1,3,1
3,11,1,15,0.2,2,1,2,1,0,228.4,1,4,1,1,2,2,2,1,3,1,3
3,11,1,16,0.4,1,1,1,1,1,245.46,1,8,1,3,1,3,19,3,3,3,3
3,11,1,17,0.05,1,2,1,1,1,274.76,1,19,1,1,1,1,3,1,3,2,2
3,11,1,18,1.8,3,2,2,2,1,249.57,1,4,3,1,1,3,15,1,3,2,2
3,11,1,19,0.4,2,3,2,2,1,308.89,0,16,3,1,2,2,9,3,1,1,3
3,11,1,20,0.4,1,3,1,1,1,244.75,1,10,1,1,1,1,15,3,3,1,1
3,11,1,21,0.4,2,1,2,2,1,258.53,1,19,3,1,2,2,2,3,1,3,1
3,11,1,22,0.05,1,1,1,1,1,310.6,0,10,3,1,3,1,15,1,3,1,3
3,11,1,23,0.4,2,3,2,2,1,330.3,0,20,3,1,2,2,11,1,1,3,3
3,11,1,24,1.8,3,1,2,2,1,261.07,1,18,1,3,3,1,2,1,1,1,1
3,11,1,25,0.05,3,3,2,2,1,261.39,1,1,3,1,1,3,20,1,3,3,1
3,11,1,26,0.8,3,3,2,2,1,255.54,1,8,3,1,1,3,18,1,3,3,1
3,11,1,27,0.1,1,2,1,1,1,298.81,1,2,1,3,1,3,9,1,3,2,2
3,11,1,28,0.4,1,1,1,1,1,172.41,1,6,1,3,1,3,16,1,1,1,1
3,11,1,29,0.8,3,2,NaN,NaN,NaN,NaN,NaN,17,3,1,1,3,18,1,1,2,2
3,11,1,30,0.2,3,3,2,2,1,223.57,1,12,1,1,3,3,18,3,1,1,3
3,11,1,31,0.4,1,3,1,1,1,220.83,1,4,1,3,1,3,15,3,3,1,1
3,11,1,32,0.05,1,1,1,1,1,386.79,0,10,1,3,1,3,10,3,1,3,1
3,11,1,33,0.05,3,2,2,2,1,300.74,0,15,3,1,1,3,5,3,1,2,2
3,11,1,34,0.1,2,3,2,1,0,1020.2,0,10,1,1,2,2,14,1,3,3,1
3,11,1,35,1.8,2,3,2,2,1,273.48,1,17,1,3,2,2,8,1,1,3,3
3,11,1,36,0.05,1,1,1,1,1,264.56,1,20,3,3,3,3,8,3,1,3,1
3,11,1,37,0.1,1,2,1,1,1,235.42,1,5,3,1,3,1,6,1,1,2,2
3,11,1,38,0.2,3,2,2,2,1,102.47,1,11,1,1,3,3,20,1,1,2,2
3,11,1,39,0.2,3,1,2,2,1,152.49,1,5,3,3,1,1,4,3,3,3,3
3,11,1,40,0.2,2,1,2,1,0,264.11,1,8,3,1,2,2,16,1,1,1,1
3,11,1,41,1.8,2,3,2,2,1,211.43,1,17,3,1,2,2,6,1,3,3,1
3,11,1,42,0.8,1,1,1,1,1,254.27,1,3,1,1,1,1,19,1,3,1,3
3,11,1,43,1.8,3,1,2,2,1,227.2,1,9,1,3,3,1,19,1,1,1,1
3,11,1,44,0.2,2,2,2,2,1,424.72,0,7,3,3,2,2,19,3,1,2,2
3,11,1,45,0.2,2,2,2,2,1,277.1,1,6,1,1,2,2,9,1,1,2,2
3,11,1,46,0.05,1,1,1,1,1,281.28,1,19,1,1,1,1,18,1,3,1,3
3,11,1,47,0.1,2,3,2,1,0,215,1,3,3,1,2,2,18,3,3,1,1
3,11,1,48,0.8,3,1,2,2,1,188.04,1,9,1,3,3,1,14,1,1,1,1
3,11,1,49,0.4,2,2,2,2,1,277.97,1,12,3,3,2,2,9,3,1,2,2
3,11,1,50,0.05,1,2,1,1,1,235.75,1,10,1,3,1,3,18,3,1,2,2
3,11,1,51,0.1,1,2,1,1,1,361.51,0,12,3,1,3,1,6,1,1,2,2
3,11,1,52,0.4,1,2,1,1,1,215.96,1,8,3,3,3,3,11,1,1,2,2
3,11,1,53,0.1,2,1,2,2,1,227.5,1,4,3,1,2,2,12,3,1,3,1
3,11,1,54,1.8,3,1,NaN,NaN,NaN,NaN,NaN,8,1,1,3,3,18,1,1,1,1
3,11,1,55,0.8,1,2,1,1,1,271.49,1,15,3,1,3,1,9,3,1,2,2
3,11,1,56,0.1,3,1,2,2,1,213.86,1,19,3,3,1,1,15,3,1,3,1
3,11,1,57,0.4,1,3,1,1,1,307.14,0,14,3,1,3,1,9,1,1,3,3
3,11,1,58,0.05,3,3,2,2,1,230.29,1,14,1,1,3,3,5,3,3,1,1
3,11,1,59,0.8,3,2,NaN,NaN,NaN,NaN,NaN,11,3,1,1,3,16,1,3,2,2
3,11,1,60,0.1,3,1,2,2,1,204.99,1,3,1,3,3,1,14,1,3,1,3
3,11,1,61,1.8,1,3,1,2,0,309.88,0,20,3,1,3,1,8,3,3,1,1
3,11,1,62,0.2,1,1,1,1,1,269.58,1,16,3,3,3,3,5,3,1,3,1
3,11,1,63,0.05,3,3,2,2,1,268.66,1,14,3,1,1,3,11,1,1,3,3
3,11,1,64,0.8,3,1,NaN,NaN,NaN,NaN,NaN,3,1,3,3,1,19,1,3,1,3
3,11,1,65,0.2,2,2,2,2,1,276.1,1,17,3,3,2,2,4,1,1,2,2
3,11,1,66,0.4,2,2,2,1,0,65.771,2,13,1,3,2,2,11,3,1,2,2
3,11,1,67,0.1,1,2,1,1,1,303.78,0,19,1,1,1,1,17,3,3,2,2
3,11,1,68,1.8,2,3,2,2,1,253,1,5,3,1,2,2,12,3,3,1,1
3,11,1,69,0.1,2,3,2,2,1,260.75,1,17,3,3,2,2,2,3,1,1,3
3,11,1,70,0.05,1,2,1,1,1,312.51,0,18,1,1,1,1,16,3,3,2,2
3,11,1,71,0.8,2,1,2,2,1,219.66,1,11,1,3,2,2,18,3,1,3,1
3,11,1,72,0.05,1,1,1,1,1,280.96,1,17,3,1,3,1,8,1,3,1,3
3,11,1,73,0.2,3,2,2,2,1,89.819,2,18,3,1,1,3,2,1,1,2,2
3,11,1,74,0.8,1,3,1,1,1,289.65,1,4,1,1,1,1,1,1,3,3,1
3,11,1,75,1.8,2,2,2,2,1,266.69,1,8,1,1,2,2,7,3,3,2,2
3,11,1,76,0.2,3,1,2,1,0,259.43,1,5,3,1,1,3,18,3,3,3,3
3,11,1,77,0.1,2,2,2,2,1,311.61,0,15,1,3,2,2,20,1,3,2,2
3,11,1,78,1.8,1,2,1,2,0,278.6,1,8,1,1,1,1,18,1,1,2,2
3,11,2,1,0.05,3,2,2,1,0,289.28,1,15,1,1,3,3,3,1,3,2,2
3,11,2,2,0.8,3,2,NaN,NaN,NaN,NaN,NaN,8,1,1,3,3,16,3,1,2,2
3,11,2,3,0.4,1,2,1,1,1,260.88,1,5,3,1,3,1,18,3,1,2,2
3,11,2,4,0.8,1,1,1,1,1,232.61,1,15,1,3,1,3,8,1,3,1,3
3,11,2,5,0.1,1,1,1,1,1,209.84,1,19,3,1,3,1,11,3,1,3,1
3,11,2,6,0.2,2,2,2,2,1,222.03,1,16,1,3,2,2,3,3,1,2,2
3,11,2,7,0.1,1,1,1,1,1,192.17,1,10,1,1,1,1,3,1,1,1,1
3,11,2,8,0.4,3,2,2,2,1,228.38,1,17,3,1,1,3,2,3,3,2,2
3,11,2,9,1.8,2,2,2,1,0,217.52,1,9,3,1,2,2,6,3,3,2,2
3,11,2,10,0.8,3,1,2,2,1,237.3,1,16,3,1,1,3,20,1,3,1,3
3,11,2,11,1.8,2,2,2,2,1,245.28,1,4,1,1,2,2,10,1,1,2,2
3,11,2,12,0.1,3,2,2,2,1,186.07,1,13,3,1,1,3,10,3,3,2,2
3,11,2,13,0.1,3,3,2,2,1,278.55,1,1,1,3,3,1,7,1,3,3,1
3,11,2,14,0.8,1,3,1,1,1,253.96,1,4,3,1,3,1,16,3,1,1,3
3,11,2,15,0.4,3,2,2,2,1,287.88,1,14,3,1,1,3,20,1,1,2,2
3,11,2,16,0.4,2,3,2,2,1,245.53,1,17,1,1,2,2,15,3,1,1,3
3,11,2,17,1.8,1,1,1,1,1,256.04,1,8,3,3,3,3,11,1,3,1,3
3,11,2,18,1.8,1,3,1,1,1,272.69,1,8,1,3,1,3,14,1,1,3,3
3,11,2,19,0.8,1,1,1,1,1,256.64,1,3,1,3,1,3,5,1,1,1,1
3,11,2,20,0.4,1,2,1,1,1,276.74,1,16,1,1,1,1,6,1,3,2,2
3,11,2,21,1.8,2,2,2,2,1,237.56,1,2,1,3,2,2,13,3,1,2,2
3,11,2,22,0.1,3,2,2,2,1,368.22,0,13,3,3,1,1,18,3,3,2,2
3,11,2,23,0.2,1,1,1,1,1,234.53,1,2,1,1,1,1,11,1,3,1,3
3,11,2,24,0.05,2,3,2,1,0,263.03,1,16,1,1,2,2,18,1,3,3,1
3,11,2,25,0.05,1,3,1,1,1,251.23,1,3,1,1,1,1,19,1,3,3,1
3,11,2,26,1.8,1,1,1,1,1,245.54,1,7,3,3,3,3,9,3,1,3,1
3,11,2,27,0.2,1,1,1,1,1,198.27,1,15,3,1,3,1,10,1,3,1,3
3,11,2,28,0.1,1,1,1,1,1,258.19,1,14,3,3,3,3,12,1,1,1,1
3,11,2,29,0.1,3,1,2,2,1,279.12,1,14,1,1,3,3,10,1,1,1,1
3,11,2,30,0.05,2,1,2,1,0,278.54,1,2,3,1,2,2,20,1,3,1,3
3,11,2,31,0.4,1,2,1,1,1,267.54,1,9,3,1,3,1,5,1,3,2,2
3,11,2,32,0.1,1,3,1,1,1,242.7,1,5,1,1,1,1,9,3,3,1,1
3,11,2,33,0.05,1,1,1,1,1,256.74,1,10,3,1,3,1,11,1,1,1,1
3,11,2,34,0.05,3,2,2,1,0,280.84,1,3,3,1,1,3,18,3,1,2,2
3,11,2,35,1.8,3,1,NaN,NaN,NaN,NaN,NaN,6,1,1,3,3,5,3,3,3,3
3,11,2,36,0.05,3,2,2,2,1,531.42,0,16,3,1,1,3,12,1,3,2,2
3,11,2,37,0.05,2,2,2,1,0,223.44,1,10,3,1,2,2,1,3,3,2,2
3,11,2,38,0.1,1,2,1,1,1,249.28,1,4,3,3,3,3,10,1,3,2,2
3,11,2,39,0.05,1,1,1,1,1,215.37,1,1,1,1,1,1,3,3,1,3,1
3,11,2,40,0.8,3,3,2,2,1,245.54,1,11,1,1,3,3,6,1,3,3,1
3,11,2,41,0.1,1,3,1,1,1,136.57,1,16,1,1,1,1,12,3,1,1,3
3,11,2,42,0.8,1,3,NaN,NaN,NaN,NaN,NaN,6,1,1,1,1,20,1,3,3,1
3,11,2,43,0.4,2,1,2,2,1,290.93,1,6,3,1,2,2,19,1,3,1,3
3,11,2,44,0.1,1,2,1,1,1,210.39,1,17,1,3,1,3,3,3,3,2,2
3,11,2,45,0.8,2,2,NaN,NaN,NaN,NaN,NaN,9,3,1,2,2,4,3,1,2,2
3,11,2,46,0.2,1,2,1,1,1,259.84,1,4,1,1,1,1,19,1,3,2,2
3,11,2,47,1.8,2,2,2,2,1,251.64,1,7,3,3,2,2,7,1,3,2,2
3,11,2,48,1.8,2,2,NaN,NaN,NaN,NaN,NaN,7,1,3,2,2,5,3,1,2,2
3,11,2,49,0.2,1,3,1,1,1,288.05,1,4,1,1,1,1,17,1,3,3,1
3,11,2,50,0.2,1,2,1,1,1,302.63,0,17,1,3,1,3,2,3,3,2,2
3,11,2,51,0.2,2,1,2,2,1,354.82,0,9,1,1,2,2,17,1,1,1,1
3,11,2,52,0.4,3,2,2,2,1,283.15,1,17,3,3,1,1,4,3,1,2,2
3,11,2,53,0.4,1,1,1,1,1,270.28,1,8,1,3,1,3,20,1,1,1,1
3,11,2,54,0.2,1,3,1,1,1,218.17,1,5,3,1,3,1,2,3,1,1,3
3,11,2,55,0.8,1,3,1,1,1,213.35,1,13,3,3,3,3,14,1,1,3,3
3,11,2,56,0.2,2,2,2,1,0,208.31,1,12,1,1,2,2,6,1,1,2,2
3,11,2,57,1.8,1,1,1,1,1,205.55,1,13,1,1,1,1,3,1,3,1,3
3,11,2,58,0.8,1,1,1,1,1,230.09,1,19,1,3,1,3,15,1,1,1,1
3,11,2,59,1.8,1,2,1,1,1,233.75,1,9,3,3,3,3,1,1,1,2,2
3,11,2,60,0.8,3,1,2,2,1,253.56,1,4,1,1,3,3,14,3,3,3,3
3,11,2,61,0.2,1,3,1,1,1,214.9,1,3,1,3,1,3,12,3,1,1,3
3,11,2,62,0.4,3,1,2,2,1,307.53,0,6,3,3,1,1,10,3,1,3,1
3,11,2,63,0.05,2,3,2,2,1,322.02,0,10,3,1,2,2,8,3,3,1,1
3,11,2,64,1.8,3,1,2,2,1,231.37,1,16,1,1,3,3,16,3,1,3,1
3,11,2,65,0.4,3,1,2,2,1,210.51,1,16,3,1,1,3,19,1,3,1,3
3,11,2,66,0.05,3,2,2,2,1,279.91,1,18,3,1,1,3,9,3,1,2,2
3,11,2,67,1.8,2,3,2,2,1,210.01,1,13,3,1,2,2,16,3,1,1,3
3,11,2,68,0.05,3,1,2,2,1,292.48,1,10,3,3,1,1,17,3,1,3,1
3,11,2,69,0.2,3,1,2,2,1,227.89,1,17,3,3,1,1,8,1,3,1,3
3,11,2,70,0.1,1,3,1,1,1,236.82,1,19,1,3,1,3,15,1,1,3,3
3,11,2,71,0.2,2,1,2,1,0,275.99,1,5,3,1,2,2,2,1,1,1,1
3,11,2,72,0.05,1,1,1,1,1,316.35,0,12,3,1,3,1,12,3,3,3,3
3,11,2,73,0.8,2,3,2,2,1,251.09,1,3,1,1,2,2,2,1,3,3,1
3,11,2,74,0.4,2,2,2,1,0,249.04,1,4,1,3,2,2,2,1,3,2,2
3,11,2,75,0.4,2,1,2,1,0,195.99,1,1,1,3,2,2,17,1,3,1,3
3,11,2,76,0.1,3,3,2,1,0,221.36,1,6,1,3,3,1,19,3,1,1,3
3,11,2,77,0.8,2,3,2,1,0,223.88,1,17,1,1,2,2,13,1,3,3,1
3,11,2,78,0.2,2,2,2,2,1,302.23,0,3,3,3,2,2,10,1,3,2,2
3,11,3,1,0.1,2,1,2,2,1,281.07,1,11,1,1,2,2,18,1,1,1,1
3,11,3,2,0.4,2,1,2,2,1,283.83,1,11,1,1,2,2,19,3,1,3,1
3,11,3,3,0.8,2,1,2,2,1,244.22,1,18,1,1,2,2,7,3,3,3,3
3,11,3,4,0.1,2,3,2,2,1,284.89,1,6,1,1,2,2,20,1,1,3,3
3,11,3,5,1.8,1,3,1,1,1,216.82,1,18,3,1,3,1,10,1,3,3,1
3,11,3,6,0.8,1,1,1,1,1,253.11,1,9,3,1,3,1,17,3,1,3,1
3,11,3,7,0.4,1,2,1,1,1,239.36,1,9,1,3,1,3,15,3,3,2,2
3,11,3,8,1.8,1,1,1,1,1,216.56,1,18,3,1,3,1,17,3,1,3,1
3,11,3,9,1.8,1,1,1,1,1,239.87,1,5,3,1,3,1,8,3,1,3,1
3,11,3,10,0.8,1,3,1,1,1,251.49,1,6,3,1,3,1,17,1,3,3,1
3,11,3,11,0.05,3,3,2,1,0,214.08,1,12,3,3,1,1,15,1,3,3,1
3,11,3,12,1.8,1,1,NaN,NaN,NaN,NaN,NaN,9,3,3,3,3,20,3,3,3,3
3,11,3,13,0.8,2,2,2,2,1,227.23,1,16,3,3,2,2,8,1,3,2,2
3,11,3,14,1.8,2,3,2,1,0,293.69,1,10,1,1,2,2,16,3,1,1,3
3,11,3,15,0.05,3,2,2,1,0,323.53,0,12,1,3,3,1,9,3,1,2,2
3,11,3,16,0.8,1,2,NaN,NaN,NaN,NaN,NaN,8,1,3,1,3,15,3,3,2,2
3,11,3,17,0.4,3,3,2,2,1,241.57,1,8,3,1,1,3,7,3,3,1,1
3,11,3,18,0.4,3,3,2,2,1,233.4,1,15,3,3,1,1,15,1,1,3,3
3,11,3,19,0.2,2,1,2,2,1,365.7,0,10,1,3,2,2,13,1,1,1,1
3,11,3,20,0.4,2,2,2,2,1,297.06,1,11,3,3,2,2,5,3,1,2,2
3,11,3,21,0.2,1,3,1,1,1,206.88,1,6,1,3,1,3,5,1,1,3,3
3,11,3,22,0.05,3,1,2,2,1,327.8,0,12,1,1,3,3,12,1,3,1,3
3,11,3,23,0.2,1,2,1,2,0,297.3,1,11,1,3,1,3,3,3,1,2,2
3,11,3,24,0.1,1,3,1,2,0,276.76,1,7,3,1,3,1,15,3,1,1,3
3,11,3,25,0.2,1,1,1,1,1,233.1,1,4,3,1,3,1,6,1,1,1,1
3,11,3,26,0.4,2,3,NaN,NaN,NaN,NaN,NaN,11,3,1,2,2,18,1,3,3,1
3,11,3,27,1.8,1,2,1,1,1,239.94,1,16,1,1,1,1,4,1,3,2,2
3,11,3,28,0.4,1,1,1,1,1,225.13,1,9,3,3,3,3,9,1,3,1,3
3,11,3,29,0.1,3,2,2,2,1,290.27,1,14,3,1,1,3,18,3,3,2,2
3,11,3,30,0.05,2,2,2,1,0,245.26,1,1,1,3,2,2,13,3,3,2,2
3,11,3,31,0.1,2,1,2,2,1,295.81,1,9,1,1,2,2,7,1,3,1,3
3,11,3,32,0.8,1,2,1,1,1,229.22,1,16,3,3,3,3,17,1,3,2,2
3,11,3,33,1.8,3,3,2,2,1,277.02,1,4,1,1,3,3,18,1,1,3,3
3,11,3,34,0.1,1,2,1,1,1,243.22,1,18,3,1,3,1,7,3,3,2,2
3,11,3,35,0.2,3,2,2,2,1,155.96,1,13,1,1,3,3,1,1,1,2,2
3,11,3,36,0.8,1,1,1,1,1,242.07,1,9,1,3,1,3,14,3,3,3,3
3,11,3,37,0.1,3,3,2,2,1,292.51,1,9,1,1,3,3,10,1,3,3,1
3,11,3,38,0.4,1,3,1,1,1,237.89,1,17,3,3,3,3,19,3,1,1,3
3,11,3,39,0.2,2,3,2,2,1,301.02,0,12,1,3,2,2,8,1,3,3,1
3,11,3,40,0.2,1,3,1,1,1,263.51,1,9,1,1,1,1,16,1,3,3,1
3,11,3,41,0.8,2,2,2,2,1,275.4,1,17,1,1,2,2,1,3,1,2,2
3,11,3,42,0.4,2,1,2,1,0,237.23,1,9,1,3,2,2,18,1,3,1,3
3,11,3,43,1.8,1,3,1,1,1,224.1,1,14,1,1,1,1,2,1,1,3,3
3,11,3,44,0.05,1,3,1,1,1,294.38,1,17,1,1,1,1,11,1,1,3,3
3,11,3,45,0.4,1,3,1,1,1,220.92,1,16,3,1,3,1,6,1,1,3,3
3,11,3,46,0.05,1,3,1,1,1,289.45,1,18,3,3,3,3,3,3,1,1,3
3,11,3,47,0.05,3,1,2,2,1,249.62,1,17,3,3,1,1,11,3,3,3,3
3,11,3,48,0.05,1,2,1,1,1,229.64,1,7,3,3,3,3,10,1,3,2,2
3,11,3,49,1.8,2,1,NaN,NaN,NaN,NaN,NaN,6,3,3,2,2,1,1,1,1,1
3,11,3,50,0.1,3,3,2,2,1,262.3,1,4,3,3,1,1,4,3,3,1,1
3,11,3,51,0.05,1,1,1,1,1,318.88,0,8,3,3,3,3,2,3,3,3,3
3,11,3,52,0.05,1,2,1,2,0,286.33,1,1,1,3,1,3,7,1,3,2,2
3,11,3,53,0.2,1,1,1,1,1,222.26,1,1,3,3,3,3,17,3,1,3,1
3,11,3,54,0.1,1,2,1,1,1,179.88,1,7,1,3,1,3,3,1,1,2,2
3,11,3,55,0.4,1,3,1,1,1,274.41,1,18,1,3,1,3,3,1,1,3,3
3,11,3,56,0.2,2,2,2,2,1,314.08,0,14,3,3,2,2,19,3,1,2,2
3,11,3,57,0.8,2,2,2,2,1,243.27,1,8,3,3,2,2,10,3,3,2,2
3,11,3,58,1.8,1,3,1,1,1,282.82,1,15,3,1,3,1,2,3,3,1,1
3,11,3,59,0.8,3,2,2,2,1,212.2,1,2,1,1,3,3,13,3,3,2,2
3,11,3,60,0.8,1,3,1,1,1,239.8,1,17,3,3,3,3,13,3,3,1,1
3,11,3,61,0.1,2,1,2,2,1,315.87,0,6,1,3,2,2,10,3,3,3,3
3,11,3,62,0.05,1,3,1,1,1,349.13,0,9,1,1,1,1,17,1,1,3,3
3,11,3,63,0.4,3,3,2,2,1,284.3,1,5,3,3,1,1,18,3,3,1,1
3,11,3,64,0.1,1,3,1,1,1,448.63,0,2,1,3,1,3,9,3,3,1,1
3,11,3,65,0.05,1,2,1,1,1,283.89,1,8,3,3,3,3,13,1,3,2,2
3,11,3,66,1.8,2,3,2,2,1,292.55,1,8,3,3,2,2,3,1,1,3,3
3,11,3,67,0.8,2,3,2,2,1,237.34,1,8,1,3,2,2,15,3,1,1,3
3,11,3,68,0.1,2,3,2,2,1,254.92,1,19,3,1,2,2,3,1,1,3,3
3,11,3,69,0.4,3,3,2,2,1,285.87,1,19,3,1,1,3,5,3,3,1,1
3,11,3,70,0.2,3,2,2,2,1,309.37,0,8,1,1,3,3,19,3,3,2,2
3,11,3,71,0.8,1,1,1,2,0,256.94,1,15,3,1,3,1,6,1,1,1,1
3,11,3,72,0.2,3,2,2,2,1,308.19,0,2,1,3,3,1,15,3,3,2,2
3,11,3,73,0.1,1,2,1,1,1,279.41,1,4,1,1,1,1,8,3,3,2,2
3,11,3,74,0.2,2,1,2,1,0,119.84,1,2,1,3,2,2,12,3,3,3,3
3,11,3,75,1.8,1,2,1,1,1,203.35,1,16,3,1,3,1,3,1,1,2,2
3,11,3,76,0.2,2,2,2,2,1,173.64,1,5,1,3,2,2,8,3,3,2,2
3,11,3,77,0.05,1,2,1,1,1,331.27,0,15,1,3,1,3,11,3,1,2,2
3,11,3,78,1.8,1,2,1,1,1,238.11,1,8,3,3,3,3,4,3,3,2,2
3,11,4,1,1.8,3,3,2,2,1,294.8,1,16,1,3,3,1,18,1,3,3,1
3,11,4,2,0.8,1,3,1,1,1,321.74,0,7,1,3,1,3,7,3,1,1,3
3,11,4,3,0.8,1,2,1,1,1,213.67,1,13,1,3,1,3,3,3,1,2,2
3,11,4,4,0.8,3,2,2,2,1,295.69,1,18,1,3,3,1,11,1,3,2,2
3,11,4,5,0.1,2,3,2,1,0,319.47,0,20,1,1,2,2,16,1,1,3,3
3,11,4,6,0.4,1,2,1,1,1,255.83,1,1,1,1,1,1,9,3,1,2,2
3,11,4,7,0.05,3,2,2,2,1,248.72,1,7,1,3,3,1,15,1,3,2,2
3,11,4,8,0.4,2,3,2,1,0,275.2,1,7,3,3,2,2,16,3,1,1,3
3,11,4,9,1.8,1,1,1,1,1,246.83,1,3,1,1,1,1,20,1,3,1,3
3,11,4,10,0.2,2,3,2,2,1,297.08,1,5,3,1,2,2,6,1,3,3,1
3,11,4,11,0.1,1,3,1,2,0,283.54,1,8,1,3,1,3,4,1,3,3,1
3,11,4,12,0.1,1,1,1,1,1,184.97,1,15,3,3,3,3,13,1,3,1,3
3,11,4,13,0.05,2,1,2,1,0,248.85,1,12,3,1,2,2,8,1,1,1,1
3,11,4,14,1.8,1,2,1,1,1,336.49,0,19,3,1,3,1,18,1,3,2,2
3,11,4,15,1.8,2,3,2,2,1,328.16,0,9,3,3,2,2,5,3,1,1,3
3,11,4,16,0.2,2,1,2,2,1,279.82,1,10,1,1,2,2,1,3,3,3,3
3,11,4,17,0.05,1,2,1,1,1,279.35,1,2,1,1,1,1,1,3,3,2,2
3,11,4,18,0.8,1,3,1,1,1,257.05,1,17,1,3,1,3,5,3,3,1,1
3,11,4,19,1.8,1,3,1,1,1,214.4,1,19,3,1,3,1,8,3,1,1,3
3,11,4,20,0.4,2,3,2,2,1,269.18,1,8,1,1,2,2,13,3,1,1,3
3,11,4,21,0.1,3,1,2,2,1,249.47,1,11,3,1,1,3,15,1,1,1,1
3,11,4,22,1.8,1,2,1,1,1,212.85,1,2,1,1,1,1,9,1,1,2,2
3,11,4,23,0.05,2,2,2,2,1,431.85,0,13,1,3,2,2,20,3,1,2,2
3,11,4,24,0.2,2,3,2,2,1,340.68,0,5,1,3,2,2,16,1,3,3,1
3,11,4,25,0.2,3,2,2,2,1,298.13,1,15,1,1,3,3,11,3,1,2,2
3,11,4,26,0.4,2,2,2,2,1,335.03,0,1,1,3,2,2,19,3,1,2,2
3,11,4,27,0.4,1,1,1,1,1,234.92,1,12,1,3,1,3,4,3,1,3,1
3,11,4,28,0.1,1,1,1,1,1,295.52,1,9,1,3,1,3,19,1,1,1,1
3,11,4,29,0.05,1,2,1,2,0,333.78,0,10,3,3,3,3,11,1,3,2,2
3,11,4,30,0.05,2,1,2,2,1,341.35,0,19,3,3,2,2,9,1,1,1,1
3,11,4,31,0.4,3,3,2,2,1,221.58,1,6,3,3,1,1,11,1,3,3,1
3,11,4,32,0.1,3,2,2,2,1,317.34,0,20,1,1,3,3,2,3,3,2,2
3,11,4,33,0.05,1,3,1,1,1,241.53,1,10,3,3,3,3,4,3,1,1,3
3,11,4,34,0.1,1,1,1,1,1,306.87,0,5,1,1,1,1,2,1,3,1,3
3,11,4,35,0.2,3,1,2,2,1,225.69,1,9,1,3,3,1,11,3,1,3,1
3,11,4,36,0.4,1,3,1,1,1,232.21,1,19,1,3,1,3,13,1,1,3,3
3,11,4,37,1.8,1,3,1,1,1,205.53,1,20,3,3,3,3,9,3,3,1,1
3,11,4,38,0.4,2,2,2,2,1,240.16,1,13,1,3,2,2,15,3,1,2,2
3,11,4,39,1.8,1,1,1,1,1,267.96,1,3,3,1,3,1,15,3,3,3,3
3,11,4,40,0.05,2,2,2,1,0,274.32,1,7,1,1,2,2,6,1,3,2,2
3,11,4,41,0.2,1,1,1,1,1,230.69,1,8,1,3,1,3,15,3,1,3,1
3,11,4,42,1.8,1,3,1,1,1,213.65,1,15,3,1,3,1,6,3,3,1,1
3,11,4,43,0.05,1,2,1,1,1,301.55,0,8,3,1,3,1,6,1,1,2,2
3,11,4,44,0.8,1,2,1,1,1,273.66,1,10,3,1,3,1,9,1,1,2,2
3,11,4,45,0.1,3,2,2,2,1,286.42,1,1,3,1,1,3,9,1,3,2,2
3,11,4,46,0.05,1,2,1,1,1,268.49,1,15,1,1,1,1,18,3,1,2,2
3,11,4,47,1.8,3,3,2,1,0,221.41,1,12,3,3,1,1,8,3,3,1,1
3,11,4,48,0.1,3,3,2,2,1,332.87,0,15,3,1,1,3,9,3,3,1,1
3,11,4,49,0.2,1,1,1,1,1,218.97,1,11,1,3,1,3,13,3,3,3,3
3,11,4,50,0.1,1,2,1,1,1,245.76,1,15,3,3,3,3,8,1,1,2,2
3,11,4,51,0.8,1,3,1,1,1,237.11,1,3,1,1,1,1,16,3,3,1,1
3,11,4,52,0.8,2,1,2,2,1,223.96,1,11,3,3,2,2,17,3,3,3,3
3,11,4,53,0.1,1,3,1,1,1,284.77,1,6,3,3,3,3,12,3,1,1,3
3,11,4,54,0.05,2,3,2,1,0,339.44,0,3,3,1,2,2,6,3,1,1,3
3,11,4,55,1.8,2,2,2,2,1,225.32,1,2,3,1,2,2,20,3,1,2,2
3,11,4,56,0.8,2,2,2,2,1,374.8,0,18,1,3,2,2,5,1,1,2,2
3,11,4,57,0.2,1,3,1,1,1,254.52,1,19,3,3,3,3,18,1,3,3,1
3,11,4,58,0.8,2,3,2,2,1,286.4,1,9,1,1,2,2,16,1,3,3,1
3,11,4,59,1.8,3,1,2,2,1,243.73,1,4,1,1,3,3,10,1,3,1,3
3,11,4,60,0.4,1,1,1,1,1,300.58,0,7,3,1,3,1,13,1,3,1,3
3,11,4,61,0.1,1,2,1,1,1,321.58,0,11,1,3,1,3,20,3,1,2,2
3,11,4,62,0.05,1,1,1,1,1,280.39,1,14,1,1,1,1,20,3,3,3,3
3,11,4,63,0.4,3,3,2,2,1,185.15,1,20,1,3,3,1,17,1,3,3,1
3,11,4,64,0.4,3,2,2,2,1,260.06,1,11,1,1,3,3,17,3,1,2,2
3,11,4,65,0.2,1,3,1,1,1,249.8,1,7,3,3,3,3,20,1,1,3,3
3,11,4,66,0.8,2,1,2,1,0,276.72,1,12,1,1,2,2,10,3,1,3,1
3,11,4,67,0.2,1,1,1,1,1,231.79,1,10,1,3,1,3,16,3,3,3,3
3,11,4,68,0.2,2,1,2,2,1,287.94,1,17,1,3,2,2,8,3,3,3,3
3,11,4,69,0.2,1,3,1,1,1,262.23,1,6,3,3,3,3,9,1,1,3,3
3,11,4,70,0.8,1,2,1,1,1,263.96,1,20,1,1,1,1,3,1,3,2,2
3,11,4,71,0.4,1,2,1,1,1,231.21,1,10,3,3,3,3,19,1,1,2,2
3,11,4,72,0.05,1,3,1,1,1,534,0,13,3,3,3,3,15,3,3,1,1
3,11,4,73,0.4,2,3,2,2,1,232.97,1,6,1,1,2,2,16,1,1,3,3
3,11,4,74,0.2,2,1,2,1,0,258.39,1,19,1,1,2,2,2,3,1,3,1
3,11,4,75,0.1,1,3,1,2,0,218.03,1,17,1,3,1,3,15,3,1,1,3
3,11,4,76,1.8,3,2,2,2,1,263.73,1,14,3,3,1,1,7,3,3,2,2
3,11,4,77,0.8,2,3,2,2,1,217.55,1,9,1,1,2,2,12,3,1,1,3
3,11,4,78,0.8,1,1,1,1,1,284.5,1,3,1,1,1,1,13,1,1,1,1
3,11,5,1,0.2,2,3,2,1,0,264.39,1,17,3,1,2,2,9,1,1,3,3
3,11,5,2,0.1,1,1,1,1,1,258.95,1,1,1,3,1,3,1,3,1,3,1
3,11,5,3,0.05,3,3,2,1,0,269.21,1,7,1,3,3,1,4,3,3,1,1
3,11,5,4,0.2,1,1,1,1,1,215.34,1,15,3,1,3,1,13,1,3,1,3
3,11,5,5,0.1,2,1,2,1,0,219.23,1,14,1,3,2,2,8,3,3,3,3
3,11,5,6,1.8,1,1,1,1,1,299.95,1,14,3,3,3,3,19,1,1,1,1
3,11,5,7,0.8,1,2,1,1,1,329.01,0,19,1,1,1,1,10,1,3,2,2
3,11,5,8,0.2,2,1,2,1,0,225.77,1,3,3,1,2,2,6,3,1,3,1
3,11,5,9,0.8,1,1,NaN,NaN,NaN,NaN,NaN,15,1,3,1,3,2,3,3,3,3
3,11,5,10,0.4,3,1,2,2,1,242.67,1,15,1,1,3,3,1,3,1,3,1
3,11,5,11,0.8,1,1,1,1,1,304.87,0,5,3,3,3,3,17,1,1,1,1
3,11,5,12,0.8,1,2,1,1,1,208.69,1,2,1,3,1,3,14,3,1,2,2
3,11,5,13,1.8,1,3,1,1,1,205.38,1,18,3,3,3,3,6,1,3,3,1
3,11,5,14,0.2,1,2,1,1,1,232.65,1,11,3,1,3,1,19,1,3,2,2
3,11,5,15,0.4,3,3,2,2,1,254.94,1,1,3,3,1,1,8,1,3,3,1
3,11,5,16,1.8,1,1,1,1,1,205.84,1,6,1,3,1,3,15,1,3,1,3
3,11,5,17,0.05,3,2,2,2,1,301.23,0,4,3,1,1,3,14,1,1,2,2
3,11,5,18,0.05,2,2,2,1,0,252.54,1,15,1,3,2,2,7,1,3,2,2
3,11,5,19,0.05,1,3,1,2,0,260.9,1,3,1,1,1,1,10,3,1,1,3
3,11,5,20,0.1,1,3,1,1,1,248.81,1,14,1,3,1,3,11,1,1,3,3
3,11,5,21,0.4,1,3,1,1,1,218.13,1,3,1,3,1,3,11,1,1,3,3
3,11,5,22,1.8,2,2,2,1,0,222.72,1,6,3,1,2,2,4,3,3,2,2
3,11,5,23,1.8,3,1,2,2,1,337.71,0,20,1,1,3,3,14,1,3,1,3
3,11,5,24,0.4,2,3,2,1,0,319.77,0,17,3,1,2,2,3,1,1,3,3
3,11,5,25,0.4,1,3,1,1,1,329.58,0,10,1,3,1,3,6,1,1,3,3
3,11,5,26,1.8,2,3,2,1,0,229.45,1,12,1,1,2,2,9,1,3,3,1
3,11,5,27,0.1,1,3,1,1,1,260.75,1,3,3,3,3,3,4,3,3,1,1
3,11,5,28,0.2,1,1,1,1,1,176.23,1,13,3,3,3,3,7,1,1,1,1
3,11,5,29,0.8,2,2,NaN,NaN,NaN,NaN,NaN,9,1,3,2,2,10,1,1,2,2
3,11,5,30,0.4,1,2,1,1,1,300.26,0,5,1,3,1,3,15,3,1,2,2
3,11,5,31,0.2,2,3,2,2,1,323.18,0,1,1,3,2,2,20,3,3,1,1
3,11,5,32,0.05,2,3,2,1,0,263.85,1,7,3,3,2,2,5,1,1,3,3
3,11,5,33,0.1,3,1,2,2,1,315.83,0,7,3,1,1,3,5,3,1,3,1
3,11,5,34,0.4,3,1,2,2,1,210.12,1,2,3,3,1,1,10,3,1,3,1
3,11,5,35,0.2,1,1,1,1,1,248.66,1,8,3,1,3,1,9,1,1,1,1
3,11,5,36,0.2,2,3,2,2,1,195.87,1,15,3,1,2,2,18,3,1,1,3
3,11,5,37,1.8,3,2,2,2,1,287.55,1,1,1,1,3,3,15,3,1,2,2
3,11,5,38,0.8,2,2,2,2,1,245.21,1,15,3,3,2,2,4,3,3,2,2
3,11,5,39,0.4,1,1,1,1,1,260.44,1,2,3,3,3,3,19,1,3,1,3
3,11,5,40,0.1,1,1,1,1,1,296.09,1,7,1,1,1,1,14,1,1,1,1
3,11,5,41,0.1,3,1,2,2,1,272.48,1,5,1,1,3,3,9,1,3,1,3
3,11,5,42,0.4,3,1,2,2,1,274.43,1,6,3,1,1,3,12,1,1,1,1
3,11,5,43,1.8,1,1,1,1,1,220.46,1,16,3,3,3,3,15,1,1,1,1
3,11,5,44,0.8,1,1,1,1,1,219.81,1,16,3,1,3,1,7,3,1,3,1
3,11,5,45,0.05,2,3,2,2,1,286.39,1,18,1,1,2,2,19,3,3,1,1
3,11,5,46,0.2,3,1,2,2,1,188.03,1,16,1,1,3,3,10,1,3,1,3
3,11,5,47,0.2,3,2,2,2,1,279.91,1,15,1,1,3,3,1,1,1,2,2
3,11,5,48,0.2,1,3,1,2,0,233.61,1,18,3,3,3,3,3,1,1,3,3
3,11,5,49,0.2,2,2,2,2,1,345.65,0,8,1,1,2,2,6,1,1,2,2
3,11,5,50,0.8,2,1,2,2,1,214.73,1,11,1,1,2,2,4,1,3,1,3
3,11,5,51,0.05,3,1,2,2,1,267.96,1,19,3,3,1,1,14,1,1,1,1
3,11,5,52,0.1,3,1,2,2,1,183.28,1,12,3,3,1,1,8,1,3,1,3
3,11,5,53,0.4,2,1,2,1,0,208.73,1,4,3,3,2,2,17,3,3,3,3
3,11,5,54,0.8,1,2,1,1,1,191.44,1,14,3,1,3,1,4,3,1,2,2
3,11,5,55,1.8,3,1,2,2,1,237.75,1,2,3,1,1,3,20,3,3,3,3
3,11,5,56,0.8,2,3,2,2,1,175.71,1,7,1,1,2,2,6,1,3,3,1
3,11,5,57,0.4,1,3,1,1,1,272.57,1,20,1,1,1,1,14,1,1,3,3
3,11,5,58,0.05,1,1,1,1,1,308.97,0,12,1,3,1,3,11,1,3,1,3
3,11,5,59,1.8,2,3,NaN,NaN,NaN,NaN,NaN,15,1,3,2,2,10,3,1,1,3
3,11,5,60,0.05,2,1,2,2,1,273.14,1,16,1,3,2,2,8,1,3,1,3
3,11,5,61,0.05,3,2,2,2,1,328.69,0,1,1,3,3,1,16,1,1,2,2
3,11,5,62,0.8,1,2,1,1,1,237.31,1,12,3,3,3,3,12,1,3,2,2
3,11,5,63,1.8,3,1,2,2,1,231.76,1,11,1,1,3,3,20,1,3,1,3
3,11,5,64,0.4,1,3,1,1,1,301.96,0,2,3,1,3,1,6,3,3,1,1
3,11,5,65,0.05,1,2,1,1,1,268.7,1,5,1,3,1,3,8,3,1,2,2
3,11,5,66,0.05,3,3,2,2,1,235.73,1,2,3,3,1,1,10,1,1,3,3
3,11,5,67,0.1,1,3,1,1,1,352.06,0,10,1,3,1,3,11,3,3,1,1
3,11,5,68,0.4,1,1,1,1,1,227.19,1,9,3,3,3,3,5,1,1,1,1
3,11,5,69,0.8,3,2,2,2,1,196.16,1,15,1,3,3,1,16,1,1,2,2
3,11,5,70,1.8,1,1,1,1,1,227.32,1,15,3,1,3,1,8,3,1,3,1
3,11,5,71,0.8,2,2,NaN,NaN,NaN,NaN,NaN,5,1,1,2,2,1,1,3,2,2
3,11,5,72,0.1,1,1,1,1,1,225.65,1,20,3,3,3,3,7,1,3,1,3
3,11,5,73,0.2,1,1,1,1,1,236.13,1,8,3,3,3,3,6,1,1,1,1
3,11,5,74,1.8,1,2,NaN,NaN,NaN,NaN,NaN,20,1,1,1,1,19,3,1,2,2
3,11,5,75,0.1,3,1,2,2,1,316.36,0,18,3,3,1,1,17,1,3,1,3
3,11,5,76,0.1,2,1,2,2,1,219.63,1,11,1,3,2,2,8,1,3,1,3
3,11,5,77,0.1,2,3,2,2,1,312.53,0,11,1,1,2,2,7,1,1,3,3
3,11,5,78,0.05,3,3,2,2,1,213.39,1,16,1,3,3,1,16,3,1,1,3
3,11,6,1,0.2,2,2,2,1,0,246.26,1,1,3,1,2,2,5,3,1,2,2
3,11,6,2,0.8,1,1,1,1,1,234.54,1,3,3,3,3,3,18,1,1,1,1
3,11,6,3,0.4,2,2,2,2,1,268.74,1,17,1,3,2,2,12,1,3,2,2
3,11,6,4,0.8,1,2,1,1,1,215.98,1,18,1,3,1,3,1,1,1,2,2
3,11,6,5,0.4,1,2,1,1,1,205.3,1,15,3,3,3,3,10,1,3,2,2
3,11,6,6,0.05,2,3,2,1,0,237.66,1,13,3,3,2,2,12,3,1,1,3
3,11,6,7,0.05,3,2,2,2,1,290.21,1,20,3,1,1,3,11,1,1,2,2
3,11,6,8,0.8,3,2,2,2,1,240.86,1,10,3,1,1,3,10,1,1,2,2
3,11,6,9,0.8,1,1,NaN,NaN,NaN,NaN,NaN,11,1,1,1,1,3,3,1,3,1
3,11,6,10,0.05,1,3,1,2,0,536.05,0,10,3,3,3,3,8,3,3,1,1
3,11,6,11,0.1,2,2,2,1,0,289.67,1,4,1,1,2,2,11,1,3,2,2
3,11,6,12,1.8,1,2,1,1,1,199.31,1,19,1,1,1,1,14,1,3,2,2
3,11,6,13,0.4,1,1,1,1,1,222.8,1,18,3,1,3,1,6,1,3,1,3
3,11,6,14,0.05,3,1,2,2,1,317.55,0,10,3,1,1,3,2,1,1,1,1
3,11,6,15,1.8,3,3,2,2,1,195.02,1,14,1,3,3,1,10,1,1,3,3
3,11,6,16,0.1,3,2,2,2,1,223.19,1,9,3,3,1,1,13,3,1,2,2
3,11,6,17,0.1,3,1,2,2,1,222.76,1,8,3,3,1,1,16,1,1,1,1
3,11,6,18,0.1,1,1,1,1,1,270.17,1,4,3,3,3,3,17,1,3,1,3
3,11,6,19,1.8,1,1,1,1,1,261.92,1,11,1,1,1,1,7,1,3,1,3
3,11,6,20,1.8,2,1,2,1,0,234.05,1,1,3,3,2,2,2,1,3,1,3
3,11,6,21,0.4,1,3,1,2,0,359.85,0,18,3,3,3,3,20,3,3,1,1
3,11,6,22,0.8,1,2,NaN,NaN,NaN,NaN,NaN,15,1,1,1,1,3,3,3,2,2
3,11,6,23,0.05,3,1,2,2,1,267.39,1,19,3,3,1,1,15,3,1,3,1
3,11,6,24,1.8,2,1,2,2,1,226.2,1,1,1,1,2,2,9,1,1,1,1
3,11,6,25,0.05,1,2,1,1,1,293.81,1,15,3,1,3,1,4,3,1,2,2
3,11,6,26,0.2,2,2,2,2,1,287.16,1,5,3,1,2,2,4,3,1,2,2
3,11,6,27,0.8,1,3,1,1,1,237.33,1,4,1,1,1,1,10,3,3,1,1
3,11,6,28,0.4,1,3,NaN,NaN,NaN,NaN,NaN,9,1,1,1,1,10,3,1,1,3
3,11,6,29,0.1,1,2,1,1,1,326.21,0,9,3,1,3,1,7,1,3,2,2
3,11,6,30,1.8,1,3,1,1,1,206.34,1,15,1,3,1,3,19,3,1,1,3
3,11,6,31,0.1,2,2,2,1,0,184.44,1,10,1,1,2,2,1,3,1,2,2
3,11,6,32,0.8,1,3,1,2,0,213.53,1,2,3,1,3,1,19,3,3,1,1
3,11,6,33,0.05,1,2,1,1,1,252.9,1,5,3,3,3,3,12,3,3,2,2
3,11,6,34,0.2,2,2,2,2,1,352.06,0,9,1,3,2,2,9,1,1,2,2
3,11,6,35,0.05,1,3,1,1,1,289.24,1,1,1,3,1,3,10,3,1,1,3
3,11,6,36,0.2,1,2,1,1,1,250.07,1,20,3,3,3,3,19,3,1,2,2
3,11,6,37,1.8,2,2,2,2,1,254.58,1,13,3,1,2,2,6,3,1,2,2
3,11,6,38,0.4,2,2,2,2,1,261.63,1,9,3,3,2,2,1,1,3,2,2
3,11,6,39,1.8,1,1,1,1,1,242.77,1,1,1,1,1,1,6,1,3,1,3
3,11,6,40,0.1,3,2,2,2,1,263.06,1,16,3,3,1,1,6,3,3,2,2
3,11,6,41,0.1,1,1,1,1,1,209.22,1,12,3,1,3,1,5,3,1,3,1
3,11,6,42,0.2,2,1,2,1,0,136.83,1,12,1,3,2,2,5,1,1,1,1
3,11,6,43,1.8,1,3,1,1,1,284.71,1,6,1,3,1,3,6,3,1,1,3
3,11,6,44,0.05,2,2,2,1,0,340.24,0,13,3,1,2,2,1,3,1,2,2
3,11,6,45,0.2,2,2,2,2,1,284.01,1,19,3,3,2,2,20,1,1,2,2
3,11,6,46,0.2,2,1,2,2,1,274.69,1,19,1,1,2,2,2,1,1,1,1
3,11,6,47,0.4,2,2,2,2,1,224.29,1,14,1,3,2,2,8,1,3,2,2
3,11,6,48,0.05,3,2,2,2,1,330.13,0,7,3,1,1,3,18,1,1,2,2
3,11,6,49,0.2,3,1,2,2,1,263.99,1,19,3,3,1,1,5,1,3,1,3
3,11,6,50,1.8,3,2,NaN,NaN,NaN,NaN,NaN,7,1,3,3,1,3,1,1,2,2
3,11,6,51,0.05,1,3,1,1,1,381.33,0,13,1,3,1,3,6,1,3,3,1
3,11,6,52,0.4,3,3,2,2,1,270.6,1,15,1,1,3,3,11,1,3,3,1
3,11,6,53,0.1,1,1,1,1,1,391.91,0,19,3,3,3,3,17,1,1,1,1
3,11,6,54,0.2,1,1,1,1,1,232.84,1,4,1,3,1,3,20,3,3,3,3
3,11,6,55,0.8,1,2,1,2,0,236.26,1,15,3,3,3,3,11,1,1,2,2
3,11,6,56,0.2,1,1,1,1,1,35.094,2,14,3,1,3,1,12,1,1,1,1
3,11,6,57,0.2,1,1,1,1,1,227.29,1,5,3,3,3,3,19,1,1,1,1
3,11,6,58,0.8,1,3,1,1,1,284.87,1,15,1,3,1,3,20,1,3,3,1
3,11,6,59,0.1,1,1,1,1,1,230.37,1,16,3,1,3,1,17,1,1,1,1
3,11,6,60,0.4,1,2,1,1,1,196.29,1,14,1,3,1,3,2,3,3,2,2
3,11,6,61,1.8,2,1,NaN,NaN,NaN,NaN,NaN,13,3,1,2,2,10,3,1,3,1
3,11,6,62,0.05,3,1,2,2,1,350.35,0,5,1,3,3,1,7,3,3,3,3
3,11,6,63,0.05,1,3,1,1,1,262.55,1,17,1,3,1,3,5,1,3,3,1
3,11,6,64,0.8,1,1,1,1,1,290.34,1,12,3,1,3,1,18,3,1,3,1
3,11,6,65,0.4,1,3,1,2,0,240.18,1,19,3,1,3,1,14,1,1,3,3
3,11,6,66,0.8,1,1,1,1,1,233.93,1,20,1,3,1,3,18,1,3,1,3
3,11,6,67,0.2,2,2,2,2,1,299.47,1,9,1,3,2,2,14,1,1,2,2
3,11,6,68,0.2,2,1,2,1,0,218.47,1,13,3,3,2,2,15,3,3,3,3
3,11,6,69,0.4,2,2,2,1,0,258.9,1,3,1,1,2,2,15,1,1,2,2
3,11,6,70,0.4,2,1,2,1,0,321.44,0,13,3,3,2,2,3,3,1,3,1
3,11,6,71,1.8,2,1,2,1,0,222.85,1,7,1,1,2,2,6,3,1,3,1
3,11,6,72,0.1,3,3,2,2,1,307.34,0,6,1,3,3,1,4,1,1,3,3
3,11,6,73,1.8,1,2,1,1,1,205.5,1,19,1,3,1,3,16,1,3,2,2
3,11,6,74,0.8,3,2,2,2,1,203.68,1,12,1,1,3,3,15,3,3,2,2
3,11,6,75,0.8,1,1,1,1,1,272.47,1,8,3,1,3,1,15,1,1,1,1
3,11,6,76,0.4,2,1,2,1,0,286.16,1,8,3,1,2,2,15,1,3,1,3
3,11,6,77,0.1,2,2,2,1,0,249.99,1,3,3,1,2,2,18,1,1,2,2
3,11,6,78,0.1,1,3,1,1,1,308.29,0,7,3,3,3,3,16,3,1,1,3
3,11,7,1,0.4,1,3,1,1,1,170.61,1,9,3,1,3,1,8,1,1,3,3
3,11,7,2,0.2,3,2,2,2,1,322.12,0,20,1,3,3,1,6,1,3,2,2
3,11,7,3,0.05,3,1,2,1,0,254.48,1,10,1,1,3,3,7,3,1,3,1
3,11,7,4,0.1,1,2,1,1,1,281.09,1,13,3,3,3,3,5,3,1,2,2
3,11,7,5,0.4,3,3,2,2,1,57.514,2,12,3,1,1,3,8,1,3,3,1
3,11,7,6,0.2,1,1,1,1,1,241.68,1,8,3,1,3,1,3,3,3,3,3
3,11,7,7,0.1,1,3,1,1,1,368.15,0,11,1,1,1,1,11,3,3,1,1
3,11,7,8,0.2,1,1,1,1,1,62.66,2,14,1,1,1,1,4,1,3,1,3
3,11,7,9,1.8,2,1,2,1,0,219.09,1,17,1,3,2,2,18,1,3,1,3
3,11,7,10,0.8,1,1,1,1,1,215.35,1,13,3,1,3,1,4,3,3,3,3
3,11,7,11,0.05,3,3,2,2,1,263.04,1,10,3,1,1,3,19,3,3,1,1
3,11,7,12,0.2,3,3,2,1,0,-2.7673,2,9,1,3,3,1,3,1,1,3,3
3,11,7,13,1.8,1,1,1,1,1,219.91,1,15,3,1,3,1,9,1,3,1,3
3,11,7,14,0.2,1,3,1,2,0,253.78,1,19,1,1,1,1,12,3,1,1,3
3,11,7,15,0.05,1,3,1,1,1,316.02,0,10,1,3,1,3,13,1,1,3,3
3,11,7,16,0.8,1,1,1,1,1,245.85,1,9,1,1,1,1,15,1,3,1,3
3,11,7,17,0.8,3,2,2,2,1,242.36,1,8,3,3,1,1,20,3,1,2,2
3,11,7,18,0.2,2,2,2,1,0,337.77,0,15,1,3,2,2,13,3,1,2,2
3,11,7,19,0.4,2,1,2,2,1,220.97,1,16,1,3,2,2,11,1,1,1,1
3,11,7,20,0.1,1,2,1,1,1,250.12,1,8,3,1,3,1,17,1,3,2,2
3,11,7,21,0.8,1,3,1,1,1,225.37,1,13,3,3,3,3,3,1,1,3,3
3,11,7,22,0.8,1,2,1,1,1,230.4,1,20,3,1,3,1,14,1,1,2,2
3,11,7,23,1.8,1,2,1,1,1,220.83,1,12,1,1,1,1,6,3,3,2,2
3,11,7,24,0.1,1,2,1,1,1,178.29,1,9,1,1,1,1,11,1,3,2,2
3,11,7,25,0.4,1,1,1,1,1,233.46,1,18,3,1,3,1,3,1,3,1,3
3,11,7,26,1.8,1,3,1,1,1,238.56,1,3,1,1,1,1,4,1,3,3,1
3,11,7,27,0.4,2,2,2,2,1,227.13,1,6,3,1,2,2,3,3,3,2,2
3,11,7,28,0.1,2,2,2,1,0,240.69,1,10,1,3,2,2,4,1,3,2,2
3,11,7,29,0.1,3,1,2,2,1,268.05,1,7,1,1,3,3,20,1,1,1,1
3,11,7,30,0.1,2,2,2,2,1,254.7,1,8,1,1,2,2,7,1,1,2,2
3,11,7,31,0.2,1,2,1,1,1,285.54,1,3,3,1,3,1,12,1,3,2,2
3,11,7,32,1.8,1,1,1,1,1,249.6,1,13,1,3,1,3,8,3,1,3,1
3,11,7,33,0.8,1,3,1,1,1,214.69,1,10,1,1,1,1,1,3,3,1,1
3,11,7,34,0.05,1,1,1,1,1,291.01,1,7,3,1,3,1,3,3,3,3,3
3,11,7,35,0.1,1,3,1,1,1,251.91,1,12,1,1,1,1,5,1,3,3,1
3,11,7,36,0.05,2,3,2,1,0,253.65,1,10,3,1,2,2,6,3,1,1,3
3,11,7,37,0.8,2,3,2,2,1,230.13,1,14,3,1,2,2,5,1,1,3,3
3,11,7,38,0.05,1,1,1,1,1,250.3,1,10,3,3,3,3,20,3,3,3,3
3,11,7,39,0.1,2,3,2,2,1,252.49,1,16,3,3,2,2,16,3,3,1,1
3,11,7,40,0.8,1,3,1,1,1,245.36,1,16,1,1,1,1,10,1,3,3,1
3,11,7,41,0.05,3,3,2,2,1,283.26,1,2,1,3,3,1,12,1,1,3,3
3,11,7,42,1.8,3,1,2,2,1,221.73,1,20,3,3,1,1,16,3,1,3,1
3,11,7,43,0.2,1,1,1,1,1,205.03,1,3,1,1,1,1,1,1,1,1,1
3,11,7,44,0.05,2,1,2,2,1,306.37,0,14,1,3,2,2,19,1,3,1,3
3,11,7,45,0.05,1,2,1,1,1,223.8,1,5,1,3,1,3,2,1,3,2,2
3,11,7,46,0.1,3,2,2,2,1,304.48,0,11,3,3,1,1,9,1,3,2,2
3,11,7,47,0.2,1,1,1,1,1,188.32,1,17,1,1,1,1,4,3,3,3,3
3,11,7,48,0.05,2,1,2,2,1,307.93,0,5,3,1,2,2,14,1,1,1,1
3,11,7,49,0.2,3,1,2,2,1,184.77,1,3,1,3,3,1,5,1,3,1,3
3,11,7,50,0.4,1,1,1,1,1,203.46,1,12,3,3,3,3,10,1,3,1,3
3,11,7,51,0.05,1,3,1,2,0,408.69,0,18,1,1,1,1,9,1,1,3,3
3,11,7,52,0.1,2,1,2,2,1,284.3,1,7,1,3,2,2,7,3,1,3,1
3,11,7,53,0.4,1,1,1,1,1,319.87,0,12,1,3,1,3,16,1,3,1,3
3,11,7,54,0.05,2,1,2,2,1,253.05,1,11,3,1,2,2,13,3,1,3,1
3,11,7,55,0.2,3,1,2,2,1,282.25,1,17,1,1,3,3,15,1,3,1,3
3,11,7,56,1.8,2,2,2,2,1,211.03,1,3,1,1,2,2,7,3,1,2,2
3,11,7,57,0.4,1,2,1,1,1,201.13,1,4,3,1,3,1,2,1,1,2,2
3,11,7,58,0.4,1,2,1,1,1,236.23,1,3,1,1,1,1,5,3,3,2,2
3,11,7,59,0.05,1,3,1,1,1,248.46,1,1,1,1,1,1,8,1,1,3,3
3,11,7,60,1.8,1,3,1,1,1,247.85,1,19,3,1,3,1,16,1,3,3,1
3,11,7,61,0.4,3,2,2,2,1,231.8,1,16,3,3,1,1,20,1,1,2,2
3,11,7,62,0.8,2,1,2,2,1,239.92,1,3,3,1,2,2,1,3,1,3,1
3,11,7,63,1.8,1,1,1,1,1,217.84,1,5,3,1,3,1,10,3,1,3,1
3,11,7,64,0.1,3,2,2,2,1,303.23,0,19,3,3,1,1,11,1,3,2,2
3,11,7,65,0.4,1,1,1,1,1,232.7,1,13,3,1,3,1,1,1,3,1,3
3,11,7,66,1.8,1,3,1,1,1,236.06,1,16,1,1,1,1,8,1,3,3,1
3,11,7,67,0.8,2,1,2,2,1,208.35,1,9,1,1,2,2,10,3,3,3,3
3,11,7,68,0.1,3,3,2,2,1,252.61,1,3,1,3,3,1,5,1,3,3,1
3,11,7,69,0.8,2,2,2,1,0,263.11,1,15,3,1,2,2,10,3,3,2,2
3,11,7,70,0.8,1,1,1,1,1,230.98,1,16,1,1,1,1,13,3,1,3,1
3,11,7,71,0.8,1,2,1,1,1,251.39,1,19,3,1,3,1,8,1,3,2,2
3,11,7,72,0.4,1,2,1,1,1,288.74,1,5,1,1,1,1,7,1,1,2,2
3,11,7,73,0.2,1,3,1,1,1,145.66,1,1,3,1,3,1,20,1,3,3,1
3,11,7,74,1.8,2,2,2,2,1,246.99,1,6,3,1,2,2,15,3,3,2,2
3,11,7,75,1.8,2,1,2,2,1,246.3,1,16,3,1,2,2,20,1,1,1,1
3,11,7,76,0.4,2,2,2,2,1,38.876,2,20,1,1,2,2,20,1,1,2,2
3,11,7,77,0.2,1,2,1,1,1,302,0,9,1,1,1,1,20,3,1,2,2
3,11,7,78,1.8,2,3,2,2,1,219.36,1,16,3,1,2,2,6,1,3,3,1
3,11,8,1,0.05,1,1,1,1,1,236.06,1,1,1,3,1,3,17,3,3,3,3
3,11,8,2,0.8,1,1,1,1,1,202.17,1,10,3,3,3,3,1,1,1,1,1
3,11,8,3,0.8,2,1,2,1,0,294.91,1,10,3,1,2,2,6,1,1,1,1
3,11,8,4,0.1,1,2,1,1,1,269.58,1,18,1,3,1,3,14,3,3,2,2
3,11,8,5,0.1,2,2,2,2,1,315.6,0,14,1,3,2,2,14,1,1,2,2
3,11,8,6,1.8,2,3,2,1,0,193.36,1,11,3,3,2,2,14,1,3,3,1
3,11,8,7,0.1,3,2,2,2,1,289.42,1,5,3,1,1,3,3,3,1,2,2
3,11,8,8,1.8,3,3,NaN,NaN,NaN,NaN,NaN,11,1,1,3,3,16,3,1,1,3
3,11,8,9,0.1,2,2,2,2,1,235.11,1,9,3,3,2,2,20,3,1,2,2
3,11,8,10,0.4,2,1,2,2,1,255.98,1,15,3,1,2,2,18,3,3,3,3
3,11,8,11,1.8,1,2,1,1,1,258.12,1,6,3,1,3,1,3,3,1,2,2
3,11,8,12,0.4,3,3,2,2,1,300.47,0,7,1,1,3,3,16,3,1,1,3
3,11,8,13,0.1,1,3,1,1,1,210.43,1,15,1,1,1,1,9,1,3,3,1
3,11,8,14,0.2,1,2,1,1,1,221.27,1,4,1,1,1,1,11,1,3,2,2
3,11,8,15,0.2,1,2,1,1,1,253.05,1,3,1,3,1,3,12,1,3,2,2
3,11,8,16,0.2,1,3,1,1,1,287.24,1,1,1,1,1,1,7,3,3,1,1
3,11,8,17,0.4,2,2,2,2,1,216.93,1,1,3,3,2,2,13,3,1,2,2
3,11,8,18,0.8,2,2,2,2,1,263.89,1,5,3,3,2,2,1,1,1,2,2
3,11,8,19,0.2,2,1,2,2,1,280.04,1,9,1,1,2,2,17,3,3,3,3
3,11,8,20,1.8,2,1,2,2,1,246.63,1,2,3,1,2,2,10,3,3,3,3
3,11,8,21,0.1,1,2,1,2,0,255.8,1,5,1,3,1,3,7,3,3,2,2
3,11,8,22,0.2,1,2,1,2,0,289.99,1,13,3,3,3,3,17,1,1,2,2
3,11,8,23,0.05,3,3,2,2,1,302.93,0,17,1,1,3,3,20,3,1,1,3
3,11,8,24,0.05,3,1,2,2,1,233.8,1,17,3,1,1,3,12,3,1,3,1
3,11,8,25,0.05,1,1,1,2,0,301.78,0,11,1,3,1,3,17,3,1,3,1
3,11,8,26,0.4,1,2,1,2,0,258.56,1,20,1,3,1,3,5,1,3,2,2
3,11,8,27,0.8,3,1,2,2,1,248.17,1,2,3,1,1,3,13,1,3,1,3
3,11,8,28,0.05,3,2,2,2,1,255.31,1,3,3,1,1,3,18,3,1,2,2
3,11,8,29,0.1,1,1,1,1,1,266.81,1,12,3,1,3,1,1,3,3,3,3
3,11,8,30,0.4,2,3,NaN,NaN,NaN,NaN,NaN,19,3,3,2,2,5,3,3,1,1
3,11,8,31,0.05,3,1,2,2,1,287,1,18,3,3,1,1,3,3,1,3,1
3,11,8,32,0.05,2,3,2,2,1,230.98,1,7,3,1,2,2,4,3,3,1,1
3,11,8,33,1.8,1,3,NaN,NaN,NaN,NaN,NaN,5,1,3,1,3,10,1,3,3,1
3,11,8,34,0.4,1,3,1,1,1,272.63,1,10,3,1,3,1,17,3,3,1,1
3,11,8,35,0.8,1,3,NaN,NaN,NaN,NaN,NaN,4,1,3,1,3,20,1,1,3,3
3,11,8,36,1.8,1,1,1,1,1,272.2,1,15,1,3,1,3,6,1,3,1,3
3,11,8,37,0.2,1,2,1,1,1,257.91,1,9,3,1,3,1,5,3,3,2,2
3,11,8,38,0.4,3,1,2,2,1,294.59,1,16,3,1,1,3,12,3,3,3,3
3,11,8,39,0.2,3,3,2,2,1,285.43,1,1,3,1,1,3,18,1,1,3,3
3,11,8,40,0.4,1,1,1,1,1,264.89,1,8,3,1,3,1,13,3,3,3,3
3,11,8,41,1.8,3,3,2,2,1,241.64,1,6,1,3,3,1,7,1,1,3,3
3,11,8,42,0.2,2,3,2,2,1,300.27,0,9,3,3,2,2,3,3,1,1,3
3,11,8,43,0.05,1,1,1,1,1,265.03,1,17,1,3,1,3,5,1,1,1,1
3,11,8,44,1.8,3,2,2,2,1,160.09,1,9,1,1,3,3,10,1,1,2,2
3,11,8,45,0.8,2,1,2,1,0,269.17,1,4,3,3,2,2,17,3,3,3,3
3,11,8,46,0.05,1,3,1,2,0,320.92,0,3,3,3,3,3,17,1,1,3,3
3,11,8,47,0.1,1,2,1,1,1,278.57,1,18,3,1,3,1,7,3,1,2,2
3,11,8,48,0.05,3,1,2,2,1,400.45,0,6,1,1,3,3,13,1,1,1,1
3,11,8,49,0.1,2,2,2,1,0,213.3,1,20,3,1,2,2,9,1,1,2,2
3,11,8,50,1.8,1,1,NaN,NaN,NaN,NaN,NaN,15,3,3,3,3,17,3,1,3,1
3,11,8,51,0.2,1,3,1,1,1,148.45,1,12,3,3,3,3,5,3,1,1,3
3,11,8,52,1.8,2,3,2,2,1,247.4,1,2,3,3,2,2,17,3,3,1,1
3,11,8,53,0.1,1,2,1,1,1,255.61,1,16,1,1,1,1,4,1,3,2,2
3,11,8,54,0.4,1,2,1,1,1,227.36,1,18,3,1,3,1,10,3,3,2,2
3,11,8,55,0.8,1,3,1,1,1,219.51,1,15,3,3,3,3,3,3,1,1,3
3,11,8,56,0.2,1,3,1,1,1,243.86,1,8,3,3,3,3,8,3,1,1,3
3,11,8,57,1.8,2,3,2,2,1,227.26,1,7,1,1,2,2,18,3,3,1,1
3,11,8,58,0.4,3,3,2,2,1,242.65,1,7,1,3,3,1,15,3,1,1,3
3,11,8,59,0.2,3,1,2,2,1,269.77,1,8,1,1,3,3,2,3,3,3,3
3,11,8,60,0.4,2,2,2,2,1,276.51,1,15,1,3,2,2,16,1,1,2,2
3,11,8,61,0.8,1,2,NaN,NaN,NaN,NaN,NaN,18,1,1,1,1,13,3,3,2,2
3,11,8,62,0.05,2,1,2,2,1,368.25,0,19,1,1,2,2,5,3,3,3,3
3,11,8,63,1.8,1,2,1,1,1,243.31,1,8,1,3,1,3,8,3,1,2,2
3,11,8,64,0.8,3,3,2,2,1,293.03,1,20,3,3,1,1,9,1,3,3,1
3,11,8,65,0.2,3,1,2,2,1,286.58,1,10,3,1,1,3,18,3,3,3,3
3,11,8,66,0.8,2,2,NaN,NaN,NaN,NaN,NaN,7,1,3,2,2,7,3,1,2,2
3,11,8,67,0.8,1,2,1,1,1,291.67,1,19,1,3,1,3,10,1,3,2,2
3,11,8,68,0.05,1,3,1,1,1,360.75,0,8,1,1,1,1,7,3,1,1,3
3,11,8,69,0.1,1,3,1,1,1,225.63,1,18,3,3,3,3,18,3,3,1,1
3,11,8,70,0.8,1,2,1,1,1,263.11,1,5,3,1,3,1,8,1,3,2,2
3,11,8,71,0.2,2,3,2,2,1,306.97,0,20,1,1,2,2,20,1,3,3,1
3,11,8,72,0.4,3,1,2,2,1,280.88,1,20,1,1,3,3,20,3,3,3,3
3,11,8,73,0.4,2,1,2,2,1,282.96,1,19,1,3,2,2,17,3,1,3,1
3,11,8,74,1.8,1,2,NaN,NaN,NaN,NaN,NaN,2,1,3,1,3,19,3,3,2,2
3,11,8,75,0.8,1,1,1,1,1,303.58,0,4,1,3,1,3,3,3,1,3,1
3,11,8,76,0.1,1,3,1,1,1,209.25,1,20,1,1,1,1,17,3,1,1,3
3,11,8,77,0.05,1,3,1,1,1,274.46,1,11,1,1,1,1,16,3,1,1,3
3,11,8,78,0.1,1,1,1,1,1,229.67,1,20,3,3,3,3,4,1,3,1,3
3,11,9,1,1.8,3,1,2,2,1,215.48,1,10,1,1,3,3,15,3,3,3,3
3,11,9,2,0.8,1,2,1,1,1,254.05,1,6,3,1,3,1,12,3,1,2,2
3,11,9,3,0.05,1,3,1,1,1,419.72,0,10,1,3,1,3,12,1,3,3,1
3,11,9,4,0.4,1,2,1,1,1,292.94,1,19,3,3,3,3,14,1,3,2,2
3,11,9,5,1.8,2,2,2,2,1,223.33,1,11,3,1,2,2,7,1,1,2,2
3,11,9,6,0.2,3,3,2,2,1,202.87,1,6,3,1,1,3,4,1,3,3,1
3,11,9,7,0.05,1,2,1,1,1,443.32,0,5,3,1,3,1,5,1,3,2,2
3,11,9,8,0.2,3,2,2,2,1,265.09,1,8,1,3,3,1,5,1,3,2,2
3,11,9,9,0.1,1,1,1,1,1,229.12,1,6,1,1,1,1,6,3,3,3,3
3,11,9,10,0.1,1,1,1,2,0,262.45,1,17,3,1,3,1,19,3,3,3,3
3,11,9,11,0.05,1,3,1,1,1,217.58,1,9,1,3,1,3,15,1,1,3,3
3,11,9,12,0.4,1,3,1,1,1,282,1,7,1,3,1,3,12,1,3,3,1
3,11,9,13,0.2,2,3,2,2,1,890.17,0,15,1,1,2,2,6,3,1,1,3
3,11,9,14,0.05,3,3,2,2,1,389.22,0,11,3,3,1,1,3,1,1,3,3
3,11,9,15,0.4,2,1,NaN,NaN,NaN,NaN,NaN,9,3,1,2,2,14,3,1,3,1
3,11,9,16,1.8,1,2,1,1,1,296.34,1,2,1,1,1,1,8,1,1,2,2
3,11,9,17,1.8,2,1,2,2,1,319.88,0,18,1,3,2,2,19,1,1,1,1
3,11,9,18,0.05,1,2,1,1,1,281.98,1,15,1,1,1,1,7,3,1,2,2
3,11,9,19,0.4,2,3,2,2,1,11.853,2,1,3,1,2,2,4,1,1,3,3
3,11,9,20,0.05,2,2,2,1,0,298.9,1,1,1,1,2,2,5,1,3,2,2
3,11,9,21,0.4,2,2,2,2,1,249.41,1,8,3,3,2,2,5,3,3,2,2
3,11,9,22,0.8,1,1,1,1,1,324.55,0,7,1,1,1,1,13,3,1,3,1
3,11,9,23,0.8,3,2,2,2,1,273.87,1,15,1,3,3,1,13,3,1,2,2
3,11,9,24,0.05,3,3,2,2,1,353.06,0,3,1,3,3,1,17,3,3,1,1
3,11,9,25,0.05,1,3,1,1,1,264.51,1,2,1,3,1,3,6,1,1,3,3
3,11,9,26,1.8,3,2,2,2,1,290.28,1,7,1,1,3,3,11,3,3,2,2
3,11,9,27,0.2,1,1,1,1,1,430.05,0,1,3,1,3,1,14,1,1,1,1
3,11,9,28,0.8,1,2,1,1,1,51.411,2,1,3,1,3,1,8,3,1,2,2
3,11,9,29,0.8,2,3,2,2,1,292.48,1,4,1,1,2,2,11,3,1,1,3
3,11,9,30,0.1,3,2,2,2,1,342.98,0,18,3,3,1,1,9,3,3,2,2
3,11,9,31,0.2,1,3,1,1,1,63.568,2,9,3,1,3,1,20,3,1,1,3
3,11,9,32,0.4,1,3,1,1,1,414.24,0,11,1,1,1,1,18,3,3,1,1
3,11,9,33,0.8,1,3,1,1,1,386.96,0,14,1,1,1,1,6,3,3,1,1
3,11,9,34,0.2,1,1,1,2,0,316.21,0,14,3,1,3,1,9,3,3,3,3
3,11,9,35,0.1,1,1,1,1,1,195.98,1,15,3,1,3,1,17,1,3,1,3
3,11,9,36,1.8,1,3,1,2,0,343,0,17,3,3,3,3,11,3,1,1,3
3,11,9,37,0.4,1,1,1,1,1,268,1,14,3,1,3,1,8,1,1,1,1
3,11,9,38,1.8,1,2,NaN,NaN,NaN,NaN,NaN,10,3,3,3,3,16,1,3,2,2
3,11,9,39,1.8,3,2,2,2,1,323.36,0,16,1,3,3,1,3,1,1,2,2
3,11,9,40,0.4,2,3,2,2,1,530.39,0,6,3,1,2,2,4,1,1,3,3
3,11,9,41,0.4,1,2,1,1,1,284.29,1,14,1,1,1,1,11,3,3,2,2
3,11,9,42,0.8,1,3,1,1,1,241.49,1,16,3,3,3,3,15,3,3,1,1
3,11,9,43,0.2,3,1,2,2,1,317.23,0,17,1,1,3,3,9,1,3,1,3
3,11,9,44,0.4,1,2,1,2,0,282.16,1,5,1,3,1,3,13,3,1,2,2
3,11,9,45,0.05,1,1,1,1,1,256.46,1,2,1,3,1,3,19,3,1,3,1
3,11,9,46,0.8,3,2,2,2,1,242.63,1,9,3,1,1,3,15,1,3,2,2
3,11,9,47,0.1,2,3,2,1,0,248.75,1,7,1,1,2,2,8,3,3,1,1
3,11,9,48,1.8,3,3,NaN,NaN,NaN,NaN,NaN,6,3,1,1,3,13,3,3,1,1
3,11,9,49,0.1,2,3,2,2,1,345.53,0,13,3,1,2,2,15,1,1,3,3
3,11,9,50,0.1,1,1,1,1,1,346.47,0,3,3,3,3,3,18,1,3,1,3
3,11,9,51,0.8,3,2,2,2,1,261.94,1,9,1,3,3,1,1,3,1,2,2
3,11,9,52,0.2,3,2,2,2,1,285.61,1,2,3,3,1,1,16,3,1,2,2
3,11,9,53,0.8,1,1,1,1,1,295.18,1,15,1,3,1,3,18,1,3,1,3
3,11,9,54,0.1,2,2,2,2,1,299.72,1,7,3,1,2,2,6,3,1,2,2
3,11,9,55,0.2,1,3,1,1,1,264.55,1,11,3,1,3,1,18,1,1,3,3
3,11,9,56,1.8,3,2,2,2,1,254.02,1,15,3,3,1,1,19,3,1,2,2
3,11,9,57,0.2,3,3,2,2,1,277.77,1,18,3,1,1,3,1,3,1,1,3
3,11,9,58,0.05,1,2,1,1,1,297.83,1,16,3,3,3,3,16,1,3,2,2
3,11,9,59,0.2,1,2,1,1,1,280.14,1,14,1,3,1,3,8,3,3,2,2
3,11,9,60,0.8,3,1,2,2,1,239.56,1,18,1,1,3,3,18,1,1,1,1
3,11,9,61,0.1,2,2,2,2,1,282.75,1,19,3,1,2,2,9,3,1,2,2
3,11,9,62,0.1,3,3,2,2,1,248.27,1,15,3,1,1,3,13,1,3,3,1
3,11,9,63,0.2,1,2,1,1,1,298.94,1,13,3,3,3,3,1,1,3,2,2
3,11,9,64,0.4,1,2,1,1,1,277.76,1,14,3,3,3,3,15,3,3,2,2
3,11,9,65,0.8,3,3,NaN,NaN,NaN,NaN,NaN,8,3,1,1,3,11,1,1,3,3
3,11,9,66,0.05,3,3,2,2,1,287.89,1,11,3,1,1,3,8,3,3,1,1
3,11,9,67,0.05,1,3,1,1,1,291.01,1,11,1,1,1,1,2,3,3,1,1
3,11,9,68,0.2,1,2,1,1,1,317.24,0,14,3,3,3,3,5,3,3,2,2
3,11,9,69,0.4,3,1,2,2,1,270.96,1,5,3,1,1,3,8,3,1,3,1
3,11,9,70,0.05,1,3,1,1,1,279.14,1,7,1,3,1,3,20,3,3,1,1
3,11,9,71,0.1,1,3,1,1,1,309.36,0,4,1,3,1,3,17,1,3,3,1
3,11,9,72,1.8,3,2,NaN,NaN,NaN,NaN,NaN,4,1,3,3,1,17,1,3,2,2
3,11,9,73,0.4,2,3,2,1,0,229.22,1,20,1,3,2,2,16,3,1,1,3
3,11,9,74,1.8,3,1,2,2,1,228.12,1,2,1,1,3,3,6,3,1,3,1
3,11,9,75,0.8,1,1,1,1,1,283.04,1,14,1,3,1,3,14,3,3,3,3
3,11,9,76,0.1,3,3,2,2,1,308.96,0,17,1,3,3,1,8,3,3,1,1
3,11,9,77,1.8,3,3,2,2,1,258.46,1,7,1,1,3,3,2,3,1,1,3
3,11,9,78,0.1,2,3,2,2,1,241.49,1,11,3,1,2,2,7,3,1,1,3
3,11,10,1,0.4,1,1,1,1,1,227.28,1,15,3,3,3,3,3,3,1,3,1
3,11,10,2,0.2,2,1,2,1,0,1837.3,0,4,1,3,2,2,5,1,3,1,3
3,11,10,3,0.1,2,2,2,2,1,291.58,1,13,1,1,2,2,10,3,1,2,2
3,11,10,4,0.1,1,3,1,1,1,264.81,1,6,3,3,3,3,13,1,3,3,1
3,11,10,5,0.2,1,3,1,1,1,251.22,1,7,3,1,3,1,5,3,3,1,1
3,11,10,6,0.2,3,3,2,2,1,277.64,1,11,1,3,3,1,17,3,3,1,1
3,11,10,7,0.8,3,1,NaN,NaN,NaN,NaN,NaN,12,1,3,3,1,7,1,3,1,3
3,11,10,8,0.4,3,1,2,1,0,276.15,1,1,3,3,1,1,7,3,1,3,1
3,11,10,9,0.05,1,1,1,1,1,335.05,0,6,1,3,1,3,8,3,3,3,3
3,11,10,10,0.05,1,3,1,1,1,231.42,1,2,3,3,3,3,17,1,1,3,3
3,11,10,11,0.8,1,1,1,1,1,286.51,1,7,3,1,3,1,1,3,1,3,1
3,11,10,12,0.05,1,2,1,1,1,253.96,1,10,1,3,1,3,1,1,3,2,2
3,11,10,13,1.8,1,2,1,1,1,353.72,0,4,1,3,1,3,19,1,1,2,2
3,11,10,14,0.8,1,1,1,1,1,239.5,1,17,3,1,3,1,5,1,3,1,3
3,11,10,15,0.2,1,1,1,1,1,392.03,0,2,1,3,1,3,13,1,1,1,1
3,11,10,16,0.1,1,1,1,1,1,269.18,1,3,3,1,3,1,3,3,1,3,1
3,11,10,17,0.8,3,3,2,2,1,242.92,1,9,1,3,3,1,18,3,1,1,3
3,11,10,18,0.05,2,2,2,2,1,317.7,0,5,1,1,2,2,2,3,1,2,2
3,11,10,19,0.2,2,3,2,2,1,314.83,0,3,3,3,2,2,9,3,3,1,1
3,11,10,20,0.8,2,2,2,2,1,264.31,1,7,3,1,2,2,20,1,3,2,2
3,11,10,21,0.2,2,1,2,2,1,202.19,1,6,3,3,2,2,14,3,1,3,1
3,11,10,22,0.1,3,2,2,2,1,314.69,0,12,1,3,3,1,10,1,3,2,2
3,11,10,23,0.8,2,1,2,1,0,271.62,1,12,1,1,2,2,20,3,3,3,3
3,11,10,24,0.05,2,2,2,2,1,355.46,0,20,3,1,2,2,9,3,1,2,2
3,11,10,25,0.2,1,3,1,1,1,255.79,1,1,3,1,3,1,12,1,3,3,1
3,11,10,26,0.2,1,1,1,2,0,84.906,2,15,3,1,3,1,10,1,1,1,1
3,11,10,27,0.4,3,3,2,2,1,279.8,1,14,1,1,3,3,7,1,1,3,3
3,11,10,28,0.2,1,3,1,1,1,183.63,1,3,1,1,1,1,18,3,3,1,1
3,11,10,29,0.1,1,2,1,1,1,597.91,0,13,3,3,3,3,2,1,3,2,2
3,11,10,30,0.1,3,3,2,1,0,169.38,1,18,1,1,3,3,2,1,1,3,3
3,11,10,31,0.4,3,3,2,2,1,348.71,0,5,3,1,1,3,11,3,3,1,1
3,11,10,32,0.4,2,2,2,2,1,318.27,0,17,1,3,2,2,20,1,3,2,2
3,11,10,33,0.1,2,1,2,1,0,280.63,1,16,1,1,2,2,13,1,3,1,3
3,11,10,34,0.05,3,2,2,2,1,285.87,1,5,1,1,3,3,13,3,1,2,2
3,11,10,35,0.1,1,2,1,1,1,138.04,1,8,3,3,3,3,5,3,3,2,2
3,11,10,36,0.1,2,3,2,2,1,299.47,1,11,3,1,2,2,3,1,1,3,3
3,11,10,37,0.05,1,3,1,1,1,225.42,1,10,3,3,3,3,1,3,3,1,1
3,11,10,38,0.4,3,1,2,2,1,296.4,1,17,3,3,1,1,9,1,3,1,3
3,11,10,39,1.8,1,1,NaN,NaN,NaN,NaN,NaN,17,1,1,1,1,19,3,1,3,1
3,11,10,40,0.8,2,3,NaN,NaN,NaN,NaN,NaN,6,1,3,2,2,8,1,3,3,1
3,11,10,41,0.8,1,1,1,1,1,485.86,0,6,1,3,1,3,6,3,1,3,1
3,11,10,42,1.8,2,2,2,1,0,239.11,1,17,3,1,2,2,9,1,3,2,2
3,11,10,43,1.8,2,2,2,1,0,228.87,1,11,1,1,2,2,6,3,3,2,2
3,11,10,44,1.8,3,1,2,2,1,261.96,1,15,1,3,3,1,19,3,1,3,1
3,11,10,45,0.05,1,3,1,2,0,324.58,0,1,1,1,1,1,14,3,3,1,1
3,11,10,46,0.4,2,2,2,1,0,296.6,1,20,3,1,2,2,18,3,1,2,2
3,11,10,47,0.8,1,3,1,1,1,271.43,1,19,1,3,1,3,20,1,3,3,1
3,11,10,48,1.8,1,2,NaN,NaN,NaN,NaN,NaN,11,3,3,3,3,5,3,3,2,2
3,11,10,49,0.1,3,3,2,2,1,673.3,0,7,1,1,3,3,8,3,3,1,1
3,11,10,50,0.4,1,1,1,1,1,263.95,1,10,3,3,3,3,1,3,1,3,1
3,11,10,51,0.2,3,2,2,2,1,255.78,1,2,3,1,1,3,4,1,3,2,2
3,11,10,52,0.8,1,1,NaN,NaN,NaN,NaN,NaN,15,3,3,3,3,11,3,3,3,3
3,11,10,53,0.4,3,2,2,2,1,277.3,1,8,1,3,3,1,9,1,3,2,2
3,11,10,54,0.8,2,1,2,2,1,250.19,1,13,3,3,2,2,12,3,1,3,1
3,11,10,55,0.8,1,1,1,1,1,262.08,1,16,3,3,3,3,3,3,1,3,1
3,11,10,56,1.8,2,3,2,2,1,235.99,1,13,1,1,2,2,9,1,3,3,1
3,11,10,57,0.4,3,3,2,2,1,330.98,0,12,1,3,3,1,1,1,3,3,1
3,11,10,58,0.2,2,2,2,2,1,347.16,0,13,3,3,2,2,20,3,1,2,2
3,11,10,59,0.4,1,1,1,1,1,363.01,0,11,3,1,3,1,12,3,1,3,1
3,11,10,60,0.05,1,1,1,1,1,434.74,0,15,3,3,3,3,16,3,3,3,3
3,11,10,61,0.2,1,2,1,1,1,291.02,1,20,3,3,3,3,1,1,3,2,2
3,11,10,62,0.2,2,3,2,2,1,197.07,1,17,3,1,2,2,5,3,3,1,1
3,11,10,63,0.1,1,2,1,1,1,231.53,1,3,3,3,3,3,5,3,3,2,2
3,11,10,64,1.8,2,3,2,2,1,193.65,1,13,3,1,2,2,20,3,1,1,3
3,11,10,65,0.05,2,1,2,1,0,278.65,1,2,3,1,2,2,11,3,3,3,3
3,11,10,66,0.1,1,2,1,1,1,182.93,1,16,1,3,1,3,16,1,1,2,2
3,11,10,67,1.8,1,3,NaN,NaN,NaN,NaN,NaN,3,3,3,3,3,17,1,1,3,3
3,11,10,68,1.8,1,3,1,1,1,241.88,1,8,1,1,1,1,7,1,3,3,1
3,11,10,69,0.1,3,1,2,2,1,365.67,0,11,1,3,3,1,19,1,3,1,3
3,11,10,70,0.05,3,3,2,2,1,337.63,0,15,3,3,1,1,4,1,3,3,1
3,11,10,71,1.8,1,2,NaN,NaN,NaN,NaN,NaN,3,1,1,1,1,1,3,3,2,2
3,11,10,72,0.4,2,1,2,1,0,363.73,0,15,3,1,2,2,14,3,3,3,3
3,11,10,73,0.05,1,3,1,1,1,355.62,0,14,3,3,3,3,8,1,3,3,1
3,11,10,74,1.8,1,2,1,1,1,205.28,1,9,3,3,3,3,18,1,3,2,2
3,11,10,75,0.8,3,3,2,2,1,317.42,0,15,3,1,1,3,8,3,1,1,3
3,11,10,76,1.8,1,2,1,1,1,292.66,1,19,1,3,1,3,11,1,1,2,2
3,11,10,77,0.4,1,2,1,1,1,137.48,1,16,3,3,3,3,20,3,1,2,2
3,11,10,78,0.05,1,3,1,1,1,268.88,1,9,3,3,3,3,19,3,3,1,1
