2,5,1,1,0.05,2,1,2,2,1,341.63,0,14,1,1,2,2,19,3,3,3,3
2,5,1,2,0.4,3,2,NaN,NaN,NaN,NaN,NaN,8,3,3,1,1,7,3,1,2,2
2,5,1,3,0.2,1,2,1,1,1,243.96,1,5,1,1,1,1,9,3,3,2,2
2,5,1,4,0.8,1,3,1,1,1,198.29,1,6,1,1,1,1,4,3,3,1,1
2,5,1,5,0.05,1,3,1,1,1,282.7,1,5,1,1,1,1,7,3,1,1,3
2,5,1,6,0.4,1,1,1,1,1,226.4,1,7,3,3,3,3,15,1,1,1,1
2,5,1,7,0.1,3,3,2,2,1,265.85,1,2,1,3,3,1,9,3,3,1,1
2,5,1,8,0.2,3,3,2,2,1,269.2,1,19,3,1,1,3,6,1,3,3,1
2,5,1,9,0.05,3,1,2,2,1,289.6,1,9,3,3,1,1,9,3,3,3,3
2,5,1,10,0.2,2,2,2,1,0,269.87,1,13,3,3,2,2,19,3,3,2,2
2,5,1,11,1.8,3,2,2,2,1,181.7,1,5,3,3,1,1,3,1,1,2,2
2,5,1,12,0.4,1,2,1,1,1,221.87,1,12,1,1,1,1,14,1,1,2,2
2,5,1,13,0.1,1,2,1,2,0,243.73,1,14,3,3,3,3,19,3,1,2,2
2,5,1,14,0.8,1,2,1,1,1,183.28,1,5,1,1,1,1,3,1,1,2,2
2,5,1,15,0.8,3,3,2,1,0,170.09,1,7,1,3,3,1,18,3,1,1,3
2,5,1,16,0.1,2,3,2,2,1,256,1,12,3,3,2,2,12,3,3,1,1
2,5,1,17,0.1,1,1,1,2,0,266.84,1,11,3,1,3,1,13,3,1,3,1
2,5,1,18,1.8,1,3,1,1,1,183.46,1,16,1,1,1,1,9,3,1,1,3
2,5,1,19,0.1,1,1,1,1,1,247.12,1,7,3,3,3,3,11,3,1,3,1
2,5,1,20,0.8,3,3,2,2,1,204.02,1,8,1,1,3,3,11,1,3,3,1
2,5,1,21,0.1,1,1,1,1,1,246.97,1,11,3,1,3,1,2,1,3,1,3
2,5,1,22,0.4,1,1,1,1,1,185.12,1,4,1,3,1,3,1,3,3,3,3
2,5,1,23,0.8,3,3,2,2,1,190.88,1,17,1,3,3,1,15,1,3,3,1
2,5,1,24,0.1,2,3,2,2,1,267.01,1,8,3,1,2,2,9,3,3,1,1
2,5,1,25,0.8,1,2,1,1,1,193.05,1,4,3,3,3,3,3,3,3,2,2
2,5,1,26,1.8,1,2,1,1,1,189.33,1,14,1,3,1,3,12,1,1,2,2
2,5,1,27,0.05,1,3,1,1,1,255.92,1,3,1,1,1,1,14,1,3,3,1
2,5,1,28,0.4,2,2,2,1,0,194.06,1,9,1,1,2,2,12,3,3,2,2
2,5,1,29,0.4,2,2,2,1,0,236.75,1,4,1,3,2,2,17,1,1,2,2
2,5,1,30,0.05,2,1,2,2,1,313.66,0,18,3,1,2,2,8,3,3,3,3
2,5,1,31,0.2,1,2,1,2,0,159.84,1,9,3,3,3,3,8,3,3,2,2
2,5,1,32,0.05,1,1,1,1,1,258.27,1,5,3,1,3,1,13,3,3,3,3
2,5,1,33,1.8,1,2,1,1,1,181.61,1,12,1,3,1,3,1,1,1,2,2
2,5,1,34,1.8,1,1,1,1,1,171.59,1,14,3,3,3,3,10,1,3,1,3
2,5,1,35,1.8,1,1,1,1,1,193.34,1,3,3,3,3,3,4,1,3,1,3
2,5,1,36,0.05,1,1,1,1,1,278.85,1,10,3,1,3,1,16,3,1,3,1
2,5,1,37,0.8,1,2,1,1,1,234.32,1,13,1,3,1,3,10,1,1,2,2
2,5,1,38,0.2,2,1,2,1,0,263.05,1,16,3,3,2,2,11,1,3,1,3
2,5,1,39,0.2,1,2,1,1,1,258.62,1,12,1,3,1,3,16,3,1,2,2
2,5,1,40,1.8,3,3,2,2,1,176.31,1,2,1,1,3,3,2,1,3,3,1
2,5,1,41,1.8,2,3,2,1,0,183.04,1,10,3,3,2,2,19,1,3,3,1
2,5,1,42,1.8,2,2,2,2,1,180.29,1,6,3,1,2,2,8,1,1,2,2
2,5,1,43,0.1,1,1,1,1,1,263.19,1,13,3,1,3,1,11,1,1,1,1
2,5,1,44,1.8,1,1,1,1,1,194.34,1,17,3,1,3,1,8,1,1,1,1
2,5,1,45,0.4,1,3,1,1,1,214.91,1,6,3,1,3,1,17,3,1,1,3
2,5,1,46,0.4,3,3,2,2,1,359.17,0,4,3,3,1,1,18,1,3,3,1
2,5,1,47,0.4,3,2,2,2,1,237.78,1,13,3,3,1,1,19,3,3,2,2
2,5,1,48,0.2,1,2,1,1,1,203.86,1,7,1,3,1,3,4,3,1,2,2
2,5,1,49,1.8,3,2,2,2,1,181.12,1,18,1,1,3,3,9,3,3,2,2
2,5,1,50,0.8,2,3,2,2,1,221.51,1,19,1,1,2,2,19,1,3,3,1
2,5,1,51,1.8,2,2,2,1,0,208.02,1,12,3,1,2,2,13,3,3,2,2
2,5,1,52,0.2,3,2,2,2,1,242.2,1,4,3,3,1,1,18,3,3,2,2
2,5,1,53,0.4,2,2,2,1,0,228.3,1,15,1,3,2,2,16,3,3,2,2
2,5,1,54,0.2,1,3,1,2,0,216.18,1,10,1,1,1,1,19,1,3,3,1
2,5,1,55,0.4,1,3,1,1,1,228.65,1,20,3,3,3,3,5,3,1,1,3
2,5,1,56,0.8,2,2,2,1,0,203.4,1,13,3,1,2,2,1,1,1,2,2
2,5,1,57,0.8,1,1,1,1,1,193.07,1,1,3,3,3,3,19,1,1,1,1
2,5,1,58,0.1,3,3,2,2,1,252.27,1,9,1,1,3,3,2,3,3,1,1
2,5,1,59,1.8,1,2,1,1,1,197.15,1,16,3,1,3,1,7,1,3,2,2
2,5,1,60,0.1,3,2,2,2,1,251.5,1,9,1,3,3,1,9,3,1,2,2
2,5,1,61,0.2,3,3,2,2,1,290.79,1,12,1,1,3,3,1,1,3,3,1
2,5,1,62,0.2,3,2,2,2,1,243.94,1,6,3,3,1,1,13,1,1,2,2
2,5,1,63,0.4,1,3,1,1,1,194.14,1,10,1,1,1,1,6,1,1,3,3
2,5,1,64,0.8,1,1,1,1,1,201.99,1,9,3,1,3,1,12,1,1,1,1
2,5,1,65,0.05,1,1,1,1,1,264.7,1,9,3,3,3,3,9,1,1,1,1
2,5,1,66,0.1,1,3,1,1,1,169.21,1,19,3,3,3,3,2,1,3,3,1
2,5,1,67,0.1,1,1,1,1,1,274.69,1,14,1,3,1,3,11,1,3,1,3
2,5,1,68,0.8,1,1,1,1,1,202.77,1,2,3,1,3,1,18,1,3,1,3
2,5,1,69,0.8,2,3,2,2,1,238.66,1,2,3,3,2,2,18,1,3,3,1
2,5,1,70,0.1,1,1,1,1,1,185.55,1,9,1,3,1,3,6,1,1,1,1
2,5,1,71,0.05,2,1,2,1,0,265.53,1,4,3,3,2,2,10,3,3,3,3
2,5,1,72,0.05,3,3,2,2,1,251.75,1,2,3,3,1,1,3,3,3,1,1
2,5,1,73,0.2,3,2,2,2,1,274.71,1,16,1,1,3,3,5,1,3,2,2
2,5,1,74,0.2,2,2,2,1,0,279.99,1,10,3,1,2,2,10,1,1,2,2
2,5,1,75,0.05,2,3,2,2,1,285.17,1,13,3,3,2,2,14,3,3,1,1
2,5,1,76,0.4,1,2,1,1,1,193.54,1,7,3,3,3,3,13,1,3,2,2
2,5,1,77,0.05,2,1,2,2,1,298.23,1,6,3,3,2,2,4,1,1,1,1
2,5,1,78,0.05,3,3,2,2,1,312.11,0,1,1,1,3,3,20,3,3,1,1
2,5,2,1,0.1,1,3,1,1,1,218.58,1,7,3,1,3,1,8,3,3,1,1
2,5,2,2,0.8,1,3,1,1,1,193.95,1,13,1,1,1,1,6,1,1,3,3
2,5,2,3,0.2,2,3,2,2,1,248.38,1,17,1,3,2,2,16,1,1,3,3
2,5,2,4,0.1,3,1,2,2,1,239.92,1,8,1,3,3,1,13,1,1,1,1
2,5,2,5,0.4,1,3,1,1,1,169.85,1,13,3,3,3,3,4,1,3,3,1
2,5,2,6,0.8,3,2,2,2,1,203.71,1,16,3,1,1,3,19,1,1,2,2
2,5,2,7,0.1,1,1,1,1,1,293.12,1,20,3,1,3,1,19,3,1,3,1
2,5,2,8,0.2,1,1,1,1,1,196.71,1,2,1,3,1,3,1,3,3,3,3
2,5,2,9,1.8,3,3,2,2,1,186.02,1,10,3,3,1,1,11,1,3,3,1
2,5,2,10,0.4,2,2,2,2,1,171.55,1,11,1,1,2,2,17,1,3,2,2
2,5,2,11,0.4,1,2,1,1,1,220.74,1,14,3,1,3,1,6,1,1,2,2
2,5,2,12,1.8,3,1,2,2,1,197.12,1,15,1,1,3,3,18,1,3,1,3
2,5,2,13,1.8,1,2,1,1,1,269.01,1,8,1,1,1,1,1,3,1,2,2
2,5,2,14,0.2,2,3,2,1,0,271.91,1,12,1,1,2,2,3,3,3,1,1
2,5,2,15,1.8,2,3,2,2,1,147.45,1,3,3,1,2,2,5,3,1,1,3
2,5,2,16,0.8,2,1,2,1,0,208.6,1,10,3,3,2,2,10,1,3,1,3
2,5,2,17,0.05,3,1,2,2,1,388.58,0,4,1,1,3,3,11,1,3,1,3
2,5,2,18,1.8,3,1,2,2,1,210.47,1,11,1,3,3,1,20,1,3,1,3
2,5,2,19,0.1,1,3,1,1,1,275.39,1,15,1,3,1,3,5,3,1,1,3
2,5,2,20,0.05,1,2,1,1,1,285.93,1,6,1,3,1,3,5,3,3,2,2
2,5,2,21,0.2,2,3,2,1,0,249.27,1,12,3,3,2,2,19,3,1,1,3
2,5,2,22,0.8,3,2,2,2,1,189.89,1,1,3,3,1,1,19,3,1,2,2
2,5,2,23,0.05,3,1,2,2,1,264.75,1,7,3,1,1,3,2,3,1,3,1
2,5,2,24,0.4,1,3,1,1,1,237.38,1,6,1,1,1,1,10,3,3,1,1
2,5,2,25,1.8,3,2,2,2,1,184.91,1,5,1,3,3,1,4,1,3,2,2
2,5,2,26,0.05,1,2,1,1,1,289.07,1,1,1,3,1,3,4,1,1,2,2
2,5,2,27,0.2,1,2,1,1,1,240.63,1,12,3,1,3,1,7,3,1,2,2
2,5,2,28,0.1,1,3,1,1,1,277.89,1,4,1,3,1,3,2,1,3,3,1
2,5,2,29,0.8,2,3,2,1,0,195.73,1,4,1,3,2,2,15,1,3,3,1
2,5,2,30,0.2,3,2,2,2,1,212.68,1,3,3,3,1,1,17,1,3,2,2
2,5,2,31,0.2,3,3,2,1,0,340.02,0,4,3,1,1,3,7,1,1,3,3
2,5,2,32,0.4,2,1,2,1,0,186.39,1,15,1,3,2,2,12,1,3,1,3
2,5,2,33,0.1,3,1,2,1,0,293.97,1,12,1,1,3,3,19,1,1,1,1
2,5,2,34,1.8,1,3,1,1,1,177.79,1,17,1,3,1,3,10,1,1,3,3
2,5,2,35,0.05,2,2,2,2,1,274.28,1,18,1,3,2,2,15,3,3,2,2
2,5,2,36,0.2,1,2,1,1,1,356.69,0,2,3,3,3,3,14,1,3,2,2
2,5,2,37,0.4,2,2,2,1,0,188.22,1,4,1,1,2,2,19,3,1,2,2
2,5,2,38,0.4,1,3,1,1,1,197.59,1,20,1,3,1,3,6,3,1,1,3
2,5,2,39,0.8,3,3,2,2,1,193.13,1,10,1,1,3,3,20,1,1,3,3
2,5,2,40,0.1,1,2,1,1,1,251.31,1,18,3,1,3,1,6,1,1,2,2
2,5,2,41,1.8,1,2,1,1,1,196.75,1,2,1,3,1,3,10,3,3,2,2
2,5,2,42,0.2,3,2,2,2,1,118.25,1,18,1,1,3,3,9,3,1,2,2
2,5,2,43,0.05,1,2,1,1,1,252.56,1,12,1,3,1,3,12,1,3,2,2
2,5,2,44,1.8,1,2,1,1,1,190.79,1,2,3,3,3,3,17,1,1,2,2
2,5,2,45,0.4,1,2,1,1,1,205.84,1,4,1,3,1,3,12,3,3,2,2
2,5,2,46,0.05,2,2,2,1,0,315.06,0,8,3,3,2,2,16,1,1,2,2
2,5,2,47,0.8,3,3,NaN,NaN,NaN,NaN,NaN,8,1,1,3,3,16,1,3,3,1
2,5,2,48,0.8,1,1,1,1,1,209.55,1,5,3,1,3,1,11,1,1,1,1
2,5,2,49,0.05,1,2,1,1,1,286.48,1,14,1,1,1,1,2,1,3,2,2
2,5,2,50,0.05,1,2,1,1,1,382.9,0,4,1,3,1,3,7,1,3,2,2
2,5,2,51,0.05,1,1,1,1,1,267.34,1,10,1,3,1,3,2,1,3,1,3
2,5,2,52,0.1,1,1,1,1,1,453.76,0,19,1,1,1,1,11,3,3,3,3
2,5,2,53,0.05,1,1,1,1,1,256.86,1,16,1,3,1,3,18,3,3,3,3
2,5,2,54,0.1,1,1,1,1,1,168.24,1,17,1,1,1,1,17,1,1,1,1
2,5,2,55,1.8,1,1,1,1,1,188.7,1,20,1,3,1,3,12,1,3,1,3
2,5,2,56,0.1,3,3,2,2,1,241.83,1,2,3,3,1,1,3,3,1,1,3
2,5,2,57,0.1,2,1,2,1,0,248.97,1,6,1,3,2,2,10,3,1,3,1
2,5,2,58,0.4,2,2,2,1,0,231.8,1,5,3,3,2,2,17,1,3,2,2
2,5,2,59,0.05,1,3,1,1,1,267.07,1,6,1,1,1,1,13,3,1,1,3
2,5,2,60,0.4,1,3,1,1,1,201.66,1,19,3,1,3,1,4,3,1,1,3
2,5,2,61,1.8,1,1,1,1,1,194.68,1,11,1,1,1,1,4,1,1,1,1
2,5,2,62,0.05,3,1,2,2,1,373.05,0,12,3,3,1,1,12,1,1,1,1
2,5,2,63,0.8,1,1,1,1,1,205.84,1,9,1,1,1,1,17,3,1,3,1
2,5,2,64,0.4,1,2,1,2,0,2.3856,2,4,1,3,1,3,13,1,3,2,2
2,5,2,65,0.2,2,2,2,1,0,89.963,2,11,3,1,2,2,9,3,3,2,2
2,5,2,66,1.8,3,1,2,2,1,217.97,1,2,1,1,3,3,2,3,3,3,3
2,5,2,67,0.8,3,2,2,2,1,218.74,1,19,1,3,3,1,12,1,3,2,2
2,5,2,68,0.1,1,1,1,1,1,214.16,1,8,1,1,1,1,2,3,3,3,3
2,5,2,69,0.4,1,2,1,1,1,212.27,1,9,1,3,1,3,17,3,1,2,2
2,5,2,70,0.8,1,3,1,1,1,196.74,1,6,1,3,1,3,3,3,3,1,1
2,5,2,71,0.1,1,3,1,1,1,250.18,1,14,3,1,3,1,17,3,3,1,1
2,5,2,72,1.8,3,1,2,2,1,198.53,1,2,3,1,1,3,19,1,1,1,1
2,5,2,73,0.8,1,2,1,1,1,205.55,1,20,1,1,1,1,1,1,3,2,2
2,5,2,74,0.8,1,1,1,1,1,196.34,1,5,3,1,3,1,1,3,3,3,3
2,5,2,75,0.4,3,3,2,2,1,234.53,1,9,1,1,3,3,6,3,1,1,3
2,5,2,76,0.2,2,3,2,1,0,228.29,1,15,3,1,2,2,20,3,1,1,3
2,5,2,77,0.2,2,3,2,1,0,242.58,1,15,3,3,2,2,2,3,3,1,1
2,5,2,78,0.2,2,1,2,2,1,276.31,1,13,3,1,2,2,12,3,3,3,3
2,5,3,1,0.8,1,3,1,1,1,191.61,1,15,3,3,3,3,5,1,3,3,1
2,5,3,2,0.2,2,1,2,1,0,204.24,1,7,1,3,2,2,11,3,3,3,3
2,5,3,3,0.05,1,2,1,1,1,258.6,1,6,3,1,3,1,17,3,1,2,2
2,5,3,4,0.4,2,2,2,1,0,190.1,1,13,1,3,2,2,16,1,3,2,2
2,5,3,5,0.8,3,3,2,2,1,186.43,1,4,1,3,3,1,13,3,3,1,1
2,5,3,6,0.1,1,2,1,1,1,279.78,1,18,3,1,3,1,20,1,1,2,2
2,5,3,7,0.8,3,2,2,2,1,193.47,1,20,1,1,3,3,10,1,3,2,2
2,5,3,8,0.8,1,3,1,1,1,205.89,1,6,3,3,3,3,14,1,1,3,3
2,5,3,9,0.1,2,3,2,1,0,310.51,0,12,3,1,2,2,10,3,3,1,1
2,5,3,10,0.8,3,3,2,2,1,216.87,1,4,3,1,1,3,16,3,3,1,1
2,5,3,11,1.8,1,2,1,2,0,168.42,1,20,1,1,1,1,18,3,3,2,2
2,5,3,12,0.05,2,2,2,2,1,361.66,0,5,1,1,2,2,12,1,1,2,2
2,5,3,13,0.2,3,3,2,2,1,317.08,0,20,3,1,1,3,18,1,3,3,1
2,5,3,14,0.05,3,1,2,2,1,333.76,0,2,1,3,3,1,5,3,3,3,3
2,5,3,15,0.2,1,2,1,1,1,240.8,1,5,1,3,1,3,18,3,1,2,2
2,5,3,16,0.05,1,3,1,2,0,473.87,0,7,1,1,1,1,18,1,1,3,3
2,5,3,17,1.8,3,2,2,2,1,183.87,1,11,1,3,3,1,10,1,3,2,2
2,5,3,18,1.8,1,2,1,1,1,194.95,1,12,1,1,1,1,2,1,3,2,2
2,5,3,19,0.4,1,2,1,1,1,212.08,1,8,3,1,3,1,12,3,3,2,2
2,5,3,20,0.05,3,1,2,2,1,265.52,1,20,1,1,3,3,5,3,3,3,3
2,5,3,21,0.8,3,1,2,2,1,256.22,1,11,3,3,1,1,12,3,3,3,3
2,5,3,22,0.4,3,1,2,2,1,273.54,1,13,3,3,1,1,10,1,1,1,1
2,5,3,23,0.05,3,1,2,2,1,256.32,1,6,1,3,3,1,14,3,1,3,1
2,5,3,24,0.1,1,1,1,1,1,254.85,1,17,1,3,1,3,14,1,1,1,1
2,5,3,25,0.05,1,2,1,1,1,263.43,1,20,3,3,3,3,12,1,1,2,2
2,5,3,26,0.2,1,2,1,1,1,246.55,1,12,1,3,1,3,12,1,3,2,2
2,5,3,27,0.4,1,2,1,1,1,191.59,1,15,1,3,1,3,11,3,3,2,2
2,5,3,28,0.1,2,1,2,1,0,257.69,1,20,3,3,2,2,18,1,1,1,1
2,5,3,29,0.4,2,2,2,2,1,264.38,1,12,3,1,2,2,20,3,3,2,2
2,5,3,30,0.4,1,1,1,1,1,201.3,1,8,3,3,3,3,2,1,1,1,1
2,5,3,31,0.4,3,1,2,2,1,201.23,1,18,3,1,1,3,9,1,1,1,1
2,5,3,32,0.8,3,3,2,2,1,187.66,1,8,1,3,3,1,6,1,1,3,3
2,5,3,33,1.8,3,2,2,2,1,188.72,1,3,3,1,1,3,1,1,1,2,2
2,5,3,34,0.05,2,2,2,2,1,292.02,1,19,1,3,2,2,5,3,1,2,2
2,5,3,35,1.8,3,3,2,2,1,192.18,1,16,1,3,3,1,16,3,1,1,3
2,5,3,36,0.2,1,1,1,1,1,241.62,1,10,1,3,1,3,18,3,3,3,3
2,5,3,37,0.2,2,2,2,1,0,245.14,1,10,1,1,2,2,15,3,3,2,2
2,5,3,38,0.1,1,1,1,2,0,386.93,0,6,3,1,3,1,16,1,1,1,1
2,5,3,39,0.4,1,1,1,1,1,205.56,1,14,1,1,1,1,18,1,1,1,1
2,5,3,40,1.8,2,1,2,1,0,229.03,1,13,1,1,2,2,18,1,3,1,3
2,5,3,41,0.1,1,1,1,1,1,318.59,0,5,3,1,3,1,3,1,3,1,3
2,5,3,42,0.1,1,2,1,2,0,240.62,1,19,1,3,1,3,10,1,3,2,2
2,5,3,43,0.1,2,1,2,2,1,243.59,1,18,1,3,2,2,8,3,1,3,1
2,5,3,44,0.1,2,1,2,2,1,309.27,0,8,1,1,2,2,10,1,3,1,3
2,5,3,45,0.4,2,3,NaN,NaN,NaN,NaN,NaN,7,3,3,2,2,16,3,3,1,1
2,5,3,46,0.8,1,1,1,1,1,230.18,1,19,1,3,1,3,20,3,3,3,3
2,5,3,47,0.2,3,2,2,2,1,257.86,1,6,3,1,1,3,13,1,1,2,2
2,5,3,48,1.8,1,2,1,1,1,162.64,1,17,3,1,3,1,14,3,1,2,2
2,5,3,49,0.4,1,1,1,1,1,196.49,1,15,1,3,1,3,11,3,1,3,1
2,5,3,50,0.8,1,3,1,1,1,208.74,1,9,1,3,1,3,19,3,3,1,1
2,5,3,51,0.1,1,1,1,1,1,240.38,1,5,1,3,1,3,11,3,1,3,1
2,5,3,52,0.1,2,2,2,2,1,309.56,0,3,3,1,2,2,1,3,1,2,2
2,5,3,53,0.1,1,3,1,2,0,298.76,1,6,1,3,1,3,1,3,1,1,3
2,5,3,54,1.8,1,2,1,1,1,201.08,1,11,1,3,1,3,12,1,1,2,2
2,5,3,55,0.2,1,1,1,2,0,248.44,1,8,3,1,3,1,4,1,3,1,3
2,5,3,56,1.8,3,3,2,2,1,193.53,1,3,1,3,3,1,12,3,1,1,3
2,5,3,57,0.2,2,2,2,2,1,269.79,1,17,1,3,2,2,3,1,3,2,2
2,5,3,58,0.05,2,1,2,1,0,278.46,1,2,1,1,2,2,7,1,3,1,3
2,5,3,59,0.05,1,1,1,2,0,298.36,1,16,3,1,3,1,5,1,3,1,3
2,5,3,60,0.4,1,1,1,1,1,203.03,1,9,3,3,3,3,13,1,1,1,1
2,5,3,61,0.4,3,3,2,2,1,208.25,1,10,1,3,3,1,11,1,3,3,1
2,5,3,62,0.8,3,3,2,2,1,195.25,1,7,1,1,3,3,7,3,3,1,1
2,5,3,63,1.8,3,2,2,2,1,203.91,1,5,1,1,3,3,20,3,1,2,2
2,5,3,64,1.8,3,1,2,2,1,186.45,1,16,1,3,3,1,7,3,3,3,3
2,5,3,65,0.4,2,2,2,2,1,246.68,1,1,3,3,2,2,8,1,3,2,2
2,5,3,66,0.2,3,2,2,2,1,200.91,1,1,1,1,3,3,2,3,3,2,2
2,5,3,67,0.2,3,2,2,2,1,252.5,1,2,3,3,1,1,4,1,1,2,2
2,5,3,68,0.8,3,3,2,2,1,208.6,1,14,3,1,1,3,7,1,1,3,3
2,5,3,69,1.8,2,1,2,2,1,191.97,1,19,3,1,2,2,11,1,1,1,1
2,5,3,70,0.2,1,2,1,1,1,281.88,1,20,1,1,1,1,16,3,3,2,2
2,5,3,71,0.8,2,1,2,1,0,200.38,1,19,3,1,2,2,12,3,3,3,3
2,5,3,72,0.05,1,3,1,2,0,291.85,1,7,3,1,3,1,6,3,3,1,1
2,5,3,73,0.8,1,1,1,1,1,231.61,1,7,3,1,3,1,3,1,1,1,1
2,5,3,74,0.05,2,3,2,2,1,460.63,0,3,1,3,2,2,19,3,1,1,3
2,5,3,75,1.8,1,2,1,1,1,203.57,1,2,1,1,1,1,7,3,3,2,2
2,5,3,76,0.2,1,3,1,1,1,195.51,1,2,3,3,3,3,18,1,1,3,3
2,5,3,77,0.05,1,1,1,1,1,315.85,0,12,1,3,1,3,20,1,3,1,3
2,5,3,78,0.1,2,1,2,1,0,240.38,1,18,3,3,2,2,8,1,1,1,1
2,5,4,1,0.8,3,3,2,2,1,193.8,1,6,1,3,3,1,10,1,3,3,1
2,5,4,2,0.8,2,2,2,1,0,211.28,1,9,1,1,2,2,3,1,3,2,2
2,5,4,3,0.2,2,3,2,2,1,262.79,1,8,1,1,2,2,14,1,1,3,3
2,5,4,4,0.2,1,2,1,1,1,200.33,1,18,3,1,3,1,14,3,1,2,2
2,5,4,5,0.8,3,3,2,2,1,188.52,1,5,3,3,1,1,9,3,3,1,1
2,5,4,6,1.8,1,1,1,1,1,176.03,1,18,3,3,3,3,20,1,1,1,1
2,5,4,7,1.8,1,2,1,1,1,192.14,1,2,3,3,3,3,15,1,1,2,2
2,5,4,8,0.05,3,2,2,2,1,263.56,1,15,1,1,3,3,11,3,1,2,2
2,5,4,9,0.1,3,1,2,2,1,308.86,0,2,3,1,1,3,2,1,3,1,3
2,5,4,10,0.05,1,3,1,1,1,278.2,1,17,1,1,1,1,9,3,1,1,3
2,5,4,11,0.4,3,3,2,2,1,249.79,1,3,3,3,1,1,7,1,3,3,1
2,5,4,12,0.1,2,2,2,2,1,259.65,1,6,1,1,2,2,10,1,1,2,2
2,5,4,13,0.2,1,1,1,1,1,244.5,1,1,3,1,3,1,7,3,3,3,3
2,5,4,14,1.8,2,1,2,1,0,242.98,1,12,3,3,2,2,3,1,1,1,1
2,5,4,15,0.4,1,2,1,1,1,247.74,1,3,3,1,3,1,10,1,1,2,2
2,5,4,16,0.1,1,2,1,1,1,277.6,1,14,1,1,1,1,18,3,3,2,2
2,5,4,17,0.05,3,2,2,2,1,297.31,1,7,3,3,1,1,19,3,3,2,2
2,5,4,18,0.8,3,2,2,2,1,211.12,1,20,1,3,3,1,6,1,1,2,2
2,5,4,19,0.4,2,3,2,2,1,238.37,1,2,1,3,2,2,18,1,3,3,1
2,5,4,20,0.4,1,1,1,1,1,185.67,1,17,1,1,1,1,6,3,3,3,3
2,5,4,21,0.05,2,2,2,2,1,287.07,1,20,3,3,2,2,13,3,1,2,2
2,5,4,22,0.05,1,3,1,2,0,327.29,0,3,1,3,1,3,1,1,1,3,3
2,5,4,23,0.1,3,3,2,2,1,276.96,1,10,1,1,3,3,4,3,1,1,3
2,5,4,24,0.4,3,2,2,2,1,223.47,1,5,1,3,3,1,2,3,1,2,2
2,5,4,25,0.4,1,3,1,1,1,215.93,1,2,3,3,3,3,17,3,3,1,1
2,5,4,26,0.1,1,2,1,1,1,292.94,1,5,1,3,1,3,2,3,3,2,2
2,5,4,27,1.8,1,2,1,1,1,194.64,1,3,1,1,1,1,16,3,1,2,2
2,5,4,28,0.05,3,3,2,2,1,297.02,1,19,1,3,3,1,12,3,1,1,3
2,5,4,29,1.8,1,1,NaN,NaN,NaN,NaN,NaN,15,3,3,3,3,13,1,3,1,3
2,5,4,30,0.8,3,3,2,2,1,212.13,1,15,3,3,1,1,16,3,3,1,1
2,5,4,31,0.2,2,2,2,2,1,269.39,1,20,3,1,2,2,16,3,1,2,2
2,5,4,32,0.1,1,3,1,1,1,198.78,1,11,1,3,1,3,5,1,1,3,3
2,5,4,33,0.05,1,1,1,1,1,276.58,1,20,3,3,3,3,5,3,3,3,3
2,5,4,34,0.8,2,2,2,1,0,231.14,1,13,3,3,2,2,16,3,3,2,2
2,5,4,35,0.05,1,2,1,2,0,271.92,1,14,1,1,1,1,17,3,3,2,2
2,5,4,36,0.4,1,3,1,1,1,211.89,1,18,3,3,3,3,2,3,3,1,1
2,5,4,37,0.2,2,3,2,1,0,248.14,1,2,3,1,2,2,16,3,3,1,1
2,5,4,38,0.2,1,1,1,1,1,273.59,1,4,1,3,1,3,1,1,1,1,1
2,5,4,39,0.2,3,1,2,2,1,251.68,1,10,3,3,1,1,2,1,3,1,3
2,5,4,40,0.8,3,2,2,2,1,210.75,1,16,1,3,3,1,15,3,3,2,2
2,5,4,41,0.8,1,1,NaN,NaN,NaN,NaN,NaN,11,1,3,1,3,8,3,1,3,1
2,5,4,42,0.05,3,3,2,2,1,292.41,1,5,1,3,3,1,6,3,3,1,1
2,5,4,43,1.8,2,1,2,1,0,193.61,1,7,1,3,2,2,14,1,1,1,1
2,5,4,44,0.8,2,3,2,2,1,205.27,1,17,1,1,2,2,17,1,3,3,1
2,5,4,45,0.4,1,1,1,1,1,208.58,1,13,3,3,3,3,12,3,3,3,3
2,5,4,46,0.4,1,1,1,1,1,205,1,18,3,1,3,1,9,3,1,3,1
2,5,4,47,0.4,1,3,1,1,1,185.72,1,15,1,1,1,1,15,3,3,1,1
2,5,4,48,0.1,1,2,1,1,1,289.67,1,1,1,1,1,1,15,3,3,2,2
2,5,4,49,1.8,1,2,1,1,1,196.3,1,3,1,1,1,1,17,1,1,2,2
2,5,4,50,0.05,2,3,2,1,0,321.49,0,4,1,3,2,2,7,1,3,3,1
2,5,4,51,1.8,3,1,2,2,1,191.21,1,14,3,3,1,1,14,3,1,3,1
2,5,4,52,0.2,1,2,1,1,1,223.61,1,11,3,1,3,1,8,1,1,2,2
2,5,4,53,0.2,3,1,2,2,1,230.81,1,5,1,3,3,1,20,1,1,1,1
2,5,4,54,1.8,1,3,NaN,NaN,NaN,NaN,NaN,19,3,3,3,3,19,3,3,1,1
2,5,4,55,1.8,2,2,2,1,0,237.93,1,19,1,3,2,2,7,1,1,2,2
2,5,4,56,0.8,1,2,1,1,1,210.38,1,8,1,3,1,3,5,1,1,2,2
2,5,4,57,1.8,3,3,2,2,1,201.72,1,4,1,3,3,1,2,3,3,1,1
2,5,4,58,0.1,1,3,1,2,0,343.67,0,11,3,3,3,3,6,3,3,1,1
2,5,4,59,0.8,2,3,2,2,1,221.53,1,6,1,1,2,2,11,3,1,1,3
2,5,4,60,0.05,1,3,1,2,0,357.73,0,17,1,3,1,3,19,1,3,3,1
2,5,4,61,1.8,2,2,2,2,1,194.23,1,16,1,3,2,2,10,3,3,2,2
2,5,4,62,0.8,1,2,1,1,1,238.39,1,5,3,3,3,3,15,1,1,2,2
2,5,4,63,0.1,2,2,2,1,0,291.8,1,12,3,1,2,2,14,1,1,2,2
2,5,4,64,1.8,2,2,2,2,1,210.75,1,1,3,3,2,2,2,3,1,2,2
2,5,4,65,0.4,3,1,2,2,1,234.62,1,10,3,1,1,3,18,1,1,1,1
2,5,4,66,0.1,1,2,1,2,0,260.39,1,17,1,3,1,3,4,3,1,2,2
2,5,4,67,0.2,1,3,1,1,1,257.25,1,4,1,1,1,1,11,3,1,1,3
2,5,4,68,0.2,1,2,1,1,1,257.79,1,16,1,1,1,1,3,1,3,2,2
2,5,4,69,0.2,1,1,1,1,1,272.67,1,8,1,1,1,1,4,3,3,3,3
2,5,4,70,0.1,3,3,2,2,1,330.96,0,19,3,1,1,3,13,3,3,1,1
2,5,4,71,0.1,1,2,1,1,1,273.44,1,5,3,3,3,3,7,3,3,2,2
2,5,4,72,0.8,1,1,1,1,1,220.9,1,15,1,1,1,1,2,3,1,3,1
2,5,4,73,0.4,1,3,1,1,1,207.94,1,18,3,3,3,3,8,1,3,3,1
2,5,4,74,0.1,1,2,1,1,1,315.87,0,3,1,1,1,1,2,1,3,2,2
2,5,4,75,0.2,3,1,2,2,1,261.97,1,20,3,1,1,3,14,1,1,1,1
2,5,4,76,0.4,2,1,2,1,0,236.41,1,16,3,3,2,2,5,3,3,3,3
2,5,4,77,0.05,2,3,2,2,1,298.91,1,8,1,3,2,2,11,1,1,3,3
2,5,4,78,0.05,2,1,2,1,0,217.88,1,3,1,3,2,2,18,3,3,3,3
2,5,5,1,0.4,3,3,2,2,1,268.12,1,12,3,3,1,1,19,3,1,1,3
2,5,5,2,0.1,2,3,2,1,0,249.91,1,2,1,3,2,2,2,1,3,3,1
2,5,5,3,1.8,2,3,2,1,0,201.16,1,9,3,1,2,2,7,1,1,3,3
2,5,5,4,1.8,1,2,1,1,1,171.09,1,20,3,3,3,3,6,3,1,2,2
2,5,5,5,0.4,2,2,2,1,0,212.55,1,7,1,1,2,2,3,1,3,2,2
2,5,5,6,0.2,2,3,2,1,0,206.29,1,15,3,1,2,2,10,3,3,1,1
2,5,5,7,0.8,3,2,2,2,1,199.15,1,8,3,1,1,3,2,3,1,2,2
2,5,5,8,1.8,1,1,1,1,1,208.59,1,2,1,1,1,1,3,1,1,1,1
2,5,5,9,0.1,1,3,1,1,1,279.3,1,1,1,1,1,1,8,1,1,3,3
2,5,5,10,0.8,1,3,1,1,1,206.89,1,18,1,3,1,3,4,3,3,1,1
2,5,5,11,0.1,2,1,2,2,1,211.25,1,11,1,1,2,2,18,1,3,1,3
2,5,5,12,0.1,3,2,2,2,1,241.17,1,3,3,1,1,3,4,1,1,2,2
2,5,5,13,0.2,2,1,2,2,1,232.26,1,20,1,1,2,2,19,1,1,1,1
2,5,5,14,1.8,1,3,1,1,1,177.98,1,20,3,1,3,1,18,3,3,1,1
2,5,5,15,0.1,1,1,1,1,1,213.82,1,3,3,3,3,3,14,3,1,3,1
2,5,5,16,0.4,3,1,2,2,1,218.14,1,9,1,1,3,3,19,1,3,1,3
2,5,5,17,0.4,2,1,2,1,0,199.82,1,17,1,1,2,2,5,1,3,1,3
2,5,5,18,0.8,3,3,2,2,1,205.75,1,14,1,3,3,1,15,1,1,3,3
2,5,5,19,0.8,1,3,1,1,1,211.09,1,4,1,1,1,1,3,1,3,3,1
2,5,5,20,0.2,3,3,2,2,1,330.7,0,5,1,1,3,3,10,3,1,1,3
2,5,5,21,0.8,2,2,2,1,0,257.31,1,15,1,1,2,2,16,1,3,2,2
2,5,5,22,1.8,1,1,1,1,1,224.07,1,17,1,3,1,3,3,1,1,1,1
2,5,5,23,0.1,2,2,2,1,0,269.43,1,7,3,3,2,2,1,3,1,2,2
2,5,5,24,0.1,1,2,1,1,1,264.15,1,15,1,1,1,1,12,1,3,2,2
2,5,5,25,0.05,1,2,1,1,1,275.05,1,18,3,1,3,1,12,3,1,2,2
2,5,5,26,0.2,2,1,2,1,0,198.31,1,20,3,1,2,2,10,1,1,1,1
2,5,5,27,0.1,1,2,1,1,1,236.69,1,12,1,1,1,1,13,1,1,2,2
2,5,5,28,0.4,2,2,2,2,1,211.84,1,2,1,1,2,2,16,3,1,2,2
2,5,5,29,0.8,1,2,NaN,NaN,NaN,NaN,NaN,10,1,1,1,1,3,1,3,2,2
2,5,5,30,1.8,3,3,2,2,1,201.81,1,15,1,3,3,1,10,1,1,3,3
2,5,5,31,0.2,2,3,2,1,0,255.18,1,13,3,3,2,2,16,1,1,3,3
2,5,5,32,0.2,1,2,1,1,1,266.52,1,14,3,1,3,1,5,1,1,2,2
2,5,5,33,0.8,1,2,1,2,0,202.15,1,7,1,1,1,1,12,1,3,2,2
2,5,5,34,0.2,1,1,1,1,1,199.53,1,15,1,1,1,1,18,1,1,1,1
2,5,5,35,0.2,3,3,2,2,1,208.08,1,2,1,3,3,1,20,3,1,1,3
2,5,5,36,0.05,1,3,1,1,1,303.66,0,8,3,3,3,3,11,1,1,3,3
2,5,5,37,0.2,3,1,2,2,1,259.88,1,5,3,3,1,1,3,1,3,1,3
2,5,5,38,0.8,2,3,2,1,0,193.81,1,7,3,3,2,2,4,1,3,3,1
2,5,5,39,0.05,3,2,2,2,1,278.94,1,2,3,1,1,3,13,1,3,2,2
2,5,5,40,0.8,1,2,NaN,NaN,NaN,NaN,NaN,11,1,1,1,1,10,1,3,2,2
2,5,5,41,0.05,3,2,2,2,1,272.73,1,19,3,3,1,1,17,1,1,2,2
2,5,5,42,0.8,2,2,2,1,0,229.01,1,1,3,1,2,2,16,1,1,2,2
2,5,5,43,0.1,1,1,1,1,1,311.6,0,8,3,3,3,3,12,1,1,1,1
2,5,5,44,0.4,1,2,1,1,1,197.09,1,2,1,3,1,3,6,1,1,2,2
2,5,5,45,1.8,3,1,2,2,1,188.89,1,7,1,1,3,3,12,3,3,3,3
2,5,5,46,0.2,3,3,2,2,1,260.87,1,12,1,1,3,3,12,3,1,1,3
2,5,5,47,1.8,1,3,1,1,1,168.1,1,10,3,1,3,1,7,1,3,3,1
2,5,5,48,0.1,3,2,2,2,1,243.01,1,14,1,3,3,1,5,1,3,2,2
2,5,5,49,0.8,1,3,1,2,0,195.71,1,3,3,1,3,1,7,3,3,1,1
2,5,5,50,0.4,1,1,1,1,1,203.38,1,13,3,1,3,1,16,3,3,3,3
2,5,5,51,0.1,1,3,1,2,0,217.04,1,15,3,1,3,1,20,3,3,1,1
2,5,5,52,1.8,3,2,2,2,1,201.32,1,19,3,1,1,3,5,3,3,2,2
2,5,5,53,0.4,1,2,1,1,1,213.45,1,10,1,3,1,3,17,1,1,2,2
2,5,5,54,0.05,1,1,1,1,1,250.66,1,19,3,3,3,3,16,3,1,3,1
2,5,5,55,0.2,2,3,2,2,1,245.49,1,20,1,3,2,2,16,1,1,3,3
2,5,5,56,1.8,1,3,1,1,1,178.64,1,9,1,3,1,3,10,3,1,1,3
2,5,5,57,0.05,1,3,1,2,0,274.27,1,3,1,3,1,3,19,3,1,1,3
2,5,5,58,1.8,1,1,1,1,1,216.27,1,11,3,3,3,3,18,1,1,1,1
2,5,5,59,0.05,2,2,2,1,0,229.01,1,11,1,1,2,2,15,1,3,2,2
2,5,5,60,0.4,1,2,1,1,1,204.17,1,2,3,3,3,3,3,1,1,2,2
2,5,5,61,0.05,1,2,1,1,1,277.38,1,12,3,1,3,1,11,3,3,2,2
2,5,5,62,0.05,2,1,2,2,1,320.65,0,18,3,3,2,2,14,1,3,1,3
2,5,5,63,1.8,1,2,1,1,1,227.33,1,6,3,3,3,3,11,3,3,2,2
2,5,5,64,0.8,2,1,2,2,1,212.12,1,6,1,1,2,2,13,3,3,3,3
2,5,5,65,0.2,2,2,2,2,1,307.09,0,11,1,3,2,2,16,1,3,2,2
2,5,5,66,0.4,3,2,2,2,1,245.97,1,9,3,3,1,1,3,1,1,2,2
2,5,5,67,1.8,3,1,2,2,1,197.52,1,14,3,3,1,1,5,3,3,3,3
2,5,5,68,0.05,1,3,1,2,0,360.69,0,8,3,3,3,3,20,1,1,3,3
2,5,5,69,0.4,1,2,1,1,1,206.67,1,2,1,1,1,1,8,3,1,2,2
2,5,5,70,0.2,1,2,1,1,1,251.26,1,7,3,1,3,1,11,1,3,2,2
2,5,5,71,0.8,1,3,NaN,NaN,NaN,NaN,NaN,8,1,3,1,3,19,1,1,3,3
2,5,5,72,0.1,3,3,2,2,1,308.05,0,13,1,3,3,1,14,1,3,3,1
2,5,5,73,0.4,1,1,1,1,1,258.2,1,15,1,1,1,1,17,3,1,3,1
2,5,5,74,0.1,1,1,1,1,1,269.28,1,13,3,1,3,1,19,3,3,3,3
2,5,5,75,0.4,1,2,1,1,1,208.9,1,8,1,3,1,3,8,3,3,2,2
2,5,5,76,0.05,2,1,2,2,1,307.58,0,2,1,3,2,2,12,3,1,3,1
2,5,5,77,0.05,2,3,2,1,0,289.4,1,1,1,1,2,2,17,1,1,3,3
2,5,5,78,0.05,1,2,1,1,1,230.81,1,13,1,1,1,1,8,1,3,2,2
2,5,6,1,0.8,3,1,2,2,1,274.64,1,7,3,3,1,1,12,3,1,3,1
2,5,6,2,0.1,1,3,1,2,0,340.13,0,4,3,1,3,1,18,3,1,1,3
2,5,6,3,0.2,3,1,2,2,1,311.62,0,12,3,3,1,1,18,1,1,1,1
2,5,6,4,0.8,3,3,2,2,1,201.39,1,1,1,3,3,1,4,1,1,3,3
2,5,6,5,1.8,1,3,1,1,1,178.67,1,12,3,1,3,1,6,3,1,1,3
2,5,6,6,0.05,3,2,2,2,1,270.48,1,8,3,3,1,1,19,3,3,2,2
2,5,6,7,0.2,3,3,2,2,1,276.91,1,3,3,3,1,1,11,1,3,3,1
2,5,6,8,0.1,1,2,1,1,1,276.45,1,3,1,1,1,1,9,1,1,2,2
2,5,6,9,1.8,1,3,1,1,1,172.95,1,13,3,3,3,3,15,1,3,3,1
2,5,6,10,0.4,1,1,1,1,1,207.84,1,13,1,3,1,3,13,1,3,1,3
2,5,6,11,0.8,1,1,1,1,1,216.8,1,20,1,1,1,1,2,3,1,3,1
2,5,6,12,0.05,1,2,1,2,0,525.44,0,4,1,1,1,1,10,3,3,2,2
2,5,6,13,0.2,3,1,2,2,1,263.77,1,9,1,1,3,3,20,3,1,3,1
2,5,6,14,1.8,1,3,1,1,1,150.55,1,20,3,3,3,3,16,1,3,3,1
2,5,6,15,0.4,3,3,2,2,1,225.87,1,17,3,1,1,3,16,3,3,1,1
2,5,6,16,0.4,2,3,2,1,0,204.05,1,19,1,3,2,2,10,1,1,3,3
2,5,6,17,1.8,1,1,1,1,1,175.36,1,3,3,3,3,3,13,3,3,3,3
2,5,6,18,0.4,1,3,1,1,1,199.5,1,13,3,3,3,3,3,3,1,1,3
2,5,6,19,0.1,2,3,2,2,1,277.61,1,12,3,3,2,2,11,3,1,1,3
2,5,6,20,0.1,1,2,1,1,1,271.99,1,7,1,1,1,1,10,1,1,2,2
2,5,6,21,1.8,1,2,1,1,1,184.5,1,8,1,1,1,1,8,1,1,2,2
2,5,6,22,0.1,2,3,2,2,1,312.33,0,17,1,1,2,2,18,1,1,3,3
2,5,6,23,0.4,2,1,2,1,0,73.287,2,9,1,1,2,2,2,3,1,3,1
2,5,6,24,0.2,1,2,1,1,1,202.68,1,1,1,1,1,1,12,1,3,2,2
2,5,6,25,0.2,2,1,2,1,0,254.02,1,17,1,1,2,2,9,1,3,1,3
2,5,6,26,0.8,2,2,2,2,1,204,1,8,3,3,2,2,17,1,3,2,2
2,5,6,27,0.4,2,3,2,2,1,238.48,1,9,1,1,2,2,17,1,1,3,3
2,5,6,28,0.1,3,1,2,2,1,215.89,1,18,1,1,3,3,18,3,1,3,1
2,5,6,29,0.8,2,1,2,1,0,255.5,1,1,1,1,2,2,3,1,1,1,1
2,5,6,30,0.05,1,3,1,2,0,264.36,1,7,3,1,3,1,18,3,3,1,1
2,5,6,31,0.8,1,3,1,1,1,183.46,1,11,1,1,1,1,8,1,3,3,1
2,5,6,32,1.8,1,3,1,1,1,191.48,1,15,1,3,1,3,17,1,1,3,3
2,5,6,33,0.2,1,1,1,1,1,188.22,1,8,1,1,1,1,1,1,1,1,1
2,5,6,34,0.4,3,2,2,2,1,261.24,1,18,1,1,3,3,12,1,3,2,2
2,5,6,35,0.1,1,3,1,2,0,265.77,1,3,3,1,3,1,6,3,3,1,1
2,5,6,36,0.8,1,3,1,1,1,232.75,1,20,1,1,1,1,6,1,1,3,3
2,5,6,37,0.05,1,1,1,1,1,275.52,1,11,1,3,1,3,20,1,1,1,1
2,5,6,38,0.8,1,3,1,2,0,229.97,1,8,3,1,3,1,7,3,3,1,1
2,5,6,39,0.2,3,2,2,2,1,187.92,1,3,3,3,1,1,7,1,3,2,2
2,5,6,40,0.4,1,2,1,1,1,260.03,1,20,1,3,1,3,14,1,3,2,2
2,5,6,41,0.8,1,3,1,1,1,224.98,1,7,1,1,1,1,6,1,1,3,3
2,5,6,42,0.05,1,1,1,1,1,340.17,0,1,1,3,1,3,5,3,1,3,1
2,5,6,43,1.8,3,2,2,2,1,182.48,1,18,3,1,1,3,14,1,3,2,2
2,5,6,44,0.05,3,3,2,2,1,342.28,0,10,3,3,1,1,7,3,3,1,1
2,5,6,45,0.8,2,2,2,2,1,184.95,1,13,1,1,2,2,16,1,1,2,2
2,5,6,46,0.1,1,2,1,1,1,272.3,1,10,3,3,3,3,4,1,3,2,2
2,5,6,47,0.05,1,3,1,2,0,367.95,0,6,1,3,1,3,9,1,3,3,1
2,5,6,48,0.1,3,3,2,2,1,270.09,1,20,1,3,3,1,12,1,1,3,3
2,5,6,49,0.05,3,2,2,2,1,284.82,1,5,3,3,1,1,8,1,3,2,2
2,5,6,50,0.8,1,2,1,1,1,247.69,1,13,3,1,3,1,19,1,3,2,2
2,5,6,51,0.4,1,2,1,1,1,227.44,1,8,3,1,3,1,7,3,1,2,2
2,5,6,52,0.8,1,2,1,1,1,220.54,1,1,3,1,3,1,4,3,1,2,2
2,5,6,53,0.05,3,2,2,2,1,268.19,1,7,1,3,3,1,12,3,1,2,2
2,5,6,54,0.2,1,3,1,1,1,260.07,1,19,1,1,1,1,15,1,1,3,3
2,5,6,55,1.8,2,2,2,2,1,203.14,1,15,3,3,2,2,19,1,1,2,2
2,5,6,56,0.1,1,1,1,1,1,283.43,1,17,3,1,3,1,6,3,1,3,1
2,5,6,57,0.2,1,2,1,1,1,267.77,1,17,1,1,1,1,14,1,1,2,2
2,5,6,58,0.2,1,1,1,1,1,207.61,1,9,3,1,3,1,1,3,1,3,1
2,5,6,59,1.8,3,2,NaN,NaN,NaN,NaN,NaN,6,3,3,1,1,19,1,3,2,2
2,5,6,60,1.8,1,1,1,1,1,189.75,1,18,1,3,1,3,2,1,1,1,1
2,5,6,61,0.05,2,2,2,2,1,305.11,0,1,1,3,2,2,12,1,1,2,2
2,5,6,62,0.1,1,2,1,1,1,290.18,1,2,3,3,3,3,15,3,1,2,2
2,5,6,63,0.05,3,2,2,2,1,294.11,1,18,1,1,3,3,16,1,3,2,2
2,5,6,64,0.4,1,2,1,2,0,265.56,1,2,3,1,3,1,7,1,3,2,2
2,5,6,65,0.4,2,3,2,1,0,258.63,1,1,1,3,2,2,18,3,3,1,1
2,5,6,66,0.4,1,3,1,1,1,237.84,1,17,1,3,1,3,1,1,1,3,3
2,5,6,67,1.8,1,2,1,1,1,206.92,1,20,3,1,3,1,11,1,1,2,2
2,5,6,68,0.1,1,2,1,1,1,281.67,1,11,3,1,3,1,13,1,3,2,2
2,5,6,69,1.8,3,1,2,2,1,217.25,1,19,1,1,3,3,6,1,1,1,1
2,5,6,70,0.2,3,3,2,2,1,256.86,1,15,3,3,1,1,3,3,3,1,1
2,5,6,71,0.05,1,1,1,2,0,346.01,0,9,1,3,1,3,10,3,1,3,1
2,5,6,72,1.8,2,3,2,1,0,203.1,1,12,1,3,2,2,17,1,1,3,3
2,5,6,73,0.2,3,2,2,2,1,274.79,1,9,1,1,3,3,5,1,1,2,2
2,5,6,74,0.1,1,3,1,2,0,285.12,1,13,3,3,3,3,3,3,3,1,1
2,5,6,75,0.2,1,3,1,1,1,211.03,1,20,3,3,3,3,5,3,1,1,3
2,5,6,76,0.05,3,3,2,2,1,292.31,1,3,1,1,3,3,4,3,1,1,3
2,5,6,77,0.8,2,3,2,2,1,229.91,1,11,1,1,2,2,9,3,1,1,3
2,5,6,78,0.4,1,1,1,1,1,275.65,1,6,1,3,1,3,11,3,3,3,3
2,5,7,1,0.8,2,1,2,1,0,206.52,1,2,3,1,2,2,6,3,3,3,3
2,5,7,2,0.4,1,2,1,1,1,254.78,1,17,1,3,1,3,17,1,1,2,2
2,5,7,3,0.05,1,3,1,1,1,272.68,1,2,1,1,1,1,16,1,1,3,3
2,5,7,4,0.1,1,2,1,1,1,200.14,1,12,1,1,1,1,7,1,1,2,2
2,5,7,5,1.8,1,3,1,1,1,173,1,8,1,3,1,3,5,3,3,1,1
2,5,7,6,0.05,3,3,2,2,1,261.94,1,11,3,1,1,3,16,1,1,3,3
2,5,7,7,0.8,1,1,1,2,0,218.57,1,6,3,3,3,3,16,3,1,3,1
2,5,7,8,1.8,3,2,2,2,1,197.76,1,10,1,3,3,1,7,1,3,2,2
2,5,7,9,1.8,1,1,1,1,1,222.11,1,1,3,1,3,1,1,3,3,3,3
2,5,7,10,0.8,2,3,2,1,0,240.36,1,15,3,1,2,2,10,3,3,1,1
2,5,7,11,0.2,3,1,2,2,1,240.99,1,10,3,3,1,1,3,1,3,1,3
2,5,7,12,0.1,1,2,1,1,1,280,1,13,3,1,3,1,5,3,1,2,2
2,5,7,13,0.05,1,2,1,1,1,315.88,0,20,1,3,1,3,14,3,3,2,2
2,5,7,14,0.8,1,1,1,1,1,205.7,1,11,3,3,3,3,14,1,1,1,1
2,5,7,15,0.8,3,3,2,2,1,200.04,1,8,3,3,1,1,4,1,1,3,3
2,5,7,16,0.4,2,1,2,1,0,189.47,1,18,1,1,2,2,16,1,1,1,1
2,5,7,17,0.4,3,3,2,2,1,198.87,1,5,3,3,1,1,12,1,3,3,1
2,5,7,18,0.4,1,3,1,2,0,270.47,1,2,1,3,1,3,11,3,3,1,1
2,5,7,19,0.1,1,3,1,2,0,251.87,1,14,1,1,1,1,13,1,3,3,1
2,5,7,20,0.4,2,2,2,2,1,246.7,1,1,3,3,2,2,5,3,1,2,2
2,5,7,21,0.1,1,2,1,1,1,264.4,1,4,1,1,1,1,1,1,1,2,2
2,5,7,22,0.05,2,1,2,2,1,308.84,0,18,1,3,2,2,12,3,3,3,3
2,5,7,23,0.05,1,2,1,1,1,258.46,1,15,3,1,3,1,5,3,3,2,2
2,5,7,24,0.4,1,1,1,1,1,210.5,1,6,1,1,1,1,11,3,1,3,1
2,5,7,25,0.8,2,2,2,1,0,219.5,1,5,3,3,2,2,15,3,3,2,2
2,5,7,26,0.4,1,2,1,2,0,263.73,1,10,3,3,3,3,14,1,3,2,2
2,5,7,27,0.2,1,3,1,2,0,288.47,1,12,1,3,1,3,7,1,3,3,1
2,5,7,28,0.2,2,2,2,1,0,243.57,1,6,3,1,2,2,15,1,3,2,2
2,5,7,29,0.1,1,2,1,1,1,266.93,1,17,3,3,3,3,7,1,1,2,2
2,5,7,30,1.8,1,1,1,1,1,221.82,1,12,1,3,1,3,1,1,3,1,3
2,5,7,31,0.8,1,3,1,1,1,219.53,1,2,3,3,3,3,15,3,1,1,3
2,5,7,32,0.1,1,3,1,2,0,345.37,0,5,3,1,3,1,11,1,3,3,1
2,5,7,33,0.2,3,2,2,1,0,276.05,1,4,3,3,1,1,17,1,1,2,2
2,5,7,34,0.1,2,1,2,2,1,476.87,0,6,3,3,2,2,11,3,1,3,1
2,5,7,35,1.8,1,1,NaN,NaN,NaN,NaN,NaN,8,3,3,3,3,1,3,3,3,3
2,5,7,36,1.8,3,1,2,2,1,186.34,1,13,3,3,1,1,20,3,3,3,3
2,5,7,37,0.05,1,1,1,1,1,211.05,1,13,1,3,1,3,18,1,3,1,3
2,5,7,38,0.8,2,1,2,2,1,240.79,1,2,1,3,2,2,17,3,1,3,1
2,5,7,39,1.8,3,1,2,2,1,232.05,1,3,1,3,3,1,2,3,1,3,1
2,5,7,40,0.1,3,1,2,2,1,314.31,0,17,3,1,1,3,9,1,3,1,3
2,5,7,41,0.1,3,2,2,2,1,279.79,1,4,1,3,3,1,5,3,3,2,2
2,5,7,42,0.1,2,1,2,1,0,315.74,0,18,1,3,2,2,20,3,3,3,3
2,5,7,43,0.05,3,3,2,2,1,300.81,0,20,3,3,1,1,2,3,3,1,1
2,5,7,44,0.4,1,1,1,2,0,320.06,0,5,1,1,1,1,3,1,3,1,3
2,5,7,45,1.8,1,1,1,1,1,193.12,1,3,3,1,3,1,5,1,3,1,3
2,5,7,46,1.8,3,3,NaN,NaN,NaN,NaN,NaN,13,3,1,1,3,11,1,1,3,3
2,5,7,47,0.8,1,2,1,1,1,204.5,1,9,1,3,1,3,12,3,3,2,2
2,5,7,48,0.1,2,2,2,2,1,284.06,1,19,1,3,2,2,13,3,3,2,2
2,5,7,49,0.2,1,3,1,2,0,329.86,0,13,1,1,1,1,19,3,1,1,3
2,5,7,50,0.2,3,2,2,2,1,279.68,1,18,1,1,3,3,4,3,3,2,2
2,5,7,51,1.8,1,2,1,1,1,206.95,1,12,1,3,1,3,9,1,3,2,2
2,5,7,52,0.05,1,3,1,1,1,309.95,0,8,3,1,3,1,20,1,3,3,1
2,5,7,53,0.2,1,1,1,1,1,221.96,1,2,3,1,3,1,2,3,3,3,3
2,5,7,54,0.2,1,3,1,2,0,286.29,1,15,3,3,3,3,3,1,1,3,3
2,5,7,55,0.2,2,2,2,1,0,344.05,0,7,1,1,2,2,4,1,1,2,2
2,5,7,56,1.8,2,3,2,2,1,220.99,1,1,3,1,2,2,14,1,1,3,3
2,5,7,57,0.2,1,3,1,1,1,278.73,1,19,1,1,1,1,18,3,3,1,1
2,5,7,58,0.8,1,3,1,1,1,264.32,1,5,3,1,3,1,11,3,3,1,1
2,5,7,59,0.4,1,3,1,1,1,214.79,1,5,3,3,3,3,15,1,3,3,1
2,5,7,60,0.05,2,1,2,2,1,387.54,0,7,3,1,2,2,3,1,1,1,1
2,5,7,61,0.05,2,2,2,1,0,329.45,0,2,1,3,2,2,5,1,1,2,2
2,5,7,62,0.8,3,2,2,2,1,251.8,1,2,1,3,3,1,9,3,3,2,2
2,5,7,63,0.8,1,3,1,1,1,213.08,1,20,1,1,1,1,17,3,1,1,3
2,5,7,64,0.05,1,1,1,1,1,301.08,0,2,3,1,3,1,11,1,1,1,1
2,5,7,65,0.4,2,3,2,1,0,301.83,0,3,3,1,2,2,14,1,3,3,1
2,5,7,66,0.05,3,3,2,2,1,269.12,1,13,3,1,1,3,9,1,3,3,1
2,5,7,67,0.1,2,1,2,2,1,268.69,1,8,3,3,2,2,11,1,1,1,1
2,5,7,68,0.2,1,3,1,1,1,247.91,1,1,1,1,1,1,1,1,3,3,1
2,5,7,69,0.4,1,2,1,1,1,206.31,1,4,3,1,3,1,10,1,1,2,2
2,5,7,70,0.1,1,3,1,2,0,321.58,0,9,3,1,3,1,1,1,1,3,3
2,5,7,71,0.4,1,2,1,1,1,208.79,1,11,1,1,1,1,11,1,3,2,2
2,5,7,72,0.4,1,3,1,1,1,279.29,1,8,3,1,3,1,4,1,1,3,3
2,5,7,73,0.2,1,3,1,2,0,264.74,1,2,3,3,3,3,16,1,1,3,3
2,5,7,74,1.8,1,1,1,1,1,327.09,0,2,1,3,1,3,5,3,3,3,3
2,5,7,75,0.05,1,1,1,2,0,315.48,0,3,3,1,3,1,15,3,3,3,3
2,5,7,76,1.8,1,1,1,1,1,194.72,1,1,1,3,1,3,4,1,3,1,3
2,5,7,77,0.2,3,1,2,2,1,268.17,1,3,1,3,3,1,1,3,3,3,3
2,5,7,78,0.8,1,1,1,1,1,188.88,1,3,1,3,1,3,9,3,1,3,1
2,5,8,1,0.4,2,2,2,1,0,240.49,1,2,1,1,2,2,17,3,1,2,2
2,5,8,2,0.4,3,2,2,2,1,301.33,0,3,1,1,3,3,11,1,3,2,2
2,5,8,3,0.8,1,2,1,1,1,205.53,1,19,3,3,3,3,2,1,1,2,2
2,5,8,4,0.8,2,3,2,1,0,201.04,1,4,1,1,2,2,19,1,3,3,1
2,5,8,5,0.4,1,2,1,1,1,211.6,1,6,1,3,1,3,4,3,3,2,2
2,5,8,6,1.8,3,3,2,2,1,175.44,1,13,3,1,1,3,8,3,3,1,1
2,5,8,7,0.8,2,3,2,1,0,200.21,1,12,3,3,2,2,16,3,3,1,1
2,5,8,8,1.8,2,2,2,1,0,205.26,1,1,3,1,2,2,19,1,1,2,2
2,5,8,9,0.2,1,1,1,1,1,255.94,1,11,3,3,3,3,3,1,3,1,3
2,5,8,10,0.05,1,3,1,1,1,277.9,1,19,1,3,1,3,1,3,3,1,1
2,5,8,11,0.4,3,2,2,2,1,228.1,1,3,1,1,3,3,13,3,3,2,2
2,5,8,12,1.8,1,1,1,1,1,206.12,1,10,3,1,3,1,15,3,1,3,1
2,5,8,13,0.05,3,1,2,2,1,277.67,1,12,3,1,1,3,20,1,1,1,1
2,5,8,14,0.1,2,1,2,2,1,270.91,1,4,3,1,2,2,1,3,3,3,3
2,5,8,15,1.8,2,1,2,1,0,228.94,1,2,3,1,2,2,8,1,1,1,1
2,5,8,16,0.8,2,1,2,2,1,215.41,1,8,1,3,2,2,8,1,1,1,1
2,5,8,17,0.1,1,3,1,1,1,275.39,1,10,1,1,1,1,15,3,1,1,3
2,5,8,18,0.2,1,3,1,2,0,291.2,1,1,3,1,3,1,2,3,3,1,1
2,5,8,19,0.4,3,2,2,2,1,253.69,1,6,1,1,3,3,1,3,1,2,2
2,5,8,20,0.2,2,3,2,2,1,342.03,0,20,1,3,2,2,5,3,1,1,3
2,5,8,21,1.8,1,3,1,1,1,203.22,1,10,3,1,3,1,16,3,1,1,3
2,5,8,22,0.1,3,1,2,2,1,284.52,1,19,1,1,3,3,4,1,3,1,3
2,5,8,23,0.8,1,1,1,1,1,221.16,1,7,1,1,1,1,5,3,3,3,3
2,5,8,24,0.8,1,1,1,1,1,258.22,1,4,1,1,1,1,8,3,1,3,1
2,5,8,25,0.2,1,1,1,1,1,244.65,1,3,3,3,3,3,7,3,1,3,1
2,5,8,26,0.05,3,1,2,2,1,293.37,1,14,1,1,3,3,2,3,3,3,3
2,5,8,27,0.4,3,1,2,2,1,216.15,1,10,1,1,3,3,3,3,3,3,3
2,5,8,28,0.1,3,2,2,2,1,363.46,0,4,1,1,3,3,5,3,1,2,2
2,5,8,29,0.05,1,2,1,1,1,331.26,0,15,1,1,1,1,5,3,3,2,2
2,5,8,30,0.05,1,3,1,2,0,325.3,0,14,1,3,1,3,19,3,3,1,1
2,5,8,31,0.1,3,1,2,1,0,231.75,1,9,1,1,3,3,15,3,1,3,1
2,5,8,32,1.8,2,1,2,1,0,182.01,1,12,1,3,2,2,18,1,3,1,3
2,5,8,33,0.1,3,3,2,2,1,250.87,1,1,1,3,3,1,17,1,3,3,1
2,5,8,34,0.05,1,2,1,1,1,328.83,0,15,1,1,1,1,18,1,3,2,2
2,5,8,35,0.05,1,3,1,1,1,262.76,1,17,1,3,1,3,9,3,1,1,3
2,5,8,36,0.2,1,2,1,1,1,258.27,1,15,3,1,3,1,15,1,1,2,2
2,5,8,37,0.8,2,2,2,2,1,270.64,1,5,1,1,2,2,16,1,3,2,2
2,5,8,38,0.2,1,2,1,1,1,224.33,1,16,3,1,3,1,11,3,3,2,2
2,5,8,39,0.4,1,2,1,1,1,207.58,1,2,1,1,1,1,4,3,3,2,2
2,5,8,40,1.8,1,1,1,1,1,198.1,1,1,1,1,1,1,5,1,1,1,1
2,5,8,41,0.4,1,1,1,1,1,235.9,1,8,3,1,3,1,2,3,1,3,1
2,5,8,42,0.8,1,3,1,1,1,233.07,1,14,1,1,1,1,19,1,1,3,3
2,5,8,43,0.1,1,2,1,1,1,270.52,1,13,1,1,1,1,17,1,1,2,2
2,5,8,44,0.2,1,1,1,1,1,263.22,1,1,1,3,1,3,5,1,3,1,3
2,5,8,45,1.8,3,2,2,2,1,267.74,1,2,3,3,1,1,15,3,1,2,2
2,5,8,46,0.2,3,2,2,2,1,260.36,1,2,3,1,1,3,15,1,1,2,2
2,5,8,47,0.05,3,1,2,2,1,306.03,0,15,1,3,3,1,6,3,3,3,3
2,5,8,48,0.8,1,3,1,1,1,209.02,1,7,1,3,1,3,3,3,3,1,1
2,5,8,49,0.1,3,1,2,2,1,226.17,1,20,1,1,3,3,15,1,1,1,1
2,5,8,50,0.4,2,3,2,2,1,263.86,1,7,1,3,2,2,2,1,1,3,3
2,5,8,51,1.8,3,1,2,2,1,196.96,1,13,3,3,1,1,19,3,3,3,3
2,5,8,52,0.2,1,1,1,1,1,238.72,1,9,1,1,1,1,1,3,3,3,3
2,5,8,53,1.8,2,3,2,1,0,198.4,1,5,3,3,2,2,16,1,1,3,3
2,5,8,54,0.4,1,2,1,1,1,252.58,1,2,1,1,1,1,8,3,3,2,2
2,5,8,55,1.8,1,3,1,1,1,207.35,1,2,3,3,3,3,16,1,1,3,3
2,5,8,56,0.1,3,3,2,2,1,322.21,0,17,3,3,1,1,4,3,3,1,1
2,5,8,57,0.4,3,2,2,1,0,256.3,1,11,3,1,1,3,12,1,3,2,2
2,5,8,58,0.1,2,3,2,1,0,272.06,1,13,1,3,2,2,12,1,1,3,3
2,5,8,59,0.1,2,1,2,1,0,227.49,1,13,3,1,2,2,2,1,3,1,3
2,5,8,60,0.4,1,2,1,1,1,191.09,1,16,1,3,1,3,19,1,1,2,2
2,5,8,61,0.8,3,1,2,2,1,204.69,1,7,1,3,3,1,9,3,1,3,1
2,5,8,62,0.2,1,2,1,1,1,250.56,1,2,3,1,3,1,16,1,3,2,2
2,5,8,63,0.2,3,3,2,2,1,164.8,1,9,3,1,1,3,3,1,3,3,1
2,5,8,64,0.8,1,3,1,2,0,263.45,1,5,1,3,1,3,6,1,1,3,3
2,5,8,65,0.8,1,2,1,1,1,211.15,1,3,1,3,1,3,8,3,1,2,2
2,5,8,66,0.05,2,3,2,2,1,320.2,0,5,1,3,2,2,3,3,3,1,1
2,5,8,67,0.1,3,2,2,2,1,303.49,0,16,3,3,1,1,14,3,1,2,2
2,5,8,68,0.05,3,1,2,2,1,275.2,1,11,1,1,3,3,12,1,1,1,1
2,5,8,69,0.05,3,2,2,2,1,240.16,1,11,1,1,3,3,10,1,1,2,2
2,5,8,70,0.1,2,2,2,2,1,272.82,1,3,1,1,2,2,12,3,1,2,2
2,5,8,71,1.8,2,3,2,2,1,185.12,1,9,3,3,2,2,3,1,3,3,1
2,5,8,72,0.05,1,1,1,1,1,288.51,1,3,1,1,1,1,17,3,3,3,3
2,5,8,73,0.05,2,1,2,2,1,357.88,0,14,3,1,2,2,11,3,3,3,3
2,5,8,74,0.8,1,3,1,1,1,239.6,1,6,3,3,3,3,1,1,3,3,1
2,5,8,75,0.4,1,1,1,1,1,213.03,1,6,1,1,1,1,13,1,3,1,3
2,5,8,76,0.2,1,3,1,1,1,250.02,1,11,3,1,3,1,2,3,3,1,1
2,5,8,77,1.8,1,2,1,1,1,164.45,1,13,3,3,3,3,9,1,3,2,2
2,5,8,78,0.2,1,3,1,1,1,263.91,1,20,1,3,1,3,7,3,3,1,1
2,5,9,1,0.05,3,1,2,2,1,317.7,0,11,3,1,1,3,6,1,3,1,3
2,5,9,2,1.8,2,3,2,2,1,202.18,1,15,3,3,2,2,7,1,1,3,3
2,5,9,3,0.1,1,3,1,1,1,245.8,1,11,1,1,1,1,1,1,1,3,3
2,5,9,4,0.1,2,3,2,1,0,244.64,1,18,3,3,2,2,17,1,3,3,1
2,5,9,5,0.8,1,2,1,1,1,218.22,1,19,1,3,1,3,3,1,1,2,2
2,5,9,6,0.8,2,1,2,1,0,212.33,1,13,1,1,2,2,19,3,1,3,1
2,5,9,7,0.2,2,2,2,2,1,269.43,1,11,3,3,2,2,6,3,1,2,2
2,5,9,8,0.05,3,1,2,2,1,294.92,1,20,3,3,1,1,6,3,3,3,3
2,5,9,9,1.8,3,2,2,2,1,184.73,1,15,1,1,3,3,10,1,3,2,2
2,5,9,10,0.05,2,3,2,2,1,302.55,0,5,3,3,2,2,6,1,1,3,3
2,5,9,11,0.2,2,1,2,2,1,266.1,1,11,1,3,2,2,3,1,1,1,1
2,5,9,12,1.8,2,1,2,2,1,209.36,1,4,3,1,2,2,18,1,1,1,1
2,5,9,13,0.8,1,1,1,1,1,213.64,1,8,1,3,1,3,1,3,3,3,3
2,5,9,14,0.2,1,3,1,1,1,249.88,1,19,3,1,3,1,1,1,1,3,3
2,5,9,15,1.8,1,3,1,1,1,226.48,1,15,1,1,1,1,19,1,1,3,3
2,5,9,16,0.05,2,3,2,2,1,326.06,0,4,3,1,2,2,18,3,1,1,3
2,5,9,17,0.2,2,2,2,1,0,250.97,1,9,3,3,2,2,7,3,1,2,2
2,5,9,18,0.4,1,2,1,1,1,245.07,1,20,3,3,3,3,10,1,1,2,2
2,5,9,19,0.2,3,1,2,2,1,294.8,1,13,1,1,3,3,2,1,1,1,1
2,5,9,20,0.05,2,1,2,2,1,327.09,0,5,3,1,2,2,2,3,3,3,3
2,5,9,21,0.2,3,3,2,2,1,298.41,1,13,1,1,3,3,17,3,3,1,1
2,5,9,22,0.1,1,1,1,1,1,259.07,1,8,1,3,1,3,17,3,1,3,1
2,5,9,23,0.05,2,2,2,1,0,284.68,1,19,1,3,2,2,3,1,3,2,2
2,5,9,24,0.8,3,1,2,2,1,229.23,1,12,1,1,3,3,6,1,3,1,3
2,5,9,25,0.1,1,2,1,1,1,198.8,1,18,1,3,1,3,2,1,3,2,2
2,5,9,26,0.8,2,1,2,1,0,258.94,1,7,3,3,2,2,19,1,1,1,1
2,5,9,27,1.8,1,1,1,1,1,170.59,1,4,3,3,3,3,20,3,3,3,3
2,5,9,28,0.4,1,1,1,1,1,209.62,1,11,1,3,1,3,10,3,3,3,3
2,5,9,29,0.4,1,3,1,2,0,320.55,0,14,3,3,3,3,18,3,1,1,3
2,5,9,30,0.1,2,1,2,1,0,231.23,1,4,1,1,2,2,14,1,3,1,3
2,5,9,31,0.8,3,3,2,2,1,185.98,1,3,1,1,3,3,15,3,1,1,3
2,5,9,32,1.8,3,1,2,2,1,221.51,1,8,3,3,1,1,12,1,1,1,1
2,5,9,33,0.8,3,1,NaN,NaN,NaN,NaN,NaN,4,3,1,1,3,12,3,1,3,1
2,5,9,34,0.4,3,3,2,2,1,303.1,0,11,3,1,1,3,20,3,3,1,1
2,5,9,35,0.1,2,1,2,1,0,356.77,0,11,1,3,2,2,4,1,3,1,3
2,5,9,36,0.05,2,2,2,2,1,398.25,0,16,3,3,2,2,12,1,1,2,2
2,5,9,37,1.8,3,2,2,2,1,201.78,1,14,1,3,3,1,19,1,1,2,2
2,5,9,38,0.8,1,1,1,1,1,197.46,1,20,3,3,3,3,3,3,3,3,3
2,5,9,39,0.2,2,1,2,2,1,329.69,0,11,1,3,2,2,2,3,1,3,1
2,5,9,40,0.8,1,2,1,1,1,207.85,1,18,3,3,3,3,14,3,1,2,2
2,5,9,41,0.1,1,3,1,1,1,273.1,1,16,3,1,3,1,11,1,1,3,3
2,5,9,42,0.05,1,1,1,1,1,278.86,1,14,3,3,3,3,12,1,3,1,3
2,5,9,43,0.8,2,2,2,1,0,236.86,1,1,1,1,2,2,5,1,1,2,2
2,5,9,44,0.1,1,3,1,1,1,205.94,1,20,3,1,3,1,17,3,1,1,3
2,5,9,45,0.2,3,2,2,2,1,288.7,1,14,1,1,3,3,8,3,1,2,2
2,5,9,46,0.4,1,3,1,1,1,206.86,1,1,1,1,1,1,15,3,3,1,1
2,5,9,47,0.4,1,1,1,1,1,216.64,1,2,3,1,3,1,17,3,3,3,3
2,5,9,48,0.8,2,2,2,2,1,230.6,1,5,3,1,2,2,19,1,1,2,2
2,5,9,49,0.4,1,1,1,1,1,246.04,1,2,1,1,1,1,11,1,1,1,1
2,5,9,50,1.8,3,2,2,2,1,189.96,1,13,1,3,3,1,6,1,3,2,2
2,5,9,51,0.2,1,1,1,1,1,238.22,1,2,1,3,1,3,4,3,3,3,3
2,5,9,52,1.8,2,3,2,2,1,192.37,1,20,3,1,2,2,13,3,1,1,3
2,5,9,53,0.8,1,3,1,1,1,203.58,1,12,3,3,3,3,17,3,1,1,3
2,5,9,54,0.4,2,1,2,1,0,206.34,1,1,3,1,2,2,2,1,3,1,3
2,5,9,55,0.4,3,3,2,2,1,289.13,1,13,3,1,1,3,6,1,3,3,1
2,5,9,56,0.05,2,1,2,1,0,298.76,1,7,1,3,2,2,11,1,3,1,3
2,5,9,57,0.2,3,3,2,2,1,250.11,1,14,1,1,3,3,20,1,3,3,1
2,5,9,58,1.8,1,3,1,1,1,194.89,1,9,3,1,3,1,20,3,3,1,1
2,5,9,59,0.4,2,2,2,1,0,286.37,1,17,1,3,2,2,16,1,1,2,2
2,5,9,60,1.8,1,2,1,1,1,191.9,1,19,1,3,1,3,16,3,3,2,2
2,5,9,61,0.8,1,3,1,1,1,216.14,1,18,1,3,1,3,10,3,1,1,3
2,5,9,62,1.8,1,2,1,1,1,206.95,1,11,1,3,1,3,14,3,1,2,2
2,5,9,63,0.1,3,1,2,2,1,341.76,0,20,3,3,1,1,4,3,3,3,3
2,5,9,64,0.1,1,1,1,1,1,281.16,1,20,1,3,1,3,6,1,1,1,1
2,5,9,65,0.2,1,1,1,1,1,280.77,1,18,1,3,1,3,3,1,3,1,3
2,5,9,66,1.8,3,3,2,2,1,191.8,1,15,3,3,1,1,19,1,3,3,1
2,5,9,67,0.4,2,2,2,1,0,422.16,0,1,3,1,2,2,9,3,3,2,2
2,5,9,68,0.1,1,1,1,1,1,217.69,1,20,1,1,1,1,13,3,3,3,3
2,5,9,69,0.4,2,3,2,1,0,266.47,1,18,3,3,2,2,18,3,1,1,3
2,5,9,70,0.1,2,3,2,2,1,313.54,0,8,1,3,2,2,16,1,3,3,1
2,5,9,71,0.05,1,2,1,1,1,271.41,1,11,1,3,1,3,1,3,3,2,2
2,5,9,72,0.05,2,1,2,2,1,260.32,1,13,3,3,2,2,4,1,3,1,3
2,5,9,73,0.2,1,3,1,1,1,189.76,1,12,1,1,1,1,3,3,3,1,1
2,5,9,74,0.05,1,2,1,2,0,288.24,1,4,1,3,1,3,10,3,3,2,2
2,5,9,75,0.05,1,3,1,1,1,317.4,0,9,1,3,1,3,16,3,1,1,3
2,5,9,76,0.2,1,3,1,1,1,224.96,1,14,1,1,1,1,16,1,1,3,3
2,5,9,77,0.4,3,2,2,2,1,220.58,1,18,3,1,1,3,2,1,3,2,2
2,5,9,78,0.1,2,1,2,2,1,308.35,0,19,3,1,2,2,18,1,1,1,1
2,5,10,1,1.8,1,1,1,1,1,212.96,1,14,3,3,3,3,18,3,3,3,3
2,5,10,2,0.8,1,1,1,1,1,259.81,1,14,1,3,1,3,11,3,1,3,1
2,5,10,3,0.4,2,1,2,1,0,226.82,1,18,3,1,2,2,9,3,3,3,3
2,5,10,4,0.8,2,2,2,2,1,209.85,1,5,1,1,2,2,18,3,3,2,2
2,5,10,5,0.1,3,3,2,2,1,253.23,1,1,3,3,1,1,3,3,1,1,3
2,5,10,6,0.05,2,1,2,2,1,312.92,0,18,3,3,2,2,8,1,3,1,3
2,5,10,7,1.8,2,3,2,2,1,203.37,1,3,3,3,2,2,20,1,3,3,1
2,5,10,8,0.4,1,1,1,1,1,227.78,1,17,3,3,3,3,16,1,3,1,3
2,5,10,9,0.4,1,2,1,1,1,165.6,1,18,1,3,1,3,2,1,3,2,2
2,5,10,10,0.2,3,1,2,2,1,292.76,1,10,1,3,3,1,12,1,1,1,1
2,5,10,11,0.8,3,2,2,2,1,227.42,1,18,3,3,1,1,19,1,1,2,2
2,5,10,12,1.8,1,1,1,1,1,179.17,1,3,3,3,3,3,3,3,3,3,3
2,5,10,13,0.05,2,2,2,2,1,346.84,0,13,3,3,2,2,14,3,3,2,2
2,5,10,14,0.4,2,2,2,2,1,230.27,1,5,3,3,2,2,20,3,3,2,2
2,5,10,15,0.2,1,1,1,1,1,248.34,1,17,1,1,1,1,6,1,1,1,1
2,5,10,16,0.4,1,3,1,2,0,259.34,1,2,3,1,3,1,8,3,3,1,1
2,5,10,17,0.8,3,1,2,2,1,215.3,1,3,1,3,3,1,18,3,1,3,1
2,5,10,18,1.8,2,2,2,2,1,209.91,1,16,3,3,2,2,13,3,1,2,2
2,5,10,19,0.05,1,1,1,1,1,279.85,1,15,1,3,1,3,3,3,1,3,1
2,5,10,20,0.1,2,3,2,2,1,339.17,0,2,1,1,2,2,3,3,3,1,1
2,5,10,21,0.2,1,1,1,1,1,90.418,2,1,1,1,1,1,11,3,3,3,3
2,5,10,22,0.1,3,2,2,2,1,321.3,0,11,3,1,1,3,9,1,3,2,2
2,5,10,23,0.2,2,3,2,1,0,291.74,1,19,3,3,2,2,1,3,1,1,3
2,5,10,24,0.4,2,1,2,1,0,224.45,1,4,3,1,2,2,8,3,1,3,1
2,5,10,25,0.4,1,3,1,1,1,229.5,1,17,1,3,1,3,6,1,3,3,1
2,5,10,26,0.05,1,1,1,1,1,262.46,1,5,3,1,3,1,17,1,3,1,3
2,5,10,27,0.8,1,1,1,1,1,225.42,1,3,3,3,3,3,4,1,1,1,1
2,5,10,28,0.8,2,2,NaN,NaN,NaN,NaN,NaN,11,3,1,2,2,14,1,1,2,2
2,5,10,29,0.1,1,2,1,1,1,273.91,1,9,3,1,3,1,5,3,1,2,2
2,5,10,30,0.1,3,1,2,2,1,295.37,1,16,1,3,3,1,16,3,1,3,1
2,5,10,31,0.05,1,3,1,1,1,367.7,0,3,1,1,1,1,4,1,3,3,1
2,5,10,32,0.8,1,3,1,1,1,231.08,1,13,1,3,1,3,14,1,1,3,3
2,5,10,33,0.4,1,1,1,1,1,195.4,1,3,1,3,1,3,7,3,3,3,3
2,5,10,34,1.8,1,1,1,1,1,209.4,1,5,1,3,1,3,10,1,1,1,1
2,5,10,35,0.05,1,2,1,1,1,323.6,0,14,1,1,1,1,10,1,3,2,2
2,5,10,36,0.8,3,2,NaN,NaN,NaN,NaN,NaN,10,3,3,1,1,8,1,1,2,2
2,5,10,37,0.05,1,3,1,1,1,252.58,1,14,3,3,3,3,10,3,3,1,1
2,5,10,38,0.2,2,3,2,2,1,1361.9,0,18,1,3,2,2,18,3,3,1,1
2,5,10,39,0.1,3,1,2,2,1,278.34,1,13,3,3,1,1,2,3,1,3,1
2,5,10,40,0.1,3,2,2,2,1,265.5,1,5,3,3,1,1,3,1,1,2,2
2,5,10,41,0.05,1,2,1,1,1,273.83,1,5,1,1,1,1,12,3,1,2,2
2,5,10,42,0.05,3,1,2,2,1,316.05,0,5,3,1,1,3,20,1,1,1,1
2,5,10,43,1.8,3,1,2,2,1,223.9,1,2,3,3,1,1,7,3,1,3,1
2,5,10,44,1.8,1,1,1,1,1,203.39,1,10,1,3,1,3,16,3,3,3,3
2,5,10,45,0.05,1,3,1,2,0,297.31,1,13,1,3,1,3,17,3,1,1,3
2,5,10,46,0.2,1,2,1,1,1,272.49,1,17,1,3,1,3,15,3,1,2,2
2,5,10,47,0.8,2,1,NaN,NaN,NaN,NaN,NaN,20,3,1,2,2,16,1,1,1,1
2,5,10,48,0.2,1,2,1,1,1,241.61,1,18,3,3,3,3,7,3,3,2,2
2,5,10,49,0.2,2,3,2,2,1,308.38,0,12,1,3,2,2,2,1,1,3,3
2,5,10,50,1.8,1,2,1,1,1,215.89,1,18,3,3,3,3,14,3,3,2,2
2,5,10,51,0.1,3,2,2,2,1,248.33,1,10,3,1,1,3,15,1,3,2,2
2,5,10,52,1.8,1,3,1,1,1,206.21,1,9,3,1,3,1,12,3,1,1,3
2,5,10,53,0.1,1,1,1,1,1,264.69,1,14,1,1,1,1,2,1,3,1,3
2,5,10,54,0.4,2,2,2,1,0,213.23,1,14,3,1,2,2,6,1,1,2,2
2,5,10,55,0.05,1,3,1,2,0,323.98,0,10,3,3,3,3,19,1,3,3,1
2,5,10,56,0.2,1,2,1,1,1,223.79,1,1,3,1,3,1,13,3,1,2,2
2,5,10,57,0.2,2,1,2,1,0,193.85,1,8,3,1,2,2,18,3,3,3,3
2,5,10,58,0.05,3,3,2,2,1,297.3,1,14,3,1,1,3,12,3,3,1,1
2,5,10,59,1.8,3,1,2,2,1,244.29,1,3,3,1,1,3,10,1,3,1,3
2,5,10,60,0.1,1,3,1,1,1,305.17,0,3,3,1,3,1,20,1,1,3,3
2,5,10,61,0.4,3,1,2,2,1,249.72,1,17,1,1,3,3,1,1,1,1,1
2,5,10,62,0.2,1,1,1,1,1,66.482,2,9,1,1,1,1,20,1,3,1,3
2,5,10,63,0.8,3,3,2,2,1,252.47,1,13,3,3,1,1,5,1,3,3,1
2,5,10,64,0.8,1,3,1,1,1,272.32,1,20,1,1,1,1,5,1,3,3,1
2,5,10,65,0.1,1,3,1,1,1,281.13,1,5,1,3,1,3,4,3,1,1,3
2,5,10,66,0.1,2,3,2,2,1,226.15,1,16,1,1,2,2,17,1,3,3,1
2,5,10,67,1.8,3,3,2,1,0,209.85,1,4,3,3,1,1,5,1,1,3,3
2,5,10,68,0.4,1,2,1,1,1,197.97,1,4,1,3,1,3,15,3,3,2,2
2,5,10,69,1.8,2,3,2,2,1,202.02,1,11,1,3,2,2,15,3,1,1,3
2,5,10,70,0.2,2,3,2,2,1,299.51,1,10,1,3,2,2,19,1,3,3,1
2,5,10,71,0.1,3,3,2,2,1,257.5,1,11,1,3,3,1,5,1,1,3,3
2,5,10,72,0.05,2,1,2,2,1,330.88,0,1,3,1,2,2,1,1,1,1,1
2,5,10,73,0.4,1,1,1,1,1,202.17,1,19,3,3,3,3,15,1,3,1,3
2,5,10,74,0.4,1,3,1,1,1,205.62,1,5,3,1,3,1,3,1,3,3,1
2,5,10,75,1.8,2,1,2,2,1,196.66,1,8,1,1,2,2,3,1,1,1,1
2,5,10,76,0.8,2,3,2,2,1,235.84,1,7,1,3,2,2,19,3,3,1,1
2,5,10,77,0.2,3,2,2,2,1,312.17,0,7,3,1,1,3,13,3,3,2,2
2,5,10,78,0.8,3,3,2,2,1,230.57,1,20,3,1,1,3,16,1,3,3,1
