4,6,1,1,1.8,1,3,1,1,1,219.36,1,2,1,1,1,1,4,3,3,1,1
4,6,1,2,0.4,1,1,1,1,1,221.66,1,19,1,1,1,1,1,1,1,1,1
4,6,1,3,0.05,3,1,2,2,1,272.05,1,20,1,3,3,1,17,1,1,1,1
4,6,1,4,0.8,3,3,2,2,1,219.11,1,1,3,1,1,3,10,3,1,1,3
4,6,1,5,0.8,1,1,1,1,1,191.97,1,5,1,1,1,1,6,3,1,3,1
4,6,1,6,0.05,1,3,1,1,1,239.83,1,16,3,3,3,3,19,1,1,3,3
4,6,1,7,0.2,1,3,1,1,1,204.66,1,16,3,3,3,3,1,1,3,3,1
4,6,1,8,0.05,2,3,2,2,1,211.91,1,13,3,1,2,2,16,3,1,1,3
4,6,1,9,0.05,1,2,1,1,1,297.06,1,11,3,1,3,1,6,1,1,2,2
4,6,1,10,0.2,1,1,1,1,1,218.33,1,5,3,1,3,1,1,1,3,1,3
4,6,1,11,0.1,3,1,2,2,1,249.14,1,14,3,3,1,1,10,1,3,1,3
4,6,1,12,0.8,1,3,1,1,1,10.17,2,20,3,1,3,1,7,3,1,1,3
4,6,1,13,1.8,1,3,1,2,0,212.99,1,8,3,1,3,1,18,1,3,3,1
4,6,1,14,0.8,3,3,2,2,1,228.3,1,8,3,3,1,1,15,1,1,3,3
4,6,1,15,1.8,1,3,1,1,1,197.15,1,20,1,3,1,3,11,3,3,1,1
4,6,1,16,0.1,3,3,2,1,0,250.64,1,12,1,1,3,3,15,1,1,3,3
4,6,1,17,0.2,1,1,1,1,1,238.25,1,19,3,1,3,1,4,1,1,1,1
4,6,1,18,0.4,1,2,1,1,1,214.48,1,17,3,1,3,1,14,3,1,2,2
4,6,1,19,0.1,1,1,1,2,0,288.39,1,7,3,1,3,1,14,1,1,1,1
4,6,1,20,0.4,1,3,1,1,1,243.44,1,16,3,3,3,3,11,1,1,3,3
4,6,1,21,0.4,1,1,1,1,1,229.01,1,15,3,3,3,3,15,3,1,3,1
4,6,1,22,0.8,1,3,1,1,1,211.6,1,9,3,1,3,1,19,1,3,3,1
4,6,1,23,0.1,2,2,2,2,1,281.09,1,10,3,1,2,2,8,1,3,2,2
4,6,1,24,0.4,3,1,2,2,1,225.11,1,1,1,3,3,1,1,3,3,3,3
4,6,1,25,1.8,1,3,1,1,1,214.86,1,7,1,3,1,3,13,3,3,1,1
4,6,1,26,1.8,1,1,1,1,1,200.25,1,4,3,1,3,1,8,3,1,3,1
4,6,1,27,0.1,1,1,1,2,0,239.22,1,14,3,1,3,1,16,1,3,1,3
4,6,1,28,0.2,1,1,1,1,1,202.64,1,12,3,1,3,1,3,1,1,1,1
4,6,1,29,0.05,2,3,2,1,0,283.04,1,17,3,3,2,2,2,1,3,3,1
4,6,1,30,0.2,1,1,1,1,1,230.22,1,13,3,1,3,1,20,1,3,1,3
4,6,1,31,0.05,2,2,2,1,0,258.51,1,13,3,3,2,2,11,1,3,2,2
4,6,1,32,1.8,2,2,2,1,0,223.38,1,15,3,3,2,2,13,1,3,2,2
4,6,1,33,0.05,1,3,1,1,1,268.75,1,7,3,1,3,1,19,1,3,3,1
4,6,1,34,0.2,1,2,1,1,1,230.28,1,13,1,3,1,3,10,3,3,2,2
4,6,1,35,0.2,1,3,1,1,1,261.25,1,11,3,1,3,1,12,1,1,3,3
4,6,1,36,0.1,2,1,2,2,1,373.88,0,8,1,3,2,2,3,1,1,1,1
4,6,1,37,0.2,1,1,1,1,1,299.65,1,3,1,1,1,1,12,3,1,3,1
4,6,1,38,1.8,2,3,2,2,1,228.44,1,18,3,3,2,2,8,3,1,1,3
4,6,1,39,0.4,1,3,1,1,1,245.24,1,19,1,1,1,1,13,3,3,1,1
4,6,1,40,0.05,3,3,2,2,1,295.51,1,15,3,1,1,3,16,1,3,3,1
4,6,1,41,0.1,1,3,1,1,1,233.58,1,8,3,3,3,3,4,3,3,1,1
4,6,1,42,0.8,3,2,2,2,1,226.5,1,2,3,1,1,3,7,1,1,2,2
4,6,1,43,0.8,2,1,2,2,1,203.96,1,20,1,1,2,2,9,1,1,1,1
4,6,1,44,0.8,1,2,1,2,0,234.39,1,2,1,1,1,1,16,3,1,2,2
4,6,1,45,1.8,1,2,1,1,1,224.01,1,18,3,1,3,1,10,1,1,2,2
4,6,1,46,0.05,3,1,2,2,1,281.65,1,14,3,1,1,3,20,3,1,3,1
4,6,1,47,0.05,1,3,1,1,1,259.82,1,8,1,1,1,1,8,1,3,3,1
4,6,1,48,0.2,2,3,2,2,1,205.18,1,9,1,3,2,2,9,3,3,1,1
4,6,1,49,0.8,1,2,1,1,1,220.28,1,2,1,3,1,3,5,3,1,2,2
4,6,1,50,1.8,2,3,2,2,1,370.61,0,20,1,1,2,2,7,1,1,3,3
4,6,1,51,1.8,1,1,1,1,1,219.84,1,3,1,3,1,3,14,3,3,3,3
4,6,1,52,0.2,3,3,2,2,1,206.16,1,19,1,1,3,3,15,1,3,3,1
4,6,1,53,0.8,2,2,2,2,1,214.65,1,6,1,1,2,2,20,1,1,2,2
4,6,1,54,0.4,2,2,2,2,1,262.18,1,4,3,3,2,2,19,1,1,2,2
4,6,1,55,0.8,1,1,1,1,1,272.84,1,13,1,1,1,1,8,3,1,3,1
4,6,1,56,1.8,3,2,2,2,1,222.97,1,1,1,1,3,3,11,3,1,2,2
4,6,1,57,0.05,3,2,2,2,1,285.17,1,5,3,1,1,3,20,3,1,2,2
4,6,1,58,1.8,1,1,1,1,1,259.26,1,16,1,3,1,3,13,1,1,1,1
4,6,1,59,0.8,3,1,NaN,NaN,NaN,NaN,NaN,10,3,3,1,1,18,3,1,3,1
4,6,1,60,1.8,3,2,2,2,1,217.17,1,17,1,3,3,1,2,3,3,2,2
4,6,1,61,0.4,1,2,1,1,1,254.94,1,8,3,1,3,1,16,1,1,2,2
4,6,1,62,0.2,3,3,2,2,1,223.9,1,2,3,1,1,3,10,1,3,3,1
4,6,1,63,0.1,3,3,2,2,1,297.26,1,8,1,3,3,1,9,3,1,1,3
4,6,1,64,0.1,1,1,1,1,1,257.81,1,6,3,1,3,1,17,3,3,3,3
4,6,1,65,0.2,1,1,1,1,1,281.45,1,15,1,1,1,1,5,3,1,3,1
4,6,1,66,0.2,3,1,2,2,1,267.32,1,1,1,1,3,3,15,1,3,1,3
4,6,1,67,0.1,3,3,2,2,1,218.14,1,6,1,1,3,3,9,1,1,3,3
4,6,1,68,0.1,2,3,2,1,0,262.57,1,12,1,3,2,2,9,3,1,1,3
4,6,1,69,0.4,1,1,1,1,1,213.64,1,15,1,3,1,3,12,3,1,3,1
4,6,1,70,0.05,2,1,2,2,1,263.59,1,8,3,1,2,2,2,3,1,3,1
4,6,1,71,0.1,2,2,2,2,1,301.96,0,11,3,3,2,2,12,1,3,2,2
4,6,1,72,0.4,1,1,1,1,1,204.73,1,12,1,3,1,3,18,1,1,1,1
4,6,1,73,0.4,1,2,1,1,1,223.88,1,17,3,3,3,3,19,3,1,2,2
4,6,1,74,0.4,1,3,1,1,1,210.06,1,5,3,3,3,3,9,1,3,3,1
4,6,1,75,0.05,3,1,2,2,1,301.81,0,10,3,3,1,1,1,3,1,3,1
4,6,1,76,0.1,1,3,1,1,1,244.22,1,17,1,3,1,3,3,3,3,1,1
4,6,1,77,0.4,2,2,2,2,1,232.75,1,19,1,3,2,2,18,3,1,2,2
4,6,1,78,0.8,1,1,1,1,1,207.54,1,14,1,3,1,3,17,3,1,3,1
4,6,2,1,0.4,2,1,2,1,0,188.72,1,3,1,3,2,2,16,1,1,1,1
4,6,2,2,0.2,2,1,2,2,1,226.78,1,19,3,1,2,2,3,3,1,3,1
4,6,2,3,0.05,1,3,1,1,1,271.29,1,5,1,1,1,1,4,1,1,3,3
4,6,2,4,0.8,1,1,1,1,1,218,1,17,1,3,1,3,6,3,1,3,1
4,6,2,5,0.1,2,3,2,2,1,298.49,1,12,3,1,2,2,8,1,3,3,1
4,6,2,6,0.4,2,3,2,2,1,284.31,1,13,1,3,2,2,5,1,3,3,1
4,6,2,7,0.2,2,2,2,1,0,205.12,1,8,3,1,2,2,13,3,3,2,2
4,6,2,8,1.8,1,1,1,1,1,234.35,1,6,3,3,3,3,6,1,3,1,3
4,6,2,9,0.2,1,3,1,1,1,211.46,1,18,1,3,1,3,20,1,1,3,3
4,6,2,10,1.8,2,1,2,2,1,257.17,1,17,1,1,2,2,11,1,3,1,3
4,6,2,11,0.2,1,3,1,1,1,259.07,1,7,3,1,3,1,2,3,3,1,1
4,6,2,12,0.1,1,2,1,2,0,240.87,1,4,1,3,1,3,7,1,3,2,2
4,6,2,13,0.2,1,2,1,1,1,189.72,1,3,1,1,1,1,5,1,3,2,2
4,6,2,14,1.8,3,3,2,2,1,204.72,1,13,1,3,3,1,11,3,1,1,3
4,6,2,15,1.8,1,2,1,1,1,235.12,1,18,3,1,3,1,9,3,3,2,2
4,6,2,16,0.2,2,1,2,2,1,225.41,1,3,3,1,2,2,13,1,1,1,1
4,6,2,17,0.8,1,1,1,1,1,215.01,1,19,1,1,1,1,17,3,1,3,1
4,6,2,18,0.4,1,1,1,2,0,247.8,1,14,3,1,3,1,11,1,1,1,1
4,6,2,19,0.05,1,1,1,1,1,259.24,1,9,3,1,3,1,13,1,3,1,3
4,6,2,20,0.4,3,3,2,2,1,251.78,1,19,1,3,3,1,6,3,1,1,3
4,6,2,21,0.1,2,1,2,2,1,311.48,0,2,3,1,2,2,1,3,3,3,3
4,6,2,22,0.1,2,1,2,1,0,210.49,1,18,1,3,2,2,5,3,3,3,3
4,6,2,23,0.2,2,2,2,2,1,228.57,1,5,1,3,2,2,5,1,1,2,2
4,6,2,24,0.05,2,3,2,1,0,295.69,1,7,1,1,2,2,8,1,1,3,3
4,6,2,25,0.8,3,2,2,2,1,213.83,1,10,3,1,1,3,7,3,1,2,2
4,6,2,26,0.8,2,1,2,2,1,200.59,1,20,1,1,2,2,8,1,1,1,1
4,6,2,27,0.05,2,2,2,2,1,351.88,0,19,1,1,2,2,19,1,3,2,2
4,6,2,28,0.1,1,3,1,1,1,264.13,1,9,3,1,3,1,3,3,3,1,1
4,6,2,29,1.8,3,3,2,2,1,226.47,1,11,1,3,3,1,10,1,1,3,3
4,6,2,30,0.05,1,3,1,1,1,245.06,1,12,1,3,1,3,5,1,1,3,3
4,6,2,31,1.8,2,2,2,2,1,218.01,1,20,1,1,2,2,3,1,1,2,2
4,6,2,32,0.05,2,1,2,1,0,256.79,1,18,3,3,2,2,15,1,1,1,1
4,6,2,33,0.2,1,1,1,1,1,186.15,1,10,3,3,3,3,15,1,3,1,3
4,6,2,34,0.1,1,2,1,1,1,283.14,1,13,3,1,3,1,20,3,1,2,2
4,6,2,35,0.2,3,3,2,2,1,232.82,1,14,3,1,1,3,14,3,3,1,1
4,6,2,36,0.8,1,1,1,1,1,231.79,1,4,1,3,1,3,7,3,3,3,3
4,6,2,37,0.4,1,2,1,1,1,240.14,1,18,3,3,3,3,4,1,3,2,2
4,6,2,38,0.8,3,3,2,2,1,205.16,1,2,3,3,1,1,2,1,3,3,1
4,6,2,39,0.4,3,2,2,2,1,257.97,1,14,3,1,1,3,10,1,3,2,2
4,6,2,40,1.8,3,1,2,2,1,193.51,1,15,3,1,1,3,10,3,1,3,1
4,6,2,41,0.1,1,1,1,1,1,248.68,1,8,1,3,1,3,15,1,1,1,1
4,6,2,42,0.8,2,3,2,2,1,220.94,1,14,1,3,2,2,17,3,3,1,1
4,6,2,43,0.2,2,1,2,2,1,246.57,1,9,3,1,2,2,16,1,1,1,1
4,6,2,44,0.4,2,1,2,2,1,213.97,1,1,3,3,2,2,8,3,1,3,1
4,6,2,45,0.05,1,1,1,1,1,268.91,1,10,1,1,1,1,11,1,1,1,1
4,6,2,46,0.05,3,3,2,2,1,263.65,1,5,1,1,3,3,5,3,3,1,1
4,6,2,47,0.05,3,1,2,2,1,284.07,1,19,1,1,3,3,7,1,3,1,3
4,6,2,48,0.05,1,3,1,1,1,262.85,1,19,3,3,3,3,2,1,1,3,3
4,6,2,49,1.8,1,2,1,1,1,242.08,1,6,3,1,3,1,13,3,1,2,2
4,6,2,50,1.8,2,3,2,2,1,220.43,1,9,3,3,2,2,5,1,3,3,1
4,6,2,51,0.4,1,1,1,1,1,249.11,1,15,1,3,1,3,8,3,1,3,1
4,6,2,52,0.1,1,2,1,1,1,241.1,1,8,3,3,3,3,12,3,1,2,2
4,6,2,53,0.2,1,1,1,1,1,252.29,1,10,1,3,1,3,2,1,3,1,3
4,6,2,54,1.8,3,3,2,2,1,240.57,1,4,3,1,1,3,20,1,1,3,3
4,6,2,55,0.8,1,3,1,1,1,204.28,1,16,1,1,1,1,6,1,3,3,1
4,6,2,56,0.8,3,1,2,2,1,217.85,1,18,1,1,3,3,10,3,3,3,3
4,6,2,57,0.1,3,1,2,2,1,284.11,1,3,1,1,3,3,14,3,1,3,1
4,6,2,58,0.8,2,3,2,2,1,268.52,1,5,1,1,2,2,3,3,3,1,1
4,6,2,59,0.2,1,3,1,1,1,255.12,1,20,1,1,1,1,8,3,1,1,3
4,6,2,60,0.2,1,3,1,1,1,244.01,1,3,3,1,3,1,14,3,3,1,1
4,6,2,61,0.1,1,3,1,1,1,238.01,1,13,3,3,3,3,14,1,3,3,1
4,6,2,62,0.4,1,3,1,1,1,241.55,1,6,1,3,1,3,15,3,1,1,3
4,6,2,63,0.8,3,2,2,2,1,195.61,1,16,3,3,1,1,6,1,1,2,2
4,6,2,64,0.4,1,1,1,1,1,123.11,1,15,1,3,1,3,6,3,1,3,1
4,6,2,65,0.4,1,2,1,1,1,244.8,1,11,1,3,1,3,6,1,1,2,2
4,6,2,66,0.4,3,1,2,1,0,212.57,1,12,1,1,3,3,17,3,3,3,3
4,6,2,67,0.1,1,3,1,1,1,307.64,0,20,3,1,3,1,20,3,1,1,3
4,6,2,68,1.8,1,3,1,1,1,205.49,1,6,3,1,3,1,9,1,3,3,1
4,6,2,69,0.05,1,3,1,2,0,311.1,0,14,3,3,3,3,17,3,1,1,3
4,6,2,70,0.05,1,3,1,1,1,254.55,1,16,1,1,1,1,5,3,3,1,1
4,6,2,71,1.8,1,1,1,1,1,251.33,1,12,3,3,3,3,6,1,3,1,3
4,6,2,72,0.8,1,1,1,1,1,243.83,1,5,3,1,3,1,19,1,3,1,3
4,6,2,73,0.8,1,1,1,1,1,217.54,1,18,3,1,3,1,14,1,1,1,1
4,6,2,74,1.8,1,1,1,1,1,233.63,1,16,1,3,1,3,5,3,3,3,3
4,6,2,75,0.05,2,3,2,2,1,290.31,1,14,3,1,2,2,9,3,1,1,3
4,6,2,76,0.4,1,2,1,1,1,209.9,1,19,3,3,3,3,7,3,3,2,2
4,6,2,77,0.1,2,2,2,2,1,287.26,1,9,1,3,2,2,17,3,3,2,2
4,6,2,78,0.1,2,3,2,2,1,291.69,1,20,3,3,2,2,7,3,3,1,1
4,6,3,1,0.4,1,2,1,1,1,201.25,1,13,1,3,1,3,14,3,3,2,2
4,6,3,2,0.8,3,1,2,2,1,216.73,1,13,3,3,1,1,19,3,3,3,3
4,6,3,3,0.4,3,3,2,2,1,215.21,1,18,3,3,1,1,18,3,1,1,3
4,6,3,4,0.1,3,1,2,2,1,255.22,1,9,3,3,1,1,10,1,3,1,3
4,6,3,5,1.8,3,1,2,2,1,203.14,1,18,1,1,3,3,8,3,3,3,3
4,6,3,6,0.1,1,3,1,1,1,208.91,1,11,1,1,1,1,18,3,3,1,1
4,6,3,7,0.1,3,3,2,2,1,247.42,1,9,3,3,1,1,1,1,1,3,3
4,6,3,8,0.1,2,2,2,2,1,256.28,1,3,1,1,2,2,16,1,3,2,2
4,6,3,9,0.4,1,2,1,1,1,225,1,7,1,1,1,1,15,1,1,2,2
4,6,3,10,0.2,1,1,1,1,1,261.01,1,15,1,1,1,1,15,3,3,3,3
4,6,3,11,0.05,1,1,1,1,1,292.03,1,9,3,3,3,3,8,3,1,3,1
4,6,3,12,0.4,3,2,2,2,1,275.72,1,15,1,1,3,3,3,3,1,2,2
4,6,3,13,1.8,3,2,2,2,1,246.62,1,6,3,1,1,3,17,3,1,2,2
4,6,3,14,0.05,3,3,2,2,1,278.7,1,4,3,3,1,1,6,1,1,3,3
4,6,3,15,0.05,1,1,1,1,1,247.17,1,12,1,3,1,3,4,3,3,3,3
4,6,3,16,0.2,3,1,2,2,1,241.81,1,11,1,1,3,3,15,1,1,1,1
4,6,3,17,0.05,2,3,2,1,0,319.26,0,5,1,1,2,2,1,1,1,3,3
4,6,3,18,0.05,1,2,1,2,0,302.76,0,14,3,1,3,1,7,3,1,2,2
4,6,3,19,0.2,1,1,1,1,1,217.24,1,19,1,3,1,3,9,1,1,1,1
4,6,3,20,0.4,1,3,1,1,1,219.68,1,15,3,3,3,3,18,1,3,3,1
4,6,3,21,0.8,3,1,2,2,1,239.46,1,16,1,1,3,3,8,1,1,1,1
4,6,3,22,0.05,1,2,1,1,1,261.86,1,8,3,3,3,3,1,3,1,2,2
4,6,3,23,0.05,1,1,1,1,1,265.62,1,4,1,3,1,3,17,3,1,3,1
4,6,3,24,0.2,2,1,2,2,1,205.97,1,3,3,3,2,2,18,1,3,1,3
4,6,3,25,0.2,1,3,1,1,1,192.71,1,9,1,1,1,1,5,1,3,3,1
4,6,3,26,0.8,3,2,2,2,1,236.13,1,12,1,1,3,3,1,1,3,2,2
4,6,3,27,0.4,3,1,2,2,1,241.79,1,10,1,1,3,3,9,1,3,1,3
4,6,3,28,0.1,1,3,1,1,1,254.29,1,17,1,1,1,1,14,1,1,3,3
4,6,3,29,0.4,1,3,1,2,0,314.26,0,17,1,3,1,3,1,3,1,1,3
4,6,3,30,0.05,1,3,1,1,1,251.56,1,9,1,1,1,1,8,1,1,3,3
4,6,3,31,0.4,1,2,1,1,1,273.48,1,17,3,3,3,3,7,1,1,2,2
4,6,3,32,0.8,3,2,2,2,1,236.11,1,7,3,3,1,1,17,1,3,2,2
4,6,3,33,1.8,1,3,1,1,1,235.03,1,17,3,1,3,1,12,3,1,1,3
4,6,3,34,0.1,1,1,1,1,1,226.73,1,11,1,1,1,1,12,3,3,3,3
4,6,3,35,1.8,2,2,2,2,1,249.89,1,8,3,1,2,2,6,1,3,2,2
4,6,3,36,1.8,1,1,1,1,1,246.71,1,15,3,1,3,1,9,1,1,1,1
4,6,3,37,0.05,2,2,NaN,NaN,NaN,NaN,NaN,1,1,1,2,2,16,3,1,2,2
4,6,3,38,0.8,1,2,1,1,1,217.87,1,18,3,1,3,1,2,3,3,2,2
4,6,3,39,0.2,2,3,2,2,1,263.08,1,15,3,1,2,2,8,3,3,1,1
4,6,3,40,1.8,3,2,2,2,1,231.85,1,14,1,1,3,3,4,3,1,2,2
4,6,3,41,0.1,3,2,2,2,1,288.67,1,17,1,1,3,3,8,3,3,2,2
4,6,3,42,0.8,3,2,2,2,1,215.05,1,14,3,1,1,3,11,1,1,2,2
4,6,3,43,0.1,1,3,1,1,1,303.87,0,17,1,3,1,3,16,3,1,1,3
4,6,3,44,0.05,1,3,1,1,1,288.22,1,7,1,1,1,1,19,3,3,1,1
4,6,3,45,0.1,1,3,1,2,0,294.22,1,14,1,3,1,3,15,3,3,1,1
4,6,3,46,0.05,2,2,2,1,0,292.78,1,20,1,1,2,2,13,3,1,2,2
4,6,3,47,0.8,3,3,2,2,1,251.32,1,5,1,1,3,3,13,3,3,1,1
4,6,3,48,0.8,3,3,2,2,1,266.78,1,11,1,3,3,1,17,1,3,3,1
4,6,3,49,0.2,1,1,1,1,1,251.26,1,6,1,3,1,3,11,1,1,1,1
4,6,3,50,0.1,1,3,1,1,1,272.73,1,8,3,3,3,3,5,1,3,3,1
4,6,3,51,0.05,2,2,2,1,0,290.39,1,17,1,1,2,2,8,3,3,2,2
4,6,3,52,0.4,2,2,2,2,1,284.53,1,7,3,1,2,2,6,1,3,2,2
4,6,3,53,0.8,3,3,2,2,1,241.54,1,18,1,1,3,3,7,1,1,3,3
4,6,3,54,0.2,1,1,1,1,1,232.55,1,11,3,3,3,3,17,3,1,3,1
4,6,3,55,1.8,1,1,1,1,1,214.61,1,2,1,3,1,3,16,1,1,1,1
4,6,3,56,0.1,3,1,2,2,1,292.96,1,1,3,3,1,1,2,3,1,3,1
4,6,3,57,0.8,1,2,1,1,1,217.07,1,13,3,3,3,3,11,3,1,2,2
4,6,3,58,0.1,1,1,1,1,1,270.96,1,4,1,3,1,3,9,3,1,3,1
4,6,3,59,0.2,2,2,2,2,1,250.98,1,13,3,3,2,2,18,3,3,2,2
4,6,3,60,1.8,2,2,2,2,1,254.77,1,13,1,1,2,2,17,3,1,2,2
4,6,3,61,0.4,1,2,1,1,1,236.83,1,9,1,3,1,3,19,1,3,2,2
4,6,3,62,0.2,1,2,1,1,1,251.05,1,15,1,3,1,3,10,1,3,2,2
4,6,3,63,0.1,3,3,2,2,1,301.71,0,7,1,1,3,3,13,3,1,1,3
4,6,3,64,1.8,1,1,1,1,1,236.39,1,10,1,3,1,3,6,1,1,1,1
4,6,3,65,0.2,3,2,2,2,1,288.65,1,20,3,3,1,1,8,1,3,2,2
4,6,3,66,0.2,1,1,1,1,1,251.85,1,2,1,3,1,3,19,3,3,3,3
4,6,3,67,1.8,2,3,2,2,1,257.42,1,19,3,1,2,2,14,1,1,3,3
4,6,3,68,1.8,1,1,1,1,1,241.84,1,10,3,3,3,3,2,1,3,1,3
4,6,3,69,0.4,2,3,2,1,0,252.57,1,10,3,3,2,2,18,1,3,3,1
4,6,3,70,0.2,3,1,2,2,1,270.54,1,13,3,3,1,1,7,1,3,1,3
4,6,3,71,0.4,2,2,2,2,1,290.11,1,6,3,3,2,2,3,3,1,2,2
4,6,3,72,0.8,3,3,2,2,1,249.34,1,11,1,3,3,1,10,1,1,3,3
4,6,3,73,0.05,1,1,1,1,1,321.07,0,9,1,3,1,3,14,1,3,1,3
4,6,3,74,1.8,1,1,1,1,1,226.22,1,20,1,3,1,3,14,3,1,3,1
4,6,3,75,1.8,3,1,2,2,1,249.73,1,6,1,1,3,3,12,1,3,1,3
4,6,3,76,0.8,1,3,1,2,0,206.83,1,1,3,3,3,3,4,3,1,1,3
4,6,3,77,0.8,3,3,2,2,1,232.55,1,12,1,3,3,1,2,1,1,3,3
4,6,3,78,0.4,3,1,2,2,1,264.09,1,9,3,1,1,3,17,1,1,1,1
4,6,4,1,1.8,3,2,2,2,1,202.9,1,17,3,3,1,1,8,3,3,2,2
4,6,4,2,0.8,1,3,1,1,1,222.68,1,5,1,3,1,3,2,3,3,1,1
4,6,4,3,0.1,3,2,2,2,1,294.94,1,4,1,3,3,1,6,3,1,2,2
4,6,4,4,1.8,3,1,2,2,1,219.73,1,13,3,3,1,1,11,1,1,1,1
4,6,4,5,0.1,2,2,2,1,0,278,1,1,1,3,2,2,4,3,1,2,2
4,6,4,6,0.05,1,3,1,1,1,274.83,1,13,3,3,3,3,12,1,3,3,1
4,6,4,7,0.1,2,3,2,1,0,228.74,1,20,1,1,2,2,9,1,3,3,1
4,6,4,8,0.8,1,1,1,1,1,219.67,1,13,1,1,1,1,2,1,1,1,1
4,6,4,9,0.2,3,1,2,2,1,212.68,1,11,3,3,1,1,15,3,1,3,1
4,6,4,10,0.8,1,1,1,1,1,225.05,1,8,1,3,1,3,9,1,3,1,3
4,6,4,11,1.8,2,2,2,2,1,232.84,1,15,1,3,2,2,18,1,1,2,2
4,6,4,12,0.8,1,3,1,1,1,232.92,1,11,3,1,3,1,13,3,1,1,3
4,6,4,13,0.2,1,3,1,1,1,262.24,1,13,1,1,1,1,4,3,1,1,3
4,6,4,14,0.05,2,1,2,1,0,293.12,1,20,3,1,2,2,16,3,3,3,3
4,6,4,15,0.2,1,1,1,1,1,285.66,1,16,1,1,1,1,14,1,3,1,3
4,6,4,16,0.8,1,3,1,1,1,224.02,1,12,3,1,3,1,15,3,3,1,1
4,6,4,17,0.2,2,3,2,2,1,237.5,1,16,1,3,2,2,14,3,3,1,1
4,6,4,18,0.2,3,3,2,2,1,228.21,1,20,3,3,1,1,14,1,1,3,3
4,6,4,19,0.8,1,1,1,1,1,228.38,1,7,1,1,1,1,11,3,3,3,3
4,6,4,20,1.8,3,2,2,2,1,257.09,1,20,3,3,1,1,17,1,1,2,2
4,6,4,21,0.05,2,3,2,2,1,311.63,0,20,3,3,2,2,3,3,1,1,3
4,6,4,22,0.8,3,2,2,2,1,265.48,1,3,1,3,3,1,15,3,1,2,2
4,6,4,23,0.1,3,2,2,2,1,318.23,0,17,1,1,3,3,9,3,3,2,2
4,6,4,24,0.4,1,2,1,1,1,213.28,1,15,3,1,3,1,7,3,1,2,2
4,6,4,25,0.4,1,2,1,1,1,229.05,1,18,3,1,3,1,13,1,1,2,2
4,6,4,26,0.8,1,2,1,1,1,211.14,1,6,1,1,1,1,19,3,1,2,2
4,6,4,27,0.2,2,2,2,2,1,258,1,7,3,3,2,2,9,3,3,2,2
4,6,4,28,0.8,1,1,NaN,NaN,NaN,NaN,NaN,12,3,1,3,1,17,1,3,1,3
4,6,4,29,0.1,1,3,1,1,1,260.68,1,4,1,3,1,3,1,1,3,3,1
4,6,4,30,0.05,1,2,1,1,1,282.43,1,9,3,3,3,3,2,3,1,2,2
4,6,4,31,0.4,1,3,1,1,1,358.65,0,8,1,1,1,1,20,3,1,1,3
4,6,4,32,0.2,3,3,2,2,1,206.8,1,15,3,3,1,1,15,3,3,1,1
4,6,4,33,1.8,3,2,2,2,1,271.34,1,2,3,1,1,3,5,1,3,2,2
4,6,4,34,0.4,1,2,1,1,1,234.32,1,19,1,3,1,3,18,3,1,2,2
4,6,4,35,0.1,2,2,2,2,1,288.96,1,1,1,3,2,2,5,1,3,2,2
4,6,4,36,0.05,3,1,2,2,1,320.58,0,13,1,3,3,1,18,3,1,3,1
4,6,4,37,0.1,1,3,1,1,1,204.23,1,3,3,3,3,3,19,1,1,3,3
4,6,4,38,0.4,1,1,1,1,1,280.51,1,17,1,1,1,1,16,1,3,1,3
4,6,4,39,0.2,2,2,2,2,1,264.71,1,7,3,3,2,2,7,3,3,2,2
4,6,4,40,0.05,3,2,2,2,1,301.37,0,9,1,3,3,1,15,3,3,2,2
4,6,4,41,0.05,1,3,1,1,1,317.01,0,19,1,1,1,1,16,1,3,3,1
4,6,4,42,0.05,1,3,1,1,1,273.73,1,7,3,3,3,3,11,1,1,3,3
4,6,4,43,1.8,1,3,1,1,1,226.66,1,18,1,3,1,3,2,3,3,1,1
4,6,4,44,0.4,1,3,1,1,1,196.71,1,3,1,3,1,3,16,1,3,3,1
4,6,4,45,0.2,1,2,1,1,1,216.66,1,11,3,1,3,1,19,1,3,2,2
4,6,4,46,0.4,3,3,2,2,1,206.69,1,8,3,3,1,1,7,1,3,3,1
4,6,4,47,0.8,3,1,2,2,1,222.36,1,1,1,3,3,1,10,1,3,1,3
4,6,4,48,0.05,1,3,1,1,1,274.11,1,16,1,1,1,1,6,1,1,3,3
4,6,4,49,0.2,1,3,1,1,1,249.66,1,10,3,3,3,3,2,1,3,3,1
4,6,4,50,0.05,1,1,1,1,1,280.47,1,2,1,3,1,3,9,1,1,1,1
4,6,4,51,0.8,3,1,2,2,1,216.19,1,1,3,1,1,3,15,3,1,3,1
4,6,4,52,1.8,1,2,1,1,1,222.22,1,7,3,1,3,1,11,1,1,2,2
4,6,4,53,1.8,2,1,2,2,1,219.32,1,12,3,1,2,2,7,3,3,3,3
4,6,4,54,0.4,2,1,2,2,1,196.53,1,16,1,3,2,2,3,3,1,3,1
4,6,4,55,0.1,3,3,2,2,1,238.22,1,19,1,3,3,1,4,1,1,3,3
4,6,4,56,0.1,1,1,1,1,1,230.25,1,9,3,1,3,1,12,3,1,3,1
4,6,4,57,0.4,2,1,2,2,1,274.54,1,19,3,1,2,2,14,1,1,1,1
4,6,4,58,0.1,2,3,2,2,1,268.02,1,7,1,3,2,2,13,1,3,3,1
4,6,4,59,0.4,3,3,2,2,1,315.57,0,7,3,1,1,3,4,3,1,1,3
4,6,4,60,1.8,3,1,2,2,1,305.01,0,13,1,1,3,3,18,3,3,3,3
4,6,4,61,0.1,3,1,2,2,1,290.87,1,17,3,3,1,1,3,3,1,3,1
4,6,4,62,0.05,3,3,2,2,1,286.2,1,11,3,3,1,1,4,3,3,1,1
4,6,4,63,0.2,3,2,2,2,1,173.73,1,10,3,1,1,3,16,3,3,2,2
4,6,4,64,0.05,2,3,2,2,1,307.66,0,20,3,1,2,2,6,1,1,3,3
4,6,4,65,0.1,1,2,1,1,1,264.2,1,17,1,1,1,1,7,1,3,2,2
4,6,4,66,1.8,1,2,NaN,NaN,NaN,NaN,NaN,11,3,1,3,1,15,3,1,2,2
4,6,4,67,1.8,1,3,1,1,1,266.09,1,5,1,3,1,3,7,3,3,1,1
4,6,4,68,0.2,1,2,1,2,0,275.16,1,10,1,1,1,1,14,3,3,2,2
4,6,4,69,0.2,3,3,2,2,1,253.44,1,18,3,3,1,1,15,1,1,3,3
4,6,4,70,1.8,1,3,1,1,1,279.53,1,9,1,3,1,3,2,1,1,3,3
4,6,4,71,1.8,2,1,2,2,1,219.62,1,1,3,3,2,2,2,1,1,1,1
4,6,4,72,0.05,1,2,1,1,1,274.66,1,3,1,1,1,1,5,1,3,2,2
4,6,4,73,0.8,1,2,1,1,1,222.68,1,8,3,3,3,3,19,3,3,2,2
4,6,4,74,0.4,3,2,2,2,1,228.98,1,17,3,1,1,3,12,3,1,2,2
4,6,4,75,0.4,1,1,1,1,1,233.36,1,10,3,1,3,1,3,1,1,1,1
4,6,4,76,0.1,3,1,2,2,1,283,1,8,3,1,1,3,17,1,1,1,1
4,6,4,77,0.8,1,2,1,1,1,204.96,1,10,3,3,3,3,4,1,1,2,2
4,6,4,78,0.4,3,1,2,2,1,234.58,1,8,3,3,1,1,14,1,1,1,1
4,6,5,1,1.8,1,3,1,1,1,223.33,1,11,3,3,3,3,12,1,1,3,3
4,6,5,2,0.8,1,2,1,1,1,205.93,1,18,1,1,1,1,18,1,1,2,2
4,6,5,3,0.05,1,1,1,1,1,262.49,1,11,3,1,3,1,16,3,3,3,3
4,6,5,4,0.4,1,3,1,1,1,213.21,1,9,1,1,1,1,4,3,1,1,3
4,6,5,5,0.2,1,1,1,1,1,229.1,1,4,3,3,3,3,6,3,3,3,3
4,6,5,6,0.2,1,2,1,1,1,227.28,1,17,3,3,3,3,11,1,3,2,2
4,6,5,7,0.2,2,2,2,2,1,242.49,1,6,3,3,2,2,10,1,1,2,2
4,6,5,8,0.05,3,2,2,2,1,304.95,0,11,3,1,1,3,1,3,3,2,2
4,6,5,9,0.8,3,3,2,2,1,226.33,1,10,3,1,1,3,12,3,1,1,3
4,6,5,10,1.8,2,3,2,1,0,202.45,1,20,3,1,2,2,13,1,3,3,1
4,6,5,11,0.4,2,2,2,1,0,232.76,1,12,3,1,2,2,6,1,1,2,2
4,6,5,12,0.2,2,2,2,2,1,262.13,1,15,3,3,2,2,19,3,1,2,2
4,6,5,13,0.8,3,1,2,2,1,391.48,0,11,3,1,1,3,9,1,1,1,1
4,6,5,14,0.1,1,3,1,2,0,234.73,1,15,1,1,1,1,8,3,3,1,1
4,6,5,15,0.2,3,1,2,2,1,217.05,1,3,1,1,3,3,1,1,1,1,1
4,6,5,16,0.4,3,1,2,2,1,208.92,1,7,3,1,1,3,14,1,1,1,1
4,6,5,17,0.1,1,1,1,1,1,265.88,1,14,1,3,1,3,18,3,1,3,1
4,6,5,18,1.8,1,3,1,1,1,218.25,1,15,1,1,1,1,12,1,1,3,3
4,6,5,19,0.1,2,2,2,2,1,286.25,1,13,1,1,2,2,18,3,3,2,2
4,6,5,20,0.4,1,3,1,1,1,217.7,1,1,3,1,3,1,12,1,3,3,1
4,6,5,21,0.1,3,2,2,2,1,273.1,1,20,1,1,3,3,1,1,3,2,2
4,6,5,22,0.05,1,3,1,1,1,225.47,1,3,3,3,3,3,19,3,1,1,3
4,6,5,23,0.2,2,1,2,2,1,218.98,1,10,1,1,2,2,6,3,1,3,1
4,6,5,24,1.8,1,1,1,1,1,235.86,1,20,1,3,1,3,11,1,3,1,3
4,6,5,25,0.1,2,2,2,2,1,261.95,1,16,3,1,2,2,4,1,1,2,2
4,6,5,26,0.8,1,1,1,1,1,209.14,1,18,3,1,3,1,13,3,1,3,1
4,6,5,27,1.8,3,3,2,2,1,293.51,1,18,1,3,3,1,14,1,3,3,1
4,6,5,28,0.1,3,2,2,2,1,233.59,1,20,3,3,1,1,1,1,3,2,2
4,6,5,29,0.8,3,3,2,2,1,294.76,1,7,1,1,3,3,18,3,1,1,3
4,6,5,30,0.1,1,2,1,1,1,257.9,1,3,1,3,1,3,17,1,1,2,2
4,6,5,31,0.4,1,1,1,1,1,253.02,1,20,3,1,3,1,10,1,3,1,3
4,6,5,32,0.4,2,1,2,2,1,251.77,1,14,3,1,2,2,2,3,3,3,3
4,6,5,33,1.8,1,2,1,1,1,213.38,1,15,1,3,1,3,16,1,3,2,2
4,6,5,34,0.05,1,3,1,1,1,268.46,1,2,3,3,3,3,8,3,3,1,1
4,6,5,35,0.2,2,3,2,2,1,316.9,0,20,1,1,2,2,1,3,1,1,3
4,6,5,36,1.8,1,2,1,1,1,202.89,1,16,3,3,3,3,17,1,3,2,2
4,6,5,37,1.8,1,2,1,1,1,207.91,1,9,3,1,3,1,3,1,1,2,2
4,6,5,38,0.8,2,1,2,2,1,257.94,1,11,1,1,2,2,15,3,3,3,3
4,6,5,39,0.2,2,2,2,2,1,261.08,1,8,1,3,2,2,4,3,1,2,2
4,6,5,40,0.1,2,3,2,2,1,271.8,1,13,1,1,2,2,19,3,3,1,1
4,6,5,41,1.8,1,1,1,1,1,239.09,1,10,3,3,3,3,8,3,3,3,3
4,6,5,42,0.8,2,3,2,2,1,233.52,1,11,3,3,2,2,15,1,1,3,3
4,6,5,43,0.4,3,1,2,2,1,255.9,1,16,1,3,3,1,2,1,3,1,3
4,6,5,44,0.1,3,1,2,2,1,265.27,1,5,3,1,1,3,10,3,3,3,3
4,6,5,45,0.2,1,3,1,1,1,218.07,1,19,1,1,1,1,8,3,3,1,1
4,6,5,46,0.8,3,1,2,2,1,226.55,1,2,3,3,1,1,18,1,3,1,3
4,6,5,47,0.1,2,1,2,2,1,269.99,1,19,1,1,2,2,15,3,3,3,3
4,6,5,48,1.8,1,2,1,1,1,226.28,1,13,3,1,3,1,6,1,1,2,2
4,6,5,49,1.8,1,2,1,1,1,222.8,1,2,3,3,3,3,9,3,3,2,2
4,6,5,50,0.1,2,2,2,1,0,247,1,7,3,3,2,2,9,3,1,2,2
4,6,5,51,0.2,2,3,2,2,1,255.28,1,15,1,1,2,2,20,1,3,3,1
4,6,5,52,0.4,1,3,1,1,1,247.33,1,1,3,3,3,3,15,1,3,3,1
4,6,5,53,1.8,3,3,2,2,1,242.21,1,8,3,1,1,3,3,3,3,1,1
4,6,5,54,1.8,2,3,2,1,0,264.93,1,5,3,1,2,2,6,3,1,1,3
4,6,5,55,0.4,2,3,2,2,1,244.74,1,20,3,3,2,2,6,3,1,1,3
4,6,5,56,0.05,1,2,1,1,1,314.09,0,18,3,3,3,3,17,1,3,2,2
4,6,5,57,0.05,1,1,1,1,1,286.1,1,14,1,1,1,1,12,1,3,1,3
4,6,5,58,0.4,3,2,2,2,1,229.09,1,4,1,3,3,1,3,3,3,2,2
4,6,5,59,0.1,3,3,2,2,1,301.09,0,20,1,3,3,1,16,3,3,1,1
4,6,5,60,0.8,2,2,2,1,0,222.82,1,5,3,1,2,2,20,1,3,2,2
4,6,5,61,0.05,2,3,2,2,1,305.28,0,19,1,1,2,2,5,3,3,1,1
4,6,5,62,0.05,3,1,2,2,1,279.71,1,5,3,1,1,3,11,3,1,3,1
4,6,5,63,0.4,3,3,2,2,1,208.87,1,4,3,3,1,1,20,1,1,3,3
4,6,5,64,0.05,3,1,2,2,1,270.28,1,6,3,1,1,3,10,3,1,3,1
4,6,5,65,0.8,3,3,2,2,1,215.94,1,14,1,1,3,3,7,3,3,1,1
4,6,5,66,0.8,1,3,1,1,1,281.25,1,17,3,1,3,1,2,3,1,1,3
4,6,5,67,0.1,1,3,1,1,1,255.97,1,19,3,1,3,1,2,1,1,3,3
4,6,5,68,0.05,1,3,1,1,1,263.71,1,6,1,3,1,3,5,3,3,1,1
4,6,5,69,0.05,1,3,1,1,1,265.87,1,9,3,3,3,3,20,3,1,1,3
4,6,5,70,0.05,3,1,2,2,1,313.64,0,4,1,1,3,3,7,3,1,3,1
4,6,5,71,0.8,1,3,1,1,1,232.69,1,2,3,3,3,3,14,3,1,1,3
4,6,5,72,0.4,3,1,2,2,1,243.29,1,9,1,1,3,3,3,1,1,1,1
4,6,5,73,0.2,1,3,1,1,1,221.79,1,15,1,1,1,1,17,3,3,1,1
4,6,5,74,0.2,3,1,2,2,1,221.31,1,8,1,1,3,3,6,1,3,1,3
4,6,5,75,0.8,1,2,1,1,1,222.55,1,16,1,3,1,3,11,1,3,2,2
4,6,5,76,0.05,1,2,1,1,1,298.99,1,19,3,1,3,1,2,1,3,2,2
4,6,5,77,0.4,1,1,1,1,1,193.71,1,9,3,1,3,1,1,3,1,3,1
4,6,5,78,0.2,1,1,1,1,1,224.85,1,10,1,1,1,1,5,3,3,3,3
4,6,6,1,0.2,3,1,2,2,1,213.66,1,1,1,1,3,3,12,1,3,1,3
4,6,6,2,0.1,1,3,1,1,1,244.13,1,4,3,3,3,3,1,1,1,3,3
4,6,6,3,0.8,1,1,1,1,1,212.08,1,11,1,3,1,3,20,3,1,3,1
4,6,6,4,0.1,3,3,2,2,1,203.43,1,20,3,3,1,1,7,1,3,3,1
4,6,6,5,0.05,2,2,2,2,1,336.88,0,9,1,3,2,2,3,1,1,2,2
4,6,6,6,0.8,1,2,1,1,1,233.72,1,8,1,1,1,1,5,1,3,2,2
4,6,6,7,1.8,1,2,1,1,1,217.43,1,2,3,1,3,1,17,1,1,2,2
4,6,6,8,0.4,3,1,2,2,1,226.46,1,14,3,1,1,3,13,1,1,1,1
4,6,6,9,0.05,1,1,1,1,1,264.02,1,8,3,3,3,3,20,3,1,3,1
4,6,6,10,0.1,1,3,1,1,1,254.43,1,10,3,3,3,3,3,3,1,1,3
4,6,6,11,0.1,2,3,2,2,1,227.06,1,8,3,3,2,2,15,1,3,3,1
4,6,6,12,0.2,2,3,2,2,1,227.31,1,7,1,3,2,2,12,3,3,1,1
4,6,6,13,0.05,1,2,1,1,1,255.14,1,8,1,1,1,1,5,3,1,2,2
4,6,6,14,1.8,1,1,1,1,1,222.16,1,14,3,1,3,1,8,1,1,1,1
4,6,6,15,1.8,1,1,1,1,1,267.34,1,6,3,3,3,3,18,3,3,3,3
4,6,6,16,0.05,1,2,1,2,0,297.82,1,1,1,3,1,3,12,1,1,2,2
4,6,6,17,0.05,2,2,2,2,1,298.82,1,16,3,1,2,2,4,3,3,2,2
4,6,6,18,0.8,3,3,2,2,1,254.6,1,5,1,1,3,3,18,3,1,1,3
4,6,6,19,0.2,2,3,2,2,1,230.3,1,12,3,3,2,2,8,3,3,1,1
4,6,6,20,0.2,1,3,1,2,0,246.54,1,3,3,1,3,1,1,3,3,1,1
4,6,6,21,0.1,3,3,2,2,1,360.16,0,10,3,3,1,1,8,1,1,3,3
4,6,6,22,0.2,3,1,2,2,1,207.66,1,6,1,3,3,1,17,3,1,3,1
4,6,6,23,0.4,3,1,2,2,1,260.19,1,6,1,1,3,3,2,1,3,1,3
4,6,6,24,0.05,2,3,2,1,0,254.55,1,20,3,1,2,2,3,3,3,1,1
4,6,6,25,0.8,3,2,2,2,1,214.66,1,8,3,1,1,3,19,1,3,2,2
4,6,6,26,0.2,3,2,2,2,1,282.85,1,14,3,1,1,3,14,3,1,2,2
4,6,6,27,1.8,1,1,1,1,1,248.17,1,9,3,1,3,1,13,1,1,1,1
4,6,6,28,0.05,2,3,2,2,1,286.59,1,18,1,3,2,2,17,3,1,1,3
4,6,6,29,0.4,1,3,1,1,1,218.79,1,10,3,1,3,1,2,3,3,1,1
4,6,6,30,0.4,1,1,1,2,0,197.37,1,16,1,3,1,3,1,1,3,1,3
4,6,6,31,0.8,2,2,2,2,1,199.87,1,3,1,3,2,2,18,1,3,2,2
4,6,6,32,0.1,2,3,2,2,1,260.9,1,5,3,3,2,2,5,3,3,1,1
4,6,6,33,0.2,1,2,1,2,0,260.19,1,16,1,3,1,3,15,1,1,2,2
4,6,6,34,0.1,3,1,2,1,0,265.7,1,12,1,1,3,3,18,1,1,1,1
4,6,6,35,1.8,2,1,2,2,1,232.25,1,8,1,3,2,2,11,1,1,1,1
4,6,6,36,1.8,1,1,1,2,0,217.81,1,6,3,1,3,1,8,3,1,3,1
4,6,6,37,0.8,1,1,1,1,1,237.17,1,7,1,3,1,3,7,1,1,1,1
4,6,6,38,0.8,1,2,1,1,1,222.14,1,17,1,1,1,1,11,3,3,2,2
4,6,6,39,0.4,3,2,2,2,1,205.59,1,11,3,3,1,1,13,1,3,2,2
4,6,6,40,0.4,2,1,2,1,0,252.13,1,12,3,1,2,2,1,3,1,3,1
4,6,6,41,0.2,3,2,2,1,0,294.71,1,12,1,1,3,3,12,3,1,2,2
4,6,6,42,1.8,1,3,1,1,1,242.85,1,18,1,3,1,3,17,1,3,3,1
4,6,6,43,0.05,2,1,2,2,1,304.27,0,9,1,1,2,2,13,3,3,3,3
4,6,6,44,0.2,3,1,2,2,1,226.45,1,2,1,1,3,3,2,3,3,3,3
4,6,6,45,0.8,2,3,2,2,1,210.91,1,15,1,3,2,2,12,1,3,3,1
4,6,6,46,0.05,1,3,1,1,1,273.15,1,16,1,3,1,3,1,3,1,1,3
4,6,6,47,0.2,1,1,1,1,1,245.93,1,12,1,3,1,3,6,3,1,3,1
4,6,6,48,0.4,1,2,1,1,1,218.78,1,3,3,3,3,3,6,1,1,2,2
4,6,6,49,1.8,2,2,NaN,NaN,NaN,NaN,NaN,17,3,1,2,2,10,1,3,2,2
4,6,6,50,1.8,1,3,1,1,1,189.4,1,6,1,1,1,1,16,3,1,1,3
4,6,6,51,0.8,2,3,2,2,1,246.32,1,8,1,1,2,2,2,3,1,1,3
4,6,6,52,1.8,3,2,2,2,1,209.76,1,19,1,3,3,1,5,1,1,2,2
4,6,6,53,0.8,3,1,2,2,1,245.97,1,14,3,1,1,3,4,1,3,1,3
4,6,6,54,0.4,1,2,1,1,1,240.26,1,10,1,1,1,1,12,3,1,2,2
4,6,6,55,0.05,1,1,1,1,1,275.26,1,3,3,1,3,1,8,3,1,3,1
4,6,6,56,0.2,1,1,1,1,1,298.91,1,11,1,3,1,3,3,3,1,3,1
4,6,6,57,0.1,2,1,2,2,1,281.51,1,17,1,3,2,2,16,1,3,1,3
4,6,6,58,1.8,2,1,2,2,1,217.85,1,19,3,1,2,2,17,3,1,3,1
4,6,6,59,0.1,3,3,2,2,1,274.9,1,6,1,3,3,1,7,3,3,1,1
4,6,6,60,0.8,1,3,1,1,1,261.44,1,3,3,1,3,1,2,1,3,3,1
4,6,6,61,1.8,1,2,1,1,1,207.16,1,15,3,1,3,1,2,1,1,2,2
4,6,6,62,0.4,1,2,1,1,1,202.78,1,20,1,1,1,1,17,3,3,2,2
4,6,6,63,0.1,3,2,2,2,1,269.52,1,5,1,3,3,1,8,1,3,2,2
4,6,6,64,0.4,1,1,1,1,1,275.41,1,16,1,1,1,1,5,3,3,3,3
4,6,6,65,0.2,2,2,2,2,1,273.35,1,2,1,3,2,2,13,1,3,2,2
4,6,6,66,0.1,3,3,2,2,1,286.84,1,16,1,3,3,1,13,3,1,1,3
4,6,6,67,0.05,1,3,1,1,1,321.8,0,5,3,1,3,1,1,3,1,1,3
4,6,6,68,0.05,1,1,1,1,1,276.59,1,19,3,3,3,3,9,3,1,3,1
4,6,6,69,0.8,2,1,2,2,1,245.95,1,9,1,1,2,2,17,1,1,1,1
4,6,6,70,0.1,2,2,2,1,0,238.37,1,19,1,3,2,2,11,3,3,2,2
4,6,6,71,0.1,1,1,1,1,1,265.06,1,13,1,1,1,1,6,3,3,3,3
4,6,6,72,0.4,1,1,1,1,1,282.88,1,15,1,3,1,3,6,3,1,3,1
4,6,6,73,0.8,3,2,2,2,1,217.92,1,3,3,3,1,1,15,3,1,2,2
4,6,6,74,1.8,1,1,1,1,1,243.66,1,6,3,1,3,1,1,1,1,1,1
4,6,6,75,0.4,1,1,1,1,1,231.75,1,11,3,1,3,1,9,1,3,1,3
4,6,6,76,0.2,1,1,1,1,1,298.89,1,10,3,1,3,1,15,3,3,3,3
4,6,6,77,0.4,1,3,1,1,1,248.02,1,17,3,1,3,1,19,1,1,3,3
4,6,6,78,0.05,3,3,2,2,1,352.35,0,4,1,1,3,3,2,3,3,1,1
4,6,7,1,0.8,1,3,NaN,NaN,NaN,NaN,NaN,8,3,1,3,1,12,3,1,1,3
4,6,7,2,0.1,3,3,2,2,1,330.59,0,12,1,3,3,1,7,1,3,3,1
4,6,7,3,1.8,1,2,1,1,1,220.66,1,16,1,1,1,1,16,1,1,2,2
4,6,7,4,0.05,1,2,1,1,1,293.74,1,6,3,3,3,3,15,1,1,2,2
4,6,7,5,0.8,1,2,1,1,1,210.27,1,11,1,3,1,3,12,3,1,2,2
4,6,7,6,0.05,1,3,1,1,1,267.03,1,16,1,1,1,1,8,1,3,3,1
4,6,7,7,0.05,2,3,2,2,1,296.25,1,5,1,1,2,2,12,1,3,3,1
4,6,7,8,1.8,2,2,2,2,1,225.69,1,18,3,3,2,2,5,3,3,2,2
4,6,7,9,1.8,1,1,1,1,1,255.39,1,15,3,3,3,3,17,1,3,1,3
4,6,7,10,0.4,1,2,1,1,1,240.69,1,7,3,3,3,3,14,3,3,2,2
4,6,7,11,0.05,1,1,1,1,1,259.38,1,9,1,3,1,3,2,3,3,3,3
4,6,7,12,1.8,1,3,1,1,1,233.54,1,9,3,1,3,1,3,1,3,3,1
4,6,7,13,1.8,1,1,1,2,0,214.37,1,5,1,3,1,3,2,1,1,1,1
4,6,7,14,0.4,1,1,1,1,1,257.89,1,20,1,3,1,3,2,1,3,1,3
4,6,7,15,0.2,3,3,2,2,1,220.85,1,1,1,1,3,3,11,3,3,1,1
4,6,7,16,0.4,3,2,2,2,1,268.18,1,6,3,3,1,1,13,3,1,2,2
4,6,7,17,1.8,3,3,2,2,1,252.05,1,19,3,3,1,1,8,3,3,1,1
4,6,7,18,1.8,1,2,1,1,1,272.18,1,11,3,1,3,1,2,1,1,2,2
4,6,7,19,0.2,1,3,1,1,1,242,1,14,3,3,3,3,13,3,1,1,3
4,6,7,20,0.05,2,2,2,2,1,330.67,0,13,1,1,2,2,12,1,3,2,2
4,6,7,21,0.4,1,1,1,1,1,288.8,1,1,1,1,1,1,1,1,1,1,1
4,6,7,22,0.4,1,2,1,1,1,203.61,1,8,1,1,1,1,1,1,1,2,2
4,6,7,23,0.05,1,2,1,1,1,292.15,1,19,3,1,3,1,5,1,1,2,2
4,6,7,24,0.1,3,1,2,2,1,294.01,1,3,3,3,1,1,11,3,3,3,3
4,6,7,25,0.2,2,1,2,1,0,235.69,1,17,3,1,2,2,19,3,3,3,3
4,6,7,26,0.1,2,2,2,2,1,302.82,0,20,1,3,2,2,14,3,1,2,2
4,6,7,27,0.2,3,1,2,2,1,269.28,1,15,3,3,1,1,3,1,3,1,3
4,6,7,28,1.8,2,3,2,2,1,229.3,1,7,1,3,2,2,2,3,3,1,1
4,6,7,29,0.1,2,3,2,1,0,243.61,1,15,1,1,2,2,1,3,1,1,3
4,6,7,30,0.1,2,3,2,2,1,272.98,1,14,3,3,2,2,12,3,1,1,3
4,6,7,31,0.4,2,3,2,2,1,212.67,1,7,1,1,2,2,7,1,1,3,3
4,6,7,32,0.2,2,3,2,2,1,253.09,1,2,3,1,2,2,18,1,1,3,3
4,6,7,33,0.2,2,1,2,1,0,241.03,1,12,3,3,2,2,19,1,3,1,3
4,6,7,34,0.1,3,2,2,1,0,297.22,1,7,3,3,1,1,1,1,3,2,2
4,6,7,35,0.05,1,3,1,1,1,259.74,1,12,3,1,3,1,2,1,3,3,1
4,6,7,36,0.8,1,3,1,1,1,251.77,1,8,3,1,3,1,6,3,1,1,3
4,6,7,37,1.8,1,1,1,1,1,270.96,1,12,3,1,3,1,13,1,1,1,1
4,6,7,38,0.2,3,1,2,2,1,264.72,1,7,1,3,3,1,13,1,3,1,3
4,6,7,39,1.8,3,1,2,2,1,241.99,1,10,1,3,3,1,10,3,3,3,3
4,6,7,40,0.2,3,3,2,2,1,259.66,1,18,3,1,1,3,1,1,3,3,1
4,6,7,41,0.1,1,3,1,1,1,258.34,1,19,1,3,1,3,20,3,1,1,3
4,6,7,42,0.8,3,2,2,2,1,219.86,1,14,1,1,3,3,6,3,3,2,2
4,6,7,43,0.4,1,3,1,2,0,261.37,1,8,3,3,3,3,10,3,3,1,1
4,6,7,44,0.4,1,1,1,1,1,219.06,1,11,3,1,3,1,19,3,1,3,1
4,6,7,45,0.8,1,3,1,1,1,219.42,1,5,1,3,1,3,10,1,1,3,3
4,6,7,46,0.2,2,3,2,1,0,243.66,1,10,3,3,2,2,12,1,3,3,1
4,6,7,47,0.4,1,3,1,1,1,224.25,1,4,1,1,1,1,1,1,3,3,1
4,6,7,48,0.8,1,2,1,1,1,226.47,1,10,1,1,1,1,11,1,1,2,2
4,6,7,49,0.05,1,1,1,1,1,297.84,1,17,3,3,3,3,4,1,1,1,1
4,6,7,50,0.05,1,2,1,1,1,299.64,1,12,1,1,1,1,11,1,1,2,2
4,6,7,51,0.8,2,1,2,2,1,280.11,1,16,3,3,2,2,1,3,1,3,1
4,6,7,52,0.2,3,1,2,2,1,242.97,1,16,3,1,1,3,3,3,1,3,1
4,6,7,53,0.4,1,2,1,1,1,236.76,1,11,3,3,3,3,2,3,3,2,2
4,6,7,54,0.8,1,1,1,1,1,258.19,1,1,3,3,3,3,20,1,3,1,3
4,6,7,55,0.4,3,3,2,2,1,311.47,0,15,1,3,3,1,2,1,3,3,1
4,6,7,56,1.8,1,2,1,1,1,246.99,1,8,3,1,3,1,9,1,3,2,2
4,6,7,57,0.1,2,3,2,2,1,318.22,0,5,1,3,2,2,16,1,1,3,3
4,6,7,58,0.2,2,2,2,1,0,266.86,1,17,3,1,2,2,5,1,3,2,2
4,6,7,59,0.1,3,3,2,2,1,276.12,1,9,1,3,3,1,19,3,3,1,1
4,6,7,60,0.4,1,1,1,1,1,255.28,1,6,1,1,1,1,10,3,1,3,1
4,6,7,61,0.8,2,2,2,2,1,252.36,1,5,1,1,2,2,16,3,3,2,2
4,6,7,62,0.1,2,2,2,2,1,354.17,0,7,3,3,2,2,8,1,3,2,2
4,6,7,63,1.8,2,1,2,2,1,239.24,1,19,3,1,2,2,9,1,1,1,1
4,6,7,64,1.8,3,2,2,2,1,244.66,1,4,1,3,3,1,12,3,1,2,2
4,6,7,65,0.2,1,2,1,1,1,296.33,1,20,1,3,1,3,5,1,1,2,2
4,6,7,66,0.1,3,1,2,2,1,273.45,1,7,1,1,3,3,7,3,1,3,1
4,6,7,67,0.05,2,3,2,2,1,332.73,0,17,3,1,2,2,16,1,1,3,3
4,6,7,68,0.2,1,3,1,1,1,236.66,1,11,1,1,1,1,8,1,1,3,3
4,6,7,69,0.1,1,1,1,2,0,297.66,1,10,1,1,1,1,9,1,1,1,1
4,6,7,70,0.1,2,1,2,2,1,277.02,1,11,1,3,2,2,1,1,3,1,3
4,6,7,71,0.05,1,2,1,1,1,299.42,1,6,1,3,1,3,8,1,1,2,2
4,6,7,72,0.8,2,1,2,2,1,227.61,1,7,1,3,2,2,19,3,1,3,1
4,6,7,73,0.05,3,3,2,1,0,299.97,1,12,3,3,1,1,8,1,1,3,3
4,6,7,74,0.8,3,3,2,2,1,218.24,1,7,3,1,1,3,10,1,3,3,1
4,6,7,75,0.8,2,1,2,2,1,233.37,1,8,1,1,2,2,18,3,1,3,1
4,6,7,76,0.8,1,2,1,1,1,241.2,1,10,3,3,3,3,14,3,3,2,2
4,6,7,77,0.4,3,2,2,2,1,252.01,1,18,3,3,1,1,8,3,3,2,2
4,6,7,78,0.05,3,2,2,2,1,316.37,0,10,1,1,3,3,15,1,3,2,2
4,6,8,1,1.8,1,3,1,1,1,213.8,1,11,3,1,3,1,14,3,3,1,1
4,6,8,2,0.1,3,2,2,2,1,227.13,1,13,1,1,3,3,17,3,3,2,2
4,6,8,3,0.05,3,3,2,1,0,267.55,1,16,1,1,3,3,19,3,3,1,1
4,6,8,4,0.4,2,2,2,2,1,258.38,1,16,1,3,2,2,4,1,3,2,2
4,6,8,5,0.8,2,1,2,2,1,222.54,1,13,1,3,2,2,1,1,3,1,3
4,6,8,6,1.8,1,2,1,1,1,240.16,1,13,3,3,3,3,13,3,3,2,2
4,6,8,7,0.05,3,3,2,2,1,292.17,1,8,3,1,1,3,5,1,1,3,3
4,6,8,8,0.2,2,2,2,2,1,231.99,1,7,3,1,2,2,16,1,3,2,2
4,6,8,9,0.8,3,1,2,2,1,414.05,0,16,3,3,1,1,19,3,3,3,3
4,6,8,10,0.4,3,2,2,2,1,238.72,1,20,3,3,1,1,10,1,1,2,2
4,6,8,11,1.8,3,2,NaN,NaN,NaN,NaN,NaN,9,3,3,1,1,4,3,3,2,2
4,6,8,12,0.4,2,2,2,2,1,261.79,1,5,3,1,2,2,18,1,3,2,2
4,6,8,13,0.8,3,3,2,2,1,242.9,1,9,3,1,1,3,11,3,1,1,3
4,6,8,14,0.1,3,2,2,2,1,288.42,1,20,1,1,3,3,15,1,1,2,2
4,6,8,15,0.2,2,1,2,2,1,240.15,1,6,3,3,2,2,20,3,1,3,1
4,6,8,16,0.05,1,3,1,1,1,320.92,0,7,3,3,3,3,4,3,3,1,1
4,6,8,17,0.1,2,1,2,2,1,330.63,0,1,3,3,2,2,8,3,3,3,3
4,6,8,18,0.8,1,1,1,1,1,241.42,1,1,1,3,1,3,2,3,3,3,3
4,6,8,19,0.1,3,1,2,2,1,238.97,1,4,3,1,1,3,16,1,3,1,3
4,6,8,20,0.2,3,1,2,2,1,233.25,1,2,1,3,3,1,10,1,3,1,3
4,6,8,21,0.2,1,1,1,1,1,223.33,1,2,3,3,3,3,17,3,3,3,3
4,6,8,22,0.2,1,3,1,1,1,260.98,1,5,3,1,3,1,5,1,3,3,1
4,6,8,23,0.4,1,2,1,1,1,249.05,1,15,3,1,3,1,8,3,1,2,2
4,6,8,24,1.8,3,2,2,2,1,232.63,1,11,3,1,1,3,16,3,3,2,2
4,6,8,25,1.8,3,3,2,2,1,317.03,0,16,1,1,3,3,1,1,1,3,3
4,6,8,26,1.8,1,1,1,1,1,257.16,1,17,1,1,1,1,3,3,3,3,3
4,6,8,27,0.05,3,1,2,2,1,530.35,0,15,3,3,1,1,15,3,1,3,1
4,6,8,28,0.2,1,3,1,1,1,193.39,1,6,3,3,3,3,10,1,1,3,3
4,6,8,29,0.8,3,1,2,2,1,275.58,1,8,3,1,1,3,18,3,3,3,3
4,6,8,30,0.05,2,2,2,2,1,359.44,0,15,3,1,2,2,8,3,1,2,2
4,6,8,31,0.2,1,2,1,1,1,176.98,1,2,3,1,3,1,17,3,1,2,2
4,6,8,32,0.05,1,3,1,1,1,353.56,0,2,1,1,1,1,14,1,1,3,3
4,6,8,33,0.4,2,1,2,2,1,255.34,1,13,1,1,2,2,10,1,3,1,3
4,6,8,34,1.8,1,1,1,1,1,246.76,1,20,1,1,1,1,9,1,3,1,3
4,6,8,35,0.1,3,3,2,2,1,296.37,1,18,3,1,1,3,1,1,3,3,1
4,6,8,36,0.4,1,3,1,1,1,206.94,1,6,1,3,1,3,15,3,3,1,1
4,6,8,37,1.8,2,1,2,2,1,233.35,1,6,3,1,2,2,14,1,1,1,1
4,6,8,38,0.4,2,3,2,2,1,278.77,1,11,1,3,2,2,7,1,3,3,1
4,6,8,39,0.05,1,3,1,1,1,274.87,1,15,3,3,3,3,17,1,1,3,3
4,6,8,40,0.1,3,2,2,2,1,264.19,1,2,1,3,3,1,12,1,3,2,2
4,6,8,41,0.2,2,2,2,1,0,250.76,1,17,3,3,2,2,19,1,3,2,2
4,6,8,42,0.4,2,1,2,2,1,231.15,1,20,3,3,2,2,3,1,1,1,1
4,6,8,43,0.05,3,3,2,2,1,298.9,1,10,1,3,3,1,10,3,3,1,1
4,6,8,44,0.05,2,3,2,2,1,318.58,0,18,3,1,2,2,8,3,1,1,3
4,6,8,45,0.4,1,3,1,1,1,208.94,1,19,3,1,3,1,5,1,3,3,1
4,6,8,46,0.8,3,3,2,2,1,247.27,1,2,1,3,3,1,11,1,1,3,3
4,6,8,47,0.1,2,2,2,2,1,318.64,0,17,3,3,2,2,7,1,3,2,2
4,6,8,48,0.05,1,3,1,2,0,320,0,8,3,3,3,3,19,3,3,1,1
4,6,8,49,0.2,3,1,2,2,1,227.92,1,9,1,3,3,1,19,3,1,3,1
4,6,8,50,0.1,1,3,1,1,1,259.93,1,7,1,3,1,3,5,3,3,1,1
4,6,8,51,1.8,2,1,2,2,1,213.18,1,7,3,1,2,2,4,1,1,1,1
4,6,8,52,1.8,1,1,1,1,1,239.23,1,2,3,1,3,1,17,3,1,3,1
4,6,8,53,0.2,3,2,2,2,1,225.76,1,17,1,3,3,1,12,3,1,2,2
4,6,8,54,0.8,1,2,1,1,1,244.83,1,17,1,3,1,3,15,1,1,2,2
4,6,8,55,1.8,1,3,1,1,1,241.32,1,7,3,3,3,3,2,1,3,3,1
4,6,8,56,0.8,1,1,1,1,1,273.13,1,13,1,1,1,1,4,1,3,1,3
4,6,8,57,0.2,3,3,2,2,1,231.88,1,11,1,1,3,3,1,3,3,1,1
4,6,8,58,0.8,2,2,2,1,0,252.87,1,14,3,3,2,2,6,3,1,2,2
4,6,8,59,0.8,3,2,2,2,1,267.68,1,1,3,1,1,3,2,1,3,2,2
4,6,8,60,0.05,1,1,1,2,0,338.14,0,3,3,3,3,3,3,3,1,3,1
4,6,8,61,0.4,1,1,1,1,1,240.39,1,1,1,1,1,1,18,3,3,3,3
4,6,8,62,1.8,3,3,2,2,1,235.96,1,18,3,3,1,1,14,3,3,1,1
4,6,8,63,0.2,1,2,1,1,1,270.13,1,4,3,3,3,3,19,1,1,2,2
4,6,8,64,0.8,1,3,1,1,1,292.31,1,18,1,1,1,1,15,3,3,1,1
4,6,8,65,0.8,1,2,1,1,1,227.69,1,10,3,3,3,3,8,3,1,2,2
4,6,8,66,0.1,1,1,1,1,1,261.11,1,14,3,1,3,1,20,1,1,1,1
4,6,8,67,0.05,1,3,1,1,1,344.33,0,17,3,1,3,1,3,3,3,1,1
4,6,8,68,0.4,1,3,1,1,1,225.86,1,7,3,3,3,3,12,1,1,3,3
4,6,8,69,0.2,1,1,1,1,1,243.19,1,19,3,3,3,3,1,3,1,3,1
4,6,8,70,0.1,1,1,1,1,1,255.8,1,8,3,1,3,1,17,3,1,3,1
4,6,8,71,0.1,2,3,2,2,1,300.17,0,16,1,3,2,2,15,3,1,1,3
4,6,8,72,0.1,3,3,2,2,1,266.32,1,8,3,1,1,3,10,3,3,1,1
4,6,8,73,0.05,1,2,1,1,1,302.53,0,4,3,3,3,3,12,3,1,2,2
4,6,8,74,0.4,1,1,1,1,1,252.14,1,20,3,1,3,1,6,1,3,1,3
4,6,8,75,0.8,1,3,1,2,0,246.43,1,15,1,1,1,1,14,1,3,3,1
4,6,8,76,0.1,1,2,1,1,1,217.84,1,4,3,3,3,3,17,1,3,2,2
4,6,8,77,0.4,1,1,1,1,1,187.53,1,17,3,1,3,1,6,1,3,1,3
4,6,8,78,1.8,2,1,2,2,1,240.81,1,6,3,1,2,2,9,3,3,3,3
4,6,9,1,1.8,1,3,1,1,1,229.15,1,4,3,1,3,1,9,1,1,3,3
4,6,9,2,0.05,3,1,2,2,1,273.74,1,6,1,1,3,3,12,3,1,3,1
4,6,9,3,0.1,1,3,1,1,1,235.39,1,7,1,1,1,1,20,3,3,1,1
4,6,9,4,0.8,1,2,NaN,NaN,NaN,NaN,NaN,14,1,3,1,3,4,3,1,2,2
4,6,9,5,0.05,2,2,2,2,1,264.12,1,9,3,3,2,2,4,1,3,2,2
4,6,9,6,0.4,1,3,1,1,1,263.17,1,17,3,3,3,3,8,3,3,1,1
4,6,9,7,0.1,3,2,2,2,1,290.94,1,11,1,3,3,1,16,3,1,2,2
4,6,9,8,0.05,3,2,2,2,1,281.25,1,9,1,3,3,1,5,1,1,2,2
4,6,9,9,0.05,1,3,1,1,1,300.55,0,6,3,1,3,1,20,3,3,1,1
4,6,9,10,0.2,1,2,1,1,1,229.83,1,13,1,1,1,1,4,1,3,2,2
4,6,9,11,1.8,1,3,1,1,1,241.05,1,7,3,3,3,3,8,1,1,3,3
4,6,9,12,0.1,1,3,1,1,1,259.12,1,1,1,3,1,3,17,3,1,1,3
4,6,9,13,0.4,2,2,2,1,0,268.15,1,17,3,3,2,2,5,1,3,2,2
4,6,9,14,0.8,3,3,2,2,1,450.76,0,10,1,3,3,1,8,3,1,1,3
4,6,9,15,0.8,1,1,1,1,1,254.79,1,20,1,3,1,3,10,1,1,1,1
4,6,9,16,0.2,3,1,2,2,1,216.7,1,2,1,3,3,1,12,1,1,1,1
4,6,9,17,0.1,1,1,1,1,1,300.31,0,18,3,1,3,1,3,1,3,1,3
4,6,9,18,0.8,2,3,2,2,1,247.59,1,20,3,3,2,2,9,1,1,3,3
4,6,9,19,0.1,1,2,1,1,1,224.02,1,12,3,1,3,1,7,1,1,2,2
4,6,9,20,0.05,1,2,1,1,1,282.11,1,17,3,3,3,3,11,1,1,2,2
4,6,9,21,0.2,2,1,2,2,1,247.89,1,8,3,1,2,2,14,3,1,3,1
4,6,9,22,0.1,1,3,1,1,1,255.39,1,5,3,3,3,3,17,1,1,3,3
4,6,9,23,0.05,3,3,2,2,1,296.58,1,6,1,3,3,1,12,3,3,1,1
4,6,9,24,0.1,3,2,2,2,1,264.9,1,5,3,3,1,1,13,1,1,2,2
4,6,9,25,1.8,2,3,2,2,1,224.09,1,10,1,3,2,2,6,3,3,1,1
4,6,9,26,0.05,1,3,1,1,1,267.48,1,2,3,1,3,1,10,3,3,1,1
4,6,9,27,0.05,2,3,2,2,1,309.55,0,18,3,1,2,2,3,1,1,3,3
4,6,9,28,0.05,1,1,1,1,1,299.38,1,8,3,3,3,3,8,1,1,1,1
4,6,9,29,0.4,1,2,1,1,1,276.44,1,10,3,3,3,3,4,3,1,2,2
4,6,9,30,1.8,1,1,1,1,1,245.27,1,2,3,3,3,3,5,3,1,3,1
4,6,9,31,0.05,2,2,2,2,1,291.86,1,9,3,1,2,2,15,1,3,2,2
4,6,9,32,0.2,1,1,1,2,0,288,1,4,1,3,1,3,4,1,3,1,3
4,6,9,33,0.2,2,3,2,2,1,258.76,1,16,3,3,2,2,18,1,1,3,3
4,6,9,34,1.8,1,2,1,1,1,248.76,1,3,1,1,1,1,15,3,3,2,2
4,6,9,35,1.8,2,2,2,2,1,201.44,1,8,3,1,2,2,3,3,3,2,2
4,6,9,36,0.2,1,1,1,1,1,458.28,0,19,1,1,1,1,16,3,3,3,3
4,6,9,37,0.8,1,1,1,1,1,212.08,1,7,3,1,3,1,14,3,1,3,1
4,6,9,38,0.4,1,1,1,1,1,258.67,1,10,1,1,1,1,11,1,1,1,1
4,6,9,39,1.8,3,2,2,2,1,232.82,1,7,1,3,3,1,3,3,1,2,2
4,6,9,40,0.8,3,1,2,2,1,225.17,1,1,3,3,1,1,14,1,3,1,3
4,6,9,41,0.8,1,3,1,1,1,230.55,1,20,1,1,1,1,7,1,3,3,1
4,6,9,42,0.4,1,2,1,1,1,234.8,1,3,3,3,3,3,10,3,3,2,2
4,6,9,43,0.2,2,3,2,2,1,238.27,1,6,1,1,2,2,20,1,3,3,1
4,6,9,44,0.4,1,2,1,1,1,258.49,1,18,3,1,3,1,20,1,3,2,2
4,6,9,45,0.2,3,1,2,2,1,248.86,1,16,1,1,3,3,15,3,1,3,1
4,6,9,46,1.8,1,2,1,1,1,236.01,1,9,1,3,1,3,9,3,1,2,2
4,6,9,47,0.8,2,1,2,2,1,228.27,1,13,1,3,2,2,13,1,3,1,3
4,6,9,48,1.8,3,3,2,2,1,230.02,1,8,1,3,3,1,13,1,3,3,1
4,6,9,49,0.8,1,2,1,1,1,238.78,1,10,1,3,1,3,18,3,1,2,2
4,6,9,50,0.1,1,3,1,1,1,244.99,1,6,1,1,1,1,3,1,1,3,3
4,6,9,51,1.8,1,2,1,1,1,227.62,1,4,1,3,1,3,1,1,3,2,2
4,6,9,52,0.1,1,1,1,1,1,310.71,0,10,3,3,3,3,16,3,1,3,1
4,6,9,53,0.4,1,2,1,1,1,210.49,1,4,1,3,1,3,11,1,1,2,2
4,6,9,54,0.2,3,2,2,2,1,227.9,1,9,3,3,1,1,4,1,3,2,2
4,6,9,55,0.1,1,3,1,1,1,284.44,1,6,1,1,1,1,12,3,3,1,1
4,6,9,56,0.8,1,2,1,1,1,448.56,0,17,1,3,1,3,9,1,3,2,2
4,6,9,57,0.05,3,3,2,2,1,298.02,1,20,1,1,3,3,1,3,1,1,3
4,6,9,58,0.4,1,1,1,1,1,265.88,1,9,3,1,3,1,13,3,1,3,1
4,6,9,59,0.4,3,1,2,2,1,244.93,1,15,1,3,3,1,12,1,3,1,3
4,6,9,60,0.05,1,2,1,1,1,334.31,0,7,1,1,1,1,3,3,3,2,2
4,6,9,61,0.4,1,1,1,1,1,260.68,1,8,1,3,1,3,17,1,3,1,3
4,6,9,62,0.2,2,3,2,2,1,265.77,1,14,3,3,2,2,17,3,3,1,1
4,6,9,63,0.4,1,2,1,1,1,216.53,1,13,3,1,3,1,2,1,1,2,2
4,6,9,64,1.8,1,2,1,1,1,226.98,1,13,1,1,1,1,15,1,1,2,2
4,6,9,65,0.2,1,1,1,1,1,229.43,1,3,3,3,3,3,8,3,3,3,3
4,6,9,66,0.8,3,1,2,2,1,230.81,1,16,3,1,1,3,20,1,3,1,3
4,6,9,67,1.8,2,2,2,2,1,82.299,2,12,1,3,2,2,7,1,3,2,2
4,6,9,68,0.8,1,2,1,1,1,235.88,1,16,3,1,3,1,14,3,3,2,2
4,6,9,69,0.2,3,2,2,2,1,219.91,1,20,3,3,1,1,8,1,1,2,2
4,6,9,70,1.8,1,1,1,1,1,223.63,1,5,1,1,1,1,9,1,3,1,3
4,6,9,71,0.4,1,2,1,1,1,222.06,1,1,1,1,1,1,15,3,1,2,2
4,6,9,72,0.4,2,2,2,1,0,265.43,1,1,1,3,2,2,20,3,1,2,2
4,6,9,73,0.1,1,1,1,1,1,260.75,1,1,3,1,3,1,11,1,1,1,1
4,6,9,74,0.1,2,1,2,1,0,307.13,0,15,3,3,2,2,6,3,1,3,1
4,6,9,75,0.1,1,1,1,1,1,266.31,1,19,3,1,3,1,12,1,1,1,1
4,6,9,76,0.8,1,2,1,1,1,270.94,1,1,1,1,1,1,2,1,1,2,2
4,6,9,77,0.2,3,1,2,2,1,246.93,1,1,1,3,3,1,7,1,3,1,3
4,6,9,78,0.05,1,3,1,1,1,285.49,1,5,1,1,1,1,5,3,3,1,1
4,6,10,1,0.1,1,1,1,1,1,276.7,1,11,1,3,1,3,2,1,3,1,3
4,6,10,2,0.4,2,3,2,2,1,245.94,1,14,1,1,2,2,10,1,1,3,3
4,6,10,3,1.8,3,3,2,1,0,233.45,1,20,3,1,1,3,20,1,3,3,1
4,6,10,4,0.2,1,2,1,1,1,227.69,1,18,3,3,3,3,12,1,3,2,2
4,6,10,5,0.1,3,2,2,2,1,233.67,1,10,3,3,1,1,7,1,3,2,2
4,6,10,6,0.2,2,1,2,2,1,208.64,1,11,1,3,2,2,7,1,3,1,3
4,6,10,7,0.2,1,3,1,1,1,252.6,1,6,3,1,3,1,9,3,3,1,1
4,6,10,8,0.8,2,3,2,2,1,254.6,1,18,3,3,2,2,15,3,1,1,3
4,6,10,9,0.05,2,1,2,2,1,291.42,1,14,1,1,2,2,5,3,3,3,3
4,6,10,10,0.2,1,1,1,1,1,139.1,1,8,3,3,3,3,16,3,3,3,3
4,6,10,11,0.8,1,3,1,2,0,249.7,1,6,1,1,1,1,14,3,1,1,3
4,6,10,12,0.4,3,1,2,2,1,262.82,1,19,1,1,3,3,11,1,3,1,3
4,6,10,13,0.05,1,2,1,1,1,287.56,1,11,3,3,3,3,17,3,3,2,2
4,6,10,14,0.1,2,1,2,1,0,285.34,1,8,1,1,2,2,16,1,1,1,1
4,6,10,15,1.8,1,2,1,2,0,216.49,1,15,3,3,3,3,16,3,3,2,2
4,6,10,16,0.1,1,1,1,1,1,303.2,0,12,1,3,1,3,3,3,3,3,3
4,6,10,17,0.1,1,3,1,1,1,246.7,1,2,3,3,3,3,9,3,1,1,3
4,6,10,18,1.8,1,1,1,1,1,297.72,1,8,3,1,3,1,12,3,3,3,3
4,6,10,19,0.2,2,1,2,2,1,463.79,0,13,3,1,2,2,17,1,1,1,1
4,6,10,20,0.4,3,1,2,2,1,225.49,1,15,1,3,3,1,15,3,1,3,1
4,6,10,21,1.8,3,2,2,2,1,224.13,1,9,3,1,1,3,20,1,1,2,2
4,6,10,22,0.2,1,2,1,1,1,227.2,1,1,1,1,1,1,20,3,1,2,2
4,6,10,23,0.2,1,3,1,1,1,258.62,1,6,3,3,3,3,19,1,1,3,3
4,6,10,24,0.8,2,1,2,1,0,236.7,1,20,3,1,2,2,8,1,1,1,1
4,6,10,25,0.05,1,1,1,1,1,279.23,1,5,1,3,1,3,19,3,3,3,3
4,6,10,26,0.4,1,2,1,1,1,-4.8029,2,10,3,3,3,3,7,3,1,2,2
4,6,10,27,0.05,2,3,2,1,0,320.98,0,5,3,1,2,2,16,1,1,3,3
4,6,10,28,0.1,1,2,1,1,1,248.56,1,18,1,1,1,1,18,3,3,2,2
4,6,10,29,1.8,3,3,2,2,1,224.64,1,17,1,3,3,1,3,1,3,3,1
4,6,10,30,0.05,2,3,2,1,0,305.4,0,20,3,1,2,2,2,1,3,3,1
4,6,10,31,0.8,1,1,1,1,1,228.3,1,20,3,3,3,3,7,3,3,3,3
4,6,10,32,0.2,1,3,1,1,1,218.3,1,16,3,3,3,3,1,1,3,3,1
4,6,10,33,0.8,1,3,1,1,1,230.74,1,19,1,1,1,1,12,1,1,3,3
4,6,10,34,1.8,1,3,1,1,1,251.68,1,9,1,1,1,1,9,1,3,3,1
4,6,10,35,0.8,1,1,1,1,1,254.49,1,4,1,1,1,1,20,3,3,3,3
4,6,10,36,1.8,1,1,1,1,1,243.63,1,17,1,3,1,3,17,3,3,3,3
4,6,10,37,0.1,1,2,1,1,1,275.01,1,17,3,1,3,1,16,3,3,2,2
4,6,10,38,0.05,2,2,2,1,0,317.8,0,17,1,1,2,2,4,1,3,2,2
4,6,10,39,0.4,3,2,2,2,1,220.45,1,6,3,1,1,3,8,3,1,2,2
4,6,10,40,0.2,1,2,1,1,1,227.65,1,5,1,3,1,3,12,1,1,2,2
4,6,10,41,0.05,1,1,1,1,1,270.53,1,17,1,3,1,3,9,3,1,3,1
4,6,10,42,0.4,2,1,2,2,1,235.42,1,17,3,3,2,2,18,1,3,1,3
4,6,10,43,0.8,3,2,2,2,1,262.71,1,4,3,3,1,1,16,3,3,2,2
4,6,10,44,0.05,1,2,1,1,1,320.14,0,6,3,3,3,3,6,3,1,2,2
4,6,10,45,0.1,1,3,1,1,1,246.14,1,8,1,1,1,1,4,3,1,1,3
4,6,10,46,0.1,2,3,2,2,1,292.3,1,2,3,3,2,2,12,3,1,1,3
4,6,10,47,0.05,3,1,2,2,1,307.26,0,4,1,1,3,3,9,3,3,3,3
4,6,10,48,0.05,3,1,2,2,1,275.86,1,2,3,3,1,1,8,1,3,1,3
4,6,10,49,0.8,3,3,2,2,1,212.43,1,9,3,1,1,3,12,1,1,3,3
4,6,10,50,0.2,1,3,1,1,1,239.82,1,8,1,3,1,3,6,1,1,3,3
4,6,10,51,0.2,3,1,2,2,1,270.87,1,20,1,3,3,1,17,3,3,3,3
4,6,10,52,0.05,1,2,1,1,1,277.21,1,6,1,1,1,1,5,3,3,2,2
4,6,10,53,1.8,1,3,1,2,0,205.48,1,7,1,3,1,3,4,1,1,3,3
4,6,10,54,0.4,3,2,2,2,1,243.87,1,20,3,1,1,3,2,3,3,2,2
4,6,10,55,1.8,1,2,1,1,1,228.06,1,20,3,1,3,1,20,3,1,2,2
4,6,10,56,0.1,1,2,1,1,1,250.95,1,16,1,3,1,3,2,3,1,2,2
4,6,10,57,1.8,1,1,NaN,NaN,NaN,NaN,NaN,10,1,3,1,3,19,3,3,3,3
4,6,10,58,0.4,2,1,2,2,1,228.78,1,10,1,3,2,2,7,1,3,1,3
4,6,10,59,0.2,3,1,2,2,1,227.24,1,7,1,1,3,3,12,3,1,3,1
4,6,10,60,1.8,1,2,1,1,1,202.96,1,19,3,1,3,1,1,3,3,2,2
4,6,10,61,0.4,3,2,2,2,1,237.6,1,14,1,1,3,3,7,3,1,2,2
4,6,10,62,0.8,3,3,2,2,1,226.22,1,20,1,1,3,3,8,3,3,1,1
4,6,10,63,0.1,1,1,1,1,1,240.01,1,13,1,1,1,1,13,1,1,1,1
4,6,10,64,0.05,1,3,1,1,1,284.99,1,17,1,3,1,3,18,3,1,1,3
4,6,10,65,0.1,2,3,2,1,0,265.32,1,10,1,3,2,2,6,3,3,1,1
4,6,10,66,0.1,1,1,1,1,1,236.3,1,3,1,3,1,3,20,1,1,1,1
4,6,10,67,1.8,2,3,2,2,1,237.82,1,3,3,3,2,2,3,3,1,1,3
4,6,10,68,0.8,1,2,1,1,1,220.3,1,4,3,1,3,1,13,1,1,2,2
4,6,10,69,0.8,1,3,1,1,1,294.04,1,15,1,3,1,3,8,1,1,3,3
4,6,10,70,0.05,1,3,1,1,1,294.87,1,7,3,3,3,3,1,1,3,3,1
4,6,10,71,0.4,3,1,2,2,1,232.91,1,16,1,3,3,1,7,1,3,1,3
4,6,10,72,0.8,1,1,1,1,1,449.79,0,15,1,1,1,1,3,1,1,1,1
4,6,10,73,0.4,1,2,1,1,1,222.94,1,17,1,3,1,3,10,1,3,2,2
4,6,10,74,1.8,2,3,2,1,0,428.18,0,12,3,1,2,2,9,3,3,1,1
4,6,10,75,0.2,1,3,1,1,1,197.39,1,13,3,1,3,1,10,1,1,3,3
4,6,10,76,0.8,1,2,1,1,1,212.24,1,5,3,3,3,3,12,3,3,2,2
4,6,10,77,0.4,2,3,2,2,1,190.84,1,14,1,1,2,2,17,3,3,1,1
4,6,10,78,0.4,1,1,1,1,1,241.08,1,4,1,3,1,3,16,3,3,3,3
