4,12,1,1,0.8,2,1,2,2,1,232.7,1,18,3,3,2,2,12,3,1,3,1
4,12,1,2,0.05,1,3,1,1,1,235.15,1,9,1,3,1,3,14,3,1,1,3
4,12,1,3,0.1,2,2,2,1,0,303.89,0,9,1,3,2,2,13,1,3,2,2
4,12,1,4,0.4,1,1,1,1,1,230.19,1,8,3,1,3,1,11,3,3,3,3
4,12,1,5,0.4,3,2,2,2,1,223.39,1,14,3,1,1,3,4,3,3,2,2
4,12,1,6,0.4,1,3,1,1,1,231.59,1,16,3,3,3,3,5,3,3,1,1
4,12,1,7,1.8,1,1,1,1,1,223.52,1,16,1,1,1,1,2,3,1,3,1
4,12,1,8,0.1,2,3,2,2,1,262.14,1,14,3,3,2,2,1,1,3,3,1
4,12,1,9,0.8,1,3,1,2,0,225.97,1,18,1,1,1,1,1,1,3,3,1
4,12,1,10,0.05,1,3,1,1,1,281.5,1,17,3,1,3,1,13,3,1,1,3
4,12,1,11,0.05,1,2,1,1,1,304.6,0,12,3,1,3,1,6,3,3,2,2
4,12,1,12,1.8,2,2,2,1,0,229.58,1,9,1,1,2,2,20,1,3,2,2
4,12,1,13,1.8,1,1,1,1,1,233.1,1,6,3,1,3,1,12,3,3,3,3
4,12,1,14,0.05,1,2,1,1,1,247.72,1,8,1,3,1,3,1,1,1,2,2
4,12,1,15,1.8,1,1,1,1,1,233.99,1,3,1,1,1,1,20,1,1,1,1
4,12,1,16,0.8,2,3,2,2,1,266.05,1,6,3,3,2,2,8,3,3,1,1
4,12,1,17,0.8,3,3,2,2,1,229.33,1,5,1,3,3,1,16,3,1,1,3
4,12,1,18,1.8,1,1,1,1,1,235.58,1,14,1,3,1,3,3,1,1,1,1
4,12,1,19,0.4,3,1,2,1,0,236.43,1,12,1,1,3,3,7,3,3,3,3
4,12,1,20,0.2,3,2,2,2,1,269.87,1,15,3,1,1,3,12,1,1,2,2
4,12,1,21,0.4,3,3,2,2,1,271.97,1,1,1,1,3,3,10,3,1,1,3
4,12,1,22,0.1,1,3,1,1,1,245.97,1,13,1,3,1,3,15,3,1,1,3
4,12,1,23,1.8,2,3,2,2,1,236.04,1,7,1,3,2,2,13,1,1,3,3
4,12,1,24,0.05,1,2,1,1,1,309.16,0,3,1,1,1,1,3,3,3,2,2
4,12,1,25,0.1,1,1,1,1,1,250.32,1,1,3,1,3,1,9,1,1,1,1
4,12,1,26,0.2,1,2,1,1,1,213.93,1,12,1,1,1,1,12,1,3,2,2
4,12,1,27,0.1,1,3,1,1,1,238.33,1,6,1,1,1,1,3,3,3,1,1
4,12,1,28,0.4,1,2,1,1,1,143.61,1,14,1,1,1,1,10,1,3,2,2
4,12,1,29,0.8,1,3,1,1,1,187.13,1,20,3,1,3,1,9,3,1,1,3
4,12,1,30,0.8,1,2,1,1,1,236.2,1,6,3,1,3,1,7,1,3,2,2
4,12,1,31,0.05,2,2,2,2,1,314.64,0,3,1,1,2,2,16,1,3,2,2
4,12,1,32,0.4,3,2,2,2,1,217.45,1,15,3,3,1,1,6,1,1,2,2
4,12,1,33,0.4,2,1,2,1,0,230.5,1,12,1,3,2,2,10,1,1,1,1
4,12,1,34,0.05,2,2,2,1,0,296.09,1,17,1,1,2,2,11,1,1,2,2
4,12,1,35,0.1,1,2,1,1,1,292.53,1,18,3,1,3,1,5,3,3,2,2
4,12,1,36,1.8,3,1,2,2,1,215.98,1,11,3,1,1,3,1,1,3,1,3
4,12,1,37,0.4,1,3,1,1,1,254.86,1,19,1,1,1,1,7,1,1,3,3
4,12,1,38,0.2,1,2,1,1,1,253.26,1,16,1,1,1,1,18,1,1,2,2
4,12,1,39,0.1,3,2,2,2,1,274.69,1,15,3,1,1,3,12,3,1,2,2
4,12,1,40,0.4,3,1,2,2,1,254.11,1,11,1,1,3,3,3,1,1,1,1
4,12,1,41,0.05,1,3,1,1,1,274.21,1,17,1,1,1,1,1,3,1,1,3
4,12,1,42,0.2,2,1,2,1,0,229.84,1,1,3,3,2,2,17,1,1,1,1
4,12,1,43,0.8,3,1,2,2,1,237.84,1,2,1,1,3,3,18,1,1,1,1
4,12,1,44,0.2,1,1,1,1,1,210.28,1,2,3,1,3,1,15,3,1,3,1
4,12,1,45,0.1,2,2,2,2,1,290.6,1,17,3,3,2,2,14,1,3,2,2
4,12,1,46,0.05,2,1,2,2,1,560.31,0,9,1,3,2,2,11,1,1,1,1
4,12,1,47,0.2,1,2,1,1,1,215.9,1,11,1,1,1,1,17,3,1,2,2
4,12,1,48,1.8,1,3,1,1,1,245.11,1,2,1,3,1,3,2,1,3,3,1
4,12,1,49,1.8,2,3,2,2,1,244.72,1,13,3,1,2,2,19,1,1,3,3
4,12,1,50,0.8,2,1,2,2,1,238.35,1,19,3,1,2,2,3,3,3,3,3
4,12,1,51,0.4,2,3,2,2,1,263.97,1,7,1,1,2,2,7,1,1,3,3
4,12,1,52,0.1,2,3,2,2,1,277.35,1,17,1,3,2,2,14,1,1,3,3
4,12,1,53,0.4,2,1,2,1,0,272.38,1,2,1,1,2,2,13,1,3,1,3
4,12,1,54,0.1,1,1,1,1,1,259.57,1,2,1,3,1,3,11,1,1,1,1
4,12,1,55,1.8,1,3,1,1,1,208.04,1,4,3,3,3,3,13,3,3,1,1
4,12,1,56,0.2,2,2,2,2,1,234.25,1,13,1,3,2,2,9,1,3,2,2
4,12,1,57,0.8,2,3,2,2,1,260.11,1,13,1,3,2,2,14,3,3,1,1
4,12,1,58,0.2,3,3,2,2,1,290.61,1,8,3,1,1,3,12,1,3,3,1
4,12,1,59,0.1,2,3,2,2,1,311.17,0,6,1,1,2,2,8,1,1,3,3
4,12,1,60,1.8,1,1,1,1,1,246.74,1,18,1,1,1,1,20,3,1,3,1
4,12,1,61,0.8,1,2,1,1,1,238.4,1,4,1,1,1,1,20,1,3,2,2
4,12,1,62,0.1,1,3,1,1,1,325.81,0,1,1,1,1,1,16,1,1,3,3
4,12,1,63,0.05,1,2,1,1,1,299.64,1,4,1,1,1,1,6,3,1,2,2
4,12,1,64,0.4,2,2,2,2,1,260.24,1,5,3,3,2,2,19,3,1,2,2
4,12,1,65,0.8,1,2,1,1,1,244.53,1,19,3,3,3,3,12,3,1,2,2
4,12,1,66,0.8,1,1,1,1,1,236.45,1,4,1,1,1,1,9,1,1,1,1
4,12,1,67,0.05,1,3,1,2,0,349,0,15,3,3,3,3,2,3,1,1,3
4,12,1,68,0.2,2,2,2,1,0,250.96,1,10,3,3,2,2,4,3,3,2,2
4,12,1,69,0.2,1,2,1,1,1,239.92,1,5,1,3,1,3,16,1,3,2,2
4,12,1,70,0.2,3,3,2,2,1,247,1,4,1,1,3,3,1,1,1,3,3
4,12,1,71,0.8,1,1,1,1,1,236.32,1,19,3,3,3,3,16,3,1,3,1
4,12,1,72,1.8,2,2,2,2,1,227.84,1,2,3,3,2,2,9,1,3,2,2
4,12,1,73,1.8,3,3,2,2,1,256.13,1,16,3,3,1,1,11,3,3,1,1
4,12,1,74,0.05,3,3,2,2,1,480.39,0,16,3,1,1,3,2,1,3,3,1
4,12,1,75,0.2,1,1,1,2,0,248.02,1,14,3,3,3,3,2,3,1,3,1
4,12,1,76,0.2,2,3,2,2,1,288.85,1,20,1,1,2,2,8,1,3,3,1
4,12,1,77,0.05,1,1,1,1,1,261.46,1,15,1,1,1,1,6,3,3,3,3
4,12,1,78,0.1,2,1,2,1,0,226.27,1,20,3,3,2,2,11,3,3,3,3
4,12,2,1,0.8,2,1,2,2,1,295.69,1,8,1,1,2,2,10,3,1,3,1
4,12,2,2,0.1,3,1,2,2,1,266.61,1,11,3,3,1,1,11,3,1,3,1
4,12,2,3,0.05,1,2,1,1,1,232.54,1,15,3,3,3,3,5,3,1,2,2
4,12,2,4,0.4,1,2,1,1,1,232.06,1,5,3,1,3,1,20,3,1,2,2
4,12,2,5,0.4,1,2,1,1,1,237.52,1,4,1,3,1,3,13,1,3,2,2
4,12,2,6,0.4,2,1,2,2,1,278.1,1,10,3,1,2,2,15,3,1,3,1
4,12,2,7,0.05,2,1,2,1,0,295.06,1,20,1,3,2,2,16,3,3,3,3
4,12,2,8,0.2,1,2,1,1,1,202.97,1,4,3,3,3,3,18,3,3,2,2
4,12,2,9,0.2,3,3,2,2,1,317.78,0,12,1,3,3,1,18,1,3,3,1
4,12,2,10,1.8,1,1,1,1,1,233.27,1,20,1,3,1,3,2,3,3,3,3
4,12,2,11,1.8,3,1,2,2,1,244.75,1,13,3,1,1,3,10,1,3,1,3
4,12,2,12,0.8,3,2,2,2,1,261.45,1,4,3,1,1,3,13,3,3,2,2
4,12,2,13,0.1,1,3,1,1,1,300.49,0,10,3,3,3,3,2,3,3,1,1
4,12,2,14,0.8,1,2,1,1,1,263.29,1,9,1,3,1,3,7,3,3,2,2
4,12,2,15,0.1,3,1,2,2,1,251.47,1,8,1,1,3,3,20,1,3,1,3
4,12,2,16,0.05,1,1,1,1,1,253.37,1,5,1,1,1,1,17,3,3,3,3
4,12,2,17,1.8,3,3,2,2,1,245.32,1,17,3,3,1,1,14,3,3,1,1
4,12,2,18,0.8,1,2,1,1,1,235.25,1,4,1,3,1,3,11,1,3,2,2
4,12,2,19,0.4,1,1,1,1,1,260.11,1,13,1,3,1,3,3,1,3,1,3
4,12,2,20,0.2,1,3,1,2,0,293.78,1,20,3,1,3,1,20,1,1,3,3
4,12,2,21,0.4,3,1,2,2,1,278.39,1,2,3,1,1,3,13,1,3,1,3
4,12,2,22,0.1,1,1,1,1,1,276.54,1,13,1,3,1,3,8,1,1,1,1
4,12,2,23,0.05,2,1,2,1,0,293.92,1,7,3,1,2,2,17,3,3,3,3
4,12,2,24,0.4,1,2,1,1,1,238.46,1,8,3,1,3,1,19,3,1,2,2
4,12,2,25,0.8,1,2,1,1,1,228.98,1,7,1,3,1,3,19,1,1,2,2
4,12,2,26,0.2,2,3,2,2,1,339.06,0,6,1,3,2,2,11,3,1,1,3
4,12,2,27,0.8,3,3,2,2,1,256.26,1,8,1,3,3,1,2,1,3,3,1
4,12,2,28,0.8,3,1,2,2,1,282.62,1,17,3,3,1,1,18,1,1,1,1
4,12,2,29,0.2,1,3,1,1,1,233.47,1,8,3,3,3,3,15,3,3,1,1
4,12,2,30,0.4,3,2,2,2,1,268.37,1,5,3,3,1,1,4,1,3,2,2
4,12,2,31,0.1,1,2,1,1,1,280.75,1,4,1,1,1,1,8,1,3,2,2
4,12,2,32,0.2,3,2,2,2,1,254.37,1,1,1,1,3,3,2,1,1,2,2
4,12,2,33,0.05,2,1,2,1,0,288.8,1,20,1,1,2,2,7,1,3,1,3
4,12,2,34,0.4,1,1,1,1,1,247.41,1,20,3,1,3,1,8,3,1,3,1
4,12,2,35,0.05,1,3,1,1,1,289.62,1,11,3,3,3,3,1,1,1,3,3
4,12,2,36,0.4,2,1,2,2,1,483.82,0,20,3,3,2,2,18,1,1,1,1
4,12,2,37,0.1,1,3,1,1,1,312.8,0,16,1,1,1,1,3,3,3,1,1
4,12,2,38,0.05,2,2,2,1,0,285.07,1,7,3,1,2,2,2,3,3,2,2
4,12,2,39,1.8,1,2,1,1,1,249.51,1,1,3,1,3,1,4,3,1,2,2
4,12,2,40,0.2,1,1,1,1,1,228.39,1,3,3,3,3,3,9,1,3,1,3
4,12,2,41,0.05,3,2,2,2,1,299.49,1,6,3,1,1,3,8,1,1,2,2
4,12,2,42,1.8,1,3,1,1,1,235.87,1,13,3,3,3,3,8,3,1,1,3
4,12,2,43,1.8,1,1,1,1,1,260.18,1,4,3,1,3,1,2,3,3,3,3
4,12,2,44,0.8,1,3,1,1,1,216.32,1,3,3,1,3,1,9,3,3,1,1
4,12,2,45,0.1,1,2,1,1,1,275.69,1,9,1,1,1,1,3,1,3,2,2
4,12,2,46,0.2,1,2,1,1,1,254.6,1,18,1,3,1,3,17,3,1,2,2
4,12,2,47,1.8,1,2,1,1,1,252.97,1,18,1,1,1,1,19,3,1,2,2
4,12,2,48,1.8,1,1,1,1,1,237.72,1,4,1,1,1,1,5,1,3,1,3
4,12,2,49,1.8,1,1,1,1,1,255.98,1,9,1,1,1,1,5,3,1,3,1
4,12,2,50,0.1,1,3,1,1,1,330.45,0,13,3,3,3,3,2,1,1,3,3
4,12,2,51,1.8,2,2,2,2,1,244.89,1,15,1,1,2,2,14,1,1,2,2
4,12,2,52,0.4,1,3,1,1,1,245.38,1,20,1,3,1,3,11,1,3,3,1
4,12,2,53,0.8,1,1,1,1,1,219.15,1,3,3,3,3,3,20,1,1,1,1
4,12,2,54,0.2,2,2,2,2,1,319.65,0,11,3,1,2,2,13,3,3,2,2
4,12,2,55,0.8,3,3,2,2,1,225.18,1,15,1,3,3,1,7,3,3,1,1
4,12,2,56,1.8,3,3,2,2,1,262.79,1,1,1,3,3,1,16,1,1,3,3
4,12,2,57,0.05,1,1,1,1,1,287.26,1,10,3,3,3,3,16,3,1,3,1
4,12,2,58,0.4,2,1,2,2,1,256.87,1,1,3,1,2,2,15,3,1,3,1
4,12,2,59,0.8,3,1,2,2,1,236.87,1,20,3,3,1,1,15,1,1,1,1
4,12,2,60,0.1,3,2,2,2,1,383.7,0,15,3,1,1,3,8,3,3,2,2
4,12,2,61,0.05,1,2,1,1,1,296.72,1,16,1,3,1,3,18,1,1,2,2
4,12,2,62,0.2,1,1,1,1,1,206.34,1,8,1,1,1,1,15,1,1,1,1
4,12,2,63,0.2,1,2,1,1,1,248.34,1,11,1,1,1,1,20,3,1,2,2
4,12,2,64,1.8,1,2,1,1,1,268.23,1,10,1,1,1,1,19,1,3,2,2
4,12,2,65,0.1,2,2,2,2,1,221.39,1,2,1,3,2,2,17,3,3,2,2
4,12,2,66,0.2,3,2,2,2,1,217.92,1,11,1,1,3,3,13,1,1,2,2
4,12,2,67,0.2,1,2,1,1,1,257.99,1,5,1,1,1,1,14,1,3,2,2
4,12,2,68,0.05,1,3,1,1,1,253.25,1,4,1,3,1,3,7,1,3,3,1
4,12,2,69,0.05,3,1,2,2,1,300.08,0,2,3,3,1,1,19,3,3,3,3
4,12,2,70,0.8,1,3,1,2,0,275.7,1,6,3,1,3,1,16,1,3,3,1
4,12,2,71,0.4,1,1,1,1,1,263.56,1,5,1,3,1,3,3,1,1,1,1
4,12,2,72,0.8,1,2,1,1,1,228.78,1,17,1,3,1,3,9,3,3,2,2
4,12,2,73,0.1,1,2,1,1,1,239.7,1,5,1,3,1,3,8,3,1,2,2
4,12,2,74,1.8,2,3,2,2,1,311.61,0,5,3,3,2,2,20,3,3,1,1
4,12,2,75,0.05,3,1,2,2,1,307.24,0,2,3,1,1,3,1,3,3,3,3
4,12,2,76,0.1,1,2,1,1,1,307.76,0,14,3,3,3,3,20,1,1,2,2
4,12,2,77,0.4,1,2,1,1,1,243.03,1,3,1,3,1,3,8,1,3,2,2
4,12,2,78,0.1,1,2,1,1,1,259.73,1,8,3,1,3,1,2,1,1,2,2
4,12,3,1,0.1,2,2,2,2,1,287.38,1,3,3,3,2,2,8,3,1,2,2
4,12,3,2,0.2,2,1,2,1,0,214.18,1,3,1,3,2,2,10,3,3,3,3
4,12,3,3,0.05,1,3,1,1,1,271.36,1,11,3,3,3,3,10,3,3,1,1
4,12,3,4,0.8,1,1,1,1,1,242.57,1,7,3,1,3,1,1,1,3,1,3
4,12,3,5,0.2,2,1,2,1,0,249.38,1,4,3,1,2,2,7,1,1,1,1
4,12,3,6,0.4,1,3,1,1,1,254.01,1,16,1,3,1,3,12,1,3,3,1
4,12,3,7,0.2,1,3,1,1,1,231.58,1,11,1,1,1,1,5,1,1,3,3
4,12,3,8,1.8,1,1,1,1,1,233.22,1,2,3,3,3,3,12,1,3,1,3
4,12,3,9,0.2,2,1,2,2,1,240.75,1,20,3,3,2,2,6,3,3,3,3
4,12,3,10,0.4,2,3,2,2,1,232.79,1,5,3,3,2,2,18,3,3,1,1
4,12,3,11,0.1,3,1,2,2,1,333.71,0,8,3,3,1,1,19,3,3,3,3
4,12,3,12,0.2,1,2,1,1,1,222.2,1,8,3,3,3,3,2,1,3,2,2
4,12,3,13,1.8,3,3,2,2,1,261.09,1,2,1,1,3,3,9,1,3,3,1
4,12,3,14,0.8,1,2,1,1,1,222.31,1,6,1,1,1,1,7,1,1,2,2
4,12,3,15,0.8,2,2,2,2,1,263.42,1,14,1,1,2,2,10,3,1,2,2
4,12,3,16,1.8,3,2,2,2,1,250.32,1,2,3,3,1,1,7,3,1,2,2
4,12,3,17,1.8,3,3,2,2,1,296.69,1,14,3,3,1,1,14,1,1,3,3
4,12,3,18,0.4,3,2,2,2,1,251.84,1,3,1,3,3,1,4,3,3,2,2
4,12,3,19,1.8,3,3,2,2,1,287.21,1,1,1,1,3,3,20,3,1,1,3
4,12,3,20,0.1,1,3,1,1,1,243.45,1,5,3,3,3,3,2,3,3,1,1
4,12,3,21,0.1,1,2,1,1,1,241.9,1,7,1,1,1,1,5,3,3,2,2
4,12,3,22,1.8,2,1,2,2,1,283.27,1,20,3,3,2,2,7,3,3,3,3
4,12,3,23,0.4,2,3,2,2,1,287.13,1,1,3,1,2,2,14,3,3,1,1
4,12,3,24,1.8,1,2,1,1,1,262.58,1,14,1,3,1,3,12,1,1,2,2
4,12,3,25,0.2,3,1,2,2,1,255.39,1,5,3,3,1,1,12,1,3,1,3
4,12,3,26,0.05,1,1,1,1,1,253.88,1,2,3,1,3,1,13,3,3,3,3
4,12,3,27,0.8,1,1,NaN,NaN,NaN,NaN,NaN,1,3,1,3,1,8,1,1,1,1
4,12,3,28,0.4,2,3,2,1,0,228.2,1,20,3,1,2,2,20,1,1,3,3
4,12,3,29,0.8,3,3,2,2,1,238.13,1,9,3,1,1,3,7,3,3,1,1
4,12,3,30,0.05,2,2,2,2,1,328.58,0,5,3,3,2,2,8,3,1,2,2
4,12,3,31,0.8,3,1,2,2,1,281.53,1,15,1,1,3,3,13,3,3,3,3
4,12,3,32,0.4,1,3,1,1,1,226.67,1,1,3,1,3,1,20,3,1,1,3
4,12,3,33,0.8,1,2,1,1,1,269.28,1,17,1,1,1,1,12,3,1,2,2
4,12,3,34,0.05,3,3,2,2,1,316.18,0,9,3,1,1,3,11,1,3,3,1
4,12,3,35,0.4,1,2,1,2,0,244.01,1,3,3,1,3,1,9,1,1,2,2
4,12,3,36,0.2,2,3,2,2,1,279.38,1,8,1,1,2,2,6,1,1,3,3
4,12,3,37,0.4,2,2,2,2,1,393.05,0,18,1,3,2,2,6,3,1,2,2
4,12,3,38,0.05,3,1,2,2,1,279.4,1,16,3,3,1,1,18,1,1,1,1
4,12,3,39,0.1,3,2,2,2,1,286.85,1,18,1,1,3,3,9,3,1,2,2
4,12,3,40,0.05,1,2,1,1,1,264.77,1,5,1,3,1,3,19,3,1,2,2
4,12,3,41,0.1,1,1,1,1,1,278.18,1,18,1,1,1,1,13,1,3,1,3
4,12,3,42,1.8,1,2,1,2,0,235.59,1,9,3,3,3,3,3,3,3,2,2
4,12,3,43,1.8,1,1,1,1,1,253.38,1,20,1,3,1,3,10,3,1,3,1
4,12,3,44,0.2,2,3,2,2,1,254.84,1,19,3,1,2,2,2,3,3,1,1
4,12,3,45,0.1,2,2,2,1,0,240.23,1,11,1,1,2,2,2,3,1,2,2
4,12,3,46,0.1,2,1,2,2,1,307.35,0,15,3,1,2,2,18,3,3,3,3
4,12,3,47,0.4,1,1,1,1,1,215.84,1,12,1,1,1,1,14,1,1,1,1
4,12,3,48,0.2,1,2,1,1,1,253.31,1,8,3,1,3,1,14,1,3,2,2
4,12,3,49,0.4,1,2,1,1,1,218.62,1,17,1,3,1,3,14,1,3,2,2
4,12,3,50,0.8,3,2,2,2,1,254.48,1,3,1,1,3,3,6,3,3,2,2
4,12,3,51,0.1,1,2,1,1,1,276.7,1,5,1,3,1,3,6,1,1,2,2
4,12,3,52,0.05,2,3,2,1,0,306.14,0,7,1,1,2,2,6,1,3,3,1
4,12,3,53,0.05,1,1,1,1,1,300.22,0,1,3,1,3,1,5,3,3,3,3
4,12,3,54,0.8,2,1,2,2,1,250.95,1,19,1,3,2,2,13,1,1,1,1
4,12,3,55,0.1,1,3,1,1,1,229.93,1,1,3,1,3,1,19,1,1,3,3
4,12,3,56,0.2,3,1,2,2,1,248.49,1,1,3,3,1,1,6,3,3,3,3
4,12,3,57,0.1,1,1,1,1,1,257.54,1,16,1,1,1,1,5,3,3,3,3
4,12,3,58,1.8,1,3,1,1,1,235.22,1,14,1,1,1,1,17,3,1,1,3
4,12,3,59,0.05,3,1,2,2,1,348.84,0,10,3,1,1,3,20,3,3,3,3
4,12,3,60,0.8,2,1,2,2,1,268.25,1,14,3,3,2,2,19,3,3,3,3
4,12,3,61,0.05,3,2,2,2,1,304.11,0,6,1,3,3,1,20,1,3,2,2
4,12,3,62,0.4,2,1,2,2,1,234.32,1,14,1,1,2,2,10,3,1,3,1
4,12,3,63,0.05,3,2,2,2,1,590.33,0,3,1,3,3,1,10,3,3,2,2
4,12,3,64,0.2,1,3,1,1,1,219.85,1,10,1,3,1,3,9,3,1,1,3
4,12,3,65,0.05,3,1,2,2,1,364.51,0,18,3,3,1,1,16,1,1,1,1
4,12,3,66,1.8,1,3,1,1,1,203.89,1,3,1,3,1,3,15,3,3,1,1
4,12,3,67,0.2,3,1,2,2,1,229.15,1,18,3,3,1,1,11,3,3,3,3
4,12,3,68,0.2,2,2,2,2,1,246.04,1,16,3,1,2,2,17,3,1,2,2
4,12,3,69,1.8,1,1,1,1,1,228.91,1,16,3,1,3,1,11,3,3,3,3
4,12,3,70,0.05,3,2,2,2,1,344.12,0,16,1,1,3,3,17,3,3,2,2
4,12,3,71,0.1,3,3,2,2,1,273.3,1,9,3,1,1,3,9,3,3,1,1
4,12,3,72,0.8,2,2,NaN,NaN,NaN,NaN,NaN,9,3,3,2,2,6,3,3,2,2
4,12,3,73,0.1,1,2,1,1,1,243.68,1,7,1,3,1,3,1,1,3,2,2
4,12,3,74,0.4,1,2,1,1,1,224.51,1,11,3,3,3,3,18,1,3,2,2
4,12,3,75,1.8,2,1,2,1,0,258.54,1,20,3,1,2,2,19,3,1,3,1
4,12,3,76,0.4,1,2,1,1,1,250.09,1,19,1,1,1,1,12,3,1,2,2
4,12,3,77,0.8,3,2,2,2,1,251.23,1,12,3,1,1,3,19,3,3,2,2
4,12,3,78,0.8,2,3,2,2,1,255.19,1,16,1,3,2,2,20,3,3,1,1
4,12,4,1,0.1,1,1,1,1,1,279.28,1,19,3,3,3,3,19,3,3,3,3
4,12,4,2,0.05,2,2,2,2,1,307.55,0,1,3,3,2,2,2,1,3,2,2
4,12,4,3,0.2,2,2,2,2,1,246.72,1,16,1,3,2,2,6,1,3,2,2
4,12,4,4,0.05,1,3,1,1,1,285.39,1,4,3,3,3,3,12,1,3,3,1
4,12,4,5,0.8,1,2,1,1,1,236.87,1,1,1,3,1,3,3,1,3,2,2
4,12,4,6,0.1,3,1,2,2,1,301.17,0,14,1,1,3,3,5,1,3,1,3
4,12,4,7,0.1,1,1,1,1,1,239.61,1,12,1,3,1,3,20,3,3,3,3
4,12,4,8,0.4,1,3,1,1,1,225.53,1,17,3,3,3,3,3,3,1,1,3
4,12,4,9,1.8,1,1,1,2,0,247.63,1,13,3,3,3,3,12,3,3,3,3
4,12,4,10,0.1,1,2,1,1,1,252.2,1,1,3,3,3,3,7,3,3,2,2
4,12,4,11,0.2,3,3,2,2,1,262.7,1,1,1,3,3,1,3,1,1,3,3
4,12,4,12,0.8,1,1,1,1,1,241.39,1,20,3,3,3,3,8,3,3,3,3
4,12,4,13,0.2,2,1,2,2,1,477.83,0,16,1,3,2,2,12,1,3,1,3
4,12,4,14,0.2,2,2,2,1,0,255.2,1,9,1,1,2,2,20,3,1,2,2
4,12,4,15,0.1,2,1,2,1,0,302.88,0,12,3,1,2,2,6,3,1,3,1
4,12,4,16,0.2,1,3,1,1,1,261.02,1,5,1,3,1,3,6,1,3,3,1
4,12,4,17,0.1,1,1,1,1,1,296.29,1,1,1,3,1,3,12,1,1,1,1
4,12,4,18,0.8,3,3,2,2,1,295.56,1,1,3,1,1,3,2,1,1,3,3
4,12,4,19,0.8,3,2,2,2,1,294.66,1,6,1,3,3,1,1,1,3,2,2
4,12,4,20,0.2,1,1,1,1,1,230.82,1,3,3,3,3,3,4,1,1,1,1
4,12,4,21,0.05,1,3,1,1,1,264.56,1,17,3,3,3,3,11,3,3,1,1
4,12,4,22,0.4,1,2,1,1,1,266.84,1,1,1,3,1,3,16,1,1,2,2
4,12,4,23,0.1,1,2,1,1,1,275.27,1,6,3,1,3,1,7,3,3,2,2
4,12,4,24,0.05,2,1,2,1,0,297.29,1,8,3,1,2,2,14,3,3,3,3
4,12,4,25,0.05,2,1,2,2,1,301.3,0,6,3,3,2,2,9,1,1,1,1
4,12,4,26,1.8,3,2,2,2,1,280.97,1,2,1,3,3,1,15,3,3,2,2
4,12,4,27,0.05,1,3,1,1,1,233.42,1,5,3,3,3,3,16,3,1,1,3
4,12,4,28,0.2,1,2,1,2,0,299.95,1,15,1,3,1,3,14,3,3,2,2
4,12,4,29,0.2,2,1,2,2,1,267.17,1,16,1,1,2,2,5,1,3,1,3
4,12,4,30,0.4,1,3,1,2,0,278.21,1,12,3,1,3,1,3,3,3,1,1
4,12,4,31,0.4,1,2,1,1,1,252.12,1,19,1,1,1,1,4,1,1,2,2
4,12,4,32,0.2,3,1,2,2,1,227.33,1,1,3,1,1,3,5,3,3,3,3
4,12,4,33,0.1,1,3,1,1,1,270.26,1,1,3,3,3,3,12,3,1,1,3
4,12,4,34,0.2,1,3,1,1,1,252.84,1,17,1,1,1,1,13,1,3,3,1
4,12,4,35,1.8,1,3,1,1,1,250.41,1,2,1,1,1,1,8,1,3,3,1
4,12,4,36,0.2,3,2,2,2,1,259.71,1,10,3,3,1,1,19,1,1,2,2
4,12,4,37,1.8,1,1,1,1,1,263.22,1,7,1,1,1,1,15,1,1,1,1
4,12,4,38,1.8,2,2,2,2,1,241.17,1,12,3,1,2,2,1,1,3,2,2
4,12,4,39,0.05,1,3,1,1,1,261.85,1,12,1,1,1,1,4,1,3,3,1
4,12,4,40,1.8,1,1,1,1,1,245.49,1,16,1,1,1,1,11,3,1,3,1
4,12,4,41,0.8,2,1,2,1,0,236.8,1,12,1,1,2,2,13,3,3,3,3
4,12,4,42,1.8,3,2,2,2,1,256.62,1,20,1,1,3,3,14,3,1,2,2
4,12,4,43,0.1,1,1,1,1,1,229.87,1,14,3,1,3,1,7,1,3,1,3
4,12,4,44,1.8,2,2,2,2,1,239.44,1,10,3,3,2,2,7,3,1,2,2
4,12,4,45,0.8,1,1,1,1,1,263.75,1,17,3,3,3,3,7,1,3,1,3
4,12,4,46,0.4,1,3,1,1,1,232.21,1,5,3,1,3,1,4,3,1,1,3
4,12,4,47,0.4,1,2,1,1,1,253.71,1,14,1,3,1,3,14,1,3,2,2
4,12,4,48,0.05,1,3,1,1,1,313.75,0,19,3,1,3,1,14,1,3,3,1
4,12,4,49,0.1,1,1,1,1,1,300.1,0,9,1,3,1,3,9,1,3,1,3
4,12,4,50,0.8,1,1,1,1,1,240.06,1,6,1,1,1,1,9,1,3,1,3
4,12,4,51,0.8,1,1,1,1,1,193.99,1,16,3,1,3,1,3,1,3,1,3
4,12,4,52,0.8,1,2,1,2,0,253.73,1,19,3,3,3,3,1,3,1,2,2
4,12,4,53,0.4,3,1,2,2,1,265.17,1,20,3,1,1,3,8,1,3,1,3
4,12,4,54,0.8,3,2,2,2,1,246.67,1,1,1,1,3,3,17,1,3,2,2
4,12,4,55,1.8,1,3,1,1,1,266.38,1,19,3,1,3,1,15,1,3,3,1
4,12,4,56,0.05,3,3,2,1,0,286.04,1,8,3,1,1,3,12,1,3,3,1
4,12,4,57,0.4,1,3,1,1,1,276.8,1,5,3,3,3,3,4,1,3,3,1
4,12,4,58,0.2,1,3,1,2,0,294.76,1,5,1,1,1,1,19,1,1,3,3
4,12,4,59,0.8,3,2,2,2,1,271.77,1,13,1,1,3,3,6,1,3,2,2
4,12,4,60,0.8,1,3,1,2,0,273.86,1,18,3,1,3,1,10,3,1,1,3
4,12,4,61,0.4,1,1,1,1,1,230.15,1,3,1,3,1,3,16,1,3,1,3
4,12,4,62,0.8,2,1,2,2,1,247.79,1,1,1,3,2,2,20,1,1,1,1
4,12,4,63,1.8,2,3,2,2,1,261.7,1,8,1,3,2,2,6,1,3,3,1
4,12,4,64,0.4,2,3,2,2,1,287.36,1,15,3,3,2,2,13,1,3,3,1
4,12,4,65,0.1,2,2,2,2,1,317.6,0,6,3,3,2,2,19,3,1,2,2
4,12,4,66,0.05,1,1,1,1,1,290.98,1,19,3,3,3,3,16,3,3,3,3
4,12,4,67,0.05,1,3,1,1,1,294.15,1,5,3,1,3,1,15,1,1,3,3
4,12,4,68,1.8,2,2,2,2,1,250.7,1,7,3,1,2,2,16,1,1,2,2
4,12,4,69,0.4,3,2,2,2,1,272.62,1,7,3,3,1,1,4,3,1,2,2
4,12,4,70,0.05,1,3,1,1,1,351,0,10,1,3,1,3,11,1,1,3,3
4,12,4,71,1.8,1,3,1,2,0,274.16,1,1,1,1,1,1,16,1,3,3,1
4,12,4,72,1.8,1,2,NaN,NaN,NaN,NaN,NaN,9,1,1,1,1,5,3,3,2,2
4,12,4,73,0.1,1,3,1,1,1,233.79,1,16,3,1,3,1,7,1,3,3,1
4,12,4,74,0.2,1,1,1,1,1,227.98,1,7,3,3,3,3,19,3,1,3,1
4,12,4,75,0.1,3,1,2,2,1,549.51,0,6,1,3,3,1,7,1,3,1,3
4,12,4,76,0.05,2,3,2,1,0,291.93,1,8,3,1,2,2,1,1,3,3,1
4,12,4,77,0.4,2,2,2,2,1,325.51,0,3,1,3,2,2,15,1,3,2,2
4,12,4,78,0.4,1,1,1,1,1,241.65,1,13,3,3,3,3,20,3,3,3,3
4,12,5,1,0.2,3,3,2,2,1,239.55,1,10,3,3,1,1,10,3,3,1,1
4,12,5,2,0.2,1,2,1,1,1,195.64,1,14,1,1,1,1,5,1,1,2,2
4,12,5,3,1.8,2,1,2,1,0,238.8,1,13,3,1,2,2,14,1,1,1,1
4,12,5,4,1.8,2,3,2,1,0,219.67,1,1,1,1,2,2,13,3,3,1,1
4,12,5,5,0.2,2,2,2,2,1,274.21,1,19,3,3,2,2,4,3,3,2,2
4,12,5,6,0.1,2,1,2,1,0,273.47,1,16,1,3,2,2,4,1,1,1,1
4,12,5,7,0.2,1,3,1,1,1,210.95,1,18,1,1,1,1,9,1,3,3,1
4,12,5,8,1.8,1,1,1,1,1,226.6,1,19,1,3,1,3,2,1,3,1,3
4,12,5,9,1.8,1,2,1,1,1,204.95,1,20,1,3,1,3,10,1,3,2,2
4,12,5,10,0.4,2,1,2,2,1,272.77,1,16,1,3,2,2,8,3,3,3,3
4,12,5,11,0.4,1,2,1,1,1,182.34,1,11,1,3,1,3,16,3,1,2,2
4,12,5,12,0.2,2,2,2,2,1,302.87,0,19,3,3,2,2,3,1,3,2,2
4,12,5,13,0.8,1,2,1,1,1,241.82,1,16,1,3,1,3,5,3,1,2,2
4,12,5,14,0.4,1,1,1,1,1,252.21,1,2,3,3,3,3,8,1,1,1,1
4,12,5,15,1.8,1,3,1,1,1,251.44,1,19,3,1,3,1,1,1,1,3,3
4,12,5,16,0.2,1,2,1,1,1,240.99,1,1,1,3,1,3,9,1,1,2,2
4,12,5,17,0.4,1,1,1,1,1,248.94,1,13,3,3,3,3,17,1,1,1,1
4,12,5,18,0.4,2,3,2,2,1,314.02,0,13,1,1,2,2,6,3,1,1,3
4,12,5,19,1.8,3,3,2,2,1,257.84,1,5,3,3,1,1,18,1,3,3,1
4,12,5,20,0.4,2,3,2,2,1,273.88,1,3,1,1,2,2,11,3,3,1,1
4,12,5,21,0.2,2,1,2,2,1,268.67,1,5,3,3,2,2,1,3,1,3,1
4,12,5,22,0.1,1,1,1,1,1,293.89,1,16,3,3,3,3,17,1,1,1,1
4,12,5,23,0.05,1,1,1,1,1,284.2,1,12,1,3,1,3,17,1,3,1,3
4,12,5,24,0.05,1,3,1,2,0,448.47,0,9,1,3,1,3,9,1,3,3,1
4,12,5,25,0.8,2,3,2,2,1,260.97,1,12,3,3,2,2,4,3,1,1,3
4,12,5,26,0.8,1,3,1,1,1,84.61,2,2,3,3,3,3,3,3,3,1,1
4,12,5,27,0.8,1,2,1,1,1,281.25,1,2,3,1,3,1,20,3,3,2,2
4,12,5,28,1.8,2,1,2,2,1,267.87,1,5,3,3,2,2,19,3,1,3,1
4,12,5,29,0.1,2,1,2,1,0,254.04,1,1,1,3,2,2,14,1,1,1,1
4,12,5,30,0.2,3,2,2,2,1,240.14,1,17,3,1,1,3,18,1,1,2,2
4,12,5,31,0.1,1,3,1,1,1,272.91,1,9,1,3,1,3,5,3,3,1,1
4,12,5,32,1.8,1,1,1,1,1,251.05,1,17,3,1,3,1,13,3,3,3,3
4,12,5,33,0.2,2,2,2,2,1,232.12,1,20,3,3,2,2,3,1,3,2,2
4,12,5,34,0.2,1,1,1,1,1,263.07,1,3,1,1,1,1,16,3,1,3,1
4,12,5,35,0.05,1,3,1,1,1,282.24,1,14,3,3,3,3,19,3,1,1,3
4,12,5,36,0.05,1,1,1,1,1,319.2,0,3,1,3,1,3,3,1,1,1,1
4,12,5,37,0.05,2,3,2,1,0,292.49,1,19,1,3,2,2,16,3,1,1,3
4,12,5,38,0.1,1,3,1,1,1,349.23,0,10,1,3,1,3,9,3,1,1,3
4,12,5,39,0.05,1,2,1,1,1,296.5,1,12,1,1,1,1,11,3,3,2,2
4,12,5,40,0.1,3,1,2,1,0,296.12,1,12,3,3,1,1,2,3,3,3,3
4,12,5,41,0.05,2,1,2,1,0,291.75,1,19,3,3,2,2,14,1,1,1,1
4,12,5,42,1.8,1,3,1,1,1,259.17,1,13,1,1,1,1,11,1,1,3,3
4,12,5,43,0.05,1,2,1,1,1,311.21,0,20,1,1,1,1,5,1,1,2,2
4,12,5,44,0.4,1,2,1,1,1,276.93,1,8,1,3,1,3,14,3,3,2,2
4,12,5,45,0.8,3,1,2,2,1,291.17,1,16,3,3,1,1,14,3,3,3,3
4,12,5,46,0.8,2,1,2,2,1,257.82,1,20,1,3,2,2,18,1,3,1,3
4,12,5,47,0.2,1,1,1,1,1,231.75,1,3,3,3,3,3,20,3,3,3,3
4,12,5,48,0.4,1,2,1,1,1,243.63,1,16,3,1,3,1,5,1,3,2,2
4,12,5,49,0.8,1,2,1,1,1,228.3,1,1,3,1,3,1,2,3,3,2,2
4,12,5,50,1.8,2,2,2,2,1,253.05,1,1,3,1,2,2,13,1,1,2,2
4,12,5,51,0.4,1,1,1,1,1,243.73,1,16,3,1,3,1,19,3,3,3,3
4,12,5,52,0.05,2,3,2,1,0,361.97,0,4,1,1,2,2,4,1,1,3,3
4,12,5,53,0.4,1,2,1,1,1,296.52,1,16,1,3,1,3,16,3,1,2,2
4,12,5,54,0.4,1,3,1,1,1,247.56,1,19,1,3,1,3,16,3,1,1,3
4,12,5,55,0.1,2,1,2,1,0,330.92,0,1,1,1,2,2,18,1,1,1,1
4,12,5,56,0.2,3,1,2,2,1,331.39,0,16,3,3,1,1,14,1,3,1,3
4,12,5,57,0.1,1,2,1,1,1,245.55,1,20,3,3,3,3,2,1,1,2,2
4,12,5,58,1.8,3,2,2,2,1,513.98,0,3,3,1,1,3,11,1,3,2,2
4,12,5,59,0.1,2,1,2,1,0,313.23,0,13,1,1,2,2,1,3,3,3,3
4,12,5,60,0.1,2,3,2,2,1,307.97,0,8,1,1,2,2,20,1,3,3,1
4,12,5,61,0.8,3,3,2,2,1,293.31,1,14,1,3,3,1,3,3,1,1,3
4,12,5,62,1.8,3,3,2,2,1,229.64,1,15,1,1,3,3,9,1,3,3,1
4,12,5,63,0.4,2,3,2,2,1,291.81,1,9,1,1,2,2,6,1,3,3,1
4,12,5,64,0.1,3,1,2,2,1,398.93,0,10,3,1,1,3,1,3,3,3,3
4,12,5,65,0.8,1,3,1,1,1,233.66,1,15,1,1,1,1,10,3,1,1,3
4,12,5,66,0.8,1,2,1,1,1,225.48,1,16,3,1,3,1,14,3,3,2,2
4,12,5,67,0.05,1,2,1,1,1,272.38,1,3,1,1,1,1,2,3,1,2,2
4,12,5,68,0.4,2,2,2,2,1,249.68,1,11,3,3,2,2,10,3,1,2,2
4,12,5,69,0.05,2,1,2,1,0,268.62,1,15,3,3,2,2,2,1,1,1,1
4,12,5,70,0.8,1,2,1,1,1,217.03,1,18,3,3,3,3,13,1,3,2,2
4,12,5,71,0.8,1,1,1,1,1,250.26,1,11,1,3,1,3,1,3,1,3,1
4,12,5,72,0.8,1,1,1,1,1,263.55,1,3,1,1,1,1,16,1,3,1,3
4,12,5,73,0.05,2,2,2,2,1,351.11,0,6,1,1,2,2,11,3,3,2,2
4,12,5,74,0.1,2,2,2,2,1,508.09,0,1,3,1,2,2,4,3,1,2,2
4,12,5,75,0.2,2,1,2,2,1,239.92,1,6,1,1,2,2,6,1,1,1,1
4,12,5,76,0.1,1,2,1,1,1,251.76,1,7,3,3,3,3,20,1,3,2,2
4,12,5,77,1.8,1,2,1,1,1,266.37,1,11,3,1,3,1,1,3,3,2,2
4,12,5,78,0.05,1,1,1,1,1,273.57,1,9,3,1,3,1,19,1,3,1,3
4,12,6,1,0.05,2,2,2,2,1,316.4,0,4,1,1,2,2,12,3,3,2,2
4,12,6,2,0.2,1,2,1,1,1,164.94,1,6,1,3,1,3,19,1,1,2,2
4,12,6,3,0.05,2,3,2,1,0,296.86,1,9,3,1,2,2,6,3,1,1,3
4,12,6,4,0.8,3,1,2,2,1,246.31,1,17,1,3,3,1,6,1,3,1,3
4,12,6,5,0.1,1,3,1,2,0,224.34,1,8,1,1,1,1,9,1,3,3,1
4,12,6,6,0.2,1,2,1,1,1,218,1,11,3,3,3,3,3,1,3,2,2
4,12,6,7,0.4,1,3,1,1,1,245.07,1,17,1,1,1,1,1,1,3,3,1
4,12,6,8,0.1,3,2,2,2,1,281.42,1,6,1,1,3,3,8,3,3,2,2
4,12,6,9,1.8,1,3,1,1,1,213.67,1,20,1,1,1,1,6,3,1,1,3
4,12,6,10,1.8,3,3,2,2,1,258.29,1,3,3,1,1,3,10,3,1,1,3
4,12,6,11,0.1,3,1,2,1,0,310.76,0,15,1,1,3,3,3,3,3,3,3
4,12,6,12,1.8,2,1,2,2,1,263.87,1,8,3,1,2,2,14,1,3,1,3
4,12,6,13,0.05,1,1,1,1,1,242.33,1,2,1,1,1,1,18,1,3,1,3
4,12,6,14,0.4,1,1,1,1,1,207.72,1,18,3,1,3,1,6,3,1,3,1
4,12,6,15,0.1,2,2,2,2,1,298.02,1,6,3,3,2,2,1,1,1,2,2
4,12,6,16,0.8,2,2,2,1,0,226.86,1,20,3,1,2,2,17,3,3,2,2
4,12,6,17,0.2,2,3,2,1,0,292.56,1,9,1,3,2,2,13,1,1,3,3
4,12,6,18,0.2,1,1,1,1,1,210.47,1,4,3,3,3,3,4,3,1,3,1
4,12,6,19,0.4,2,1,2,2,1,248.71,1,6,1,1,2,2,19,3,3,3,3
4,12,6,20,0.8,3,2,2,2,1,251.24,1,7,3,3,1,1,8,1,1,2,2
4,12,6,21,0.8,2,1,2,2,1,239.73,1,15,3,1,2,2,13,3,3,3,3
4,12,6,22,0.05,3,3,2,2,1,380.81,0,5,1,1,3,3,2,3,3,1,1
4,12,6,23,0.4,1,3,1,2,0,238.74,1,1,3,1,3,1,19,1,1,3,3
4,12,6,24,1.8,1,2,1,2,0,226.87,1,16,1,1,1,1,8,3,3,2,2
4,12,6,25,0.4,1,3,1,1,1,202.6,1,20,3,3,3,3,13,1,3,3,1
4,12,6,26,0.4,2,1,2,2,1,279.68,1,9,1,3,2,2,5,3,1,3,1
4,12,6,27,0.8,3,3,2,2,1,283.97,1,6,3,1,1,3,17,3,3,1,1
4,12,6,28,0.05,1,3,1,1,1,289.99,1,6,3,3,3,3,13,3,3,1,1
4,12,6,29,0.1,3,1,2,2,1,327.11,0,15,1,1,3,3,4,1,1,1,1
4,12,6,30,1.8,1,2,NaN,NaN,NaN,NaN,NaN,11,3,3,3,3,6,3,1,2,2
4,12,6,31,0.8,1,3,1,1,1,53.15,2,11,1,3,1,3,5,3,1,1,3
4,12,6,32,0.8,1,2,1,1,1,248.66,1,3,3,1,3,1,18,1,1,2,2
4,12,6,33,1.8,1,2,1,1,1,247.75,1,1,1,1,1,1,12,1,1,2,2
4,12,6,34,0.2,1,2,1,1,1,237.96,1,4,3,3,3,3,7,3,1,2,2
4,12,6,35,0.05,3,2,2,2,1,375.21,0,16,3,1,1,3,18,1,3,2,2
4,12,6,36,0.2,1,3,1,1,1,231.37,1,11,3,3,3,3,15,1,3,3,1
4,12,6,37,1.8,1,1,1,1,1,223.32,1,2,3,1,3,1,8,3,3,3,3
4,12,6,38,0.05,2,3,2,1,0,344.84,0,12,3,1,2,2,19,3,1,1,3
4,12,6,39,0.8,1,3,1,1,1,268.13,1,11,3,3,3,3,3,3,1,1,3
4,12,6,40,0.05,3,2,2,2,1,354.25,0,16,1,3,3,1,5,1,1,2,2
4,12,6,41,0.4,1,2,1,1,1,270.79,1,6,1,3,1,3,10,1,1,2,2
4,12,6,42,0.8,1,1,1,1,1,249.57,1,5,1,1,1,1,1,1,3,1,3
4,12,6,43,0.4,3,1,2,2,1,317.09,0,16,3,3,1,1,16,1,3,1,3
4,12,6,44,0.1,2,3,2,2,1,331.54,0,7,3,1,2,2,5,3,1,1,3
4,12,6,45,1.8,1,2,1,1,1,224.82,1,16,1,3,1,3,9,3,1,2,2
4,12,6,46,0.4,1,1,1,1,1,250.92,1,13,3,3,3,3,16,3,1,3,1
4,12,6,47,0.1,2,2,2,2,1,289.01,1,2,1,3,2,2,8,3,1,2,2
4,12,6,48,0.2,1,3,1,1,1,265.61,1,19,3,1,3,1,20,3,3,1,1
4,12,6,49,0.1,1,2,1,1,1,272.84,1,7,3,3,3,3,8,1,3,2,2
4,12,6,50,0.8,1,2,1,1,1,240.91,1,8,1,3,1,3,7,1,1,2,2
4,12,6,51,0.8,3,3,2,2,1,246.4,1,7,3,3,1,1,8,1,1,3,3
4,12,6,52,0.1,3,3,2,2,1,307.52,0,17,3,1,1,3,13,3,1,1,3
4,12,6,53,0.1,2,2,2,1,0,192.75,1,12,3,1,2,2,16,3,3,2,2
4,12,6,54,1.8,1,2,1,1,1,279.05,1,4,3,1,3,1,11,1,3,2,2
4,12,6,55,0.05,2,3,2,2,1,329.57,0,19,3,1,2,2,15,3,1,1,3
4,12,6,56,0.05,1,1,1,1,1,260.41,1,17,3,1,3,1,11,3,3,3,3
4,12,6,57,0.2,1,3,1,1,1,251.37,1,13,3,1,3,1,11,1,3,3,1
4,12,6,58,0.2,1,2,1,1,1,233.9,1,2,1,1,1,1,5,3,3,2,2
4,12,6,59,1.8,1,3,1,1,1,261.27,1,10,3,3,3,3,6,3,3,1,1
4,12,6,60,0.4,2,2,2,2,1,265.04,1,6,1,3,2,2,13,3,1,2,2
4,12,6,61,0.2,2,3,2,2,1,294.8,1,14,3,1,2,2,8,3,3,1,1
4,12,6,62,1.8,1,2,NaN,NaN,NaN,NaN,NaN,3,1,3,1,3,15,1,3,2,2
4,12,6,63,0.8,1,3,1,1,1,249.17,1,16,3,3,3,3,19,1,1,3,3
4,12,6,64,0.4,1,1,1,1,1,247.46,1,14,3,3,3,3,15,3,3,3,3
4,12,6,65,0.2,1,2,1,1,1,253.76,1,3,3,3,3,3,11,3,1,2,2
4,12,6,66,0.1,1,3,1,1,1,272.44,1,6,3,3,3,3,7,3,1,1,3
4,12,6,67,0.2,3,1,2,2,1,277.23,1,11,3,1,1,3,10,1,1,1,1
4,12,6,68,0.1,3,1,2,2,1,310.2,0,10,1,1,3,3,7,3,1,3,1
4,12,6,69,0.4,3,2,2,2,1,104.43,1,20,1,3,3,1,19,1,3,2,2
4,12,6,70,0.05,2,2,2,1,0,302.6,0,7,3,1,2,2,3,1,3,2,2
4,12,6,71,0.05,3,3,2,1,0,279.71,1,2,1,3,3,1,6,3,1,1,3
4,12,6,72,0.4,3,3,2,2,1,270.88,1,8,3,1,1,3,19,3,1,1,3
4,12,6,73,1.8,2,3,2,2,1,308.22,0,19,1,3,2,2,15,1,3,3,1
4,12,6,74,0.2,1,2,1,1,1,309.14,0,12,1,1,1,1,1,1,1,2,2
4,12,6,75,0.1,2,3,2,1,0,253.48,1,5,3,1,2,2,5,1,1,3,3
4,12,6,76,1.8,1,1,1,1,1,240.96,1,15,1,3,1,3,3,3,1,3,1
4,12,6,77,0.05,1,3,1,1,1,270.95,1,17,1,1,1,1,16,3,3,1,1
4,12,6,78,0.8,1,2,1,1,1,243.79,1,13,3,1,3,1,8,3,1,2,2
4,12,7,1,0.2,2,1,2,1,0,242.07,1,16,3,3,2,2,5,3,3,3,3
4,12,7,2,0.8,2,3,2,2,1,255.97,1,17,1,3,2,2,12,1,1,3,3
4,12,7,3,1.8,2,2,2,2,1,229.79,1,2,3,3,2,2,10,1,1,2,2
4,12,7,4,0.2,2,2,2,2,1,266.8,1,8,1,3,2,2,11,3,1,2,2
4,12,7,5,0.8,3,2,2,2,1,234.57,1,4,1,3,3,1,10,1,3,2,2
4,12,7,6,1.8,1,2,1,1,1,226.84,1,9,3,3,3,3,2,1,1,2,2
4,12,7,7,0.2,1,2,1,1,1,243.47,1,20,3,1,3,1,20,1,1,2,2
4,12,7,8,1.8,1,3,1,1,1,215.15,1,11,3,3,3,3,5,3,1,1,3
4,12,7,9,0.05,2,2,2,1,0,274.28,1,14,1,3,2,2,18,1,3,2,2
4,12,7,10,0.4,3,3,2,2,1,261.44,1,11,3,1,1,3,8,3,3,1,1
4,12,7,11,0.2,2,2,2,2,1,295.85,1,17,3,3,2,2,2,3,1,2,2
4,12,7,12,0.1,3,1,2,2,1,309,0,1,3,1,1,3,19,1,1,1,1
4,12,7,13,0.1,1,2,1,1,1,235.87,1,17,1,1,1,1,6,1,3,2,2
4,12,7,14,0.4,1,3,1,1,1,243.67,1,8,3,3,3,3,10,3,3,1,1
4,12,7,15,0.4,1,3,1,1,1,236.91,1,5,1,3,1,3,19,1,1,3,3
4,12,7,16,0.05,1,3,1,1,1,305.63,0,19,3,3,3,3,4,1,3,3,1
4,12,7,17,0.1,1,3,1,1,1,207.23,1,3,3,3,3,3,3,3,1,1,3
4,12,7,18,1.8,1,1,1,1,1,257.75,1,6,3,1,3,1,19,1,1,1,1
4,12,7,19,1.8,1,2,1,1,1,261.1,1,19,1,3,1,3,9,1,3,2,2
4,12,7,20,0.05,2,3,2,2,1,744.32,0,9,1,1,2,2,6,1,1,3,3
4,12,7,21,0.05,1,2,1,1,1,283.15,1,19,3,1,3,1,12,3,1,2,2
4,12,7,22,0.2,1,1,1,1,1,236.61,1,3,1,1,1,1,18,1,1,1,1
4,12,7,23,0.8,1,3,1,1,1,218.79,1,10,1,1,1,1,15,3,1,1,3
4,12,7,24,0.8,1,3,1,1,1,255.69,1,1,1,1,1,1,10,1,1,3,3
4,12,7,25,0.05,1,2,1,1,1,316.82,0,7,3,1,3,1,2,3,1,2,2
4,12,7,26,0.05,3,1,2,2,1,418.46,0,17,3,1,1,3,14,1,1,1,1
4,12,7,27,0.2,1,1,1,1,1,222.37,1,15,3,3,3,3,11,3,1,3,1
4,12,7,28,0.1,1,1,1,1,1,218.14,1,3,3,1,3,1,13,3,1,3,1
4,12,7,29,0.1,1,1,1,1,1,276.63,1,18,1,1,1,1,18,1,3,1,3
4,12,7,30,0.2,2,1,2,2,1,261.08,1,5,3,3,2,2,17,1,3,1,3
4,12,7,31,1.8,1,2,1,1,1,262.96,1,16,3,1,3,1,1,3,3,2,2
4,12,7,32,0.1,1,1,1,1,1,239.41,1,19,3,3,3,3,5,1,3,1,3
4,12,7,33,0.05,1,1,1,1,1,273.11,1,11,1,1,1,1,17,3,3,3,3
4,12,7,34,0.2,1,1,1,1,1,312.08,0,15,1,1,1,1,4,1,1,1,1
4,12,7,35,0.8,3,1,2,2,1,293.08,1,20,3,3,1,1,6,1,3,1,3
4,12,7,36,0.1,3,3,2,2,1,273.19,1,17,3,1,1,3,16,1,3,3,1
4,12,7,37,0.8,3,1,2,2,1,329.96,0,11,3,3,1,1,15,3,3,3,3
4,12,7,38,0.05,2,1,2,2,1,338.71,0,19,3,3,2,2,17,3,3,3,3
4,12,7,39,1.8,2,2,2,2,1,239.16,1,20,3,3,2,2,18,3,3,2,2
4,12,7,40,0.1,2,2,2,2,1,299.68,1,3,3,3,2,2,19,3,1,2,2
4,12,7,41,0.8,1,3,1,1,1,225.86,1,7,1,1,1,1,11,3,1,1,3
4,12,7,42,0.8,2,2,NaN,NaN,NaN,NaN,NaN,1,3,1,2,2,17,3,3,2,2
4,12,7,43,0.4,1,3,1,1,1,253.49,1,19,3,3,3,3,10,1,1,3,3
4,12,7,44,0.2,1,3,1,1,1,227.58,1,6,1,3,1,3,18,3,3,1,1
4,12,7,45,0.4,1,3,1,1,1,240.23,1,4,1,3,1,3,15,1,3,3,1
4,12,7,46,0.8,1,2,1,1,1,242.48,1,14,3,3,3,3,9,3,3,2,2
4,12,7,47,0.4,3,1,2,2,1,274.99,1,9,3,3,1,1,14,1,3,1,3
4,12,7,48,1.8,1,2,1,1,1,219.07,1,5,1,1,1,1,5,1,3,2,2
4,12,7,49,1.8,1,3,1,1,1,232.2,1,9,1,1,1,1,2,3,3,1,1
4,12,7,50,0.05,3,3,2,2,1,319.32,0,17,1,3,3,1,8,3,3,1,1
4,12,7,51,0.4,1,2,1,1,1,241.57,1,17,1,3,1,3,15,3,1,2,2
4,12,7,52,0.1,3,1,2,2,1,304.74,0,18,1,3,3,1,8,3,3,3,3
4,12,7,53,1.8,1,2,1,1,1,255.37,1,7,3,3,3,3,12,3,1,2,2
4,12,7,54,0.05,1,2,1,1,1,287.97,1,9,3,3,3,3,2,1,1,2,2
4,12,7,55,1.8,3,2,2,2,1,263.03,1,6,1,1,3,3,6,3,3,2,2
4,12,7,56,0.4,2,1,2,2,1,244.79,1,10,1,1,2,2,1,3,3,3,3
4,12,7,57,0.8,2,2,2,1,0,270.62,1,12,1,1,2,2,16,3,3,2,2
4,12,7,58,0.2,1,3,1,1,1,254.71,1,6,3,3,3,3,7,1,1,3,3
4,12,7,59,0.1,1,2,1,1,1,299.4,1,20,3,1,3,1,9,3,3,2,2
4,12,7,60,0.2,1,1,1,1,1,249.98,1,20,1,1,1,1,7,1,3,1,3
4,12,7,61,0.4,3,3,2,2,1,274.03,1,1,1,1,3,3,9,3,1,1,3
4,12,7,62,0.8,2,1,2,1,0,202.38,1,3,1,3,2,2,8,1,1,1,1
4,12,7,63,0.05,1,1,1,1,1,331.33,0,10,1,1,1,1,3,1,1,1,1
4,12,7,64,0.1,3,2,2,2,1,284.53,1,4,1,1,3,3,8,1,1,2,2
4,12,7,65,0.4,2,2,2,2,1,228.49,1,14,3,3,2,2,6,1,3,2,2
4,12,7,66,1.8,2,2,2,2,1,247.51,1,7,1,3,2,2,12,3,1,2,2
4,12,7,67,0.4,1,1,1,1,1,256.68,1,11,1,3,1,3,12,1,1,1,1
4,12,7,68,0.2,2,1,2,1,0,678.04,0,8,1,3,2,2,12,1,3,1,3
4,12,7,69,0.4,2,1,2,1,0,280.57,1,20,1,3,2,2,2,1,1,1,1
4,12,7,70,1.8,1,1,1,1,1,231.54,1,14,1,1,1,1,20,1,1,1,1
4,12,7,71,0.1,3,1,2,2,1,296.98,1,16,3,3,1,1,18,3,1,3,1
4,12,7,72,0.8,2,1,2,2,1,237.01,1,5,3,3,2,2,8,3,3,3,3
4,12,7,73,0.05,1,3,1,1,1,297.15,1,19,1,1,1,1,2,1,1,3,3
4,12,7,74,0.4,2,1,2,2,1,232.02,1,1,3,1,2,2,10,1,3,1,3
4,12,7,75,0.2,1,2,1,1,1,261.46,1,19,3,3,3,3,12,1,3,2,2
4,12,7,76,0.1,3,2,2,2,1,322.46,0,1,1,1,3,3,19,3,3,2,2
4,12,7,77,0.8,1,2,1,1,1,234.58,1,11,1,1,1,1,9,3,1,2,2
4,12,7,78,0.05,1,3,1,1,1,281.62,1,9,3,3,3,3,10,1,3,3,1
4,12,8,1,0.05,1,2,1,1,1,259.1,1,20,1,1,1,1,17,3,1,2,2
4,12,8,2,0.8,3,1,2,2,1,244.83,1,20,1,1,3,3,5,1,1,1,1
4,12,8,3,0.2,3,2,2,2,1,251.66,1,5,3,1,1,3,10,1,1,2,2
4,12,8,4,0.8,2,2,2,2,1,238.32,1,2,3,3,2,2,14,1,1,2,2
4,12,8,5,0.05,1,3,1,1,1,257.65,1,4,1,1,1,1,14,3,3,1,1
4,12,8,6,0.8,2,3,2,2,1,247.4,1,18,3,3,2,2,19,1,1,3,3
4,12,8,7,0.05,3,3,2,1,0,245.28,1,15,3,3,1,1,4,1,3,3,1
4,12,8,8,1.8,1,2,1,1,1,222.24,1,13,1,3,1,3,6,1,1,2,2
4,12,8,9,0.8,1,1,1,1,1,239.12,1,1,1,3,1,3,6,1,3,1,3
4,12,8,10,0.4,2,2,2,2,1,279.84,1,1,1,1,2,2,2,3,1,2,2
4,12,8,11,1.8,3,1,2,2,1,262.44,1,14,1,3,3,1,15,3,1,3,1
4,12,8,12,0.05,1,1,1,1,1,288.61,1,13,1,3,1,3,3,3,1,3,1
4,12,8,13,0.05,2,2,2,1,0,258.5,1,17,3,1,2,2,14,3,1,2,2
4,12,8,14,0.1,1,2,1,1,1,242.68,1,13,3,3,3,3,17,3,3,2,2
4,12,8,15,0.1,2,1,2,2,1,522.19,0,18,3,1,2,2,10,3,3,3,3
4,12,8,16,1.8,1,3,1,2,0,239.07,1,14,3,3,3,3,3,1,1,3,3
4,12,8,17,1.8,1,3,1,1,1,229.77,1,17,1,3,1,3,5,1,3,3,1
4,12,8,18,0.2,2,2,2,1,0,251.61,1,2,1,3,2,2,13,3,1,2,2
4,12,8,19,0.4,1,1,1,1,1,244.04,1,1,3,1,3,1,8,3,1,3,1
4,12,8,20,0.2,2,1,2,1,0,280.21,1,18,1,1,2,2,5,1,3,1,3
4,12,8,21,0.05,2,3,2,2,1,309.02,0,10,3,1,2,2,3,3,3,1,1
4,12,8,22,0.1,3,1,2,2,1,218.41,1,2,1,1,3,3,8,1,3,1,3
4,12,8,23,1.8,1,2,1,1,1,239.32,1,1,1,1,1,1,3,1,1,2,2
4,12,8,24,0.1,1,3,1,1,1,223.42,1,10,3,3,3,3,9,1,3,3,1
4,12,8,25,0.8,2,2,2,2,1,307.42,0,3,3,3,2,2,4,3,3,2,2
4,12,8,26,0.05,1,2,1,1,1,239.39,1,9,1,1,1,1,5,3,1,2,2
4,12,8,27,0.8,1,2,1,1,1,538.74,0,18,1,3,1,3,9,3,1,2,2
4,12,8,28,0.4,2,3,2,2,1,250.4,1,14,1,3,2,2,3,1,1,3,3
4,12,8,29,1.8,2,2,2,2,1,267.29,1,16,1,1,2,2,18,1,3,2,2
4,12,8,30,0.8,1,1,NaN,NaN,NaN,NaN,NaN,10,1,1,1,1,15,1,3,1,3
4,12,8,31,0.2,3,2,2,2,1,250.72,1,9,3,1,1,3,16,1,3,2,2
4,12,8,32,0.1,2,3,2,2,1,313.66,0,6,3,3,2,2,18,3,3,1,1
4,12,8,33,0.4,1,1,1,1,1,245.73,1,14,1,3,1,3,18,3,1,3,1
4,12,8,34,0.8,1,3,1,1,1,254.97,1,5,3,3,3,3,1,3,1,1,3
4,12,8,35,1.8,2,1,2,2,1,266.34,1,14,1,1,2,2,6,1,1,1,1
4,12,8,36,0.1,1,1,1,1,1,224.66,1,5,1,1,1,1,17,1,1,1,1
4,12,8,37,0.2,1,1,1,1,1,269.56,1,20,1,3,1,3,1,3,3,3,3
4,12,8,38,0.4,1,1,1,1,1,331.68,0,17,1,1,1,1,3,3,1,3,1
4,12,8,39,0.05,1,2,1,1,1,233.2,1,5,3,1,3,1,12,1,1,2,2
4,12,8,40,0.8,3,3,2,2,1,231.15,1,15,3,3,1,1,1,3,3,1,1
4,12,8,41,0.2,2,3,2,2,1,283.85,1,2,3,1,2,2,15,1,1,3,3
4,12,8,42,0.1,1,3,1,1,1,228.81,1,18,3,1,3,1,10,3,3,1,1
4,12,8,43,0.2,3,1,2,2,1,230.23,1,8,1,3,3,1,7,3,1,3,1
4,12,8,44,1.8,2,2,2,2,1,248.91,1,5,1,3,2,2,10,1,3,2,2
4,12,8,45,1.8,3,2,2,2,1,245.67,1,12,3,3,1,1,14,3,1,2,2
4,12,8,46,0.8,2,3,2,2,1,242.44,1,19,1,3,2,2,14,1,3,3,1
4,12,8,47,0.4,1,3,1,1,1,214.41,1,17,3,1,3,1,20,1,3,3,1
4,12,8,48,0.4,1,1,1,1,1,193.59,1,1,1,1,1,1,9,1,3,1,3
4,12,8,49,0.8,1,2,NaN,NaN,NaN,NaN,NaN,14,3,1,3,1,20,1,1,2,2
4,12,8,50,1.8,3,2,2,2,1,251.11,1,14,3,3,1,1,1,3,3,2,2
4,12,8,51,0.4,3,2,2,2,1,241.78,1,3,3,3,1,1,4,1,1,2,2
4,12,8,52,0.8,1,2,1,1,1,238.83,1,1,1,1,1,1,20,1,1,2,2
4,12,8,53,0.1,2,1,2,1,0,297.76,1,12,3,1,2,2,3,3,3,3,3
4,12,8,54,0.2,1,3,1,2,0,241.05,1,18,1,1,1,1,7,1,3,3,1
4,12,8,55,0.8,1,3,1,1,1,228.75,1,16,1,1,1,1,5,1,3,3,1
4,12,8,56,0.1,2,2,2,1,0,284.38,1,18,1,1,2,2,8,3,3,2,2
4,12,8,57,0.05,2,2,2,2,1,334.94,0,6,3,3,2,2,13,3,3,2,2
4,12,8,58,0.1,1,1,1,1,1,215.39,1,11,1,3,1,3,15,1,1,1,1
4,12,8,59,0.4,2,2,2,2,1,273.8,1,6,3,3,2,2,17,3,3,2,2
4,12,8,60,1.8,1,1,1,1,1,231.82,1,2,1,1,1,1,20,1,1,1,1
4,12,8,61,0.1,1,1,1,1,1,247.03,1,2,3,3,3,3,3,3,1,3,1
4,12,8,62,0.2,2,2,2,1,0,292.78,1,14,3,1,2,2,12,1,1,2,2
4,12,8,63,0.2,1,3,1,1,1,243.85,1,7,1,3,1,3,8,1,1,3,3
4,12,8,64,0.1,2,1,2,2,1,351.09,0,15,3,3,2,2,19,3,1,3,1
4,12,8,65,0.2,3,3,2,1,0,282.76,1,7,3,3,1,1,10,1,3,3,1
4,12,8,66,1.8,3,2,2,2,1,251.17,1,2,3,1,1,3,14,1,3,2,2
4,12,8,67,0.05,2,3,2,1,0,262.76,1,18,3,3,2,2,1,1,1,3,3
4,12,8,68,0.4,3,3,2,2,1,303.05,0,2,1,3,3,1,18,3,1,1,3
4,12,8,69,0.2,1,1,1,1,1,249.45,1,8,1,3,1,3,15,1,1,1,1
4,12,8,70,0.4,2,3,2,2,1,265.79,1,17,1,3,2,2,20,1,1,3,3
4,12,8,71,0.4,1,1,1,1,1,215.11,1,15,1,3,1,3,6,3,3,3,3
4,12,8,72,0.05,1,2,1,1,1,288.58,1,14,1,3,1,3,7,1,1,2,2
4,12,8,73,0.05,3,3,2,2,1,378.61,0,15,3,1,1,3,9,1,1,3,3
4,12,8,74,1.8,3,1,2,2,1,252.43,1,2,1,3,3,1,4,3,3,3,3
4,12,8,75,0.4,3,3,2,2,1,237.69,1,14,3,3,1,1,20,3,1,1,3
4,12,8,76,0.05,1,2,1,1,1,285.58,1,15,1,3,1,3,6,3,3,2,2
4,12,8,77,0.1,2,1,2,1,0,229.2,1,12,1,3,2,2,15,3,3,3,3
4,12,8,78,0.2,1,2,1,1,1,226.48,1,8,1,1,1,1,17,3,3,2,2
4,12,9,1,0.8,1,2,1,1,1,197.3,1,4,1,1,1,1,10,1,3,2,2
4,12,9,2,0.05,1,3,1,1,1,249.06,1,9,1,1,1,1,14,3,1,1,3
4,12,9,3,0.2,2,2,2,2,1,256.41,1,4,1,3,2,2,13,3,3,2,2
4,12,9,4,0.05,2,2,2,1,0,264.01,1,7,1,3,2,2,2,1,3,2,2
4,12,9,5,0.1,2,1,2,2,1,349.9,0,5,1,1,2,2,17,3,3,3,3
4,12,9,6,0.1,1,1,1,1,1,219.43,1,15,3,1,3,1,3,1,3,1,3
4,12,9,7,0.2,3,2,2,2,1,287.11,1,15,1,3,3,1,19,3,1,2,2
4,12,9,8,0.1,1,3,1,1,1,250,1,15,1,1,1,1,13,3,1,1,3
4,12,9,9,0.8,1,3,1,2,0,253.46,1,2,3,1,3,1,18,3,3,1,1
4,12,9,10,0.1,1,1,1,1,1,213.25,1,16,1,1,1,1,8,1,1,1,1
4,12,9,11,0.2,3,1,2,2,1,542.64,0,15,1,1,3,3,8,1,3,1,3
4,12,9,12,0.05,2,3,2,2,1,498.96,0,2,1,1,2,2,3,3,3,1,1
4,12,9,13,0.4,1,3,1,1,1,228.03,1,17,3,3,3,3,13,3,3,1,1
4,12,9,14,0.2,3,2,2,2,1,198.54,1,16,3,1,1,3,13,1,1,2,2
4,12,9,15,0.1,1,3,1,2,0,295.66,1,3,3,1,3,1,12,1,1,3,3
4,12,9,16,1.8,3,1,NaN,NaN,NaN,NaN,NaN,7,3,3,1,1,4,1,1,1,1
4,12,9,17,1.8,2,3,2,2,1,254.41,1,10,3,1,2,2,19,3,3,1,1
4,12,9,18,0.8,1,2,1,1,1,242.06,1,19,3,1,3,1,19,1,1,2,2
4,12,9,19,0.2,2,3,2,1,0,209.54,1,2,1,3,2,2,1,3,3,1,1
4,12,9,20,0.1,1,3,1,1,1,264.29,1,3,1,1,1,1,9,1,1,3,3
4,12,9,21,0.2,1,1,1,1,1,248.71,1,17,3,3,3,3,6,1,3,1,3
4,12,9,22,0.1,1,2,1,1,1,211.98,1,1,3,1,3,1,11,3,3,2,2
4,12,9,23,0.1,1,3,1,1,1,283.87,1,1,3,3,3,3,2,1,1,3,3
4,12,9,24,0.8,3,3,2,2,1,271.24,1,4,3,1,1,3,16,3,1,1,3
4,12,9,25,0.4,3,1,2,2,1,240.99,1,4,3,1,1,3,7,1,3,1,3
4,12,9,26,0.05,1,1,1,1,1,313.1,0,2,3,1,3,1,2,3,1,3,1
4,12,9,27,0.05,1,1,1,1,1,274.3,1,18,1,1,1,1,15,3,3,3,3
4,12,9,28,1.8,2,1,2,2,1,261.32,1,1,1,3,2,2,18,1,1,1,1
4,12,9,29,1.8,1,3,1,1,1,212.58,1,13,3,1,3,1,13,3,3,1,1
4,12,9,30,0.2,1,3,1,1,1,233.01,1,5,1,1,1,1,18,1,3,3,1
4,12,9,31,1.8,2,3,2,1,0,224.5,1,12,3,3,2,2,1,1,3,3,1
4,12,9,32,0.4,1,3,1,1,1,234.29,1,12,1,1,1,1,9,3,3,1,1
4,12,9,33,0.05,3,2,2,2,1,384.48,0,16,1,3,3,1,3,3,1,2,2
4,12,9,34,0.4,3,3,2,2,1,276.67,1,4,1,1,3,3,14,3,3,1,1
4,12,9,35,0.8,1,1,1,1,1,222.64,1,16,1,3,1,3,18,3,3,3,3
4,12,9,36,0.8,1,1,1,1,1,270.24,1,15,1,1,1,1,7,1,3,1,3
4,12,9,37,0.05,2,3,2,1,0,290.26,1,11,3,1,2,2,7,3,3,1,1
4,12,9,38,0.8,1,1,1,1,1,215.01,1,19,3,1,3,1,4,1,1,1,1
4,12,9,39,0.1,2,1,2,2,1,342.59,0,16,3,1,2,2,3,3,1,3,1
4,12,9,40,0.4,2,1,2,2,1,529.88,0,1,1,1,2,2,1,1,3,1,3
4,12,9,41,0.8,1,3,1,1,1,246.39,1,10,3,1,3,1,14,1,1,3,3
4,12,9,42,0.8,2,2,2,2,1,261.94,1,13,1,3,2,2,16,3,1,2,2
4,12,9,43,0.05,3,1,2,2,1,403.82,0,1,3,3,1,1,2,3,3,3,3
4,12,9,44,1.8,2,2,2,2,1,254.61,1,8,3,1,2,2,9,3,3,2,2
4,12,9,45,1.8,1,3,1,1,1,249.21,1,11,1,3,1,3,15,3,3,1,1
4,12,9,46,1.8,1,1,1,1,1,215.99,1,5,3,3,3,3,10,1,3,1,3
4,12,9,47,0.8,3,3,2,2,1,257.28,1,9,1,1,3,3,15,3,3,1,1
4,12,9,48,0.4,3,1,2,2,1,271.02,1,3,3,1,1,3,19,3,3,3,3
4,12,9,49,1.8,3,2,2,2,1,245.21,1,6,1,3,3,1,12,3,1,2,2
4,12,9,50,0.05,1,1,1,1,1,329.03,0,13,3,3,3,3,2,3,3,3,3
4,12,9,51,0.4,1,2,1,1,1,232.62,1,9,3,3,3,3,5,1,3,2,2
4,12,9,52,0.1,3,3,2,2,1,345.64,0,13,1,3,3,1,16,1,3,3,1
4,12,9,53,0.1,1,3,1,1,1,232.61,1,14,1,1,1,1,17,3,1,1,3
4,12,9,54,0.2,1,2,1,1,1,227.4,1,4,3,1,3,1,18,1,1,2,2
4,12,9,55,1.8,1,1,1,1,1,235.85,1,15,3,3,3,3,6,3,1,3,1
4,12,9,56,1.8,3,3,2,2,1,264.05,1,6,1,3,3,1,5,1,3,3,1
4,12,9,57,1.8,1,3,1,1,1,210.39,1,4,1,1,1,1,16,1,3,3,1
4,12,9,58,0.1,3,2,2,1,0,265.19,1,18,3,3,1,1,6,3,1,2,2
4,12,9,59,0.05,2,3,2,1,0,252.08,1,11,3,1,2,2,8,3,3,1,1
4,12,9,60,0.05,1,2,1,1,1,269.35,1,8,1,3,1,3,12,1,1,2,2
4,12,9,61,0.1,3,1,2,2,1,265.62,1,7,1,1,3,3,4,1,1,1,1
4,12,9,62,0.4,1,1,1,1,1,239.58,1,19,1,1,1,1,6,3,1,3,1
4,12,9,63,0.2,2,3,2,2,1,250.4,1,8,3,3,2,2,17,1,1,3,3
4,12,9,64,0.2,1,2,1,1,1,270.22,1,7,3,3,3,3,9,3,3,2,2
4,12,9,65,0.8,1,1,1,1,1,260.72,1,2,1,3,1,3,11,3,3,3,3
4,12,9,66,0.4,1,2,1,1,1,89.863,2,13,1,3,1,3,20,3,3,2,2
4,12,9,67,0.05,3,3,2,2,1,316.52,0,8,3,1,1,3,10,3,1,1,3
4,12,9,68,0.8,1,3,1,1,1,233.2,1,15,1,1,1,1,7,1,3,3,1
4,12,9,69,0.2,1,1,1,1,1,261.34,1,5,3,3,3,3,16,3,3,3,3
4,12,9,70,0.4,2,1,2,2,1,265.18,1,3,1,1,2,2,9,3,1,3,1
4,12,9,71,0.2,2,2,2,2,1,241.54,1,19,3,3,2,2,19,1,3,2,2
4,12,9,72,0.8,3,1,2,2,1,252.76,1,11,3,3,1,1,17,3,3,3,3
4,12,9,73,0.4,2,3,NaN,NaN,NaN,NaN,NaN,1,1,3,2,2,5,1,3,3,1
4,12,9,74,0.4,2,1,2,2,1,289.12,1,9,3,3,2,2,13,1,3,1,3
4,12,9,75,0.2,2,1,2,2,1,299.88,1,20,3,3,2,2,5,1,1,1,1
4,12,9,76,0.4,1,1,1,1,1,266.53,1,10,1,3,1,3,17,1,3,1,3
4,12,9,77,1.8,3,1,2,2,1,268.62,1,4,1,1,3,3,12,3,3,3,3
4,12,9,78,0.05,3,3,2,2,1,346.84,0,1,1,1,3,3,5,1,1,3,3
4,12,10,1,0.1,1,2,1,1,1,262.09,1,11,3,3,3,3,9,1,1,2,2
4,12,10,2,0.1,2,2,2,2,1,300.68,0,6,1,1,2,2,8,3,1,2,2
4,12,10,3,0.8,3,3,2,2,1,260.93,1,8,1,3,3,1,15,1,1,3,3
4,12,10,4,0.8,1,2,1,1,1,246.69,1,4,1,1,1,1,14,1,1,2,2
4,12,10,5,0.05,1,3,1,1,1,258.56,1,10,3,1,3,1,8,3,3,1,1
4,12,10,6,0.2,1,3,1,1,1,215.1,1,4,1,3,1,3,19,3,3,1,1
4,12,10,7,1.8,2,1,2,2,1,253.76,1,15,3,1,2,2,9,1,1,1,1
4,12,10,8,0.4,3,3,2,2,1,253.11,1,18,3,3,1,1,16,3,3,1,1
4,12,10,9,0.2,1,1,1,1,1,215.92,1,13,1,3,1,3,7,3,3,3,3
4,12,10,10,0.1,3,1,2,2,1,344.06,0,3,3,1,1,3,18,1,3,1,3
4,12,10,11,0.05,2,3,2,1,0,294.51,1,13,1,3,2,2,13,1,1,3,3
4,12,10,12,0.8,3,2,2,2,1,450.81,0,10,3,1,1,3,13,1,3,2,2
4,12,10,13,1.8,1,1,1,1,1,236.53,1,19,3,1,3,1,14,3,3,3,3
4,12,10,14,0.2,2,1,2,1,0,228.19,1,2,1,3,2,2,17,3,3,3,3
4,12,10,15,1.8,3,1,2,2,1,253.45,1,2,1,3,3,1,12,1,1,1,1
4,12,10,16,0.2,1,2,1,1,1,196.16,1,16,3,3,3,3,14,3,3,2,2
4,12,10,17,0.4,1,3,1,1,1,223.87,1,9,3,3,3,3,2,1,3,3,1
4,12,10,18,0.4,2,2,2,2,1,253.8,1,18,1,3,2,2,17,3,1,2,2
4,12,10,19,0.1,1,1,1,1,1,223.15,1,19,3,3,3,3,14,3,1,3,1
4,12,10,20,1.8,2,2,2,2,1,249.1,1,11,1,3,2,2,8,3,1,2,2
4,12,10,21,0.8,1,3,1,1,1,218.94,1,4,3,3,3,3,10,3,3,1,1
4,12,10,22,0.8,2,2,2,1,0,227.73,1,19,1,3,2,2,16,1,3,2,2
4,12,10,23,0.8,1,2,1,1,1,233.45,1,8,1,3,1,3,20,3,3,2,2
4,12,10,24,0.1,3,2,2,2,1,329.2,0,3,1,3,3,1,16,3,3,2,2
4,12,10,25,0.05,3,2,2,2,1,308,0,20,3,3,1,1,19,1,1,2,2
4,12,10,26,1.8,1,2,1,1,1,255.95,1,11,3,3,3,3,13,3,3,2,2
4,12,10,27,0.8,1,3,1,1,1,230.02,1,20,3,1,3,1,1,3,1,1,3
4,12,10,28,0.8,2,1,2,2,1,298.4,1,20,1,1,2,2,4,1,1,1,1
4,12,10,29,0.05,3,1,2,2,1,354.82,0,4,3,3,1,1,5,1,3,1,3
4,12,10,30,0.4,2,2,2,2,1,300.03,0,5,3,3,2,2,3,1,3,2,2
4,12,10,31,1.8,3,2,2,2,1,267.96,1,8,1,1,3,3,14,1,3,2,2
4,12,10,32,0.4,3,3,2,2,1,281.15,1,17,1,3,3,1,3,3,3,1,1
4,12,10,33,0.4,1,2,1,1,1,222.49,1,15,1,3,1,3,20,3,3,2,2
4,12,10,34,0.05,2,1,2,2,1,316.61,0,7,1,1,2,2,11,1,3,1,3
4,12,10,35,0.05,1,1,1,1,1,261.04,1,16,3,1,3,1,12,3,1,3,1
4,12,10,36,0.05,1,3,1,1,1,280.79,1,15,1,3,1,3,1,3,1,1,3
4,12,10,37,0.2,1,1,1,1,1,237.77,1,11,3,1,3,1,17,1,1,1,1
4,12,10,38,0.4,1,2,1,1,1,224.06,1,3,1,1,1,1,15,3,1,2,2
4,12,10,39,0.1,2,2,2,2,1,260.4,1,3,3,1,2,2,10,3,1,2,2
4,12,10,40,0.05,2,1,2,1,0,538.44,0,17,1,1,2,2,6,1,1,1,1
4,12,10,41,0.2,2,3,2,2,1,251.92,1,11,3,3,2,2,6,3,3,1,1
4,12,10,42,0.8,3,1,2,2,1,250.42,1,9,3,1,1,3,3,3,1,3,1
4,12,10,43,1.8,1,3,NaN,NaN,NaN,NaN,NaN,7,3,1,3,1,8,1,3,3,1
4,12,10,44,0.05,1,3,1,1,1,265.6,1,16,3,1,3,1,20,1,1,3,3
4,12,10,45,0.1,1,3,1,1,1,229.63,1,16,3,1,3,1,2,3,3,1,1
4,12,10,46,1.8,1,3,1,1,1,228.7,1,13,3,3,3,3,18,1,3,3,1
4,12,10,47,1.8,1,1,1,1,1,202.55,1,5,3,1,3,1,6,3,1,3,1
4,12,10,48,0.1,1,3,1,1,1,262.97,1,18,3,3,3,3,5,3,1,1,3
4,12,10,49,0.1,1,1,1,1,1,265.02,1,18,1,1,1,1,3,3,3,3,3
4,12,10,50,1.8,1,1,1,1,1,235.27,1,20,1,1,1,1,6,1,1,1,1
4,12,10,51,0.2,1,3,1,1,1,243.05,1,5,3,1,3,1,17,1,3,3,1
4,12,10,52,0.8,2,1,2,2,1,237.73,1,8,1,1,2,2,2,1,3,1,3
4,12,10,53,1.8,2,3,2,1,0,231.96,1,10,3,3,2,2,13,3,3,1,1
4,12,10,54,0.8,3,1,2,2,1,274.72,1,17,3,1,1,3,3,1,1,1,1
4,12,10,55,1.8,1,3,1,1,1,261.67,1,20,3,1,3,1,3,1,1,3,3
4,12,10,56,0.1,2,3,2,2,1,350.29,0,19,3,1,2,2,15,3,3,1,1
4,12,10,57,0.2,3,1,2,2,1,267.62,1,4,3,3,1,1,17,1,3,1,3
4,12,10,58,0.1,1,2,1,1,1,289.08,1,4,1,1,1,1,7,3,1,2,2
4,12,10,59,0.1,1,2,1,1,1,284.9,1,17,1,3,1,3,13,3,3,2,2
4,12,10,60,0.2,3,3,2,2,1,282.03,1,18,1,1,3,3,6,3,3,1,1
4,12,10,61,0.2,1,1,1,1,1,214.92,1,7,1,3,1,3,3,3,1,3,1
4,12,10,62,0.05,1,3,1,1,1,292.09,1,16,3,3,3,3,17,1,3,3,1
4,12,10,63,0.2,3,1,2,2,1,252.23,1,11,3,3,1,1,5,3,3,3,3
4,12,10,64,0.05,3,1,2,2,1,314.44,0,19,1,3,3,1,9,3,1,3,1
4,12,10,65,0.8,1,1,1,1,1,242.47,1,19,3,1,3,1,17,3,1,3,1
4,12,10,66,0.05,1,3,1,1,1,259.48,1,11,1,3,1,3,10,3,1,1,3
4,12,10,67,0.4,1,2,1,1,1,221.23,1,9,3,1,3,1,17,3,3,2,2
4,12,10,68,0.4,1,3,1,1,1,228.82,1,6,3,1,3,1,9,3,1,1,3
4,12,10,69,0.4,1,2,1,1,1,213.28,1,5,3,3,3,3,2,1,3,2,2
4,12,10,70,0.4,1,3,1,2,0,311.29,0,9,1,1,1,1,3,1,3,3,1
4,12,10,71,0.4,1,2,1,1,1,221.36,1,3,1,1,1,1,12,3,1,2,2
4,12,10,72,0.4,3,1,2,2,1,235.24,1,7,1,1,3,3,18,1,1,1,1
4,12,10,73,0.8,1,2,1,1,1,247.58,1,20,3,3,3,3,17,3,1,2,2
4,12,10,74,0.1,2,3,2,2,1,328.02,0,9,1,1,2,2,14,1,3,3,1
4,12,10,75,0.2,1,1,1,1,1,273.17,1,17,3,3,3,3,16,3,3,3,3
4,12,10,76,0.2,3,1,2,2,1,249.17,1,8,1,1,3,3,20,3,1,3,1
4,12,10,77,1.8,2,1,2,1,0,224.92,1,15,3,3,2,2,20,3,3,3,3
4,12,10,78,0.05,2,3,2,1,0,207.97,1,11,3,1,2,2,1,1,1,3,3
