4,8,1,1,0.05,1,1,1,1,1,189.23,1,11,3,3,3,3,4,3,1,3,1
4,8,1,2,0.4,2,2,2,2,1,214.39,1,20,1,1,2,2,12,3,1,2,2
4,8,1,3,0.8,1,2,NaN,NaN,NaN,NaN,NaN,8,1,1,1,1,12,1,1,2,2
4,8,1,4,0.8,3,1,2,2,1,207.5,1,8,3,3,1,1,15,3,1,3,1
4,8,1,5,1.8,2,3,2,2,1,208.82,1,7,1,3,2,2,2,3,3,1,1
4,8,1,6,0.4,1,3,1,1,1,241.48,1,16,3,3,3,3,7,1,3,3,1
4,8,1,7,0.8,1,2,1,1,1,256.86,1,20,3,1,3,1,12,3,3,2,2
4,8,1,8,0.1,1,2,1,1,1,245.93,1,17,3,1,3,1,3,3,1,2,2
4,8,1,9,0.1,1,2,1,1,1,243.3,1,12,1,1,1,1,15,3,1,2,2
4,8,1,10,0.05,3,3,2,2,1,265.48,1,9,3,3,1,1,16,1,3,3,1
4,8,1,11,0.05,1,3,1,1,1,239.21,1,9,3,3,3,3,15,3,1,1,3
4,8,1,12,1.8,2,2,2,2,1,180.04,1,10,3,1,2,2,5,1,3,2,2
4,8,1,13,0.8,2,3,2,2,1,218.17,1,3,1,1,2,2,2,3,3,1,1
4,8,1,14,0.1,1,3,1,1,1,271.64,1,8,1,1,1,1,13,3,3,1,1
4,8,1,15,0.1,1,2,1,1,1,234.28,1,8,1,3,1,3,12,1,1,2,2
4,8,1,16,1.8,1,3,1,1,1,233.38,1,13,1,1,1,1,10,1,1,3,3
4,8,1,17,0.2,2,1,2,2,1,224.1,1,9,3,3,2,2,2,1,1,1,1
4,8,1,18,0.05,2,3,2,2,1,265.97,1,16,1,3,2,2,10,1,1,3,3
4,8,1,19,0.2,2,3,2,2,1,240.25,1,7,3,1,2,2,4,3,1,1,3
4,8,1,20,1.8,1,2,1,1,1,240.77,1,11,1,1,1,1,6,3,3,2,2
4,8,1,21,0.05,1,1,1,1,1,263.44,1,9,1,3,1,3,16,3,1,3,1
4,8,1,22,0.8,1,1,1,1,1,226.33,1,3,3,1,3,1,20,1,1,1,1
4,8,1,23,0.1,2,1,2,2,1,260.4,1,11,3,3,2,2,18,1,1,1,1
4,8,1,24,0.4,3,1,2,2,1,231.36,1,2,3,1,1,3,20,1,1,1,1
4,8,1,25,0.4,2,3,2,2,1,254.27,1,15,3,3,2,2,19,1,3,3,1
4,8,1,26,0.8,1,2,1,1,1,246.12,1,3,1,1,1,1,20,3,3,2,2
4,8,1,27,1.8,1,2,1,1,1,206.81,1,14,3,3,3,3,6,1,1,2,2
4,8,1,28,1.8,2,1,2,2,1,228.58,1,1,1,1,2,2,11,3,3,3,3
4,8,1,29,0.4,2,1,2,2,1,225.96,1,11,1,3,2,2,4,3,3,3,3
4,8,1,30,0.1,1,1,1,1,1,279.81,1,1,1,3,1,3,20,3,1,3,1
4,8,1,31,0.4,1,1,1,1,1,258.8,1,16,1,1,1,1,4,1,3,1,3
4,8,1,32,0.1,1,1,1,1,1,266.68,1,20,1,3,1,3,20,1,1,1,1
4,8,1,33,0.05,3,2,2,2,1,279.99,1,10,3,1,1,3,9,1,3,2,2
4,8,1,34,1.8,3,1,2,2,1,240.78,1,19,3,3,1,1,17,1,1,1,1
4,8,1,35,0.2,3,3,2,2,1,240.56,1,17,3,3,1,1,18,3,3,1,1
4,8,1,36,0.4,1,2,1,1,1,254.77,1,16,3,3,3,3,16,3,1,2,2
4,8,1,37,0.05,2,1,2,1,0,255.74,1,17,3,3,2,2,7,3,1,3,1
4,8,1,38,0.1,1,2,1,1,1,212.81,1,14,3,1,3,1,7,3,1,2,2
4,8,1,39,0.8,2,2,2,2,1,239.24,1,3,1,1,2,2,2,3,3,2,2
4,8,1,40,0.4,1,1,1,1,1,265.04,1,6,3,1,3,1,10,1,3,1,3
4,8,1,41,0.1,1,2,1,1,1,304.09,0,13,3,1,3,1,18,1,3,2,2
4,8,1,42,0.1,1,3,1,1,1,258.38,1,15,3,3,3,3,5,1,3,3,1
4,8,1,43,0.2,1,1,1,1,1,206.87,1,7,1,1,1,1,5,3,1,3,1
4,8,1,44,0.2,1,1,1,1,1,254.06,1,14,3,3,3,3,12,1,1,1,1
4,8,1,45,1.8,1,3,1,1,1,201.02,1,3,1,3,1,3,14,3,3,1,1
4,8,1,46,0.2,3,2,2,2,1,282.77,1,2,3,1,1,3,11,1,3,2,2
4,8,1,47,1.8,1,3,1,1,1,216.67,1,11,1,3,1,3,14,3,1,1,3
4,8,1,48,1.8,1,3,1,1,1,223.73,1,14,3,1,3,1,2,1,3,3,1
4,8,1,49,0.2,1,2,1,1,1,269.31,1,16,3,3,3,3,2,1,3,2,2
4,8,1,50,0.2,1,2,1,1,1,293.98,1,3,1,1,1,1,16,3,3,2,2
4,8,1,51,0.8,3,1,2,2,1,232.21,1,7,1,3,3,1,6,1,1,1,1
4,8,1,52,0.8,3,2,2,2,1,226.23,1,7,1,1,3,3,15,1,3,2,2
4,8,1,53,1.8,1,1,1,1,1,232.97,1,10,3,3,3,3,6,1,3,1,3
4,8,1,54,0.05,1,1,1,1,1,269.88,1,8,1,1,1,1,7,3,3,3,3
4,8,1,55,0.8,3,2,2,2,1,243.15,1,7,3,1,1,3,16,3,3,2,2
4,8,1,56,1.8,2,3,2,2,1,239.9,1,6,3,1,2,2,17,3,3,1,1
4,8,1,57,0.1,3,2,2,2,1,270.55,1,6,3,1,1,3,19,3,1,2,2
4,8,1,58,0.8,3,2,2,2,1,228.14,1,15,3,3,1,1,3,3,1,2,2
4,8,1,59,0.4,1,1,1,2,0,269.1,1,3,3,1,3,1,18,3,3,3,3
4,8,1,60,0.4,1,1,1,2,0,230.65,1,20,3,1,3,1,18,1,1,1,1
4,8,1,61,0.1,1,3,1,1,1,261.23,1,10,1,1,1,1,18,1,1,3,3
4,8,1,62,0.4,1,1,1,1,1,259.08,1,2,3,3,3,3,17,3,3,3,3
4,8,1,63,0.2,3,2,2,2,1,266.93,1,12,3,3,1,1,20,1,3,2,2
4,8,1,64,0.4,3,3,2,2,1,224.43,1,3,1,3,3,1,6,1,1,3,3
4,8,1,65,0.2,1,3,1,1,1,241.21,1,9,3,3,3,3,17,1,3,3,1
4,8,1,66,0.05,2,1,2,1,0,261.89,1,13,1,3,2,2,6,3,1,3,1
4,8,1,67,0.05,1,2,1,1,1,315.58,0,18,3,3,3,3,5,1,1,2,2
4,8,1,68,0.2,1,1,1,2,0,261.55,1,5,3,1,3,1,2,1,1,1,1
4,8,1,69,0.05,1,3,1,1,1,289.61,1,16,3,1,3,1,13,1,3,3,1
4,8,1,70,0.4,1,2,1,1,1,262.55,1,17,1,3,1,3,11,1,3,2,2
4,8,1,71,0.2,3,1,2,2,1,228.26,1,2,3,3,1,1,18,1,1,1,1
4,8,1,72,0.05,1,3,1,1,1,191.48,1,10,1,1,1,1,20,1,3,3,1
4,8,1,73,1.8,3,3,NaN,NaN,NaN,NaN,NaN,11,1,1,3,3,7,3,1,1,3
4,8,1,74,0.8,2,1,2,2,1,226.34,1,9,1,3,2,2,5,3,1,3,1
4,8,1,75,0.2,2,1,2,1,0,264.02,1,12,1,1,2,2,6,1,1,1,1
4,8,1,76,0.1,3,1,2,2,1,266.87,1,1,1,1,3,3,11,1,1,1,1
4,8,1,77,0.8,2,1,2,2,1,229.48,1,6,1,1,2,2,18,1,3,1,3
4,8,1,78,0.05,1,2,1,1,1,263.29,1,13,1,1,1,1,16,1,3,2,2
4,8,2,1,0.8,1,3,1,1,1,221.49,1,13,3,1,3,1,10,3,3,1,1
4,8,2,2,0.2,1,3,1,1,1,223.04,1,17,3,3,3,3,4,3,1,1,3
4,8,2,3,0.4,1,1,1,1,1,358.3,0,17,3,3,3,3,5,3,3,3,3
4,8,2,4,0.2,2,3,2,2,1,214.26,1,8,3,1,2,2,13,1,3,3,1
4,8,2,5,0.05,1,2,1,1,1,264.61,1,20,1,3,1,3,16,1,1,2,2
4,8,2,6,0.8,3,1,NaN,NaN,NaN,NaN,NaN,15,1,1,3,3,3,1,3,1,3
4,8,2,7,0.1,1,2,1,1,1,263.76,1,17,3,1,3,1,14,1,3,2,2
4,8,2,8,0.2,1,1,1,1,1,201.16,1,10,3,3,3,3,1,3,1,3,1
4,8,2,9,1.8,3,3,2,2,1,224.96,1,7,3,3,1,1,13,1,3,3,1
4,8,2,10,0.4,3,3,2,2,1,221.99,1,3,1,3,3,1,6,3,1,1,3
4,8,2,11,0.8,1,2,1,1,1,241.47,1,10,3,1,3,1,3,1,1,2,2
4,8,2,12,0.1,1,2,1,1,1,252.26,1,10,3,3,3,3,16,3,3,2,2
4,8,2,13,1.8,2,3,2,2,1,252.2,1,14,3,1,2,2,10,3,1,1,3
4,8,2,14,0.1,2,3,2,1,0,303.55,0,12,3,1,2,2,15,3,3,1,1
4,8,2,15,1.8,1,2,1,1,1,217.84,1,4,3,3,3,3,19,3,1,2,2
4,8,2,16,0.2,2,2,2,1,0,461.89,0,14,1,1,2,2,6,3,3,2,2
4,8,2,17,0.1,1,3,1,1,1,225.12,1,20,1,3,1,3,11,3,1,1,3
4,8,2,18,0.4,1,2,1,2,0,232.2,1,19,3,1,3,1,6,3,3,2,2
4,8,2,19,0.4,1,2,1,1,1,272.22,1,1,1,3,1,3,7,3,3,2,2
4,8,2,20,0.05,1,2,1,1,1,227.29,1,16,3,1,3,1,17,3,1,2,2
4,8,2,21,0.4,3,2,2,2,1,259.17,1,12,3,1,1,3,5,1,1,2,2
4,8,2,22,1.8,3,3,2,2,1,221.59,1,14,1,1,3,3,4,1,1,3,3
4,8,2,23,0.2,1,3,1,1,1,231.38,1,9,3,3,3,3,16,1,1,3,3
4,8,2,24,0.8,1,1,1,1,1,246.47,1,8,3,3,3,3,7,3,3,3,3
4,8,2,25,1.8,1,3,1,1,1,252.23,1,3,1,1,1,1,6,3,3,1,1
4,8,2,26,0.2,2,3,2,1,0,206.54,1,20,1,1,2,2,6,1,1,3,3
4,8,2,27,0.1,1,3,1,1,1,239.75,1,18,1,1,1,1,16,1,1,3,3
4,8,2,28,0.8,1,3,1,2,0,221.26,1,3,3,3,3,3,5,3,3,1,1
4,8,2,29,1.8,1,2,1,1,1,211.63,1,14,3,1,3,1,13,3,3,2,2
4,8,2,30,0.8,3,2,2,2,1,240.42,1,17,1,3,3,1,5,1,3,2,2
4,8,2,31,1.8,1,1,1,1,1,222.95,1,3,1,1,1,1,13,1,3,1,3
4,8,2,32,0.4,1,1,1,1,1,242.14,1,12,1,3,1,3,6,3,1,3,1
4,8,2,33,0.4,2,1,2,2,1,219.35,1,18,3,1,2,2,17,3,3,3,3
4,8,2,34,0.4,1,2,1,1,1,229.58,1,4,3,3,3,3,14,1,1,2,2
4,8,2,35,0.05,1,1,1,1,1,252.37,1,20,3,3,3,3,2,3,1,3,1
4,8,2,36,0.8,3,1,2,2,1,217.85,1,6,1,1,3,3,2,3,1,3,1
4,8,2,37,0.8,1,3,1,1,1,257.29,1,5,3,3,3,3,2,3,1,1,3
4,8,2,38,1.8,1,1,1,1,1,231.96,1,14,3,1,3,1,17,1,3,1,3
4,8,2,39,0.2,2,3,2,2,1,235.65,1,6,1,1,2,2,6,1,1,3,3
4,8,2,40,0.1,3,2,2,2,1,272.69,1,14,1,3,3,1,17,3,3,2,2
4,8,2,41,0.4,3,1,2,2,1,252.97,1,14,1,1,3,3,8,3,1,3,1
4,8,2,42,0.1,2,2,2,1,0,271.77,1,15,1,3,2,2,11,1,1,2,2
4,8,2,43,0.05,2,1,2,2,1,332.58,0,6,3,1,2,2,19,3,1,3,1
4,8,2,44,0.4,3,3,2,2,1,210.01,1,4,1,1,3,3,5,3,3,1,1
4,8,2,45,0.4,2,2,2,1,0,476.5,0,17,1,1,2,2,19,3,3,2,2
4,8,2,46,0.1,1,1,1,1,1,215.74,1,13,1,1,1,1,5,3,3,3,3
4,8,2,47,0.05,1,3,1,1,1,227.15,1,5,1,3,1,3,9,3,1,1,3
4,8,2,48,1.8,3,3,2,2,1,192.11,1,4,3,3,1,1,14,3,3,1,1
4,8,2,49,1.8,2,2,2,2,1,214.14,1,1,1,3,2,2,20,3,3,2,2
4,8,2,50,0.8,1,2,1,1,1,254.03,1,13,3,1,3,1,2,3,1,2,2
4,8,2,51,0.2,3,2,2,2,1,260.4,1,1,1,1,3,3,1,1,1,2,2
4,8,2,52,0.2,3,2,2,2,1,272.78,1,15,1,3,3,1,13,1,3,2,2
4,8,2,53,0.05,1,3,1,1,1,250.18,1,7,1,1,1,1,16,1,1,3,3
4,8,2,54,0.8,2,1,NaN,NaN,NaN,NaN,NaN,5,3,1,2,2,1,3,1,3,1
4,8,2,55,0.1,1,3,1,1,1,217.44,1,18,1,3,1,3,17,1,1,3,3
4,8,2,56,0.4,1,2,1,1,1,200.3,1,3,1,3,1,3,13,3,3,2,2
4,8,2,57,0.05,1,1,1,1,1,255.75,1,20,1,1,1,1,11,1,3,1,3
4,8,2,58,1.8,2,2,2,2,1,219.88,1,3,1,3,2,2,3,3,3,2,2
4,8,2,59,0.05,2,1,2,1,0,387.73,0,1,1,3,2,2,19,1,3,1,3
4,8,2,60,0.4,1,2,1,1,1,236.16,1,14,1,3,1,3,8,1,1,2,2
4,8,2,61,0.05,1,2,1,1,1,298.19,1,13,1,1,1,1,2,3,1,2,2
4,8,2,62,0.1,1,3,1,1,1,253.59,1,14,3,1,3,1,2,1,3,3,1
4,8,2,63,0.8,1,3,1,1,1,241,1,19,3,3,3,3,2,3,1,1,3
4,8,2,64,0.2,3,2,2,2,1,252.9,1,8,1,1,3,3,19,1,1,2,2
4,8,2,65,0.1,1,2,1,1,1,277.3,1,19,3,1,3,1,10,1,1,2,2
4,8,2,66,0.05,1,3,1,1,1,273.87,1,4,1,1,1,1,1,3,3,1,1
4,8,2,67,1.8,3,1,2,2,1,199.16,1,6,1,3,3,1,10,1,3,1,3
4,8,2,68,0.2,3,1,2,2,1,248.13,1,6,1,1,3,3,16,1,1,1,1
4,8,2,69,0.05,3,3,2,1,0,354.88,0,7,3,3,1,1,5,3,1,1,3
4,8,2,70,0.2,1,3,1,2,0,256.06,1,12,3,3,3,3,1,1,3,3,1
4,8,2,71,0.8,3,2,2,2,1,210.77,1,6,1,3,3,1,10,1,1,2,2
4,8,2,72,0.2,1,3,1,1,1,245.12,1,18,1,1,1,1,3,1,1,3,3
4,8,2,73,1.8,2,3,2,2,1,227.01,1,10,3,3,2,2,14,1,1,3,3
4,8,2,74,0.1,2,2,2,1,0,292.02,1,11,3,1,2,2,2,1,1,2,2
4,8,2,75,0.1,1,1,1,1,1,231.32,1,9,3,1,3,1,5,1,1,1,1
4,8,2,76,0.05,1,3,1,1,1,227.23,1,16,1,3,1,3,11,3,3,1,1
4,8,2,77,0.05,3,3,2,2,1,293.25,1,15,1,1,3,3,11,3,3,1,1
4,8,2,78,0.8,1,3,1,1,1,214.12,1,4,3,3,3,3,16,1,1,3,3
4,8,3,1,0.8,2,2,2,1,0,221.4,1,1,3,3,2,2,5,3,3,2,2
4,8,3,2,1.8,2,3,2,2,1,207.14,1,6,1,1,2,2,14,1,1,3,3
4,8,3,3,0.8,2,1,2,2,1,250.19,1,11,3,3,2,2,8,3,1,3,1
4,8,3,4,1.8,1,3,1,1,1,233.39,1,10,3,3,3,3,12,3,1,1,3
4,8,3,5,1.8,1,1,1,1,1,266.27,1,17,3,3,3,3,3,3,3,3,3
4,8,3,6,0.1,3,3,2,2,1,769.83,0,12,3,3,1,1,20,3,1,1,3
4,8,3,7,0.05,1,2,1,1,1,261.04,1,7,1,1,1,1,4,3,1,2,2
4,8,3,8,0.8,3,1,2,2,1,245.29,1,5,3,3,1,1,5,3,1,3,1
4,8,3,9,0.8,2,1,2,2,1,217.21,1,17,1,1,2,2,2,3,1,3,1
4,8,3,10,0.2,1,3,1,1,1,219.61,1,5,1,3,1,3,15,3,3,1,1
4,8,3,11,0.2,1,1,1,1,1,233.63,1,9,1,3,1,3,16,1,3,1,3
4,8,3,12,0.8,2,3,2,2,1,253.82,1,16,1,1,2,2,9,1,1,3,3
4,8,3,13,0.1,2,1,2,2,1,306.51,0,6,3,1,2,2,5,3,1,3,1
4,8,3,14,0.1,1,3,1,1,1,233.01,1,1,1,3,1,3,5,1,1,3,3
4,8,3,15,1.8,1,1,1,1,1,216.65,1,13,3,1,3,1,14,3,1,3,1
4,8,3,16,0.1,3,3,2,2,1,336.5,0,6,1,3,3,1,19,1,1,3,3
4,8,3,17,0.8,1,2,NaN,NaN,NaN,NaN,NaN,6,3,1,3,1,3,3,3,2,2
4,8,3,18,0.05,2,3,2,2,1,291.8,1,17,1,3,2,2,9,1,3,3,1
4,8,3,19,0.05,3,1,2,2,1,254.39,1,4,3,1,1,3,18,1,3,1,3
4,8,3,20,0.05,2,2,2,1,0,282.19,1,11,3,3,2,2,11,3,3,2,2
4,8,3,21,1.8,1,1,1,1,1,220.85,1,6,3,1,3,1,12,3,3,3,3
4,8,3,22,0.1,1,1,1,1,1,211.38,1,5,3,3,3,3,4,3,3,3,3
4,8,3,23,0.05,1,2,1,1,1,240.82,1,20,3,1,3,1,6,1,1,2,2
4,8,3,24,1.8,2,2,2,2,1,216.6,1,15,3,3,2,2,19,3,3,2,2
4,8,3,25,0.4,1,1,1,1,1,251.62,1,11,3,1,3,1,10,3,1,3,1
4,8,3,26,1.8,1,1,1,1,1,233.28,1,13,1,1,1,1,16,3,1,3,1
4,8,3,27,0.8,1,2,1,1,1,255.73,1,18,3,3,3,3,11,3,3,2,2
4,8,3,28,0.05,3,2,2,2,1,272.98,1,4,3,1,1,3,16,1,3,2,2
4,8,3,29,0.4,2,3,2,2,1,259.19,1,9,1,3,2,2,12,3,3,1,1
4,8,3,30,0.4,1,2,1,1,1,265.3,1,5,3,1,3,1,20,1,3,2,2
4,8,3,31,0.2,1,1,1,2,0,254.05,1,18,3,3,3,3,6,3,3,3,3
4,8,3,32,0.1,1,1,1,1,1,240.69,1,20,3,1,3,1,9,3,3,3,3
4,8,3,33,0.2,1,2,1,1,1,240.52,1,9,1,3,1,3,18,3,3,2,2
4,8,3,34,0.05,2,1,2,1,0,301.17,0,11,3,3,2,2,4,1,1,1,1
4,8,3,35,0.4,2,1,2,2,1,260.48,1,16,1,3,2,2,15,3,3,3,3
4,8,3,36,1.8,1,2,1,1,1,224.54,1,4,1,3,1,3,12,3,1,2,2
4,8,3,37,0.05,1,3,1,1,1,277.03,1,13,1,1,1,1,15,3,1,1,3
4,8,3,38,0.2,1,1,1,1,1,249.9,1,9,3,3,3,3,10,1,3,1,3
4,8,3,39,0.2,1,2,1,1,1,282.39,1,3,3,3,3,3,6,3,3,2,2
4,8,3,40,0.2,1,1,1,2,0,276.06,1,7,3,3,3,3,5,1,1,1,1
4,8,3,41,0.4,1,3,1,1,1,268.98,1,9,1,3,1,3,10,3,1,1,3
4,8,3,42,0.2,2,2,2,1,0,245.94,1,3,3,3,2,2,15,1,1,2,2
4,8,3,43,0.8,2,1,2,2,1,253.24,1,16,3,3,2,2,6,1,3,1,3
4,8,3,44,0.8,2,2,2,2,1,241.31,1,20,3,3,2,2,6,1,3,2,2
4,8,3,45,0.8,1,1,1,1,1,267.25,1,16,1,3,1,3,20,1,1,1,1
4,8,3,46,0.05,1,3,1,1,1,244.69,1,8,3,1,3,1,6,1,3,3,1
4,8,3,47,0.1,1,1,1,1,1,242.15,1,15,1,1,1,1,10,1,3,1,3
4,8,3,48,0.4,3,2,2,2,1,239.56,1,19,3,1,1,3,7,3,1,2,2
4,8,3,49,0.05,1,2,1,1,1,293.25,1,1,1,1,1,1,4,1,3,2,2
4,8,3,50,0.2,1,3,1,1,1,287.25,1,4,3,3,3,3,15,1,3,3,1
4,8,3,51,0.8,3,2,2,2,1,263.43,1,20,1,3,3,1,17,1,3,2,2
4,8,3,52,0.05,1,1,1,1,1,267.04,1,2,3,1,3,1,8,1,1,1,1
4,8,3,53,1.8,1,2,1,1,1,220.98,1,13,1,1,1,1,10,1,3,2,2
4,8,3,54,0.05,1,3,1,1,1,268.43,1,3,3,1,3,1,7,3,3,1,1
4,8,3,55,0.2,3,2,2,2,1,238.17,1,18,3,1,1,3,10,1,1,2,2
4,8,3,56,0.4,1,3,1,1,1,270.84,1,16,1,1,1,1,1,3,1,1,3
4,8,3,57,0.1,2,2,2,2,1,253.78,1,4,1,1,2,2,9,1,1,2,2
4,8,3,58,0.1,2,3,2,1,0,285.8,1,20,3,1,2,2,4,1,3,3,1
4,8,3,59,0.8,2,2,2,2,1,200.1,1,17,1,3,2,2,13,1,1,2,2
4,8,3,60,0.1,1,3,1,1,1,240.66,1,10,3,3,3,3,20,1,1,3,3
4,8,3,61,0.4,1,3,1,1,1,236.76,1,1,3,1,3,1,15,3,1,1,3
4,8,3,62,1.8,2,2,2,1,0,214.53,1,13,3,1,2,2,11,1,1,2,2
4,8,3,63,0.4,1,1,1,1,1,226.66,1,4,3,1,3,1,8,1,3,1,3
4,8,3,64,0.05,3,1,2,2,1,321.27,0,14,3,1,1,3,17,3,3,3,3
4,8,3,65,0.2,2,2,2,2,1,262.24,1,11,1,1,2,2,3,3,3,2,2
4,8,3,66,1.8,2,3,2,2,1,221.38,1,14,1,3,2,2,7,3,1,1,3
4,8,3,67,0.4,1,1,1,1,1,40.052,2,12,3,3,3,3,3,3,3,3,3
4,8,3,68,0.4,2,1,2,2,1,217.93,1,10,1,3,2,2,11,1,1,1,1
4,8,3,69,0.4,1,1,1,1,1,250.41,1,18,1,1,1,1,3,3,3,3,3
4,8,3,70,0.1,1,1,1,1,1,312.68,0,6,3,1,3,1,15,1,1,1,1
4,8,3,71,0.2,2,1,2,1,0,243.76,1,15,3,3,2,2,5,3,3,3,3
4,8,3,72,1.8,2,1,2,1,0,232.06,1,6,1,3,2,2,8,3,1,3,1
4,8,3,73,0.4,3,1,2,2,1,226.48,1,17,3,1,1,3,2,3,1,3,1
4,8,3,74,1.8,1,2,1,1,1,442.6,0,5,3,1,3,1,6,3,3,2,2
4,8,3,75,0.1,3,2,2,1,0,287.37,1,10,3,3,1,1,20,3,3,2,2
4,8,3,76,0.1,1,1,1,1,1,259.18,1,19,1,3,1,3,15,3,3,3,3
4,8,3,77,0.2,3,3,2,2,1,276.97,1,10,3,3,1,1,7,3,1,1,3
4,8,3,78,0.8,2,2,2,2,1,254.26,1,14,1,3,2,2,3,3,1,2,2
4,8,4,1,0.05,1,2,1,1,1,264.61,1,17,3,3,3,3,13,1,1,2,2
4,8,4,2,0.4,1,1,1,1,1,101.82,1,19,3,1,3,1,4,1,1,1,1
4,8,4,3,0.8,3,2,2,2,1,219.2,1,6,3,3,1,1,17,1,3,2,2
4,8,4,4,1.8,2,3,2,2,1,210.51,1,7,1,3,2,2,14,1,1,3,3
4,8,4,5,0.2,3,1,2,2,1,255.99,1,16,1,1,3,3,5,1,3,1,3
4,8,4,6,0.1,2,1,2,2,1,277.26,1,7,1,3,2,2,10,3,1,3,1
4,8,4,7,0.05,1,3,1,1,1,249.33,1,6,1,3,1,3,6,1,3,3,1
4,8,4,8,0.4,2,1,2,1,0,242.94,1,15,3,3,2,2,6,1,3,1,3
4,8,4,9,0.1,3,1,2,2,1,303.53,0,2,3,3,1,1,11,1,3,1,3
4,8,4,10,0.8,3,1,2,2,1,225.4,1,6,3,3,1,1,11,1,3,1,3
4,8,4,11,0.8,3,1,2,2,1,214.82,1,12,1,1,3,3,9,3,3,3,3
4,8,4,12,0.1,1,2,1,1,1,260.69,1,1,1,3,1,3,12,1,3,2,2
4,8,4,13,0.4,2,1,2,2,1,285.11,1,15,3,1,2,2,17,1,1,1,1
4,8,4,14,0.2,3,2,2,2,1,229.03,1,6,3,1,1,3,7,1,1,2,2
4,8,4,15,0.4,2,1,2,2,1,229.95,1,14,1,1,2,2,9,1,3,1,3
4,8,4,16,0.2,1,1,1,1,1,262.74,1,19,1,3,1,3,9,3,3,3,3
4,8,4,17,0.8,2,1,2,2,1,229.27,1,11,1,1,2,2,13,3,3,3,3
4,8,4,18,0.4,1,3,1,1,1,243.01,1,4,1,3,1,3,6,3,1,1,3
4,8,4,19,0.05,1,3,1,1,1,291.73,1,6,1,3,1,3,4,3,1,1,3
4,8,4,20,1.8,1,1,1,1,1,203.95,1,5,3,3,3,3,8,3,1,3,1
4,8,4,21,0.1,3,2,2,2,1,279.22,1,18,3,1,1,3,20,1,1,2,2
4,8,4,22,0.1,1,2,1,1,1,237.96,1,8,1,3,1,3,11,3,1,2,2
4,8,4,23,0.4,2,2,2,2,1,233.48,1,18,3,3,2,2,16,1,1,2,2
4,8,4,24,0.8,2,1,2,2,1,233.32,1,14,3,1,2,2,4,1,3,1,3
4,8,4,25,0.05,1,1,1,1,1,318.91,0,15,3,3,3,3,8,3,3,3,3
4,8,4,26,1.8,2,3,2,2,1,233.71,1,19,1,3,2,2,6,3,1,1,3
4,8,4,27,0.8,3,1,2,2,1,246.7,1,13,1,3,3,1,9,1,1,1,1
4,8,4,28,0.05,1,3,1,1,1,262.13,1,7,1,1,1,1,4,3,1,1,3
4,8,4,29,0.4,3,1,2,2,1,267.74,1,18,1,1,3,3,19,3,3,3,3
4,8,4,30,1.8,2,1,2,2,1,264.69,1,6,1,3,2,2,17,1,1,1,1
4,8,4,31,0.4,2,3,2,2,1,230.22,1,18,1,1,2,2,17,3,1,1,3
4,8,4,32,0.1,3,3,2,2,1,246.93,1,8,3,1,1,3,9,3,1,1,3
4,8,4,33,0.8,1,2,1,1,1,270.8,1,1,3,1,3,1,16,3,1,2,2
4,8,4,34,1.8,1,1,1,1,1,232.87,1,9,3,1,3,1,19,1,1,1,1
4,8,4,35,0.2,3,2,2,2,1,269.35,1,8,1,1,3,3,13,1,3,2,2
4,8,4,36,0.4,3,1,2,2,1,172.17,1,17,3,3,1,1,5,3,3,3,3
4,8,4,37,0.05,3,1,2,2,1,300.31,0,17,3,3,1,1,1,3,3,3,3
4,8,4,38,0.4,3,2,2,2,1,249.29,1,15,3,3,1,1,12,3,1,2,2
4,8,4,39,0.2,3,3,2,2,1,211.79,1,13,1,3,3,1,6,3,3,1,1
4,8,4,40,0.1,1,2,1,1,1,245.41,1,4,3,1,3,1,2,3,1,2,2
4,8,4,41,0.8,2,3,2,2,1,232.48,1,7,1,1,2,2,5,1,1,3,3
4,8,4,42,1.8,1,1,1,1,1,236.68,1,5,3,3,3,3,20,1,1,1,1
4,8,4,43,0.2,3,2,2,2,1,218.39,1,8,3,3,1,1,11,1,3,2,2
4,8,4,44,1.8,2,1,2,2,1,220.2,1,7,3,3,2,2,2,1,1,1,1
4,8,4,45,0.2,2,2,2,2,1,248,1,10,1,3,2,2,7,1,3,2,2
4,8,4,46,0.05,1,2,1,1,1,285.52,1,6,1,3,1,3,6,3,1,2,2
4,8,4,47,0.05,1,3,1,1,1,244.65,1,17,1,1,1,1,3,3,1,1,3
4,8,4,48,0.05,1,1,1,1,1,231.66,1,8,1,3,1,3,10,1,1,1,1
4,8,4,49,0.05,1,3,1,1,1,241.56,1,16,1,3,1,3,10,1,3,3,1
4,8,4,50,1.8,1,2,1,1,1,218.76,1,17,3,3,3,3,12,3,3,2,2
4,8,4,51,0.2,2,1,2,2,1,257.37,1,9,3,3,2,2,10,1,3,1,3
4,8,4,52,0.05,2,2,2,2,1,295.76,1,15,1,3,2,2,10,3,1,2,2
4,8,4,53,0.8,1,1,NaN,NaN,NaN,NaN,NaN,17,1,3,1,3,19,3,1,3,1
4,8,4,54,0.05,1,3,1,1,1,244.77,1,2,3,3,3,3,5,3,1,1,3
4,8,4,55,0.2,2,3,2,2,1,241.44,1,20,3,3,2,2,3,3,3,1,1
4,8,4,56,0.1,2,1,2,2,1,276.02,1,18,1,1,2,2,3,1,3,1,3
4,8,4,57,0.8,1,3,1,1,1,254.85,1,13,1,3,1,3,6,3,1,1,3
4,8,4,58,0.8,3,2,2,2,1,235.89,1,1,1,3,3,1,8,1,3,2,2
4,8,4,59,0.1,1,3,1,1,1,258.62,1,15,3,3,3,3,5,1,3,3,1
4,8,4,60,1.8,3,2,2,2,1,232.52,1,1,1,1,3,3,10,3,1,2,2
4,8,4,61,0.1,1,3,1,1,1,252.24,1,5,3,1,3,1,4,1,1,3,3
4,8,4,62,1.8,1,3,1,1,1,250.1,1,20,3,1,3,1,13,1,3,3,1
4,8,4,63,0.2,2,2,2,2,1,273.55,1,16,1,3,2,2,4,3,3,2,2
4,8,4,64,0.2,1,1,1,1,1,232.34,1,9,3,1,3,1,16,3,3,3,3
4,8,4,65,1.8,2,3,2,2,1,428.18,0,15,1,3,2,2,10,1,1,3,3
4,8,4,66,0.2,1,3,1,1,1,275.02,1,1,3,1,3,1,2,1,3,3,1
4,8,4,67,0.4,1,1,1,1,1,277.94,1,6,1,3,1,3,14,3,1,3,1
4,8,4,68,1.8,1,3,1,1,1,229.28,1,4,1,3,1,3,18,1,3,3,1
4,8,4,69,0.8,2,1,2,2,1,221.69,1,16,1,1,2,2,15,1,1,1,1
4,8,4,70,0.4,3,2,2,2,1,245.54,1,16,3,1,1,3,6,3,1,2,2
4,8,4,71,0.4,1,3,1,1,1,239.87,1,3,1,3,1,3,13,1,3,3,1
4,8,4,72,0.8,2,3,2,1,0,258.52,1,15,3,3,2,2,17,3,1,1,3
4,8,4,73,0.1,2,3,2,1,0,449.62,0,16,3,1,2,2,19,1,3,3,1
4,8,4,74,0.1,1,1,1,1,1,193.51,1,8,1,3,1,3,13,3,3,3,3
4,8,4,75,0.2,2,1,2,2,1,235.6,1,14,3,1,2,2,19,3,3,3,3
4,8,4,76,1.8,2,3,2,1,0,225.8,1,13,3,3,2,2,2,3,3,1,1
4,8,4,77,0.1,1,3,1,2,0,277.7,1,20,3,1,3,1,20,1,1,3,3
4,8,4,78,0.05,2,3,2,1,0,274.77,1,20,1,1,2,2,4,1,1,3,3
4,8,5,1,0.05,1,3,1,1,1,224.62,1,1,3,3,3,3,8,1,1,3,3
4,8,5,2,0.8,1,2,1,1,1,191.23,1,12,3,1,3,1,16,1,1,2,2
4,8,5,3,0.05,3,1,2,1,0,246.41,1,12,3,1,1,3,3,1,1,1,1
4,8,5,4,0.05,1,2,1,1,1,178.35,1,20,1,1,1,1,15,1,3,2,2
4,8,5,5,0.05,1,2,1,1,1,214.55,1,1,3,3,3,3,18,3,3,2,2
4,8,5,6,0.2,1,3,1,1,1,174.37,1,4,3,1,3,1,17,3,3,1,1
4,8,5,7,0.8,1,1,1,1,1,230.45,1,20,3,3,3,3,16,3,1,3,1
4,8,5,8,0.4,3,3,2,2,1,189.56,1,16,1,1,3,3,8,1,3,3,1
4,8,5,9,1.8,1,3,1,1,1,187.43,1,1,3,1,3,1,20,1,3,3,1
4,8,5,10,0.4,1,2,1,1,1,229.87,1,15,3,3,3,3,14,3,3,2,2
4,8,5,11,0.8,2,1,2,2,1,231.31,1,16,1,1,2,2,5,3,3,3,3
4,8,5,12,0.1,3,2,2,2,1,258.75,1,7,1,1,3,3,10,3,1,2,2
4,8,5,13,0.8,2,2,2,2,1,221.36,1,6,1,1,2,2,3,3,1,2,2
4,8,5,14,0.8,1,1,1,1,1,246.08,1,20,1,1,1,1,20,1,3,1,3
4,8,5,15,0.2,1,1,1,1,1,236.08,1,13,1,3,1,3,17,3,1,3,1
4,8,5,16,0.2,3,2,2,2,1,218.42,1,16,1,3,3,1,2,3,3,2,2
4,8,5,17,0.05,2,2,2,2,1,294.72,1,3,3,3,2,2,20,1,3,2,2
4,8,5,18,0.1,2,3,2,2,1,253.44,1,14,1,3,2,2,3,1,3,3,1
4,8,5,19,0.2,1,1,1,1,1,64.282,2,3,1,3,1,3,19,3,3,3,3
4,8,5,20,1.8,1,2,1,1,1,394.89,0,7,1,3,1,3,9,1,1,2,2
4,8,5,21,0.4,3,3,2,2,1,253.54,1,16,3,3,1,1,19,1,3,3,1
4,8,5,22,0.4,2,2,2,1,0,243.91,1,12,1,1,2,2,6,1,3,2,2
4,8,5,23,0.1,2,1,2,1,0,231.65,1,12,3,1,2,2,5,3,3,3,3
4,8,5,24,0.2,1,1,1,1,1,174.41,1,17,3,1,3,1,1,1,3,1,3
4,8,5,25,1.8,1,3,1,1,1,216.5,1,20,3,1,3,1,17,3,1,1,3
4,8,5,26,1.8,1,1,1,1,1,248.61,1,19,3,1,3,1,10,3,3,3,3
4,8,5,27,0.05,1,3,1,1,1,237.8,1,12,1,3,1,3,15,3,1,1,3
4,8,5,28,1.8,1,2,1,1,1,241.97,1,9,3,3,3,3,3,1,1,2,2
4,8,5,29,0.4,1,2,1,1,1,238.25,1,12,1,3,1,3,13,3,3,2,2
4,8,5,30,0.4,3,3,2,2,1,336.76,0,7,1,3,3,1,20,3,3,1,1
4,8,5,31,1.8,1,1,1,1,1,221.97,1,9,3,3,3,3,16,3,1,3,1
4,8,5,32,0.4,3,2,2,2,1,261.46,1,18,1,3,3,1,2,1,3,2,2
4,8,5,33,0.8,1,1,1,1,1,261.03,1,11,1,3,1,3,16,3,1,3,1
4,8,5,34,0.2,2,1,2,1,0,273.62,1,7,1,1,2,2,4,3,3,3,3
4,8,5,35,0.8,1,3,1,1,1,264.64,1,20,1,1,1,1,1,3,1,1,3
4,8,5,36,0.05,1,1,1,2,0,307.13,0,2,1,1,1,1,8,3,1,3,1
4,8,5,37,0.2,1,2,1,1,1,267.44,1,2,1,1,1,1,12,3,1,2,2
4,8,5,38,0.2,2,3,2,1,0,232.16,1,17,3,1,2,2,18,1,1,3,3
4,8,5,39,0.1,3,1,2,2,1,286.55,1,12,1,3,3,1,5,1,3,1,3
4,8,5,40,0.05,1,3,1,1,1,262.78,1,17,3,3,3,3,19,3,3,1,1
4,8,5,41,0.2,2,3,2,1,0,257.01,1,4,3,3,2,2,16,1,1,3,3
4,8,5,42,0.05,1,3,1,1,1,288.66,1,2,1,1,1,1,14,1,3,3,1
4,8,5,43,0.1,2,3,2,2,1,313.7,0,7,1,1,2,2,2,1,1,3,3
4,8,5,44,0.8,1,1,1,1,1,202.27,1,14,3,1,3,1,18,3,1,3,1
4,8,5,45,0.05,3,1,2,2,1,303.51,0,15,1,1,3,3,20,1,3,1,3
4,8,5,46,0.1,1,1,1,1,1,242.11,1,11,3,3,3,3,12,3,3,3,3
4,8,5,47,0.1,3,2,2,2,1,353.01,0,13,3,1,1,3,15,1,3,2,2
4,8,5,48,1.8,1,1,1,1,1,192.18,1,11,3,1,3,1,18,3,1,3,1
4,8,5,49,0.05,2,2,2,2,1,279.85,1,19,1,3,2,2,7,3,3,2,2
4,8,5,50,0.1,2,3,2,2,1,255.81,1,3,1,3,2,2,13,1,3,3,1
4,8,5,51,0.4,3,3,2,2,1,209.46,1,19,1,3,3,1,1,1,3,3,1
4,8,5,52,0.1,2,2,2,2,1,272.08,1,7,3,3,2,2,10,3,3,2,2
4,8,5,53,0.8,1,1,1,1,1,231.33,1,20,3,1,3,1,18,1,1,1,1
4,8,5,54,0.2,1,2,1,1,1,249.43,1,1,1,1,1,1,17,1,3,2,2
4,8,5,55,0.8,2,1,2,2,1,232.29,1,10,3,3,2,2,19,1,3,1,3
4,8,5,56,1.8,1,2,1,1,1,224.42,1,2,3,3,3,3,14,3,1,2,2
4,8,5,57,0.1,3,2,2,2,1,251.92,1,7,1,3,3,1,10,3,1,2,2
4,8,5,58,0.1,3,2,2,2,1,289.28,1,18,1,1,3,3,12,1,3,2,2
4,8,5,59,1.8,1,1,1,1,1,202.54,1,20,3,1,3,1,11,3,1,3,1
4,8,5,60,0.2,1,1,1,1,1,231.97,1,9,3,3,3,3,17,1,1,1,1
4,8,5,61,0.4,2,3,2,2,1,248.43,1,17,1,1,2,2,5,3,3,1,1
4,8,5,62,0.4,3,1,2,2,1,223.46,1,1,1,1,3,3,11,3,1,3,1
4,8,5,63,0.1,3,2,2,2,1,316.34,0,20,1,1,3,3,4,1,3,2,2
4,8,5,64,0.8,1,1,1,1,1,243.07,1,18,3,1,3,1,16,3,3,3,3
4,8,5,65,1.8,3,2,2,2,1,224.45,1,16,1,3,3,1,20,3,3,2,2
4,8,5,66,0.1,1,2,1,1,1,273.85,1,18,1,1,1,1,20,3,3,2,2
4,8,5,67,1.8,1,2,1,1,1,199.62,1,9,1,3,1,3,16,1,1,2,2
4,8,5,68,0.4,1,2,1,1,1,196.38,1,1,1,3,1,3,11,1,1,2,2
4,8,5,69,0.8,1,2,1,1,1,222.66,1,10,3,1,3,1,12,1,1,2,2
4,8,5,70,0.4,1,3,1,1,1,379.42,0,18,1,3,1,3,7,1,3,3,1
4,8,5,71,0.8,1,3,1,1,1,203.94,1,2,3,1,3,1,17,3,1,1,3
4,8,5,72,0.2,1,3,NaN,NaN,NaN,NaN,NaN,14,3,3,3,3,17,3,3,1,1
4,8,5,73,0.2,3,1,2,2,1,247.59,1,10,1,3,3,1,15,1,1,1,1
4,8,5,74,0.05,3,2,2,2,1,341.76,0,15,1,3,3,1,16,3,1,2,2
4,8,5,75,0.05,2,2,2,2,1,315.06,0,13,3,1,2,2,1,3,3,2,2
4,8,5,76,1.8,2,3,NaN,NaN,NaN,NaN,NaN,17,1,1,2,2,1,3,3,1,1
4,8,5,77,1.8,1,3,1,1,1,225.35,1,11,1,1,1,1,10,3,1,1,3
4,8,5,78,0.4,1,3,1,1,1,228.7,1,12,1,1,1,1,19,1,3,3,1
4,8,6,1,0.4,2,3,2,2,1,209.77,1,7,1,1,2,2,12,1,3,3,1
4,8,6,2,0.8,2,1,2,2,1,225.46,1,6,3,3,2,2,14,3,1,3,1
4,8,6,3,0.2,1,1,1,1,1,215.24,1,2,1,1,1,1,12,1,1,1,1
4,8,6,4,0.8,2,2,2,1,0,235.12,1,10,1,3,2,2,9,1,1,2,2
4,8,6,5,0.8,1,2,NaN,NaN,NaN,NaN,NaN,3,3,1,3,1,1,1,3,2,2
4,8,6,6,0.1,1,2,1,1,1,253.22,1,2,3,1,3,1,16,3,1,2,2
4,8,6,7,0.05,1,3,1,1,1,265.33,1,4,3,3,3,3,15,3,3,1,1
4,8,6,8,1.8,2,2,2,2,1,242.4,1,1,1,3,2,2,18,1,1,2,2
4,8,6,9,0.05,2,2,2,1,0,291.51,1,15,1,3,2,2,8,3,3,2,2
4,8,6,10,0.8,1,2,1,2,0,239.22,1,2,1,1,1,1,2,1,1,2,2
4,8,6,11,0.05,2,1,2,2,1,329.08,0,11,1,1,2,2,12,3,3,3,3
4,8,6,12,0.05,3,3,2,2,1,290.99,1,14,3,3,1,1,10,1,3,3,1
4,8,6,13,0.8,2,2,2,1,0,219.73,1,10,1,1,2,2,15,3,3,2,2
4,8,6,14,0.2,1,1,1,1,1,263.64,1,5,1,3,1,3,16,3,3,3,3
4,8,6,15,0.4,1,2,1,1,1,278.93,1,9,1,3,1,3,7,3,3,2,2
4,8,6,16,0.8,1,2,1,1,1,212.26,1,16,3,3,3,3,5,3,1,2,2
4,8,6,17,0.8,1,2,1,1,1,232.5,1,14,1,3,1,3,7,3,3,2,2
4,8,6,18,0.1,3,1,2,2,1,313.79,0,12,1,1,3,3,9,1,1,1,1
4,8,6,19,0.05,3,3,2,2,1,329.94,0,8,3,1,1,3,11,3,3,1,1
4,8,6,20,1.8,1,2,1,1,1,235.93,1,6,3,3,3,3,7,3,3,2,2
4,8,6,21,0.1,2,1,2,2,1,302.08,0,18,3,3,2,2,19,3,3,3,3
4,8,6,22,0.4,2,2,2,2,1,210.15,1,13,1,1,2,2,15,1,1,2,2
4,8,6,23,1.8,1,2,1,2,0,218.42,1,15,1,3,1,3,18,3,3,2,2
4,8,6,24,0.4,2,1,2,2,1,197.41,1,3,1,1,2,2,18,1,1,1,1
4,8,6,25,0.8,2,1,2,2,1,258.89,1,13,3,3,2,2,9,3,1,3,1
4,8,6,26,1.8,3,3,NaN,NaN,NaN,NaN,NaN,14,1,3,3,1,12,1,1,3,3
4,8,6,27,0.1,1,1,1,1,1,252.39,1,10,3,1,3,1,9,1,1,1,1
4,8,6,28,0.4,1,1,1,1,1,256.09,1,10,3,3,3,3,4,1,1,1,1
4,8,6,29,0.05,1,1,1,1,1,297.67,1,4,3,1,3,1,7,3,1,3,1
4,8,6,30,0.1,1,3,1,1,1,208.8,1,3,3,3,3,3,18,1,3,3,1
4,8,6,31,1.8,1,1,1,1,1,240.96,1,19,3,1,3,1,9,3,3,3,3
4,8,6,32,0.1,1,3,1,1,1,239.58,1,8,3,1,3,1,14,1,3,3,1
4,8,6,33,0.4,1,3,1,1,1,253.64,1,4,1,3,1,3,1,3,1,1,3
4,8,6,34,0.2,1,1,1,1,1,263.05,1,13,3,1,3,1,19,1,1,1,1
4,8,6,35,0.1,1,1,1,2,0,323.9,0,1,1,1,1,1,6,3,3,3,3
4,8,6,36,1.8,2,1,2,1,0,224.31,1,5,3,1,2,2,2,1,1,1,1
4,8,6,37,0.1,3,1,2,2,1,303.18,0,7,3,1,1,3,16,1,1,1,1
4,8,6,38,0.2,1,2,1,1,1,231.28,1,4,3,3,3,3,20,3,3,2,2
4,8,6,39,0.2,1,2,1,1,1,207.54,1,2,3,3,3,3,17,1,1,2,2
4,8,6,40,0.8,1,3,1,1,1,209.72,1,15,3,1,3,1,17,3,3,1,1
4,8,6,41,0.4,3,2,2,2,1,219.1,1,14,1,3,3,1,8,3,3,2,2
4,8,6,42,0.4,1,1,1,1,1,253.04,1,5,1,3,1,3,16,3,1,3,1
4,8,6,43,0.2,2,1,2,2,1,250.57,1,15,1,1,2,2,2,1,1,1,1
4,8,6,44,0.1,3,2,2,1,0,246.99,1,3,1,3,3,1,20,3,1,2,2
4,8,6,45,0.1,1,3,1,1,1,232.92,1,7,1,3,1,3,20,3,3,1,1
4,8,6,46,0.05,1,2,1,1,1,315.02,0,7,1,3,1,3,8,1,1,2,2
4,8,6,47,0.2,1,2,1,1,1,255.03,1,10,1,1,1,1,4,3,1,2,2
4,8,6,48,0.2,3,2,2,2,1,225.83,1,5,3,1,1,3,20,1,3,2,2
4,8,6,49,0.2,3,1,2,2,1,242.97,1,10,3,1,1,3,7,1,1,1,1
4,8,6,50,0.4,2,2,2,1,0,200.06,1,16,3,3,2,2,19,3,3,2,2
4,8,6,51,0.4,3,1,2,2,1,241.63,1,3,3,3,1,1,16,1,3,1,3
4,8,6,52,0.2,1,2,1,1,1,145.55,1,10,1,1,1,1,10,1,1,2,2
4,8,6,53,0.4,1,2,1,1,1,204.85,1,6,3,3,3,3,9,3,1,2,2
4,8,6,54,0.05,1,3,1,1,1,256.45,1,10,3,3,3,3,16,3,3,1,1
4,8,6,55,0.8,2,2,2,2,1,279.79,1,14,3,1,2,2,20,1,3,2,2
4,8,6,56,1.8,1,2,1,1,1,186.31,1,16,3,1,3,1,7,3,1,2,2
4,8,6,57,0.1,3,3,2,2,1,307.23,0,13,3,3,1,1,8,1,1,3,3
4,8,6,58,0.2,1,1,1,1,1,265.6,1,19,3,3,3,3,2,3,3,3,3
4,8,6,59,0.8,1,3,1,1,1,222.32,1,7,3,1,3,1,1,3,1,1,3
4,8,6,60,0.2,1,2,1,1,1,229.47,1,7,1,1,1,1,14,1,1,2,2
4,8,6,61,0.05,1,2,1,1,1,266.4,1,20,3,1,3,1,19,1,1,2,2
4,8,6,62,0.2,1,3,1,1,1,239.98,1,6,1,1,1,1,8,1,1,3,3
4,8,6,63,1.8,3,2,NaN,NaN,NaN,NaN,NaN,1,1,1,3,3,16,1,3,2,2
4,8,6,64,1.8,3,2,2,2,1,231.36,1,10,3,3,1,1,20,3,3,2,2
4,8,6,65,1.8,3,1,2,2,1,221.54,1,14,3,3,1,1,19,3,3,3,3
4,8,6,66,0.05,2,2,2,2,1,311.76,0,15,3,3,2,2,4,3,1,2,2
4,8,6,67,1.8,3,3,2,2,1,231.29,1,15,1,1,3,3,3,1,1,3,3
4,8,6,68,0.05,3,3,2,2,1,246.19,1,9,3,1,1,3,19,1,3,3,1
4,8,6,69,0.4,3,3,2,2,1,229.73,1,15,3,1,1,3,5,3,3,1,1
4,8,6,70,0.8,1,2,1,1,1,200.84,1,19,1,3,1,3,17,3,3,2,2
4,8,6,71,1.8,2,3,2,2,1,216.51,1,5,1,1,2,2,16,3,3,1,1
4,8,6,72,0.1,1,2,1,1,1,190.29,1,18,3,1,3,1,14,1,3,2,2
4,8,6,73,0.4,3,1,2,2,1,243.42,1,19,1,1,3,3,17,1,1,1,1
4,8,6,74,0.1,1,1,1,1,1,228.6,1,1,1,1,1,1,10,1,1,1,1
4,8,6,75,1.8,2,2,2,2,1,220.57,1,2,3,3,2,2,20,3,1,2,2
4,8,6,76,0.05,1,1,1,1,1,209.16,1,17,3,1,3,1,7,1,1,1,1
4,8,6,77,0.8,1,1,NaN,NaN,NaN,NaN,NaN,6,1,3,1,3,17,3,3,3,3
4,8,6,78,0.05,3,2,2,2,1,284.26,1,14,1,1,3,3,9,3,3,2,2
4,8,7,1,0.05,3,2,2,1,0,254.79,1,5,3,1,1,3,11,3,3,2,2
4,8,7,2,0.1,1,1,1,1,1,217.25,1,11,1,1,1,1,16,1,1,1,1
4,8,7,3,1.8,1,2,1,1,1,212.64,1,4,1,1,1,1,10,1,3,2,2
4,8,7,4,0.1,3,2,2,2,1,241.38,1,8,1,3,3,1,14,3,3,2,2
4,8,7,5,0.8,3,2,NaN,NaN,NaN,NaN,NaN,15,3,3,1,1,13,1,3,2,2
4,8,7,6,0.8,2,2,2,2,1,231.28,1,3,3,3,2,2,15,1,1,2,2
4,8,7,7,0.05,2,2,2,1,0,236.23,1,19,3,1,2,2,20,1,3,2,2
4,8,7,8,0.8,2,3,2,2,1,219.29,1,8,3,1,2,2,20,1,1,3,3
4,8,7,9,0.2,1,2,1,1,1,245.02,1,5,3,3,3,3,12,3,3,2,2
4,8,7,10,0.4,1,2,1,1,1,174.1,1,15,1,1,1,1,9,3,3,2,2
4,8,7,11,0.4,1,3,1,1,1,258.23,1,15,3,1,3,1,4,1,3,3,1
4,8,7,12,1.8,1,1,1,1,1,245.36,1,5,1,3,1,3,5,3,3,3,3
4,8,7,13,0.05,1,2,1,1,1,290.99,1,19,1,3,1,3,9,3,1,2,2
4,8,7,14,0.8,1,1,1,1,1,246.95,1,11,3,1,3,1,16,1,1,1,1
4,8,7,15,0.05,1,2,1,1,1,226.09,1,5,3,1,3,1,20,1,3,2,2
4,8,7,16,0.4,3,2,2,2,1,249.16,1,4,1,3,3,1,4,1,3,2,2
4,8,7,17,0.1,1,3,1,1,1,293.24,1,19,3,1,3,1,4,1,1,3,3
4,8,7,18,0.05,2,1,2,1,0,241.57,1,17,3,3,2,2,3,3,1,3,1
4,8,7,19,0.8,1,3,1,1,1,206.38,1,4,3,3,3,3,13,3,1,1,3
4,8,7,20,0.4,2,1,2,2,1,189.63,1,15,1,1,2,2,3,1,3,1,3
4,8,7,21,0.2,1,3,1,1,1,242.65,1,11,1,1,1,1,18,1,3,3,1
4,8,7,22,0.1,3,2,2,2,1,290.73,1,6,3,1,1,3,14,1,3,2,2
4,8,7,23,0.8,1,1,NaN,NaN,NaN,NaN,NaN,15,1,1,1,1,20,1,3,1,3
4,8,7,24,0.05,2,1,2,2,1,330.07,0,6,1,3,2,2,12,3,1,3,1
4,8,7,25,0.4,3,2,2,2,1,282.79,1,8,1,3,3,1,5,1,3,2,2
4,8,7,26,0.2,2,2,2,2,1,268.3,1,17,3,3,2,2,18,3,3,2,2
4,8,7,27,0.2,3,2,2,2,1,234.47,1,11,1,1,3,3,13,3,3,2,2
4,8,7,28,0.2,3,3,2,2,1,225.72,1,4,1,1,3,3,19,3,3,1,1
4,8,7,29,0.4,3,3,2,2,1,223.41,1,19,1,1,3,3,18,3,1,1,3
4,8,7,30,1.8,1,2,NaN,NaN,NaN,NaN,NaN,3,3,3,3,3,16,1,1,2,2
4,8,7,31,1.8,1,1,1,1,1,208.5,1,5,3,1,3,1,18,1,1,1,1
4,8,7,32,0.1,1,2,1,1,1,246.34,1,16,3,3,3,3,15,3,1,2,2
4,8,7,33,0.1,1,2,1,1,1,193.53,1,5,3,3,3,3,5,3,3,2,2
4,8,7,34,0.8,2,2,2,2,1,225.99,1,18,3,1,2,2,13,3,1,2,2
4,8,7,35,1.8,3,1,2,2,1,273.61,1,11,1,3,3,1,19,3,3,3,3
4,8,7,36,0.05,1,1,1,1,1,294.66,1,5,3,1,3,1,11,3,3,3,3
4,8,7,37,0.4,1,3,1,1,1,245.48,1,12,3,3,3,3,1,1,3,3,1
4,8,7,38,0.2,2,3,2,1,0,229.18,1,18,1,3,2,2,10,1,1,3,3
4,8,7,39,0.1,3,3,2,2,1,290.83,1,18,1,1,3,3,12,3,1,1,3
4,8,7,40,1.8,3,2,2,2,1,242.67,1,5,3,1,1,3,3,1,3,2,2
4,8,7,41,0.2,2,3,2,2,1,251.89,1,3,3,3,2,2,2,1,3,3,1
4,8,7,42,0.8,3,3,2,2,1,235.87,1,15,1,1,3,3,8,3,3,1,1
4,8,7,43,0.1,1,3,1,1,1,225.05,1,20,3,3,3,3,6,3,1,1,3
4,8,7,44,0.8,3,1,2,2,1,51.644,2,15,3,1,1,3,3,1,3,1,3
4,8,7,45,0.2,1,1,1,1,1,213.16,1,6,3,1,3,1,8,1,3,1,3
4,8,7,46,1.8,3,2,2,2,1,211.65,1,13,1,1,3,3,11,3,3,2,2
4,8,7,47,0.05,1,3,1,1,1,298.64,1,3,1,1,1,1,3,3,1,1,3
4,8,7,48,0.2,2,1,2,2,1,245.16,1,2,1,1,2,2,16,3,3,3,3
4,8,7,49,0.1,3,1,2,2,1,289.66,1,18,1,3,3,1,19,1,1,1,1
4,8,7,50,0.05,1,3,1,1,1,277.9,1,3,3,3,3,3,3,1,3,3,1
4,8,7,51,0.05,2,1,2,1,0,281.9,1,13,3,1,2,2,5,3,3,3,3
4,8,7,52,0.8,3,1,2,2,1,232.8,1,11,1,3,3,1,2,1,3,1,3
4,8,7,53,0.2,2,1,2,1,0,185.03,1,15,3,1,2,2,11,1,3,1,3
4,8,7,54,1.8,3,3,2,1,0,193.01,1,1,3,3,1,1,1,3,1,1,3
4,8,7,55,0.4,3,2,2,2,1,223.01,1,18,1,3,3,1,19,1,3,2,2
4,8,7,56,0.4,2,3,2,2,1,168.67,1,3,3,1,2,2,5,3,3,1,1
4,8,7,57,1.8,1,3,NaN,NaN,NaN,NaN,NaN,6,1,3,1,3,7,3,1,1,3
4,8,7,58,0.2,1,2,1,1,1,243.16,1,9,1,3,1,3,14,1,1,2,2
4,8,7,59,0.1,2,2,2,2,1,313.59,0,10,1,3,2,2,6,1,3,2,2
4,8,7,60,0.1,1,3,1,2,0,222.31,1,5,1,1,1,1,9,3,1,1,3
4,8,7,61,0.2,2,2,2,2,1,220.74,1,7,3,1,2,2,15,3,3,2,2
4,8,7,62,0.4,3,3,2,2,1,291.14,1,9,1,3,3,1,18,3,3,1,1
4,8,7,63,0.05,3,3,2,1,0,287.14,1,6,1,3,3,1,15,1,3,3,1
4,8,7,64,1.8,3,3,2,2,1,262.97,1,8,3,1,1,3,17,1,1,3,3
4,8,7,65,1.8,3,3,2,2,1,206.62,1,13,1,1,3,3,14,3,1,1,3
4,8,7,66,0.4,1,1,1,1,1,223.37,1,10,3,3,3,3,6,1,1,1,1
4,8,7,67,0.8,2,2,2,1,0,225.23,1,20,3,1,2,2,11,3,3,2,2
4,8,7,68,0.1,1,3,1,1,1,279.07,1,7,3,3,3,3,13,3,1,1,3
4,8,7,69,0.05,2,3,2,1,0,301.22,0,13,1,1,2,2,8,3,1,1,3
4,8,7,70,0.4,1,3,1,1,1,259.1,1,9,1,1,1,1,20,3,1,1,3
4,8,7,71,0.8,2,2,2,2,1,208.98,1,4,3,1,2,2,17,1,3,2,2
4,8,7,72,1.8,2,2,2,2,1,239.94,1,12,3,3,2,2,10,1,1,2,2
4,8,7,73,0.1,2,2,2,1,0,263.32,1,16,1,1,2,2,11,1,3,2,2
4,8,7,74,0.2,1,3,1,1,1,254.2,1,18,1,3,1,3,18,1,1,3,3
4,8,7,75,1.8,3,2,2,2,1,222.2,1,11,1,1,3,3,7,3,1,2,2
4,8,7,76,0.8,3,1,2,2,1,227.5,1,18,1,3,3,1,11,3,3,3,3
4,8,7,77,0.4,2,2,2,2,1,228.55,1,19,1,1,2,2,2,1,3,2,2
4,8,7,78,0.05,2,2,2,2,1,290.01,1,11,1,1,2,2,13,3,3,2,2
4,8,8,1,0.1,3,3,2,2,1,331.28,0,13,3,1,1,3,1,3,3,1,1
4,8,8,2,0.1,1,1,1,1,1,240.32,1,13,1,3,1,3,12,3,3,3,3
4,8,8,3,0.4,1,3,1,1,1,199.63,1,14,3,1,3,1,15,3,3,1,1
4,8,8,4,1.8,3,2,2,2,1,214.72,1,1,3,1,1,3,6,1,1,2,2
4,8,8,5,1.8,1,2,1,1,1,234.65,1,7,1,3,1,3,13,1,1,2,2
4,8,8,6,0.1,1,3,1,1,1,180.15,1,7,3,1,3,1,10,3,3,1,1
4,8,8,7,0.2,2,2,2,2,1,265.24,1,8,3,3,2,2,11,3,3,2,2
4,8,8,8,0.8,2,3,2,1,0,252.84,1,12,1,1,2,2,1,3,1,1,3
4,8,8,9,0.05,3,1,2,2,1,211.24,1,16,1,3,3,1,16,3,3,3,3
4,8,8,10,1.8,2,2,NaN,NaN,NaN,NaN,NaN,9,1,3,2,2,10,3,3,2,2
4,8,8,11,0.4,1,3,1,1,1,254.64,1,16,1,1,1,1,5,1,1,3,3
4,8,8,12,0.2,1,2,1,1,1,234.41,1,20,1,1,1,1,8,1,3,2,2
4,8,8,13,1.8,1,2,1,1,1,200.01,1,2,3,3,3,3,5,1,1,2,2
4,8,8,14,0.05,1,2,1,1,1,282.36,1,19,3,3,3,3,12,1,3,2,2
4,8,8,15,0.2,1,3,1,1,1,201.15,1,3,3,3,3,3,6,3,3,1,1
4,8,8,16,0.05,1,1,1,1,1,283.67,1,19,3,3,3,3,18,3,1,3,1
4,8,8,17,1.8,2,2,2,2,1,219.08,1,14,3,3,2,2,8,3,1,2,2
4,8,8,18,1.8,2,2,2,2,1,210.37,1,15,1,3,2,2,8,3,1,2,2
4,8,8,19,0.05,1,2,1,1,1,238.15,1,2,1,1,1,1,8,3,3,2,2
4,8,8,20,0.8,3,3,2,2,1,209.96,1,18,3,1,1,3,17,3,3,1,1
4,8,8,21,0.8,2,2,2,1,0,243.85,1,1,3,3,2,2,7,1,1,2,2
4,8,8,22,0.4,1,2,1,1,1,205.08,1,16,1,3,1,3,6,3,3,2,2
4,8,8,23,0.05,3,1,2,2,1,303.97,0,7,3,3,1,1,10,1,1,1,1
4,8,8,24,0.05,1,2,1,1,1,245.36,1,7,3,1,3,1,11,1,3,2,2
4,8,8,25,0.1,1,2,1,1,1,218.9,1,8,1,3,1,3,16,3,3,2,2
4,8,8,26,1.8,2,3,2,2,1,243.19,1,18,1,1,2,2,19,3,1,1,3
4,8,8,27,1.8,3,1,2,2,1,246.95,1,11,1,1,3,3,16,3,1,3,1
4,8,8,28,0.05,1,3,1,1,1,247.78,1,19,1,1,1,1,16,3,3,1,1
4,8,8,29,0.4,2,1,2,2,1,274.3,1,8,3,1,2,2,12,3,3,3,3
4,8,8,30,0.05,2,2,2,2,1,302.46,0,5,1,1,2,2,11,3,1,2,2
4,8,8,31,0.2,1,2,1,1,1,209.93,1,20,3,1,3,1,13,3,3,2,2
4,8,8,32,0.2,3,3,2,2,1,257.65,1,1,1,3,3,1,10,1,3,3,1
4,8,8,33,0.4,2,2,2,2,1,269.49,1,16,3,1,2,2,9,3,1,2,2
4,8,8,34,0.1,1,1,1,1,1,247.35,1,10,1,1,1,1,14,1,1,1,1
4,8,8,35,0.4,1,2,1,1,1,241.03,1,15,3,1,3,1,6,1,1,2,2
4,8,8,36,0.05,1,2,1,1,1,274.29,1,6,1,1,1,1,5,1,3,2,2
4,8,8,37,0.4,3,2,2,2,1,237.98,1,20,1,1,3,3,18,1,3,2,2
4,8,8,38,0.8,1,1,1,1,1,203.76,1,7,1,3,1,3,14,1,1,1,1
4,8,8,39,0.4,1,1,1,1,1,230.07,1,20,1,3,1,3,5,1,1,1,1
4,8,8,40,0.05,2,3,2,2,1,262.95,1,19,1,1,2,2,9,1,1,3,3
4,8,8,41,0.4,1,2,1,1,1,209.13,1,19,3,1,3,1,12,1,3,2,2
4,8,8,42,1.8,3,2,2,2,1,225.36,1,8,3,3,1,1,8,3,1,2,2
4,8,8,43,0.8,3,3,2,2,1,251.62,1,2,3,3,1,1,1,1,1,3,3
4,8,8,44,0.8,2,2,2,2,1,241.14,1,16,3,1,2,2,1,1,1,2,2
4,8,8,45,0.2,1,2,1,1,1,269.12,1,2,1,3,1,3,12,3,3,2,2
4,8,8,46,0.1,1,2,1,1,1,250.43,1,20,1,3,1,3,16,1,1,2,2
4,8,8,47,0.05,1,1,1,1,1,301.49,0,3,1,1,1,1,10,3,1,3,1
4,8,8,48,0.8,1,3,1,1,1,254.68,1,6,1,3,1,3,15,3,1,1,3
4,8,8,49,0.1,3,2,2,2,1,255.16,1,9,3,3,1,1,19,1,3,2,2
4,8,8,50,0.1,1,2,1,1,1,255.84,1,15,1,3,1,3,18,1,3,2,2
4,8,8,51,0.05,2,3,2,2,1,771,0,2,3,3,2,2,16,3,3,1,1
4,8,8,52,0.1,1,3,1,1,1,207.33,1,2,1,3,1,3,7,1,1,3,3
4,8,8,53,0.8,1,2,1,1,1,247.73,1,18,3,3,3,3,13,3,3,2,2
4,8,8,54,1.8,2,3,2,1,0,205.29,1,4,3,3,2,2,19,3,3,1,1
4,8,8,55,0.2,2,2,2,1,0,253.78,1,15,3,1,2,2,19,3,1,2,2
4,8,8,56,0.8,2,1,2,2,1,226.15,1,3,1,1,2,2,6,1,3,1,3
4,8,8,57,1.8,1,3,1,1,1,254.76,1,16,1,3,1,3,2,1,1,3,3
4,8,8,58,0.05,2,3,2,1,0,306.52,0,19,3,3,2,2,10,1,1,3,3
4,8,8,59,0.4,3,3,2,2,1,231.44,1,1,1,3,3,1,8,3,1,1,3
4,8,8,60,0.2,1,3,1,1,1,205.83,1,12,1,1,1,1,13,1,1,3,3
4,8,8,61,0.2,3,1,2,2,1,263.33,1,7,3,3,1,1,14,1,1,1,1
4,8,8,62,0.1,3,3,2,2,1,296.36,1,1,1,3,3,1,15,1,3,3,1
4,8,8,63,0.8,3,2,2,2,1,247.43,1,11,1,3,3,1,10,1,1,2,2
4,8,8,64,0.2,2,2,2,1,0,261.36,1,16,1,1,2,2,3,3,1,2,2
4,8,8,65,0.2,1,2,NaN,NaN,NaN,NaN,NaN,5,3,3,3,3,15,1,3,2,2
4,8,8,66,0.2,3,1,2,2,1,184.46,1,11,3,1,1,3,11,3,1,3,1
4,8,8,67,0.4,2,1,2,2,1,259.26,1,16,1,1,2,2,2,1,1,1,1
4,8,8,68,0.1,2,1,2,2,1,281.4,1,8,1,3,2,2,5,3,1,3,1
4,8,8,69,0.4,1,3,1,1,1,218.3,1,2,3,1,3,1,8,1,1,3,3
4,8,8,70,0.1,2,3,2,1,0,253.77,1,11,3,1,2,2,11,3,1,1,3
4,8,8,71,0.8,3,3,2,2,1,229.59,1,6,1,3,3,1,1,3,3,1,1
4,8,8,72,0.2,1,1,1,1,1,262.31,1,7,1,1,1,1,14,1,1,1,1
4,8,8,73,1.8,1,2,1,1,1,227.09,1,7,3,3,3,3,15,1,3,2,2
4,8,8,74,0.4,1,2,1,1,1,203.38,1,4,3,3,3,3,12,1,1,2,2
4,8,8,75,1.8,1,2,1,1,1,203.42,1,17,3,1,3,1,16,1,1,2,2
4,8,8,76,0.8,3,3,2,2,1,253.27,1,17,1,3,3,1,1,3,3,1,1
4,8,8,77,0.1,3,3,2,2,1,296.62,1,3,1,3,3,1,16,3,3,1,1
4,8,8,78,0.8,1,3,1,1,1,247.92,1,9,1,3,1,3,4,1,1,3,3
4,8,9,1,0.2,1,1,1,1,1,239.25,1,2,1,3,1,3,19,3,3,3,3
4,8,9,2,0.2,1,3,1,1,1,203.31,1,1,1,1,1,1,7,1,1,3,3
4,8,9,3,0.8,1,1,1,1,1,238.43,1,5,1,1,1,1,18,1,3,1,3
4,8,9,4,1.8,3,1,NaN,NaN,NaN,NaN,NaN,7,1,3,3,1,1,3,3,3,3
4,8,9,5,0.8,2,1,2,1,0,238.12,1,15,3,1,2,2,9,3,3,3,3
4,8,9,6,0.1,2,1,2,1,0,267.76,1,20,3,1,2,2,9,3,3,3,3
4,8,9,7,0.2,1,3,1,1,1,253.04,1,16,1,3,1,3,8,1,3,3,1
4,8,9,8,1.8,2,2,2,2,1,242.83,1,6,1,1,2,2,5,1,3,2,2
4,8,9,9,0.4,2,3,2,2,1,262.98,1,8,3,1,2,2,9,1,3,3,1
4,8,9,10,1.8,1,3,1,1,1,250,1,18,3,1,3,1,15,3,3,1,1
4,8,9,11,0.05,2,1,2,1,0,305.03,0,11,1,3,2,2,8,1,3,1,3
4,8,9,12,0.8,1,1,1,1,1,247.28,1,20,1,3,1,3,5,1,1,1,1
4,8,9,13,0.05,3,1,2,2,1,287.65,1,14,1,3,3,1,14,3,3,3,3
4,8,9,14,0.2,2,3,2,2,1,256.18,1,14,1,3,2,2,1,3,3,1,1
4,8,9,15,0.2,1,3,1,1,1,218.55,1,19,3,1,3,1,1,1,3,3,1
4,8,9,16,0.05,2,2,2,2,1,301.39,0,7,3,1,2,2,17,3,1,2,2
4,8,9,17,0.4,3,3,2,2,1,203.93,1,8,3,3,1,1,12,3,3,1,1
4,8,9,18,0.8,1,2,NaN,NaN,NaN,NaN,NaN,2,3,1,3,1,5,1,1,2,2
4,8,9,19,0.2,2,2,2,2,1,248.27,1,5,1,3,2,2,8,3,1,2,2
4,8,9,20,1.8,1,3,1,1,1,256.87,1,4,3,3,3,3,3,1,1,3,3
4,8,9,21,0.4,3,2,2,2,1,241.43,1,11,1,1,3,3,7,1,3,2,2
4,8,9,22,0.8,2,2,2,2,1,234.04,1,4,1,1,2,2,2,3,3,2,2
4,8,9,23,0.05,1,2,1,1,1,296.33,1,14,1,1,1,1,20,1,1,2,2
4,8,9,24,0.4,3,3,2,2,1,257.09,1,6,1,1,3,3,6,1,3,3,1
4,8,9,25,0.8,1,3,1,1,1,262.78,1,6,1,1,1,1,2,1,3,3,1
4,8,9,26,0.4,1,1,1,1,1,252.68,1,10,1,1,1,1,20,3,3,3,3
4,8,9,27,0.1,1,2,1,1,1,239.53,1,10,3,1,3,1,5,1,1,2,2
4,8,9,28,0.05,1,1,1,1,1,307.84,0,5,3,3,3,3,19,3,1,3,1
4,8,9,29,0.4,3,1,2,2,1,282.42,1,3,3,3,1,1,12,3,3,3,3
4,8,9,30,1.8,1,1,1,1,1,258.11,1,18,3,1,3,1,16,1,1,1,1
4,8,9,31,0.8,2,2,2,2,1,269.62,1,14,1,3,2,2,11,3,3,2,2
4,8,9,32,0.4,3,3,2,2,1,268.09,1,18,1,3,3,1,9,1,1,3,3
4,8,9,33,1.8,1,1,1,1,1,266.66,1,16,3,1,3,1,9,3,3,3,3
4,8,9,34,0.8,1,2,1,1,1,259.81,1,14,1,1,1,1,5,1,3,2,2
4,8,9,35,0.4,1,1,1,1,1,234.9,1,5,1,3,1,3,4,3,3,3,3
4,8,9,36,0.2,3,3,2,2,1,282.5,1,6,1,1,3,3,16,3,1,1,3
4,8,9,37,0.8,1,1,1,1,1,208.66,1,12,3,1,3,1,9,3,3,3,3
4,8,9,38,0.8,2,3,2,2,1,237.47,1,13,1,3,2,2,2,1,3,3,1
4,8,9,39,0.2,2,1,2,2,1,250.89,1,4,3,1,2,2,2,3,3,3,3
4,8,9,40,0.1,2,1,2,1,0,315.09,0,12,1,1,2,2,8,1,1,1,1
4,8,9,41,0.8,2,1,2,2,1,232.4,1,9,1,1,2,2,7,1,1,1,1
4,8,9,42,0.2,3,2,2,2,1,287.12,1,20,1,3,3,1,11,1,1,2,2
4,8,9,43,1.8,1,2,NaN,NaN,NaN,NaN,NaN,20,1,3,1,3,14,1,3,2,2
4,8,9,44,0.8,2,3,2,2,1,207.78,1,4,3,1,2,2,15,3,3,1,1
4,8,9,45,0.1,1,2,1,1,1,250.16,1,10,3,3,3,3,15,1,1,2,2
4,8,9,46,0.05,1,3,1,1,1,324.12,0,17,3,3,3,3,13,3,3,1,1
4,8,9,47,1.8,1,3,1,1,1,220.58,1,8,3,1,3,1,10,3,1,1,3
4,8,9,48,1.8,1,3,1,1,1,238.57,1,4,1,3,1,3,8,1,1,3,3
4,8,9,49,1.8,3,3,2,2,1,213.29,1,2,3,3,1,1,5,3,3,1,1
4,8,9,50,0.05,3,2,2,2,1,421.94,0,4,3,1,1,3,10,1,1,2,2
4,8,9,51,0.4,1,3,1,1,1,264.26,1,14,3,3,3,3,5,1,1,3,3
4,8,9,52,0.05,3,2,2,2,1,291.81,1,14,1,3,3,1,13,1,1,2,2
4,8,9,53,0.05,1,1,1,1,1,289.01,1,19,1,1,1,1,5,1,1,1,1
4,8,9,54,0.4,2,1,2,2,1,212.04,1,3,1,1,2,2,18,3,1,3,1
4,8,9,55,0.1,1,2,1,1,1,290.11,1,3,1,3,1,3,16,3,3,2,2
4,8,9,56,0.1,1,1,1,1,1,331.63,0,15,1,3,1,3,8,1,1,1,1
4,8,9,57,0.1,1,1,1,1,1,226.73,1,7,1,1,1,1,14,1,1,1,1
4,8,9,58,0.4,1,1,1,1,1,227.19,1,3,1,3,1,3,14,3,3,3,3
4,8,9,59,0.2,1,3,1,1,1,233.95,1,16,1,1,1,1,4,3,3,1,1
4,8,9,60,0.2,1,3,1,1,1,261.44,1,16,1,1,1,1,4,1,3,3,1
4,8,9,61,0.05,1,2,1,1,1,289.42,1,12,3,1,3,1,8,1,1,2,2
4,8,9,62,0.1,1,2,1,1,1,292.25,1,14,3,3,3,3,11,1,1,2,2
4,8,9,63,0.1,1,1,1,1,1,240.45,1,17,3,3,3,3,18,3,1,3,1
4,8,9,64,0.8,2,3,2,2,1,231.1,1,16,3,1,2,2,2,3,3,1,1
4,8,9,65,0.05,1,1,1,1,1,292.61,1,6,1,3,1,3,12,3,1,3,1
4,8,9,66,0.4,3,1,2,2,1,235.89,1,8,1,1,3,3,7,3,1,3,1
4,8,9,67,0.1,1,2,1,1,1,219.41,1,1,3,3,3,3,4,1,1,2,2
4,8,9,68,0.1,3,3,2,2,1,281.41,1,2,1,1,3,3,8,3,3,1,1
4,8,9,69,1.8,2,3,2,2,1,225.72,1,2,1,1,2,2,3,3,1,1,3
4,8,9,70,1.8,3,3,2,2,1,257,1,5,3,1,1,3,1,1,3,3,1
4,8,9,71,0.2,1,3,1,1,1,224.16,1,19,3,3,3,3,17,3,1,1,3
4,8,9,72,0.05,1,3,1,1,1,475.95,0,20,3,3,3,3,20,3,3,1,1
4,8,9,73,0.2,1,3,1,1,1,232.95,1,11,1,1,1,1,10,1,1,3,3
4,8,9,74,0.1,3,2,2,2,1,284.32,1,16,1,1,3,3,4,1,3,2,2
4,8,9,75,1.8,1,3,1,1,1,238.2,1,1,1,3,1,3,6,3,3,1,1
4,8,9,76,0.4,2,3,2,1,0,220.61,1,12,1,1,2,2,15,1,1,3,3
4,8,9,77,0.1,3,3,2,2,1,279.53,1,19,3,3,1,1,5,1,3,3,1
4,8,9,78,0.05,1,1,1,1,1,270.52,1,4,3,3,3,3,5,3,3,3,3
4,8,10,1,0.4,2,2,2,2,1,226.92,1,10,1,1,2,2,1,3,3,2,2
4,8,10,2,0.2,3,1,2,2,1,232.77,1,17,1,3,3,1,4,3,3,3,3
4,8,10,3,0.4,1,2,NaN,NaN,NaN,NaN,NaN,3,1,3,1,3,6,3,1,2,2
4,8,10,4,1.8,2,1,2,1,0,218.75,1,4,1,1,2,2,15,1,3,1,3
4,8,10,5,0.8,3,1,2,2,1,208.68,1,16,3,3,1,1,4,1,1,1,1
4,8,10,6,0.1,3,1,2,1,0,272.84,1,13,3,1,1,3,1,3,1,3,1
4,8,10,7,0.4,1,3,1,1,1,380.99,0,5,3,3,3,3,9,1,3,3,1
4,8,10,8,1.8,1,2,1,1,1,266.65,1,3,3,1,3,1,8,1,3,2,2
4,8,10,9,0.4,3,3,2,2,1,237.87,1,11,3,1,1,3,19,3,1,1,3
4,8,10,10,0.1,1,1,1,2,0,360.05,0,15,1,1,1,1,13,1,1,1,1
4,8,10,11,0.2,3,2,2,2,1,207.57,1,13,3,3,1,1,18,1,3,2,2
4,8,10,12,0.05,3,3,2,2,1,281.44,1,11,1,3,3,1,15,1,3,3,1
4,8,10,13,0.1,3,2,2,2,1,250.94,1,19,3,1,1,3,20,1,3,2,2
4,8,10,14,0.4,2,2,2,2,1,195.51,1,19,3,1,2,2,1,3,1,2,2
4,8,10,15,0.4,1,2,1,1,1,262.14,1,2,3,1,3,1,10,3,1,2,2
4,8,10,16,0.1,2,1,2,1,0,273.54,1,20,3,1,2,2,19,3,1,3,1
4,8,10,17,0.05,1,1,1,1,1,251.07,1,7,1,1,1,1,6,3,1,3,1
4,8,10,18,0.4,2,2,2,2,1,215.05,1,6,1,3,2,2,2,1,3,2,2
4,8,10,19,0.8,3,3,2,1,0,338.3,0,4,3,1,1,3,15,1,3,3,1
4,8,10,20,0.4,1,3,1,1,1,233.4,1,19,3,1,3,1,20,1,3,3,1
4,8,10,21,0.4,1,2,1,1,1,162.64,1,12,3,3,3,3,8,1,1,2,2
4,8,10,22,0.8,2,3,2,2,1,237.8,1,18,3,1,2,2,8,1,3,3,1
4,8,10,23,0.05,1,3,1,1,1,280.94,1,14,1,1,1,1,9,1,1,3,3
4,8,10,24,0.05,3,1,2,1,0,303.61,0,4,3,3,1,1,9,3,1,3,1
4,8,10,25,0.2,2,1,2,1,0,224.11,1,1,3,1,2,2,15,1,3,1,3
4,8,10,26,0.2,1,2,1,2,0,219.31,1,12,1,1,1,1,16,3,1,2,2
4,8,10,27,0.1,3,3,2,2,1,247.94,1,15,1,1,3,3,6,3,1,1,3
4,8,10,28,0.2,1,3,1,1,1,202.15,1,17,3,3,3,3,17,3,1,1,3
4,8,10,29,0.05,3,1,2,1,0,258.46,1,3,1,3,3,1,1,1,1,1,1
4,8,10,30,0.8,2,3,2,2,1,241.83,1,12,3,3,2,2,6,3,1,1,3
4,8,10,31,0.05,1,1,1,1,1,222.67,1,6,1,3,1,3,11,1,3,1,3
4,8,10,32,0.8,3,1,NaN,NaN,NaN,NaN,NaN,5,1,3,3,1,10,3,1,3,1
4,8,10,33,0.2,1,1,1,1,1,204,1,13,3,3,3,3,14,1,1,1,1
4,8,10,34,1.8,3,2,2,2,1,231.55,1,11,1,3,3,1,6,1,3,2,2
4,8,10,35,0.8,3,2,2,2,1,223.17,1,15,3,1,1,3,5,3,3,2,2
4,8,10,36,0.8,3,2,2,2,1,254.2,1,14,3,3,1,1,6,3,1,2,2
4,8,10,37,0.8,1,2,1,2,0,236.08,1,14,3,3,3,3,12,3,1,2,2
4,8,10,38,0.8,3,1,2,2,1,223.85,1,2,1,3,3,1,19,3,3,3,3
4,8,10,39,0.4,1,2,1,1,1,235.47,1,18,3,1,3,1,16,1,1,2,2
4,8,10,40,0.1,3,1,2,2,1,301.58,0,5,3,1,1,3,8,3,3,3,3
4,8,10,41,1.8,1,3,1,1,1,224.42,1,20,1,3,1,3,6,3,3,1,1
4,8,10,42,0.1,2,3,2,2,1,287.58,1,8,3,1,2,2,11,1,3,3,1
4,8,10,43,1.8,2,2,2,2,1,229.63,1,5,3,1,2,2,13,3,3,2,2
4,8,10,44,1.8,3,1,2,2,1,218.71,1,9,3,1,1,3,11,1,1,1,1
4,8,10,45,1.8,1,1,1,1,1,223.79,1,4,1,3,1,3,5,1,3,1,3
4,8,10,46,0.2,1,3,1,1,1,230.65,1,2,3,1,3,1,17,1,1,3,3
4,8,10,47,0.2,1,1,1,1,1,213.64,1,16,3,3,3,3,11,3,1,3,1
4,8,10,48,1.8,1,3,1,1,1,235.37,1,7,3,1,3,1,18,3,1,1,3
4,8,10,49,0.8,3,1,2,2,1,203.83,1,4,1,1,3,3,10,3,1,3,1
4,8,10,50,0.2,1,2,1,1,1,229.18,1,15,1,1,1,1,3,1,3,2,2
4,8,10,51,0.4,2,2,2,2,1,253.33,1,15,3,3,2,2,6,3,1,2,2
4,8,10,52,0.05,2,2,2,2,1,326.72,0,5,1,1,2,2,10,3,1,2,2
4,8,10,53,0.1,1,3,1,2,0,216.07,1,7,1,3,1,3,18,1,3,3,1
4,8,10,54,0.05,1,2,1,1,1,284.91,1,16,3,1,3,1,20,1,1,2,2
4,8,10,55,0.05,3,3,2,2,1,307.62,0,11,3,1,1,3,14,3,1,1,3
4,8,10,56,1.8,2,3,2,2,1,214.74,1,1,1,1,2,2,13,3,3,1,1
4,8,10,57,1.8,1,3,1,1,1,209.36,1,5,1,1,1,1,12,1,3,3,1
4,8,10,58,0.05,1,2,1,1,1,233.84,1,3,3,3,3,3,2,1,3,2,2
4,8,10,59,0.2,1,1,1,1,1,215.71,1,9,3,1,3,1,8,1,3,1,3
4,8,10,60,0.1,2,2,2,1,0,311.02,0,9,1,3,2,2,19,1,3,2,2
4,8,10,61,0.8,2,1,2,2,1,245.47,1,1,1,3,2,2,19,3,3,3,3
4,8,10,62,0.1,3,1,2,2,1,244.15,1,14,1,3,3,1,9,3,1,3,1
4,8,10,63,0.4,2,3,2,1,0,267.34,1,20,1,3,2,2,16,1,1,3,3
4,8,10,64,0.05,1,3,1,1,1,304.15,0,2,3,3,3,3,2,1,1,3,3
4,8,10,65,1.8,3,3,2,2,1,242.53,1,1,1,3,3,1,19,1,3,3,1
4,8,10,66,0.2,1,2,1,1,1,125.15,1,8,1,1,1,1,11,1,1,2,2
4,8,10,67,0.8,1,2,1,1,1,205.74,1,11,1,3,1,3,14,1,3,2,2
4,8,10,68,0.05,1,3,1,1,1,249.45,1,2,3,3,3,3,6,1,3,3,1
4,8,10,69,0.8,3,2,2,2,1,230.02,1,4,1,1,3,3,13,1,3,2,2
4,8,10,70,0.1,1,2,1,1,1,216.75,1,7,3,3,3,3,17,3,1,2,2
4,8,10,71,0.2,3,3,2,1,0,196.3,1,3,3,1,1,3,16,3,3,1,1
4,8,10,72,1.8,1,1,1,1,1,222.37,1,11,3,3,3,3,7,3,1,3,1
4,8,10,73,0.1,3,3,2,2,1,258.01,1,20,1,3,3,1,2,3,1,1,3
4,8,10,74,1.8,1,2,1,1,1,221.53,1,2,1,1,1,1,6,3,1,2,2
4,8,10,75,0.05,1,3,1,1,1,257.4,1,9,3,1,3,1,7,1,1,3,3
4,8,10,76,0.4,1,2,1,1,1,253.64,1,12,3,3,3,3,20,3,1,2,2
4,8,10,77,0.1,3,2,2,2,1,294.17,1,7,1,3,3,1,10,1,3,2,2
4,8,10,78,0.2,2,2,2,2,1,250.09,1,14,3,1,2,2,9,1,3,2,2
