4,13,1,1,0.05,3,1,2,2,1,273.54,1,8,1,1,3,3,14,1,1,1,1
4,13,1,2,0.05,1,3,1,1,1,210.12,1,4,1,1,1,1,9,3,1,1,3
4,13,1,3,0.8,2,3,2,1,0,235.23,1,3,3,1,2,2,2,3,3,1,1
4,13,1,4,1.8,1,3,1,1,1,228.31,1,17,1,1,1,1,8,3,3,1,1
4,13,1,5,0.8,1,3,1,1,1,213.63,1,7,3,1,3,1,9,1,1,3,3
4,13,1,6,0.2,2,3,2,2,1,224.18,1,5,3,3,2,2,6,3,3,1,1
4,13,1,7,0.8,1,1,1,2,0,226.76,1,3,1,3,1,3,9,3,3,3,3
4,13,1,8,0.4,2,1,2,1,0,216.65,1,17,1,3,2,2,9,1,1,1,1
4,13,1,9,0.4,2,1,2,1,0,226.65,1,4,1,3,2,2,15,1,3,1,3
4,13,1,10,0.4,1,2,1,1,1,228.12,1,19,3,3,3,3,6,3,1,2,2
4,13,1,11,0.2,1,3,1,2,0,233.56,1,2,1,1,1,1,7,1,3,3,1
4,13,1,12,0.4,3,2,2,2,1,239.63,1,20,1,3,3,1,5,3,3,2,2
4,13,1,13,0.05,3,3,2,2,1,286.34,1,2,1,3,3,1,12,1,1,3,3
4,13,1,14,0.2,1,3,1,1,1,200.55,1,7,1,1,1,1,4,1,1,3,3
4,13,1,15,0.05,1,1,1,1,1,258.91,1,7,3,1,3,1,15,1,3,1,3
4,13,1,16,0.8,3,2,2,2,1,222.56,1,16,1,3,3,1,10,3,3,2,2
4,13,1,17,0.4,1,1,1,1,1,291.85,1,16,3,1,3,1,16,3,1,3,1
4,13,1,18,0.1,1,2,1,1,1,206.72,1,18,1,3,1,3,2,3,3,2,2
4,13,1,19,0.05,3,1,2,2,1,319.94,0,1,3,1,1,3,6,3,3,3,3
4,13,1,20,0.4,1,2,1,2,0,220.94,1,10,3,3,3,3,2,3,1,2,2
4,13,1,21,0.8,3,3,2,2,1,214.15,1,3,1,3,3,1,17,1,3,3,1
4,13,1,22,0.1,2,3,2,2,1,263.28,1,10,1,1,2,2,12,3,1,1,3
4,13,1,23,1.8,1,3,1,1,1,243.93,1,12,1,3,1,3,14,3,3,1,1
4,13,1,24,0.1,1,2,1,1,1,228.47,1,11,1,3,1,3,7,3,1,2,2
4,13,1,25,0.8,1,2,1,1,1,221.27,1,3,3,3,3,3,1,1,1,2,2
4,13,1,26,0.2,1,3,1,2,0,229.57,1,13,1,3,1,3,20,1,3,3,1
4,13,1,27,0.1,3,3,2,2,1,264.5,1,13,1,3,3,1,3,1,1,3,3
4,13,1,28,0.2,1,2,1,1,1,198.98,1,18,1,1,1,1,8,3,1,2,2
4,13,1,29,0.05,1,3,1,1,1,238.12,1,3,1,3,1,3,15,1,3,3,1
4,13,1,30,0.1,3,2,2,2,1,232.68,1,5,3,1,1,3,6,1,3,2,2
4,13,1,31,0.8,1,3,1,1,1,232.34,1,18,3,1,3,1,6,3,3,1,1
4,13,1,32,0.4,3,3,2,2,1,219.46,1,11,1,3,3,1,18,3,1,1,3
4,13,1,33,0.8,2,1,2,1,0,215.45,1,13,3,1,2,2,6,1,1,1,1
4,13,1,34,1.8,1,1,1,1,1,235.63,1,11,1,3,1,3,1,3,1,3,1
4,13,1,35,0.1,3,3,2,2,1,239.64,1,18,3,3,1,1,5,3,1,1,3
4,13,1,36,0.4,1,2,1,1,1,231.66,1,20,3,3,3,3,13,1,1,2,2
4,13,1,37,0.1,2,2,2,1,0,296.22,1,9,1,1,2,2,15,3,1,2,2
4,13,1,38,0.1,2,1,2,2,1,260.69,1,14,3,1,2,2,5,1,1,1,1
4,13,1,39,0.2,2,3,2,2,1,222.62,1,19,1,3,2,2,11,1,1,3,3
4,13,1,40,1.8,1,2,1,1,1,219.22,1,11,1,1,1,1,7,1,1,2,2
4,13,1,41,0.2,1,3,1,1,1,229.63,1,18,1,1,1,1,19,3,1,1,3
4,13,1,42,1.8,1,2,1,1,1,230.2,1,13,1,3,1,3,13,1,1,2,2
4,13,1,43,0.8,3,1,2,2,1,218.68,1,15,1,3,3,1,2,3,3,3,3
4,13,1,44,0.1,1,2,1,1,1,253.45,1,11,3,1,3,1,5,3,3,2,2
4,13,1,45,0.05,3,1,2,2,1,294.72,1,1,3,1,1,3,18,1,3,1,3
4,13,1,46,0.2,1,1,1,1,1,217.26,1,13,3,3,3,3,10,3,1,3,1
4,13,1,47,0.8,1,3,1,1,1,232.21,1,19,3,1,3,1,2,3,1,1,3
4,13,1,48,0.2,3,3,2,2,1,231.96,1,3,1,3,3,1,11,1,1,3,3
4,13,1,49,0.05,3,1,2,1,0,226.64,1,12,3,1,1,3,16,1,3,1,3
4,13,1,50,0.8,3,3,2,2,1,225.87,1,18,3,1,1,3,4,1,1,3,3
4,13,1,51,0.1,1,3,1,1,1,187.06,1,14,1,1,1,1,20,3,1,1,3
4,13,1,52,1.8,1,2,1,1,1,226.15,1,15,3,1,3,1,16,1,1,2,2
4,13,1,53,0.4,1,3,1,1,1,216.53,1,10,1,1,1,1,7,1,1,3,3
4,13,1,54,1.8,1,1,1,1,1,220.81,1,8,1,3,1,3,4,1,3,1,3
4,13,1,55,0.2,1,2,1,1,1,251.74,1,15,3,1,3,1,4,1,3,2,2
4,13,1,56,0.4,2,3,2,1,0,254.95,1,7,3,3,2,2,19,3,1,1,3
4,13,1,57,0.05,3,3,2,2,1,354.57,0,5,3,1,1,3,13,3,1,1,3
4,13,1,58,1.8,1,2,1,1,1,233.65,1,18,3,3,3,3,5,1,3,2,2
4,13,1,59,1.8,3,2,2,2,1,195.76,1,8,1,1,3,3,17,3,1,2,2
4,13,1,60,0.4,1,3,1,1,1,244.62,1,9,1,3,1,3,13,1,3,3,1
4,13,1,61,0.4,2,1,2,2,1,256.5,1,20,3,3,2,2,12,1,3,1,3
4,13,1,62,0.05,1,1,1,1,1,259.76,1,2,3,1,3,1,7,3,1,3,1
4,13,1,63,1.8,3,2,2,2,1,232.58,1,15,3,1,1,3,15,1,1,2,2
4,13,1,64,0.1,3,1,2,2,1,286.76,1,18,3,1,1,3,3,3,3,3,3
4,13,1,65,0.8,3,3,2,2,1,238.94,1,11,1,1,3,3,9,1,3,3,1
4,13,1,66,0.1,3,2,2,2,1,271.39,1,13,3,3,1,1,20,1,1,2,2
4,13,1,67,0.8,3,3,2,1,0,222.06,1,12,3,3,1,1,2,3,1,1,3
4,13,1,68,0.05,1,3,1,1,1,265.05,1,15,3,3,3,3,12,1,1,3,3
4,13,1,69,1.8,1,3,1,1,1,227.36,1,1,3,3,3,3,20,1,1,3,3
4,13,1,70,0.2,1,2,1,1,1,236.85,1,17,3,3,3,3,12,3,1,2,2
4,13,1,71,0.1,2,3,2,1,0,335.92,0,17,3,1,2,2,19,1,3,3,1
4,13,1,72,1.8,1,1,1,1,1,231.73,1,4,3,1,3,1,10,3,1,3,1
4,13,1,73,0.2,1,3,1,1,1,207.84,1,4,3,3,3,3,10,3,3,1,1
4,13,1,74,0.05,1,3,1,1,1,299.03,1,7,1,3,1,3,15,1,1,3,3
4,13,1,75,1.8,2,3,2,2,1,269.65,1,6,1,1,2,2,1,3,3,1,1
4,13,1,76,0.2,1,2,1,1,1,219.37,1,20,3,1,3,1,10,1,3,2,2
4,13,1,77,0.05,1,2,1,1,1,237.08,1,7,3,1,3,1,11,3,3,2,2
4,13,1,78,0.4,3,2,2,2,1,275.05,1,16,3,3,1,1,15,3,1,2,2
4,13,2,1,0.4,1,1,1,2,0,242.72,1,20,3,1,3,1,7,3,3,3,3
4,13,2,2,0.1,2,1,2,1,0,245.92,1,2,1,3,2,2,16,1,1,1,1
4,13,2,3,0.4,3,2,2,2,1,218.44,1,14,1,1,3,3,7,1,3,2,2
4,13,2,4,0.8,3,1,2,2,1,209.46,1,6,1,3,3,1,5,3,3,3,3
4,13,2,5,0.05,1,3,1,1,1,231.74,1,3,1,1,1,1,17,1,3,3,1
4,13,2,6,0.4,1,3,1,2,0,133.9,1,19,3,1,3,1,3,3,1,1,3
4,13,2,7,0.1,1,2,1,1,1,209.84,1,12,3,3,3,3,7,3,3,2,2
4,13,2,8,0.8,1,1,NaN,NaN,NaN,NaN,NaN,7,1,3,1,3,16,1,3,1,3
4,13,2,9,0.2,1,2,1,1,1,250.92,1,19,3,3,3,3,9,3,1,2,2
4,13,2,10,0.05,1,3,1,1,1,245.7,1,1,1,1,1,1,14,3,3,1,1
4,13,2,11,0.8,1,3,1,2,0,252.2,1,17,3,3,3,3,12,3,3,1,1
4,13,2,12,0.8,3,2,2,2,1,231.59,1,8,1,3,3,1,6,1,3,2,2
4,13,2,13,0.8,3,2,2,2,1,220.23,1,5,1,1,3,3,13,1,1,2,2
4,13,2,14,0.4,1,1,1,1,1,231.87,1,7,3,1,3,1,3,1,3,1,3
4,13,2,15,0.05,2,2,2,1,0,249.38,1,15,3,1,2,2,15,1,1,2,2
4,13,2,16,0.4,1,3,1,1,1,219.52,1,12,3,1,3,1,19,3,3,1,1
4,13,2,17,1.8,1,2,1,1,1,218.9,1,8,3,1,3,1,18,3,1,2,2
4,13,2,18,1.8,3,2,2,2,1,236.29,1,3,3,3,1,1,5,1,1,2,2
4,13,2,19,0.05,1,3,1,1,1,252.82,1,10,1,1,1,1,7,1,3,3,1
4,13,2,20,0.8,1,2,1,1,1,237.24,1,20,1,3,1,3,8,3,3,2,2
4,13,2,21,0.05,1,3,1,1,1,251.8,1,9,3,1,3,1,11,1,1,3,3
4,13,2,22,0.4,3,1,2,2,1,258.98,1,11,3,3,1,1,5,3,3,3,3
4,13,2,23,0.05,2,2,2,2,1,339.93,0,3,1,1,2,2,10,1,1,2,2
4,13,2,24,0.1,3,1,2,2,1,282.92,1,13,1,1,3,3,2,3,1,3,1
4,13,2,25,0.1,1,2,1,1,1,263.01,1,12,1,3,1,3,19,1,3,2,2
4,13,2,26,0.4,1,2,1,1,1,241.5,1,13,1,3,1,3,7,1,3,2,2
4,13,2,27,0.2,2,1,2,2,1,245.61,1,5,1,1,2,2,8,3,3,3,3
4,13,2,28,1.8,1,1,1,1,1,234.31,1,8,3,3,3,3,7,1,1,1,1
4,13,2,29,0.8,2,2,2,2,1,243.77,1,11,1,1,2,2,5,1,1,2,2
4,13,2,30,0.05,1,3,1,1,1,281.11,1,13,3,3,3,3,5,1,1,3,3
4,13,2,31,0.1,2,3,2,1,0,358.86,0,1,1,3,2,2,2,1,1,3,3
4,13,2,32,1.8,1,2,1,1,1,222.1,1,9,1,1,1,1,16,3,3,2,2
4,13,2,33,1.8,1,1,1,1,1,199.95,1,17,1,3,1,3,19,1,3,1,3
4,13,2,34,0.2,2,3,2,2,1,247.66,1,8,1,3,2,2,8,3,3,1,1
4,13,2,35,0.8,2,1,2,2,1,232.04,1,17,1,3,2,2,8,1,1,1,1
4,13,2,36,0.2,1,1,1,1,1,229.22,1,11,3,3,3,3,12,3,3,3,3
4,13,2,37,0.05,1,1,1,1,1,283.52,1,19,3,1,3,1,19,1,3,1,3
4,13,2,38,0.1,2,1,2,1,0,286.2,1,12,3,3,2,2,17,3,3,3,3
4,13,2,39,1.8,1,2,1,1,1,236.85,1,18,3,1,3,1,16,1,1,2,2
4,13,2,40,0.1,1,2,1,1,1,250.21,1,13,1,1,1,1,11,1,1,2,2
4,13,2,41,0.05,2,2,2,1,0,251,1,11,1,3,2,2,1,1,3,2,2
4,13,2,42,0.1,1,1,1,1,1,208.07,1,16,3,3,3,3,14,1,1,1,1
4,13,2,43,1.8,3,2,2,2,1,261.97,1,9,3,3,1,1,16,3,1,2,2
4,13,2,44,0.2,1,1,1,1,1,234.23,1,12,3,3,3,3,7,1,1,1,1
4,13,2,45,0.4,2,2,2,2,1,254.18,1,20,1,1,2,2,2,3,1,2,2
4,13,2,46,0.8,3,1,2,2,1,236.96,1,1,3,3,1,1,3,1,3,1,3
4,13,2,47,0.1,1,1,1,1,1,245.93,1,19,1,1,1,1,7,1,3,1,3
4,13,2,48,0.8,1,1,1,1,1,242.64,1,7,3,3,3,3,20,1,3,1,3
4,13,2,49,0.1,1,1,1,1,1,243.93,1,13,1,3,1,3,2,1,3,1,3
4,13,2,50,0.8,1,2,1,2,0,246.96,1,17,1,3,1,3,10,3,1,2,2
4,13,2,51,0.2,3,1,2,2,1,358.49,0,20,1,3,3,1,19,3,3,3,3
4,13,2,52,0.2,1,1,1,1,1,221.62,1,16,3,3,3,3,8,1,3,1,3
4,13,2,53,1.8,1,2,1,1,1,215.73,1,3,3,3,3,3,5,3,3,2,2
4,13,2,54,0.2,1,1,1,1,1,204.02,1,11,1,1,1,1,6,3,1,3,1
4,13,2,55,1.8,1,3,1,1,1,246.97,1,10,1,3,1,3,19,3,1,1,3
4,13,2,56,1.8,3,2,2,2,1,251.67,1,5,1,1,3,3,18,3,3,2,2
4,13,2,57,0.4,3,2,2,2,1,246.05,1,1,1,3,3,1,19,3,3,2,2
4,13,2,58,0.1,1,3,1,1,1,310.21,0,2,3,1,3,1,14,1,3,3,1
4,13,2,59,0.2,1,3,1,1,1,225.18,1,19,3,3,3,3,9,1,3,3,1
4,13,2,60,0.4,3,2,2,2,1,269,1,2,1,1,3,3,3,3,1,2,2
4,13,2,61,1.8,3,1,2,2,1,242.39,1,15,1,3,3,1,16,1,3,1,3
4,13,2,62,0.4,2,3,2,2,1,240.73,1,13,3,1,2,2,10,3,1,1,3
4,13,2,63,0.8,1,3,1,1,1,244.86,1,18,1,3,1,3,15,3,3,1,1
4,13,2,64,0.4,3,3,2,2,1,229.57,1,2,3,1,1,3,20,1,1,3,3
4,13,2,65,0.2,3,2,2,2,1,244.65,1,4,1,1,3,3,3,3,3,2,2
4,13,2,66,0.2,1,3,1,1,1,250,1,10,3,3,3,3,10,1,3,3,1
4,13,2,67,0.05,2,2,2,2,1,346.16,0,16,1,1,2,2,2,3,3,2,2
4,13,2,68,0.2,3,3,2,2,1,226.1,1,19,1,1,3,3,12,1,3,3,1
4,13,2,69,0.2,1,3,1,1,1,260.12,1,4,1,1,1,1,20,1,1,3,3
4,13,2,70,0.1,1,3,1,1,1,222.28,1,15,1,1,1,1,6,3,1,1,3
4,13,2,71,0.05,1,2,1,1,1,236.22,1,20,1,3,1,3,2,3,1,2,2
4,13,2,72,0.05,1,3,1,1,1,296.11,1,8,1,3,1,3,14,1,1,3,3
4,13,2,73,0.4,3,3,2,2,1,231.12,1,11,1,3,3,1,15,3,3,1,1
4,13,2,74,0.05,3,3,2,2,1,309.57,0,16,3,3,1,1,5,3,1,1,3
4,13,2,75,0.8,3,3,2,2,1,233.32,1,13,1,3,3,1,12,3,3,1,1
4,13,2,76,0.1,1,3,1,1,1,260.49,1,4,3,3,3,3,10,1,3,3,1
4,13,2,77,1.8,3,3,2,2,1,241.02,1,14,3,3,1,1,16,1,1,3,3
4,13,2,78,1.8,1,3,1,1,1,224.26,1,8,3,1,3,1,6,1,3,3,1
4,13,3,1,1.8,3,2,2,2,1,259.39,1,14,1,3,3,1,11,1,3,2,2
4,13,3,2,0.8,1,2,1,1,1,219.77,1,5,1,3,1,3,17,3,1,2,2
4,13,3,3,0.8,3,2,2,2,1,243.71,1,4,1,3,3,1,12,1,3,2,2
4,13,3,4,0.1,1,1,1,1,1,243.72,1,6,3,1,3,1,13,1,1,1,1
4,13,3,5,0.05,1,3,1,1,1,240.62,1,10,1,1,1,1,10,1,1,3,3
4,13,3,6,0.2,1,2,1,1,1,229.53,1,9,1,3,1,3,11,3,1,2,2
4,13,3,7,1.8,1,3,1,2,0,279.53,1,10,3,3,3,3,8,3,3,1,1
4,13,3,8,0.1,1,3,1,1,1,246.01,1,12,1,1,1,1,7,1,3,3,1
4,13,3,9,0.2,1,2,1,1,1,228.05,1,3,3,3,3,3,7,1,1,2,2
4,13,3,10,1.8,1,2,1,1,1,224.39,1,13,3,3,3,3,19,1,1,2,2
4,13,3,11,1.8,1,2,1,1,1,245.64,1,5,1,3,1,3,19,1,3,2,2
4,13,3,12,0.2,1,1,1,1,1,216.12,1,8,1,3,1,3,10,1,3,1,3
4,13,3,13,0.4,3,1,2,2,1,262.51,1,19,3,1,1,3,20,1,3,1,3
4,13,3,14,0.05,2,2,2,1,0,285.51,1,19,3,3,2,2,1,3,3,2,2
4,13,3,15,0.8,3,3,2,2,1,257.01,1,14,1,3,3,1,3,1,1,3,3
4,13,3,16,1.8,1,3,1,2,0,233.29,1,18,3,3,3,3,4,1,3,3,1
4,13,3,17,0.2,2,2,2,2,1,277.46,1,5,1,3,2,2,14,1,3,2,2
4,13,3,18,0.4,2,2,2,2,1,222.57,1,20,1,1,2,2,19,3,3,2,2
4,13,3,19,0.4,1,3,1,1,1,234.12,1,13,3,1,3,1,5,3,3,1,1
4,13,3,20,0.8,1,1,1,1,1,234.77,1,20,1,1,1,1,19,1,3,1,3
4,13,3,21,0.8,1,2,1,1,1,252.14,1,18,3,3,3,3,20,1,3,2,2
4,13,3,22,0.4,1,2,1,1,1,248.92,1,7,1,3,1,3,1,1,3,2,2
4,13,3,23,1.8,3,2,2,2,1,252.02,1,10,3,3,1,1,10,1,1,2,2
4,13,3,24,0.05,3,3,2,2,1,359.71,0,11,1,1,3,3,1,3,3,1,1
4,13,3,25,1.8,1,1,1,1,1,241.09,1,3,1,1,1,1,1,3,1,3,1
4,13,3,26,0.4,1,1,1,1,1,214.38,1,11,3,1,3,1,9,1,3,1,3
4,13,3,27,0.4,1,3,1,1,1,277.35,1,14,1,3,1,3,19,3,1,1,3
4,13,3,28,0.1,3,1,2,2,1,287.37,1,3,1,3,3,1,5,3,1,3,1
4,13,3,29,0.05,2,3,2,2,1,301.84,0,8,3,1,2,2,13,1,1,3,3
4,13,3,30,0.4,3,1,2,2,1,283.55,1,2,3,1,1,3,13,3,1,3,1
4,13,3,31,1.8,2,3,2,2,1,242.13,1,17,3,3,2,2,9,1,3,3,1
4,13,3,32,0.05,3,2,2,2,1,304.97,0,11,3,3,1,1,17,3,1,2,2
4,13,3,33,0.2,3,2,2,2,1,253.95,1,14,1,3,3,1,2,1,1,2,2
4,13,3,34,0.1,2,3,2,1,0,290.84,1,11,3,1,2,2,2,1,3,3,1
4,13,3,35,0.4,2,2,2,1,0,241.96,1,12,1,1,2,2,18,3,1,2,2
4,13,3,36,0.8,1,1,1,1,1,480.41,0,5,1,1,1,1,6,1,3,1,3
4,13,3,37,0.8,3,2,2,2,1,230.82,1,10,3,3,1,1,2,3,1,2,2
4,13,3,38,0.8,1,3,1,1,1,233.49,1,14,1,3,1,3,14,3,3,1,1
4,13,3,39,0.05,3,2,2,2,1,228.06,1,14,1,3,3,1,6,1,1,2,2
4,13,3,40,1.8,1,3,1,1,1,221.93,1,19,1,1,1,1,5,1,3,3,1
4,13,3,41,0.2,3,3,2,2,1,264.85,1,7,3,1,1,3,12,1,3,3,1
4,13,3,42,0.05,1,1,1,1,1,290.77,1,13,3,3,3,3,12,1,1,1,1
4,13,3,43,0.2,1,2,1,1,1,242.27,1,10,1,3,1,3,11,1,1,2,2
4,13,3,44,0.1,1,2,1,1,1,267.26,1,3,1,3,1,3,3,3,3,2,2
4,13,3,45,0.05,2,1,2,2,1,298.92,1,2,3,3,2,2,8,3,1,3,1
4,13,3,46,0.1,1,1,1,1,1,258.98,1,16,3,3,3,3,9,3,1,3,1
4,13,3,47,1.8,2,2,2,2,1,231.51,1,5,1,1,2,2,20,1,3,2,2
4,13,3,48,0.4,2,3,2,2,1,237.71,1,13,3,1,2,2,5,1,3,3,1
4,13,3,49,0.8,1,1,1,1,1,267.81,1,19,3,3,3,3,6,3,3,3,3
4,13,3,50,0.2,2,3,2,2,1,296.88,1,16,3,3,2,2,19,3,3,1,1
4,13,3,51,0.1,2,1,2,2,1,335.03,0,16,1,1,2,2,14,1,1,1,1
4,13,3,52,0.1,3,3,2,2,1,313.51,0,9,3,1,1,3,5,3,1,1,3
4,13,3,53,0.8,1,3,1,1,1,275.77,1,19,1,1,1,1,12,1,1,3,3
4,13,3,54,0.05,3,2,2,2,1,301.55,0,8,1,1,3,3,14,1,1,2,2
4,13,3,55,0.2,1,3,1,1,1,232.61,1,17,3,1,3,1,9,3,1,1,3
4,13,3,56,1.8,2,2,2,2,1,229.6,1,16,3,3,2,2,1,3,1,2,2
4,13,3,57,0.2,1,1,1,1,1,224.82,1,7,1,1,1,1,6,3,3,3,3
4,13,3,58,0.4,3,3,2,2,1,220.33,1,14,3,3,1,1,13,1,1,3,3
4,13,3,59,1.8,1,1,1,1,1,208.94,1,4,3,3,3,3,10,3,1,3,1
4,13,3,60,0.2,1,3,1,1,1,257.99,1,3,1,3,1,3,8,3,1,1,3
4,13,3,61,1.8,1,3,1,1,1,216.09,1,2,1,1,1,1,10,3,1,1,3
4,13,3,62,0.05,2,2,2,2,1,677.16,0,5,3,3,2,2,8,1,1,2,2
4,13,3,63,0.05,3,1,2,2,1,300.96,0,20,3,3,1,1,9,3,1,3,1
4,13,3,64,0.1,1,3,1,1,1,250.41,1,7,3,3,3,3,5,3,3,1,1
4,13,3,65,0.1,1,1,1,1,1,281.45,1,9,1,3,1,3,11,3,1,3,1
4,13,3,66,0.8,2,2,NaN,NaN,NaN,NaN,NaN,10,3,1,2,2,7,1,1,2,2
4,13,3,67,0.05,2,3,2,2,1,290.81,1,13,1,3,2,2,20,3,3,1,1
4,13,3,68,0.1,1,1,1,1,1,232.37,1,16,1,1,1,1,15,1,1,1,1
4,13,3,69,0.05,3,3,2,2,1,297.45,1,3,3,3,1,1,19,1,3,3,1
4,13,3,70,0.4,3,2,2,2,1,230.07,1,16,3,3,1,1,12,3,1,2,2
4,13,3,71,0.8,2,1,2,2,1,223.83,1,6,3,3,2,2,5,1,1,1,1
4,13,3,72,0.2,1,1,1,1,1,239.2,1,6,1,1,1,1,16,3,3,3,3
4,13,3,73,0.2,1,1,1,1,1,230.85,1,4,3,3,3,3,19,1,3,1,3
4,13,3,74,0.4,2,2,2,1,0,290.5,1,2,1,3,2,2,13,3,3,2,2
4,13,3,75,0.1,2,2,2,2,1,348.08,0,10,1,3,2,2,18,3,3,2,2
4,13,3,76,0.8,1,3,1,1,1,227.06,1,14,3,3,3,3,4,3,3,1,1
4,13,3,77,0.4,2,1,2,2,1,246.25,1,16,1,1,2,2,19,1,3,1,3
4,13,3,78,0.1,1,3,1,1,1,224.03,1,18,1,3,1,3,3,1,3,3,1
4,13,4,1,0.2,1,2,1,1,1,231.63,1,4,3,3,3,3,16,1,1,2,2
4,13,4,2,0.2,1,3,1,1,1,228,1,20,1,3,1,3,19,1,3,3,1
4,13,4,3,0.05,2,2,2,2,1,314.29,0,19,3,3,2,2,4,1,3,2,2
4,13,4,4,0.4,1,2,1,1,1,234.3,1,1,3,1,3,1,4,1,1,2,2
4,13,4,5,1.8,3,2,2,2,1,221.59,1,1,3,1,1,3,7,3,1,2,2
4,13,4,6,0.2,2,2,2,2,1,311.4,0,2,3,3,2,2,9,3,3,2,2
4,13,4,7,0.05,1,3,1,1,1,261.23,1,1,1,1,1,1,2,3,1,1,3
4,13,4,8,1.8,2,3,2,2,1,249.09,1,4,1,1,2,2,6,1,3,3,1
4,13,4,9,0.05,3,2,2,1,0,249.05,1,10,3,3,1,1,18,3,3,2,2
4,13,4,10,0.4,1,1,1,1,1,251,1,9,3,3,3,3,14,1,3,1,3
4,13,4,11,1.8,1,1,1,1,1,206.99,1,17,1,1,1,1,16,1,1,1,1
4,13,4,12,1.8,2,1,2,1,0,207.92,1,12,3,1,2,2,18,1,3,1,3
4,13,4,13,1.8,3,1,2,2,1,226.98,1,6,1,3,3,1,1,3,1,3,1
4,13,4,14,0.05,1,2,1,1,1,242.57,1,6,3,1,3,1,20,1,3,2,2
4,13,4,15,0.05,1,1,1,1,1,248.66,1,4,1,1,1,1,16,1,1,1,1
4,13,4,16,0.8,3,1,2,2,1,229.05,1,10,1,3,3,1,18,1,1,1,1
4,13,4,17,0.4,2,3,2,2,1,232.4,1,20,1,1,2,2,10,3,1,1,3
4,13,4,18,0.05,1,2,1,1,1,242.13,1,6,1,3,1,3,5,3,1,2,2
4,13,4,19,0.2,1,1,1,1,1,234.23,1,18,1,3,1,3,17,1,1,1,1
4,13,4,20,0.8,1,2,1,1,1,225.16,1,18,1,3,1,3,13,1,3,2,2
4,13,4,21,0.05,2,1,2,2,1,369.46,0,8,3,3,2,2,13,1,1,1,1
4,13,4,22,0.4,1,2,1,1,1,279.54,1,10,3,1,3,1,18,1,1,2,2
4,13,4,23,0.8,1,3,1,1,1,226.64,1,9,1,1,1,1,1,3,1,1,3
4,13,4,24,0.2,2,3,2,2,1,497.97,0,11,1,3,2,2,6,1,1,3,3
4,13,4,25,0.4,3,1,2,2,1,234.5,1,1,3,1,1,3,20,1,1,1,1
4,13,4,26,1.8,2,2,2,2,1,223.41,1,19,3,1,2,2,12,1,1,2,2
4,13,4,27,0.4,1,2,1,1,1,217.65,1,12,1,3,1,3,4,1,3,2,2
4,13,4,28,0.4,1,2,1,1,1,222.75,1,15,3,1,3,1,18,3,1,2,2
4,13,4,29,0.4,3,3,2,2,1,242.71,1,2,1,3,3,1,14,1,1,3,3
4,13,4,30,0.2,3,3,2,2,1,239.09,1,16,3,1,1,3,16,3,1,1,3
4,13,4,31,0.2,1,2,1,1,1,199.36,1,17,3,3,3,3,2,1,3,2,2
4,13,4,32,0.8,1,2,1,1,1,183.72,1,3,1,1,1,1,13,1,1,2,2
4,13,4,33,0.1,3,3,2,2,1,256.06,1,10,3,3,1,1,17,3,1,1,3
4,13,4,34,0.1,3,2,2,2,1,257.18,1,1,3,3,1,1,5,3,1,2,2
4,13,4,35,0.8,1,2,1,1,1,238.14,1,15,1,1,1,1,1,3,1,2,2
4,13,4,36,0.05,1,2,1,1,1,265.31,1,3,3,3,3,3,7,1,1,2,2
4,13,4,37,1.8,2,1,2,2,1,226.17,1,2,3,3,2,2,9,3,3,3,3
4,13,4,38,0.1,1,3,1,1,1,224.77,1,6,3,3,3,3,8,3,3,1,1
4,13,4,39,0.2,2,1,2,2,1,212.7,1,4,3,1,2,2,19,3,3,3,3
4,13,4,40,0.8,1,1,1,1,1,241.13,1,12,3,1,3,1,1,3,1,3,1
4,13,4,41,0.8,1,3,1,1,1,222.36,1,4,1,1,1,1,1,3,3,1,1
4,13,4,42,0.1,1,3,1,1,1,272.57,1,6,3,3,3,3,20,3,3,1,1
4,13,4,43,1.8,1,1,1,1,1,239.92,1,12,3,3,3,3,17,1,1,1,1
4,13,4,44,0.8,1,2,1,1,1,219.51,1,7,1,3,1,3,18,1,1,2,2
4,13,4,45,0.4,2,3,2,2,1,256.73,1,5,1,1,2,2,16,1,1,3,3
4,13,4,46,0.2,1,1,1,1,1,226.85,1,17,1,3,1,3,1,1,3,1,3
4,13,4,47,0.05,1,3,1,1,1,271.82,1,1,1,3,1,3,2,1,3,3,1
4,13,4,48,0.4,1,2,1,1,1,271.07,1,14,1,3,1,3,20,3,3,2,2
4,13,4,49,0.8,1,2,1,1,1,235.02,1,1,1,3,1,3,8,3,3,2,2
4,13,4,50,0.2,3,3,2,2,1,230.15,1,14,3,3,1,1,18,3,1,1,3
4,13,4,51,1.8,2,2,2,2,1,235.21,1,16,1,3,2,2,20,3,3,2,2
4,13,4,52,0.1,1,1,1,1,1,247.81,1,7,3,3,3,3,15,1,3,1,3
4,13,4,53,0.1,2,2,2,2,1,277.7,1,6,3,3,2,2,13,1,3,2,2
4,13,4,54,0.8,1,3,NaN,NaN,NaN,NaN,NaN,11,3,3,3,3,19,3,3,1,1
4,13,4,55,0.4,2,2,2,2,1,234.07,1,8,3,1,2,2,2,1,1,2,2
4,13,4,56,0.8,1,2,1,1,1,255.38,1,1,1,1,1,1,18,3,1,2,2
4,13,4,57,0.1,2,2,2,2,1,281.81,1,16,1,1,2,2,11,3,1,2,2
4,13,4,58,0.4,2,2,2,2,1,249.11,1,5,1,1,2,2,4,3,3,2,2
4,13,4,59,0.2,2,1,2,1,0,262.67,1,20,1,3,2,2,9,1,3,1,3
4,13,4,60,0.1,3,1,2,1,0,314.62,0,2,3,1,1,3,17,3,3,3,3
4,13,4,61,1.8,2,2,2,2,1,238.89,1,6,3,1,2,2,12,1,3,2,2
4,13,4,62,1.8,1,2,1,1,1,248.46,1,11,3,3,3,3,15,3,1,2,2
4,13,4,63,0.05,2,2,2,2,1,307.61,0,19,1,1,2,2,5,1,1,2,2
4,13,4,64,0.1,2,2,2,1,0,252.8,1,5,3,1,2,2,3,1,3,2,2
4,13,4,65,1.8,1,3,1,1,1,242.95,1,7,1,1,1,1,8,1,1,3,3
4,13,4,66,0.8,3,1,2,2,1,236.38,1,18,1,3,3,1,13,3,3,3,3
4,13,4,67,0.4,2,1,2,2,1,255.08,1,18,1,3,2,2,1,3,1,3,1
4,13,4,68,0.1,2,2,2,2,1,284.33,1,19,1,3,2,2,16,3,1,2,2
4,13,4,69,0.1,1,2,1,1,1,241.91,1,11,3,1,3,1,15,1,3,2,2
4,13,4,70,0.2,3,2,2,2,1,256.71,1,15,1,1,3,3,3,1,3,2,2
4,13,4,71,0.1,3,2,2,2,1,291.89,1,1,1,3,3,1,17,3,1,2,2
4,13,4,72,0.2,1,2,1,1,1,237.87,1,14,3,1,3,1,8,1,3,2,2
4,13,4,73,0.05,1,1,1,1,1,258.5,1,19,1,1,1,1,14,1,1,1,1
4,13,4,74,0.1,1,2,1,1,1,268.3,1,2,1,3,1,3,2,3,3,2,2
4,13,4,75,0.05,3,2,2,2,1,461.9,0,4,3,1,1,3,11,3,1,2,2
4,13,4,76,0.05,1,2,1,1,1,336.51,0,7,1,1,1,1,10,3,3,2,2
4,13,4,77,0.8,2,2,2,2,1,221.39,1,16,1,3,2,2,10,3,1,2,2
4,13,4,78,1.8,3,1,2,2,1,231.9,1,18,3,3,1,1,3,1,3,1,3
4,13,5,1,0.4,1,1,1,1,1,254.45,1,10,1,1,1,1,18,3,3,3,3
4,13,5,2,0.05,1,1,1,1,1,300.9,0,7,3,1,3,1,6,1,3,1,3
4,13,5,3,0.05,2,1,2,1,0,231.37,1,17,3,1,2,2,18,3,1,3,1
4,13,5,4,0.1,3,3,2,2,1,214.15,1,10,3,3,1,1,3,3,1,1,3
4,13,5,5,0.2,1,2,1,1,1,230.74,1,15,3,1,3,1,4,3,1,2,2
4,13,5,6,0.1,1,3,1,1,1,230.97,1,8,1,1,1,1,18,3,1,1,3
4,13,5,7,0.8,1,3,1,1,1,238.82,1,9,3,1,3,1,12,3,1,1,3
4,13,5,8,0.8,3,3,2,2,1,238.95,1,16,1,1,3,3,14,1,3,3,1
4,13,5,9,0.05,3,1,2,2,1,303.88,0,2,3,1,1,3,4,1,3,1,3
4,13,5,10,0.05,1,2,1,1,1,237.21,1,3,3,3,3,3,5,3,3,2,2
4,13,5,11,0.4,2,3,2,2,1,262.65,1,17,3,3,2,2,12,3,1,1,3
4,13,5,12,0.2,3,1,2,1,0,258.5,1,20,3,1,1,3,18,3,3,3,3
4,13,5,13,0.05,1,3,1,1,1,501.13,0,8,3,3,3,3,13,3,1,1,3
4,13,5,14,0.1,1,1,1,1,1,223.05,1,8,1,3,1,3,4,1,1,1,1
4,13,5,15,0.1,2,2,2,1,0,232.9,1,4,1,1,2,2,14,3,3,2,2
4,13,5,16,0.2,1,2,1,1,1,235.1,1,9,1,3,1,3,2,3,1,2,2
4,13,5,17,0.05,1,2,1,1,1,282.74,1,1,3,3,3,3,8,1,1,2,2
4,13,5,18,0.4,1,2,1,1,1,254.33,1,2,3,1,3,1,7,1,1,2,2
4,13,5,19,0.05,3,3,2,2,1,303.41,0,1,1,3,3,1,18,3,1,1,3
4,13,5,20,1.8,3,3,2,2,1,238.37,1,15,3,1,1,3,11,3,1,1,3
4,13,5,21,0.8,2,2,2,2,1,237.27,1,13,3,1,2,2,17,3,1,2,2
4,13,5,22,0.1,3,3,2,2,1,306.28,0,20,3,3,1,1,19,3,3,1,1
4,13,5,23,0.8,3,2,2,1,0,241.33,1,12,3,3,1,1,17,3,1,2,2
4,13,5,24,0.8,1,1,1,1,1,223.43,1,16,1,1,1,1,16,1,3,1,3
4,13,5,25,0.4,3,3,2,2,1,248.92,1,17,3,1,1,3,4,1,3,3,1
4,13,5,26,0.2,2,1,2,2,1,247.05,1,18,1,3,2,2,5,3,1,3,1
4,13,5,27,1.8,1,3,1,1,1,246.25,1,19,3,1,3,1,1,1,1,3,3
4,13,5,28,0.2,3,1,2,2,1,243.23,1,5,3,1,1,3,19,1,3,1,3
4,13,5,29,0.4,1,1,1,1,1,474.74,0,15,3,3,3,3,6,1,3,1,3
4,13,5,30,1.8,1,1,1,1,1,204.58,1,10,1,1,1,1,3,1,1,1,1
4,13,5,31,0.2,1,3,1,1,1,204.27,1,14,3,1,3,1,11,1,1,3,3
4,13,5,32,0.1,2,3,2,2,1,298.37,1,7,1,3,2,2,10,3,3,1,1
4,13,5,33,0.4,3,3,2,2,1,277.41,1,20,1,1,3,3,13,1,3,3,1
4,13,5,34,0.8,1,2,1,1,1,240.88,1,3,3,1,3,1,9,3,3,2,2
4,13,5,35,0.05,3,3,2,2,1,397.99,0,20,1,3,3,1,3,1,1,3,3
4,13,5,36,0.1,1,1,1,1,1,293.85,1,7,3,1,3,1,11,1,1,1,1
4,13,5,37,0.1,2,1,2,2,1,289.21,1,16,1,1,2,2,18,3,3,3,3
4,13,5,38,0.4,3,3,2,2,1,254.31,1,20,1,1,3,3,12,1,3,3,1
4,13,5,39,1.8,1,2,1,1,1,217.34,1,6,1,3,1,3,8,3,1,2,2
4,13,5,40,0.05,1,2,1,1,1,298.77,1,2,3,1,3,1,1,3,3,2,2
4,13,5,41,0.8,3,2,2,2,1,255.22,1,19,3,3,1,1,10,3,1,2,2
4,13,5,42,0.4,2,1,2,2,1,227.84,1,1,3,1,2,2,1,3,3,3,3
4,13,5,43,0.4,2,1,2,2,1,286.53,1,20,1,1,2,2,10,3,1,3,1
4,13,5,44,1.8,1,2,1,1,1,237.57,1,12,3,1,3,1,16,1,1,2,2
4,13,5,45,0.1,3,1,2,2,1,279.99,1,8,1,1,3,3,19,1,3,1,3
4,13,5,46,0.1,2,1,2,1,0,264.46,1,1,1,1,2,2,9,3,3,3,3
4,13,5,47,0.2,1,1,1,1,1,224.63,1,11,3,3,3,3,3,1,1,1,1
4,13,5,48,1.8,3,3,2,2,1,247.84,1,10,1,3,3,1,6,1,1,3,3
4,13,5,49,1.8,3,1,2,2,1,219.1,1,4,3,1,1,3,6,1,3,1,3
4,13,5,50,0.05,1,3,1,1,1,244.3,1,17,3,3,3,3,10,3,1,1,3
4,13,5,51,0.8,3,2,2,2,1,238.01,1,4,3,1,1,3,9,1,3,2,2
4,13,5,52,0.8,2,1,2,1,0,285.89,1,14,1,3,2,2,10,1,1,1,1
4,13,5,53,0.2,3,3,2,2,1,250.9,1,5,1,1,3,3,6,3,3,1,1
4,13,5,54,0.8,1,1,1,1,1,231.16,1,3,1,1,1,1,9,1,3,1,3
4,13,5,55,0.1,1,1,1,1,1,235.41,1,19,1,3,1,3,12,1,3,1,3
4,13,5,56,1.8,1,3,1,1,1,228.38,1,4,1,3,1,3,11,3,1,1,3
4,13,5,57,0.8,1,1,1,1,1,232.87,1,1,1,1,1,1,7,3,3,3,3
4,13,5,58,1.8,2,1,2,2,1,445.74,0,7,1,3,2,2,2,3,1,3,1
4,13,5,59,0.05,2,1,2,2,1,319.74,0,19,1,1,2,2,19,3,3,3,3
4,13,5,60,1.8,2,2,2,2,1,226.65,1,8,1,1,2,2,14,3,3,2,2
4,13,5,61,0.8,1,1,1,1,1,263.57,1,4,3,3,3,3,12,1,3,1,3
4,13,5,62,0.05,1,3,1,1,1,264.38,1,8,3,3,3,3,20,3,1,1,3
4,13,5,63,0.4,1,1,1,1,1,255.63,1,12,3,1,3,1,2,1,3,1,3
4,13,5,64,0.05,2,3,2,2,1,328.22,0,9,3,1,2,2,1,1,1,3,3
4,13,5,65,0.8,3,1,2,2,1,243.52,1,2,3,1,1,3,14,1,1,1,1
4,13,5,66,0.2,2,1,2,2,1,267.4,1,2,3,3,2,2,20,3,1,3,1
4,13,5,67,1.8,2,3,2,2,1,241.47,1,17,1,1,2,2,7,1,3,3,1
4,13,5,68,0.2,2,3,2,2,1,247.58,1,20,3,3,2,2,7,3,3,1,1
4,13,5,69,0.1,1,2,1,1,1,252.67,1,5,1,3,1,3,8,1,1,2,2
4,13,5,70,0.2,2,1,2,1,0,245.62,1,1,1,3,2,2,12,1,3,1,3
4,13,5,71,0.4,1,3,1,1,1,207.17,1,11,1,3,1,3,12,1,1,3,3
4,13,5,72,1.8,3,1,2,2,1,232.83,1,7,1,1,3,3,20,3,1,3,1
4,13,5,73,0.2,1,1,1,1,1,220.91,1,6,3,1,3,1,8,1,3,1,3
4,13,5,74,0.2,1,1,1,1,1,217.63,1,12,1,3,1,3,4,3,1,3,1
4,13,5,75,0.4,1,2,1,1,1,249.47,1,19,3,1,3,1,14,3,1,2,2
4,13,5,76,0.4,3,2,2,2,1,227.5,1,14,3,1,1,3,12,1,1,2,2
4,13,5,77,0.1,2,2,2,1,0,220.95,1,12,3,1,2,2,6,3,3,2,2
4,13,5,78,1.8,2,1,2,2,1,211.86,1,8,3,1,2,2,7,3,1,3,1
4,13,6,1,0.1,2,1,2,1,0,224.43,1,9,3,3,2,2,4,3,3,3,3
4,13,6,2,0.05,3,2,2,2,1,275.6,1,10,1,1,3,3,17,1,1,2,2
4,13,6,3,0.05,3,3,2,2,1,257.36,1,2,1,1,3,3,18,3,1,1,3
4,13,6,4,0.4,1,2,1,1,1,251.2,1,18,1,1,1,1,19,1,1,2,2
4,13,6,5,0.05,1,1,1,1,1,247.65,1,9,1,1,1,1,19,1,1,1,1
4,13,6,6,0.2,1,2,1,1,1,200.85,1,17,3,1,3,1,19,3,1,2,2
4,13,6,7,0.8,1,1,1,1,1,243.84,1,7,1,1,1,1,20,1,3,1,3
4,13,6,8,0.8,2,2,2,2,1,230.79,1,13,3,1,2,2,8,1,1,2,2
4,13,6,9,0.05,1,1,1,1,1,277.48,1,3,3,3,3,3,6,3,1,3,1
4,13,6,10,0.1,2,3,2,1,0,262.51,1,15,3,3,2,2,5,1,3,3,1
4,13,6,11,0.1,2,3,2,2,1,261.73,1,17,3,3,2,2,20,1,1,3,3
4,13,6,12,0.1,3,3,2,2,1,294.39,1,18,1,3,3,1,13,1,1,3,3
4,13,6,13,0.4,3,2,2,2,1,266.33,1,16,1,3,3,1,4,1,3,2,2
4,13,6,14,1.8,2,3,2,2,1,240.99,1,6,3,1,2,2,10,3,3,1,1
4,13,6,15,1.8,3,2,2,2,1,231.79,1,5,1,1,3,3,17,3,3,2,2
4,13,6,16,1.8,1,2,1,1,1,218.18,1,4,3,1,3,1,11,3,1,2,2
4,13,6,17,0.2,1,2,1,1,1,194.67,1,7,3,3,3,3,9,3,3,2,2
4,13,6,18,0.4,1,2,1,1,1,597.82,0,10,3,1,3,1,14,3,1,2,2
4,13,6,19,1.8,1,3,1,1,1,222.56,1,9,1,3,1,3,9,1,1,3,3
4,13,6,20,0.4,3,1,2,2,1,243.49,1,11,3,1,1,3,5,1,1,1,1
4,13,6,21,0.8,1,1,NaN,NaN,NaN,NaN,NaN,5,3,3,3,3,4,1,3,1,3
4,13,6,22,0.8,1,3,1,1,1,220.86,1,20,3,1,3,1,12,1,3,3,1
4,13,6,23,0.05,1,1,1,1,1,255.95,1,20,1,3,1,3,14,1,1,1,1
4,13,6,24,0.4,1,1,1,1,1,228.84,1,20,1,3,1,3,14,1,3,1,3
4,13,6,25,1.8,3,1,2,2,1,226.92,1,14,1,1,3,3,14,3,1,3,1
4,13,6,26,0.2,1,2,1,1,1,236.42,1,1,3,1,3,1,17,1,3,2,2
4,13,6,27,0.4,3,2,2,2,1,246.3,1,8,3,1,1,3,3,3,1,2,2
4,13,6,28,0.2,3,3,2,2,1,245.68,1,5,3,1,1,3,2,1,1,3,3
4,13,6,29,0.4,3,3,2,2,1,237.82,1,10,1,1,3,3,14,3,3,1,1
4,13,6,30,0.8,1,3,1,2,0,269.11,1,5,1,1,1,1,8,1,1,3,3
4,13,6,31,0.2,1,2,1,1,1,249.77,1,11,3,3,3,3,13,3,1,2,2
4,13,6,32,0.8,1,2,1,1,1,240.67,1,3,1,3,1,3,17,3,3,2,2
4,13,6,33,0.05,2,3,2,2,1,304.18,0,9,3,1,2,2,17,1,1,3,3
4,13,6,34,0.05,1,1,1,1,1,228.79,1,3,3,1,3,1,10,1,3,1,3
4,13,6,35,1.8,3,3,2,2,1,210.58,1,9,1,1,3,3,6,1,3,3,1
4,13,6,36,1.8,1,3,1,1,1,235.58,1,2,1,3,1,3,19,1,1,3,3
4,13,6,37,0.1,2,2,2,2,1,278.05,1,3,3,3,2,2,19,3,1,2,2
4,13,6,38,0.1,3,3,2,2,1,388.67,0,9,3,1,1,3,4,3,3,1,1
4,13,6,39,0.05,2,3,2,1,0,284.08,1,13,1,3,2,2,2,3,3,1,1
4,13,6,40,0.8,3,2,2,2,1,235.28,1,7,1,1,3,3,16,1,1,2,2
4,13,6,41,0.2,3,1,2,2,1,225.78,1,16,1,1,3,3,19,3,1,3,1
4,13,6,42,0.05,1,1,1,1,1,249.29,1,8,3,3,3,3,13,3,3,3,3
4,13,6,43,1.8,2,2,2,2,1,229.13,1,7,3,1,2,2,18,3,1,2,2
4,13,6,44,0.4,1,3,1,1,1,216.79,1,9,1,3,1,3,6,3,1,1,3
4,13,6,45,0.05,1,2,1,1,1,277.3,1,9,1,3,1,3,6,1,1,2,2
4,13,6,46,0.4,1,2,1,1,1,232.96,1,11,1,3,1,3,20,3,1,2,2
4,13,6,47,1.8,1,1,NaN,NaN,NaN,NaN,NaN,6,3,1,3,1,15,3,3,3,3
4,13,6,48,0.4,2,3,2,2,1,252.15,1,12,1,1,2,2,13,1,3,3,1
4,13,6,49,0.1,1,3,1,1,1,201.1,1,10,1,1,1,1,4,1,1,3,3
4,13,6,50,0.1,1,2,1,1,1,246.4,1,3,1,3,1,3,16,3,1,2,2
4,13,6,51,0.1,1,3,1,1,1,214.62,1,10,1,1,1,1,17,3,3,1,1
4,13,6,52,0.2,2,3,2,2,1,256.69,1,6,3,3,2,2,5,1,3,3,1
4,13,6,53,0.8,1,3,1,1,1,225.69,1,4,3,3,3,3,20,1,3,3,1
4,13,6,54,0.2,2,2,2,2,1,300.89,0,10,3,3,2,2,2,3,1,2,2
4,13,6,55,1.8,3,1,2,2,1,242.82,1,10,1,3,3,1,6,3,1,3,1
4,13,6,56,0.1,1,1,1,1,1,269.95,1,12,3,3,3,3,7,1,1,1,1
4,13,6,57,0.1,2,1,2,2,1,309.77,0,17,3,1,2,2,10,1,3,1,3
4,13,6,58,0.2,2,3,2,2,1,243.12,1,5,3,1,2,2,15,1,1,3,3
4,13,6,59,0.1,1,1,1,1,1,236.86,1,10,1,3,1,3,5,3,1,3,1
4,13,6,60,0.8,2,1,2,2,1,270.76,1,13,3,1,2,2,7,1,3,1,3
4,13,6,61,0.4,1,1,1,1,1,220.12,1,7,3,1,3,1,6,3,1,3,1
4,13,6,62,0.1,3,3,2,2,1,272.78,1,15,1,1,3,3,3,3,3,1,1
4,13,6,63,0.4,3,2,2,2,1,236.39,1,5,3,1,1,3,15,1,3,2,2
4,13,6,64,0.8,1,3,1,2,0,266.01,1,19,1,3,1,3,17,1,1,3,3
4,13,6,65,0.2,1,3,1,1,1,232.46,1,10,3,1,3,1,14,3,1,1,3
4,13,6,66,1.8,3,2,2,2,1,284.94,1,9,3,1,1,3,18,1,1,2,2
4,13,6,67,0.05,1,1,1,1,1,340.38,0,2,3,3,3,3,8,1,1,1,1
4,13,6,68,0.8,1,3,1,1,1,246.01,1,1,3,3,3,3,3,1,3,3,1
4,13,6,69,1.8,2,3,2,2,1,236.41,1,1,1,3,2,2,3,1,3,3,1
4,13,6,70,1.8,1,1,1,1,1,220.26,1,18,3,1,3,1,9,3,1,3,1
4,13,6,71,0.2,1,2,1,1,1,211.49,1,1,1,1,1,1,1,3,3,2,2
4,13,6,72,0.2,3,2,2,2,1,248.53,1,15,3,3,1,1,15,3,3,2,2
4,13,6,73,0.05,1,1,1,1,1,286.68,1,1,1,1,1,1,10,1,1,1,1
4,13,6,74,0.8,2,2,2,2,1,205.57,1,6,1,1,2,2,11,1,3,2,2
4,13,6,75,0.4,2,2,2,2,1,258.38,1,8,1,1,2,2,11,3,3,2,2
4,13,6,76,0.8,1,1,NaN,NaN,NaN,NaN,NaN,18,3,1,3,1,16,1,3,1,3
4,13,6,77,0.05,2,1,2,2,1,312.34,0,16,3,3,2,2,6,1,3,1,3
4,13,6,78,0.2,2,2,2,1,0,292.02,1,13,1,1,2,2,4,3,1,2,2
4,13,7,1,1.8,2,2,2,1,0,229.91,1,17,3,1,2,2,14,1,1,2,2
4,13,7,2,0.05,1,2,1,1,1,271.42,1,9,1,1,1,1,12,3,3,2,2
4,13,7,3,1.8,1,3,1,2,0,251.31,1,9,1,3,1,3,16,1,1,3,3
4,13,7,4,0.4,3,1,2,2,1,259.32,1,13,3,3,1,1,13,1,3,1,3
4,13,7,5,0.4,1,2,1,1,1,230.99,1,10,1,3,1,3,14,3,3,2,2
4,13,7,6,1.8,2,1,2,2,1,234.33,1,10,3,1,2,2,9,3,3,3,3
4,13,7,7,0.8,1,1,1,1,1,234.57,1,4,1,1,1,1,18,3,3,3,3
4,13,7,8,0.1,2,2,2,1,0,243.8,1,17,1,1,2,2,7,1,1,2,2
4,13,7,9,1.8,1,3,1,1,1,229.44,1,17,3,3,3,3,15,1,1,3,3
4,13,7,10,0.8,3,2,2,2,1,371.8,0,10,3,1,1,3,14,1,3,2,2
4,13,7,11,0.2,1,1,1,1,1,236.53,1,10,1,1,1,1,11,3,1,3,1
4,13,7,12,0.2,2,2,2,2,1,226.78,1,7,1,3,2,2,11,1,1,2,2
4,13,7,13,0.1,3,1,2,1,0,277.87,1,12,3,3,1,1,5,1,3,1,3
4,13,7,14,0.05,1,2,1,1,1,283.57,1,20,3,1,3,1,9,1,3,2,2
4,13,7,15,0.4,1,1,1,1,1,249.07,1,4,1,1,1,1,2,3,1,3,1
4,13,7,16,0.1,1,3,1,1,1,240.07,1,20,1,3,1,3,2,3,3,1,1
4,13,7,17,0.1,1,2,1,1,1,283.34,1,2,1,1,1,1,14,3,1,2,2
4,13,7,18,0.2,1,3,1,1,1,282.14,1,7,3,1,3,1,11,1,3,3,1
4,13,7,19,0.4,1,3,1,1,1,236.32,1,7,3,3,3,3,10,3,1,1,3
4,13,7,20,0.2,2,3,2,1,0,547.14,0,12,3,1,2,2,3,1,3,3,1
4,13,7,21,0.05,1,2,1,1,1,278.12,1,18,3,1,3,1,20,3,1,2,2
4,13,7,22,0.8,1,1,1,1,1,233.49,1,3,3,3,3,3,20,1,1,1,1
4,13,7,23,1.8,2,2,2,2,1,236.79,1,9,3,3,2,2,1,3,3,2,2
4,13,7,24,0.2,1,3,1,1,1,223.7,1,15,3,3,3,3,15,3,1,1,3
4,13,7,25,0.2,3,3,2,2,1,212.83,1,7,3,3,1,1,18,3,1,1,3
4,13,7,26,0.4,3,2,2,2,1,114.24,1,20,1,1,3,3,15,1,1,2,2
4,13,7,27,0.4,2,2,2,1,0,242.34,1,12,1,1,2,2,15,1,1,2,2
4,13,7,28,0.1,1,1,1,1,1,268.47,1,10,3,1,3,1,7,1,3,1,3
4,13,7,29,0.1,1,1,1,1,1,276.04,1,20,1,1,1,1,4,1,1,1,1
4,13,7,30,0.2,1,2,1,1,1,251.45,1,3,3,3,3,3,18,1,1,2,2
4,13,7,31,1.8,1,2,1,2,0,234.29,1,20,3,1,3,1,16,3,3,2,2
4,13,7,32,0.2,2,1,2,2,1,278.88,1,9,1,3,2,2,12,3,3,3,3
4,13,7,33,1.8,3,2,NaN,NaN,NaN,NaN,NaN,17,1,3,3,1,5,3,3,2,2
4,13,7,34,0.05,2,1,2,1,0,299.38,1,4,1,1,2,2,3,3,3,3,3
4,13,7,35,0.1,2,1,2,2,1,312.05,0,8,3,3,2,2,3,1,1,1,1
4,13,7,36,0.8,1,2,1,1,1,268.53,1,1,3,1,3,1,5,1,3,2,2
4,13,7,37,0.05,2,2,2,2,1,314.31,0,10,1,1,2,2,3,1,3,2,2
4,13,7,38,1.8,3,2,2,2,1,244.01,1,3,1,1,3,3,9,1,3,2,2
4,13,7,39,0.1,1,1,1,1,1,240.67,1,2,1,3,1,3,12,3,1,3,1
4,13,7,40,0.8,2,3,2,2,1,272.46,1,17,1,3,2,2,20,3,3,1,1
4,13,7,41,0.8,3,3,2,2,1,256.8,1,8,1,1,3,3,5,1,1,3,3
4,13,7,42,0.1,2,1,2,1,0,277.4,1,13,3,3,2,2,18,3,1,3,1
4,13,7,43,0.2,2,2,2,2,1,251.64,1,9,1,3,2,2,14,1,3,2,2
4,13,7,44,0.8,1,3,1,2,0,239.47,1,19,1,3,1,3,18,1,1,3,3
4,13,7,45,0.2,2,3,2,2,1,244.79,1,6,3,3,2,2,1,1,3,3,1
4,13,7,46,0.4,1,3,1,2,0,233.2,1,14,3,3,3,3,2,1,1,3,3
4,13,7,47,0.05,2,1,2,2,1,262.89,1,8,1,1,2,2,20,1,1,1,1
4,13,7,48,1.8,1,2,1,1,1,255.81,1,11,3,3,3,3,17,1,1,2,2
4,13,7,49,0.4,1,1,1,1,1,234.33,1,15,3,1,3,1,20,3,1,3,1
4,13,7,50,0.05,3,3,2,2,1,500.99,0,1,1,1,3,3,10,1,3,3,1
4,13,7,51,0.05,1,2,1,1,1,266.45,1,14,1,1,1,1,16,3,1,2,2
4,13,7,52,1.8,1,3,1,1,1,257.73,1,17,1,3,1,3,12,3,1,1,3
4,13,7,53,1.8,1,2,1,1,1,227.77,1,1,3,3,3,3,2,3,1,2,2
4,13,7,54,0.8,1,3,1,1,1,219.22,1,10,3,1,3,1,18,1,3,3,1
4,13,7,55,0.1,2,1,2,2,1,314.1,0,14,3,3,2,2,20,1,3,1,3
4,13,7,56,0.4,1,3,1,1,1,261.52,1,5,1,3,1,3,16,3,1,1,3
4,13,7,57,0.05,2,2,2,1,0,329.75,0,3,3,1,2,2,12,1,1,2,2
4,13,7,58,0.05,3,2,2,2,1,347.59,0,8,3,1,1,3,20,3,3,2,2
4,13,7,59,1.8,1,1,1,1,1,210.2,1,1,1,3,1,3,19,1,3,1,3
4,13,7,60,0.8,1,1,1,1,1,232.26,1,20,3,1,3,1,10,3,3,3,3
4,13,7,61,0.2,3,3,2,2,1,146.16,1,2,1,1,3,3,19,3,3,1,1
4,13,7,62,0.1,3,1,2,2,1,275.69,1,9,3,1,1,3,19,3,1,3,1
4,13,7,63,0.05,1,2,1,1,1,295.78,1,16,3,1,3,1,19,1,1,2,2
4,13,7,64,0.4,1,2,1,1,1,240.72,1,9,1,1,1,1,14,1,1,2,2
4,13,7,65,0.2,1,1,1,1,1,231.3,1,12,1,3,1,3,9,3,1,3,1
4,13,7,66,0.4,1,1,1,1,1,266.7,1,6,1,3,1,3,20,3,1,3,1
4,13,7,67,0.8,1,2,1,1,1,214.6,1,2,1,3,1,3,16,3,3,2,2
4,13,7,68,0.8,1,3,1,1,1,238.43,1,2,1,3,1,3,10,1,1,3,3
4,13,7,69,0.2,2,3,2,2,1,301.92,0,19,1,3,2,2,15,3,3,1,1
4,13,7,70,0.4,3,2,2,2,1,214.63,1,5,3,1,1,3,12,3,3,2,2
4,13,7,71,0.1,1,3,1,1,1,266.85,1,6,1,3,1,3,14,3,1,1,3
4,13,7,72,0.05,1,3,1,1,1,242.62,1,15,3,3,3,3,4,3,1,1,3
4,13,7,73,0.05,2,3,2,2,1,390.17,0,10,3,1,2,2,5,3,3,1,1
4,13,7,74,0.8,2,2,2,2,1,261.59,1,9,1,1,2,2,16,3,1,2,2
4,13,7,75,0.8,3,2,2,2,1,248.28,1,1,1,1,3,3,9,3,1,2,2
4,13,7,76,0.1,1,3,1,1,1,230.24,1,18,1,1,1,1,4,3,3,1,1
4,13,7,77,0.4,3,1,2,2,1,243.46,1,20,1,1,3,3,4,3,3,3,3
4,13,7,78,1.8,3,1,2,2,1,219.25,1,19,1,1,3,3,14,3,3,3,3
4,13,8,1,0.4,1,2,1,1,1,245.18,1,6,1,3,1,3,18,3,3,2,2
4,13,8,2,0.8,1,1,1,1,1,254.42,1,5,3,3,3,3,20,3,3,3,3
4,13,8,3,0.05,3,1,2,2,1,282.13,1,9,1,3,3,1,5,1,1,1,1
4,13,8,4,0.4,3,3,2,2,1,228.58,1,9,3,1,1,3,3,1,1,3,3
4,13,8,5,1.8,1,2,1,1,1,202.24,1,3,3,3,3,3,20,1,3,2,2
4,13,8,6,0.1,1,1,1,1,1,248.93,1,18,3,3,3,3,12,3,3,3,3
4,13,8,7,1.8,1,3,1,1,1,233.98,1,15,3,1,3,1,4,3,3,1,1
4,13,8,8,0.1,2,1,2,2,1,257.77,1,13,3,3,2,2,16,1,1,1,1
4,13,8,9,0.8,2,2,2,2,1,254.69,1,17,1,3,2,2,20,3,3,2,2
4,13,8,10,0.1,2,3,2,2,1,310.82,0,12,3,3,2,2,6,1,3,3,1
4,13,8,11,0.8,1,3,1,1,1,220.23,1,13,3,3,3,3,9,3,3,1,1
4,13,8,12,1.8,2,2,2,1,0,208,1,12,1,1,2,2,11,3,1,2,2
4,13,8,13,0.2,1,2,1,1,1,249.05,1,18,1,1,1,1,17,3,1,2,2
4,13,8,14,0.2,2,2,2,2,1,454.67,0,9,3,1,2,2,8,1,3,2,2
4,13,8,15,0.05,3,2,2,2,1,312.31,0,17,1,3,3,1,10,1,3,2,2
4,13,8,16,0.4,1,2,1,1,1,273.95,1,19,1,3,1,3,4,1,3,2,2
4,13,8,17,0.05,1,3,1,1,1,244.1,1,11,3,3,3,3,18,3,3,1,1
4,13,8,18,0.2,2,2,2,2,1,262.96,1,15,3,3,2,2,9,3,1,2,2
4,13,8,19,0.2,1,2,1,1,1,236.7,1,9,1,1,1,1,16,3,3,2,2
4,13,8,20,0.8,3,2,2,2,1,261.56,1,4,3,1,1,3,12,1,3,2,2
4,13,8,21,0.8,3,3,2,2,1,231.71,1,10,1,1,3,3,15,1,3,3,1
4,13,8,22,0.1,3,3,2,2,1,297.32,1,13,1,3,3,1,17,1,3,3,1
4,13,8,23,1.8,2,1,2,2,1,239.29,1,6,1,1,2,2,19,3,1,3,1
4,13,8,24,0.1,2,3,2,1,0,283.97,1,7,1,3,2,2,20,3,3,1,1
4,13,8,25,0.8,1,2,1,1,1,231.5,1,2,3,3,3,3,18,1,3,2,2
4,13,8,26,0.4,2,3,2,2,1,236.85,1,5,1,3,2,2,14,3,3,1,1
4,13,8,27,0.1,1,1,1,1,1,243.63,1,5,3,3,3,3,9,3,3,3,3
4,13,8,28,0.4,1,3,1,1,1,261.54,1,13,1,3,1,3,16,3,1,1,3
4,13,8,29,0.4,2,3,2,2,1,251.83,1,1,3,1,2,2,12,1,3,3,1
4,13,8,30,0.4,3,1,2,2,1,244.52,1,1,1,3,3,1,20,3,3,3,3
4,13,8,31,0.8,1,3,1,1,1,242.52,1,17,1,1,1,1,3,1,1,3,3
4,13,8,32,0.1,1,1,1,1,1,216.81,1,18,3,3,3,3,7,3,1,3,1
4,13,8,33,1.8,1,3,1,1,1,186.7,1,17,1,3,1,3,10,3,1,1,3
4,13,8,34,0.05,2,3,2,2,1,309.26,0,2,3,3,2,2,3,1,3,3,1
4,13,8,35,0.1,3,1,2,2,1,277.97,1,10,1,1,3,3,16,3,1,3,1
4,13,8,36,0.2,1,3,1,1,1,210.9,1,19,1,1,1,1,15,3,1,1,3
4,13,8,37,0.2,1,3,1,2,0,284.67,1,7,3,3,3,3,13,1,1,3,3
4,13,8,38,0.1,3,3,2,1,0,292.48,1,2,3,1,1,3,9,3,1,1,3
4,13,8,39,1.8,1,2,1,1,1,222,1,6,3,3,3,3,8,3,1,2,2
4,13,8,40,0.2,2,1,2,2,1,513.52,0,20,1,1,2,2,17,3,1,3,1
4,13,8,41,0.2,1,1,1,1,1,245.83,1,5,3,3,3,3,10,1,1,1,1
4,13,8,42,0.05,1,1,1,1,1,258.01,1,3,3,3,3,3,2,3,1,3,1
4,13,8,43,0.2,1,1,1,1,1,211.38,1,13,3,3,3,3,13,1,3,1,3
4,13,8,44,0.1,1,2,1,2,0,215.26,1,8,1,1,1,1,2,3,3,2,2
4,13,8,45,1.8,1,3,1,1,1,194.25,1,10,1,3,1,3,7,1,1,3,3
4,13,8,46,0.8,1,2,1,1,1,198.76,1,18,3,3,3,3,1,3,1,2,2
4,13,8,47,0.1,1,1,1,1,1,218.31,1,19,1,1,1,1,7,1,3,1,3
4,13,8,48,0.05,1,2,1,2,0,306.18,0,12,1,3,1,3,5,1,3,2,2
4,13,8,49,1.8,1,1,1,1,1,209.08,1,15,1,3,1,3,3,1,3,1,3
4,13,8,50,0.8,1,3,1,1,1,212.79,1,17,3,1,3,1,1,1,3,3,1
4,13,8,51,0.05,2,2,2,1,0,246.56,1,15,3,3,2,2,14,1,1,2,2
4,13,8,52,1.8,2,2,2,2,1,260.02,1,10,1,1,2,2,18,3,1,2,2
4,13,8,53,0.8,1,1,NaN,NaN,NaN,NaN,NaN,3,1,1,1,1,7,3,3,3,3
4,13,8,54,0.8,2,1,2,1,0,215.2,1,5,3,1,2,2,1,1,3,1,3
4,13,8,55,0.8,1,1,1,1,1,231.94,1,13,1,1,1,1,16,1,3,1,3
4,13,8,56,0.2,3,3,2,2,1,249.86,1,4,1,1,3,3,19,3,3,1,1
4,13,8,57,0.05,1,1,1,1,1,246.51,1,8,3,3,3,3,20,3,1,3,1
4,13,8,58,0.4,1,1,1,1,1,232.42,1,3,1,1,1,1,15,1,3,1,3
4,13,8,59,0.2,3,3,2,2,1,233.75,1,19,3,3,1,1,5,3,3,1,1
4,13,8,60,0.05,3,1,2,2,1,307.88,0,13,3,3,1,1,14,1,1,1,1
4,13,8,61,0.05,1,3,1,1,1,264.22,1,11,1,3,1,3,2,1,3,3,1
4,13,8,62,0.4,1,1,1,1,1,236.46,1,16,3,3,3,3,9,3,3,3,3
4,13,8,63,0.4,3,2,2,2,1,27.73,2,17,3,1,1,3,4,1,1,2,2
4,13,8,64,0.2,1,2,1,1,1,221.61,1,9,1,3,1,3,14,3,1,2,2
4,13,8,65,1.8,1,1,1,1,1,219.67,1,6,3,3,3,3,9,3,1,3,1
4,13,8,66,0.4,3,2,2,2,1,234.02,1,10,1,1,3,3,13,1,3,2,2
4,13,8,67,0.2,3,1,2,2,1,252.24,1,13,1,3,3,1,19,3,1,3,1
4,13,8,68,0.1,1,3,1,1,1,241.12,1,13,3,3,3,3,9,3,1,1,3
4,13,8,69,0.4,1,2,1,1,1,182.08,1,14,1,3,1,3,11,1,1,2,2
4,13,8,70,0.8,3,3,2,2,1,217.15,1,7,1,1,3,3,4,1,3,3,1
4,13,8,71,0.05,2,3,2,2,1,345.85,0,9,3,1,2,2,14,1,3,3,1
4,13,8,72,0.05,1,2,1,1,1,281.31,1,15,1,1,1,1,8,1,3,2,2
4,13,8,73,0.1,3,3,2,2,1,252.16,1,3,3,3,1,1,3,3,1,1,3
4,13,8,74,1.8,1,2,1,1,1,256.54,1,6,3,3,3,3,10,1,3,2,2
4,13,8,75,1.8,1,2,1,1,1,216.32,1,13,3,1,3,1,11,3,3,2,2
4,13,8,76,1.8,1,1,1,1,1,225.26,1,17,3,3,3,3,9,3,3,3,3
4,13,8,77,0.4,2,1,2,1,0,276.11,1,1,3,1,2,2,14,1,1,1,1
4,13,8,78,0.05,1,2,1,1,1,287.04,1,20,3,3,3,3,4,1,3,2,2
4,13,9,1,0.05,3,3,2,2,1,286.98,1,17,3,1,1,3,18,3,1,1,3
4,13,9,2,0.4,1,3,1,1,1,247.6,1,1,3,1,3,1,19,3,1,1,3
4,13,9,3,0.4,3,1,2,2,1,234.61,1,17,3,3,1,1,3,1,3,1,3
4,13,9,4,0.05,1,3,1,1,1,255.87,1,4,1,3,1,3,18,1,3,3,1
4,13,9,5,1.8,3,1,2,2,1,234.63,1,18,1,3,3,1,16,1,3,1,3
4,13,9,6,0.4,1,3,1,1,1,217.74,1,18,3,1,3,1,12,3,1,1,3
4,13,9,7,0.4,1,2,1,1,1,271.9,1,12,1,3,1,3,12,1,3,2,2
4,13,9,8,0.1,1,3,1,1,1,241.6,1,1,3,1,3,1,3,1,3,3,1
4,13,9,9,0.05,3,2,2,2,1,385.36,0,14,3,1,1,3,20,3,1,2,2
4,13,9,10,0.8,3,2,2,2,1,242.74,1,5,1,3,3,1,17,3,1,2,2
4,13,9,11,1.8,3,1,2,2,1,264.85,1,18,3,3,1,1,3,1,1,1,1
4,13,9,12,0.2,1,3,1,1,1,255.98,1,12,1,3,1,3,7,1,3,3,1
4,13,9,13,0.8,3,1,2,2,1,236.1,1,12,3,1,1,3,9,1,3,1,3
4,13,9,14,0.1,2,1,2,2,1,310.93,0,6,1,1,2,2,2,1,3,1,3
4,13,9,15,1.8,2,2,2,2,1,248.62,1,8,1,3,2,2,19,3,3,2,2
4,13,9,16,0.2,2,1,2,1,0,249.09,1,12,1,1,2,2,4,3,1,3,1
4,13,9,17,0.05,2,3,2,2,1,320.62,0,2,1,3,2,2,15,1,3,3,1
4,13,9,18,0.8,1,2,1,1,1,216.54,1,20,3,1,3,1,18,1,3,2,2
4,13,9,19,0.1,1,1,1,1,1,254.87,1,19,1,3,1,3,9,3,1,3,1
4,13,9,20,0.4,3,2,2,2,1,259.27,1,7,3,3,1,1,3,3,3,2,2
4,13,9,21,0.4,3,3,2,2,1,260,1,3,3,1,1,3,5,1,1,3,3
4,13,9,22,0.2,1,2,1,1,1,234.62,1,20,1,3,1,3,5,1,1,2,2
4,13,9,23,0.8,3,3,2,2,1,231.96,1,15,1,1,3,3,3,3,3,1,1
4,13,9,24,0.1,1,2,1,1,1,260.72,1,18,1,3,1,3,15,3,1,2,2
4,13,9,25,1.8,2,3,2,2,1,217.67,1,16,3,3,2,2,11,1,3,3,1
4,13,9,26,0.2,1,2,1,1,1,221.11,1,12,1,1,1,1,9,1,3,2,2
4,13,9,27,1.8,1,1,1,1,1,240.02,1,2,1,3,1,3,7,3,3,3,3
4,13,9,28,0.1,3,1,2,2,1,305.4,0,5,1,1,3,3,3,3,3,3,3
4,13,9,29,0.2,2,2,2,2,1,251.67,1,15,3,1,2,2,2,3,1,2,2
4,13,9,30,0.8,3,1,2,2,1,254.76,1,10,3,1,1,3,20,3,1,3,1
4,13,9,31,0.05,2,1,2,2,1,330.75,0,3,1,3,2,2,2,1,1,1,1
4,13,9,32,0.8,3,2,2,2,1,241.08,1,12,3,3,1,1,19,3,3,2,2
4,13,9,33,0.1,3,2,2,2,1,292.88,1,13,3,3,1,1,2,3,3,2,2
4,13,9,34,0.4,1,3,1,1,1,241.81,1,6,3,3,3,3,7,3,1,1,3
4,13,9,35,0.4,3,2,2,2,1,255.35,1,18,3,1,1,3,19,1,3,2,2
4,13,9,36,0.1,2,3,2,2,1,366.45,0,19,3,3,2,2,5,1,1,3,3
4,13,9,37,0.05,2,2,2,1,0,290.74,1,7,3,1,2,2,1,1,1,2,2
4,13,9,38,1.8,1,2,1,1,1,253.23,1,12,1,1,1,1,11,1,3,2,2
4,13,9,39,0.05,2,1,2,2,1,295.52,1,19,3,1,2,2,15,1,1,1,1
4,13,9,40,0.2,3,3,2,2,1,814.17,0,20,1,3,3,1,9,1,1,3,3
4,13,9,41,0.1,3,3,2,2,1,235.67,1,17,3,1,1,3,8,1,3,3,1
4,13,9,42,0.8,2,1,2,2,1,224.31,1,9,3,3,2,2,20,3,1,3,1
4,13,9,43,0.05,1,1,1,1,1,245.64,1,11,3,1,3,1,10,3,1,3,1
4,13,9,44,0.2,2,3,2,2,1,239.48,1,19,1,3,2,2,11,3,1,1,3
4,13,9,45,1.8,2,2,2,2,1,224.68,1,20,1,1,2,2,8,1,3,2,2
4,13,9,46,1.8,1,3,NaN,NaN,NaN,NaN,NaN,19,1,1,1,1,19,3,3,1,1
4,13,9,47,0.2,3,2,2,2,1,232.4,1,12,1,3,3,1,19,1,3,2,2
4,13,9,48,1.8,1,1,1,2,0,256.18,1,1,1,1,1,1,12,3,3,3,3
4,13,9,49,1.8,1,3,1,1,1,233.49,1,10,1,3,1,3,19,1,1,3,3
4,13,9,50,0.8,3,2,2,2,1,254.45,1,1,3,3,1,1,8,1,3,2,2
4,13,9,51,0.2,3,2,2,2,1,177.47,1,18,3,3,1,1,17,1,3,2,2
4,13,9,52,0.8,3,1,2,2,1,263.97,1,8,1,1,3,3,12,1,1,1,1
4,13,9,53,0.1,2,3,2,2,1,302.25,0,20,3,3,2,2,8,1,1,3,3
4,13,9,54,0.05,1,3,1,1,1,298.13,1,4,1,3,1,3,15,3,1,1,3
4,13,9,55,1.8,1,3,1,1,1,230.81,1,19,1,1,1,1,6,3,3,1,1
4,13,9,56,0.1,2,1,2,2,1,270.67,1,8,1,3,2,2,15,1,3,1,3
4,13,9,57,0.4,1,2,1,1,1,238.49,1,19,1,3,1,3,1,3,3,2,2
4,13,9,58,0.4,2,1,2,2,1,246.6,1,20,1,1,2,2,1,1,1,1,1
4,13,9,59,0.4,3,1,2,2,1,248.48,1,19,1,1,3,3,3,3,1,3,1
4,13,9,60,0.05,1,3,1,1,1,330.02,0,14,3,1,3,1,7,1,3,3,1
4,13,9,61,0.1,1,1,1,1,1,301.73,0,14,1,1,1,1,3,3,3,3,3
4,13,9,62,0.2,3,3,2,2,1,280.24,1,4,3,3,1,1,9,1,1,3,3
4,13,9,63,0.8,1,1,1,1,1,218.33,1,15,1,1,1,1,20,3,3,3,3
4,13,9,64,1.8,1,3,1,1,1,207.62,1,2,1,3,1,3,7,1,3,3,1
4,13,9,65,0.8,3,2,2,2,1,237.64,1,4,3,3,1,1,1,3,3,2,2
4,13,9,66,0.05,1,2,1,1,1,287.68,1,7,1,1,1,1,17,1,3,2,2
4,13,9,67,0.2,1,2,1,1,1,232.63,1,8,1,1,1,1,7,3,1,2,2
4,13,9,68,1.8,3,2,2,2,1,271.18,1,19,3,1,1,3,18,3,1,2,2
4,13,9,69,0.1,1,3,1,2,0,304.2,0,7,1,3,1,3,4,3,3,1,1
4,13,9,70,0.2,1,1,1,1,1,240.01,1,1,3,3,3,3,4,1,3,1,3
4,13,9,71,0.1,1,1,1,1,1,267.92,1,14,3,1,3,1,3,1,1,1,1
4,13,9,72,0.8,3,2,2,2,1,243.95,1,20,3,3,1,1,12,3,3,2,2
4,13,9,73,0.4,3,1,2,2,1,286.52,1,7,1,3,3,1,17,1,1,1,1
4,13,9,74,0.2,3,1,2,2,1,238.34,1,9,3,3,1,1,3,3,1,3,1
4,13,9,75,0.8,1,3,1,1,1,237.89,1,3,1,1,1,1,11,1,1,3,3
4,13,9,76,0.05,1,3,1,1,1,261.31,1,5,1,1,1,1,6,3,1,1,3
4,13,9,77,0.4,2,1,2,2,1,245.51,1,5,3,1,2,2,13,3,1,3,1
4,13,9,78,0.05,3,2,2,2,1,337.75,0,4,3,1,1,3,16,3,3,2,2
4,13,10,1,0.1,2,3,2,2,1,281.53,1,2,1,1,2,2,17,3,3,1,1
4,13,10,2,0.1,1,2,1,1,1,244.85,1,13,3,3,3,3,12,1,3,2,2
4,13,10,3,0.05,2,1,2,2,1,268.98,1,18,3,3,2,2,12,3,3,3,3
4,13,10,4,0.8,3,1,2,2,1,233.79,1,11,1,3,3,1,2,1,3,1,3
4,13,10,5,0.2,1,3,1,1,1,232.18,1,9,3,3,3,3,2,3,1,1,3
4,13,10,6,0.8,2,1,2,2,1,224.92,1,11,1,3,2,2,14,1,3,1,3
4,13,10,7,0.4,3,3,2,2,1,305.85,0,12,3,1,1,3,6,3,1,1,3
4,13,10,8,0.4,1,2,1,1,1,228.09,1,6,3,1,3,1,6,3,1,2,2
4,13,10,9,0.05,1,2,1,1,1,275.46,1,19,3,1,3,1,13,1,1,2,2
4,13,10,10,0.2,1,2,1,1,1,221.19,1,20,3,3,3,3,12,1,1,2,2
4,13,10,11,0.1,1,1,1,1,1,280.53,1,7,3,3,3,3,2,1,3,1,3
4,13,10,12,0.2,1,2,1,1,1,241.93,1,19,3,1,3,1,10,3,3,2,2
4,13,10,13,1.8,1,3,1,1,1,225.12,1,14,1,1,1,1,18,1,1,3,3
4,13,10,14,1.8,3,2,2,2,1,300.76,0,9,3,3,1,1,8,3,3,2,2
4,13,10,15,1.8,3,3,NaN,NaN,NaN,NaN,NaN,6,3,3,1,1,2,3,1,1,3
4,13,10,16,0.8,2,2,2,2,1,242.07,1,5,1,1,2,2,3,1,1,2,2
4,13,10,17,0.8,1,2,1,1,1,223.9,1,17,1,3,1,3,3,1,3,2,2
4,13,10,18,0.8,2,3,2,2,1,438.34,0,4,1,3,2,2,4,3,3,1,1
4,13,10,19,0.8,1,1,1,1,1,237.85,1,1,1,1,1,1,16,1,3,1,3
4,13,10,20,0.1,1,3,1,1,1,234.93,1,3,3,1,3,1,2,3,1,1,3
4,13,10,21,1.8,3,3,2,2,1,254.61,1,7,3,1,1,3,19,1,1,3,3
4,13,10,22,0.8,2,1,2,2,1,221.03,1,20,1,3,2,2,13,1,3,1,3
4,13,10,23,1.8,1,3,1,1,1,257.42,1,12,1,1,1,1,12,1,1,3,3
4,13,10,24,0.2,3,3,2,2,1,260.49,1,2,1,1,3,3,17,3,1,1,3
4,13,10,25,0.2,3,3,2,2,1,224.63,1,16,1,3,3,1,9,3,1,1,3
4,13,10,26,0.8,1,2,1,1,1,213.02,1,2,3,1,3,1,14,1,1,2,2
4,13,10,27,0.05,1,3,1,1,1,281.24,1,7,3,1,3,1,12,1,1,3,3
4,13,10,28,0.4,1,3,1,1,1,223.78,1,17,1,3,1,3,11,1,1,3,3
4,13,10,29,1.8,2,2,2,2,1,230.88,1,5,1,1,2,2,15,1,3,2,2
4,13,10,30,1.8,1,3,1,1,1,264.78,1,19,3,3,3,3,4,3,3,1,1
4,13,10,31,0.1,1,3,1,1,1,224.36,1,11,1,3,1,3,14,1,1,3,3
4,13,10,32,0.8,1,3,1,1,1,224.57,1,2,3,3,3,3,12,1,1,3,3
4,13,10,33,0.05,1,2,1,1,1,277.9,1,18,3,1,3,1,10,3,1,2,2
4,13,10,34,0.05,3,3,2,2,1,314.51,0,8,1,1,3,3,3,1,1,3,3
4,13,10,35,0.8,1,2,NaN,NaN,NaN,NaN,NaN,12,1,3,1,3,4,1,3,2,2
4,13,10,36,0.8,2,1,2,2,1,235.29,1,17,1,3,2,2,2,1,3,1,3
4,13,10,37,1.8,3,3,2,2,1,228.23,1,7,1,1,3,3,2,1,1,3,3
4,13,10,38,0.4,3,1,2,2,1,288.58,1,9,3,3,1,1,3,1,3,1,3
4,13,10,39,0.1,3,2,2,2,1,274.8,1,14,1,3,3,1,6,1,3,2,2
4,13,10,40,1.8,3,2,2,2,1,266.45,1,4,1,1,3,3,5,1,1,2,2
4,13,10,41,0.05,1,3,1,1,1,272.94,1,1,3,3,3,3,15,1,1,3,3
4,13,10,42,0.4,3,1,2,2,1,244.18,1,10,3,3,1,1,14,1,1,1,1
4,13,10,43,0.2,2,3,2,2,1,287.99,1,9,3,3,2,2,3,1,1,3,3
4,13,10,44,0.4,1,1,1,1,1,238.02,1,6,3,3,3,3,8,1,1,1,1
4,13,10,45,0.2,1,2,1,1,1,265.16,1,5,3,3,3,3,2,3,3,2,2
4,13,10,46,0.2,1,3,1,1,1,230.87,1,20,1,3,1,3,17,3,3,1,1
4,13,10,47,0.05,1,3,1,1,1,284.36,1,17,3,3,3,3,10,1,1,3,3
4,13,10,48,0.05,2,1,2,2,1,382.59,0,4,1,1,2,2,8,3,3,3,3
4,13,10,49,0.4,2,2,2,2,1,253.98,1,6,1,1,2,2,14,1,3,2,2
4,13,10,50,0.4,1,2,1,1,1,218.07,1,18,1,3,1,3,3,3,1,2,2
4,13,10,51,0.4,1,2,1,1,1,258.05,1,11,1,3,1,3,6,3,3,2,2
4,13,10,52,1.8,2,1,2,2,1,241.13,1,2,1,3,2,2,13,3,1,3,1
4,13,10,53,0.05,1,1,1,1,1,275.24,1,7,3,1,3,1,8,1,3,1,3
4,13,10,54,0.1,3,3,2,2,1,270.65,1,5,3,3,1,1,15,1,3,3,1
4,13,10,55,0.1,1,1,1,1,1,269.78,1,11,1,3,1,3,11,3,1,3,1
4,13,10,56,0.05,1,3,1,1,1,270.92,1,1,3,1,3,1,6,3,3,1,1
4,13,10,57,0.1,1,3,1,1,1,246.93,1,6,3,3,3,3,7,3,1,1,3
4,13,10,58,0.05,3,2,2,2,1,271.15,1,10,1,1,3,3,19,3,1,2,2
4,13,10,59,0.1,1,2,1,1,1,224.36,1,20,3,1,3,1,20,1,3,2,2
4,13,10,60,1.8,3,3,2,2,1,232.48,1,15,3,1,1,3,8,3,1,1,3
4,13,10,61,0.2,1,3,1,1,1,231.96,1,15,1,1,1,1,15,3,1,1,3
4,13,10,62,0.2,2,2,2,1,0,288.95,1,20,3,3,2,2,6,1,1,2,2
4,13,10,63,0.1,1,2,1,1,1,219.08,1,12,3,3,3,3,12,1,1,2,2
4,13,10,64,0.1,1,3,1,1,1,249.45,1,5,3,1,3,1,15,1,3,3,1
4,13,10,65,0.2,1,1,1,1,1,221.33,1,2,1,3,1,3,1,1,3,1,3
4,13,10,66,1.8,1,1,1,1,1,231.06,1,14,3,1,3,1,6,3,1,3,1
4,13,10,67,1.8,3,2,2,2,1,224.93,1,15,3,1,1,3,12,1,3,2,2
4,13,10,68,0.8,1,1,NaN,NaN,NaN,NaN,NaN,2,1,3,1,3,9,3,3,3,3
4,13,10,69,0.4,3,1,2,2,1,257.49,1,20,1,3,3,1,12,1,3,1,3
4,13,10,70,0.2,3,3,2,2,1,229.14,1,11,3,1,1,3,1,1,3,3,1
4,13,10,71,0.4,3,1,2,2,1,427.29,0,17,3,1,1,3,1,1,1,1,1
4,13,10,72,0.05,3,2,2,2,1,241.45,1,9,3,3,1,1,14,3,3,2,2
4,13,10,73,0.4,1,2,1,1,1,210.89,1,12,3,1,3,1,8,1,1,2,2
4,13,10,74,0.8,1,3,1,1,1,283.95,1,10,1,3,1,3,10,1,3,3,1
4,13,10,75,0.2,1,1,1,1,1,228.44,1,16,3,3,3,3,4,1,3,1,3
4,13,10,76,0.05,1,3,1,1,1,290.4,1,9,1,1,1,1,14,3,1,1,3
4,13,10,77,0.4,2,3,2,2,1,285.13,1,4,3,3,2,2,15,1,3,3,1
4,13,10,78,0.1,2,3,2,2,1,278.18,1,14,1,3,2,2,2,3,3,1,1
