4,13,1,1,0.05,3,1,2,2,1,262.72,1,8,1,1,3,3,14,1,1,1,1
4,13,1,2,0.05,1,3,1,1,1,267.3,1,4,1,1,1,1,9,3,1,1,3
4,13,1,3,0.8,2,3,2,1,0,232.15,1,3,3,1,2,2,2,3,3,1,1
4,13,1,4,1.8,1,3,1,1,1,203.7,1,17,1,1,1,1,8,3,3,1,1
4,13,1,5,0.8,1,3,1,1,1,200.95,1,7,3,1,3,1,9,1,1,3,3
4,13,1,6,0.2,2,3,2,1,0,262.42,1,5,3,3,2,2,6,3,3,1,1
4,13,1,7,0.8,1,1,1,2,0,340.71,0,3,1,3,1,3,9,3,3,3,3
4,13,1,8,0.4,2,1,2,2,1,232.2,1,17,1,3,2,2,9,1,1,1,1
4,13,1,9,0.4,2,1,2,2,1,356.52,0,4,1,3,2,2,15,1,3,1,3
4,13,1,10,0.4,1,2,1,1,1,208.58,1,19,3,3,3,3,6,3,1,2,2
4,13,1,11,0.2,1,3,1,1,1,275.68,1,2,1,1,1,1,7,1,3,3,1
4,13,1,12,0.4,3,2,2,2,1,210.22,1,20,1,3,3,1,5,3,3,2,2
4,13,1,13,0.05,3,3,2,2,1,270.67,1,2,1,3,3,1,12,1,1,3,3
4,13,1,14,0.2,1,3,1,1,1,252.55,1,7,1,1,1,1,4,1,1,3,3
4,13,1,15,0.05,1,1,1,1,1,253.31,1,7,3,1,3,1,15,1,3,1,3
4,13,1,16,0.8,3,2,NaN,NaN,NaN,NaN,NaN,16,1,3,3,1,10,3,3,2,2
4,13,1,17,0.4,1,2,1,1,1,252.9,1,5,3,3,3,3,7,3,3,2,2
4,13,1,18,0.1,1,2,1,1,1,262.85,1,9,1,3,1,3,3,1,3,2,2
4,13,1,19,0.05,1,1,1,1,1,249.7,1,16,1,1,1,1,12,3,3,3,3
4,13,1,20,0.4,1,2,1,2,0,235.82,1,3,3,3,3,3,8,3,1,2,2
4,13,1,21,0.8,1,2,1,1,1,252.54,1,1,3,1,3,1,4,3,1,2,2
4,13,1,22,0.1,1,1,1,1,1,429.91,0,3,3,3,3,3,9,3,1,3,1
4,13,1,23,1.8,1,3,1,1,1,230.77,1,10,1,1,1,1,3,3,3,1,1
4,13,1,24,0.1,1,2,1,1,1,282.32,1,19,1,1,1,1,17,3,1,2,2
4,13,1,25,0.8,1,1,1,1,1,237.92,1,17,3,1,3,1,12,1,1,1,1
4,13,1,26,0.2,1,2,1,1,1,252.7,1,2,3,3,3,3,10,1,3,2,2
4,13,1,27,0.1,2,1,2,2,1,257.34,1,7,1,3,2,2,7,1,3,1,3
4,13,1,28,0.2,1,2,1,1,1,272.67,1,2,3,3,3,3,9,3,1,2,2
4,13,1,29,0.05,3,2,2,2,1,291.41,1,18,3,1,1,3,16,1,3,2,2
4,13,1,30,0.1,1,3,1,1,1,307.56,0,2,1,1,1,1,8,1,1,3,3
4,13,1,31,0.8,1,3,1,1,1,243.13,1,7,1,3,1,3,10,1,1,3,3
4,13,1,32,0.4,1,2,1,1,1,253.49,1,4,3,1,3,1,11,3,1,2,2
4,13,1,33,0.8,1,3,1,1,1,223.48,1,4,1,3,1,3,5,3,3,1,1
4,13,1,34,1.8,1,3,1,1,1,235.17,1,15,1,1,1,1,19,3,1,1,3
4,13,1,35,0.1,1,3,1,1,1,285.3,1,3,1,3,1,3,12,3,3,1,1
4,13,1,36,0.4,1,2,1,1,1,229.43,1,3,1,3,1,3,12,1,1,2,2
4,13,1,37,0.1,3,1,2,2,1,217.59,1,11,3,3,1,1,12,1,3,1,3
4,13,1,38,0.1,1,3,1,1,1,248.05,1,2,1,3,1,3,12,3,1,1,3
4,13,1,39,0.2,3,2,2,2,1,228.73,1,11,3,1,1,3,16,3,3,2,2
4,13,1,40,1.8,2,1,2,2,1,212.29,1,20,3,1,2,2,8,1,3,1,3
4,13,1,41,0.2,1,1,1,1,1,231.32,1,13,1,3,1,3,20,3,3,3,3
4,13,1,42,1.8,3,1,2,2,1,180.3,1,15,1,1,3,3,8,3,3,3,3
4,13,1,43,0.8,2,3,2,2,1,210.67,1,12,3,1,2,2,12,3,3,1,1
4,13,1,44,0.1,2,1,2,2,1,301.18,0,1,3,1,2,2,17,3,1,3,1
4,13,1,45,0.05,1,2,1,1,1,273.97,1,6,1,1,1,1,12,1,1,2,2
4,13,1,46,0.2,1,3,1,1,1,259.36,1,5,1,1,1,1,4,1,1,3,3
4,13,1,47,0.8,1,2,1,1,1,252.07,1,14,1,1,1,1,10,3,1,2,2
4,13,1,48,0.2,2,2,2,2,1,242.35,1,11,1,1,2,2,17,1,3,2,2
4,13,1,49,0.05,1,2,1,1,1,291.14,1,19,3,1,3,1,7,1,1,2,2
4,13,1,50,0.8,1,2,1,1,1,235.05,1,19,1,3,1,3,18,1,3,2,2
4,13,1,51,0.1,2,2,2,2,1,289.85,1,3,1,1,2,2,14,1,1,2,2
4,13,1,52,1.8,1,2,1,1,1,215.92,1,14,3,1,3,1,20,3,1,2,2
4,13,1,53,0.4,2,2,2,2,1,225.19,1,18,3,3,2,2,10,3,3,2,2
4,13,1,54,1.8,3,2,2,2,1,268.7,1,16,3,1,1,3,12,1,3,2,2
4,13,1,55,0.2,1,3,1,1,1,261.94,1,15,1,1,1,1,19,3,1,1,3
4,13,1,56,0.4,2,2,2,2,1,270.15,1,17,1,1,2,2,7,1,1,2,2
4,13,1,57,0.05,2,2,2,2,1,290.24,1,7,3,1,2,2,6,3,1,2,2
4,13,1,58,1.8,1,3,1,1,1,258.28,1,16,3,1,3,1,20,3,3,1,1
4,13,1,59,1.8,1,3,1,1,1,209.65,1,10,1,3,1,3,15,1,3,3,1
4,13,1,60,0.4,1,2,1,1,1,265.46,1,4,1,3,1,3,1,1,3,2,2
4,13,1,61,0.4,3,2,2,2,1,199.71,1,11,3,3,1,1,18,1,3,2,2
4,13,1,62,0.05,1,3,1,1,1,273.53,1,7,1,1,1,1,13,3,3,1,1
4,13,1,63,1.8,2,3,2,2,1,246.56,1,18,3,1,2,2,9,1,1,3,3
4,13,1,64,0.1,1,1,1,1,1,245.4,1,7,3,1,3,1,11,3,1,3,1
4,13,1,65,0.8,1,2,1,1,1,285.26,1,4,3,3,3,3,18,1,3,2,2
4,13,1,66,0.1,3,3,2,2,1,262.04,1,16,3,1,1,3,1,1,3,3,1
4,13,1,67,0.8,3,3,2,2,1,265.13,1,3,1,1,3,3,12,1,1,3,3
4,13,1,68,0.05,3,2,2,2,1,309.27,0,3,1,1,3,3,19,3,1,2,2
4,13,1,69,1.8,1,2,1,1,1,236.32,1,6,1,3,1,3,6,3,3,2,2
4,13,1,70,0.2,1,2,1,1,1,279.38,1,6,3,1,3,1,6,3,1,2,2
4,13,1,71,0.1,2,1,2,2,1,355.94,0,11,3,3,2,2,7,3,1,3,1
4,13,1,72,1.8,1,1,1,1,1,227.34,1,16,3,1,3,1,9,3,1,3,1
4,13,1,73,0.2,1,3,1,2,0,312.77,0,7,1,1,1,1,2,3,3,1,1
4,13,1,74,0.05,3,1,2,2,1,293.11,1,14,3,1,1,3,12,3,3,3,3
4,13,1,75,1.8,3,2,2,2,1,232.55,1,20,1,1,3,3,11,3,1,2,2
4,13,1,76,0.2,3,1,2,2,1,257.46,1,2,3,1,1,3,4,3,1,3,1
4,13,1,77,0.05,1,3,1,1,1,313.09,0,15,3,1,3,1,16,3,1,1,3
4,13,1,78,0.4,1,3,1,1,1,266.64,1,14,3,1,3,1,6,1,3,3,1
4,13,2,1,0.8,3,1,2,2,1,201.38,1,8,1,3,3,1,18,1,1,1,1
4,13,2,2,0.2,3,2,2,2,1,225.18,1,2,1,3,3,1,19,1,3,2,2
4,13,2,3,1.8,2,2,2,1,0,213.3,1,12,1,1,2,2,8,1,3,2,2
4,13,2,4,1.8,3,1,2,2,1,184.88,1,15,1,1,3,3,19,1,1,1,1
4,13,2,5,0.1,2,3,2,2,1,281.31,1,15,1,1,2,2,1,3,1,1,3
4,13,2,6,0.05,1,3,1,1,1,269.71,1,12,1,3,1,3,17,1,3,3,1
4,13,2,7,0.2,1,3,1,1,1,233.56,1,6,1,1,1,1,10,1,1,3,3
4,13,2,8,1.8,1,2,1,2,0,232.72,1,2,3,1,3,1,14,1,3,2,2
4,13,2,9,0.2,1,2,1,1,1,238.75,1,19,3,3,3,3,9,3,1,2,2
4,13,2,10,0.8,1,3,1,1,1,254.34,1,1,1,1,1,1,14,3,3,1,1
4,13,2,11,0.05,1,3,1,1,1,277.03,1,17,3,3,3,3,12,3,3,1,1
4,13,2,12,0.2,3,2,2,2,1,237.35,1,8,1,3,3,1,6,1,3,2,2
4,13,2,13,1.8,3,2,2,2,1,240.82,1,5,1,1,3,3,13,1,1,2,2
4,13,2,14,1.8,1,1,NaN,NaN,NaN,NaN,NaN,7,3,1,3,1,3,1,3,1,3
4,13,2,15,0.05,3,3,2,1,0,302.34,0,3,1,3,3,1,16,1,1,3,3
4,13,2,16,1.8,1,3,1,1,1,247.55,1,14,1,1,1,1,9,3,3,1,1
4,13,2,17,0.2,1,2,1,2,0,293.63,1,15,3,3,3,3,17,3,1,2,2
4,13,2,18,0.8,3,3,2,2,1,249.87,1,13,1,3,3,1,11,3,1,1,3
4,13,2,19,0.05,2,2,2,1,0,312.69,0,4,3,1,2,2,15,1,1,2,2
4,13,2,20,0.2,3,3,2,2,1,397.59,0,7,3,1,1,3,20,1,3,3,1
4,13,2,21,1.8,3,3,2,2,1,228.05,1,9,3,3,1,1,5,3,1,1,3
4,13,2,22,0.1,1,2,1,1,1,258.55,1,19,1,1,1,1,2,1,3,2,2
4,13,2,23,0.8,2,3,2,1,0,265.05,1,4,3,3,2,2,12,3,1,1,3
4,13,2,24,0.1,1,2,1,1,1,259.6,1,16,3,3,3,3,14,1,3,2,2
4,13,2,25,0.2,3,2,2,2,1,212.8,1,13,3,3,1,1,17,1,3,2,2
4,13,2,26,0.4,2,2,2,2,1,237.7,1,8,3,1,2,2,4,3,1,2,2
4,13,2,27,1.8,3,3,2,2,1,225.28,1,1,1,3,3,1,6,3,1,1,3
4,13,2,28,0.4,1,1,1,1,1,364.47,0,17,1,1,1,1,17,3,3,3,3
4,13,2,29,0.05,1,3,1,1,1,285.4,1,9,1,3,1,3,14,1,1,3,3
4,13,2,30,0.2,1,3,1,1,1,264.37,1,7,1,3,1,3,2,3,3,1,1
4,13,2,31,0.4,2,3,2,2,1,270.69,1,3,3,3,2,2,5,1,3,3,1
4,13,2,32,0.8,1,3,1,1,1,226.71,1,15,3,1,3,1,12,1,3,3,1
4,13,2,33,0.05,1,3,1,1,1,290.91,1,18,3,3,3,3,10,3,1,1,3
4,13,2,34,0.05,2,3,2,1,0,313.3,0,12,1,3,2,2,2,3,1,1,3
4,13,2,35,1.8,1,1,NaN,NaN,NaN,NaN,NaN,9,3,3,3,3,1,3,1,3,1
4,13,2,36,0.8,2,2,2,2,1,257.54,1,16,1,1,2,2,12,3,1,2,2
4,13,2,37,0.1,1,1,1,1,1,268.13,1,6,3,1,3,1,11,3,3,3,3
4,13,2,38,0.05,3,2,2,2,1,297.44,1,2,1,1,3,3,2,3,1,2,2
4,13,2,39,0.1,2,3,2,2,1,321.17,0,7,1,3,2,2,18,3,1,1,3
4,13,2,40,0.05,3,3,2,2,1,302.44,0,14,3,1,1,3,15,3,1,1,3
4,13,2,41,0.4,1,1,1,1,1,233.15,1,13,3,3,3,3,20,3,1,3,1
4,13,2,42,0.4,1,2,1,1,1,259.4,1,18,3,1,3,1,13,3,3,2,2
4,13,2,43,0.2,1,3,1,1,1,231.23,1,18,1,3,1,3,8,3,1,1,3
4,13,2,44,0.4,3,3,2,2,1,265.42,1,6,3,3,1,1,9,1,1,3,3
4,13,2,45,0.8,1,3,1,1,1,224.07,1,3,3,1,3,1,5,1,3,3,1
4,13,2,46,1.8,3,2,2,2,1,198.95,1,7,1,1,3,3,18,1,3,2,2
4,13,2,47,0.1,3,3,2,2,1,275.7,1,11,3,3,1,1,14,3,3,1,1
4,13,2,48,0.2,3,3,2,2,1,220.98,1,4,1,1,3,3,20,1,1,3,3
4,13,2,49,0.1,3,1,2,2,1,237.64,1,11,1,1,3,3,13,1,3,1,3
4,13,2,50,1.8,1,1,1,1,1,258.36,1,14,3,3,3,3,3,3,1,3,1
4,13,2,51,0.2,1,1,1,1,1,278.23,1,3,1,3,1,3,18,3,3,3,3
4,13,2,52,0.4,3,1,2,2,1,248.39,1,14,1,1,3,3,4,3,3,3,3
4,13,2,53,0.8,1,2,1,1,1,255.2,1,8,3,1,3,1,8,3,1,2,2
4,13,2,54,0.8,1,1,1,1,1,250.31,1,5,1,3,1,3,3,1,1,1,1
4,13,2,55,0.05,1,1,1,1,1,288.65,1,7,1,1,1,1,17,1,3,1,3
4,13,2,56,0.1,1,2,1,1,1,279.49,1,19,1,3,1,3,8,1,3,2,2
4,13,2,57,0.1,1,2,1,1,1,246.84,1,13,1,1,1,1,8,1,1,2,2
4,13,2,58,0.8,2,2,2,2,1,260.91,1,9,1,3,2,2,16,1,3,2,2
4,13,2,59,0.05,1,1,1,1,1,284.62,1,2,3,3,3,3,13,3,1,3,1
4,13,2,60,0.4,1,3,1,1,1,251.96,1,20,1,3,1,3,8,3,1,1,3
4,13,2,61,0.4,1,3,1,1,1,254.42,1,20,3,3,3,3,15,3,3,1,1
4,13,2,62,0.8,1,2,1,1,1,226.72,1,2,1,3,1,3,6,3,3,2,2
4,13,2,63,0.05,1,1,1,1,1,258.93,1,15,1,3,1,3,9,3,3,3,3
4,13,2,64,0.05,2,2,2,2,1,329.86,0,5,1,3,2,2,1,3,1,2,2
4,13,2,65,1.8,1,3,1,1,1,249.66,1,4,1,1,1,1,17,3,1,1,3
4,13,2,66,0.8,3,3,2,2,1,228.27,1,10,1,1,3,3,1,1,3,3,1
4,13,2,67,0.4,2,3,2,2,1,236.47,1,8,3,1,2,2,1,1,1,3,3
4,13,2,68,0.4,2,1,2,2,1,273.21,1,14,3,1,2,2,9,3,3,3,3
4,13,2,69,0.2,1,2,1,1,1,540.07,0,17,3,3,3,3,20,3,3,2,2
4,13,2,70,0.8,1,1,1,1,1,227.75,1,16,3,3,3,3,13,3,3,3,3
4,13,2,71,0.4,3,1,2,2,1,227,1,13,3,3,1,1,7,1,1,1,1
4,13,2,72,0.2,3,1,2,2,1,239.86,1,6,1,1,3,3,20,1,1,1,1
4,13,2,73,0.1,1,2,1,1,1,250.1,1,2,3,3,3,3,9,3,1,2,2
4,13,2,74,0.1,3,1,2,2,1,254.72,1,6,3,3,1,1,19,1,3,1,3
4,13,2,75,1.8,2,3,2,2,1,216.56,1,15,1,1,2,2,14,3,1,1,3
4,13,2,76,0.1,2,2,2,2,1,273.93,1,17,1,1,2,2,13,3,1,2,2
4,13,2,77,0.1,1,1,1,1,1,288.81,1,7,3,1,3,1,5,1,1,1,1
4,13,2,78,0.4,3,2,2,2,1,211.77,1,1,3,1,1,3,20,1,3,2,2
4,13,3,1,0.05,3,2,2,1,0,269.31,1,11,1,3,3,1,6,3,1,2,2
4,13,3,2,0.05,2,1,2,1,0,261.72,1,7,1,3,2,2,9,1,3,1,3
4,13,3,3,0.2,3,2,2,2,1,256.54,1,7,3,1,1,3,5,1,3,2,2
4,13,3,4,0.8,1,2,1,1,1,217.39,1,15,1,1,1,1,3,1,3,2,2
4,13,3,5,0.05,1,3,1,1,1,289.82,1,1,1,3,1,3,10,3,3,1,1
4,13,3,6,0.4,3,1,2,2,1,23.488,2,6,3,3,1,1,15,1,3,1,3
4,13,3,7,1.8,2,1,2,1,0,256.12,1,17,3,1,2,2,10,1,3,1,3
4,13,3,8,0.8,3,2,2,2,1,224.91,1,6,1,1,3,3,7,1,3,2,2
4,13,3,9,0.2,1,3,1,1,1,239.9,1,7,3,3,3,3,20,1,1,3,3
4,13,3,10,1.8,2,2,2,1,0,246.53,1,7,3,3,2,2,6,1,1,2,2
4,13,3,11,0.2,3,1,2,2,1,245.2,1,3,1,3,3,1,11,1,3,1,3
4,13,3,12,0.05,1,2,1,1,1,309.84,0,16,1,1,1,1,15,1,1,2,2
4,13,3,13,0.1,3,3,2,2,1,293.24,1,12,1,3,3,1,10,1,3,3,1
4,13,3,14,1.8,2,1,2,2,1,240.21,1,11,3,1,2,2,13,3,1,3,1
4,13,3,15,0.4,3,1,2,2,1,232.22,1,5,1,1,3,3,13,3,1,3,1
4,13,3,16,0.1,1,1,1,1,1,440.82,0,20,1,1,1,1,11,3,3,3,3
4,13,3,17,0.05,3,1,2,2,1,305.27,0,13,3,3,1,1,13,1,3,1,3
4,13,3,18,1.8,1,3,1,1,1,243.09,1,8,1,3,1,3,18,3,1,1,3
4,13,3,19,0.4,2,2,2,2,1,230.83,1,17,1,1,2,2,10,1,3,2,2
4,13,3,20,0.2,2,3,2,1,0,248.36,1,5,3,3,2,2,20,3,3,1,1
4,13,3,21,0.05,1,3,1,1,1,244.94,1,17,3,3,3,3,1,3,3,1,1
4,13,3,22,0.2,1,3,1,1,1,220.08,1,4,3,1,3,1,5,3,1,1,3
4,13,3,23,0.1,3,3,2,2,1,446.2,0,8,1,1,3,3,11,1,1,3,3
4,13,3,24,0.4,1,2,1,1,1,253.42,1,16,1,1,1,1,17,1,1,2,2
4,13,3,25,0.05,1,3,1,1,1,328.68,0,14,3,1,3,1,19,3,3,1,1
4,13,3,26,0.8,1,1,NaN,NaN,NaN,NaN,NaN,5,1,3,1,3,18,1,1,1,1
4,13,3,27,0.2,2,1,2,2,1,225.42,1,16,3,1,2,2,18,3,1,3,1
4,13,3,28,0.4,3,1,2,2,1,225.87,1,8,1,3,3,1,10,3,3,3,3
4,13,3,29,0.4,1,1,1,1,1,240.08,1,4,1,3,1,3,18,3,1,3,1
4,13,3,30,1.8,3,2,2,2,1,218.08,1,7,1,3,3,1,8,1,3,2,2
4,13,3,31,0.8,1,3,1,1,1,230.15,1,5,1,1,1,1,3,1,1,3,3
4,13,3,32,0.2,1,2,1,1,1,249.76,1,5,3,3,3,3,13,1,3,2,2
4,13,3,33,0.2,2,3,2,2,1,246.14,1,2,3,1,2,2,16,3,1,1,3
4,13,3,34,0.4,2,3,2,2,1,229.66,1,8,3,3,2,2,15,3,3,1,1
4,13,3,35,1.8,1,2,1,2,0,215.57,1,15,1,1,1,1,11,1,1,2,2
4,13,3,36,0.1,1,1,1,1,1,256.05,1,8,3,3,3,3,9,3,1,3,1
4,13,3,37,0.4,1,3,1,1,1,208.09,1,5,1,1,1,1,3,1,1,3,3
4,13,3,38,0.2,3,1,2,2,1,279.14,1,18,3,3,1,1,14,3,1,3,1
4,13,3,39,0.8,1,3,1,1,1,268.57,1,10,3,1,3,1,11,1,3,3,1
4,13,3,40,0.4,1,2,1,1,1,212.53,1,18,3,1,3,1,18,1,3,2,2
4,13,3,41,0.8,3,1,2,2,1,255.98,1,14,3,1,1,3,11,1,1,1,1
4,13,3,42,0.1,2,2,2,2,1,304.33,0,17,3,3,2,2,8,1,3,2,2
4,13,3,43,0.05,1,1,1,1,1,316.7,0,3,1,3,1,3,19,1,3,1,3
4,13,3,44,0.05,1,1,1,1,1,309.22,0,8,3,3,3,3,2,3,3,3,3
4,13,3,45,0.1,2,1,2,1,0,239.58,1,15,3,3,2,2,4,3,1,3,1
4,13,3,46,1.8,3,2,2,2,1,231.85,1,16,1,3,3,1,5,3,3,2,2
4,13,3,47,0.8,1,3,1,1,1,228.84,1,1,1,1,1,1,5,1,1,3,3
4,13,3,48,0.1,3,3,2,1,0,307.33,0,17,1,3,3,1,1,3,3,1,1
4,13,3,49,0.8,1,2,1,2,0,255.03,1,19,3,3,3,3,15,3,3,2,2
4,13,3,50,0.4,1,3,1,1,1,94.784,2,8,1,1,1,1,7,3,3,1,1
4,13,3,51,1.8,3,2,2,2,1,262.11,1,18,1,3,3,1,20,3,3,2,2
4,13,3,52,0.2,1,2,1,1,1,234.41,1,12,3,3,3,3,7,3,1,2,2
4,13,3,53,1.8,1,1,1,1,1,247.28,1,20,1,1,1,1,7,1,1,1,1
4,13,3,54,1.8,1,1,1,1,1,218.42,1,18,1,1,1,1,10,1,1,1,1
4,13,3,55,0.4,2,1,2,1,0,246.55,1,17,3,1,2,2,2,3,1,3,1
4,13,3,56,0.2,2,1,2,2,1,277.96,1,9,1,3,2,2,8,3,1,3,1
4,13,3,57,0.05,2,2,2,2,1,332.27,0,12,3,3,2,2,3,1,3,2,2
4,13,3,58,0.4,3,1,2,2,1,239.39,1,20,3,3,1,1,18,3,3,3,3
4,13,3,59,0.8,1,2,1,1,1,242.44,1,14,3,1,3,1,16,1,3,2,2
4,13,3,60,1.8,3,2,2,2,1,213.16,1,17,1,1,3,3,7,3,3,2,2
4,13,3,61,0.1,1,3,1,1,1,290.89,1,10,1,1,1,1,5,3,1,1,3
4,13,3,62,0.1,1,3,1,1,1,306.55,0,1,1,1,1,1,13,1,3,3,1
4,13,3,63,0.1,1,1,1,1,1,244.58,1,17,1,1,1,1,15,1,1,1,1
4,13,3,64,0.8,3,3,2,2,1,251.25,1,11,1,1,3,3,3,3,3,1,1
4,13,3,65,0.05,1,3,1,1,1,254.75,1,11,3,3,3,3,14,1,1,3,3
4,13,3,66,0.05,2,1,2,1,0,275.44,1,14,1,1,2,2,20,3,1,3,1
4,13,3,67,0.8,1,2,1,1,1,244.63,1,1,1,3,1,3,6,3,1,2,2
4,13,3,68,0.1,3,2,2,2,1,266.92,1,20,1,1,3,3,19,3,3,2,2
4,13,3,69,0.4,2,3,2,2,1,360.36,0,11,3,3,2,2,20,1,3,3,1
4,13,3,70,0.05,1,1,1,1,1,295.35,1,7,1,1,1,1,15,3,1,3,1
4,13,3,71,0.2,1,2,1,1,1,219.01,1,2,3,1,3,1,20,3,1,2,2
4,13,3,72,1.8,3,1,2,2,1,214.39,1,12,3,3,1,1,4,3,1,3,1
4,13,3,73,0.2,2,1,2,2,1,259.44,1,3,3,3,2,2,1,1,1,1,1
4,13,3,74,1.8,1,2,1,1,1,234.48,1,2,1,1,1,1,2,3,1,2,2
4,13,3,75,0.8,1,3,1,2,0,258.04,1,1,1,3,1,3,4,1,3,3,1
4,13,3,76,0.1,2,1,2,2,1,259.14,1,16,3,1,2,2,11,3,1,3,1
4,13,3,77,0.8,1,3,1,1,1,269.99,1,4,1,1,1,1,9,3,1,1,3
4,13,3,78,0.1,3,1,2,2,1,294,1,14,3,3,1,1,1,3,1,3,1
4,13,4,1,0.2,1,1,1,1,1,191.12,1,1,1,3,1,3,1,3,1,3,1
4,13,4,2,1.8,2,1,2,2,1,239.41,1,1,3,1,2,2,14,3,3,3,3
4,13,4,3,0.4,1,2,NaN,NaN,NaN,NaN,NaN,9,1,3,1,3,1,3,3,2,2
4,13,4,4,1.8,2,2,2,1,0,219.61,1,18,1,3,2,2,12,3,3,2,2
4,13,4,5,0.4,2,1,2,1,0,218.43,1,20,1,3,2,2,12,1,1,1,1
4,13,4,6,0.4,1,1,1,1,1,243.23,1,11,3,1,3,1,4,3,1,3,1
4,13,4,7,0.1,3,2,2,2,1,235.82,1,7,3,1,1,3,12,1,1,2,2
4,13,4,8,0.2,1,3,1,1,1,248.19,1,6,1,3,1,3,17,3,3,1,1
4,13,4,9,0.05,2,2,2,2,1,282.42,1,7,3,1,2,2,19,3,1,2,2
4,13,4,10,0.4,1,1,1,2,0,178.66,1,10,3,1,3,1,19,3,3,3,3
4,13,4,11,0.4,2,1,2,2,1,214.16,1,20,3,3,2,2,11,3,3,3,3
4,13,4,12,0.1,2,2,2,1,0,277.96,1,13,3,3,2,2,19,3,3,2,2
4,13,4,13,0.4,1,3,1,1,1,47.558,2,3,1,3,1,3,7,1,3,3,1
4,13,4,14,1.8,1,3,1,1,1,247.09,1,14,3,3,3,3,3,3,3,1,1
4,13,4,15,0.4,3,1,2,2,1,222.97,1,9,3,3,1,1,18,1,1,1,1
4,13,4,16,1.8,1,3,1,1,1,242.94,1,2,3,1,3,1,3,3,1,1,3
4,13,4,17,0.05,3,3,2,2,1,306.47,0,17,1,1,3,3,5,1,3,3,1
4,13,4,18,1.8,1,3,1,1,1,217.6,1,6,1,1,1,1,4,1,1,3,3
4,13,4,19,0.2,1,3,1,1,1,225.47,1,4,3,3,3,3,14,3,1,1,3
4,13,4,20,0.05,3,1,2,2,1,275.76,1,17,3,3,1,1,4,1,3,1,3
4,13,4,21,1.8,3,1,2,2,1,240.67,1,13,3,3,1,1,1,3,1,3,1
4,13,4,22,0.05,1,3,1,1,1,292.54,1,14,1,1,1,1,5,1,3,3,1
4,13,4,23,0.8,3,1,2,2,1,249.33,1,19,3,3,1,1,8,3,1,3,1
4,13,4,24,0.2,3,1,2,2,1,236.26,1,4,1,3,3,1,4,1,3,1,3
4,13,4,25,0.8,2,1,2,2,1,224.09,1,10,3,3,2,2,6,1,1,1,1
4,13,4,26,0.4,2,3,2,2,1,267.88,1,13,1,1,2,2,8,3,1,1,3
4,13,4,27,0.8,1,1,1,1,1,257.89,1,7,3,1,3,1,15,3,3,3,3
4,13,4,28,0.1,3,3,2,2,1,258.46,1,8,3,3,1,1,16,1,1,3,3
4,13,4,29,0.1,3,2,2,2,1,285.52,1,16,1,1,3,3,13,3,1,2,2
4,13,4,30,1.8,1,2,1,1,1,221.59,1,15,1,1,1,1,16,3,1,2,2
4,13,4,31,0.1,2,1,2,1,0,315.91,0,14,1,3,2,2,13,1,3,1,3
4,13,4,32,0.05,2,2,2,1,0,350.19,0,10,3,1,2,2,10,3,1,2,2
4,13,4,33,0.8,3,3,2,2,1,248.72,1,18,3,3,1,1,15,3,1,1,3
4,13,4,34,0.2,3,3,2,2,1,228.47,1,17,3,1,1,3,1,3,3,1,1
4,13,4,35,0.1,1,2,1,1,1,293.95,1,14,1,1,1,1,11,3,3,2,2
4,13,4,36,0.05,1,2,1,2,0,265,1,2,3,1,3,1,20,3,3,2,2
4,13,4,37,1.8,1,3,NaN,NaN,NaN,NaN,NaN,14,3,1,3,1,7,3,3,1,1
4,13,4,38,0.4,1,2,1,1,1,233.09,1,15,1,3,1,3,17,1,3,2,2
4,13,4,39,1.8,2,2,2,2,1,200.86,1,1,1,1,2,2,2,3,3,2,2
4,13,4,40,0.1,2,2,2,1,0,288.23,1,3,1,3,2,2,9,1,1,2,2
4,13,4,41,0.8,3,3,2,2,1,247,1,7,3,1,1,3,7,3,1,1,3
4,13,4,42,0.8,1,1,1,1,1,193.54,1,5,3,3,3,3,13,3,3,3,3
4,13,4,43,0.2,2,2,2,1,0,286.87,1,18,3,1,2,2,19,3,1,2,2
4,13,4,44,0.2,1,1,1,1,1,286.23,1,8,1,3,1,3,1,1,1,1,1
4,13,4,45,0.05,3,3,2,2,1,330.92,0,6,3,1,1,3,1,3,1,1,3
4,13,4,46,0.1,2,3,2,1,0,289.93,1,13,3,1,2,2,6,3,1,1,3
4,13,4,47,0.1,1,3,1,1,1,237.61,1,20,1,1,1,1,10,3,3,1,1
4,13,4,48,0.8,2,3,2,2,1,224.86,1,14,3,1,2,2,4,3,3,1,1
4,13,4,49,1.8,2,1,2,2,1,211.14,1,9,1,1,2,2,14,1,3,1,3
4,13,4,50,0.8,3,3,2,2,1,197.82,1,11,3,3,1,1,4,3,3,1,1
4,13,4,51,0.05,2,3,2,1,0,276.86,1,4,3,1,2,2,20,3,1,1,3
4,13,4,52,0.4,3,1,2,2,1,207.02,1,20,1,1,3,3,7,3,3,3,3
4,13,4,53,0.8,2,1,2,2,1,246.88,1,12,3,1,2,2,16,1,3,1,3
4,13,4,54,0.05,3,2,2,2,1,336.97,0,8,1,3,3,1,12,1,1,2,2
4,13,4,55,0.2,2,1,2,2,1,349.13,0,7,3,3,2,2,16,3,3,3,3
4,13,4,56,0.1,3,3,2,2,1,249.46,1,6,1,3,3,1,16,1,3,3,1
4,13,4,57,0.4,1,3,1,1,1,258.9,1,10,1,3,1,3,11,3,3,1,1
4,13,4,58,0.05,3,2,2,1,0,358.74,0,12,1,1,3,3,17,1,1,2,2
4,13,4,59,0.2,3,1,2,2,1,249.38,1,20,3,1,1,3,20,3,3,3,3
4,13,4,60,0.1,2,2,2,2,1,318.14,0,18,3,1,2,2,16,3,1,2,2
4,13,4,61,0.05,1,2,1,1,1,254.77,1,12,1,3,1,3,5,3,1,2,2
4,13,4,62,0.2,1,1,1,1,1,271,1,18,1,1,1,1,8,1,3,1,3
4,13,4,63,0.8,3,2,NaN,NaN,NaN,NaN,NaN,13,1,1,3,3,8,1,3,2,2
4,13,4,64,0.1,1,3,1,1,1,248.82,1,16,3,3,3,3,14,1,3,3,1
4,13,4,65,0.8,1,2,1,1,1,238.12,1,18,3,3,3,3,4,3,1,2,2
4,13,4,66,1.8,1,3,1,1,1,222.43,1,2,3,1,3,1,13,1,1,3,3
4,13,4,67,0.8,3,1,2,2,1,259.09,1,15,1,3,3,1,12,1,3,1,3
4,13,4,68,1.8,1,1,1,1,1,230.77,1,8,1,3,1,3,1,1,1,1,1
4,13,4,69,0.8,2,1,2,2,1,241.94,1,16,1,3,2,2,4,1,3,1,3
4,13,4,70,1.8,2,3,2,2,1,399.5,0,2,1,3,2,2,4,1,3,3,1
4,13,4,71,0.4,2,1,2,1,0,267.79,1,17,1,1,2,2,12,1,1,1,1
4,13,4,72,0.4,2,3,2,1,0,254.91,1,16,3,3,2,2,15,1,3,3,1
4,13,4,73,0.1,3,2,2,1,0,288.49,1,18,3,3,1,1,10,1,1,2,2
4,13,4,74,0.2,3,3,2,2,1,229.78,1,7,1,3,3,1,3,1,3,3,1
4,13,4,75,0.2,1,1,1,1,1,263.8,1,16,1,1,1,1,3,1,3,1,3
4,13,4,76,0.05,3,2,2,2,1,279.59,1,17,1,3,3,1,1,3,1,2,2
4,13,4,77,0.05,1,3,1,1,1,264.3,1,17,3,1,3,1,19,3,3,1,1
4,13,4,78,0.2,1,1,1,1,1,252.06,1,6,3,3,3,3,17,1,1,1,1
4,13,5,1,0.1,1,3,1,1,1,298.35,1,10,3,1,3,1,13,3,3,1,1
4,13,5,2,0.05,1,1,1,1,1,260.36,1,4,3,1,3,1,8,1,3,1,3
4,13,5,3,0.1,2,3,2,1,0,206.37,1,14,1,1,2,2,15,3,1,1,3
4,13,5,4,0.05,3,1,2,2,1,278.02,1,13,3,1,1,3,16,3,3,3,3
4,13,5,5,0.2,1,1,1,2,0,261.42,1,16,1,3,1,3,13,1,1,1,1
4,13,5,6,0.1,2,1,2,1,0,233.76,1,2,3,3,2,2,16,1,1,1,1
4,13,5,7,0.4,1,2,1,1,1,233.83,1,8,1,3,1,3,6,3,3,2,2
4,13,5,8,0.1,1,2,1,1,1,220.41,1,11,1,3,1,3,4,3,3,2,2
4,13,5,9,0.8,3,3,2,2,1,233.38,1,5,1,1,3,3,20,3,1,1,3
4,13,5,10,0.8,2,1,2,2,1,232.05,1,19,3,1,2,2,6,1,3,1,3
4,13,5,11,0.8,1,3,1,1,1,241.96,1,1,3,1,3,1,5,1,1,3,3
4,13,5,12,0.05,1,3,1,1,1,313.99,0,11,3,3,3,3,3,1,1,3,3
4,13,5,13,0.2,1,1,1,1,1,196.01,1,8,3,1,3,1,20,3,1,3,1
4,13,5,14,1.8,3,2,2,2,1,234.61,1,18,3,3,1,1,17,3,3,2,2
4,13,5,15,0.4,1,2,1,1,1,270.09,1,4,1,3,1,3,1,1,3,2,2
4,13,5,16,0.1,1,1,1,1,1,241.69,1,4,3,3,3,3,8,1,3,1,3
4,13,5,17,0.8,3,3,2,2,1,220.86,1,18,3,3,1,1,16,3,3,1,1
4,13,5,18,0.1,1,2,1,1,1,245,1,19,1,1,1,1,3,3,1,2,2
4,13,5,19,0.2,1,3,1,1,1,233.24,1,15,1,1,1,1,14,3,1,1,3
4,13,5,20,0.8,2,2,2,2,1,229.57,1,8,3,1,2,2,2,3,3,2,2
4,13,5,21,0.4,3,1,2,2,1,258.82,1,13,1,3,3,1,8,1,1,1,1
4,13,5,22,0.8,2,2,2,2,1,227.3,1,2,1,3,2,2,9,1,1,2,2
4,13,5,23,1.8,2,2,2,2,1,240.95,1,15,1,1,2,2,16,3,1,2,2
4,13,5,24,0.05,1,1,1,1,1,299.14,1,20,1,3,1,3,18,1,1,1,1
4,13,5,25,0.4,1,3,1,1,1,247.05,1,8,1,1,1,1,2,1,1,3,3
4,13,5,26,1.8,2,2,2,2,1,249.81,1,10,3,3,2,2,18,1,3,2,2
4,13,5,27,1.8,1,2,1,2,0,233.14,1,18,3,3,3,3,18,1,3,2,2
4,13,5,28,0.2,1,3,1,1,1,215.15,1,8,1,1,1,1,5,3,1,1,3
4,13,5,29,0.8,3,1,2,2,1,270.98,1,9,1,1,3,3,14,3,1,3,1
4,13,5,30,0.05,2,2,2,1,0,315.85,0,18,3,1,2,2,13,1,3,2,2
4,13,5,31,0.05,1,3,1,1,1,281.97,1,7,1,1,1,1,8,1,1,3,3
4,13,5,32,0.2,1,3,1,1,1,235.38,1,9,1,1,1,1,12,3,1,1,3
4,13,5,33,0.4,1,2,1,1,1,363.67,0,10,3,1,3,1,3,1,1,2,2
4,13,5,34,0.4,3,2,2,2,1,276.66,1,15,3,3,1,1,5,3,1,2,2
4,13,5,35,0.05,1,3,1,1,1,309.21,0,5,1,3,1,3,9,3,3,1,1
4,13,5,36,0.1,3,2,2,2,1,301.65,0,9,1,1,3,3,7,1,3,2,2
4,13,5,37,0.1,1,3,1,1,1,275.93,1,11,1,1,1,1,3,1,1,3,3
4,13,5,38,0.8,2,2,2,1,0,236.71,1,1,3,1,2,2,17,1,3,2,2
4,13,5,39,0.1,1,1,1,1,1,214.54,1,12,1,1,1,1,16,1,1,1,1
4,13,5,40,1.8,3,2,2,2,1,213.58,1,20,3,1,1,3,7,1,3,2,2
4,13,5,41,0.4,1,3,1,1,1,223.58,1,10,1,3,1,3,8,1,3,3,1
4,13,5,42,1.8,1,1,1,1,1,223.93,1,13,1,3,1,3,9,1,1,1,1
4,13,5,43,0.8,3,3,2,2,1,210.41,1,16,3,3,1,1,11,1,3,3,1
4,13,5,44,0.2,3,2,2,2,1,233.11,1,7,3,1,1,3,1,1,1,2,2
4,13,5,45,0.2,2,2,2,2,1,233.17,1,2,3,1,2,2,5,3,3,2,2
4,13,5,46,0.1,1,2,1,1,1,282.39,1,20,3,1,3,1,12,1,1,2,2
4,13,5,47,0.4,1,1,1,1,1,395.18,0,1,3,3,3,3,16,3,3,3,3
4,13,5,48,0.4,1,3,1,1,1,219.06,1,14,1,3,1,3,7,1,1,3,3
4,13,5,49,0.05,1,1,1,1,1,262.02,1,18,1,3,1,3,19,1,1,1,1
4,13,5,50,0.1,3,3,2,2,1,243.74,1,1,3,1,1,3,12,3,1,1,3
4,13,5,51,0.2,1,3,1,1,1,227.3,1,7,3,1,3,1,11,1,3,3,1
4,13,5,52,0.2,1,3,1,1,1,229.49,1,20,3,1,3,1,12,1,3,3,1
4,13,5,53,0.05,2,2,2,1,0,296.1,1,17,3,1,2,2,10,1,3,2,2
4,13,5,54,1.8,2,3,2,2,1,233.5,1,12,3,3,2,2,1,1,3,3,1
4,13,5,55,1.8,3,3,2,2,1,233.67,1,7,3,3,1,1,9,1,3,3,1
4,13,5,56,0.05,2,2,2,1,0,307.8,0,4,1,1,2,2,19,1,1,2,2
4,13,5,57,0.1,1,2,1,1,1,199.41,1,10,1,1,1,1,15,1,1,2,2
4,13,5,58,0.8,2,3,2,1,0,208.34,1,5,3,1,2,2,4,3,3,1,1
4,13,5,59,0.4,1,3,1,1,1,250.36,1,3,1,1,1,1,3,1,3,3,1
4,13,5,60,0.05,2,2,2,2,1,313.07,0,14,1,3,2,2,6,3,1,2,2
4,13,5,61,0.4,2,3,2,2,1,267.22,1,2,1,1,2,2,10,1,3,3,1
4,13,5,62,0.8,2,2,2,2,1,204.66,1,8,3,3,2,2,9,3,3,2,2
4,13,5,63,1.8,1,3,1,1,1,210.71,1,4,1,3,1,3,13,3,1,1,3
4,13,5,64,0.4,3,1,2,2,1,256.09,1,5,3,1,1,3,3,3,3,3,3
4,13,5,65,1.8,1,1,NaN,NaN,NaN,NaN,NaN,1,3,3,3,3,15,3,3,3,3
4,13,5,66,0.05,1,1,1,1,1,261.48,1,12,1,3,1,3,12,3,1,3,1
4,13,5,67,0.05,1,1,1,1,1,245.47,1,18,1,3,1,3,9,3,1,3,1
4,13,5,68,0.1,3,1,2,2,1,271.71,1,11,1,1,3,3,2,3,1,3,1
4,13,5,69,0.4,3,3,2,2,1,217.64,1,7,3,3,1,1,2,3,3,1,1
4,13,5,70,1.8,1,2,1,1,1,243.22,1,18,1,1,1,1,17,1,1,2,2
4,13,5,71,1.8,1,3,1,1,1,206.79,1,3,3,3,3,3,20,3,3,1,1
4,13,5,72,0.2,1,3,1,1,1,250.83,1,9,1,1,1,1,5,1,3,3,1
4,13,5,73,0.2,2,1,2,1,0,255.18,1,1,3,3,2,2,1,1,3,1,3
4,13,5,74,0.2,2,1,2,2,1,243.58,1,18,3,1,2,2,11,1,3,1,3
4,13,5,75,0.8,3,3,2,2,1,233.83,1,9,1,1,3,3,7,1,1,3,3
4,13,5,76,0.8,1,3,1,1,1,223.45,1,18,3,1,3,1,6,3,1,1,3
4,13,5,77,0.2,1,2,1,1,1,243.31,1,18,3,1,3,1,12,1,3,2,2
4,13,5,78,1.8,2,2,2,2,1,227.28,1,11,3,1,2,2,19,3,1,2,2
4,13,6,1,0.2,1,2,1,1,1,206.71,1,12,3,3,3,3,8,1,1,2,2
4,13,6,2,0.2,1,1,1,1,1,221.61,1,1,3,3,3,3,17,3,3,3,3
4,13,6,3,0.1,2,3,2,2,1,445.2,0,3,3,3,2,2,2,1,3,3,1
4,13,6,4,1.8,1,2,NaN,NaN,NaN,NaN,NaN,6,1,3,1,3,9,3,3,2,2
4,13,6,5,0.05,1,1,1,1,1,230.16,1,19,3,1,3,1,7,1,3,1,3
4,13,6,6,0.05,1,2,1,2,0,295.38,1,14,3,1,3,1,12,1,1,2,2
4,13,6,7,0.1,1,2,1,1,1,226.17,1,19,1,1,1,1,4,1,3,2,2
4,13,6,8,0.8,3,2,2,2,1,231.18,1,13,3,3,1,1,19,1,1,2,2
4,13,6,9,1.8,1,1,1,1,1,210.54,1,4,1,1,1,1,8,3,3,3,3
4,13,6,10,0.05,1,3,1,1,1,251.58,1,11,1,1,1,1,10,3,1,1,3
4,13,6,11,0.2,3,1,2,2,1,226.87,1,18,1,1,3,3,1,3,1,3,1
4,13,6,12,0.2,1,2,1,1,1,205.7,1,1,1,3,1,3,19,1,1,2,2
4,13,6,13,0.4,1,1,1,1,1,221.15,1,7,1,1,1,1,9,3,1,3,1
4,13,6,14,0.8,2,1,2,2,1,278.11,1,17,3,3,2,2,17,1,1,1,1
4,13,6,15,0.8,3,2,2,2,1,240.72,1,4,1,1,3,3,18,3,1,2,2
4,13,6,16,0.8,3,1,2,2,1,248.39,1,13,1,1,3,3,18,3,3,3,3
4,13,6,17,0.4,2,2,2,2,1,264.04,1,11,3,1,2,2,3,3,3,2,2
4,13,6,18,0.8,2,2,2,2,1,229.6,1,17,1,1,2,2,18,3,3,2,2
4,13,6,19,1.8,1,3,1,1,1,222.27,1,17,1,3,1,3,14,1,1,3,3
4,13,6,20,1.8,1,1,1,1,1,227.04,1,2,1,3,1,3,13,3,3,3,3
4,13,6,21,1.8,1,2,1,2,0,212.82,1,3,1,1,1,1,7,3,1,2,2
4,13,6,22,0.1,3,1,2,1,0,252.88,1,7,3,3,1,1,6,1,3,1,3
4,13,6,23,0.4,2,2,2,2,1,242.54,1,3,1,1,2,2,3,1,1,2,2
4,13,6,24,0.1,3,1,2,2,1,293.22,1,15,1,3,3,1,14,3,1,3,1
4,13,6,25,0.8,2,1,2,2,1,251.16,1,3,3,3,2,2,20,3,1,3,1
4,13,6,26,0.05,3,1,2,2,1,366.93,0,16,3,3,1,1,20,1,3,1,3
4,13,6,27,0.4,2,2,2,1,0,240.58,1,10,3,3,2,2,20,1,3,2,2
4,13,6,28,0.4,2,2,2,2,1,181.7,1,19,3,1,2,2,14,1,1,2,2
4,13,6,29,0.2,2,3,2,2,1,264.85,1,19,1,1,2,2,1,3,1,1,3
4,13,6,30,0.1,1,1,1,1,1,274.02,1,20,3,3,3,3,8,3,1,3,1
4,13,6,31,1.8,1,1,1,1,1,218.01,1,19,1,3,1,3,5,3,1,3,1
4,13,6,32,0.8,2,2,2,2,1,222.72,1,8,3,3,2,2,10,1,1,2,2
4,13,6,33,0.05,1,3,1,1,1,281.23,1,14,1,1,1,1,5,1,1,3,3
4,13,6,34,0.05,3,1,2,1,0,283.79,1,5,3,1,1,3,11,3,3,3,3
4,13,6,35,0.05,3,2,2,1,0,569.04,0,3,3,1,1,3,3,1,3,2,2
4,13,6,36,0.4,2,3,2,2,1,227.1,1,9,1,1,2,2,9,3,1,1,3
4,13,6,37,0.05,1,3,1,1,1,280.22,1,17,1,1,1,1,3,3,1,1,3
4,13,6,38,0.05,1,2,1,1,1,302.81,0,4,3,1,3,1,9,1,1,2,2
4,13,6,39,0.4,3,2,2,2,1,240.17,1,11,1,3,3,1,2,1,3,2,2
4,13,6,40,0.4,3,3,2,2,1,207.1,1,20,1,1,3,3,3,3,3,1,1
4,13,6,41,0.4,1,2,1,1,1,224.18,1,12,3,1,3,1,9,3,1,2,2
4,13,6,42,0.4,1,1,1,1,1,219.12,1,10,3,1,3,1,13,1,3,1,3
4,13,6,43,0.1,2,3,2,2,1,279.75,1,11,3,3,2,2,7,1,1,3,3
4,13,6,44,0.2,3,3,2,2,1,242.28,1,3,3,1,1,3,16,1,1,3,3
4,13,6,45,0.1,3,1,2,2,1,255.73,1,9,1,1,3,3,8,3,3,3,3
4,13,6,46,0.05,3,2,2,2,1,328.83,0,1,1,3,3,1,7,3,1,2,2
4,13,6,47,0.1,1,2,1,1,1,228.62,1,6,3,3,3,3,9,1,3,2,2
4,13,6,48,0.4,1,2,1,1,1,250.49,1,16,1,3,1,3,9,1,3,2,2
4,13,6,49,0.05,3,3,2,1,0,444.48,0,5,1,1,3,3,11,1,3,3,1
4,13,6,50,0.8,2,2,2,2,1,248.02,1,7,3,3,2,2,6,3,1,2,2
4,13,6,51,0.2,2,3,2,2,1,248.97,1,7,1,1,2,2,14,3,3,1,1
4,13,6,52,0.2,1,1,1,1,1,192.24,1,8,1,1,1,1,5,1,3,1,3
4,13,6,53,0.1,2,3,2,1,0,245.97,1,10,1,1,2,2,10,3,1,1,3
4,13,6,54,0.05,2,2,2,2,1,326.57,0,15,3,1,2,2,19,1,3,2,2
4,13,6,55,0.2,2,3,2,2,1,274.84,1,17,3,3,2,2,7,1,3,3,1
4,13,6,56,0.2,1,2,1,1,1,245.18,1,18,3,1,3,1,18,3,1,2,2
4,13,6,57,0.1,1,2,1,1,1,295.21,1,13,1,1,1,1,20,3,3,2,2
4,13,6,58,1.8,3,3,2,2,1,214.06,1,3,1,3,3,1,16,3,1,1,3
4,13,6,59,0.1,2,1,2,1,0,236.07,1,1,1,1,2,2,5,1,3,1,3
4,13,6,60,0.2,1,3,1,1,1,214.87,1,18,3,1,3,1,7,3,1,1,3
4,13,6,61,0.4,2,2,2,2,1,159.57,1,13,1,1,2,2,12,1,1,2,2
4,13,6,62,1.8,3,1,2,2,1,213.3,1,7,1,3,3,1,10,1,3,1,3
4,13,6,63,0.05,1,1,1,1,1,269.41,1,16,1,3,1,3,8,3,1,3,1
4,13,6,64,1.8,3,1,2,2,1,243.65,1,8,1,1,3,3,6,3,3,3,3
4,13,6,65,0.1,1,2,1,1,1,255.6,1,6,1,3,1,3,2,1,1,2,2
4,13,6,66,0.2,3,2,2,2,1,222.4,1,4,3,1,1,3,19,1,1,2,2
4,13,6,67,0.8,1,1,1,1,1,243.71,1,17,3,1,3,1,14,1,3,1,3
4,13,6,68,1.8,3,1,2,2,1,221.13,1,10,3,3,1,1,20,1,1,1,1
4,13,6,69,0.8,1,2,1,1,1,265.21,1,14,3,3,3,3,18,1,1,2,2
4,13,6,70,0.2,1,2,1,1,1,249.35,1,5,3,3,3,3,4,1,1,2,2
4,13,6,71,1.8,1,3,1,1,1,225.97,1,11,3,1,3,1,20,3,1,1,3
4,13,6,72,0.4,1,3,1,1,1,201.15,1,6,3,3,3,3,14,3,3,1,1
4,13,6,73,1.8,1,2,NaN,NaN,NaN,NaN,NaN,19,1,1,1,1,6,3,3,2,2
4,13,6,74,1.8,1,1,1,1,1,245,1,4,3,1,3,1,1,1,1,1,1
4,13,6,75,0.8,2,2,2,2,1,252.84,1,17,1,1,2,2,15,3,3,2,2
4,13,6,76,0.8,1,3,1,1,1,246.42,1,20,1,3,1,3,1,1,1,3,3
4,13,6,77,0.8,2,1,2,2,1,245.46,1,9,1,1,2,2,6,1,1,1,1
4,13,6,78,0.1,2,1,2,2,1,348.25,0,6,3,3,2,2,8,1,1,1,1
4,13,7,1,0.1,1,1,1,1,1,255.35,1,16,3,1,3,1,20,1,3,1,3
4,13,7,2,0.2,1,2,1,1,1,263.24,1,7,3,1,3,1,3,3,3,2,2
4,13,7,3,0.05,1,1,1,1,1,289.85,1,17,1,1,1,1,14,1,1,1,1
4,13,7,4,1.8,2,2,2,2,1,231.38,1,13,3,3,2,2,18,1,1,2,2
4,13,7,5,0.8,1,3,1,1,1,246.69,1,13,1,1,1,1,16,3,3,1,1
4,13,7,6,0.4,1,1,1,1,1,271.56,1,7,3,3,3,3,8,3,3,3,3
4,13,7,7,0.1,2,2,2,2,1,259.4,1,6,1,3,2,2,17,3,1,2,2
4,13,7,8,0.1,3,1,2,2,1,287.05,1,3,3,3,1,1,1,3,3,3,3
4,13,7,9,0.2,1,1,1,1,1,211.65,1,12,3,1,3,1,17,3,1,3,1
4,13,7,10,0.4,2,1,2,2,1,2.0833,2,1,1,3,2,2,15,3,1,3,1
4,13,7,11,0.8,2,1,2,2,1,247.4,1,13,1,1,2,2,12,3,3,3,3
4,13,7,12,0.2,2,1,2,2,1,232.08,1,14,3,3,2,2,16,3,1,3,1
4,13,7,13,0.2,1,1,1,1,1,250.08,1,7,3,3,3,3,1,1,3,1,3
4,13,7,14,1.8,1,2,1,1,1,213.08,1,16,1,1,1,1,8,3,1,2,2
4,13,7,15,1.8,3,2,2,2,1,229.17,1,17,1,1,3,3,4,3,3,2,2
4,13,7,16,0.8,3,2,2,2,1,206.51,1,6,3,1,1,3,19,1,1,2,2
4,13,7,17,0.8,3,3,2,2,1,270.07,1,5,1,1,3,3,12,1,1,3,3
4,13,7,18,0.1,3,3,2,2,1,264.18,1,15,3,3,1,1,10,3,1,1,3
4,13,7,19,0.4,1,3,1,1,1,238,1,9,1,3,1,3,11,1,3,3,1
4,13,7,20,0.05,1,2,1,1,1,254.88,1,14,1,3,1,3,5,3,1,2,2
4,13,7,21,0.4,2,1,2,2,1,223.8,1,16,1,1,2,2,15,3,1,3,1
4,13,7,22,0.05,1,1,1,1,1,322.8,0,4,1,1,1,1,9,1,3,1,3
4,13,7,23,1.8,1,3,1,1,1,194.58,1,9,1,1,1,1,5,3,3,1,1
4,13,7,24,0.8,1,1,1,1,1,246.82,1,20,1,3,1,3,18,3,1,3,1
4,13,7,25,0.8,2,1,2,2,1,209.23,1,4,1,1,2,2,8,1,1,1,1
4,13,7,26,0.05,2,3,2,2,1,371.11,0,8,3,3,2,2,13,1,3,3,1
4,13,7,27,0.1,1,1,1,1,1,229.13,1,7,1,1,1,1,1,3,3,3,3
4,13,7,28,1.8,1,1,1,1,1,267.86,1,13,1,3,1,3,1,3,1,3,1
4,13,7,29,0.4,1,1,1,1,1,376.15,0,1,1,1,1,1,1,1,1,1,1
4,13,7,30,1.8,1,2,1,1,1,211.3,1,16,3,1,3,1,18,3,1,2,2
4,13,7,31,0.1,2,3,2,2,1,293.27,1,8,3,1,2,2,19,3,3,1,1
4,13,7,32,1.8,2,1,2,2,1,221.76,1,17,3,3,2,2,12,3,3,3,3
4,13,7,33,0.2,2,1,2,2,1,282.53,1,10,3,3,2,2,5,3,1,3,1
4,13,7,34,0.05,1,2,1,1,1,269.37,1,6,1,1,1,1,1,1,3,2,2
4,13,7,35,0.1,3,1,2,2,1,315.19,0,15,3,1,1,3,8,3,3,3,3
4,13,7,36,0.2,2,3,2,1,0,270.94,1,11,3,3,2,2,9,1,1,3,3
4,13,7,37,0.4,1,3,1,1,1,223.19,1,18,3,1,3,1,8,3,3,1,1
4,13,7,38,0.2,2,1,2,1,0,275.59,1,12,1,3,2,2,11,3,1,3,1
4,13,7,39,0.4,3,2,2,2,1,200.03,1,7,3,1,1,3,7,3,1,2,2
4,13,7,40,0.05,1,3,1,1,1,279.68,1,14,3,3,3,3,8,3,3,1,1
4,13,7,41,0.05,1,3,1,1,1,276.01,1,18,1,3,1,3,20,3,1,1,3
4,13,7,42,0.2,2,1,2,2,1,297.52,1,11,3,3,2,2,11,3,3,3,3
4,13,7,43,0.4,1,2,1,1,1,299.48,1,2,1,3,1,3,8,1,3,2,2
4,13,7,44,0.8,1,1,1,1,1,211.32,1,7,1,3,1,3,18,3,3,3,3
4,13,7,45,0.05,1,1,1,1,1,311.56,0,13,1,1,1,1,10,3,1,3,1
4,13,7,46,0.8,3,3,2,2,1,207.29,1,2,1,1,3,3,11,1,3,3,1
4,13,7,47,0.1,2,1,2,1,0,278.21,1,15,1,3,2,2,18,3,3,3,3
4,13,7,48,0.2,3,2,2,2,1,260.5,1,14,3,1,1,3,14,1,3,2,2
4,13,7,49,0.4,1,1,1,1,1,411.62,0,15,3,3,3,3,5,1,3,1,3
4,13,7,50,1.8,1,2,1,1,1,209.12,1,16,3,3,3,3,12,1,3,2,2
4,13,7,51,0.2,1,1,1,1,1,299.66,1,18,3,1,3,1,3,3,1,3,1
4,13,7,52,0.8,2,2,2,2,1,216.9,1,16,3,3,2,2,14,3,1,2,2
4,13,7,53,0.8,3,1,2,2,1,192.07,1,19,1,1,3,3,20,1,1,1,1
4,13,7,54,1.8,2,1,2,2,1,189.37,1,12,3,3,2,2,19,3,1,3,1
4,13,7,55,0.2,1,3,1,1,1,214.66,1,11,3,3,3,3,13,3,3,1,1
4,13,7,56,1.8,1,3,1,1,1,256.48,1,10,1,3,1,3,13,1,1,3,3
4,13,7,57,1.8,1,2,1,1,1,241.68,1,20,3,3,3,3,11,3,3,2,2
4,13,7,58,0.1,1,3,1,1,1,282.13,1,20,3,3,3,3,4,1,3,3,1
4,13,7,59,0.1,1,1,1,1,1,258.64,1,9,1,1,1,1,2,3,1,3,1
4,13,7,60,0.2,1,1,1,2,0,273.43,1,17,3,3,3,3,5,3,1,3,1
4,13,7,61,0.1,2,3,2,1,0,302.73,0,17,1,3,2,2,20,3,3,1,1
4,13,7,62,0.8,3,3,2,2,1,218.8,1,14,1,3,3,1,15,3,1,1,3
4,13,7,63,0.05,1,2,1,1,1,282.95,1,3,3,1,3,1,16,1,1,2,2
4,13,7,64,0.05,1,3,1,1,1,302.04,0,17,1,1,1,1,9,1,3,3,1
4,13,7,65,0.1,3,1,2,2,1,267.87,1,2,1,1,3,3,19,1,1,1,1
4,13,7,66,1.8,1,1,1,1,1,251.63,1,13,1,1,1,1,1,1,3,1,3
4,13,7,67,1.8,2,2,NaN,NaN,NaN,NaN,NaN,2,3,1,2,2,19,1,1,2,2
4,13,7,68,0.05,1,2,1,1,1,252.41,1,2,3,3,3,3,6,1,1,2,2
4,13,7,69,0.05,1,1,1,1,1,310.18,0,14,1,1,1,1,5,1,3,1,3
4,13,7,70,0.1,1,3,1,1,1,237.74,1,19,3,3,3,3,17,1,1,3,3
4,13,7,71,0.4,3,3,2,2,1,255.01,1,15,3,3,1,1,11,3,1,1,3
4,13,7,72,0.2,1,1,1,1,1,201.7,1,19,1,1,1,1,11,1,3,1,3
4,13,7,73,0.8,1,2,1,1,1,238.48,1,16,3,3,3,3,1,1,1,2,2
4,13,7,74,0.4,1,3,1,1,1,221.14,1,6,1,1,1,1,2,1,1,3,3
4,13,7,75,0.05,1,3,1,1,1,273.64,1,12,3,3,3,3,9,1,3,3,1
4,13,7,76,0.8,1,2,1,1,1,221.54,1,8,3,1,3,1,18,1,3,2,2
4,13,7,77,0.4,2,2,2,1,0,269.82,1,12,1,1,2,2,20,1,1,2,2
4,13,7,78,0.4,1,1,1,1,1,214.78,1,17,1,3,1,3,14,1,3,1,3
4,13,8,1,0.4,1,1,1,1,1,194.77,1,6,3,3,3,3,8,3,1,3,1
4,13,8,2,0.2,2,2,2,1,0,215.58,1,17,3,1,2,2,10,1,1,2,2
4,13,8,3,0.4,3,3,2,2,1,210.23,1,14,1,1,3,3,11,1,1,3,3
4,13,8,4,0.8,1,1,1,1,1,202.64,1,19,3,1,3,1,8,1,3,1,3
4,13,8,5,0.1,1,1,1,1,1,216.78,1,2,1,1,1,1,16,1,1,1,1
4,13,8,6,1.8,1,1,1,1,1,182.1,1,19,1,1,1,1,1,3,1,3,1
4,13,8,7,1.8,1,3,1,1,1,228.4,1,8,3,1,3,1,16,3,3,1,1
4,13,8,8,0.05,1,2,1,1,1,277.03,1,3,1,3,1,3,4,3,1,2,2
4,13,8,9,0.2,3,1,2,2,1,218.58,1,15,1,1,3,3,2,3,3,3,3
4,13,8,10,1.8,2,3,2,2,1,213.19,1,15,3,1,2,2,10,1,1,3,3
4,13,8,11,0.8,1,1,1,1,1,177.55,1,11,3,1,3,1,18,1,3,1,3
4,13,8,12,0.8,1,1,1,1,1,214.11,1,20,3,1,3,1,3,1,1,1,1
4,13,8,13,0.8,1,2,1,1,1,239.66,1,16,1,3,1,3,19,1,1,2,2
4,13,8,14,0.4,1,1,1,1,1,255.39,1,11,3,1,3,1,9,3,1,3,1
4,13,8,15,0.05,1,3,1,1,1,284.51,1,12,3,3,3,3,3,1,3,3,1
4,13,8,16,0.2,1,1,1,1,1,277.79,1,5,1,3,1,3,15,3,1,3,1
4,13,8,17,0.4,3,2,2,2,1,241.21,1,3,1,3,3,1,8,1,1,2,2
4,13,8,18,0.2,1,2,1,1,1,284.89,1,4,1,1,1,1,18,1,3,2,2
4,13,8,19,0.1,3,2,2,2,1,323.97,0,3,1,1,3,3,3,1,1,2,2
4,13,8,20,1.8,2,2,2,2,1,205.18,1,14,3,3,2,2,7,1,1,2,2
4,13,8,21,0.05,3,3,2,2,1,315.1,0,14,3,3,1,1,9,3,3,1,1
4,13,8,22,0.8,2,1,2,2,1,231.86,1,2,3,1,2,2,15,1,3,1,3
4,13,8,23,1.8,1,3,1,2,0,220.12,1,20,3,1,3,1,19,1,3,3,1
4,13,8,24,1.8,3,1,2,2,1,218.5,1,18,1,3,3,1,7,3,3,3,3
4,13,8,25,0.8,1,1,1,1,1,239.7,1,7,1,3,1,3,19,1,3,1,3
4,13,8,26,1.8,1,3,1,1,1,238.57,1,19,1,3,1,3,8,1,3,3,1
4,13,8,27,1.8,2,3,2,1,0,241.74,1,10,1,1,2,2,20,3,3,1,1
4,13,8,28,0.1,2,2,2,1,0,297.17,1,4,3,1,2,2,10,1,1,2,2
4,13,8,29,0.8,1,2,1,1,1,231.77,1,13,1,1,1,1,13,1,1,2,2
4,13,8,30,0.1,1,2,1,1,1,277.86,1,13,3,3,3,3,4,1,3,2,2
4,13,8,31,1.8,2,3,2,1,0,225.95,1,8,1,3,2,2,4,1,1,3,3
4,13,8,32,0.1,3,2,2,2,1,255.57,1,6,3,3,1,1,15,1,1,2,2
4,13,8,33,0.4,1,2,1,1,1,226.48,1,17,1,1,1,1,5,3,1,2,2
4,13,8,34,0.4,3,3,2,2,1,249.11,1,11,3,3,1,1,3,3,3,1,1
4,13,8,35,0.05,2,1,2,2,1,478.64,0,17,1,1,2,2,4,1,3,1,3
4,13,8,36,0.1,1,2,1,1,1,231.91,1,4,1,3,1,3,5,3,3,2,2
4,13,8,37,1.8,2,3,2,2,1,215.88,1,16,1,1,2,2,3,1,1,3,3
4,13,8,38,0.05,3,3,2,2,1,283.98,1,1,3,1,1,3,3,1,1,3,3
4,13,8,39,0.1,1,2,1,1,1,214.47,1,7,3,1,3,1,6,3,1,2,2
4,13,8,40,0.2,2,1,2,2,1,237.63,1,9,3,3,2,2,13,1,3,1,3
4,13,8,41,1.8,1,1,1,1,1,207.07,1,19,3,3,3,3,10,1,1,1,1
4,13,8,42,0.1,1,1,1,1,1,223.62,1,5,1,1,1,1,20,1,1,1,1
4,13,8,43,0.1,3,3,2,2,1,285.82,1,14,3,1,1,3,14,3,1,1,3
4,13,8,44,0.2,3,2,2,2,1,227.39,1,3,1,1,3,3,4,3,3,2,2
4,13,8,45,0.8,3,2,2,2,1,221.79,1,3,3,3,1,1,15,1,3,2,2
4,13,8,46,0.05,1,1,1,1,1,236.67,1,7,3,1,3,1,16,1,1,1,1
4,13,8,47,0.1,1,2,1,1,1,219.18,1,6,1,3,1,3,1,1,3,2,2
4,13,8,48,0.4,2,3,2,2,1,209.84,1,19,3,1,2,2,7,1,3,3,1
4,13,8,49,0.2,2,2,2,2,1,242.23,1,2,1,1,2,2,17,3,3,2,2
4,13,8,50,0.8,2,3,2,2,1,236.73,1,13,1,3,2,2,18,3,3,1,1
4,13,8,51,0.2,3,3,2,2,1,222.24,1,5,3,3,1,1,10,1,3,3,1
4,13,8,52,0.8,1,3,1,1,1,221.21,1,9,3,3,3,3,5,1,3,3,1
4,13,8,53,0.2,1,1,1,1,1,249.52,1,9,1,3,1,3,10,3,3,3,3
4,13,8,54,0.4,3,3,2,2,1,224.66,1,3,3,3,1,1,7,1,3,3,1
4,13,8,55,0.05,1,2,1,1,1,271.62,1,16,3,1,3,1,8,3,3,2,2
4,13,8,56,0.4,2,3,2,2,1,242.09,1,9,3,3,2,2,9,1,1,3,3
4,13,8,57,0.2,1,2,1,1,1,211.78,1,15,1,1,1,1,6,3,3,2,2
4,13,8,58,0.05,1,1,1,1,1,285.12,1,16,1,3,1,3,15,3,1,3,1
4,13,8,59,0.4,2,2,2,2,1,342.82,0,1,1,3,2,2,19,1,1,2,2
4,13,8,60,0.05,2,3,2,2,1,322.42,0,10,1,1,2,2,19,1,1,3,3
4,13,8,61,0.8,1,3,1,1,1,240.82,1,19,3,1,3,1,2,1,1,3,3
4,13,8,62,0.1,2,1,2,1,0,261.49,1,10,3,1,2,2,6,3,3,3,3
4,13,8,63,1.8,3,3,2,2,1,204.27,1,7,1,1,3,3,3,1,1,3,3
4,13,8,64,0.05,1,3,1,1,1,304.22,0,4,1,3,1,3,10,1,3,3,1
4,13,8,65,0.4,2,2,2,2,1,229.25,1,4,1,1,2,2,7,3,3,2,2
4,13,8,66,0.1,3,2,2,1,0,246.38,1,12,3,3,1,1,17,1,1,2,2
4,13,8,67,0.2,3,1,2,2,1,229.11,1,10,3,3,1,1,11,3,3,3,3
4,13,8,68,0.4,3,2,2,2,1,220.03,1,19,1,1,3,3,19,3,3,2,2
4,13,8,69,0.05,1,2,1,1,1,273.26,1,13,1,1,1,1,7,3,3,2,2
4,13,8,70,0.05,1,2,1,1,1,234.35,1,14,1,1,1,1,17,3,1,2,2
4,13,8,71,0.2,2,3,2,1,0,204.35,1,11,1,1,2,2,6,3,3,1,1
4,13,8,72,0.1,1,1,1,1,1,258.86,1,16,3,1,3,1,7,1,3,1,3
4,13,8,73,0.8,3,2,2,2,1,239.83,1,3,3,3,1,1,18,1,1,2,2
4,13,8,74,0.4,3,3,2,2,1,260.76,1,12,3,3,1,1,15,3,1,1,3
4,13,8,75,1.8,3,3,2,2,1,216.76,1,14,3,3,1,1,13,1,1,3,3
4,13,8,76,0.2,3,2,2,2,1,260.17,1,17,1,1,3,3,12,1,1,2,2
4,13,8,77,0.8,1,3,1,1,1,206.2,1,6,1,1,1,1,7,1,3,3,1
4,13,8,78,0.05,1,2,1,1,1,254.23,1,8,3,1,3,1,8,1,3,2,2
4,13,9,1,1.8,1,2,1,1,1,232.36,1,2,3,3,3,3,13,3,3,2,2
4,13,9,2,0.8,2,1,2,2,1,242,1,5,1,1,2,2,3,1,3,1,3
4,13,9,3,0.8,3,1,2,2,1,221.2,1,3,3,3,1,1,8,3,3,3,3
4,13,9,4,0.8,3,1,2,2,1,224.77,1,16,3,3,1,1,16,3,1,3,1
4,13,9,5,0.4,3,2,2,2,1,5.5394,2,13,1,1,3,3,10,3,3,2,2
4,13,9,6,0.1,1,3,1,1,1,278.19,1,9,3,1,3,1,7,3,1,1,3
4,13,9,7,1.8,1,1,1,1,1,205.02,1,1,3,1,3,1,1,1,1,1,1
4,13,9,8,0.05,1,1,1,1,1,271.78,1,3,1,3,1,3,4,1,1,1,1
4,13,9,9,0.4,2,2,2,2,1,255.79,1,10,3,1,2,2,20,3,3,2,2
4,13,9,10,0.2,3,3,2,2,1,228.68,1,3,3,3,1,1,3,3,3,1,1
4,13,9,11,1.8,3,3,2,2,1,214.43,1,18,1,1,3,3,9,1,1,3,3
4,13,9,12,0.2,3,3,2,2,1,225.15,1,5,3,1,1,3,19,3,1,1,3
4,13,9,13,0.05,3,2,2,1,0,334.01,0,7,1,1,3,3,9,3,3,2,2
4,13,9,14,0.05,2,2,2,1,0,245.23,1,8,3,3,2,2,16,3,3,2,2
4,13,9,15,0.4,1,2,1,1,1,255,1,1,3,3,3,3,19,1,3,2,2
4,13,9,16,1.8,1,1,1,1,1,219.12,1,1,1,1,1,1,17,3,3,3,3
4,13,9,17,0.2,1,2,1,1,1,217.12,1,9,1,1,1,1,12,3,3,2,2
4,13,9,18,0.05,2,3,2,2,1,275.36,1,16,1,3,2,2,14,1,1,3,3
4,13,9,19,1.8,3,3,2,2,1,229.83,1,11,1,1,3,3,19,1,3,3,1
4,13,9,20,0.1,3,1,2,2,1,296.83,1,20,1,3,3,1,7,1,3,1,3
4,13,9,21,0.8,1,3,1,1,1,574.1,0,18,1,3,1,3,18,1,1,3,3
4,13,9,22,0.2,1,1,1,1,1,211.03,1,10,1,1,1,1,2,3,1,3,1
4,13,9,23,0.05,3,1,2,2,1,331.83,0,16,1,1,3,3,12,1,1,1,1
4,13,9,24,1.8,1,1,1,1,1,279.55,1,7,3,1,3,1,11,1,3,1,3
4,13,9,25,0.2,2,3,2,1,0,246.77,1,3,1,1,2,2,20,1,3,3,1
4,13,9,26,0.1,2,1,2,2,1,231.99,1,8,3,3,2,2,8,3,1,3,1
4,13,9,27,0.8,1,2,1,1,1,259.72,1,18,3,1,3,1,15,1,3,2,2
4,13,9,28,0.8,2,3,2,2,1,266.16,1,16,1,1,2,2,17,1,3,3,1
4,13,9,29,0.4,1,3,1,1,1,257.49,1,2,1,1,1,1,16,3,1,1,3
4,13,9,30,0.2,3,3,2,2,1,264.41,1,4,3,3,1,1,17,1,3,3,1
4,13,9,31,0.8,2,2,2,2,1,277.43,1,1,1,1,2,2,19,3,1,2,2
4,13,9,32,0.4,2,3,2,2,1,260.53,1,2,3,1,2,2,12,3,1,1,3
4,13,9,33,1.8,2,1,2,2,1,230.19,1,19,3,1,2,2,1,1,3,1,3
4,13,9,34,0.4,1,3,1,1,1,261.42,1,6,1,3,1,3,15,1,1,3,3
4,13,9,35,0.2,1,1,1,1,1,205.32,1,18,1,1,1,1,19,3,3,3,3
4,13,9,36,1.8,1,2,NaN,NaN,NaN,NaN,NaN,7,3,1,3,1,11,3,1,2,2
4,13,9,37,0.1,3,3,2,2,1,294.44,1,16,3,3,1,1,19,1,1,3,3
4,13,9,38,0.4,1,1,1,2,0,242.63,1,11,3,3,3,3,8,3,1,3,1
4,13,9,39,1.8,1,2,1,1,1,233.6,1,14,1,3,1,3,7,3,1,2,2
4,13,9,40,0.4,2,2,2,2,1,250.71,1,12,3,1,2,2,12,3,3,2,2
4,13,9,41,0.1,1,2,1,1,1,239.01,1,20,3,3,3,3,4,1,3,2,2
4,13,9,42,0.05,1,2,1,1,1,293.81,1,20,1,3,1,3,8,3,3,2,2
4,13,9,43,0.1,2,2,2,2,1,289.36,1,6,3,3,2,2,1,3,3,2,2
4,13,9,44,0.05,1,3,1,1,1,285.12,1,13,1,1,1,1,2,3,3,1,1
4,13,9,45,0.05,1,3,1,1,1,335.14,0,11,1,1,1,1,17,1,3,3,1
4,13,9,46,0.1,1,3,1,1,1,194.91,1,1,3,3,3,3,1,1,3,3,1
4,13,9,47,0.1,2,3,2,2,1,321.66,0,12,1,3,2,2,11,3,1,1,3
4,13,9,48,0.05,1,3,1,1,1,268.25,1,13,3,1,3,1,3,1,3,3,1
4,13,9,49,0.8,1,1,1,2,0,236.83,1,15,1,1,1,1,5,1,1,1,1
4,13,9,50,0.2,1,1,1,1,1,222.89,1,8,1,3,1,3,20,1,1,1,1
4,13,9,51,1.8,1,3,NaN,NaN,NaN,NaN,NaN,17,1,3,1,3,7,1,3,3,1
4,13,9,52,0.1,2,2,2,2,1,244.86,1,3,3,3,2,2,20,1,1,2,2
4,13,9,53,1.8,2,3,2,2,1,193.48,1,11,1,3,2,2,4,1,3,3,1
4,13,9,54,0.4,1,1,1,1,1,255.93,1,16,1,3,1,3,3,3,1,3,1
4,13,9,55,1.8,1,1,1,1,1,214.85,1,1,3,3,3,3,12,1,1,1,1
4,13,9,56,0.2,1,3,1,1,1,214.92,1,17,1,3,1,3,13,3,3,1,1
4,13,9,57,0.1,1,2,1,1,1,209.74,1,12,3,1,3,1,17,1,1,2,2
4,13,9,58,0.8,3,3,NaN,NaN,NaN,NaN,NaN,5,3,3,1,1,18,3,3,1,1
4,13,9,59,0.8,2,2,2,2,1,219.24,1,18,3,3,2,2,8,1,3,2,2
4,13,9,60,0.05,1,1,1,2,0,294.01,1,7,3,3,3,3,19,1,3,1,3
4,13,9,61,0.1,1,1,1,1,1,224.16,1,5,1,1,1,1,20,1,1,1,1
4,13,9,62,0.1,1,1,1,1,1,263.81,1,15,1,3,1,3,19,1,1,1,1
4,13,9,63,0.1,1,2,1,1,1,263.16,1,10,1,3,1,3,14,3,1,2,2
4,13,9,64,0.05,1,1,1,1,1,267.48,1,12,3,1,3,1,14,1,1,1,1
4,13,9,65,0.2,1,3,1,1,1,223.92,1,4,3,1,3,1,4,3,3,1,1
4,13,9,66,0.4,3,3,2,2,1,247.08,1,6,3,3,1,1,15,1,1,3,3
4,13,9,67,0.05,1,2,1,1,1,307.84,0,20,3,1,3,1,2,1,3,2,2
4,13,9,68,0.8,1,1,1,1,1,220.17,1,11,1,3,1,3,4,3,3,3,3
4,13,9,69,0.8,2,3,2,2,1,209.91,1,11,1,3,2,2,7,1,1,3,3
4,13,9,70,0.2,1,2,1,1,1,224.96,1,1,3,1,3,1,8,1,1,2,2
4,13,9,71,1.8,3,2,2,2,1,180.55,1,6,1,3,3,1,19,3,1,2,2
4,13,9,72,0.4,1,2,1,1,1,207.03,1,4,1,3,1,3,7,1,3,2,2
4,13,9,73,0.4,1,2,1,1,1,190.03,1,11,3,1,3,1,1,3,3,2,2
4,13,9,74,0.8,1,1,1,1,1,177.54,1,6,3,3,3,3,14,3,1,3,1
4,13,9,75,0.4,3,1,2,2,1,232.37,1,12,3,1,1,3,20,3,3,3,3
4,13,9,76,0.2,2,3,2,2,1,258.41,1,1,1,3,2,2,7,1,3,3,1
4,13,9,77,0.2,1,1,1,1,1,236.51,1,10,1,1,1,1,9,3,3,3,3
4,13,9,78,0.05,2,1,2,1,0,322.1,0,15,3,1,2,2,3,1,1,1,1
4,13,10,1,0.8,1,1,1,1,1,228.53,1,9,1,3,1,3,19,1,1,1,1
4,13,10,2,0.05,2,2,2,2,1,276.85,1,8,3,1,2,2,6,3,1,2,2
4,13,10,3,1.8,2,1,2,1,0,208.56,1,13,3,3,2,2,13,3,3,3,3
4,13,10,4,0.2,3,2,2,2,1,226.31,1,10,3,3,1,1,2,1,1,2,2
4,13,10,5,0.1,2,1,2,1,0,239.67,1,4,1,1,2,2,13,3,3,3,3
4,13,10,6,0.8,3,1,2,2,1,393.17,0,8,3,1,1,3,18,3,3,3,3
4,13,10,7,0.2,1,1,1,1,1,232.12,1,9,1,3,1,3,11,1,3,1,3
4,13,10,8,0.1,1,1,1,1,1,237.49,1,6,1,3,1,3,9,3,3,3,3
4,13,10,9,1.8,2,2,2,2,1,208.69,1,10,3,3,2,2,11,1,3,2,2
4,13,10,10,0.2,1,2,1,1,1,162.19,1,6,1,1,1,1,12,3,1,2,2
4,13,10,11,0.1,1,2,1,1,1,220.88,1,20,3,1,3,1,6,3,1,2,2
4,13,10,12,1.8,3,1,2,2,1,225.77,1,4,3,1,1,3,19,3,1,3,1
4,13,10,13,1.8,2,1,2,2,1,405.65,0,8,3,3,2,2,20,3,3,3,3
4,13,10,14,0.4,1,1,1,1,1,220.8,1,8,1,3,1,3,7,3,3,3,3
4,13,10,15,0.2,1,3,1,1,1,205.53,1,15,1,3,1,3,19,3,1,1,3
4,13,10,16,0.2,3,2,2,2,1,243.36,1,9,1,1,3,3,14,1,1,2,2
4,13,10,17,0.8,1,3,1,1,1,204.22,1,1,3,1,3,1,9,3,3,1,1
4,13,10,18,0.2,1,1,1,1,1,208.81,1,7,3,3,3,3,6,3,3,3,3
4,13,10,19,0.05,2,1,2,2,1,332.5,0,8,3,3,2,2,12,3,3,3,3
4,13,10,20,0.4,3,3,2,2,1,273.22,1,17,1,1,3,3,12,1,3,3,1
4,13,10,21,0.4,1,3,1,2,0,252.18,1,3,3,3,3,3,11,1,1,3,3
4,13,10,22,1.8,3,2,NaN,NaN,NaN,NaN,NaN,7,3,1,1,3,4,1,1,2,2
4,13,10,23,0.1,1,1,1,1,1,219.29,1,3,1,1,1,1,3,3,1,3,1
4,13,10,24,0.2,3,2,2,2,1,229.02,1,15,3,1,1,3,7,3,1,2,2
4,13,10,25,0.4,3,1,2,2,1,418.12,0,2,1,1,3,3,20,1,3,1,3
4,13,10,26,1.8,2,1,2,2,1,195.02,1,17,1,1,2,2,12,1,1,1,1
4,13,10,27,0.1,3,2,2,1,0,275.47,1,13,1,3,3,1,2,1,1,2,2
4,13,10,28,0.2,1,3,1,1,1,198.83,1,8,3,3,3,3,16,1,3,3,1
4,13,10,29,0.4,3,1,2,2,1,209.36,1,6,3,1,1,3,2,3,1,3,1
4,13,10,30,0.4,2,1,2,1,0,226.49,1,13,1,1,2,2,7,3,1,3,1
4,13,10,31,0.2,2,1,2,2,1,213.71,1,11,1,3,2,2,17,1,3,1,3
4,13,10,32,0.05,2,2,2,1,0,260.45,1,18,3,3,2,2,5,1,1,2,2
4,13,10,33,0.1,1,2,1,1,1,260.38,1,11,1,3,1,3,19,3,3,2,2
4,13,10,34,0.1,3,1,2,2,1,246.29,1,8,3,3,1,1,11,1,3,1,3
4,13,10,35,0.05,2,1,2,1,0,246.74,1,12,1,1,2,2,2,3,3,3,3
4,13,10,36,1.8,1,3,1,1,1,226.49,1,11,1,1,1,1,18,3,1,1,3
4,13,10,37,0.05,1,1,1,1,1,241.53,1,5,3,3,3,3,8,1,1,1,1
4,13,10,38,0.8,1,2,1,1,1,219.23,1,7,1,1,1,1,12,1,3,2,2
4,13,10,39,1.8,1,1,1,1,1,200.22,1,19,3,1,3,1,7,1,3,1,3
4,13,10,40,1.8,1,3,1,1,1,225.92,1,13,3,1,3,1,9,1,1,3,3
4,13,10,41,0.8,2,3,2,2,1,225.27,1,10,1,3,2,2,19,3,3,1,1
4,13,10,42,0.05,2,3,2,1,0,296.25,1,10,1,3,2,2,8,3,3,1,1
4,13,10,43,0.1,1,2,1,1,1,254.37,1,17,3,3,3,3,2,1,1,2,2
4,13,10,44,0.1,1,1,1,1,1,243.8,1,11,1,3,1,3,14,1,3,1,3
4,13,10,45,0.8,3,2,2,2,1,252.75,1,4,3,3,1,1,9,1,3,2,2
4,13,10,46,0.05,2,1,2,1,0,266.82,1,5,3,3,2,2,13,3,1,3,1
4,13,10,47,0.8,1,2,1,1,1,230.66,1,1,3,1,3,1,3,1,1,2,2
4,13,10,48,1.8,1,1,1,1,1,207.01,1,16,3,3,3,3,12,1,3,1,3
4,13,10,49,0.1,2,2,2,1,0,304.36,0,16,3,1,2,2,14,3,3,2,2
4,13,10,50,0.2,3,2,2,2,1,241.64,1,19,3,1,1,3,19,3,3,2,2
4,13,10,51,0.8,2,3,2,2,1,248.89,1,2,1,1,2,2,18,1,3,3,1
4,13,10,52,0.8,1,1,1,2,0,188.12,1,11,3,3,3,3,9,3,3,3,3
4,13,10,53,0.4,3,2,2,2,1,227.7,1,14,1,3,3,1,4,1,1,2,2
4,13,10,54,0.05,2,3,2,1,0,265.65,1,1,1,1,2,2,1,3,1,1,3
4,13,10,55,0.4,1,3,1,1,1,115.94,1,5,1,1,1,1,10,1,3,3,1
4,13,10,56,0.1,1,2,1,1,1,211.27,1,7,1,1,1,1,7,1,3,2,2
4,13,10,57,1.8,3,3,2,2,1,235.45,1,4,3,1,1,3,12,3,3,1,1
4,13,10,58,0.05,1,2,1,1,1,254.54,1,15,3,3,3,3,6,3,3,2,2
4,13,10,59,0.05,1,2,1,1,1,294.42,1,1,1,1,1,1,5,1,3,2,2
4,13,10,60,0.05,1,3,1,1,1,273,1,11,1,3,1,3,19,1,1,3,3
4,13,10,61,0.2,1,2,1,1,1,216.95,1,14,1,3,1,3,11,1,1,2,2
4,13,10,62,0.4,1,1,1,1,1,221.27,1,15,1,3,1,3,7,3,3,3,3
4,13,10,63,0.4,1,3,1,1,1,217.76,1,15,1,3,1,3,8,3,3,1,1
4,13,10,64,0.4,3,1,2,2,1,261.19,1,11,1,3,3,1,13,1,3,1,3
4,13,10,65,0.8,1,1,1,1,1,226.25,1,5,1,3,1,3,6,1,1,1,1
4,13,10,66,0.05,1,2,1,1,1,322.94,0,19,1,3,1,3,20,1,1,2,2
4,13,10,67,0.8,1,3,1,1,1,232.5,1,2,3,3,3,3,10,1,1,3,3
4,13,10,68,1.8,1,1,1,1,1,218.11,1,9,3,3,3,3,19,3,1,3,1
4,13,10,69,0.4,1,1,1,1,1,224.19,1,13,3,1,3,1,16,3,3,3,3
4,13,10,70,0.2,1,2,1,1,1,218.18,1,13,1,3,1,3,7,1,1,2,2
4,13,10,71,0.1,3,1,2,2,1,290.83,1,10,3,3,1,1,15,1,1,1,1
4,13,10,72,0.2,1,3,1,1,1,231.89,1,2,3,3,3,3,7,1,1,3,3
4,13,10,73,0.05,3,3,2,2,1,318.32,0,4,3,1,1,3,12,3,3,1,1
4,13,10,74,0.8,2,1,2,2,1,233.91,1,1,1,1,2,2,11,3,1,3,1
4,13,10,75,0.4,3,2,2,2,1,182.63,1,14,3,1,1,3,1,3,1,2,2
4,13,10,76,1.8,1,3,1,1,1,232.23,1,8,3,3,3,3,20,1,3,3,1
4,13,10,77,0.8,1,2,1,1,1,240.13,1,2,1,3,1,3,2,3,3,2,2
4,13,10,78,0.1,1,3,1,1,1,241.47,1,9,3,1,3,1,15,1,1,3,3
