2,9,1,1,0.05,1,1,1,1,1,296.42,1,14,1,1,1,1,1,3,3,3,3
2,9,1,2,0.1,2,1,2,2,1,245.89,1,6,3,3,2,2,10,3,3,3,3
2,9,1,3,0.4,1,2,1,1,1,252.22,1,20,1,3,1,3,19,1,3,2,2
2,9,1,4,1.8,1,3,1,2,0,185.92,1,10,1,1,1,1,6,3,1,1,3
2,9,1,5,0.1,3,2,2,2,1,264.65,1,1,3,3,1,1,1,1,1,2,2
2,9,1,6,0.8,1,2,1,1,1,214.04,1,18,1,3,1,3,14,1,1,2,2
2,9,1,7,0.8,1,3,1,1,1,250.58,1,15,1,3,1,3,18,3,3,1,1
2,9,1,8,0.8,3,1,2,2,1,255.08,1,9,1,3,3,1,2,3,1,3,1
2,9,1,9,0.4,2,1,2,2,1,209.3,1,14,1,1,2,2,16,3,3,3,3
2,9,1,10,0.2,1,1,1,1,1,236.31,1,13,3,1,3,1,9,1,3,1,3
2,9,1,11,0.2,1,1,1,1,1,207.29,1,12,1,3,1,3,18,3,3,3,3
2,9,1,12,0.4,1,3,1,1,1,224.35,1,20,3,3,3,3,9,1,3,3,1
2,9,1,13,1.8,3,2,NaN,NaN,NaN,NaN,NaN,5,1,1,3,3,13,1,1,2,2
2,9,1,14,0.8,2,3,2,2,1,218.54,1,11,3,1,2,2,5,3,3,1,1
2,9,1,15,0.4,1,2,1,1,1,221.54,1,11,1,3,1,3,18,1,3,2,2
2,9,1,16,1.8,2,3,2,1,0,189.23,1,3,3,3,2,2,14,3,3,1,1
2,9,1,17,0.1,2,2,2,2,1,267.56,1,16,3,3,2,2,16,3,1,2,2
2,9,1,18,0.1,1,3,1,2,0,274.19,1,13,3,1,3,1,8,1,3,3,1
2,9,1,19,0.8,1,1,1,2,0,215.54,1,2,3,1,3,1,3,3,1,3,1
2,9,1,20,0.1,1,3,1,1,1,264.18,1,12,3,3,3,3,7,1,3,3,1
2,9,1,21,1.8,1,1,1,1,1,209.58,1,2,1,3,1,3,16,3,3,3,3
2,9,1,22,0.2,3,2,2,2,1,245.42,1,3,1,1,3,3,12,3,3,2,2
2,9,1,23,0.2,1,3,1,1,1,365,0,12,3,3,3,3,9,3,3,1,1
2,9,1,24,0.05,1,3,1,1,1,321.77,0,8,1,1,1,1,5,3,1,1,3
2,9,1,25,1.8,1,3,1,1,1,213.49,1,9,1,1,1,1,14,3,3,1,1
2,9,1,26,0.1,2,3,2,1,0,262.74,1,12,1,3,2,2,18,3,3,1,1
2,9,1,27,1.8,2,3,2,1,0,222.11,1,8,3,1,2,2,1,1,3,3,1
2,9,1,28,0.8,3,2,2,2,1,217.72,1,20,3,3,1,1,16,3,1,2,2
2,9,1,29,1.8,1,3,1,1,1,211.15,1,1,3,1,3,1,6,3,3,1,1
2,9,1,30,0.05,2,2,2,2,1,285.49,1,3,1,1,2,2,14,1,1,2,2
2,9,1,31,1.8,1,1,1,1,1,238.48,1,5,3,1,3,1,16,3,3,3,3
2,9,1,32,1.8,1,3,1,1,1,186.26,1,15,1,1,1,1,19,1,1,3,3
2,9,1,33,0.05,1,2,1,1,1,277.02,1,17,1,1,1,1,3,1,3,2,2
2,9,1,34,0.1,3,2,2,2,1,294.87,1,5,1,3,3,1,16,3,3,2,2
2,9,1,35,0.2,2,2,2,1,0,285.78,1,1,3,3,2,2,3,1,3,2,2
2,9,1,36,0.05,2,2,2,2,1,297.79,1,16,3,3,2,2,2,1,3,2,2
2,9,1,37,0.2,1,1,1,1,1,236.79,1,10,3,3,3,3,10,3,1,3,1
2,9,1,38,0.2,3,1,2,2,1,264.82,1,14,1,3,3,1,14,1,1,1,1
2,9,1,39,0.05,3,1,2,2,1,254.03,1,12,3,1,1,3,20,3,3,3,3
2,9,1,40,0.4,1,2,1,1,1,215.47,1,11,3,3,3,3,8,1,3,2,2
2,9,1,41,0.2,1,2,1,1,1,242.89,1,13,1,3,1,3,20,3,1,2,2
2,9,1,42,0.4,2,2,2,1,0,229.28,1,12,1,3,2,2,20,3,3,2,2
2,9,1,43,0.2,3,2,2,2,1,243.43,1,19,1,3,3,1,1,3,1,2,2
2,9,1,44,1.8,2,2,2,2,1,240.51,1,8,3,1,2,2,8,1,3,2,2
2,9,1,45,0.2,1,1,1,1,1,262.77,1,20,3,3,3,3,14,3,1,3,1
2,9,1,46,0.4,1,3,1,1,1,258.22,1,18,1,1,1,1,17,1,3,3,1
2,9,1,47,0.05,3,3,2,2,1,275.79,1,8,1,1,3,3,16,1,1,3,3
2,9,1,48,0.2,1,1,1,1,1,209.08,1,13,3,1,3,1,14,1,3,1,3
2,9,1,49,1.8,2,1,2,2,1,217.91,1,5,3,3,2,2,7,1,3,1,3
2,9,1,50,0.05,2,3,2,2,1,263.98,1,7,3,3,2,2,8,3,1,1,3
2,9,1,51,0.4,3,1,2,2,1,284.8,1,8,1,1,3,3,1,1,1,1,1
2,9,1,52,1.8,2,2,2,2,1,239.61,1,7,3,3,2,2,16,3,3,2,2
2,9,1,53,0.8,1,1,1,1,1,245.84,1,20,1,3,1,3,20,3,1,3,1
2,9,1,54,0.05,1,3,1,2,0,283.68,1,1,3,3,3,3,18,3,3,1,1
2,9,1,55,0.4,1,2,1,1,1,289.28,1,8,3,3,3,3,10,3,3,2,2
2,9,1,56,0.8,1,3,1,1,1,243.08,1,17,1,3,1,3,13,3,3,1,1
2,9,1,57,0.05,3,3,2,2,1,269.06,1,12,3,1,1,3,14,1,1,3,3
2,9,1,58,0.4,1,2,1,1,1,313.78,0,7,1,3,1,3,15,1,1,2,2
2,9,1,59,0.1,1,2,1,2,0,239.41,1,13,3,1,3,1,13,1,3,2,2
2,9,1,60,0.1,1,3,1,1,1,206.47,1,18,3,1,3,1,20,3,1,1,3
2,9,1,61,0.2,3,2,2,2,1,241.53,1,19,1,1,3,3,19,3,3,2,2
2,9,1,62,0.4,1,3,1,1,1,221.75,1,6,3,1,3,1,6,1,1,3,3
2,9,1,63,0.8,2,3,2,1,0,197.84,1,18,1,3,2,2,13,1,1,3,3
2,9,1,64,0.8,3,2,2,2,1,223.03,1,10,3,1,1,3,4,3,3,2,2
2,9,1,65,0.4,3,2,2,2,1,319.82,0,18,1,1,3,3,12,3,3,2,2
2,9,1,66,0.8,2,2,NaN,NaN,NaN,NaN,NaN,12,1,3,2,2,9,3,3,2,2
2,9,1,67,1.8,1,3,1,1,1,227.81,1,14,3,1,3,1,18,1,1,3,3
2,9,1,68,0.05,2,2,2,2,1,301.67,0,7,3,3,2,2,7,3,1,2,2
2,9,1,69,0.2,1,1,1,1,1,249.3,1,11,1,3,1,3,19,1,1,1,1
2,9,1,70,0.1,2,3,2,2,1,323.02,0,18,3,1,2,2,10,3,3,1,1
2,9,1,71,0.8,1,3,1,1,1,271.53,1,10,3,3,3,3,17,3,3,1,1
2,9,1,72,0.8,1,1,1,1,1,202.9,1,13,3,1,3,1,10,3,3,3,3
2,9,1,73,0.4,1,1,1,1,1,258.1,1,19,1,3,1,3,8,1,3,1,3
2,9,1,74,0.1,1,1,1,1,1,322.77,0,1,3,3,3,3,8,1,3,1,3
2,9,1,75,0.1,2,2,2,2,1,476.64,0,8,1,3,2,2,3,1,3,2,2
2,9,1,76,0.1,3,2,2,2,1,255.86,1,8,1,3,3,1,6,1,3,2,2
2,9,1,77,0.05,3,2,2,2,1,338.92,0,1,3,1,1,3,20,1,1,2,2
2,9,1,78,0.05,1,2,1,1,1,311.07,0,2,1,3,1,3,11,3,3,2,2
2,9,2,1,1.8,1,3,1,1,1,216.12,1,17,1,3,1,3,20,1,3,3,1
2,9,2,2,0.8,1,3,1,1,1,221.71,1,12,3,1,3,1,1,3,1,1,3
2,9,2,3,0.2,1,2,1,1,1,209.34,1,14,3,3,3,3,7,3,3,2,2
2,9,2,4,0.05,1,3,1,2,0,289.86,1,7,3,1,3,1,15,1,3,3,1
2,9,2,5,0.2,1,2,1,1,1,239.93,1,17,1,3,1,3,10,3,1,2,2
2,9,2,6,0.1,1,1,1,1,1,253.79,1,11,1,1,1,1,16,1,3,1,3
2,9,2,7,0.8,3,3,2,2,1,205.52,1,12,3,1,1,3,4,1,3,3,1
2,9,2,8,1.8,2,2,2,1,0,193.87,1,18,3,3,2,2,5,3,1,2,2
2,9,2,9,0.2,1,2,1,1,1,242.88,1,1,1,3,1,3,13,3,1,2,2
2,9,2,10,0.8,2,1,2,2,1,217.33,1,7,3,3,2,2,8,1,3,1,3
2,9,2,11,0.1,1,3,1,1,1,286.97,1,2,1,1,1,1,3,3,1,1,3
2,9,2,12,0.8,1,1,1,1,1,201.49,1,4,1,1,1,1,20,1,1,1,1
2,9,2,13,0.2,1,3,1,1,1,257.26,1,19,3,3,3,3,15,3,3,1,1
2,9,2,14,0.4,2,1,2,2,1,273.25,1,14,3,1,2,2,6,3,3,3,3
2,9,2,15,1.8,3,1,2,2,1,215.75,1,10,3,1,1,3,14,3,1,3,1
2,9,2,16,0.2,3,2,2,2,1,277.78,1,1,1,1,3,3,16,3,3,2,2
2,9,2,17,0.8,2,2,2,2,1,224.28,1,2,1,1,2,2,18,1,3,2,2
2,9,2,18,0.8,1,3,1,1,1,217.47,1,7,1,3,1,3,6,3,1,1,3
2,9,2,19,0.2,2,1,2,1,0,324.39,0,8,1,1,2,2,1,3,1,3,1
2,9,2,20,0.05,1,2,1,1,1,312.24,0,13,1,3,1,3,9,3,3,2,2
2,9,2,21,0.05,1,3,1,1,1,281.26,1,15,1,1,1,1,1,1,3,3,1
2,9,2,22,1.8,1,3,1,1,1,209.32,1,4,3,1,3,1,12,1,3,3,1
2,9,2,23,0.8,3,1,2,2,1,206.76,1,7,1,3,3,1,17,1,1,1,1
2,9,2,24,0.4,1,3,1,1,1,230.9,1,13,3,3,3,3,9,3,1,1,3
2,9,2,25,0.1,2,1,2,2,1,297.74,1,4,3,1,2,2,13,1,3,1,3
2,9,2,26,1.8,1,1,1,1,1,212.36,1,4,3,3,3,3,4,3,1,3,1
2,9,2,27,0.05,3,1,2,2,1,316.14,0,4,1,3,3,1,19,3,1,3,1
2,9,2,28,0.4,2,3,2,2,1,194.35,1,4,3,1,2,2,10,1,3,3,1
2,9,2,29,0.05,1,3,1,1,1,268.5,1,10,3,3,3,3,2,1,1,3,3
2,9,2,30,0.2,1,2,1,1,1,260.05,1,5,3,3,3,3,1,1,1,2,2
2,9,2,31,0.05,1,1,1,2,0,268.31,1,18,3,1,3,1,8,3,1,3,1
2,9,2,32,0.8,3,1,2,2,1,198.55,1,15,1,1,3,3,20,1,3,1,3
2,9,2,33,0.1,2,1,2,1,0,324.72,0,17,1,1,2,2,9,1,3,1,3
2,9,2,34,0.05,1,1,1,1,1,309.2,0,10,3,3,3,3,18,1,1,1,1
2,9,2,35,0.8,3,3,2,2,1,227.58,1,3,1,1,3,3,2,1,1,3,3
2,9,2,36,0.1,3,1,2,2,1,240.16,1,18,3,3,1,1,3,3,1,3,1
2,9,2,37,1.8,1,2,1,1,1,231.86,1,8,3,3,3,3,1,3,1,2,2
2,9,2,38,0.4,1,1,1,1,1,317.26,0,5,3,1,3,1,7,3,1,3,1
2,9,2,39,0.1,2,3,2,2,1,234.69,1,2,1,1,2,2,10,3,1,1,3
2,9,2,40,0.2,3,1,2,2,1,280.51,1,12,3,3,1,1,4,1,1,1,1
2,9,2,41,0.1,1,3,1,1,1,280.13,1,8,3,3,3,3,1,1,1,3,3
2,9,2,42,0.4,3,3,2,2,1,257.44,1,11,1,3,3,1,8,3,3,1,1
2,9,2,43,0.8,1,3,1,1,1,246.71,1,8,1,1,1,1,11,1,1,3,3
2,9,2,44,0.05,3,3,2,2,1,300.57,0,13,1,3,3,1,8,1,3,3,1
2,9,2,45,0.1,2,3,2,1,0,312.87,0,8,1,1,2,2,12,1,1,3,3
2,9,2,46,0.1,2,3,2,2,1,255.71,1,5,1,1,2,2,10,1,3,3,1
2,9,2,47,0.2,1,2,1,1,1,217.52,1,19,1,1,1,1,15,3,1,2,2
2,9,2,48,1.8,2,1,2,2,1,193.48,1,9,1,3,2,2,19,1,1,1,1
2,9,2,49,0.4,3,3,2,2,1,259.47,1,12,1,1,3,3,15,3,1,1,3
2,9,2,50,0.8,1,2,1,1,1,215.01,1,1,3,3,3,3,12,3,3,2,2
2,9,2,51,0.05,2,3,2,1,0,326.18,0,3,3,1,2,2,1,3,1,1,3
2,9,2,52,0.4,1,2,1,1,1,242.43,1,20,3,3,3,3,20,3,1,2,2
2,9,2,53,0.1,2,1,2,2,1,243.02,1,18,3,1,2,2,15,1,3,1,3
2,9,2,54,0.4,1,1,1,1,1,279.37,1,7,3,3,3,3,12,3,1,3,1
2,9,2,55,1.8,3,2,2,2,1,177.47,1,3,3,3,1,1,15,3,1,2,2
2,9,2,56,1.8,1,2,1,1,1,211.87,1,15,1,1,1,1,15,3,3,2,2
2,9,2,57,0.2,3,1,2,2,1,251.92,1,9,1,3,3,1,14,1,3,1,3
2,9,2,58,0.2,1,3,1,1,1,270.55,1,6,3,3,3,3,4,3,3,1,1
2,9,2,59,0.8,1,1,1,1,1,214.22,1,12,3,1,3,1,11,3,3,3,3
2,9,2,60,0.4,3,1,2,2,1,253.83,1,13,1,3,3,1,11,1,1,1,1
2,9,2,61,1.8,3,1,2,2,1,189.8,1,10,3,1,1,3,20,3,1,3,1
2,9,2,62,0.1,1,1,1,1,1,323.67,0,11,3,3,3,3,6,1,1,1,1
2,9,2,63,0.8,3,3,2,2,1,202.71,1,4,3,1,1,3,11,1,3,3,1
2,9,2,64,0.1,2,3,2,2,1,276.38,1,9,1,1,2,2,1,3,1,1,3
2,9,2,65,0.4,2,1,2,1,0,254.15,1,20,1,3,2,2,10,1,3,1,3
2,9,2,66,1.8,1,2,1,1,1,218.19,1,5,1,3,1,3,14,3,1,2,2
2,9,2,67,0.4,1,2,1,1,1,226.94,1,6,1,3,1,3,4,1,1,2,2
2,9,2,68,0.05,1,1,1,1,1,397.23,0,18,1,1,1,1,1,1,3,1,3
2,9,2,69,0.4,1,1,1,1,1,222.71,1,4,1,3,1,3,2,1,3,1,3
2,9,2,70,0.2,1,3,1,1,1,251.85,1,1,3,3,3,3,18,3,1,1,3
2,9,2,71,0.05,1,1,1,1,1,304.27,0,6,1,3,1,3,1,1,3,1,3
2,9,2,72,0.2,2,2,2,2,1,222.91,1,8,3,1,2,2,6,1,3,2,2
2,9,2,73,0.05,1,3,1,1,1,241.77,1,16,1,3,1,3,17,3,3,1,1
2,9,2,74,0.05,2,2,2,1,0,320.17,0,1,3,3,2,2,10,3,3,2,2
2,9,2,75,1.8,1,3,1,1,1,201.15,1,20,3,1,3,1,6,1,3,3,1
2,9,2,76,0.1,1,2,1,1,1,272.5,1,10,3,3,3,3,1,3,3,2,2
2,9,2,77,0.4,2,1,2,2,1,285.96,1,7,3,1,2,2,10,3,1,3,1
2,9,2,78,1.8,1,2,1,1,1,203.68,1,16,1,3,1,3,14,1,3,2,2
2,9,3,1,0.4,1,2,1,1,1,236.42,1,11,1,1,1,1,17,1,3,2,2
2,9,3,2,1.8,3,2,2,2,1,191.18,1,9,1,3,3,1,14,3,3,2,2
2,9,3,3,1.8,2,2,2,2,1,201.83,1,19,1,3,2,2,11,3,1,2,2
2,9,3,4,0.05,1,1,1,1,1,293.52,1,16,1,1,1,1,1,1,3,1,3
2,9,3,5,0.05,1,1,1,1,1,275.27,1,2,1,3,1,3,9,1,3,1,3
2,9,3,6,0.8,1,1,1,1,1,207.01,1,6,3,1,3,1,2,1,1,1,1
2,9,3,7,0.1,1,1,1,1,1,263.22,1,8,3,3,3,3,8,1,3,1,3
2,9,3,8,0.4,1,3,1,1,1,288.18,1,13,3,1,3,1,5,1,1,3,3
2,9,3,9,0.4,1,3,1,1,1,232.11,1,3,1,1,1,1,13,3,1,1,3
2,9,3,10,0.2,3,3,2,2,1,273.17,1,3,1,1,3,3,19,3,1,1,3
2,9,3,11,0.2,1,2,1,1,1,239.33,1,1,3,1,3,1,15,3,3,2,2
2,9,3,12,0.8,2,1,2,2,1,211.66,1,13,3,3,2,2,19,3,3,3,3
2,9,3,13,0.05,1,3,1,1,1,290.05,1,7,1,3,1,3,20,1,1,3,3
2,9,3,14,0.05,1,1,1,1,1,281.03,1,17,1,1,1,1,3,1,1,1,1
2,9,3,15,0.8,1,3,1,2,0,233.7,1,8,1,1,1,1,13,1,3,3,1
2,9,3,16,1.8,3,1,2,2,1,224.94,1,2,3,1,1,3,17,3,3,3,3
2,9,3,17,0.05,2,2,2,1,0,229.48,1,19,3,3,2,2,2,1,3,2,2
2,9,3,18,0.8,1,1,1,1,1,213.56,1,10,3,1,3,1,11,3,3,3,3
2,9,3,19,0.1,3,2,2,2,1,269.05,1,19,3,1,1,3,18,3,3,2,2
2,9,3,20,0.05,3,1,2,2,1,296.48,1,3,1,1,3,3,12,1,1,1,1
2,9,3,21,0.05,2,2,2,2,1,291.53,1,8,3,1,2,2,7,1,3,2,2
2,9,3,22,1.8,2,3,2,2,1,199.64,1,2,1,3,2,2,9,3,1,1,3
2,9,3,23,0.2,1,2,1,2,0,307.76,0,5,1,3,1,3,18,1,1,2,2
2,9,3,24,0.4,3,3,2,2,1,241.7,1,15,1,3,3,1,15,3,3,1,1
2,9,3,25,0.05,1,3,1,1,1,392.47,0,14,3,3,3,3,10,3,3,1,1
2,9,3,26,0.2,1,3,1,1,1,262.23,1,3,3,1,3,1,3,1,3,3,1
2,9,3,27,1.8,1,2,1,1,1,184.43,1,10,1,1,1,1,6,1,3,2,2
2,9,3,28,0.4,1,3,1,1,1,269.35,1,20,1,1,1,1,14,1,1,3,3
2,9,3,29,0.4,1,3,1,1,1,217.55,1,19,1,1,1,1,6,3,1,1,3
2,9,3,30,0.1,2,3,2,2,1,271.81,1,15,3,3,2,2,9,3,1,1,3
2,9,3,31,0.2,2,3,2,2,1,292.97,1,4,1,1,2,2,18,3,1,1,3
2,9,3,32,0.2,1,3,1,1,1,275.51,1,12,3,1,3,1,10,1,3,3,1
2,9,3,33,0.1,1,1,1,1,1,399.48,0,9,1,3,1,3,13,3,1,3,1
2,9,3,34,1.8,3,1,2,2,1,202.37,1,8,3,3,1,1,7,3,3,3,3
2,9,3,35,0.05,2,1,2,1,0,275.97,1,14,3,1,2,2,17,1,1,1,1
2,9,3,36,0.4,2,3,2,2,1,262.08,1,19,3,1,2,2,12,3,1,1,3
2,9,3,37,0.4,1,2,1,1,1,385.99,0,8,1,3,1,3,2,1,1,2,2
2,9,3,38,0.4,1,3,1,1,1,219.78,1,14,3,3,3,3,4,1,3,3,1
2,9,3,39,0.05,1,1,1,1,1,265.04,1,19,1,1,1,1,2,1,3,1,3
2,9,3,40,0.1,1,3,1,1,1,256.3,1,4,1,3,1,3,3,3,1,1,3
2,9,3,41,0.2,1,3,1,1,1,196.59,1,5,3,1,3,1,9,3,3,1,1
2,9,3,42,1.8,3,1,2,2,1,199.31,1,12,1,3,3,1,16,1,3,1,3
2,9,3,43,0.05,1,3,1,1,1,277.47,1,14,1,1,1,1,5,1,3,3,1
2,9,3,44,0.8,1,2,1,1,1,227.61,1,4,3,3,3,3,2,1,1,2,2
2,9,3,45,0.2,1,2,1,1,1,291.04,1,1,3,3,3,3,18,3,1,2,2
2,9,3,46,0.8,2,3,2,1,0,206.49,1,2,3,1,2,2,12,1,3,3,1
2,9,3,47,0.2,1,3,1,1,1,364.63,0,16,1,1,1,1,8,3,3,1,1
2,9,3,48,0.05,1,3,1,1,1,292.69,1,16,3,3,3,3,6,1,1,3,3
2,9,3,49,0.1,3,1,2,2,1,247.05,1,20,1,3,3,1,15,1,3,1,3
2,9,3,50,1.8,3,3,2,2,1,220.38,1,9,3,1,1,3,5,3,1,1,3
2,9,3,51,0.8,1,2,1,1,1,261.92,1,6,1,3,1,3,6,3,3,2,2
2,9,3,52,0.4,1,2,1,1,1,270.49,1,4,3,3,3,3,1,3,1,2,2
2,9,3,53,0.1,1,1,1,1,1,252.93,1,7,3,1,3,1,2,1,1,1,1
2,9,3,54,0.8,2,1,2,2,1,241.73,1,4,3,1,2,2,2,1,3,1,3
2,9,3,55,0.2,1,2,1,1,1,226.47,1,6,3,1,3,1,6,1,1,2,2
2,9,3,56,0.8,1,3,1,1,1,252.57,1,4,3,1,3,1,11,3,1,1,3
2,9,3,57,0.4,1,1,1,1,1,237.13,1,6,1,3,1,3,6,1,3,1,3
2,9,3,58,0.2,1,3,1,1,1,262.56,1,3,1,1,1,1,12,1,3,3,1
2,9,3,59,1.8,3,2,2,2,1,215.41,1,14,3,3,1,1,13,1,3,2,2
2,9,3,60,0.1,1,1,1,1,1,292.77,1,1,3,3,3,3,18,1,3,1,3
2,9,3,61,0.8,1,1,1,1,1,213.72,1,1,3,1,3,1,4,1,1,1,1
2,9,3,62,0.1,2,3,2,2,1,289.35,1,18,3,1,2,2,7,1,3,3,1
2,9,3,63,0.05,1,1,1,1,1,291.07,1,19,3,3,3,3,17,1,3,1,3
2,9,3,64,0.8,3,3,2,2,1,198.01,1,15,1,3,3,1,14,3,1,1,3
2,9,3,65,1.8,1,1,1,1,1,181.57,1,14,1,3,1,3,8,3,1,3,1
2,9,3,66,1.8,2,3,2,2,1,202.29,1,19,1,1,2,2,11,3,3,1,1
2,9,3,67,1.8,1,1,1,1,1,207.6,1,13,3,1,3,1,10,1,3,1,3
2,9,3,68,0.1,1,1,1,1,1,261.06,1,7,3,3,3,3,9,3,1,3,1
2,9,3,69,0.2,3,3,2,2,1,283.53,1,12,3,3,1,1,10,3,1,1,3
2,9,3,70,0.1,3,3,2,2,1,383.82,0,20,3,3,1,1,10,3,1,1,3
2,9,3,71,0.4,1,3,1,1,1,268.87,1,7,1,1,1,1,10,3,1,1,3
2,9,3,72,0.2,3,2,2,2,1,275.67,1,15,1,3,3,1,2,3,3,2,2
2,9,3,73,1.8,1,1,1,1,1,208.56,1,8,1,1,1,1,1,3,1,3,1
2,9,3,74,0.8,1,1,1,1,1,255.84,1,15,3,1,3,1,14,3,3,3,3
2,9,3,75,0.1,2,3,2,2,1,268.62,1,20,1,1,2,2,16,3,3,1,1
2,9,3,76,0.1,1,2,1,1,1,200.29,1,8,3,3,3,3,3,3,3,2,2
2,9,3,77,0.8,3,1,2,2,1,246.92,1,18,1,3,3,1,9,1,1,1,1
2,9,3,78,0.4,1,1,1,1,1,293.71,1,1,1,3,1,3,15,3,1,3,1
2,9,4,1,0.05,1,1,1,1,1,250.17,1,6,3,3,3,3,12,3,1,3,1
2,9,4,2,0.1,2,3,2,1,0,282.22,1,12,1,1,2,2,8,3,1,1,3
2,9,4,3,0.4,2,1,2,2,1,252.85,1,11,1,1,2,2,8,1,1,1,1
2,9,4,4,0.1,1,3,1,1,1,246.27,1,9,3,1,3,1,15,1,1,3,3
2,9,4,5,0.2,2,2,2,1,0,204.46,1,10,3,1,2,2,9,3,1,2,2
2,9,4,6,0.8,2,2,2,2,1,200.25,1,9,3,1,2,2,11,3,3,2,2
2,9,4,7,0.05,1,3,1,1,1,264.64,1,1,1,3,1,3,12,1,3,3,1
2,9,4,8,0.8,2,3,2,2,1,245.39,1,16,1,1,2,2,7,1,1,3,3
2,9,4,9,0.8,3,1,2,2,1,211.92,1,1,1,3,3,1,9,1,1,1,1
2,9,4,10,0.05,2,1,2,1,0,295.4,1,2,3,1,2,2,17,1,3,1,3
2,9,4,11,0.1,1,1,1,1,1,242.06,1,18,1,3,1,3,8,3,1,3,1
2,9,4,12,0.4,1,1,1,1,1,190.7,1,15,3,1,3,1,9,3,3,3,3
2,9,4,13,0.4,1,2,1,1,1,221.56,1,19,1,3,1,3,13,1,3,2,2
2,9,4,14,0.1,1,1,1,1,1,272.38,1,5,1,3,1,3,6,3,3,3,3
2,9,4,15,1.8,1,3,1,1,1,173.4,1,11,1,3,1,3,9,1,3,3,1
2,9,4,16,0.2,2,3,2,2,1,226.54,1,13,3,3,2,2,14,3,1,1,3
2,9,4,17,0.05,2,1,2,2,1,277.89,1,4,3,1,2,2,20,3,3,3,3
2,9,4,18,0.8,1,3,1,1,1,215.74,1,12,1,1,1,1,5,1,3,3,1
2,9,4,19,0.4,2,1,2,2,1,263.6,1,14,3,3,2,2,18,3,1,3,1
2,9,4,20,0.05,1,1,1,1,1,279.01,1,1,3,1,3,1,14,3,3,3,3
2,9,4,21,0.05,1,2,1,1,1,270.14,1,17,3,3,3,3,15,1,1,2,2
2,9,4,22,1.8,1,3,1,1,1,251.12,1,19,1,3,1,3,7,3,1,1,3
2,9,4,23,0.05,1,1,1,1,1,246.14,1,1,1,1,1,1,17,1,3,1,3
2,9,4,24,0.1,1,2,1,1,1,230.07,1,18,3,3,3,3,19,3,1,2,2
2,9,4,25,1.8,1,1,1,2,0,185.43,1,16,1,3,1,3,14,3,3,3,3
2,9,4,26,0.8,1,2,1,1,1,224.71,1,9,3,1,3,1,10,1,1,2,2
2,9,4,27,0.8,2,3,2,2,1,230.42,1,1,1,3,2,2,15,1,1,3,3
2,9,4,28,0.8,1,1,1,2,0,251.57,1,9,3,3,3,3,20,1,1,1,1
2,9,4,29,0.8,1,2,1,1,1,200.07,1,10,1,1,1,1,13,3,1,2,2
2,9,4,30,0.4,1,1,1,1,1,247.7,1,20,3,3,3,3,15,3,3,3,3
2,9,4,31,0.8,2,1,2,1,0,257.04,1,3,3,1,2,2,19,1,3,1,3
2,9,4,32,0.05,1,3,1,1,1,324.96,0,19,3,1,3,1,18,1,1,3,3
2,9,4,33,1.8,2,3,2,1,0,186.55,1,3,1,3,2,2,6,3,1,1,3
2,9,4,34,1.8,1,1,1,1,1,215.12,1,3,3,1,3,1,1,1,1,1,1
2,9,4,35,0.4,1,2,1,1,1,214.44,1,12,1,1,1,1,3,1,3,2,2
2,9,4,36,0.2,1,1,1,1,1,324.62,0,13,3,1,3,1,20,1,3,1,3
2,9,4,37,0.2,2,1,2,2,1,241.24,1,16,1,1,2,2,2,3,1,3,1
2,9,4,38,0.8,3,1,2,2,1,192.39,1,8,3,1,1,3,15,1,1,1,1
2,9,4,39,0.1,1,1,1,1,1,286.99,1,9,3,1,3,1,6,3,1,3,1
2,9,4,40,0.05,1,1,1,1,1,284.45,1,5,3,3,3,3,13,1,1,1,1
2,9,4,41,0.2,3,2,2,2,1,274.88,1,13,1,3,3,1,11,1,3,2,2
2,9,4,42,0.2,1,1,1,2,0,264.64,1,6,3,3,3,3,16,3,3,3,3
2,9,4,43,0.1,3,2,2,2,1,192.26,1,7,1,1,3,3,1,3,3,2,2
2,9,4,44,0.8,1,2,1,1,1,206.91,1,6,3,3,3,3,20,1,1,2,2
2,9,4,45,0.05,1,1,1,1,1,278.94,1,7,1,1,1,1,5,3,1,3,1
2,9,4,46,0.4,1,1,1,1,1,221.08,1,16,1,3,1,3,15,3,1,3,1
2,9,4,47,1.8,2,2,2,2,1,252.26,1,3,3,1,2,2,3,3,1,2,2
2,9,4,48,1.8,3,1,2,2,1,215.67,1,8,1,1,3,3,7,1,3,1,3
2,9,4,49,0.2,1,1,1,1,1,257.84,1,9,3,3,3,3,7,3,1,3,1
2,9,4,50,0.1,1,2,1,1,1,280.69,1,20,3,1,3,1,12,3,3,2,2
2,9,4,51,0.2,1,1,1,1,1,225.71,1,12,1,3,1,3,13,3,1,3,1
2,9,4,52,1.8,3,3,2,2,1,206.12,1,16,3,3,1,1,4,1,3,3,1
2,9,4,53,1.8,3,2,2,2,1,221.32,1,17,1,3,3,1,6,3,3,2,2
2,9,4,54,0.05,2,3,2,2,1,294.96,1,8,1,3,2,2,6,3,3,1,1
2,9,4,55,0.8,1,3,1,1,1,206.82,1,12,1,1,1,1,7,3,3,1,1
2,9,4,56,0.2,2,3,2,1,0,264.48,1,10,3,1,2,2,2,1,3,3,1
2,9,4,57,0.1,1,3,1,1,1,201.36,1,1,1,3,1,3,2,1,3,3,1
2,9,4,58,0.1,3,1,2,2,1,267.97,1,10,1,3,3,1,16,3,3,3,3
2,9,4,59,0.2,1,2,1,1,1,254.99,1,8,1,1,1,1,7,1,3,2,2
2,9,4,60,0.4,2,1,2,1,0,235.9,1,10,3,3,2,2,9,3,3,3,3
2,9,4,61,0.05,1,2,1,2,0,357.5,0,14,3,3,3,3,20,1,3,2,2
2,9,4,62,0.4,2,1,NaN,NaN,NaN,NaN,NaN,9,1,3,2,2,7,3,3,3,3
2,9,4,63,1.8,2,3,2,2,1,189.17,1,19,3,1,2,2,13,1,3,3,1
2,9,4,64,0.05,1,2,1,1,1,269.92,1,20,3,1,3,1,3,3,1,2,2
2,9,4,65,0.2,3,1,2,2,1,268.37,1,3,1,1,3,3,10,1,3,1,3
2,9,4,66,0.2,1,3,1,2,0,258.75,1,20,1,1,1,1,2,3,1,1,3
2,9,4,67,0.2,3,1,2,2,1,207.42,1,2,1,1,3,3,14,1,3,1,3
2,9,4,68,1.8,1,3,1,2,0,221.82,1,2,3,1,3,1,16,3,3,1,1
2,9,4,69,0.4,1,1,1,1,1,244.08,1,16,1,1,1,1,16,3,3,3,3
2,9,4,70,0.4,1,3,1,1,1,11.338,2,6,1,1,1,1,8,1,1,3,3
2,9,4,71,0.4,2,1,2,2,1,278.1,1,5,1,1,2,2,7,1,3,1,3
2,9,4,72,1.8,1,2,NaN,NaN,NaN,NaN,NaN,10,1,1,1,1,10,3,1,2,2
2,9,4,73,0.8,1,1,1,1,1,203.53,1,10,3,1,3,1,18,1,1,1,1
2,9,4,74,1.8,1,1,1,1,1,196.11,1,6,1,1,1,1,7,1,3,1,3
2,9,4,75,0.1,3,2,2,2,1,322.16,0,13,1,3,3,1,6,1,3,2,2
2,9,4,76,0.4,1,2,1,1,1,272.88,1,20,1,1,1,1,14,3,1,2,2
2,9,4,77,0.1,1,1,1,1,1,268.46,1,2,3,3,3,3,11,1,3,1,3
2,9,4,78,0.1,1,1,1,1,1,296.79,1,5,1,1,1,1,9,1,1,1,1
2,9,5,1,0.1,2,3,2,2,1,260.02,1,19,3,1,2,2,1,1,3,3,1
2,9,5,2,0.8,2,3,2,2,1,235.45,1,7,3,3,2,2,10,3,3,1,1
2,9,5,3,0.8,2,2,2,2,1,242.34,1,2,3,3,2,2,2,1,1,2,2
2,9,5,4,0.1,1,3,1,1,1,215.87,1,13,1,3,1,3,4,1,1,3,3
2,9,5,5,0.2,2,2,2,2,1,131.05,1,14,1,1,2,2,8,3,3,2,2
2,9,5,6,0.05,1,2,1,1,1,261.43,1,14,3,1,3,1,8,1,3,2,2
2,9,5,7,0.2,1,1,1,1,1,117.74,1,1,3,3,3,3,12,3,3,3,3
2,9,5,8,0.05,2,2,2,2,1,258.59,1,6,1,3,2,2,16,1,3,2,2
2,9,5,9,0.1,3,2,2,2,1,263.64,1,3,1,3,3,1,10,3,3,2,2
2,9,5,10,0.2,2,1,2,2,1,223.5,1,17,3,3,2,2,8,1,3,1,3
2,9,5,11,0.4,1,2,1,1,1,278.81,1,19,1,1,1,1,9,1,1,2,2
2,9,5,12,0.8,1,2,1,1,1,253.06,1,5,1,3,1,3,10,3,1,2,2
2,9,5,13,0.4,1,3,1,1,1,248.27,1,19,3,3,3,3,3,1,3,3,1
2,9,5,14,1.8,1,2,1,1,1,216.01,1,15,1,1,1,1,10,1,1,2,2
2,9,5,15,0.1,2,3,2,1,0,251.75,1,12,3,3,2,2,10,3,3,1,1
2,9,5,16,0.2,2,2,2,2,1,278.27,1,2,1,3,2,2,17,3,1,2,2
2,9,5,17,0.2,1,3,1,1,1,316.18,0,19,1,3,1,3,9,1,3,3,1
2,9,5,18,1.8,1,2,1,1,1,214.03,1,5,1,1,1,1,1,3,1,2,2
2,9,5,19,0.1,1,1,1,1,1,288.89,1,14,3,3,3,3,13,3,3,3,3
2,9,5,20,0.2,1,3,1,2,0,293.15,1,20,1,1,1,1,6,1,3,3,1
2,9,5,21,0.2,2,2,2,2,1,269.82,1,4,3,1,2,2,7,3,1,2,2
2,9,5,22,0.05,1,3,1,1,1,293.07,1,5,3,1,3,1,7,1,3,3,1
2,9,5,23,1.8,1,3,1,1,1,209.65,1,19,1,3,1,3,11,1,3,3,1
2,9,5,24,0.05,1,1,1,1,1,292.78,1,14,1,1,1,1,10,3,3,3,3
2,9,5,25,0.8,3,1,2,2,1,280.92,1,13,3,3,1,1,3,3,3,3,3
2,9,5,26,1.8,2,1,2,2,1,261.26,1,16,1,1,2,2,18,3,3,3,3
2,9,5,27,0.4,1,2,NaN,NaN,NaN,NaN,NaN,12,1,3,1,3,5,1,1,2,2
2,9,5,28,0.1,1,1,1,1,1,204.82,1,5,1,1,1,1,6,3,1,3,1
2,9,5,29,0.4,1,2,1,1,1,248.76,1,1,1,1,1,1,13,1,1,2,2
2,9,5,30,0.1,2,1,2,1,0,331.65,0,15,1,3,2,2,19,3,1,3,1
2,9,5,31,1.8,2,1,2,2,1,199.68,1,13,3,3,2,2,17,1,3,1,3
2,9,5,32,0.1,2,3,2,1,0,242.24,1,20,3,3,2,2,10,3,3,1,1
2,9,5,33,0.05,3,2,2,2,1,275.99,1,12,1,3,3,1,1,1,3,2,2
2,9,5,34,0.05,1,1,1,2,0,352.94,0,10,1,1,1,1,16,3,3,3,3
2,9,5,35,0.2,3,2,2,2,1,259.77,1,10,3,1,1,3,3,1,1,2,2
2,9,5,36,0.1,1,2,1,1,1,249.41,1,10,3,3,3,3,12,3,3,2,2
2,9,5,37,0.05,1,2,1,1,1,230.79,1,8,3,1,3,1,9,1,1,2,2
2,9,5,38,0.1,2,2,2,2,1,231.59,1,11,1,1,2,2,6,3,1,2,2
2,9,5,39,0.2,3,1,2,2,1,271.57,1,12,1,1,3,3,14,1,3,1,3
2,9,5,40,0.4,3,3,2,2,1,337.77,0,3,1,3,3,1,18,1,1,3,3
2,9,5,41,0.1,3,1,2,2,1,301.46,0,4,1,1,3,3,7,3,3,3,3
2,9,5,42,0.4,1,1,1,1,1,217.48,1,14,1,1,1,1,15,1,1,1,1
2,9,5,43,0.4,1,1,NaN,NaN,NaN,NaN,NaN,3,3,3,3,3,18,3,1,3,1
2,9,5,44,1.8,2,3,2,2,1,195.97,1,5,3,3,2,2,4,1,1,3,3
2,9,5,45,1.8,2,3,2,2,1,202.87,1,9,3,1,2,2,10,3,1,1,3
2,9,5,46,0.2,1,3,1,1,1,295.01,1,9,3,3,3,3,17,1,3,3,1
2,9,5,47,0.05,1,2,1,2,0,989.32,0,3,3,1,3,1,2,1,1,2,2
2,9,5,48,0.8,1,3,NaN,NaN,NaN,NaN,NaN,2,3,3,3,3,18,1,1,3,3
2,9,5,49,0.8,1,2,1,1,1,225.5,1,5,3,3,3,3,13,1,1,2,2
2,9,5,50,0.05,3,3,2,2,1,277.63,1,7,1,1,3,3,8,3,1,1,3
2,9,5,51,0.4,1,3,1,1,1,225.2,1,11,3,1,3,1,7,1,3,3,1
2,9,5,52,0.05,1,3,1,1,1,269.43,1,12,1,1,1,1,14,1,3,3,1
2,9,5,53,0.1,2,2,2,1,0,235.79,1,2,3,1,2,2,4,3,3,2,2
2,9,5,54,0.8,2,3,2,2,1,263.39,1,16,3,1,2,2,4,3,3,1,1
2,9,5,55,1.8,1,1,1,1,1,213.4,1,13,3,3,3,3,10,3,3,3,3
2,9,5,56,0.4,3,1,2,2,1,260.73,1,2,1,3,3,1,17,1,1,1,1
2,9,5,57,0.4,1,1,1,1,1,236.33,1,3,3,1,3,1,12,1,1,1,1
2,9,5,58,0.2,3,3,2,2,1,258.57,1,1,3,1,1,3,16,3,3,1,1
2,9,5,59,1.8,3,1,2,2,1,209.23,1,16,3,3,1,1,9,1,1,1,1
2,9,5,60,0.8,1,2,1,1,1,211.28,1,3,1,3,1,3,9,3,3,2,2
2,9,5,61,0.2,1,1,1,1,1,251.83,1,20,1,3,1,3,2,1,3,1,3
2,9,5,62,0.4,2,2,2,2,1,232.38,1,6,1,1,2,2,17,3,3,2,2
2,9,5,63,0.8,3,1,2,2,1,258.41,1,1,1,1,3,3,13,1,3,1,3
2,9,5,64,0.4,1,3,1,1,1,259.79,1,7,1,1,1,1,6,3,1,1,3
2,9,5,65,0.05,3,2,2,2,1,317.52,0,15,1,1,3,3,1,1,1,2,2
2,9,5,66,1.8,2,2,2,2,1,207.87,1,20,1,3,2,2,16,1,1,2,2
2,9,5,67,0.8,1,3,1,1,1,215.49,1,2,3,1,3,1,16,1,1,3,3
2,9,5,68,0.8,1,2,NaN,NaN,NaN,NaN,NaN,5,1,3,1,3,6,1,3,2,2
2,9,5,69,1.8,1,3,1,1,1,227.89,1,2,3,3,3,3,4,3,1,1,3
2,9,5,70,0.8,1,3,1,1,1,221.33,1,9,1,3,1,3,15,3,3,1,1
2,9,5,71,1.8,2,2,2,2,1,259.35,1,12,3,3,2,2,9,3,3,2,2
2,9,5,72,0.8,1,1,1,1,1,239.38,1,7,1,1,1,1,10,1,1,1,1
2,9,5,73,0.1,1,2,1,1,1,244.52,1,15,1,1,1,1,15,3,3,2,2
2,9,5,74,0.05,2,2,2,2,1,1439.4,0,13,3,1,2,2,5,3,3,2,2
2,9,5,75,0.4,1,3,1,1,1,220.73,1,16,3,1,3,1,12,3,3,1,1
2,9,5,76,1.8,2,3,2,1,0,249.93,1,15,3,3,2,2,4,1,1,3,3
2,9,5,77,0.2,1,1,1,1,1,240.75,1,6,3,3,3,3,13,3,1,3,1
2,9,5,78,0.05,1,3,1,1,1,246.72,1,17,3,1,3,1,17,3,1,1,3
2,9,6,1,0.2,2,2,2,2,1,283.37,1,9,3,1,2,2,9,1,3,2,2
2,9,6,2,0.2,2,3,2,1,0,198.31,1,1,1,1,2,2,14,1,1,3,3
2,9,6,3,1.8,2,1,2,2,1,192.29,1,9,1,1,2,2,11,3,1,3,1
2,9,6,4,0.4,3,2,2,2,1,251.03,1,15,1,3,3,1,4,3,3,2,2
2,9,6,5,0.4,1,3,1,1,1,246.09,1,16,3,1,3,1,13,3,3,1,1
2,9,6,6,0.8,3,3,2,2,1,198.88,1,8,1,3,3,1,11,3,3,1,1
2,9,6,7,1.8,3,1,2,2,1,188.63,1,18,3,1,1,3,17,1,1,1,1
2,9,6,8,0.1,1,3,1,1,1,251.52,1,20,3,3,3,3,7,3,1,1,3
2,9,6,9,0.05,3,1,2,2,1,285.39,1,4,1,1,3,3,9,3,3,3,3
2,9,6,10,0.05,3,2,2,2,1,250.24,1,20,3,3,1,1,3,3,3,2,2
2,9,6,11,0.2,1,2,1,1,1,252.62,1,12,1,3,1,3,12,1,1,2,2
2,9,6,12,1.8,2,2,NaN,NaN,NaN,NaN,NaN,5,1,1,2,2,18,1,3,2,2
2,9,6,13,0.1,3,2,2,2,1,219.06,1,4,1,1,3,3,1,3,1,2,2
2,9,6,14,0.4,3,1,2,2,1,237.56,1,15,1,3,3,1,14,1,1,1,1
2,9,6,15,0.4,1,3,1,2,0,246.84,1,8,3,1,3,1,1,3,3,1,1
2,9,6,16,0.4,1,3,1,1,1,269.54,1,11,3,3,3,3,2,3,3,1,1
2,9,6,17,0.05,2,1,2,2,1,260.95,1,4,1,3,2,2,4,3,3,3,3
2,9,6,18,0.4,1,3,1,1,1,224.54,1,18,1,3,1,3,4,3,3,1,1
2,9,6,19,1.8,1,3,1,1,1,216,1,5,3,3,3,3,6,3,3,1,1
2,9,6,20,1.8,2,2,2,2,1,201.7,1,11,1,1,2,2,19,3,1,2,2
2,9,6,21,0.1,1,3,1,1,1,270.54,1,10,1,3,1,3,8,3,3,1,1
2,9,6,22,0.8,1,2,1,1,1,216.5,1,20,3,3,3,3,13,3,1,2,2
2,9,6,23,0.2,2,2,2,2,1,271.84,1,8,3,3,2,2,13,1,3,2,2
2,9,6,24,0.4,1,3,1,1,1,304.16,0,1,1,3,1,3,14,1,1,3,3
2,9,6,25,0.8,3,1,2,2,1,252.8,1,3,1,3,3,1,18,1,3,1,3
2,9,6,26,1.8,2,1,2,2,1,185.35,1,8,3,3,2,2,1,1,1,1,1
2,9,6,27,0.8,1,2,1,1,1,258.77,1,2,3,1,3,1,11,3,3,2,2
2,9,6,28,0.1,1,2,1,1,1,271.5,1,15,1,1,1,1,12,1,3,2,2
2,9,6,29,1.8,3,2,2,2,1,198.77,1,15,3,1,1,3,6,3,3,2,2
2,9,6,30,0.4,1,2,1,1,1,234.24,1,12,3,1,3,1,19,3,3,2,2
2,9,6,31,0.1,1,1,1,1,1,272.2,1,17,3,1,3,1,12,3,1,3,1
2,9,6,32,0.8,1,2,1,1,1,207.99,1,20,3,1,3,1,15,3,3,2,2
2,9,6,33,0.2,3,2,2,2,1,328.08,0,13,1,3,3,1,7,1,3,2,2
2,9,6,34,0.2,2,2,2,2,1,306.92,0,6,1,1,2,2,10,1,3,2,2
2,9,6,35,0.4,3,3,2,2,1,275.84,1,9,1,1,3,3,7,3,3,1,1
2,9,6,36,1.8,2,1,2,2,1,187.13,1,17,3,3,2,2,14,3,3,3,3
2,9,6,37,0.8,1,1,1,1,1,248.57,1,2,1,1,1,1,20,1,1,1,1
2,9,6,38,0.4,1,2,1,1,1,245.15,1,11,1,1,1,1,16,1,3,2,2
2,9,6,39,0.1,1,3,1,1,1,249.82,1,13,3,3,3,3,1,1,3,3,1
2,9,6,40,0.8,1,1,1,1,1,232.81,1,15,1,1,1,1,1,3,3,3,3
2,9,6,41,0.2,1,1,1,1,1,183.33,1,10,1,3,1,3,10,1,3,1,3
2,9,6,42,0.1,1,3,1,1,1,217.33,1,3,3,3,3,3,17,3,3,1,1
2,9,6,43,0.05,2,2,2,2,1,296.21,1,15,3,1,2,2,12,3,3,2,2
2,9,6,44,0.4,1,1,1,1,1,269.53,1,19,1,1,1,1,12,3,3,3,3
2,9,6,45,1.8,1,1,1,1,1,210.3,1,20,1,3,1,3,5,1,1,1,1
2,9,6,46,0.1,1,2,1,1,1,275.68,1,5,3,3,3,3,7,1,3,2,2
2,9,6,47,0.1,1,3,1,1,1,283.35,1,13,1,1,1,1,18,1,3,3,1
2,9,6,48,0.1,2,2,2,2,1,248.36,1,2,1,3,2,2,13,1,3,2,2
2,9,6,49,0.8,1,3,1,2,0,201.76,1,14,3,3,3,3,9,3,1,1,3
2,9,6,50,0.05,2,1,2,2,1,273.77,1,5,3,1,2,2,18,1,1,1,1
2,9,6,51,0.2,1,3,1,1,1,211.41,1,14,3,1,3,1,12,1,3,3,1
2,9,6,52,1.8,1,2,1,1,1,181.42,1,12,3,1,3,1,6,1,1,2,2
2,9,6,53,0.8,3,3,2,2,1,267.88,1,18,1,3,3,1,2,1,3,3,1
2,9,6,54,0.2,1,1,1,1,1,213.08,1,6,3,1,3,1,16,3,1,3,1
2,9,6,55,0.4,1,1,1,1,1,248.14,1,15,3,3,3,3,15,1,1,1,1
2,9,6,56,0.05,1,3,1,1,1,325.56,0,11,3,1,3,1,8,1,1,3,3
2,9,6,57,0.05,3,1,2,2,1,282.87,1,10,3,3,1,1,14,1,1,1,1
2,9,6,58,0.8,1,1,1,1,1,260.03,1,11,3,1,3,1,10,3,1,3,1
2,9,6,59,0.2,1,2,1,1,1,205.23,1,14,1,3,1,3,15,3,1,2,2
2,9,6,60,0.1,1,3,1,1,1,262.92,1,19,3,1,3,1,3,3,3,1,1
2,9,6,61,0.2,1,1,1,1,1,185.19,1,6,1,3,1,3,9,1,1,1,1
2,9,6,62,1.8,1,1,1,1,1,221.72,1,19,1,1,1,1,3,3,3,3,3
2,9,6,63,0.05,1,1,1,1,1,302.61,0,16,1,1,1,1,17,3,3,3,3
2,9,6,64,0.1,2,2,2,2,1,272.75,1,13,3,3,2,2,14,1,1,2,2
2,9,6,65,0.8,1,3,1,1,1,251.43,1,3,3,1,3,1,11,1,1,3,3
2,9,6,66,0.8,1,3,1,1,1,232.38,1,4,1,1,1,1,17,3,3,1,1
2,9,6,67,0.05,1,3,1,1,1,276.4,1,10,3,1,3,1,7,1,3,3,1
2,9,6,68,0.05,3,3,2,2,1,287.05,1,7,1,3,3,1,2,3,3,1,1
2,9,6,69,0.05,3,1,2,2,1,256.77,1,17,1,1,3,3,10,3,1,3,1
2,9,6,70,0.8,1,3,1,1,1,263.04,1,5,1,3,1,3,15,1,3,3,1
2,9,6,71,1.8,1,1,1,1,1,215.51,1,2,3,3,3,3,10,3,3,3,3
2,9,6,72,0.2,2,2,2,2,1,258.43,1,1,1,3,2,2,19,1,1,2,2
2,9,6,73,1.8,1,2,1,1,1,202.02,1,4,1,1,1,1,15,1,3,2,2
2,9,6,74,0.4,2,1,2,2,1,254.03,1,1,1,3,2,2,3,3,1,3,1
2,9,6,75,0.1,2,3,2,2,1,245.93,1,3,1,3,2,2,6,1,3,3,1
2,9,6,76,0.05,1,2,1,1,1,299.36,1,20,3,1,3,1,18,3,1,2,2
2,9,6,77,0.05,1,3,1,1,1,262.37,1,2,3,1,3,1,11,1,3,3,1
2,9,6,78,0.2,1,2,1,1,1,233,1,1,1,3,1,3,9,3,3,2,2
2,9,7,1,0.1,3,2,2,2,1,240.96,1,13,3,3,1,1,15,1,3,2,2
2,9,7,2,0.4,3,2,2,2,1,262.86,1,11,1,3,3,1,19,3,3,2,2
2,9,7,3,0.2,1,2,1,1,1,180.02,1,13,3,1,3,1,10,1,1,2,2
2,9,7,4,1.8,1,2,1,1,1,204.54,1,2,3,1,3,1,5,1,3,2,2
2,9,7,5,0.8,3,2,2,2,1,213.42,1,19,1,1,3,3,4,1,3,2,2
2,9,7,6,0.4,3,2,2,2,1,213.25,1,18,3,1,1,3,6,3,3,2,2
2,9,7,7,0.8,1,2,1,1,1,266.15,1,7,1,3,1,3,8,3,3,2,2
2,9,7,8,0.8,3,3,2,2,1,191.97,1,20,3,1,1,3,2,3,3,1,1
2,9,7,9,1.8,2,2,2,1,0,200.97,1,7,3,3,2,2,12,3,1,2,2
2,9,7,10,0.2,2,1,2,2,1,284.12,1,3,3,3,2,2,16,3,3,3,3
2,9,7,11,0.8,1,3,1,1,1,217.2,1,8,1,1,1,1,15,3,3,1,1
2,9,7,12,1.8,2,2,2,2,1,234.71,1,18,1,3,2,2,6,1,1,2,2
2,9,7,13,0.05,1,2,1,1,1,272.77,1,11,1,3,1,3,19,3,3,2,2
2,9,7,14,0.8,2,1,2,1,0,224.21,1,17,1,3,2,2,3,3,1,3,1
2,9,7,15,1.8,2,3,2,2,1,220.98,1,6,3,3,2,2,13,1,1,3,3
2,9,7,16,0.05,1,2,1,1,1,257,1,18,3,3,3,3,9,3,3,2,2
2,9,7,17,0.05,1,1,1,1,1,258.58,1,13,3,1,3,1,18,1,3,1,3
2,9,7,18,0.8,1,2,NaN,NaN,NaN,NaN,NaN,7,3,1,3,1,7,3,1,2,2
2,9,7,19,1.8,3,1,2,2,1,197.32,1,7,1,3,3,1,4,3,3,3,3
2,9,7,20,1.8,1,3,NaN,NaN,NaN,NaN,NaN,6,1,3,1,3,4,1,3,3,1
2,9,7,21,0.4,1,1,1,2,0,335.17,0,10,3,1,3,1,13,1,1,1,1
2,9,7,22,0.05,1,3,1,1,1,255.49,1,14,3,3,3,3,10,1,3,3,1
2,9,7,23,0.1,1,3,1,1,1,243.89,1,14,3,3,3,3,7,1,1,3,3
2,9,7,24,1.8,1,2,1,1,1,293.41,1,12,3,1,3,1,4,3,1,2,2
2,9,7,25,0.05,2,3,2,1,0,278.03,1,10,1,1,2,2,10,1,3,3,1
2,9,7,26,0.4,2,2,2,2,1,267.29,1,7,3,1,2,2,18,1,1,2,2
2,9,7,27,0.1,2,3,2,2,1,287.11,1,1,1,3,2,2,17,3,3,1,1
2,9,7,28,0.2,1,3,1,1,1,268.83,1,16,3,1,3,1,12,1,3,3,1
2,9,7,29,0.4,2,3,2,2,1,247.54,1,13,3,3,2,2,13,1,3,3,1
2,9,7,30,0.2,2,2,2,2,1,2616.9,0,14,1,3,2,2,6,3,3,2,2
2,9,7,31,0.05,2,2,2,2,1,186.76,1,11,3,3,2,2,5,3,3,2,2
2,9,7,32,1.8,1,2,1,1,1,198.46,1,16,1,1,1,1,3,3,1,2,2
2,9,7,33,0.4,1,3,1,1,1,221.2,1,12,1,1,1,1,10,3,3,1,1
2,9,7,34,0.1,1,3,1,1,1,274.62,1,13,3,1,3,1,6,1,1,3,3
2,9,7,35,0.8,1,3,1,1,1,256.83,1,8,1,1,1,1,17,3,3,1,1
2,9,7,36,0.4,3,3,2,2,1,290.18,1,12,1,3,3,1,4,3,3,1,1
2,9,7,37,0.1,3,3,2,2,1,270.72,1,3,1,1,3,3,8,3,3,1,1
2,9,7,38,0.2,1,3,1,1,1,237.39,1,3,3,3,3,3,13,1,3,3,1
2,9,7,39,0.8,3,3,2,2,1,263.31,1,13,3,1,1,3,7,3,3,1,1
2,9,7,40,0.1,1,3,1,1,1,260.76,1,18,3,3,3,3,6,1,1,3,3
2,9,7,41,1.8,1,1,NaN,NaN,NaN,NaN,NaN,11,3,1,3,1,5,3,1,3,1
2,9,7,42,0.1,3,1,2,2,1,270.22,1,16,1,1,3,3,2,1,1,1,1
2,9,7,43,0.4,3,2,2,2,1,249.48,1,1,3,1,1,3,4,3,3,2,2
2,9,7,44,0.2,2,2,2,1,0,287.48,1,17,1,3,2,2,6,3,3,2,2
2,9,7,45,0.05,2,1,2,2,1,341.46,0,12,1,3,2,2,3,1,3,1,3
2,9,7,46,0.4,2,2,2,2,1,196.41,1,11,1,3,2,2,16,3,3,2,2
2,9,7,47,0.1,2,3,2,2,1,261.81,1,14,3,1,2,2,11,1,1,3,3
2,9,7,48,0.8,2,1,2,2,1,256.97,1,3,3,3,2,2,11,1,1,1,1
2,9,7,49,1.8,1,3,1,1,1,205.52,1,6,1,3,1,3,19,1,3,3,1
2,9,7,50,0.4,3,1,2,2,1,294.68,1,14,3,3,1,1,11,3,1,3,1
2,9,7,51,0.8,3,3,2,2,1,223.7,1,8,3,1,1,3,16,3,3,1,1
2,9,7,52,0.2,2,1,2,2,1,279.09,1,5,1,3,2,2,4,3,1,3,1
2,9,7,53,0.1,1,3,1,1,1,290.35,1,11,3,3,3,3,3,3,3,1,1
2,9,7,54,1.8,1,3,1,1,1,211.58,1,15,1,1,1,1,19,1,3,3,1
2,9,7,55,0.2,1,1,1,1,1,282.93,1,4,1,1,1,1,14,3,3,3,3
2,9,7,56,1.8,3,2,2,2,1,207.27,1,10,1,3,3,1,1,3,1,2,2
2,9,7,57,0.05,1,3,1,1,1,201.4,1,13,1,1,1,1,9,1,3,3,1
2,9,7,58,0.8,3,1,2,2,1,241.44,1,16,3,1,1,3,1,3,1,3,1
2,9,7,59,0.05,3,1,2,2,1,303.31,0,11,1,1,3,3,1,1,1,1,1
2,9,7,60,0.05,1,2,1,1,1,234.14,1,15,3,1,3,1,18,3,1,2,2
2,9,7,61,0.1,3,1,2,2,1,245.19,1,1,3,3,1,1,6,1,1,1,1
2,9,7,62,0.2,2,3,2,2,1,196.28,1,11,1,1,2,2,10,1,3,3,1
2,9,7,63,0.05,3,3,2,2,1,309.06,0,4,1,3,3,1,16,3,3,1,1
2,9,7,64,0.4,2,1,2,1,0,226.5,1,13,3,1,2,2,7,1,3,1,3
2,9,7,65,0.2,1,3,1,1,1,190.71,1,16,1,3,1,3,16,1,1,3,3
2,9,7,66,0.1,2,2,2,2,1,348.16,0,12,1,3,2,2,2,3,3,2,2
2,9,7,67,0.2,1,2,1,1,1,68.215,2,7,3,3,3,3,4,1,3,2,2
2,9,7,68,0.4,3,1,2,2,1,401.6,0,14,1,3,3,1,12,3,1,3,1
2,9,7,69,0.8,2,2,2,1,0,177.26,1,1,3,1,2,2,13,1,1,2,2
2,9,7,70,0.1,2,2,2,1,0,244.95,1,20,3,1,2,2,3,3,1,2,2
2,9,7,71,0.2,2,2,2,1,0,205.84,1,12,3,3,2,2,13,1,1,2,2
2,9,7,72,1.8,1,2,1,1,1,177.55,1,17,3,3,3,3,4,3,3,2,2
2,9,7,73,0.1,1,3,1,1,1,242.66,1,20,3,1,3,1,2,3,1,1,3
2,9,7,74,0.05,2,1,2,1,0,250.79,1,1,1,1,2,2,10,3,3,3,3
2,9,7,75,0.8,3,1,2,2,1,209.9,1,1,1,3,3,1,17,1,1,1,1
2,9,7,76,0.2,1,1,1,1,1,224.18,1,19,1,3,1,3,16,3,1,3,1
2,9,7,77,0.05,1,2,1,1,1,320.51,0,2,1,1,1,1,19,3,1,2,2
2,9,7,78,0.4,1,1,1,1,1,234.85,1,12,1,3,1,3,17,3,1,3,1
2,9,8,1,0.2,1,3,1,1,1,228.65,1,4,1,1,1,1,7,3,1,1,3
2,9,8,2,1.8,3,3,2,2,1,196.06,1,13,1,3,3,1,20,3,1,1,3
2,9,8,3,0.05,1,1,1,1,1,254.28,1,20,3,3,3,3,12,3,3,3,3
2,9,8,4,0.2,1,2,1,1,1,211.43,1,14,1,3,1,3,8,3,3,2,2
2,9,8,5,0.2,1,2,1,1,1,224.64,1,15,1,3,1,3,6,3,3,2,2
2,9,8,6,0.05,3,1,2,2,1,249.88,1,19,1,3,3,1,9,1,3,1,3
2,9,8,7,0.8,2,3,2,2,1,206.78,1,18,3,3,2,2,4,3,3,1,1
2,9,8,8,0.4,2,3,2,2,1,211.4,1,10,1,3,2,2,4,1,1,3,3
2,9,8,9,0.05,2,3,2,2,1,291.1,1,15,3,1,2,2,2,1,1,3,3
2,9,8,10,0.1,1,2,1,1,1,268.09,1,4,3,1,3,1,12,3,1,2,2
2,9,8,11,1.8,2,2,2,2,1,233.34,1,4,1,3,2,2,18,3,3,2,2
2,9,8,12,0.2,1,3,1,1,1,222.01,1,19,1,1,1,1,9,1,1,3,3
2,9,8,13,1.8,1,3,1,1,1,225.1,1,5,3,3,3,3,4,1,3,3,1
2,9,8,14,0.1,1,2,1,1,1,250.18,1,6,3,3,3,3,5,1,3,2,2
2,9,8,15,0.05,2,2,2,1,0,164.8,1,17,1,1,2,2,16,3,3,2,2
2,9,8,16,0.8,3,3,2,2,1,282.13,1,17,3,1,1,3,14,3,1,1,3
2,9,8,17,0.4,3,2,2,2,1,269.15,1,15,3,1,1,3,14,1,3,2,2
2,9,8,18,0.1,1,3,1,1,1,293,1,16,3,1,3,1,7,1,1,3,3
2,9,8,19,0.1,1,1,1,1,1,242.83,1,19,3,3,3,3,5,3,1,3,1
2,9,8,20,1.8,3,1,2,2,1,212.6,1,8,1,1,3,3,9,3,3,3,3
2,9,8,21,0.8,2,3,2,2,1,216.34,1,19,1,1,2,2,8,1,3,3,1
2,9,8,22,1.8,1,3,1,1,1,211.95,1,14,1,1,1,1,18,3,1,1,3
2,9,8,23,0.1,2,2,2,2,1,281.38,1,9,3,3,2,2,11,3,1,2,2
2,9,8,24,0.05,2,2,2,1,0,372.48,0,13,3,1,2,2,5,3,3,2,2
2,9,8,25,0.8,2,3,NaN,NaN,NaN,NaN,NaN,11,3,3,2,2,7,3,1,1,3
2,9,8,26,0.1,3,1,2,2,1,197.82,1,20,1,1,3,3,14,1,3,1,3
2,9,8,27,0.2,1,1,1,1,1,244.42,1,9,3,3,3,3,16,1,1,1,1
2,9,8,28,0.1,2,3,2,2,1,260.72,1,1,1,3,2,2,17,1,3,3,1
2,9,8,29,0.2,1,2,1,1,1,288.59,1,12,3,1,3,1,1,3,3,2,2
2,9,8,30,0.05,1,1,1,1,1,278.59,1,8,1,1,1,1,4,1,3,1,3
2,9,8,31,0.4,1,2,NaN,NaN,NaN,NaN,NaN,4,1,3,1,3,7,3,3,2,2
2,9,8,32,0.05,1,3,1,1,1,245.67,1,17,3,1,3,1,3,3,3,1,1
2,9,8,33,0.8,2,1,2,1,0,229.25,1,17,3,1,2,2,8,1,1,1,1
2,9,8,34,0.8,1,1,1,1,1,218.03,1,8,3,1,3,1,6,3,3,3,3
2,9,8,35,0.4,2,1,2,2,1,255.73,1,11,3,3,2,2,6,3,1,3,1
2,9,8,36,0.1,2,1,2,1,0,256.11,1,10,1,1,2,2,13,1,3,1,3
2,9,8,37,0.2,2,2,2,2,1,257.65,1,2,1,3,2,2,5,3,1,2,2
2,9,8,38,0.2,1,1,1,1,1,229.14,1,1,3,3,3,3,10,3,1,3,1
2,9,8,39,0.2,1,1,1,1,1,237.84,1,16,1,3,1,3,15,1,1,1,1
2,9,8,40,0.2,1,3,1,1,1,305.17,0,19,3,3,3,3,7,3,3,1,1
2,9,8,41,0.4,2,3,2,2,1,254.93,1,17,1,3,2,2,8,1,3,3,1
2,9,8,42,0.4,2,3,2,2,1,257.95,1,7,1,3,2,2,4,3,1,1,3
2,9,8,43,0.4,1,2,1,1,1,256.68,1,17,1,1,1,1,9,1,1,2,2
2,9,8,44,0.8,2,1,2,2,1,196.19,1,8,1,3,2,2,17,3,3,3,3
2,9,8,45,0.1,2,1,2,2,1,296.35,1,13,3,1,2,2,12,1,3,1,3
2,9,8,46,0.1,2,3,2,2,1,277.24,1,7,1,3,2,2,12,1,1,3,3
2,9,8,47,0.05,1,2,1,1,1,295.29,1,13,1,1,1,1,9,3,1,2,2
2,9,8,48,0.1,2,3,2,2,1,278.9,1,3,3,3,2,2,16,3,1,1,3
2,9,8,49,1.8,1,3,1,1,1,196.63,1,7,3,1,3,1,3,3,1,1,3
2,9,8,50,1.8,3,3,2,2,1,222.69,1,8,1,1,3,3,9,1,1,3,3
2,9,8,51,1.8,1,1,1,1,1,203.71,1,13,3,3,3,3,17,1,3,1,3
2,9,8,52,0.4,2,3,2,2,1,272.92,1,8,3,1,2,2,15,1,1,3,3
2,9,8,53,0.05,2,3,2,2,1,328.49,0,13,3,3,2,2,15,1,1,3,3
2,9,8,54,0.2,2,2,2,2,1,263.05,1,9,3,3,2,2,3,1,3,2,2
2,9,8,55,1.8,2,1,2,2,1,248.86,1,9,1,1,2,2,3,3,1,3,1
2,9,8,56,0.4,1,3,1,1,1,262.23,1,9,1,3,1,3,9,3,1,1,3
2,9,8,57,0.4,3,3,2,2,1,268.7,1,13,3,1,1,3,15,1,1,3,3
2,9,8,58,0.8,1,3,NaN,NaN,NaN,NaN,NaN,10,1,3,1,3,1,3,3,1,1
2,9,8,59,0.8,1,2,1,1,1,251.78,1,19,1,3,1,3,9,3,3,2,2
2,9,8,60,0.8,1,2,NaN,NaN,NaN,NaN,NaN,6,1,3,1,3,12,1,1,2,2
2,9,8,61,0.1,3,3,2,2,1,252.67,1,14,3,3,1,1,14,1,1,3,3
2,9,8,62,0.2,2,1,2,2,1,209.22,1,20,1,3,2,2,7,3,1,3,1
2,9,8,63,0.05,1,2,1,1,1,287.48,1,19,1,3,1,3,10,3,3,2,2
2,9,8,64,1.8,1,2,1,1,1,251.37,1,19,1,3,1,3,8,3,3,2,2
2,9,8,65,0.2,1,2,1,1,1,249.21,1,3,3,3,3,3,10,3,3,2,2
2,9,8,66,0.4,1,1,1,1,1,268.13,1,19,1,1,1,1,19,3,3,3,3
2,9,8,67,0.4,2,3,2,2,1,274.53,1,6,3,1,2,2,10,3,1,1,3
2,9,8,68,1.8,1,2,1,1,1,206.29,1,20,1,3,1,3,5,3,3,2,2
2,9,8,69,1.8,2,1,2,2,1,213.74,1,14,1,1,2,2,14,3,3,3,3
2,9,8,70,0.8,2,3,2,2,1,243.07,1,16,3,3,2,2,9,3,1,1,3
2,9,8,71,0.05,3,3,2,2,1,314.5,0,11,1,3,3,1,16,3,3,1,1
2,9,8,72,0.8,3,3,2,2,1,215.52,1,4,3,3,1,1,17,3,1,1,3
2,9,8,73,0.05,2,3,2,2,1,302.8,0,4,1,3,2,2,4,3,3,1,1
2,9,8,74,1.8,3,1,2,2,1,201.81,1,20,1,3,3,1,11,1,3,1,3
2,9,8,75,0.8,3,1,2,2,1,230.18,1,20,1,3,3,1,11,1,3,1,3
2,9,8,76,0.1,3,3,2,2,1,272.76,1,14,1,3,3,1,9,1,3,3,1
2,9,8,77,0.4,3,3,2,2,1,239.22,1,14,3,3,1,1,16,3,3,1,1
2,9,8,78,0.05,1,1,1,2,0,440.63,0,8,1,3,1,3,20,1,3,1,3
2,9,9,1,0.2,2,2,2,2,1,245.12,1,4,3,3,2,2,16,1,3,2,2
2,9,9,2,0.4,2,3,2,1,0,88.504,2,4,1,3,2,2,5,3,3,1,1
2,9,9,3,0.4,3,2,2,2,1,248.44,1,4,3,3,1,1,18,3,3,2,2
2,9,9,4,1.8,2,2,2,2,1,175.54,1,6,1,1,2,2,4,3,3,2,2
2,9,9,5,0.1,3,2,2,2,1,271.2,1,7,1,1,3,3,20,1,3,2,2
2,9,9,6,0.4,3,1,2,2,1,217.09,1,9,3,1,1,3,9,1,1,1,1
2,9,9,7,1.8,1,1,1,1,1,199.51,1,20,1,1,1,1,9,1,3,1,3
2,9,9,8,0.05,1,3,1,1,1,271.89,1,18,1,1,1,1,18,3,1,1,3
2,9,9,9,0.1,3,1,2,2,1,247.84,1,6,3,1,1,3,15,1,1,1,1
2,9,9,10,0.4,1,2,1,1,1,218,1,19,3,1,3,1,12,3,3,2,2
2,9,9,11,1.8,2,2,2,1,0,204.37,1,10,1,1,2,2,12,1,3,2,2
2,9,9,12,0.2,1,2,1,1,1,326.46,0,13,1,1,1,1,10,1,1,2,2
2,9,9,13,0.05,3,3,2,2,1,251.22,1,18,3,3,1,1,1,3,3,1,1
2,9,9,14,0.4,2,3,2,2,1,275.34,1,9,3,1,2,2,18,3,3,1,1
2,9,9,15,0.1,1,3,1,1,1,239.06,1,17,1,3,1,3,17,1,3,3,1
2,9,9,16,0.2,3,1,2,2,1,124.34,1,14,1,3,3,1,14,3,3,3,3
2,9,9,17,0.2,3,3,2,2,1,241.76,1,1,3,3,1,1,16,3,3,1,1
2,9,9,18,1.8,1,1,1,1,1,197.63,1,2,3,1,3,1,20,3,1,3,1
2,9,9,19,0.2,1,3,1,1,1,331.83,0,20,3,3,3,3,1,1,1,3,3
2,9,9,20,0.2,1,1,1,1,1,173.91,1,15,1,3,1,3,20,1,1,1,1
2,9,9,21,0.8,1,3,1,1,1,205.43,1,19,1,1,1,1,11,3,1,1,3
2,9,9,22,0.05,3,2,2,2,1,280.59,1,20,1,3,3,1,16,1,1,2,2
2,9,9,23,0.1,3,3,2,2,1,250.36,1,9,3,3,1,1,13,1,3,3,1
2,9,9,24,0.05,3,2,2,2,1,312.64,0,17,3,3,1,1,17,1,3,2,2
2,9,9,25,0.8,2,1,2,1,0,253.32,1,9,1,3,2,2,11,3,3,3,3
2,9,9,26,0.8,1,2,1,1,1,201.46,1,10,1,3,1,3,10,1,1,2,2
2,9,9,27,0.4,2,1,2,2,1,216.34,1,11,1,1,2,2,14,3,1,3,1
2,9,9,28,0.8,3,2,2,2,1,243.89,1,19,1,1,3,3,15,3,3,2,2
2,9,9,29,0.4,2,2,2,2,1,257.74,1,15,1,1,2,2,17,1,1,2,2
2,9,9,30,0.4,1,3,1,2,0,247.97,1,9,3,1,3,1,16,3,3,1,1
2,9,9,31,1.8,3,1,2,2,1,186.18,1,4,1,1,3,3,5,1,3,1,3
2,9,9,32,0.8,1,3,1,2,0,195.84,1,17,1,3,1,3,5,1,3,3,1
2,9,9,33,0.1,1,1,1,1,1,251.84,1,7,3,3,3,3,16,3,3,3,3
2,9,9,34,1.8,1,3,1,1,1,216.01,1,6,3,3,3,3,2,1,1,3,3
2,9,9,35,0.1,1,2,1,1,1,240.37,1,19,1,1,1,1,20,3,3,2,2
2,9,9,36,1.8,3,3,NaN,NaN,NaN,NaN,NaN,8,3,1,1,3,11,3,1,1,3
2,9,9,37,1.8,3,1,2,2,1,208.82,1,18,3,3,1,1,8,1,1,1,1
2,9,9,38,0.8,1,3,1,1,1,211.83,1,4,3,3,3,3,18,1,3,3,1
2,9,9,39,0.4,1,2,1,1,1,223.19,1,10,1,3,1,3,3,3,1,2,2
2,9,9,40,0.4,2,1,2,2,1,242.6,1,14,1,1,2,2,20,1,1,1,1
2,9,9,41,0.05,1,2,1,1,1,264.94,1,3,3,3,3,3,3,1,3,2,2
2,9,9,42,0.8,1,1,1,1,1,211.48,1,9,3,1,3,1,19,3,3,3,3
2,9,9,43,0.05,3,3,2,2,1,308.42,0,20,3,1,1,3,4,3,1,1,3
2,9,9,44,0.2,1,3,1,1,1,256.68,1,2,3,3,3,3,18,3,3,1,1
2,9,9,45,0.2,1,2,1,1,1,275.83,1,8,1,3,1,3,17,3,3,2,2
2,9,9,46,0.8,3,2,NaN,NaN,NaN,NaN,NaN,2,3,3,1,1,7,3,3,2,2
2,9,9,47,0.2,3,1,2,2,1,229.69,1,2,1,3,3,1,11,1,1,1,1
2,9,9,48,0.2,1,2,1,1,1,214.41,1,8,3,1,3,1,18,3,1,2,2
2,9,9,49,0.4,1,3,1,1,1,212.17,1,5,3,1,3,1,6,1,1,3,3
2,9,9,50,0.8,1,3,1,1,1,350.3,0,9,1,1,1,1,1,1,1,3,3
2,9,9,51,0.4,2,1,2,2,1,358.14,0,14,3,3,2,2,20,3,3,3,3
2,9,9,52,0.05,1,1,1,1,1,259.59,1,2,3,3,3,3,1,3,3,3,3
2,9,9,53,0.2,1,2,1,1,1,207.92,1,5,1,3,1,3,11,1,3,2,2
2,9,9,54,0.8,2,1,2,1,0,196.28,1,20,3,3,2,2,20,3,3,3,3
2,9,9,55,0.1,2,2,2,1,0,225.43,1,12,1,1,2,2,6,1,3,2,2
2,9,9,56,0.05,3,2,2,2,1,264.87,1,20,3,1,1,3,3,1,3,2,2
2,9,9,57,0.05,3,1,2,2,1,293.44,1,19,1,1,3,3,18,1,3,1,3
2,9,9,58,0.1,3,1,2,2,1,312.91,0,7,1,1,3,3,15,3,3,3,3
2,9,9,59,0.1,2,1,2,2,1,323.41,0,14,1,1,2,2,3,3,3,3,3
2,9,9,60,0.05,2,3,2,2,1,279.78,1,16,1,3,2,2,19,1,1,3,3
2,9,9,61,0.8,3,3,2,2,1,182.09,1,12,1,3,3,1,8,3,1,1,3
2,9,9,62,0.05,3,3,2,2,1,273.95,1,16,3,1,1,3,1,1,1,3,3
2,9,9,63,1.8,1,3,1,1,1,234,1,17,3,1,3,1,11,3,1,1,3
2,9,9,64,0.8,3,2,2,2,1,185.06,1,8,3,1,1,3,9,3,1,2,2
2,9,9,65,0.1,3,1,2,2,1,273.78,1,18,1,3,3,1,19,3,1,3,1
2,9,9,66,0.1,1,1,1,1,1,246.26,1,9,3,1,3,1,13,3,3,3,3
2,9,9,67,0.05,2,1,2,1,0,342.83,0,1,1,1,2,2,8,3,1,3,1
2,9,9,68,0.1,3,3,2,2,1,242.67,1,11,1,1,3,3,4,3,1,1,3
2,9,9,69,1.8,2,1,NaN,NaN,NaN,NaN,NaN,4,3,1,2,2,1,3,1,3,1
2,9,9,70,0.05,3,3,2,1,0,282.3,1,12,1,3,3,1,18,3,3,1,1
2,9,9,71,1.8,1,1,1,1,1,183.13,1,11,3,3,3,3,14,1,1,1,1
2,9,9,72,0.2,1,3,1,2,0,240.94,1,17,1,3,1,3,10,3,3,1,1
2,9,9,73,0.2,1,3,1,1,1,227.8,1,7,3,1,3,1,17,1,3,3,1
2,9,9,74,1.8,3,2,2,2,1,197.45,1,3,3,3,1,1,16,3,3,2,2
2,9,9,75,0.4,1,2,1,1,1,264,1,1,3,3,3,3,2,1,1,2,2
2,9,9,76,1.8,2,2,2,2,1,242.14,1,15,3,1,2,2,4,1,1,2,2
2,9,9,77,0.1,1,3,1,1,1,241.83,1,14,3,3,3,3,9,3,1,1,3
2,9,9,78,0.8,1,3,1,1,1,350.63,0,4,1,3,1,3,4,3,3,1,1
2,9,10,1,1.8,1,2,1,1,1,194.05,1,20,3,1,3,1,2,3,1,2,2
2,9,10,2,0.4,3,1,2,2,1,244.57,1,16,3,1,1,3,16,1,1,1,1
2,9,10,3,0.1,1,1,1,1,1,257.73,1,18,3,1,3,1,13,3,3,3,3
2,9,10,4,0.2,1,1,1,1,1,185.65,1,18,1,1,1,1,19,1,3,1,3
2,9,10,5,0.05,2,1,2,1,0,275.01,1,2,1,1,2,2,3,1,1,1,1
2,9,10,6,0.1,1,3,1,1,1,246.64,1,15,1,1,1,1,12,3,3,1,1
2,9,10,7,0.4,3,2,2,2,1,226.31,1,8,3,3,1,1,4,1,3,2,2
2,9,10,8,0.1,2,1,2,2,1,256.44,1,16,1,3,2,2,6,1,3,1,3
2,9,10,9,0.2,3,3,2,2,1,254.13,1,18,1,1,3,3,17,1,3,3,1
2,9,10,10,1.8,2,3,2,2,1,185.27,1,8,3,3,2,2,12,1,3,3,1
2,9,10,11,0.2,3,1,2,2,1,183.16,1,6,3,3,1,1,6,1,1,1,1
2,9,10,12,0.8,1,3,1,1,1,199.08,1,17,3,3,3,3,12,1,3,3,1
2,9,10,13,1.8,1,2,1,1,1,214.73,1,9,3,1,3,1,7,3,1,2,2
2,9,10,14,0.2,3,2,2,2,1,342.39,0,3,3,1,1,3,13,3,1,2,2
2,9,10,15,0.4,3,1,2,2,1,248.88,1,3,1,3,3,1,19,1,1,1,1
2,9,10,16,0.1,1,2,1,1,1,257.23,1,15,1,1,1,1,9,1,1,2,2
2,9,10,17,0.4,1,2,1,1,1,212.78,1,3,1,3,1,3,17,3,1,2,2
2,9,10,18,1.8,2,1,2,2,1,194.53,1,12,1,3,2,2,17,3,3,3,3
2,9,10,19,0.2,2,2,2,2,1,222,1,13,1,3,2,2,15,3,3,2,2
2,9,10,20,1.8,2,1,2,2,1,263.27,1,8,1,3,2,2,6,1,1,1,1
2,9,10,21,0.1,2,3,2,1,0,251.89,1,20,3,3,2,2,20,1,1,3,3
2,9,10,22,0.1,3,2,2,2,1,206.09,1,18,3,3,1,1,13,3,1,2,2
2,9,10,23,0.1,3,1,2,2,1,257.52,1,5,3,3,1,1,17,3,3,3,3
2,9,10,24,0.05,2,3,2,2,1,245.01,1,2,1,3,2,2,11,1,3,3,1
2,9,10,25,0.05,2,1,2,2,1,272.8,1,20,1,1,2,2,13,1,1,1,1
2,9,10,26,0.05,3,3,2,2,1,234.53,1,16,1,1,3,3,6,1,1,3,3
2,9,10,27,0.05,2,3,2,1,0,253.74,1,20,3,1,2,2,6,1,1,3,3
2,9,10,28,0.1,1,3,1,1,1,241.94,1,19,3,3,3,3,5,3,3,1,1
2,9,10,29,1.8,1,3,1,1,1,211.92,1,15,1,3,1,3,17,3,1,1,3
2,9,10,30,0.2,3,2,2,2,1,182.22,1,9,3,1,1,3,4,3,3,2,2
2,9,10,31,0.8,3,1,NaN,NaN,NaN,NaN,NaN,9,1,1,3,3,11,1,1,1,1
2,9,10,32,0.4,3,3,2,2,1,258.71,1,18,3,3,1,1,7,3,3,1,1
2,9,10,33,0.8,1,3,1,1,1,213.03,1,18,3,3,3,3,1,1,3,3,1
2,9,10,34,0.2,1,3,1,1,1,243.41,1,15,1,1,1,1,5,1,3,3,1
2,9,10,35,1.8,1,2,NaN,NaN,NaN,NaN,NaN,8,1,1,1,1,1,3,3,2,2
2,9,10,36,0.4,2,3,2,1,0,225.97,1,17,1,1,2,2,9,3,3,1,1
2,9,10,37,1.8,1,1,1,1,1,197.09,1,12,1,1,1,1,16,1,1,1,1
2,9,10,38,0.8,1,3,1,1,1,223.22,1,13,1,3,1,3,5,3,1,1,3
2,9,10,39,0.2,2,3,2,2,1,263.75,1,13,3,3,2,2,12,3,3,1,1
2,9,10,40,0.2,3,2,2,1,0,266.49,1,12,1,1,3,3,14,1,3,2,2
2,9,10,41,0.4,3,2,2,2,1,223.33,1,17,1,1,3,3,12,3,3,2,2
2,9,10,42,0.1,1,3,1,1,1,304.55,0,14,3,3,3,3,17,1,1,3,3
2,9,10,43,0.4,3,3,2,2,1,258.85,1,13,1,1,3,3,20,1,1,3,3
2,9,10,44,1.8,1,2,1,1,1,209.89,1,3,1,3,1,3,3,1,3,2,2
2,9,10,45,0.4,2,3,2,2,1,276.85,1,4,1,1,2,2,1,3,1,1,3
2,9,10,46,1.8,1,1,1,1,1,209.19,1,11,1,1,1,1,6,1,3,1,3
2,9,10,47,0.2,1,2,1,1,1,239.78,1,20,1,3,1,3,19,3,1,2,2
2,9,10,48,0.8,1,2,1,1,1,205.83,1,15,1,3,1,3,20,3,1,2,2
2,9,10,49,0.05,3,2,2,2,1,261.93,1,19,1,1,3,3,9,3,1,2,2
2,9,10,50,0.8,1,2,1,1,1,186.88,1,3,1,3,1,3,3,3,3,2,2
2,9,10,51,0.8,1,1,1,1,1,212.45,1,10,3,1,3,1,11,3,3,3,3
2,9,10,52,0.2,1,3,1,2,0,287.15,1,11,3,1,3,1,2,3,1,1,3
2,9,10,53,0.05,1,3,1,1,1,257.06,1,11,3,1,3,1,17,1,1,3,3
2,9,10,54,0.4,2,3,2,2,1,265.46,1,2,3,3,2,2,8,1,1,3,3
2,9,10,55,1.8,1,3,1,1,1,207.04,1,12,1,3,1,3,4,3,3,1,1
2,9,10,56,0.1,1,3,1,1,1,287.29,1,3,1,1,1,1,13,1,1,3,3
2,9,10,57,0.4,1,1,1,1,1,235.5,1,11,3,3,3,3,14,3,1,3,1
2,9,10,58,1.8,1,2,1,1,1,207.93,1,14,1,1,1,1,17,1,3,2,2
2,9,10,59,0.8,3,3,2,2,1,279.28,1,2,3,3,1,1,17,3,3,1,1
2,9,10,60,0.1,1,2,1,1,1,258.96,1,5,3,1,3,1,3,1,1,2,2
2,9,10,61,0.05,1,3,1,2,0,274.93,1,13,1,3,1,3,20,1,1,3,3
2,9,10,62,0.05,3,1,2,2,1,318.06,0,4,3,3,1,1,6,1,1,1,1
2,9,10,63,0.1,1,2,1,1,1,279.47,1,13,1,3,1,3,10,3,1,2,2
2,9,10,64,0.8,2,1,2,2,1,197.92,1,9,3,3,2,2,19,1,3,1,3
2,9,10,65,1.8,1,2,NaN,NaN,NaN,NaN,NaN,9,1,1,1,1,10,1,3,2,2
2,9,10,66,0.8,2,2,2,2,1,253.9,1,7,3,3,2,2,3,1,1,2,2
2,9,10,67,0.8,3,1,2,2,1,208.32,1,16,3,1,1,3,17,1,1,1,1
2,9,10,68,0.05,1,3,1,1,1,254.19,1,8,1,3,1,3,7,3,3,1,1
2,9,10,69,0.8,2,3,2,2,1,272.72,1,15,1,1,2,2,9,3,3,1,1
2,9,10,70,0.1,3,2,2,2,1,272.05,1,18,1,1,3,3,3,1,3,2,2
2,9,10,71,0.4,2,2,2,2,1,255.15,1,13,3,1,2,2,16,3,1,2,2
2,9,10,72,0.2,3,2,2,2,1,265.54,1,19,3,1,1,3,11,1,3,2,2
2,9,10,73,0.8,1,2,1,1,1,214.56,1,8,1,3,1,3,12,1,1,2,2
2,9,10,74,0.2,2,1,2,2,1,240.37,1,11,3,3,2,2,20,3,1,3,1
2,9,10,75,0.05,1,3,1,1,1,311.31,0,16,1,3,1,3,5,1,3,3,1
2,9,10,76,0.05,2,3,2,1,0,320.31,0,19,3,3,2,2,8,3,3,1,1
2,9,10,77,0.4,1,1,1,1,1,205.11,1,11,1,1,1,1,17,1,3,1,3
2,9,10,78,0.05,2,2,2,1,0,264.04,1,18,1,3,2,2,5,1,1,2,2
