3,9,1,1,1.8,1,3,1,1,1,207.31,1,15,1,3,1,3,11,3,1,1,3
3,9,1,2,0.8,2,3,2,2,1,227.86,1,20,3,3,2,2,19,1,1,3,3
3,9,1,3,0.05,3,3,2,1,0,316.96,0,11,1,1,3,3,5,3,1,1,3
3,9,1,4,1.8,1,1,1,1,1,231.81,1,19,1,1,1,1,11,3,1,3,1
3,9,1,5,1.8,2,1,2,1,0,196.05,1,3,3,1,2,2,7,1,3,1,3
3,9,1,6,0.2,1,3,1,1,1,213.77,1,15,3,3,3,3,9,3,3,1,1
3,9,1,7,0.2,1,3,1,1,1,213.56,1,11,1,1,1,1,17,1,3,3,1
3,9,1,8,0.4,1,1,1,1,1,212.5,1,11,1,3,1,3,19,3,3,3,3
3,9,1,9,0.2,3,3,2,2,1,200.52,1,15,1,3,3,1,18,3,1,1,3
3,9,1,10,0.8,2,3,2,2,1,223.25,1,10,1,1,2,2,3,1,3,3,1
3,9,1,11,0.05,1,1,1,1,1,271.98,1,20,1,1,1,1,1,3,1,3,1
3,9,1,12,0.05,3,3,2,2,1,260.25,1,10,1,3,3,1,7,1,1,3,3
3,9,1,13,0.8,1,3,1,2,0,256.62,1,1,3,1,3,1,17,1,3,3,1
3,9,1,14,0.4,2,3,2,2,1,210.39,1,12,1,3,2,2,19,3,1,1,3
3,9,1,15,0.4,1,2,1,1,1,204.51,1,19,3,3,3,3,10,3,3,2,2
3,9,1,16,0.2,1,1,1,1,1,225.48,1,3,1,3,1,3,16,3,3,3,3
3,9,1,17,0.4,3,1,2,2,1,213.89,1,20,3,1,1,3,15,3,3,3,3
3,9,1,18,1.8,2,3,2,2,1,177.07,1,5,3,1,2,2,5,3,1,1,3
3,9,1,19,1.8,2,2,2,1,0,216.58,1,12,1,1,2,2,16,3,1,2,2
3,9,1,20,0.05,1,1,1,1,1,246.29,1,7,1,1,1,1,1,1,1,1,1
3,9,1,21,0.4,1,2,1,1,1,225.97,1,12,3,1,3,1,18,1,1,2,2
3,9,1,22,0.4,2,2,2,1,0,191.74,1,1,3,1,2,2,7,3,3,2,2
3,9,1,23,0.8,1,2,1,1,1,218.68,1,5,3,1,3,1,2,3,1,2,2
3,9,1,24,0.4,1,2,1,1,1,210.12,1,2,3,3,3,3,17,1,1,2,2
3,9,1,25,0.8,3,1,2,2,1,213.6,1,7,3,1,1,3,2,3,3,3,3
3,9,1,26,1.8,1,2,1,1,1,205.3,1,8,1,3,1,3,7,1,1,2,2
3,9,1,27,0.8,3,2,2,2,1,227.03,1,20,3,3,1,1,18,3,1,2,2
3,9,1,28,0.2,1,1,1,1,1,216.43,1,6,1,3,1,3,18,1,3,1,3
3,9,1,29,0.8,3,2,2,2,1,259.49,1,2,3,3,1,1,6,1,3,2,2
3,9,1,30,0.05,1,3,1,1,1,292.11,1,6,1,1,1,1,11,1,3,3,1
3,9,1,31,1.8,1,2,1,1,1,215.46,1,18,3,1,3,1,14,3,3,2,2
3,9,1,32,0.1,2,1,2,2,1,289.25,1,18,3,1,2,2,9,3,1,3,1
3,9,1,33,0.2,3,3,2,2,1,230.29,1,7,3,1,1,3,6,3,3,1,1
3,9,1,34,0.1,1,3,1,1,1,270.48,1,1,1,3,1,3,14,3,1,1,3
3,9,1,35,0.05,1,1,1,1,1,313.8,0,17,3,1,3,1,8,1,1,1,1
3,9,1,36,0.8,3,3,2,2,1,233.09,1,19,3,3,1,1,16,3,3,1,1
3,9,1,37,0.1,1,3,1,1,1,202.19,1,11,1,1,1,1,17,3,1,1,3
3,9,1,38,0.1,3,1,2,2,1,244.51,1,2,1,1,3,3,9,1,1,1,1
3,9,1,39,0.8,1,3,1,1,1,231.02,1,8,1,1,1,1,20,1,1,3,3
3,9,1,40,0.4,1,2,1,1,1,213.07,1,15,1,3,1,3,16,3,1,2,2
3,9,1,41,0.05,3,3,2,2,1,283.01,1,12,3,1,1,3,15,1,1,3,3
3,9,1,42,0.1,3,1,2,2,1,273.14,1,9,1,1,3,3,4,3,1,3,1
3,9,1,43,0.1,1,2,1,1,1,250.27,1,1,3,3,3,3,12,1,1,2,2
3,9,1,44,0.05,2,3,2,1,0,310.54,0,12,1,1,2,2,10,1,3,3,1
3,9,1,45,1.8,1,2,1,1,1,206.62,1,13,1,3,1,3,20,1,3,2,2
3,9,1,46,1.8,1,1,1,1,1,195.55,1,9,3,1,3,1,7,3,1,3,1
3,9,1,47,0.05,3,2,2,2,1,268.02,1,6,1,1,3,3,10,1,3,2,2
3,9,1,48,0.8,1,2,1,1,1,212.77,1,20,3,3,3,3,13,1,1,2,2
3,9,1,49,0.8,1,2,1,1,1,209.69,1,9,3,3,3,3,19,1,3,2,2
3,9,1,50,0.1,1,2,1,1,1,274.63,1,13,1,3,1,3,9,3,3,2,2
3,9,1,51,0.1,1,2,1,1,1,196,1,9,1,1,1,1,15,1,1,2,2
3,9,1,52,0.1,1,1,1,1,1,143.33,1,3,1,1,1,1,19,1,1,1,1
3,9,1,53,0.05,3,2,2,1,0,240.6,1,10,1,1,3,3,7,1,1,2,2
3,9,1,54,0.1,2,1,2,1,0,253.45,1,15,3,1,2,2,14,3,3,3,3
3,9,1,55,0.4,2,3,2,2,1,206.72,1,6,1,3,2,2,20,1,1,3,3
3,9,1,56,0.2,2,2,2,2,1,214.8,1,14,3,1,2,2,8,3,3,2,2
3,9,1,57,0.4,1,2,1,1,1,241.41,1,17,1,3,1,3,16,3,1,2,2
3,9,1,58,0.1,1,3,1,2,0,262.61,1,13,3,3,3,3,3,1,3,3,1
3,9,1,59,1.8,1,1,1,1,1,241.71,1,19,1,3,1,3,14,1,1,1,1
3,9,1,60,0.2,1,3,1,1,1,250.02,1,14,1,1,1,1,10,3,1,1,3
3,9,1,61,0.4,2,2,2,2,1,217.7,1,14,1,1,2,2,6,1,1,2,2
3,9,1,62,0.8,2,1,2,2,1,211.23,1,8,1,1,2,2,15,3,3,3,3
3,9,1,63,0.05,1,2,1,1,1,313.37,0,16,3,1,3,1,11,1,1,2,2
3,9,1,64,0.1,2,3,2,2,1,313.96,0,17,1,1,2,2,3,1,3,3,1
3,9,1,65,1.8,3,3,2,2,1,210.8,1,9,1,3,3,1,18,1,1,3,3
3,9,1,66,0.1,1,2,1,1,1,215.81,1,16,3,1,3,1,12,3,1,2,2
3,9,1,67,0.8,2,2,2,1,0,246.2,1,12,1,1,2,2,17,3,1,2,2
3,9,1,68,0.2,2,2,2,1,0,265.2,1,9,1,1,2,2,5,3,1,2,2
3,9,1,69,0.2,2,2,2,1,0,211.85,1,1,1,1,2,2,11,3,3,2,2
3,9,1,70,0.4,2,3,2,2,1,81.124,2,5,3,1,2,2,16,3,3,1,1
3,9,1,71,0.2,1,1,1,1,1,228.87,1,14,1,1,1,1,4,3,3,3,3
3,9,1,72,1.8,3,3,2,2,1,245.15,1,4,1,3,3,1,14,1,1,3,3
3,9,1,73,0.05,3,2,2,2,1,247.05,1,9,1,1,3,3,16,3,1,2,2
3,9,1,74,0.2,3,1,2,2,1,280.77,1,17,3,3,1,1,1,1,3,1,3
3,9,1,75,0.2,1,1,1,1,1,270.41,1,3,3,1,3,1,7,1,1,1,1
3,9,1,76,0.4,2,3,2,1,0,213.68,1,10,1,1,2,2,15,3,1,1,3
3,9,1,77,0.05,3,3,2,2,1,343.4,0,17,1,3,3,1,1,3,3,1,1
3,9,1,78,1.8,1,1,1,1,1,215.01,1,4,3,1,3,1,2,3,3,3,3
3,9,2,1,0.05,2,2,2,2,1,366.28,0,19,1,3,2,2,6,1,1,2,2
3,9,2,2,0.8,1,1,1,1,1,247.23,1,19,1,3,1,3,15,1,1,1,1
3,9,2,3,0.4,1,1,1,1,1,262.57,1,6,1,3,1,3,12,1,3,1,3
3,9,2,4,0.2,3,1,2,2,1,206.92,1,2,1,1,3,3,7,3,3,3,3
3,9,2,5,0.2,1,2,1,1,1,213.25,1,17,1,3,1,3,2,3,1,2,2
3,9,2,6,0.4,1,3,1,1,1,210.11,1,12,1,3,1,3,19,3,1,1,3
3,9,2,7,0.4,1,2,1,1,1,206.81,1,17,1,1,1,1,6,1,3,2,2
3,9,2,8,0.1,3,2,2,2,1,256.39,1,9,1,1,3,3,3,3,3,2,2
3,9,2,9,0.4,2,3,2,2,1,258.02,1,20,1,1,2,2,1,3,3,1,1
3,9,2,10,0.8,2,3,2,2,1,237.45,1,4,1,3,2,2,13,1,1,3,3
3,9,2,11,0.05,1,1,1,1,1,261.96,1,3,1,3,1,3,14,1,3,1,3
3,9,2,12,1.8,1,2,1,1,1,227.85,1,19,3,3,3,3,16,3,3,2,2
3,9,2,13,0.2,2,3,2,2,1,268.94,1,5,1,3,2,2,13,3,1,1,3
3,9,2,14,0.2,3,3,2,2,1,329.97,0,12,1,1,3,3,17,1,1,3,3
3,9,2,15,1.8,3,2,2,2,1,210.41,1,15,3,3,1,1,4,1,1,2,2
3,9,2,16,0.8,1,2,1,1,1,245.47,1,17,3,1,3,1,14,3,3,2,2
3,9,2,17,0.8,1,1,1,1,1,252.91,1,20,3,3,3,3,4,3,1,3,1
3,9,2,18,1.8,1,2,1,1,1,233.49,1,12,1,3,1,3,3,1,3,2,2
3,9,2,19,0.2,1,1,1,1,1,241.82,1,10,3,1,3,1,19,1,1,1,1
3,9,2,20,0.1,1,1,1,1,1,231.09,1,20,3,1,3,1,18,1,3,1,3
3,9,2,21,0.4,1,1,1,1,1,206.98,1,16,1,1,1,1,7,1,3,1,3
3,9,2,22,0.1,1,2,1,1,1,197.68,1,10,3,1,3,1,19,1,1,2,2
3,9,2,23,0.4,1,2,1,1,1,212.97,1,2,3,3,3,3,8,3,3,2,2
3,9,2,24,0.1,3,2,2,2,1,273,1,20,3,3,1,1,2,1,3,2,2
3,9,2,25,0.1,3,3,2,2,1,241.08,1,10,1,1,3,3,5,3,1,1,3
3,9,2,26,0.1,2,3,2,2,1,307.39,0,10,1,1,2,2,16,1,1,3,3
3,9,2,27,1.8,2,1,2,1,0,208.43,1,20,1,1,2,2,10,3,1,3,1
3,9,2,28,0.8,2,1,2,2,1,257.44,1,19,1,3,2,2,10,1,1,1,1
3,9,2,29,0.8,1,3,1,1,1,223.77,1,14,1,1,1,1,9,3,3,1,1
3,9,2,30,0.8,2,3,2,1,0,216.63,1,4,1,3,2,2,14,1,1,3,3
3,9,2,31,0.05,3,3,2,2,1,275.28,1,6,1,1,3,3,4,3,3,1,1
3,9,2,32,0.2,1,1,1,1,1,229.37,1,15,1,3,1,3,3,1,1,1,1
3,9,2,33,0.4,3,3,2,2,1,221.22,1,2,3,3,1,1,7,1,1,3,3
3,9,2,34,0.4,1,3,1,1,1,218.54,1,16,1,3,1,3,1,1,3,3,1
3,9,2,35,1.8,1,3,1,1,1,268.84,1,16,1,3,1,3,5,3,3,1,1
3,9,2,36,0.2,3,3,2,2,1,268.67,1,2,1,3,3,1,13,3,3,1,1
3,9,2,37,0.05,1,1,1,1,1,325.95,0,19,1,3,1,3,20,1,3,1,3
3,9,2,38,0.2,1,2,1,1,1,224.77,1,1,1,1,1,1,1,1,3,2,2
3,9,2,39,0.8,2,2,2,2,1,211.03,1,11,3,3,2,2,2,3,3,2,2
3,9,2,40,0.1,1,2,1,1,1,263.66,1,8,3,3,3,3,16,3,3,2,2
3,9,2,41,1.8,3,2,2,2,1,207.84,1,19,3,1,1,3,19,1,1,2,2
3,9,2,42,0.1,1,2,1,1,1,268.44,1,20,3,3,3,3,8,1,1,2,2
3,9,2,43,0.8,3,3,2,2,1,217.25,1,20,3,1,1,3,10,1,1,3,3
3,9,2,44,0.4,1,2,1,1,1,211.33,1,8,1,1,1,1,6,3,3,2,2
3,9,2,45,0.8,3,2,2,2,1,224.58,1,16,1,1,3,3,18,3,1,2,2
3,9,2,46,0.05,1,1,1,1,1,254.17,1,20,1,1,1,1,1,3,3,3,3
3,9,2,47,0.05,2,2,2,1,0,278.37,1,3,1,3,2,2,4,1,1,2,2
3,9,2,48,0.4,2,2,2,2,1,231.03,1,5,3,1,2,2,12,1,1,2,2
3,9,2,49,0.8,2,1,2,2,1,294.11,1,13,1,1,2,2,13,3,3,3,3
3,9,2,50,0.05,1,2,1,1,1,240.63,1,7,3,3,3,3,18,3,1,2,2
3,9,2,51,1.8,1,3,1,1,1,224.85,1,17,1,3,1,3,7,1,3,3,1
3,9,2,52,0.1,2,2,2,2,1,285.08,1,15,1,1,2,2,4,3,3,2,2
3,9,2,53,0.1,1,1,1,1,1,198.65,1,12,3,3,3,3,15,1,3,1,3
3,9,2,54,0.1,1,2,1,1,1,154.82,1,3,3,3,3,3,8,1,1,2,2
3,9,2,55,0.2,1,2,1,1,1,242.61,1,19,3,3,3,3,6,1,1,2,2
3,9,2,56,1.8,2,2,2,2,1,234.48,1,3,3,3,2,2,10,1,1,2,2
3,9,2,57,0.8,2,1,2,2,1,240.22,1,13,1,3,2,2,13,3,3,3,3
3,9,2,58,0.4,2,1,2,1,0,248.62,1,12,1,1,2,2,3,3,1,3,1
3,9,2,59,0.05,1,2,1,1,1,354,0,10,1,3,1,3,19,3,3,2,2
3,9,2,60,0.4,1,2,1,1,1,239.94,1,1,3,1,3,1,12,1,1,2,2
3,9,2,61,1.8,3,2,2,2,1,240.5,1,18,1,3,3,1,16,3,1,2,2
3,9,2,62,1.8,1,2,1,1,1,234.53,1,1,3,1,3,1,3,1,1,2,2
3,9,2,63,0.2,1,2,1,1,1,237.25,1,14,1,1,1,1,6,3,1,2,2
3,9,2,64,0.05,3,1,2,2,1,310.1,0,3,1,3,3,1,3,1,1,1,1
3,9,2,65,1.8,2,2,2,1,0,241.92,1,19,3,3,2,2,1,1,3,2,2
3,9,2,66,0.05,3,3,2,2,1,299.4,1,14,1,3,3,1,19,1,1,3,3
3,9,2,67,0.2,2,2,2,2,1,244.88,1,2,1,1,2,2,20,3,3,2,2
3,9,2,68,0.1,1,1,1,1,1,280.7,1,11,3,3,3,3,10,3,3,3,3
3,9,2,69,1.8,2,1,2,2,1,224.46,1,8,1,3,2,2,5,3,1,3,1
3,9,2,70,0.05,2,3,2,2,1,342.96,0,5,3,3,2,2,4,3,1,1,3
3,9,2,71,0.2,1,2,1,2,0,305.62,0,11,3,3,3,3,1,1,3,2,2
3,9,2,72,0.05,3,1,2,2,1,344.41,0,7,3,3,1,1,1,3,1,3,1
3,9,2,73,0.2,1,1,1,1,1,75.61,2,10,1,1,1,1,13,1,3,1,3
3,9,2,74,0.4,3,3,2,2,1,225.84,1,12,3,1,1,3,8,1,1,3,3
3,9,2,75,0.1,1,2,1,1,1,321.02,0,16,3,1,3,1,7,3,1,2,2
3,9,2,76,1.8,2,1,2,1,0,213.05,1,4,1,1,2,2,20,3,3,3,3
3,9,2,77,0.8,1,3,1,1,1,238.88,1,2,3,3,3,3,10,3,1,1,3
3,9,2,78,0.05,3,1,2,2,1,302.29,0,1,3,3,1,1,7,1,1,1,1
3,9,3,1,0.4,3,3,2,2,1,374.11,0,1,1,3,3,1,19,3,1,1,3
3,9,3,2,0.4,3,2,2,2,1,200.98,1,8,3,3,1,1,4,1,3,2,2
3,9,3,3,0.4,2,3,2,1,0,225.43,1,19,1,3,2,2,15,3,3,1,1
3,9,3,4,0.2,2,2,2,1,0,268.7,1,1,3,1,2,2,3,3,1,2,2
3,9,3,5,0.1,1,3,1,1,1,239.34,1,9,3,3,3,3,13,1,1,3,3
3,9,3,6,1.8,3,3,2,2,1,224.41,1,18,3,1,1,3,13,1,1,3,3
3,9,3,7,1.8,1,1,1,1,1,246.15,1,15,1,3,1,3,17,1,3,1,3
3,9,3,8,0.4,1,2,1,2,0,264.98,1,18,3,3,3,3,6,1,1,2,2
3,9,3,9,0.05,1,2,1,1,1,311.09,0,7,1,1,1,1,2,3,1,2,2
3,9,3,10,0.2,1,1,1,1,1,284.83,1,10,1,1,1,1,4,3,1,3,1
3,9,3,11,0.2,3,3,2,2,1,279.08,1,8,1,1,3,3,7,1,3,3,1
3,9,3,12,1.8,1,2,1,1,1,226.59,1,4,1,3,1,3,8,3,1,2,2
3,9,3,13,0.1,1,2,1,1,1,269.33,1,13,1,1,1,1,16,3,1,2,2
3,9,3,14,0.4,1,3,1,1,1,244.25,1,20,3,3,3,3,18,1,3,3,1
3,9,3,15,0.05,2,1,2,2,1,292,1,18,3,1,2,2,5,3,1,3,1
3,9,3,16,0.2,3,1,2,2,1,248.75,1,20,3,3,1,1,1,3,3,3,3
3,9,3,17,1.8,1,1,1,1,1,283.96,1,2,3,3,3,3,17,3,3,3,3
3,9,3,18,0.2,1,2,1,1,1,272.35,1,18,3,3,3,3,2,1,1,2,2
3,9,3,19,0.2,1,3,1,1,1,304.55,0,10,3,1,3,1,3,3,1,1,3
3,9,3,20,0.1,1,3,1,1,1,307.48,0,14,1,3,1,3,7,3,1,1,3
3,9,3,21,0.8,2,3,2,2,1,248.99,1,20,1,1,2,2,14,3,1,1,3
3,9,3,22,0.05,3,2,2,2,1,315.14,0,20,3,3,1,1,12,1,1,2,2
3,9,3,23,1.8,1,3,1,1,1,229,1,5,3,3,3,3,12,1,1,3,3
3,9,3,24,0.2,1,3,1,1,1,267.83,1,1,3,1,3,1,6,1,3,3,1
3,9,3,25,0.05,2,3,2,1,0,354.2,0,8,3,1,2,2,18,1,1,3,3
3,9,3,26,0.2,2,3,2,2,1,231.84,1,13,1,3,2,2,10,3,1,1,3
3,9,3,27,0.4,1,1,1,1,1,255.23,1,10,3,1,3,1,12,1,1,1,1
3,9,3,28,1.8,2,1,2,2,1,211.52,1,16,1,1,2,2,19,1,1,1,1
3,9,3,29,0.2,3,3,2,2,1,247.97,1,8,3,3,1,1,16,1,3,3,1
3,9,3,30,0.05,1,2,1,2,0,371.87,0,16,1,3,1,3,12,1,1,2,2
3,9,3,31,0.8,1,3,1,1,1,268.78,1,2,3,3,3,3,1,1,1,3,3
3,9,3,32,1.8,1,3,1,1,1,219.68,1,8,3,1,3,1,10,1,3,3,1
3,9,3,33,0.4,2,1,2,2,1,302.16,0,16,1,1,2,2,9,1,3,1,3
3,9,3,34,0.8,3,1,2,2,1,270.9,1,1,1,1,3,3,11,1,1,1,1
3,9,3,35,1.8,2,3,2,2,1,196.96,1,14,3,1,2,2,6,3,3,1,1
3,9,3,36,0.8,1,3,1,1,1,257.25,1,8,1,1,1,1,6,3,3,1,1
3,9,3,37,0.05,2,2,2,2,1,303.18,0,18,1,1,2,2,19,3,1,2,2
3,9,3,38,0.8,1,3,1,1,1,235.87,1,10,3,3,3,3,2,3,3,1,1
3,9,3,39,0.1,1,2,1,1,1,245.59,1,14,3,3,3,3,8,3,1,2,2
3,9,3,40,0.2,3,2,2,2,1,241.94,1,20,3,3,1,1,5,3,1,2,2
3,9,3,41,1.8,3,1,2,2,1,228.61,1,13,3,1,1,3,12,3,1,3,1
3,9,3,42,0.1,3,1,2,2,1,306.35,0,6,1,1,3,3,20,3,3,3,3
3,9,3,43,1.8,3,2,2,2,1,279.47,1,15,3,3,1,1,2,3,1,2,2
3,9,3,44,0.8,1,3,1,1,1,244.33,1,19,3,1,3,1,9,3,3,1,1
3,9,3,45,0.1,1,1,1,1,1,272.62,1,1,3,3,3,3,2,1,1,1,1
3,9,3,46,0.05,3,1,2,2,1,291.7,1,5,1,1,3,3,16,1,3,1,3
3,9,3,47,0.05,3,1,2,2,1,280.11,1,16,3,1,1,3,1,1,3,1,3
3,9,3,48,0.4,1,3,1,1,1,233.57,1,15,1,1,1,1,14,1,1,3,3
3,9,3,49,0.2,1,1,1,1,1,208.11,1,15,3,3,3,3,13,3,3,3,3
3,9,3,50,0.8,3,2,2,2,1,256.48,1,4,1,1,3,3,12,1,1,2,2
3,9,3,51,0.4,3,3,2,2,1,240.68,1,11,1,1,3,3,5,1,3,3,1
3,9,3,52,0.1,3,1,2,2,1,510.44,0,12,1,3,3,1,10,3,1,3,1
3,9,3,53,0.8,1,2,1,1,1,237.17,1,5,3,1,3,1,18,3,3,2,2
3,9,3,54,1.8,1,3,1,1,1,235.07,1,20,3,1,3,1,4,3,1,1,3
3,9,3,55,0.1,3,1,2,2,1,235.78,1,20,3,3,1,1,5,1,3,1,3
3,9,3,56,0.2,2,3,2,1,0,305.59,0,6,1,3,2,2,14,3,1,1,3
3,9,3,57,0.8,1,3,1,1,1,226.69,1,16,1,1,1,1,19,1,3,3,1
3,9,3,58,0.8,1,2,1,1,1,245.24,1,15,1,1,1,1,12,3,3,2,2
3,9,3,59,1.8,2,2,2,1,0,251.7,1,1,3,1,2,2,14,1,1,2,2
3,9,3,60,0.05,1,2,1,1,1,256.39,1,8,1,1,1,1,2,1,3,2,2
3,9,3,61,1.8,1,2,1,1,1,192.25,1,7,3,1,3,1,9,3,1,2,2
3,9,3,62,0.1,2,2,2,1,0,229.12,1,15,1,3,2,2,15,1,3,2,2
3,9,3,63,0.2,1,3,1,1,1,245.46,1,7,3,1,3,1,9,3,3,1,1
3,9,3,64,0.1,1,3,1,1,1,191.97,1,17,1,1,1,1,8,1,1,3,3
3,9,3,65,0.05,2,1,2,1,0,251.7,1,10,3,1,2,2,13,3,3,3,3
3,9,3,66,0.4,3,3,2,2,1,220.33,1,6,3,3,1,1,19,3,3,1,1
3,9,3,67,0.05,1,3,1,1,1,264.4,1,9,1,3,1,3,8,3,3,1,1
3,9,3,68,0.1,1,2,1,1,1,174.38,1,19,1,3,1,3,7,1,3,2,2
3,9,3,69,0.05,1,2,1,1,1,315.41,0,8,3,1,3,1,7,1,1,2,2
3,9,3,70,0.8,1,1,1,1,1,223.64,1,12,1,3,1,3,9,1,1,1,1
3,9,3,71,0.4,1,2,NaN,NaN,NaN,NaN,NaN,11,1,1,1,1,9,1,3,2,2
3,9,3,72,0.4,1,2,1,1,1,261.75,1,13,3,3,3,3,15,3,1,2,2
3,9,3,73,0.4,2,3,2,2,1,284.99,1,10,1,3,2,2,4,1,1,3,3
3,9,3,74,0.05,1,1,1,1,1,284.07,1,5,1,3,1,3,5,3,1,3,1
3,9,3,75,0.8,1,3,1,1,1,268.47,1,13,3,1,3,1,4,3,1,1,3
3,9,3,76,0.8,1,1,NaN,NaN,NaN,NaN,NaN,3,1,1,1,1,1,3,3,3,3
3,9,3,77,0.1,1,3,1,1,1,328.98,0,11,3,1,3,1,18,1,3,3,1
3,9,3,78,0.1,2,2,2,1,0,257.59,1,12,1,3,2,2,11,1,1,2,2
3,9,4,1,0.8,3,2,2,2,1,271.04,1,10,3,1,1,3,8,1,3,2,2
3,9,4,2,1.8,3,2,2,2,1,279.04,1,12,1,3,3,1,6,1,3,2,2
3,9,4,3,0.1,3,2,2,2,1,287.88,1,6,3,3,1,1,14,1,3,2,2
3,9,4,4,0.1,3,2,2,2,1,766.4,0,5,3,3,1,1,16,1,3,2,2
3,9,4,5,0.1,3,1,2,2,1,323.44,0,12,3,1,1,3,7,3,1,3,1
3,9,4,6,0.05,3,1,2,2,1,267.02,1,8,3,3,1,1,12,3,3,3,3
3,9,4,7,0.2,2,3,2,2,1,157.14,1,20,3,1,2,2,6,3,3,1,1
3,9,4,8,0.1,3,3,2,2,1,217.51,1,10,1,3,3,1,7,3,3,1,1
3,9,4,9,1.8,1,3,1,1,1,224.15,1,3,3,3,3,3,18,1,1,3,3
3,9,4,10,0.4,1,2,1,1,1,265.75,1,16,3,3,3,3,4,3,1,2,2
3,9,4,11,0.8,1,1,1,1,1,442.42,0,8,3,3,3,3,2,1,1,1,1
3,9,4,12,0.8,2,3,2,2,1,249.87,1,13,1,1,2,2,17,1,1,3,3
3,9,4,13,0.2,1,1,1,1,1,210.97,1,10,1,3,1,3,10,1,1,1,1
3,9,4,14,0.4,1,1,1,1,1,279.43,1,19,1,1,1,1,3,3,3,3,3
3,9,4,15,0.4,1,1,1,1,1,197.6,1,12,3,1,3,1,4,1,1,1,1
3,9,4,16,0.1,1,2,1,1,1,242.38,1,10,1,1,1,1,4,1,3,2,2
3,9,4,17,0.05,1,3,1,2,0,302.96,0,20,1,3,1,3,19,1,3,3,1
3,9,4,18,0.2,3,3,2,2,1,151.55,1,15,3,1,1,3,5,1,3,3,1
3,9,4,19,0.4,2,3,2,2,1,233.61,1,6,1,1,2,2,1,3,1,1,3
3,9,4,20,0.2,1,3,1,1,1,240.56,1,18,1,3,1,3,3,3,3,1,1
3,9,4,21,0.05,3,3,2,2,1,327.58,0,1,3,3,1,1,10,1,1,3,3
3,9,4,22,0.8,1,3,1,2,0,212.44,1,15,1,1,1,1,12,3,1,1,3
3,9,4,23,1.8,2,1,2,1,0,164.57,1,2,1,3,2,2,12,3,3,3,3
3,9,4,24,0.8,3,2,2,2,1,268.23,1,3,3,3,1,1,12,3,3,2,2
3,9,4,25,0.4,1,2,1,1,1,270.81,1,6,1,3,1,3,16,1,3,2,2
3,9,4,26,1.8,3,2,2,2,1,264.69,1,1,1,3,3,1,10,3,1,2,2
3,9,4,27,0.05,3,2,2,2,1,322.23,0,7,3,1,1,3,12,1,1,2,2
3,9,4,28,0.05,3,2,2,2,1,301.66,0,7,3,3,1,1,10,1,1,2,2
3,9,4,29,0.05,2,2,2,2,1,283.88,1,13,1,3,2,2,7,3,1,2,2
3,9,4,30,0.4,3,3,2,2,1,242.78,1,18,1,3,3,1,5,1,1,3,3
3,9,4,31,0.1,2,2,2,2,1,282.97,1,7,1,3,2,2,14,1,1,2,2
3,9,4,32,1.8,1,1,1,1,1,233.42,1,10,1,3,1,3,13,3,1,3,1
3,9,4,33,0.2,3,2,2,2,1,254.55,1,6,1,1,3,3,5,1,3,2,2
3,9,4,34,0.2,2,2,2,2,1,290.71,1,12,3,1,2,2,19,1,3,2,2
3,9,4,35,0.4,1,2,1,1,1,231.5,1,18,1,3,1,3,16,1,3,2,2
3,9,4,36,0.1,2,1,2,2,1,283.86,1,2,1,1,2,2,6,3,3,3,3
3,9,4,37,1.8,1,3,1,1,1,235.2,1,17,3,1,3,1,11,3,3,1,1
3,9,4,38,0.4,2,3,2,2,1,223.19,1,12,3,3,2,2,2,3,1,1,3
3,9,4,39,1.8,1,1,1,1,1,214.24,1,10,1,1,1,1,13,3,1,3,1
3,9,4,40,0.1,3,3,2,2,1,268.42,1,11,3,1,1,3,8,3,3,1,1
3,9,4,41,0.2,1,3,1,1,1,255.79,1,19,3,1,3,1,12,3,1,1,3
3,9,4,42,0.8,1,2,1,1,1,227.66,1,13,3,3,3,3,7,3,1,2,2
3,9,4,43,0.2,1,2,1,1,1,301.22,0,5,1,3,1,3,3,3,3,2,2
3,9,4,44,0.8,1,3,1,1,1,254.45,1,5,3,3,3,3,19,1,3,3,1
3,9,4,45,0.4,3,2,2,2,1,284.29,1,3,1,3,3,1,9,3,3,2,2
3,9,4,46,0.4,1,1,1,1,1,219.03,1,12,1,1,1,1,1,1,1,1,1
3,9,4,47,0.2,2,1,2,2,1,219.47,1,11,1,3,2,2,20,1,3,1,3
3,9,4,48,0.05,3,1,2,2,1,456.79,0,13,3,3,1,1,17,3,3,3,3
3,9,4,49,0.1,3,2,2,2,1,265.08,1,2,1,3,3,1,14,1,1,2,2
3,9,4,50,0.05,1,2,1,1,1,387.59,0,7,1,3,1,3,11,1,3,2,2
3,9,4,51,0.8,1,2,1,1,1,255.48,1,19,3,3,3,3,3,3,3,2,2
3,9,4,52,0.8,1,3,1,1,1,228.64,1,10,1,1,1,1,8,1,3,3,1
3,9,4,53,0.1,2,2,2,2,1,233.56,1,6,1,1,2,2,5,3,1,2,2
3,9,4,54,0.05,2,2,2,2,1,301.18,0,20,1,1,2,2,18,3,3,2,2
3,9,4,55,0.8,3,1,2,2,1,272.18,1,16,1,3,3,1,7,3,3,3,3
3,9,4,56,0.4,3,3,2,2,1,222.17,1,6,1,3,3,1,13,1,1,3,3
3,9,4,57,0.1,1,3,1,2,0,274.46,1,7,3,1,3,1,3,3,3,1,1
3,9,4,58,0.8,2,2,NaN,NaN,NaN,NaN,NaN,15,3,1,2,2,13,3,3,2,2
3,9,4,59,0.05,3,3,2,2,1,307.48,0,6,3,1,1,3,5,1,3,3,1
3,9,4,60,1.8,3,2,2,2,1,206.17,1,5,1,3,3,1,15,1,1,2,2
3,9,4,61,0.05,3,2,2,2,1,261.93,1,14,3,1,1,3,18,3,3,2,2
3,9,4,62,0.8,1,3,1,1,1,234.18,1,20,1,3,1,3,12,1,1,3,3
3,9,4,63,0.4,3,2,2,2,1,239.27,1,18,3,3,1,1,11,3,3,2,2
3,9,4,64,1.8,1,2,1,1,1,185.97,1,7,1,3,1,3,2,3,1,2,2
3,9,4,65,1.8,2,2,NaN,NaN,NaN,NaN,NaN,2,1,3,2,2,18,3,1,2,2
3,9,4,66,0.2,1,1,1,2,0,267.13,1,2,1,3,1,3,15,1,1,1,1
3,9,4,67,1.8,1,1,NaN,NaN,NaN,NaN,NaN,14,1,1,1,1,6,3,3,3,3
3,9,4,68,1.8,3,1,2,2,1,220.56,1,2,3,1,1,3,13,3,1,3,1
3,9,4,69,0.2,3,1,2,2,1,219.75,1,2,3,3,1,1,2,1,3,1,3
3,9,4,70,0.05,2,2,2,2,1,324,0,19,1,3,2,2,11,3,1,2,2
3,9,4,71,0.2,2,1,2,2,1,253.89,1,17,3,3,2,2,15,3,1,3,1
3,9,4,72,0.05,1,3,1,1,1,354.04,0,11,3,3,3,3,19,3,3,1,1
3,9,4,73,0.4,2,2,2,1,0,222.53,1,3,1,3,2,2,7,1,3,2,2
3,9,4,74,0.1,1,2,1,1,1,284.74,1,7,1,1,1,1,12,1,1,2,2
3,9,4,75,0.2,3,1,2,2,1,261.65,1,15,3,3,1,1,17,3,3,3,3
3,9,4,76,1.8,1,2,1,1,1,230.2,1,8,1,3,1,3,18,3,1,2,2
3,9,4,77,0.8,3,2,2,2,1,236.07,1,17,3,1,1,3,5,3,1,2,2
3,9,4,78,0.1,1,3,1,2,0,308.66,0,18,3,1,3,1,7,1,3,3,1
3,9,5,1,0.4,1,2,1,2,0,303.68,0,9,3,1,3,1,13,3,1,2,2
3,9,5,2,1.8,3,3,2,2,1,227.9,1,9,3,3,1,1,4,1,1,3,3
3,9,5,3,0.4,3,3,2,2,1,326.84,0,11,3,3,1,1,2,3,1,1,3
3,9,5,4,0.1,3,1,2,2,1,290.05,1,19,3,1,1,3,14,1,1,1,1
3,9,5,5,0.8,1,1,1,1,1,275.51,1,14,1,1,1,1,8,1,3,1,3
3,9,5,6,1.8,2,2,2,2,1,244.49,1,1,1,3,2,2,14,1,1,2,2
3,9,5,7,0.8,1,2,1,1,1,555.45,0,2,1,1,1,1,6,1,1,2,2
3,9,5,8,0.1,1,3,1,1,1,345.04,0,16,1,1,1,1,2,3,3,1,1
3,9,5,9,0.2,1,2,1,1,1,159.31,1,3,1,1,1,1,3,1,1,2,2
3,9,5,10,1.8,1,1,1,1,1,229.06,1,2,3,1,3,1,3,1,1,1,1
3,9,5,11,1.8,2,1,2,2,1,173.16,1,9,1,3,2,2,14,1,3,1,3
3,9,5,12,0.4,3,2,2,2,1,369.14,0,2,1,3,3,1,20,1,1,2,2
3,9,5,13,1.8,1,3,1,1,1,271.88,1,9,3,3,3,3,14,1,3,3,1
3,9,5,14,0.8,1,2,NaN,NaN,NaN,NaN,NaN,3,3,1,3,1,2,1,1,2,2
3,9,5,15,0.4,1,2,1,1,1,300.27,0,18,1,1,1,1,3,1,1,2,2
3,9,5,16,0.2,2,1,2,2,1,255.69,1,6,1,1,2,2,2,3,1,3,1
3,9,5,17,0.8,2,1,2,2,1,283.23,1,16,1,3,2,2,10,3,1,3,1
3,9,5,18,0.05,1,1,1,1,1,268.5,1,18,1,3,1,3,17,1,1,1,1
3,9,5,19,0.2,1,1,1,1,1,151.41,1,2,1,1,1,1,9,1,1,1,1
3,9,5,20,0.1,2,2,2,1,0,257.76,1,10,3,1,2,2,18,3,1,2,2
3,9,5,21,0.8,1,2,NaN,NaN,NaN,NaN,NaN,13,3,3,3,3,7,1,1,2,2
3,9,5,22,0.1,1,1,1,1,1,242.77,1,17,1,1,1,1,4,3,1,3,1
3,9,5,23,0.1,3,1,2,2,1,289.16,1,4,3,1,1,3,1,1,3,1,3
3,9,5,24,0.1,2,2,2,2,1,248.8,1,11,1,3,2,2,8,1,3,2,2
3,9,5,25,0.05,1,2,1,2,0,278.33,1,18,1,3,1,3,7,1,3,2,2
3,9,5,26,0.1,3,3,2,2,1,251.54,1,20,3,3,1,1,9,1,1,3,3
3,9,5,27,0.1,3,1,2,1,0,276.37,1,13,3,1,1,3,20,3,3,3,3
3,9,5,28,0.05,1,2,1,1,1,294.13,1,14,3,1,3,1,3,1,3,2,2
3,9,5,29,0.8,2,3,2,2,1,214.16,1,14,3,1,2,2,12,1,3,3,1
3,9,5,30,0.05,2,3,2,2,1,324.18,0,9,3,1,2,2,8,3,3,1,1
3,9,5,31,1.8,3,2,2,2,1,200.5,1,8,1,3,3,1,6,1,3,2,2
3,9,5,32,0.8,1,3,1,1,1,243.22,1,3,1,1,1,1,1,3,1,1,3
3,9,5,33,0.4,1,2,1,1,1,307.56,0,18,3,1,3,1,8,1,1,2,2
3,9,5,34,0.4,3,1,2,2,1,276.04,1,19,3,1,1,3,19,3,3,3,3
3,9,5,35,0.4,1,1,1,1,1,223.41,1,15,3,3,3,3,3,1,1,1,1
3,9,5,36,0.4,1,2,1,1,1,377.66,0,2,3,1,3,1,5,3,1,2,2
3,9,5,37,0.2,3,3,2,2,1,147.84,1,19,3,3,1,1,2,3,3,1,1
3,9,5,38,0.1,2,2,2,1,0,319.61,0,9,3,1,2,2,17,3,3,2,2
3,9,5,39,0.1,1,3,1,1,1,247.7,1,19,3,1,3,1,17,3,1,1,3
3,9,5,40,0.05,1,3,1,1,1,296.9,1,6,3,1,3,1,12,3,1,1,3
3,9,5,41,1.8,2,1,2,2,1,8.2359,2,19,3,3,2,2,7,1,3,1,3
3,9,5,42,0.05,1,3,1,1,1,291.07,1,10,3,3,3,3,18,3,1,1,3
3,9,5,43,0.05,2,1,2,1,0,265.29,1,12,3,3,2,2,7,1,1,1,1
3,9,5,44,0.4,2,1,2,2,1,275.34,1,20,1,3,2,2,8,1,1,1,1
3,9,5,45,0.2,2,1,2,1,0,268.14,1,9,3,1,2,2,17,1,3,1,3
3,9,5,46,0.2,1,1,1,1,1,228.14,1,11,1,3,1,3,3,3,3,3,3
3,9,5,47,0.05,3,1,2,2,1,297.01,1,16,3,1,1,3,4,1,1,1,1
3,9,5,48,0.8,2,2,2,2,1,222.03,1,4,1,3,2,2,16,3,3,2,2
3,9,5,49,0.4,1,3,1,1,1,299.27,1,8,1,3,1,3,8,3,1,1,3
3,9,5,50,0.05,2,3,2,2,1,337.28,0,5,3,3,2,2,7,3,1,1,3
3,9,5,51,0.8,3,3,2,2,1,243.49,1,12,1,1,3,3,2,3,1,1,3
3,9,5,52,0.2,3,1,2,2,1,266.63,1,18,3,1,1,3,11,1,3,1,3
3,9,5,53,0.05,1,1,1,2,0,439.22,0,4,3,3,3,3,3,3,3,3,3
3,9,5,54,0.4,1,2,1,1,1,291.16,1,12,1,1,1,1,15,1,3,2,2
3,9,5,55,0.8,3,3,2,2,1,251.74,1,11,1,3,3,1,13,1,1,3,3
3,9,5,56,0.1,2,1,2,1,0,275.46,1,4,3,1,2,2,5,3,3,3,3
3,9,5,57,0.8,1,3,1,1,1,214.43,1,5,3,3,3,3,4,3,3,1,1
3,9,5,58,0.1,3,2,2,2,1,334.69,0,1,3,3,1,1,18,1,3,2,2
3,9,5,59,0.2,1,3,1,1,1,282.05,1,2,1,3,1,3,15,1,1,3,3
3,9,5,60,1.8,2,2,2,2,1,168.12,1,11,1,3,2,2,13,1,1,2,2
3,9,5,61,0.2,1,1,1,1,1,246.29,1,2,1,3,1,3,11,1,1,1,1
3,9,5,62,0.05,2,3,2,2,1,303.57,0,7,1,3,2,2,10,3,1,1,3
3,9,5,63,0.2,2,2,2,2,1,315.69,0,5,1,3,2,2,12,3,1,2,2
3,9,5,64,0.05,3,2,2,2,1,342.86,0,20,1,1,3,3,10,3,3,2,2
3,9,5,65,0.8,1,1,1,1,1,217.27,1,2,1,3,1,3,18,3,3,3,3
3,9,5,66,0.8,1,1,1,1,1,224.53,1,11,1,3,1,3,17,1,1,1,1
3,9,5,67,0.2,1,2,1,1,1,257.73,1,7,3,1,3,1,18,3,1,2,2
3,9,5,68,1.8,1,2,1,1,1,235.08,1,2,1,3,1,3,11,3,3,2,2
3,9,5,69,0.2,2,2,2,1,0,317.95,0,9,1,3,2,2,2,3,1,2,2
3,9,5,70,0.1,1,2,1,1,1,216.9,1,17,1,1,1,1,7,1,3,2,2
3,9,5,71,1.8,3,1,2,2,1,162.68,1,3,3,3,1,1,11,1,3,1,3
3,9,5,72,0.2,1,2,1,1,1,264.25,1,5,1,1,1,1,2,1,1,2,2
3,9,5,73,1.8,1,1,1,1,1,194.79,1,18,3,1,3,1,11,3,1,3,1
3,9,5,74,0.4,1,1,1,1,1,221.88,1,7,1,3,1,3,16,1,3,1,3
3,9,5,75,0.4,1,3,1,1,1,170.88,1,20,1,3,1,3,20,3,1,1,3
3,9,5,76,1.8,2,3,2,2,1,198.77,1,17,1,3,2,2,13,1,3,3,1
3,9,5,77,1.8,1,2,1,1,1,284.02,1,10,1,3,1,3,5,3,1,2,2
3,9,5,78,0.05,1,3,1,1,1,309.53,0,3,3,1,3,1,15,1,3,3,1
3,9,6,1,0.1,1,3,1,1,1,308.36,0,9,3,3,3,3,4,1,1,3,3
3,9,6,2,0.1,1,3,1,1,1,270.78,1,11,1,3,1,3,8,1,3,3,1
3,9,6,3,0.05,3,2,2,2,1,350.42,0,18,1,1,3,3,11,1,1,2,2
3,9,6,4,0.4,3,2,2,2,1,233.08,1,16,3,3,1,1,8,1,3,2,2
3,9,6,5,0.1,3,3,2,2,1,251.49,1,10,3,1,1,3,17,1,1,3,3
3,9,6,6,0.2,1,2,1,1,1,229.95,1,4,3,3,3,3,5,3,3,2,2
3,9,6,7,1.8,1,2,NaN,NaN,NaN,NaN,NaN,1,1,3,1,3,3,3,3,2,2
3,9,6,8,0.1,1,1,1,1,1,226.12,1,14,1,3,1,3,5,1,1,1,1
3,9,6,9,0.1,1,1,1,1,1,315.36,0,14,1,3,1,3,1,1,3,1,3
3,9,6,10,1.8,1,3,1,1,1,232.24,1,5,3,3,3,3,9,1,3,3,1
3,9,6,11,0.1,1,1,1,1,1,264.76,1,12,3,1,3,1,4,1,3,1,3
3,9,6,12,0.1,1,2,1,1,1,251.75,1,4,1,3,1,3,19,3,3,2,2
3,9,6,13,0.2,3,2,2,2,1,288.29,1,5,3,3,1,1,13,3,3,2,2
3,9,6,14,0.05,2,1,2,1,0,274.43,1,20,1,1,2,2,9,1,1,1,1
3,9,6,15,0.2,1,1,1,1,1,242.63,1,4,3,3,3,3,3,3,3,3,3
3,9,6,16,0.2,1,1,1,1,1,234.87,1,9,3,3,3,3,2,3,3,3,3
3,9,6,17,0.1,2,2,2,2,1,344.37,0,3,1,3,2,2,2,1,3,2,2
3,9,6,18,0.4,2,1,2,2,1,243.64,1,13,1,1,2,2,4,1,1,1,1
3,9,6,19,0.05,3,2,2,1,0,259.78,1,13,1,1,3,3,8,1,3,2,2
3,9,6,20,0.05,1,1,1,1,1,279.12,1,17,1,1,1,1,12,3,1,3,1
3,9,6,21,0.8,2,3,2,1,0,277.34,1,4,1,3,2,2,10,3,3,1,1
3,9,6,22,0.05,2,3,2,2,1,287.94,1,7,3,3,2,2,18,3,1,1,3
3,9,6,23,1.8,3,3,NaN,NaN,NaN,NaN,NaN,11,1,3,3,1,17,1,1,3,3
3,9,6,24,0.4,2,1,2,2,1,235.88,1,19,1,3,2,2,7,3,3,3,3
3,9,6,25,0.8,2,2,NaN,NaN,NaN,NaN,NaN,19,3,1,2,2,6,3,3,2,2
3,9,6,26,1.8,1,3,1,1,1,210.59,1,13,3,1,3,1,2,1,1,3,3
3,9,6,27,0.8,3,1,2,2,1,260.71,1,17,3,1,1,3,8,3,1,3,1
3,9,6,28,0.2,1,3,1,1,1,249.13,1,17,3,1,3,1,13,3,3,1,1
3,9,6,29,0.4,1,2,1,1,1,238.08,1,20,1,1,1,1,5,1,3,2,2
3,9,6,30,0.8,1,3,1,1,1,414.75,0,7,1,1,1,1,4,1,1,3,3
3,9,6,31,0.4,2,2,2,2,1,261.14,1,13,1,3,2,2,20,3,3,2,2
3,9,6,32,0.4,2,1,2,1,0,282.07,1,12,3,1,2,2,10,1,1,1,1
3,9,6,33,0.2,3,2,2,2,1,312.32,0,7,3,3,1,1,15,3,3,2,2
3,9,6,34,1.8,3,1,2,2,1,232.37,1,8,3,1,1,3,12,3,1,3,1
3,9,6,35,0.1,1,2,1,1,1,267.27,1,16,1,1,1,1,10,1,1,2,2
3,9,6,36,1.8,1,1,1,1,1,126.84,1,10,1,3,1,3,19,1,1,1,1
3,9,6,37,0.2,1,2,1,1,1,273.12,1,14,3,1,3,1,11,3,3,2,2
3,9,6,38,0.4,1,1,1,1,1,215.51,1,8,1,1,1,1,8,1,3,1,3
3,9,6,39,0.1,1,1,1,1,1,245.45,1,19,3,1,3,1,2,1,1,1,1
3,9,6,40,1.8,1,2,1,1,1,16.985,2,17,1,1,1,1,5,1,3,2,2
3,9,6,41,0.4,1,3,1,1,1,286.43,1,1,3,1,3,1,13,3,1,1,3
3,9,6,42,0.4,1,3,1,1,1,209.48,1,3,3,1,3,1,16,3,1,1,3
3,9,6,43,1.8,2,1,2,2,1,254.61,1,11,3,3,2,2,3,1,3,1,3
3,9,6,44,0.2,2,1,2,1,0,255.38,1,15,1,1,2,2,1,3,1,3,1
3,9,6,45,1.8,2,3,2,2,1,224.32,1,3,1,1,2,2,12,3,1,1,3
3,9,6,46,0.4,1,2,1,1,1,236.61,1,19,3,3,3,3,1,1,1,2,2
3,9,6,47,0.8,2,1,2,1,0,251.19,1,1,3,3,2,2,3,1,1,1,1
3,9,6,48,0.2,2,3,2,2,1,261.27,1,3,3,3,2,2,11,1,3,3,1
3,9,6,49,0.05,2,3,2,2,1,373,0,9,3,3,2,2,13,3,1,1,3
3,9,6,50,0.4,3,2,2,2,1,251.02,1,12,1,3,3,1,20,1,3,2,2
3,9,6,51,0.8,1,2,1,1,1,252.71,1,4,3,3,3,3,18,3,3,2,2
3,9,6,52,0.4,1,2,1,1,1,227.68,1,20,1,3,1,3,16,1,3,2,2
3,9,6,53,0.4,1,3,1,1,1,226.02,1,3,1,3,1,3,5,1,3,3,1
3,9,6,54,1.8,2,3,2,2,1,209.86,1,13,3,1,2,2,18,3,1,1,3
3,9,6,55,0.1,1,2,1,1,1,308.65,0,13,1,1,1,1,2,1,3,2,2
3,9,6,56,0.2,1,3,1,1,1,254.88,1,6,1,3,1,3,15,1,3,3,1
3,9,6,57,1.8,1,2,1,1,1,249.34,1,5,3,3,3,3,5,3,1,2,2
3,9,6,58,0.8,3,1,2,2,1,235.04,1,1,1,3,3,1,14,3,1,3,1
3,9,6,59,0.05,2,1,2,2,1,352.17,0,8,1,1,2,2,14,1,3,1,3
3,9,6,60,0.05,1,1,1,1,1,220.23,1,3,3,1,3,1,3,3,1,3,1
3,9,6,61,0.05,1,3,1,1,1,266.19,1,20,3,3,3,3,11,3,3,1,1
3,9,6,62,0.8,1,2,1,1,1,231.16,1,17,1,3,1,3,12,3,1,2,2
3,9,6,63,0.8,1,3,1,2,0,230.9,1,3,1,1,1,1,13,1,1,3,3
3,9,6,64,0.2,3,2,2,2,1,233.3,1,9,3,3,1,1,11,1,1,2,2
3,9,6,65,1.8,2,1,NaN,NaN,NaN,NaN,NaN,8,3,1,2,2,7,1,3,1,3
3,9,6,66,0.8,1,2,1,1,1,229.58,1,17,1,1,1,1,7,1,3,2,2
3,9,6,67,0.8,2,2,2,2,1,245.26,1,5,1,3,2,2,11,1,3,2,2
3,9,6,68,0.05,3,3,2,2,1,323.51,0,10,3,3,1,1,8,3,3,1,1
3,9,6,69,0.8,3,2,2,2,1,263.67,1,3,3,1,1,3,18,3,1,2,2
3,9,6,70,0.05,1,1,1,1,1,313.51,0,10,1,3,1,3,9,1,3,1,3
3,9,6,71,0.2,1,3,1,2,0,257.67,1,2,1,3,1,3,6,3,3,1,1
3,9,6,72,0.1,2,3,2,2,1,270.99,1,17,1,3,2,2,17,1,1,3,3
3,9,6,73,0.05,2,3,2,2,1,285.97,1,14,1,3,2,2,5,3,3,1,1
3,9,6,74,1.8,1,3,1,1,1,285.41,1,5,1,1,1,1,1,3,3,1,1
3,9,6,75,0.2,3,3,2,2,1,98.805,2,3,3,3,1,1,18,1,1,3,3
3,9,6,76,0.1,2,1,2,2,1,275.03,1,9,3,3,2,2,14,1,1,1,1
3,9,6,77,0.05,1,1,1,1,1,333.95,0,16,3,1,3,1,12,1,3,1,3
3,9,6,78,0.8,2,1,2,2,1,221.89,1,14,1,3,2,2,17,3,1,3,1
3,9,7,1,0.8,2,3,2,2,1,262.97,1,6,1,3,2,2,17,1,3,3,1
3,9,7,2,0.1,3,1,2,2,1,274.57,1,14,3,3,1,1,7,1,1,1,1
3,9,7,3,1.8,2,1,2,2,1,234.26,1,17,1,3,2,2,14,3,3,3,3
3,9,7,4,0.2,1,1,1,1,1,272.52,1,20,3,1,3,1,3,3,1,3,1
3,9,7,5,1.8,1,2,1,1,1,236.79,1,14,1,1,1,1,12,3,3,2,2
3,9,7,6,0.1,2,1,2,1,0,320.04,0,20,3,3,2,2,19,3,3,3,3
3,9,7,7,0.1,1,3,1,1,1,271.36,1,11,1,1,1,1,20,1,1,3,3
3,9,7,8,0.05,2,1,2,2,1,326.12,0,9,1,3,2,2,8,3,3,3,3
3,9,7,9,0.2,3,3,2,2,1,241.88,1,18,1,3,3,1,12,1,3,3,1
3,9,7,10,0.1,3,2,2,2,1,306.54,0,12,1,1,3,3,14,3,3,2,2
3,9,7,11,0.1,1,2,1,1,1,267.28,1,19,3,1,3,1,16,3,1,2,2
3,9,7,12,1.8,2,2,2,2,1,220.77,1,16,3,3,2,2,19,1,3,2,2
3,9,7,13,0.2,2,1,2,2,1,390.2,0,8,3,1,2,2,12,1,3,1,3
3,9,7,14,0.1,1,3,1,1,1,262.85,1,15,3,1,3,1,11,1,1,3,3
3,9,7,15,1.8,1,1,1,1,1,233.71,1,13,1,1,1,1,7,3,3,3,3
3,9,7,16,0.2,1,3,1,1,1,240.08,1,17,3,3,3,3,3,1,1,3,3
3,9,7,17,0.05,3,3,2,2,1,238.33,1,6,1,1,3,3,8,1,1,3,3
3,9,7,18,0.8,1,2,1,1,1,287.42,1,1,1,1,1,1,19,3,1,2,2
3,9,7,19,0.2,2,1,2,2,1,356.38,0,12,1,3,2,2,1,3,3,3,3
3,9,7,20,0.4,3,1,2,2,1,213.41,1,9,3,1,1,3,7,3,3,3,3
3,9,7,21,0.4,2,3,2,2,1,259.28,1,2,3,3,2,2,2,3,1,1,3
3,9,7,22,0.05,1,3,1,1,1,623.38,0,18,1,3,1,3,13,3,3,1,1
3,9,7,23,0.05,1,1,1,1,1,318.86,0,1,1,3,1,3,19,1,1,1,1
3,9,7,24,0.8,1,2,1,1,1,215.63,1,13,3,3,3,3,14,3,3,2,2
3,9,7,25,0.05,2,1,2,2,1,289.68,1,20,1,1,2,2,11,3,3,3,3
3,9,7,26,0.2,3,3,2,2,1,228.94,1,5,3,1,1,3,5,1,1,3,3
3,9,7,27,1.8,1,1,1,1,1,225,1,2,1,1,1,1,19,1,3,1,3
3,9,7,28,0.4,1,2,1,1,1,215.15,1,9,3,3,3,3,3,1,3,2,2
3,9,7,29,0.2,1,3,1,1,1,276.82,1,5,3,3,3,3,8,3,1,1,3
3,9,7,30,0.2,1,1,1,1,1,217.33,1,20,3,3,3,3,9,1,1,1,1
3,9,7,31,0.1,1,3,1,2,0,291.15,1,7,3,1,3,1,7,3,3,1,1
3,9,7,32,0.8,1,2,1,1,1,229.11,1,8,1,1,1,1,16,3,1,2,2
3,9,7,33,0.1,2,3,2,2,1,311.91,0,19,3,3,2,2,4,1,1,3,3
3,9,7,34,0.8,2,3,2,2,1,244.05,1,9,3,1,2,2,20,1,3,3,1
3,9,7,35,1.8,1,1,1,1,1,225.31,1,3,3,3,3,3,9,1,3,1,3
3,9,7,36,0.05,1,1,1,1,1,301.76,0,13,3,1,3,1,2,1,3,1,3
3,9,7,37,0.2,2,2,2,1,0,188.67,1,9,3,1,2,2,12,3,1,2,2
3,9,7,38,0.4,2,1,2,2,1,219.73,1,20,3,3,2,2,6,3,1,3,1
3,9,7,39,1.8,1,2,1,1,1,221.76,1,10,3,1,3,1,18,3,3,2,2
3,9,7,40,0.05,1,1,1,2,0,308.79,0,2,3,3,3,3,20,1,3,1,3
3,9,7,41,0.05,3,3,2,1,0,246.19,1,18,1,3,3,1,3,3,1,1,3
3,9,7,42,0.4,1,1,1,2,0,248.89,1,9,3,1,3,1,15,1,3,1,3
3,9,7,43,0.4,2,1,2,2,1,313.78,0,14,1,3,2,2,14,3,1,3,1
3,9,7,44,0.05,1,3,1,1,1,242.05,1,10,1,3,1,3,7,3,1,1,3
3,9,7,45,0.1,3,1,2,2,1,275.63,1,7,1,3,3,1,7,1,1,1,1
3,9,7,46,1.8,2,1,NaN,NaN,NaN,NaN,NaN,2,3,1,2,2,1,1,3,1,3
3,9,7,47,0.1,1,3,1,1,1,257.77,1,6,1,1,1,1,17,3,1,1,3
3,9,7,48,0.4,1,3,1,1,1,269.4,1,9,3,1,3,1,4,1,3,3,1
3,9,7,49,0.8,3,2,2,2,1,271.37,1,10,1,3,3,1,8,1,3,2,2
3,9,7,50,0.05,1,1,1,1,1,344.98,0,14,3,3,3,3,9,1,3,1,3
3,9,7,51,0.1,2,3,2,2,1,319.98,0,19,3,3,2,2,3,3,3,1,1
3,9,7,52,0.8,3,1,2,2,1,259.89,1,5,1,3,3,1,5,3,3,3,3
3,9,7,53,0.4,2,3,2,2,1,261.21,1,16,1,1,2,2,13,1,3,3,1
3,9,7,54,0.8,3,3,2,2,1,446.47,0,17,3,1,1,3,2,1,1,3,3
3,9,7,55,0.4,1,3,1,1,1,218.46,1,16,1,1,1,1,3,1,3,3,1
3,9,7,56,0.05,2,1,2,1,0,299.7,1,14,1,3,2,2,9,3,3,3,3
3,9,7,57,1.8,2,2,2,2,1,204.71,1,15,3,3,2,2,13,3,1,2,2
3,9,7,58,0.2,3,3,2,2,1,232.19,1,16,3,3,1,1,15,1,3,3,1
3,9,7,59,0.8,3,2,2,2,1,232.73,1,12,1,3,3,1,20,1,1,2,2
3,9,7,60,0.05,1,1,1,1,1,293.82,1,14,3,1,3,1,3,1,3,1,3
3,9,7,61,0.4,2,3,2,2,1,292.69,1,8,1,3,2,2,2,1,3,3,1
3,9,7,62,0.1,3,1,2,2,1,322.63,0,4,3,3,1,1,12,1,1,1,1
3,9,7,63,0.4,2,3,2,2,1,211.25,1,15,1,3,2,2,15,1,1,3,3
3,9,7,64,1.8,2,2,NaN,NaN,NaN,NaN,NaN,4,3,1,2,2,1,1,1,2,2
3,9,7,65,0.1,1,2,1,1,1,348.19,0,19,3,1,3,1,19,3,3,2,2
3,9,7,66,0.2,1,1,1,1,1,232.35,1,14,1,1,1,1,14,1,3,1,3
3,9,7,67,1.8,2,1,2,1,0,235.76,1,17,1,1,2,2,17,1,1,1,1
3,9,7,68,0.8,3,3,2,2,1,215.76,1,20,1,1,3,3,6,1,1,3,3
3,9,7,69,0.2,1,3,1,1,1,245.61,1,9,1,3,1,3,18,3,1,1,3
3,9,7,70,0.05,3,2,2,2,1,299.51,1,14,3,3,1,1,11,1,3,2,2
3,9,7,71,1.8,2,3,2,2,1,226.93,1,3,3,3,2,2,15,3,3,1,1
3,9,7,72,0.8,2,3,2,2,1,388.75,0,16,3,1,2,2,20,3,3,1,1
3,9,7,73,0.8,1,3,1,1,1,265.12,1,20,1,3,1,3,6,1,3,3,1
3,9,7,74,0.4,1,3,1,1,1,480.69,0,13,1,1,1,1,18,3,3,1,1
3,9,7,75,0.8,1,1,1,1,1,196.61,1,17,3,3,3,3,6,1,1,1,1
3,9,7,76,0.4,1,1,1,1,1,221.8,1,2,3,3,3,3,1,1,1,1,1
3,9,7,77,1.8,1,2,1,1,1,239.74,1,19,1,3,1,3,20,3,3,2,2
3,9,7,78,0.2,2,1,2,1,0,231,1,3,3,1,2,2,3,1,3,1,3
3,9,8,1,0.1,3,2,2,2,1,314.37,0,2,3,3,1,1,11,1,1,2,2
3,9,8,2,0.2,1,1,1,1,1,228.86,1,11,3,1,3,1,1,1,3,1,3
3,9,8,3,1.8,1,2,NaN,NaN,NaN,NaN,NaN,16,1,3,1,3,6,1,3,2,2
3,9,8,4,0.2,1,3,1,1,1,241.05,1,14,3,3,3,3,14,3,1,1,3
3,9,8,5,0.8,3,2,2,2,1,234.86,1,15,3,1,1,3,8,3,1,2,2
3,9,8,6,0.8,1,2,1,1,1,233.33,1,9,1,3,1,3,11,3,3,2,2
3,9,8,7,0.4,2,2,2,1,0,232.92,1,11,1,1,2,2,11,3,1,2,2
3,9,8,8,0.2,1,2,1,1,1,202.81,1,3,1,1,1,1,5,1,1,2,2
3,9,8,9,0.05,3,2,2,2,1,412.01,0,7,1,3,3,1,7,1,3,2,2
3,9,8,10,0.1,1,3,1,1,1,216.69,1,5,3,1,3,1,19,1,1,3,3
3,9,8,11,0.1,3,1,2,2,1,284.99,1,7,3,1,1,3,6,1,3,1,3
3,9,8,12,0.2,1,1,1,1,1,162.51,1,12,3,1,3,1,17,1,3,1,3
3,9,8,13,0.8,2,3,2,2,1,258.88,1,3,3,1,2,2,17,3,1,1,3
3,9,8,14,0.4,2,1,2,2,1,230.95,1,4,1,3,2,2,11,3,3,3,3
3,9,8,15,0.05,1,3,1,1,1,304.35,0,10,3,1,3,1,10,3,3,1,1
3,9,8,16,1.8,2,2,2,2,1,354.25,0,1,3,3,2,2,16,3,3,2,2
3,9,8,17,0.4,1,2,1,1,1,226.99,1,16,1,3,1,3,13,3,1,2,2
3,9,8,18,0.2,2,2,2,1,0,228.36,1,6,3,1,2,2,2,3,3,2,2
3,9,8,19,0.4,3,1,2,2,1,287.66,1,18,1,1,3,3,15,3,1,3,1
3,9,8,20,0.2,2,3,2,1,0,247.34,1,11,1,1,2,2,2,3,1,1,3
3,9,8,21,0.4,1,2,1,1,1,256.12,1,20,3,3,3,3,11,1,3,2,2
3,9,8,22,0.8,1,1,1,1,1,236.97,1,1,1,1,1,1,10,3,3,3,3
3,9,8,23,0.2,1,2,1,1,1,237.14,1,15,3,3,3,3,14,1,1,2,2
3,9,8,24,0.2,1,3,1,1,1,245.72,1,2,1,1,1,1,12,1,1,3,3
3,9,8,25,0.8,2,1,2,2,1,233.26,1,17,1,3,2,2,14,3,3,3,3
3,9,8,26,0.8,1,3,1,1,1,215.77,1,14,3,1,3,1,14,1,3,3,1
3,9,8,27,0.8,3,1,2,2,1,233.29,1,10,1,1,3,3,8,1,3,1,3
3,9,8,28,0.1,1,2,1,1,1,298.74,1,4,3,3,3,3,19,3,1,2,2
3,9,8,29,1.8,1,3,1,2,0,240.12,1,2,1,1,1,1,9,1,1,3,3
3,9,8,30,0.05,1,1,1,1,1,346.04,0,3,1,1,1,1,15,1,3,1,3
3,9,8,31,0.05,2,3,2,1,0,254.69,1,12,1,1,2,2,19,1,1,3,3
3,9,8,32,0.05,2,1,2,2,1,290.46,1,8,1,1,2,2,9,1,1,1,1
3,9,8,33,0.4,2,1,2,2,1,276.17,1,18,1,3,2,2,6,1,1,1,1
3,9,8,34,1.8,1,2,1,1,1,258.21,1,3,3,3,3,3,10,1,3,2,2
3,9,8,35,0.2,1,1,1,1,1,223.44,1,17,1,1,1,1,4,1,3,1,3
3,9,8,36,0.2,2,3,2,2,1,222.27,1,7,3,1,2,2,19,1,1,3,3
3,9,8,37,0.1,2,3,2,2,1,310.7,0,17,1,3,2,2,1,3,3,1,1
3,9,8,38,0.8,1,2,NaN,NaN,NaN,NaN,NaN,8,1,3,1,3,15,1,3,2,2
3,9,8,39,0.8,3,3,2,2,1,349.74,0,14,3,3,1,1,11,3,3,1,1
3,9,8,40,0.4,3,3,2,2,1,250.72,1,5,1,1,3,3,20,1,1,3,3
3,9,8,41,0.1,3,3,2,2,1,475.77,0,16,1,1,3,3,17,1,3,3,1
3,9,8,42,1.8,1,1,1,1,1,255.38,1,10,1,1,1,1,15,1,3,1,3
3,9,8,43,1.8,3,3,NaN,NaN,NaN,NaN,NaN,3,1,3,3,1,11,1,3,3,1
3,9,8,44,0.1,3,1,2,2,1,305.33,0,12,1,3,3,1,13,1,3,1,3
3,9,8,45,0.05,3,2,2,2,1,282.65,1,4,1,1,3,3,11,3,1,2,2
3,9,8,46,1.8,2,3,NaN,NaN,NaN,NaN,NaN,17,3,1,2,2,10,1,1,3,3
3,9,8,47,1.8,2,3,2,2,1,242.05,1,1,3,3,2,2,5,1,1,3,3
3,9,8,48,0.2,2,3,2,2,1,203.88,1,20,3,1,2,2,12,3,3,1,1
3,9,8,49,0.05,1,2,1,2,0,293.67,1,10,1,1,1,1,13,1,3,2,2
3,9,8,50,0.4,1,3,1,2,0,265.7,1,9,1,3,1,3,17,3,1,1,3
3,9,8,51,1.8,3,2,2,2,1,188.65,1,13,1,1,3,3,15,3,3,2,2
3,9,8,52,1.8,1,1,1,1,1,237.11,1,11,1,3,1,3,3,3,1,3,1
3,9,8,53,0.05,1,1,1,1,1,299.18,1,11,1,1,1,1,2,1,3,1,3
3,9,8,54,0.1,2,3,2,2,1,289.86,1,15,1,3,2,2,2,3,1,1,3
3,9,8,55,0.8,1,2,1,2,0,260.94,1,17,3,3,3,3,10,3,1,2,2
3,9,8,56,1.8,2,1,2,1,0,212.34,1,20,1,3,2,2,7,1,1,1,1
3,9,8,57,0.05,3,1,2,2,1,289.32,1,13,1,3,3,1,7,1,3,1,3
3,9,8,58,0.4,2,1,2,2,1,228.3,1,4,3,1,2,2,9,1,3,1,3
3,9,8,59,0.2,2,3,2,2,1,239.45,1,8,1,3,2,2,1,3,3,1,1
3,9,8,60,0.4,2,3,2,2,1,304.76,0,6,1,1,2,2,8,3,1,1,3
3,9,8,61,0.2,1,2,1,1,1,235.31,1,16,3,1,3,1,3,1,3,2,2
3,9,8,62,0.8,1,1,1,1,1,244.22,1,11,3,1,3,1,12,1,3,1,3
3,9,8,63,0.1,3,3,2,2,1,306.48,0,5,1,3,3,1,19,3,1,1,3
3,9,8,64,0.4,2,1,2,1,0,236.86,1,17,1,1,2,2,17,1,1,1,1
3,9,8,65,0.05,1,2,1,1,1,288.69,1,17,3,3,3,3,7,3,1,2,2
3,9,8,66,0.05,3,2,2,2,1,311.56,0,18,3,1,1,3,20,1,3,2,2
3,9,8,67,0.4,1,1,1,1,1,226.8,1,7,1,1,1,1,8,3,1,3,1
3,9,8,68,0.1,2,1,2,2,1,279.48,1,14,1,3,2,2,1,1,3,1,3
3,9,8,69,0.1,3,3,2,2,1,256.85,1,4,1,1,3,3,10,3,3,1,1
3,9,8,70,0.8,3,3,2,1,0,278.65,1,20,3,1,1,3,15,3,3,1,1
3,9,8,71,0.05,2,1,2,2,1,271.03,1,5,3,3,2,2,8,3,3,3,3
3,9,8,72,0.1,2,1,2,2,1,455.65,0,3,1,3,2,2,3,1,3,1,3
3,9,8,73,1.8,1,2,1,1,1,232.35,1,7,3,3,3,3,17,1,3,2,2
3,9,8,74,0.8,2,1,2,1,0,254.98,1,4,3,3,2,2,1,3,1,3,1
3,9,8,75,0.05,1,1,1,1,1,274.65,1,9,1,1,1,1,7,3,1,3,1
3,9,8,76,1.8,1,3,1,1,1,222.03,1,16,3,3,3,3,15,1,3,3,1
3,9,8,77,0.4,3,2,2,2,1,312.51,0,12,1,3,3,1,6,1,3,2,2
3,9,8,78,0.1,1,3,1,1,1,231.62,1,6,1,3,1,3,9,3,1,1,3
3,9,9,1,0.05,1,2,1,2,0,297.62,1,2,1,3,1,3,14,1,3,2,2
3,9,9,2,0.8,3,2,2,2,1,232.55,1,4,3,3,1,1,13,1,1,2,2
3,9,9,3,0.4,2,2,2,2,1,243.91,1,17,1,3,2,2,11,1,3,2,2
3,9,9,4,0.1,2,1,2,1,0,239.29,1,4,3,3,2,2,7,1,1,1,1
3,9,9,5,0.8,1,2,1,1,1,252.72,1,13,3,1,3,1,10,1,1,2,2
3,9,9,6,0.2,2,1,2,2,1,286.73,1,18,1,3,2,2,8,3,3,3,3
3,9,9,7,0.1,1,1,1,1,1,241.97,1,6,3,3,3,3,18,1,3,1,3
3,9,9,8,0.05,1,3,1,1,1,260.69,1,19,1,1,1,1,12,3,3,1,1
3,9,9,9,0.1,1,2,1,2,0,252.89,1,14,3,3,3,3,1,3,1,2,2
3,9,9,10,0.8,2,3,2,2,1,205.36,1,7,3,1,2,2,14,3,3,1,1
3,9,9,11,0.2,1,3,1,1,1,204.54,1,20,1,3,1,3,14,3,1,1,3
3,9,9,12,1.8,2,1,2,2,1,200.23,1,8,1,1,2,2,12,1,3,1,3
3,9,9,13,0.05,2,2,2,1,0,309.76,0,1,1,3,2,2,4,3,1,2,2
3,9,9,14,0.4,2,1,2,2,1,238.18,1,13,1,3,2,2,1,1,3,1,3
3,9,9,15,0.1,1,1,1,1,1,295.64,1,5,1,1,1,1,1,3,3,3,3
3,9,9,16,0.05,3,3,2,2,1,324.96,0,2,3,1,1,3,9,3,3,1,1
3,9,9,17,0.4,1,3,1,1,1,217.4,1,20,3,1,3,1,14,1,3,3,1
3,9,9,18,0.1,1,3,1,2,0,290.35,1,9,3,1,3,1,4,3,1,1,3
3,9,9,19,1.8,1,1,NaN,NaN,NaN,NaN,NaN,4,3,3,3,3,6,3,3,3,3
3,9,9,20,0.4,3,2,2,2,1,238.85,1,18,3,1,1,3,1,3,1,2,2
3,9,9,21,0.05,1,3,1,1,1,319.12,0,19,3,1,3,1,4,1,3,3,1
3,9,9,22,0.8,3,3,2,2,1,264.84,1,12,1,3,3,1,14,1,3,3,1
3,9,9,23,0.8,1,3,1,2,0,320.89,0,17,3,3,3,3,13,3,3,1,1
3,9,9,24,0.4,3,3,2,2,1,228.74,1,3,3,1,1,3,15,1,3,3,1
3,9,9,25,0.1,3,2,2,2,1,296.43,1,10,1,1,3,3,12,3,3,2,2
3,9,9,26,1.8,1,2,1,1,1,253.42,1,14,3,1,3,1,8,1,3,2,2
3,9,9,27,1.8,3,1,2,2,1,219.78,1,2,3,3,1,1,9,3,1,3,1
3,9,9,28,0.4,1,2,1,1,1,230.15,1,1,3,3,3,3,3,3,3,2,2
3,9,9,29,0.4,3,1,2,2,1,221.46,1,8,3,1,1,3,16,3,1,3,1
3,9,9,30,1.8,2,1,2,2,1,151.52,1,19,1,3,2,2,16,1,3,1,3
3,9,9,31,1.8,2,2,2,1,0,268.07,1,17,1,1,2,2,17,3,1,2,2
3,9,9,32,0.8,3,3,2,2,1,282.74,1,4,1,3,3,1,14,3,1,1,3
3,9,9,33,0.4,2,2,2,2,1,243.3,1,2,1,1,2,2,4,3,1,2,2
3,9,9,34,0.1,2,1,2,2,1,323.07,0,7,3,1,2,2,8,1,1,1,1
3,9,9,35,1.8,2,3,2,2,1,249.76,1,3,3,1,2,2,4,3,3,1,1
3,9,9,36,0.2,3,1,2,2,1,296.42,1,13,3,1,1,3,8,1,1,1,1
3,9,9,37,1.8,1,2,NaN,NaN,NaN,NaN,NaN,8,1,1,1,1,9,1,3,2,2
3,9,9,38,1.8,3,3,2,2,1,245.33,1,3,3,1,1,3,15,3,3,1,1
3,9,9,39,0.2,2,1,2,2,1,311.93,0,5,3,3,2,2,9,3,3,3,3
3,9,9,40,0.05,3,3,2,2,1,332.25,0,12,1,3,3,1,4,1,3,3,1
3,9,9,41,0.2,2,3,2,2,1,258.97,1,18,3,1,2,2,14,1,1,3,3
3,9,9,42,0.8,2,1,2,1,0,255.6,1,10,3,1,2,2,18,3,1,3,1
3,9,9,43,0.4,3,1,2,2,1,396.39,0,7,3,3,1,1,11,3,3,3,3
3,9,9,44,0.8,2,3,2,2,1,205.28,1,17,3,3,2,2,13,1,3,3,1
3,9,9,45,0.05,3,2,2,2,1,347.23,0,1,3,3,1,1,14,1,1,2,2
3,9,9,46,0.8,3,3,2,2,1,234.16,1,9,1,3,3,1,2,3,1,1,3
3,9,9,47,0.2,2,1,2,2,1,250,1,3,3,3,2,2,19,3,3,3,3
3,9,9,48,0.8,3,1,2,2,1,218.53,1,12,1,1,3,3,10,1,3,1,3
3,9,9,49,0.05,2,2,2,2,1,291.99,1,14,3,1,2,2,8,3,3,2,2
3,9,9,50,0.05,1,2,1,2,0,296.31,1,19,3,3,3,3,2,1,1,2,2
3,9,9,51,0.8,1,3,1,1,1,261.29,1,2,1,3,1,3,16,3,1,1,3
3,9,9,52,0.05,1,2,1,1,1,260.13,1,10,3,3,3,3,19,1,3,2,2
3,9,9,53,0.1,3,1,2,2,1,273.12,1,5,1,3,3,1,17,1,1,1,1
3,9,9,54,0.4,2,2,2,1,0,347.04,0,12,1,3,2,2,7,1,1,2,2
3,9,9,55,0.05,1,3,1,1,1,337.56,0,11,3,3,3,3,15,3,1,1,3
3,9,9,56,0.1,3,2,2,2,1,239.45,1,18,1,3,3,1,18,3,3,2,2
3,9,9,57,0.4,2,2,2,2,1,239.44,1,10,1,3,2,2,16,3,1,2,2
3,9,9,58,1.8,1,2,1,1,1,177.49,1,6,1,3,1,3,20,3,1,2,2
3,9,9,59,0.4,1,2,1,1,1,253.13,1,10,1,1,1,1,9,1,1,2,2
3,9,9,60,0.1,2,1,2,2,1,251.55,1,6,3,3,2,2,8,3,3,3,3
3,9,9,61,0.2,1,3,1,1,1,214.14,1,12,3,1,3,1,1,3,1,1,3
3,9,9,62,0.1,3,1,2,2,1,229.51,1,8,3,3,1,1,20,3,3,3,3
3,9,9,63,0.8,2,3,2,2,1,227.76,1,16,1,1,2,2,6,3,3,1,1
3,9,9,64,0.05,2,3,2,1,0,266.8,1,10,3,3,2,2,18,3,3,1,1
3,9,9,65,0.2,1,1,1,1,1,171.52,1,15,3,1,3,1,14,1,1,1,1
3,9,9,66,1.8,3,3,2,2,1,201.65,1,15,3,1,1,3,16,1,1,3,3
3,9,9,67,0.2,2,1,2,2,1,271.25,1,15,1,3,2,2,12,3,3,3,3
3,9,9,68,0.2,1,1,1,2,0,347.77,0,20,1,3,1,3,1,1,1,1,1
3,9,9,69,0.2,3,2,2,2,1,185.24,1,18,1,3,3,1,16,1,3,2,2
3,9,9,70,0.8,1,3,1,1,1,196.65,1,6,3,3,3,3,20,1,3,3,1
3,9,9,71,0.2,3,3,2,2,1,218.43,1,2,3,1,1,3,13,1,1,3,3
3,9,9,72,1.8,2,2,2,2,1,214.94,1,3,3,3,2,2,2,1,1,2,2
3,9,9,73,0.05,2,3,2,2,1,312.57,0,4,1,1,2,2,10,1,1,3,3
3,9,9,74,1.8,1,1,1,1,1,227.98,1,15,1,1,1,1,20,3,1,3,1
3,9,9,75,0.1,1,3,1,1,1,264.57,1,20,1,3,1,3,6,3,1,1,3
3,9,9,76,0.1,3,1,2,2,1,305.67,0,13,1,1,3,3,2,3,1,3,1
3,9,9,77,0.2,1,3,1,1,1,98.208,2,17,3,1,3,1,4,1,3,3,1
3,9,9,78,0.4,1,3,1,1,1,238.73,1,12,1,1,1,1,10,3,1,1,3
3,9,10,1,0.8,1,1,1,1,1,195.24,1,9,1,1,1,1,17,3,3,3,3
3,9,10,2,1.8,2,1,2,2,1,200.81,1,16,3,1,2,2,6,3,1,3,1
3,9,10,3,0.4,1,3,1,1,1,335.47,0,10,3,3,3,3,20,1,1,3,3
3,9,10,4,0.05,1,1,1,1,1,299.99,1,9,1,3,1,3,20,3,3,3,3
3,9,10,5,0.2,2,3,2,2,1,204.19,1,2,3,3,2,2,19,1,3,3,1
3,9,10,6,0.8,1,1,1,1,1,234.95,1,3,3,1,3,1,16,1,1,1,1
3,9,10,7,0.05,3,1,2,1,0,284.94,1,20,3,1,1,3,14,1,3,1,3
3,9,10,8,0.2,2,1,2,2,1,245.87,1,7,3,1,2,2,20,1,1,1,1
3,9,10,9,0.4,2,2,2,2,1,299.11,1,10,1,1,2,2,20,3,1,2,2
3,9,10,10,0.4,3,2,2,2,1,229.24,1,20,1,1,3,3,1,1,3,2,2
3,9,10,11,1.8,3,2,NaN,NaN,NaN,NaN,NaN,13,1,3,3,1,3,3,1,2,2
3,9,10,12,0.05,1,3,1,1,1,588.1,0,16,1,3,1,3,18,3,3,1,1
3,9,10,13,0.05,1,1,1,1,1,294.28,1,11,1,1,1,1,2,1,3,1,3
3,9,10,14,1.8,3,2,NaN,NaN,NaN,NaN,NaN,1,3,1,1,3,14,3,3,2,2
3,9,10,15,0.1,3,1,2,2,1,292.44,1,6,3,1,1,3,4,3,3,3,3
3,9,10,16,0.4,1,1,1,1,1,298.24,1,18,3,3,3,3,8,1,3,1,3
3,9,10,17,0.4,1,1,1,1,1,173.77,1,9,1,1,1,1,1,1,1,1,1
3,9,10,18,0.1,1,3,1,2,0,377.9,0,14,1,3,1,3,12,3,3,1,1
3,9,10,19,1.8,2,2,NaN,NaN,NaN,NaN,NaN,7,1,1,2,2,11,1,3,2,2
3,9,10,20,0.1,2,3,2,2,1,265.19,1,20,3,3,2,2,15,3,3,1,1
3,9,10,21,0.1,1,1,1,1,1,363.65,0,9,3,3,3,3,17,1,1,1,1
3,9,10,22,1.8,2,2,2,2,1,264.26,1,1,3,3,2,2,11,1,1,2,2
3,9,10,23,0.4,2,2,2,2,1,381.37,0,12,1,3,2,2,19,3,3,2,2
3,9,10,24,0.05,1,3,1,1,1,351.17,0,10,3,1,3,1,9,1,1,3,3
3,9,10,25,0.8,2,1,NaN,NaN,NaN,NaN,NaN,5,1,3,2,2,12,1,1,1,1
3,9,10,26,0.4,3,3,2,2,1,311.64,0,8,1,3,3,1,18,1,1,3,3
3,9,10,27,0.05,1,3,1,1,1,241.1,1,14,1,1,1,1,3,3,1,1,3
3,9,10,28,0.4,3,3,2,2,1,353.32,0,1,1,1,3,3,5,3,3,1,1
3,9,10,29,0.05,1,3,1,1,1,282.92,1,4,3,1,3,1,15,3,1,1,3
3,9,10,30,1.8,1,2,NaN,NaN,NaN,NaN,NaN,5,1,1,1,1,14,1,1,2,2
3,9,10,31,0.2,3,1,2,2,1,286.48,1,12,1,3,3,1,6,1,3,1,3
3,9,10,32,0.2,1,3,1,1,1,278.22,1,15,3,1,3,1,17,3,1,1,3
3,9,10,33,0.2,3,3,2,2,1,357.43,0,15,1,3,3,1,4,1,1,3,3
3,9,10,34,0.2,1,3,1,2,0,340.11,0,7,1,3,1,3,9,3,3,1,1
3,9,10,35,0.8,1,3,1,1,1,320.31,0,8,3,1,3,1,7,3,1,1,3
3,9,10,36,1.8,2,3,2,2,1,225.83,1,9,1,1,2,2,3,1,3,3,1
3,9,10,37,0.1,1,2,1,1,1,344.81,0,18,3,1,3,1,16,3,1,2,2
3,9,10,38,0.8,2,2,2,2,1,225.39,1,17,3,3,2,2,11,1,3,2,2
3,9,10,39,1.8,1,3,1,1,1,195.53,1,9,3,3,3,3,13,3,1,1,3
3,9,10,40,1.8,2,2,2,2,1,198.4,1,14,3,1,2,2,15,1,3,2,2
3,9,10,41,0.1,1,3,1,1,1,255.27,1,12,1,3,1,3,8,3,1,1,3
3,9,10,42,1.8,1,1,1,1,1,223.44,1,2,3,1,3,1,13,3,1,3,1
3,9,10,43,0.05,3,1,2,2,1,299.87,1,6,3,1,1,3,7,1,1,1,1
3,9,10,44,1.8,2,3,2,2,1,215.41,1,19,1,1,2,2,19,3,1,1,3
3,9,10,45,0.8,1,3,1,1,1,230.39,1,20,1,1,1,1,6,1,3,3,1
3,9,10,46,1.8,2,1,2,2,1,252.97,1,11,1,3,2,2,13,3,1,3,1
3,9,10,47,0.05,1,3,1,1,1,293.64,1,16,3,3,3,3,3,3,1,1,3
3,9,10,48,0.2,1,3,1,2,0,231.47,1,7,1,3,1,3,18,1,1,3,3
3,9,10,49,0.2,3,1,2,2,1,251.5,1,9,1,1,3,3,17,1,1,1,1
3,9,10,50,0.2,2,3,2,1,0,219.1,1,3,3,1,2,2,17,3,3,1,1
3,9,10,51,0.1,2,2,2,1,0,317.77,0,3,1,3,2,2,3,1,3,2,2
3,9,10,52,0.8,1,3,1,1,1,235.99,1,18,1,1,1,1,11,3,1,1,3
3,9,10,53,0.8,1,3,1,1,1,271.79,1,14,3,1,3,1,5,3,3,1,1
3,9,10,54,0.8,1,3,1,1,1,256.66,1,11,3,1,3,1,3,3,1,1,3
3,9,10,55,0.4,2,2,2,2,1,-4.5683,2,6,1,3,2,2,4,3,3,2,2
3,9,10,56,0.2,3,1,2,2,1,272.1,1,1,1,1,3,3,19,3,1,3,1
3,9,10,57,0.8,2,3,2,2,1,247.38,1,7,1,3,2,2,9,1,3,3,1
3,9,10,58,0.1,1,2,1,1,1,309.61,0,6,3,1,3,1,8,3,1,2,2
3,9,10,59,0.05,2,1,2,2,1,321.29,0,20,1,1,2,2,17,3,3,3,3
3,9,10,60,0.8,2,1,2,2,1,233.78,1,3,3,3,2,2,1,3,3,3,3
3,9,10,61,0.1,3,2,2,2,1,279.84,1,16,3,1,1,3,2,3,1,2,2
3,9,10,62,0.1,3,3,2,2,1,264.79,1,6,1,1,3,3,13,1,1,3,3
3,9,10,63,0.05,2,3,2,2,1,265.94,1,8,3,3,2,2,9,1,3,3,1
3,9,10,64,0.1,2,2,2,1,0,299.85,1,15,3,1,2,2,8,3,3,2,2
3,9,10,65,0.2,3,3,2,2,1,203.69,1,12,3,1,1,3,2,1,3,3,1
3,9,10,66,0.1,1,1,1,1,1,356.94,0,10,3,1,3,1,15,1,1,1,1
3,9,10,67,0.4,1,2,1,1,1,227.53,1,5,3,3,3,3,14,3,3,2,2
3,9,10,68,1.8,3,2,2,2,1,186.5,1,18,3,1,1,3,8,1,3,2,2
3,9,10,69,0.05,2,1,2,2,1,289.97,1,2,1,3,2,2,7,3,3,3,3
3,9,10,70,0.4,1,3,1,1,1,243.19,1,18,3,1,3,1,10,3,3,1,1
3,9,10,71,0.2,3,2,2,2,1,283.21,1,4,3,3,1,1,14,1,3,2,2
3,9,10,72,0.1,2,3,2,2,1,255.16,1,7,1,3,2,2,11,1,3,3,1
3,9,10,73,0.05,2,1,2,2,1,257.58,1,14,3,3,2,2,5,1,3,1,3
3,9,10,74,0.8,1,2,1,1,1,269.07,1,7,1,3,1,3,15,3,1,2,2
3,9,10,75,0.2,2,3,2,2,1,251.45,1,1,1,3,2,2,19,1,1,3,3
3,9,10,76,0.4,3,3,2,2,1,344.54,0,12,1,3,3,1,14,3,3,1,1
3,9,10,77,0.4,3,3,2,2,1,271.76,1,11,3,3,1,1,2,3,3,1,1
3,9,10,78,0.8,3,3,2,2,1,237.82,1,17,1,1,3,3,6,3,1,1,3
