4,3,1,1,0.1,1,2,1,1,1,243.29,1,4,1,3,1,3,4,3,3,2,2
4,3,1,2,0.4,1,2,1,1,1,237.96,1,18,3,1,3,1,17,3,3,2,2
4,3,1,3,0.2,1,2,1,2,0,395.44,0,1,1,1,1,1,11,3,1,2,2
4,3,1,4,0.05,1,1,1,1,1,244.49,1,5,3,3,3,3,9,1,1,1,1
4,3,1,5,0.8,1,1,1,1,1,167.2,1,10,1,1,1,1,8,3,3,3,3
4,3,1,6,1.8,1,1,1,1,1,203.36,1,11,3,3,3,3,10,3,3,3,3
4,3,1,7,0.05,1,2,1,1,1,270.5,1,4,1,3,1,3,3,3,1,2,2
4,3,1,8,0.05,1,3,1,1,1,257.64,1,12,3,3,3,3,18,3,3,1,1
4,3,1,9,0.1,1,2,1,1,1,210.9,1,2,1,3,1,3,5,1,1,2,2
4,3,1,10,1.8,2,3,2,2,1,187.27,1,18,3,1,2,2,13,1,1,3,3
4,3,1,11,0.2,1,1,1,1,1,191.58,1,13,1,3,1,3,9,3,3,3,3
4,3,1,12,0.2,1,3,1,1,1,239.36,1,16,1,1,1,1,17,3,1,1,3
4,3,1,13,0.05,1,3,1,1,1,260.98,1,20,3,3,3,3,20,1,3,3,1
4,3,1,14,0.4,1,3,1,2,0,207.05,1,13,3,3,3,3,7,3,1,1,3
4,3,1,15,0.1,3,2,2,2,1,230.91,1,8,1,3,3,1,7,3,3,2,2
4,3,1,16,0.4,2,1,2,2,1,203.38,1,12,3,1,2,2,10,3,1,3,1
4,3,1,17,0.1,1,2,1,1,1,188.76,1,5,1,3,1,3,17,1,1,2,2
4,3,1,18,0.1,2,3,2,2,1,254.54,1,4,3,1,2,2,16,3,3,1,1
4,3,1,19,0.4,2,3,2,2,1,182.46,1,1,3,1,2,2,16,1,1,3,3
4,3,1,20,1.8,1,3,1,1,1,193.27,1,16,3,3,3,3,8,1,3,3,1
4,3,1,21,1.8,2,3,2,2,1,206.17,1,7,1,1,2,2,3,1,1,3,3
4,3,1,22,0.8,1,3,1,1,1,228.99,1,12,3,3,3,3,9,3,3,1,1
4,3,1,23,1.8,1,1,1,1,1,225.75,1,16,1,1,1,1,18,1,3,1,3
4,3,1,24,1.8,1,2,1,1,1,183.57,1,12,3,3,3,3,11,1,1,2,2
4,3,1,25,0.1,1,1,1,1,1,240.6,1,14,1,3,1,3,2,3,3,3,3
4,3,1,26,0.2,2,2,2,2,1,226.03,1,5,3,3,2,2,12,3,3,2,2
4,3,1,27,0.05,1,2,1,1,1,252.75,1,7,1,3,1,3,18,3,1,2,2
4,3,1,28,0.8,1,3,1,1,1,214.05,1,18,3,1,3,1,4,3,1,1,3
4,3,1,29,0.8,1,2,1,1,1,216.64,1,2,3,3,3,3,20,3,3,2,2
4,3,1,30,0.8,3,2,2,2,1,215.3,1,17,1,1,3,3,1,3,3,2,2
4,3,1,31,1.8,1,1,1,1,1,182.4,1,16,1,3,1,3,8,1,1,1,1
4,3,1,32,0.05,1,2,1,1,1,246.79,1,8,1,3,1,3,20,1,1,2,2
4,3,1,33,0.1,1,1,1,1,1,246.33,1,17,3,3,3,3,4,3,3,3,3
4,3,1,34,0.2,1,1,1,1,1,267.52,1,20,3,3,3,3,10,1,3,1,3
4,3,1,35,0.4,1,1,1,1,1,208.64,1,16,1,3,1,3,9,1,3,1,3
4,3,1,36,0.4,3,1,2,2,1,199.36,1,20,3,1,1,3,13,3,3,3,3
4,3,1,37,0.05,1,2,1,1,1,277.96,1,8,3,1,3,1,13,1,1,2,2
4,3,1,38,0.1,1,1,1,1,1,268.64,1,18,3,3,3,3,11,3,1,3,1
4,3,1,39,0.8,2,1,2,2,1,184.53,1,19,3,3,2,2,11,1,3,1,3
4,3,1,40,0.1,2,2,2,2,1,281.61,1,4,1,3,2,2,3,3,3,2,2
4,3,1,41,0.2,2,2,2,2,1,241.05,1,1,3,3,2,2,10,1,1,2,2
4,3,1,42,0.8,1,1,1,1,1,219.27,1,6,1,1,1,1,14,1,3,1,3
4,3,1,43,0.1,2,2,2,2,1,437.66,0,17,3,1,2,2,14,1,1,2,2
4,3,1,44,0.8,2,1,2,2,1,244.64,1,16,1,3,2,2,1,3,3,3,3
4,3,1,45,1.8,1,1,1,1,1,210.21,1,15,3,3,3,3,18,1,3,1,3
4,3,1,46,0.4,2,3,2,2,1,206.11,1,9,3,1,2,2,10,3,1,1,3
4,3,1,47,0.2,3,1,2,2,1,253.49,1,9,1,1,3,3,6,3,3,3,3
4,3,1,48,0.2,1,1,1,1,1,225.23,1,16,3,3,3,3,6,3,3,3,3
4,3,1,49,1.8,1,3,NaN,NaN,NaN,NaN,NaN,3,1,3,1,3,1,3,1,1,3
4,3,1,50,0.2,1,3,1,1,1,234.22,1,2,3,3,3,3,12,1,3,3,1
4,3,1,51,0.1,2,1,2,2,1,368.45,0,14,1,1,2,2,2,3,1,3,1
4,3,1,52,0.05,1,3,1,1,1,298.78,1,7,3,1,3,1,11,3,3,1,1
4,3,1,53,0.8,2,3,2,2,1,215.92,1,17,3,3,2,2,19,1,3,3,1
4,3,1,54,1.8,1,3,1,2,0,213.61,1,11,1,1,1,1,3,3,3,1,1
4,3,1,55,0.05,3,1,2,2,1,356.65,0,16,3,1,1,3,2,1,1,1,1
4,3,1,56,0.05,2,2,2,1,0,323.91,0,1,3,1,2,2,18,3,1,2,2
4,3,1,57,0.2,1,2,1,1,1,276.12,1,5,1,3,1,3,7,3,1,2,2
4,3,1,58,0.4,3,1,2,2,1,189.52,1,5,1,3,3,1,8,3,3,3,3
4,3,1,59,1.8,1,3,1,1,1,201.91,1,15,3,1,3,1,13,3,3,1,1
4,3,1,60,0.2,2,3,2,2,1,254.03,1,13,3,1,2,2,6,3,1,1,3
4,3,1,61,0.8,1,2,1,1,1,215.5,1,1,1,1,1,1,8,3,1,2,2
4,3,1,62,1.8,3,3,2,2,1,223.3,1,17,3,3,1,1,11,3,1,1,3
4,3,1,63,0.4,1,2,1,1,1,217.74,1,12,1,1,1,1,9,3,3,2,2
4,3,1,64,0.05,1,3,1,2,0,384.26,0,18,3,3,3,3,8,1,3,3,1
4,3,1,65,0.4,2,2,2,1,0,225.88,1,13,1,3,2,2,14,1,1,2,2
4,3,1,66,0.05,1,3,1,2,0,283.88,1,1,3,1,3,1,1,3,1,1,3
4,3,1,67,0.4,3,3,2,2,1,247.36,1,14,1,3,3,1,18,1,1,3,3
4,3,1,68,0.05,3,3,2,2,1,352.74,0,19,3,1,1,3,18,1,3,3,1
4,3,1,69,0.4,3,3,2,2,1,197.9,1,9,3,1,1,3,4,1,1,3,3
4,3,1,70,0.8,1,1,1,1,1,216.18,1,4,3,3,3,3,1,3,3,3,3
4,3,1,71,0.1,2,2,2,2,1,265.04,1,18,1,1,2,2,11,3,3,2,2
4,3,1,72,0.4,2,3,2,2,1,212.4,1,1,3,3,2,2,9,1,3,3,1
4,3,1,73,0.2,2,2,2,1,0,211.35,1,11,3,1,2,2,2,3,3,2,2
4,3,1,74,0.1,3,1,2,1,0,284.8,1,16,1,1,3,3,20,3,3,3,3
4,3,1,75,1.8,2,3,2,2,1,232.48,1,5,3,1,2,2,20,3,1,1,3
4,3,1,76,0.8,1,2,1,1,1,211.44,1,6,3,1,3,1,3,1,1,2,2
4,3,1,77,0.2,2,1,2,2,1,233.83,1,7,1,1,2,2,7,3,1,3,1
4,3,1,78,0.8,1,1,1,1,1,232.22,1,1,3,3,3,3,20,1,3,1,3
4,3,2,1,0.1,1,3,1,1,1,241.92,1,16,3,3,3,3,7,1,1,3,3
4,3,2,2,0.2,1,1,1,1,1,237.96,1,9,1,1,1,1,18,1,3,1,3
4,3,2,3,0.1,2,2,2,2,1,300.34,0,8,3,1,2,2,15,1,3,2,2
4,3,2,4,0.1,1,1,1,1,1,270.44,1,18,3,3,3,3,4,3,3,3,3
4,3,2,5,0.2,1,1,1,1,1,211.26,1,19,3,1,3,1,12,1,3,1,3
4,3,2,6,0.1,1,2,1,2,0,248.05,1,14,1,3,1,3,3,1,3,2,2
4,3,2,7,0.05,1,1,1,1,1,272.86,1,19,1,3,1,3,11,1,1,1,1
4,3,2,8,0.4,2,3,2,2,1,217.31,1,7,3,1,2,2,10,1,3,3,1
4,3,2,9,0.05,1,1,1,1,1,296.33,1,18,1,1,1,1,14,3,3,3,3
4,3,2,10,0.1,3,2,2,2,1,294.92,1,10,3,3,1,1,5,1,3,2,2
4,3,2,11,1.8,1,3,1,1,1,208.17,1,5,3,3,3,3,8,1,1,3,3
4,3,2,12,0.05,3,2,2,2,1,380.9,0,17,3,1,1,3,10,3,1,2,2
4,3,2,13,0.05,2,2,2,1,0,326.01,0,5,3,3,2,2,3,1,3,2,2
4,3,2,14,0.1,2,1,2,2,1,278.89,1,19,1,1,2,2,7,1,1,1,1
4,3,2,15,0.1,2,1,2,2,1,309.23,0,7,3,1,2,2,8,3,1,3,1
4,3,2,16,0.8,1,2,1,2,0,192.73,1,16,1,3,1,3,12,1,1,2,2
4,3,2,17,0.2,2,3,2,2,1,209.56,1,14,1,3,2,2,15,3,1,1,3
4,3,2,18,0.1,3,1,2,2,1,254.9,1,10,3,1,1,3,16,1,1,1,1
4,3,2,19,0.2,2,1,2,1,0,280.75,1,6,1,3,2,2,8,1,1,1,1
4,3,2,20,0.8,1,2,1,1,1,446.13,0,11,3,3,3,3,19,1,3,2,2
4,3,2,21,0.8,1,1,1,1,1,208.67,1,12,1,3,1,3,17,3,1,3,1
4,3,2,22,1.8,2,2,2,2,1,229.67,1,14,1,3,2,2,2,1,3,2,2
4,3,2,23,1.8,3,3,2,2,1,161.67,1,5,1,3,3,1,12,3,3,1,1
4,3,2,24,0.05,1,2,1,1,1,291.54,1,2,3,3,3,3,15,1,1,2,2
4,3,2,25,0.2,3,2,2,2,1,224.49,1,6,3,1,1,3,1,3,3,2,2
4,3,2,26,0.1,1,3,1,1,1,206.8,1,11,3,1,3,1,8,1,1,3,3
4,3,2,27,0.4,1,2,1,1,1,227.11,1,13,3,1,3,1,20,3,1,2,2
4,3,2,28,0.8,3,1,2,2,1,220.48,1,19,1,3,3,1,15,3,1,3,1
4,3,2,29,1.8,1,2,1,1,1,224.16,1,11,1,1,1,1,16,3,1,2,2
4,3,2,30,0.2,1,3,1,1,1,188.95,1,2,1,1,1,1,1,3,1,1,3
4,3,2,31,0.4,3,3,2,2,1,217.33,1,20,3,3,1,1,11,1,3,3,1
4,3,2,32,0.05,2,3,2,1,0,268.05,1,6,1,3,2,2,8,3,3,1,1
4,3,2,33,0.4,1,2,1,2,0,324.99,0,6,3,3,3,3,9,1,3,2,2
4,3,2,34,1.8,1,1,1,1,1,240.18,1,1,1,1,1,1,11,1,3,1,3
4,3,2,35,0.4,1,2,1,1,1,224.14,1,18,1,1,1,1,6,3,1,2,2
4,3,2,36,0.4,1,2,1,1,1,209.03,1,15,1,1,1,1,14,3,1,2,2
4,3,2,37,0.4,1,2,1,1,1,242.55,1,17,1,3,1,3,11,3,1,2,2
4,3,2,38,0.8,3,1,2,2,1,187.7,1,8,3,1,1,3,4,1,3,1,3
4,3,2,39,0.4,3,2,2,2,1,240.26,1,11,3,3,1,1,4,3,1,2,2
4,3,2,40,0.8,1,2,NaN,NaN,NaN,NaN,NaN,20,3,3,3,3,15,3,1,2,2
4,3,2,41,0.8,1,3,1,1,1,217.59,1,20,3,1,3,1,8,3,1,1,3
4,3,2,42,0.8,3,3,2,2,1,229.2,1,5,1,3,3,1,13,3,1,1,3
4,3,2,43,1.8,1,2,1,1,1,210.1,1,10,3,1,3,1,6,3,3,2,2
4,3,2,44,0.1,3,3,2,2,1,279.38,1,8,1,3,3,1,16,3,1,1,3
4,3,2,45,0.8,3,1,2,2,1,208.58,1,18,3,3,1,1,15,1,3,1,3
4,3,2,46,0.8,1,3,1,1,1,221.3,1,19,3,1,3,1,14,1,3,3,1
4,3,2,47,0.1,3,2,2,2,1,364.48,0,10,1,1,3,3,1,3,1,2,2
4,3,2,48,1.8,2,1,2,2,1,211.26,1,16,1,1,2,2,19,3,3,3,3
4,3,2,49,0.05,1,1,1,1,1,251.29,1,5,3,1,3,1,12,1,1,1,1
4,3,2,50,0.1,2,1,2,1,0,289.2,1,16,1,1,2,2,5,1,1,1,1
4,3,2,51,0.05,1,3,1,1,1,231.08,1,10,1,1,1,1,10,3,1,1,3
4,3,2,52,0.4,3,1,2,2,1,220.92,1,3,3,3,1,1,13,1,1,1,1
4,3,2,53,1.8,1,3,1,1,1,209.75,1,8,1,3,1,3,15,3,1,1,3
4,3,2,54,1.8,1,1,1,1,1,214.36,1,19,3,3,3,3,10,3,3,3,3
4,3,2,55,0.05,1,1,1,1,1,250.89,1,12,3,1,3,1,15,1,1,1,1
4,3,2,56,0.05,1,2,1,1,1,230.52,1,2,1,3,1,3,13,1,1,2,2
4,3,2,57,1.8,2,1,2,2,1,241.96,1,20,1,3,2,2,18,3,3,3,3
4,3,2,58,0.05,2,1,2,1,0,272.28,1,19,1,1,2,2,9,3,3,3,3
4,3,2,59,0.2,2,2,2,1,0,261.05,1,4,3,3,2,2,9,1,1,2,2
4,3,2,60,0.2,1,3,1,1,1,221.95,1,19,3,1,3,1,14,1,1,3,3
4,3,2,61,0.4,2,1,2,1,0,228.83,1,7,3,1,2,2,5,1,1,1,1
4,3,2,62,0.4,2,2,2,1,0,242.78,1,12,1,3,2,2,17,1,1,2,2
4,3,2,63,0.2,2,1,2,1,0,244.22,1,15,1,1,2,2,5,1,1,1,1
4,3,2,64,0.2,1,1,1,1,1,156.96,1,7,3,1,3,1,20,3,1,3,1
4,3,2,65,0.2,3,2,2,2,1,240.77,1,15,1,3,3,1,13,1,1,2,2
4,3,2,66,1.8,1,3,1,2,0,234.25,1,16,1,3,1,3,13,3,1,1,3
4,3,2,67,0.05,1,1,1,1,1,235.13,1,5,3,1,3,1,16,1,3,1,3
4,3,2,68,0.8,1,1,1,1,1,204.37,1,12,3,3,3,3,13,1,1,1,1
4,3,2,69,0.8,2,2,2,2,1,215.63,1,13,3,1,2,2,18,3,1,2,2
4,3,2,70,0.05,1,2,1,1,1,277.79,1,15,1,3,1,3,15,3,3,2,2
4,3,2,71,0.4,3,3,2,2,1,210.18,1,8,3,3,1,1,5,3,1,1,3
4,3,2,72,0.1,3,2,2,2,1,308.24,0,5,1,3,3,1,1,1,3,2,2
4,3,2,73,0.8,2,1,2,2,1,197.4,1,19,1,1,2,2,15,3,3,3,3
4,3,2,74,0.2,1,2,1,1,1,267.01,1,16,1,3,1,3,3,1,1,2,2
4,3,2,75,1.8,1,3,1,1,1,211.95,1,8,1,3,1,3,13,1,1,3,3
4,3,2,76,1.8,3,3,2,2,1,205.73,1,16,3,1,1,3,17,1,1,3,3
4,3,2,77,0.4,1,3,1,1,1,208.87,1,14,3,3,3,3,1,1,3,3,1
4,3,2,78,0.2,1,3,1,1,1,276.32,1,19,3,1,3,1,5,1,1,3,3
4,3,3,1,0.1,1,3,1,1,1,381.48,0,4,3,3,3,3,13,1,3,3,1
4,3,3,2,1.8,1,2,1,2,0,212.04,1,18,3,1,3,1,16,3,3,2,2
4,3,3,3,0.1,1,3,1,1,1,229.28,1,7,1,3,1,3,9,3,1,1,3
4,3,3,4,0.1,1,1,1,1,1,216.65,1,16,1,3,1,3,3,1,3,1,3
4,3,3,5,0.8,1,2,1,1,1,246.59,1,5,3,1,3,1,6,1,1,2,2
4,3,3,6,0.1,1,3,1,1,1,295.61,1,12,3,1,3,1,1,3,1,1,3
4,3,3,7,0.4,3,1,2,2,1,197.87,1,1,1,1,3,3,14,1,3,1,3
4,3,3,8,0.2,1,3,1,1,1,217.92,1,11,3,3,3,3,15,3,3,1,1
4,3,3,9,1.8,2,2,2,2,1,266.72,1,18,3,1,2,2,14,3,1,2,2
4,3,3,10,1.8,2,2,NaN,NaN,NaN,NaN,NaN,19,1,3,2,2,4,3,1,2,2
4,3,3,11,0.4,2,2,2,2,1,228.75,1,5,3,1,2,2,8,1,3,2,2
4,3,3,12,0.05,3,3,2,2,1,314.01,0,19,1,1,3,3,10,3,1,1,3
4,3,3,13,0.1,1,2,1,1,1,215.81,1,14,1,3,1,3,18,1,1,2,2
4,3,3,14,0.4,1,3,1,2,0,218.3,1,18,1,1,1,1,11,3,1,1,3
4,3,3,15,0.2,1,2,1,1,1,251.75,1,4,3,3,3,3,18,1,1,2,2
4,3,3,16,0.4,2,2,2,2,1,135.77,1,6,1,1,2,2,20,3,3,2,2
4,3,3,17,0.05,1,3,1,1,1,228.49,1,18,3,3,3,3,16,3,1,1,3
4,3,3,18,0.8,1,2,1,1,1,223.12,1,9,1,1,1,1,4,3,3,2,2
4,3,3,19,0.1,1,2,1,1,1,287.33,1,14,1,1,1,1,16,3,1,2,2
4,3,3,20,0.8,1,1,1,1,1,192.09,1,2,3,1,3,1,7,3,1,3,1
4,3,3,21,0.2,1,3,1,1,1,213.79,1,11,1,1,1,1,5,1,3,3,1
4,3,3,22,0.8,2,3,2,2,1,192.64,1,8,3,1,2,2,12,3,3,1,1
4,3,3,23,0.1,2,1,2,1,0,242.65,1,4,1,3,2,2,12,1,1,1,1
4,3,3,24,0.05,3,3,2,2,1,311.65,0,20,3,3,1,1,19,1,1,3,3
4,3,3,25,0.05,1,1,1,1,1,268.62,1,1,3,3,3,3,3,3,1,3,1
4,3,3,26,0.1,1,3,1,1,1,274.65,1,18,3,1,3,1,2,3,3,1,1
4,3,3,27,0.2,1,1,1,1,1,192.55,1,3,1,1,1,1,17,1,3,1,3
4,3,3,28,0.8,1,3,1,1,1,229.28,1,14,1,3,1,3,6,1,3,3,1
4,3,3,29,0.05,2,1,2,2,1,308.43,0,2,3,3,2,2,2,3,1,3,1
4,3,3,30,0.8,2,2,2,2,1,219.38,1,4,1,3,2,2,5,3,3,2,2
4,3,3,31,0.8,3,2,2,2,1,210.43,1,15,1,3,3,1,9,1,1,2,2
4,3,3,32,0.05,1,3,1,1,1,322.12,0,15,1,1,1,1,7,1,3,3,1
4,3,3,33,0.1,3,3,2,2,1,255.05,1,4,3,3,1,1,12,3,1,1,3
4,3,3,34,0.8,1,2,1,1,1,195.69,1,13,1,1,1,1,1,3,3,2,2
4,3,3,35,1.8,1,2,1,1,1,219.5,1,10,1,1,1,1,4,3,1,2,2
4,3,3,36,0.4,1,3,1,1,1,194.83,1,8,1,3,1,3,20,3,3,1,1
4,3,3,37,0.2,2,1,2,2,1,237.07,1,3,1,1,2,2,13,1,1,1,1
4,3,3,38,0.1,1,2,1,1,1,262.08,1,9,3,1,3,1,6,3,3,2,2
4,3,3,39,0.2,2,2,2,2,1,259.29,1,6,3,1,2,2,13,3,1,2,2
4,3,3,40,0.1,2,3,2,2,1,286.36,1,14,1,1,2,2,1,1,1,3,3
4,3,3,41,0.4,2,1,2,1,0,258.28,1,7,1,1,2,2,16,3,3,3,3
4,3,3,42,0.8,3,2,2,2,1,319.12,0,7,3,3,1,1,20,1,1,2,2
4,3,3,43,0.8,3,2,2,2,1,194.47,1,10,1,3,3,1,3,3,1,2,2
4,3,3,44,0.8,3,1,2,1,0,178.24,1,12,1,1,3,3,17,1,1,1,1
4,3,3,45,0.4,1,1,1,1,1,219.8,1,12,3,1,3,1,10,1,3,1,3
4,3,3,46,0.1,1,1,1,1,1,251.13,1,16,3,1,3,1,5,1,3,1,3
4,3,3,47,0.4,2,3,2,2,1,192.95,1,4,1,1,2,2,1,1,1,3,3
4,3,3,48,1.8,1,1,1,1,1,187.6,1,19,1,1,1,1,12,1,3,1,3
4,3,3,49,0.05,2,1,2,2,1,326.74,0,18,1,3,2,2,18,3,1,3,1
4,3,3,50,0.8,1,3,1,1,1,195.32,1,2,1,3,1,3,2,3,1,1,3
4,3,3,51,1.8,1,2,1,1,1,202.43,1,7,3,1,3,1,13,1,3,2,2
4,3,3,52,1.8,3,3,NaN,NaN,NaN,NaN,NaN,1,3,3,1,1,19,1,1,3,3
4,3,3,53,0.8,1,2,1,1,1,219.47,1,16,1,1,1,1,5,3,3,2,2
4,3,3,54,0.2,1,3,1,1,1,192.85,1,17,3,1,3,1,15,3,1,1,3
4,3,3,55,0.2,3,2,2,2,1,216.37,1,15,3,1,1,3,14,1,3,2,2
4,3,3,56,0.2,2,3,2,2,1,420.1,0,10,3,1,2,2,3,1,3,3,1
4,3,3,57,1.8,1,2,1,1,1,211.42,1,16,1,1,1,1,9,3,1,2,2
4,3,3,58,0.05,1,3,1,1,1,242.06,1,3,1,3,1,3,12,1,3,3,1
4,3,3,59,1.8,2,2,2,2,1,204.87,1,9,3,3,2,2,12,3,1,2,2
4,3,3,60,0.05,1,3,1,1,1,281.83,1,8,3,1,3,1,4,3,1,1,3
4,3,3,61,0.4,3,1,2,2,1,203.27,1,14,1,1,3,3,4,3,1,3,1
4,3,3,62,0.4,1,2,1,1,1,203.25,1,18,3,1,3,1,3,1,1,2,2
4,3,3,63,0.4,1,3,1,2,0,214.88,1,17,1,1,1,1,19,1,3,3,1
4,3,3,64,1.8,2,3,2,2,1,200.6,1,16,3,1,2,2,1,1,1,3,3
4,3,3,65,0.1,2,2,2,1,0,270.14,1,7,1,3,2,2,1,3,1,2,2
4,3,3,66,1.8,1,3,1,1,1,198.75,1,3,3,3,3,3,1,3,1,1,3
4,3,3,67,0.05,2,1,2,2,1,280.12,1,20,1,1,2,2,14,1,1,1,1
4,3,3,68,0.4,1,3,1,1,1,213.59,1,12,1,3,1,3,9,1,3,3,1
4,3,3,69,0.2,1,3,1,1,1,223.95,1,10,3,3,3,3,12,3,1,1,3
4,3,3,70,1.8,1,1,1,1,1,197.16,1,18,1,3,1,3,15,3,1,3,1
4,3,3,71,0.05,2,2,2,2,1,281.22,1,16,3,3,2,2,14,3,1,2,2
4,3,3,72,0.05,2,3,2,1,0,276.22,1,9,3,3,2,2,8,1,1,3,3
4,3,3,73,0.05,2,2,2,2,1,280.26,1,5,3,3,2,2,8,1,3,2,2
4,3,3,74,0.2,2,1,2,2,1,220.45,1,19,3,1,2,2,6,3,3,3,3
4,3,3,75,0.2,3,3,2,2,1,234.7,1,12,1,1,3,3,12,1,1,3,3
4,3,3,76,0.4,1,2,1,1,1,216.5,1,9,1,3,1,3,13,3,1,2,2
4,3,3,77,0.2,1,3,1,1,1,221.09,1,17,1,3,1,3,7,3,3,1,1
4,3,3,78,1.8,2,1,2,2,1,224.61,1,1,1,1,2,2,15,1,3,1,3
4,3,4,1,0.4,1,3,1,2,0,204.58,1,7,1,3,1,3,8,1,3,3,1
4,3,4,2,0.8,1,2,1,1,1,205.07,1,5,3,3,3,3,13,3,3,2,2
4,3,4,3,0.1,2,3,2,2,1,271.17,1,6,1,1,2,2,9,1,1,3,3
4,3,4,4,0.2,2,3,2,2,1,277.52,1,10,1,1,2,2,4,3,1,1,3
4,3,4,5,0.1,1,1,1,1,1,246.21,1,19,1,1,1,1,2,1,1,1,1
4,3,4,6,0.8,2,2,2,2,1,212.56,1,13,1,1,2,2,7,1,3,2,2
4,3,4,7,0.2,3,1,2,1,0,252.35,1,12,1,3,3,1,3,1,1,1,1
4,3,4,8,0.4,3,3,2,2,1,205.39,1,14,1,1,3,3,17,3,3,1,1
4,3,4,9,0.2,1,2,1,1,1,168.07,1,20,1,1,1,1,14,1,1,2,2
4,3,4,10,0.1,2,2,2,1,0,209.45,1,13,3,1,2,2,3,1,1,2,2
4,3,4,11,1.8,1,2,1,1,1,156.9,1,6,3,3,3,3,5,3,1,2,2
4,3,4,12,0.1,1,3,1,1,1,198.28,1,3,1,3,1,3,6,3,1,1,3
4,3,4,13,0.8,1,1,1,1,1,225.91,1,12,1,1,1,1,8,1,1,1,1
4,3,4,14,0.4,1,1,1,1,1,195.56,1,15,1,3,1,3,10,3,1,3,1
4,3,4,15,0.4,2,2,2,2,1,208.18,1,4,1,1,2,2,6,1,1,2,2
4,3,4,16,0.4,1,1,1,1,1,201.85,1,15,3,1,3,1,13,3,3,3,3
4,3,4,17,1.8,3,3,NaN,NaN,NaN,NaN,NaN,3,1,1,3,3,1,1,1,3,3
4,3,4,18,0.1,2,1,2,1,0,302.71,0,20,3,1,2,2,7,1,3,1,3
4,3,4,19,0.1,2,3,2,2,1,284.95,1,4,3,1,2,2,8,3,3,1,1
4,3,4,20,0.05,3,1,2,2,1,296.86,1,10,3,1,1,3,7,1,1,1,1
4,3,4,21,0.4,2,1,2,2,1,220.68,1,19,3,3,2,2,2,1,3,1,3
4,3,4,22,0.2,2,2,2,2,1,302.77,0,17,3,1,2,2,4,1,1,2,2
4,3,4,23,0.4,2,2,2,2,1,215.12,1,16,3,1,2,2,6,1,3,2,2
4,3,4,24,0.05,3,2,2,2,1,430.43,0,12,1,3,3,1,5,3,3,2,2
4,3,4,25,0.4,3,2,2,2,1,207.94,1,17,3,1,1,3,19,1,1,2,2
4,3,4,26,0.8,2,1,2,2,1,197.51,1,20,3,1,2,2,2,3,3,3,3
4,3,4,27,0.8,1,3,1,1,1,219.96,1,2,1,1,1,1,15,3,1,1,3
4,3,4,28,0.2,1,2,1,1,1,192.22,1,10,3,1,3,1,2,3,1,2,2
4,3,4,29,0.05,1,1,1,1,1,314.84,0,19,1,1,1,1,16,1,3,1,3
4,3,4,30,0.1,2,3,2,2,1,374.72,0,20,1,1,2,2,20,3,3,1,1
4,3,4,31,0.1,1,1,1,1,1,231.71,1,17,3,1,3,1,6,3,3,3,3
4,3,4,32,0.2,1,2,1,1,1,206.33,1,14,1,1,1,1,10,3,3,2,2
4,3,4,33,1.8,3,3,2,2,1,213.17,1,4,3,1,1,3,6,1,3,3,1
4,3,4,34,0.4,1,1,1,1,1,202.67,1,2,1,3,1,3,20,3,1,3,1
4,3,4,35,0.05,1,3,1,1,1,280.65,1,16,1,3,1,3,9,3,3,1,1
4,3,4,36,0.2,2,1,2,2,1,207.16,1,14,3,3,2,2,15,3,1,3,1
4,3,4,37,0.05,1,3,1,1,1,270.8,1,15,1,1,1,1,15,1,3,3,1
4,3,4,38,0.1,1,1,1,1,1,383.08,0,20,1,3,1,3,2,1,3,1,3
4,3,4,39,0.4,1,3,1,1,1,251.79,1,15,3,1,3,1,18,1,3,3,1
4,3,4,40,1.8,1,2,NaN,NaN,NaN,NaN,NaN,11,1,3,1,3,12,1,3,2,2
4,3,4,41,0.2,2,2,2,2,1,231.57,1,3,3,3,2,2,18,1,3,2,2
4,3,4,42,0.8,2,3,2,2,1,215.9,1,13,3,1,2,2,11,3,3,1,1
4,3,4,43,0.8,3,2,2,2,1,210.24,1,6,3,3,1,1,7,3,1,2,2
4,3,4,44,0.2,1,3,1,1,1,240.37,1,11,1,1,1,1,8,1,1,3,3
4,3,4,45,0.8,3,2,2,2,1,218.15,1,1,1,1,3,3,19,3,3,2,2
4,3,4,46,0.8,1,2,1,1,1,214.43,1,15,1,1,1,1,3,3,1,2,2
4,3,4,47,1.8,1,3,1,1,1,223.03,1,13,1,1,1,1,7,3,3,1,1
4,3,4,48,1.8,2,2,2,2,1,220.96,1,17,3,3,2,2,13,3,3,2,2
4,3,4,49,0.05,1,2,1,1,1,288.11,1,12,3,3,3,3,9,1,3,2,2
4,3,4,50,1.8,2,3,2,2,1,239.86,1,17,1,1,2,2,4,1,1,3,3
4,3,4,51,0.2,3,1,2,2,1,202.33,1,8,1,1,3,3,12,1,3,1,3
4,3,4,52,0.4,1,3,1,1,1,213.84,1,20,3,1,3,1,4,1,3,3,1
4,3,4,53,1.8,2,3,2,1,0,206.18,1,13,3,3,2,2,20,1,3,3,1
4,3,4,54,0.1,1,2,1,1,1,294.19,1,16,1,3,1,3,12,3,1,2,2
4,3,4,55,1.8,1,3,1,1,1,201.03,1,10,3,1,3,1,14,1,1,3,3
4,3,4,56,1.8,1,2,1,1,1,225.65,1,19,3,3,3,3,11,1,1,2,2
4,3,4,57,0.1,1,2,1,1,1,235.33,1,5,1,1,1,1,16,3,1,2,2
4,3,4,58,0.8,1,3,1,1,1,210.69,1,1,1,3,1,3,5,1,1,3,3
4,3,4,59,1.8,1,3,1,1,1,253.16,1,20,3,1,3,1,13,1,3,3,1
4,3,4,60,0.05,3,2,2,2,1,290.28,1,20,1,1,3,3,7,3,1,2,2
4,3,4,61,0.2,1,1,1,1,1,271.78,1,14,1,1,1,1,13,1,1,1,1
4,3,4,62,0.8,3,1,2,2,1,188.97,1,2,1,3,3,1,15,3,3,3,3
4,3,4,63,0.4,1,1,1,1,1,211.33,1,14,1,1,1,1,11,1,1,1,1
4,3,4,64,0.2,2,1,2,1,0,217.53,1,20,1,3,2,2,11,3,3,3,3
4,3,4,65,0.8,1,3,1,1,1,215.95,1,10,3,1,3,1,15,3,3,1,1
4,3,4,66,0.1,2,2,2,1,0,223.33,1,10,3,3,2,2,8,1,3,2,2
4,3,4,67,0.05,3,3,2,2,1,280.99,1,1,3,1,1,3,1,3,1,1,3
4,3,4,68,0.05,1,2,1,1,1,279.93,1,19,3,3,3,3,15,1,3,2,2
4,3,4,69,0.4,2,1,2,2,1,226.14,1,17,1,1,2,2,1,3,1,3,1
4,3,4,70,1.8,2,2,2,2,1,219.74,1,3,3,3,2,2,10,1,3,2,2
4,3,4,71,0.2,1,2,1,1,1,214.68,1,16,1,3,1,3,7,1,3,2,2
4,3,4,72,0.05,2,3,2,2,1,287.51,1,6,1,1,2,2,8,1,3,3,1
4,3,4,73,0.05,1,2,1,1,1,209.29,1,11,3,1,3,1,11,3,1,2,2
4,3,4,74,1.8,2,3,2,2,1,238.87,1,2,1,3,2,2,3,3,1,1,3
4,3,4,75,0.05,1,1,1,1,1,298.48,1,13,3,1,3,1,9,3,3,3,3
4,3,4,76,0.8,2,3,2,2,1,282.21,1,12,1,1,2,2,17,3,1,1,3
4,3,4,77,0.1,1,2,1,2,0,265.43,1,3,3,3,3,3,9,1,3,2,2
4,3,4,78,0.05,1,1,1,1,1,265.72,1,10,3,1,3,1,1,3,1,3,1
4,3,5,1,1.8,3,1,2,2,1,243.66,1,18,1,3,3,1,8,1,3,1,3
4,3,5,2,0.8,2,3,2,2,1,209.65,1,6,3,3,2,2,11,3,3,1,1
4,3,5,3,0.05,2,3,2,2,1,390.09,0,14,1,3,2,2,8,3,3,1,1
4,3,5,4,0.4,1,2,1,1,1,180.23,1,16,3,3,3,3,20,1,1,2,2
4,3,5,5,1.8,1,3,1,2,0,214.75,1,10,3,1,3,1,3,3,1,1,3
4,3,5,6,0.2,1,3,1,1,1,230.55,1,1,3,1,3,1,2,3,1,1,3
4,3,5,7,1.8,3,1,2,2,1,200.54,1,20,1,1,3,3,13,3,1,3,1
4,3,5,8,0.4,1,2,1,1,1,255.37,1,18,1,1,1,1,6,1,3,2,2
4,3,5,9,0.05,2,2,2,1,0,231.74,1,12,1,3,2,2,12,3,1,2,2
4,3,5,10,0.2,1,3,1,1,1,227.75,1,5,3,1,3,1,19,1,1,3,3
4,3,5,11,0.8,1,1,1,1,1,206.75,1,14,3,1,3,1,19,3,3,3,3
4,3,5,12,0.2,2,2,2,2,1,239.27,1,3,3,1,2,2,8,3,3,2,2
4,3,5,13,0.2,2,3,2,2,1,252.58,1,6,3,3,2,2,17,1,1,3,3
4,3,5,14,0.8,3,2,2,2,1,217.39,1,4,1,3,3,1,12,3,3,2,2
4,3,5,15,0.2,2,2,2,2,1,221.62,1,18,1,1,2,2,6,1,1,2,2
4,3,5,16,0.2,1,2,1,2,0,220.52,1,19,1,3,1,3,16,1,3,2,2
4,3,5,17,0.2,3,2,2,2,1,221,1,16,3,1,1,3,6,1,3,2,2
4,3,5,18,0.2,3,2,2,2,1,213.54,1,12,3,1,1,3,11,3,3,2,2
4,3,5,19,0.05,1,2,1,1,1,254.25,1,3,1,1,1,1,10,3,1,2,2
4,3,5,20,0.2,3,2,2,2,1,204.17,1,18,3,3,1,1,3,3,1,2,2
4,3,5,21,0.1,1,3,1,1,1,278.69,1,19,1,1,1,1,16,3,1,1,3
4,3,5,22,0.4,1,2,1,1,1,199.94,1,15,1,1,1,1,20,3,1,2,2
4,3,5,23,1.8,2,1,2,2,1,194.51,1,14,3,3,2,2,5,1,1,1,1
4,3,5,24,0.05,3,3,2,2,1,346.14,0,9,1,1,3,3,14,3,1,1,3
4,3,5,25,1.8,2,3,2,2,1,204.98,1,2,1,1,2,2,8,1,3,3,1
4,3,5,26,0.2,1,1,1,1,1,254.07,1,19,1,1,1,1,19,3,1,3,1
4,3,5,27,0.2,3,2,2,2,1,210.68,1,14,1,3,3,1,10,3,1,2,2
4,3,5,28,0.05,2,2,2,2,1,305.16,0,2,3,3,2,2,9,1,3,2,2
4,3,5,29,0.1,2,3,2,2,1,245.02,1,11,3,1,2,2,19,1,1,3,3
4,3,5,30,0.2,3,1,2,2,1,215.65,1,20,1,1,3,3,7,3,1,3,1
4,3,5,31,0.1,2,2,2,1,0,252.21,1,11,1,1,2,2,6,1,1,2,2
4,3,5,32,0.05,2,1,2,2,1,518.99,0,9,3,3,2,2,14,3,3,3,3
4,3,5,33,1.8,3,3,2,2,1,217.98,1,4,3,1,1,3,18,1,3,3,1
4,3,5,34,0.4,3,1,2,2,1,199.96,1,8,3,3,1,1,20,3,1,3,1
4,3,5,35,0.1,1,1,1,1,1,282.34,1,7,1,3,1,3,20,3,3,3,3
4,3,5,36,0.8,1,1,1,1,1,207.22,1,7,3,3,3,3,5,1,1,1,1
4,3,5,37,0.4,1,3,1,1,1,190.2,1,19,1,1,1,1,20,3,1,1,3
4,3,5,38,0.8,3,1,2,2,1,207.2,1,2,3,3,1,1,11,3,3,3,3
4,3,5,39,0.2,1,1,1,1,1,257.76,1,3,3,1,3,1,11,1,3,1,3
4,3,5,40,1.8,2,2,2,2,1,193.07,1,4,3,1,2,2,3,3,1,2,2
4,3,5,41,0.1,2,1,2,1,0,246.74,1,17,1,1,2,2,10,3,3,3,3
4,3,5,42,0.4,2,1,2,1,0,236.92,1,15,3,1,2,2,20,3,1,3,1
4,3,5,43,0.1,3,3,2,2,1,253.58,1,2,3,3,1,1,18,3,3,1,1
4,3,5,44,0.4,3,3,2,2,1,217.75,1,5,1,1,3,3,3,1,1,3,3
4,3,5,45,0.8,1,1,1,2,0,194.97,1,19,1,3,1,3,6,3,3,3,3
4,3,5,46,1.8,1,2,1,1,1,211.24,1,20,1,1,1,1,4,1,1,2,2
4,3,5,47,0.05,3,2,2,1,0,574.25,0,12,3,3,1,1,6,3,1,2,2
4,3,5,48,0.05,1,2,1,1,1,241.32,1,6,1,3,1,3,15,3,1,2,2
4,3,5,49,0.05,2,2,2,2,1,448.42,0,7,1,3,2,2,19,3,1,2,2
4,3,5,50,1.8,1,3,1,1,1,218.61,1,9,3,3,3,3,2,3,3,1,1
4,3,5,51,0.05,1,1,1,2,0,290.97,1,9,1,1,1,1,5,3,1,3,1
4,3,5,52,0.8,2,3,2,2,1,200.16,1,16,3,1,2,2,2,1,1,3,3
4,3,5,53,1.8,2,1,2,2,1,203.21,1,12,1,1,2,2,5,3,1,3,1
4,3,5,54,0.05,2,1,2,2,1,401.21,0,16,3,1,2,2,13,1,1,1,1
4,3,5,55,0.4,2,3,2,2,1,229.86,1,17,3,1,2,2,9,3,3,1,1
4,3,5,56,0.4,3,2,2,2,1,226.09,1,10,1,1,3,3,15,1,3,2,2
4,3,5,57,0.8,3,3,2,2,1,213.95,1,12,3,3,1,1,10,1,1,3,3
4,3,5,58,0.05,1,3,1,1,1,289.29,1,9,1,1,1,1,10,3,3,1,1
4,3,5,59,0.8,1,1,1,1,1,213.24,1,4,3,3,3,3,17,1,3,1,3
4,3,5,60,0.8,2,3,2,2,1,209.35,1,6,3,1,2,2,5,1,1,3,3
4,3,5,61,0.4,1,1,1,2,0,249.48,1,11,1,3,1,3,16,1,3,1,3
4,3,5,62,0.1,2,3,2,2,1,304.19,0,4,3,1,2,2,5,3,1,1,3
4,3,5,63,0.4,2,3,2,2,1,200.03,1,19,1,3,2,2,7,3,3,1,1
4,3,5,64,0.1,2,1,2,1,0,282.66,1,17,3,3,2,2,14,3,3,3,3
4,3,5,65,0.1,1,3,1,1,1,250.34,1,12,3,1,3,1,8,1,1,3,3
4,3,5,66,1.8,2,2,2,1,0,199.66,1,15,3,3,2,2,11,1,1,2,2
4,3,5,67,0.05,1,2,1,1,1,243.55,1,6,1,1,1,1,4,1,1,2,2
4,3,5,68,0.8,2,2,2,2,1,230.56,1,20,3,3,2,2,20,3,3,2,2
4,3,5,69,0.4,1,2,1,1,1,204.7,1,13,1,3,1,3,7,1,1,2,2
4,3,5,70,0.8,1,3,1,1,1,219.33,1,5,3,3,3,3,11,1,1,3,3
4,3,5,71,0.1,1,3,1,1,1,468.02,0,17,1,3,1,3,14,1,3,3,1
4,3,5,72,0.1,1,3,1,1,1,209.69,1,7,3,3,3,3,8,3,3,1,1
4,3,5,73,1.8,1,3,1,1,1,216.72,1,4,1,1,1,1,17,3,3,1,1
4,3,5,74,0.1,1,3,1,1,1,209.39,1,18,1,3,1,3,14,1,1,3,3
4,3,5,75,0.1,3,2,2,2,1,264.83,1,16,3,3,1,1,11,3,3,2,2
4,3,5,76,0.4,2,1,2,2,1,207.27,1,19,1,3,2,2,15,1,1,1,1
4,3,5,77,1.8,3,2,2,2,1,206.53,1,7,3,3,1,1,17,1,3,2,2
4,3,5,78,0.8,1,3,1,1,1,210.2,1,12,3,3,3,3,15,1,1,3,3
4,3,6,1,0.1,3,1,2,2,1,262,1,19,1,1,3,3,10,3,3,3,3
4,3,6,2,1.8,3,3,2,2,1,203.07,1,14,1,1,3,3,2,1,1,3,3
4,3,6,3,0.8,3,2,2,2,1,211.67,1,12,1,1,3,3,9,3,1,2,2
4,3,6,4,0.8,1,3,1,1,1,214.32,1,14,1,3,1,3,9,1,1,3,3
4,3,6,5,1.8,1,2,1,1,1,225.29,1,13,3,1,3,1,8,1,1,2,2
4,3,6,6,0.4,1,1,1,1,1,215.06,1,13,3,1,3,1,6,3,1,3,1
4,3,6,7,0.8,1,1,1,1,1,216.17,1,18,3,1,3,1,10,3,3,3,3
4,3,6,8,0.2,1,1,1,1,1,260.96,1,15,3,1,3,1,12,3,1,3,1
4,3,6,9,0.1,1,3,1,1,1,271.69,1,1,3,1,3,1,2,3,1,1,3
4,3,6,10,0.4,3,3,2,2,1,210.66,1,1,1,3,3,1,10,1,1,3,3
4,3,6,11,0.2,3,2,2,2,1,234.63,1,10,3,3,1,1,15,1,1,2,2
4,3,6,12,0.2,3,3,2,2,1,204.87,1,15,1,3,3,1,2,1,3,3,1
4,3,6,13,0.05,3,2,2,2,1,338.88,0,15,3,3,1,1,14,3,3,2,2
4,3,6,14,0.4,3,3,2,2,1,332.31,0,10,3,3,1,1,20,1,3,3,1
4,3,6,15,0.1,2,1,2,2,1,290.51,1,11,3,3,2,2,5,3,1,3,1
4,3,6,16,0.05,3,3,2,2,1,342.86,0,10,1,1,3,3,8,3,1,1,3
4,3,6,17,0.4,3,3,2,2,1,211.66,1,13,1,1,3,3,4,1,1,3,3
4,3,6,18,0.4,2,2,2,2,1,203.79,1,9,3,3,2,2,14,3,3,2,2
4,3,6,19,1.8,2,2,2,2,1,318.2,0,15,1,3,2,2,18,3,3,2,2
4,3,6,20,0.2,3,3,2,2,1,147.66,1,4,3,3,1,1,14,1,1,3,3
4,3,6,21,0.2,2,3,2,2,1,231.24,1,7,3,1,2,2,11,1,1,3,3
4,3,6,22,1.8,1,2,1,1,1,210.51,1,2,1,3,1,3,6,3,3,2,2
4,3,6,23,0.05,2,3,2,1,0,259.99,1,3,3,1,2,2,1,1,1,3,3
4,3,6,24,0.05,1,1,1,2,0,463,0,8,3,3,3,3,13,1,1,1,1
4,3,6,25,0.1,1,1,1,1,1,212.57,1,12,1,3,1,3,7,3,3,3,3
4,3,6,26,0.4,2,2,2,2,1,202.44,1,19,3,3,2,2,9,1,3,2,2
4,3,6,27,0.8,1,2,1,1,1,209.34,1,1,1,3,1,3,19,1,3,2,2
4,3,6,28,0.4,2,1,2,2,1,254.9,1,15,3,3,2,2,1,1,1,1,1
4,3,6,29,0.2,1,3,1,2,0,258.84,1,10,1,1,1,1,18,3,1,1,3
4,3,6,30,1.8,3,3,2,2,1,185.2,1,19,3,1,1,3,2,1,1,3,3
4,3,6,31,0.8,3,1,2,2,1,198.75,1,14,1,1,3,3,12,3,1,3,1
4,3,6,32,0.1,3,3,2,2,1,262.45,1,3,1,1,3,3,15,1,3,3,1
4,3,6,33,0.1,2,2,2,2,1,241.82,1,19,3,3,2,2,3,1,1,2,2
4,3,6,34,0.8,3,1,2,2,1,188.81,1,1,3,1,1,3,1,1,3,1,3
4,3,6,35,0.05,3,2,2,2,1,248.79,1,2,3,1,1,3,10,1,3,2,2
4,3,6,36,0.8,1,3,1,2,0,203.56,1,6,3,3,3,3,6,1,3,3,1
4,3,6,37,0.05,1,1,1,1,1,272.87,1,12,3,3,3,3,1,3,1,3,1
4,3,6,38,0.1,1,2,1,1,1,208.16,1,13,3,3,3,3,4,1,3,2,2
4,3,6,39,0.8,1,2,1,1,1,210.31,1,6,1,3,1,3,6,1,1,2,2
4,3,6,40,1.8,1,2,NaN,NaN,NaN,NaN,NaN,11,1,3,1,3,14,3,3,2,2
4,3,6,41,0.8,3,1,2,2,1,223.21,1,6,3,3,1,1,4,1,3,1,3
4,3,6,42,0.05,1,2,1,1,1,281.88,1,19,3,1,3,1,1,1,3,2,2
4,3,6,43,0.2,3,1,2,2,1,229.36,1,17,3,1,1,3,8,3,3,3,3
4,3,6,44,0.2,3,1,2,2,1,187.29,1,2,1,1,3,3,13,1,3,1,3
4,3,6,45,1.8,1,1,1,1,1,217.52,1,15,1,3,1,3,19,3,3,3,3
4,3,6,46,1.8,3,2,2,2,1,264.73,1,18,3,3,1,1,15,1,3,2,2
4,3,6,47,0.1,1,1,1,1,1,227.39,1,15,1,1,1,1,17,1,1,1,1
4,3,6,48,0.05,1,1,1,1,1,274.67,1,20,3,1,3,1,16,1,1,1,1
4,3,6,49,0.1,1,1,1,1,1,256.16,1,4,1,1,1,1,15,1,3,1,3
4,3,6,50,0.2,3,2,2,2,1,214.42,1,19,1,3,3,1,15,3,1,2,2
4,3,6,51,0.4,2,3,2,1,0,223.97,1,19,1,3,2,2,4,3,3,1,1
4,3,6,52,0.2,3,3,2,2,1,202.13,1,11,1,1,3,3,14,1,3,3,1
4,3,6,53,0.4,2,2,2,2,1,196.17,1,20,3,3,2,2,16,3,1,2,2
4,3,6,54,0.2,1,1,1,1,1,226.33,1,6,1,3,1,3,11,1,1,1,1
4,3,6,55,0.8,2,3,2,2,1,205.63,1,14,3,3,2,2,9,1,1,3,3
4,3,6,56,0.05,2,3,2,2,1,390.76,0,2,1,3,2,2,2,1,3,3,1
4,3,6,57,0.8,2,1,2,2,1,208.09,1,1,1,1,2,2,4,3,1,3,1
4,3,6,58,0.05,1,3,1,2,0,311.3,0,18,3,1,3,1,17,1,1,3,3
4,3,6,59,1.8,1,2,1,1,1,203.26,1,1,1,1,1,1,14,1,3,2,2
4,3,6,60,0.1,3,3,2,2,1,282.97,1,18,1,1,3,3,3,3,1,1,3
4,3,6,61,1.8,2,3,2,2,1,198.51,1,6,1,1,2,2,14,3,3,1,1
4,3,6,62,0.8,2,2,2,2,1,168.97,1,19,3,3,2,2,20,1,3,2,2
4,3,6,63,0.4,3,3,2,2,1,224.43,1,15,3,1,1,3,13,3,1,1,3
4,3,6,64,0.1,2,3,2,2,1,291.15,1,4,3,3,2,2,15,1,1,3,3
4,3,6,65,0.05,1,2,1,2,0,322.29,0,14,1,3,1,3,20,1,1,2,2
4,3,6,66,0.4,3,3,2,2,1,213.24,1,1,3,3,1,1,20,3,3,1,1
4,3,6,67,0.05,1,2,1,1,1,336.99,0,6,1,1,1,1,20,1,3,2,2
4,3,6,68,0.1,2,2,2,2,1,289.12,1,20,3,1,2,2,16,1,3,2,2
4,3,6,69,0.2,2,2,2,1,0,228.14,1,15,1,1,2,2,7,3,3,2,2
4,3,6,70,0.05,1,1,1,1,1,306.33,0,20,1,3,1,3,19,3,1,3,1
4,3,6,71,1.8,2,3,2,2,1,208.3,1,14,3,1,2,2,8,1,3,3,1
4,3,6,72,0.4,1,1,1,1,1,207.24,1,12,3,3,3,3,16,1,3,1,3
4,3,6,73,0.8,2,2,2,2,1,197.22,1,1,3,1,2,2,19,1,1,2,2
4,3,6,74,0.4,2,2,2,2,1,219.52,1,3,3,3,2,2,3,1,3,2,2
4,3,6,75,0.1,3,2,2,2,1,290.4,1,17,3,1,1,3,12,1,3,2,2
4,3,6,76,0.2,1,3,1,1,1,228.3,1,9,3,3,3,3,4,3,3,1,1
4,3,6,77,1.8,1,2,1,1,1,212.51,1,19,3,3,3,3,17,3,1,2,2
4,3,6,78,1.8,1,1,1,1,1,190.34,1,1,3,1,3,1,3,1,1,1,1
4,3,7,1,0.05,1,1,1,1,1,349.78,0,15,1,3,1,3,9,3,1,3,1
4,3,7,2,0.8,1,3,1,1,1,216.53,1,4,1,3,1,3,14,1,1,3,3
4,3,7,3,0.2,2,1,2,2,1,203.95,1,15,3,3,2,2,18,1,3,1,3
4,3,7,4,1.8,2,1,NaN,NaN,NaN,NaN,NaN,11,3,1,2,2,2,1,3,1,3
4,3,7,5,0.4,1,3,1,1,1,212.3,1,11,1,3,1,3,10,1,1,3,3
4,3,7,6,0.8,2,3,2,2,1,215.23,1,17,3,1,2,2,5,3,1,1,3
4,3,7,7,0.4,3,1,2,2,1,219.42,1,5,1,3,3,1,16,1,1,1,1
4,3,7,8,0.2,1,1,1,1,1,211.5,1,5,3,1,3,1,12,3,1,3,1
4,3,7,9,0.05,1,2,1,1,1,240.59,1,18,3,1,3,1,10,3,1,2,2
4,3,7,10,0.1,1,1,1,1,1,204.62,1,9,3,3,3,3,7,1,3,1,3
4,3,7,11,0.8,2,1,2,2,1,192.88,1,8,1,1,2,2,18,3,3,3,3
4,3,7,12,0.1,1,2,1,1,1,255.01,1,17,3,1,3,1,3,3,3,2,2
4,3,7,13,0.05,1,1,1,1,1,252.09,1,9,1,3,1,3,20,1,3,1,3
4,3,7,14,0.1,1,3,1,1,1,214.23,1,2,1,3,1,3,19,1,1,3,3
4,3,7,15,1.8,1,3,1,2,0,223.76,1,15,3,1,3,1,6,1,3,3,1
4,3,7,16,0.8,1,3,NaN,NaN,NaN,NaN,NaN,5,3,1,3,1,20,1,3,3,1
4,3,7,17,1.8,1,1,1,1,1,182.5,1,11,3,3,3,3,7,3,3,3,3
4,3,7,18,0.8,2,3,2,2,1,223.8,1,10,1,3,2,2,15,3,3,1,1
4,3,7,19,0.2,1,1,1,1,1,285.39,1,14,3,3,3,3,5,3,1,3,1
4,3,7,20,1.8,3,2,2,2,1,204.09,1,1,3,3,1,1,14,1,3,2,2
4,3,7,21,0.4,1,2,1,1,1,235.76,1,9,3,1,3,1,8,3,1,2,2
4,3,7,22,0.8,1,2,1,1,1,251.58,1,8,1,3,1,3,15,3,3,2,2
4,3,7,23,1.8,1,2,1,1,1,323.75,0,18,3,3,3,3,14,3,3,2,2
4,3,7,24,0.8,1,3,1,1,1,225.79,1,9,1,1,1,1,9,1,1,3,3
4,3,7,25,0.2,2,1,2,2,1,224.81,1,15,1,3,2,2,9,3,3,3,3
4,3,7,26,0.2,1,2,1,1,1,221.24,1,16,3,3,3,3,14,1,1,2,2
4,3,7,27,0.05,3,2,2,2,1,297.6,1,2,1,1,3,3,8,1,3,2,2
4,3,7,28,1.8,2,3,2,2,1,225.55,1,7,3,3,2,2,2,3,3,1,1
4,3,7,29,0.05,3,3,2,2,1,437.24,0,20,1,1,3,3,9,1,1,3,3
4,3,7,30,1.8,1,1,1,1,1,215.1,1,17,1,1,1,1,16,3,1,3,1
4,3,7,31,0.05,1,3,1,1,1,431.32,0,19,1,3,1,3,8,3,1,1,3
4,3,7,32,0.4,3,2,2,2,1,221.67,1,10,3,1,1,3,19,1,3,2,2
4,3,7,33,0.8,3,1,2,2,1,203.87,1,19,1,1,3,3,18,3,1,3,1
4,3,7,34,0.05,1,1,1,1,1,320.49,0,20,3,1,3,1,14,3,1,3,1
4,3,7,35,0.05,3,3,2,2,1,357.22,0,3,1,3,3,1,17,1,1,3,3
4,3,7,36,1.8,1,1,1,1,1,216.24,1,2,3,1,3,1,8,3,3,3,3
4,3,7,37,0.4,3,3,2,2,1,194.27,1,16,3,3,1,1,18,1,3,3,1
4,3,7,38,0.1,1,2,1,1,1,278.65,1,3,3,1,3,1,13,1,1,2,2
4,3,7,39,1.8,1,2,1,1,1,167.43,1,8,1,1,1,1,3,1,1,2,2
4,3,7,40,0.8,1,1,1,1,1,233.27,1,13,1,1,1,1,5,1,1,1,1
4,3,7,41,0.1,1,1,1,1,1,313.58,0,19,1,3,1,3,4,3,1,3,1
4,3,7,42,0.1,3,2,2,2,1,377.79,0,18,1,3,3,1,8,1,3,2,2
4,3,7,43,0.1,1,3,1,1,1,256.02,1,18,1,3,1,3,13,1,3,3,1
4,3,7,44,0.2,3,1,2,2,1,192.5,1,6,1,1,3,3,14,3,3,3,3
4,3,7,45,0.4,1,3,1,2,0,248.34,1,15,1,3,1,3,18,1,1,3,3
4,3,7,46,0.4,2,1,2,1,0,222.63,1,18,3,3,2,2,13,3,1,3,1
4,3,7,47,0.2,1,2,1,1,1,182.94,1,18,1,1,1,1,16,3,3,2,2
4,3,7,48,0.2,1,2,1,1,1,134.76,1,17,3,3,3,3,14,1,1,2,2
4,3,7,49,0.4,3,3,2,2,1,210.73,1,9,1,3,3,1,2,3,1,1,3
4,3,7,50,1.8,3,2,2,2,1,179.44,1,14,3,3,1,1,4,3,3,2,2
4,3,7,51,0.1,2,2,2,1,0,271.4,1,20,1,3,2,2,13,1,1,2,2
4,3,7,52,0.2,1,1,1,1,1,147.24,1,12,1,1,1,1,11,1,1,1,1
4,3,7,53,0.4,2,2,2,2,1,193.15,1,3,3,1,2,2,4,3,3,2,2
4,3,7,54,0.05,2,3,2,1,0,287.98,1,19,1,3,2,2,4,1,3,3,1
4,3,7,55,0.8,1,3,1,2,0,156.94,1,13,1,1,1,1,8,3,1,1,3
4,3,7,56,0.2,3,3,2,2,1,230.59,1,10,3,1,1,3,6,3,1,1,3
4,3,7,57,0.1,2,1,2,2,1,295.2,1,1,1,3,2,2,8,3,1,3,1
4,3,7,58,1.8,1,1,1,2,0,339.82,0,4,3,3,3,3,4,1,3,1,3
4,3,7,59,0.4,3,1,2,2,1,218.83,1,10,1,1,3,3,3,1,3,1,3
4,3,7,60,0.1,1,2,1,1,1,206.31,1,13,3,1,3,1,20,3,3,2,2
4,3,7,61,0.4,1,2,1,1,1,229.73,1,3,1,3,1,3,5,3,1,2,2
4,3,7,62,0.05,1,3,1,1,1,309.83,0,8,3,1,3,1,17,3,3,1,1
4,3,7,63,0.05,3,2,2,2,1,376.29,0,18,3,3,1,1,20,3,3,2,2
4,3,7,64,0.8,2,3,2,1,0,156.51,1,12,3,3,2,2,16,3,3,1,1
4,3,7,65,0.8,1,2,1,1,1,191.76,1,20,3,1,3,1,17,3,3,2,2
4,3,7,66,0.05,1,1,1,1,1,299.16,1,4,3,3,3,3,9,1,3,1,3
4,3,7,67,1.8,2,1,2,1,0,216.31,1,18,1,1,2,2,20,3,1,3,1
4,3,7,68,1.8,2,1,2,2,1,145.63,1,2,3,3,2,2,2,1,1,1,1
4,3,7,69,0.1,1,2,1,1,1,280.54,1,13,1,1,1,1,3,3,3,2,2
4,3,7,70,0.1,1,3,1,1,1,265.54,1,20,3,3,3,3,17,1,3,3,1
4,3,7,71,0.05,1,1,1,1,1,481.89,0,14,3,3,3,3,9,1,1,1,1
4,3,7,72,0.4,1,1,1,1,1,244.72,1,14,1,3,1,3,6,3,1,3,1
4,3,7,73,0.2,1,3,1,1,1,243.05,1,15,3,3,3,3,17,1,3,3,1
4,3,7,74,0.1,1,3,1,1,1,300.39,0,15,1,3,1,3,8,1,1,3,3
4,3,7,75,0.2,2,3,2,2,1,279.22,1,13,1,3,2,2,11,3,3,1,1
4,3,7,76,0.4,1,3,1,1,1,225.52,1,4,1,3,1,3,9,1,3,3,1
4,3,7,77,0.8,1,3,1,1,1,155.15,1,16,1,1,1,1,12,3,1,1,3
4,3,7,78,0.2,1,1,1,2,0,241.74,1,20,1,3,1,3,6,3,3,3,3
4,3,8,1,0.4,3,3,2,2,1,224.24,1,11,3,1,1,3,2,1,1,3,3
4,3,8,2,0.05,1,2,1,1,1,267.61,1,19,1,3,1,3,7,3,3,2,2
4,3,8,3,0.1,2,1,2,2,1,307.57,0,18,1,3,2,2,8,1,1,1,1
4,3,8,4,0.05,1,2,1,1,1,262.16,1,10,1,3,1,3,19,3,1,2,2
4,3,8,5,0.2,1,1,1,1,1,217.7,1,15,1,3,1,3,19,1,1,1,1
4,3,8,6,0.2,1,3,1,1,1,193.39,1,18,1,1,1,1,18,1,1,3,3
4,3,8,7,0.8,3,3,2,2,1,178.29,1,13,1,3,3,1,16,3,1,1,3
4,3,8,8,0.05,2,1,2,2,1,642.92,0,20,3,3,2,2,3,3,3,3,3
4,3,8,9,0.1,2,3,2,2,1,286.31,1,14,1,3,2,2,13,3,1,1,3
4,3,8,10,0.8,2,1,2,2,1,208.48,1,7,3,1,2,2,8,1,1,1,1
4,3,8,11,0.2,3,1,2,2,1,205.23,1,6,3,1,1,3,4,1,3,1,3
4,3,8,12,1.8,1,1,1,1,1,237.69,1,12,1,3,1,3,2,1,3,1,3
4,3,8,13,0.8,3,3,2,2,1,227.03,1,20,3,3,1,1,17,1,1,3,3
4,3,8,14,0.4,1,1,1,1,1,93.104,2,20,1,3,1,3,4,1,1,1,1
4,3,8,15,1.8,1,1,1,1,1,212.04,1,20,3,1,3,1,2,3,3,3,3
4,3,8,16,0.4,1,3,1,1,1,227.61,1,17,1,1,1,1,16,1,3,3,1
4,3,8,17,0.1,1,3,1,1,1,282.65,1,13,3,3,3,3,10,3,1,1,3
4,3,8,18,0.05,3,2,2,2,1,342.56,0,5,1,1,3,3,14,1,3,2,2
4,3,8,19,0.4,1,2,1,2,0,205.47,1,7,1,1,1,1,5,3,1,2,2
4,3,8,20,0.4,3,2,2,2,1,214.84,1,1,3,1,1,3,17,3,3,2,2
4,3,8,21,0.4,2,2,2,2,1,251.37,1,7,1,1,2,2,9,1,3,2,2
4,3,8,22,0.1,2,2,2,1,0,294.57,1,12,3,3,2,2,17,3,1,2,2
4,3,8,23,0.1,3,1,2,2,1,426.81,0,1,3,1,1,3,4,1,1,1,1
4,3,8,24,0.2,3,1,2,2,1,186.64,1,17,1,1,3,3,17,1,1,1,1
4,3,8,25,0.2,1,3,1,1,1,211.33,1,13,1,3,1,3,1,3,3,1,1
4,3,8,26,0.1,3,3,2,2,1,264.26,1,20,3,3,1,1,10,1,1,3,3
4,3,8,27,0.05,2,1,2,2,1,335.54,0,4,1,1,2,2,3,1,3,1,3
4,3,8,28,0.2,1,1,1,1,1,111.41,1,11,1,1,1,1,5,1,1,1,1
4,3,8,29,0.1,1,2,1,1,1,262.66,1,2,3,3,3,3,17,1,1,2,2
4,3,8,30,0.05,1,2,1,1,1,317.97,0,14,3,1,3,1,13,3,1,2,2
4,3,8,31,0.8,1,2,NaN,NaN,NaN,NaN,NaN,15,3,3,3,3,12,3,1,2,2
4,3,8,32,0.05,1,1,1,1,1,243.92,1,19,1,1,1,1,10,3,3,3,3
4,3,8,33,0.2,1,3,1,1,1,214.45,1,2,1,1,1,1,16,1,3,3,1
4,3,8,34,0.8,1,2,1,1,1,225.22,1,5,3,3,3,3,16,3,1,2,2
4,3,8,35,0.05,3,3,2,2,1,363.29,0,7,3,3,1,1,13,3,1,1,3
4,3,8,36,0.8,1,3,1,2,0,266.48,1,9,1,1,1,1,2,1,3,3,1
4,3,8,37,0.05,3,2,2,2,1,356.4,0,18,3,3,1,1,14,1,3,2,2
4,3,8,38,0.1,1,2,1,1,1,242.71,1,19,3,1,3,1,12,3,3,2,2
4,3,8,39,1.8,2,1,2,2,1,25.683,2,4,3,1,2,2,18,1,3,1,3
4,3,8,40,0.4,3,1,2,2,1,258.35,1,17,3,3,1,1,17,3,1,3,1
4,3,8,41,0.4,2,1,2,2,1,230.31,1,7,3,1,2,2,17,3,1,3,1
4,3,8,42,1.8,3,1,2,2,1,162.71,1,14,3,3,1,1,16,1,3,1,3
4,3,8,43,0.4,1,1,1,2,0,259.97,1,2,3,3,3,3,11,1,1,1,1
4,3,8,44,0.4,1,3,1,1,1,237.45,1,1,3,1,3,1,14,3,1,1,3
4,3,8,45,0.05,2,2,2,1,0,318.14,0,12,3,3,2,2,10,1,1,2,2
4,3,8,46,0.05,3,2,2,1,0,269.76,1,15,1,1,3,3,4,1,1,2,2
4,3,8,47,0.8,2,2,2,2,1,204.23,1,8,1,1,2,2,2,1,1,2,2
4,3,8,48,1.8,1,1,1,1,1,219.02,1,8,3,1,3,1,2,1,3,1,3
4,3,8,49,0.05,1,1,1,1,1,255.37,1,12,1,3,1,3,15,3,3,3,3
4,3,8,50,0.2,3,2,2,2,1,219.92,1,8,3,1,1,3,3,1,3,2,2
4,3,8,51,0.8,1,3,1,1,1,218.88,1,11,3,3,3,3,2,3,3,1,1
4,3,8,52,0.4,1,2,1,1,1,194.31,1,5,3,3,3,3,18,1,1,2,2
4,3,8,53,0.2,1,3,1,1,1,233.53,1,10,1,3,1,3,2,1,3,3,1
4,3,8,54,0.2,2,3,2,2,1,293.26,1,4,3,3,2,2,13,1,3,3,1
4,3,8,55,1.8,2,1,2,1,0,183.75,1,20,3,1,2,2,9,3,3,3,3
4,3,8,56,0.1,3,3,2,2,1,318.56,0,9,1,1,3,3,2,3,1,1,3
4,3,8,57,0.8,2,1,2,1,0,191.18,1,4,1,3,2,2,17,1,3,1,3
4,3,8,58,1.8,1,3,1,1,1,204.04,1,20,3,3,3,3,4,1,3,3,1
4,3,8,59,0.8,3,2,2,2,1,210.17,1,2,1,1,3,3,5,1,3,2,2
4,3,8,60,1.8,2,1,NaN,NaN,NaN,NaN,NaN,7,3,1,2,2,19,3,1,3,1
4,3,8,61,0.8,2,2,2,2,1,219.8,1,5,1,3,2,2,18,1,1,2,2
4,3,8,62,0.05,3,1,2,2,1,362.03,0,1,1,3,3,1,2,3,3,3,3
4,3,8,63,1.8,1,1,1,1,1,201.43,1,9,1,3,1,3,5,1,1,1,1
4,3,8,64,0.1,1,2,1,1,1,196.95,1,4,1,3,1,3,4,3,1,2,2
4,3,8,65,0.4,1,1,1,1,1,224.03,1,5,3,3,3,3,6,1,1,1,1
4,3,8,66,0.4,1,2,1,1,1,185.14,1,5,3,1,3,1,1,3,1,2,2
4,3,8,67,0.1,2,3,2,2,1,603.13,0,4,3,3,2,2,1,1,1,3,3
4,3,8,68,0.1,1,1,1,1,1,249.44,1,14,3,1,3,1,10,1,3,1,3
4,3,8,69,0.2,2,3,2,2,1,231.98,1,13,1,1,2,2,16,1,1,3,3
4,3,8,70,0.8,3,1,2,2,1,211.28,1,20,3,3,1,1,18,3,3,3,3
4,3,8,71,1.8,1,3,1,1,1,209.94,1,4,1,1,1,1,1,1,3,3,1
4,3,8,72,1.8,3,2,2,2,1,182.46,1,2,3,3,1,1,13,3,1,2,2
4,3,8,73,1.8,1,1,NaN,NaN,NaN,NaN,NaN,13,3,1,3,1,6,1,1,1,1
4,3,8,74,0.1,1,3,1,2,0,322.98,0,13,3,3,3,3,18,1,1,3,3
4,3,8,75,0.2,3,1,2,2,1,347.74,0,20,1,1,3,3,1,3,1,3,1
4,3,8,76,0.2,1,2,1,2,0,186.16,1,10,3,1,3,1,13,3,3,2,2
4,3,8,77,0.8,2,1,NaN,NaN,NaN,NaN,NaN,6,3,3,2,2,17,3,1,3,1
4,3,8,78,1.8,1,2,NaN,NaN,NaN,NaN,NaN,5,1,3,1,3,18,1,1,2,2
4,3,9,1,0.2,2,3,2,2,1,251.26,1,13,3,3,2,2,10,3,1,1,3
4,3,9,2,0.4,3,3,2,2,1,202.31,1,16,1,3,3,1,17,1,3,3,1
4,3,9,3,0.8,3,3,2,2,1,191.76,1,9,1,1,3,3,2,1,1,3,3
4,3,9,4,0.4,3,2,2,2,1,228.61,1,11,3,1,1,3,17,1,3,2,2
4,3,9,5,0.4,2,1,2,2,1,193.49,1,14,1,1,2,2,18,1,1,1,1
4,3,9,6,0.2,3,2,2,2,1,228.8,1,19,1,3,3,1,6,1,3,2,2
4,3,9,7,0.05,2,3,2,2,1,329.4,0,5,3,3,2,2,11,1,3,3,1
4,3,9,8,1.8,1,1,1,1,1,218.87,1,20,3,1,3,1,18,3,1,3,1
4,3,9,9,0.4,2,2,2,2,1,218.65,1,3,1,3,2,2,14,3,1,2,2
4,3,9,10,0.8,1,2,1,1,1,212.23,1,3,3,3,3,3,15,1,1,2,2
4,3,9,11,0.05,1,3,1,1,1,254.27,1,1,1,1,1,1,4,3,3,1,1
4,3,9,12,0.8,1,1,1,1,1,207.29,1,14,1,3,1,3,20,3,3,3,3
4,3,9,13,0.2,1,2,1,2,0,410.53,0,19,1,1,1,1,10,1,1,2,2
4,3,9,14,0.2,2,1,2,2,1,244.26,1,11,1,1,2,2,8,1,3,1,3
4,3,9,15,0.2,2,3,2,2,1,223.15,1,1,3,3,2,2,3,3,1,1,3
4,3,9,16,0.05,1,3,1,1,1,299.65,1,4,1,1,1,1,5,1,3,3,1
4,3,9,17,0.1,3,3,2,2,1,203.99,1,20,3,1,1,3,8,3,1,1,3
4,3,9,18,0.8,2,1,2,2,1,183.05,1,20,3,1,2,2,4,3,1,3,1
4,3,9,19,0.8,1,3,1,2,0,260.08,1,1,3,3,3,3,13,1,3,3,1
4,3,9,20,0.1,3,1,2,2,1,387.61,0,15,3,1,1,3,8,1,3,1,3
4,3,9,21,1.8,2,1,2,2,1,184.56,1,18,1,1,2,2,20,1,1,1,1
4,3,9,22,0.05,3,3,2,2,1,354.87,0,9,3,1,1,3,17,1,1,3,3
4,3,9,23,0.1,3,2,2,2,1,256.15,1,15,3,3,1,1,3,3,3,2,2
4,3,9,24,0.2,2,3,2,2,1,210.26,1,1,1,1,2,2,6,1,3,3,1
4,3,9,25,0.2,3,1,2,2,1,208.59,1,15,3,1,1,3,3,1,3,1,3
4,3,9,26,0.1,1,3,1,1,1,247.91,1,3,3,3,3,3,7,3,3,1,1
4,3,9,27,0.2,3,2,2,2,1,177.62,1,8,3,1,1,3,12,1,1,2,2
4,3,9,28,0.05,2,3,2,2,1,411,0,9,1,3,2,2,2,1,3,3,1
4,3,9,29,1.8,3,2,2,2,1,206.03,1,11,1,1,3,3,19,3,1,2,2
4,3,9,30,1.8,2,3,2,2,1,172.78,1,5,3,3,2,2,7,3,3,1,1
4,3,9,31,0.4,2,3,2,2,1,209.71,1,10,1,3,2,2,17,3,1,1,3
4,3,9,32,1.8,1,3,1,1,1,225.48,1,12,3,3,3,3,18,1,3,3,1
4,3,9,33,1.8,2,2,2,2,1,190.66,1,3,3,3,2,2,1,1,1,2,2
4,3,9,34,0.1,1,1,1,1,1,318.74,0,16,3,1,3,1,18,3,3,3,3
4,3,9,35,0.2,3,2,2,2,1,204.32,1,14,3,1,1,3,2,3,3,2,2
4,3,9,36,0.4,2,1,2,2,1,254.84,1,18,1,1,2,2,16,1,3,1,3
4,3,9,37,0.05,1,3,1,2,0,347.13,0,8,3,3,3,3,19,3,1,1,3
4,3,9,38,0.2,1,2,1,1,1,246.92,1,14,3,3,3,3,9,1,1,2,2
4,3,9,39,0.05,1,3,1,2,0,260.59,1,16,1,3,1,3,8,1,1,3,3
4,3,9,40,0.4,1,3,1,1,1,203.12,1,9,1,3,1,3,16,3,1,1,3
4,3,9,41,0.05,2,3,2,1,0,330.39,0,12,1,1,2,2,14,1,1,3,3
4,3,9,42,0.4,3,1,2,2,1,-12.19,2,8,1,3,3,1,8,3,3,3,3
4,3,9,43,0.1,3,3,2,2,1,275.01,1,16,1,1,3,3,9,3,1,1,3
4,3,9,44,0.4,2,3,2,1,0,218.79,1,12,3,3,2,2,8,1,1,3,3
4,3,9,45,0.4,1,1,1,1,1,209.36,1,9,3,3,3,3,4,3,1,3,1
4,3,9,46,1.8,2,2,2,2,1,196.25,1,14,1,3,2,2,10,3,1,2,2
4,3,9,47,0.8,1,1,1,1,1,193.29,1,8,1,3,1,3,15,1,3,1,3
4,3,9,48,0.2,1,3,1,2,0,247.27,1,14,3,3,3,3,5,1,3,3,1
4,3,9,49,0.8,2,3,2,2,1,159.03,1,17,3,1,2,2,16,3,1,1,3
4,3,9,50,1.8,1,3,1,1,1,199.39,1,3,3,1,3,1,9,1,1,3,3
4,3,9,51,0.1,3,1,2,2,1,260.26,1,17,3,3,1,1,2,1,1,1,1
4,3,9,52,0.05,3,3,2,2,1,343.49,0,13,1,1,3,3,13,1,3,3,1
4,3,9,53,0.2,1,3,1,1,1,204.86,1,2,1,3,1,3,18,3,3,1,1
4,3,9,54,0.8,2,1,2,2,1,190.51,1,10,1,1,2,2,9,3,1,3,1
4,3,9,55,0.05,2,1,2,2,1,217.39,1,9,3,3,2,2,20,3,3,3,3
4,3,9,56,0.8,1,3,1,1,1,201.69,1,18,3,1,3,1,2,1,3,3,1
4,3,9,57,1.8,2,3,2,2,1,199.6,1,16,1,1,2,2,10,3,1,1,3
4,3,9,58,0.2,3,1,2,2,1,214.2,1,10,1,3,3,1,14,3,3,3,3
4,3,9,59,0.4,1,2,1,1,1,217.35,1,13,1,1,1,1,8,1,1,2,2
4,3,9,60,0.1,3,2,2,2,1,252.86,1,5,1,3,3,1,4,3,1,2,2
4,3,9,61,0.4,1,2,1,1,1,233.2,1,9,1,1,1,1,18,3,1,2,2
4,3,9,62,1.8,2,3,2,1,0,190.27,1,20,1,3,2,2,5,3,1,1,3
4,3,9,63,0.4,2,1,2,2,1,267.86,1,17,1,1,2,2,8,1,1,1,1
4,3,9,64,0.05,3,2,2,2,1,280.12,1,10,3,1,1,3,18,1,3,2,2
4,3,9,65,0.05,1,2,1,1,1,292.1,1,9,1,1,1,1,5,1,1,2,2
4,3,9,66,0.1,3,3,2,2,1,286.73,1,15,1,3,3,1,4,3,3,1,1
4,3,9,67,0.05,3,1,2,2,1,345.29,0,9,1,1,3,3,5,1,1,1,1
4,3,9,68,0.1,2,3,2,1,0,280.28,1,7,1,1,2,2,10,3,1,1,3
4,3,9,69,0.1,1,1,1,1,1,248.32,1,4,3,1,3,1,20,3,3,3,3
4,3,9,70,0.1,1,2,1,2,0,266.01,1,4,3,1,3,1,3,1,3,2,2
4,3,9,71,0.8,3,2,NaN,NaN,NaN,NaN,NaN,18,3,3,1,1,8,3,1,2,2
4,3,9,72,0.8,1,3,1,1,1,193.98,1,2,1,1,1,1,7,1,1,3,3
4,3,9,73,0.8,2,3,2,2,1,191.74,1,15,3,1,2,2,3,3,1,1,3
4,3,9,74,0.1,2,3,2,2,1,281.55,1,19,3,1,2,2,5,3,3,1,1
4,3,9,75,1.8,1,2,1,1,1,200.11,1,11,1,1,1,1,16,3,1,2,2
4,3,9,76,0.8,1,3,1,1,1,190.76,1,3,1,3,1,3,9,1,1,3,3
4,3,9,77,1.8,2,3,2,1,0,202.93,1,4,1,3,2,2,5,3,3,1,1
4,3,9,78,1.8,1,1,1,1,1,185.25,1,7,1,3,1,3,18,3,3,3,3
4,3,10,1,0.8,1,2,1,1,1,272.85,1,18,3,1,3,1,6,3,1,2,2
4,3,10,2,0.05,3,3,2,2,1,299.12,1,14,1,1,3,3,10,1,3,3,1
4,3,10,3,0.2,1,1,1,1,1,213.9,1,3,1,1,1,1,11,1,1,1,1
4,3,10,4,0.1,1,1,1,2,0,313.15,0,15,3,3,3,3,9,1,1,1,1
4,3,10,5,0.1,1,1,1,1,1,233.63,1,1,3,1,3,1,20,3,3,3,3
4,3,10,6,0.8,2,2,2,2,1,196.63,1,7,3,1,2,2,1,1,3,2,2
4,3,10,7,0.4,2,3,2,1,0,244.78,1,13,3,3,2,2,19,1,3,3,1
4,3,10,8,0.2,1,1,1,1,1,229.21,1,7,3,1,3,1,5,1,3,1,3
4,3,10,9,0.2,2,3,2,2,1,258.43,1,4,3,1,2,2,5,3,1,1,3
4,3,10,10,0.2,1,1,1,1,1,228.06,1,2,1,1,1,1,18,1,3,1,3
4,3,10,11,1.8,1,3,1,1,1,198,1,4,3,1,3,1,2,3,1,1,3
4,3,10,12,1.8,3,1,2,2,1,199.86,1,12,1,3,3,1,13,3,1,3,1
4,3,10,13,1.8,1,2,1,1,1,218.97,1,6,3,3,3,3,3,1,3,2,2
4,3,10,14,0.1,2,3,2,1,0,257.47,1,20,3,1,2,2,11,3,3,1,1
4,3,10,15,0.4,3,3,2,2,1,224.77,1,17,3,3,1,1,2,3,1,1,3
4,3,10,16,1.8,3,3,2,2,1,204.94,1,3,1,1,3,3,7,1,3,3,1
4,3,10,17,0.8,1,1,1,1,1,201.93,1,4,3,3,3,3,12,1,3,1,3
4,3,10,18,0.8,1,2,1,1,1,197,1,2,1,3,1,3,9,1,1,2,2
4,3,10,19,0.1,1,1,1,1,1,240.25,1,8,3,1,3,1,15,3,1,3,1
4,3,10,20,0.1,2,3,2,2,1,314.27,0,14,1,1,2,2,6,3,1,1,3
4,3,10,21,0.2,3,3,2,2,1,204.73,1,12,3,1,1,3,3,3,3,1,1
4,3,10,22,1.8,1,2,1,1,1,200.66,1,5,1,3,1,3,15,3,3,2,2
4,3,10,23,0.8,2,3,2,2,1,192.18,1,18,3,3,2,2,14,1,3,3,1
4,3,10,24,0.4,1,2,1,1,1,225.32,1,2,1,1,1,1,19,3,3,2,2
4,3,10,25,0.8,2,1,2,1,0,208.46,1,20,3,1,2,2,1,1,3,1,3
4,3,10,26,0.05,1,1,1,1,1,313.23,0,16,1,3,1,3,9,1,3,1,3
4,3,10,27,1.8,1,1,1,1,1,199.75,1,9,3,1,3,1,10,1,3,1,3
4,3,10,28,0.1,1,2,1,1,1,249.86,1,20,3,1,3,1,4,1,1,2,2
4,3,10,29,0.4,1,3,1,1,1,220.48,1,13,1,3,1,3,14,3,3,1,1
4,3,10,30,1.8,3,3,NaN,NaN,NaN,NaN,NaN,10,3,3,1,1,15,1,3,3,1
4,3,10,31,0.8,1,2,1,1,1,212.1,1,3,1,1,1,1,18,1,1,2,2
4,3,10,32,0.05,1,3,1,1,1,295.42,1,13,3,3,3,3,20,3,1,1,3
4,3,10,33,0.1,2,3,2,2,1,289.51,1,7,3,1,2,2,6,1,1,3,3
4,3,10,34,0.1,1,2,1,1,1,306.36,0,6,1,3,1,3,6,1,1,2,2
4,3,10,35,0.2,3,2,2,2,1,198.71,1,6,3,3,1,1,7,3,1,2,2
4,3,10,36,0.2,2,3,2,1,0,199.47,1,20,3,1,2,2,4,3,1,1,3
4,3,10,37,0.05,1,3,1,2,0,313.92,0,17,1,3,1,3,16,1,1,3,3
4,3,10,38,0.05,1,3,1,1,1,268.08,1,16,1,1,1,1,12,3,3,1,1
4,3,10,39,0.4,3,2,2,2,1,237.63,1,7,1,1,3,3,10,3,1,2,2
4,3,10,40,0.4,3,1,2,2,1,223.96,1,6,3,1,1,3,1,1,3,1,3
4,3,10,41,0.2,3,3,2,2,1,227.44,1,18,3,1,1,3,1,3,1,1,3
4,3,10,42,0.8,1,2,1,1,1,212.41,1,17,3,3,3,3,2,3,3,2,2
4,3,10,43,0.8,1,1,1,1,1,208.24,1,13,1,1,1,1,12,1,1,1,1
4,3,10,44,1.8,1,3,1,1,1,185.49,1,10,3,1,3,1,6,1,3,3,1
4,3,10,45,0.1,1,2,1,1,1,226,1,4,1,1,1,1,7,3,3,2,2
4,3,10,46,0.05,1,2,1,1,1,266.46,1,18,3,3,3,3,18,3,3,2,2
4,3,10,47,0.4,1,1,1,1,1,213.31,1,17,3,1,3,1,19,3,1,3,1
4,3,10,48,0.05,2,2,2,2,1,317.57,0,16,3,3,2,2,15,1,3,2,2
4,3,10,49,0.4,2,3,2,2,1,213.79,1,18,3,1,2,2,7,1,3,3,1
4,3,10,50,0.1,3,1,2,2,1,294.99,1,10,1,1,3,3,3,1,1,1,1
4,3,10,51,1.8,2,1,2,2,1,213.93,1,5,1,3,2,2,4,1,3,1,3
4,3,10,52,0.05,1,1,1,1,1,203.91,1,6,1,1,1,1,10,3,3,3,3
4,3,10,53,0.1,1,2,1,1,1,279.22,1,17,1,3,1,3,3,3,3,2,2
4,3,10,54,0.4,1,2,1,1,1,414.34,0,5,1,3,1,3,13,3,1,2,2
4,3,10,55,0.2,1,3,1,1,1,228.83,1,14,3,3,3,3,14,1,1,3,3
4,3,10,56,0.05,1,3,1,1,1,327.25,0,14,3,1,3,1,13,3,1,1,3
4,3,10,57,0.05,1,3,1,1,1,316.15,0,8,3,3,3,3,6,3,1,1,3
4,3,10,58,0.05,1,3,1,1,1,288.75,1,9,3,1,3,1,11,3,3,1,1
4,3,10,59,0.1,1,3,1,2,0,423.59,0,14,3,3,3,3,8,3,1,1,3
4,3,10,60,0.05,2,1,2,1,0,308.06,0,11,3,1,2,2,19,3,1,3,1
4,3,10,61,0.4,2,2,2,2,1,242.14,1,13,1,1,2,2,14,1,1,2,2
4,3,10,62,0.8,1,2,1,1,1,193.77,1,20,1,1,1,1,14,1,3,2,2
4,3,10,63,0.8,3,3,2,2,1,172.52,1,1,3,1,1,3,2,1,1,3,3
4,3,10,64,1.8,3,3,2,2,1,119.38,1,16,1,3,3,1,20,1,1,3,3
4,3,10,65,0.8,2,3,2,2,1,184.02,1,6,1,1,2,2,2,1,1,3,3
4,3,10,66,0.4,2,1,2,2,1,208.8,1,20,1,3,2,2,14,3,1,3,1
4,3,10,67,0.2,1,3,1,1,1,211.89,1,19,1,1,1,1,10,3,3,1,1
4,3,10,68,0.2,2,1,2,2,1,249.65,1,5,3,3,2,2,10,1,3,1,3
4,3,10,69,0.4,1,1,1,1,1,218.89,1,19,1,1,1,1,4,1,3,1,3
4,3,10,70,0.05,2,1,2,2,1,398.16,0,10,3,3,2,2,16,1,3,1,3
4,3,10,71,1.8,1,2,1,1,1,208.11,1,8,3,3,3,3,5,3,1,2,2
4,3,10,72,0.2,1,2,1,1,1,180.92,1,9,3,3,3,3,10,1,3,2,2
4,3,10,73,0.2,1,1,NaN,NaN,NaN,NaN,NaN,9,1,1,1,1,17,3,3,3,3
4,3,10,74,1.8,2,3,2,2,1,211.77,1,13,3,1,2,2,15,3,3,1,1
4,3,10,75,0.4,3,2,2,2,1,240.29,1,13,3,1,1,3,6,1,3,2,2
4,3,10,76,0.8,2,1,2,2,1,167.32,1,8,1,1,2,2,10,1,3,1,3
4,3,10,77,1.8,3,3,2,2,1,198.89,1,16,3,3,1,1,5,3,1,1,3
4,3,10,78,0.1,3,1,2,2,1,297.89,1,9,1,1,3,3,4,3,3,3,3
