3,7,1,1,0.1,1,1,1,1,1,309.72,0,5,3,1,3,1,5,3,3,3,3
3,7,1,2,0.1,2,3,2,2,1,239.73,1,15,3,1,2,2,8,1,1,3,3
3,7,1,3,0.2,3,2,2,2,1,264.71,1,1,3,1,1,3,6,3,1,2,2
3,7,1,4,0.8,3,1,2,2,1,179.44,1,20,1,1,3,3,15,3,3,3,3
3,7,1,5,0.4,2,2,2,2,1,269.62,1,14,3,1,2,2,17,1,3,2,2
3,7,1,6,1.8,2,1,2,2,1,250.39,1,10,3,3,2,2,4,3,1,3,1
3,7,1,7,0.1,3,2,2,2,1,252.45,1,18,1,1,3,3,15,1,1,2,2
3,7,1,8,0.8,3,3,2,2,1,247.94,1,2,3,3,1,1,15,3,3,1,1
3,7,1,9,0.4,1,2,1,1,1,217.01,1,5,1,3,1,3,17,3,3,2,2
3,7,1,10,0.8,2,2,2,2,1,271.27,1,10,3,3,2,2,8,1,3,2,2
3,7,1,11,0.2,1,1,1,1,1,189.13,1,6,3,3,3,3,6,1,1,1,1
3,7,1,12,1.8,2,1,NaN,NaN,NaN,NaN,NaN,17,3,3,2,2,3,3,3,3,3
3,7,1,13,0.4,1,2,1,1,1,272.3,1,12,1,1,1,1,10,1,3,2,2
3,7,1,14,0.8,3,1,2,2,1,265.27,1,14,1,1,3,3,9,3,1,3,1
3,7,1,15,0.8,1,2,1,1,1,244.8,1,5,3,1,3,1,19,3,3,2,2
3,7,1,16,0.05,3,3,2,2,1,308.84,0,4,3,3,1,1,16,3,1,1,3
3,7,1,17,1.8,3,2,2,2,1,162.95,1,2,3,1,1,3,6,3,3,2,2
3,7,1,18,0.05,3,2,2,2,1,283.41,1,9,3,1,1,3,12,1,1,2,2
3,7,1,19,1.8,1,2,NaN,NaN,NaN,NaN,NaN,3,3,3,3,3,9,1,3,2,2
3,7,1,20,0.05,3,3,2,2,1,352.35,0,17,1,1,3,3,2,3,1,1,3
3,7,1,21,0.1,1,1,1,1,1,325.54,0,10,1,3,1,3,2,1,3,1,3
3,7,1,22,1.8,2,3,2,2,1,255.19,1,20,3,1,2,2,13,3,1,1,3
3,7,1,23,0.4,2,1,2,2,1,231.61,1,10,1,3,2,2,15,3,3,3,3
3,7,1,24,0.4,3,2,2,2,1,336.7,0,17,3,3,1,1,7,3,3,2,2
3,7,1,25,0.2,2,2,2,2,1,288.66,1,20,3,3,2,2,17,1,1,2,2
3,7,1,26,1.8,1,3,1,1,1,216.35,1,19,3,1,3,1,7,3,3,1,1
3,7,1,27,0.2,1,2,1,1,1,226.95,1,11,3,1,3,1,7,1,3,2,2
3,7,1,28,0.05,1,2,1,1,1,300.02,0,1,3,3,3,3,19,1,1,2,2
3,7,1,29,0.05,1,3,1,1,1,267.72,1,14,1,3,1,3,9,3,3,1,1
3,7,1,30,0.1,1,2,1,1,1,282.37,1,2,1,3,1,3,13,3,3,2,2
3,7,1,31,0.4,2,2,2,2,1,231.58,1,6,1,1,2,2,10,1,1,2,2
3,7,1,32,0.8,1,3,1,1,1,224.32,1,7,3,3,3,3,15,1,1,3,3
3,7,1,33,0.1,3,3,2,2,1,260.72,1,11,3,3,1,1,16,3,3,1,1
3,7,1,34,0.4,1,3,1,1,1,228.15,1,9,3,1,3,1,3,3,3,1,1
3,7,1,35,0.05,2,3,2,2,1,303.92,0,3,1,1,2,2,7,1,1,3,3
3,7,1,36,0.8,1,3,1,1,1,243.51,1,4,3,3,3,3,16,3,1,1,3
3,7,1,37,0.8,2,3,NaN,NaN,NaN,NaN,NaN,16,1,1,2,2,12,3,1,1,3
3,7,1,38,1.8,1,1,1,1,1,245.84,1,4,1,1,1,1,13,1,3,1,3
3,7,1,39,0.4,2,1,2,2,1,331.48,0,10,1,1,2,2,20,1,3,1,3
3,7,1,40,0.8,3,3,2,2,1,219.82,1,2,1,3,3,1,6,3,3,1,1
3,7,1,41,0.4,3,3,2,2,1,290.92,1,7,3,3,1,1,18,3,1,1,3
3,7,1,42,0.8,1,2,1,1,1,245.03,1,5,3,1,3,1,5,1,1,2,2
3,7,1,43,0.1,1,2,1,1,1,272.81,1,12,3,3,3,3,7,3,1,2,2
3,7,1,44,0.4,1,2,1,1,1,210.88,1,2,3,1,3,1,14,1,3,2,2
3,7,1,45,0.1,1,2,1,1,1,300.07,0,20,1,1,1,1,17,3,3,2,2
3,7,1,46,1.8,3,3,2,2,1,302.25,0,19,3,3,1,1,7,1,3,3,1
3,7,1,47,0.4,1,2,1,1,1,221.48,1,10,3,1,3,1,18,3,3,2,2
3,7,1,48,0.05,1,2,1,2,0,307.64,0,7,3,1,3,1,15,3,1,2,2
3,7,1,49,0.2,1,1,1,1,1,231.78,1,10,3,1,3,1,8,1,1,1,1
3,7,1,50,0.05,2,2,2,2,1,288.12,1,4,3,1,2,2,20,1,1,2,2
3,7,1,51,0.8,2,1,2,2,1,162.91,1,12,1,1,2,2,16,1,1,1,1
3,7,1,52,1.8,2,1,2,2,1,217.11,1,4,3,1,2,2,7,3,3,3,3
3,7,1,53,0.4,1,3,1,1,1,40.79,2,11,3,1,3,1,13,1,1,3,3
3,7,1,54,0.05,1,3,1,1,1,285.86,1,19,1,3,1,3,19,3,1,1,3
3,7,1,55,1.8,1,2,1,1,1,226.61,1,15,1,1,1,1,17,3,1,2,2
3,7,1,56,0.1,1,3,1,1,1,285.17,1,2,3,3,3,3,9,3,1,1,3
3,7,1,57,0.2,1,3,1,2,0,291.22,1,13,3,3,3,3,9,3,1,1,3
3,7,1,58,1.8,3,2,2,2,1,227.47,1,18,3,3,1,1,19,3,1,2,2
3,7,1,59,0.8,3,1,2,2,1,237.42,1,3,3,3,1,1,17,1,3,1,3
3,7,1,60,0.2,1,2,1,1,1,246.17,1,12,1,1,1,1,2,1,3,2,2
3,7,1,61,0.1,3,1,2,2,1,308.98,0,9,1,1,3,3,11,3,1,3,1
3,7,1,62,0.2,1,1,1,1,1,263.25,1,10,1,1,1,1,12,1,1,1,1
3,7,1,63,1.8,2,1,2,2,1,251.35,1,8,1,1,2,2,17,1,1,1,1
3,7,1,64,0.1,2,1,2,2,1,310.66,0,19,1,1,2,2,9,1,3,1,3
3,7,1,65,0.05,2,1,2,2,1,300.12,0,20,3,3,2,2,17,1,3,1,3
3,7,1,66,0.2,1,3,1,1,1,175.87,1,3,1,3,1,3,14,3,1,1,3
3,7,1,67,0.4,2,2,2,2,1,218.27,1,2,1,3,2,2,19,3,3,2,2
3,7,1,68,0.1,1,1,1,1,1,272.82,1,12,3,3,3,3,20,1,3,1,3
3,7,1,69,0.2,2,3,2,1,0,268.94,1,20,3,1,2,2,19,1,1,3,3
3,7,1,70,0.05,1,1,1,1,1,269.16,1,7,3,3,3,3,12,3,1,3,1
3,7,1,71,0.1,1,2,1,2,0,346.38,0,14,3,3,3,3,9,1,3,2,2
3,7,1,72,1.8,1,2,1,1,1,210.18,1,8,1,3,1,3,2,1,1,2,2
3,7,1,73,0.2,1,1,1,1,1,243.1,1,17,3,3,3,3,11,1,1,1,1
3,7,1,74,0.2,3,2,2,2,1,219.36,1,5,3,1,1,3,13,3,3,2,2
3,7,1,75,0.05,3,1,2,2,1,276.1,1,4,1,3,3,1,18,1,3,1,3
3,7,1,76,0.05,3,1,2,2,1,267.06,1,1,3,3,1,1,7,3,3,3,3
3,7,1,77,0.2,3,1,2,2,1,135.09,1,3,1,3,3,1,8,3,1,3,1
3,7,1,78,0.8,2,2,2,2,1,262.06,1,13,1,3,2,2,19,3,3,2,2
3,7,2,1,1.8,2,2,2,2,1,212.92,1,15,1,3,2,2,17,3,3,2,2
3,7,2,2,0.8,2,2,2,2,1,320.47,0,10,3,3,2,2,7,3,1,2,2
3,7,2,3,1.8,1,1,1,1,1,224.24,1,14,1,3,1,3,14,1,3,1,3
3,7,2,4,0.2,1,1,1,1,1,222.76,1,8,3,1,3,1,6,3,3,3,3
3,7,2,5,1.8,1,1,1,1,1,243.11,1,7,3,3,3,3,19,3,1,3,1
3,7,2,6,1.8,3,2,2,2,1,246.84,1,12,1,3,3,1,6,1,1,2,2
3,7,2,7,1.8,1,1,1,1,1,234.61,1,10,3,3,3,3,13,3,1,3,1
3,7,2,8,0.4,2,3,2,2,1,202.65,1,18,3,1,2,2,17,1,1,3,3
3,7,2,9,0.1,3,2,2,2,1,314.89,0,3,3,3,1,1,2,3,1,2,2
3,7,2,10,0.05,3,1,2,2,1,310.34,0,12,1,3,3,1,7,1,1,1,1
3,7,2,11,0.2,3,2,2,2,1,103.25,1,11,3,1,1,3,20,1,3,2,2
3,7,2,12,0.05,2,1,2,2,1,285.68,1,6,1,3,2,2,12,3,1,3,1
3,7,2,13,0.4,3,2,2,2,1,214.49,1,18,1,3,3,1,8,3,3,2,2
3,7,2,14,0.8,3,1,2,2,1,238.72,1,7,1,3,3,1,4,1,3,1,3
3,7,2,15,0.4,3,2,2,2,1,342.58,0,5,1,3,3,1,3,1,1,2,2
3,7,2,16,0.8,2,2,2,2,1,243.81,1,4,1,3,2,2,11,1,3,2,2
3,7,2,17,0.1,1,1,1,1,1,283.61,1,1,3,3,3,3,11,3,3,3,3
3,7,2,18,0.05,3,1,2,2,1,252.55,1,18,3,1,1,3,8,1,3,1,3
3,7,2,19,0.2,2,1,2,2,1,198.5,1,20,1,3,2,2,7,1,1,1,1
3,7,2,20,0.4,2,3,2,2,1,278.42,1,16,1,3,2,2,2,1,3,3,1
3,7,2,21,0.05,1,2,1,2,0,285.56,1,3,1,3,1,3,9,1,3,2,2
3,7,2,22,0.8,2,3,2,2,1,269.96,1,4,1,1,2,2,9,3,3,1,1
3,7,2,23,0.8,2,1,2,2,1,193.5,1,18,3,3,2,2,11,3,3,3,3
3,7,2,24,0.8,2,1,NaN,NaN,NaN,NaN,NaN,3,1,1,2,2,11,3,3,3,3
3,7,2,25,0.2,2,2,2,2,1,292.28,1,6,3,3,2,2,6,1,3,2,2
3,7,2,26,0.1,1,3,1,1,1,474.27,0,10,1,1,1,1,14,3,3,1,1
3,7,2,27,0.4,1,2,1,1,1,214.4,1,17,1,1,1,1,11,1,1,2,2
3,7,2,28,0.4,3,1,2,2,1,268.18,1,5,3,3,1,1,1,3,1,3,1
3,7,2,29,0.1,3,2,2,2,1,255.3,1,9,3,3,1,1,13,3,3,2,2
3,7,2,30,0.2,2,2,2,2,1,239.02,1,8,3,3,2,2,1,1,1,2,2
3,7,2,31,0.1,1,2,1,1,1,239.34,1,12,3,1,3,1,3,1,3,2,2
3,7,2,32,0.2,3,2,2,2,1,233.69,1,9,3,1,1,3,15,1,3,2,2
3,7,2,33,0.05,1,1,1,1,1,315.28,0,14,1,1,1,1,14,3,1,3,1
3,7,2,34,0.05,2,1,2,2,1,261.47,1,8,1,1,2,2,2,3,3,3,3
3,7,2,35,0.8,1,3,1,2,0,203.25,1,18,1,3,1,3,7,3,3,1,1
3,7,2,36,1.8,1,3,1,1,1,219,1,3,3,3,3,3,19,3,1,1,3
3,7,2,37,0.2,2,2,2,2,1,269.9,1,4,3,1,2,2,10,1,3,2,2
3,7,2,38,0.05,1,3,1,2,0,334.67,0,20,3,3,3,3,1,1,1,3,3
3,7,2,39,0.4,2,2,2,2,1,200.49,1,4,1,1,2,2,19,3,1,2,2
3,7,2,40,0.4,2,1,2,2,1,295.78,1,10,1,3,2,2,17,1,3,1,3
3,7,2,41,0.8,1,3,1,1,1,266.28,1,5,3,3,3,3,3,3,3,1,1
3,7,2,42,0.4,3,2,2,2,1,212.57,1,11,1,3,3,1,6,1,3,2,2
3,7,2,43,0.2,3,2,2,2,1,207.7,1,19,1,1,3,3,1,1,1,2,2
3,7,2,44,0.4,1,2,1,1,1,228.57,1,6,1,1,1,1,14,3,1,2,2
3,7,2,45,0.8,3,1,2,2,1,262.83,1,11,3,3,1,1,19,3,3,3,3
3,7,2,46,0.1,3,2,2,2,1,292.96,1,5,3,3,1,1,9,3,1,2,2
3,7,2,47,0.2,1,1,1,1,1,245.26,1,3,3,1,3,1,18,1,1,1,1
3,7,2,48,0.1,3,3,2,2,1,243.14,1,17,1,1,3,3,12,3,3,1,1
3,7,2,49,0.8,3,2,NaN,NaN,NaN,NaN,NaN,15,3,3,1,1,8,3,3,2,2
3,7,2,50,1.8,2,3,2,2,1,255.13,1,6,1,1,2,2,11,1,1,3,3
3,7,2,51,0.1,1,3,1,1,1,272.4,1,8,3,1,3,1,20,3,3,1,1
3,7,2,52,0.1,1,2,1,1,1,285.67,1,9,3,3,3,3,7,3,3,2,2
3,7,2,53,0.8,3,3,2,2,1,307.53,0,15,3,1,1,3,1,3,3,1,1
3,7,2,54,0.1,2,3,2,2,1,287.32,1,11,1,3,2,2,18,3,1,1,3
3,7,2,55,1.8,2,1,2,2,1,229.74,1,10,3,3,2,2,13,3,1,3,1
3,7,2,56,0.05,1,3,1,1,1,306.48,0,11,3,3,3,3,3,3,3,1,1
3,7,2,57,0.05,3,1,2,2,1,302,0,19,3,3,1,1,8,3,3,3,3
3,7,2,58,0.1,2,1,2,2,1,220.85,1,8,3,3,2,2,16,1,3,1,3
3,7,2,59,0.4,1,2,NaN,NaN,NaN,NaN,NaN,19,1,3,1,3,19,1,1,2,2
3,7,2,60,0.2,1,2,1,1,1,184.93,1,11,1,1,1,1,15,1,1,2,2
3,7,2,61,0.05,3,3,2,2,1,334.65,0,12,3,3,1,1,9,1,3,3,1
3,7,2,62,0.1,2,3,2,2,1,277.11,1,11,3,3,2,2,6,1,3,3,1
3,7,2,63,1.8,1,2,1,1,1,220.13,1,10,1,1,1,1,4,1,3,2,2
3,7,2,64,1.8,2,2,2,2,1,221.98,1,14,3,3,2,2,16,3,1,2,2
3,7,2,65,0.8,3,3,2,2,1,271.94,1,15,1,3,3,1,8,1,3,3,1
3,7,2,66,0.05,3,3,2,2,1,280.55,1,9,3,3,1,1,7,3,3,1,1
3,7,2,67,0.8,3,3,2,2,1,252.44,1,5,3,1,1,3,2,3,3,1,1
3,7,2,68,1.8,3,1,2,2,1,253.22,1,4,1,3,3,1,11,3,1,3,1
3,7,2,69,0.1,1,2,1,2,0,332.75,0,10,3,1,3,1,10,1,1,2,2
3,7,2,70,0.05,2,1,2,1,0,385.81,0,10,1,1,2,2,5,3,1,3,1
3,7,2,71,1.8,1,2,1,1,1,244.14,1,1,3,3,3,3,1,1,3,2,2
3,7,2,72,0.2,1,2,1,1,1,264.55,1,12,1,1,1,1,12,3,1,2,2
3,7,2,73,0.2,2,2,2,2,1,241.13,1,5,1,3,2,2,4,1,3,2,2
3,7,2,74,0.4,3,2,2,2,1,297.63,1,15,1,1,3,3,1,1,3,2,2
3,7,2,75,0.05,2,3,2,2,1,277.58,1,5,3,3,2,2,14,3,3,1,1
3,7,2,76,1.8,1,3,1,1,1,228.57,1,3,1,1,1,1,12,1,3,3,1
3,7,2,77,0.2,1,2,1,1,1,241.12,1,12,1,3,1,3,19,3,1,2,2
3,7,2,78,0.4,1,1,1,1,1,253.7,1,2,1,1,1,1,3,3,3,3,3
3,7,3,1,0.1,3,3,2,2,1,234.43,1,20,3,1,1,3,17,1,1,3,3
3,7,3,2,1.8,1,1,1,1,1,225.88,1,16,3,3,3,3,10,1,1,1,1
3,7,3,3,0.1,2,2,2,1,0,265.5,1,1,1,1,2,2,3,3,1,2,2
3,7,3,4,0.2,1,1,1,1,1,269.88,1,15,3,1,3,1,13,3,3,3,3
3,7,3,5,0.05,2,3,2,1,0,271.08,1,3,1,1,2,2,6,1,3,3,1
3,7,3,6,0.05,1,2,1,1,1,303.73,0,11,3,1,3,1,10,3,3,2,2
3,7,3,7,1.8,2,3,NaN,NaN,NaN,NaN,NaN,6,1,3,2,2,13,3,1,1,3
3,7,3,8,0.4,1,1,1,1,1,278.45,1,11,1,1,1,1,6,1,1,1,1
3,7,3,9,0.2,1,2,1,1,1,334.73,0,4,1,3,1,3,4,3,1,2,2
3,7,3,10,0.8,1,2,1,1,1,247.74,1,4,3,1,3,1,8,1,1,2,2
3,7,3,11,0.1,1,3,1,2,0,296.59,1,20,1,1,1,1,7,3,1,1,3
3,7,3,12,0.1,3,3,2,2,1,280.55,1,16,1,3,3,1,19,3,1,1,3
3,7,3,13,0.05,2,3,2,2,1,255.72,1,14,3,1,2,2,2,1,3,3,1
3,7,3,14,0.05,3,2,2,2,1,414.6,0,19,3,3,1,1,12,1,1,2,2
3,7,3,15,0.4,2,2,2,2,1,201.9,1,11,3,1,2,2,19,1,1,2,2
3,7,3,16,0.1,3,3,2,2,1,294.17,1,15,1,1,3,3,13,3,3,1,1
3,7,3,17,0.4,2,1,2,2,1,62.414,2,20,3,3,2,2,2,3,1,3,1
3,7,3,18,1.8,3,2,2,2,1,267.92,1,11,3,3,1,1,7,1,1,2,2
3,7,3,19,0.1,1,1,1,1,1,308.85,0,20,3,3,3,3,18,3,1,3,1
3,7,3,20,0.4,3,3,2,2,1,286.91,1,11,3,1,1,3,7,1,3,3,1
3,7,3,21,0.2,1,1,1,1,1,270.38,1,11,3,1,3,1,1,1,3,1,3
3,7,3,22,1.8,1,2,1,1,1,305.18,0,20,1,1,1,1,15,3,3,2,2
3,7,3,23,0.05,3,2,2,2,1,327.15,0,15,3,1,1,3,12,1,3,2,2
3,7,3,24,0.1,3,1,2,2,1,273.26,1,20,3,3,1,1,12,1,3,1,3
3,7,3,25,0.05,2,1,2,2,1,290.43,1,3,1,1,2,2,15,1,1,1,1
3,7,3,26,1.8,1,3,1,1,1,319.39,0,20,1,3,1,3,14,1,1,3,3
3,7,3,27,0.2,3,2,2,2,1,262.67,1,17,3,1,1,3,12,1,1,2,2
3,7,3,28,0.8,1,2,1,1,1,281.75,1,8,1,3,1,3,16,3,1,2,2
3,7,3,29,0.8,2,3,NaN,NaN,NaN,NaN,NaN,7,3,1,2,2,5,3,3,1,1
3,7,3,30,0.4,2,2,2,2,1,288.4,1,20,3,1,2,2,7,1,1,2,2
3,7,3,31,0.8,1,3,1,1,1,272.08,1,6,3,3,3,3,3,3,1,1,3
3,7,3,32,0.2,2,2,2,2,1,255.82,1,3,3,1,2,2,17,1,1,2,2
3,7,3,33,1.8,1,2,1,1,1,312.46,0,1,1,1,1,1,4,3,1,2,2
3,7,3,34,0.4,3,3,2,2,1,247.53,1,14,3,3,1,1,12,1,1,3,3
3,7,3,35,0.8,1,3,NaN,NaN,NaN,NaN,NaN,15,3,3,3,3,14,3,3,1,1
3,7,3,36,0.8,1,2,1,1,1,268.92,1,9,1,1,1,1,4,3,1,2,2
3,7,3,37,0.4,1,3,1,1,1,318.96,0,4,3,3,3,3,5,3,3,1,1
3,7,3,38,0.05,1,3,1,1,1,275.69,1,20,3,3,3,3,14,1,1,3,3
3,7,3,39,0.4,3,3,2,2,1,285.19,1,15,1,3,3,1,14,3,1,1,3
3,7,3,40,1.8,3,2,2,2,1,216.29,1,18,1,3,3,1,16,1,1,2,2
3,7,3,41,0.1,2,2,2,2,1,313.17,0,13,3,3,2,2,18,1,3,2,2
3,7,3,42,1.8,3,2,2,2,1,270.45,1,13,1,3,3,1,20,1,3,2,2
3,7,3,43,0.2,1,2,1,1,1,287.07,1,1,3,1,3,1,6,3,1,2,2
3,7,3,44,0.4,3,3,2,2,1,280.24,1,14,1,1,3,3,20,3,1,1,3
3,7,3,45,0.05,1,2,1,1,1,338.96,0,14,3,1,3,1,16,1,1,2,2
3,7,3,46,0.8,2,3,2,2,1,255.87,1,8,1,1,2,2,8,3,3,1,1
3,7,3,47,0.05,1,2,1,1,1,269.35,1,17,1,1,1,1,10,3,1,2,2
3,7,3,48,0.2,2,1,2,1,0,243.86,1,1,3,1,2,2,16,1,3,1,3
3,7,3,49,0.8,1,2,1,1,1,262.52,1,11,1,1,1,1,15,1,3,2,2
3,7,3,50,0.8,1,3,1,1,1,266.55,1,4,1,3,1,3,16,1,3,3,1
3,7,3,51,0.1,3,2,2,2,1,246.54,1,5,3,3,1,1,9,1,1,2,2
3,7,3,52,1.8,1,1,NaN,NaN,NaN,NaN,NaN,16,3,1,3,1,6,3,3,3,3
3,7,3,53,0.4,1,1,1,1,1,254.85,1,6,1,3,1,3,8,3,1,3,1
3,7,3,54,1.8,2,1,2,2,1,246.05,1,13,1,3,2,2,1,3,1,3,1
3,7,3,55,0.4,3,1,2,2,1,265.3,1,6,3,3,1,1,7,3,1,3,1
3,7,3,56,0.2,1,3,1,1,1,268.8,1,10,1,3,1,3,13,1,1,3,3
3,7,3,57,0.8,1,1,1,1,1,313.17,0,16,1,3,1,3,17,3,3,3,3
3,7,3,58,0.1,1,1,1,1,1,386.95,0,19,3,3,3,3,11,3,3,3,3
3,7,3,59,0.4,3,1,2,2,1,279.14,1,19,3,3,1,1,12,1,1,1,1
3,7,3,60,0.2,1,2,1,1,1,237.98,1,9,3,3,3,3,4,1,3,2,2
3,7,3,61,0.8,1,3,1,1,1,248.04,1,2,1,1,1,1,19,1,3,3,1
3,7,3,62,0.4,3,2,2,2,1,239.06,1,9,3,3,1,1,5,3,3,2,2
3,7,3,63,0.2,3,2,2,2,1,222.38,1,18,1,1,3,3,4,1,1,2,2
3,7,3,64,0.05,3,2,2,2,1,342.18,0,15,1,1,3,3,2,3,3,2,2
3,7,3,65,0.05,1,3,1,1,1,305.96,0,10,3,3,3,3,16,1,3,3,1
3,7,3,66,1.8,1,3,1,1,1,236.64,1,5,1,3,1,3,4,3,1,1,3
3,7,3,67,0.1,1,2,1,1,1,281.98,1,4,3,3,3,3,4,3,1,2,2
3,7,3,68,1.8,2,2,2,2,1,242.37,1,4,3,1,2,2,16,1,3,2,2
3,7,3,69,1.8,1,2,1,1,1,229.66,1,16,3,1,3,1,14,1,3,2,2
3,7,3,70,0.1,1,3,1,1,1,258.85,1,17,1,3,1,3,16,3,1,1,3
3,7,3,71,0.2,1,2,1,1,1,247.72,1,1,3,3,3,3,13,1,3,2,2
3,7,3,72,0.05,2,2,2,2,1,296.51,1,2,1,3,2,2,6,1,3,2,2
3,7,3,73,0.2,3,3,2,2,1,212.4,1,3,3,3,1,1,17,3,1,1,3
3,7,3,74,0.8,1,2,1,1,1,264.94,1,17,3,1,3,1,6,3,3,2,2
3,7,3,75,0.05,2,2,2,2,1,315.81,0,19,3,3,2,2,8,3,3,2,2
3,7,3,76,0.1,1,1,1,1,1,204.48,1,15,3,3,3,3,15,1,1,1,1
3,7,3,77,0.2,1,3,1,1,1,211.67,1,4,3,1,3,1,13,3,1,1,3
3,7,3,78,0.8,2,2,2,2,1,254.6,1,13,1,3,2,2,1,3,1,2,2
3,7,4,1,1.8,1,3,NaN,NaN,NaN,NaN,NaN,5,1,3,1,3,10,3,1,1,3
3,7,4,2,0.8,3,1,2,2,1,257.99,1,7,3,3,1,1,1,3,1,3,1
3,7,4,3,0.4,3,3,2,2,1,244.82,1,16,1,3,3,1,1,1,1,3,3
3,7,4,4,0.4,1,2,1,1,1,45.991,2,10,3,1,3,1,1,3,3,2,2
3,7,4,5,0.1,1,2,1,1,1,310.47,0,4,3,1,3,1,13,1,3,2,2
3,7,4,6,1.8,3,3,2,2,1,249.54,1,11,1,1,3,3,8,1,1,3,3
3,7,4,7,0.8,3,2,2,2,1,309.54,0,2,3,1,1,3,19,1,3,2,2
3,7,4,8,0.1,3,1,2,2,1,273.27,1,19,1,3,3,1,11,1,1,1,1
3,7,4,9,0.2,1,2,1,1,1,294.08,1,18,3,3,3,3,20,3,3,2,2
3,7,4,10,0.4,3,3,2,2,1,368.07,0,16,1,1,3,3,13,1,1,3,3
3,7,4,11,0.8,1,1,1,1,1,243.32,1,13,3,3,3,3,17,1,1,1,1
3,7,4,12,0.2,2,1,2,2,1,315.6,0,19,1,1,2,2,11,1,3,1,3
3,7,4,13,0.1,1,2,1,1,1,293.25,1,4,1,1,1,1,13,3,1,2,2
3,7,4,14,0.05,2,3,2,2,1,305.79,0,4,3,3,2,2,4,1,3,3,1
3,7,4,15,0.2,3,2,2,2,1,239.61,1,4,1,3,3,1,9,3,3,2,2
3,7,4,16,0.8,3,3,2,2,1,275.43,1,9,3,1,1,3,9,3,1,1,3
3,7,4,17,1.8,3,2,NaN,NaN,NaN,NaN,NaN,20,1,1,3,3,11,3,3,2,2
3,7,4,18,0.4,1,3,1,1,1,300.6,0,15,3,3,3,3,1,1,1,3,3
3,7,4,19,0.2,1,1,1,1,1,257.78,1,20,1,3,1,3,5,3,3,3,3
3,7,4,20,0.1,3,1,2,2,1,282.08,1,6,1,3,3,1,11,3,1,3,1
3,7,4,21,1.8,1,1,1,1,1,234.87,1,6,3,3,3,3,6,3,1,3,1
3,7,4,22,0.05,3,2,2,2,1,297.86,1,20,3,3,1,1,8,3,3,2,2
3,7,4,23,0.1,1,1,1,1,1,264.23,1,12,1,1,1,1,6,3,3,3,3
3,7,4,24,0.8,2,1,NaN,NaN,NaN,NaN,NaN,4,3,3,2,2,18,1,3,1,3
3,7,4,25,0.8,3,3,2,2,1,245.07,1,1,3,3,1,1,8,3,3,1,1
3,7,4,26,0.1,3,2,2,2,1,320.15,0,13,1,3,3,1,1,3,1,2,2
3,7,4,27,0.2,2,3,2,2,1,226.44,1,14,1,3,2,2,7,3,3,1,1
3,7,4,28,1.8,1,1,1,1,1,333.53,0,11,3,3,3,3,14,3,3,3,3
3,7,4,29,1.8,1,2,1,1,1,258.12,1,7,3,3,3,3,7,1,3,2,2
3,7,4,30,0.1,1,3,1,1,1,274.02,1,9,3,1,3,1,9,1,3,3,1
3,7,4,31,0.05,3,1,2,2,1,273.39,1,16,3,1,1,3,11,1,3,1,3
3,7,4,32,0.4,1,3,1,1,1,304.28,0,13,1,3,1,3,8,1,3,3,1
3,7,4,33,0.05,3,2,2,2,1,253.6,1,11,3,3,1,1,17,1,1,2,2
3,7,4,34,0.2,3,2,2,2,1,282.34,1,1,1,3,3,1,6,3,3,2,2
3,7,4,35,1.8,3,2,2,2,1,247.29,1,5,3,3,1,1,17,1,3,2,2
3,7,4,36,0.1,3,3,2,2,1,306.49,0,12,1,1,3,3,2,3,1,1,3
3,7,4,37,0.4,1,3,1,1,1,241.78,1,8,1,3,1,3,9,3,1,1,3
3,7,4,38,1.8,3,2,2,2,1,278.28,1,6,1,1,3,3,18,3,3,2,2
3,7,4,39,0.8,1,2,1,1,1,286.61,1,1,1,1,1,1,9,3,1,2,2
3,7,4,40,1.8,3,3,2,2,1,253.32,1,7,1,1,3,3,6,1,3,3,1
3,7,4,41,0.4,1,3,1,1,1,255.77,1,14,3,1,3,1,3,1,1,3,3
3,7,4,42,0.2,1,1,1,1,1,288.88,1,9,3,1,3,1,14,3,1,3,1
3,7,4,43,0.8,3,1,2,2,1,271.51,1,10,3,1,1,3,13,1,3,1,3
3,7,4,44,0.05,3,3,2,2,1,357.56,0,4,1,1,3,3,5,3,1,1,3
3,7,4,45,0.2,1,1,1,1,1,209.6,1,4,3,1,3,1,14,1,1,1,1
3,7,4,46,0.05,2,3,2,2,1,292.53,1,8,3,3,2,2,11,1,1,3,3
3,7,4,47,1.8,2,2,2,2,1,248.21,1,3,1,1,2,2,4,1,1,2,2
3,7,4,48,0.05,3,3,2,2,1,343.65,0,5,3,3,1,1,8,3,1,1,3
3,7,4,49,0.05,3,3,2,2,1,312.03,0,19,3,3,1,1,20,1,3,3,1
3,7,4,50,0.4,3,1,2,2,1,254.62,1,9,3,1,1,3,19,1,1,1,1
3,7,4,51,0.1,2,3,2,2,1,274.21,1,10,1,3,2,2,3,1,1,3,3
3,7,4,52,0.2,2,2,2,2,1,250.33,1,4,3,1,2,2,9,1,1,2,2
3,7,4,53,0.8,3,2,2,2,1,242.61,1,5,3,3,1,1,13,3,1,2,2
3,7,4,54,0.2,3,1,2,2,1,265.85,1,6,1,1,3,3,8,3,3,3,3
3,7,4,55,1.8,1,1,1,2,0,258.93,1,4,3,1,3,1,16,3,3,3,3
3,7,4,56,0.4,3,3,2,2,1,251.31,1,15,1,3,3,1,16,3,3,1,1
3,7,4,57,0.05,3,1,2,2,1,282.2,1,16,3,1,1,3,11,1,3,1,3
3,7,4,58,0.1,1,1,1,1,1,553.86,0,17,1,1,1,1,6,3,1,3,1
3,7,4,59,0.8,2,3,2,2,1,273.25,1,20,3,3,2,2,14,1,3,3,1
3,7,4,60,0.1,3,3,2,2,1,259.6,1,2,3,3,1,1,17,1,3,3,1
3,7,4,61,0.1,3,3,2,2,1,274.21,1,4,1,3,3,1,12,1,3,3,1
3,7,4,62,0.2,3,1,2,2,1,253.36,1,10,3,3,1,1,8,1,1,1,1
3,7,4,63,0.1,3,1,2,2,1,245.53,1,19,3,1,1,3,6,1,3,1,3
3,7,4,64,0.8,3,3,NaN,NaN,NaN,NaN,NaN,1,1,3,3,1,2,1,3,3,1
3,7,4,65,0.4,3,1,2,2,1,282.87,1,11,3,1,1,3,15,1,1,1,1
3,7,4,66,0.4,1,3,1,1,1,280.85,1,9,3,3,3,3,11,1,3,3,1
3,7,4,67,0.2,1,3,1,1,1,354.58,0,8,1,1,1,1,5,3,3,1,1
3,7,4,68,0.05,1,3,1,1,1,289.25,1,14,3,1,3,1,5,1,3,3,1
3,7,4,69,0.05,1,3,1,2,0,292.71,1,11,3,1,3,1,2,3,1,1,3
3,7,4,70,0.05,1,2,1,2,0,319.17,0,11,3,1,3,1,19,1,3,2,2
3,7,4,71,0.8,3,1,2,2,1,247.2,1,16,1,1,3,3,19,3,1,3,1
3,7,4,72,1.8,1,2,1,1,1,319.13,0,16,3,1,3,1,4,3,3,2,2
3,7,4,73,1.8,1,3,1,1,1,276.84,1,17,1,3,1,3,4,3,1,1,3
3,7,4,74,0.2,1,3,1,1,1,188.87,1,7,3,1,3,1,9,3,3,1,1
3,7,4,75,0.8,1,2,1,1,1,250.37,1,6,1,1,1,1,3,1,3,2,2
3,7,4,76,0.05,3,2,2,2,1,261.78,1,11,1,3,3,1,1,3,3,2,2
3,7,4,77,0.4,2,1,2,2,1,259.84,1,16,3,3,2,2,12,1,3,1,3
3,7,4,78,0.4,1,1,1,1,1,292.67,1,5,1,1,1,1,15,3,1,3,1
3,7,5,1,0.05,1,3,1,1,1,304.64,0,1,3,3,3,3,3,3,1,1,3
3,7,5,2,0.2,1,3,1,1,1,146.22,1,18,1,1,1,1,5,3,1,1,3
3,7,5,3,0.8,1,1,1,1,1,265.59,1,5,1,3,1,3,17,1,1,1,1
3,7,5,4,0.2,1,1,1,1,1,246.12,1,4,3,3,3,3,12,3,1,3,1
3,7,5,5,0.4,1,3,1,1,1,178.74,1,8,3,1,3,1,3,3,3,1,1
3,7,5,6,1.8,1,2,NaN,NaN,NaN,NaN,NaN,14,1,3,1,3,20,1,1,2,2
3,7,5,7,0.8,1,3,1,1,1,272.26,1,16,3,1,3,1,15,1,1,3,3
3,7,5,8,0.05,1,1,1,1,1,288.48,1,5,3,3,3,3,2,1,1,1,1
3,7,5,9,1.8,1,3,1,1,1,207.16,1,2,3,3,3,3,7,1,1,3,3
3,7,5,10,1.8,1,1,NaN,NaN,NaN,NaN,NaN,5,3,1,3,1,17,1,1,1,1
3,7,5,11,1.8,1,2,1,1,1,210.84,1,19,1,3,1,3,20,3,3,2,2
3,7,5,12,0.4,1,2,1,1,1,251.16,1,3,3,1,3,1,16,1,1,2,2
3,7,5,13,1.8,2,1,NaN,NaN,NaN,NaN,NaN,16,3,1,2,2,17,3,1,3,1
3,7,5,14,0.1,2,1,2,2,1,301.97,0,12,3,3,2,2,7,3,1,3,1
3,7,5,15,0.2,2,1,2,2,1,370.72,0,17,3,3,2,2,2,3,3,3,3
3,7,5,16,1.8,2,1,NaN,NaN,NaN,NaN,NaN,6,3,3,2,2,19,1,1,1,1
3,7,5,17,0.1,1,1,1,1,1,286.25,1,6,1,1,1,1,9,3,3,3,3
3,7,5,18,0.8,2,2,2,2,1,250.5,1,15,1,1,2,2,18,3,1,2,2
3,7,5,19,0.1,1,1,1,1,1,282.78,1,7,3,3,3,3,5,1,1,1,1
3,7,5,20,0.8,3,1,2,2,1,201.52,1,17,3,1,1,3,13,3,1,3,1
3,7,5,21,0.2,3,3,2,2,1,323.54,0,16,3,3,1,1,4,3,1,1,3
3,7,5,22,0.2,1,3,1,1,1,268.94,1,10,3,1,3,1,8,3,3,1,1
3,7,5,23,1.8,1,2,1,1,1,273.4,1,13,1,3,1,3,15,1,1,2,2
3,7,5,24,0.2,1,2,1,1,1,272.51,1,9,1,1,1,1,10,3,1,2,2
3,7,5,25,0.1,1,3,1,1,1,302.01,0,9,1,3,1,3,5,1,1,3,3
3,7,5,26,0.1,3,3,2,2,1,278.91,1,16,3,3,1,1,11,3,3,1,1
3,7,5,27,0.05,1,2,1,1,1,277.84,1,18,1,3,1,3,11,1,1,2,2
3,7,5,28,0.1,3,2,2,2,1,268.74,1,5,1,3,3,1,7,1,3,2,2
3,7,5,29,0.4,2,1,2,2,1,277.93,1,11,1,3,2,2,16,1,3,1,3
3,7,5,30,0.4,2,1,2,2,1,320.82,0,5,1,1,2,2,11,1,3,1,3
3,7,5,31,0.4,3,1,2,2,1,257.23,1,7,3,1,1,3,19,3,3,3,3
3,7,5,32,0.1,3,3,2,2,1,309.7,0,15,1,1,3,3,20,1,1,3,3
3,7,5,33,1.8,1,2,1,1,1,237.45,1,15,1,1,1,1,17,3,3,2,2
3,7,5,34,0.1,1,3,1,1,1,303.55,0,9,3,3,3,3,5,1,1,3,3
3,7,5,35,0.05,1,3,1,1,1,318.96,0,5,3,3,3,3,4,3,1,1,3
3,7,5,36,0.8,2,2,NaN,NaN,NaN,NaN,NaN,8,3,1,2,2,17,3,3,2,2
3,7,5,37,0.4,1,1,1,1,1,242.89,1,18,3,3,3,3,10,3,3,3,3
3,7,5,38,0.2,1,3,1,1,1,259.68,1,1,3,1,3,1,11,3,1,1,3
3,7,5,39,0.2,2,2,2,2,1,324.74,0,3,3,1,2,2,4,1,1,2,2
3,7,5,40,0.05,1,1,1,1,1,298.04,1,19,1,1,1,1,20,1,3,1,3
3,7,5,41,1.8,1,3,1,1,1,215.04,1,3,1,3,1,3,10,1,3,3,1
3,7,5,42,0.05,2,2,2,2,1,308.25,0,9,1,1,2,2,8,3,1,2,2
3,7,5,43,0.4,1,3,1,1,1,244.69,1,9,3,1,3,1,19,3,1,1,3
3,7,5,44,0.1,2,1,2,1,0,309.99,0,20,3,3,2,2,11,3,3,3,3
3,7,5,45,0.8,1,3,1,1,1,272.11,1,15,3,3,3,3,8,1,3,3,1
3,7,5,46,0.2,1,3,1,1,1,299.96,1,18,1,3,1,3,6,1,3,3,1
3,7,5,47,0.4,3,3,2,2,1,-2.275,2,20,3,3,1,1,11,3,1,1,3
3,7,5,48,0.2,3,2,2,2,1,289.08,1,9,3,3,1,1,5,3,3,2,2
3,7,5,49,0.05,2,2,2,1,0,330.81,0,16,1,1,2,2,8,3,1,2,2
3,7,5,50,0.05,3,3,2,2,1,314.23,0,4,3,1,1,3,3,1,1,3,3
3,7,5,51,0.4,3,2,2,2,1,336.72,0,2,1,1,3,3,8,3,3,2,2
3,7,5,52,0.05,3,3,2,2,1,283.87,1,8,3,3,1,1,1,1,1,3,3
3,7,5,53,0.4,2,1,2,2,1,255.93,1,19,1,3,2,2,3,1,1,1,1
3,7,5,54,0.1,3,3,2,2,1,255.75,1,13,1,3,3,1,1,3,3,1,1
3,7,5,55,0.05,1,2,1,1,1,340.01,0,17,3,3,3,3,15,3,3,2,2
3,7,5,56,1.8,2,3,2,2,1,233.49,1,8,1,1,2,2,14,1,1,3,3
3,7,5,57,0.8,1,3,1,1,1,242,1,1,3,1,3,1,10,1,1,3,3
3,7,5,58,0.1,3,3,2,2,1,203.84,1,8,3,1,1,3,14,3,3,1,1
3,7,5,59,0.8,1,3,1,1,1,248.38,1,7,3,3,3,3,6,1,1,3,3
3,7,5,60,0.4,1,2,1,1,1,236.85,1,19,3,1,3,1,12,1,3,2,2
3,7,5,61,0.4,2,1,2,2,1,205.79,1,19,3,1,2,2,12,1,3,1,3
3,7,5,62,0.2,2,3,2,2,1,282.73,1,19,1,3,2,2,18,1,1,3,3
3,7,5,63,0.8,2,1,NaN,NaN,NaN,NaN,NaN,20,1,3,2,2,9,3,1,3,1
3,7,5,64,0.8,3,2,2,2,1,235.41,1,17,1,3,3,1,4,1,1,2,2
3,7,5,65,0.8,1,3,1,1,1,292.97,1,9,3,1,3,1,4,3,1,1,3
3,7,5,66,1.8,1,1,1,1,1,271,1,3,1,3,1,3,10,1,1,1,1
3,7,5,67,1.8,3,1,2,2,1,225.53,1,12,3,3,1,1,10,3,3,3,3
3,7,5,68,0.4,1,1,1,1,1,300.04,0,3,3,3,3,3,17,3,1,3,1
3,7,5,69,0.1,1,3,1,1,1,282.12,1,20,1,3,1,3,5,3,3,1,1
3,7,5,70,0.1,1,2,1,1,1,286.17,1,12,3,3,3,3,11,3,3,2,2
3,7,5,71,0.8,1,1,1,1,1,235.56,1,7,1,3,1,3,1,3,3,3,3
3,7,5,72,0.05,1,3,1,1,1,292.66,1,17,1,1,1,1,1,1,3,3,1
3,7,5,73,0.8,3,2,2,2,1,291.79,1,17,3,3,1,1,3,1,3,2,2
3,7,5,74,1.8,3,2,2,2,1,229.72,1,3,3,1,1,3,9,3,1,2,2
3,7,5,75,0.2,3,1,2,2,1,332.72,0,12,3,3,1,1,14,1,3,1,3
3,7,5,76,0.05,1,2,1,1,1,286.14,1,7,1,3,1,3,15,3,3,2,2
3,7,5,77,0.05,1,3,1,1,1,300.47,0,1,3,1,3,1,18,1,1,3,3
3,7,5,78,0.2,1,3,1,1,1,210.4,1,6,1,1,1,1,10,3,1,1,3
3,7,6,1,0.1,1,2,1,1,1,302.81,0,12,1,3,1,3,15,3,3,2,2
3,7,6,2,0.8,2,2,2,2,1,251.82,1,5,1,3,2,2,15,1,1,2,2
3,7,6,3,0.1,1,2,1,1,1,333.96,0,20,3,1,3,1,7,1,1,2,2
3,7,6,4,0.2,2,1,2,1,0,331.58,0,18,1,1,2,2,17,3,3,3,3
3,7,6,5,0.8,3,3,2,2,1,232.7,1,14,1,1,3,3,18,3,1,1,3
3,7,6,6,0.2,3,3,2,2,1,294.14,1,2,1,1,3,3,12,1,1,3,3
3,7,6,7,0.05,1,2,1,1,1,279.22,1,2,3,1,3,1,11,3,1,2,2
3,7,6,8,0.1,1,3,1,1,1,242.68,1,1,1,3,1,3,10,3,3,1,1
3,7,6,9,0.2,1,3,1,1,1,189.95,1,2,3,1,3,1,12,1,1,3,3
3,7,6,10,1.8,3,1,2,2,1,259.54,1,7,3,3,1,1,11,1,3,1,3
3,7,6,11,0.1,3,2,2,2,1,279.12,1,17,1,3,3,1,18,3,1,2,2
3,7,6,12,0.05,1,1,1,1,1,273.23,1,7,3,1,3,1,20,1,1,1,1
3,7,6,13,0.2,3,3,2,2,1,95.737,2,8,1,1,3,3,1,1,3,3,1
3,7,6,14,0.05,3,2,2,2,1,312.62,0,7,3,1,1,3,5,1,3,2,2
3,7,6,15,1.8,2,3,2,2,1,241.01,1,14,3,1,2,2,18,1,3,3,1
3,7,6,16,0.05,1,2,1,1,1,288.08,1,16,1,1,1,1,3,3,3,2,2
3,7,6,17,0.2,3,2,2,2,1,106.68,1,14,3,1,1,3,3,3,1,2,2
3,7,6,18,0.1,1,1,1,1,1,301.06,0,19,3,1,3,1,17,1,3,1,3
3,7,6,19,1.8,2,2,NaN,NaN,NaN,NaN,NaN,17,1,1,2,2,10,1,1,2,2
3,7,6,20,0.4,1,1,1,1,1,324.48,0,9,1,1,1,1,14,3,3,3,3
3,7,6,21,0.4,3,3,2,2,1,304.12,0,1,1,3,3,1,8,1,1,3,3
3,7,6,22,0.8,2,3,2,2,1,235.26,1,7,1,3,2,2,8,1,3,3,1
3,7,6,23,1.8,2,3,2,2,1,248.9,1,7,3,1,2,2,5,3,1,1,3
3,7,6,24,1.8,1,2,NaN,NaN,NaN,NaN,NaN,19,1,1,1,1,12,3,1,2,2
3,7,6,25,0.1,2,2,2,1,0,321.82,0,8,3,1,2,2,13,1,1,2,2
3,7,6,26,0.1,1,2,1,1,1,299.32,1,15,3,3,3,3,3,3,1,2,2
3,7,6,27,1.8,1,2,1,1,1,254.63,1,16,3,3,3,3,8,3,1,2,2
3,7,6,28,1.8,1,2,NaN,NaN,NaN,NaN,NaN,7,1,3,1,3,10,1,1,2,2
3,7,6,29,0.8,1,2,1,1,1,249.04,1,2,3,1,3,1,1,3,3,2,2
3,7,6,30,0.8,1,1,1,1,1,343.19,0,9,3,1,3,1,9,1,1,1,1
3,7,6,31,0.1,2,2,2,2,1,343.41,0,9,1,3,2,2,11,1,1,2,2
3,7,6,32,0.05,1,3,1,1,1,326.23,0,17,1,1,1,1,12,3,1,1,3
3,7,6,33,0.2,2,3,2,2,1,272.57,1,2,1,1,2,2,14,1,3,3,1
3,7,6,34,1.8,3,1,2,2,1,266.28,1,5,3,3,1,1,20,1,1,1,1
3,7,6,35,0.4,3,2,2,2,1,300.64,0,9,1,1,3,3,7,3,3,2,2
3,7,6,36,0.4,1,3,1,1,1,322.44,0,11,1,1,1,1,20,3,1,1,3
3,7,6,37,0.4,1,3,1,1,1,236.95,1,5,1,3,1,3,5,1,1,3,3
3,7,6,38,0.4,2,3,2,1,0,344.85,0,7,1,1,2,2,11,1,3,3,1
3,7,6,39,0.2,2,2,2,2,1,253.22,1,6,3,1,2,2,8,3,1,2,2
3,7,6,40,1.8,2,3,2,2,1,258.59,1,17,1,1,2,2,18,3,1,1,3
3,7,6,41,1.8,1,3,1,1,1,230.66,1,1,1,3,1,3,7,3,3,1,1
3,7,6,42,0.1,3,3,2,2,1,269.27,1,12,3,3,1,1,17,1,1,3,3
3,7,6,43,0.8,2,1,NaN,NaN,NaN,NaN,NaN,2,1,3,2,2,5,1,1,1,1
3,7,6,44,0.4,2,1,2,2,1,-10.255,2,15,3,3,2,2,11,1,3,1,3
3,7,6,45,0.1,1,1,1,1,1,260.93,1,14,1,3,1,3,2,3,3,3,3
3,7,6,46,0.05,2,2,2,2,1,323.34,0,6,1,1,2,2,18,3,3,2,2
3,7,6,47,0.4,1,2,1,1,1,372.17,0,15,1,1,1,1,13,3,3,2,2
3,7,6,48,0.4,1,1,1,1,1,205.97,1,9,1,3,1,3,20,3,1,3,1
3,7,6,49,0.4,1,3,NaN,NaN,NaN,NaN,NaN,13,1,3,1,3,14,1,1,3,3
3,7,6,50,0.8,2,3,2,2,1,231.96,1,9,1,1,2,2,14,3,3,1,1
3,7,6,51,0.8,2,1,2,2,1,292.71,1,16,3,1,2,2,8,3,1,3,1
3,7,6,52,0.8,1,3,1,1,1,221.88,1,19,1,3,1,3,19,1,3,3,1
3,7,6,53,0.8,1,3,1,2,0,256.7,1,9,1,1,1,1,18,3,3,1,1
3,7,6,54,0.05,1,2,1,1,1,363.44,0,6,1,3,1,3,20,3,3,2,2
3,7,6,55,0.1,2,3,2,1,0,297.59,1,1,1,1,2,2,17,3,1,1,3
3,7,6,56,0.05,3,1,2,2,1,310.41,0,1,1,3,3,1,14,1,1,1,1
3,7,6,57,0.4,1,2,NaN,NaN,NaN,NaN,NaN,20,1,1,1,1,8,1,3,2,2
3,7,6,58,0.4,1,2,1,1,1,273.73,1,13,3,1,3,1,19,3,3,2,2
3,7,6,59,0.1,1,1,1,1,1,260.89,1,18,3,3,3,3,9,1,3,1,3
3,7,6,60,0.1,1,1,1,1,1,237.1,1,13,3,3,3,3,3,3,3,3,3
3,7,6,61,1.8,3,3,2,2,1,212.75,1,15,1,1,3,3,14,1,1,3,3
3,7,6,62,0.05,1,2,1,1,1,261.82,1,3,1,1,1,1,20,3,3,2,2
3,7,6,63,1.8,2,2,2,2,1,230.82,1,11,3,1,2,2,19,1,1,2,2
3,7,6,64,0.2,1,2,1,1,1,344.78,0,4,3,1,3,1,2,3,3,2,2
3,7,6,65,0.2,3,2,2,2,1,245.42,1,16,3,1,1,3,2,1,1,2,2
3,7,6,66,0.05,1,2,1,1,1,303.3,0,3,1,3,1,3,5,3,3,2,2
3,7,6,67,0.2,2,2,2,2,1,287.19,1,16,3,1,2,2,12,3,3,2,2
3,7,6,68,0.05,2,2,2,2,1,337.78,0,19,1,3,2,2,18,3,3,2,2
3,7,6,69,0.8,1,1,1,1,1,232.62,1,15,1,3,1,3,4,1,1,1,1
3,7,6,70,0.8,3,2,2,2,1,258.99,1,14,1,3,3,1,7,3,3,2,2
3,7,6,71,0.4,1,1,1,1,1,290.32,1,7,1,1,1,1,7,1,1,1,1
3,7,6,72,1.8,3,3,NaN,NaN,NaN,NaN,NaN,3,3,1,1,3,14,1,3,3,1
3,7,6,73,0.05,1,1,1,1,1,323.84,0,9,1,3,1,3,10,1,1,1,1
3,7,6,74,0.2,1,2,1,1,1,264.12,1,12,1,3,1,3,20,1,1,2,2
3,7,6,75,0.05,3,3,2,2,1,304.88,0,20,3,3,1,1,9,1,3,3,1
3,7,6,76,0.2,1,3,1,1,1,261.84,1,8,3,3,3,3,18,1,3,3,1
3,7,6,77,0.8,3,1,2,2,1,252.51,1,4,1,1,3,3,15,3,1,3,1
3,7,6,78,0.2,1,1,1,1,1,273.83,1,19,3,3,3,3,7,1,1,1,1
3,7,7,1,0.1,1,3,1,1,1,198.78,1,9,1,1,1,1,16,3,1,1,3
3,7,7,2,0.4,1,1,1,1,1,238.12,1,6,3,3,3,3,5,3,3,3,3
3,7,7,3,1.8,1,2,1,1,1,212.9,1,11,3,3,3,3,20,1,3,2,2
3,7,7,4,1.8,1,1,1,1,1,236.14,1,10,1,1,1,1,11,3,3,3,3
3,7,7,5,0.2,1,3,1,1,1,304.8,0,19,3,3,3,3,15,1,3,3,1
3,7,7,6,0.4,2,3,2,2,1,256.26,1,7,1,1,2,2,8,3,1,1,3
3,7,7,7,0.2,2,2,2,1,0,290.16,1,6,3,1,2,2,9,3,3,2,2
3,7,7,8,0.1,1,1,1,1,1,229.03,1,4,1,3,1,3,16,1,1,1,1
3,7,7,9,0.8,1,1,1,1,1,290.66,1,10,1,3,1,3,14,3,1,3,1
3,7,7,10,0.4,1,2,1,1,1,260.69,1,12,1,1,1,1,8,3,3,2,2
3,7,7,11,0.05,3,1,2,2,1,348.68,0,8,3,1,1,3,2,1,1,1,1
3,7,7,12,0.2,3,2,2,1,0,337.67,0,12,1,3,3,1,16,1,1,2,2
3,7,7,13,1.8,2,2,2,2,1,256.57,1,2,1,1,2,2,13,1,3,2,2
3,7,7,14,0.05,1,2,1,1,1,332.94,0,17,1,1,1,1,2,1,3,2,2
3,7,7,15,0.4,2,1,2,1,0,286.78,1,2,3,1,2,2,13,3,1,3,1
3,7,7,16,0.8,1,1,1,1,1,219.49,1,11,1,3,1,3,17,3,3,3,3
3,7,7,17,0.2,1,3,1,1,1,272.87,1,12,3,3,3,3,7,3,3,1,1
3,7,7,18,0.8,1,2,1,1,1,172.46,1,9,3,1,3,1,3,1,3,2,2
3,7,7,19,1.8,3,3,2,2,1,290.14,1,2,1,1,3,3,6,1,3,3,1
3,7,7,20,1.8,2,1,2,2,1,274.09,1,4,3,3,2,2,18,3,1,3,1
3,7,7,21,0.4,1,1,1,1,1,253.46,1,10,1,3,1,3,15,3,1,3,1
3,7,7,22,0.2,2,3,2,2,1,230.19,1,2,1,1,2,2,8,3,1,1,3
3,7,7,23,0.05,3,1,2,2,1,307.37,0,13,3,1,1,3,18,3,3,3,3
3,7,7,24,0.1,2,1,2,2,1,295.27,1,16,3,3,2,2,10,3,3,3,3
3,7,7,25,0.1,3,1,2,2,1,272.22,1,7,1,3,3,1,7,3,3,3,3
3,7,7,26,0.2,2,3,2,2,1,316.3,0,4,1,3,2,2,14,3,1,1,3
3,7,7,27,1.8,1,2,NaN,NaN,NaN,NaN,NaN,8,1,1,1,1,7,1,1,2,2
3,7,7,28,0.8,2,3,2,2,1,242.47,1,17,3,3,2,2,9,3,1,1,3
3,7,7,29,0.8,1,3,1,1,1,269.75,1,17,3,3,3,3,17,1,1,3,3
3,7,7,30,0.4,2,2,2,2,1,266.8,1,6,3,1,2,2,15,3,3,2,2
3,7,7,31,1.8,3,2,2,2,1,379.18,0,9,3,3,1,1,8,1,1,2,2
3,7,7,32,0.4,3,1,2,2,1,274.54,1,5,3,3,1,1,3,1,1,1,1
3,7,7,33,0.05,1,1,1,1,1,294.4,1,11,1,1,1,1,19,3,1,3,1
3,7,7,34,1.8,2,1,2,1,0,261.38,1,3,3,1,2,2,16,1,1,1,1
3,7,7,35,0.2,1,1,1,1,1,266.15,1,6,3,3,3,3,19,3,3,3,3
3,7,7,36,0.8,1,2,1,1,1,268.93,1,4,1,1,1,1,19,3,1,2,2
3,7,7,37,0.1,2,3,2,2,1,267.53,1,5,1,1,2,2,7,3,1,1,3
3,7,7,38,1.8,3,3,2,2,1,294.9,1,4,3,3,1,1,15,3,3,1,1
3,7,7,39,0.2,1,2,1,1,1,290.12,1,1,1,3,1,3,18,1,1,2,2
3,7,7,40,0.1,2,3,2,2,1,222.63,1,1,3,3,2,2,9,1,1,3,3
3,7,7,41,0.1,1,3,1,1,1,275.88,1,4,3,3,3,3,13,1,1,3,3
3,7,7,42,0.1,1,1,1,1,1,309.04,0,19,1,3,1,3,18,1,3,1,3
3,7,7,43,0.4,2,3,2,2,1,365.13,0,1,1,3,2,2,7,3,3,1,1
3,7,7,44,0.2,3,3,2,2,1,223.54,1,13,3,1,1,3,2,3,1,1,3
3,7,7,45,0.05,2,3,2,2,1,301.99,0,7,3,1,2,2,3,1,3,3,1
3,7,7,46,0.05,2,1,2,1,0,239.35,1,15,3,3,2,2,2,1,3,1,3
3,7,7,47,0.1,3,3,2,2,1,232.97,1,5,1,1,3,3,6,3,1,1,3
3,7,7,48,0.05,3,3,2,2,1,319.8,0,1,1,1,3,3,12,3,1,1,3
3,7,7,49,0.2,2,2,2,2,1,265.12,1,17,3,3,2,2,7,3,3,2,2
3,7,7,50,0.4,2,3,2,2,1,43.76,2,20,3,1,2,2,11,3,3,1,1
3,7,7,51,0.05,3,1,2,2,1,304.12,0,11,1,1,3,3,13,3,1,3,1
3,7,7,52,0.8,1,3,1,2,0,233.23,1,5,1,3,1,3,6,1,3,3,1
3,7,7,53,0.8,1,1,1,1,1,240.62,1,3,1,3,1,3,3,3,3,3,3
3,7,7,54,1.8,1,1,1,1,1,236.47,1,12,1,3,1,3,4,1,3,1,3
3,7,7,55,0.8,1,1,1,1,1,233.79,1,3,3,1,3,1,10,3,1,3,1
3,7,7,56,0.05,2,3,2,2,1,282.44,1,8,3,3,2,2,16,1,1,3,3
3,7,7,57,1.8,1,2,1,1,1,237.3,1,5,1,3,1,3,10,3,1,2,2
3,7,7,58,0.8,2,1,2,2,1,265.27,1,5,1,3,2,2,12,1,1,1,1
3,7,7,59,0.05,3,1,2,2,1,305.1,0,12,1,3,3,1,7,1,3,1,3
3,7,7,60,0.1,3,2,2,2,1,238.46,1,14,1,1,3,3,20,1,1,2,2
3,7,7,61,0.4,1,1,1,1,1,347.68,0,14,3,1,3,1,16,3,3,3,3
3,7,7,62,0.1,3,1,2,2,1,277.16,1,16,3,3,1,1,6,1,1,1,1
3,7,7,63,1.8,1,1,NaN,NaN,NaN,NaN,NaN,14,3,1,3,1,17,3,1,3,1
3,7,7,64,0.2,3,3,2,2,1,278.86,1,9,3,1,1,3,19,3,3,1,1
3,7,7,65,0.2,1,2,1,1,1,255.45,1,9,3,1,3,1,9,3,1,2,2
3,7,7,66,0.8,2,2,2,2,1,243.19,1,18,3,1,2,2,12,1,3,2,2
3,7,7,67,0.05,1,2,1,1,1,318.08,0,14,3,1,3,1,6,3,3,2,2
3,7,7,68,0.4,1,3,1,1,1,261.09,1,20,1,1,1,1,10,1,3,3,1
3,7,7,69,0.1,1,2,1,1,1,258.54,1,6,1,1,1,1,20,1,3,2,2
3,7,7,70,1.8,3,3,2,2,1,253.47,1,10,1,1,3,3,7,3,1,1,3
3,7,7,71,0.05,3,3,2,2,1,295.39,1,4,3,3,1,1,15,1,1,3,3
3,7,7,72,0.4,1,2,1,1,1,319.23,0,3,1,1,1,1,9,3,3,2,2
3,7,7,73,0.05,3,3,2,2,1,328.87,0,18,1,1,3,3,18,1,3,3,1
3,7,7,74,0.4,2,1,2,2,1,266.96,1,10,3,3,2,2,8,3,3,3,3
3,7,7,75,0.1,2,1,2,1,0,293.87,1,3,3,1,2,2,17,3,3,3,3
3,7,7,76,0.8,3,2,NaN,NaN,NaN,NaN,NaN,19,3,3,1,1,9,1,3,2,2
3,7,7,77,0.2,1,3,1,1,1,277.21,1,9,3,1,3,1,19,3,1,1,3
3,7,7,78,0.8,1,1,1,1,1,242.32,1,19,1,1,1,1,17,1,3,1,3
3,7,8,1,0.2,2,2,2,1,0,331.55,0,15,3,3,2,2,9,3,1,2,2
3,7,8,2,0.1,2,3,2,1,0,246.51,1,19,1,3,2,2,15,3,1,1,3
3,7,8,3,0.4,3,3,NaN,NaN,NaN,NaN,NaN,4,1,3,3,1,1,1,3,3,1
3,7,8,4,1.8,3,2,2,2,1,282.64,1,20,1,3,3,1,15,3,3,2,2
3,7,8,5,0.05,2,1,2,2,1,285.61,1,20,1,3,2,2,15,1,1,1,1
3,7,8,6,0.2,2,2,2,2,1,304.44,0,13,3,3,2,2,5,3,3,2,2
3,7,8,7,0.05,1,3,1,1,1,229.96,1,4,3,3,3,3,2,1,3,3,1
3,7,8,8,0.8,1,2,1,1,1,278.75,1,2,1,3,1,3,4,1,3,2,2
3,7,8,9,1.8,3,2,2,2,1,187.5,1,13,3,1,1,3,8,1,1,2,2
3,7,8,10,0.8,2,3,2,2,1,263.04,1,16,3,3,2,2,1,1,1,3,3
3,7,8,11,0.8,3,1,2,2,1,260.64,1,13,1,1,3,3,10,1,3,1,3
3,7,8,12,0.4,1,1,1,1,1,304.46,0,19,1,3,1,3,1,3,3,3,3
3,7,8,13,0.8,3,3,2,2,1,246.8,1,11,3,1,1,3,13,3,3,1,1
3,7,8,14,0.05,3,1,2,2,1,346.57,0,8,3,1,1,3,17,3,3,3,3
3,7,8,15,0.1,3,3,2,2,1,313.48,0,1,1,3,3,1,12,1,1,3,3
3,7,8,16,0.1,1,2,1,1,1,258.91,1,16,3,1,3,1,20,1,3,2,2
3,7,8,17,0.8,1,1,1,1,1,231.85,1,13,1,1,1,1,15,3,1,3,1
3,7,8,18,0.05,2,2,2,2,1,270.13,1,8,1,3,2,2,20,1,1,2,2
3,7,8,19,0.2,1,1,1,1,1,227.02,1,18,1,3,1,3,13,1,1,1,1
3,7,8,20,0.05,3,2,2,2,1,275.55,1,6,1,1,3,3,1,1,1,2,2
3,7,8,21,1.8,1,3,1,1,1,223.74,1,17,1,1,1,1,9,1,1,3,3
3,7,8,22,0.4,2,2,2,2,1,268.87,1,16,3,3,2,2,13,3,3,2,2
3,7,8,23,0.2,2,1,2,2,1,215.58,1,5,1,3,2,2,8,3,3,3,3
3,7,8,24,0.1,3,3,2,2,1,358.93,0,12,1,1,3,3,10,1,1,3,3
3,7,8,25,0.05,3,3,2,2,1,286.44,1,7,3,1,1,3,18,3,3,1,1
3,7,8,26,0.05,1,1,1,1,1,288.47,1,15,1,1,1,1,12,3,3,3,3
3,7,8,27,0.05,1,2,1,1,1,258.97,1,3,1,1,1,1,11,1,3,2,2
3,7,8,28,0.4,1,3,1,1,1,259.88,1,11,1,1,1,1,13,3,1,1,3
3,7,8,29,0.4,3,3,2,2,1,263.49,1,2,1,3,3,1,13,3,1,1,3
3,7,8,30,1.8,1,2,1,1,1,220.52,1,4,1,1,1,1,10,3,1,2,2
3,7,8,31,0.4,1,2,1,1,1,215.96,1,20,1,3,1,3,4,3,3,2,2
3,7,8,32,0.1,1,2,1,1,1,292.21,1,18,1,1,1,1,17,3,3,2,2
3,7,8,33,0.2,1,2,1,1,1,224.25,1,14,1,1,1,1,6,1,3,2,2
3,7,8,34,0.8,1,1,1,1,1,242.11,1,14,1,1,1,1,13,3,3,3,3
3,7,8,35,0.2,1,3,1,1,1,270.46,1,8,3,1,3,1,20,1,1,3,3
3,7,8,36,1.8,2,1,2,2,1,221.83,1,3,3,1,2,2,14,3,3,3,3
3,7,8,37,0.4,1,3,1,1,1,171.55,1,3,1,3,1,3,17,3,3,1,1
3,7,8,38,0.2,1,2,1,1,1,256.02,1,3,3,1,3,1,20,1,1,2,2
3,7,8,39,0.8,1,2,1,1,1,263.76,1,12,1,1,1,1,18,3,3,2,2
3,7,8,40,0.4,2,2,2,2,1,260.42,1,3,3,3,2,2,4,1,1,2,2
3,7,8,41,0.8,3,2,2,2,1,290.86,1,9,1,1,3,3,20,3,1,2,2
3,7,8,42,0.4,2,2,2,2,1,262.89,1,10,3,1,2,2,18,1,1,2,2
3,7,8,43,0.1,3,1,2,2,1,309.33,0,12,1,3,3,1,6,3,3,3,3
3,7,8,44,0.4,1,1,1,1,1,236.27,1,8,3,3,3,3,11,1,3,1,3
3,7,8,45,0.2,1,2,1,1,1,232.59,1,16,3,1,3,1,16,1,1,2,2
3,7,8,46,1.8,1,2,1,1,1,265.37,1,12,3,3,3,3,18,1,3,2,2
3,7,8,47,0.1,3,2,2,2,1,299.89,1,4,3,3,1,1,18,1,3,2,2
3,7,8,48,0.4,3,3,2,2,1,316.04,0,3,1,3,3,1,15,3,3,1,1
3,7,8,49,0.4,2,3,2,2,1,297.23,1,4,3,1,2,2,5,3,3,1,1
3,7,8,50,0.2,1,1,1,2,0,309.72,0,5,1,3,1,3,16,3,3,3,3
3,7,8,51,0.8,1,3,NaN,NaN,NaN,NaN,NaN,19,3,1,3,1,9,3,3,1,1
3,7,8,52,0.1,1,2,1,1,1,280.73,1,1,3,3,3,3,7,3,3,2,2
3,7,8,53,0.05,2,1,2,2,1,488.81,0,18,1,3,2,2,6,3,1,3,1
3,7,8,54,0.2,1,1,1,1,1,249.04,1,8,3,1,3,1,15,3,3,3,3
3,7,8,55,1.8,1,2,NaN,NaN,NaN,NaN,NaN,2,3,1,3,1,11,3,3,2,2
3,7,8,56,0.2,1,3,1,1,1,286.81,1,2,3,1,3,1,12,1,3,3,1
3,7,8,57,0.1,1,1,1,1,1,258.77,1,7,1,3,1,3,10,3,1,3,1
3,7,8,58,0.1,2,2,2,2,1,334.24,0,3,1,3,2,2,5,1,3,2,2
3,7,8,59,0.4,3,1,2,2,1,261.5,1,6,1,1,3,3,4,1,1,1,1
3,7,8,60,1.8,2,1,NaN,NaN,NaN,NaN,NaN,2,3,3,2,2,5,3,1,3,1
3,7,8,61,0.05,2,3,2,1,0,372.64,0,16,1,1,2,2,1,1,3,3,1
3,7,8,62,0.8,2,3,2,2,1,237,1,14,3,3,2,2,1,1,1,3,3
3,7,8,63,0.8,1,3,1,1,1,248.36,1,6,1,3,1,3,4,1,3,3,1
3,7,8,64,0.05,2,2,2,2,1,284.2,1,14,3,1,2,2,11,1,1,2,2
3,7,8,65,0.1,2,1,2,2,1,320.67,0,4,3,3,2,2,12,1,1,1,1
3,7,8,66,1.8,2,3,NaN,NaN,NaN,NaN,NaN,7,3,1,2,2,18,3,1,1,3
3,7,8,67,0.2,3,3,2,2,1,287.46,1,16,3,3,1,1,10,1,3,3,1
3,7,8,68,0.2,1,3,1,1,1,335.09,0,15,1,3,1,3,8,1,3,3,1
3,7,8,69,1.8,3,2,NaN,NaN,NaN,NaN,NaN,9,1,3,3,1,13,1,3,2,2
3,7,8,70,0.05,3,2,2,2,1,312.87,0,13,1,3,3,1,12,3,3,2,2
3,7,8,71,1.8,1,3,1,1,1,240.21,1,20,1,1,1,1,15,1,1,3,3
3,7,8,72,0.8,2,1,2,2,1,217.83,1,3,1,3,2,2,7,1,3,1,3
3,7,8,73,1.8,1,1,1,1,1,219.29,1,12,3,1,3,1,8,1,1,1,1
3,7,8,74,1.8,1,3,1,1,1,252.93,1,18,3,3,3,3,20,1,1,3,3
3,7,8,75,0.1,1,1,1,1,1,306.13,0,17,3,1,3,1,16,3,3,3,3
3,7,8,76,0.05,2,2,2,1,0,282.12,1,12,1,3,2,2,19,3,1,2,2
3,7,8,77,0.8,1,3,1,1,1,253.11,1,13,1,1,1,1,7,1,1,3,3
3,7,8,78,0.1,2,1,2,2,1,236.9,1,20,1,1,2,2,9,1,3,1,3
3,7,9,1,0.1,3,2,2,2,1,326.81,0,11,1,1,3,3,5,1,1,2,2
3,7,9,2,0.8,1,2,1,1,1,168.79,1,18,3,3,3,3,15,3,3,2,2
3,7,9,3,0.4,2,2,2,2,1,273.21,1,20,1,1,2,2,6,3,3,2,2
3,7,9,4,0.1,1,1,1,1,1,254.84,1,6,1,1,1,1,12,1,1,1,1
3,7,9,5,0.1,1,3,1,1,1,652.39,0,6,3,3,3,3,11,3,1,1,3
3,7,9,6,0.05,1,2,1,1,1,269.73,1,9,1,1,1,1,5,3,1,2,2
3,7,9,7,0.4,2,3,2,2,1,260.61,1,19,3,3,2,2,6,3,3,1,1
3,7,9,8,1.8,1,2,1,1,1,274.74,1,19,1,3,1,3,11,3,1,2,2
3,7,9,9,0.1,1,3,1,1,1,325.37,0,16,1,1,1,1,15,3,3,1,1
3,7,9,10,0.8,1,2,1,1,1,263.06,1,12,3,1,3,1,2,3,1,2,2
3,7,9,11,1.8,1,3,1,1,1,214.08,1,8,3,3,3,3,2,1,3,3,1
3,7,9,12,0.1,3,3,2,2,1,254.12,1,13,3,1,1,3,10,3,1,1,3
3,7,9,13,0.05,3,1,2,2,1,297,1,20,1,3,3,1,11,1,3,1,3
3,7,9,14,0.2,1,1,1,1,1,303.26,0,12,1,3,1,3,5,1,3,1,3
3,7,9,15,0.4,1,2,1,1,1,350.18,0,10,1,3,1,3,12,3,1,2,2
3,7,9,16,0.05,2,3,2,2,1,268.85,1,13,1,3,2,2,1,1,3,3,1
3,7,9,17,0.8,1,3,1,1,1,238.74,1,18,1,1,1,1,1,1,3,3,1
3,7,9,18,1.8,1,3,1,1,1,251.05,1,15,1,1,1,1,13,1,3,3,1
3,7,9,19,0.2,1,1,1,1,1,124.07,1,3,1,1,1,1,20,1,1,1,1
3,7,9,20,1.8,1,3,1,1,1,198.8,1,12,3,3,3,3,7,3,1,1,3
3,7,9,21,0.4,2,1,2,2,1,224.45,1,2,1,3,2,2,10,1,1,1,1
3,7,9,22,0.4,3,2,2,2,1,246.53,1,19,1,3,3,1,2,3,3,2,2
3,7,9,23,0.4,2,3,2,2,1,256.84,1,20,1,1,2,2,9,3,1,1,3
3,7,9,24,0.8,1,1,1,1,1,284.37,1,3,1,3,1,3,14,1,3,1,3
3,7,9,25,0.2,2,1,2,2,1,316.29,0,11,3,3,2,2,19,1,3,1,3
3,7,9,26,0.8,1,3,1,1,1,266.05,1,16,1,1,1,1,11,1,1,3,3
3,7,9,27,0.8,2,2,NaN,NaN,NaN,NaN,NaN,6,3,3,2,2,2,1,1,2,2
3,7,9,28,0.2,1,3,1,1,1,263.32,1,10,1,3,1,3,14,1,3,3,1
3,7,9,29,0.4,1,2,1,1,1,354.37,0,11,1,3,1,3,17,1,1,2,2
3,7,9,30,0.2,2,2,2,2,1,219.3,1,15,1,1,2,2,13,3,3,2,2
3,7,9,31,1.8,3,2,2,2,1,219.15,1,16,3,3,1,1,20,1,1,2,2
3,7,9,32,0.8,1,1,1,1,1,280.99,1,20,3,1,3,1,12,1,3,1,3
3,7,9,33,1.8,3,3,2,2,1,300.86,0,2,3,3,1,1,15,3,3,1,1
3,7,9,34,1.8,1,3,1,1,1,268.32,1,4,1,1,1,1,4,3,1,1,3
3,7,9,35,0.2,2,3,2,2,1,276.15,1,5,3,3,2,2,10,3,3,1,1
3,7,9,36,0.4,2,1,2,2,1,231.15,1,16,1,1,2,2,8,1,3,1,3
3,7,9,37,0.05,3,3,2,2,1,362.55,0,10,1,1,3,3,6,3,1,1,3
3,7,9,38,0.05,1,1,1,1,1,293.14,1,8,1,3,1,3,20,1,1,1,1
3,7,9,39,0.8,3,2,2,2,1,279.45,1,13,3,1,1,3,3,1,3,2,2
3,7,9,40,1.8,3,2,2,2,1,289.22,1,12,1,3,3,1,1,3,3,2,2
3,7,9,41,0.1,3,1,2,2,1,234.4,1,2,1,1,3,3,7,1,3,1,3
3,7,9,42,0.2,1,1,1,1,1,184.28,1,12,3,1,3,1,3,3,3,3,3
3,7,9,43,0.1,3,3,2,2,1,275.06,1,4,1,1,3,3,8,1,3,3,1
3,7,9,44,1.8,1,2,1,1,1,236.43,1,20,3,3,3,3,11,1,1,2,2
3,7,9,45,1.8,3,3,NaN,NaN,NaN,NaN,NaN,13,1,3,3,1,6,3,1,1,3
3,7,9,46,0.8,3,1,2,2,1,252.82,1,3,3,3,1,1,4,3,1,3,1
3,7,9,47,0.4,2,2,2,2,1,296.02,1,17,3,3,2,2,7,3,3,2,2
3,7,9,48,0.05,1,3,1,1,1,281.57,1,15,3,1,3,1,16,3,3,1,1
3,7,9,49,0.1,2,2,2,2,1,280.61,1,12,3,3,2,2,7,1,1,2,2
3,7,9,50,0.1,2,2,2,2,1,247.42,1,6,3,3,2,2,17,3,3,2,2
3,7,9,51,0.05,2,1,2,2,1,343.04,0,5,1,3,2,2,17,3,3,3,3
3,7,9,52,0.05,1,1,1,1,1,312.49,0,1,1,1,1,1,7,1,3,1,3
3,7,9,53,0.05,3,1,2,2,1,272.76,1,6,3,1,1,3,8,1,3,1,3
3,7,9,54,0.8,1,2,NaN,NaN,NaN,NaN,NaN,18,3,3,3,3,4,3,3,2,2
3,7,9,55,0.05,1,2,1,1,1,342.72,0,1,1,3,1,3,15,1,1,2,2
3,7,9,56,0.05,1,2,1,1,1,338.15,0,9,1,1,1,1,4,3,3,2,2
3,7,9,57,0.4,2,2,2,2,1,247.1,1,3,1,1,2,2,12,3,3,2,2
3,7,9,58,0.8,1,2,1,1,1,305.17,0,1,3,3,3,3,20,1,1,2,2
3,7,9,59,1.8,2,3,2,2,1,238.55,1,9,1,1,2,2,15,1,3,3,1
3,7,9,60,0.2,2,1,2,1,0,288.36,1,3,3,1,2,2,6,3,1,3,1
3,7,9,61,0.1,2,3,2,2,1,265.21,1,2,1,3,2,2,11,3,1,1,3
3,7,9,62,0.8,2,2,NaN,NaN,NaN,NaN,NaN,17,1,1,2,2,10,3,1,2,2
3,7,9,63,1.8,3,2,2,2,1,226.47,1,9,1,3,3,1,17,1,3,2,2
3,7,9,64,0.1,3,2,2,2,1,307.42,0,2,3,3,1,1,19,1,1,2,2
3,7,9,65,0.4,2,3,2,2,1,263.76,1,8,3,3,2,2,8,1,3,3,1
3,7,9,66,0.1,1,3,1,1,1,280.1,1,17,3,3,3,3,20,1,1,3,3
3,7,9,67,0.2,1,1,1,1,1,269.04,1,6,1,1,1,1,4,3,1,3,1
3,7,9,68,0.05,1,3,1,1,1,258.41,1,5,3,3,3,3,6,1,1,3,3
3,7,9,69,0.2,1,2,1,1,1,204.12,1,1,1,3,1,3,19,3,3,2,2
3,7,9,70,0.2,3,3,2,2,1,234.26,1,16,3,3,1,1,12,3,3,1,1
3,7,9,71,0.05,3,2,2,2,1,278.15,1,9,3,3,1,1,15,3,1,2,2
3,7,9,72,0.2,2,1,2,2,1,217.14,1,19,3,1,2,2,12,3,1,3,1
3,7,9,73,0.4,2,2,2,2,1,239.58,1,4,3,1,2,2,15,3,3,2,2
3,7,9,74,0.8,1,1,1,1,1,258.94,1,3,3,1,3,1,3,3,1,3,1
3,7,9,75,1.8,1,1,1,1,1,202.12,1,7,1,1,1,1,4,3,1,3,1
3,7,9,76,0.1,1,1,1,1,1,322.58,0,18,3,1,3,1,16,3,3,3,3
3,7,9,77,0.2,2,2,2,2,1,270.8,1,10,3,3,2,2,8,3,1,2,2
3,7,9,78,0.4,1,2,1,1,1,249.11,1,12,3,1,3,1,11,1,3,2,2
3,7,10,1,0.2,1,1,1,1,1,191.9,1,13,3,3,3,3,1,1,1,1,1
3,7,10,2,0.2,3,3,2,2,1,240.15,1,19,3,3,1,1,15,1,1,3,3
3,7,10,3,0.05,1,2,1,1,1,322.53,0,15,1,1,1,1,3,1,3,2,2
3,7,10,4,0.05,3,1,2,2,1,253.83,1,15,3,3,1,1,1,1,3,1,3
3,7,10,5,0.05,2,1,2,2,1,338.28,0,15,3,1,2,2,4,1,3,1,3
3,7,10,6,0.8,1,1,1,1,1,306.14,0,7,1,3,1,3,14,1,3,1,3
3,7,10,7,0.1,1,3,1,1,1,213.97,1,14,1,3,1,3,14,3,3,1,1
3,7,10,8,0.8,1,2,1,1,1,233.63,1,7,3,3,3,3,20,3,1,2,2
3,7,10,9,0.2,2,1,2,2,1,197.42,1,1,3,1,2,2,5,1,1,1,1
3,7,10,10,1.8,3,3,NaN,NaN,NaN,NaN,NaN,15,1,3,3,1,3,1,3,3,1
3,7,10,11,1.8,1,1,NaN,NaN,NaN,NaN,NaN,15,3,1,3,1,9,1,1,1,1
3,7,10,12,0.4,2,3,2,2,1,311.15,0,1,3,3,2,2,12,1,3,3,1
3,7,10,13,0.2,3,3,2,2,1,267.5,1,4,1,1,3,3,9,3,3,1,1
3,7,10,14,0.05,1,1,1,1,1,716.61,0,9,1,3,1,3,4,1,1,1,1
3,7,10,15,0.4,1,1,1,1,1,280.42,1,11,3,1,3,1,8,3,3,3,3
3,7,10,16,1.8,3,1,2,2,1,256.06,1,3,1,1,3,3,9,3,1,3,1
3,7,10,17,0.8,1,2,1,1,1,259.15,1,14,1,3,1,3,5,3,3,2,2
3,7,10,18,0.1,1,3,1,1,1,254.2,1,8,1,1,1,1,14,1,1,3,3
3,7,10,19,0.8,1,1,1,1,1,254.59,1,18,1,1,1,1,8,3,3,3,3
3,7,10,20,1.8,2,1,2,2,1,247.66,1,9,1,3,2,2,8,3,1,3,1
3,7,10,21,1.8,1,1,1,1,1,244.93,1,4,1,1,1,1,8,3,3,3,3
3,7,10,22,0.1,1,2,1,1,1,291.12,1,14,3,3,3,3,11,3,3,2,2
3,7,10,23,0.1,1,2,1,1,1,200.7,1,8,3,1,3,1,9,1,1,2,2
3,7,10,24,0.8,3,2,2,2,1,304.83,0,13,3,1,1,3,20,1,3,2,2
3,7,10,25,1.8,1,3,NaN,NaN,NaN,NaN,NaN,10,1,1,1,1,17,1,3,3,1
3,7,10,26,0.4,3,2,2,2,1,268.34,1,15,3,3,1,1,19,1,3,2,2
3,7,10,27,0.1,1,1,1,1,1,272.15,1,8,3,3,3,3,9,1,1,1,1
3,7,10,28,0.05,2,2,2,2,1,317.01,0,17,1,3,2,2,8,1,1,2,2
3,7,10,29,0.05,1,3,1,1,1,253.19,1,2,1,1,1,1,12,3,3,1,1
3,7,10,30,0.2,1,2,1,1,1,249.79,1,2,3,1,3,1,13,1,1,2,2
3,7,10,31,0.1,1,1,1,1,1,301.82,0,9,3,3,3,3,1,1,1,1,1
3,7,10,32,0.4,3,1,NaN,NaN,NaN,NaN,NaN,5,3,3,1,1,13,3,1,3,1
3,7,10,33,0.2,2,3,2,2,1,256.53,1,2,1,1,2,2,13,1,1,3,3
3,7,10,34,1.8,2,3,2,2,1,221.06,1,4,1,3,2,2,7,3,1,1,3
3,7,10,35,0.1,1,2,1,1,1,250.99,1,15,1,3,1,3,16,1,1,2,2
3,7,10,36,0.1,1,3,1,1,1,258.99,1,17,1,3,1,3,11,1,1,3,3
3,7,10,37,0.4,1,1,1,1,1,278.84,1,5,1,1,1,1,14,3,1,3,1
3,7,10,38,0.1,2,3,2,2,1,249.68,1,20,3,3,2,2,17,1,3,3,1
3,7,10,39,0.1,2,3,2,2,1,298.87,1,7,3,1,2,2,6,1,3,3,1
3,7,10,40,0.8,3,1,2,2,1,300.72,0,3,1,1,3,3,16,3,1,3,1
3,7,10,41,0.8,1,2,1,1,1,311.49,0,4,1,3,1,3,11,3,3,2,2
3,7,10,42,0.1,1,3,1,1,1,242.5,1,13,3,3,3,3,17,3,3,1,1
3,7,10,43,0.05,1,2,1,1,1,305.29,0,3,3,3,3,3,10,3,3,2,2
3,7,10,44,0.8,1,1,1,1,1,267.7,1,5,1,1,1,1,5,3,1,3,1
3,7,10,45,0.4,3,2,2,2,1,297.15,1,19,3,3,1,1,16,3,1,2,2
3,7,10,46,0.8,3,3,2,2,1,276.53,1,12,1,3,3,1,12,3,1,1,3
3,7,10,47,0.2,1,2,1,1,1,251.43,1,6,1,1,1,1,7,1,3,2,2
3,7,10,48,0.2,1,2,1,1,1,282.1,1,7,1,1,1,1,7,3,3,2,2
3,7,10,49,0.2,1,3,1,1,1,288.39,1,7,1,1,1,1,20,1,3,3,1
3,7,10,50,0.8,2,1,2,2,1,264.22,1,15,3,1,2,2,2,3,3,3,3
3,7,10,51,0.4,3,2,2,2,1,288.48,1,4,3,1,1,3,14,3,1,2,2
3,7,10,52,0.8,1,2,1,1,1,226.72,1,4,1,1,1,1,5,3,1,2,2
3,7,10,53,0.4,3,3,2,2,1,263.34,1,20,1,1,3,3,8,1,3,3,1
3,7,10,54,0.4,2,3,2,2,1,283.14,1,9,3,1,2,2,17,3,3,1,1
3,7,10,55,0.4,1,3,1,1,1,278.79,1,13,3,3,3,3,18,1,1,3,3
3,7,10,56,0.05,3,2,2,2,1,319.72,0,3,1,3,3,1,10,1,1,2,2
3,7,10,57,0.1,1,2,1,1,1,313.26,0,19,1,1,1,1,20,1,1,2,2
3,7,10,58,1.8,3,2,2,2,1,243.6,1,1,3,1,1,3,7,1,1,2,2
3,7,10,59,0.1,1,3,1,1,1,238.11,1,8,1,3,1,3,16,1,3,3,1
3,7,10,60,0.4,1,2,1,1,1,256.14,1,8,1,1,1,1,16,1,3,2,2
3,7,10,61,0.2,1,1,1,1,1,230.71,1,1,3,3,3,3,6,1,3,1,3
3,7,10,62,1.8,3,2,2,2,1,224.56,1,6,1,3,3,1,4,1,1,2,2
3,7,10,63,0.2,3,1,2,2,1,191.85,1,5,1,3,3,1,18,3,1,3,1
3,7,10,64,0.4,2,2,2,2,1,264.97,1,8,3,1,2,2,12,3,3,2,2
3,7,10,65,1.8,1,3,1,1,1,299.82,1,16,3,1,3,1,20,3,1,1,3
3,7,10,66,0.2,2,1,2,2,1,160.2,1,11,3,1,2,2,2,3,1,3,1
3,7,10,67,1.8,2,3,NaN,NaN,NaN,NaN,NaN,5,3,3,2,2,18,3,1,1,3
3,7,10,68,0.05,3,2,2,2,1,308.42,0,18,3,1,1,3,6,3,1,2,2
3,7,10,69,0.8,2,1,2,2,1,271.5,1,1,3,3,2,2,16,1,1,1,1
3,7,10,70,0.05,3,1,2,2,1,296.8,1,2,1,3,3,1,5,1,1,1,1
3,7,10,71,0.8,1,2,1,1,1,282.94,1,14,1,1,1,1,8,3,1,2,2
3,7,10,72,1.8,1,3,1,1,1,236.62,1,15,1,3,1,3,3,3,3,1,1
3,7,10,73,0.05,3,2,2,2,1,325.07,0,5,1,3,3,1,10,1,3,2,2
3,7,10,74,0.05,1,2,1,1,1,333.58,0,10,3,1,3,1,1,1,1,2,2
3,7,10,75,0.05,3,1,2,2,1,303.06,0,7,3,1,1,3,10,3,1,3,1
3,7,10,76,0.2,3,3,2,2,1,268.47,1,5,1,1,3,3,20,1,3,3,1
3,7,10,77,0.4,2,1,2,2,1,248.78,1,9,3,3,2,2,6,1,1,1,1
3,7,10,78,1.8,1,3,1,1,1,329.29,0,1,3,1,3,1,9,3,1,1,3
