2,3,1,1,1.8,1,3,1,1,1,238.74,1,15,1,1,1,1,5,1,1,3,3
2,3,1,2,0.05,1,2,1,1,1,362.83,0,18,1,1,1,1,20,1,3,2,2
2,3,1,3,0.8,3,3,2,2,1,205.25,1,16,1,1,3,3,9,1,3,3,1
2,3,1,4,1.8,3,2,2,2,1,170.05,1,16,1,1,3,3,16,1,3,2,2
2,3,1,5,0.1,3,2,2,2,1,262.73,1,13,3,3,1,1,16,3,3,2,2
2,3,1,6,0.2,3,1,2,1,0,273.51,1,20,3,1,1,3,20,1,1,1,1
2,3,1,7,0.05,3,2,2,2,1,245.44,1,13,3,1,1,3,11,1,3,2,2
2,3,1,8,1.8,1,3,1,1,1,207.02,1,4,1,1,1,1,18,1,3,3,1
2,3,1,9,0.8,1,1,1,1,1,210.75,1,20,1,1,1,1,14,1,3,1,3
2,3,1,10,0.1,3,3,2,2,1,207.26,1,16,1,1,3,3,3,1,1,3,3
2,3,1,11,0.4,1,2,1,1,1,199.63,1,9,1,3,1,3,11,3,3,2,2
2,3,1,12,0.05,3,3,2,1,0,260.54,1,11,3,1,1,3,20,3,1,1,3
2,3,1,13,0.05,3,2,2,2,1,194.06,1,6,1,3,3,1,9,1,3,2,2
2,3,1,14,0.05,3,1,2,2,1,227.17,1,1,1,1,3,3,11,1,1,1,1
2,3,1,15,0.2,3,3,2,2,1,282.64,1,18,3,1,1,3,19,3,1,1,3
2,3,1,16,0.05,2,2,2,2,1,172.69,1,9,1,1,2,2,15,1,1,2,2
2,3,1,17,0.4,1,1,1,1,1,204.38,1,13,1,1,1,1,18,3,3,3,3
2,3,1,18,0.1,2,2,2,1,0,247.9,1,1,1,1,2,2,10,1,1,2,2
2,3,1,19,0.1,1,2,1,1,1,195.71,1,10,1,3,1,3,7,1,1,2,2
2,3,1,20,0.8,1,1,1,1,1,190.58,1,15,3,1,3,1,9,3,1,3,1
2,3,1,21,0.4,1,3,1,2,0,232.19,1,14,3,3,3,3,12,3,1,1,3
2,3,1,22,0.05,1,1,1,1,1,221.3,1,2,1,1,1,1,9,3,3,3,3
2,3,1,23,1.8,1,2,NaN,NaN,NaN,NaN,NaN,1,3,3,3,3,17,1,3,2,2
2,3,1,24,0.8,1,3,1,1,1,215.04,1,20,3,3,3,3,4,1,1,3,3
2,3,1,25,0.8,2,2,2,1,0,249.01,1,15,1,3,2,2,13,1,1,2,2
2,3,1,26,0.05,1,3,1,1,1,296.77,1,5,1,1,1,1,11,1,3,3,1
2,3,1,27,0.4,1,3,1,1,1,204.7,1,3,3,1,3,1,7,1,1,3,3
2,3,1,28,0.2,2,1,2,2,1,268.06,1,10,3,1,2,2,14,1,3,1,3
2,3,1,29,0.1,1,3,1,2,0,288.57,1,13,3,3,3,3,10,3,1,1,3
2,3,1,30,0.4,2,2,2,1,0,317.87,0,2,3,3,2,2,19,1,1,2,2
2,3,1,31,0.2,3,1,2,2,1,259.23,1,19,1,3,3,1,17,1,3,1,3
2,3,1,32,0.05,2,1,2,2,1,255.76,1,14,1,1,2,2,4,1,1,1,1
2,3,1,33,0.05,2,1,2,2,1,270.77,1,5,3,3,2,2,14,3,1,3,1
2,3,1,34,0.1,2,2,2,1,0,228.46,1,6,3,3,2,2,18,3,1,2,2
2,3,1,35,0.1,2,1,2,1,0,266.28,1,20,1,1,2,2,9,1,1,1,1
2,3,1,36,0.4,1,2,1,1,1,219.97,1,5,3,3,3,3,16,1,3,2,2
2,3,1,37,1.8,2,2,2,1,0,195.36,1,6,3,1,2,2,9,1,3,2,2
2,3,1,38,1.8,1,3,1,1,1,344.37,0,18,3,1,3,1,4,1,3,3,1
2,3,1,39,0.2,1,3,1,2,0,255.27,1,19,3,1,3,1,11,3,1,1,3
2,3,1,40,1.8,2,3,2,1,0,200.35,1,1,1,1,2,2,12,3,3,1,1
2,3,1,41,1.8,1,1,1,1,1,201.3,1,4,1,3,1,3,17,3,1,3,1
2,3,1,42,1.8,3,1,2,1,0,191.71,1,4,1,3,3,1,19,3,3,3,3
2,3,1,43,1.8,2,3,2,2,1,253.47,1,7,3,3,2,2,6,1,3,3,1
2,3,1,44,0.4,1,3,1,1,1,230.77,1,11,3,1,3,1,6,1,3,3,1
2,3,1,45,0.1,3,2,2,1,0,307.57,0,2,3,1,1,3,18,1,3,2,2
2,3,1,46,0.1,2,3,2,1,0,373.95,0,9,3,1,2,2,10,3,3,1,1
2,3,1,47,0.2,1,1,1,1,1,250.47,1,18,3,1,3,1,8,3,1,3,1
2,3,1,48,0.05,1,1,1,2,0,240.26,1,12,3,3,3,3,13,3,3,3,3
2,3,1,49,0.8,1,2,1,1,1,207.2,1,2,1,1,1,1,4,1,1,2,2
2,3,1,50,0.2,1,1,1,1,1,264.61,1,2,3,3,3,3,7,1,3,1,3
2,3,1,51,0.1,1,2,1,2,0,359.82,0,8,3,3,3,3,5,3,3,2,2
2,3,1,52,0.4,1,1,1,1,1,215.09,1,7,1,1,1,1,7,3,3,3,3
2,3,1,53,0.2,3,2,2,2,1,269.11,1,1,3,1,1,3,14,1,3,2,2
2,3,1,54,0.4,1,2,1,1,1,230.43,1,3,1,3,1,3,16,1,3,2,2
2,3,1,55,0.8,1,1,1,1,1,244.05,1,15,1,3,1,3,8,3,3,3,3
2,3,1,56,0.8,1,2,1,2,0,196.57,1,20,1,1,1,1,1,1,3,2,2
2,3,1,57,0.8,1,2,1,1,1,234.03,1,13,3,3,3,3,15,1,1,2,2
2,3,1,58,0.4,3,2,2,2,1,235.88,1,11,1,1,3,3,19,3,3,2,2
2,3,1,59,0.1,3,3,2,1,0,345.21,0,2,3,3,1,1,3,3,1,1,3
2,3,1,60,0.8,1,1,1,1,1,231.14,1,20,1,3,1,3,5,1,1,1,1
2,3,1,61,0.05,2,2,2,1,0,397.92,0,16,1,1,2,2,1,3,1,2,2
2,3,1,62,0.2,2,2,2,2,1,323.52,0,5,1,3,2,2,5,3,1,2,2
2,3,1,63,1.8,3,3,2,2,1,208.28,1,11,3,1,1,3,11,3,3,1,1
2,3,1,64,0.2,1,2,1,1,1,313.72,0,1,3,3,3,3,8,1,1,2,2
2,3,1,65,0.2,3,2,2,2,1,263.67,1,17,3,1,1,3,17,1,3,2,2
2,3,1,66,0.4,3,3,2,2,1,238.77,1,16,1,1,3,3,13,1,1,3,3
2,3,1,67,0.8,1,2,1,1,1,201.14,1,3,3,1,3,1,18,1,1,2,2
2,3,1,68,1.8,1,1,NaN,NaN,NaN,NaN,NaN,1,3,3,3,3,10,3,1,3,1
2,3,1,69,0.2,1,2,1,1,1,289.88,1,19,1,3,1,3,20,1,1,2,2
2,3,1,70,1.8,2,2,2,1,0,223.17,1,16,1,1,2,2,7,3,1,2,2
2,3,1,71,0.1,1,3,1,1,1,341.32,0,15,1,3,1,3,6,3,1,1,3
2,3,1,72,0.8,3,1,2,2,1,249.27,1,5,3,3,1,1,2,3,3,3,3
2,3,1,73,0.4,1,1,1,1,1,225.9,1,5,1,3,1,3,17,3,1,3,1
2,3,1,74,0.05,1,3,1,1,1,437.55,0,7,1,1,1,1,12,3,3,1,1
2,3,1,75,0.2,1,1,1,1,1,258.24,1,4,3,1,3,1,15,1,1,1,1
2,3,1,76,0.1,1,3,1,2,0,346.87,0,4,3,3,3,3,10,1,3,3,1
2,3,1,77,0.8,3,2,NaN,NaN,NaN,NaN,NaN,11,3,1,1,3,10,3,3,2,2
2,3,1,78,0.4,2,2,2,1,0,262.1,1,20,3,3,2,2,19,3,1,2,2
2,3,2,1,0.2,2,2,2,1,0,262.23,1,16,3,3,2,2,18,3,3,2,2
2,3,2,2,1.8,1,1,1,1,1,185.42,1,13,3,3,3,3,17,1,1,1,1
2,3,2,3,0.4,1,1,1,1,1,225.5,1,7,3,1,3,1,2,3,3,3,3
2,3,2,4,0.1,1,3,1,1,1,250.93,1,11,1,1,1,1,10,1,1,3,3
2,3,2,5,0.4,1,3,1,1,1,214.94,1,4,3,3,3,3,11,1,3,3,1
2,3,2,6,0.1,1,1,1,1,1,202.23,1,10,3,1,3,1,10,1,1,1,1
2,3,2,7,0.4,2,1,2,1,0,211.92,1,15,3,3,2,2,18,1,3,1,3
2,3,2,8,0.1,1,1,1,1,1,289.2,1,13,1,1,1,1,4,3,1,3,1
2,3,2,9,0.2,1,3,1,1,1,254.05,1,12,3,1,3,1,9,1,1,3,3
2,3,2,10,0.05,2,2,2,1,0,291.83,1,3,1,3,2,2,4,1,3,2,2
2,3,2,11,0.2,1,1,1,1,1,218.89,1,18,3,3,3,3,5,3,1,3,1
2,3,2,12,0.8,1,2,1,1,1,275.53,1,15,3,1,3,1,17,1,1,2,2
2,3,2,13,0.8,3,3,2,2,1,210.68,1,9,3,1,1,3,3,3,1,1,3
2,3,2,14,0.8,1,1,1,1,1,252.81,1,4,1,3,1,3,10,1,3,1,3
2,3,2,15,1.8,1,2,1,1,1,218.45,1,13,3,3,3,3,19,3,3,2,2
2,3,2,16,0.2,1,3,1,1,1,207.56,1,1,1,3,1,3,15,3,1,1,3
2,3,2,17,0.05,2,2,2,1,0,359.64,0,4,3,3,2,2,15,1,3,2,2
2,3,2,18,0.4,1,3,1,1,1,239.29,1,4,1,1,1,1,11,3,3,1,1
2,3,2,19,0.8,2,1,2,1,0,216.55,1,15,1,1,2,2,11,3,1,3,1
2,3,2,20,0.05,1,1,1,2,0,368.39,0,17,3,3,3,3,10,3,1,3,1
2,3,2,21,1.8,3,3,2,2,1,215.42,1,5,3,3,1,1,6,1,3,3,1
2,3,2,22,0.4,3,1,2,2,1,252.7,1,13,3,1,1,3,13,3,3,3,3
2,3,2,23,0.8,3,3,2,2,1,234.75,1,5,1,3,3,1,1,1,3,3,1
2,3,2,24,0.1,2,2,2,2,1,453.67,0,19,3,3,2,2,20,1,1,2,2
2,3,2,25,0.05,2,1,2,1,0,256.8,1,10,1,3,2,2,2,3,1,3,1
2,3,2,26,1.8,2,3,2,2,1,191.88,1,6,3,3,2,2,8,3,3,1,1
2,3,2,27,0.8,2,2,2,1,0,208.74,1,18,3,3,2,2,19,1,3,2,2
2,3,2,28,1.8,1,1,1,1,1,195.24,1,19,3,1,3,1,13,1,3,1,3
2,3,2,29,0.2,1,3,1,1,1,265.52,1,13,3,1,3,1,1,1,1,3,3
2,3,2,30,0.2,2,1,2,2,1,324.31,0,4,1,3,2,2,6,1,1,1,1
2,3,2,31,1.8,1,1,1,1,1,203.84,1,16,3,1,3,1,20,1,3,1,3
2,3,2,32,0.2,1,3,1,2,0,312.31,0,12,1,3,1,3,12,3,3,1,1
2,3,2,33,0.05,1,2,1,1,1,292.69,1,16,3,3,3,3,10,1,1,2,2
2,3,2,34,0.8,2,3,2,2,1,235.45,1,6,1,3,2,2,1,1,3,3,1
2,3,2,35,0.8,1,2,1,1,1,208.83,1,18,1,3,1,3,17,1,1,2,2
2,3,2,36,0.2,1,2,1,1,1,205.49,1,13,3,3,3,3,5,3,1,2,2
2,3,2,37,1.8,2,1,2,1,0,204.57,1,3,3,1,2,2,5,1,3,1,3
2,3,2,38,0.1,1,1,1,1,1,303.27,0,4,3,1,3,1,11,3,3,3,3
2,3,2,39,0.8,1,1,1,1,1,211.13,1,20,3,1,3,1,5,3,3,3,3
2,3,2,40,0.4,2,1,2,1,0,222.97,1,6,1,3,2,2,15,3,3,3,3
2,3,2,41,0.1,2,2,2,2,1,208.65,1,2,1,1,2,2,13,3,1,2,2
2,3,2,42,0.1,1,1,1,2,0,264.31,1,3,1,1,1,1,3,3,3,3,3
2,3,2,43,0.8,1,1,1,1,1,200.59,1,4,1,1,1,1,1,1,1,1,1
2,3,2,44,0.1,2,1,2,1,0,261.6,1,3,1,1,2,2,9,1,3,1,3
2,3,2,45,1.8,3,3,2,2,1,194.62,1,9,3,3,1,1,9,3,3,1,1
2,3,2,46,0.4,2,2,2,2,1,181.25,1,2,1,1,2,2,3,1,1,2,2
2,3,2,47,0.1,1,3,1,1,1,308.87,0,1,1,1,1,1,13,1,1,3,3
2,3,2,48,0.05,1,1,1,1,1,287.79,1,6,3,1,3,1,14,3,3,3,3
2,3,2,49,0.05,2,2,2,1,0,248.6,1,1,1,1,2,2,9,3,3,2,2
2,3,2,50,0.05,3,3,2,1,0,273.11,1,15,3,1,1,3,16,1,3,3,1
2,3,2,51,0.4,1,1,1,1,1,204.16,1,1,3,1,3,1,19,1,3,1,3
2,3,2,52,0.4,1,3,1,1,1,215.22,1,12,1,1,1,1,11,3,3,1,1
2,3,2,53,0.2,3,2,2,2,1,287.84,1,15,1,1,3,3,4,1,3,2,2
2,3,2,54,0.05,2,1,2,2,1,280.34,1,20,1,1,2,2,20,3,1,3,1
2,3,2,55,1.8,1,3,1,1,1,191.18,1,12,1,1,1,1,4,3,1,1,3
2,3,2,56,0.2,3,2,2,2,1,266.65,1,14,3,1,1,3,14,3,3,2,2
2,3,2,57,0.1,1,1,1,1,1,279.84,1,7,1,1,1,1,8,3,3,3,3
2,3,2,58,0.1,1,1,1,1,1,208.22,1,19,1,1,1,1,4,3,3,3,3
2,3,2,59,1.8,1,1,1,1,1,199.71,1,17,1,1,1,1,11,3,1,3,1
2,3,2,60,0.8,1,2,1,1,1,211.36,1,15,3,1,3,1,13,3,1,2,2
2,3,2,61,0.8,1,3,1,1,1,206.04,1,18,1,1,1,1,16,1,1,3,3
2,3,2,62,0.1,2,3,2,2,1,272.65,1,8,3,1,2,2,6,1,3,3,1
2,3,2,63,0.05,2,1,2,2,1,424.21,0,17,1,3,2,2,14,1,3,1,3
2,3,2,64,0.4,2,3,2,2,1,225.01,1,11,3,1,2,2,17,3,1,1,3
2,3,2,65,0.05,3,3,2,2,1,273.45,1,4,1,3,3,1,2,3,1,1,3
2,3,2,66,0.4,1,1,1,1,1,230.57,1,11,1,1,1,1,14,3,1,3,1
2,3,2,67,0.2,1,1,1,1,1,254.49,1,7,1,3,1,3,8,3,1,3,1
2,3,2,68,0.1,1,1,1,1,1,302.75,0,3,3,1,3,1,19,1,3,1,3
2,3,2,69,0.2,1,1,1,1,1,243.12,1,8,1,3,1,3,16,3,3,3,3
2,3,2,70,0.05,1,1,1,2,0,405.42,0,11,3,3,3,3,7,1,3,1,3
2,3,2,71,1.8,2,2,NaN,NaN,NaN,NaN,NaN,18,3,1,2,2,19,3,1,2,2
2,3,2,72,0.4,1,2,1,1,1,196.88,1,6,1,1,1,1,19,3,3,2,2
2,3,2,73,1.8,1,1,1,1,1,197.79,1,17,3,3,3,3,16,1,3,1,3
2,3,2,74,0.05,2,1,2,2,1,320.63,0,1,1,3,2,2,18,1,3,1,3
2,3,2,75,1.8,3,1,2,2,1,194.69,1,17,3,1,1,3,19,3,1,3,1
2,3,2,76,0.2,3,2,2,2,1,249.09,1,5,1,3,3,1,6,1,3,2,2
2,3,2,77,0.8,3,1,2,2,1,223.77,1,19,1,3,3,1,18,1,1,1,1
2,3,2,78,0.4,1,3,1,2,0,233.85,1,3,1,1,1,1,18,3,3,1,1
2,3,3,1,0.05,1,1,1,1,1,280.01,1,17,3,3,3,3,13,1,1,1,1
2,3,3,2,0.8,1,1,1,1,1,229.32,1,17,1,1,1,1,8,3,3,3,3
2,3,3,3,0.2,1,3,1,2,0,347.96,0,6,1,1,1,1,6,3,3,1,1
2,3,3,4,0.8,1,1,1,1,1,184.19,1,15,3,3,3,3,8,1,1,1,1
2,3,3,5,0.8,1,2,1,1,1,199.07,1,19,1,3,1,3,7,1,1,2,2
2,3,3,6,1.8,2,3,2,2,1,195.93,1,19,1,3,2,2,15,3,1,1,3
2,3,3,7,0.05,1,1,1,1,1,258.18,1,6,1,3,1,3,16,3,1,3,1
2,3,3,8,0.2,3,2,2,1,0,255.07,1,4,1,1,3,3,1,1,1,2,2
2,3,3,9,0.1,3,1,2,2,1,251.4,1,13,3,3,1,1,3,3,1,3,1
2,3,3,10,0.2,2,1,2,1,0,250.84,1,8,3,1,2,2,20,3,3,3,3
2,3,3,11,0.8,3,2,2,2,1,220.71,1,9,1,1,3,3,1,3,3,2,2
2,3,3,12,0.1,1,3,1,2,0,302.84,0,18,3,1,3,1,16,1,3,3,1
2,3,3,13,0.05,1,3,1,2,0,238.4,1,7,1,1,1,1,2,3,3,1,1
2,3,3,14,0.05,3,2,2,2,1,247.35,1,14,3,1,1,3,20,1,1,2,2
2,3,3,15,0.05,1,2,1,2,0,240.4,1,11,1,1,1,1,5,3,3,2,2
2,3,3,16,1.8,1,3,1,1,1,199.43,1,3,1,1,1,1,18,3,3,1,1
2,3,3,17,0.2,1,1,1,1,1,236.22,1,17,1,3,1,3,3,3,3,3,3
2,3,3,18,0.4,1,1,1,1,1,203.66,1,2,3,1,3,1,14,1,3,1,3
2,3,3,19,0.05,2,1,2,2,1,304.74,0,4,1,1,2,2,3,3,3,3,3
2,3,3,20,0.1,1,2,1,2,0,264.29,1,2,1,3,1,3,19,1,3,2,2
2,3,3,21,1.8,3,1,2,2,1,184.65,1,18,1,1,3,3,11,3,1,3,1
2,3,3,22,0.2,2,2,2,2,1,258.14,1,7,1,1,2,2,14,3,1,2,2
2,3,3,23,1.8,1,2,1,1,1,196.66,1,1,1,1,1,1,10,3,3,2,2
2,3,3,24,0.8,1,1,1,1,1,237.29,1,17,1,3,1,3,7,3,3,3,3
2,3,3,25,0.2,3,1,2,2,1,278.58,1,12,3,1,1,3,6,3,1,3,1
2,3,3,26,0.4,2,2,2,1,0,222.61,1,15,3,3,2,2,2,3,3,2,2
2,3,3,27,0.05,1,1,1,1,1,234.81,1,10,3,1,3,1,11,1,1,1,1
2,3,3,28,0.4,1,1,1,1,1,220.65,1,16,1,3,1,3,20,3,3,3,3
2,3,3,29,0.1,1,1,1,1,1,286.15,1,11,1,3,1,3,1,3,3,3,3
2,3,3,30,0.1,1,3,1,2,0,340.63,0,17,1,3,1,3,20,3,3,1,1
2,3,3,31,0.8,1,3,1,1,1,196.14,1,2,1,1,1,1,13,1,3,3,1
2,3,3,32,1.8,1,1,1,1,1,186.48,1,15,1,1,1,1,17,1,1,1,1
2,3,3,33,0.4,1,3,1,1,1,208.84,1,2,1,1,1,1,17,3,1,1,3
2,3,3,34,0.8,2,1,2,1,0,195.36,1,18,3,3,2,2,11,1,3,1,3
2,3,3,35,0.4,1,3,1,1,1,220.71,1,4,3,1,3,1,18,3,3,1,1
2,3,3,36,0.05,3,2,2,2,1,274.16,1,7,3,1,1,3,8,1,1,2,2
2,3,3,37,0.05,1,3,1,2,0,309.95,0,3,1,3,1,3,15,1,3,3,1
2,3,3,38,1.8,1,1,1,1,1,197.85,1,14,3,1,3,1,2,3,1,3,1
2,3,3,39,1.8,1,3,1,1,1,212.74,1,18,3,1,3,1,6,1,1,3,3
2,3,3,40,0.4,1,1,1,1,1,238.64,1,5,3,1,3,1,5,3,3,3,3
2,3,3,41,0.1,1,2,1,1,1,268.58,1,8,3,3,3,3,18,3,1,2,2
2,3,3,42,0.8,2,3,2,2,1,239.3,1,17,3,1,2,2,15,1,3,3,1
2,3,3,43,1.8,2,1,2,2,1,202.92,1,4,1,1,2,2,17,1,3,1,3
2,3,3,44,1.8,3,2,2,2,1,197.61,1,6,1,1,3,3,7,1,3,2,2
2,3,3,45,0.05,1,1,1,2,0,298.96,1,1,1,1,1,1,13,1,1,1,1
2,3,3,46,0.2,3,2,2,2,1,263.34,1,9,1,3,3,1,14,3,3,2,2
2,3,3,47,0.4,3,3,NaN,NaN,NaN,NaN,NaN,14,3,3,1,1,2,3,1,1,3
2,3,3,48,0.8,1,2,1,1,1,213.13,1,15,1,1,1,1,18,1,1,2,2
2,3,3,49,0.8,2,1,2,1,0,226.75,1,5,3,1,2,2,19,3,1,3,1
2,3,3,50,1.8,2,2,2,2,1,224.36,1,10,3,3,2,2,13,1,1,2,2
2,3,3,51,0.1,2,1,2,2,1,291.9,1,6,1,1,2,2,15,1,1,1,1
2,3,3,52,0.2,3,1,2,2,1,261.89,1,16,3,1,1,3,2,1,1,1,1
2,3,3,53,0.1,3,3,2,2,1,237.92,1,11,3,3,1,1,5,1,1,3,3
2,3,3,54,0.05,1,3,1,2,0,316.75,0,14,3,1,3,1,19,1,1,3,3
2,3,3,55,0.1,2,1,2,2,1,253.78,1,16,3,3,2,2,19,3,3,3,3
2,3,3,56,0.1,1,2,1,1,1,276.39,1,20,1,3,1,3,11,3,1,2,2
2,3,3,57,0.1,3,2,2,2,1,237.32,1,20,3,1,1,3,11,3,3,2,2
2,3,3,58,0.4,1,3,1,1,1,246.89,1,7,1,3,1,3,13,3,3,1,1
2,3,3,59,0.8,1,2,1,1,1,198.43,1,1,3,3,3,3,20,1,1,2,2
2,3,3,60,0.2,1,2,1,1,1,255.94,1,13,3,1,3,1,18,3,3,2,2
2,3,3,61,1.8,3,2,2,2,1,208.11,1,20,1,3,3,1,12,3,1,2,2
2,3,3,62,0.8,3,2,2,2,1,255.04,1,9,1,1,3,3,18,3,3,2,2
2,3,3,63,0.1,1,2,1,1,1,285.85,1,3,1,1,1,1,8,3,1,2,2
2,3,3,64,0.2,2,1,2,1,0,266.07,1,17,3,3,2,2,1,1,3,1,3
2,3,3,65,1.8,2,2,2,1,0,216.87,1,15,1,1,2,2,20,3,3,2,2
2,3,3,66,0.1,1,3,1,2,0,313.04,0,9,1,3,1,3,18,3,1,1,3
2,3,3,67,1.8,1,3,1,1,1,210.29,1,4,1,1,1,1,10,3,3,1,1
2,3,3,68,0.4,1,2,1,1,1,207.49,1,5,3,1,3,1,14,3,1,2,2
2,3,3,69,0.4,3,1,2,2,1,223.96,1,7,3,3,1,1,18,1,3,1,3
2,3,3,70,0.2,3,3,2,2,1,287.52,1,17,3,1,1,3,11,3,1,1,3
2,3,3,71,0.8,3,3,2,2,1,202.25,1,3,1,1,3,3,19,3,3,1,1
2,3,3,72,0.2,2,3,2,2,1,300.8,0,18,1,3,2,2,18,3,3,1,1
2,3,3,73,0.05,1,2,1,2,0,296.99,1,11,1,3,1,3,2,1,1,2,2
2,3,3,74,0.4,2,3,2,2,1,471.54,0,5,1,1,2,2,2,1,1,3,3
2,3,3,75,0.2,2,2,2,1,0,281.2,1,2,3,1,2,2,1,1,3,2,2
2,3,3,76,0.4,1,3,1,1,1,244.61,1,12,3,1,3,1,16,3,3,1,1
2,3,3,77,0.05,2,2,2,2,1,526.37,0,19,3,3,2,2,18,3,3,2,2
2,3,3,78,0.4,1,2,1,1,1,235.54,1,20,1,1,1,1,13,3,3,2,2
2,3,4,1,0.4,1,3,1,1,1,204.87,1,11,3,1,3,1,17,1,1,3,3
2,3,4,2,0.05,3,1,2,2,1,321.79,0,11,1,3,3,1,7,1,3,1,3
2,3,4,3,0.1,3,3,2,1,0,181.7,1,12,3,1,1,3,12,3,1,1,3
2,3,4,4,0.1,3,3,2,2,1,226.53,1,13,3,3,1,1,19,1,3,3,1
2,3,4,5,0.4,1,1,1,1,1,273.38,1,5,3,1,3,1,19,3,1,3,1
2,3,4,6,0.05,2,2,2,2,1,234.12,1,13,3,1,2,2,1,3,1,2,2
2,3,4,7,1.8,1,2,NaN,NaN,NaN,NaN,NaN,7,3,1,3,1,16,3,3,2,2
2,3,4,8,1.8,3,3,2,2,1,186.25,1,10,3,3,1,1,15,1,3,3,1
2,3,4,9,0.2,1,3,1,1,1,261.31,1,20,3,1,3,1,9,3,1,1,3
2,3,4,10,0.1,1,3,1,1,1,273.03,1,2,1,1,1,1,14,3,1,1,3
2,3,4,11,0.2,1,1,1,1,1,253.19,1,9,1,3,1,3,2,3,3,3,3
2,3,4,12,0.8,1,2,1,1,1,211.89,1,12,1,3,1,3,10,3,3,2,2
2,3,4,13,1.8,1,2,1,1,1,221.23,1,12,3,1,3,1,4,3,1,2,2
2,3,4,14,0.05,1,1,1,1,1,294.08,1,17,1,1,1,1,16,1,1,1,1
2,3,4,15,0.1,1,3,1,2,0,262.47,1,3,1,3,1,3,12,3,1,1,3
2,3,4,16,1.8,2,3,2,2,1,187.45,1,20,3,3,2,2,7,1,1,3,3
2,3,4,17,0.4,3,3,2,2,1,287.75,1,4,3,3,1,1,13,3,1,1,3
2,3,4,18,0.2,3,1,2,2,1,243.68,1,5,3,1,1,3,1,3,1,3,1
2,3,4,19,0.1,1,2,1,1,1,265.8,1,16,3,1,3,1,11,3,1,2,2
2,3,4,20,0.4,1,3,1,1,1,240.84,1,18,3,3,3,3,1,1,1,3,3
2,3,4,21,0.8,1,1,1,1,1,238.14,1,6,3,1,3,1,2,1,1,1,1
2,3,4,22,1.8,1,1,1,1,1,240.29,1,11,1,3,1,3,14,1,1,1,1
2,3,4,23,0.2,3,1,2,2,1,328.62,0,4,1,3,3,1,10,1,3,1,3
2,3,4,24,0.05,3,3,2,2,1,269.6,1,16,1,3,3,1,9,1,3,3,1
2,3,4,25,0.4,1,1,1,1,1,213.68,1,4,1,1,1,1,9,1,1,1,1
2,3,4,26,0.2,3,3,2,2,1,180.2,1,8,1,1,3,3,15,3,3,1,1
2,3,4,27,0.4,3,3,2,2,1,206.15,1,19,1,1,3,3,17,1,1,3,3
2,3,4,28,0.05,3,2,2,2,1,294.43,1,15,3,3,1,1,11,1,1,2,2
2,3,4,29,0.8,3,2,2,2,1,224.93,1,13,1,1,3,3,11,1,3,2,2
2,3,4,30,0.05,2,2,2,1,0,350.83,0,5,3,1,2,2,10,3,3,2,2
2,3,4,31,0.1,1,1,1,2,0,213.83,1,4,3,3,3,3,1,1,3,1,3
2,3,4,32,0.2,1,3,1,1,1,186.35,1,13,1,1,1,1,17,1,3,3,1
2,3,4,33,0.4,2,3,2,1,0,301.49,0,3,1,3,2,2,1,1,1,3,3
2,3,4,34,1.8,1,1,1,1,1,207.42,1,9,1,1,1,1,12,3,3,3,3
2,3,4,35,0.4,2,3,2,1,0,276.43,1,15,1,3,2,2,11,1,1,3,3
2,3,4,36,1.8,1,3,1,1,1,213.15,1,4,1,3,1,3,1,3,1,1,3
2,3,4,37,0.2,2,2,2,1,0,230.15,1,18,1,1,2,2,4,3,3,2,2
2,3,4,38,0.1,1,3,1,1,1,271.02,1,2,3,3,3,3,4,3,1,1,3
2,3,4,39,0.4,3,1,2,2,1,215.75,1,13,3,1,1,3,13,3,1,3,1
2,3,4,40,0.8,2,3,2,2,1,190.65,1,5,3,1,2,2,5,1,3,3,1
2,3,4,41,0.4,3,2,2,2,1,232.24,1,19,3,3,1,1,18,3,3,2,2
2,3,4,42,1.8,3,3,2,2,1,208.59,1,14,1,1,3,3,6,1,3,3,1
2,3,4,43,0.8,1,1,1,1,1,240.03,1,17,1,3,1,3,16,1,3,1,3
2,3,4,44,0.1,1,2,1,2,0,349.41,0,1,3,3,3,3,4,3,1,2,2
2,3,4,45,0.1,2,2,2,2,1,331.17,0,8,3,1,2,2,14,3,1,2,2
2,3,4,46,0.8,1,1,1,1,1,210.43,1,13,1,3,1,3,15,1,3,1,3
2,3,4,47,0.2,1,3,1,1,1,284.34,1,20,1,3,1,3,7,3,1,1,3
2,3,4,48,0.8,3,2,2,2,1,224.97,1,10,1,1,3,3,13,3,3,2,2
2,3,4,49,0.1,3,1,2,2,1,267.62,1,1,1,1,3,3,9,3,1,3,1
2,3,4,50,1.8,2,3,2,1,0,259.27,1,5,1,1,2,2,5,3,1,1,3
2,3,4,51,0.05,1,2,1,2,0,350.66,0,11,3,1,3,1,16,1,3,2,2
2,3,4,52,1.8,3,1,2,2,1,189.4,1,2,1,1,3,3,2,1,3,1,3
2,3,4,53,0.2,1,3,1,2,0,240.35,1,2,3,3,3,3,16,3,3,1,1
2,3,4,54,1.8,3,2,2,2,1,236.88,1,15,3,1,1,3,13,1,1,2,2
2,3,4,55,0.05,1,3,1,2,0,275.25,1,16,1,3,1,3,3,1,3,3,1
2,3,4,56,0.05,2,1,2,1,0,280.87,1,11,3,1,2,2,1,1,3,1,3
2,3,4,57,0.05,3,1,2,2,1,265.79,1,19,3,1,1,3,6,3,3,3,3
2,3,4,58,0.8,1,2,1,1,1,222.58,1,18,3,3,3,3,4,3,1,2,2
2,3,4,59,0.4,1,1,1,1,1,308.13,0,18,1,1,1,1,10,1,3,1,3
2,3,4,60,0.2,2,1,2,2,1,277.09,1,4,3,3,2,2,13,1,1,1,1
2,3,4,61,0.8,1,1,1,1,1,190.56,1,17,1,1,1,1,1,1,1,1,1
2,3,4,62,0.4,3,2,2,1,0,181.05,1,15,3,3,1,1,1,1,3,2,2
2,3,4,63,0.2,1,3,1,2,0,127.84,1,3,1,1,1,1,18,3,1,1,3
2,3,4,64,0.05,3,2,2,2,1,305.73,0,18,3,1,1,3,1,3,1,2,2
2,3,4,65,0.2,1,1,1,1,1,218.77,1,10,3,1,3,1,16,1,3,1,3
2,3,4,66,0.05,3,2,2,2,1,261.25,1,20,3,3,1,1,8,3,3,2,2
2,3,4,67,0.05,2,2,2,2,1,257.86,1,18,3,1,2,2,19,1,3,2,2
2,3,4,68,1.8,3,1,2,2,1,216.53,1,7,1,1,3,3,12,1,1,1,1
2,3,4,69,0.4,1,2,1,1,1,211.22,1,19,3,1,3,1,13,3,3,2,2
2,3,4,70,0.8,1,2,1,1,1,219.59,1,9,3,1,3,1,1,3,1,2,2
2,3,4,71,0.1,1,1,1,1,1,267.77,1,13,1,3,1,3,10,1,1,1,1
2,3,4,72,0.2,2,1,2,1,0,249.16,1,4,3,3,2,2,18,1,1,1,1
2,3,4,73,0.1,1,2,1,2,0,360.08,0,12,3,1,3,1,4,1,1,2,2
2,3,4,74,0.8,3,1,NaN,NaN,NaN,NaN,NaN,6,1,1,3,3,1,1,1,1,1
2,3,4,75,0.8,1,1,1,1,1,263.99,1,10,1,1,1,1,16,3,3,3,3
2,3,4,76,0.1,3,3,2,2,1,248.2,1,2,3,3,1,1,17,1,3,3,1
2,3,4,77,0.8,2,1,2,1,0,232.49,1,17,1,3,2,2,13,1,1,1,1
2,3,4,78,1.8,1,1,1,1,1,190.88,1,18,1,3,1,3,14,1,3,1,3
2,3,5,1,0.1,3,1,2,2,1,267.39,1,11,3,1,1,3,18,3,1,3,1
2,3,5,2,0.05,2,1,2,1,0,251.48,1,5,3,1,2,2,13,3,1,3,1
2,3,5,3,0.1,2,3,2,2,1,258.19,1,4,1,3,2,2,12,3,3,1,1
2,3,5,4,0.8,2,3,2,2,1,171.34,1,6,1,1,2,2,4,1,1,3,3
2,3,5,5,0.4,2,3,2,2,1,210.5,1,10,3,1,2,2,6,3,1,1,3
2,3,5,6,0.05,1,1,1,2,0,244.59,1,9,1,1,1,1,10,1,1,1,1
2,3,5,7,0.8,1,2,1,1,1,219.31,1,16,3,3,3,3,20,3,1,2,2
2,3,5,8,1.8,1,1,1,1,1,174.91,1,10,1,3,1,3,3,3,1,3,1
2,3,5,9,0.8,1,2,1,2,0,172.25,1,12,3,3,3,3,10,1,1,2,2
2,3,5,10,0.2,1,3,1,1,1,239.3,1,12,1,1,1,1,15,1,3,3,1
2,3,5,11,0.4,2,3,2,1,0,231.79,1,1,3,1,2,2,4,3,3,1,1
2,3,5,12,1.8,3,2,2,2,1,220.18,1,6,1,3,3,1,6,1,3,2,2
2,3,5,13,0.8,1,3,1,1,1,238.25,1,12,1,3,1,3,13,3,1,1,3
2,3,5,14,0.2,3,2,2,1,0,309.76,0,1,3,1,1,3,13,1,3,2,2
2,3,5,15,0.2,1,1,1,1,1,207.06,1,4,3,1,3,1,13,1,1,1,1
2,3,5,16,0.4,2,2,2,2,1,187.71,1,6,3,1,2,2,16,1,3,2,2
2,3,5,17,0.2,1,1,1,1,1,225.01,1,7,1,1,1,1,19,3,1,3,1
2,3,5,18,1.8,1,1,1,1,1,203.07,1,13,3,3,3,3,1,3,3,3,3
2,3,5,19,0.8,2,1,2,1,0,136.71,1,13,1,3,2,2,11,3,1,3,1
2,3,5,20,0.4,3,1,2,2,1,180.76,1,12,3,1,1,3,20,3,1,3,1
2,3,5,21,1.8,2,3,2,1,0,189.77,1,8,1,3,2,2,13,3,1,1,3
2,3,5,22,0.1,2,2,2,1,0,342.54,0,1,1,1,2,2,4,3,1,2,2
2,3,5,23,0.4,1,3,1,1,1,232.26,1,18,1,3,1,3,17,1,1,3,3
2,3,5,24,0.4,1,2,1,1,1,202.08,1,8,1,3,1,3,5,3,3,2,2
2,3,5,25,0.4,1,1,1,1,1,214.23,1,2,1,1,1,1,13,1,1,1,1
2,3,5,26,0.4,2,1,2,2,1,216.67,1,14,3,3,2,2,5,3,1,3,1
2,3,5,27,0.1,2,3,2,1,0,213.92,1,15,3,3,2,2,15,3,3,1,1
2,3,5,28,1.8,1,2,1,1,1,196.12,1,1,3,3,3,3,12,1,3,2,2
2,3,5,29,0.05,1,2,1,1,1,300.51,0,1,1,3,1,3,6,1,1,2,2
2,3,5,30,0.05,1,3,1,1,1,258.98,1,7,3,1,3,1,11,3,3,1,1
2,3,5,31,1.8,3,1,2,1,0,205.55,1,3,1,3,3,1,17,1,1,1,1
2,3,5,32,1.8,3,1,2,2,1,188.38,1,11,1,3,3,1,2,3,3,3,3
2,3,5,33,0.05,2,2,2,2,1,354.31,0,19,3,3,2,2,18,3,3,2,2
2,3,5,34,0.05,2,1,2,2,1,252.58,1,14,3,1,2,2,8,3,1,3,1
2,3,5,35,0.8,1,3,1,1,1,240.61,1,2,3,3,3,3,19,3,1,1,3
2,3,5,36,0.2,1,3,1,1,1,240.72,1,8,1,3,1,3,10,3,1,1,3
2,3,5,37,0.05,1,2,1,1,1,232.13,1,9,3,3,3,3,3,1,3,2,2
2,3,5,38,1.8,1,3,1,1,1,216.97,1,13,1,1,1,1,15,1,1,3,3
2,3,5,39,0.1,3,3,2,1,0,307.75,0,12,1,1,3,3,4,1,1,3,3
2,3,5,40,0.8,2,2,2,2,1,233.18,1,12,1,1,2,2,15,1,1,2,2
2,3,5,41,0.05,3,2,2,2,1,340.42,0,12,1,3,3,1,12,1,3,2,2
2,3,5,42,0.2,3,3,2,2,1,134.55,1,9,3,3,1,1,4,3,1,1,3
2,3,5,43,0.1,2,1,2,1,0,242.95,1,13,3,1,2,2,2,3,1,3,1
2,3,5,44,0.4,1,3,1,1,1,206.71,1,17,1,3,1,3,1,3,3,1,1
2,3,5,45,0.2,2,2,2,2,1,228.1,1,8,3,1,2,2,11,3,1,2,2
2,3,5,46,1.8,2,1,2,1,0,213.64,1,1,3,3,2,2,14,3,1,3,1
2,3,5,47,0.8,1,2,1,1,1,220.36,1,8,1,3,1,3,6,3,3,2,2
2,3,5,48,0.4,3,1,2,2,1,209.79,1,6,1,3,3,1,18,3,1,3,1
2,3,5,49,0.1,1,3,1,1,1,285.75,1,6,1,3,1,3,3,3,3,1,1
2,3,5,50,0.2,3,3,2,2,1,215.45,1,11,1,3,3,1,11,3,3,1,1
2,3,5,51,0.1,2,1,2,2,1,298.74,1,20,1,3,2,2,5,3,1,3,1
2,3,5,52,0.4,1,2,1,1,1,227.15,1,3,1,3,1,3,3,1,3,2,2
2,3,5,53,0.1,1,2,1,1,1,309.04,0,20,3,1,3,1,14,3,1,2,2
2,3,5,54,0.8,1,1,1,1,1,251.48,1,8,1,3,1,3,20,1,1,1,1
2,3,5,55,0.1,1,1,1,1,1,218.12,1,2,3,1,3,1,5,3,1,3,1
2,3,5,56,0.2,3,2,2,1,0,269.8,1,12,1,1,3,3,13,1,1,2,2
2,3,5,57,1.8,3,3,2,2,1,186.95,1,9,1,1,3,3,2,3,1,1,3
2,3,5,58,0.1,1,2,1,2,0,264.78,1,7,1,1,1,1,3,3,1,2,2
2,3,5,59,1.8,1,2,1,1,1,215.72,1,1,3,1,3,1,16,1,3,2,2
2,3,5,60,0.4,1,3,1,1,1,260.6,1,17,3,1,3,1,18,1,3,3,1
2,3,5,61,0.2,1,3,1,1,1,285.62,1,7,3,1,3,1,13,3,3,1,1
2,3,5,62,0.8,1,3,1,1,1,172.33,1,6,1,1,1,1,14,3,1,1,3
2,3,5,63,0.2,3,1,2,2,1,148.38,1,6,3,1,1,3,3,1,1,1,1
2,3,5,64,0.4,1,3,1,1,1,276.13,1,16,3,1,3,1,10,1,3,3,1
2,3,5,65,0.8,1,1,1,1,1,232.26,1,19,3,3,3,3,6,3,1,3,1
2,3,5,66,1.8,3,2,2,2,1,219.43,1,15,3,3,1,1,4,3,1,2,2
2,3,5,67,0.05,2,3,2,2,1,295.06,1,3,1,1,2,2,5,1,3,3,1
2,3,5,68,0.2,1,1,1,1,1,298.15,1,8,3,3,3,3,2,1,1,1,1
2,3,5,69,0.05,3,2,2,1,0,258.18,1,1,3,3,1,1,6,3,1,2,2
2,3,5,70,0.05,3,1,2,2,1,249.03,1,14,1,1,3,3,18,1,3,1,3
2,3,5,71,0.05,3,1,2,2,1,239.82,1,13,3,1,1,3,1,1,1,1,1
2,3,5,72,1.8,2,2,2,1,0,205.1,1,1,3,3,2,2,9,3,1,2,2
2,3,5,73,0.8,1,1,1,1,1,206.35,1,17,3,3,3,3,16,1,3,1,3
2,3,5,74,0.1,2,3,2,2,1,252.15,1,11,1,3,2,2,20,3,3,1,1
2,3,5,75,0.1,1,1,1,1,1,284.76,1,6,1,3,1,3,6,3,3,3,3
2,3,5,76,0.2,3,1,2,1,0,258.05,1,13,1,1,3,3,4,3,1,3,1
2,3,5,77,0.05,3,2,2,2,1,302.32,0,11,3,1,1,3,8,3,1,2,2
2,3,5,78,0.8,1,1,1,1,1,174.66,1,17,3,1,3,1,4,3,3,3,3
2,3,6,1,0.1,1,3,1,1,1,265.43,1,1,1,1,1,1,2,1,3,3,1
2,3,6,2,1.8,1,2,1,1,1,193.46,1,2,1,3,1,3,15,3,3,2,2
2,3,6,3,1.8,2,3,2,2,1,198.58,1,4,1,1,2,2,12,1,3,3,1
2,3,6,4,1.8,2,3,NaN,NaN,NaN,NaN,NaN,18,3,3,2,2,6,3,3,1,1
2,3,6,5,0.2,1,2,1,1,1,251.87,1,1,1,3,1,3,9,3,1,2,2
2,3,6,6,0.4,1,1,1,1,1,213.05,1,13,1,1,1,1,6,3,3,3,3
2,3,6,7,0.4,2,2,2,1,0,229.52,1,20,1,3,2,2,7,3,1,2,2
2,3,6,8,0.1,1,3,1,1,1,268.92,1,15,1,3,1,3,13,1,1,3,3
2,3,6,9,0.2,2,3,2,2,1,281.46,1,13,1,1,2,2,12,3,1,1,3
2,3,6,10,0.05,1,2,1,1,1,274.88,1,10,1,3,1,3,1,3,1,2,2
2,3,6,11,1.8,3,2,2,2,1,190.47,1,17,1,3,3,1,9,3,3,2,2
2,3,6,12,0.05,1,1,1,1,1,364.78,0,17,3,1,3,1,11,3,3,3,3
2,3,6,13,0.1,1,1,1,1,1,267.16,1,11,1,3,1,3,18,1,3,1,3
2,3,6,14,0.05,2,1,2,1,0,245.21,1,11,3,1,2,2,6,3,3,3,3
2,3,6,15,0.8,1,3,1,2,0,221.79,1,17,3,3,3,3,14,3,1,1,3
2,3,6,16,0.2,1,3,1,1,1,294.38,1,4,1,1,1,1,1,1,1,3,3
2,3,6,17,0.8,2,3,2,1,0,228.4,1,9,3,1,2,2,7,3,1,1,3
2,3,6,18,1.8,3,2,2,2,1,185.74,1,7,1,3,3,1,13,3,3,2,2
2,3,6,19,0.1,2,3,2,2,1,292.41,1,19,3,1,2,2,17,3,1,1,3
2,3,6,20,0.4,2,3,2,1,0,209.79,1,7,1,1,2,2,19,3,3,1,1
2,3,6,21,0.2,1,3,1,1,1,250.2,1,20,3,3,3,3,13,3,1,1,3
2,3,6,22,0.4,2,2,2,1,0,214.22,1,14,1,1,2,2,16,3,1,2,2
2,3,6,23,0.8,2,1,2,2,1,201.36,1,19,1,3,2,2,11,1,1,1,1
2,3,6,24,0.05,2,1,2,1,0,344.39,0,5,1,1,2,2,6,3,3,3,3
2,3,6,25,1.8,3,1,2,2,1,251.35,1,15,1,1,3,3,12,3,1,3,1
2,3,6,26,0.4,1,3,1,1,1,323.76,0,18,3,1,3,1,7,1,3,3,1
2,3,6,27,0.05,2,3,2,1,0,338.16,0,13,3,3,2,2,11,3,3,1,1
2,3,6,28,0.2,1,3,1,1,1,195.72,1,6,3,1,3,1,18,3,3,1,1
2,3,6,29,0.4,3,2,2,2,1,224.23,1,17,1,3,3,1,13,3,1,2,2
2,3,6,30,0.1,1,1,1,1,1,216.78,1,19,1,1,1,1,19,3,1,3,1
2,3,6,31,0.2,1,3,1,2,0,271.89,1,12,3,3,3,3,8,1,1,3,3
2,3,6,32,0.05,1,3,1,1,1,200.46,1,20,1,1,1,1,18,1,3,3,1
2,3,6,33,0.4,1,3,1,1,1,198.41,1,8,1,1,1,1,13,1,3,3,1
2,3,6,34,1.8,1,2,NaN,NaN,NaN,NaN,NaN,17,3,1,3,1,11,3,1,2,2
2,3,6,35,0.8,2,1,2,1,0,206.55,1,15,3,3,2,2,8,1,1,1,1
2,3,6,36,0.4,1,3,1,1,1,239.4,1,13,3,3,3,3,12,1,1,3,3
2,3,6,37,1.8,1,2,1,1,1,207.08,1,7,1,1,1,1,9,3,3,2,2
2,3,6,38,0.1,1,2,1,1,1,270.49,1,5,1,3,1,3,8,1,3,2,2
2,3,6,39,0.8,1,2,1,1,1,200.18,1,3,1,1,1,1,14,3,3,2,2
2,3,6,40,1.8,1,2,1,1,1,199.68,1,9,3,3,3,3,17,1,3,2,2
2,3,6,41,0.05,1,2,1,1,1,326.91,0,16,3,1,3,1,19,3,1,2,2
2,3,6,42,0.1,1,2,1,1,1,254.2,1,2,3,3,3,3,6,1,1,2,2
2,3,6,43,0.05,2,1,2,1,0,264.78,1,18,3,3,2,2,6,1,1,1,1
2,3,6,44,0.1,3,2,2,2,1,192.91,1,13,1,1,3,3,15,1,3,2,2
2,3,6,45,1.8,1,1,1,1,1,216.21,1,16,1,3,1,3,9,1,3,1,3
2,3,6,46,0.2,3,1,2,1,0,223.03,1,12,1,1,3,3,8,1,3,1,3
2,3,6,47,0.4,1,3,1,1,1,194.9,1,1,3,3,3,3,8,1,3,3,1
2,3,6,48,0.8,1,2,1,1,1,201.85,1,1,3,3,3,3,15,1,3,2,2
2,3,6,49,0.2,1,2,1,1,1,213.51,1,19,3,1,3,1,11,1,3,2,2
2,3,6,50,0.8,1,3,1,2,0,203.7,1,10,1,1,1,1,10,1,3,3,1
2,3,6,51,0.2,3,2,2,1,0,245.48,1,3,3,1,1,3,13,1,1,2,2
2,3,6,52,0.1,2,1,2,1,0,265.91,1,4,3,1,2,2,19,3,3,3,3
2,3,6,53,1.8,1,3,1,1,1,192.03,1,19,3,1,3,1,19,1,3,3,1
2,3,6,54,0.8,1,2,1,1,1,193.94,1,12,3,1,3,1,15,1,3,2,2
2,3,6,55,0.4,1,3,1,1,1,247.74,1,17,1,3,1,3,2,1,1,3,3
2,3,6,56,0.2,3,2,2,2,1,256.37,1,9,1,1,3,3,6,3,1,2,2
2,3,6,57,0.1,3,1,2,2,1,345.13,0,6,3,3,1,1,11,3,1,3,1
2,3,6,58,0.8,2,1,2,1,0,209.28,1,4,1,1,2,2,19,3,1,3,1
2,3,6,59,0.8,2,1,2,1,0,196.64,1,3,1,1,2,2,5,1,1,1,1
2,3,6,60,0.05,3,2,2,2,1,274.91,1,14,3,3,1,1,9,3,3,2,2
2,3,6,61,0.4,3,1,2,2,1,233.18,1,5,1,1,3,3,3,1,1,1,1
2,3,6,62,0.2,1,3,1,1,1,235.82,1,7,3,3,3,3,9,1,3,3,1
2,3,6,63,0.1,2,3,2,1,0,303.29,0,1,3,1,2,2,6,3,1,1,3
2,3,6,64,0.05,2,1,2,2,1,280.51,1,5,3,3,2,2,9,3,3,3,3
2,3,6,65,0.05,3,2,2,2,1,245.27,1,8,1,1,3,3,8,3,3,2,2
2,3,6,66,0.1,2,3,2,1,0,205.11,1,15,3,3,2,2,16,1,3,3,1
2,3,6,67,0.8,1,3,1,1,1,227.95,1,7,3,1,3,1,14,1,3,3,1
2,3,6,68,0.1,3,2,2,1,0,224.48,1,10,1,1,3,3,20,1,1,2,2
2,3,6,69,1.8,3,3,NaN,NaN,NaN,NaN,NaN,6,1,1,3,3,18,1,1,3,3
2,3,6,70,0.2,3,3,2,2,1,169.46,1,14,3,1,1,3,2,1,3,3,1
2,3,6,71,1.8,1,1,1,1,1,207.65,1,11,1,3,1,3,11,1,3,1,3
2,3,6,72,0.4,1,1,1,1,1,214.86,1,15,3,1,3,1,4,1,1,1,1
2,3,6,73,0.8,1,2,1,1,1,203.9,1,15,3,1,3,1,2,1,1,2,2
2,3,6,74,0.05,1,2,1,1,1,307.65,0,8,1,1,1,1,7,3,1,2,2
2,3,6,75,0.4,3,3,2,2,1,249.69,1,11,3,1,1,3,9,3,1,1,3
2,3,6,76,0.8,1,1,NaN,NaN,NaN,NaN,NaN,15,3,1,3,1,9,3,1,3,1
2,3,6,77,0.05,3,2,2,2,1,302.67,0,5,3,3,1,1,18,3,3,2,2
2,3,6,78,0.2,3,1,2,2,1,409.43,0,16,3,3,1,1,14,1,3,1,3
2,3,7,1,0.1,3,2,2,2,1,279.07,1,15,1,1,3,3,2,3,3,2,2
2,3,7,2,0.1,1,3,1,2,0,472.01,0,1,1,1,1,1,13,3,1,1,3
2,3,7,3,1.8,1,2,1,1,1,203.26,1,18,1,3,1,3,15,1,1,2,2
2,3,7,4,0.1,3,2,2,2,1,229.04,1,4,1,3,3,1,4,3,3,2,2
2,3,7,5,0.05,2,2,2,2,1,228.58,1,3,1,1,2,2,14,1,1,2,2
2,3,7,6,0.05,2,3,2,2,1,241.56,1,7,3,3,2,2,18,1,3,3,1
2,3,7,7,0.4,2,3,2,1,0,258.84,1,17,3,3,2,2,3,1,3,3,1
2,3,7,8,0.2,1,2,1,1,1,239.51,1,5,1,3,1,3,3,1,3,2,2
2,3,7,9,0.1,2,3,2,1,0,259.82,1,17,3,1,2,2,1,3,1,1,3
2,3,7,10,0.05,1,2,1,1,1,281.79,1,14,3,3,3,3,12,1,3,2,2
2,3,7,11,0.05,2,2,2,1,0,209,1,6,1,1,2,2,5,1,3,2,2
2,3,7,12,0.05,1,3,1,2,0,244.71,1,1,1,3,1,3,10,3,3,1,1
2,3,7,13,1.8,1,3,1,1,1,197.21,1,17,1,3,1,3,16,3,3,1,1
2,3,7,14,0.1,2,3,2,2,1,258.63,1,12,1,3,2,2,3,3,3,1,1
2,3,7,15,0.8,3,2,2,1,0,192.66,1,4,1,1,3,3,16,1,1,2,2
2,3,7,16,0.8,1,3,1,1,1,197,1,3,3,1,3,1,18,3,1,1,3
2,3,7,17,0.8,1,2,1,1,1,192.96,1,20,3,3,3,3,9,3,1,2,2
2,3,7,18,0.05,3,2,2,2,1,326.54,0,16,1,3,3,1,20,3,3,2,2
2,3,7,19,0.2,1,3,1,1,1,222.83,1,2,1,3,1,3,8,1,1,3,3
2,3,7,20,1.8,3,2,2,2,1,190.98,1,6,1,1,3,3,8,3,3,2,2
2,3,7,21,0.05,1,1,1,2,0,324.21,0,13,3,1,3,1,4,1,3,1,3
2,3,7,22,0.2,3,1,2,2,1,286.68,1,16,1,1,3,3,4,1,1,1,1
2,3,7,23,0.2,1,2,1,1,1,242.41,1,14,1,3,1,3,16,1,1,2,2
2,3,7,24,0.8,3,2,2,2,1,192.05,1,4,3,1,1,3,14,3,3,2,2
2,3,7,25,0.4,1,3,1,1,1,240.9,1,4,1,3,1,3,7,3,3,1,1
2,3,7,26,0.2,1,3,1,1,1,263.66,1,19,3,3,3,3,3,1,3,3,1
2,3,7,27,1.8,1,2,1,1,1,191.46,1,11,3,1,3,1,5,1,1,2,2
2,3,7,28,0.8,1,2,1,1,1,215.54,1,4,1,1,1,1,15,1,1,2,2
2,3,7,29,0.8,1,2,1,1,1,231.96,1,19,3,3,3,3,16,1,1,2,2
2,3,7,30,0.2,1,1,1,1,1,230.1,1,15,1,3,1,3,2,3,3,3,3
2,3,7,31,0.8,2,2,2,1,0,222.81,1,20,3,3,2,2,17,1,3,2,2
2,3,7,32,0.4,1,2,1,1,1,246.79,1,1,3,3,3,3,16,1,3,2,2
2,3,7,33,0.4,2,3,2,1,0,229.96,1,5,3,3,2,2,1,1,1,3,3
2,3,7,34,0.2,1,3,1,1,1,260.75,1,12,3,1,3,1,10,3,3,1,1
2,3,7,35,0.1,3,3,2,2,1,256.04,1,4,3,1,1,3,1,3,1,1,3
2,3,7,36,0.8,2,3,2,1,0,229.45,1,10,3,3,2,2,9,3,3,1,1
2,3,7,37,0.1,1,2,1,1,1,367.35,0,10,1,3,1,3,9,3,1,2,2
2,3,7,38,0.8,1,2,NaN,NaN,NaN,NaN,NaN,10,1,1,1,1,13,1,1,2,2
2,3,7,39,0.05,1,1,1,1,1,257.74,1,4,1,3,1,3,14,3,1,3,1
2,3,7,40,1.8,2,3,2,1,0,203.45,1,10,3,3,2,2,14,3,3,1,1
2,3,7,41,0.1,2,2,2,2,1,308.5,0,13,1,1,2,2,6,1,1,2,2
2,3,7,42,0.4,3,1,2,1,0,247.83,1,14,3,3,1,1,2,3,1,3,1
2,3,7,43,0.2,2,2,2,1,0,239.16,1,17,1,1,2,2,20,3,3,2,2
2,3,7,44,0.2,3,2,2,2,1,265.5,1,14,1,3,3,1,18,1,1,2,2
2,3,7,45,0.05,1,3,1,2,0,343.34,0,7,1,1,1,1,18,1,3,3,1
2,3,7,46,0.8,3,1,2,2,1,186.52,1,13,1,3,3,1,1,3,1,3,1
2,3,7,47,0.2,1,1,1,1,1,239.27,1,6,1,1,1,1,16,1,3,1,3
2,3,7,48,0.1,1,1,1,2,0,285.04,1,13,3,1,3,1,3,3,3,3,3
2,3,7,49,0.4,3,3,2,2,1,240.01,1,18,3,1,1,3,1,3,3,1,1
2,3,7,50,0.05,1,2,1,1,1,248.28,1,8,1,1,1,1,5,3,3,2,2
2,3,7,51,0.4,1,2,1,1,1,235.41,1,9,1,3,1,3,15,3,3,2,2
2,3,7,52,1.8,1,2,1,1,1,207.02,1,17,1,1,1,1,20,1,1,2,2
2,3,7,53,0.8,1,2,1,1,1,205.34,1,1,1,1,1,1,9,3,3,2,2
2,3,7,54,0.1,1,1,1,1,1,270.79,1,11,3,1,3,1,15,3,1,3,1
2,3,7,55,1.8,1,2,1,1,1,189.43,1,19,3,3,3,3,4,3,3,2,2
2,3,7,56,1.8,1,1,1,1,1,209.58,1,13,3,3,3,3,8,1,3,1,3
2,3,7,57,1.8,2,3,2,1,0,205.32,1,6,1,3,2,2,5,1,1,3,3
2,3,7,58,0.2,3,3,2,2,1,257.52,1,8,3,3,1,1,5,1,1,3,3
2,3,7,59,0.8,3,3,2,2,1,235.73,1,19,3,3,1,1,1,3,1,1,3
2,3,7,60,0.05,1,2,1,1,1,275.13,1,14,1,3,1,3,6,1,3,2,2
2,3,7,61,0.4,3,3,2,2,1,243.32,1,20,3,1,1,3,5,3,3,1,1
2,3,7,62,0.1,1,2,1,1,1,251.36,1,12,1,1,1,1,5,3,3,2,2
2,3,7,63,0.4,2,1,2,1,0,197.96,1,10,3,3,2,2,15,1,1,1,1
2,3,7,64,0.4,1,2,1,1,1,211.2,1,13,1,1,1,1,6,3,3,2,2
2,3,7,65,1.8,1,2,1,1,1,204.93,1,10,1,3,1,3,5,1,3,2,2
2,3,7,66,0.2,3,3,2,2,1,305.96,0,18,3,3,1,1,5,3,1,1,3
2,3,7,67,1.8,2,1,2,1,0,199.58,1,20,1,3,2,2,7,1,3,1,3
2,3,7,68,0.4,1,3,1,2,0,232.91,1,15,1,3,1,3,6,3,3,1,1
2,3,7,69,0.05,3,3,2,2,1,256.2,1,13,1,3,3,1,5,3,3,1,1
2,3,7,70,0.8,3,2,2,2,1,212.05,1,18,3,3,1,1,1,3,3,2,2
2,3,7,71,0.1,2,2,2,2,1,271.72,1,15,3,3,2,2,7,3,3,2,2
2,3,7,72,0.2,1,3,1,1,1,118.25,1,13,3,1,3,1,9,3,1,1,3
2,3,7,73,1.8,2,1,2,1,0,186.49,1,4,3,3,2,2,19,3,3,3,3
2,3,7,74,0.4,1,3,1,1,1,224.37,1,3,3,1,3,1,5,1,3,3,1
2,3,7,75,1.8,1,3,1,1,1,195.08,1,6,1,1,1,1,17,1,3,3,1
2,3,7,76,0.05,1,2,1,1,1,227.36,1,10,1,1,1,1,2,3,1,2,2
2,3,7,77,0.1,1,3,1,2,0,320.22,0,6,3,3,3,3,18,1,3,3,1
2,3,7,78,0.4,1,1,1,1,1,198.4,1,10,3,3,3,3,10,1,1,1,1
2,3,8,1,1.8,1,2,1,1,1,191.72,1,1,3,3,3,3,17,3,1,2,2
2,3,8,2,0.1,3,3,2,2,1,285.28,1,18,3,1,1,3,11,3,3,1,1
2,3,8,3,1.8,3,1,2,2,1,268.52,1,18,1,3,3,1,2,3,1,3,1
2,3,8,4,0.2,2,2,2,2,1,208.07,1,17,1,3,2,2,3,1,1,2,2
2,3,8,5,0.2,1,2,1,1,1,215.25,1,4,3,3,3,3,11,1,1,2,2
2,3,8,6,0.05,1,2,1,1,1,254.04,1,2,1,3,1,3,9,3,3,2,2
2,3,8,7,0.1,1,1,1,1,1,248.58,1,5,3,1,3,1,18,3,3,3,3
2,3,8,8,0.1,1,1,1,1,1,166.43,1,3,3,3,3,3,13,3,3,3,3
2,3,8,9,0.1,3,2,2,1,0,270.83,1,12,3,3,1,1,6,1,3,2,2
2,3,8,10,0.2,1,2,1,1,1,84.941,2,12,1,1,1,1,5,1,1,2,2
2,3,8,11,0.8,1,3,1,1,1,203.49,1,5,3,3,3,3,20,3,3,1,1
2,3,8,12,1.8,1,2,1,1,1,204.11,1,12,3,1,3,1,9,3,1,2,2
2,3,8,13,0.2,1,2,1,1,1,239.17,1,16,1,3,1,3,19,1,1,2,2
2,3,8,14,0.2,2,1,2,2,1,304.06,0,1,3,3,2,2,2,3,1,3,1
2,3,8,15,0.05,1,2,1,1,1,242.51,1,13,3,3,3,3,11,1,1,2,2
2,3,8,16,0.4,1,3,1,1,1,430.08,0,11,1,1,1,1,4,3,1,1,3
2,3,8,17,0.1,1,3,1,2,0,308.13,0,10,1,3,1,3,17,1,3,3,1
2,3,8,18,1.8,1,2,1,1,1,172.44,1,8,3,1,3,1,14,1,1,2,2
2,3,8,19,0.1,2,3,2,1,0,284.44,1,6,3,1,2,2,6,3,1,1,3
2,3,8,20,0.1,2,2,2,2,1,282.85,1,14,1,3,2,2,9,1,1,2,2
2,3,8,21,0.2,2,2,2,1,0,61.612,2,4,3,3,2,2,6,1,1,2,2
2,3,8,22,0.8,1,3,1,1,1,199.54,1,16,1,1,1,1,17,1,1,3,3
2,3,8,23,0.8,1,3,1,1,1,196.31,1,4,1,3,1,3,1,1,1,3,3
2,3,8,24,0.05,3,3,2,2,1,350.7,0,16,1,3,3,1,11,3,1,1,3
2,3,8,25,0.4,2,1,2,2,1,311.63,0,19,3,1,2,2,14,3,1,3,1
2,3,8,26,0.2,2,2,2,2,1,239.99,1,7,3,1,2,2,14,1,1,2,2
2,3,8,27,0.1,1,3,1,1,1,268.67,1,13,1,3,1,3,20,1,3,3,1
2,3,8,28,0.2,1,1,1,1,1,264.79,1,11,1,1,1,1,12,1,3,1,3
2,3,8,29,0.8,2,1,2,1,0,225.02,1,10,1,1,2,2,3,3,1,3,1
2,3,8,30,0.8,1,2,1,1,1,206.95,1,18,3,1,3,1,16,3,1,2,2
2,3,8,31,0.8,3,3,2,2,1,225.54,1,7,1,3,3,1,18,3,1,1,3
2,3,8,32,0.4,2,3,2,1,0,273.03,1,18,3,1,2,2,8,3,3,1,1
2,3,8,33,0.4,3,3,2,2,1,209.3,1,18,3,3,1,1,13,1,3,3,1
2,3,8,34,0.4,1,2,1,1,1,224.02,1,19,1,1,1,1,12,3,1,2,2
2,3,8,35,1.8,2,2,NaN,NaN,NaN,NaN,NaN,20,1,3,2,2,1,1,3,2,2
2,3,8,36,0.05,1,1,1,2,0,363.62,0,13,3,1,3,1,19,3,3,3,3
2,3,8,37,0.4,2,2,2,2,1,284.83,1,18,3,3,2,2,4,1,1,2,2
2,3,8,38,0.05,2,1,2,2,1,241.78,1,4,3,1,2,2,7,1,3,1,3
2,3,8,39,0.05,1,2,1,1,1,250.29,1,3,3,1,3,1,14,3,3,2,2
2,3,8,40,0.05,1,1,1,1,1,222.64,1,3,1,1,1,1,15,3,3,3,3
2,3,8,41,0.4,2,1,NaN,NaN,NaN,NaN,NaN,17,1,3,2,2,10,3,1,3,1
2,3,8,42,0.2,3,3,2,2,1,225.29,1,12,1,3,3,1,4,1,3,3,1
2,3,8,43,0.8,2,2,2,1,0,246.78,1,19,3,1,2,2,6,1,3,2,2
2,3,8,44,0.8,3,1,2,2,1,224.59,1,10,1,1,3,3,6,1,3,1,3
2,3,8,45,0.8,1,1,1,1,1,210.66,1,6,3,1,3,1,9,3,3,3,3
2,3,8,46,0.05,2,1,2,1,0,308.7,0,19,1,1,2,2,19,3,3,3,3
2,3,8,47,0.1,1,2,1,1,1,289.05,1,6,1,1,1,1,17,3,1,2,2
2,3,8,48,0.1,3,1,2,2,1,431.39,0,10,3,1,1,3,19,3,1,3,1
2,3,8,49,1.8,1,3,1,1,1,204.84,1,6,1,1,1,1,1,3,1,1,3
2,3,8,50,1.8,1,3,1,1,1,198.73,1,2,1,1,1,1,8,1,1,3,3
2,3,8,51,0.05,1,1,1,1,1,279.86,1,10,3,1,3,1,5,3,3,3,3
2,3,8,52,0.2,1,3,1,1,1,260.08,1,12,1,1,1,1,1,1,3,3,1
2,3,8,53,0.4,2,3,2,1,0,212.96,1,8,3,3,2,2,4,3,1,1,3
2,3,8,54,0.4,1,2,1,1,1,210.64,1,12,1,3,1,3,18,1,3,2,2
2,3,8,55,0.05,2,3,2,1,0,287.41,1,20,1,3,2,2,9,1,3,3,1
2,3,8,56,0.8,3,3,2,2,1,219.42,1,5,1,1,3,3,7,3,1,1,3
2,3,8,57,0.4,3,2,2,2,1,230.27,1,13,3,1,1,3,13,1,3,2,2
2,3,8,58,1.8,1,1,1,1,1,249.69,1,20,3,3,3,3,1,3,3,3,3
2,3,8,59,1.8,2,3,2,1,0,187.33,1,11,1,3,2,2,18,3,1,1,3
2,3,8,60,0.1,3,2,2,2,1,251.96,1,5,3,1,1,3,9,3,1,2,2
2,3,8,61,0.05,2,1,2,2,1,277.88,1,6,3,1,2,2,4,3,3,3,3
2,3,8,62,0.2,2,3,2,2,1,257.29,1,11,1,3,2,2,20,3,3,1,1
2,3,8,63,0.8,3,2,2,2,1,198.52,1,3,3,1,1,3,7,3,1,2,2
2,3,8,64,0.1,2,3,2,1,0,317.34,0,18,1,1,2,2,4,3,3,1,1
2,3,8,65,0.8,2,1,2,1,0,191.83,1,13,3,3,2,2,5,3,3,3,3
2,3,8,66,0.4,1,3,1,2,0,-17.441,2,9,3,3,3,3,7,3,1,1,3
2,3,8,67,0.05,1,1,1,1,1,270.64,1,16,3,1,3,1,15,1,3,1,3
2,3,8,68,1.8,1,3,1,1,1,210.48,1,1,1,1,1,1,3,1,3,3,1
2,3,8,69,1.8,2,1,2,1,0,205.67,1,18,3,3,2,2,11,1,1,1,1
2,3,8,70,0.8,3,3,2,2,1,232.72,1,15,3,1,1,3,19,3,3,1,1
2,3,8,71,1.8,1,3,1,1,1,197.23,1,5,3,3,3,3,6,1,3,3,1
2,3,8,72,0.05,1,1,1,1,1,329.6,0,8,3,3,3,3,2,3,3,3,3
2,3,8,73,0.1,2,1,2,1,0,268.83,1,5,1,1,2,2,10,3,1,3,1
2,3,8,74,0.2,1,2,1,1,1,241,1,20,3,1,3,1,7,3,1,2,2
2,3,8,75,0.4,1,1,1,1,1,260.81,1,6,1,3,1,3,2,3,1,3,1
2,3,8,76,0.2,2,3,2,1,0,241.64,1,20,3,1,2,2,1,3,3,1,1
2,3,8,77,0.4,3,3,2,2,1,269.44,1,16,1,3,3,1,6,1,3,3,1
2,3,8,78,1.8,1,1,1,1,1,207.97,1,9,3,3,3,3,8,3,3,3,3
2,3,9,1,0.2,2,1,2,1,0,265.53,1,18,3,1,2,2,6,3,3,3,3
2,3,9,2,0.05,3,3,2,2,1,345.02,0,8,1,1,3,3,18,3,1,1,3
2,3,9,3,0.2,1,2,1,1,1,235.77,1,6,1,3,1,3,19,3,1,2,2
2,3,9,4,1.8,1,2,1,1,1,193.98,1,9,3,1,3,1,17,1,1,2,2
2,3,9,5,0.1,1,1,1,1,1,237.31,1,15,1,3,1,3,3,3,3,3,3
2,3,9,6,0.4,1,3,1,1,1,240.59,1,5,3,1,3,1,5,1,3,3,1
2,3,9,7,0.8,1,1,1,1,1,165.37,1,20,1,1,1,1,16,1,1,1,1
2,3,9,8,0.8,1,3,1,1,1,197.26,1,8,1,3,1,3,11,1,1,3,3
2,3,9,9,0.2,1,3,1,1,1,262.07,1,20,3,3,3,3,15,3,3,1,1
2,3,9,10,0.2,3,1,2,2,1,232.49,1,7,1,3,3,1,8,3,3,3,3
2,3,9,11,0.4,2,1,2,1,0,245.85,1,7,3,1,2,2,8,3,1,3,1
2,3,9,12,1.8,1,1,1,1,1,200.66,1,13,1,3,1,3,18,1,1,1,1
2,3,9,13,0.2,2,1,2,1,0,254.23,1,17,3,3,2,2,1,1,1,1,1
2,3,9,14,0.05,2,3,2,2,1,301.28,0,14,3,1,2,2,17,3,1,1,3
2,3,9,15,0.2,2,2,2,2,1,303.15,0,14,3,1,2,2,9,3,3,2,2
2,3,9,16,0.05,1,3,1,1,1,211.3,1,1,1,3,1,3,8,1,3,3,1
2,3,9,17,1.8,1,3,1,1,1,207.51,1,19,1,1,1,1,20,1,3,3,1
2,3,9,18,0.4,3,3,2,2,1,236.66,1,20,3,3,1,1,5,1,3,3,1
2,3,9,19,0.8,1,1,1,1,1,213.36,1,16,1,3,1,3,2,3,3,3,3
2,3,9,20,0.8,3,1,2,2,1,229.99,1,7,3,3,1,1,7,3,1,3,1
2,3,9,21,0.4,1,1,1,1,1,205.69,1,10,3,1,3,1,10,3,1,3,1
2,3,9,22,0.8,3,3,2,2,1,225.77,1,15,1,1,3,3,16,1,3,3,1
2,3,9,23,0.4,1,3,1,1,1,264.64,1,1,1,1,1,1,5,1,1,3,3
2,3,9,24,0.05,1,2,1,2,0,320.09,0,18,1,1,1,1,11,3,3,2,2
2,3,9,25,0.1,3,1,2,2,1,277.8,1,12,3,1,1,3,15,1,3,1,3
2,3,9,26,0.05,3,3,2,2,1,279.33,1,2,1,3,3,1,13,1,3,3,1
2,3,9,27,0.4,3,3,2,2,1,206.93,1,14,3,1,1,3,11,3,3,1,1
2,3,9,28,1.8,3,1,2,2,1,192.6,1,13,3,1,1,3,4,3,1,3,1
2,3,9,29,0.05,2,2,2,2,1,271.37,1,11,1,3,2,2,8,3,3,2,2
2,3,9,30,0.05,2,2,2,2,1,315.08,0,14,1,3,2,2,3,3,1,2,2
2,3,9,31,0.1,1,2,1,1,1,267.95,1,16,3,1,3,1,2,3,1,2,2
2,3,9,32,1.8,3,1,2,2,1,180.03,1,20,1,1,3,3,15,1,1,1,1
2,3,9,33,0.05,1,2,1,1,1,274.67,1,11,3,3,3,3,1,3,3,2,2
2,3,9,34,0.8,3,2,2,2,1,224.2,1,6,3,1,1,3,16,3,1,2,2
2,3,9,35,0.1,1,1,1,1,1,309.57,0,15,3,3,3,3,3,3,1,3,1
2,3,9,36,0.1,2,2,2,2,1,282.99,1,4,3,1,2,2,14,3,3,2,2
2,3,9,37,0.2,1,1,1,1,1,191.35,1,13,3,3,3,3,2,1,1,1,1
2,3,9,38,0.8,3,2,2,2,1,197.87,1,9,1,1,3,3,19,3,1,2,2
2,3,9,39,1.8,1,3,1,2,0,183.64,1,11,1,3,1,3,12,3,1,1,3
2,3,9,40,0.1,1,2,1,2,0,354.73,0,18,1,1,1,1,6,3,1,2,2
2,3,9,41,0.1,1,3,1,1,1,202.31,1,17,3,3,3,3,13,3,3,1,1
2,3,9,42,1.8,1,1,1,1,1,212.1,1,19,1,3,1,3,4,3,3,3,3
2,3,9,43,0.2,2,1,2,1,0,232.45,1,9,3,3,2,2,17,3,1,3,1
2,3,9,44,1.8,1,2,1,1,1,194.27,1,8,3,1,3,1,10,1,3,2,2
2,3,9,45,0.2,3,2,2,1,0,211.41,1,18,1,3,3,1,11,1,3,2,2
2,3,9,46,0.2,1,3,1,1,1,247.06,1,15,1,3,1,3,13,1,3,3,1
2,3,9,47,0.2,1,3,1,1,1,281.7,1,14,1,3,1,3,1,3,1,1,3
2,3,9,48,0.2,1,3,1,1,1,257.3,1,3,3,3,3,3,10,3,3,1,1
2,3,9,49,0.1,1,1,1,1,1,255.53,1,5,3,3,3,3,15,1,3,1,3
2,3,9,50,0.4,2,1,2,1,0,209.07,1,8,1,1,2,2,15,1,3,1,3
2,3,9,51,0.4,3,2,2,2,1,206.13,1,7,1,1,3,3,19,1,1,2,2
2,3,9,52,0.05,1,2,1,1,1,270.14,1,1,1,1,1,1,5,3,1,2,2
2,3,9,53,0.4,1,2,1,1,1,201.18,1,13,3,1,3,1,19,1,3,2,2
2,3,9,54,0.8,1,2,1,1,1,198.39,1,11,3,1,3,1,1,1,3,2,2
2,3,9,55,0.4,1,1,1,1,1,218.15,1,2,3,3,3,3,15,1,1,1,1
2,3,9,56,0.05,2,1,2,1,0,273.01,1,6,3,1,2,2,15,1,1,1,1
2,3,9,57,0.4,1,3,1,1,1,224.72,1,19,1,3,1,3,13,1,1,3,3
2,3,9,58,0.1,3,1,2,2,1,339.4,0,9,1,1,3,3,12,3,1,3,1
2,3,9,59,0.1,2,3,2,2,1,261.97,1,1,1,3,2,2,13,1,1,3,3
2,3,9,60,0.05,2,1,2,2,1,265.16,1,16,1,3,2,2,4,1,1,1,1
2,3,9,61,0.4,1,2,1,1,1,205.77,1,5,1,3,1,3,16,3,1,2,2
2,3,9,62,0.1,1,2,1,2,0,273.82,1,18,3,1,3,1,18,3,3,2,2
2,3,9,63,1.8,1,1,1,1,1,198.69,1,12,1,1,1,1,3,3,3,3,3
2,3,9,64,1.8,3,3,2,2,1,211.69,1,13,3,3,1,1,11,1,1,3,3
2,3,9,65,0.05,3,3,2,2,1,304.63,0,17,3,1,1,3,19,1,1,3,3
2,3,9,66,0.4,1,1,1,1,1,200.49,1,18,1,1,1,1,1,3,1,3,1
2,3,9,67,1.8,1,1,1,1,1,201.4,1,10,1,3,1,3,17,3,3,3,3
2,3,9,68,0.8,1,1,1,1,1,194.67,1,1,1,1,1,1,11,1,1,1,1
2,3,9,69,1.8,3,2,2,2,1,186.7,1,13,1,3,3,1,17,1,3,2,2
2,3,9,70,0.1,2,1,2,1,0,280.1,1,5,1,1,2,2,9,1,3,1,3
2,3,9,71,0.8,1,2,1,1,1,195.72,1,9,3,3,3,3,16,3,1,2,2
2,3,9,72,0.05,3,2,2,2,1,307.31,0,11,1,1,3,3,9,1,1,2,2
2,3,9,73,1.8,1,3,1,1,1,211.33,1,6,1,3,1,3,17,3,1,1,3
2,3,9,74,0.8,2,1,2,1,0,220.41,1,18,1,3,2,2,12,3,1,3,1
2,3,9,75,0.8,3,3,2,2,1,229.84,1,5,3,1,1,3,8,1,1,3,3
2,3,9,76,0.1,3,3,2,2,1,298.68,1,14,3,1,1,3,6,3,3,1,1
2,3,9,77,0.8,1,1,1,1,1,201.09,1,14,3,1,3,1,20,3,1,3,1
2,3,9,78,0.2,2,3,2,1,0,221.97,1,5,1,3,2,2,16,3,3,1,1
2,3,10,1,0.2,3,2,2,2,1,121.01,1,2,3,1,1,3,11,3,1,2,2
2,3,10,2,0.8,1,3,1,1,1,201.76,1,8,3,1,3,1,11,3,1,1,3
2,3,10,3,1.8,2,2,2,2,1,187.26,1,18,1,3,2,2,8,1,3,2,2
2,3,10,4,1.8,2,1,2,2,1,191.25,1,11,1,3,2,2,1,1,1,1,1
2,3,10,5,1.8,2,2,2,1,0,199.84,1,14,1,1,2,2,10,1,1,2,2
2,3,10,6,0.4,1,3,1,1,1,248.99,1,2,3,3,3,3,4,1,3,3,1
2,3,10,7,0.05,1,1,1,1,1,309,0,18,1,1,1,1,6,1,3,1,3
2,3,10,8,0.2,1,3,1,1,1,214.13,1,18,1,3,1,3,5,3,3,1,1
2,3,10,9,0.05,3,1,2,2,1,527.57,0,18,1,1,3,3,5,3,3,3,3
2,3,10,10,1.8,3,2,2,2,1,186.59,1,12,3,1,1,3,9,3,3,2,2
2,3,10,11,0.1,3,1,2,2,1,293.4,1,20,1,1,3,3,9,3,1,3,1
2,3,10,12,0.1,2,2,2,1,0,270.01,1,14,1,1,2,2,2,3,1,2,2
2,3,10,13,0.05,2,2,2,2,1,329.44,0,8,3,3,2,2,3,3,1,2,2
2,3,10,14,0.8,3,3,2,2,1,203.24,1,3,3,3,1,1,7,1,3,3,1
2,3,10,15,1.8,2,1,2,1,0,208.83,1,9,3,1,2,2,8,1,3,1,3
2,3,10,16,0.2,3,3,2,2,1,271.63,1,12,1,3,3,1,16,3,3,1,1
2,3,10,17,0.8,1,2,1,1,1,213.74,1,13,3,1,3,1,18,3,3,2,2
2,3,10,18,1.8,1,3,1,1,1,179.09,1,3,3,1,3,1,6,1,3,3,1
2,3,10,19,0.05,2,1,2,1,0,268.14,1,20,3,1,2,2,16,1,3,1,3
2,3,10,20,0.2,3,3,2,2,1,267.39,1,7,3,3,1,1,10,1,1,3,3
2,3,10,21,0.1,3,2,2,2,1,276.15,1,8,1,3,3,1,17,3,3,2,2
2,3,10,22,0.1,1,1,1,1,1,359.48,0,18,3,3,3,3,12,3,3,3,3
2,3,10,23,0.2,1,2,1,1,1,236.69,1,14,1,1,1,1,4,3,1,2,2
2,3,10,24,1.8,1,3,1,1,1,272.55,1,3,1,1,1,1,13,1,3,3,1
2,3,10,25,0.4,3,2,2,2,1,240.88,1,11,3,1,1,3,9,1,1,2,2
2,3,10,26,1.8,3,3,2,2,1,202.56,1,15,1,3,3,1,10,3,1,1,3
2,3,10,27,0.05,3,2,2,2,1,354.74,0,18,3,1,1,3,14,3,3,2,2
2,3,10,28,0.1,3,1,2,2,1,228.82,1,11,1,3,3,1,17,1,1,1,1
2,3,10,29,0.8,3,2,2,2,1,188.37,1,16,3,3,1,1,4,3,1,2,2
2,3,10,30,0.8,2,3,2,2,1,229.53,1,5,1,1,2,2,13,3,1,1,3
2,3,10,31,0.8,1,2,1,1,1,211,1,12,1,3,1,3,15,3,1,2,2
2,3,10,32,0.05,1,3,1,2,0,295.86,1,18,3,1,3,1,5,3,1,1,3
2,3,10,33,0.4,2,3,2,1,0,266.2,1,13,3,3,2,2,6,3,3,1,1
2,3,10,34,0.05,3,3,2,1,0,302.54,0,20,3,1,1,3,16,3,1,1,3
2,3,10,35,0.8,1,1,1,1,1,225.86,1,12,1,3,1,3,13,3,1,3,1
2,3,10,36,0.2,1,2,1,1,1,58.278,2,13,3,3,3,3,16,3,3,2,2
2,3,10,37,0.1,3,3,2,2,1,318.9,0,14,3,1,1,3,18,1,1,3,3
2,3,10,38,0.1,2,2,2,1,0,215.08,1,9,1,3,2,2,7,3,3,2,2
2,3,10,39,1.8,3,2,2,2,1,193.33,1,13,1,3,3,1,4,3,3,2,2
2,3,10,40,0.05,1,3,1,1,1,273.72,1,8,1,3,1,3,17,3,1,1,3
2,3,10,41,1.8,3,2,2,1,0,188.03,1,10,3,3,1,1,10,3,3,2,2
2,3,10,42,0.8,1,3,1,1,1,227.9,1,6,1,3,1,3,6,1,3,3,1
2,3,10,43,0.1,1,3,1,1,1,249.28,1,19,1,3,1,3,14,1,3,3,1
2,3,10,44,0.05,2,3,2,2,1,296.24,1,19,3,1,2,2,11,3,3,1,1
2,3,10,45,0.1,2,2,2,1,0,286.8,1,13,3,3,2,2,14,1,3,2,2
2,3,10,46,1.8,3,1,2,2,1,187.24,1,18,1,3,3,1,8,3,1,3,1
2,3,10,47,0.8,3,2,2,2,1,188.48,1,4,3,3,1,1,19,3,3,2,2
2,3,10,48,0.05,1,3,1,1,1,261.63,1,14,3,1,3,1,10,3,1,1,3
2,3,10,49,0.1,1,3,1,1,1,292.59,1,16,3,1,3,1,8,1,3,3,1
2,3,10,50,1.8,3,3,2,2,1,217.36,1,14,3,3,1,1,12,1,1,3,3
2,3,10,51,0.1,2,2,2,1,0,285.14,1,13,1,3,2,2,5,3,3,2,2
2,3,10,52,0.4,1,2,1,2,0,313.42,0,1,3,1,3,1,12,3,1,2,2
2,3,10,53,0.8,3,3,NaN,NaN,NaN,NaN,NaN,8,3,3,1,1,1,1,3,3,1
2,3,10,54,0.2,2,2,2,1,0,277.44,1,13,1,3,2,2,13,1,3,2,2
2,3,10,55,0.4,2,3,2,2,1,261.26,1,11,1,1,2,2,12,3,1,1,3
2,3,10,56,0.05,1,2,1,1,1,279.57,1,19,1,3,1,3,6,1,3,2,2
2,3,10,57,0.8,2,3,2,1,0,197.72,1,18,3,1,2,2,9,3,1,1,3
2,3,10,58,0.4,1,3,1,1,1,194.94,1,11,3,3,3,3,19,3,1,1,3
2,3,10,59,0.2,2,2,2,1,0,265.35,1,5,3,1,2,2,2,3,1,2,2
2,3,10,60,0.2,1,1,1,1,1,243.79,1,11,1,1,1,1,14,1,3,1,3
2,3,10,61,0.05,2,1,2,1,0,318.59,0,18,1,1,2,2,3,3,3,3,3
2,3,10,62,0.4,3,1,2,2,1,199.79,1,19,3,3,1,1,16,1,1,1,1
2,3,10,63,0.05,1,1,1,1,1,279.37,1,17,3,3,3,3,3,1,1,1,1
2,3,10,64,0.2,3,3,2,2,1,250.14,1,6,3,3,1,1,6,3,3,1,1
2,3,10,65,0.4,3,1,2,2,1,228.76,1,16,3,1,1,3,19,1,1,1,1
2,3,10,66,0.4,1,1,1,1,1,192.57,1,17,1,3,1,3,1,1,1,1,1
2,3,10,67,0.2,2,2,2,1,0,262.85,1,15,3,3,2,2,7,1,3,2,2
2,3,10,68,0.4,1,1,1,1,1,189.69,1,17,3,3,3,3,17,3,3,3,3
2,3,10,69,0.8,2,3,2,1,0,199.42,1,18,1,3,2,2,8,3,3,1,1
2,3,10,70,0.8,3,3,2,2,1,207.51,1,10,1,1,3,3,19,3,1,1,3
2,3,10,71,1.8,3,2,2,2,1,174.71,1,10,1,1,3,3,16,3,1,2,2
2,3,10,72,0.1,2,3,2,1,0,289.69,1,14,3,3,2,2,16,1,1,3,3
2,3,10,73,0.4,1,3,1,1,1,226.63,1,8,3,1,3,1,1,1,3,3,1
2,3,10,74,0.2,3,2,2,2,1,321.07,0,10,1,1,3,3,17,1,1,2,2
2,3,10,75,0.1,3,3,2,2,1,256.29,1,17,3,1,1,3,9,3,1,1,3
2,3,10,76,0.4,3,3,2,2,1,200.13,1,20,1,1,3,3,20,3,3,1,1
2,3,10,77,0.2,2,3,2,2,1,271.31,1,13,3,3,2,2,15,1,3,3,1
2,3,10,78,0.4,1,1,1,1,1,199.76,1,2,1,1,1,1,13,3,3,3,3
