4,3,1,1,0.1,1,2,1,1,1,199.41,1,4,1,3,1,3,4,3,3,2,2
4,3,1,2,0.4,1,2,1,1,1,229.33,1,18,3,1,3,1,17,3,3,2,2
4,3,1,3,0.2,1,2,1,1,1,205.59,1,1,1,1,1,1,11,3,1,2,2
4,3,1,4,0.05,1,1,1,1,1,288,1,5,3,3,3,3,9,1,1,1,1
4,3,1,5,0.8,1,1,1,1,1,209.27,1,10,1,1,1,1,8,3,3,3,3
4,3,1,6,1.8,1,1,1,1,1,216.98,1,11,3,3,3,3,10,3,3,3,3
4,3,1,7,0.05,1,2,1,1,1,284.62,1,4,1,3,1,3,3,3,1,2,2
4,3,1,8,0.05,1,3,1,1,1,263.17,1,12,3,3,3,3,18,3,3,1,1
4,3,1,9,0.1,1,2,1,1,1,228.26,1,2,1,3,1,3,5,1,1,2,2
4,3,1,10,1.8,2,3,2,2,1,224.28,1,18,3,1,2,2,13,1,1,3,3
4,3,1,11,0.2,1,1,1,1,1,255.49,1,13,1,3,1,3,9,3,3,3,3
4,3,1,12,0.2,1,3,1,1,1,241.86,1,16,1,1,1,1,17,3,1,1,3
4,3,1,13,0.05,1,3,1,1,1,265.46,1,20,3,3,3,3,20,1,3,3,1
4,3,1,14,0.4,1,3,1,1,1,223.5,1,13,3,3,3,3,7,3,1,1,3
4,3,1,15,0.1,3,2,2,2,1,251.74,1,8,1,3,3,1,7,3,3,2,2
4,3,1,16,0.4,2,1,2,1,0,238.91,1,12,3,1,2,2,10,3,1,3,1
4,3,1,17,0.1,1,2,1,1,1,217.32,1,5,1,3,1,3,17,1,1,2,2
4,3,1,18,0.1,2,3,2,2,1,255.27,1,4,3,1,2,2,16,3,3,1,1
4,3,1,19,0.4,2,3,2,2,1,257.74,1,1,3,1,2,2,16,1,1,3,3
4,3,1,20,1.8,1,3,1,1,1,189.36,1,16,3,3,3,3,8,1,3,3,1
4,3,1,21,1.8,2,3,2,2,1,225.99,1,7,1,1,2,2,3,1,1,3,3
4,3,1,22,0.8,1,3,1,1,1,212.49,1,12,3,3,3,3,9,3,3,1,1
4,3,1,23,1.8,1,1,1,1,1,239.97,1,16,1,1,1,1,18,1,3,1,3
4,3,1,24,1.8,1,2,1,1,1,200.04,1,12,3,3,3,3,11,1,1,2,2
4,3,1,25,0.1,1,1,1,1,1,266.36,1,14,1,3,1,3,2,3,3,3,3
4,3,1,26,0.2,2,2,2,2,1,241.09,1,5,3,3,2,2,12,3,3,2,2
4,3,1,27,0.05,1,2,1,1,1,329.05,0,7,1,3,1,3,18,3,1,2,2
4,3,1,28,0.8,1,3,1,1,1,216.34,1,18,3,1,3,1,4,3,1,1,3
4,3,1,29,0.8,1,2,1,1,1,226.01,1,2,3,3,3,3,20,3,3,2,2
4,3,1,30,0.8,3,2,2,2,1,218.37,1,17,1,1,3,3,1,3,3,2,2
4,3,1,31,1.8,1,1,1,1,1,248.09,1,16,1,3,1,3,8,1,1,1,1
4,3,1,32,0.05,1,2,1,1,1,246.64,1,8,1,3,1,3,20,1,1,2,2
4,3,1,33,0.1,1,1,1,1,1,265.05,1,17,3,3,3,3,4,3,3,3,3
4,3,1,34,0.2,1,1,1,1,1,235.24,1,20,3,3,3,3,10,1,3,1,3
4,3,1,35,0.4,1,1,1,1,1,234.83,1,16,1,3,1,3,9,1,3,1,3
4,3,1,36,0.4,3,1,2,2,1,370.43,0,20,3,1,1,3,13,3,3,3,3
4,3,1,37,0.05,1,2,1,1,1,297.22,1,8,3,1,3,1,13,1,1,2,2
4,3,1,38,0.1,1,1,1,1,1,236.37,1,18,3,3,3,3,11,3,1,3,1
4,3,1,39,0.8,2,1,2,2,1,205.47,1,19,3,3,2,2,11,1,3,1,3
4,3,1,40,0.1,2,2,2,2,1,355.99,0,4,1,3,2,2,3,3,3,2,2
4,3,1,41,0.2,2,2,2,1,0,205.7,1,1,3,3,2,2,10,1,1,2,2
4,3,1,42,0.8,1,1,1,1,1,214.95,1,6,1,1,1,1,14,1,3,1,3
4,3,1,43,0.1,2,2,2,2,1,255,1,17,3,1,2,2,14,1,1,2,2
4,3,1,44,0.8,2,1,2,2,1,237.51,1,16,1,3,2,2,1,3,3,3,3
4,3,1,45,1.8,1,1,1,1,1,383.72,0,15,3,3,3,3,18,1,3,1,3
4,3,1,46,0.4,2,3,2,2,1,256.34,1,9,3,1,2,2,10,3,1,1,3
4,3,1,47,0.2,3,1,2,2,1,251.64,1,9,1,1,3,3,6,3,3,3,3
4,3,1,48,0.2,1,1,1,1,1,266.55,1,16,3,3,3,3,6,3,3,3,3
4,3,1,49,1.8,1,3,1,1,1,226.17,1,3,1,3,1,3,1,3,1,1,3
4,3,1,50,0.2,2,2,2,1,0,218.57,1,7,1,3,2,2,1,1,3,2,2
4,3,1,51,0.1,3,3,2,2,1,278.24,1,19,1,1,3,3,20,3,1,1,3
4,3,1,52,0.05,1,1,1,1,1,360.29,0,6,3,1,3,1,15,3,3,3,3
4,3,1,53,0.8,1,1,1,1,1,207.81,1,17,1,3,1,3,12,1,3,1,3
4,3,1,54,1.8,3,2,2,2,1,223.25,1,8,3,3,1,1,19,1,1,2,2
4,3,1,55,0.05,1,2,1,1,1,268.74,1,19,3,1,3,1,17,3,1,2,2
4,3,1,56,0.05,1,2,1,1,1,276.69,1,10,3,3,3,3,10,3,1,2,2
4,3,1,57,0.2,1,1,1,1,1,261.55,1,15,1,1,1,1,15,1,1,1,1
4,3,1,58,0.4,1,2,1,1,1,262.48,1,12,3,3,3,3,18,1,3,2,2
4,3,1,59,1.8,2,1,2,2,1,247.75,1,17,1,1,2,2,15,1,3,1,3
4,3,1,60,0.2,3,3,2,2,1,261.12,1,14,1,3,3,1,7,3,3,1,1
4,3,1,61,0.8,1,2,1,1,1,240.29,1,6,1,1,1,1,11,1,1,2,2
4,3,1,62,1.8,1,3,1,1,1,222.51,1,12,1,3,1,3,1,3,3,1,1
4,3,1,63,0.4,1,3,1,1,1,228.4,1,3,1,1,1,1,14,1,1,3,3
4,3,1,64,0.05,3,1,2,2,1,478.48,0,14,3,1,1,3,17,1,3,1,3
4,3,1,65,0.4,1,3,1,1,1,215.84,1,1,3,1,3,1,10,3,3,1,1
4,3,1,66,0.05,3,3,2,2,1,307.83,0,10,3,1,1,3,17,1,1,3,3
4,3,1,67,0.4,1,3,1,1,1,262.33,1,7,3,3,3,3,10,3,1,1,3
4,3,1,68,0.05,1,2,1,1,1,312.67,0,20,3,3,3,3,14,1,3,2,2
4,3,1,69,0.4,3,1,2,2,1,223.11,1,14,1,1,3,3,12,1,1,1,1
4,3,1,70,0.8,2,1,2,2,1,264.92,1,13,1,3,2,2,18,1,3,1,3
4,3,1,71,0.1,3,1,2,1,0,265.72,1,7,1,3,3,1,12,1,3,1,3
4,3,1,72,0.4,1,2,1,1,1,250.34,1,11,1,3,1,3,17,3,3,2,2
4,3,1,73,0.2,1,2,1,1,1,215.63,1,16,1,3,1,3,9,1,1,2,2
4,3,1,74,0.1,1,1,1,1,1,297.52,1,1,3,3,3,3,7,3,3,3,3
4,3,1,75,1.8,2,1,2,2,1,251.4,1,1,1,3,2,2,8,3,1,3,1
4,3,1,76,0.8,2,3,2,1,0,215.1,1,12,1,3,2,2,2,1,3,3,1
4,3,1,77,0.2,1,3,1,1,1,267.63,1,3,3,3,3,3,14,1,1,3,3
4,3,1,78,0.8,1,2,1,1,1,226.07,1,10,3,3,3,3,1,3,1,2,2
4,3,2,1,0.05,3,1,2,2,1,327.83,0,13,1,3,3,1,14,3,1,3,1
4,3,2,2,0.8,1,2,1,1,1,220.19,1,20,3,1,3,1,7,3,1,2,2
4,3,2,3,0.05,2,1,2,1,0,254.74,1,3,1,1,2,2,16,3,1,3,1
4,3,2,4,0.05,1,1,1,1,1,240.2,1,3,1,3,1,3,12,3,1,3,1
4,3,2,5,0.2,2,2,2,1,0,197.46,1,6,1,3,2,2,6,1,3,2,2
4,3,2,6,1.8,2,2,2,2,1,245.23,1,9,1,1,2,2,4,1,1,2,2
4,3,2,7,0.4,3,1,2,2,1,236.22,1,3,3,3,1,1,16,3,1,3,1
4,3,2,8,0.8,2,1,2,2,1,234.39,1,20,3,1,2,2,11,1,1,1,1
4,3,2,9,0.05,2,1,2,1,0,272.4,1,20,1,3,2,2,13,1,1,1,1
4,3,2,10,0.4,3,2,2,2,1,243.37,1,8,1,3,3,1,3,1,3,2,2
4,3,2,11,1.8,2,2,2,1,0,228.73,1,16,1,3,2,2,2,1,1,2,2
4,3,2,12,0.1,3,3,2,2,1,283.98,1,20,3,3,1,1,6,3,1,1,3
4,3,2,13,0.05,2,2,2,1,0,262.38,1,20,1,3,2,2,20,3,3,2,2
4,3,2,14,0.05,1,3,1,1,1,242.75,1,15,1,1,1,1,2,1,3,3,1
4,3,2,15,0.8,2,1,2,2,1,239.91,1,5,3,1,2,2,13,1,3,1,3
4,3,2,16,0.2,2,2,2,1,0,242.16,1,12,1,3,2,2,10,3,3,2,2
4,3,2,17,0.4,1,3,1,1,1,232.73,1,17,1,1,1,1,20,3,3,1,1
4,3,2,18,0.8,3,1,2,2,1,258.03,1,2,1,3,3,1,1,3,1,3,1
4,3,2,19,0.8,3,2,2,2,1,257.08,1,3,3,1,1,3,10,3,1,2,2
4,3,2,20,1.8,2,3,2,2,1,290.42,1,5,3,3,2,2,12,1,1,3,3
4,3,2,21,0.8,1,1,1,1,1,285.74,1,19,1,3,1,3,16,1,3,1,3
4,3,2,22,0.8,1,3,1,1,1,268.13,1,10,1,1,1,1,19,1,1,3,3
4,3,2,23,0.1,1,1,1,1,1,286.98,1,2,3,1,3,1,7,3,3,3,3
4,3,2,24,0.1,2,1,2,1,0,268.93,1,2,1,1,2,2,17,1,3,1,3
4,3,2,25,0.2,3,2,2,2,1,241.93,1,7,1,1,3,3,4,1,1,2,2
4,3,2,26,1.8,2,3,2,2,1,257.49,1,8,3,3,2,2,16,3,1,1,3
4,3,2,27,0.4,1,1,1,1,1,263.89,1,13,3,3,3,3,5,1,3,1,3
4,3,2,28,0.1,2,1,2,2,1,331.89,0,19,1,1,2,2,2,3,1,3,1
4,3,2,29,0.1,1,3,1,1,1,301.24,0,2,3,1,3,1,19,3,1,1,3
4,3,2,30,1.8,1,3,1,1,1,249.18,1,15,3,3,3,3,11,1,1,3,3
4,3,2,31,1.8,1,3,1,1,1,218.24,1,14,1,3,1,3,3,1,3,3,1
4,3,2,32,1.8,1,2,1,1,1,202.7,1,14,3,3,3,3,19,1,3,2,2
4,3,2,33,0.2,1,1,1,1,1,219.65,1,2,1,1,1,1,17,1,1,1,1
4,3,2,34,0.4,1,1,1,1,1,245.2,1,20,1,1,1,1,4,3,3,3,3
4,3,2,35,0.1,1,2,1,1,1,282.11,1,19,1,3,1,3,14,3,3,2,2
4,3,2,36,0.1,2,2,2,1,0,323.11,0,11,3,1,2,2,1,3,1,2,2
4,3,2,37,0.1,1,3,1,1,1,320.85,0,6,1,1,1,1,2,3,1,1,3
4,3,2,38,0.2,2,1,2,2,1,284.34,1,20,1,1,2,2,11,1,1,1,1
4,3,2,39,0.2,1,3,1,1,1,209.81,1,12,1,3,1,3,2,3,3,1,1
4,3,2,40,0.2,2,1,2,2,1,332.86,0,1,1,1,2,2,14,1,1,1,1
4,3,2,41,1.8,2,2,2,2,1,250.14,1,7,1,1,2,2,8,3,1,2,2
4,3,2,42,0.4,1,2,1,1,1,263.56,1,6,3,3,3,3,6,3,1,2,2
4,3,2,43,0.2,3,2,2,2,1,257.59,1,4,3,1,1,3,19,1,3,2,2
4,3,2,44,0.8,1,1,1,1,1,268.39,1,17,1,3,1,3,2,3,1,3,1
4,3,2,45,1.8,1,3,1,1,1,258.5,1,12,3,1,3,1,6,3,1,1,3
4,3,2,46,0.05,2,1,2,2,1,468.66,0,2,1,1,2,2,2,3,1,3,1
4,3,2,47,0.4,3,3,2,2,1,237.37,1,13,3,3,1,1,2,1,1,3,3
4,3,2,48,0.2,2,3,2,2,1,269.57,1,15,1,1,2,2,15,3,1,1,3
4,3,2,49,0.8,3,3,2,2,1,234.91,1,20,3,1,1,3,3,3,1,1,3
4,3,2,50,0.05,3,2,2,2,1,301.6,0,6,1,1,3,3,15,3,1,2,2
4,3,2,51,0.1,1,3,1,1,1,228.13,1,20,1,1,1,1,13,3,3,1,1
4,3,2,52,0.8,1,2,1,1,1,239.87,1,3,1,1,1,1,5,3,3,2,2
4,3,2,53,0.4,3,3,2,2,1,244.03,1,13,3,3,1,1,2,3,1,1,3
4,3,2,54,0.8,2,1,2,2,1,229.74,1,2,3,1,2,2,4,3,3,3,3
4,3,2,55,0.8,2,1,2,1,0,224.69,1,18,1,1,2,2,17,1,3,1,3
4,3,2,56,1.8,3,3,2,2,1,278.54,1,19,1,3,3,1,16,1,3,3,1
4,3,2,57,0.05,3,2,2,1,0,283.25,1,20,3,1,1,3,2,3,1,2,2
4,3,2,58,0.05,1,1,1,1,1,286.54,1,3,1,3,1,3,17,3,1,3,1
4,3,2,59,0.2,3,1,2,2,1,194.04,1,11,1,1,3,3,20,3,3,3,3
4,3,2,60,1.8,2,1,2,2,1,238.99,1,8,3,1,2,2,4,3,3,3,3
4,3,2,61,0.8,2,3,2,2,1,242.61,1,9,1,3,2,2,5,3,3,1,1
4,3,2,62,0.1,3,3,2,2,1,408.56,0,7,3,3,1,1,16,3,3,1,1
4,3,2,63,0.1,3,2,2,2,1,240.75,1,12,3,3,1,1,2,3,3,2,2
4,3,2,64,0.05,1,2,1,1,1,265.01,1,14,1,1,1,1,13,3,1,2,2
4,3,2,65,0.1,3,1,2,2,1,295.92,1,17,1,1,3,3,16,3,3,3,3
4,3,2,66,0.4,1,1,1,1,1,231.58,1,11,3,3,3,3,18,1,3,1,3
4,3,2,67,1.8,1,3,1,1,1,280.15,1,6,1,3,1,3,20,3,3,1,1
4,3,2,68,0.2,2,3,2,1,0,324.96,0,7,1,1,2,2,17,1,3,3,1
4,3,2,69,0.4,3,1,2,2,1,314.79,0,15,3,1,1,3,11,3,1,3,1
4,3,2,70,1.8,2,1,2,2,1,274.28,1,3,3,1,2,2,11,3,3,3,3
4,3,2,71,0.2,1,1,1,1,1,270.51,1,4,1,3,1,3,8,3,1,3,1
4,3,2,72,0.05,3,1,2,2,1,349.41,0,6,1,1,3,3,5,3,3,3,3
4,3,2,73,0.4,1,3,1,1,1,318.76,0,8,3,3,3,3,12,1,1,3,3
4,3,2,74,0.05,3,2,2,2,1,349.03,0,5,3,3,1,1,6,3,1,2,2
4,3,2,75,0.4,1,1,1,1,1,241.45,1,14,3,1,3,1,12,3,3,3,3
4,3,2,76,0.4,1,3,1,1,1,243.44,1,7,3,1,3,1,11,3,1,1,3
4,3,2,77,0.2,2,2,2,1,0,274.99,1,3,3,1,2,2,13,3,3,2,2
4,3,2,78,0.1,1,3,1,1,1,266.53,1,11,1,3,1,3,1,1,3,3,1
4,3,3,1,0.2,3,1,2,2,1,268.45,1,9,3,1,1,3,3,3,3,3,3
4,3,3,2,0.8,2,3,2,2,1,234.24,1,9,3,1,2,2,19,1,1,3,3
4,3,3,3,0.8,1,2,1,1,1,243.02,1,1,3,1,3,1,19,3,3,2,2
4,3,3,4,1.8,3,3,2,2,1,249.83,1,12,3,1,1,3,2,1,3,3,1
4,3,3,5,1.8,1,2,1,1,1,241.65,1,16,1,3,1,3,6,1,1,2,2
4,3,3,6,0.1,2,2,2,2,1,341.52,0,14,3,3,2,2,10,3,1,2,2
4,3,3,7,0.05,1,1,1,1,1,365.22,0,10,1,3,1,3,5,1,1,1,1
4,3,3,8,0.2,1,3,1,1,1,296.23,1,9,3,3,3,3,17,3,1,1,3
4,3,3,9,0.4,1,2,1,1,1,218.93,1,4,3,3,3,3,5,3,1,2,2
4,3,3,10,0.2,2,3,2,2,1,343.5,0,18,1,3,2,2,15,1,1,3,3
4,3,3,11,0.05,1,2,1,1,1,238.21,1,15,1,1,1,1,19,1,3,2,2
4,3,3,12,0.8,1,3,1,1,1,214.44,1,14,3,3,3,3,7,1,1,3,3
4,3,3,13,0.05,3,1,2,2,1,383.01,0,15,3,3,1,1,6,3,1,3,1
4,3,3,14,0.2,1,1,1,1,1,216.75,1,11,3,3,3,3,9,1,3,1,3
4,3,3,15,0.8,1,1,1,1,1,223.16,1,18,3,1,3,1,14,3,1,3,1
4,3,3,16,0.05,2,3,2,2,1,355.92,0,7,1,1,2,2,12,3,1,1,3
4,3,3,17,0.8,2,1,2,2,1,255.2,1,7,1,1,2,2,9,3,1,3,1
4,3,3,18,0.8,1,2,1,1,1,236.76,1,3,3,1,3,1,19,3,1,2,2
4,3,3,19,0.1,1,1,1,1,1,235.07,1,10,3,3,3,3,11,3,1,3,1
4,3,3,20,0.4,1,1,NaN,NaN,NaN,NaN,NaN,6,3,3,3,3,5,1,1,1,1
4,3,3,21,0.1,2,1,2,1,0,272.24,1,17,3,3,2,2,9,1,3,1,3
4,3,3,22,1.8,2,3,2,2,1,239.25,1,3,1,1,2,2,4,3,1,1,3
4,3,3,23,0.1,3,3,2,2,1,246.57,1,11,3,1,1,3,14,3,1,1,3
4,3,3,24,0.4,3,1,2,2,1,234.98,1,17,1,3,3,1,8,3,1,3,1
4,3,3,25,0.1,2,2,2,1,0,249.56,1,7,3,3,2,2,12,1,3,2,2
4,3,3,26,0.4,1,1,1,1,1,256.2,1,4,3,3,3,3,6,3,1,3,1
4,3,3,27,0.05,2,3,2,1,0,319.52,0,15,1,3,2,2,12,1,1,3,3
4,3,3,28,0.4,2,1,2,2,1,268.52,1,17,3,3,2,2,19,3,1,3,1
4,3,3,29,0.8,1,3,1,1,1,254.8,1,12,1,1,1,1,5,1,3,3,1
4,3,3,30,0.1,1,3,1,1,1,264.98,1,10,3,3,3,3,11,3,3,1,1
4,3,3,31,0.4,2,2,2,2,1,250.02,1,13,1,1,2,2,15,3,3,2,2
4,3,3,32,0.1,2,3,2,1,0,554.32,0,8,1,3,2,2,4,1,1,3,3
4,3,3,33,0.4,2,3,2,2,1,254.37,1,6,3,1,2,2,18,3,1,1,3
4,3,3,34,0.2,3,1,2,2,1,265.93,1,6,1,1,3,3,5,3,3,3,3
4,3,3,35,0.8,2,1,2,2,1,246.4,1,18,1,3,2,2,14,1,3,1,3
4,3,3,36,0.8,2,1,2,2,1,236.41,1,4,3,3,2,2,2,3,1,3,1
4,3,3,37,0.05,3,3,2,2,1,359.95,0,3,3,3,1,1,6,1,1,3,3
4,3,3,38,0.8,3,2,2,2,1,227.03,1,6,1,3,3,1,14,3,1,2,2
4,3,3,39,0.05,2,2,2,1,0,296.48,1,2,1,1,2,2,3,1,3,2,2
4,3,3,40,0.1,1,1,1,1,1,221.45,1,11,3,3,3,3,15,1,3,1,3
4,3,3,41,0.1,2,1,2,1,0,296.76,1,15,1,1,2,2,6,1,3,1,3
4,3,3,42,0.1,1,3,1,1,1,258.92,1,9,1,1,1,1,16,1,3,3,1
4,3,3,43,0.05,1,3,1,1,1,275.24,1,9,1,3,1,3,3,1,3,3,1
4,3,3,44,0.05,3,2,2,2,1,302.24,0,14,3,3,1,1,10,1,1,2,2
4,3,3,45,0.2,1,3,1,1,1,235.72,1,18,1,1,1,1,18,3,3,1,1
4,3,3,46,0.4,1,2,1,1,1,265.86,1,19,3,3,3,3,17,3,3,2,2
4,3,3,47,0.8,3,3,2,2,1,238.7,1,8,3,1,1,3,10,1,1,3,3
4,3,3,48,0.1,3,1,2,2,1,299.6,1,1,1,3,3,1,13,1,1,1,1
4,3,3,49,0.1,1,1,1,1,1,282.28,1,14,3,3,3,3,1,1,1,1,1
4,3,3,50,1.8,1,3,1,1,1,240.99,1,1,3,1,3,1,10,1,3,3,1
4,3,3,51,0.4,2,2,2,2,1,247.51,1,14,1,1,2,2,12,1,1,2,2
4,3,3,52,1.8,1,3,1,1,1,242.29,1,9,3,3,3,3,11,1,1,3,3
4,3,3,53,1.8,2,1,2,2,1,238.91,1,16,1,1,2,2,7,3,3,3,3
4,3,3,54,0.2,2,1,2,1,0,264.38,1,9,1,1,2,2,8,1,1,1,1
4,3,3,55,1.8,1,3,1,1,1,250.57,1,20,3,1,3,1,1,1,1,3,3
4,3,3,56,1.8,1,3,1,1,1,244.99,1,17,3,3,3,3,10,1,1,3,3
4,3,3,57,0.4,2,3,2,2,1,251.96,1,20,1,1,2,2,4,1,3,3,1
4,3,3,58,0.4,1,2,1,1,1,245.2,1,8,3,1,3,1,5,1,1,2,2
4,3,3,59,0.1,3,2,2,1,0,295.54,1,20,3,1,1,3,10,3,1,2,2
4,3,3,60,0.4,3,2,2,2,1,256.21,1,10,3,3,1,1,18,1,3,2,2
4,3,3,61,0.2,2,3,2,2,1,265.56,1,3,3,1,2,2,4,1,1,3,3
4,3,3,62,1.8,2,3,2,2,1,237.19,1,15,3,1,2,2,14,1,1,3,3
4,3,3,63,0.2,2,3,2,1,0,275.42,1,10,3,3,2,2,10,1,1,3,3
4,3,3,64,0.05,1,2,1,1,1,269.03,1,15,1,3,1,3,12,3,1,2,2
4,3,3,65,0.05,3,2,2,2,1,360.11,0,5,1,1,3,3,14,1,1,2,2
4,3,3,66,1.8,1,2,1,1,1,254.15,1,2,3,1,3,1,7,3,1,2,2
4,3,3,67,0.05,1,2,1,1,1,292.49,1,7,1,3,1,3,2,3,3,2,2
4,3,3,68,1.8,3,3,2,2,1,269,1,13,1,1,3,3,8,3,3,1,1
4,3,3,69,0.8,3,2,2,2,1,293.48,1,17,1,3,3,1,20,1,1,2,2
4,3,3,70,0.2,1,3,1,1,1,288.71,1,2,1,3,1,3,9,3,1,1,3
4,3,3,71,0.2,1,1,1,1,1,244.91,1,5,3,1,3,1,15,3,3,3,3
4,3,3,72,0.2,2,1,2,1,0,218.48,1,12,1,1,2,2,4,3,1,3,1
4,3,3,73,0.8,3,2,2,2,1,272.63,1,17,1,3,3,1,2,3,1,2,2
4,3,3,74,1.8,1,2,1,1,1,264.28,1,4,3,3,3,3,12,3,1,2,2
4,3,3,75,0.4,3,3,2,2,1,309.57,0,13,3,3,1,1,17,1,1,3,3
4,3,3,76,0.05,1,3,1,1,1,256.21,1,5,3,3,3,3,5,1,1,3,3
4,3,3,77,1.8,3,2,2,2,1,230.1,1,5,1,3,3,1,12,1,3,2,2
4,3,3,78,0.2,1,3,1,1,1,232.59,1,12,3,3,3,3,18,1,3,3,1
4,3,4,1,1.8,2,2,2,1,0,212.46,1,18,3,3,2,2,18,3,1,2,2
4,3,4,2,1.8,1,2,1,1,1,221.31,1,2,3,3,3,3,16,1,3,2,2
4,3,4,3,0.2,2,3,2,2,1,273.22,1,14,3,1,2,2,2,3,3,1,1
4,3,4,4,1.8,2,3,2,1,0,235.97,1,20,3,1,2,2,13,3,1,1,3
4,3,4,5,0.1,1,1,1,1,1,218.75,1,12,3,3,3,3,7,3,3,3,3
4,3,4,6,0.8,1,1,1,1,1,241.21,1,7,1,3,1,3,10,3,3,3,3
4,3,4,7,0.4,3,1,2,2,1,252.63,1,8,3,1,1,3,4,3,3,3,3
4,3,4,8,0.05,1,3,1,1,1,269.82,1,13,1,3,1,3,20,3,1,1,3
4,3,4,9,0.8,3,3,2,2,1,273.19,1,4,1,3,3,1,13,3,1,1,3
4,3,4,10,1.8,1,3,1,1,1,247.21,1,16,3,3,3,3,13,1,1,3,3
4,3,4,11,0.2,1,3,1,1,1,248.14,1,7,1,1,1,1,5,3,1,1,3
4,3,4,12,0.8,2,3,2,2,1,271.53,1,1,3,3,2,2,15,3,3,1,1
4,3,4,13,0.1,3,2,2,2,1,335.35,0,1,1,1,3,3,10,3,1,2,2
4,3,4,14,0.4,1,3,1,1,1,261.84,1,11,1,1,1,1,2,3,1,1,3
4,3,4,15,0.2,3,2,2,2,1,238.29,1,13,3,3,1,1,6,3,3,2,2
4,3,4,16,0.4,2,2,2,1,0,272.81,1,5,1,3,2,2,2,3,1,2,2
4,3,4,17,0.8,2,3,2,2,1,266.72,1,16,3,1,2,2,8,3,3,1,1
4,3,4,18,0.4,2,3,2,1,0,247.07,1,20,3,1,2,2,11,3,1,1,3
4,3,4,19,0.4,1,1,1,1,1,252.17,1,11,1,1,1,1,14,3,3,3,3
4,3,4,20,0.1,1,2,1,1,1,266.06,1,9,3,1,3,1,17,3,3,2,2
4,3,4,21,0.4,2,1,2,1,0,214.96,1,8,1,3,2,2,3,3,1,3,1
4,3,4,22,1.8,3,3,2,2,1,224.27,1,5,3,1,1,3,19,1,1,3,3
4,3,4,23,0.1,3,2,2,2,1,318.02,0,9,3,1,1,3,1,3,3,2,2
4,3,4,24,0.4,1,3,1,1,1,219.01,1,14,3,1,3,1,14,3,3,1,1
4,3,4,25,0.1,1,3,1,1,1,262.92,1,17,3,1,3,1,8,1,3,3,1
4,3,4,26,0.8,1,1,1,1,1,199.1,1,6,1,1,1,1,3,1,3,1,3
4,3,4,27,1.8,1,1,1,1,1,235.29,1,18,1,3,1,3,3,3,1,3,1
4,3,4,28,0.2,3,1,2,2,1,239.03,1,14,1,1,3,3,7,1,3,1,3
4,3,4,29,0.1,1,1,1,1,1,245.67,1,6,3,3,3,3,5,1,1,1,1
4,3,4,30,0.8,3,3,2,2,1,261.32,1,12,3,1,1,3,3,1,1,3,3
4,3,4,31,0.2,1,1,1,1,1,280.65,1,20,3,1,3,1,10,3,3,3,3
4,3,4,32,0.1,1,1,1,1,1,267.88,1,9,1,1,1,1,14,1,3,1,3
4,3,4,33,1.8,1,3,1,1,1,244.97,1,6,1,3,1,3,9,1,3,3,1
4,3,4,34,0.2,1,2,1,1,1,237.35,1,3,3,3,3,3,14,1,1,2,2
4,3,4,35,0.05,3,1,2,2,1,409.39,0,15,3,1,1,3,14,3,3,3,3
4,3,4,36,0.1,1,3,1,1,1,211.45,1,2,1,3,1,3,13,3,1,1,3
4,3,4,37,0.8,1,1,1,1,1,261.4,1,13,3,3,3,3,2,1,3,1,3
4,3,4,38,0.05,1,2,1,1,1,299.43,1,18,1,3,1,3,14,3,1,2,2
4,3,4,39,0.8,2,1,2,2,1,296.61,1,11,3,3,2,2,16,1,3,1,3
4,3,4,40,0.05,1,1,1,1,1,270.36,1,7,3,1,3,1,18,3,1,3,1
4,3,4,41,0.05,3,1,2,2,1,280.23,1,8,1,1,3,3,9,1,3,1,3
4,3,4,42,0.4,1,2,1,1,1,231.06,1,19,3,3,3,3,17,3,3,2,2
4,3,4,43,0.05,3,2,2,1,0,335.94,0,3,3,1,1,3,6,3,3,2,2
4,3,4,44,1.8,3,1,2,2,1,410.36,0,7,3,3,1,1,7,3,1,3,1
4,3,4,45,0.1,1,1,1,1,1,283.87,1,13,3,3,3,3,15,1,1,1,1
4,3,4,46,0.4,1,2,1,1,1,211.46,1,9,1,3,1,3,4,1,3,2,2
4,3,4,47,1.8,1,3,1,1,1,269.35,1,4,1,1,1,1,17,1,3,3,1
4,3,4,48,0.2,2,1,2,1,0,238.52,1,12,1,3,2,2,12,3,3,3,3
4,3,4,49,0.8,1,2,1,1,1,267.7,1,4,1,3,1,3,10,1,1,2,2
4,3,4,50,0.4,1,2,1,1,1,232.93,1,20,1,3,1,3,17,1,1,2,2
4,3,4,51,0.2,1,1,1,1,1,411.15,0,12,3,1,3,1,7,1,1,1,1
4,3,4,52,0.2,2,3,2,1,0,230.76,1,14,1,1,2,2,8,3,1,1,3
4,3,4,53,0.8,3,1,2,2,1,253.21,1,11,1,1,3,3,4,3,1,3,1
4,3,4,54,0.4,2,1,2,1,0,264.35,1,16,3,1,2,2,6,1,3,1,3
4,3,4,55,0.05,3,2,2,2,1,419.25,0,5,1,1,3,3,8,1,1,2,2
4,3,4,56,0.8,1,2,1,1,1,258.77,1,13,1,3,1,3,10,3,3,2,2
4,3,4,57,0.2,1,3,1,1,1,266.53,1,7,3,1,3,1,18,3,3,1,1
4,3,4,58,0.05,1,2,1,1,1,267.84,1,13,1,1,1,1,1,1,3,2,2
4,3,4,59,0.05,1,3,1,1,1,197.9,1,15,3,3,3,3,13,1,3,3,1
4,3,4,60,0.4,3,1,2,2,1,255.37,1,11,1,1,3,3,2,3,1,3,1
4,3,4,61,0.05,2,3,2,1,0,265.79,1,11,3,3,2,2,11,3,1,1,3
4,3,4,62,0.05,2,2,2,1,0,265.43,1,15,3,3,2,2,8,3,1,2,2
4,3,4,63,0.05,1,1,1,1,1,258,1,8,1,3,1,3,14,3,1,3,1
4,3,4,64,0.1,1,2,1,1,1,214.46,1,1,3,1,3,1,20,1,1,2,2
4,3,4,65,0.2,2,3,2,2,1,245.33,1,15,1,3,2,2,4,3,1,1,3
4,3,4,66,1.8,3,2,2,2,1,245.09,1,1,3,1,1,3,12,1,1,2,2
4,3,4,67,1.8,1,1,1,1,1,268.64,1,10,1,3,1,3,15,3,1,3,1
4,3,4,68,0.1,2,3,2,1,0,275.73,1,7,1,3,2,2,5,1,3,3,1
4,3,4,69,0.1,3,3,2,2,1,276.72,1,8,1,3,3,1,16,1,1,3,3
4,3,4,70,0.4,1,2,1,1,1,224.24,1,11,3,1,3,1,7,1,3,2,2
4,3,4,71,1.8,1,2,1,1,1,263.71,1,3,3,1,3,1,16,3,1,2,2
4,3,4,72,0.1,1,2,1,1,1,264.65,1,9,3,3,3,3,2,1,3,2,2
4,3,4,73,0.2,1,1,1,1,1,246.97,1,17,3,1,3,1,16,3,1,3,1
4,3,4,74,0.8,2,3,2,2,1,238.21,1,9,1,3,2,2,4,3,1,1,3
4,3,4,75,0.05,1,1,1,1,1,276.32,1,1,3,1,3,1,1,1,1,1,1
4,3,4,76,1.8,1,1,1,1,1,241.87,1,7,1,1,1,1,14,3,3,3,3
4,3,4,77,0.8,1,2,1,1,1,256.93,1,16,3,3,3,3,12,1,3,2,2
4,3,4,78,0.2,2,1,2,2,1,327.22,0,18,1,3,2,2,7,1,3,1,3
4,3,5,1,0.8,1,3,1,1,1,252.47,1,20,1,1,1,1,7,1,1,3,3
4,3,5,2,1.8,1,3,1,1,1,239.09,1,3,3,1,3,1,10,3,3,1,1
4,3,5,3,1.8,2,3,2,2,1,251.34,1,2,3,1,2,2,9,3,3,1,1
4,3,5,4,0.2,3,1,2,2,1,257.54,1,13,3,1,1,3,13,3,1,3,1
4,3,5,5,0.8,3,1,2,2,1,245.53,1,6,1,3,3,1,7,3,1,3,1
4,3,5,6,0.1,2,2,2,1,0,227.8,1,12,3,1,2,2,14,3,1,2,2
4,3,5,7,0.8,1,3,1,1,1,244.96,1,19,1,1,1,1,9,3,1,1,3
4,3,5,8,1.8,1,1,1,1,1,357.93,0,19,3,3,3,3,3,1,1,1,1
4,3,5,9,0.4,2,1,2,2,1,286.39,1,8,3,3,2,2,15,1,1,1,1
4,3,5,10,0.4,2,3,2,1,0,230.48,1,17,1,1,2,2,16,3,1,1,3
4,3,5,11,0.8,2,1,2,1,0,247.78,1,12,3,3,2,2,18,3,3,3,3
4,3,5,12,0.8,1,2,1,1,1,235.92,1,6,1,1,1,1,15,3,3,2,2
4,3,5,13,0.2,1,3,1,1,1,281.1,1,16,1,3,1,3,6,1,1,3,3
4,3,5,14,0.4,2,3,2,1,0,270.19,1,6,1,3,2,2,19,1,1,3,3
4,3,5,15,0.8,2,2,2,2,1,238.3,1,11,3,3,2,2,17,3,3,2,2
4,3,5,16,1.8,1,1,1,1,1,242.79,1,10,3,1,3,1,4,3,3,3,3
4,3,5,17,0.05,3,1,2,2,1,385.01,0,3,3,1,1,3,17,3,3,3,3
4,3,5,18,0.2,1,3,1,1,1,256.96,1,16,3,1,3,1,9,1,1,3,3
4,3,5,19,0.4,2,1,2,1,0,293.18,1,20,3,1,2,2,7,1,3,1,3
4,3,5,20,0.1,1,2,1,1,1,551.92,0,5,1,1,1,1,12,1,1,2,2
4,3,5,21,0.05,3,1,2,2,1,364.69,0,14,3,1,1,3,20,1,1,1,1
4,3,5,22,0.1,3,2,2,2,1,281.37,1,8,1,3,3,1,17,3,1,2,2
4,3,5,23,0.2,1,2,1,1,1,223.27,1,19,3,1,3,1,2,1,3,2,2
4,3,5,24,0.4,3,3,2,2,1,232.68,1,10,3,1,1,3,19,1,1,3,3
4,3,5,25,1.8,1,2,1,1,1,415.82,0,9,1,3,1,3,14,3,3,2,2
4,3,5,26,0.4,2,2,2,2,1,222.6,1,19,1,1,2,2,16,1,1,2,2
4,3,5,27,0.05,1,1,1,1,1,295.64,1,7,3,1,3,1,13,1,1,1,1
4,3,5,28,0.05,1,1,1,1,1,261.07,1,6,1,1,1,1,15,1,1,1,1
4,3,5,29,0.1,2,1,2,1,0,292.64,1,14,3,3,2,2,11,3,1,3,1
4,3,5,30,0.05,1,2,1,1,1,276.67,1,18,1,3,1,3,20,1,3,2,2
4,3,5,31,0.05,1,1,1,1,1,282.36,1,20,3,1,3,1,14,1,1,1,1
4,3,5,32,1.8,3,2,2,2,1,288.8,1,20,3,3,1,1,2,1,3,2,2
4,3,5,33,1.8,2,1,2,2,1,285.8,1,5,1,1,2,2,2,3,3,3,3
4,3,5,34,0.2,3,3,2,2,1,296.02,1,20,3,1,1,3,9,3,3,1,1
4,3,5,35,0.1,3,1,2,2,1,269.74,1,11,3,3,1,1,12,3,1,3,1
4,3,5,36,0.8,1,1,1,1,1,247.54,1,11,1,3,1,3,4,1,3,1,3
4,3,5,37,0.05,1,3,1,1,1,281.71,1,3,3,1,3,1,15,1,3,3,1
4,3,5,38,0.4,2,1,2,2,1,270.6,1,10,3,3,2,2,11,3,1,3,1
4,3,5,39,0.05,1,3,1,1,1,329.23,0,20,3,1,3,1,11,1,3,3,1
4,3,5,40,0.8,3,1,2,2,1,254.44,1,18,3,3,1,1,20,1,1,1,1
4,3,5,41,0.2,3,1,2,2,1,218.82,1,3,1,1,3,3,19,3,3,3,3
4,3,5,42,0.2,3,3,2,2,1,243.14,1,6,3,3,1,1,1,1,1,3,3
4,3,5,43,0.1,1,1,1,1,1,228.71,1,4,1,1,1,1,5,1,1,1,1
4,3,5,44,1.8,2,1,2,1,0,269.65,1,6,3,1,2,2,18,1,3,1,3
4,3,5,45,0.4,1,3,1,1,1,221.58,1,15,3,1,3,1,5,1,3,3,1
4,3,5,46,0.4,3,2,2,2,1,252.11,1,19,3,1,1,3,14,1,3,2,2
4,3,5,47,0.05,1,2,1,1,1,262.35,1,2,3,3,3,3,8,1,1,2,2
4,3,5,48,0.05,3,3,2,1,0,285.86,1,5,3,1,1,3,3,1,1,3,3
4,3,5,49,0.8,2,1,2,2,1,241.25,1,2,1,1,2,2,16,1,1,1,1
4,3,5,50,0.1,1,2,1,1,1,249.45,1,5,3,1,3,1,12,3,1,2,2
4,3,5,51,0.8,2,2,2,2,1,239.51,1,13,1,1,2,2,11,3,1,2,2
4,3,5,52,0.1,2,3,2,1,0,241.25,1,9,3,3,2,2,16,1,3,3,1
4,3,5,53,0.2,1,1,1,1,1,262.06,1,15,1,3,1,3,18,3,3,3,3
4,3,5,54,1.8,1,2,1,1,1,232.62,1,10,1,1,1,1,19,1,3,2,2
4,3,5,55,1.8,3,1,2,2,1,237.19,1,10,3,3,1,1,10,3,1,3,1
4,3,5,56,0.8,3,2,2,2,1,238.17,1,17,1,3,3,1,1,1,1,2,2
4,3,5,57,0.4,1,1,1,1,1,282.78,1,5,1,1,1,1,17,1,3,1,3
4,3,5,58,0.4,2,2,2,2,1,275.82,1,16,1,3,2,2,1,3,3,2,2
4,3,5,59,0.1,2,3,2,1,0,261.53,1,5,3,1,2,2,17,1,1,3,3
4,3,5,60,0.2,1,2,1,1,1,260.29,1,7,3,3,3,3,16,3,1,2,2
4,3,5,61,0.1,2,2,2,2,1,326.46,0,14,3,3,2,2,11,3,3,2,2
4,3,5,62,1.8,1,2,1,1,1,267.43,1,8,1,1,1,1,9,1,3,2,2
4,3,5,63,0.4,1,3,1,1,1,186.28,1,11,1,1,1,1,15,1,1,3,3
4,3,5,64,0.8,3,2,2,2,1,232.21,1,4,1,1,3,3,5,3,1,2,2
4,3,5,65,0.05,1,1,1,1,1,278.72,1,20,3,3,3,3,15,1,3,1,3
4,3,5,66,0.2,1,1,1,1,1,248.04,1,7,1,1,1,1,7,1,1,1,1
4,3,5,67,0.2,3,1,2,2,1,254.37,1,11,1,1,3,3,7,3,1,3,1
4,3,5,68,0.2,3,1,2,2,1,209.52,1,14,1,3,3,1,8,3,3,3,3
4,3,5,69,0.05,3,2,2,2,1,333.8,0,8,3,3,1,1,10,1,3,2,2
4,3,5,70,0.1,1,1,1,1,1,288.98,1,17,3,3,3,3,8,1,3,1,3
4,3,5,71,0.4,2,3,2,2,1,243.36,1,14,1,1,2,2,9,1,3,3,1
4,3,5,72,0.05,1,1,1,1,1,277.62,1,11,3,3,3,3,17,3,1,3,1
4,3,5,73,0.1,2,2,2,1,0,266.49,1,15,1,1,2,2,11,1,3,2,2
4,3,5,74,0.8,2,2,2,2,1,245.75,1,17,1,3,2,2,18,3,1,2,2
4,3,5,75,0.1,3,2,2,2,1,332.34,0,15,1,1,3,3,7,3,1,2,2
4,3,5,76,1.8,2,2,2,1,0,266.53,1,12,3,1,2,2,11,3,3,2,2
4,3,5,77,1.8,1,1,1,1,1,250.67,1,18,1,3,1,3,17,3,1,3,1
4,3,5,78,0.2,2,3,2,2,1,315.23,0,19,1,3,2,2,5,1,3,3,1
4,3,6,1,0.05,1,3,1,1,1,269.01,1,9,1,1,1,1,7,3,3,1,1
4,3,6,2,0.8,1,2,NaN,NaN,NaN,NaN,NaN,8,1,1,1,1,5,1,1,2,2
4,3,6,3,0.8,3,3,2,2,1,245.64,1,20,1,3,3,1,18,1,3,3,1
4,3,6,4,0.2,1,2,1,1,1,260.86,1,10,1,3,1,3,13,3,3,2,2
4,3,6,5,0.05,1,2,1,1,1,626.65,0,1,1,3,1,3,15,3,1,2,2
4,3,6,6,0.2,3,1,2,2,1,246.23,1,19,3,3,1,1,19,1,3,1,3
4,3,6,7,1.8,1,3,1,1,1,248.91,1,1,1,3,1,3,17,3,3,1,1
4,3,6,8,0.8,1,1,1,1,1,232.3,1,14,3,3,3,3,18,3,3,3,3
4,3,6,9,0.1,1,1,1,1,1,239.61,1,11,1,1,1,1,13,3,3,3,3
4,3,6,10,0.4,1,2,1,1,1,250.93,1,3,1,1,1,1,18,3,1,2,2
4,3,6,11,0.05,1,2,1,1,1,268.22,1,10,3,1,3,1,14,1,1,2,2
4,3,6,12,0.4,1,3,1,1,1,119.47,1,16,3,1,3,1,4,1,1,3,3
4,3,6,13,0.2,2,2,2,1,0,288.87,1,6,3,1,2,2,1,1,3,2,2
4,3,6,14,0.4,2,3,2,2,1,295.59,1,18,1,3,2,2,9,3,3,1,1
4,3,6,15,1.8,1,2,1,1,1,251.32,1,18,1,3,1,3,17,3,3,2,2
4,3,6,16,0.05,2,1,2,1,0,425.78,0,16,3,1,2,2,10,1,1,1,1
4,3,6,17,0.05,3,1,2,2,1,371.39,0,13,1,3,3,1,14,1,3,1,3
4,3,6,18,0.8,1,2,1,1,1,244.15,1,3,1,1,1,1,2,1,1,2,2
4,3,6,19,0.2,3,3,2,2,1,243.34,1,20,3,3,1,1,4,1,3,3,1
4,3,6,20,0.2,3,3,2,2,1,252.94,1,18,3,3,1,1,9,1,3,3,1
4,3,6,21,0.8,1,2,1,1,1,259.21,1,9,3,3,3,3,10,1,1,2,2
4,3,6,22,1.8,1,3,1,1,1,272.22,1,9,1,1,1,1,11,1,3,3,1
4,3,6,23,0.1,3,1,2,2,1,299.12,1,11,3,1,1,3,13,3,3,3,3
4,3,6,24,0.4,2,1,2,2,1,288.87,1,3,3,3,2,2,9,1,1,1,1
4,3,6,25,0.8,2,1,2,2,1,282.28,1,17,3,1,2,2,15,1,3,1,3
4,3,6,26,1.8,3,3,2,2,1,255.24,1,10,1,1,3,3,3,1,1,3,3
4,3,6,27,1.8,1,3,1,1,1,303.04,0,5,1,1,1,1,7,3,3,1,1
4,3,6,28,0.8,2,3,2,2,1,256.85,1,8,3,1,2,2,8,3,3,1,1
4,3,6,29,0.4,2,2,2,1,0,278.25,1,1,3,1,2,2,1,3,1,2,2
4,3,6,30,0.1,2,1,2,2,1,291.22,1,6,1,1,2,2,9,1,3,1,3
4,3,6,31,0.05,2,3,2,1,0,334.52,0,15,1,3,2,2,3,3,1,1,3
4,3,6,32,0.8,2,1,2,2,1,252.96,1,17,3,3,2,2,19,3,1,3,1
4,3,6,33,0.8,2,1,2,2,1,250.24,1,7,3,1,2,2,8,3,3,3,3
4,3,6,34,0.1,2,3,2,2,1,354.27,0,18,3,3,2,2,8,1,3,3,1
4,3,6,35,0.8,1,3,1,1,1,249.1,1,7,3,3,3,3,12,1,1,3,3
4,3,6,36,0.4,1,1,1,1,1,225.68,1,4,3,1,3,1,13,1,3,1,3
4,3,6,37,0.2,1,2,1,1,1,249.44,1,10,3,1,3,1,11,3,1,2,2
4,3,6,38,0.8,1,3,1,1,1,247.5,1,4,1,3,1,3,13,1,1,3,3
4,3,6,39,0.2,3,1,2,2,1,265.91,1,1,1,3,3,1,7,1,1,1,1
4,3,6,40,0.4,1,1,1,1,1,493.86,0,8,3,3,3,3,14,1,1,1,1
4,3,6,41,0.1,1,1,1,1,1,202.32,1,13,1,3,1,3,13,1,3,1,3
4,3,6,42,0.1,3,3,2,2,1,276.77,1,19,3,3,1,1,1,1,1,3,3
4,3,6,43,0.1,3,2,2,2,1,276.65,1,15,1,3,3,1,18,1,1,2,2
4,3,6,44,1.8,2,2,2,1,0,243.28,1,17,1,1,2,2,4,1,1,2,2
4,3,6,45,1.8,3,1,2,2,1,222.05,1,16,1,1,3,3,3,3,3,3,3
4,3,6,46,0.2,1,3,1,1,1,187.31,1,15,1,3,1,3,1,3,3,1,1
4,3,6,47,0.4,1,1,1,1,1,234.1,1,15,3,1,3,1,18,1,1,1,1
4,3,6,48,0.2,1,1,1,1,1,230.92,1,4,3,3,3,3,17,1,1,1,1
4,3,6,49,0.4,3,1,2,2,1,55.755,2,14,1,3,3,1,20,3,3,3,3
4,3,6,50,0.4,2,1,2,2,1,317.34,0,16,3,1,2,2,14,3,3,3,3
4,3,6,51,0.8,1,3,1,1,1,238.82,1,11,1,1,1,1,2,1,3,3,1
4,3,6,52,0.1,1,2,1,1,1,261.04,1,9,1,1,1,1,17,3,1,2,2
4,3,6,53,0.05,1,1,1,1,1,270.4,1,2,1,3,1,3,17,1,1,1,1
4,3,6,54,1.8,1,1,1,1,1,219.74,1,4,3,1,3,1,12,1,1,1,1
4,3,6,55,0.2,1,3,1,1,1,199.24,1,17,1,1,1,1,9,3,3,1,1
4,3,6,56,0.1,1,1,1,1,1,258.17,1,14,1,3,1,3,6,3,3,3,3
4,3,6,57,0.05,1,1,1,1,1,318.04,0,3,3,1,3,1,19,3,1,3,1
4,3,6,58,0.05,1,2,1,1,1,340.25,0,14,3,3,3,3,17,1,3,2,2
4,3,6,59,0.05,3,1,2,1,0,291.57,1,20,1,3,3,1,15,1,3,1,3
4,3,6,60,0.2,2,1,2,2,1,250.04,1,13,3,1,2,2,20,3,1,3,1
4,3,6,61,0.2,2,2,2,1,0,218.77,1,15,1,1,2,2,17,1,1,2,2
4,3,6,62,1.8,3,1,2,2,1,240.23,1,20,1,1,3,3,6,3,1,3,1
4,3,6,63,0.1,1,1,1,1,1,231.4,1,20,3,3,3,3,19,3,3,3,3
4,3,6,64,0.05,1,1,1,1,1,246.4,1,20,1,3,1,3,6,1,3,1,3
4,3,6,65,1.8,1,2,1,1,1,244.08,1,16,1,3,1,3,15,3,3,2,2
4,3,6,66,0.4,1,1,1,1,1,229.54,1,7,3,3,3,3,15,3,1,3,1
4,3,6,67,0.1,2,1,2,2,1,257.26,1,19,3,1,2,2,2,3,1,3,1
4,3,6,68,0.8,2,1,2,1,0,246.96,1,8,1,3,2,2,17,3,1,3,1
4,3,6,69,0.1,1,3,1,1,1,253.83,1,16,1,3,1,3,1,3,1,1,3
4,3,6,70,0.05,2,3,2,1,0,318.84,0,19,1,1,2,2,14,3,1,1,3
4,3,6,71,1.8,3,1,2,2,1,260.56,1,3,1,3,3,1,14,3,1,3,1
4,3,6,72,1.8,2,1,2,2,1,250.85,1,12,1,3,2,2,19,1,3,1,3
4,3,6,73,0.2,1,1,1,1,1,259.27,1,4,3,3,3,3,10,1,3,1,3
4,3,6,74,1.8,1,2,1,1,1,251.22,1,17,3,1,3,1,6,1,1,2,2
4,3,6,75,0.4,2,2,2,1,0,272.76,1,3,1,1,2,2,2,1,1,2,2
4,3,6,76,0.4,1,2,1,1,1,224.93,1,9,3,3,3,3,14,3,1,2,2
4,3,6,77,0.1,1,3,1,1,1,225.36,1,13,1,3,1,3,3,1,3,3,1
4,3,6,78,0.05,2,3,2,1,0,272.94,1,11,1,3,2,2,15,3,1,1,3
4,3,7,1,0.1,3,1,2,1,0,297.45,1,2,1,3,3,1,12,1,3,1,3
4,3,7,2,1.8,1,2,1,1,1,229.81,1,17,1,3,1,3,9,1,3,2,2
4,3,7,3,0.4,1,3,1,1,1,231.63,1,14,3,3,3,3,5,3,1,1,3
4,3,7,4,0.8,1,1,1,1,1,216.64,1,13,3,3,3,3,7,1,3,1,3
4,3,7,5,0.05,1,1,1,1,1,299.31,1,1,3,1,3,1,18,1,3,1,3
4,3,7,6,0.8,2,1,2,2,1,243.62,1,6,3,1,2,2,5,1,1,1,1
4,3,7,7,0.4,1,1,1,1,1,209.51,1,20,1,3,1,3,4,3,1,3,1
4,3,7,8,0.05,3,3,2,2,1,303.17,0,17,1,1,3,3,15,1,1,3,3
4,3,7,9,0.2,1,1,1,1,1,234.09,1,8,1,1,1,1,10,1,1,1,1
4,3,7,10,0.8,1,3,1,2,0,211.8,1,15,1,3,1,3,7,3,1,1,3
4,3,7,11,0.4,2,2,2,2,1,240.17,1,2,3,3,2,2,20,3,3,2,2
4,3,7,12,1.8,2,2,2,2,1,275.02,1,20,1,1,2,2,7,3,3,2,2
4,3,7,13,0.8,1,3,1,1,1,302.33,0,3,3,3,3,3,3,3,1,1,3
4,3,7,14,0.05,2,2,2,2,1,331.06,0,14,3,1,2,2,6,1,1,2,2
4,3,7,15,0.8,1,3,1,1,1,251.63,1,10,1,3,1,3,2,1,1,3,3
4,3,7,16,0.05,2,2,2,2,1,420.55,0,15,3,1,2,2,16,1,3,2,2
4,3,7,17,0.8,1,1,1,1,1,290.79,1,7,1,1,1,1,19,1,1,1,1
4,3,7,18,0.1,2,1,2,2,1,331.07,0,19,3,1,2,2,14,3,1,3,1
4,3,7,19,0.05,2,3,2,1,0,307.93,0,18,1,1,2,2,4,1,3,3,1
4,3,7,20,0.4,1,3,1,1,1,240.26,1,3,1,1,1,1,2,1,3,3,1
4,3,7,21,0.05,2,1,2,2,1,289.59,1,19,1,1,2,2,2,1,3,1,3
4,3,7,22,0.2,1,3,1,1,1,219.47,1,2,1,3,1,3,8,3,3,1,1
4,3,7,23,0.1,1,2,1,1,1,242.55,1,19,1,3,1,3,20,3,1,2,2
4,3,7,24,0.4,3,3,2,2,1,262.49,1,5,1,1,3,3,6,1,3,3,1
4,3,7,25,0.2,1,2,1,1,1,247.43,1,20,1,3,1,3,11,1,3,2,2
4,3,7,26,0.4,2,2,2,1,0,253.76,1,9,1,3,2,2,14,3,3,2,2
4,3,7,27,0.1,1,2,1,1,1,270.91,1,5,3,1,3,1,15,1,3,2,2
4,3,7,28,0.1,3,1,2,2,1,306.34,0,6,1,1,3,3,6,3,3,3,3
4,3,7,29,0.05,2,3,2,1,0,259.4,1,2,1,3,2,2,17,3,3,1,1
4,3,7,30,0.1,3,3,2,2,1,313.32,0,18,1,1,3,3,7,3,3,1,1
4,3,7,31,0.05,3,1,2,2,1,303.09,0,2,3,3,1,1,1,1,1,1,1
4,3,7,32,1.8,2,3,2,2,1,247.3,1,5,3,1,2,2,19,1,1,3,3
4,3,7,33,0.2,3,1,2,2,1,248.52,1,12,1,3,3,1,12,1,1,1,1
4,3,7,34,0.4,1,3,1,1,1,209.41,1,7,3,1,3,1,6,3,1,1,3
4,3,7,35,1.8,2,3,2,2,1,275.21,1,16,1,3,2,2,20,1,3,3,1
4,3,7,36,0.2,2,1,2,1,0,269.26,1,1,1,1,2,2,13,1,1,1,1
4,3,7,37,0.05,3,1,2,1,0,297.13,1,4,3,3,1,1,9,1,3,1,3
4,3,7,38,0.4,1,3,1,1,1,233.08,1,12,1,3,1,3,19,3,3,1,1
4,3,7,39,0.05,3,2,2,2,1,343.01,0,2,3,1,1,3,3,1,1,2,2
4,3,7,40,0.2,1,3,1,1,1,239.92,1,12,1,1,1,1,19,3,3,1,1
4,3,7,41,1.8,1,1,1,1,1,284.38,1,9,3,1,3,1,5,1,1,1,1
4,3,7,42,0.05,2,2,2,2,1,342.99,0,11,3,1,2,2,16,1,3,2,2
4,3,7,43,0.8,3,1,2,2,1,244.65,1,19,1,3,3,1,15,3,1,3,1
4,3,7,44,1.8,1,3,1,1,1,234.85,1,5,3,1,3,1,10,3,1,1,3
4,3,7,45,0.1,2,2,2,1,0,278.35,1,5,3,3,2,2,3,1,1,2,2
4,3,7,46,1.8,3,3,2,2,1,234.92,1,17,3,3,1,1,1,3,1,1,3
4,3,7,47,0.4,3,3,2,1,0,309.27,0,12,1,1,3,3,9,3,1,1,3
4,3,7,48,1.8,2,2,2,2,1,244.34,1,14,3,3,2,2,1,3,3,2,2
4,3,7,49,0.2,1,1,1,1,1,254.79,1,9,1,3,1,3,9,1,3,1,3
4,3,7,50,0.4,3,2,2,2,1,251.15,1,9,1,3,3,1,6,3,1,2,2
4,3,7,51,0.1,2,2,2,2,1,299.57,1,2,3,3,2,2,20,1,1,2,2
4,3,7,52,0.2,1,2,1,1,1,234.59,1,16,1,3,1,3,19,3,3,2,2
4,3,7,53,0.2,2,3,2,1,0,336.58,0,5,3,1,2,2,9,3,1,1,3
4,3,7,54,0.8,1,3,1,1,1,233.83,1,4,3,1,3,1,19,3,3,1,1
4,3,7,55,0.2,1,2,1,1,1,275.46,1,20,1,3,1,3,5,3,3,2,2
4,3,7,56,0.1,3,2,2,2,1,298.05,1,15,1,3,3,1,4,1,3,2,2
4,3,7,57,1.8,1,1,1,1,1,288.61,1,10,3,3,3,3,17,3,3,3,3
4,3,7,58,0.4,1,2,1,1,1,235.07,1,9,3,1,3,1,16,1,3,2,2
4,3,7,59,0.2,3,1,2,2,1,272.08,1,5,3,3,1,1,9,3,3,3,3
4,3,7,60,0.4,1,3,1,1,1,219.39,1,18,3,3,3,3,12,1,1,3,3
4,3,7,61,1.8,2,3,2,2,1,258.96,1,19,3,1,2,2,10,3,1,1,3
4,3,7,62,0.05,2,1,2,1,0,366.25,0,11,1,1,2,2,5,3,3,3,3
4,3,7,63,0.2,3,1,2,2,1,289.08,1,14,1,3,3,1,10,3,1,3,1
4,3,7,64,0.8,3,3,2,2,1,280.95,1,18,3,3,1,1,18,1,3,3,1
4,3,7,65,1.8,1,3,1,1,1,236.85,1,7,3,3,3,3,19,1,1,3,3
4,3,7,66,0.4,2,3,2,1,0,173.18,1,4,1,1,2,2,18,1,1,3,3
4,3,7,67,1.8,1,3,1,1,1,243.96,1,6,1,1,1,1,13,3,1,1,3
4,3,7,68,0.8,1,2,1,1,1,270.49,1,18,1,1,1,1,7,1,3,2,2
4,3,7,69,0.1,3,2,2,2,1,317.35,0,6,1,1,3,3,19,3,1,2,2
4,3,7,70,0.8,1,2,1,1,1,263.07,1,10,3,3,3,3,1,1,3,2,2
4,3,7,71,0.2,1,2,1,1,1,246.84,1,14,1,1,1,1,2,3,3,2,2
4,3,7,72,1.8,3,3,2,2,1,273.9,1,6,1,1,3,3,17,1,1,3,3
4,3,7,73,0.05,1,3,1,1,1,263.09,1,15,3,1,3,1,7,3,3,1,1
4,3,7,74,0.1,1,1,1,1,1,222.33,1,4,3,1,3,1,11,3,3,3,3
4,3,7,75,0.8,1,1,1,1,1,242.14,1,19,3,1,3,1,11,3,3,3,3
4,3,7,76,0.1,1,2,1,1,1,247.74,1,15,1,3,1,3,17,1,3,2,2
4,3,7,77,0.1,2,3,2,1,0,253.47,1,2,3,1,2,2,14,3,1,1,3
4,3,7,78,0.8,1,2,1,1,1,240.24,1,15,1,3,1,3,2,1,3,2,2
4,3,8,1,0.2,3,2,2,2,1,222.46,1,13,1,1,3,3,11,1,3,2,2
4,3,8,2,0.05,1,3,1,1,1,230.14,1,13,3,3,3,3,9,3,3,1,1
4,3,8,3,0.2,1,2,1,1,1,182.59,1,8,1,1,1,1,15,3,3,2,2
4,3,8,4,0.2,2,1,2,2,1,248.2,1,3,1,1,2,2,19,1,3,1,3
4,3,8,5,0.8,1,3,1,1,1,222.36,1,7,3,1,3,1,15,3,3,1,1
4,3,8,6,1.8,1,1,1,1,1,255.93,1,17,3,1,3,1,13,3,3,3,3
4,3,8,7,0.1,1,2,1,1,1,239.08,1,2,1,1,1,1,3,1,1,2,2
4,3,8,8,0.1,2,1,2,1,0,301.23,0,9,3,1,2,2,5,3,3,3,3
4,3,8,9,0.4,2,1,2,2,1,232.13,1,6,1,1,2,2,11,3,1,3,1
4,3,8,10,0.8,3,1,2,2,1,241.39,1,11,3,1,1,3,15,1,1,1,1
4,3,8,11,1.8,1,3,1,1,1,244.95,1,17,3,1,3,1,20,3,1,1,3
4,3,8,12,0.2,2,3,2,1,0,252.94,1,1,1,3,2,2,1,3,1,1,3
4,3,8,13,0.4,1,2,1,1,1,226.97,1,4,3,1,3,1,15,1,1,2,2
4,3,8,14,1.8,2,3,2,2,1,248.79,1,17,1,3,2,2,14,1,3,3,1
4,3,8,15,0.8,3,3,2,2,1,301.6,0,4,1,1,3,3,12,1,1,3,3
4,3,8,16,0.05,3,3,2,1,0,286.97,1,3,1,3,3,1,18,1,1,3,3
4,3,8,17,0.2,2,2,2,1,0,295.36,1,8,3,1,2,2,3,3,3,2,2
4,3,8,18,0.4,2,3,2,1,0,252.51,1,2,3,1,2,2,11,1,3,3,1
4,3,8,19,0.1,1,1,1,1,1,262.88,1,13,3,1,3,1,6,1,3,1,3
4,3,8,20,0.4,1,3,1,1,1,240.18,1,15,1,3,1,3,9,3,3,1,1
4,3,8,21,0.4,1,1,1,1,1,208.92,1,17,1,1,1,1,11,3,1,3,1
4,3,8,22,0.4,2,2,2,2,1,236.26,1,7,3,3,2,2,9,3,1,2,2
4,3,8,23,0.1,3,2,2,2,1,301,0,13,1,3,3,1,2,3,1,2,2
4,3,8,24,0.4,1,2,1,1,1,215.64,1,5,1,3,1,3,13,1,1,2,2
4,3,8,25,0.05,2,3,2,2,1,333.66,0,13,1,3,2,2,3,3,3,1,1
4,3,8,26,0.8,1,2,1,1,1,222.01,1,12,1,3,1,3,10,1,1,2,2
4,3,8,27,0.4,2,1,2,1,0,288.12,1,13,3,3,2,2,1,1,3,1,3
4,3,8,28,0.4,1,3,1,1,1,233.32,1,15,1,3,1,3,12,1,1,3,3
4,3,8,29,0.1,2,2,2,2,1,297.68,1,9,3,1,2,2,11,3,1,2,2
4,3,8,30,0.05,1,2,1,1,1,301.45,0,18,3,3,3,3,3,3,3,2,2
4,3,8,31,0.2,2,3,2,2,1,284.75,1,16,3,1,2,2,2,1,1,3,3
4,3,8,32,0.8,1,3,1,1,1,188.29,1,16,1,1,1,1,2,1,3,3,1
4,3,8,33,0.2,3,1,2,2,1,212.18,1,9,3,3,1,1,18,3,3,3,3
4,3,8,34,0.1,3,2,2,2,1,295.46,1,11,1,1,3,3,7,3,3,2,2
4,3,8,35,0.1,2,2,2,1,0,299.76,1,5,3,3,2,2,19,1,1,2,2
4,3,8,36,1.8,1,1,1,1,1,241.34,1,13,1,3,1,3,1,3,3,3,3
4,3,8,37,0.8,1,3,1,1,1,246.5,1,18,3,3,3,3,7,3,3,1,1
4,3,8,38,0.05,1,2,1,1,1,285.98,1,10,1,3,1,3,13,3,3,2,2
4,3,8,39,0.05,3,1,2,2,1,313.59,0,17,3,1,1,3,3,1,3,1,3
4,3,8,40,0.05,1,2,1,1,1,282.03,1,7,3,1,3,1,16,3,1,2,2
4,3,8,41,0.2,1,3,1,1,1,236.32,1,3,3,3,3,3,17,3,1,1,3
4,3,8,42,0.1,3,3,2,1,0,305.35,0,20,3,1,1,3,10,1,1,3,3
4,3,8,43,0.8,1,3,1,1,1,231.26,1,8,3,3,3,3,5,1,1,3,3
4,3,8,44,0.8,2,3,2,2,1,226.84,1,12,3,3,2,2,7,1,3,3,1
4,3,8,45,0.8,2,1,2,2,1,235.72,1,11,3,3,2,2,8,1,3,1,3
4,3,8,46,0.2,1,2,1,1,1,243.48,1,10,3,3,3,3,5,3,1,2,2
4,3,8,47,1.8,1,2,NaN,NaN,NaN,NaN,NaN,7,1,1,1,1,19,3,3,2,2
4,3,8,48,0.4,3,1,2,2,1,415.55,0,1,1,1,3,3,19,3,3,3,3
4,3,8,49,0.2,1,1,1,1,1,233.59,1,5,1,1,1,1,15,3,1,3,1
4,3,8,50,1.8,1,2,1,1,1,250.27,1,4,1,1,1,1,1,1,1,2,2
4,3,8,51,0.05,3,1,2,2,1,300.26,0,1,1,3,3,1,20,3,1,3,1
4,3,8,52,0.1,2,3,2,2,1,257.33,1,11,3,3,2,2,16,3,3,1,1
4,3,8,53,0.8,2,1,2,2,1,255.84,1,7,1,1,2,2,12,3,3,3,3
4,3,8,54,1.8,2,2,2,2,1,264.23,1,7,1,3,2,2,4,3,3,2,2
4,3,8,55,1.8,2,3,2,2,1,253.87,1,14,3,3,2,2,20,1,1,3,3
4,3,8,56,0.05,1,3,1,1,1,242.87,1,19,1,1,1,1,4,1,3,3,1
4,3,8,57,0.05,1,3,1,1,1,236.49,1,19,1,3,1,3,14,1,1,3,3
4,3,8,58,0.1,1,2,1,1,1,243.74,1,16,1,1,1,1,5,1,1,2,2
4,3,8,59,0.2,1,1,1,1,1,210.25,1,10,3,3,3,3,18,3,1,3,1
4,3,8,60,1.8,2,3,2,2,1,232.48,1,5,3,1,2,2,12,3,1,1,3
4,3,8,61,1.8,1,1,NaN,NaN,NaN,NaN,NaN,7,3,3,3,3,2,1,3,1,3
4,3,8,62,0.05,1,3,1,1,1,283.12,1,6,1,1,1,1,11,1,3,3,1
4,3,8,63,0.1,2,1,2,1,0,260.11,1,2,1,1,2,2,15,3,1,3,1
4,3,8,64,0.05,2,3,2,1,0,285.77,1,3,3,1,2,2,11,1,3,3,1
4,3,8,65,0.4,1,1,1,1,1,461.92,0,18,3,3,3,3,4,3,3,3,3
4,3,8,66,0.1,1,2,1,1,1,282.48,1,5,3,1,3,1,13,1,1,2,2
4,3,8,67,0.8,3,3,2,2,1,242.58,1,8,3,1,1,3,7,1,3,3,1
4,3,8,68,1.8,1,3,1,1,1,242.36,1,2,1,1,1,1,7,1,1,3,3
4,3,8,69,0.05,1,2,1,1,1,305.49,0,12,1,3,1,3,17,1,1,2,2
4,3,8,70,0.2,2,2,2,2,1,287.06,1,19,3,3,2,2,14,1,3,2,2
4,3,8,71,0.2,3,1,2,2,1,233.08,1,11,1,3,3,1,5,1,3,1,3
4,3,8,72,0.4,1,3,1,1,1,221.23,1,17,1,1,1,1,12,1,1,3,3
4,3,8,73,0.4,2,3,2,1,0,260.48,1,11,1,1,2,2,1,1,3,3,1
4,3,8,74,0.8,3,2,2,2,1,281.55,1,14,1,1,3,3,5,1,1,2,2
4,3,8,75,0.1,1,3,1,1,1,234.03,1,16,3,1,3,1,10,3,1,1,3
4,3,8,76,1.8,3,1,2,2,1,255.06,1,5,1,3,3,1,13,1,1,1,1
4,3,8,77,1.8,2,3,2,2,1,23.409,2,8,1,1,2,2,7,3,3,1,1
4,3,8,78,0.8,2,1,2,2,1,247.91,1,1,3,3,2,2,15,3,3,3,3
4,3,9,1,0.8,1,1,1,1,1,230.94,1,17,1,3,1,3,20,1,1,1,1
4,3,9,2,0.05,2,3,2,1,0,294.54,1,3,1,3,2,2,4,1,1,3,3
4,3,9,3,0.05,2,1,2,1,0,276.1,1,15,1,1,2,2,18,3,3,3,3
4,3,9,4,0.8,3,3,2,2,1,241.35,1,7,3,1,1,3,4,1,1,3,3
4,3,9,5,0.2,2,2,2,1,0,298.17,1,10,3,1,2,2,6,1,1,2,2
4,3,9,6,0.2,2,1,2,2,1,239.45,1,2,1,3,2,2,9,3,1,3,1
4,3,9,7,0.4,2,2,2,2,1,247.4,1,5,1,1,2,2,16,1,1,2,2
4,3,9,8,0.2,1,1,1,1,1,208.13,1,11,3,1,3,1,12,3,1,3,1
4,3,9,9,0.4,2,3,2,1,0,238.68,1,17,1,1,2,2,11,3,3,1,1
4,3,9,10,1.8,2,1,2,2,1,265.86,1,10,3,1,2,2,16,1,3,1,3
4,3,9,11,0.05,2,2,2,2,1,502.39,0,19,3,3,2,2,16,1,3,2,2
4,3,9,12,1.8,1,1,1,1,1,245.08,1,11,3,3,3,3,6,3,3,3,3
4,3,9,13,0.1,1,1,1,1,1,236.61,1,8,3,3,3,3,3,3,3,3,3
4,3,9,14,0.2,3,1,2,1,0,278.82,1,12,3,3,1,1,10,3,3,3,3
4,3,9,15,1.8,3,2,2,2,1,390.99,0,11,3,3,1,1,9,1,3,2,2
4,3,9,16,0.2,1,2,1,1,1,216.42,1,19,3,3,3,3,6,1,3,2,2
4,3,9,17,0.4,3,2,2,2,1,255.51,1,17,3,3,1,1,6,1,3,2,2
4,3,9,18,0.2,1,2,1,1,1,289.64,1,17,1,1,1,1,13,1,1,2,2
4,3,9,19,0.4,1,1,1,1,1,238.83,1,12,3,3,3,3,19,1,1,1,1
4,3,9,20,0.4,2,1,2,1,0,260.96,1,9,3,1,2,2,2,3,3,3,3
4,3,9,21,0.05,1,3,1,1,1,276.78,1,18,1,3,1,3,9,1,3,3,1
4,3,9,22,0.2,1,3,1,1,1,239.04,1,16,3,1,3,1,11,1,1,3,3
4,3,9,23,1.8,1,3,1,1,1,244.61,1,18,3,1,3,1,3,1,1,3,3
4,3,9,24,0.05,3,2,2,2,1,331.95,0,16,3,1,1,3,10,1,1,2,2
4,3,9,25,0.05,1,3,1,1,1,307.25,0,17,1,3,1,3,16,3,1,1,3
4,3,9,26,1.8,1,1,1,1,1,206.54,1,8,1,1,1,1,5,3,1,3,1
4,3,9,27,1.8,1,2,1,1,1,238.27,1,14,3,3,3,3,3,1,3,2,2
4,3,9,28,0.8,1,2,1,1,1,230.11,1,3,1,1,1,1,4,3,3,2,2
4,3,9,29,0.1,1,2,1,1,1,283.18,1,18,3,3,3,3,7,1,1,2,2
4,3,9,30,0.1,1,1,1,1,1,235.1,1,12,1,1,1,1,9,1,1,1,1
4,3,9,31,0.8,2,1,2,2,1,278.6,1,8,1,1,2,2,2,3,1,3,1
4,3,9,32,1.8,2,1,2,1,0,284.27,1,4,1,3,2,2,16,1,1,1,1
4,3,9,33,0.05,1,3,1,1,1,307.89,0,9,1,1,1,1,7,3,3,1,1
4,3,9,34,0.8,3,1,2,2,1,275.93,1,9,3,1,1,3,20,1,1,1,1
4,3,9,35,0.05,1,3,1,1,1,280.17,1,16,3,1,3,1,20,1,1,3,3
4,3,9,36,1.8,1,2,1,1,1,281.7,1,14,1,3,1,3,4,1,3,2,2
4,3,9,37,0.4,3,1,2,2,1,276.38,1,19,1,3,3,1,9,3,1,3,1
4,3,9,38,0.1,1,3,1,1,1,274.24,1,17,3,1,3,1,10,3,1,1,3
4,3,9,39,0.1,3,2,2,2,1,394.26,0,1,1,3,3,1,20,3,1,2,2
4,3,9,40,0.05,2,2,2,2,1,276.34,1,14,1,3,2,2,3,3,3,2,2
4,3,9,41,0.2,3,2,2,2,1,256.59,1,3,1,1,3,3,14,3,1,2,2
4,3,9,42,0.05,2,1,2,1,0,294.06,1,7,3,1,2,2,4,3,3,3,3
4,3,9,43,1.8,3,1,2,2,1,255.31,1,16,1,3,3,1,1,1,1,1,1
4,3,9,44,0.4,3,2,2,2,1,297.88,1,8,1,3,3,1,3,3,3,2,2
4,3,9,45,0.4,1,3,1,1,1,256.26,1,13,1,3,1,3,11,1,1,3,3
4,3,9,46,0.1,1,1,1,1,1,233.84,1,19,3,3,3,3,2,1,1,1,1
4,3,9,47,0.05,3,1,2,2,1,339.38,0,10,3,1,1,3,1,1,1,1,1
4,3,9,48,1.8,3,3,2,2,1,460.93,0,12,1,1,3,3,19,3,3,1,1
4,3,9,49,1.8,1,2,1,1,1,240.89,1,11,3,3,3,3,19,1,3,2,2
4,3,9,50,0.4,1,1,1,1,1,335.99,0,10,3,1,3,1,2,1,3,1,3
4,3,9,51,0.4,3,3,2,2,1,269.9,1,16,1,1,3,3,8,3,1,1,3
4,3,9,52,0.05,1,1,1,1,1,269.7,1,12,3,3,3,3,10,1,3,1,3
4,3,9,53,0.8,2,1,2,2,1,275.3,1,6,3,3,2,2,7,1,3,1,3
4,3,9,54,0.1,1,2,1,1,1,284.53,1,17,3,3,3,3,9,3,3,2,2
4,3,9,55,0.4,2,3,2,2,1,268.97,1,5,1,1,2,2,19,3,3,1,1
4,3,9,56,0.8,1,2,1,1,1,230.64,1,17,3,1,3,1,9,1,3,2,2
4,3,9,57,0.8,1,2,1,1,1,213.31,1,11,3,3,3,3,15,1,1,2,2
4,3,9,58,0.2,1,2,1,1,1,292.47,1,18,1,1,1,1,14,1,1,2,2
4,3,9,59,0.1,1,2,1,1,1,287.52,1,5,3,1,3,1,6,3,1,2,2
4,3,9,60,0.2,1,3,1,1,1,206.76,1,20,1,1,1,1,17,1,3,3,1
4,3,9,61,0.8,1,3,1,1,1,247.44,1,13,3,3,3,3,20,1,3,3,1
4,3,9,62,0.2,1,2,1,1,1,208.36,1,16,1,1,1,1,5,1,1,2,2
4,3,9,63,0.1,1,2,1,1,1,239.96,1,2,1,1,1,1,14,3,1,2,2
4,3,9,64,0.05,2,3,2,2,1,324.95,0,5,1,3,2,2,14,1,3,3,1
4,3,9,65,0.4,1,1,1,1,1,241.18,1,17,3,1,3,1,2,3,1,3,1
4,3,9,66,0.2,1,2,1,1,1,296.52,1,13,3,3,3,3,16,3,3,2,2
4,3,9,67,0.1,1,1,1,1,1,252.53,1,2,1,1,1,1,13,3,1,3,1
4,3,9,68,0.8,1,1,1,1,1,237.4,1,6,1,1,1,1,6,1,3,1,3
4,3,9,69,1.8,1,2,1,1,1,235.53,1,20,1,1,1,1,2,3,1,2,2
4,3,9,70,0.4,2,3,2,2,1,245.76,1,13,3,3,2,2,1,3,1,1,3
4,3,9,71,0.1,2,1,2,1,0,307.51,0,10,1,1,2,2,20,3,1,3,1
4,3,9,72,0.8,3,3,2,2,1,263.84,1,6,1,3,3,1,2,3,3,1,1
4,3,9,73,0.1,1,2,1,1,1,261.24,1,14,3,1,3,1,11,3,3,2,2
4,3,9,74,0.8,1,2,1,1,1,221.62,1,19,3,3,3,3,17,1,3,2,2
4,3,9,75,0.1,2,1,2,1,0,320.99,0,20,1,1,2,2,16,3,1,3,1
4,3,9,76,0.2,3,1,2,2,1,209.2,1,5,3,1,1,3,11,3,1,3,1
4,3,9,77,1.8,2,2,2,1,0,243.34,1,14,1,1,2,2,12,3,3,2,2
4,3,9,78,0.8,1,3,1,1,1,197.82,1,11,3,1,3,1,1,1,1,3,3
4,3,10,1,0.4,1,2,1,1,1,229.21,1,15,1,3,1,3,18,3,3,2,2
4,3,10,2,0.1,3,3,2,2,1,267.79,1,5,1,3,3,1,11,1,1,3,3
4,3,10,3,1.8,2,2,2,2,1,217.93,1,10,1,3,2,2,15,3,3,2,2
4,3,10,4,0.1,3,2,2,2,1,284.41,1,7,1,3,3,1,4,3,3,2,2
4,3,10,5,0.8,1,1,1,1,1,198.45,1,9,3,1,3,1,14,3,1,3,1
4,3,10,6,0.2,3,3,2,2,1,241.56,1,1,3,1,1,3,2,1,1,3,3
4,3,10,7,0.8,1,2,NaN,NaN,NaN,NaN,NaN,18,3,3,3,3,18,3,3,2,2
4,3,10,8,0.05,2,2,2,2,1,395.61,0,16,1,1,2,2,3,1,1,2,2
4,3,10,9,1.8,1,1,1,1,1,228.68,1,20,3,1,3,1,20,3,3,3,3
4,3,10,10,0.1,1,1,1,1,1,265.73,1,20,3,1,3,1,13,3,1,3,1
4,3,10,11,0.8,1,1,1,1,1,227.39,1,2,3,3,3,3,7,1,1,1,1
4,3,10,12,1.8,1,2,1,1,1,232.68,1,5,1,1,1,1,5,1,1,2,2
4,3,10,13,1.8,2,1,2,2,1,240.59,1,4,1,1,2,2,13,3,3,3,3
4,3,10,14,0.05,2,3,2,2,1,323.73,0,16,3,3,2,2,1,3,1,1,3
4,3,10,15,0.2,1,3,1,1,1,261,1,20,1,1,1,1,10,1,1,3,3
4,3,10,16,0.4,2,2,2,2,1,270.02,1,6,3,3,2,2,5,1,3,2,2
4,3,10,17,0.05,3,1,2,2,1,367.91,0,17,1,1,3,3,15,3,3,3,3
4,3,10,18,0.8,1,1,1,1,1,199.8,1,7,3,1,3,1,11,1,3,1,3
4,3,10,19,0.05,2,1,2,1,0,296.95,1,12,3,1,2,2,9,1,3,1,3
4,3,10,20,0.2,1,2,1,1,1,236.24,1,2,3,3,3,3,10,3,1,2,2
4,3,10,21,0.05,2,3,2,1,0,336.21,0,1,1,1,2,2,9,3,3,1,1
4,3,10,22,0.4,1,2,1,1,1,433.27,0,4,3,1,3,1,8,1,3,2,2
4,3,10,23,0.1,2,2,2,2,1,250.47,1,9,3,3,2,2,18,3,1,2,2
4,3,10,24,0.2,3,2,2,2,1,239.09,1,19,1,3,3,1,7,1,1,2,2
4,3,10,25,0.05,1,3,1,1,1,272.78,1,11,1,1,1,1,2,1,1,3,3
4,3,10,26,0.4,1,2,1,1,1,248.2,1,9,1,3,1,3,7,1,1,2,2
4,3,10,27,1.8,1,2,1,1,1,228.59,1,20,3,3,3,3,10,1,1,2,2
4,3,10,28,1.8,3,3,2,2,1,228.03,1,10,3,1,1,3,7,1,1,3,3
4,3,10,29,0.4,1,1,1,1,1,229.24,1,16,3,3,3,3,14,1,3,1,3
4,3,10,30,0.2,1,3,1,1,1,225.82,1,13,1,3,1,3,1,3,3,1,1
4,3,10,31,0.1,1,1,1,1,1,247.28,1,5,1,1,1,1,1,1,3,1,3
4,3,10,32,1.8,2,1,2,2,1,225.32,1,14,1,1,2,2,18,1,1,1,1
4,3,10,33,1.8,3,2,2,2,1,242.75,1,20,3,3,1,1,8,3,1,2,2
4,3,10,34,0.4,1,1,1,1,1,237.54,1,16,3,1,3,1,6,3,1,3,1
4,3,10,35,0.4,2,2,2,1,0,219.12,1,5,3,1,2,2,20,1,1,2,2
4,3,10,36,0.8,1,2,1,1,1,302.62,0,4,3,3,3,3,9,3,3,2,2
4,3,10,37,1.8,3,3,2,2,1,240.11,1,4,3,1,1,3,1,1,1,3,3
4,3,10,38,0.4,1,2,1,1,1,241.26,1,15,1,1,1,1,14,1,1,2,2
4,3,10,39,0.2,3,1,2,1,0,230.09,1,12,3,3,1,1,9,1,1,1,1
4,3,10,40,0.2,3,1,2,2,1,252.97,1,12,3,1,1,3,17,3,3,3,3
4,3,10,41,1.8,3,3,2,2,1,222.66,1,7,1,1,3,3,2,1,3,3,1
4,3,10,42,0.4,1,2,1,1,1,209.29,1,2,3,3,3,3,11,1,3,2,2
4,3,10,43,0.1,1,3,1,1,1,277.43,1,10,1,3,1,3,19,3,3,1,1
4,3,10,44,0.8,1,2,1,1,1,226.64,1,4,3,3,3,3,7,3,1,2,2
4,3,10,45,1.8,1,2,1,1,1,226.11,1,17,3,3,3,3,6,1,3,2,2
4,3,10,46,0.8,2,2,2,2,1,228.87,1,5,3,1,2,2,17,3,3,2,2
4,3,10,47,1.8,2,3,2,2,1,232.83,1,11,1,3,2,2,16,1,1,3,3
4,3,10,48,0.05,1,1,1,1,1,287.49,1,9,1,3,1,3,17,1,1,1,1
4,3,10,49,0.4,1,1,1,1,1,270.69,1,17,3,3,3,3,6,1,3,1,3
4,3,10,50,0.05,2,3,2,1,0,335.01,0,11,1,1,2,2,1,1,1,3,3
4,3,10,51,0.1,1,1,1,1,1,221.49,1,12,3,3,3,3,13,1,1,1,1
4,3,10,52,0.8,1,3,1,1,1,288.5,1,14,3,3,3,3,3,3,3,1,1
4,3,10,53,0.8,2,3,2,2,1,226.17,1,1,3,1,2,2,14,3,1,1,3
4,3,10,54,0.2,1,3,1,1,1,249.81,1,5,1,1,1,1,7,3,3,1,1
4,3,10,55,0.1,1,3,1,1,1,217.08,1,17,3,1,3,1,1,3,3,1,1
4,3,10,56,0.1,1,2,1,1,1,372.87,0,15,3,3,3,3,1,1,3,2,2
4,3,10,57,0.2,2,1,2,2,1,250.85,1,14,1,1,2,2,12,1,3,1,3
4,3,10,58,0.4,1,1,NaN,NaN,NaN,NaN,NaN,17,3,1,3,1,3,1,3,1,3
4,3,10,59,0.05,2,1,2,1,0,252.55,1,17,1,1,2,2,20,3,3,3,3
4,3,10,60,0.2,3,3,2,2,1,307.85,0,12,3,1,1,3,4,3,3,1,1
4,3,10,61,0.1,1,3,1,1,1,234.17,1,10,3,1,3,1,11,1,1,3,3
4,3,10,62,0.8,1,3,1,2,0,254.8,1,11,1,3,1,3,4,1,3,3,1
4,3,10,63,0.05,1,2,1,1,1,236.65,1,2,1,3,1,3,8,3,3,2,2
4,3,10,64,0.05,2,3,2,1,0,282.89,1,12,1,1,2,2,14,1,1,3,3
4,3,10,65,0.4,1,3,1,1,1,217.16,1,5,1,3,1,3,12,3,3,1,1
4,3,10,66,0.2,1,2,1,1,1,206.8,1,5,3,3,3,3,6,3,1,2,2
4,3,10,67,0.05,3,2,2,2,1,327.84,0,1,1,1,3,3,8,3,1,2,2
4,3,10,68,0.1,2,3,2,2,1,270.37,1,14,3,1,2,2,10,1,1,3,3
4,3,10,69,0.1,1,3,1,1,1,271.73,1,7,1,3,1,3,5,3,3,1,1
4,3,10,70,0.8,1,3,1,1,1,232.89,1,6,1,1,1,1,6,1,3,3,1
4,3,10,71,1.8,3,3,2,2,1,246.31,1,8,1,3,3,1,3,3,3,1,1
4,3,10,72,0.8,2,1,2,2,1,258.66,1,1,3,3,2,2,11,1,3,1,3
4,3,10,73,0.8,3,1,2,2,1,232.35,1,2,3,1,1,3,10,3,3,3,3
4,3,10,74,0.2,1,3,1,1,1,227.13,1,15,3,1,3,1,5,1,3,3,1
4,3,10,75,0.05,3,1,2,1,0,269.78,1,20,3,1,1,3,18,3,1,3,1
4,3,10,76,0.1,1,2,1,1,1,282.88,1,13,1,1,1,1,18,3,1,2,2
4,3,10,77,0.2,3,3,2,2,1,227.53,1,9,1,1,3,3,8,3,1,1,3
4,3,10,78,0.4,2,1,2,2,1,259.96,1,14,1,1,2,2,5,1,3,1,3
