3,10,1,1,0.1,2,2,2,1,0,229.27,1,17,1,1,2,2,16,3,3,2,2
3,10,1,2,0.8,1,1,1,1,1,287.45,1,8,3,1,3,1,12,1,3,1,3
3,10,1,3,1.8,3,1,2,2,1,290.26,1,18,3,1,1,3,15,3,1,3,1
3,10,1,4,0.2,2,1,2,2,1,241.54,1,11,3,3,2,2,19,3,3,3,3
3,10,1,5,0.8,3,3,2,2,1,274.91,1,14,3,1,1,3,1,1,3,3,1
3,10,1,6,1.8,1,1,1,1,1,294.63,1,16,1,1,1,1,7,1,1,1,1
3,10,1,7,0.1,2,3,2,2,1,241.36,1,6,1,1,2,2,3,1,3,3,1
3,10,1,8,1.8,3,2,2,2,1,267.19,1,12,3,1,1,3,7,3,1,2,2
3,10,1,9,0.1,3,1,2,2,1,374.25,0,3,1,1,3,3,10,1,3,1,3
3,10,1,10,0.05,2,1,2,2,1,274.45,1,16,1,3,2,2,13,3,3,3,3
3,10,1,11,0.4,1,3,1,1,1,279.58,1,18,1,3,1,3,6,3,1,1,3
3,10,1,12,1.8,1,1,1,1,1,252.72,1,18,1,1,1,1,11,1,3,1,3
3,10,1,13,1.8,3,3,2,2,1,275,1,4,3,1,1,3,18,1,1,3,3
3,10,1,14,0.8,2,1,2,1,0,263.09,1,4,1,3,2,2,9,1,1,1,1
3,10,1,15,0.1,2,2,2,1,0,313.42,0,10,1,1,2,2,17,3,3,2,2
3,10,1,16,1.8,1,1,1,1,1,300.18,0,2,1,3,1,3,17,3,3,3,3
3,10,1,17,1.8,2,3,2,2,1,268.49,1,4,3,3,2,2,14,1,1,3,3
3,10,1,18,0.1,3,3,2,2,1,239.72,1,3,3,3,1,1,17,3,1,1,3
3,10,1,19,0.8,1,2,1,1,1,245.08,1,19,1,1,1,1,8,3,1,2,2
3,10,1,20,0.8,1,3,1,1,1,252.68,1,3,3,3,3,3,2,1,3,3,1
3,10,1,21,0.2,1,2,1,1,1,260.23,1,16,1,3,1,3,13,3,1,2,2
3,10,1,22,0.05,1,2,1,1,1,281.98,1,13,1,3,1,3,11,3,3,2,2
3,10,1,23,0.2,1,3,1,1,1,261.4,1,4,1,1,1,1,17,1,1,3,3
3,10,1,24,0.4,1,3,1,1,1,294.26,1,18,1,1,1,1,14,1,1,3,3
3,10,1,25,0.05,2,3,2,2,1,405.69,0,9,1,3,2,2,8,3,1,1,3
3,10,1,26,0.4,3,2,2,2,1,248.07,1,18,1,3,3,1,19,1,3,2,2
3,10,1,27,0.2,3,1,2,2,1,304.47,0,11,1,1,3,3,3,1,1,1,1
3,10,1,28,0.2,1,2,1,1,1,272.23,1,20,1,1,1,1,15,1,3,2,2
3,10,1,29,0.4,1,1,1,1,1,258.22,1,15,3,3,3,3,4,1,1,1,1
3,10,1,30,0.1,1,1,1,2,0,286.85,1,5,3,1,3,1,6,3,1,3,1
3,10,1,31,0.1,2,2,2,2,1,306.66,0,17,1,3,2,2,3,3,1,2,2
3,10,1,32,0.05,3,1,2,2,1,298.73,1,19,1,3,3,1,14,3,1,3,1
3,10,1,33,0.4,1,3,1,2,0,306.31,0,8,3,3,3,3,19,3,1,1,3
3,10,1,34,0.1,3,1,2,2,1,239.39,1,16,1,3,3,1,12,1,3,1,3
3,10,1,35,0.8,1,1,1,1,1,294.88,1,8,3,1,3,1,5,3,3,3,3
3,10,1,36,1.8,1,2,NaN,NaN,NaN,NaN,NaN,9,3,1,3,1,4,1,3,2,2
3,10,1,37,0.4,1,2,1,1,1,280.65,1,2,3,3,3,3,5,3,3,2,2
3,10,1,38,0.1,3,2,2,2,1,300.64,0,9,3,1,1,3,20,1,1,2,2
3,10,1,39,0.8,3,2,NaN,NaN,NaN,NaN,NaN,9,1,3,3,1,5,3,3,2,2
3,10,1,40,0.2,1,2,1,1,1,340.97,0,4,3,1,3,1,17,1,3,2,2
3,10,1,41,0.2,2,3,2,2,1,344.57,0,16,1,3,2,2,9,3,3,1,1
3,10,1,42,0.2,1,2,1,1,1,334.81,0,6,3,3,3,3,16,3,1,2,2
3,10,1,43,0.8,1,2,1,1,1,232.18,1,12,1,1,1,1,6,1,1,2,2
3,10,1,44,0.2,1,3,1,1,1,261.36,1,7,1,3,1,3,11,1,1,3,3
3,10,1,45,1.8,2,2,2,2,1,223.12,1,14,3,1,2,2,10,1,3,2,2
3,10,1,46,0.05,2,1,2,1,0,248.4,1,17,1,1,2,2,18,1,3,1,3
3,10,1,47,0.2,3,1,2,2,1,1078.3,0,16,1,1,3,3,9,1,1,1,1
3,10,1,48,0.4,3,2,2,2,1,288.51,1,7,1,3,3,1,5,3,3,2,2
3,10,1,49,0.2,2,3,2,2,1,252.67,1,2,3,3,2,2,20,3,1,1,3
3,10,1,50,0.4,3,3,2,2,1,277.62,1,7,3,1,1,3,3,1,3,3,1
3,10,1,51,0.4,3,3,2,2,1,249.62,1,1,3,3,1,1,10,3,3,1,1
3,10,1,52,0.8,2,1,2,2,1,266.19,1,13,1,3,2,2,20,1,3,1,3
3,10,1,53,0.1,3,1,2,2,1,372.64,0,10,1,1,3,3,7,1,3,1,3
3,10,1,54,0.05,1,3,1,2,0,310.32,0,2,1,1,1,1,15,3,1,1,3
3,10,1,55,0.05,1,1,1,1,1,223.81,1,4,1,1,1,1,11,3,1,3,1
3,10,1,56,0.4,2,1,2,2,1,283.96,1,5,1,3,2,2,17,3,3,3,3
3,10,1,57,0.05,1,1,1,1,1,249.56,1,5,1,3,1,3,18,1,1,1,1
3,10,1,58,0.4,2,2,2,2,1,-5.3713,2,6,1,1,2,2,3,1,3,2,2
3,10,1,59,0.1,2,1,2,1,0,303.35,0,5,1,3,2,2,6,3,3,3,3
3,10,1,60,1.8,3,3,2,2,1,237.54,1,1,1,1,3,3,20,3,1,1,3
3,10,1,61,0.8,1,1,1,1,1,234.16,1,20,1,3,1,3,11,3,3,3,3
3,10,1,62,0.4,3,3,2,2,1,249.86,1,10,3,1,1,3,11,3,3,1,1
3,10,1,63,0.8,1,2,1,2,0,248.27,1,3,3,1,3,1,16,1,3,2,2
3,10,1,64,0.05,3,2,2,2,1,341.89,0,12,3,1,1,3,16,3,1,2,2
3,10,1,65,0.1,3,1,2,2,1,290.43,1,8,1,1,3,3,5,1,3,1,3
3,10,1,66,0.8,2,1,2,1,0,258.1,1,7,1,3,2,2,19,3,3,3,3
3,10,1,67,0.4,3,2,2,2,1,316.55,0,17,3,1,1,3,13,3,3,2,2
3,10,1,68,0.05,3,2,2,2,1,258.28,1,2,1,3,3,1,7,1,3,2,2
3,10,1,69,1.8,1,2,1,1,1,238.47,1,7,3,1,3,1,12,1,3,2,2
3,10,1,70,0.05,1,2,1,1,1,330.4,0,8,1,3,1,3,5,1,3,2,2
3,10,1,71,1.8,3,3,2,2,1,275.75,1,17,3,3,1,1,20,1,3,3,1
3,10,1,72,0.05,1,1,1,1,1,287.82,1,13,1,1,1,1,6,1,3,1,3
3,10,1,73,0.2,2,2,2,2,1,387.82,0,4,1,3,2,2,18,1,3,2,2
3,10,1,74,0.8,1,1,1,1,1,324.17,0,5,3,1,3,1,6,3,3,3,3
3,10,1,75,0.05,1,1,1,1,1,405.06,0,16,1,1,1,1,14,3,3,3,3
3,10,1,76,0.2,3,2,2,2,1,287.09,1,9,3,3,1,1,17,3,3,2,2
3,10,1,77,1.8,1,3,1,1,1,230.08,1,9,1,1,1,1,14,3,3,1,1
3,10,1,78,0.1,1,1,1,1,1,290.77,1,17,1,3,1,3,20,3,1,3,1
3,10,2,1,0.05,1,1,1,1,1,287.54,1,20,1,3,1,3,7,1,3,1,3
3,10,2,2,0.8,3,2,2,2,1,267.17,1,19,1,3,3,1,7,3,3,2,2
3,10,2,3,1.8,1,3,1,1,1,231.25,1,19,3,1,3,1,6,3,3,1,1
3,10,2,4,0.05,2,3,2,2,1,337.97,0,3,1,3,2,2,17,3,1,1,3
3,10,2,5,0.8,3,3,2,2,1,317.15,0,19,1,1,3,3,15,1,1,3,3
3,10,2,6,1.8,1,3,1,1,1,227.41,1,3,3,3,3,3,20,3,1,1,3
3,10,2,7,0.05,1,2,1,1,1,326.77,0,3,1,3,1,3,10,3,3,2,2
3,10,2,8,0.4,3,1,2,2,1,290.32,1,12,3,1,1,3,18,1,1,1,1
3,10,2,9,0.4,2,1,2,2,1,110.15,1,1,1,3,2,2,9,1,1,1,1
3,10,2,10,0.8,1,1,1,1,1,271.66,1,15,1,3,1,3,18,3,3,3,3
3,10,2,11,0.1,1,2,1,1,1,315.31,0,18,1,1,1,1,15,3,1,2,2
3,10,2,12,0.8,3,3,2,2,1,242.39,1,15,3,3,1,1,2,3,1,1,3
3,10,2,13,0.1,2,2,2,2,1,290.3,1,14,1,1,2,2,17,1,1,2,2
3,10,2,14,0.8,1,1,1,1,1,288.11,1,17,1,1,1,1,4,1,1,1,1
3,10,2,15,0.4,2,1,2,2,1,352.65,0,18,1,3,2,2,18,3,1,3,1
3,10,2,16,0.1,3,2,2,2,1,332.56,0,4,1,3,3,1,17,3,1,2,2
3,10,2,17,0.8,3,2,2,2,1,218.65,1,4,1,3,3,1,7,1,1,2,2
3,10,2,18,0.2,1,1,1,1,1,268.29,1,15,3,3,3,3,10,1,3,1,3
3,10,2,19,0.05,2,3,2,2,1,278.59,1,6,3,3,2,2,13,3,3,1,1
3,10,2,20,0.05,2,1,2,2,1,303.17,0,4,3,3,2,2,6,3,3,3,3
3,10,2,21,1.8,2,1,NaN,NaN,NaN,NaN,NaN,1,1,1,2,2,15,3,1,3,1
3,10,2,22,0.4,3,2,2,2,1,240.36,1,14,3,1,1,3,18,1,1,2,2
3,10,2,23,0.2,2,2,2,1,0,267.56,1,10,1,3,2,2,15,3,1,2,2
3,10,2,24,0.4,1,1,1,1,1,265.48,1,20,3,3,3,3,3,1,1,1,1
3,10,2,25,0.1,1,3,1,1,1,216.96,1,2,3,1,3,1,15,3,3,1,1
3,10,2,26,0.2,2,3,2,1,0,246.49,1,7,1,3,2,2,5,1,1,3,3
3,10,2,27,0.4,1,1,1,1,1,266.26,1,13,3,1,3,1,1,3,3,3,3
3,10,2,28,1.8,3,2,2,2,1,214.9,1,17,1,1,3,3,8,1,3,2,2
3,10,2,29,1.8,1,3,1,1,1,249.92,1,20,3,1,3,1,2,3,3,1,1
3,10,2,30,0.2,2,3,2,2,1,364.41,0,7,1,3,2,2,2,3,3,1,1
3,10,2,31,0.2,3,2,2,2,1,333.21,0,10,1,3,3,1,16,1,3,2,2
3,10,2,32,1.8,2,3,2,2,1,281.43,1,13,3,1,2,2,6,3,3,1,1
3,10,2,33,1.8,2,2,2,1,0,231.14,1,8,3,1,2,2,6,3,3,2,2
3,10,2,34,0.8,1,3,1,2,0,269.5,1,7,1,1,1,1,17,1,1,3,3
3,10,2,35,0.4,1,2,1,1,1,276.66,1,19,3,1,3,1,18,1,1,2,2
3,10,2,36,0.8,2,3,NaN,NaN,NaN,NaN,NaN,14,1,3,2,2,2,1,3,3,1
3,10,2,37,0.4,3,3,2,2,1,281,1,12,3,3,1,1,12,1,1,3,3
3,10,2,38,0.2,1,3,1,1,1,265.26,1,7,1,3,1,3,2,1,3,3,1
3,10,2,39,0.4,1,1,1,1,1,260.27,1,4,3,3,3,3,17,3,3,3,3
3,10,2,40,1.8,3,3,2,2,1,234.53,1,19,1,1,3,3,12,3,1,1,3
3,10,2,41,0.4,1,1,1,1,1,412.43,0,5,3,1,3,1,2,1,1,1,1
3,10,2,42,0.1,3,1,2,2,1,208.8,1,15,1,3,3,1,8,1,3,1,3
3,10,2,43,0.05,1,3,1,1,1,342.27,0,18,3,3,3,3,5,1,3,3,1
3,10,2,44,0.8,3,3,2,2,1,212.34,1,11,1,1,3,3,18,3,3,1,1
3,10,2,45,0.1,1,1,1,1,1,242.37,1,11,1,3,1,3,20,3,1,3,1
3,10,2,46,0.05,3,2,2,2,1,343.01,0,2,3,1,1,3,14,1,1,2,2
3,10,2,47,0.1,1,1,1,1,1,292.8,1,5,3,1,3,1,2,3,3,3,3
3,10,2,48,0.2,3,1,2,2,1,171.95,1,18,3,1,1,3,19,3,3,3,3
3,10,2,49,0.8,1,3,1,1,1,286.14,1,8,3,3,3,3,18,1,3,3,1
3,10,2,50,0.8,1,1,1,1,1,269.09,1,19,3,3,3,3,6,3,1,3,1
3,10,2,51,0.05,3,1,2,2,1,377.07,0,5,1,1,3,3,13,1,3,1,3
3,10,2,52,0.4,3,3,2,2,1,212.98,1,11,3,1,1,3,16,1,3,3,1
3,10,2,53,0.8,1,2,1,1,1,244.9,1,4,3,3,3,3,17,1,1,2,2
3,10,2,54,1.8,2,1,2,2,1,208.26,1,15,3,1,2,2,17,3,1,3,1
3,10,2,55,0.1,3,1,2,2,1,302.43,0,5,1,1,3,3,8,1,1,1,1
3,10,2,56,0.1,3,2,2,2,1,252.66,1,6,1,3,3,1,9,1,1,2,2
3,10,2,57,0.2,1,2,1,1,1,260.33,1,9,3,1,3,1,6,1,1,2,2
3,10,2,58,0.1,1,2,1,2,0,303.62,0,10,3,3,3,3,6,1,1,2,2
3,10,2,59,0.2,1,3,1,1,1,213.53,1,11,3,3,3,3,6,3,1,1,3
3,10,2,60,0.05,1,3,1,1,1,303.14,0,2,3,1,3,1,17,1,3,3,1
3,10,2,61,0.1,2,2,2,2,1,309.3,0,9,3,3,2,2,14,1,1,2,2
3,10,2,62,0.4,2,2,2,2,1,282.92,1,19,3,1,2,2,17,3,3,2,2
3,10,2,63,0.2,2,2,2,2,1,346.61,0,4,1,3,2,2,1,3,1,2,2
3,10,2,64,0.1,1,2,1,2,0,273.02,1,4,1,1,1,1,1,1,3,2,2
3,10,2,65,1.8,1,2,1,1,1,191.35,1,5,1,3,1,3,20,1,1,2,2
3,10,2,66,0.1,1,2,1,1,1,270.91,1,13,3,3,3,3,5,3,3,2,2
3,10,2,67,0.05,3,3,2,2,1,293.93,1,18,3,3,1,1,9,1,3,3,1
3,10,2,68,0.05,1,3,1,1,1,294.3,1,11,3,1,3,1,18,3,3,1,1
3,10,2,69,0.05,2,1,2,2,1,290,1,7,1,3,2,2,9,3,3,3,3
3,10,2,70,1.8,2,2,2,2,1,233.41,1,18,1,1,2,2,10,3,1,2,2
3,10,2,71,0.2,1,1,1,1,1,271.71,1,15,1,1,1,1,3,1,3,1,3
3,10,2,72,0.8,2,1,2,1,0,281.79,1,3,3,1,2,2,7,1,1,1,1
3,10,2,73,0.05,1,1,1,1,1,250.07,1,1,1,3,1,3,5,1,1,1,1
3,10,2,74,0.2,2,2,2,1,0,282.8,1,15,3,3,2,2,15,1,3,2,2
3,10,2,75,0.4,1,3,1,1,1,307.73,0,2,1,3,1,3,8,3,1,1,3
3,10,2,76,1.8,3,1,2,2,1,230.16,1,15,3,1,1,3,14,3,1,3,1
3,10,2,77,0.2,3,2,2,2,1,238.72,1,2,3,3,1,1,3,1,3,2,2
3,10,2,78,1.8,2,1,2,1,0,225,1,5,3,3,2,2,6,3,3,3,3
3,10,3,1,0.8,1,1,1,1,1,287.32,1,7,1,3,1,3,7,1,3,1,3
3,10,3,2,0.1,1,2,1,2,0,351.59,0,20,3,3,3,3,8,3,1,2,2
3,10,3,3,0.2,3,2,2,2,1,248.45,1,9,3,1,1,3,12,1,1,2,2
3,10,3,4,0.1,3,1,2,2,1,229.63,1,17,3,1,1,3,5,3,3,3,3
3,10,3,5,0.2,1,3,1,1,1,154.38,1,1,3,1,3,1,20,1,3,3,1
3,10,3,6,0.8,1,2,1,1,1,275.46,1,4,3,3,3,3,15,1,1,2,2
3,10,3,7,0.2,2,2,2,2,1,296.03,1,14,3,1,2,2,12,1,1,2,2
3,10,3,8,0.05,2,1,2,2,1,331.54,0,5,3,1,2,2,15,1,1,1,1
3,10,3,9,0.2,2,2,2,2,1,244,1,12,3,1,2,2,15,1,3,2,2
3,10,3,10,0.4,2,1,2,2,1,218.76,1,6,3,1,2,2,10,1,3,1,3
3,10,3,11,1.8,1,3,1,1,1,257.74,1,3,1,3,1,3,6,3,1,1,3
3,10,3,12,1.8,1,2,1,1,1,281.16,1,16,1,1,1,1,2,1,1,2,2
3,10,3,13,0.4,1,3,1,2,0,299.34,1,5,1,3,1,3,3,3,3,1,1
3,10,3,14,0.05,1,1,1,1,1,309.61,0,3,1,1,1,1,12,3,1,3,1
3,10,3,15,0.4,2,1,NaN,NaN,NaN,NaN,NaN,16,3,1,2,2,14,1,1,1,1
3,10,3,16,0.4,1,3,1,1,1,252.73,1,12,1,3,1,3,1,1,3,3,1
3,10,3,17,0.8,1,2,1,1,1,284.28,1,15,3,1,3,1,1,1,3,2,2
3,10,3,18,0.1,1,2,1,1,1,318.56,0,14,3,1,3,1,12,1,3,2,2
3,10,3,19,0.1,1,2,1,1,1,344.5,0,5,1,1,1,1,3,3,1,2,2
3,10,3,20,0.1,2,1,2,2,1,256.67,1,11,1,3,2,2,18,1,1,1,1
3,10,3,21,0.05,3,3,2,2,1,287.55,1,9,1,3,3,1,6,3,3,1,1
3,10,3,22,1.8,1,2,1,1,1,239.88,1,1,3,1,3,1,13,1,3,2,2
3,10,3,23,0.05,2,3,2,2,1,249.7,1,4,3,1,2,2,18,1,3,3,1
3,10,3,24,0.4,2,2,2,2,1,217.25,1,20,1,3,2,2,2,3,1,2,2
3,10,3,25,1.8,1,2,1,1,1,247.08,1,12,1,3,1,3,3,1,1,2,2
3,10,3,26,0.8,1,2,1,1,1,240.79,1,15,1,1,1,1,14,1,1,2,2
3,10,3,27,0.4,1,3,1,1,1,249.97,1,7,3,1,3,1,20,3,1,1,3
3,10,3,28,0.05,1,2,1,1,1,309.07,0,16,3,1,3,1,9,1,3,2,2
3,10,3,29,0.2,3,2,2,2,1,223.28,1,16,3,3,1,1,11,1,3,2,2
3,10,3,30,0.8,2,3,2,1,0,261.05,1,12,3,3,2,2,5,1,1,3,3
3,10,3,31,0.4,1,3,NaN,NaN,NaN,NaN,NaN,15,3,1,3,1,20,1,3,3,1
3,10,3,32,0.2,1,1,1,1,1,273.6,1,3,1,3,1,3,18,1,3,1,3
3,10,3,33,0.4,3,2,2,2,1,278.74,1,10,3,1,1,3,12,1,1,2,2
3,10,3,34,1.8,2,1,2,2,1,278.7,1,10,1,3,2,2,5,3,3,3,3
3,10,3,35,0.4,2,3,2,2,1,229.37,1,4,1,1,2,2,12,1,3,3,1
3,10,3,36,0.2,3,1,2,2,1,294.96,1,6,3,1,1,3,9,3,1,3,1
3,10,3,37,0.8,1,3,1,1,1,268.19,1,10,1,3,1,3,7,1,1,3,3
3,10,3,38,0.8,1,2,1,1,1,255.7,1,11,1,1,1,1,15,3,3,2,2
3,10,3,39,0.05,1,1,1,1,1,321.98,0,13,1,1,1,1,17,1,3,1,3
3,10,3,40,0.1,3,2,2,2,1,326.02,0,3,3,1,1,3,19,3,3,2,2
3,10,3,41,1.8,1,1,1,1,1,222.71,1,16,3,1,3,1,5,1,1,1,1
3,10,3,42,1.8,1,2,1,2,0,207.63,1,5,3,1,3,1,1,1,3,2,2
3,10,3,43,0.05,1,2,1,1,1,261.16,1,13,3,3,3,3,16,1,1,2,2
3,10,3,44,0.4,1,3,1,1,1,241.73,1,7,1,3,1,3,4,1,3,3,1
3,10,3,45,1.8,1,1,1,1,1,229.45,1,12,1,3,1,3,10,3,3,3,3
3,10,3,46,0.2,1,2,1,1,1,257.93,1,18,1,3,1,3,7,3,1,2,2
3,10,3,47,0.1,2,1,2,2,1,308.24,0,10,1,3,2,2,19,1,3,1,3
3,10,3,48,0.8,1,2,1,1,1,254.17,1,20,1,1,1,1,8,3,1,2,2
3,10,3,49,0.2,2,3,2,2,1,233.92,1,18,1,1,2,2,13,3,1,1,3
3,10,3,50,0.05,3,3,2,2,1,306.64,0,17,1,3,3,1,18,3,1,1,3
3,10,3,51,0.1,1,1,1,1,1,281.4,1,11,3,3,3,3,12,3,1,3,1
3,10,3,52,1.8,1,2,NaN,NaN,NaN,NaN,NaN,5,3,3,3,3,7,3,1,2,2
3,10,3,53,0.4,1,2,1,1,1,260.51,1,11,3,1,3,1,2,1,1,2,2
3,10,3,54,0.2,1,3,1,2,0,282.89,1,13,1,1,1,1,13,1,1,3,3
3,10,3,55,0.8,2,1,2,1,0,242.98,1,16,1,1,2,2,1,1,1,1,1
3,10,3,56,0.2,3,2,2,2,1,193.69,1,4,3,3,1,1,17,1,3,2,2
3,10,3,57,0.4,1,1,1,1,1,260.14,1,18,1,1,1,1,6,3,3,3,3
3,10,3,58,1.8,1,3,1,1,1,210.38,1,7,3,3,3,3,19,1,3,3,1
3,10,3,59,0.1,2,2,2,2,1,259.66,1,3,3,3,2,2,13,1,1,2,2
3,10,3,60,0.1,1,3,1,1,1,336.37,0,7,1,1,1,1,8,3,1,1,3
3,10,3,61,0.8,3,2,2,2,1,246.7,1,16,1,1,3,3,7,1,3,2,2
3,10,3,62,0.8,1,2,1,1,1,263.32,1,7,3,1,3,1,13,1,3,2,2
3,10,3,63,1.8,1,2,1,1,1,232.49,1,15,1,3,1,3,4,1,1,2,2
3,10,3,64,0.1,1,3,1,1,1,260.51,1,19,1,1,1,1,14,3,1,1,3
3,10,3,65,0.05,3,2,2,2,1,307.85,0,9,1,1,3,3,5,3,1,2,2
3,10,3,66,0.2,1,3,1,1,1,228.73,1,20,1,3,1,3,15,3,3,1,1
3,10,3,67,0.2,1,1,1,1,1,242.02,1,7,1,3,1,3,1,1,3,1,3
3,10,3,68,0.1,3,3,2,2,1,239.38,1,9,1,1,3,3,8,1,1,3,3
3,10,3,69,0.05,2,2,2,2,1,268.03,1,2,3,3,2,2,9,3,1,2,2
3,10,3,70,0.1,2,1,2,2,1,281.68,1,13,1,1,2,2,9,1,3,1,3
3,10,3,71,1.8,1,3,1,1,1,308.36,0,3,1,1,1,1,18,3,1,1,3
3,10,3,72,0.8,1,2,1,1,1,274.91,1,15,1,3,1,3,17,1,3,2,2
3,10,3,73,1.8,2,2,2,2,1,189.92,1,8,3,1,2,2,1,1,1,2,2
3,10,3,74,0.05,3,2,2,2,1,338.44,0,7,3,3,1,1,4,3,1,2,2
3,10,3,75,0.05,1,2,1,1,1,271.28,1,10,1,3,1,3,5,1,1,2,2
3,10,3,76,0.4,2,3,2,2,1,39.689,2,18,1,3,2,2,16,3,3,1,1
3,10,3,77,0.8,1,1,1,1,1,220.93,1,1,3,3,3,3,4,1,3,1,3
3,10,3,78,0.05,1,2,1,1,1,274.3,1,4,1,1,1,1,10,1,3,2,2
3,10,4,1,1.8,1,3,NaN,NaN,NaN,NaN,NaN,7,3,1,3,1,13,1,1,3,3
3,10,4,2,0.1,1,3,1,2,0,280.98,1,16,1,3,1,3,19,1,3,3,1
3,10,4,3,1.8,1,3,1,2,0,217.72,1,8,1,3,1,3,11,3,1,1,3
3,10,4,4,0.1,3,2,2,2,1,279.92,1,15,1,3,3,1,6,1,3,2,2
3,10,4,5,0.8,2,2,2,2,1,262.62,1,16,1,3,2,2,19,1,1,2,2
3,10,4,6,0.05,1,2,1,1,1,365.76,0,4,1,1,1,1,15,3,3,2,2
3,10,4,7,0.4,3,1,2,2,1,232.02,1,13,3,3,1,1,7,3,3,3,3
3,10,4,8,0.05,1,1,1,1,1,302.11,0,10,3,3,3,3,2,1,3,1,3
3,10,4,9,1.8,3,3,2,2,1,235.84,1,9,3,1,1,3,3,1,3,3,1
3,10,4,10,0.1,3,2,2,2,1,300.58,0,6,1,1,3,3,10,3,1,2,2
3,10,4,11,0.2,2,1,2,1,0,280.3,1,11,3,3,2,2,18,1,3,1,3
3,10,4,12,1.8,1,2,1,1,1,228.96,1,10,3,3,3,3,16,3,1,2,2
3,10,4,13,0.05,2,2,2,2,1,243.28,1,13,1,1,2,2,17,1,3,2,2
3,10,4,14,0.4,2,3,2,2,1,300.1,0,11,1,1,2,2,18,1,3,3,1
3,10,4,15,0.1,1,2,1,1,1,269.9,1,13,3,1,3,1,15,1,3,2,2
3,10,4,16,0.4,2,2,2,2,1,219.03,1,2,1,1,2,2,3,3,3,2,2
3,10,4,17,0.2,1,3,1,2,0,305.81,0,20,1,1,1,1,7,1,1,3,3
3,10,4,18,1.8,2,2,2,2,1,243.08,1,4,1,1,2,2,3,3,1,2,2
3,10,4,19,0.2,3,2,2,2,1,325.96,0,1,3,1,1,3,15,1,3,2,2
3,10,4,20,0.2,1,1,1,2,0,318.34,0,18,3,1,3,1,3,3,1,3,1
3,10,4,21,0.8,2,2,NaN,NaN,NaN,NaN,NaN,4,1,1,2,2,12,3,1,2,2
3,10,4,22,0.8,1,3,1,1,1,248.81,1,7,1,1,1,1,8,3,1,1,3
3,10,4,23,0.2,2,3,2,2,1,769.35,0,9,3,3,2,2,4,1,3,3,1
3,10,4,24,0.4,2,2,2,2,1,257.23,1,17,1,3,2,2,10,1,3,2,2
3,10,4,25,0.8,3,2,2,2,1,-8.0223,2,11,3,3,1,1,1,3,3,2,2
3,10,4,26,0.1,1,3,1,1,1,219.66,1,8,3,3,3,3,16,3,1,1,3
3,10,4,27,0.8,3,1,2,2,1,247.82,1,8,1,3,3,1,16,3,1,3,1
3,10,4,28,0.2,3,3,2,2,1,265.02,1,17,3,1,1,3,5,3,3,1,1
3,10,4,29,0.05,1,3,1,2,0,366.91,0,8,1,3,1,3,19,1,3,3,1
3,10,4,30,0.2,1,2,1,1,1,269.77,1,6,1,3,1,3,8,3,3,2,2
3,10,4,31,0.8,1,3,1,1,1,302.9,0,17,1,1,1,1,20,1,1,3,3
3,10,4,32,1.8,1,1,NaN,NaN,NaN,NaN,NaN,10,3,3,3,3,11,3,1,3,1
3,10,4,33,0.8,1,1,NaN,NaN,NaN,NaN,NaN,8,1,1,1,1,8,3,3,3,3
3,10,4,34,0.4,1,3,1,1,1,279.87,1,7,3,1,3,1,15,3,3,1,1
3,10,4,35,0.05,1,2,1,2,0,339.86,0,6,3,1,3,1,8,1,3,2,2
3,10,4,36,0.1,2,1,2,1,0,290.86,1,1,3,1,2,2,4,1,3,1,3
3,10,4,37,0.2,1,2,1,1,1,177.86,1,3,3,1,3,1,10,1,1,2,2
3,10,4,38,1.8,2,2,2,2,1,214.05,1,11,3,1,2,2,14,3,3,2,2
3,10,4,39,1.8,1,3,1,1,1,323.05,0,13,3,3,3,3,12,3,3,1,1
3,10,4,40,0.4,3,3,2,2,1,183.36,1,7,1,1,3,3,4,1,3,3,1
3,10,4,41,0.2,1,3,1,2,0,225.69,1,3,1,3,1,3,11,1,3,3,1
3,10,4,42,0.8,1,3,1,1,1,279.68,1,5,3,1,3,1,2,1,3,3,1
3,10,4,43,1.8,2,1,NaN,NaN,NaN,NaN,NaN,17,3,1,2,2,9,3,1,3,1
3,10,4,44,0.1,1,3,1,1,1,320.48,0,9,3,1,3,1,1,3,3,1,1
3,10,4,45,0.4,3,2,2,2,1,263.78,1,5,3,3,1,1,17,1,3,2,2
3,10,4,46,1.8,2,2,2,2,1,246.7,1,12,3,3,2,2,5,3,1,2,2
3,10,4,47,0.05,3,2,2,2,1,322.85,0,7,1,1,3,3,18,3,3,2,2
3,10,4,48,1.8,3,1,2,2,1,223.84,1,10,1,1,3,3,2,3,1,3,1
3,10,4,49,0.8,1,3,1,1,1,283.66,1,15,3,1,3,1,4,1,1,3,3
3,10,4,50,0.8,2,2,2,2,1,236.59,1,5,3,1,2,2,17,3,1,2,2
3,10,4,51,0.05,3,1,2,2,1,269.8,1,5,3,3,1,1,11,1,1,1,1
3,10,4,52,0.4,1,1,1,1,1,226.49,1,16,3,1,3,1,12,1,1,1,1
3,10,4,53,0.2,1,1,1,1,1,687.65,0,5,1,1,1,1,1,3,1,3,1
3,10,4,54,0.4,1,1,1,1,1,219.58,1,1,3,1,3,1,4,3,1,3,1
3,10,4,55,0.4,2,1,2,1,0,454.73,0,12,1,1,2,2,1,1,3,1,3
3,10,4,56,0.2,1,2,1,1,1,264.65,1,14,3,3,3,3,8,3,3,2,2
3,10,4,57,0.05,1,3,1,2,0,303.77,0,1,3,1,3,1,7,1,3,3,1
3,10,4,58,0.2,1,1,1,2,0,256.69,1,14,3,3,3,3,1,1,3,1,3
3,10,4,59,0.4,3,3,2,2,1,257.15,1,18,3,1,1,3,5,1,3,3,1
3,10,4,60,0.05,3,1,2,2,1,333.35,0,18,1,1,3,3,17,1,1,1,1
3,10,4,61,0.05,1,3,1,1,1,296.99,1,15,3,1,3,1,3,3,1,1,3
3,10,4,62,0.05,3,2,2,2,1,305.37,0,4,1,3,3,1,10,3,1,2,2
3,10,4,63,0.1,1,2,1,1,1,298.46,1,10,3,3,3,3,15,3,3,2,2
3,10,4,64,1.8,1,1,1,1,1,269.42,1,13,1,1,1,1,15,3,1,3,1
3,10,4,65,0.1,1,2,1,1,1,303.07,0,14,1,1,1,1,15,1,1,2,2
3,10,4,66,0.8,3,3,NaN,NaN,NaN,NaN,NaN,8,1,1,3,3,1,1,3,3,1
3,10,4,67,0.2,2,3,2,2,1,259.37,1,20,3,1,2,2,20,1,1,3,3
3,10,4,68,0.1,1,3,1,1,1,318.71,0,4,1,1,1,1,16,3,1,1,3
3,10,4,69,0.4,3,1,2,2,1,273.2,1,7,1,1,3,3,19,3,3,3,3
3,10,4,70,0.1,1,3,1,2,0,231.2,1,1,3,3,3,3,5,3,3,1,1
3,10,4,71,0.8,3,1,NaN,NaN,NaN,NaN,NaN,18,3,1,1,3,12,3,1,3,1
3,10,4,72,0.05,1,1,1,1,1,578.1,0,6,3,1,3,1,15,1,3,1,3
3,10,4,73,0.1,2,1,2,2,1,269.91,1,7,3,3,2,2,2,1,1,1,1
3,10,4,74,0.8,3,2,2,2,1,360.59,0,9,1,1,3,3,1,1,3,2,2
3,10,4,75,1.8,3,2,2,2,1,241.88,1,12,1,3,3,1,19,1,1,2,2
3,10,4,76,0.1,3,1,2,1,0,334.77,0,4,1,3,3,1,6,3,3,3,3
3,10,4,77,0.4,1,3,1,1,1,293.81,1,8,1,3,1,3,3,3,3,1,1
3,10,4,78,0.05,1,1,1,1,1,230.24,1,11,3,3,3,3,17,3,1,3,1
3,10,5,1,0.8,3,3,2,1,0,305.06,0,7,1,1,3,3,4,1,3,3,1
3,10,5,2,1.8,1,2,1,1,1,233.81,1,15,3,1,3,1,6,3,1,2,2
3,10,5,3,0.4,1,2,1,1,1,248.36,1,15,3,1,3,1,14,1,1,2,2
3,10,5,4,0.4,1,2,1,1,1,340.52,0,16,1,3,1,3,19,3,3,2,2
3,10,5,5,0.05,1,1,1,1,1,317.99,0,1,3,3,3,3,16,3,3,3,3
3,10,5,6,0.2,3,2,2,2,1,117.86,1,2,1,1,3,3,5,1,3,2,2
3,10,5,7,1.8,2,1,2,2,1,244.92,1,6,3,1,2,2,15,3,1,3,1
3,10,5,8,0.1,3,1,2,2,1,244.84,1,17,3,3,1,1,16,1,1,1,1
3,10,5,9,0.4,3,1,2,2,1,220.74,1,10,1,3,3,1,13,3,3,3,3
3,10,5,10,0.8,1,2,NaN,NaN,NaN,NaN,NaN,4,3,1,3,1,15,3,1,2,2
3,10,5,11,1.8,1,3,1,1,1,390.55,0,13,3,1,3,1,4,3,1,1,3
3,10,5,12,0.05,1,1,1,1,1,282.81,1,8,1,1,1,1,2,3,3,3,3
3,10,5,13,0.05,1,3,1,1,1,363.94,0,9,3,3,3,3,20,3,1,1,3
3,10,5,14,0.4,2,2,2,2,1,108.53,1,16,3,1,2,2,10,1,1,2,2
3,10,5,15,0.2,3,3,2,1,0,288.46,1,7,3,3,1,1,6,3,1,1,3
3,10,5,16,0.1,2,2,2,2,1,311.12,0,5,1,1,2,2,15,1,3,2,2
3,10,5,17,1.8,2,3,2,1,0,276.03,1,20,3,1,2,2,6,3,1,1,3
3,10,5,18,0.2,3,2,2,2,1,291.11,1,14,1,1,3,3,16,1,1,2,2
3,10,5,19,0.1,1,2,1,2,0,322.32,0,19,1,1,1,1,12,3,1,2,2
3,10,5,20,0.4,3,1,NaN,NaN,NaN,NaN,NaN,13,3,1,1,3,11,3,1,3,1
3,10,5,21,0.2,1,1,1,1,1,297.97,1,14,1,3,1,3,4,3,3,3,3
3,10,5,22,0.05,1,2,1,1,1,251.42,1,10,3,1,3,1,5,1,3,2,2
3,10,5,23,1.8,2,2,2,2,1,218.94,1,18,1,1,2,2,8,1,1,2,2
3,10,5,24,0.05,2,1,2,2,1,238.92,1,9,3,1,2,2,9,3,3,3,3
3,10,5,25,0.4,1,2,1,1,1,250.36,1,15,3,3,3,3,11,1,1,2,2
3,10,5,26,0.1,1,1,1,1,1,286.31,1,13,3,3,3,3,14,1,1,1,1
3,10,5,27,0.1,2,2,2,2,1,275.14,1,13,1,1,2,2,20,1,1,2,2
3,10,5,28,1.8,3,2,2,2,1,263.64,1,12,3,3,1,1,10,3,3,2,2
3,10,5,29,0.1,3,3,2,2,1,318.44,0,2,1,3,3,1,15,1,3,3,1
3,10,5,30,0.2,2,1,2,2,1,225.59,1,12,3,1,2,2,10,3,3,3,3
3,10,5,31,0.05,1,2,1,1,1,354.62,0,11,1,1,1,1,14,3,3,2,2
3,10,5,32,0.8,2,3,NaN,NaN,NaN,NaN,NaN,9,3,3,2,2,17,3,3,1,1
3,10,5,33,0.1,3,2,2,2,1,280.95,1,5,1,1,3,3,20,1,1,2,2
3,10,5,34,0.8,3,1,2,2,1,364.76,0,14,3,1,1,3,10,1,1,1,1
3,10,5,35,1.8,2,2,2,2,1,226.78,1,10,1,3,2,2,13,3,3,2,2
3,10,5,36,0.1,3,1,2,2,1,320.06,0,16,1,1,3,3,15,1,1,1,1
3,10,5,37,1.8,1,2,NaN,NaN,NaN,NaN,NaN,15,1,3,1,3,15,3,1,2,2
3,10,5,38,1.8,1,3,NaN,NaN,NaN,NaN,NaN,17,3,3,3,3,11,1,1,3,3
3,10,5,39,0.8,1,2,1,1,1,301.78,0,6,3,1,3,1,14,1,1,2,2
3,10,5,40,0.8,2,3,2,2,1,370.8,0,11,3,1,2,2,16,3,1,1,3
3,10,5,41,0.8,3,3,2,2,1,267.21,1,2,3,3,1,1,14,1,3,3,1
3,10,5,42,0.1,1,2,1,2,0,442.87,0,18,3,1,3,1,15,3,3,2,2
3,10,5,43,0.2,2,2,2,2,1,300.22,0,4,3,3,2,2,13,1,3,2,2
3,10,5,44,0.8,3,1,2,2,1,248.47,1,9,3,3,1,1,12,3,1,3,1
3,10,5,45,1.8,1,2,1,1,1,289.5,1,2,3,3,3,3,7,1,3,2,2
3,10,5,46,0.8,1,2,1,1,1,276.95,1,14,1,1,1,1,10,1,3,2,2
3,10,5,47,0.05,1,1,1,1,1,330.86,0,12,3,1,3,1,18,1,1,1,1
3,10,5,48,0.2,1,1,1,2,0,349.28,0,18,3,3,3,3,15,1,3,1,3
3,10,5,49,0.1,1,3,1,1,1,239.58,1,2,1,1,1,1,9,3,3,1,1
3,10,5,50,0.4,1,1,1,1,1,281.4,1,18,3,1,3,1,2,3,1,3,1
3,10,5,51,0.2,1,3,1,1,1,221.03,1,3,3,1,3,1,19,3,3,1,1
3,10,5,52,0.05,1,3,1,1,1,302.41,0,17,1,1,1,1,13,1,1,3,3
3,10,5,53,0.4,1,3,1,1,1,280.78,1,12,1,3,1,3,19,3,3,1,1
3,10,5,54,0.1,3,2,2,2,1,302.76,0,11,1,1,3,3,2,1,1,2,2
3,10,5,55,0.1,3,3,2,2,1,299.74,1,5,1,1,3,3,16,3,3,1,1
3,10,5,56,1.8,1,1,1,1,1,271.66,1,4,3,1,3,1,1,1,1,1,1
3,10,5,57,0.8,2,1,2,2,1,306.72,0,2,1,3,2,2,4,1,1,1,1
3,10,5,58,0.4,1,3,1,1,1,330.26,0,7,1,1,1,1,12,1,1,3,3
3,10,5,59,0.2,1,2,1,1,1,273.06,1,8,3,3,3,3,6,1,1,2,2
3,10,5,60,0.1,2,1,2,2,1,320.04,0,20,1,1,2,2,17,3,1,3,1
3,10,5,61,0.2,2,2,2,2,1,271.02,1,9,3,3,2,2,1,1,1,2,2
3,10,5,62,0.2,3,3,2,2,1,302.91,0,8,1,1,3,3,9,3,3,1,1
3,10,5,63,0.8,1,3,1,1,1,268.36,1,11,3,1,3,1,20,3,1,1,3
3,10,5,64,0.05,1,3,1,1,1,312.83,0,16,3,3,3,3,12,1,3,3,1
3,10,5,65,0.4,1,3,1,1,1,304.33,0,4,1,1,1,1,5,1,1,3,3
3,10,5,66,0.05,2,3,2,1,0,317.39,0,20,3,1,2,2,14,3,3,1,1
3,10,5,67,0.2,3,3,2,2,1,242.23,1,10,1,3,3,1,14,3,1,1,3
3,10,5,68,0.4,2,2,2,2,1,345.26,0,9,1,3,2,2,3,1,3,2,2
3,10,5,69,0.4,3,2,2,2,1,312.13,0,9,1,3,3,1,12,1,1,2,2
3,10,5,70,0.05,1,3,1,1,1,291.27,1,18,1,1,1,1,9,1,3,3,1
3,10,5,71,1.8,1,2,NaN,NaN,NaN,NaN,NaN,19,1,1,1,1,9,3,3,2,2
3,10,5,72,0.8,1,3,1,2,0,215.69,1,5,3,1,3,1,19,3,1,1,3
3,10,5,73,1.8,3,2,2,2,1,235.93,1,16,3,1,1,3,7,3,3,2,2
3,10,5,74,0.05,1,3,1,2,0,329.52,0,2,1,3,1,3,7,3,1,1,3
3,10,5,75,0.05,1,2,1,1,1,314.06,0,3,3,1,3,1,15,1,3,2,2
3,10,5,76,0.8,2,2,2,2,1,231.6,1,15,3,1,2,2,9,3,3,2,2
3,10,5,77,0.2,1,2,1,1,1,288.62,1,1,3,1,3,1,6,1,1,2,2
3,10,5,78,0.4,1,1,1,1,1,308.23,0,2,1,1,1,1,14,1,1,1,1
3,10,6,1,0.1,2,1,2,2,1,238.7,1,5,3,3,2,2,17,1,1,1,1
3,10,6,2,0.4,1,1,1,1,1,224.7,1,3,3,3,3,3,20,1,3,1,3
3,10,6,3,0.8,1,1,1,1,1,241.24,1,20,3,1,3,1,16,3,1,3,1
3,10,6,4,0.2,3,2,2,1,0,199.84,1,20,1,1,3,3,17,3,1,2,2
3,10,6,5,0.4,3,1,2,2,1,225.05,1,17,3,1,1,3,18,1,3,1,3
3,10,6,6,0.8,3,1,2,2,1,184.1,1,9,3,3,1,1,14,3,1,3,1
3,10,6,7,0.05,1,1,1,1,1,279.96,1,14,1,1,1,1,18,1,1,1,1
3,10,6,8,1.8,1,2,1,1,1,199.72,1,2,1,3,1,3,10,3,1,2,2
3,10,6,9,0.1,2,3,2,2,1,235.43,1,9,1,1,2,2,17,3,1,1,3
3,10,6,10,0.4,1,2,1,1,1,205.89,1,19,1,1,1,1,17,3,1,2,2
3,10,6,11,1.8,1,3,1,1,1,207.68,1,2,1,3,1,3,19,3,1,1,3
3,10,6,12,1.8,2,3,2,2,1,211.25,1,7,3,3,2,2,10,3,1,1,3
3,10,6,13,0.4,3,3,2,2,1,244.34,1,5,1,1,3,3,13,3,1,1,3
3,10,6,14,0.05,2,3,2,2,1,506.97,0,2,3,3,2,2,2,3,3,1,1
3,10,6,15,0.8,2,3,2,2,1,200.24,1,9,1,3,2,2,19,3,1,1,3
3,10,6,16,1.8,2,2,2,1,0,212.21,1,17,3,1,2,2,13,1,1,2,2
3,10,6,17,0.1,2,3,2,2,1,295.99,1,18,3,3,2,2,6,1,3,3,1
3,10,6,18,0.8,1,2,1,1,1,213.44,1,2,1,3,1,3,4,3,1,2,2
3,10,6,19,0.4,1,1,1,1,1,258.95,1,2,3,3,3,3,3,1,1,1,1
3,10,6,20,0.2,3,2,2,2,1,246.21,1,6,3,1,1,3,16,3,3,2,2
3,10,6,21,1.8,1,3,1,1,1,218.22,1,4,3,3,3,3,9,3,3,1,1
3,10,6,22,0.05,2,3,2,2,1,264.84,1,15,3,1,2,2,13,1,1,3,3
3,10,6,23,0.2,2,1,2,2,1,230,1,8,3,3,2,2,9,1,1,1,1
3,10,6,24,0.4,1,3,1,1,1,197.84,1,2,3,1,3,1,10,3,1,1,3
3,10,6,25,0.05,3,2,2,2,1,242.59,1,1,1,1,3,3,17,3,3,2,2
3,10,6,26,0.4,1,1,1,1,1,246.67,1,18,1,3,1,3,17,1,1,1,1
3,10,6,27,0.1,2,1,2,1,0,236.98,1,10,3,1,2,2,2,3,1,3,1
3,10,6,28,0.2,3,2,2,2,1,89.593,2,7,1,3,3,1,2,1,3,2,2
3,10,6,29,0.4,3,2,2,2,1,170.97,1,13,3,3,1,1,19,3,1,2,2
3,10,6,30,0.05,1,1,1,1,1,257.39,1,7,3,3,3,3,7,3,1,3,1
3,10,6,31,0.05,2,1,2,2,1,290.9,1,3,1,1,2,2,7,1,3,1,3
3,10,6,32,0.4,3,2,2,2,1,301.24,0,5,1,1,3,3,10,1,1,2,2
3,10,6,33,0.05,3,2,2,2,1,301.1,0,13,3,1,1,3,4,3,3,2,2
3,10,6,34,0.8,1,3,1,1,1,212.02,1,9,3,1,3,1,4,3,1,1,3
3,10,6,35,1.8,1,2,1,1,1,234.06,1,6,3,3,3,3,7,1,3,2,2
3,10,6,36,0.2,2,3,2,2,1,209.87,1,18,1,3,2,2,6,1,3,3,1
3,10,6,37,0.1,3,2,2,2,1,249.33,1,10,1,3,3,1,4,3,3,2,2
3,10,6,38,0.8,2,3,2,1,0,213.24,1,4,1,3,2,2,1,3,1,1,3
3,10,6,39,0.2,1,3,1,1,1,247.93,1,15,3,1,3,1,12,1,3,3,1
3,10,6,40,0.2,1,1,1,1,1,273.65,1,12,3,1,3,1,4,1,3,1,3
3,10,6,41,0.1,3,1,2,2,1,258.86,1,7,3,3,1,1,7,1,1,1,1
3,10,6,42,0.8,1,2,1,1,1,232.7,1,12,3,1,3,1,1,3,3,2,2
3,10,6,43,1.8,1,3,1,1,1,193.06,1,7,3,3,3,3,7,3,3,1,1
3,10,6,44,0.2,1,1,1,1,1,203.09,1,9,1,3,1,3,20,3,3,3,3
3,10,6,45,1.8,1,1,1,1,1,185.01,1,4,3,3,3,3,4,3,3,3,3
3,10,6,46,0.05,1,1,1,1,1,249.9,1,1,1,1,1,1,20,3,1,3,1
3,10,6,47,0.2,3,2,2,2,1,277.28,1,8,3,1,1,3,9,3,1,2,2
3,10,6,48,0.4,3,1,2,2,1,232.14,1,9,1,1,3,3,19,1,1,1,1
3,10,6,49,0.1,2,2,2,1,0,182.48,1,11,3,1,2,2,19,3,3,2,2
3,10,6,50,0.2,1,1,1,1,1,215.98,1,19,1,1,1,1,4,1,1,1,1
3,10,6,51,0.2,2,1,2,2,1,269.66,1,18,1,1,2,2,16,3,3,3,3
3,10,6,52,0.8,1,2,1,1,1,243.97,1,4,3,3,3,3,1,3,1,2,2
3,10,6,53,0.1,3,1,2,2,1,226.35,1,2,3,3,1,1,19,3,1,3,1
3,10,6,54,0.05,1,3,1,1,1,271.6,1,20,3,3,3,3,2,3,3,1,1
3,10,6,55,1.8,1,3,1,2,0,209.52,1,3,3,1,3,1,12,3,3,1,1
3,10,6,56,0.4,3,3,2,2,1,249.18,1,14,1,1,3,3,5,3,1,1,3
3,10,6,57,0.2,1,1,1,2,0,308.19,0,3,3,1,3,1,3,1,3,1,3
3,10,6,58,0.1,1,3,1,2,0,281.72,1,1,3,1,3,1,4,1,3,3,1
3,10,6,59,1.8,2,3,2,2,1,191.97,1,8,3,1,2,2,17,3,3,1,1
3,10,6,60,1.8,3,3,2,2,1,199.49,1,7,1,1,3,3,18,1,3,3,1
3,10,6,61,0.8,1,2,1,2,0,229.32,1,18,1,3,1,3,4,1,1,2,2
3,10,6,62,1.8,2,1,2,2,1,210.54,1,13,1,3,2,2,2,3,1,3,1
3,10,6,63,0.2,1,2,1,2,0,269.68,1,4,3,3,3,3,18,3,1,2,2
3,10,6,64,0.8,1,1,1,1,1,183.48,1,14,1,3,1,3,18,3,3,3,3
3,10,6,65,0.05,3,1,2,2,1,276.67,1,17,3,1,1,3,4,3,3,3,3
3,10,6,66,0.1,3,1,2,2,1,223.3,1,14,1,1,3,3,1,1,3,1,3
3,10,6,67,0.8,1,1,NaN,NaN,NaN,NaN,NaN,8,1,1,1,1,15,3,3,3,3
3,10,6,68,0.4,1,2,1,1,1,255.52,1,8,3,1,3,1,1,3,1,2,2
3,10,6,69,0.05,2,3,2,2,1,247.07,1,17,3,1,2,2,4,1,3,3,1
3,10,6,70,0.8,1,3,1,1,1,221.02,1,13,3,3,3,3,20,1,1,3,3
3,10,6,71,0.05,3,2,2,1,0,288.26,1,12,3,3,1,1,11,1,1,2,2
3,10,6,72,0.8,2,1,2,2,1,246.37,1,6,1,1,2,2,16,1,1,1,1
3,10,6,73,0.1,1,1,1,1,1,236.52,1,2,1,1,1,1,9,3,1,3,1
3,10,6,74,0.4,1,2,1,1,1,209.09,1,14,1,1,1,1,14,1,3,2,2
3,10,6,75,0.05,1,1,1,1,1,295.1,1,10,3,3,3,3,7,3,3,3,3
3,10,6,76,0.1,1,2,1,1,1,279.68,1,19,3,1,3,1,8,1,1,2,2
3,10,6,77,1.8,2,1,2,1,0,191.21,1,7,1,3,2,2,13,1,1,1,1
3,10,6,78,0.1,2,2,2,2,1,315.14,0,4,3,1,2,2,17,3,3,2,2
3,10,7,1,0.2,1,2,1,1,1,252.08,1,19,1,1,1,1,3,3,3,2,2
3,10,7,2,0.4,1,3,1,1,1,252.91,1,15,3,1,3,1,14,1,3,3,1
3,10,7,3,0.4,1,2,1,1,1,253.01,1,16,1,3,1,3,12,1,1,2,2
3,10,7,4,0.4,1,3,1,1,1,269.06,1,5,1,3,1,3,19,3,3,1,1
3,10,7,5,0.8,2,1,NaN,NaN,NaN,NaN,NaN,2,3,3,2,2,12,3,1,3,1
3,10,7,6,0.1,2,2,2,1,0,240.25,1,20,3,1,2,2,5,1,3,2,2
3,10,7,7,1.8,3,1,2,2,1,201.2,1,17,1,1,3,3,18,1,3,1,3
3,10,7,8,0.1,2,3,2,2,1,291.84,1,8,1,3,2,2,15,3,3,1,1
3,10,7,9,0.2,1,3,1,1,1,201.37,1,10,1,3,1,3,14,3,1,1,3
3,10,7,10,0.2,1,2,1,1,1,241.37,1,15,1,3,1,3,13,3,1,2,2
3,10,7,11,0.2,1,2,1,1,1,207.46,1,14,3,3,3,3,9,1,3,2,2
3,10,7,12,0.1,3,2,2,2,1,233.44,1,13,1,1,3,3,20,1,1,2,2
3,10,7,13,0.8,3,3,2,2,1,240.02,1,10,3,1,1,3,7,1,1,3,3
3,10,7,14,0.2,2,2,2,2,1,222.47,1,14,1,1,2,2,11,3,1,2,2
3,10,7,15,0.05,1,2,1,1,1,250.52,1,20,1,1,1,1,6,1,1,2,2
3,10,7,16,0.4,1,3,1,1,1,256.03,1,13,3,3,3,3,13,1,3,3,1
3,10,7,17,0.1,1,2,1,1,1,218.89,1,14,3,3,3,3,20,1,3,2,2
3,10,7,18,0.05,3,3,2,2,1,294.69,1,10,3,1,1,3,18,3,3,1,1
3,10,7,19,0.1,3,1,2,2,1,198.2,1,19,1,3,3,1,17,1,3,1,3
3,10,7,20,0.05,1,3,1,1,1,262.23,1,6,1,3,1,3,14,1,1,3,3
3,10,7,21,0.8,1,1,1,1,1,226.74,1,19,1,3,1,3,16,3,1,3,1
3,10,7,22,0.1,1,3,1,1,1,233.62,1,15,3,1,3,1,2,1,3,3,1
3,10,7,23,0.4,1,3,1,1,1,251.98,1,16,1,3,1,3,5,1,1,3,3
3,10,7,24,0.8,3,3,2,2,1,237.18,1,17,3,1,1,3,1,3,3,1,1
3,10,7,25,0.4,3,3,2,2,1,524.96,0,2,1,3,3,1,13,1,3,3,1
3,10,7,26,0.05,1,2,1,1,1,294.56,1,13,1,3,1,3,14,3,1,2,2
3,10,7,27,0.8,1,3,1,1,1,202.59,1,10,1,3,1,3,3,3,1,1,3
3,10,7,28,0.1,3,3,2,1,0,278.22,1,12,3,3,1,1,1,3,3,1,1
3,10,7,29,1.8,1,3,1,1,1,205.76,1,14,1,1,1,1,20,1,3,3,1
3,10,7,30,0.4,3,2,2,2,1,211.74,1,4,1,3,3,1,13,3,1,2,2
3,10,7,31,1.8,3,1,2,2,1,212.75,1,9,3,3,1,1,9,3,3,3,3
3,10,7,32,0.8,1,2,NaN,NaN,NaN,NaN,NaN,18,3,1,3,1,15,1,1,2,2
3,10,7,33,1.8,2,3,NaN,NaN,NaN,NaN,NaN,11,3,3,2,2,7,3,3,1,1
3,10,7,34,0.2,1,3,1,1,1,246.81,1,10,1,1,1,1,14,3,1,1,3
3,10,7,35,1.8,2,1,2,2,1,198.83,1,19,3,3,2,2,14,1,3,1,3
3,10,7,36,1.8,1,2,1,1,1,220.2,1,12,3,3,3,3,6,3,3,2,2
3,10,7,37,1.8,2,3,2,2,1,193.94,1,15,3,3,2,2,14,1,3,3,1
3,10,7,38,0.1,2,3,2,2,1,216.03,1,16,1,3,2,2,13,1,3,3,1
3,10,7,39,0.2,1,1,1,2,0,282.24,1,1,3,3,3,3,2,3,3,3,3
3,10,7,40,0.1,3,3,2,2,1,264.08,1,7,1,3,3,1,15,1,1,3,3
3,10,7,41,0.05,1,2,1,1,1,291.16,1,6,3,3,3,3,8,3,3,2,2
3,10,7,42,0.1,1,1,1,1,1,236.66,1,7,1,1,1,1,10,1,3,1,3
3,10,7,43,0.4,1,1,NaN,NaN,NaN,NaN,NaN,4,3,1,3,1,7,3,1,3,1
3,10,7,44,0.8,3,3,2,2,1,242.52,1,20,1,1,3,3,7,1,1,3,3
3,10,7,45,0.1,1,2,1,1,1,220.78,1,15,3,1,3,1,9,3,1,2,2
3,10,7,46,1.8,1,1,1,1,1,192.87,1,18,3,1,3,1,17,3,3,3,3
3,10,7,47,0.2,1,1,1,1,1,210.04,1,12,1,3,1,3,5,1,3,1,3
3,10,7,48,1.8,1,2,1,1,1,198.73,1,20,1,1,1,1,6,3,1,2,2
3,10,7,49,0.8,3,3,NaN,NaN,NaN,NaN,NaN,3,3,3,1,1,3,3,3,1,1
3,10,7,50,0.05,1,3,1,1,1,252.16,1,14,1,1,1,1,13,3,1,1,3
3,10,7,51,0.2,3,3,2,2,1,211.39,1,7,1,1,3,3,5,1,3,3,1
3,10,7,52,0.2,1,2,1,1,1,211.2,1,16,3,1,3,1,10,3,1,2,2
3,10,7,53,0.1,2,1,2,1,0,265.03,1,7,3,3,2,2,4,1,3,1,3
3,10,7,54,0.2,1,2,1,1,1,214.96,1,1,3,3,3,3,10,1,3,2,2
3,10,7,55,0.4,2,2,2,2,1,269.66,1,2,1,1,2,2,3,1,1,2,2
3,10,7,56,0.05,1,2,1,1,1,283.58,1,4,3,3,3,3,12,1,3,2,2
3,10,7,57,0.05,1,2,1,1,1,279.05,1,2,1,1,1,1,8,1,1,2,2
3,10,7,58,1.8,1,3,1,1,1,202.42,1,17,3,1,3,1,4,3,1,1,3
3,10,7,59,0.05,1,3,1,1,1,286.63,1,2,3,1,3,1,8,1,3,3,1
3,10,7,60,1.8,2,1,2,1,0,222.45,1,20,3,1,2,2,5,1,1,1,1
3,10,7,61,0.8,1,1,1,1,1,255.21,1,14,3,1,3,1,3,3,1,3,1
3,10,7,62,0.2,1,3,1,1,1,226.46,1,4,1,3,1,3,15,3,1,1,3
3,10,7,63,0.05,3,3,2,2,1,289.5,1,10,3,3,1,1,17,3,1,1,3
3,10,7,64,1.8,1,2,1,1,1,207.2,1,15,3,1,3,1,4,3,3,2,2
3,10,7,65,0.4,1,1,1,1,1,223.07,1,12,1,1,1,1,13,1,3,1,3
3,10,7,66,0.8,1,2,1,1,1,219.8,1,17,3,3,3,3,7,3,1,2,2
3,10,7,67,0.4,3,1,2,2,1,329.86,0,8,1,1,3,3,3,1,3,1,3
3,10,7,68,0.05,3,2,2,2,1,360.31,0,17,1,3,3,1,1,3,1,2,2
3,10,7,69,0.8,2,1,2,2,1,221.98,1,2,3,3,2,2,12,1,3,1,3
3,10,7,70,0.2,1,2,1,1,1,233.67,1,17,3,1,3,1,14,3,1,2,2
3,10,7,71,0.05,3,2,2,2,1,279.06,1,17,3,1,1,3,13,3,1,2,2
3,10,7,72,0.1,2,2,2,2,1,289.67,1,15,1,3,2,2,16,3,3,2,2
3,10,7,73,0.8,1,1,1,1,1,220.54,1,19,1,1,1,1,7,3,3,3,3
3,10,7,74,1.8,1,1,1,1,1,246.31,1,13,3,3,3,3,8,3,3,3,3
3,10,7,75,0.4,2,2,2,2,1,262.71,1,19,1,1,2,2,2,1,3,2,2
3,10,7,76,0.05,1,1,1,1,1,251.43,1,3,1,1,1,1,4,1,3,1,3
3,10,7,77,0.8,2,2,2,1,0,244.12,1,12,1,3,2,2,8,1,3,2,2
3,10,7,78,0.4,1,1,1,1,1,318.21,0,7,3,1,3,1,7,3,3,3,3
3,10,8,1,0.1,2,2,2,1,0,286.82,1,17,1,1,2,2,16,3,3,2,2
3,10,8,2,0.8,1,1,1,1,1,321.61,0,8,3,1,3,1,12,1,3,1,3
3,10,8,3,1.8,3,1,2,2,1,300.01,0,18,3,1,1,3,15,3,1,3,1
3,10,8,4,0.2,2,1,2,2,1,289.3,1,11,3,3,2,2,19,3,3,3,3
3,10,8,5,0.8,3,3,2,2,1,207.33,1,14,3,1,1,3,1,1,3,3,1
3,10,8,6,1.8,1,1,1,1,1,191.06,1,16,1,1,1,1,7,1,1,1,1
3,10,8,7,0.1,2,3,2,2,1,229.65,1,6,1,1,2,2,3,1,3,3,1
3,10,8,8,1.8,3,2,NaN,NaN,NaN,NaN,NaN,12,3,1,1,3,7,3,1,2,2
3,10,8,9,0.1,2,2,2,1,0,290.27,1,12,1,1,2,2,10,3,3,2,2
3,10,8,10,0.05,1,2,1,1,1,333.21,0,6,1,1,1,1,1,1,1,2,2
3,10,8,11,0.4,1,1,1,1,1,291.41,1,11,1,3,1,3,3,3,1,3,1
3,10,8,12,1.8,1,2,1,1,1,222.95,1,20,1,1,1,1,17,1,1,2,2
3,10,8,13,1.8,1,2,1,1,1,345.25,0,7,1,1,1,1,16,3,1,2,2
3,10,8,14,0.8,3,1,2,2,1,246.97,1,17,1,3,3,1,9,1,3,1,3
3,10,8,15,0.1,1,1,1,1,1,202.93,1,16,3,3,3,3,9,1,3,1,3
3,10,8,16,1.8,1,3,1,1,1,267.43,1,15,3,3,3,3,17,3,1,1,3
3,10,8,17,1.8,3,2,2,2,1,310.8,0,7,1,3,3,1,5,1,3,2,2
3,10,8,18,0.1,3,2,2,1,0,227.46,1,10,1,1,3,3,16,1,1,2,2
3,10,8,19,0.8,3,3,2,2,1,257.37,1,4,1,1,3,3,19,3,1,1,3
3,10,8,20,0.8,1,1,NaN,NaN,NaN,NaN,NaN,6,3,1,3,1,15,1,1,1,1
3,10,8,21,0.2,3,1,2,2,1,274.85,1,3,1,3,3,1,14,3,3,3,3
3,10,8,22,0.05,1,1,1,1,1,312.34,0,19,3,1,3,1,7,1,1,1,1
3,10,8,23,0.2,2,2,2,1,0,315.87,0,7,3,3,2,2,3,3,3,2,2
3,10,8,24,0.4,1,2,1,1,1,268.07,1,20,1,3,1,3,19,1,3,2,2
3,10,8,25,0.05,3,1,2,2,1,350.88,0,1,1,3,3,1,10,3,3,3,3
3,10,8,26,0.4,2,1,NaN,NaN,NaN,NaN,NaN,18,3,1,2,2,17,1,3,1,3
3,10,8,27,0.2,3,2,2,2,1,369.56,0,17,3,3,1,1,18,3,3,2,2
3,10,8,28,0.2,1,1,1,1,1,284.57,1,17,1,1,1,1,4,1,1,1,1
3,10,8,29,0.4,1,2,1,1,1,357.6,0,2,3,1,3,1,12,3,1,2,2
3,10,8,30,0.1,2,2,2,2,1,296.67,1,2,1,3,2,2,18,1,3,2,2
3,10,8,31,0.1,1,2,1,1,1,368.72,0,19,3,1,3,1,19,1,1,2,2
3,10,8,32,0.05,1,2,1,1,1,336.4,0,7,3,1,3,1,2,3,1,2,2
3,10,8,33,0.4,2,1,2,2,1,338.72,0,7,1,3,2,2,12,1,3,1,3
3,10,8,34,0.1,1,3,1,2,0,528.82,0,10,1,1,1,1,19,1,1,3,3
3,10,8,35,0.8,2,1,2,1,0,252.77,1,4,3,3,2,2,17,3,3,3,3
3,10,8,36,1.8,1,2,1,1,1,289.55,1,4,3,1,3,1,8,3,1,2,2
3,10,8,37,0.4,2,3,2,2,1,239.91,1,7,1,3,2,2,4,1,3,3,1
3,10,8,38,0.1,1,2,1,1,1,333.08,0,6,1,3,1,3,16,3,3,2,2
3,10,8,39,0.8,1,2,1,1,1,307.64,0,4,3,3,3,3,18,3,3,2,2
3,10,8,40,0.2,2,2,2,2,1,162.82,1,1,3,1,2,2,16,1,1,2,2
3,10,8,41,0.2,3,3,2,1,0,287.22,1,12,1,3,3,1,10,1,3,3,1
3,10,8,42,0.2,3,1,2,2,1,309.36,0,4,1,3,3,1,3,1,3,1,3
3,10,8,43,0.8,2,1,2,2,1,352.39,0,7,1,1,2,2,12,3,3,3,3
3,10,8,44,0.2,1,2,1,1,1,302.55,0,1,3,3,3,3,6,1,3,2,2
3,10,8,45,1.8,3,3,2,2,1,325.26,0,7,3,3,1,1,10,3,3,1,1
3,10,8,46,0.05,3,2,2,2,1,458.35,0,20,3,3,1,1,3,3,3,2,2
3,10,8,47,0.2,1,1,1,1,1,245.91,1,4,3,3,3,3,4,1,1,1,1
3,10,8,48,0.4,1,2,1,1,1,248.22,1,20,3,1,3,1,3,3,1,2,2
3,10,8,49,0.2,1,3,1,1,1,14.191,2,9,3,1,3,1,19,1,3,3,1
3,10,8,50,0.4,3,1,2,2,1,265.29,1,19,1,1,3,3,12,3,3,3,3
3,10,8,51,0.4,3,3,2,2,1,253.02,1,19,3,3,1,1,14,3,1,1,3
3,10,8,52,0.8,2,3,2,1,0,296.24,1,4,1,1,2,2,1,1,1,3,3
3,10,8,53,0.1,3,3,2,2,1,257.11,1,16,3,3,1,1,11,3,1,1,3
3,10,8,54,0.05,2,1,2,2,1,442.06,0,1,3,1,2,2,6,1,1,1,1
3,10,8,55,0.05,1,1,1,1,1,269.41,1,19,3,1,3,1,14,1,1,1,1
3,10,8,56,0.4,3,2,2,2,1,219.21,1,2,3,3,1,1,9,1,3,2,2
3,10,8,57,0.05,2,1,2,2,1,426.05,0,12,3,3,2,2,8,3,1,3,1
3,10,8,58,0.4,1,1,1,1,1,240.78,1,5,3,1,3,1,19,3,3,3,3
3,10,8,59,0.1,1,3,1,1,1,276.57,1,3,1,3,1,3,2,1,1,3,3
3,10,8,60,1.8,1,2,NaN,NaN,NaN,NaN,NaN,4,1,3,1,3,8,3,1,2,2
3,10,8,61,0.8,1,3,1,1,1,229.73,1,7,1,3,1,3,8,1,1,3,3
3,10,8,62,0.4,1,1,1,1,1,276.54,1,2,3,3,3,3,19,3,1,3,1
3,10,8,63,0.8,1,2,1,1,1,359.23,0,3,3,1,3,1,6,3,3,2,2
3,10,8,64,0.05,1,2,1,1,1,291.95,1,18,3,1,3,1,13,3,1,2,2
3,10,8,65,0.1,2,2,2,2,1,359.08,0,2,1,3,2,2,12,1,3,2,2
3,10,8,66,0.8,1,3,NaN,NaN,NaN,NaN,NaN,13,1,1,1,1,15,3,3,1,1
3,10,8,67,0.4,1,3,1,1,1,227.77,1,12,1,1,1,1,2,1,1,3,3
3,10,8,68,0.05,3,3,2,2,1,314.38,0,15,1,1,3,3,17,1,3,3,1
3,10,8,69,1.8,1,2,1,1,1,209.46,1,16,1,3,1,3,11,3,1,2,2
3,10,8,70,0.05,3,3,2,2,1,334.8,0,15,1,1,3,3,15,3,3,1,1
3,10,8,71,1.8,2,2,2,2,1,220.27,1,12,3,3,2,2,9,1,1,2,2
3,10,8,72,0.05,2,2,2,1,0,270.96,1,15,3,1,2,2,1,3,3,2,2
3,10,8,73,0.2,1,1,1,1,1,223.2,1,6,1,1,1,1,3,3,3,3,3
3,10,8,74,0.8,3,2,2,2,1,480.32,0,15,3,3,1,1,12,3,3,2,2
3,10,8,75,0.05,2,2,2,2,1,279.75,1,2,1,3,2,2,10,3,3,2,2
3,10,8,76,0.2,2,3,2,2,1,301.5,0,20,1,1,2,2,3,1,3,3,1
3,10,8,77,1.8,1,2,1,1,1,211.83,1,5,1,1,1,1,6,3,3,2,2
3,10,8,78,0.1,3,3,2,2,1,317.44,0,17,1,1,3,3,4,1,1,3,3
3,10,9,1,1.8,2,2,2,2,1,217.73,1,4,1,3,2,2,11,3,3,2,2
3,10,9,2,0.8,1,1,1,1,1,204.05,1,17,3,3,3,3,14,3,1,3,1
3,10,9,3,0.2,3,1,2,2,1,286.69,1,19,1,1,3,3,17,3,1,3,1
3,10,9,4,0.8,1,1,1,1,1,222.74,1,15,3,3,3,3,20,1,1,1,1
3,10,9,5,0.1,1,1,1,1,1,254.51,1,18,3,1,3,1,5,1,3,1,3
3,10,9,6,0.4,1,2,1,1,1,208.26,1,2,3,3,3,3,2,3,1,2,2
3,10,9,7,0.1,1,2,1,1,1,221.96,1,19,1,3,1,3,18,3,1,2,2
3,10,9,8,0.1,1,3,1,1,1,338.66,0,5,1,3,1,3,14,3,1,1,3
3,10,9,9,1.8,1,2,NaN,NaN,NaN,NaN,NaN,18,1,3,1,3,12,3,1,2,2
3,10,9,10,0.2,2,2,2,2,1,234.11,1,13,1,3,2,2,11,1,1,2,2
3,10,9,11,0.4,2,2,2,2,1,318.01,0,20,3,1,2,2,4,1,1,2,2
3,10,9,12,0.8,1,3,1,1,1,237.72,1,18,1,1,1,1,6,3,1,1,3
3,10,9,13,0.4,1,2,1,1,1,274.21,1,20,1,1,1,1,3,1,3,2,2
3,10,9,14,0.05,1,3,1,1,1,237.62,1,15,1,3,1,3,18,3,3,1,1
3,10,9,15,0.05,2,2,2,1,0,328.56,0,4,1,1,2,2,9,1,3,2,2
3,10,9,16,0.2,3,3,2,2,1,107.89,1,8,1,3,3,1,2,1,3,3,1
3,10,9,17,0.05,1,2,1,2,0,220.2,1,20,3,3,3,3,18,3,3,2,2
3,10,9,18,0.4,1,2,1,1,1,194.64,1,9,3,3,3,3,1,1,1,2,2
3,10,9,19,0.8,3,2,2,2,1,518.49,0,10,1,3,3,1,12,3,1,2,2
3,10,9,20,1.8,1,1,1,1,1,241.6,1,16,3,3,3,3,19,3,1,3,1
3,10,9,21,1.8,3,3,2,2,1,243.83,1,19,3,1,1,3,1,3,1,1,3
3,10,9,22,0.1,2,3,2,2,1,304.56,0,15,3,1,2,2,10,1,3,3,1
3,10,9,23,0.1,1,1,1,1,1,285.57,1,10,3,1,3,1,7,1,1,1,1
3,10,9,24,0.1,2,1,2,2,1,317.94,0,9,1,3,2,2,3,1,3,1,3
3,10,9,25,0.2,1,1,1,1,1,223.74,1,5,1,3,1,3,1,3,1,3,1
3,10,9,26,0.4,1,2,1,1,1,235.61,1,16,1,3,1,3,19,1,3,2,2
3,10,9,27,0.1,1,1,1,1,1,264.87,1,7,3,3,3,3,5,1,1,1,1
3,10,9,28,0.1,1,1,1,1,1,304.66,0,9,1,1,1,1,14,3,3,3,3
3,10,9,29,0.4,2,3,2,2,1,228.31,1,18,3,3,2,2,11,1,3,3,1
3,10,9,30,0.8,1,3,1,1,1,238.64,1,16,1,3,1,3,19,1,1,3,3
3,10,9,31,0.05,1,3,1,1,1,317.2,0,11,1,3,1,3,6,1,3,3,1
3,10,9,32,0.8,1,1,NaN,NaN,NaN,NaN,NaN,18,1,1,1,1,13,3,1,3,1
3,10,9,33,0.4,2,3,2,1,0,159.19,1,4,3,3,2,2,3,1,1,3,3
3,10,9,34,0.1,3,2,2,1,0,282.89,1,18,3,3,1,1,11,1,3,2,2
3,10,9,35,0.05,2,1,2,2,1,384.15,0,5,3,1,2,2,10,1,1,1,1
3,10,9,36,0.2,1,3,1,1,1,212.94,1,14,3,1,3,1,8,3,3,1,1
3,10,9,37,0.05,1,2,1,1,1,218.78,1,14,1,3,1,3,12,3,1,2,2
3,10,9,38,0.1,2,1,2,2,1,269.61,1,6,3,3,2,2,7,1,1,1,1
3,10,9,39,0.4,3,1,2,2,1,291.18,1,14,1,3,3,1,16,1,1,1,1
3,10,9,40,1.8,1,2,NaN,NaN,NaN,NaN,NaN,13,1,3,1,3,17,3,1,2,2
3,10,9,41,0.05,1,2,1,1,1,215.14,1,7,3,1,3,1,7,3,3,2,2
3,10,9,42,0.4,1,2,1,1,1,267.96,1,2,3,1,3,1,4,3,3,2,2
3,10,9,43,0.05,2,3,2,2,1,260.47,1,12,3,3,2,2,6,3,3,1,1
3,10,9,44,0.4,2,2,2,2,1,323.13,0,1,1,3,2,2,19,1,3,2,2
3,10,9,45,0.8,1,1,1,1,1,227.34,1,20,3,3,3,3,12,1,1,1,1
3,10,9,46,0.05,3,3,2,2,1,269.39,1,7,1,1,3,3,19,3,3,1,1
3,10,9,47,1.8,3,3,NaN,NaN,NaN,NaN,NaN,9,3,1,1,3,4,3,3,1,1
3,10,9,48,0.2,3,3,2,2,1,169.66,1,6,1,3,3,1,11,1,3,3,1
3,10,9,49,0.2,3,1,2,2,1,374.69,0,4,3,1,1,3,2,3,1,3,1
3,10,9,50,1.8,1,1,1,1,1,192.9,1,1,3,3,3,3,5,3,1,3,1
3,10,9,51,0.2,3,3,2,2,1,318.99,0,5,1,1,3,3,18,3,1,1,3
3,10,9,52,1.8,3,2,2,2,1,259.34,1,13,3,1,1,3,8,3,3,2,2
3,10,9,53,0.8,1,2,NaN,NaN,NaN,NaN,NaN,5,1,3,1,3,19,3,3,2,2
3,10,9,54,0.05,1,1,1,1,1,326.65,0,12,1,3,1,3,11,1,3,1,3
3,10,9,55,0.4,1,1,1,1,1,307.7,0,20,3,3,3,3,3,1,1,1,1
3,10,9,56,0.4,1,1,1,1,1,254.47,1,15,3,3,3,3,7,3,1,3,1
3,10,9,57,0.1,3,3,2,2,1,228.48,1,6,3,3,1,1,15,3,1,1,3
3,10,9,58,0.2,3,2,2,2,1,217.58,1,12,3,1,1,3,17,1,1,2,2
3,10,9,59,0.2,1,1,1,1,1,246.49,1,18,3,3,3,3,1,1,1,1,1
3,10,9,60,1.8,3,1,NaN,NaN,NaN,NaN,NaN,1,3,1,1,3,19,3,3,3,3
3,10,9,61,0.05,1,1,1,1,1,265.45,1,7,1,1,1,1,5,1,1,1,1
3,10,9,62,0.05,1,1,1,1,1,305.47,0,14,3,1,3,1,13,3,3,3,3
3,10,9,63,1.8,1,2,1,1,1,204.13,1,14,1,1,1,1,15,1,1,2,2
3,10,9,64,1.8,1,3,1,2,0,317.92,0,9,3,3,3,3,13,1,3,3,1
3,10,9,65,0.2,1,2,1,1,1,196.06,1,15,1,1,1,1,2,1,1,2,2
3,10,9,66,0.1,1,1,1,1,1,242.49,1,17,3,3,3,3,2,3,1,3,1
3,10,9,67,1.8,3,3,NaN,NaN,NaN,NaN,NaN,1,1,1,3,3,16,3,1,1,3
3,10,9,68,1.8,3,3,2,2,1,248.02,1,2,3,3,1,1,9,1,3,3,1
3,10,9,69,0.1,1,3,1,1,1,303.2,0,7,1,3,1,3,3,1,3,3,1
3,10,9,70,0.8,1,3,1,1,1,266.03,1,3,1,1,1,1,7,3,3,1,1
3,10,9,71,0.8,2,2,2,2,1,232.22,1,14,1,3,2,2,12,1,1,2,2
3,10,9,72,0.8,3,2,2,2,1,357.7,0,9,3,3,1,1,7,3,1,2,2
3,10,9,73,0.8,3,3,2,2,1,237.92,1,17,3,1,1,3,11,1,1,3,3
3,10,9,74,0.4,1,2,1,1,1,193.51,1,19,3,1,3,1,12,3,1,2,2
3,10,9,75,0.8,1,3,1,1,1,250.47,1,20,3,3,3,3,19,3,1,1,3
3,10,9,76,0.05,1,3,1,1,1,300.65,0,7,3,1,3,1,11,1,1,3,3
3,10,9,77,0.2,1,2,1,1,1,185.57,1,4,3,3,3,3,16,3,1,2,2
3,10,9,78,0.2,1,1,1,1,1,263.97,1,20,1,3,1,3,1,1,3,1,3
3,10,10,1,0.05,2,2,2,2,1,308.51,0,3,3,3,2,2,13,3,3,2,2
3,10,10,2,0.2,3,3,2,2,1,238.81,1,9,3,3,1,1,5,3,3,1,1
3,10,10,3,0.05,1,1,1,1,1,257.24,1,11,1,1,1,1,11,1,1,1,1
3,10,10,4,0.05,1,2,1,2,0,126.36,1,2,1,3,1,3,18,1,3,2,2
3,10,10,5,1.8,1,1,1,1,1,232.2,1,12,1,3,1,3,19,1,3,1,3
3,10,10,6,0.1,1,1,1,1,1,204.41,1,20,1,3,1,3,16,3,1,3,1
3,10,10,7,0.05,1,1,1,1,1,288.19,1,17,1,1,1,1,8,1,3,1,3
3,10,10,8,1.8,1,3,NaN,NaN,NaN,NaN,NaN,18,1,1,1,1,8,3,3,1,1
3,10,10,9,0.2,1,1,1,1,1,277.61,1,9,1,1,1,1,15,1,1,1,1
3,10,10,10,0.1,3,2,2,2,1,271.69,1,7,1,1,3,3,18,1,3,2,2
3,10,10,11,0.8,1,2,1,1,1,214.77,1,12,3,1,3,1,9,3,1,2,2
3,10,10,12,1.8,1,3,1,1,1,320.93,0,5,3,1,3,1,5,1,1,3,3
3,10,10,13,0.05,2,2,2,2,1,329.3,0,16,1,3,2,2,3,1,1,2,2
3,10,10,14,0.4,2,1,2,2,1,286.47,1,3,1,1,2,2,15,1,1,1,1
3,10,10,15,0.1,1,3,1,1,1,356.7,0,18,3,1,3,1,12,3,1,1,3
3,10,10,16,0.2,1,2,1,2,0,134.02,1,19,3,3,3,3,1,1,3,2,2
3,10,10,17,0.05,2,2,2,2,1,319.5,0,6,3,3,2,2,13,3,1,2,2
3,10,10,18,0.2,3,1,2,2,1,369.37,0,2,3,3,1,1,13,1,3,1,3
3,10,10,19,0.05,1,1,1,1,1,183.71,1,3,3,1,3,1,15,1,1,1,1
3,10,10,20,0.8,3,1,2,2,1,263.19,1,19,1,1,3,3,4,1,1,1,1
3,10,10,21,0.05,1,3,1,1,1,344.11,0,16,3,1,3,1,9,1,3,3,1
3,10,10,22,1.8,1,2,NaN,NaN,NaN,NaN,NaN,17,3,3,3,3,14,3,1,2,2
3,10,10,23,0.8,1,3,NaN,NaN,NaN,NaN,NaN,19,1,1,1,1,4,1,1,3,3
3,10,10,24,0.1,2,2,2,2,1,268.78,1,5,1,3,2,2,17,1,3,2,2
3,10,10,25,1.8,1,2,1,1,1,224.2,1,8,3,3,3,3,3,1,1,2,2
3,10,10,26,1.8,2,1,2,2,1,186.58,1,13,1,3,2,2,10,3,3,3,3
3,10,10,27,0.05,1,3,1,1,1,293.29,1,10,1,1,1,1,16,1,1,3,3
3,10,10,28,0.4,1,1,1,1,1,274.63,1,17,3,1,3,1,13,3,3,3,3
3,10,10,29,0.8,1,2,1,1,1,282.63,1,5,3,3,3,3,1,1,1,2,2
3,10,10,30,0.4,3,3,2,2,1,216.8,1,8,1,1,3,3,20,1,1,3,3
3,10,10,31,0.05,2,1,2,1,0,277.25,1,1,3,3,2,2,1,3,3,3,3
3,10,10,32,0.1,2,2,2,2,1,245.54,1,7,3,1,2,2,1,1,3,2,2
3,10,10,33,1.8,1,2,1,1,1,204.14,1,3,1,3,1,3,9,3,3,2,2
3,10,10,34,0.8,2,3,2,2,1,250.17,1,8,1,1,2,2,9,3,1,1,3
3,10,10,35,0.2,2,3,2,2,1,263.51,1,10,3,1,2,2,14,1,3,3,1
3,10,10,36,0.4,3,1,2,2,1,227.04,1,10,3,3,1,1,16,3,3,3,3
3,10,10,37,1.8,2,2,2,2,1,230.26,1,10,3,1,2,2,10,3,3,2,2
3,10,10,38,0.2,1,1,1,1,1,241.48,1,19,3,3,3,3,16,3,3,3,3
3,10,10,39,0.1,1,3,1,2,0,314.04,0,4,3,3,3,3,12,3,3,1,1
3,10,10,40,0.2,1,3,1,1,1,263.66,1,9,3,3,3,3,14,1,3,3,1
3,10,10,41,0.05,3,2,2,2,1,305.86,0,10,1,1,3,3,10,1,3,2,2
3,10,10,42,0.8,1,3,1,1,1,239.4,1,1,1,1,1,1,12,3,1,1,3
3,10,10,43,0.1,2,1,2,1,0,281.49,1,8,1,1,2,2,2,3,1,3,1
3,10,10,44,0.8,2,1,2,1,0,251.37,1,2,3,1,2,2,4,1,3,1,3
3,10,10,45,0.8,3,1,2,2,1,225.37,1,18,3,3,1,1,5,3,1,3,1
3,10,10,46,0.1,3,2,2,2,1,261.52,1,3,3,1,1,3,20,3,3,2,2
3,10,10,47,0.4,1,1,1,1,1,204.49,1,12,1,3,1,3,18,1,3,1,3
3,10,10,48,0.1,1,3,1,2,0,295.05,1,8,1,1,1,1,12,1,3,3,1
3,10,10,49,0.1,2,3,2,1,0,282.47,1,3,1,3,2,2,11,1,3,3,1
3,10,10,50,1.8,1,1,1,1,1,218.32,1,1,1,1,1,1,14,3,3,3,3
3,10,10,51,0.05,3,1,2,1,0,253.35,1,7,3,3,1,1,17,3,1,3,1
3,10,10,52,0.4,1,1,1,1,1,259.54,1,8,1,3,1,3,17,3,3,3,3
3,10,10,53,0.1,1,2,1,1,1,305.78,0,11,3,1,3,1,17,1,3,2,2
3,10,10,54,0.8,1,1,1,1,1,237.59,1,16,3,1,3,1,1,1,3,1,3
3,10,10,55,0.8,3,2,NaN,NaN,NaN,NaN,NaN,14,3,1,1,3,20,1,3,2,2
3,10,10,56,0.2,2,3,NaN,NaN,NaN,NaN,NaN,6,1,1,2,2,15,3,3,1,1
3,10,10,57,0.4,1,3,1,1,1,247.3,1,1,3,3,3,3,1,1,3,3,1
3,10,10,58,0.2,2,2,2,1,0,241.63,1,19,1,3,2,2,7,3,1,2,2
3,10,10,59,0.2,2,1,2,2,1,322.09,0,15,3,3,2,2,10,3,1,3,1
3,10,10,60,0.1,3,1,2,2,1,263.05,1,1,1,3,3,1,13,3,3,3,3
3,10,10,61,0.4,2,3,2,2,1,225.65,1,20,1,1,2,2,15,1,1,3,3
3,10,10,62,0.1,1,2,1,1,1,255.78,1,9,1,3,1,3,3,1,1,2,2
3,10,10,63,0.4,3,2,2,2,1,231,1,7,1,3,3,1,10,1,1,2,2
3,10,10,64,0.05,1,3,1,1,1,258.42,1,12,3,1,3,1,6,1,3,3,1
3,10,10,65,0.2,1,1,1,1,1,228.71,1,5,3,1,3,1,8,1,1,1,1
3,10,10,66,0.4,1,2,1,1,1,218.96,1,14,3,1,3,1,18,3,3,2,2
3,10,10,67,0.8,2,3,2,2,1,231.83,1,17,3,3,2,2,10,3,1,1,3
3,10,10,68,1.8,1,2,1,1,1,208.21,1,8,3,1,3,1,14,1,3,2,2
3,10,10,69,1.8,2,2,2,2,1,204.78,1,1,3,3,2,2,8,3,3,2,2
3,10,10,70,1.8,3,2,2,2,1,226.58,1,8,1,3,3,1,14,1,1,2,2
3,10,10,71,0.4,1,3,1,1,1,249.37,1,15,3,3,3,3,1,1,1,3,3
3,10,10,72,1.8,3,3,2,2,1,227.6,1,1,1,1,3,3,4,1,3,3,1
3,10,10,73,0.2,1,2,1,1,1,245.71,1,17,1,3,1,3,18,1,1,2,2
3,10,10,74,0.2,1,3,1,1,1,282.21,1,11,3,3,3,3,8,3,1,1,3
3,10,10,75,0.8,1,1,1,1,1,268.36,1,8,3,3,3,3,14,3,1,3,1
3,10,10,76,0.4,3,1,2,2,1,255.31,1,9,1,1,3,3,3,1,1,1,1
3,10,10,77,0.4,1,1,1,1,1,240.29,1,2,1,3,1,3,12,1,3,1,3
3,10,10,78,0.8,2,2,2,2,1,244.18,1,3,3,3,2,2,13,3,3,2,2
