3,14,1,1,1.8,1,3,1,1,1,198.09,1,4,3,1,3,1,18,3,1,1,3
3,14,1,2,0.1,1,1,1,1,1,278.76,1,20,3,1,3,1,16,3,1,3,1
3,14,1,3,0.2,1,2,1,1,1,120.99,1,14,3,3,3,3,19,1,1,2,2
3,14,1,4,0.2,1,3,1,1,1,263,1,10,3,3,3,3,1,3,3,1,1
3,14,1,5,0.8,3,3,2,2,1,233.75,1,16,1,3,3,1,9,1,1,3,3
3,14,1,6,1.8,1,3,1,1,1,226.76,1,11,3,3,3,3,18,1,3,3,1
3,14,1,7,0.4,3,3,2,2,1,241.87,1,19,1,1,3,3,6,1,3,3,1
3,14,1,8,0.1,1,1,1,1,1,302.17,0,16,3,1,3,1,20,1,1,1,1
3,14,1,9,0.1,3,3,2,2,1,365.21,0,2,3,3,1,1,19,1,1,3,3
3,14,1,10,0.05,3,3,2,2,1,1293.7,0,10,3,1,1,3,13,1,3,3,1
3,14,1,11,0.2,2,1,2,2,1,233.68,1,14,3,1,2,2,17,1,1,1,1
3,14,1,12,0.8,3,2,2,2,1,213.9,1,8,1,1,3,3,14,1,1,2,2
3,14,1,13,0.8,1,2,NaN,NaN,NaN,NaN,NaN,11,1,3,1,3,3,1,3,2,2
3,14,1,14,0.4,1,2,1,1,1,284.77,1,19,3,1,3,1,5,1,3,2,2
3,14,1,15,0.2,3,3,2,2,1,241.23,1,13,3,3,1,1,13,1,3,3,1
3,14,1,16,1.8,2,1,2,2,1,205.9,1,20,3,1,2,2,1,3,3,3,3
3,14,1,17,0.05,3,1,2,2,1,271.33,1,16,3,1,1,3,2,1,1,1,1
3,14,1,18,0.05,2,1,2,2,1,291.1,1,15,1,1,2,2,8,1,1,1,1
3,14,1,19,0.05,3,3,2,2,1,252.81,1,4,3,1,1,3,14,1,1,3,3
3,14,1,20,0.2,1,2,1,1,1,252.28,1,19,1,1,1,1,12,1,3,2,2
3,14,1,21,0.8,1,3,1,1,1,220.65,1,10,1,1,1,1,3,3,1,1,3
3,14,1,22,1.8,3,2,2,2,1,250.85,1,5,1,3,3,1,5,1,3,2,2
3,14,1,23,0.1,1,1,1,1,1,272.47,1,17,1,1,1,1,5,3,3,3,3
3,14,1,24,0.1,2,2,2,1,0,257.87,1,14,3,1,2,2,18,1,1,2,2
3,14,1,25,0.8,1,2,1,1,1,312.19,0,4,1,3,1,3,4,3,1,2,2
3,14,1,26,1.8,2,1,2,2,1,289.51,1,6,1,1,2,2,7,1,3,1,3
3,14,1,27,0.1,1,1,1,1,1,268.33,1,20,1,1,1,1,5,3,3,3,3
3,14,1,28,1.8,3,2,2,2,1,250.13,1,11,3,1,1,3,13,3,3,2,2
3,14,1,29,0.4,2,3,2,2,1,324.19,0,2,1,3,2,2,13,3,1,1,3
3,14,1,30,0.2,1,1,1,1,1,262.46,1,18,3,1,3,1,4,1,1,1,1
3,14,1,31,0.2,1,1,1,1,1,273.96,1,19,3,3,3,3,2,3,3,3,3
3,14,1,32,0.1,2,3,2,1,0,239.1,1,1,1,3,2,2,17,3,3,1,1
3,14,1,33,1.8,2,3,2,1,0,276.77,1,12,1,1,2,2,14,3,1,1,3
3,14,1,34,0.8,3,2,2,2,1,272.83,1,2,3,3,1,1,7,3,1,2,2
3,14,1,35,0.4,3,2,2,2,1,274.93,1,3,3,3,1,1,8,3,3,2,2
3,14,1,36,0.2,1,2,1,1,1,247.24,1,1,1,3,1,3,15,1,3,2,2
3,14,1,37,0.8,2,2,NaN,NaN,NaN,NaN,NaN,16,1,3,2,2,6,3,3,2,2
3,14,1,38,0.1,1,2,1,1,1,248.33,1,7,1,3,1,3,15,3,3,2,2
3,14,1,39,0.8,1,1,1,1,1,297.38,1,1,3,3,3,3,14,3,1,3,1
3,14,1,40,0.2,2,3,2,1,0,269.56,1,8,3,1,2,2,17,1,1,3,3
3,14,1,41,0.05,2,2,2,2,1,294.15,1,16,3,1,2,2,19,1,1,2,2
3,14,1,42,0.2,1,3,1,1,1,256.01,1,5,3,1,3,1,19,3,3,1,1
3,14,1,43,1.8,2,1,2,1,0,251.16,1,4,1,1,2,2,1,1,3,1,3
3,14,1,44,1.8,3,1,NaN,NaN,NaN,NaN,NaN,17,1,3,3,1,19,3,3,3,3
3,14,1,45,0.8,1,1,1,1,1,277.74,1,15,3,3,3,3,3,1,1,1,1
3,14,1,46,0.2,1,3,1,1,1,273.35,1,13,3,3,3,3,5,1,3,3,1
3,14,1,47,0.8,1,3,1,1,1,265.28,1,2,3,3,3,3,2,1,1,3,3
3,14,1,48,0.05,1,1,1,1,1,279.06,1,18,1,3,1,3,18,3,3,3,3
3,14,1,49,0.4,1,2,1,1,1,264.86,1,4,1,3,1,3,16,1,1,2,2
3,14,1,50,0.05,3,3,2,2,1,314.42,0,9,1,1,3,3,9,1,3,3,1
3,14,1,51,0.05,3,3,2,1,0,297.62,1,4,3,3,1,1,7,3,3,1,1
3,14,1,52,0.05,1,3,1,2,0,297.65,1,6,3,3,3,3,5,3,1,1,3
3,14,1,53,0.4,1,1,1,1,1,255.06,1,7,1,3,1,3,1,3,1,3,1
3,14,1,54,0.2,2,2,2,2,1,278.58,1,5,3,1,2,2,19,1,1,2,2
3,14,1,55,1.8,1,2,1,1,1,365.84,0,17,3,3,3,3,20,3,1,2,2
3,14,1,56,1.8,2,2,2,2,1,273.61,1,18,3,1,2,2,10,1,1,2,2
3,14,1,57,0.4,2,1,2,2,1,260.38,1,16,1,1,2,2,5,3,3,3,3
3,14,1,58,0.4,3,3,2,2,1,279.34,1,16,1,3,3,1,1,1,3,3,1
3,14,1,59,0.1,3,1,2,1,0,251.21,1,9,1,3,3,1,7,3,1,3,1
3,14,1,60,0.8,1,2,1,1,1,271.52,1,11,1,3,1,3,5,3,1,2,2
3,14,1,61,0.4,1,3,1,1,1,254.96,1,1,1,3,1,3,12,1,1,3,3
3,14,1,62,0.1,1,3,1,2,0,282.07,1,14,1,1,1,1,5,1,1,3,3
3,14,1,63,0.4,2,2,2,2,1,286.29,1,2,1,1,2,2,7,3,1,2,2
3,14,1,64,0.1,3,3,2,2,1,245.89,1,18,3,1,1,3,20,1,3,3,1
3,14,1,65,0.1,3,2,2,2,1,248.76,1,17,3,1,1,3,12,3,3,2,2
3,14,1,66,0.2,1,3,1,1,1,261.26,1,19,1,3,1,3,12,1,3,3,1
3,14,1,67,0.05,2,2,2,2,1,266.94,1,18,1,1,2,2,5,1,3,2,2
3,14,1,68,0.4,3,2,2,2,1,7.7841,2,17,3,3,1,1,1,1,3,2,2
3,14,1,69,0.05,1,2,1,1,1,298.68,1,12,3,3,3,3,1,1,3,2,2
3,14,1,70,1.8,1,1,1,1,1,273.53,1,7,3,3,3,3,9,1,3,1,3
3,14,1,71,0.05,2,2,2,1,0,285.81,1,4,1,1,2,2,10,1,3,2,2
3,14,1,72,0.05,3,3,2,1,0,231.7,1,12,3,3,1,1,19,3,3,1,1
3,14,1,73,0.8,1,1,1,1,1,234.22,1,10,1,1,1,1,20,3,3,3,3
3,14,1,74,0.4,2,1,2,2,1,246.98,1,9,3,1,2,2,9,3,3,3,3
3,14,1,75,0.8,1,3,1,1,1,278.86,1,13,3,1,3,1,11,1,1,3,3
3,14,1,76,0.1,2,2,2,2,1,255.87,1,9,3,3,2,2,10,1,3,2,2
3,14,1,77,0.4,2,3,2,2,1,265.44,1,3,3,3,2,2,3,1,1,3,3
3,14,1,78,1.8,3,1,2,2,1,253.06,1,4,3,3,1,1,13,1,3,1,3
3,14,2,1,0.4,2,3,2,1,0,250.81,1,4,1,1,2,2,14,1,3,3,1
3,14,2,2,0.8,1,2,1,1,1,203.05,1,6,3,1,3,1,20,3,1,2,2
3,14,2,3,0.4,3,1,2,2,1,247.77,1,3,1,3,3,1,9,3,3,3,3
3,14,2,4,0.4,1,1,1,1,1,653.15,0,11,1,1,1,1,12,1,3,1,3
3,14,2,5,0.8,3,2,2,1,0,244.67,1,14,1,1,3,3,7,1,1,2,2
3,14,2,6,1.8,1,1,1,1,1,206.31,1,17,3,1,3,1,18,3,3,3,3
3,14,2,7,0.05,3,3,2,2,1,275.14,1,6,1,1,3,3,8,1,3,3,1
3,14,2,8,0.4,1,3,1,1,1,268.6,1,11,3,3,3,3,9,3,1,1,3
3,14,2,9,0.05,3,2,2,2,1,241.37,1,1,3,1,1,3,17,1,3,2,2
3,14,2,10,1.8,1,1,NaN,NaN,NaN,NaN,NaN,6,1,3,1,3,16,3,1,3,1
3,14,2,11,0.2,3,1,2,2,1,259.92,1,14,1,3,3,1,18,3,3,3,3
3,14,2,12,0.1,2,1,2,2,1,257.48,1,13,3,1,2,2,15,3,3,3,3
3,14,2,13,0.1,1,3,1,2,0,274.09,1,9,1,1,1,1,13,1,3,3,1
3,14,2,14,0.05,2,2,2,2,1,392.72,0,14,3,1,2,2,1,3,1,2,2
3,14,2,15,1.8,1,2,1,1,1,206.24,1,10,1,3,1,3,13,3,1,2,2
3,14,2,16,0.05,3,3,2,2,1,287.49,1,10,1,3,3,1,10,3,3,1,1
3,14,2,17,1.8,1,3,1,1,1,242.06,1,6,1,3,1,3,15,1,1,3,3
3,14,2,18,0.1,3,3,2,2,1,263.27,1,19,3,3,1,1,12,3,1,1,3
3,14,2,19,0.05,3,1,2,2,1,445.16,0,12,1,1,3,3,20,1,1,1,1
3,14,2,20,0.1,3,2,2,2,1,203.54,1,5,1,3,3,1,8,1,3,2,2
3,14,2,21,0.8,1,1,1,1,1,254.07,1,12,3,3,3,3,2,1,3,1,3
3,14,2,22,1.8,3,1,2,2,1,251.9,1,15,3,3,1,1,15,1,1,1,1
3,14,2,23,0.4,1,1,1,1,1,357.27,0,15,3,1,3,1,13,1,1,1,1
3,14,2,24,0.4,3,3,2,2,1,273.87,1,3,1,3,3,1,8,1,3,3,1
3,14,2,25,0.1,3,3,2,2,1,337.15,0,7,3,1,1,3,2,1,3,3,1
3,14,2,26,0.8,1,2,1,1,1,257.61,1,3,3,1,3,1,1,3,1,2,2
3,14,2,27,1.8,3,1,2,2,1,245.65,1,11,1,1,3,3,19,1,3,1,3
3,14,2,28,0.05,1,3,1,1,1,338.21,0,5,1,1,1,1,19,3,3,1,1
3,14,2,29,0.4,1,2,1,1,1,270.63,1,9,3,3,3,3,6,1,3,2,2
3,14,2,30,0.8,2,1,2,1,0,289.3,1,18,1,1,2,2,10,1,3,1,3
3,14,2,31,0.2,1,2,1,1,1,231.13,1,9,3,1,3,1,7,3,3,2,2
3,14,2,32,0.8,3,2,2,2,1,297,1,16,1,1,3,3,13,3,3,2,2
3,14,2,33,0.05,1,3,1,1,1,414.35,0,1,1,1,1,1,8,3,3,1,1
3,14,2,34,0.2,2,2,2,2,1,275.95,1,16,1,3,2,2,5,1,3,2,2
3,14,2,35,0.1,1,3,1,1,1,199.17,1,15,3,1,3,1,12,1,1,3,3
3,14,2,36,0.8,2,1,2,2,1,226.16,1,9,3,1,2,2,14,1,1,1,1
3,14,2,37,1.8,2,3,2,1,0,221.15,1,12,1,3,2,2,9,3,3,1,1
3,14,2,38,0.05,1,3,1,1,1,267.94,1,12,1,3,1,3,19,3,1,1,3
3,14,2,39,0.05,3,3,2,2,1,258.5,1,2,1,1,3,3,3,3,3,1,1
3,14,2,40,0.4,1,1,1,1,1,258.01,1,5,1,1,1,1,8,3,1,3,1
3,14,2,41,1.8,3,1,2,2,1,253.07,1,16,1,1,3,3,16,3,1,3,1
3,14,2,42,0.2,3,2,2,2,1,270.68,1,7,3,3,1,1,3,3,1,2,2
3,14,2,43,0.05,3,3,2,2,1,292.28,1,6,3,1,1,3,19,3,3,1,1
3,14,2,44,0.4,3,3,2,2,1,239.27,1,16,1,3,3,1,6,3,1,1,3
3,14,2,45,0.2,1,1,1,1,1,287.78,1,12,1,3,1,3,19,3,1,3,1
3,14,2,46,0.1,1,1,1,1,1,274.91,1,12,1,3,1,3,14,3,1,3,1
3,14,2,47,0.4,3,1,2,2,1,238.84,1,17,1,3,3,1,4,3,3,3,3
3,14,2,48,1.8,1,1,1,1,1,310.4,0,19,1,3,1,3,19,1,3,1,3
3,14,2,49,0.2,1,1,1,1,1,275.34,1,12,1,1,1,1,5,1,3,1,3
3,14,2,50,0.05,1,2,1,1,1,334.96,0,3,1,3,1,3,3,3,1,2,2
3,14,2,51,0.1,3,2,2,2,1,318.01,0,15,3,1,1,3,11,3,3,2,2
3,14,2,52,0.1,2,3,2,1,0,223.7,1,2,3,1,2,2,16,1,1,3,3
3,14,2,53,0.2,2,2,2,2,1,278.33,1,17,3,3,2,2,19,1,3,2,2
3,14,2,54,0.1,1,3,1,1,1,280.25,1,7,3,3,3,3,16,1,1,3,3
3,14,2,55,0.05,3,1,2,2,1,273.26,1,14,1,3,3,1,11,3,1,3,1
3,14,2,56,0.2,2,2,2,1,0,242.79,1,9,1,3,2,2,7,3,1,2,2
3,14,2,57,0.1,3,3,2,2,1,297.23,1,7,1,3,3,1,8,3,1,1,3
3,14,2,58,0.1,3,1,2,2,1,286.88,1,8,1,1,3,3,5,3,1,3,1
3,14,2,59,1.8,1,3,1,1,1,280.72,1,13,3,3,3,3,13,3,3,1,1
3,14,2,60,0.8,1,1,1,1,1,237.54,1,3,3,3,3,3,5,3,1,3,1
3,14,2,61,0.2,2,3,2,2,1,213.8,1,14,1,1,2,2,7,3,1,1,3
3,14,2,62,0.2,3,3,NaN,NaN,NaN,NaN,NaN,10,3,3,1,1,1,3,3,1,1
3,14,2,63,0.8,2,2,2,1,0,248.25,1,18,1,3,2,2,8,1,3,2,2
3,14,2,64,0.2,3,1,2,2,1,257.24,1,17,1,1,3,3,13,1,3,1,3
3,14,2,65,1.8,1,2,1,1,1,66.041,2,13,1,1,1,1,10,3,1,2,2
3,14,2,66,0.4,3,1,2,2,1,260.28,1,15,3,1,1,3,3,1,1,1,1
3,14,2,67,0.4,2,1,2,2,1,290.08,1,7,1,3,2,2,10,1,1,1,1
3,14,2,68,0.4,3,3,2,2,1,215.27,1,18,3,3,1,1,10,3,1,1,3
3,14,2,69,0.05,1,2,1,1,1,269.66,1,15,3,1,3,1,3,1,1,2,2
3,14,2,70,0.8,1,1,1,1,1,286.85,1,12,1,1,1,1,9,1,1,1,1
3,14,2,71,0.2,3,3,2,2,1,302.96,0,12,3,3,1,1,12,1,3,3,1
3,14,2,72,0.8,1,2,1,1,1,326.66,0,13,1,3,1,3,12,1,1,2,2
3,14,2,73,0.8,2,3,2,2,1,271.99,1,7,1,1,2,2,6,3,1,1,3
3,14,2,74,0.8,1,3,1,1,1,325.5,0,16,3,1,3,1,19,1,3,3,1
3,14,2,75,0.2,1,2,1,2,0,313.94,0,17,3,1,3,1,8,1,1,2,2
3,14,2,76,1.8,3,2,2,2,1,224.32,1,15,1,1,3,3,14,3,1,2,2
3,14,2,77,1.8,2,2,2,1,0,275.28,1,2,1,1,2,2,1,1,1,2,2
3,14,2,78,0.1,1,2,1,1,1,292.91,1,1,3,3,3,3,19,1,3,2,2
3,14,3,1,0.4,1,2,1,1,1,197.83,1,14,3,3,3,3,19,3,3,2,2
3,14,3,2,0.8,1,2,1,1,1,373.59,0,13,3,1,3,1,18,3,1,2,2
3,14,3,3,0.2,1,2,1,1,1,219.57,1,8,3,1,3,1,12,1,3,2,2
3,14,3,4,1.8,2,2,NaN,NaN,NaN,NaN,NaN,3,3,3,2,2,8,1,1,2,2
3,14,3,5,0.1,2,1,2,1,0,262.03,1,6,3,1,2,2,20,3,3,3,3
3,14,3,6,1.8,2,3,2,2,1,214.52,1,3,1,3,2,2,16,1,3,3,1
3,14,3,7,0.4,1,2,1,1,1,315.29,0,9,1,3,1,3,19,3,3,2,2
3,14,3,8,0.2,2,1,2,2,1,275.89,1,11,3,3,2,2,18,1,1,1,1
3,14,3,9,0.2,2,2,2,2,1,368.75,0,13,3,1,2,2,12,3,3,2,2
3,14,3,10,1.8,3,1,NaN,NaN,NaN,NaN,NaN,13,1,1,3,3,11,3,1,3,1
3,14,3,11,0.2,2,2,2,2,1,309.89,0,8,3,3,2,2,18,3,1,2,2
3,14,3,12,0.2,3,2,2,2,1,278.19,1,14,3,3,1,1,18,3,3,2,2
3,14,3,13,0.05,1,3,1,1,1,317.04,0,20,3,3,3,3,19,3,1,1,3
3,14,3,14,0.8,1,1,1,1,1,340.33,0,9,3,1,3,1,14,1,3,1,3
3,14,3,15,0.05,1,3,1,1,1,318.88,0,3,3,1,3,1,8,1,3,3,1
3,14,3,16,0.8,3,2,2,2,1,263.49,1,11,3,1,1,3,12,3,3,2,2
3,14,3,17,0.4,2,3,2,2,1,202.49,1,4,3,3,2,2,1,3,1,1,3
3,14,3,18,1.8,2,2,2,2,1,218.25,1,15,1,1,2,2,4,1,3,2,2
3,14,3,19,0.1,3,1,2,2,1,302.09,0,19,1,1,3,3,8,1,3,1,3
3,14,3,20,0.4,1,1,1,1,1,205.81,1,20,3,1,3,1,12,1,3,1,3
3,14,3,21,0.2,2,1,2,2,1,291.44,1,20,1,1,2,2,1,3,3,3,3
3,14,3,22,0.05,2,2,2,2,1,397.21,0,3,1,3,2,2,19,1,1,2,2
3,14,3,23,0.8,1,2,1,1,1,272.72,1,11,1,3,1,3,8,1,3,2,2
3,14,3,24,0.4,1,3,1,1,1,258.09,1,10,3,1,3,1,11,1,3,3,1
3,14,3,25,1.8,1,3,1,1,1,327.56,0,6,3,1,3,1,7,3,1,1,3
3,14,3,26,0.2,1,2,1,1,1,256.1,1,20,3,3,3,3,7,1,1,2,2
3,14,3,27,0.1,2,2,2,2,1,340.26,0,13,1,3,2,2,14,1,1,2,2
3,14,3,28,1.8,3,1,2,2,1,318.58,0,2,3,3,1,1,3,3,1,3,1
3,14,3,29,0.05,1,3,1,2,0,355.04,0,10,1,3,1,3,5,1,3,3,1
3,14,3,30,0.1,3,1,2,2,1,756.06,0,3,1,3,3,1,10,1,3,1,3
3,14,3,31,0.1,3,3,2,2,1,276.44,1,10,3,3,1,1,5,1,1,3,3
3,14,3,32,0.1,2,2,2,2,1,272.66,1,7,1,3,2,2,14,1,1,2,2
3,14,3,33,0.8,3,1,NaN,NaN,NaN,NaN,NaN,15,3,1,1,3,17,3,1,3,1
3,14,3,34,0.8,2,1,2,2,1,49.02,2,1,1,3,2,2,20,3,3,3,3
3,14,3,35,0.2,1,2,1,1,1,281.52,1,17,3,3,3,3,11,1,1,2,2
3,14,3,36,0.1,2,3,2,1,0,280.84,1,11,1,1,2,2,17,1,1,3,3
3,14,3,37,0.2,3,3,2,2,1,307.1,0,10,1,3,3,1,4,3,3,1,1
3,14,3,38,0.05,2,1,2,1,0,270.56,1,11,1,1,2,2,15,3,3,3,3
3,14,3,39,1.8,2,2,2,1,0,328.81,0,12,3,1,2,2,19,3,1,2,2
3,14,3,40,0.05,1,2,1,1,1,278.48,1,19,3,1,3,1,1,3,3,2,2
3,14,3,41,0.4,1,1,1,1,1,54.576,2,19,3,1,3,1,8,1,3,1,3
3,14,3,42,0.4,2,1,2,2,1,298.45,1,16,3,1,2,2,15,1,1,1,1
3,14,3,43,0.8,2,2,2,2,1,299.7,1,11,3,3,2,2,8,3,1,2,2
3,14,3,44,1.8,1,3,1,1,1,269.43,1,16,3,3,3,3,10,1,3,3,1
3,14,3,45,1.8,1,3,1,1,1,291.43,1,18,1,3,1,3,11,1,1,3,3
3,14,3,46,0.1,1,1,1,1,1,337.3,0,16,3,1,3,1,16,1,3,1,3
3,14,3,47,0.4,1,1,1,1,1,532.84,0,19,3,3,3,3,15,1,3,1,3
3,14,3,48,0.1,1,2,1,1,1,258.28,1,2,3,3,3,3,2,3,3,2,2
3,14,3,49,1.8,1,2,1,1,1,69.263,2,13,3,1,3,1,3,3,1,2,2
3,14,3,50,0.05,2,1,2,2,1,359.29,0,5,3,1,2,2,9,1,1,1,1
3,14,3,51,0.05,1,3,1,1,1,293.42,1,8,3,3,3,3,14,3,1,1,3
3,14,3,52,0.8,1,3,1,1,1,255.77,1,16,1,3,1,3,14,3,3,1,1
3,14,3,53,0.8,3,3,NaN,NaN,NaN,NaN,NaN,13,1,1,3,3,5,3,1,1,3
3,14,3,54,0.4,1,3,1,1,1,291.63,1,8,1,3,1,3,11,1,3,3,1
3,14,3,55,0.4,2,2,2,1,0,198.18,1,14,1,1,2,2,8,3,1,2,2
3,14,3,56,0.05,1,1,1,1,1,287.81,1,8,3,1,3,1,8,3,3,3,3
3,14,3,57,0.1,2,1,2,1,0,265.42,1,18,1,1,2,2,4,3,1,3,1
3,14,3,58,0.2,2,1,2,1,0,342.55,0,7,1,1,2,2,9,1,3,1,3
3,14,3,59,1.8,2,1,2,2,1,241.05,1,6,3,3,2,2,10,1,1,1,1
3,14,3,60,0.1,3,1,2,2,1,268.84,1,16,1,1,3,3,19,1,1,1,1
3,14,3,61,0.4,2,1,NaN,NaN,NaN,NaN,NaN,6,3,3,2,2,17,1,3,1,3
3,14,3,62,1.8,1,3,1,1,1,222.05,1,8,1,3,1,3,16,3,1,1,3
3,14,3,63,0.8,1,3,1,1,1,268.7,1,15,1,3,1,3,18,3,1,1,3
3,14,3,64,0.1,1,1,1,1,1,222.04,1,16,3,3,3,3,11,3,1,3,1
3,14,3,65,0.2,1,2,1,1,1,270.07,1,18,3,3,3,3,12,1,3,2,2
3,14,3,66,0.8,1,3,1,1,1,256.41,1,3,1,3,1,3,17,1,1,3,3
3,14,3,67,0.05,1,1,1,1,1,300.58,0,16,3,1,3,1,15,1,1,1,1
3,14,3,68,0.2,1,2,1,1,1,323.27,0,11,1,1,1,1,13,3,1,2,2
3,14,3,69,0.8,2,1,NaN,NaN,NaN,NaN,NaN,2,1,3,2,2,10,1,3,1,3
3,14,3,70,0.05,1,3,1,1,1,286.39,1,20,1,1,1,1,6,3,3,1,1
3,14,3,71,0.05,1,3,1,1,1,259.55,1,16,1,1,1,1,1,1,3,3,1
3,14,3,72,0.4,3,1,2,2,1,313.26,0,2,1,3,3,1,13,1,3,1,3
3,14,3,73,0.1,1,1,1,1,1,257.57,1,14,1,3,1,3,18,1,3,1,3
3,14,3,74,0.05,3,1,2,2,1,262.62,1,1,3,1,1,3,16,3,3,3,3
3,14,3,75,0.2,3,3,2,2,1,247.59,1,5,3,1,1,3,15,3,3,1,1
3,14,3,76,0.8,1,2,1,1,1,232.63,1,18,3,1,3,1,3,3,1,2,2
3,14,3,77,0.4,1,2,1,1,1,307.68,0,5,3,3,3,3,6,3,3,2,2
3,14,3,78,1.8,1,3,1,1,1,283.67,1,8,1,3,1,3,7,1,3,3,1
3,14,4,1,1.8,1,2,1,2,0,238.47,1,12,1,1,1,1,10,1,3,2,2
3,14,4,2,0.2,3,3,2,2,1,177.69,1,19,1,3,3,1,20,1,3,3,1
3,14,4,3,0.8,3,2,2,2,1,289.19,1,6,1,3,3,1,6,1,1,2,2
3,14,4,4,1.8,1,2,1,1,1,245.4,1,6,1,3,1,3,15,1,3,2,2
3,14,4,5,0.05,3,1,2,2,1,254.23,1,14,1,3,3,1,9,3,1,3,1
3,14,4,6,1.8,1,3,1,1,1,337.18,0,6,1,1,1,1,3,1,1,3,3
3,14,4,7,0.4,3,3,2,2,1,260.97,1,11,1,3,3,1,10,1,3,3,1
3,14,4,8,0.05,2,1,2,2,1,288.2,1,18,3,1,2,2,1,1,1,1,1
3,14,4,9,0.1,1,2,1,1,1,293.33,1,4,1,1,1,1,15,3,1,2,2
3,14,4,10,0.05,1,3,1,1,1,314.9,0,1,1,3,1,3,15,3,1,1,3
3,14,4,11,1.8,2,2,2,2,1,226.97,1,17,3,3,2,2,20,3,3,2,2
3,14,4,12,0.1,3,3,2,2,1,296.55,1,19,1,1,3,3,20,1,1,3,3
3,14,4,13,0.1,1,2,1,1,1,292.27,1,19,3,3,3,3,5,1,3,2,2
3,14,4,14,1.8,2,1,2,2,1,224.58,1,16,1,1,2,2,10,1,1,1,1
3,14,4,15,0.2,2,3,2,1,0,303.63,0,14,1,1,2,2,12,3,1,1,3
3,14,4,16,0.4,1,3,1,1,1,312.46,0,17,3,1,3,1,9,3,3,1,1
3,14,4,17,0.05,2,1,2,1,0,259.65,1,12,3,1,2,2,14,1,3,1,3
3,14,4,18,0.4,1,3,1,1,1,267.97,1,7,3,1,3,1,18,1,3,3,1
3,14,4,19,0.4,1,2,1,1,1,249.65,1,8,3,3,3,3,13,3,1,2,2
3,14,4,20,0.2,3,2,2,2,1,343.08,0,14,3,1,1,3,8,3,1,2,2
3,14,4,21,0.1,3,2,2,2,1,308.14,0,2,3,1,1,3,1,3,1,2,2
3,14,4,22,0.8,1,3,1,1,1,300.71,0,19,1,1,1,1,18,1,1,3,3
3,14,4,23,0.2,3,1,2,2,1,250.41,1,15,3,3,1,1,11,3,1,3,1
3,14,4,24,0.8,1,2,1,1,1,308.83,0,9,3,1,3,1,18,1,1,2,2
3,14,4,25,1.8,1,1,NaN,NaN,NaN,NaN,NaN,17,3,3,3,3,13,3,1,3,1
3,14,4,26,0.05,1,2,1,1,1,300.18,0,8,1,1,1,1,1,1,1,2,2
3,14,4,27,0.2,1,2,1,1,1,220.65,1,9,1,3,1,3,19,1,3,2,2
3,14,4,28,0.2,2,3,2,2,1,446.87,0,5,1,3,2,2,5,3,1,1,3
3,14,4,29,0.05,1,1,1,1,1,207.02,1,1,1,1,1,1,15,1,1,1,1
3,14,4,30,0.8,1,1,1,1,1,308.65,0,18,3,3,3,3,13,1,3,1,3
3,14,4,31,0.1,3,3,2,2,1,322.42,0,12,1,1,3,3,1,3,1,1,3
3,14,4,32,0.2,1,1,1,1,1,303.77,0,1,3,1,3,1,18,3,1,3,1
3,14,4,33,0.4,2,1,2,2,1,300.03,0,6,3,3,2,2,18,3,3,3,3
3,14,4,34,0.2,3,1,2,2,1,271.43,1,15,3,1,1,3,3,3,1,3,1
3,14,4,35,0.2,1,2,1,1,1,261.95,1,17,1,3,1,3,6,3,1,2,2
3,14,4,36,0.05,2,2,2,2,1,325.08,0,7,3,1,2,2,5,1,1,2,2
3,14,4,37,0.4,1,2,1,1,1,230.6,1,14,1,3,1,3,2,1,3,2,2
3,14,4,38,0.1,1,3,1,1,1,243.79,1,11,1,3,1,3,8,3,3,1,1
3,14,4,39,0.8,1,3,1,1,1,249.98,1,16,1,1,1,1,10,1,3,3,1
3,14,4,40,0.4,3,2,2,2,1,287.01,1,5,1,1,3,3,15,3,3,2,2
3,14,4,41,0.2,3,1,2,2,1,284.8,1,4,1,1,3,3,18,3,3,3,3
3,14,4,42,0.4,1,3,1,1,1,262.71,1,14,1,1,1,1,2,3,3,1,1
3,14,4,43,0.05,1,3,1,1,1,303.16,0,9,3,3,3,3,7,1,1,3,3
3,14,4,44,0.8,1,3,1,1,1,231.63,1,14,3,1,3,1,7,3,3,1,1
3,14,4,45,0.4,1,3,1,1,1,242.78,1,11,1,3,1,3,12,1,3,3,1
3,14,4,46,1.8,2,1,2,1,0,228.75,1,17,1,1,2,2,12,3,3,3,3
3,14,4,47,0.1,3,2,2,2,1,287.71,1,11,1,3,3,1,19,1,3,2,2
3,14,4,48,0.8,1,1,1,1,1,242.58,1,5,3,1,3,1,20,3,3,3,3
3,14,4,49,1.8,1,1,1,1,1,256.56,1,3,1,1,1,1,18,1,1,1,1
3,14,4,50,0.05,1,2,1,1,1,297.78,1,2,1,1,1,1,16,1,1,2,2
3,14,4,51,0.05,1,3,1,1,1,254.32,1,17,3,1,3,1,3,3,1,1,3
3,14,4,52,1.8,1,2,1,1,1,281.96,1,19,3,3,3,3,7,1,1,2,2
3,14,4,53,0.05,3,2,2,2,1,284.73,1,11,1,3,3,1,9,3,3,2,2
3,14,4,54,0.8,2,3,2,2,1,219.37,1,8,3,1,2,2,1,1,1,3,3
3,14,4,55,0.2,1,3,1,1,1,245.05,1,4,1,1,1,1,1,3,3,1,1
3,14,4,56,0.2,1,2,1,1,1,270.34,1,18,1,3,1,3,10,1,3,2,2
3,14,4,57,1.8,1,2,1,1,1,260.77,1,9,3,3,3,3,6,1,1,2,2
3,14,4,58,0.05,2,2,2,2,1,288.56,1,1,1,3,2,2,11,3,1,2,2
3,14,4,59,0.8,1,3,1,1,1,288.81,1,18,3,3,3,3,4,1,1,3,3
3,14,4,60,0.1,3,2,2,2,1,341.54,0,17,3,3,1,1,3,3,3,2,2
3,14,4,61,0.4,2,2,2,1,0,334.42,0,10,3,1,2,2,17,3,3,2,2
3,14,4,62,0.8,2,3,2,2,1,318.44,0,14,3,1,2,2,8,3,1,1,3
3,14,4,63,0.4,1,1,1,1,1,280.24,1,16,3,1,3,1,3,3,1,3,1
3,14,4,64,0.4,1,2,1,1,1,215.11,1,14,3,3,3,3,15,1,1,2,2
3,14,4,65,1.8,1,1,1,1,1,316.11,0,5,3,1,3,1,3,1,1,1,1
3,14,4,66,1.8,1,1,1,1,1,259.18,1,13,3,3,3,3,20,3,3,3,3
3,14,4,67,0.8,2,2,2,2,1,292.41,1,3,1,3,2,2,15,3,1,2,2
3,14,4,68,0.05,3,3,2,2,1,305.3,0,20,3,1,1,3,16,1,3,3,1
3,14,4,69,0.1,1,1,1,1,1,230.03,1,20,1,1,1,1,1,3,1,3,1
3,14,4,70,0.1,1,1,1,2,0,299.1,1,19,1,1,1,1,14,3,1,3,1
3,14,4,71,0.4,3,2,2,2,1,225.55,1,8,1,1,3,3,16,3,3,2,2
3,14,4,72,0.1,2,1,2,2,1,368.6,0,17,1,3,2,2,5,3,3,3,3
3,14,4,73,0.8,3,1,2,2,1,229.78,1,19,3,1,1,3,17,3,1,3,1
3,14,4,74,0.1,1,3,1,1,1,323.07,0,12,3,1,3,1,15,1,1,3,3
3,14,4,75,0.8,1,2,1,1,1,287.05,1,17,3,3,3,3,9,3,3,2,2
3,14,4,76,0.2,1,2,1,1,1,261.74,1,9,1,3,1,3,4,1,1,2,2
3,14,4,77,1.8,2,3,2,2,1,248.89,1,7,3,1,2,2,4,3,1,1,3
3,14,4,78,0.1,1,1,1,1,1,225.89,1,3,3,3,3,3,10,3,3,3,3
3,14,5,1,1.8,1,1,1,1,1,241.16,1,4,1,1,1,1,20,3,3,3,3
3,14,5,2,0.05,1,1,1,1,1,314.43,0,16,1,3,1,3,19,3,3,3,3
3,14,5,3,0.2,3,3,2,2,1,194.27,1,4,1,1,3,3,7,1,3,3,1
3,14,5,4,0.4,2,1,2,2,1,30.436,2,4,1,1,2,2,2,1,3,1,3
3,14,5,5,0.2,1,1,1,1,1,266.72,1,5,1,3,1,3,17,1,3,1,3
3,14,5,6,0.05,1,3,1,1,1,304.77,0,10,1,1,1,1,19,1,1,3,3
3,14,5,7,0.05,1,1,1,1,1,257.34,1,18,1,1,1,1,2,1,3,1,3
3,14,5,8,0.8,2,2,NaN,NaN,NaN,NaN,NaN,15,3,3,2,2,8,3,1,2,2
3,14,5,9,0.2,1,2,1,1,1,328.18,0,19,3,1,3,1,9,3,3,2,2
3,14,5,10,0.4,3,1,2,2,1,256.31,1,4,1,3,3,1,7,1,1,1,1
3,14,5,11,0.2,1,2,1,1,1,271.8,1,16,3,3,3,3,4,3,3,2,2
3,14,5,12,0.1,1,2,1,1,1,280.18,1,11,3,1,3,1,18,3,3,2,2
3,14,5,13,0.1,1,2,1,1,1,294.65,1,17,1,3,1,3,2,3,1,2,2
3,14,5,14,0.8,2,1,2,2,1,267.58,1,8,3,1,2,2,15,1,1,1,1
3,14,5,15,0.05,2,3,2,2,1,419.03,0,13,1,1,2,2,3,1,1,3,3
3,14,5,16,0.2,3,2,2,2,1,184.35,1,15,1,3,3,1,18,1,1,2,2
3,14,5,17,0.8,1,2,NaN,NaN,NaN,NaN,NaN,4,3,1,3,1,15,3,3,2,2
3,14,5,18,0.4,2,3,2,2,1,272.83,1,14,3,3,2,2,19,3,1,1,3
3,14,5,19,0.8,1,3,1,1,1,254.65,1,10,1,3,1,3,1,3,1,1,3
3,14,5,20,0.2,1,1,1,1,1,268.23,1,16,3,3,3,3,9,3,3,3,3
3,14,5,21,1.8,1,1,1,1,1,268.67,1,5,3,3,3,3,18,3,1,3,1
3,14,5,22,0.05,2,2,2,2,1,349.44,0,10,3,1,2,2,5,1,3,2,2
3,14,5,23,0.8,1,1,1,1,1,274.76,1,13,1,1,1,1,9,1,1,1,1
3,14,5,24,0.2,2,2,2,1,0,752.46,0,10,1,3,2,2,18,3,1,2,2
3,14,5,25,0.05,1,3,1,1,1,335,0,13,1,1,1,1,8,3,1,1,3
3,14,5,26,1.8,1,1,NaN,NaN,NaN,NaN,NaN,1,1,3,1,3,9,1,3,1,3
3,14,5,27,0.4,1,3,1,1,1,274.07,1,17,1,3,1,3,19,3,1,1,3
3,14,5,28,0.1,1,1,1,1,1,263.11,1,5,3,3,3,3,16,3,1,3,1
3,14,5,29,0.05,1,2,1,1,1,284.34,1,1,3,3,3,3,15,1,1,2,2
3,14,5,30,1.8,1,1,1,1,1,275.92,1,6,3,3,3,3,12,1,1,1,1
3,14,5,31,0.05,3,2,2,2,1,329.46,0,8,1,1,3,3,10,1,1,2,2
3,14,5,32,1.8,1,1,NaN,NaN,NaN,NaN,NaN,8,3,3,3,3,7,3,1,3,1
3,14,5,33,0.4,2,3,2,1,0,311.31,0,12,3,3,2,2,14,3,1,1,3
3,14,5,34,1.8,2,2,2,2,1,255.02,1,15,3,1,2,2,7,1,1,2,2
3,14,5,35,0.1,1,2,1,1,1,279.57,1,2,3,3,3,3,17,3,3,2,2
3,14,5,36,0.1,2,3,2,2,1,301.68,0,9,1,1,2,2,11,3,3,1,1
3,14,5,37,0.8,1,3,NaN,NaN,NaN,NaN,NaN,8,1,1,1,1,12,3,3,1,1
3,14,5,38,1.8,1,2,1,1,1,247.52,1,20,1,1,1,1,5,3,1,2,2
3,14,5,39,1.8,1,2,1,1,1,288.3,1,3,1,3,1,3,15,3,3,2,2
3,14,5,40,0.1,1,1,1,1,1,270.17,1,17,3,3,3,3,16,1,1,1,1
3,14,5,41,0.05,1,3,1,1,1,223.72,1,7,1,3,1,3,17,1,3,3,1
3,14,5,42,0.05,1,1,1,1,1,263.13,1,10,3,3,3,3,11,1,1,1,1
3,14,5,43,0.8,3,1,2,2,1,253.04,1,7,3,3,1,1,1,1,1,1,1
3,14,5,44,1.8,1,3,1,1,1,219.7,1,1,3,3,3,3,1,1,3,3,1
3,14,5,45,0.2,1,3,1,1,1,275.33,1,18,3,1,3,1,6,1,3,3,1
3,14,5,46,0.1,1,3,1,1,1,276.77,1,19,1,3,1,3,13,3,3,1,1
3,14,5,47,0.1,1,2,1,1,1,254.98,1,3,3,3,3,3,1,1,1,2,2
3,14,5,48,0.4,2,2,2,2,1,324.77,0,16,3,3,2,2,7,1,3,2,2
3,14,5,49,1.8,1,1,1,1,1,286.32,1,17,1,3,1,3,7,3,3,3,3
3,14,5,50,0.8,1,1,1,1,1,368.38,0,17,1,1,1,1,18,3,1,3,1
3,14,5,51,0.1,1,3,1,1,1,277.62,1,16,3,3,3,3,8,3,3,1,1
3,14,5,52,0.2,2,3,2,2,1,227.64,1,6,1,1,2,2,4,1,3,3,1
3,14,5,53,0.8,2,2,2,2,1,245.48,1,1,3,1,2,2,8,1,3,2,2
3,14,5,54,0.2,1,3,1,1,1,165.59,1,3,3,1,3,1,17,3,1,1,3
3,14,5,55,0.4,1,1,NaN,NaN,NaN,NaN,NaN,7,1,1,1,1,19,3,1,3,1
3,14,5,56,1.8,1,2,1,1,1,254.96,1,16,1,3,1,3,8,1,3,2,2
3,14,5,57,0.1,2,2,2,1,0,274.08,1,20,1,1,2,2,15,1,3,2,2
3,14,5,58,0.4,3,1,2,2,1,233.89,1,6,3,1,1,3,11,1,1,1,1
3,14,5,59,0.1,1,3,1,1,1,298.68,1,14,1,3,1,3,4,3,1,1,3
3,14,5,60,0.4,1,3,1,1,1,264.35,1,4,3,1,3,1,9,1,1,3,3
3,14,5,61,0.2,1,3,1,1,1,287.45,1,19,3,1,3,1,10,1,1,3,3
3,14,5,62,0.05,3,1,2,2,1,270.14,1,11,1,1,3,3,2,3,1,3,1
3,14,5,63,1.8,2,2,2,2,1,272.29,1,6,3,1,2,2,15,3,1,2,2
3,14,5,64,0.1,1,1,1,1,1,266.6,1,20,1,1,1,1,3,1,3,1,3
3,14,5,65,0.1,1,2,1,1,1,264.91,1,17,1,1,1,1,10,1,1,2,2
3,14,5,66,0.4,2,3,NaN,NaN,NaN,NaN,NaN,20,3,1,2,2,13,1,1,3,3
3,14,5,67,0.4,1,3,1,1,1,264.36,1,20,3,1,3,1,3,3,3,1,1
3,14,5,68,0.05,2,3,2,2,1,348.35,0,15,1,1,2,2,17,3,1,1,3
3,14,5,69,0.4,2,3,2,2,1,268.17,1,12,3,3,2,2,19,1,1,3,3
3,14,5,70,0.8,3,1,2,2,1,256.63,1,2,3,1,1,3,16,1,3,1,3
3,14,5,71,0.8,3,1,2,2,1,245.41,1,4,1,1,3,3,9,1,1,1,1
3,14,5,72,0.4,2,1,2,2,1,273.6,1,13,1,3,2,2,14,3,1,3,1
3,14,5,73,0.05,2,3,2,2,1,331.21,0,8,1,1,2,2,9,3,3,1,1
3,14,5,74,0.8,1,3,NaN,NaN,NaN,NaN,NaN,7,3,1,3,1,18,3,3,1,1
3,14,5,75,0.8,1,3,1,1,1,210.68,1,10,1,1,1,1,19,3,3,1,1
3,14,5,76,1.8,3,1,2,2,1,243.58,1,19,1,3,3,1,19,3,3,3,3
3,14,5,77,0.2,1,2,1,1,1,279.14,1,4,3,1,3,1,6,3,3,2,2
3,14,5,78,0.2,1,3,1,1,1,540.3,0,7,3,1,3,1,18,1,1,3,3
3,14,6,1,1.8,3,3,2,2,1,255.21,1,9,3,3,1,1,14,1,1,3,3
3,14,6,2,0.2,1,3,1,1,1,233.21,1,6,1,1,1,1,20,1,3,3,1
3,14,6,3,0.4,1,3,1,1,1,254.09,1,19,1,3,1,3,6,1,1,3,3
3,14,6,4,0.05,1,1,1,1,1,222.47,1,2,1,3,1,3,11,3,1,3,1
3,14,6,5,0.1,1,2,1,1,1,303.21,0,16,1,3,1,3,5,1,1,2,2
3,14,6,6,0.1,1,2,1,1,1,260.64,1,3,3,1,3,1,19,3,1,2,2
3,14,6,7,0.4,3,2,2,2,1,341.08,0,9,1,1,3,3,3,3,3,2,2
3,14,6,8,0.8,1,3,NaN,NaN,NaN,NaN,NaN,15,1,3,1,3,18,1,3,3,1
3,14,6,9,0.05,1,2,1,1,1,271.2,1,5,3,3,3,3,15,3,1,2,2
3,14,6,10,0.8,2,2,2,2,1,212.51,1,6,3,1,2,2,19,1,1,2,2
3,14,6,11,0.1,1,1,1,1,1,251.1,1,20,1,1,1,1,4,3,1,3,1
3,14,6,12,1.8,2,2,NaN,NaN,NaN,NaN,NaN,13,3,3,2,2,20,3,3,2,2
3,14,6,13,0.1,3,1,2,2,1,291.04,1,5,1,3,3,1,3,3,1,3,1
3,14,6,14,0.8,1,3,1,1,1,289.29,1,9,1,3,1,3,9,1,3,3,1
3,14,6,15,0.1,1,2,1,1,1,226.87,1,18,1,3,1,3,14,3,1,2,2
3,14,6,16,0.4,2,2,2,1,0,289.57,1,11,1,1,2,2,3,3,1,2,2
3,14,6,17,0.2,3,1,2,2,1,153.8,1,18,1,1,3,3,5,3,3,3,3
3,14,6,18,0.4,2,2,2,2,1,256.57,1,16,1,3,2,2,6,1,1,2,2
3,14,6,19,0.4,3,1,2,2,1,355.55,0,16,3,1,1,3,12,1,1,1,1
3,14,6,20,0.05,1,1,1,1,1,291.18,1,17,3,1,3,1,19,3,3,3,3
3,14,6,21,0.1,1,3,1,1,1,268.71,1,15,1,1,1,1,10,1,1,3,3
3,14,6,22,0.2,1,1,1,1,1,252.17,1,4,3,1,3,1,8,3,3,3,3
3,14,6,23,0.2,1,1,1,1,1,254.38,1,3,1,3,1,3,20,1,3,1,3
3,14,6,24,1.8,3,3,NaN,NaN,NaN,NaN,NaN,7,3,3,1,1,16,3,1,1,3
3,14,6,25,1.8,3,2,2,2,1,222.93,1,6,1,1,3,3,12,1,3,2,2
3,14,6,26,1.8,1,3,NaN,NaN,NaN,NaN,NaN,17,3,3,3,3,4,3,1,1,3
3,14,6,27,0.4,2,2,2,2,1,279.58,1,16,1,1,2,2,15,1,1,2,2
3,14,6,28,0.05,1,2,1,1,1,298.62,1,3,1,3,1,3,20,1,1,2,2
3,14,6,29,0.1,3,3,2,2,1,266.37,1,20,1,1,3,3,16,3,3,1,1
3,14,6,30,1.8,1,1,1,1,1,299.02,1,5,1,3,1,3,16,1,3,1,3
3,14,6,31,0.8,2,3,2,2,1,225.65,1,18,1,3,2,2,7,3,3,1,1
3,14,6,32,0.1,3,3,2,2,1,378.62,0,18,3,3,1,1,8,1,3,3,1
3,14,6,33,1.8,1,3,NaN,NaN,NaN,NaN,NaN,20,1,1,1,1,11,1,3,3,1
3,14,6,34,0.2,1,2,1,1,1,273.49,1,7,1,1,1,1,12,3,1,2,2
3,14,6,35,1.8,2,2,2,2,1,251.26,1,10,3,3,2,2,5,1,3,2,2
3,14,6,36,0.4,3,1,2,2,1,254.11,1,3,1,3,3,1,2,1,1,1,1
3,14,6,37,0.05,2,1,2,2,1,351.71,0,16,1,1,2,2,7,1,3,1,3
3,14,6,38,0.05,3,1,2,2,1,301.98,0,15,1,3,3,1,10,3,3,3,3
3,14,6,39,0.1,1,3,1,2,0,244.39,1,12,1,1,1,1,16,3,1,1,3
3,14,6,40,0.8,2,3,NaN,NaN,NaN,NaN,NaN,9,1,1,2,2,16,3,3,1,1
3,14,6,41,0.05,1,2,1,1,1,273,1,20,1,3,1,3,6,1,1,2,2
3,14,6,42,0.2,3,1,2,2,1,280.8,1,7,3,1,1,3,7,1,3,1,3
3,14,6,43,0.2,1,1,1,1,1,52.189,2,19,1,3,1,3,9,3,3,3,3
3,14,6,44,0.2,2,2,2,2,1,254.49,1,11,3,1,2,2,10,1,3,2,2
3,14,6,45,0.05,1,3,1,1,1,290.51,1,12,1,1,1,1,13,3,3,1,1
3,14,6,46,0.05,3,3,2,2,1,305.7,0,9,1,3,3,1,6,3,1,1,3
3,14,6,47,0.8,1,2,1,1,1,261.93,1,8,3,3,3,3,9,1,3,2,2
3,14,6,48,0.2,2,2,2,2,1,312.35,0,16,3,1,2,2,5,1,3,2,2
3,14,6,49,0.8,1,1,1,1,1,251.81,1,16,1,3,1,3,14,3,3,3,3
3,14,6,50,0.05,2,3,2,2,1,323.46,0,1,3,3,2,2,11,1,1,3,3
3,14,6,51,0.8,2,3,2,2,1,218.75,1,6,3,3,2,2,12,1,3,3,1
3,14,6,52,0.4,3,3,2,2,1,301.5,0,14,1,1,3,3,4,3,3,1,1
3,14,6,53,0.4,2,2,2,1,0,250.28,1,12,1,1,2,2,6,1,3,2,2
3,14,6,54,0.4,3,2,2,2,1,280.35,1,14,1,1,3,3,3,3,3,2,2
3,14,6,55,0.2,1,1,1,1,1,223.61,1,5,1,1,1,1,15,1,1,1,1
3,14,6,56,0.2,1,1,1,1,1,216.67,1,10,3,1,3,1,6,1,1,1,1
3,14,6,57,0.8,2,2,2,2,1,258.17,1,12,3,3,2,2,7,1,3,2,2
3,14,6,58,0.05,1,3,1,1,1,300.42,0,1,3,1,3,1,17,3,1,1,3
3,14,6,59,0.4,3,1,2,2,1,299.47,1,20,3,1,1,3,17,3,1,3,1
3,14,6,60,0.2,3,2,2,2,1,292.03,1,4,1,3,3,1,5,1,1,2,2
3,14,6,61,1.8,2,2,2,2,1,224.85,1,15,3,3,2,2,14,1,3,2,2
3,14,6,62,0.4,3,1,2,2,1,203.67,1,7,3,3,1,1,14,3,1,3,1
3,14,6,63,0.8,1,2,1,1,1,299.32,1,12,1,3,1,3,12,1,1,2,2
3,14,6,64,1.8,2,1,2,2,1,238.06,1,17,1,3,2,2,17,3,3,3,3
3,14,6,65,0.1,3,1,2,2,1,330.55,0,5,1,1,3,3,13,3,3,3,3
3,14,6,66,1.8,3,3,2,2,1,221.14,1,16,1,1,3,3,12,3,1,1,3
3,14,6,67,0.05,1,1,1,1,1,276.92,1,14,1,1,1,1,1,1,3,1,3
3,14,6,68,0.1,2,2,2,1,0,228.55,1,4,3,1,2,2,14,1,3,2,2
3,14,6,69,0.1,2,1,2,2,1,196.32,1,15,1,3,2,2,20,1,3,1,3
3,14,6,70,0.8,1,3,1,1,1,281.94,1,11,1,1,1,1,4,3,3,1,1
3,14,6,71,0.4,1,2,1,1,1,295.76,1,4,1,3,1,3,1,1,3,2,2
3,14,6,72,1.8,2,3,2,2,1,269.78,1,14,1,3,2,2,18,1,1,3,3
3,14,6,73,0.8,1,3,1,1,1,293.61,1,18,3,3,3,3,3,3,1,1,3
3,14,6,74,0.8,1,2,NaN,NaN,NaN,NaN,NaN,18,3,3,3,3,13,1,1,2,2
3,14,6,75,1.8,2,1,2,2,1,273.45,1,8,1,1,2,2,3,3,3,3,3
3,14,6,76,0.2,3,1,2,2,1,242.59,1,3,1,1,3,3,7,1,3,1,3
3,14,6,77,0.1,1,1,1,1,1,296.25,1,5,3,1,3,1,13,3,1,3,1
3,14,6,78,0.05,2,2,2,2,1,306.53,0,3,3,3,2,2,18,3,3,2,2
3,14,7,1,0.4,1,3,1,1,1,223.23,1,18,3,3,3,3,19,1,1,3,3
3,14,7,2,0.05,3,3,2,2,1,297.71,1,14,1,3,3,1,17,3,3,1,1
3,14,7,3,0.1,2,1,2,2,1,396.43,0,11,1,1,2,2,17,1,1,1,1
3,14,7,4,0.8,1,3,1,1,1,217.22,1,7,3,1,3,1,6,3,3,1,1
3,14,7,5,0.05,1,3,1,1,1,328.31,0,2,3,1,3,1,11,1,1,3,3
3,14,7,6,0.2,1,1,1,1,1,233.97,1,20,1,3,1,3,12,3,3,3,3
3,14,7,7,1.8,1,1,1,1,1,233.43,1,18,1,3,1,3,4,3,3,3,3
3,14,7,8,0.2,2,2,2,2,1,328.39,0,17,3,3,2,2,17,3,1,2,2
3,14,7,9,0.8,1,1,1,1,1,183.64,1,8,1,1,1,1,9,1,3,1,3
3,14,7,10,0.2,3,2,2,2,1,247.75,1,11,3,3,1,1,3,3,1,2,2
3,14,7,11,0.2,2,3,2,2,1,232.97,1,3,1,1,2,2,13,1,3,3,1
3,14,7,12,0.8,1,1,1,1,1,208.45,1,1,3,1,3,1,20,1,3,1,3
3,14,7,13,0.4,2,2,2,2,1,221.17,1,7,3,1,2,2,18,1,3,2,2
3,14,7,14,0.4,1,1,1,1,1,247.26,1,14,1,3,1,3,5,1,3,1,3
3,14,7,15,0.05,1,1,1,1,1,250.97,1,4,3,1,3,1,4,3,1,3,1
3,14,7,16,0.05,3,1,2,2,1,288.99,1,16,3,3,1,1,15,3,1,3,1
3,14,7,17,0.4,3,2,2,2,1,265.72,1,19,1,1,3,3,1,1,3,2,2
3,14,7,18,1.8,3,3,2,2,1,235.48,1,18,1,1,3,3,4,1,3,3,1
3,14,7,19,0.4,1,3,1,1,1,303.43,0,7,3,1,3,1,13,3,1,1,3
3,14,7,20,1.8,1,1,1,1,1,276.12,1,11,1,1,1,1,16,1,1,1,1
3,14,7,21,1.8,2,1,2,2,1,242.04,1,7,1,1,2,2,13,1,1,1,1
3,14,7,22,0.2,1,3,1,1,1,315.15,0,6,3,1,3,1,7,3,3,1,1
3,14,7,23,0.05,3,1,2,2,1,285.37,1,8,3,1,1,3,11,1,1,1,1
3,14,7,24,0.8,3,2,NaN,NaN,NaN,NaN,NaN,11,1,3,3,1,11,3,1,2,2
3,14,7,25,1.8,1,1,NaN,NaN,NaN,NaN,NaN,8,1,1,1,1,13,1,1,1,1
3,14,7,26,0.2,2,3,2,2,1,276.62,1,16,3,1,2,2,3,1,3,3,1
3,14,7,27,0.1,1,2,1,1,1,292.43,1,13,1,1,1,1,14,1,1,2,2
3,14,7,28,0.8,2,2,2,2,1,257.03,1,7,1,3,2,2,9,1,3,2,2
3,14,7,29,0.4,2,2,2,2,1,281,1,20,1,1,2,2,8,1,1,2,2
3,14,7,30,0.1,3,3,2,2,1,280.08,1,8,1,3,3,1,3,3,3,1,1
3,14,7,31,1.8,3,2,2,2,1,344.34,0,5,3,3,1,1,14,3,1,2,2
3,14,7,32,0.05,2,2,2,1,0,403.53,0,8,3,1,2,2,10,1,1,2,2
3,14,7,33,0.4,3,3,2,2,1,279.02,1,3,1,1,3,3,19,3,3,1,1
3,14,7,34,1.8,1,3,1,1,1,274.65,1,15,1,3,1,3,19,3,3,1,1
3,14,7,35,0.2,2,3,2,2,1,158.76,1,19,3,1,2,2,5,1,1,3,3
3,14,7,36,0.1,1,2,1,1,1,254,1,16,1,1,1,1,10,1,3,2,2
3,14,7,37,0.4,2,1,2,2,1,254.1,1,16,1,1,2,2,1,1,3,1,3
3,14,7,38,0.8,2,1,2,1,0,248.72,1,10,3,3,2,2,7,3,3,3,3
3,14,7,39,0.05,3,1,2,2,1,269.09,1,17,3,3,1,1,5,3,3,3,3
3,14,7,40,0.05,2,1,2,1,0,296.47,1,10,1,1,2,2,15,1,1,1,1
3,14,7,41,0.1,1,3,1,1,1,219.54,1,12,1,3,1,3,1,3,3,1,1
3,14,7,42,0.8,1,1,1,1,1,225.26,1,13,3,1,3,1,7,3,3,3,3
3,14,7,43,0.1,2,2,2,1,0,305.12,0,8,3,1,2,2,13,3,3,2,2
3,14,7,44,0.05,3,2,2,2,1,252.29,1,3,3,3,1,1,2,3,3,2,2
3,14,7,45,0.8,1,2,1,1,1,251.84,1,6,1,3,1,3,15,3,1,2,2
3,14,7,46,0.1,1,2,1,1,1,297.85,1,15,3,3,3,3,19,3,3,2,2
3,14,7,47,0.2,1,3,1,1,1,237.31,1,18,1,3,1,3,3,1,1,3,3
3,14,7,48,0.1,2,2,2,2,1,211.82,1,5,1,1,2,2,14,3,1,2,2
3,14,7,49,0.2,3,3,2,2,1,361.97,0,4,3,3,1,1,18,1,3,3,1
3,14,7,50,0.05,1,2,1,1,1,280.8,1,18,3,1,3,1,10,3,3,2,2
3,14,7,51,0.1,2,1,2,1,0,276.02,1,14,1,3,2,2,13,1,3,1,3
3,14,7,52,0.4,1,2,NaN,NaN,NaN,NaN,NaN,19,1,3,1,3,20,1,3,2,2
3,14,7,53,0.05,2,3,2,2,1,225.69,1,18,1,1,2,2,5,3,1,1,3
3,14,7,54,0.2,2,3,2,2,1,290.54,1,10,1,3,2,2,8,3,1,1,3
3,14,7,55,0.2,1,1,1,1,1,73.094,2,18,1,1,1,1,5,1,3,1,3
3,14,7,56,0.1,1,3,1,1,1,264.26,1,4,3,1,3,1,20,1,3,3,1
3,14,7,57,0.05,3,1,2,2,1,228.23,1,16,1,3,3,1,14,1,1,1,1
3,14,7,58,0.4,2,2,2,2,1,286.45,1,9,3,1,2,2,20,1,3,2,2
3,14,7,59,0.05,2,3,2,2,1,305.34,0,11,3,1,2,2,18,3,1,1,3
3,14,7,60,1.8,1,3,1,1,1,246.13,1,7,1,3,1,3,17,1,3,3,1
3,14,7,61,0.1,1,3,1,1,1,230.32,1,19,3,1,3,1,18,3,1,1,3
3,14,7,62,1.8,1,1,1,1,1,246.19,1,5,1,1,1,1,5,3,1,3,1
3,14,7,63,0.4,1,3,1,1,1,289.83,1,5,1,1,1,1,9,3,3,1,1
3,14,7,64,1.8,1,3,NaN,NaN,NaN,NaN,NaN,13,3,3,3,3,20,1,1,3,3
3,14,7,65,0.4,1,1,1,1,1,286.22,1,20,3,1,3,1,19,1,3,1,3
3,14,7,66,0.2,3,2,2,2,1,267.47,1,4,1,3,3,1,1,1,3,2,2
3,14,7,67,0.8,1,1,1,1,1,246.61,1,7,1,1,1,1,18,3,1,3,1
3,14,7,68,1.8,1,3,1,1,1,265.5,1,8,3,3,3,3,6,3,3,1,1
3,14,7,69,1.8,1,3,1,1,1,229.53,1,15,1,3,1,3,9,1,1,3,3
3,14,7,70,0.1,3,2,2,2,1,250.71,1,19,3,3,1,1,18,1,3,2,2
3,14,7,71,0.2,2,2,2,2,1,359.08,0,20,3,3,2,2,1,1,3,2,2
3,14,7,72,1.8,2,2,2,2,1,367.73,0,19,3,1,2,2,9,1,1,2,2
3,14,7,73,0.4,3,2,2,2,1,311.26,0,14,1,1,3,3,19,3,1,2,2
3,14,7,74,0.8,1,3,1,1,1,236.72,1,8,3,1,3,1,3,3,1,1,3
3,14,7,75,0.1,1,2,1,1,1,307.68,0,11,3,3,3,3,19,1,3,2,2
3,14,7,76,0.8,1,3,1,1,1,217.7,1,15,3,3,3,3,4,3,3,1,1
3,14,7,77,0.8,2,1,2,2,1,248.39,1,18,3,1,2,2,2,3,1,3,1
3,14,7,78,0.8,1,1,1,1,1,294.65,1,7,3,1,3,1,7,1,1,1,1
3,14,8,1,0.05,1,1,1,1,1,279.11,1,20,3,3,3,3,18,3,1,3,1
3,14,8,2,1.8,1,2,1,1,1,257.56,1,9,3,3,3,3,11,3,1,2,2
3,14,8,3,0.1,2,3,2,1,0,232.64,1,8,3,1,2,2,16,3,3,1,1
3,14,8,4,0.8,1,2,1,1,1,205.79,1,5,3,1,3,1,10,3,1,2,2
3,14,8,5,0.2,1,1,1,1,1,260.78,1,11,1,3,1,3,18,1,3,1,3
3,14,8,6,0.4,3,1,NaN,NaN,NaN,NaN,NaN,13,1,1,3,3,1,3,3,3,3
3,14,8,7,0.2,1,3,1,1,1,271.27,1,2,3,3,3,3,17,1,3,3,1
3,14,8,8,0.4,2,2,2,2,1,251.33,1,17,1,3,2,2,20,3,3,2,2
3,14,8,9,0.05,3,3,2,2,1,252.82,1,19,1,3,3,1,14,1,1,3,3
3,14,8,10,0.1,3,1,2,2,1,275.18,1,1,1,3,3,1,17,1,3,1,3
3,14,8,11,0.05,1,2,1,1,1,287.85,1,7,3,1,3,1,6,1,1,2,2
3,14,8,12,0.4,3,2,NaN,NaN,NaN,NaN,NaN,3,1,1,3,3,14,1,1,2,2
3,14,8,13,0.4,1,1,1,1,1,269.1,1,7,1,1,1,1,15,3,3,3,3
3,14,8,14,1.8,3,1,NaN,NaN,NaN,NaN,NaN,2,1,1,3,3,15,3,3,3,3
3,14,8,15,0.1,3,2,2,2,1,296.33,1,20,3,3,1,1,1,3,1,2,2
3,14,8,16,0.4,2,3,2,2,1,308.89,0,13,1,3,2,2,20,3,3,1,1
3,14,8,17,0.8,1,2,1,1,1,257.95,1,16,3,1,3,1,5,1,3,2,2
3,14,8,18,0.8,1,2,1,1,1,249.11,1,17,3,1,3,1,19,1,1,2,2
3,14,8,19,1.8,3,1,2,1,0,219.97,1,5,3,3,1,1,19,3,3,3,3
3,14,8,20,0.8,1,3,1,1,1,236.92,1,3,1,1,1,1,10,1,3,3,1
3,14,8,21,0.1,2,2,2,1,0,265.16,1,20,1,3,2,2,1,1,3,2,2
3,14,8,22,0.8,1,2,1,1,1,217.05,1,17,3,1,3,1,2,1,3,2,2
3,14,8,23,0.05,2,2,2,1,0,273.43,1,10,3,3,2,2,13,3,1,2,2
3,14,8,24,0.4,1,1,1,1,1,288.52,1,7,3,3,3,3,15,1,1,1,1
3,14,8,25,0.2,3,2,2,2,1,344.31,0,20,1,1,3,3,8,1,3,2,2
3,14,8,26,0.2,1,3,1,1,1,226.43,1,3,1,3,1,3,6,3,1,1,3
3,14,8,27,0.1,3,1,2,2,1,235.04,1,8,3,3,1,1,3,3,1,3,1
3,14,8,28,0.1,2,3,2,1,0,279.53,1,10,3,1,2,2,3,1,3,3,1
3,14,8,29,0.1,2,1,2,1,0,185.06,1,10,3,1,2,2,6,3,3,3,3
3,14,8,30,0.4,1,2,1,1,1,270.95,1,8,1,3,1,3,10,1,1,2,2
3,14,8,31,0.4,3,3,NaN,NaN,NaN,NaN,NaN,11,1,3,3,1,14,3,3,1,1
3,14,8,32,0.05,3,3,2,2,1,279.4,1,19,3,1,1,3,20,3,1,1,3
3,14,8,33,0.2,1,3,1,1,1,190.47,1,2,3,3,3,3,8,1,3,3,1
3,14,8,34,0.1,2,3,2,2,1,350.95,0,20,1,3,2,2,3,3,1,1,3
3,14,8,35,1.8,1,2,1,1,1,235.37,1,15,3,1,3,1,11,3,1,2,2
3,14,8,36,1.8,2,2,2,1,0,227.42,1,20,1,3,2,2,13,3,1,2,2
3,14,8,37,1.8,1,2,NaN,NaN,NaN,NaN,NaN,8,1,3,1,3,13,3,3,2,2
3,14,8,38,0.1,1,3,1,1,1,244.83,1,2,3,3,3,3,5,1,3,3,1
3,14,8,39,0.2,2,2,2,1,0,257.72,1,3,3,1,2,2,12,1,1,2,2
3,14,8,40,0.2,3,2,2,2,1,265.76,1,19,1,1,3,3,14,1,3,2,2
3,14,8,41,0.4,3,2,2,2,1,335.92,0,14,3,1,1,3,4,3,3,2,2
3,14,8,42,0.2,3,2,2,2,1,259.94,1,8,3,1,1,3,10,3,1,2,2
3,14,8,43,1.8,1,2,1,1,1,257.39,1,20,3,1,3,1,14,1,3,2,2
3,14,8,44,1.8,1,2,1,1,1,318.45,0,12,1,1,1,1,13,1,3,2,2
3,14,8,45,0.8,1,1,1,1,1,306.45,0,7,3,1,3,1,16,1,1,1,1
3,14,8,46,0.1,3,1,2,2,1,339.5,0,3,3,3,1,1,17,1,1,1,1
3,14,8,47,0.05,1,2,1,1,1,313.32,0,10,3,1,3,1,8,3,1,2,2
3,14,8,48,0.05,1,3,1,1,1,234.88,1,19,1,3,1,3,7,3,3,1,1
3,14,8,49,0.05,1,1,1,1,1,200.43,1,12,1,1,1,1,17,1,1,1,1
3,14,8,50,1.8,1,1,1,1,1,241.77,1,2,3,1,3,1,13,3,1,3,1
3,14,8,51,0.8,1,1,1,1,1,259.71,1,1,3,3,3,3,11,3,3,3,3
3,14,8,52,0.1,3,3,2,2,1,253.97,1,9,3,3,1,1,7,1,3,3,1
3,14,8,53,0.8,1,2,1,1,1,271.31,1,18,3,1,3,1,14,1,3,2,2
3,14,8,54,0.05,2,2,2,2,1,270.98,1,5,3,3,2,2,4,1,1,2,2
3,14,8,55,1.8,1,2,1,1,1,303.79,0,7,1,1,1,1,11,1,1,2,2
3,14,8,56,0.2,2,1,2,2,1,283.05,1,19,3,1,2,2,20,3,3,3,3
3,14,8,57,0.8,2,2,NaN,NaN,NaN,NaN,NaN,1,3,3,2,2,3,1,1,2,2
3,14,8,58,0.8,3,2,2,2,1,243.56,1,14,3,1,1,3,20,3,1,2,2
3,14,8,59,1.8,3,3,2,2,1,266.09,1,10,1,1,3,3,1,3,1,1,3
3,14,8,60,0.4,1,1,1,1,1,308.47,0,16,3,3,3,3,18,1,1,1,1
3,14,8,61,0.05,1,2,1,1,1,243.77,1,19,1,3,1,3,18,1,1,2,2
3,14,8,62,0.05,3,1,2,2,1,293.87,1,10,3,1,1,3,13,3,1,3,1
3,14,8,63,0.1,1,3,1,1,1,233.29,1,3,1,1,1,1,12,3,1,1,3
3,14,8,64,0.05,3,2,2,2,1,282.73,1,19,3,3,1,1,7,3,3,2,2
3,14,8,65,0.2,1,1,1,1,1,261.76,1,12,3,1,3,1,10,1,1,1,1
3,14,8,66,0.05,3,2,2,2,1,291.9,1,18,1,1,3,3,7,3,3,2,2
3,14,8,67,1.8,1,2,1,1,1,242.2,1,6,3,1,3,1,15,1,3,2,2
3,14,8,68,0.2,2,3,2,2,1,278.08,1,19,1,3,2,2,5,3,1,1,3
3,14,8,69,0.2,1,2,1,1,1,405.1,0,19,3,3,3,3,8,1,3,2,2
3,14,8,70,0.8,1,3,1,1,1,265.39,1,11,3,3,3,3,2,1,1,3,3
3,14,8,71,0.1,2,1,2,2,1,293.94,1,19,3,1,2,2,6,1,3,1,3
3,14,8,72,0.4,3,2,2,2,1,430.98,0,3,1,1,3,3,18,3,3,2,2
3,14,8,73,0.8,3,2,NaN,NaN,NaN,NaN,NaN,4,1,3,3,1,17,3,1,2,2
3,14,8,74,0.8,3,3,2,2,1,335.35,0,13,1,3,3,1,7,1,1,3,3
3,14,8,75,0.4,1,3,1,1,1,229.9,1,5,1,3,1,3,17,3,3,1,1
3,14,8,76,1.8,3,2,2,2,1,206.78,1,12,1,1,3,3,12,3,3,2,2
3,14,8,77,0.4,3,2,2,2,1,286.53,1,17,1,1,3,3,1,1,3,2,2
3,14,8,78,0.2,3,3,2,2,1,242.2,1,14,3,3,1,1,8,1,1,3,3
3,14,9,1,0.2,2,3,2,1,0,782.63,0,16,1,3,2,2,12,1,1,3,3
3,14,9,2,0.4,3,1,2,2,1,301.46,0,11,1,1,3,3,18,1,1,1,1
3,14,9,3,0.4,3,1,2,1,0,306.05,0,4,3,3,1,1,9,1,3,1,3
3,14,9,4,0.1,3,3,2,2,1,249.34,1,7,1,3,3,1,8,3,1,1,3
3,14,9,5,0.1,1,2,1,1,1,248.38,1,13,3,1,3,1,2,3,1,2,2
3,14,9,6,0.8,1,2,1,1,1,243.73,1,10,1,3,1,3,8,1,1,2,2
3,14,9,7,0.8,3,3,NaN,NaN,NaN,NaN,NaN,12,1,1,3,3,6,3,3,1,1
3,14,9,8,0.05,2,3,2,1,0,274.93,1,13,1,1,2,2,2,1,3,3,1
3,14,9,9,0.05,1,1,1,1,1,275.44,1,6,3,1,3,1,13,1,1,1,1
3,14,9,10,0.1,2,1,2,2,1,284.14,1,1,1,3,2,2,20,1,1,1,1
3,14,9,11,1.8,2,1,2,2,1,328.72,0,16,1,3,2,2,8,3,1,3,1
3,14,9,12,0.8,3,3,2,2,1,305.37,0,14,1,1,3,3,15,3,1,1,3
3,14,9,13,0.1,2,2,2,2,1,303.87,0,9,3,3,2,2,15,3,3,2,2
3,14,9,14,0.8,1,3,1,1,1,305.1,0,12,3,3,3,3,8,3,3,1,1
3,14,9,15,0.8,2,1,2,2,1,236.45,1,11,3,3,2,2,19,3,1,3,1
3,14,9,16,0.05,1,2,1,1,1,253.95,1,10,1,1,1,1,15,1,1,2,2
3,14,9,17,1.8,1,1,NaN,NaN,NaN,NaN,NaN,7,1,3,1,3,16,1,3,1,3
3,14,9,18,0.2,1,2,1,1,1,294.84,1,19,1,3,1,3,12,1,3,2,2
3,14,9,19,0.2,3,3,2,2,1,338.68,0,2,3,3,1,1,14,3,3,1,1
3,14,9,20,0.2,3,2,2,2,1,269.82,1,8,3,1,1,3,16,3,1,2,2
3,14,9,21,0.1,1,1,1,1,1,308.69,0,13,3,1,3,1,16,1,3,1,3
3,14,9,22,0.8,1,1,1,1,1,359.34,0,19,1,1,1,1,9,1,1,1,1
3,14,9,23,0.8,1,1,1,1,1,273.27,1,6,3,1,3,1,19,1,3,1,3
3,14,9,24,0.1,2,2,2,1,0,208.96,1,3,3,1,2,2,10,1,1,2,2
3,14,9,25,0.8,1,2,1,1,1,209.84,1,13,1,1,1,1,16,1,1,2,2
3,14,9,26,0.1,1,2,1,1,1,312.55,0,4,1,3,1,3,3,1,3,2,2
3,14,9,27,1.8,2,2,NaN,NaN,NaN,NaN,NaN,3,1,3,2,2,16,1,3,2,2
3,14,9,28,0.1,1,3,1,1,1,220.18,1,13,1,1,1,1,20,1,1,3,3
3,14,9,29,1.8,1,1,1,1,1,224.49,1,5,1,3,1,3,1,1,3,1,3
3,14,9,30,0.05,1,3,1,1,1,274.41,1,11,1,3,1,3,12,3,1,1,3
3,14,9,31,0.8,3,1,2,2,1,262.67,1,5,1,1,3,3,5,1,3,1,3
3,14,9,32,0.05,1,3,1,1,1,273.56,1,1,1,1,1,1,11,1,1,3,3
3,14,9,33,0.2,3,1,2,2,1,260.77,1,11,1,3,3,1,4,1,1,1,1
3,14,9,34,1.8,1,1,1,1,1,270.63,1,1,1,3,1,3,10,3,1,3,1
3,14,9,35,0.05,1,3,1,1,1,275.25,1,19,3,1,3,1,11,3,3,1,1
3,14,9,36,1.8,3,2,NaN,NaN,NaN,NaN,NaN,13,1,3,3,1,17,1,3,2,2
3,14,9,37,0.05,2,2,2,2,1,336.93,0,14,1,1,2,2,12,1,3,2,2
3,14,9,38,0.4,3,3,2,2,1,309.03,0,14,1,1,3,3,5,1,3,3,1
3,14,9,39,0.2,3,1,2,2,1,256.13,1,2,3,3,1,1,17,1,3,1,3
3,14,9,40,0.4,2,2,2,2,1,230.85,1,3,3,3,2,2,14,3,3,2,2
3,14,9,41,1.8,2,1,2,2,1,247.16,1,8,1,1,2,2,19,1,1,1,1
3,14,9,42,0.1,1,1,1,1,1,308.23,0,14,1,1,1,1,11,3,1,3,1
3,14,9,43,0.4,1,1,1,1,1,280.07,1,9,1,3,1,3,19,1,3,1,3
3,14,9,44,0.1,2,3,2,2,1,273.19,1,7,3,1,2,2,16,1,3,3,1
3,14,9,45,0.05,1,2,1,1,1,254.6,1,4,1,1,1,1,16,1,1,2,2
3,14,9,46,1.8,1,1,1,1,1,286.02,1,17,3,1,3,1,10,3,3,3,3
3,14,9,47,0.8,3,1,2,2,1,289.89,1,11,1,1,3,3,4,3,3,3,3
3,14,9,48,0.05,3,1,2,2,1,293.31,1,9,3,1,1,3,18,3,3,3,3
3,14,9,49,1.8,2,3,2,2,1,225.83,1,3,3,1,2,2,8,1,1,3,3
3,14,9,50,0.2,1,3,1,1,1,288.24,1,11,1,1,1,1,6,3,3,1,1
3,14,9,51,0.4,3,2,2,2,1,271.88,1,8,3,3,1,1,8,3,3,2,2
3,14,9,52,1.8,1,1,1,1,1,239.4,1,17,3,3,3,3,4,3,3,3,3
3,14,9,53,0.4,2,1,2,2,1,291.68,1,7,3,1,2,2,7,3,3,3,3
3,14,9,54,0.4,2,1,2,2,1,261.75,1,10,3,3,2,2,4,1,1,1,1
3,14,9,55,1.8,3,2,2,2,1,253.09,1,8,3,3,1,1,20,3,3,2,2
3,14,9,56,0.1,1,3,1,1,1,248.53,1,8,1,1,1,1,11,3,1,1,3
3,14,9,57,0.2,2,1,2,2,1,235.95,1,14,3,1,2,2,18,1,1,1,1
3,14,9,58,1.8,1,2,1,1,1,318.31,0,5,3,3,3,3,5,3,1,2,2
3,14,9,59,0.8,1,2,1,1,1,292.95,1,4,1,3,1,3,15,3,1,2,2
3,14,9,60,0.05,1,2,1,1,1,265.18,1,20,3,1,3,1,9,3,1,2,2
3,14,9,61,0.2,2,2,2,2,1,227.13,1,6,1,3,2,2,4,1,1,2,2
3,14,9,62,0.05,1,1,1,1,1,230.11,1,9,3,1,3,1,2,3,3,3,3
3,14,9,63,0.4,3,1,2,2,1,187.39,1,14,3,1,1,3,11,1,3,1,3
3,14,9,64,0.2,3,1,2,2,1,160.99,1,2,3,1,1,3,19,3,3,3,3
3,14,9,65,0.1,2,3,2,2,1,298.83,1,16,3,3,2,2,9,1,3,3,1
3,14,9,66,0.05,1,2,1,2,0,262.67,1,20,3,3,3,3,7,3,1,2,2
3,14,9,67,0.8,1,2,1,1,1,285.98,1,1,3,1,3,1,17,1,3,2,2
3,14,9,68,0.1,2,1,2,2,1,353.51,0,5,1,1,2,2,13,1,1,1,1
3,14,9,69,0.4,2,2,2,2,1,247.47,1,18,1,3,2,2,2,3,3,2,2
3,14,9,70,0.05,2,1,2,2,1,310.71,0,15,1,1,2,2,19,3,3,3,3
3,14,9,71,0.4,1,3,1,1,1,321.87,0,16,1,3,1,3,13,3,3,1,1
3,14,9,72,0.2,3,1,2,2,1,269.08,1,12,3,3,1,1,12,1,3,1,3
3,14,9,73,0.4,3,3,2,2,1,238.57,1,18,3,3,1,1,17,3,3,1,1
3,14,9,74,0.8,1,1,1,1,1,232.55,1,2,3,1,3,1,3,3,3,3,3
3,14,9,75,0.4,1,3,1,1,1,262.93,1,1,1,1,1,1,6,3,1,1,3
3,14,9,76,0.2,2,1,2,2,1,267.66,1,6,1,1,2,2,9,3,1,3,1
3,14,9,77,0.2,2,2,2,2,1,356.82,0,1,3,3,2,2,5,3,3,2,2
3,14,9,78,1.8,1,2,NaN,NaN,NaN,NaN,NaN,7,1,3,1,3,11,1,3,2,2
3,14,10,1,0.4,3,2,2,2,1,260.8,1,13,1,1,3,3,11,1,1,2,2
3,14,10,2,0.8,1,2,1,1,1,269.55,1,1,3,3,3,3,5,3,1,2,2
3,14,10,3,0.2,1,1,1,1,1,258.26,1,18,1,1,1,1,9,1,3,1,3
3,14,10,4,1.8,3,1,2,2,1,269.82,1,11,3,3,1,1,12,1,1,1,1
3,14,10,5,0.8,3,3,2,2,1,228.55,1,17,1,3,3,1,16,3,1,1,3
3,14,10,6,0.4,2,3,2,2,1,307.54,0,7,1,3,2,2,1,3,3,1,1
3,14,10,7,0.1,1,3,1,2,0,313.2,0,2,1,3,1,3,3,1,1,3,3
3,14,10,8,0.2,1,3,1,1,1,275.81,1,20,1,1,1,1,17,1,3,3,1
3,14,10,9,1.8,1,2,1,1,1,218.68,1,14,3,1,3,1,7,3,1,2,2
3,14,10,10,0.1,1,3,1,1,1,289.42,1,1,3,1,3,1,10,1,1,3,3
3,14,10,11,0.2,1,3,1,1,1,254.16,1,17,3,1,3,1,7,3,1,1,3
3,14,10,12,1.8,2,2,2,1,0,351.86,0,7,1,3,2,2,15,1,1,2,2
3,14,10,13,0.8,2,2,2,1,0,166.95,1,12,3,3,2,2,9,3,1,2,2
3,14,10,14,0.05,1,1,1,1,1,320.84,0,18,1,1,1,1,17,1,1,1,1
3,14,10,15,0.1,1,1,1,1,1,192.33,1,13,1,3,1,3,12,1,1,1,1
3,14,10,16,0.4,2,3,2,1,0,220.89,1,4,1,1,2,2,8,1,1,3,3
3,14,10,17,0.05,2,3,2,1,0,244.94,1,4,1,3,2,2,1,3,1,1,3
3,14,10,18,0.4,2,1,2,1,0,278.56,1,3,3,1,2,2,11,3,1,3,1
3,14,10,19,0.2,3,1,2,2,1,128.31,1,13,1,1,3,3,19,3,1,3,1
3,14,10,20,0.4,2,1,2,2,1,286.63,1,9,3,3,2,2,2,1,3,1,3
3,14,10,21,1.8,3,1,NaN,NaN,NaN,NaN,NaN,10,1,3,3,1,6,1,1,1,1
3,14,10,22,0.1,1,2,1,1,1,284.31,1,6,1,3,1,3,14,3,1,2,2
3,14,10,23,0.1,1,1,1,1,1,304.6,0,4,3,1,3,1,11,1,3,1,3
3,14,10,24,0.8,1,2,1,1,1,274.21,1,5,1,3,1,3,5,3,1,2,2
3,14,10,25,0.2,2,2,2,2,1,310.1,0,11,3,1,2,2,4,3,3,2,2
3,14,10,26,0.4,1,1,1,1,1,267.17,1,4,3,3,3,3,13,3,1,3,1
3,14,10,27,0.4,2,1,2,2,1,248.44,1,3,1,1,2,2,1,3,1,3,1
3,14,10,28,0.05,1,1,1,1,1,316.94,0,3,3,1,3,1,16,3,1,3,1
3,14,10,29,1.8,1,2,1,1,1,268.48,1,12,1,1,1,1,13,3,3,2,2
3,14,10,30,0.8,3,1,2,2,1,242.99,1,3,1,1,3,3,8,3,3,3,3
3,14,10,31,0.4,1,1,1,2,0,302.24,0,5,3,1,3,1,4,1,3,1,3
3,14,10,32,0.05,3,2,2,2,1,347.55,0,10,3,1,1,3,20,3,3,2,2
3,14,10,33,0.2,1,1,1,1,1,228.41,1,4,1,3,1,3,9,3,3,3,3
3,14,10,34,0.2,1,1,1,1,1,238.75,1,10,3,1,3,1,6,1,1,1,1
3,14,10,35,0.2,1,1,1,1,1,305.95,0,4,3,3,3,3,8,1,3,1,3
3,14,10,36,0.1,3,3,2,2,1,247.85,1,14,1,3,3,1,7,1,3,3,1
3,14,10,37,0.1,3,1,2,2,1,218.84,1,14,1,3,3,1,12,1,3,1,3
3,14,10,38,0.05,3,2,2,2,1,235.14,1,8,3,3,1,1,17,1,1,2,2
3,14,10,39,0.8,1,1,1,1,1,271.61,1,15,1,1,1,1,8,3,1,3,1
3,14,10,40,0.1,1,1,1,1,1,278.91,1,9,3,1,3,1,11,1,1,1,1
3,14,10,41,1.8,2,3,2,2,1,234.86,1,3,3,1,2,2,11,3,3,1,1
3,14,10,42,0.05,1,1,1,1,1,219.86,1,15,1,1,1,1,10,3,3,3,3
3,14,10,43,1.8,3,1,NaN,NaN,NaN,NaN,NaN,1,3,3,1,1,9,3,1,3,1
3,14,10,44,0.8,1,2,1,1,1,263.32,1,4,1,1,1,1,3,1,3,2,2
3,14,10,45,0.05,3,3,2,2,1,309.65,0,14,1,1,3,3,5,3,1,1,3
3,14,10,46,0.8,2,2,2,2,1,254.37,1,9,3,1,2,2,16,3,3,2,2
3,14,10,47,0.05,1,1,1,1,1,423.54,0,16,3,1,3,1,12,1,3,1,3
3,14,10,48,0.4,1,2,1,1,1,291.33,1,1,1,1,1,1,4,1,1,2,2
3,14,10,49,0.2,3,1,2,2,1,273.22,1,7,3,3,1,1,12,1,3,1,3
3,14,10,50,1.8,1,1,1,1,1,231.82,1,20,3,3,3,3,8,1,3,1,3
3,14,10,51,0.8,2,2,2,2,1,310.65,0,13,1,1,2,2,12,1,1,2,2
3,14,10,52,1.8,2,3,2,1,0,329.74,0,10,1,1,2,2,14,3,3,1,1
3,14,10,53,0.1,1,1,1,1,1,341.96,0,9,3,1,3,1,15,3,1,3,1
3,14,10,54,0.05,3,1,2,2,1,518.25,0,16,3,3,1,1,4,3,3,3,3
3,14,10,55,1.8,1,1,NaN,NaN,NaN,NaN,NaN,7,1,3,1,3,1,3,1,3,1
3,14,10,56,0.8,1,2,NaN,NaN,NaN,NaN,NaN,13,1,1,1,1,13,1,3,2,2
3,14,10,57,0.2,3,3,2,2,1,351.58,0,7,1,1,3,3,16,1,3,3,1
3,14,10,58,0.4,1,2,1,1,1,308.07,0,11,3,3,3,3,14,3,1,2,2
3,14,10,59,0.2,1,3,1,1,1,76.476,2,17,1,3,1,3,19,1,1,3,3
3,14,10,60,0.1,1,3,1,1,1,292.2,1,13,1,3,1,3,11,1,1,3,3
3,14,10,61,0.8,1,3,1,1,1,308.94,0,4,3,1,3,1,5,3,3,1,1
3,14,10,62,0.2,1,2,1,1,1,275.76,1,13,3,3,3,3,13,1,3,2,2
3,14,10,63,0.8,2,1,2,1,0,297.89,1,4,1,3,2,2,17,1,1,1,1
3,14,10,64,0.05,1,3,1,1,1,274.71,1,13,1,1,1,1,17,1,1,3,3
3,14,10,65,0.8,1,2,NaN,NaN,NaN,NaN,NaN,4,1,3,1,3,14,1,3,2,2
3,14,10,66,0.1,2,2,2,1,0,295.97,1,1,3,3,2,2,17,3,1,2,2
3,14,10,67,0.4,3,3,2,2,1,295.9,1,18,3,3,1,1,19,1,1,3,3
3,14,10,68,1.8,2,3,2,2,1,259.19,1,1,1,3,2,2,13,3,3,1,1
3,14,10,69,1.8,3,2,2,2,1,303.39,0,2,3,1,1,3,15,1,1,2,2
3,14,10,70,0.05,1,1,1,1,1,330.47,0,8,1,3,1,3,15,3,3,3,3
3,14,10,71,0.1,1,2,1,1,1,249.33,1,19,3,1,3,1,4,1,3,2,2
3,14,10,72,0.05,1,3,1,1,1,266.81,1,12,3,3,3,3,8,1,1,3,3
3,14,10,73,0.05,1,3,1,1,1,285.62,1,10,3,3,3,3,14,3,1,1,3
3,14,10,74,0.2,1,2,1,1,1,219.99,1,9,3,1,3,1,2,1,3,2,2
3,14,10,75,0.4,2,1,2,2,1,270.88,1,19,1,3,2,2,10,1,1,1,1
3,14,10,76,0.4,3,3,2,2,1,243.36,1,1,1,3,3,1,9,3,1,1,3
3,14,10,77,0.1,2,1,2,1,0,307.56,0,10,3,3,2,2,14,3,3,3,3
3,14,10,78,1.8,3,1,NaN,NaN,NaN,NaN,NaN,12,1,3,3,1,9,3,3,3,3
