3,12,1,1,0.4,3,2,2,2,1,238.45,1,4,3,3,1,1,14,1,1,2,2
3,12,1,2,0.4,2,1,2,2,1,212.36,1,6,1,3,2,2,17,1,3,1,3
3,12,1,3,1.8,3,1,2,2,1,212.02,1,8,3,3,1,1,10,3,3,3,3
3,12,1,4,0.8,1,1,1,1,1,232.44,1,20,1,3,1,3,6,3,3,3,3
3,12,1,5,0.05,1,1,1,1,1,258.42,1,10,1,1,1,1,1,1,1,1,1
3,12,1,6,1.8,1,2,1,1,1,234.14,1,1,3,1,3,1,4,3,3,2,2
3,12,1,7,0.4,1,3,1,1,1,208.05,1,15,3,1,3,1,15,1,1,3,3
3,12,1,8,0.1,1,3,1,1,1,232.99,1,2,3,3,3,3,17,3,3,1,1
3,12,1,9,1.8,2,1,NaN,NaN,NaN,NaN,NaN,19,3,1,2,2,8,1,3,1,3
3,12,1,10,0.2,1,1,1,1,1,235.09,1,6,1,1,1,1,20,3,1,3,1
3,12,1,11,0.1,1,3,1,1,1,235.86,1,5,1,3,1,3,9,1,3,3,1
3,12,1,12,1.8,1,2,1,1,1,300.91,0,1,1,1,1,1,19,3,3,2,2
3,12,1,13,1.8,1,3,1,1,1,232.9,1,19,3,1,3,1,11,3,1,1,3
3,12,1,14,0.4,1,1,1,1,1,223.83,1,19,3,3,3,3,15,3,1,3,1
3,12,1,15,0.8,1,3,1,1,1,240.13,1,4,1,1,1,1,7,1,3,3,1
3,12,1,16,0.05,3,1,2,1,0,299.98,1,2,1,3,3,1,17,3,1,3,1
3,12,1,17,0.4,1,2,1,1,1,269.7,1,6,3,3,3,3,15,1,3,2,2
3,12,1,18,0.05,1,2,1,1,1,250.29,1,13,3,3,3,3,9,1,3,2,2
3,12,1,19,0.2,1,1,1,1,1,231.76,1,2,3,3,3,3,14,3,1,3,1
3,12,1,20,0.8,1,3,1,1,1,246.49,1,19,3,1,3,1,20,1,3,3,1
3,12,1,21,0.4,1,2,1,1,1,248.18,1,18,1,3,1,3,1,1,3,2,2
3,12,1,22,0.4,1,3,1,1,1,251.54,1,11,3,1,3,1,3,1,1,3,3
3,12,1,23,0.2,3,1,2,2,1,305.51,0,14,1,3,3,1,10,1,1,1,1
3,12,1,24,0.05,2,1,2,1,0,226.2,1,9,3,1,2,2,19,1,3,1,3
3,12,1,25,0.1,2,3,2,1,0,197.55,1,17,3,1,2,2,11,3,3,1,1
3,12,1,26,0.4,2,3,2,2,1,301.94,0,5,3,3,2,2,1,1,1,3,3
3,12,1,27,0.05,1,2,1,1,1,283.58,1,5,1,1,1,1,11,1,1,2,2
3,12,1,28,0.1,3,3,2,2,1,555.44,0,6,3,1,1,3,18,1,1,3,3
3,12,1,29,0.1,1,2,1,1,1,255.84,1,17,3,1,3,1,18,1,1,2,2
3,12,1,30,0.8,1,2,1,1,1,244.06,1,20,3,3,3,3,11,3,1,2,2
3,12,1,31,1.8,3,1,2,2,1,236.55,1,5,1,3,3,1,14,1,3,1,3
3,12,1,32,0.05,3,3,2,2,1,312.6,0,13,3,1,1,3,10,3,1,1,3
3,12,1,33,0.05,1,3,1,1,1,229.31,1,1,1,3,1,3,1,1,3,3,1
3,12,1,34,0.4,3,1,2,2,1,339.91,0,1,1,3,3,1,5,1,3,1,3
3,12,1,35,0.05,1,2,1,1,1,269.44,1,20,1,3,1,3,10,1,3,2,2
3,12,1,36,1.8,1,1,1,1,1,241.78,1,5,3,3,3,3,5,1,3,1,3
3,12,1,37,1.8,1,3,1,1,1,196.05,1,13,1,3,1,3,13,1,1,3,3
3,12,1,38,0.2,3,1,2,2,1,215.24,1,1,3,1,1,3,15,3,3,3,3
3,12,1,39,0.05,3,3,2,2,1,473.59,0,12,3,1,1,3,13,3,1,1,3
3,12,1,40,0.2,1,2,1,1,1,276.38,1,7,3,3,3,3,11,1,1,2,2
3,12,1,41,0.2,2,2,2,2,1,268.92,1,18,3,3,2,2,7,3,3,2,2
3,12,1,42,0.1,2,3,2,2,1,284.49,1,13,3,3,2,2,19,1,1,3,3
3,12,1,43,0.1,1,3,1,1,1,219.61,1,16,1,1,1,1,1,1,1,3,3
3,12,1,44,1.8,1,1,1,1,1,261.95,1,11,1,3,1,3,12,1,3,1,3
3,12,1,45,0.2,1,3,1,1,1,285.61,1,18,1,1,1,1,18,3,1,1,3
3,12,1,46,0.4,3,3,2,2,1,230.72,1,20,1,3,3,1,4,1,3,3,1
3,12,1,47,0.8,2,2,2,2,1,218.29,1,16,3,1,2,2,1,3,1,2,2
3,12,1,48,0.05,1,3,1,1,1,365.98,0,13,3,3,3,3,3,1,1,3,3
3,12,1,49,1.8,1,2,1,1,1,261.32,1,2,1,3,1,3,12,1,3,2,2
3,12,1,50,0.1,2,1,2,2,1,392.73,0,18,3,3,2,2,9,1,3,1,3
3,12,1,51,0.1,3,2,2,1,0,211.01,1,12,1,3,3,1,12,1,1,2,2
3,12,1,52,0.2,1,1,1,1,1,217.73,1,15,3,3,3,3,3,1,1,1,1
3,12,1,53,0.1,3,3,2,2,1,230.14,1,9,3,3,1,1,16,3,1,1,3
3,12,1,54,0.8,1,1,1,1,1,205.33,1,1,3,1,3,1,12,3,1,3,1
3,12,1,55,1.8,3,1,2,2,1,235.56,1,2,3,1,1,3,6,1,3,1,3
3,12,1,56,0.1,1,3,1,1,1,244.59,1,3,3,3,3,3,17,1,1,3,3
3,12,1,57,0.4,3,3,2,2,1,247.32,1,1,3,1,1,3,12,3,1,1,3
3,12,1,58,0.2,1,3,1,1,1,222.57,1,13,1,3,1,3,16,1,3,3,1
3,12,1,59,0.05,2,1,2,2,1,280.25,1,10,1,3,2,2,16,3,3,3,3
3,12,1,60,0.4,1,2,1,1,1,268.65,1,10,3,3,3,3,19,3,3,2,2
3,12,1,61,0.8,1,2,1,1,1,237.63,1,4,1,3,1,3,15,1,3,2,2
3,12,1,62,0.4,1,1,1,1,1,264.49,1,12,3,3,3,3,16,1,3,1,3
3,12,1,63,0.05,3,3,2,1,0,326.45,0,4,3,3,1,1,12,3,3,1,1
3,12,1,64,1.8,3,2,NaN,NaN,NaN,NaN,NaN,11,3,1,1,3,6,3,3,2,2
3,12,1,65,0.2,1,1,1,1,1,215.61,1,16,3,1,3,1,2,1,1,1,1
3,12,1,66,0.2,1,2,1,1,1,235.37,1,1,3,3,3,3,3,1,1,2,2
3,12,1,67,0.2,1,3,1,1,1,277.19,1,17,3,1,3,1,18,1,1,3,3
3,12,1,68,0.05,1,1,1,2,0,330.83,0,10,3,3,3,3,13,1,1,1,1
3,12,1,69,0.2,3,3,2,2,1,290.56,1,13,3,3,1,1,14,1,3,3,1
3,12,1,70,0.8,3,2,2,2,1,262.44,1,14,1,1,3,3,19,1,1,2,2
3,12,1,71,1.8,2,2,2,2,1,274.7,1,18,3,1,2,2,11,1,1,2,2
3,12,1,72,0.1,3,3,2,2,1,267.96,1,4,1,1,3,3,8,3,1,1,3
3,12,1,73,0.8,3,2,2,2,1,256.11,1,11,3,3,1,1,3,3,3,2,2
3,12,1,74,0.8,1,2,1,1,1,246.1,1,6,3,3,3,3,17,3,1,2,2
3,12,1,75,0.1,1,2,1,1,1,286.54,1,2,3,3,3,3,10,3,3,2,2
3,12,1,76,0.8,2,2,2,2,1,220.01,1,9,1,1,2,2,8,1,1,2,2
3,12,1,77,0.8,1,2,1,1,1,308.75,0,20,1,3,1,3,19,1,1,2,2
3,12,1,78,0.8,2,1,2,2,1,285.22,1,6,3,1,2,2,13,3,3,3,3
3,12,2,1,0.05,1,2,1,1,1,258.68,1,3,1,3,1,3,5,1,3,2,2
3,12,2,2,0.4,1,3,1,1,1,258.3,1,19,1,1,1,1,4,1,3,3,1
3,12,2,3,0.2,1,3,1,1,1,250.48,1,18,3,1,3,1,12,3,1,1,3
3,12,2,4,0.2,1,2,1,1,1,329.98,0,15,1,3,1,3,7,3,3,2,2
3,12,2,5,1.8,1,1,1,1,1,283.39,1,17,3,1,3,1,6,3,3,3,3
3,12,2,6,1.8,1,2,1,1,1,277.07,1,13,3,3,3,3,4,3,1,2,2
3,12,2,7,1.8,1,2,1,1,1,248.49,1,14,1,1,1,1,10,3,1,2,2
3,12,2,8,0.8,2,3,NaN,NaN,NaN,NaN,NaN,1,1,3,2,2,6,1,3,3,1
3,12,2,9,1.8,1,1,1,2,0,285.89,1,20,1,3,1,3,2,1,1,1,1
3,12,2,10,1.8,1,2,1,1,1,232.05,1,16,3,1,3,1,11,3,3,2,2
3,12,2,11,0.05,1,2,1,1,1,294.7,1,11,3,3,3,3,20,3,1,2,2
3,12,2,12,0.1,2,1,2,1,0,357.5,0,4,3,3,2,2,7,1,3,1,3
3,12,2,13,0.4,1,1,1,1,1,437.64,0,13,1,1,1,1,4,3,3,3,3
3,12,2,14,0.05,2,1,2,1,0,268.43,1,9,1,3,2,2,7,1,1,1,1
3,12,2,15,0.05,2,2,2,2,1,309.19,0,6,1,3,2,2,1,3,1,2,2
3,12,2,16,0.1,2,1,2,1,0,268.45,1,9,1,1,2,2,15,3,3,3,3
3,12,2,17,0.8,1,2,NaN,NaN,NaN,NaN,NaN,20,3,3,3,3,2,1,3,2,2
3,12,2,18,0.8,1,3,1,1,1,265.18,1,19,1,1,1,1,14,1,3,3,1
3,12,2,19,1.8,3,1,2,2,1,278.72,1,6,3,1,1,3,10,3,3,3,3
3,12,2,20,0.4,2,3,2,2,1,411.04,0,2,1,1,2,2,12,1,1,3,3
3,12,2,21,0.4,2,3,2,2,1,255.22,1,18,3,1,2,2,7,3,3,1,1
3,12,2,22,0.05,1,1,1,2,0,297.21,1,1,3,3,3,3,16,1,3,1,3
3,12,2,23,0.4,3,2,2,2,1,188.65,1,18,3,1,1,3,13,1,1,2,2
3,12,2,24,1.8,2,1,NaN,NaN,NaN,NaN,NaN,14,3,3,2,2,16,3,1,3,1
3,12,2,25,0.2,1,3,1,1,1,209.26,1,12,3,3,3,3,7,3,1,1,3
3,12,2,26,0.4,3,1,2,2,1,282.13,1,10,1,3,3,1,11,1,1,1,1
3,12,2,27,0.1,1,2,1,1,1,303.09,0,17,3,1,3,1,2,3,3,2,2
3,12,2,28,0.8,3,1,NaN,NaN,NaN,NaN,NaN,8,1,1,3,3,13,3,1,3,1
3,12,2,29,0.8,3,2,2,2,1,286.36,1,6,1,1,3,3,11,1,3,2,2
3,12,2,30,0.8,2,2,2,2,1,253.33,1,9,1,1,2,2,5,1,3,2,2
3,12,2,31,0.4,1,2,1,1,1,265.02,1,4,1,3,1,3,15,3,1,2,2
3,12,2,32,0.1,3,3,2,2,1,255.01,1,20,1,3,3,1,4,1,3,3,1
3,12,2,33,0.05,1,3,1,1,1,272.98,1,12,1,1,1,1,1,3,3,1,1
3,12,2,34,0.8,1,2,1,1,1,230.27,1,1,3,1,3,1,8,1,3,2,2
3,12,2,35,0.1,1,3,1,1,1,304.34,0,9,1,3,1,3,1,1,3,3,1
3,12,2,36,0.4,2,3,2,2,1,276.69,1,13,3,3,2,2,12,3,3,1,1
3,12,2,37,0.2,2,1,2,2,1,284.09,1,6,1,1,2,2,18,3,1,3,1
3,12,2,38,0.05,1,2,1,1,1,277.3,1,17,3,3,3,3,15,3,3,2,2
3,12,2,39,0.1,1,1,1,2,0,261.4,1,9,1,3,1,3,14,3,3,3,3
3,12,2,40,0.8,2,3,2,2,1,263.49,1,13,1,1,2,2,9,3,3,1,1
3,12,2,41,0.2,3,3,2,2,1,136.57,1,18,1,3,3,1,15,3,3,1,1
3,12,2,42,0.1,3,3,2,2,1,308.48,0,9,1,1,3,3,9,3,3,1,1
3,12,2,43,1.8,2,3,2,2,1,233.03,1,16,1,3,2,2,4,1,3,3,1
3,12,2,44,0.2,1,1,1,1,1,270.18,1,19,1,3,1,3,20,3,3,3,3
3,12,2,45,0.8,1,3,1,1,1,206.16,1,12,3,1,3,1,7,3,1,1,3
3,12,2,46,0.4,1,2,1,1,1,232.35,1,19,3,3,3,3,1,1,3,2,2
3,12,2,47,0.05,3,3,2,2,1,291.55,1,13,3,3,1,1,20,3,3,1,1
3,12,2,48,0.8,1,1,1,1,1,215.24,1,16,3,3,3,3,10,1,3,1,3
3,12,2,49,1.8,3,1,2,2,1,255.74,1,12,1,3,3,1,17,3,1,3,1
3,12,2,50,0.4,3,3,2,2,1,253.95,1,15,1,3,3,1,17,3,1,1,3
3,12,2,51,0.4,1,1,1,1,1,433.86,0,2,3,1,3,1,6,1,3,1,3
3,12,2,52,0.2,1,2,1,1,1,243.91,1,3,3,3,3,3,20,3,1,2,2
3,12,2,53,0.4,1,3,NaN,NaN,NaN,NaN,NaN,9,3,3,3,3,17,1,1,3,3
3,12,2,54,0.2,3,1,2,2,1,181.24,1,19,1,1,3,3,5,1,3,1,3
3,12,2,55,1.8,3,3,2,2,1,261.62,1,3,3,1,1,3,13,1,3,3,1
3,12,2,56,0.1,2,3,2,2,1,265.26,1,8,3,3,2,2,8,3,1,1,3
3,12,2,57,0.05,1,3,1,1,1,264,1,15,1,1,1,1,20,1,3,3,1
3,12,2,58,0.05,2,2,2,1,0,261.79,1,16,3,1,2,2,14,3,3,2,2
3,12,2,59,0.05,2,2,2,1,0,287.19,1,4,3,1,2,2,2,1,3,2,2
3,12,2,60,0.1,1,2,1,1,1,238.51,1,11,3,3,3,3,6,1,3,2,2
3,12,2,61,0.1,1,1,1,2,0,241.42,1,17,1,1,1,1,11,3,1,3,1
3,12,2,62,1.8,2,1,2,2,1,205.7,1,15,1,1,2,2,7,3,1,3,1
3,12,2,63,1.8,3,3,2,2,1,220.99,1,15,1,1,3,3,8,3,3,1,1
3,12,2,64,0.8,1,1,NaN,NaN,NaN,NaN,NaN,5,1,3,1,3,16,3,3,3,3
3,12,2,65,0.8,1,3,1,1,1,333.19,0,3,1,1,1,1,20,1,1,3,3
3,12,2,66,0.1,1,1,1,1,1,236.57,1,2,3,3,3,3,7,1,1,1,1
3,12,2,67,0.8,1,1,1,1,1,270.75,1,5,1,1,1,1,4,3,3,3,3
3,12,2,68,0.2,1,2,1,1,1,272.22,1,16,3,1,3,1,10,1,3,2,2
3,12,2,69,0.05,1,3,1,1,1,294.03,1,10,1,1,1,1,1,3,3,1,1
3,12,2,70,0.4,1,1,1,1,1,284.02,1,16,3,1,3,1,12,1,3,1,3
3,12,2,71,0.2,1,1,1,1,1,248.73,1,1,1,1,1,1,4,3,3,3,3
3,12,2,72,1.8,1,2,1,1,1,250.8,1,16,1,3,1,3,2,1,3,2,2
3,12,2,73,0.05,3,1,2,2,1,297.79,1,18,3,3,1,1,6,3,1,3,1
3,12,2,74,0.2,1,2,1,1,1,246.3,1,1,1,1,1,1,6,3,1,2,2
3,12,2,75,0.1,1,1,1,1,1,174.43,1,2,1,3,1,3,16,1,3,1,3
3,12,2,76,0.1,2,1,2,2,1,264.72,1,18,3,1,2,2,16,1,3,1,3
3,12,2,77,0.2,1,2,1,1,1,179.14,1,9,3,1,3,1,20,1,1,2,2
3,12,2,78,0.2,1,2,1,1,1,246.98,1,4,3,1,3,1,2,3,1,2,2
3,12,3,1,0.05,1,1,1,1,1,251.25,1,2,3,3,3,3,8,1,3,1,3
3,12,3,2,0.2,2,1,2,2,1,321.72,0,10,3,1,2,2,20,3,3,3,3
3,12,3,3,0.8,1,1,1,1,1,241.2,1,1,1,1,1,1,6,1,3,1,3
3,12,3,4,0.2,1,3,1,1,1,209.22,1,7,3,3,3,3,17,3,1,1,3
3,12,3,5,0.4,3,1,2,2,1,195.41,1,11,1,3,3,1,18,3,3,3,3
3,12,3,6,1.8,3,2,2,2,1,198.92,1,1,3,1,1,3,8,3,3,2,2
3,12,3,7,0.4,1,2,NaN,NaN,NaN,NaN,NaN,20,3,1,3,1,8,1,3,2,2
3,12,3,8,0.8,2,1,2,2,1,239.95,1,3,1,3,2,2,18,3,1,3,1
3,12,3,9,1.8,1,3,1,1,1,226.37,1,18,3,3,3,3,4,3,1,1,3
3,12,3,10,0.4,2,2,2,2,1,276.52,1,18,3,3,2,2,13,3,3,2,2
3,12,3,11,0.4,3,1,2,2,1,259.81,1,4,3,1,1,3,8,3,3,3,3
3,12,3,12,0.8,1,2,NaN,NaN,NaN,NaN,NaN,7,3,1,3,1,19,1,1,2,2
3,12,3,13,0.4,1,3,1,1,1,257.56,1,13,1,1,1,1,4,3,1,1,3
3,12,3,14,0.4,2,3,2,2,1,239.01,1,10,1,1,2,2,7,3,1,1,3
3,12,3,15,1.8,2,1,NaN,NaN,NaN,NaN,NaN,4,1,3,2,2,8,3,3,3,3
3,12,3,16,1.8,2,1,2,2,1,225.4,1,13,1,1,2,2,19,3,1,3,1
3,12,3,17,0.05,1,2,1,1,1,364.65,0,4,3,3,3,3,20,3,1,2,2
3,12,3,18,0.4,1,2,1,1,1,261.29,1,15,3,1,3,1,9,1,1,2,2
3,12,3,19,0.2,2,2,2,2,1,251.38,1,9,1,3,2,2,12,1,1,2,2
3,12,3,20,0.1,1,3,1,1,1,289.99,1,20,1,1,1,1,10,1,1,3,3
3,12,3,21,0.1,2,3,2,2,1,289.29,1,8,1,1,2,2,5,1,1,3,3
3,12,3,22,0.2,2,1,2,2,1,205.05,1,18,3,3,2,2,6,1,1,1,1
3,12,3,23,0.1,1,3,1,1,1,291.18,1,4,1,1,1,1,19,1,1,3,3
3,12,3,24,0.1,2,3,2,2,1,222.03,1,14,3,1,2,2,5,1,3,3,1
3,12,3,25,0.2,2,1,2,2,1,298.82,1,3,1,3,2,2,9,1,1,1,1
3,12,3,26,0.1,3,1,2,2,1,224.19,1,17,3,1,1,3,2,1,3,1,3
3,12,3,27,0.1,2,1,2,2,1,270.81,1,8,1,3,2,2,16,3,3,3,3
3,12,3,28,0.05,1,2,1,1,1,292.44,1,4,1,3,1,3,18,3,1,2,2
3,12,3,29,0.8,1,2,1,1,1,203.47,1,6,3,1,3,1,10,1,3,2,2
3,12,3,30,0.8,2,1,2,2,1,253.91,1,14,3,3,2,2,17,1,1,1,1
3,12,3,31,0.2,1,2,1,1,1,220.79,1,1,1,3,1,3,8,3,1,2,2
3,12,3,32,1.8,3,2,2,2,1,270.27,1,16,1,1,3,3,18,1,3,2,2
3,12,3,33,0.1,1,2,1,1,1,281.31,1,19,3,1,3,1,15,3,1,2,2
3,12,3,34,0.2,1,3,1,2,0,350.67,0,13,1,3,1,3,10,1,3,3,1
3,12,3,35,0.1,2,2,2,1,0,230.24,1,20,3,1,2,2,11,3,3,2,2
3,12,3,36,0.4,1,1,1,1,1,249.3,1,9,1,1,1,1,13,1,3,1,3
3,12,3,37,0.05,2,1,2,1,0,267.37,1,20,3,1,2,2,11,1,1,1,1
3,12,3,38,0.2,3,1,2,2,1,138.96,1,15,3,1,1,3,20,3,3,3,3
3,12,3,39,0.8,1,1,1,1,1,276.23,1,11,1,1,1,1,4,1,1,1,1
3,12,3,40,0.2,2,1,2,2,1,278.19,1,10,1,3,2,2,11,1,1,1,1
3,12,3,41,0.4,1,3,1,1,1,241.44,1,17,3,3,3,3,13,3,3,1,1
3,12,3,42,0.1,1,1,1,1,1,353.34,0,12,1,1,1,1,9,3,1,3,1
3,12,3,43,0.1,3,2,2,2,1,217.97,1,1,1,3,3,1,4,3,3,2,2
3,12,3,44,1.8,1,2,1,1,1,274.98,1,16,3,3,3,3,4,1,3,2,2
3,12,3,45,1.8,1,3,NaN,NaN,NaN,NaN,NaN,5,3,3,3,3,7,1,3,3,1
3,12,3,46,0.8,3,1,2,2,1,288.74,1,6,1,3,3,1,13,3,3,3,3
3,12,3,47,0.4,2,3,2,2,1,279.17,1,10,3,1,2,2,19,1,1,3,3
3,12,3,48,0.8,1,1,1,1,1,249.49,1,8,1,3,1,3,8,3,3,3,3
3,12,3,49,0.8,2,1,2,2,1,233.24,1,14,1,1,2,2,19,1,1,1,1
3,12,3,50,0.2,1,2,1,1,1,305.05,0,7,3,3,3,3,16,3,1,2,2
3,12,3,51,0.05,2,1,2,2,1,283.98,1,6,3,1,2,2,15,1,1,1,1
3,12,3,52,1.8,2,2,NaN,NaN,NaN,NaN,NaN,10,3,1,2,2,16,3,1,2,2
3,12,3,53,0.4,3,1,2,2,1,278.17,1,14,1,1,3,3,10,3,1,3,1
3,12,3,54,0.2,1,3,1,1,1,335.77,0,9,3,3,3,3,5,3,3,1,1
3,12,3,55,0.8,3,1,2,2,1,269.45,1,14,3,1,1,3,20,3,3,3,3
3,12,3,56,0.8,3,3,2,2,1,238.17,1,18,3,1,1,3,3,3,1,1,3
3,12,3,57,0.05,3,3,2,2,1,297.78,1,19,1,3,3,1,5,3,1,1,3
3,12,3,58,1.8,1,3,1,1,1,260.06,1,7,3,1,3,1,6,1,3,3,1
3,12,3,59,0.2,3,1,2,2,1,293.58,1,5,3,1,1,3,19,1,3,1,3
3,12,3,60,1.8,1,2,1,1,1,251.06,1,15,3,3,3,3,15,1,1,2,2
3,12,3,61,0.1,2,1,2,2,1,296.57,1,14,1,3,2,2,1,3,3,3,3
3,12,3,62,0.05,3,3,2,2,1,255.78,1,1,1,3,3,1,20,1,3,3,1
3,12,3,63,1.8,1,1,1,1,1,274.92,1,7,3,3,3,3,10,3,3,3,3
3,12,3,64,0.1,1,2,1,1,1,293.56,1,2,1,3,1,3,12,3,1,2,2
3,12,3,65,0.2,1,1,1,1,1,249.9,1,16,3,1,3,1,18,3,3,3,3
3,12,3,66,1.8,1,3,NaN,NaN,NaN,NaN,NaN,20,1,3,1,3,9,3,1,1,3
3,12,3,67,0.05,1,1,1,1,1,279.92,1,1,3,3,3,3,12,3,1,3,1
3,12,3,68,0.8,3,1,2,2,1,284.66,1,7,1,3,3,1,6,1,1,1,1
3,12,3,69,0.8,1,3,NaN,NaN,NaN,NaN,NaN,1,1,1,1,1,1,1,1,3,3
3,12,3,70,0.05,1,2,1,1,1,310.65,0,9,3,1,3,1,11,3,3,2,2
3,12,3,71,0.05,1,1,1,1,1,252.2,1,16,1,3,1,3,5,1,3,1,3
3,12,3,72,0.1,3,1,2,2,1,252.69,1,5,1,3,3,1,6,3,1,3,1
3,12,3,73,0.05,1,2,1,1,1,312.81,0,14,3,3,3,3,5,3,1,2,2
3,12,3,74,0.4,3,2,NaN,NaN,NaN,NaN,NaN,17,1,1,3,3,20,3,1,2,2
3,12,3,75,1.8,1,3,1,1,1,270.05,1,18,1,1,1,1,9,3,1,1,3
3,12,3,76,0.4,2,2,2,2,1,285.95,1,4,3,1,2,2,9,1,1,2,2
3,12,3,77,0.05,1,2,1,1,1,316.29,0,15,3,1,3,1,10,3,3,2,2
3,12,3,78,0.05,1,2,1,1,1,302.16,0,4,1,1,1,1,15,1,1,2,2
3,12,4,1,1.8,2,1,2,2,1,215.8,1,1,1,1,2,2,4,3,1,3,1
3,12,4,2,0.2,1,3,1,1,1,259.5,1,20,1,3,1,3,2,3,3,1,1
3,12,4,3,0.2,2,2,2,2,1,277.95,1,17,3,1,2,2,7,1,1,2,2
3,12,4,4,0.05,1,2,1,1,1,305.4,0,10,1,3,1,3,9,1,1,2,2
3,12,4,5,0.8,1,2,1,1,1,213.3,1,16,3,1,3,1,19,1,3,2,2
3,12,4,6,0.4,3,1,2,2,1,160.8,1,15,3,1,1,3,11,3,3,3,3
3,12,4,7,0.4,1,2,1,1,1,241.29,1,10,3,1,3,1,12,3,1,2,2
3,12,4,8,0.1,3,2,2,2,1,283.56,1,3,3,1,1,3,2,1,3,2,2
3,12,4,9,0.4,1,1,1,1,1,231.94,1,10,1,1,1,1,1,3,3,3,3
3,12,4,10,1.8,3,2,2,2,1,225.42,1,6,3,1,1,3,2,1,3,2,2
3,12,4,11,0.4,2,3,2,2,1,257.04,1,1,3,1,2,2,15,1,1,3,3
3,12,4,12,0.2,2,3,2,2,1,263.69,1,9,1,1,2,2,2,3,1,1,3
3,12,4,13,0.2,2,3,2,1,0,236.78,1,18,1,1,2,2,7,1,3,3,1
3,12,4,14,0.05,1,1,1,2,0,475.5,0,10,3,3,3,3,4,3,3,3,3
3,12,4,15,0.1,1,1,1,1,1,288.33,1,9,3,1,3,1,15,1,1,1,1
3,12,4,16,0.05,3,2,2,2,1,291.24,1,20,1,1,3,3,19,1,3,2,2
3,12,4,17,0.8,3,3,2,2,1,266.16,1,19,1,1,3,3,20,3,3,1,1
3,12,4,18,0.4,1,3,1,1,1,283.11,1,3,3,1,3,1,4,3,3,1,1
3,12,4,19,0.8,3,1,2,2,1,628.14,0,6,3,1,1,3,19,1,1,1,1
3,12,4,20,0.4,3,2,2,2,1,337.42,0,19,3,3,1,1,19,3,1,2,2
3,12,4,21,0.2,1,1,1,1,1,392.76,0,10,1,1,1,1,15,3,1,3,1
3,12,4,22,0.05,2,3,2,2,1,318.12,0,16,3,1,2,2,11,1,1,3,3
3,12,4,23,1.8,1,2,1,1,1,289.92,1,4,3,1,3,1,6,3,3,2,2
3,12,4,24,0.1,1,1,1,1,1,240.48,1,6,1,3,1,3,8,3,1,3,1
3,12,4,25,0.2,2,3,2,1,0,341.74,0,17,1,3,2,2,19,1,3,3,1
3,12,4,26,0.05,1,2,1,1,1,271.37,1,4,3,3,3,3,15,1,3,2,2
3,12,4,27,0.4,1,3,1,2,0,225.72,1,1,1,3,1,3,17,3,3,1,1
3,12,4,28,0.05,1,2,1,1,1,246.9,1,18,1,3,1,3,4,1,3,2,2
3,12,4,29,0.8,1,3,1,1,1,258.13,1,9,3,3,3,3,10,3,3,1,1
3,12,4,30,0.1,1,2,1,2,0,333.12,0,16,1,1,1,1,1,3,1,2,2
3,12,4,31,0.1,2,2,2,1,0,290.38,1,7,1,1,2,2,13,3,3,2,2
3,12,4,32,0.1,2,2,2,2,1,362.09,0,1,1,3,2,2,3,1,1,2,2
3,12,4,33,0.05,3,2,2,2,1,342.94,0,1,3,1,1,3,8,1,3,2,2
3,12,4,34,1.8,3,2,2,2,1,249.36,1,20,1,3,3,1,20,3,3,2,2
3,12,4,35,1.8,1,1,1,1,1,252.68,1,1,1,3,1,3,8,1,1,1,1
3,12,4,36,1.8,3,1,NaN,NaN,NaN,NaN,NaN,13,1,1,3,3,9,1,1,1,1
3,12,4,37,0.2,1,2,1,1,1,290.71,1,10,3,3,3,3,15,3,3,2,2
3,12,4,38,0.4,2,2,2,2,1,300.58,0,15,1,3,2,2,2,1,3,2,2
3,12,4,39,1.8,1,1,1,1,1,278.14,1,15,1,1,1,1,2,3,1,3,1
3,12,4,40,0.2,1,1,1,1,1,283.61,1,4,1,1,1,1,2,1,3,1,3
3,12,4,41,0.1,1,3,1,1,1,259.47,1,6,1,3,1,3,4,3,1,1,3
3,12,4,42,0.8,1,2,1,1,1,259.66,1,14,1,3,1,3,8,3,3,2,2
3,12,4,43,1.8,1,2,1,1,1,210.64,1,14,1,3,1,3,6,1,1,2,2
3,12,4,44,0.4,1,3,NaN,NaN,NaN,NaN,NaN,4,1,1,1,1,15,1,1,3,3
3,12,4,45,0.4,2,2,2,2,1,290.16,1,4,3,1,2,2,8,3,1,2,2
3,12,4,46,0.8,2,2,NaN,NaN,NaN,NaN,NaN,14,1,1,2,2,3,3,1,2,2
3,12,4,47,0.2,3,2,2,2,1,244.8,1,11,3,3,1,1,11,3,3,2,2
3,12,4,48,0.05,1,1,1,1,1,304.37,0,8,3,1,3,1,19,3,3,3,3
3,12,4,49,0.05,3,2,2,2,1,327.81,0,1,1,3,3,1,20,3,1,2,2
3,12,4,50,0.2,1,3,1,1,1,240.45,1,2,3,1,3,1,7,3,3,1,1
3,12,4,51,0.05,1,1,1,1,1,287.31,1,7,3,1,3,1,12,1,1,1,1
3,12,4,52,0.05,2,2,2,2,1,311.62,0,2,3,1,2,2,14,1,3,2,2
3,12,4,53,0.8,1,3,1,1,1,265.36,1,10,1,1,1,1,14,1,3,3,1
3,12,4,54,0.8,3,1,2,2,1,253.61,1,11,1,1,3,3,2,3,3,3,3
3,12,4,55,0.4,1,1,1,1,1,317.51,0,18,3,3,3,3,11,1,3,1,3
3,12,4,56,1.8,1,1,1,1,1,262.96,1,12,3,3,3,3,12,3,3,3,3
3,12,4,57,0.8,1,3,1,1,1,251.78,1,19,3,3,3,3,4,1,1,3,3
3,12,4,58,1.8,2,2,2,2,1,306.39,0,3,1,1,2,2,15,1,1,2,2
3,12,4,59,0.1,1,3,1,1,1,226.75,1,19,3,1,3,1,8,3,1,1,3
3,12,4,60,0.8,1,1,1,1,1,263.29,1,2,1,1,1,1,3,3,3,3,3
3,12,4,61,0.1,1,1,1,1,1,314.38,0,1,3,1,3,1,10,3,1,3,1
3,12,4,62,0.8,3,3,2,2,1,298.19,1,16,3,1,1,3,2,1,3,3,1
3,12,4,63,1.8,1,3,1,1,1,312.52,0,17,1,3,1,3,9,3,3,1,1
3,12,4,64,0.8,3,3,2,2,1,365.14,0,14,1,3,3,1,10,1,3,3,1
3,12,4,65,0.1,1,1,1,1,1,263.22,1,18,1,1,1,1,2,1,3,1,3
3,12,4,66,1.8,1,1,1,1,1,268.99,1,17,3,3,3,3,19,3,3,3,3
3,12,4,67,0.1,3,3,2,2,1,163.79,1,4,1,3,3,1,13,3,3,1,1
3,12,4,68,0.8,3,2,2,2,1,313.83,0,4,3,1,1,3,1,1,1,2,2
3,12,4,69,0.1,1,2,1,1,1,268.98,1,1,3,3,3,3,15,3,1,2,2
3,12,4,70,0.4,1,2,1,1,1,270.4,1,18,1,1,1,1,17,1,3,2,2
3,12,4,71,0.05,1,1,1,1,1,259.75,1,3,1,1,1,1,20,3,3,3,3
3,12,4,72,0.2,1,2,1,1,1,107.33,1,9,3,1,3,1,15,3,3,2,2
3,12,4,73,0.4,1,3,1,1,1,205.78,1,19,3,1,3,1,8,3,3,1,1
3,12,4,74,0.1,1,3,1,1,1,186.66,1,9,1,1,1,1,20,3,1,1,3
3,12,4,75,0.2,1,1,1,1,1,247.25,1,12,3,3,3,3,6,1,3,1,3
3,12,4,76,0.2,2,2,2,2,1,275.28,1,3,1,1,2,2,4,3,3,2,2
3,12,4,77,1.8,3,3,2,2,1,246.59,1,1,3,1,1,3,7,1,1,3,3
3,12,4,78,0.05,1,1,1,1,1,318.19,0,19,3,1,3,1,11,3,3,3,3
3,12,5,1,0.2,3,1,2,2,1,291.38,1,5,1,3,3,1,17,1,3,1,3
3,12,5,2,0.1,2,1,2,2,1,257.87,1,11,1,3,2,2,15,1,1,1,1
3,12,5,3,0.05,3,3,2,2,1,219.6,1,8,1,3,3,1,8,3,1,1,3
3,12,5,4,0.05,2,2,2,2,1,302.29,0,9,1,3,2,2,12,1,1,2,2
3,12,5,5,0.1,3,3,2,2,1,281.84,1,18,1,3,3,1,3,1,3,3,1
3,12,5,6,0.1,2,2,2,2,1,190,1,16,1,3,2,2,20,3,3,2,2
3,12,5,7,0.05,3,3,2,2,1,230.03,1,1,1,1,3,3,15,3,3,1,1
3,12,5,8,1.8,3,2,NaN,NaN,NaN,NaN,NaN,12,3,3,1,1,1,3,3,2,2
3,12,5,9,0.4,2,2,2,2,1,256.83,1,6,1,1,2,2,3,3,1,2,2
3,12,5,10,0.4,1,2,1,1,1,283.08,1,8,3,1,3,1,11,3,3,2,2
3,12,5,11,0.4,2,1,2,2,1,210.67,1,10,3,1,2,2,8,3,1,3,1
3,12,5,12,0.8,2,2,NaN,NaN,NaN,NaN,NaN,7,3,3,2,2,20,3,3,2,2
3,12,5,13,0.1,2,1,2,1,0,324.54,0,11,1,1,2,2,7,3,1,3,1
3,12,5,14,0.1,1,3,1,1,1,249.37,1,19,1,1,1,1,7,3,3,1,1
3,12,5,15,1.8,1,3,1,1,1,216.99,1,12,1,3,1,3,12,1,3,3,1
3,12,5,16,1.8,2,2,NaN,NaN,NaN,NaN,NaN,17,3,1,2,2,8,3,3,2,2
3,12,5,17,0.05,3,2,2,2,1,808.39,0,10,3,3,1,1,12,1,3,2,2
3,12,5,18,1.8,2,1,2,2,1,243.11,1,18,3,3,2,2,18,1,1,1,1
3,12,5,19,0.2,1,3,1,1,1,271.62,1,2,3,1,3,1,16,1,1,3,3
3,12,5,20,0.8,1,3,1,1,1,290.29,1,20,1,1,1,1,8,3,1,1,3
3,12,5,21,0.4,2,1,2,1,0,263.05,1,12,1,1,2,2,6,1,3,1,3
3,12,5,22,0.2,1,2,1,1,1,288.62,1,15,1,1,1,1,17,3,1,2,2
3,12,5,23,0.2,1,1,1,1,1,247.17,1,16,3,3,3,3,18,3,1,3,1
3,12,5,24,0.05,1,1,1,1,1,278.75,1,18,3,3,3,3,10,1,1,1,1
3,12,5,25,0.05,3,2,2,2,1,316.72,0,4,3,1,1,3,4,3,3,2,2
3,12,5,26,0.4,2,1,2,2,1,303.43,0,20,3,1,2,2,8,1,3,1,3
3,12,5,27,0.8,1,3,1,1,1,241.94,1,13,1,3,1,3,15,3,3,1,1
3,12,5,28,1.8,2,3,2,2,1,269.71,1,1,1,3,2,2,10,3,3,1,1
3,12,5,29,0.2,3,1,2,2,1,303.81,0,18,3,3,1,1,18,1,1,1,1
3,12,5,30,0.1,1,3,1,1,1,257.36,1,20,1,1,1,1,11,3,3,1,1
3,12,5,31,0.8,2,1,2,2,1,276.35,1,13,1,3,2,2,12,1,3,1,3
3,12,5,32,0.4,2,2,2,2,1,204.52,1,14,3,1,2,2,14,1,3,2,2
3,12,5,33,0.05,1,2,1,1,1,260.38,1,17,1,3,1,3,16,1,1,2,2
3,12,5,34,0.2,1,2,1,1,1,234.41,1,19,3,1,3,1,18,3,3,2,2
3,12,5,35,0.8,1,3,1,1,1,252.98,1,3,3,1,3,1,2,3,1,1,3
3,12,5,36,0.05,1,3,1,2,0,337.99,0,6,3,3,3,3,20,3,1,1,3
3,12,5,37,0.05,2,2,2,2,1,395.77,0,8,3,3,2,2,19,3,3,2,2
3,12,5,38,0.2,1,1,1,1,1,296.01,1,19,3,3,3,3,7,3,1,3,1
3,12,5,39,0.4,3,1,2,2,1,246.99,1,19,3,3,1,1,18,1,1,1,1
3,12,5,40,0.8,1,3,1,1,1,245.31,1,18,1,3,1,3,11,3,3,1,1
3,12,5,41,0.2,1,1,1,1,1,269.97,1,3,3,3,3,3,9,1,3,1,3
3,12,5,42,0.2,3,1,2,2,1,192.09,1,12,3,3,1,1,12,3,1,3,1
3,12,5,43,0.8,2,2,2,2,1,248.83,1,4,1,3,2,2,7,3,3,2,2
3,12,5,44,1.8,1,1,NaN,NaN,NaN,NaN,NaN,12,3,1,3,1,17,1,3,1,3
3,12,5,45,0.05,1,1,1,1,1,314.19,0,3,1,1,1,1,15,1,3,1,3
3,12,5,46,0.1,3,2,2,2,1,336.05,0,20,1,3,3,1,11,3,1,2,2
3,12,5,47,0.1,3,1,2,2,1,276.78,1,16,1,3,3,1,15,3,3,3,3
3,12,5,48,0.1,2,1,2,1,0,231.47,1,4,3,1,2,2,12,1,3,1,3
3,12,5,49,0.4,2,2,2,2,1,147.84,1,16,1,1,2,2,20,3,3,2,2
3,12,5,50,0.8,2,3,NaN,NaN,NaN,NaN,NaN,14,3,1,2,2,18,3,3,1,1
3,12,5,51,0.4,1,1,1,1,1,182.97,1,10,1,1,1,1,10,1,3,1,3
3,12,5,52,0.8,1,3,1,1,1,222.56,1,5,3,1,3,1,14,1,3,3,1
3,12,5,53,0.8,3,3,2,2,1,234.92,1,16,3,1,1,3,8,3,3,1,1
3,12,5,54,1.8,3,3,2,2,1,264.43,1,12,3,3,1,1,19,3,3,1,1
3,12,5,55,0.4,2,3,2,2,1,287.4,1,3,1,1,2,2,7,3,1,1,3
3,12,5,56,0.4,3,1,2,2,1,347.34,0,17,1,1,3,3,6,3,3,3,3
3,12,5,57,0.8,1,1,1,1,1,278.59,1,20,1,3,1,3,5,3,3,3,3
3,12,5,58,1.8,3,3,2,2,1,243.8,1,13,1,3,3,1,9,1,3,3,1
3,12,5,59,1.8,1,1,1,1,1,261.33,1,18,3,3,3,3,9,1,3,1,3
3,12,5,60,0.1,2,3,2,2,1,331.33,0,14,1,3,2,2,15,1,1,3,3
3,12,5,61,1.8,1,2,1,1,1,127.94,1,9,3,1,3,1,15,3,3,2,2
3,12,5,62,0.4,3,1,2,2,1,233.62,1,13,3,1,1,3,15,1,3,1,3
3,12,5,63,0.2,2,2,2,2,1,397.11,0,7,3,3,2,2,7,1,1,2,2
3,12,5,64,1.8,2,2,2,2,1,242.64,1,19,3,3,2,2,6,3,1,2,2
3,12,5,65,0.05,1,1,1,1,1,306.27,0,2,1,3,1,3,1,3,1,3,1
3,12,5,66,0.1,3,2,2,2,1,258.16,1,13,1,1,3,3,17,3,3,2,2
3,12,5,67,0.1,2,3,2,1,0,213.39,1,15,3,1,2,2,17,1,3,3,1
3,12,5,68,0.1,1,1,1,1,1,277.19,1,20,3,1,3,1,15,1,3,1,3
3,12,5,69,1.8,1,2,1,1,1,223.21,1,2,1,1,1,1,20,3,3,2,2
3,12,5,70,0.4,2,1,2,2,1,281.09,1,17,3,1,2,2,16,1,1,1,1
3,12,5,71,0.2,2,1,2,2,1,353.33,0,18,1,1,2,2,16,3,1,3,1
3,12,5,72,0.05,1,2,1,1,1,322.15,0,18,3,1,3,1,1,1,3,2,2
3,12,5,73,0.8,1,3,NaN,NaN,NaN,NaN,NaN,8,3,3,3,3,1,3,1,1,3
3,12,5,74,0.2,3,1,2,2,1,282.26,1,20,3,3,1,1,18,3,1,3,1
3,12,5,75,1.8,2,1,2,2,1,272.18,1,15,1,1,2,2,14,3,3,3,3
3,12,5,76,0.2,3,3,2,2,1,403.66,0,20,1,1,3,3,8,3,3,1,1
3,12,5,77,0.05,3,2,2,2,1,381.76,0,19,1,1,3,3,10,3,3,2,2
3,12,5,78,0.8,2,3,2,2,1,228.98,1,6,1,1,2,2,10,3,1,1,3
3,12,6,1,0.05,1,2,1,2,0,312.53,0,10,1,3,1,3,11,3,1,2,2
3,12,6,2,1.8,2,3,2,2,1,248.87,1,8,1,1,2,2,18,1,1,3,3
3,12,6,3,0.2,2,1,2,2,1,278.15,1,11,1,1,2,2,17,1,1,1,1
3,12,6,4,0.4,1,2,NaN,NaN,NaN,NaN,NaN,18,1,1,1,1,12,3,3,2,2
3,12,6,5,1.8,1,1,1,1,1,301.53,0,8,3,3,3,3,8,3,1,3,1
3,12,6,6,1.8,3,3,2,2,1,227.29,1,19,3,1,1,3,14,1,3,3,1
3,12,6,7,1.8,3,2,2,2,1,227.35,1,18,1,1,3,3,2,1,1,2,2
3,12,6,8,0.4,1,1,1,1,1,302.7,0,2,1,3,1,3,15,1,3,1,3
3,12,6,9,0.2,2,1,2,2,1,315.11,0,15,3,1,2,2,5,3,3,3,3
3,12,6,10,0.2,1,2,1,1,1,306.43,0,16,1,3,1,3,10,1,1,2,2
3,12,6,11,0.8,1,1,1,1,1,365.71,0,11,3,3,3,3,4,3,3,3,3
3,12,6,12,0.05,2,1,2,2,1,344.19,0,17,1,3,2,2,12,1,3,1,3
3,12,6,13,0.1,1,2,1,1,1,279.93,1,4,1,1,1,1,3,3,3,2,2
3,12,6,14,0.2,1,2,1,1,1,246.82,1,14,1,3,1,3,8,3,1,2,2
3,12,6,15,0.4,1,2,1,1,1,261.36,1,18,1,3,1,3,8,3,3,2,2
3,12,6,16,0.4,2,1,2,2,1,3.5815,2,14,3,1,2,2,11,1,1,1,1
3,12,6,17,0.05,1,2,1,1,1,397.82,0,6,1,3,1,3,20,3,3,2,2
3,12,6,18,0.1,3,1,2,2,1,280.47,1,17,3,1,1,3,6,3,1,3,1
3,12,6,19,0.1,1,3,1,1,1,308.94,0,15,1,3,1,3,14,3,1,1,3
3,12,6,20,0.2,1,3,1,1,1,304.65,0,4,1,3,1,3,20,3,1,1,3
3,12,6,21,0.1,3,1,2,2,1,328.87,0,8,1,3,3,1,16,3,1,3,1
3,12,6,22,0.2,2,3,2,2,1,332.46,0,15,3,1,2,2,13,3,1,1,3
3,12,6,23,0.05,3,3,2,2,1,291.21,1,13,3,3,1,1,9,1,1,3,3
3,12,6,24,1.8,1,3,NaN,NaN,NaN,NaN,NaN,11,1,1,1,1,13,1,3,3,1
3,12,6,25,0.8,1,3,1,1,1,281.75,1,14,1,1,1,1,8,1,3,3,1
3,12,6,26,0.05,1,3,1,1,1,244.41,1,12,3,3,3,3,5,1,3,3,1
3,12,6,27,0.8,2,2,2,2,1,238.29,1,6,3,3,2,2,20,1,1,2,2
3,12,6,28,0.4,3,1,2,2,1,300.6,0,5,3,3,1,1,19,1,3,1,3
3,12,6,29,0.4,3,2,2,2,1,297.26,1,20,3,3,1,1,8,3,3,2,2
3,12,6,30,0.8,1,2,1,1,1,241.61,1,13,3,3,3,3,4,3,1,2,2
3,12,6,31,0.8,1,3,1,1,1,271.29,1,17,1,1,1,1,8,1,1,3,3
3,12,6,32,0.4,1,1,1,1,1,249.35,1,7,3,3,3,3,15,1,3,1,3
3,12,6,33,1.8,2,2,2,2,1,326.99,0,5,1,1,2,2,20,1,3,2,2
3,12,6,34,0.05,1,3,1,1,1,269.69,1,19,1,1,1,1,13,3,3,1,1
3,12,6,35,1.8,1,3,1,1,1,327.09,0,14,3,1,3,1,2,3,3,1,1
3,12,6,36,0.8,1,2,1,1,1,241.19,1,12,3,1,3,1,7,3,1,2,2
3,12,6,37,1.8,2,2,2,1,0,271.31,1,13,3,3,2,2,9,3,3,2,2
3,12,6,38,0.1,1,3,1,1,1,251.35,1,19,3,3,3,3,19,3,1,1,3
3,12,6,39,0.2,1,3,1,1,1,159.24,1,3,3,3,3,3,19,1,3,3,1
3,12,6,40,0.8,2,3,2,2,1,317.58,0,17,1,3,2,2,5,3,1,1,3
3,12,6,41,0.4,2,3,2,1,0,256.15,1,4,1,1,2,2,3,1,1,3,3
3,12,6,42,0.2,2,1,2,2,1,233.6,1,8,3,1,2,2,9,3,1,3,1
3,12,6,43,0.4,1,3,1,1,1,241.81,1,19,1,1,1,1,1,3,3,1,1
3,12,6,44,1.8,1,2,1,1,1,219.86,1,13,1,1,1,1,17,3,3,2,2
3,12,6,45,0.05,1,3,1,1,1,296.56,1,14,3,3,3,3,16,1,1,3,3
3,12,6,46,0.1,1,3,1,1,1,273.71,1,19,1,3,1,3,9,3,1,1,3
3,12,6,47,0.8,2,1,2,2,1,219.12,1,1,3,3,2,2,12,3,3,3,3
3,12,6,48,0.05,2,3,2,1,0,306.98,0,8,1,3,2,2,1,1,1,3,3
3,12,6,49,0.1,2,1,2,1,0,207.86,1,10,3,1,2,2,15,3,3,3,3
3,12,6,50,0.8,1,3,1,1,1,258.29,1,10,3,3,3,3,13,1,3,3,1
3,12,6,51,0.05,1,1,1,1,1,341.8,0,10,1,1,1,1,11,3,3,3,3
3,12,6,52,0.2,1,2,1,1,1,110.16,1,4,3,1,3,1,16,1,1,2,2
3,12,6,53,0.1,1,3,1,1,1,286.39,1,14,1,1,1,1,1,3,3,1,1
3,12,6,54,0.8,1,2,1,1,1,242.71,1,4,3,3,3,3,9,1,1,2,2
3,12,6,55,0.05,3,1,2,2,1,323.29,0,19,3,3,1,1,15,1,3,1,3
3,12,6,56,0.2,3,2,2,2,1,278,1,2,3,1,1,3,7,3,3,2,2
3,12,6,57,0.2,3,2,2,2,1,161.89,1,20,3,1,1,3,19,3,3,2,2
3,12,6,58,0.1,2,3,2,2,1,257.84,1,11,3,1,2,2,18,3,3,1,1
3,12,6,59,0.4,1,3,1,1,1,240.19,1,9,1,1,1,1,16,3,1,1,3
3,12,6,60,0.1,2,2,2,2,1,275.25,1,7,3,3,2,2,12,1,3,2,2
3,12,6,61,0.2,1,2,1,1,1,235.32,1,10,1,1,1,1,15,1,1,2,2
3,12,6,62,0.4,1,2,1,1,1,321.83,0,11,1,1,1,1,10,3,3,2,2
3,12,6,63,0.05,1,1,1,1,1,248.21,1,14,3,1,3,1,16,3,1,3,1
3,12,6,64,0.4,2,3,2,2,1,261.63,1,7,1,1,2,2,17,1,1,3,3
3,12,6,65,0.1,1,2,1,1,1,220.41,1,18,1,3,1,3,8,1,1,2,2
3,12,6,66,0.2,1,3,1,1,1,192.93,1,16,1,3,1,3,12,3,3,1,1
3,12,6,67,0.8,3,2,2,2,1,281.05,1,14,1,1,3,3,20,3,1,2,2
3,12,6,68,0.8,1,1,1,1,1,251.91,1,6,1,1,1,1,13,1,3,1,3
3,12,6,69,1.8,1,1,1,2,0,223.36,1,8,1,1,1,1,8,1,1,1,1
3,12,6,70,1.8,1,1,NaN,NaN,NaN,NaN,NaN,13,1,3,1,3,17,1,1,1,1
3,12,6,71,0.8,1,3,1,1,1,361.52,0,16,1,1,1,1,20,1,1,3,3
3,12,6,72,0.1,1,3,1,1,1,369.69,0,9,1,1,1,1,2,3,1,1,3
3,12,6,73,0.05,2,1,2,2,1,430.7,0,10,3,1,2,2,8,1,3,1,3
3,12,6,74,0.1,1,2,1,1,1,252.55,1,12,1,1,1,1,17,3,3,2,2
3,12,6,75,0.05,3,3,2,2,1,393.22,0,12,3,1,1,3,6,1,3,3,1
3,12,6,76,1.8,2,3,2,2,1,303.74,0,8,3,3,2,2,4,3,3,1,1
3,12,6,77,1.8,1,2,NaN,NaN,NaN,NaN,NaN,20,1,1,1,1,13,1,3,2,2
3,12,6,78,0.4,1,1,1,1,1,291.21,1,15,1,3,1,3,10,3,3,3,3
3,12,7,1,0.05,3,2,2,1,0,273.22,1,20,1,3,3,1,7,1,1,2,2
3,12,7,2,0.4,1,3,1,1,1,289.07,1,17,3,3,3,3,10,3,3,1,1
3,12,7,3,0.2,3,1,2,2,1,315.49,0,11,1,1,3,3,20,3,3,3,3
3,12,7,4,0.1,1,1,1,1,1,195.98,1,14,3,3,3,3,17,3,3,3,3
3,12,7,5,0.05,1,2,1,1,1,250.61,1,20,1,1,1,1,16,3,1,2,2
3,12,7,6,0.4,1,2,1,1,1,217.46,1,3,3,3,3,3,2,3,1,2,2
3,12,7,7,0.8,1,2,1,1,1,280.05,1,4,3,3,3,3,19,1,3,2,2
3,12,7,8,0.1,2,3,2,2,1,314.64,0,6,1,1,2,2,11,3,1,1,3
3,12,7,9,0.05,3,3,2,2,1,271.26,1,14,3,3,1,1,18,3,3,1,1
3,12,7,10,0.2,1,2,1,1,1,82.222,2,4,3,1,3,1,2,3,3,2,2
3,12,7,11,0.4,1,1,1,1,1,293.24,1,11,1,3,1,3,5,3,3,3,3
3,12,7,12,0.4,3,3,2,2,1,257.54,1,18,3,1,1,3,4,1,3,3,1
3,12,7,13,1.8,1,3,1,1,1,213.63,1,8,1,3,1,3,17,1,1,3,3
3,12,7,14,1.8,2,1,2,2,1,296.29,1,13,1,3,2,2,6,1,3,1,3
3,12,7,15,0.2,1,1,1,1,1,256.49,1,16,1,3,1,3,17,1,3,1,3
3,12,7,16,0.1,1,1,1,1,1,312.13,0,3,3,3,3,3,16,1,1,1,1
3,12,7,17,0.05,1,1,1,1,1,280.33,1,4,3,1,3,1,4,3,1,3,1
3,12,7,18,0.2,2,2,2,2,1,267.43,1,19,1,3,2,2,10,3,3,2,2
3,12,7,19,0.8,3,1,2,2,1,306.57,0,11,3,1,1,3,18,1,3,1,3
3,12,7,20,0.8,2,2,2,2,1,309.93,0,7,1,1,2,2,6,1,1,2,2
3,12,7,21,0.8,3,1,2,2,1,295.12,1,17,3,1,1,3,9,3,1,3,1
3,12,7,22,0.4,1,2,1,1,1,284.86,1,8,3,3,3,3,19,1,1,2,2
3,12,7,23,0.1,1,1,1,1,1,206.33,1,14,1,1,1,1,4,1,3,1,3
3,12,7,24,0.2,3,2,2,2,1,255.15,1,9,1,3,3,1,3,1,1,2,2
3,12,7,25,0.8,2,1,NaN,NaN,NaN,NaN,NaN,6,1,3,2,2,14,1,1,1,1
3,12,7,26,1.8,2,2,2,1,0,267.49,1,20,1,1,2,2,15,3,3,2,2
3,12,7,27,0.2,1,2,1,1,1,295.08,1,10,3,3,3,3,11,3,3,2,2
3,12,7,28,0.1,1,1,1,1,1,267.71,1,13,1,3,1,3,3,1,3,1,3
3,12,7,29,0.2,1,1,1,1,1,188.05,1,1,3,1,3,1,2,1,1,1,1
3,12,7,30,1.8,1,1,NaN,NaN,NaN,NaN,NaN,6,3,1,3,1,3,3,3,3,3
3,12,7,31,0.2,1,1,1,2,0,273.98,1,15,1,3,1,3,1,3,1,3,1
3,12,7,32,0.8,2,2,2,2,1,294.37,1,1,3,1,2,2,5,1,1,2,2
3,12,7,33,0.1,3,3,2,2,1,315.26,0,6,3,1,1,3,4,1,1,3,3
3,12,7,34,1.8,3,2,2,2,1,230.19,1,2,1,1,3,3,12,3,1,2,2
3,12,7,35,0.4,1,2,1,1,1,384.38,0,1,3,1,3,1,17,1,1,2,2
3,12,7,36,0.2,1,3,1,1,1,266.37,1,14,3,3,3,3,10,1,3,3,1
3,12,7,37,0.4,2,1,2,2,1,270.34,1,4,1,1,2,2,20,3,3,3,3
3,12,7,38,0.8,1,3,1,1,1,249.8,1,8,1,3,1,3,6,3,3,1,1
3,12,7,39,0.05,1,3,1,2,0,361.12,0,4,3,3,3,3,15,1,1,3,3
3,12,7,40,0.4,1,3,1,1,1,285.89,1,16,3,1,3,1,4,1,3,3,1
3,12,7,41,0.8,2,2,2,1,0,245.04,1,20,3,1,2,2,13,1,1,2,2
3,12,7,42,1.8,2,2,2,2,1,225.29,1,14,1,3,2,2,16,3,1,2,2
3,12,7,43,1.8,1,2,1,1,1,262.69,1,19,1,3,1,3,2,3,3,2,2
3,12,7,44,0.4,3,2,2,2,1,276.29,1,4,1,3,3,1,4,3,3,2,2
3,12,7,45,0.2,3,2,2,2,1,328.09,0,12,3,1,1,3,1,1,1,2,2
3,12,7,46,0.2,1,1,1,1,1,212.16,1,7,3,3,3,3,3,3,3,3,3
3,12,7,47,0.8,3,2,2,2,1,237.49,1,7,1,1,3,3,14,1,1,2,2
3,12,7,48,0.1,1,1,1,1,1,256.48,1,13,1,3,1,3,5,3,3,3,3
3,12,7,49,0.2,1,2,1,1,1,264.17,1,11,3,1,3,1,18,3,3,2,2
3,12,7,50,0.05,2,1,2,2,1,320.81,0,11,3,3,2,2,19,3,1,3,1
3,12,7,51,0.2,1,3,1,1,1,124.17,1,18,1,1,1,1,9,1,3,3,1
3,12,7,52,1.8,2,2,2,2,1,258.25,1,2,3,3,2,2,17,3,3,2,2
3,12,7,53,1.8,1,1,1,1,1,330.46,0,14,1,3,1,3,10,3,1,3,1
3,12,7,54,0.05,2,3,2,2,1,292.23,1,3,1,3,2,2,13,3,3,1,1
3,12,7,55,0.8,2,1,2,2,1,272.61,1,3,1,3,2,2,12,3,1,3,1
3,12,7,56,0.4,1,2,1,1,1,27.12,2,17,1,1,1,1,18,3,1,2,2
3,12,7,57,0.8,2,1,2,2,1,325.81,0,1,1,1,2,2,12,1,3,1,3
3,12,7,58,0.1,2,3,2,2,1,319.89,0,2,3,3,2,2,15,3,1,1,3
3,12,7,59,0.05,1,1,1,1,1,285.85,1,17,3,3,3,3,2,3,3,3,3
3,12,7,60,1.8,1,1,1,1,1,260.18,1,18,3,3,3,3,8,3,1,3,1
3,12,7,61,0.05,3,3,2,2,1,312.34,0,20,1,1,3,3,5,1,1,3,3
3,12,7,62,0.05,1,1,1,1,1,289.16,1,17,3,3,3,3,10,1,3,1,3
3,12,7,63,0.05,1,1,1,1,1,316.53,0,18,3,3,3,3,3,1,1,1,1
3,12,7,64,0.1,2,2,2,2,1,231.02,1,18,3,1,2,2,15,1,3,2,2
3,12,7,65,0.4,2,3,2,2,1,210.53,1,11,1,3,2,2,6,3,3,1,1
3,12,7,66,0.1,1,3,1,1,1,207.83,1,17,1,1,1,1,14,3,1,1,3
3,12,7,67,1.8,1,3,1,1,1,293.54,1,1,3,3,3,3,8,3,3,1,1
3,12,7,68,1.8,2,1,2,1,0,255.33,1,2,3,1,2,2,6,3,1,3,1
3,12,7,69,0.8,1,3,NaN,NaN,NaN,NaN,NaN,3,1,1,1,1,9,3,1,1,3
3,12,7,70,0.4,3,3,2,2,1,341,0,18,3,1,1,3,20,1,1,3,3
3,12,7,71,0.05,3,2,2,2,1,332.31,0,15,1,3,3,1,14,3,3,2,2
3,12,7,72,0.05,3,1,2,2,1,282.39,1,14,3,1,1,3,4,3,1,3,1
3,12,7,73,0.8,1,2,1,1,1,266.69,1,14,3,3,3,3,3,1,1,2,2
3,12,7,74,0.1,1,2,1,1,1,292.95,1,15,3,1,3,1,20,3,3,2,2
3,12,7,75,0.4,3,3,2,2,1,283.12,1,9,3,3,1,1,15,1,1,3,3
3,12,7,76,0.1,1,2,1,1,1,256.25,1,6,1,1,1,1,1,1,3,2,2
3,12,7,77,1.8,3,1,2,2,1,220.13,1,18,3,1,1,3,5,1,1,1,1
3,12,7,78,0.1,1,2,1,1,1,311.4,0,15,3,3,3,3,2,3,1,2,2
3,12,8,1,0.05,1,1,1,1,1,277.55,1,15,3,3,3,3,19,3,3,3,3
3,12,8,2,0.1,1,1,1,1,1,229.47,1,15,1,3,1,3,2,3,3,3,3
3,12,8,3,0.2,2,2,2,2,1,211.81,1,7,1,3,2,2,17,3,3,2,2
3,12,8,4,0.2,3,2,2,2,1,274.65,1,10,1,3,3,1,2,3,1,2,2
3,12,8,5,0.8,1,2,1,1,1,228.21,1,16,1,1,1,1,6,1,3,2,2
3,12,8,6,0.8,2,1,2,1,0,210.62,1,15,3,3,2,2,4,3,1,3,1
3,12,8,7,0.2,1,2,1,1,1,210.64,1,6,1,1,1,1,3,1,1,2,2
3,12,8,8,0.05,1,1,1,1,1,276.05,1,4,1,1,1,1,16,1,3,1,3
3,12,8,9,0.05,1,3,1,1,1,284.51,1,5,3,3,3,3,1,3,1,1,3
3,12,8,10,0.1,3,1,2,2,1,212.8,1,11,3,1,1,3,1,3,3,3,3
3,12,8,11,0.2,2,1,2,2,1,248.13,1,15,1,3,2,2,10,1,3,1,3
3,12,8,12,0.8,1,3,1,1,1,246.05,1,6,1,1,1,1,13,3,3,1,1
3,12,8,13,0.2,2,3,2,2,1,253.96,1,4,3,3,2,2,17,1,3,3,1
3,12,8,14,1.8,1,3,NaN,NaN,NaN,NaN,NaN,8,1,1,1,1,19,1,1,3,3
3,12,8,15,0.2,3,2,2,2,1,245.41,1,5,1,3,3,1,3,3,3,2,2
3,12,8,16,1.8,1,3,1,1,1,199.36,1,9,1,1,1,1,1,1,3,3,1
3,12,8,17,1.8,1,2,1,1,1,278.5,1,15,1,1,1,1,10,3,1,2,2
3,12,8,18,0.1,1,3,1,1,1,229.49,1,16,3,3,3,3,9,1,1,3,3
3,12,8,19,1.8,2,1,2,2,1,265.64,1,3,1,3,2,2,18,1,1,1,1
3,12,8,20,0.05,1,2,1,1,1,255.8,1,19,1,3,1,3,13,1,3,2,2
3,12,8,21,0.05,1,1,1,1,1,276.6,1,14,1,3,1,3,16,3,3,3,3
3,12,8,22,1.8,3,2,2,2,1,243.39,1,18,3,1,1,3,3,1,1,2,2
3,12,8,23,0.4,1,2,1,1,1,271.74,1,20,1,3,1,3,13,1,3,2,2
3,12,8,24,0.8,1,2,1,1,1,248.64,1,4,1,1,1,1,13,3,1,2,2
3,12,8,25,0.1,1,3,1,1,1,238.39,1,1,3,3,3,3,20,1,1,3,3
3,12,8,26,0.4,2,2,2,1,0,323.93,0,17,3,1,2,2,18,1,3,2,2
3,12,8,27,1.8,3,2,2,2,1,243.28,1,10,1,1,3,3,5,3,1,2,2
3,12,8,28,0.4,3,1,2,2,1,259.4,1,2,1,3,3,1,6,3,3,3,3
3,12,8,29,0.4,2,3,NaN,NaN,NaN,NaN,NaN,2,3,1,2,2,18,1,1,3,3
3,12,8,30,0.4,3,3,2,2,1,410.46,0,1,3,1,1,3,15,3,3,1,1
3,12,8,31,0.05,1,1,1,1,1,280.91,1,16,1,1,1,1,1,3,1,3,1
3,12,8,32,0.8,3,2,2,2,1,223.46,1,1,1,3,3,1,17,1,1,2,2
3,12,8,33,1.8,1,3,NaN,NaN,NaN,NaN,NaN,13,1,1,1,1,12,3,1,1,3
3,12,8,34,0.4,1,2,NaN,NaN,NaN,NaN,NaN,10,3,3,3,3,2,3,1,2,2
3,12,8,35,0.8,3,1,2,2,1,260.66,1,17,3,1,1,3,9,1,3,1,3
3,12,8,36,0.8,1,2,NaN,NaN,NaN,NaN,NaN,16,3,1,3,1,14,1,1,2,2
3,12,8,37,0.4,1,2,1,1,1,258.93,1,1,3,1,3,1,20,1,3,2,2
3,12,8,38,0.1,2,3,2,2,1,280.96,1,3,1,1,2,2,16,3,1,1,3
3,12,8,39,0.8,1,3,1,1,1,230.07,1,14,1,3,1,3,5,1,3,3,1
3,12,8,40,1.8,1,3,1,1,1,220.73,1,4,1,3,1,3,8,3,1,1,3
3,12,8,41,0.4,2,3,2,2,1,271.86,1,8,1,1,2,2,11,3,3,1,1
3,12,8,42,0.2,2,2,2,2,1,337.09,0,20,1,3,2,2,11,3,3,2,2
3,12,8,43,0.05,2,3,2,1,0,272.76,1,12,3,1,2,2,6,1,1,3,3
3,12,8,44,1.8,3,1,2,2,1,240.44,1,12,3,1,1,3,18,1,1,1,1
3,12,8,45,0.05,1,2,1,1,1,267.9,1,19,1,1,1,1,18,3,3,2,2
3,12,8,46,1.8,1,3,1,1,1,258.96,1,15,3,1,3,1,1,1,1,3,3
3,12,8,47,0.2,1,3,1,1,1,256.66,1,16,3,1,3,1,3,3,3,1,1
3,12,8,48,0.8,2,2,NaN,NaN,NaN,NaN,NaN,16,1,1,2,2,20,1,3,2,2
3,12,8,49,0.05,3,1,2,2,1,289.39,1,19,1,1,3,3,7,1,3,1,3
3,12,8,50,0.05,3,3,2,2,1,297.45,1,16,3,1,1,3,19,3,1,1,3
3,12,8,51,0.4,1,2,1,1,1,237.95,1,7,3,1,3,1,1,1,3,2,2
3,12,8,52,0.1,1,2,1,1,1,274.02,1,3,3,3,3,3,5,3,1,2,2
3,12,8,53,0.8,3,2,2,2,1,240.56,1,7,3,3,1,1,5,3,3,2,2
3,12,8,54,0.4,3,2,2,2,1,252.63,1,13,1,3,3,1,3,1,1,2,2
3,12,8,55,0.1,3,2,2,2,1,282,1,9,3,1,1,3,13,3,3,2,2
3,12,8,56,1.8,1,2,NaN,NaN,NaN,NaN,NaN,7,3,1,3,1,17,3,1,2,2
3,12,8,57,0.1,3,2,2,1,0,230.07,1,15,3,3,1,1,8,1,1,2,2
3,12,8,58,0.1,2,2,2,2,1,269.53,1,7,1,1,2,2,6,3,3,2,2
3,12,8,59,1.8,2,1,2,1,0,208.59,1,12,1,3,2,2,14,1,1,1,1
3,12,8,60,0.05,3,3,2,2,1,300.32,0,16,3,3,1,1,5,1,1,3,3
3,12,8,61,0.4,3,1,NaN,NaN,NaN,NaN,NaN,14,3,3,1,1,4,3,3,3,3
3,12,8,62,0.05,1,1,1,1,1,251.96,1,19,3,1,3,1,16,1,3,1,3
3,12,8,63,0.1,3,1,2,2,1,235.79,1,9,1,3,3,1,2,3,1,3,1
3,12,8,64,0.1,1,1,1,1,1,234.5,1,4,1,1,1,1,11,3,3,3,3
3,12,8,65,0.8,3,3,2,2,1,245.71,1,12,1,3,3,1,7,1,1,3,3
3,12,8,66,0.2,3,1,2,2,1,220.64,1,8,1,3,3,1,18,1,3,1,3
3,12,8,67,0.2,2,1,2,2,1,236.67,1,5,3,1,2,2,19,1,3,1,3
3,12,8,68,0.2,1,1,1,1,1,268.18,1,13,1,1,1,1,5,1,3,1,3
3,12,8,69,0.2,1,3,1,1,1,204.27,1,8,1,3,1,3,16,1,3,3,1
3,12,8,70,0.8,3,3,2,2,1,265.66,1,7,3,1,1,3,8,3,1,1,3
3,12,8,71,0.1,3,3,2,2,1,287.14,1,4,3,3,1,1,17,1,3,3,1
3,12,8,72,0.05,1,3,1,1,1,236.35,1,1,3,1,3,1,12,1,3,3,1
3,12,8,73,0.1,1,3,1,1,1,253.07,1,16,3,1,3,1,10,3,1,1,3
3,12,8,74,0.8,1,3,1,1,1,247.55,1,6,3,3,3,3,6,1,3,3,1
3,12,8,75,1.8,1,1,1,1,1,245.62,1,17,1,1,1,1,3,1,1,1,1
3,12,8,76,0.2,2,2,2,2,1,246.49,1,4,3,1,2,2,15,3,1,2,2
3,12,8,77,0.4,2,1,2,1,0,354.26,0,18,1,1,2,2,16,1,3,1,3
3,12,8,78,0.4,1,2,1,1,1,247.58,1,20,3,1,3,1,14,1,1,2,2
3,12,9,1,0.05,3,2,2,2,1,289.29,1,19,1,1,3,3,17,3,3,2,2
3,12,9,2,0.2,3,1,2,2,1,230.96,1,7,1,3,3,1,5,1,3,1,3
3,12,9,3,0.05,1,2,1,1,1,248.76,1,5,3,1,3,1,8,3,1,2,2
3,12,9,4,0.05,2,2,2,1,0,282.19,1,15,1,1,2,2,14,1,1,2,2
3,12,9,5,0.8,1,3,1,1,1,258.38,1,7,3,3,3,3,4,3,1,1,3
3,12,9,6,0.4,3,1,2,2,1,244.73,1,10,3,1,1,3,11,3,3,3,3
3,12,9,7,0.4,1,2,1,1,1,245.39,1,13,3,3,3,3,19,1,1,2,2
3,12,9,8,0.1,1,3,1,1,1,219,1,7,3,1,3,1,7,1,3,3,1
3,12,9,9,0.2,1,1,1,1,1,261.81,1,12,3,3,3,3,17,3,1,3,1
3,12,9,10,0.8,1,2,1,1,1,222.55,1,5,3,3,3,3,18,3,1,2,2
3,12,9,11,1.8,1,1,1,1,1,227.7,1,4,1,3,1,3,9,1,1,1,1
3,12,9,12,0.1,3,1,2,2,1,226.68,1,15,3,3,1,1,5,1,1,1,1
3,12,9,13,0.2,3,3,2,2,1,226.67,1,18,3,3,1,1,8,3,3,1,1
3,12,9,14,1.8,3,2,2,2,1,220.18,1,11,1,1,3,3,9,3,3,2,2
3,12,9,15,0.4,3,1,2,2,1,264.09,1,8,3,3,1,1,11,3,1,3,1
3,12,9,16,1.8,1,1,1,1,1,250.81,1,20,1,3,1,3,1,1,3,1,3
3,12,9,17,0.2,2,3,2,2,1,308.57,0,16,3,3,2,2,10,1,1,3,3
3,12,9,18,0.05,1,3,1,1,1,289.01,1,18,3,3,3,3,12,1,3,3,1
3,12,9,19,0.4,3,3,2,2,1,255.44,1,8,3,1,1,3,16,1,1,3,3
3,12,9,20,0.1,1,3,1,1,1,229.82,1,20,1,1,1,1,8,1,1,3,3
3,12,9,21,0.2,1,2,1,1,1,239.89,1,2,1,3,1,3,8,1,3,2,2
3,12,9,22,0.8,2,3,2,2,1,200.14,1,12,3,3,2,2,13,3,1,1,3
3,12,9,23,1.8,1,2,1,1,1,208.27,1,10,1,3,1,3,1,1,3,2,2
3,12,9,24,0.8,2,1,2,2,1,236.22,1,16,1,1,2,2,13,3,3,3,3
3,12,9,25,0.05,3,3,2,2,1,273.91,1,2,1,1,3,3,1,3,1,1,3
3,12,9,26,1.8,3,1,NaN,NaN,NaN,NaN,NaN,8,3,1,1,3,4,1,3,1,3
3,12,9,27,0.4,1,2,1,1,1,249.39,1,9,1,1,1,1,7,1,1,2,2
3,12,9,28,1.8,1,1,1,1,1,225.44,1,10,3,1,3,1,11,1,1,1,1
3,12,9,29,0.2,1,2,1,1,1,273.77,1,20,1,3,1,3,3,3,1,2,2
3,12,9,30,0.4,2,2,2,2,1,279.15,1,14,3,3,2,2,9,1,1,2,2
3,12,9,31,0.1,1,3,1,1,1,291.79,1,19,1,1,1,1,11,1,1,3,3
3,12,9,32,0.2,2,1,2,2,1,162.76,1,17,3,1,2,2,13,1,1,1,1
3,12,9,33,0.8,3,1,2,2,1,263.82,1,16,3,3,1,1,9,1,1,1,1
3,12,9,34,0.4,1,1,1,2,0,204.81,1,5,3,3,3,3,6,3,1,3,1
3,12,9,35,0.4,2,1,2,2,1,331.16,0,2,3,3,2,2,12,3,3,3,3
3,12,9,36,0.1,1,3,1,1,1,263.86,1,6,1,3,1,3,4,3,1,1,3
3,12,9,37,0.8,2,3,2,2,1,265.41,1,10,3,1,2,2,16,3,3,1,1
3,12,9,38,0.1,1,2,1,1,1,388.02,0,19,3,3,3,3,15,1,3,2,2
3,12,9,39,0.2,1,1,1,1,1,233.91,1,19,3,3,3,3,5,3,3,3,3
3,12,9,40,0.2,3,3,2,2,1,240.79,1,4,3,3,1,1,11,3,1,1,3
3,12,9,41,1.8,1,1,NaN,NaN,NaN,NaN,NaN,14,1,1,1,1,15,3,3,3,3
3,12,9,42,1.8,3,2,2,2,1,287.94,1,12,1,1,3,3,9,3,1,2,2
3,12,9,43,0.4,2,1,2,2,1,269.9,1,14,1,1,2,2,1,1,3,1,3
3,12,9,44,0.1,1,1,1,1,1,256.66,1,6,3,3,3,3,2,1,1,1,1
3,12,9,45,0.8,3,2,NaN,NaN,NaN,NaN,NaN,12,1,3,3,1,3,3,1,2,2
3,12,9,46,0.8,1,3,1,1,1,235.15,1,10,3,3,3,3,11,1,3,3,1
3,12,9,47,1.8,1,2,1,1,1,223.42,1,13,3,1,3,1,5,1,3,2,2
3,12,9,48,0.05,1,3,1,1,1,279.21,1,5,3,3,3,3,18,1,1,3,3
3,12,9,49,0.05,2,2,2,2,1,303.62,0,17,3,1,2,2,12,1,3,2,2
3,12,9,50,1.8,3,1,2,2,1,257.84,1,3,1,3,3,1,12,3,3,3,3
3,12,9,51,0.4,3,1,2,1,0,279.09,1,17,3,3,1,1,18,3,1,3,1
3,12,9,52,1.8,3,1,NaN,NaN,NaN,NaN,NaN,10,1,3,3,1,13,3,3,3,3
3,12,9,53,0.8,1,3,1,1,1,260.27,1,5,1,3,1,3,3,1,1,3,3
3,12,9,54,0.2,3,2,2,2,1,298.21,1,13,1,3,3,1,3,3,1,2,2
3,12,9,55,0.8,1,2,1,1,1,251.76,1,14,1,3,1,3,6,3,1,2,2
3,12,9,56,0.1,2,1,2,2,1,255.92,1,8,3,1,2,2,4,1,1,1,1
3,12,9,57,0.2,2,2,2,2,1,285.52,1,14,3,1,2,2,14,1,1,2,2
3,12,9,58,0.05,1,2,1,1,1,299.71,1,19,3,3,3,3,6,1,3,2,2
3,12,9,59,0.8,1,3,1,1,1,283.21,1,2,1,3,1,3,4,3,3,1,1
3,12,9,60,0.05,1,2,1,1,1,311.67,0,10,3,1,3,1,9,1,1,2,2
3,12,9,61,1.8,3,2,2,2,1,278.86,1,5,1,3,3,1,2,3,3,2,2
3,12,9,62,0.1,1,1,1,1,1,233.96,1,12,3,1,3,1,2,1,1,1,1
3,12,9,63,0.8,3,2,2,2,1,264.6,1,6,1,3,3,1,14,1,1,2,2
3,12,9,64,0.2,1,2,1,1,1,210.54,1,1,1,1,1,1,1,1,3,2,2
3,12,9,65,0.1,1,3,1,2,0,292.6,1,8,1,1,1,1,11,3,3,1,1
3,12,9,66,0.05,2,1,2,2,1,267.52,1,9,1,1,2,2,17,1,3,1,3
3,12,9,67,0.05,1,2,1,1,1,225.61,1,5,1,3,1,3,1,1,3,2,2
3,12,9,68,0.1,1,2,1,1,1,308.21,0,3,3,1,3,1,6,1,1,2,2
3,12,9,69,1.8,1,2,1,1,1,271.55,1,1,1,1,1,1,7,3,3,2,2
3,12,9,70,0.4,1,2,1,1,1,259.53,1,12,3,3,3,3,13,3,1,2,2
3,12,9,71,0.4,2,3,2,1,0,223.51,1,9,1,3,2,2,8,1,3,3,1
3,12,9,72,0.4,2,2,2,2,1,235.62,1,11,1,1,2,2,8,1,1,2,2
3,12,9,73,0.1,3,2,2,2,1,346.34,0,7,1,1,3,3,10,3,3,2,2
3,12,9,74,0.8,2,1,2,1,0,222.42,1,10,1,1,2,2,1,3,3,3,3
3,12,9,75,0.1,1,3,1,1,1,210.77,1,8,1,3,1,3,16,1,3,3,1
3,12,9,76,0.2,3,2,2,2,1,236.12,1,3,1,1,3,3,19,3,1,2,2
3,12,9,77,0.05,1,3,1,1,1,260.12,1,17,3,3,3,3,10,1,3,3,1
3,12,9,78,0.05,1,1,1,1,1,329.01,0,20,1,3,1,3,19,1,1,1,1
3,12,10,1,0.05,2,2,2,2,1,475.68,0,20,1,1,2,2,16,1,1,2,2
3,12,10,2,0.8,1,3,1,1,1,222.88,1,12,1,3,1,3,13,3,1,1,3
3,12,10,3,0.2,1,2,1,1,1,94.561,2,5,1,1,1,1,4,3,1,2,2
3,12,10,4,0.8,3,3,2,2,1,257.68,1,16,1,1,3,3,6,3,3,1,1
3,12,10,5,0.4,1,2,NaN,NaN,NaN,NaN,NaN,19,3,3,3,3,9,3,3,2,2
3,12,10,6,1.8,3,3,2,2,1,211.36,1,8,3,1,1,3,7,1,1,3,3
3,12,10,7,0.8,1,3,1,1,1,227.61,1,15,1,1,1,1,18,1,1,3,3
3,12,10,8,1.8,1,1,1,1,1,236.71,1,13,3,1,3,1,4,3,3,3,3
3,12,10,9,0.2,1,3,1,1,1,281.33,1,17,1,1,1,1,13,1,3,3,1
3,12,10,10,0.4,1,2,1,1,1,269.03,1,12,3,1,3,1,10,1,1,2,2
3,12,10,11,0.1,3,1,2,2,1,358.17,0,20,1,3,3,1,14,3,1,3,1
3,12,10,12,0.4,2,2,2,2,1,348.37,0,8,1,1,2,2,4,1,3,2,2
3,12,10,13,0.4,1,3,1,1,1,297.17,1,10,1,3,1,3,16,1,1,3,3
3,12,10,14,1.8,2,3,2,2,1,179.38,1,20,1,1,2,2,11,3,1,1,3
3,12,10,15,0.05,1,1,1,1,1,298.99,1,7,3,3,3,3,4,3,1,3,1
3,12,10,16,0.1,1,1,1,1,1,235.58,1,7,1,1,1,1,1,1,1,1,1
3,12,10,17,0.8,3,1,2,2,1,229.74,1,12,1,1,3,3,20,1,3,1,3
3,12,10,18,0.4,1,1,1,2,0,292.94,1,1,1,1,1,1,12,3,3,3,3
3,12,10,19,0.1,2,3,2,1,0,234.79,1,14,1,1,2,2,18,1,3,3,1
3,12,10,20,0.8,3,2,2,2,1,238.95,1,9,3,1,1,3,1,1,3,2,2
3,12,10,21,0.05,1,1,1,1,1,275.47,1,14,3,1,3,1,5,1,3,1,3
3,12,10,22,0.05,1,1,1,1,1,347.41,0,19,3,3,3,3,14,3,3,3,3
3,12,10,23,0.4,3,1,2,2,1,27.498,2,7,3,3,1,1,17,1,3,1,3
3,12,10,24,0.1,2,3,2,2,1,303.12,0,20,1,3,2,2,7,3,3,1,1
3,12,10,25,0.2,2,2,2,2,1,284.34,1,10,3,1,2,2,11,3,3,2,2
3,12,10,26,0.2,2,3,2,1,0,399.6,0,2,3,1,2,2,17,3,3,1,1
3,12,10,27,0.2,3,2,2,2,1,303.16,0,18,3,1,1,3,19,3,3,2,2
3,12,10,28,0.05,1,3,1,1,1,355.49,0,19,1,1,1,1,19,1,1,3,3
3,12,10,29,0.05,2,1,2,2,1,294.95,1,19,1,1,2,2,11,1,3,1,3
3,12,10,30,0.4,3,3,2,2,1,289.5,1,1,1,3,3,1,3,3,1,1,3
3,12,10,31,0.4,3,2,2,2,1,234.12,1,18,1,1,3,3,2,1,1,2,2
3,12,10,32,0.1,3,3,2,2,1,273.62,1,13,1,1,3,3,4,3,1,1,3
3,12,10,33,1.8,1,3,NaN,NaN,NaN,NaN,NaN,18,3,1,3,1,9,3,1,1,3
3,12,10,34,0.8,2,3,2,2,1,243.64,1,2,1,3,2,2,2,1,3,3,1
3,12,10,35,1.8,2,1,2,2,1,266.82,1,17,1,1,2,2,20,1,3,1,3
3,12,10,36,0.4,1,3,1,1,1,220.74,1,7,3,3,3,3,18,1,3,3,1
3,12,10,37,0.1,3,3,2,2,1,261.95,1,6,3,1,1,3,13,1,1,3,3
3,12,10,38,0.2,3,2,2,2,1,301.04,0,12,1,1,3,3,6,1,3,2,2
3,12,10,39,0.05,3,1,2,2,1,324.68,0,13,1,1,3,3,2,1,1,1,1
3,12,10,40,0.8,3,2,2,2,1,284.66,1,11,3,3,1,1,15,1,3,2,2
3,12,10,41,0.1,1,2,1,1,1,228.77,1,4,1,3,1,3,6,3,1,2,2
3,12,10,42,0.2,1,3,1,1,1,249.7,1,16,3,3,3,3,13,1,1,3,3
3,12,10,43,0.1,1,3,1,1,1,240.92,1,9,1,3,1,3,17,3,3,1,1
3,12,10,44,0.1,1,3,1,1,1,237.87,1,13,1,3,1,3,14,3,1,1,3
3,12,10,45,1.8,3,1,2,2,1,219.34,1,17,3,3,1,1,10,1,1,1,1
3,12,10,46,0.8,1,3,1,1,1,255.39,1,8,3,3,3,3,20,3,3,1,1
3,12,10,47,0.8,3,3,NaN,NaN,NaN,NaN,NaN,2,1,3,3,1,17,3,1,1,3
3,12,10,48,1.8,1,2,1,1,1,233.39,1,18,1,3,1,3,10,1,3,2,2
3,12,10,49,0.8,1,2,1,1,1,260.36,1,17,1,3,1,3,19,1,1,2,2
3,12,10,50,0.8,1,2,1,1,1,272.31,1,1,1,3,1,3,1,1,1,2,2
3,12,10,51,0.2,2,3,2,2,1,261.34,1,3,1,1,2,2,16,1,1,3,3
3,12,10,52,0.4,2,3,2,2,1,215.59,1,17,1,3,2,2,10,1,3,3,1
3,12,10,53,0.2,1,3,1,1,1,272.57,1,11,3,1,3,1,8,1,3,3,1
3,12,10,54,0.1,2,1,2,2,1,333.42,0,6,1,1,2,2,1,1,1,1,1
3,12,10,55,0.05,1,1,1,1,1,474.78,0,8,1,1,1,1,20,3,3,3,3
3,12,10,56,0.8,2,2,NaN,NaN,NaN,NaN,NaN,9,1,1,2,2,7,1,3,2,2
3,12,10,57,0.4,2,3,2,2,1,335.77,0,7,3,3,2,2,13,3,1,1,3
3,12,10,58,0.8,3,1,2,2,1,245.57,1,3,3,3,1,1,8,1,1,1,1
3,12,10,59,1.8,3,3,2,2,1,244.67,1,5,1,3,3,1,4,1,3,3,1
3,12,10,60,0.1,1,3,1,1,1,290.84,1,18,3,1,3,1,12,3,3,1,1
3,12,10,61,0.05,1,1,1,1,1,301.99,0,3,1,3,1,3,20,3,1,3,1
3,12,10,62,1.8,2,2,2,2,1,292.02,1,5,3,3,2,2,13,3,3,2,2
3,12,10,63,1.8,1,2,NaN,NaN,NaN,NaN,NaN,8,1,3,1,3,17,1,3,2,2
3,12,10,64,0.05,2,1,2,2,1,296.27,1,15,3,1,2,2,1,3,3,3,3
3,12,10,65,0.4,1,3,1,1,1,266.89,1,15,3,1,3,1,15,1,1,3,3
3,12,10,66,0.05,1,2,1,1,1,351.7,0,9,3,1,3,1,11,3,3,2,2
3,12,10,67,1.8,3,3,2,2,1,236.89,1,17,3,3,1,1,5,1,3,3,1
3,12,10,68,1.8,2,1,2,2,1,261.51,1,9,3,3,2,2,13,3,3,3,3
3,12,10,69,0.1,2,2,2,2,1,316.84,0,11,1,1,2,2,3,1,3,2,2
3,12,10,70,0.05,1,2,1,1,1,282.34,1,16,3,3,3,3,13,1,3,2,2
3,12,10,71,0.4,1,1,1,1,1,435.1,0,19,3,3,3,3,16,3,3,3,3
3,12,10,72,0.2,1,2,1,1,1,249.62,1,20,1,1,1,1,11,1,1,2,2
3,12,10,73,1.8,1,2,1,1,1,206.81,1,7,1,3,1,3,1,3,1,2,2
3,12,10,74,0.2,1,1,1,1,1,266.44,1,14,3,3,3,3,14,3,1,3,1
3,12,10,75,0.2,1,2,1,1,1,248.06,1,16,1,1,1,1,8,3,1,2,2
3,12,10,76,0.05,1,3,1,1,1,266.48,1,19,3,1,3,1,4,3,1,1,3
3,12,10,77,0.1,2,3,2,2,1,315.48,0,10,1,3,2,2,12,3,3,1,1
3,12,10,78,0.2,1,3,1,1,1,277.1,1,3,3,3,3,3,16,1,3,3,1
