3,12,1,1,0.4,3,2,2,2,1,310.4,0,4,3,3,1,1,14,1,1,2,2
3,12,1,2,0.4,2,1,2,2,1,223.68,1,6,1,3,2,2,17,1,3,1,3
3,12,1,3,1.8,3,1,2,2,1,237.49,1,8,3,3,1,1,10,3,3,3,3
3,12,1,4,0.8,1,1,1,1,1,219.93,1,20,1,3,1,3,6,3,3,3,3
3,12,1,5,0.05,1,1,1,1,1,313.82,0,10,1,1,1,1,1,1,1,1,1
3,12,1,6,1.8,1,2,1,1,1,199.83,1,1,3,1,3,1,4,3,3,2,2
3,12,1,7,0.4,1,3,1,1,1,261.67,1,15,3,1,3,1,15,1,1,3,3
3,12,1,8,0.1,1,3,1,1,1,322.26,0,2,3,3,3,3,17,3,3,1,1
3,12,1,9,1.8,2,1,2,2,1,273.36,1,19,3,1,2,2,8,1,3,1,3
3,12,1,10,0.2,1,2,1,1,1,204.18,1,9,3,3,3,3,8,3,1,2,2
3,12,1,11,0.1,1,1,1,1,1,209.61,1,10,1,1,1,1,9,3,3,3,3
3,12,1,12,1.8,1,2,1,1,1,197.27,1,15,3,1,3,1,10,3,3,2,2
3,12,1,13,1.8,1,2,1,2,0,202.25,1,11,3,3,3,3,6,3,3,2,2
3,12,1,14,0.4,2,3,2,2,1,205.95,1,11,1,1,2,2,2,3,3,1,1
3,12,1,15,0.8,1,1,1,1,1,237.82,1,4,1,3,1,3,12,1,3,1,3
3,12,1,16,0.05,3,1,2,2,1,291.84,1,10,3,3,1,1,11,3,1,3,1
3,12,1,17,0.4,1,1,1,1,1,267.44,1,12,1,3,1,3,8,3,3,3,3
3,12,1,18,0.05,1,1,1,2,0,284.17,1,2,3,3,3,3,20,1,1,1,1
3,12,1,19,0.2,3,1,2,2,1,242,1,6,1,3,3,1,16,3,1,3,1
3,12,1,20,0.8,1,1,1,1,1,275.3,1,17,1,3,1,3,12,1,3,1,3
3,12,1,21,0.4,3,1,NaN,NaN,NaN,NaN,NaN,6,3,3,1,1,6,3,3,3,3
3,12,1,22,0.4,1,3,1,1,1,221.2,1,11,3,1,3,1,3,1,1,3,3
3,12,1,23,0.2,3,1,2,2,1,276.47,1,14,1,3,3,1,10,1,1,1,1
3,12,1,24,0.05,2,1,2,2,1,301.09,0,9,3,1,2,2,19,1,3,1,3
3,12,1,25,0.1,2,3,2,2,1,319.11,0,17,3,1,2,2,11,3,3,1,1
3,12,1,26,0.4,2,3,2,2,1,213.11,1,5,3,3,2,2,1,1,1,3,3
3,12,1,27,0.05,1,2,1,1,1,267.23,1,5,1,1,1,1,11,1,1,2,2
3,12,1,28,0.1,3,3,2,2,1,287.42,1,6,3,1,1,3,18,1,1,3,3
3,12,1,29,0.1,1,2,1,1,1,245.46,1,17,3,1,3,1,18,1,1,2,2
3,12,1,30,0.8,1,2,1,1,1,225.17,1,20,3,3,3,3,11,3,1,2,2
3,12,1,31,1.8,3,1,NaN,NaN,NaN,NaN,NaN,5,1,3,3,1,14,1,3,1,3
3,12,1,32,0.05,3,1,2,2,1,258.08,1,8,1,1,3,3,16,3,1,3,1
3,12,1,33,0.05,1,2,1,1,1,278.47,1,7,3,3,3,3,17,1,3,2,2
3,12,1,34,0.4,1,2,1,1,1,270.99,1,9,1,1,1,1,19,1,3,2,2
3,12,1,35,0.05,1,2,1,1,1,258.86,1,15,1,1,1,1,11,3,3,2,2
3,12,1,36,1.8,1,2,1,1,1,207.27,1,9,3,3,3,3,17,1,1,2,2
3,12,1,37,1.8,1,3,1,1,1,222.33,1,2,3,1,3,1,18,3,3,1,1
3,12,1,38,0.2,3,1,2,1,0,222.88,1,15,1,1,3,3,10,3,3,3,3
3,12,1,39,0.05,1,2,1,1,1,302.67,0,2,3,3,3,3,20,3,1,2,2
3,12,1,40,0.2,2,3,2,1,0,266.37,1,1,1,3,2,2,2,1,3,3,1
3,12,1,41,0.2,1,3,1,1,1,256.99,1,8,3,1,3,1,13,1,3,3,1
3,12,1,42,0.1,3,2,2,2,1,256.1,1,1,1,3,3,1,5,1,1,2,2
3,12,1,43,0.1,2,1,2,1,0,206.35,1,4,1,1,2,2,4,3,3,3,3
3,12,1,44,1.8,2,2,NaN,NaN,NaN,NaN,NaN,9,1,1,2,2,20,3,1,2,2
3,12,1,45,0.2,2,3,2,1,0,216.84,1,4,3,3,2,2,9,3,1,1,3
3,12,1,46,0.4,1,2,1,1,1,209.38,1,20,3,1,3,1,9,3,1,2,2
3,12,1,47,0.8,2,3,2,1,0,281.45,1,1,3,1,2,2,15,3,1,1,3
3,12,1,48,0.05,3,1,2,2,1,278.07,1,5,1,3,3,1,13,1,1,1,1
3,12,1,49,1.8,1,2,1,1,1,274.74,1,20,3,1,3,1,7,1,3,2,2
3,12,1,50,0.1,1,3,1,2,0,289.08,1,8,3,3,3,3,13,1,1,3,3
3,12,1,51,0.1,1,2,1,1,1,240.5,1,20,3,3,3,3,9,3,3,2,2
3,12,1,52,0.2,3,2,2,2,1,271.46,1,18,1,1,3,3,17,3,3,2,2
3,12,1,53,0.1,2,3,2,1,0,508.34,0,11,1,1,2,2,10,3,3,1,1
3,12,1,54,0.8,3,3,2,2,1,243.66,1,3,1,1,3,3,19,3,3,1,1
3,12,1,55,1.8,1,2,1,1,1,222.4,1,19,3,1,3,1,1,3,1,2,2
3,12,1,56,0.1,1,2,1,1,1,260.76,1,14,3,1,3,1,19,1,1,2,2
3,12,1,57,0.4,1,3,1,1,1,218.88,1,13,1,3,1,3,19,1,1,3,3
3,12,1,58,0.2,2,2,2,1,0,304.28,0,12,3,1,2,2,19,1,3,2,2
3,12,1,59,0.05,1,3,1,1,1,234.94,1,17,1,3,1,3,13,1,1,3,3
3,12,1,60,0.4,1,1,1,1,1,238.11,1,20,1,3,1,3,18,3,3,3,3
3,12,1,61,0.8,1,3,1,1,1,273.84,1,9,1,1,1,1,8,1,1,3,3
3,12,1,62,0.4,1,3,1,1,1,259.32,1,16,3,3,3,3,1,1,1,3,3
3,12,1,63,0.05,1,2,1,1,1,268.61,1,6,1,1,1,1,8,1,3,2,2
3,12,1,64,1.8,1,3,1,2,0,202.4,1,13,3,1,3,1,19,3,1,1,3
3,12,1,65,0.2,1,3,1,1,1,177.23,1,13,1,3,1,3,13,1,3,3,1
3,12,1,66,0.2,1,1,1,1,1,223.91,1,18,3,3,3,3,4,3,3,3,3
3,12,1,67,0.2,2,1,2,1,0,277.76,1,13,3,3,2,2,2,3,3,3,3
3,12,1,68,0.05,2,3,2,1,0,206.26,1,8,3,1,2,2,18,3,1,1,3
3,12,1,69,0.2,1,2,1,1,1,231.36,1,6,1,1,1,1,11,3,1,2,2
3,12,1,70,0.8,1,1,1,1,1,224.41,1,3,3,3,3,3,5,3,1,3,1
3,12,1,71,1.8,1,1,1,1,1,280.87,1,1,1,3,1,3,17,3,3,3,3
3,12,1,72,0.1,1,1,1,1,1,303.03,0,14,1,1,1,1,19,1,1,1,1
3,12,1,73,0.8,2,1,2,2,1,215.79,1,17,3,3,2,2,19,3,1,3,1
3,12,1,74,0.8,2,3,2,2,1,212.66,1,7,3,1,2,2,1,3,1,1,3
3,12,1,75,0.1,3,2,2,2,1,303.29,0,10,1,1,3,3,7,3,1,2,2
3,12,1,76,0.8,3,3,2,2,1,273.99,1,9,1,3,3,1,16,1,1,3,3
3,12,1,77,0.8,1,1,1,1,1,197.77,1,16,1,3,1,3,14,1,3,1,3
3,12,1,78,0.8,1,3,1,1,1,238.95,1,20,1,1,1,1,3,3,3,1,1
3,12,2,1,0.2,1,3,1,1,1,219.58,1,3,1,3,1,3,13,1,1,3,3
3,12,2,2,1.8,1,3,1,1,1,247.06,1,8,3,3,3,3,20,3,1,1,3
3,12,2,3,0.4,2,3,2,2,1,307.64,0,2,3,1,2,2,18,1,3,3,1
3,12,2,4,0.4,1,3,1,1,1,221.19,1,2,3,3,3,3,11,1,1,3,3
3,12,2,5,0.05,1,2,1,1,1,269.99,1,16,1,3,1,3,7,3,1,2,2
3,12,2,6,0.1,1,1,1,1,1,261.29,1,18,3,3,3,3,13,3,3,3,3
3,12,2,7,0.1,1,1,1,1,1,203.53,1,14,3,3,3,3,10,3,3,3,3
3,12,2,8,0.05,3,1,2,1,0,244.2,1,7,3,3,1,1,4,3,3,3,3
3,12,2,9,0.2,1,1,1,1,1,234.54,1,20,1,3,1,3,2,1,1,1,1
3,12,2,10,1.8,1,2,1,1,1,220.73,1,16,3,1,3,1,11,3,3,2,2
3,12,2,11,0.05,1,2,1,1,1,311.34,0,11,3,3,3,3,20,3,1,2,2
3,12,2,12,0.2,2,1,2,1,0,279.95,1,4,3,3,2,2,7,1,3,1,3
3,12,2,13,0.1,1,1,1,1,1,235.4,1,13,1,1,1,1,4,3,3,3,3
3,12,2,14,0.1,2,1,2,2,1,288.49,1,9,1,3,2,2,7,1,1,1,1
3,12,2,15,0.4,2,2,2,1,0,657.39,0,6,1,3,2,2,1,3,1,2,2
3,12,2,16,1.8,2,1,2,2,1,300.11,0,9,1,1,2,2,15,3,3,3,3
3,12,2,17,1.8,1,2,NaN,NaN,NaN,NaN,NaN,20,3,3,3,3,2,1,3,2,2
3,12,2,18,0.8,1,3,1,1,1,283.43,1,19,1,1,1,1,14,1,3,3,1
3,12,2,19,1.8,3,1,2,2,1,291.82,1,6,3,1,1,3,10,3,3,3,3
3,12,2,20,0.1,2,3,2,2,1,336.24,0,2,1,1,2,2,12,1,1,3,3
3,12,2,21,0.8,2,3,2,2,1,212.41,1,18,3,1,2,2,7,3,3,1,1
3,12,2,22,0.8,1,1,1,1,1,183.86,1,1,3,3,3,3,16,1,3,1,3
3,12,2,23,0.1,3,2,2,2,1,276.72,1,18,3,1,1,3,13,1,1,2,2
3,12,2,24,0.8,2,1,2,2,1,291.28,1,14,3,3,2,2,16,3,1,3,1
3,12,2,25,0.2,3,1,2,2,1,282.93,1,19,1,1,3,3,15,1,3,1,3
3,12,2,26,0.1,2,3,2,2,1,250.7,1,7,3,3,2,2,7,3,3,1,1
3,12,2,27,1.8,1,3,1,1,1,266.41,1,15,3,1,3,1,19,1,3,3,1
3,12,2,28,0.8,2,3,2,2,1,267.6,1,3,3,3,2,2,12,3,1,1,3
3,12,2,29,0.4,2,1,2,1,0,246.11,1,12,1,1,2,2,19,1,1,1,1
3,12,2,30,0.2,1,3,1,2,0,283.05,1,13,1,3,1,3,7,1,1,3,3
3,12,2,31,1.8,1,1,1,1,1,233.9,1,10,1,1,1,1,13,1,3,1,3
3,12,2,32,0.4,2,2,2,2,1,232.95,1,18,1,1,2,2,19,3,1,2,2
3,12,2,33,0.8,1,3,1,1,1,231.92,1,4,3,1,3,1,15,1,3,3,1
3,12,2,34,0.8,1,2,1,1,1,204.01,1,6,1,3,1,3,8,1,1,2,2
3,12,2,35,0.1,2,3,2,2,1,302.94,0,5,1,1,2,2,12,1,1,3,3
3,12,2,36,0.4,1,1,1,1,1,235.13,1,8,3,1,3,1,3,3,1,3,1
3,12,2,37,1.8,1,1,NaN,NaN,NaN,NaN,NaN,8,3,1,3,1,9,3,1,3,1
3,12,2,38,0.8,3,2,2,2,1,251.69,1,14,3,3,1,1,10,3,1,2,2
3,12,2,39,0.05,1,1,1,1,1,293.57,1,7,3,3,3,3,19,1,3,1,3
3,12,2,40,0.05,2,3,2,1,0,332.52,0,15,1,3,2,2,17,1,1,3,3
3,12,2,41,0.05,1,2,1,1,1,330.63,0,8,1,3,1,3,5,1,1,2,2
3,12,2,42,0.4,1,1,1,1,1,211.07,1,20,1,3,1,3,10,3,1,3,1
3,12,2,43,0.4,3,1,2,2,1,230.22,1,2,3,3,1,1,12,1,3,1,3
3,12,2,44,1.8,3,1,2,2,1,230.98,1,2,1,3,3,1,4,3,1,3,1
3,12,2,45,0.05,3,3,2,2,1,279.84,1,6,1,3,3,1,20,1,1,3,3
3,12,2,46,1.8,1,2,1,1,1,191.87,1,4,1,3,1,3,6,3,1,2,2
3,12,2,47,0.1,1,1,1,1,1,268.38,1,14,3,1,3,1,5,3,3,3,3
3,12,2,48,0.8,2,2,2,2,1,239.4,1,13,1,3,2,2,13,1,1,2,2
3,12,2,49,1.8,2,3,2,2,1,210.62,1,4,1,1,2,2,8,3,3,1,1
3,12,2,50,0.8,1,1,1,1,1,282.31,1,13,1,1,1,1,3,3,3,3,3
3,12,2,51,0.05,1,1,1,1,1,315.39,0,18,1,1,1,1,18,1,1,1,1
3,12,2,52,1.8,2,1,2,2,1,246.91,1,11,1,3,2,2,17,1,1,1,1
3,12,2,53,0.05,3,3,2,2,1,331.57,0,5,1,1,3,3,15,3,3,1,1
3,12,2,54,0.8,3,1,2,2,1,230.22,1,10,3,3,1,1,3,1,3,1,3
3,12,2,55,0.1,1,3,1,2,0,377.89,0,9,1,1,1,1,10,3,1,1,3
3,12,2,56,0.05,1,3,1,1,1,424.66,0,19,3,3,3,3,19,3,1,1,3
3,12,2,57,0.2,1,1,1,1,1,107.16,1,3,3,1,3,1,16,3,3,3,3
3,12,2,58,0.1,1,3,1,1,1,218.54,1,12,3,3,3,3,15,3,1,1,3
3,12,2,59,0.2,3,2,2,2,1,281.42,1,14,1,3,3,1,4,1,1,2,2
3,12,2,60,0.2,1,1,1,1,1,204.06,1,17,3,1,3,1,15,3,1,3,1
3,12,2,61,0.2,3,3,2,2,1,245.41,1,2,1,1,3,3,8,3,1,1,3
3,12,2,62,0.2,3,3,2,2,1,239.55,1,17,1,1,3,3,4,3,3,1,1
3,12,2,63,0.05,3,1,2,2,1,310.3,0,17,3,1,1,3,4,1,1,1,1
3,12,2,64,0.2,1,3,1,1,1,249.19,1,17,3,1,3,1,8,3,1,1,3
3,12,2,65,0.1,2,3,2,2,1,297.76,1,16,1,1,2,2,18,1,3,3,1
3,12,2,66,0.8,1,1,1,1,1,271.58,1,17,3,1,3,1,3,1,3,1,3
3,12,2,67,0.2,1,1,1,1,1,234.97,1,18,3,1,3,1,13,3,1,3,1
3,12,2,68,1.8,1,3,1,1,1,235.13,1,19,3,1,3,1,14,3,3,1,1
3,12,2,69,0.1,3,1,2,2,1,223.27,1,2,3,1,1,3,17,3,3,3,3
3,12,2,70,0.4,2,1,2,1,0,275.92,1,14,1,1,2,2,19,3,1,3,1
3,12,2,71,0.2,2,3,2,2,1,254.61,1,19,1,1,2,2,9,3,1,1,3
3,12,2,72,0.4,2,2,2,1,0,230.01,1,1,1,1,2,2,11,3,3,2,2
3,12,2,73,0.4,2,3,2,1,0,247.01,1,7,3,1,2,2,5,1,1,3,3
3,12,2,74,0.4,1,2,1,1,1,243.7,1,20,3,3,3,3,13,3,3,2,2
3,12,2,75,0.05,1,1,1,1,1,344.51,0,7,1,3,1,3,3,1,3,1,3
3,12,2,76,0.8,1,1,1,1,1,270.96,1,16,3,1,3,1,5,1,3,1,3
3,12,2,77,0.05,1,2,1,1,1,283.69,1,8,3,3,3,3,9,3,1,2,2
3,12,2,78,0.4,3,2,2,2,1,272.07,1,1,1,3,3,1,17,3,1,2,2
3,12,3,1,0.4,3,3,2,2,1,307.2,0,16,3,3,1,1,13,1,3,3,1
3,12,3,2,0.8,1,3,1,1,1,330.04,0,20,3,3,3,3,17,3,1,1,3
3,12,3,3,1.8,1,2,NaN,NaN,NaN,NaN,NaN,1,1,1,1,1,6,1,1,2,2
3,12,3,4,0.1,2,1,2,2,1,283.09,1,5,1,1,2,2,7,1,3,1,3
3,12,3,5,0.1,1,1,1,1,1,246.28,1,11,1,1,1,1,11,3,1,3,1
3,12,3,6,0.2,1,1,1,1,1,279.91,1,7,1,3,1,3,2,3,1,3,1
3,12,3,7,1.8,1,3,1,1,1,226.54,1,2,3,1,3,1,15,3,3,1,1
3,12,3,8,1.8,1,3,1,1,1,275.84,1,7,3,1,3,1,20,1,3,3,1
3,12,3,9,0.05,1,2,1,1,1,273.58,1,16,1,1,1,1,19,3,3,2,2
3,12,3,10,0.05,3,3,2,2,1,319.2,0,10,3,1,1,3,17,3,1,1,3
3,12,3,11,0.05,1,1,1,1,1,230.17,1,10,3,3,3,3,11,3,1,3,1
3,12,3,12,1.8,1,2,NaN,NaN,NaN,NaN,NaN,3,1,1,1,1,1,3,3,2,2
3,12,3,13,0.2,3,1,2,2,1,222.19,1,2,3,3,1,1,4,1,3,1,3
3,12,3,14,1.8,3,1,2,2,1,217.71,1,2,1,3,3,1,7,3,1,3,1
3,12,3,15,0.05,3,3,2,2,1,299.09,1,5,3,3,1,1,14,3,1,1,3
3,12,3,16,0.8,1,1,1,1,1,269.2,1,17,1,1,1,1,3,3,1,3,1
3,12,3,17,0.05,1,1,1,2,0,226.61,1,1,1,1,1,1,11,3,3,3,3
3,12,3,18,0.05,1,1,1,1,1,259.7,1,16,3,3,3,3,18,3,1,3,1
3,12,3,19,0.8,1,1,NaN,NaN,NaN,NaN,NaN,17,1,3,1,3,9,3,1,3,1
3,12,3,20,0.2,3,3,2,2,1,276.84,1,18,1,3,3,1,12,1,3,3,1
3,12,3,21,0.2,2,1,2,2,1,236.12,1,5,3,3,2,2,6,1,1,1,1
3,12,3,22,1.8,1,1,1,1,1,261.32,1,10,1,3,1,3,7,3,1,3,1
3,12,3,23,0.8,3,1,NaN,NaN,NaN,NaN,NaN,20,1,1,3,3,5,3,1,3,1
3,12,3,24,0.4,1,1,1,1,1,239.17,1,18,3,3,3,3,13,1,3,1,3
3,12,3,25,0.2,2,1,2,1,0,270.12,1,17,3,1,2,2,16,3,1,3,1
3,12,3,26,0.8,3,2,2,2,1,228.24,1,15,1,3,3,1,20,3,3,2,2
3,12,3,27,0.1,2,1,2,1,0,268.41,1,15,1,3,2,2,3,1,3,1,3
3,12,3,28,0.4,1,3,1,1,1,256.26,1,15,1,1,1,1,4,3,1,1,3
3,12,3,29,0.2,2,3,2,2,1,239.93,1,13,3,1,2,2,10,1,1,3,3
3,12,3,30,1.8,1,3,1,1,1,244.51,1,7,1,3,1,3,8,1,3,3,1
3,12,3,31,0.4,2,3,2,2,1,241.32,1,2,1,1,2,2,8,1,3,3,1
3,12,3,32,0.05,1,3,1,1,1,352.06,0,17,1,1,1,1,13,1,3,3,1
3,12,3,33,0.05,1,2,1,1,1,270.35,1,20,3,1,3,1,15,3,1,2,2
3,12,3,34,0.1,3,3,2,2,1,275.64,1,15,3,3,1,1,17,1,3,3,1
3,12,3,35,0.4,1,1,1,1,1,287.9,1,1,3,3,3,3,3,3,1,3,1
3,12,3,36,0.05,1,2,1,1,1,299.88,1,17,3,1,3,1,13,1,1,2,2
3,12,3,37,0.4,1,1,NaN,NaN,NaN,NaN,NaN,7,3,1,3,1,10,1,3,1,3
3,12,3,38,1.8,2,2,2,2,1,243.51,1,20,3,3,2,2,7,3,1,2,2
3,12,3,39,0.2,1,3,1,1,1,210.09,1,18,3,3,3,3,10,1,3,3,1
3,12,3,40,0.8,1,3,1,1,1,260.32,1,14,3,1,3,1,8,1,1,3,3
3,12,3,41,0.2,3,1,2,2,1,289.62,1,9,3,3,1,1,13,3,1,3,1
3,12,3,42,0.4,2,1,2,1,0,254.2,1,7,3,3,2,2,18,1,1,1,1
3,12,3,43,0.8,2,2,2,2,1,245.79,1,14,1,1,2,2,18,3,1,2,2
3,12,3,44,1.8,1,3,1,1,1,239.08,1,3,1,3,1,3,2,3,1,1,3
3,12,3,45,0.1,1,2,1,2,0,311.91,0,10,1,1,1,1,3,3,3,2,2
3,12,3,46,0.05,1,3,1,1,1,250.19,1,17,1,1,1,1,16,1,3,3,1
3,12,3,47,0.05,1,2,1,2,0,293.67,1,19,3,1,3,1,19,1,3,2,2
3,12,3,48,1.8,2,2,2,1,0,217.45,1,19,1,3,2,2,10,1,3,2,2
3,12,3,49,0.1,3,3,2,2,1,279.6,1,15,3,3,1,1,10,3,3,1,1
3,12,3,50,0.2,1,3,1,1,1,399.6,0,7,3,3,3,3,17,1,1,3,3
3,12,3,51,0.8,2,2,2,2,1,212.26,1,6,1,3,2,2,7,3,3,2,2
3,12,3,52,0.2,2,1,2,2,1,271.35,1,9,1,1,2,2,20,3,1,3,1
3,12,3,53,0.4,1,1,1,1,1,290.3,1,10,3,1,3,1,9,3,1,3,1
3,12,3,54,0.8,1,1,1,1,1,271.33,1,20,3,1,3,1,20,3,1,3,1
3,12,3,55,0.2,3,3,2,2,1,200.31,1,10,3,3,1,1,6,3,3,1,1
3,12,3,56,0.1,2,2,2,2,1,305.64,0,18,3,1,2,2,2,1,3,2,2
3,12,3,57,0.05,3,3,2,2,1,327.77,0,9,3,1,1,3,12,3,3,1,1
3,12,3,58,0.1,1,1,1,1,1,312.96,0,11,1,1,1,1,13,1,3,1,3
3,12,3,59,0.1,1,1,1,1,1,298.64,1,16,3,1,3,1,19,3,1,3,1
3,12,3,60,0.4,1,3,NaN,NaN,NaN,NaN,NaN,16,3,3,3,3,9,3,3,1,1
3,12,3,61,0.1,1,1,1,1,1,233.33,1,2,1,1,1,1,9,3,3,3,3
3,12,3,62,0.4,2,3,2,1,0,235.64,1,15,1,1,2,2,20,3,1,1,3
3,12,3,63,0.8,2,1,2,2,1,261.71,1,18,3,3,2,2,9,1,1,1,1
3,12,3,64,0.4,1,3,1,1,1,287.67,1,4,1,3,1,3,12,3,3,1,1
3,12,3,65,0.05,1,3,1,1,1,287.23,1,18,3,3,3,3,5,1,3,3,1
3,12,3,66,0.1,2,3,2,1,0,241.03,1,7,3,3,2,2,5,1,3,3,1
3,12,3,67,0.4,2,2,2,2,1,257.28,1,13,1,3,2,2,4,1,1,2,2
3,12,3,68,1.8,1,3,1,1,1,214.03,1,8,3,3,3,3,11,1,3,3,1
3,12,3,69,0.1,1,1,1,1,1,241.1,1,15,1,1,1,1,19,1,3,1,3
3,12,3,70,0.4,3,1,2,2,1,-15.382,2,3,1,3,3,1,20,1,3,1,3
3,12,3,71,0.2,3,3,2,2,1,98.426,2,5,1,1,3,3,13,1,1,3,3
3,12,3,72,0.1,3,3,2,2,1,287.91,1,9,3,1,1,3,10,1,3,3,1
3,12,3,73,0.8,1,1,1,1,1,282.84,1,9,1,1,1,1,14,3,1,3,1
3,12,3,74,1.8,2,2,2,2,1,230.4,1,10,3,3,2,2,5,1,1,2,2
3,12,3,75,0.8,1,2,1,1,1,206.24,1,15,1,1,1,1,4,3,3,2,2
3,12,3,76,0.2,3,3,2,1,0,233.59,1,12,1,1,3,3,9,3,3,1,1
3,12,3,77,1.8,1,2,1,1,1,262.52,1,3,3,3,3,3,7,1,1,2,2
3,12,3,78,0.8,1,1,1,1,1,271.5,1,4,3,1,3,1,1,3,1,3,1
3,12,4,1,0.2,1,3,1,1,1,253.28,1,9,1,1,1,1,6,3,3,1,1
3,12,4,2,0.05,1,1,1,1,1,309.43,0,19,1,3,1,3,5,3,3,3,3
3,12,4,3,0.8,3,1,2,2,1,288.97,1,11,3,3,1,1,14,1,1,1,1
3,12,4,4,1.8,3,3,NaN,NaN,NaN,NaN,NaN,12,3,1,1,3,5,1,3,3,1
3,12,4,5,0.4,2,1,2,2,1,366.26,0,19,1,3,2,2,12,1,3,1,3
3,12,4,6,1.8,2,3,2,1,0,239.96,1,5,1,1,2,2,4,1,1,3,3
3,12,4,7,0.05,1,3,1,1,1,277.87,1,6,1,1,1,1,16,1,3,3,1
3,12,4,8,0.8,1,3,1,1,1,268.2,1,19,1,3,1,3,13,1,1,3,3
3,12,4,9,0.1,2,1,2,1,0,272.78,1,19,1,3,2,2,15,3,1,3,1
3,12,4,10,0.1,1,3,1,1,1,208.22,1,2,3,1,3,1,1,3,1,1,3
3,12,4,11,0.05,1,3,1,1,1,271.75,1,11,3,1,3,1,9,1,3,3,1
3,12,4,12,1.8,2,2,2,2,1,264.59,1,11,1,3,2,2,16,3,1,2,2
3,12,4,13,0.2,1,3,1,1,1,264.65,1,3,1,3,1,3,9,3,3,1,1
3,12,4,14,1.8,3,3,NaN,NaN,NaN,NaN,NaN,8,1,3,3,1,6,3,1,1,3
3,12,4,15,0.05,3,3,2,2,1,302.91,0,13,3,1,1,3,10,1,3,3,1
3,12,4,16,0.05,2,3,2,1,0,254.94,1,4,3,3,2,2,9,1,1,3,3
3,12,4,17,0.1,3,1,2,2,1,236.86,1,15,3,1,1,3,3,3,1,3,1
3,12,4,18,0.1,1,1,1,1,1,310.14,0,12,1,1,1,1,14,1,1,1,1
3,12,4,19,0.8,1,3,1,1,1,443.19,0,11,3,1,3,1,20,1,3,3,1
3,12,4,20,1.8,1,2,1,1,1,236.21,1,18,3,3,3,3,6,3,3,2,2
3,12,4,21,0.05,1,3,1,1,1,346.31,0,19,3,3,3,3,18,3,3,1,1
3,12,4,22,0.1,2,2,2,1,0,141.72,1,17,1,3,2,2,14,1,1,2,2
3,12,4,23,0.2,1,2,1,1,1,76.873,2,14,1,1,1,1,15,1,1,2,2
3,12,4,24,0.4,2,1,2,1,0,264.53,1,17,3,1,2,2,20,3,1,3,1
3,12,4,25,0.4,1,2,1,1,1,244.9,1,12,3,3,3,3,20,1,3,2,2
3,12,4,26,1.8,2,2,2,2,1,201.73,1,13,1,3,2,2,16,1,1,2,2
3,12,4,27,0.8,1,3,1,1,1,281.55,1,11,3,3,3,3,2,1,3,3,1
3,12,4,28,0.1,1,2,1,1,1,300.95,0,8,3,1,3,1,18,1,3,2,2
3,12,4,29,0.8,3,1,NaN,NaN,NaN,NaN,NaN,15,3,1,1,3,10,1,3,1,3
3,12,4,30,1.8,1,2,1,1,1,201.3,1,8,3,3,3,3,8,1,1,2,2
3,12,4,31,0.2,2,1,2,2,1,254.4,1,3,1,3,2,2,17,1,1,1,1
3,12,4,32,0.4,3,3,2,2,1,270.09,1,13,3,3,1,1,19,3,1,1,3
3,12,4,33,0.8,2,2,2,1,0,258.9,1,20,1,3,2,2,5,3,1,2,2
3,12,4,34,0.4,1,1,1,1,1,276.78,1,20,3,3,3,3,3,1,1,1,1
3,12,4,35,0.4,3,1,2,2,1,221.26,1,3,1,1,3,3,2,3,1,3,1
3,12,4,36,0.05,1,2,1,1,1,295.69,1,3,1,1,1,1,15,1,3,2,2
3,12,4,37,0.2,2,2,2,2,1,255.79,1,19,3,3,2,2,20,1,1,2,2
3,12,4,38,0.2,2,3,2,2,1,321.32,0,18,3,3,2,2,15,1,1,3,3
3,12,4,39,0.2,1,2,1,1,1,267.52,1,6,3,1,3,1,12,3,1,2,2
3,12,4,40,0.8,3,1,2,2,1,233.51,1,14,3,1,1,3,3,1,3,1,3
3,12,4,41,0.2,2,1,2,2,1,122.29,1,12,3,3,2,2,15,3,3,3,3
3,12,4,42,1.8,2,2,2,1,0,221.31,1,20,1,3,2,2,3,3,1,2,2
3,12,4,43,0.05,3,3,2,2,1,372.52,0,7,1,1,3,3,9,1,3,3,1
3,12,4,44,0.1,2,3,2,2,1,322.24,0,11,3,3,2,2,19,1,1,3,3
3,12,4,45,0.1,1,2,1,1,1,273.64,1,19,3,3,3,3,3,1,1,2,2
3,12,4,46,0.8,2,2,2,2,1,261.14,1,20,3,1,2,2,18,3,3,2,2
3,12,4,47,0.8,2,3,2,2,1,255.01,1,7,3,3,2,2,10,1,1,3,3
3,12,4,48,1.8,1,1,1,1,1,267.94,1,12,1,1,1,1,3,1,1,1,1
3,12,4,49,1.8,1,3,1,1,1,246.12,1,14,1,3,1,3,14,1,3,3,1
3,12,4,50,0.05,3,1,2,2,1,323.73,0,14,1,3,3,1,8,3,1,3,1
3,12,4,51,0.2,1,3,1,1,1,282.75,1,2,3,3,3,3,14,1,1,3,3
3,12,4,52,0.4,1,3,1,1,1,767.4,0,11,1,3,1,3,1,1,1,3,3
3,12,4,53,0.2,1,1,1,1,1,352.8,0,12,3,3,3,3,4,1,1,1,1
3,12,4,54,0.4,1,2,1,1,1,326.92,0,4,1,1,1,1,8,1,3,2,2
3,12,4,55,0.8,1,1,1,1,1,240.32,1,15,1,1,1,1,15,3,1,3,1
3,12,4,56,0.4,1,3,1,1,1,410.73,0,8,3,1,3,1,9,3,1,1,3
3,12,4,57,0.05,3,1,2,2,1,305.37,0,3,3,3,1,1,3,1,3,1,3
3,12,4,58,0.2,3,1,2,2,1,348.36,0,10,3,1,1,3,4,1,3,1,3
3,12,4,59,1.8,1,2,1,1,1,250.7,1,2,1,3,1,3,20,3,1,2,2
3,12,4,60,0.4,1,1,1,1,1,235.57,1,9,3,3,3,3,9,1,1,1,1
3,12,4,61,0.4,1,1,1,1,1,289.68,1,10,1,3,1,3,20,3,1,3,1
3,12,4,62,0.1,2,3,NaN,NaN,NaN,NaN,NaN,2,1,3,2,2,3,3,1,1,3
3,12,4,63,0.05,1,1,1,1,1,313.14,0,19,3,1,3,1,14,3,1,3,1
3,12,4,64,0.4,3,2,2,2,1,249.85,1,4,3,1,1,3,16,3,3,2,2
3,12,4,65,0.2,1,2,1,1,1,298.98,1,18,3,3,3,3,1,1,1,2,2
3,12,4,66,0.8,1,3,1,1,1,216.05,1,18,3,1,3,1,9,1,1,3,3
3,12,4,67,1.8,2,2,2,2,1,4.0765,2,18,3,3,2,2,4,3,3,2,2
3,12,4,68,0.2,1,2,1,1,1,269.47,1,4,3,3,3,3,16,3,1,2,2
3,12,4,69,1.8,1,1,1,1,1,232.87,1,8,3,1,3,1,20,1,1,1,1
3,12,4,70,0.1,3,3,2,2,1,286.31,1,3,3,1,1,3,18,3,3,1,1
3,12,4,71,0.4,1,2,1,1,1,295.76,1,15,3,1,3,1,13,3,1,2,2
3,12,4,72,0.8,3,3,2,2,1,224.22,1,10,3,1,1,3,1,1,1,3,3
3,12,4,73,0.8,1,2,1,1,1,285.48,1,17,3,3,3,3,14,3,3,2,2
3,12,4,74,0.05,1,2,1,1,1,237.25,1,3,3,3,3,3,4,3,3,2,2
3,12,4,75,0.05,1,1,1,1,1,268.54,1,6,3,1,3,1,2,1,1,1,1
3,12,4,76,0.1,2,1,2,1,0,206.49,1,14,1,1,2,2,19,1,3,1,3
3,12,4,77,0.1,2,3,2,2,1,213.19,1,6,1,3,2,2,5,3,1,1,3
3,12,4,78,0.1,1,3,1,2,0,309.5,0,16,1,3,1,3,7,1,1,3,3
3,12,5,1,0.2,1,2,1,1,1,226.54,1,10,1,3,1,3,12,1,3,2,2
3,12,5,2,0.8,2,1,NaN,NaN,NaN,NaN,NaN,9,3,3,2,2,17,1,3,1,3
3,12,5,3,0.4,3,1,2,2,1,269.41,1,10,1,1,3,3,8,1,1,1,1
3,12,5,4,0.05,2,2,2,1,0,261.75,1,18,3,3,2,2,1,3,1,2,2
3,12,5,5,0.05,1,3,1,1,1,315.95,0,16,1,1,1,1,6,1,1,3,3
3,12,5,6,0.8,3,2,2,2,1,271.52,1,18,1,1,3,3,11,3,3,2,2
3,12,5,7,1.8,3,2,2,2,1,246.52,1,18,3,3,1,1,11,3,3,2,2
3,12,5,8,0.1,3,2,2,2,1,219.01,1,14,1,3,3,1,5,1,3,2,2
3,12,5,9,1.8,1,3,1,1,1,373.12,0,5,3,3,3,3,11,3,3,1,1
3,12,5,10,1.8,1,2,1,1,1,247.76,1,7,3,1,3,1,11,3,3,2,2
3,12,5,11,0.05,1,1,1,2,0,271.65,1,7,3,3,3,3,9,1,1,1,1
3,12,5,12,0.8,1,3,1,1,1,346.34,0,12,1,3,1,3,8,3,3,1,1
3,12,5,13,0.1,1,1,1,1,1,345.31,0,8,3,3,3,3,15,3,3,3,3
3,12,5,14,1.8,3,1,2,2,1,255.75,1,16,3,1,1,3,16,3,3,3,3
3,12,5,15,0.4,3,3,2,2,1,253.42,1,14,3,1,1,3,20,3,3,1,1
3,12,5,16,0.4,1,2,1,1,1,399.31,0,17,1,1,1,1,5,3,3,2,2
3,12,5,17,1.8,3,3,2,2,1,223.54,1,4,3,1,1,3,10,1,3,3,1
3,12,5,18,0.4,2,3,2,1,0,493.45,0,1,1,1,2,2,8,3,3,1,1
3,12,5,19,0.1,3,3,2,2,1,374.99,0,18,3,1,1,3,6,1,1,3,3
3,12,5,20,0.8,1,2,1,1,1,628.65,0,7,3,3,3,3,4,1,1,2,2
3,12,5,21,0.2,1,1,1,2,0,207.98,1,6,3,1,3,1,8,3,1,3,1
3,12,5,22,1.8,1,1,1,1,1,313.46,0,12,1,3,1,3,8,3,3,3,3
3,12,5,23,0.8,1,1,1,1,1,207.95,1,3,1,1,1,1,5,1,1,1,1
3,12,5,24,0.4,3,2,2,2,1,280.15,1,13,3,1,1,3,10,1,3,2,2
3,12,5,25,0.05,2,3,2,2,1,289.52,1,20,1,3,2,2,8,1,1,3,3
3,12,5,26,0.8,1,2,1,1,1,271.89,1,8,3,1,3,1,5,1,3,2,2
3,12,5,27,0.8,3,2,2,2,1,336.71,0,11,1,3,3,1,15,1,1,2,2
3,12,5,28,0.2,3,1,2,2,1,262.45,1,2,3,3,1,1,3,3,3,3,3
3,12,5,29,0.8,2,2,2,1,0,209.75,1,10,1,1,2,2,18,3,1,2,2
3,12,5,30,0.2,1,1,1,1,1,236.67,1,15,3,1,3,1,2,1,1,1,1
3,12,5,31,0.4,3,3,2,2,1,253.93,1,12,1,3,3,1,9,3,3,1,1
3,12,5,32,0.1,1,1,1,1,1,348.67,0,19,1,3,1,3,12,3,3,3,3
3,12,5,33,1.8,1,2,1,1,1,285.23,1,5,3,1,3,1,1,1,1,2,2
3,12,5,34,0.2,1,3,1,1,1,363.97,0,12,1,1,1,1,3,3,1,1,3
3,12,5,35,0.05,2,2,2,2,1,236.87,1,1,3,3,2,2,12,3,3,2,2
3,12,5,36,0.4,2,1,2,2,1,292.67,1,2,1,1,2,2,19,1,3,1,3
3,12,5,37,0.1,2,1,2,2,1,296.93,1,14,3,1,2,2,6,1,1,1,1
3,12,5,38,0.2,1,3,1,1,1,246.81,1,13,3,3,3,3,5,1,1,3,3
3,12,5,39,0.8,3,2,2,2,1,317.6,0,4,1,3,3,1,4,3,1,2,2
3,12,5,40,1.8,3,2,2,2,1,290.26,1,15,3,3,1,1,5,1,1,2,2
3,12,5,41,0.8,1,2,1,1,1,276.24,1,1,3,3,3,3,20,3,3,2,2
3,12,5,42,0.05,2,3,2,2,1,303.31,0,10,3,3,2,2,4,3,3,1,1
3,12,5,43,1.8,3,3,2,2,1,260.97,1,11,3,1,1,3,13,1,1,3,3
3,12,5,44,0.05,1,1,1,1,1,286.72,1,10,1,3,1,3,19,3,3,3,3
3,12,5,45,0.2,1,3,1,2,0,269.44,1,17,1,3,1,3,15,3,1,1,3
3,12,5,46,0.05,1,1,1,1,1,240.24,1,16,3,1,3,1,12,3,3,3,3
3,12,5,47,0.1,3,2,2,2,1,202.84,1,10,1,1,3,3,4,1,1,2,2
3,12,5,48,0.05,1,3,1,2,0,270.23,1,19,3,3,3,3,3,1,3,3,1
3,12,5,49,1.8,2,1,2,2,1,250.77,1,11,3,3,2,2,5,1,3,1,3
3,12,5,50,0.4,1,3,1,1,1,263.59,1,19,1,1,1,1,2,3,3,1,1
3,12,5,51,0.05,1,1,1,1,1,252.29,1,20,1,3,1,3,1,1,1,1,1
3,12,5,52,0.4,2,2,2,1,0,245.17,1,15,1,1,2,2,6,3,1,2,2
3,12,5,53,0.2,1,3,1,1,1,245.9,1,7,1,1,1,1,9,1,3,3,1
3,12,5,54,0.05,1,1,1,1,1,232.8,1,16,1,3,1,3,20,1,3,1,3
3,12,5,55,0.2,1,1,1,1,1,204.27,1,18,3,3,3,3,20,1,3,1,3
3,12,5,56,0.2,2,2,2,2,1,266.31,1,7,3,1,2,2,4,3,3,2,2
3,12,5,57,0.05,1,3,1,1,1,189.15,1,6,1,1,1,1,12,3,1,1,3
3,12,5,58,0.4,3,3,2,2,1,214.56,1,14,1,3,3,1,10,3,3,1,1
3,12,5,59,0.4,1,2,1,1,1,10.125,2,13,1,1,1,1,7,3,3,2,2
3,12,5,60,0.05,3,1,2,2,1,255.84,1,11,3,1,1,3,7,3,1,3,1
3,12,5,61,0.1,3,3,2,2,1,288.96,1,19,3,1,1,3,14,1,1,3,3
3,12,5,62,0.1,2,3,2,2,1,305.84,0,4,3,3,2,2,9,3,1,1,3
3,12,5,63,0.2,3,2,2,2,1,207.27,1,17,3,3,1,1,16,1,3,2,2
3,12,5,64,0.4,3,3,2,2,1,257.36,1,18,1,3,3,1,15,3,1,1,3
3,12,5,65,0.4,2,3,2,2,1,63.757,2,3,1,1,2,2,8,3,1,1,3
3,12,5,66,0.8,2,3,2,1,0,261.16,1,9,3,1,2,2,12,3,1,1,3
3,12,5,67,0.2,1,1,1,1,1,247.8,1,11,1,1,1,1,10,3,3,3,3
3,12,5,68,1.8,1,2,1,1,1,275.53,1,14,1,1,1,1,3,3,1,2,2
3,12,5,69,0.8,1,1,1,1,1,227.71,1,13,1,3,1,3,16,3,3,3,3
3,12,5,70,0.1,1,3,1,1,1,229.54,1,12,1,3,1,3,9,3,3,1,1
3,12,5,71,1.8,1,3,1,1,1,197.39,1,8,3,1,3,1,2,3,3,1,1
3,12,5,72,0.2,1,3,1,1,1,351.73,0,3,3,1,3,1,10,3,3,1,1
3,12,5,73,0.1,1,3,1,1,1,307.86,0,10,3,3,3,3,20,3,1,1,3
3,12,5,74,0.8,1,1,1,1,1,264.24,1,16,3,3,3,3,13,3,3,3,3
3,12,5,75,0.1,2,3,2,1,0,310.74,0,12,1,3,2,2,11,1,3,3,1
3,12,5,76,0.1,3,2,2,2,1,302.85,0,8,3,3,1,1,8,1,1,2,2
3,12,5,77,0.1,1,2,1,1,1,227.58,1,8,3,3,3,3,1,1,1,2,2
3,12,5,78,1.8,1,3,NaN,NaN,NaN,NaN,NaN,1,1,1,1,1,9,1,3,3,1
3,12,6,1,0.2,3,2,2,1,0,315.73,0,4,3,1,1,3,17,1,1,2,2
3,12,6,2,0.1,1,1,1,1,1,253.52,1,15,3,3,3,3,9,3,3,3,3
3,12,6,3,0.1,2,3,2,2,1,286.58,1,3,3,3,2,2,9,1,1,3,3
3,12,6,4,0.4,2,3,2,2,1,219.66,1,9,3,3,2,2,14,3,1,1,3
3,12,6,5,0.2,3,1,2,2,1,249.83,1,1,3,1,1,3,19,3,3,3,3
3,12,6,6,0.05,3,1,2,2,1,240.72,1,8,3,3,1,1,16,1,1,1,1
3,12,6,7,0.2,2,2,2,2,1,177.4,1,10,1,3,2,2,20,3,3,2,2
3,12,6,8,0.4,1,1,NaN,NaN,NaN,NaN,NaN,7,1,1,1,1,9,1,3,1,3
3,12,6,9,0.2,2,3,2,2,1,218.2,1,9,3,3,2,2,11,3,3,1,1
3,12,6,10,0.4,1,1,1,1,1,386.12,0,8,3,3,3,3,11,1,3,1,3
3,12,6,11,0.1,1,3,1,1,1,276.39,1,8,3,3,3,3,12,3,1,1,3
3,12,6,12,0.8,1,2,1,1,1,231.21,1,18,1,1,1,1,3,3,1,2,2
3,12,6,13,0.1,1,1,1,1,1,205.41,1,4,3,3,3,3,7,3,3,3,3
3,12,6,14,1.8,2,1,2,1,0,267.52,1,2,1,1,2,2,18,3,3,3,3
3,12,6,15,0.8,3,2,2,2,1,212.36,1,3,1,1,3,3,20,1,1,2,2
3,12,6,16,0.4,2,1,2,2,1,219.32,1,16,3,1,2,2,2,1,3,1,3
3,12,6,17,0.4,3,1,2,2,1,282.82,1,14,3,3,1,1,16,1,3,1,3
3,12,6,18,0.2,1,1,1,1,1,212.82,1,9,3,1,3,1,8,3,3,3,3
3,12,6,19,1.8,3,3,2,2,1,276,1,13,3,1,1,3,15,3,3,1,1
3,12,6,20,1.8,1,2,1,1,1,246.49,1,3,3,3,3,3,13,1,3,2,2
3,12,6,21,1.8,1,2,1,1,1,289.71,1,17,1,3,1,3,11,3,1,2,2
3,12,6,22,0.4,3,1,2,2,1,293.67,1,19,1,3,3,1,15,3,3,3,3
3,12,6,23,0.4,1,1,1,1,1,272.55,1,17,3,3,3,3,17,3,1,3,1
3,12,6,24,0.05,1,2,1,1,1,294.62,1,5,1,1,1,1,12,1,1,2,2
3,12,6,25,0.4,2,3,NaN,NaN,NaN,NaN,NaN,8,3,3,2,2,4,3,3,1,1
3,12,6,26,0.05,1,3,1,1,1,295.61,1,12,3,3,3,3,11,1,3,3,1
3,12,6,27,0.2,3,3,2,2,1,243.71,1,11,3,3,1,1,5,3,1,1,3
3,12,6,28,0.2,2,1,2,2,1,232.48,1,5,3,3,2,2,14,1,3,1,3
3,12,6,29,0.2,1,2,1,1,1,67.05,2,14,1,3,1,3,16,1,1,2,2
3,12,6,30,0.4,2,2,2,2,1,262,1,16,3,1,2,2,19,1,3,2,2
3,12,6,31,0.05,3,3,2,2,1,324.21,0,18,1,1,3,3,2,3,1,1,3
3,12,6,32,0.05,1,1,1,1,1,219.03,1,17,1,1,1,1,7,1,3,1,3
3,12,6,33,0.1,2,3,2,1,0,258.3,1,20,1,1,2,2,6,1,1,3,3
3,12,6,34,0.05,1,1,1,2,0,254.57,1,9,3,3,3,3,4,3,1,3,1
3,12,6,35,0.2,1,3,1,1,1,200.47,1,5,3,3,3,3,8,3,1,1,3
3,12,6,36,1.8,2,2,NaN,NaN,NaN,NaN,NaN,16,3,1,2,2,8,1,1,2,2
3,12,6,37,0.2,3,1,2,2,1,184.06,1,18,1,3,3,1,18,1,1,1,1
3,12,6,38,0.1,3,3,2,2,1,233.12,1,7,1,3,3,1,15,3,1,1,3
3,12,6,39,0.05,3,2,2,2,1,257.06,1,7,1,1,3,3,15,1,1,2,2
3,12,6,40,0.8,2,3,2,2,1,280.88,1,8,1,3,2,2,19,1,3,3,1
3,12,6,41,0.4,2,1,2,2,1,276.85,1,6,1,3,2,2,5,1,3,1,3
3,12,6,42,0.8,1,1,NaN,NaN,NaN,NaN,NaN,20,3,1,3,1,13,3,1,3,1
3,12,6,43,1.8,3,3,2,2,1,241.57,1,7,1,1,3,3,5,3,3,1,1
3,12,6,44,0.8,1,1,1,1,1,321,0,18,3,1,3,1,14,3,1,3,1
3,12,6,45,0.05,1,2,1,1,1,353.62,0,19,1,3,1,3,15,3,1,2,2
3,12,6,46,0.2,1,3,1,1,1,295.06,1,12,1,3,1,3,3,3,1,1,3
3,12,6,47,1.8,3,1,NaN,NaN,NaN,NaN,NaN,12,1,1,3,3,19,3,3,3,3
3,12,6,48,0.05,3,3,2,2,1,279.79,1,11,3,3,1,1,2,3,1,1,3
3,12,6,49,0.1,3,3,2,2,1,280.91,1,16,1,1,3,3,4,1,3,3,1
3,12,6,50,0.4,2,3,2,2,1,311.81,0,1,3,3,2,2,10,3,3,1,1
3,12,6,51,0.1,1,3,1,1,1,293.92,1,9,1,1,1,1,4,3,3,1,1
3,12,6,52,0.8,3,3,2,2,1,191.28,1,15,1,3,3,1,14,1,1,3,3
3,12,6,53,0.8,1,2,1,1,1,306.2,0,7,3,3,3,3,18,3,3,2,2
3,12,6,54,1.8,2,2,2,2,1,280.15,1,19,3,3,2,2,18,1,1,2,2
3,12,6,55,0.8,1,3,1,1,1,211.36,1,18,3,3,3,3,17,3,1,1,3
3,12,6,56,0.8,1,1,1,1,1,257.5,1,16,3,1,3,1,7,3,3,3,3
3,12,6,57,0.8,1,2,1,1,1,259.79,1,12,1,3,1,3,15,3,3,2,2
3,12,6,58,0.1,2,2,2,2,1,340.98,0,15,1,1,2,2,7,1,1,2,2
3,12,6,59,0.05,1,2,1,1,1,263.69,1,10,3,3,3,3,5,1,3,2,2
3,12,6,60,0.05,2,3,2,2,1,276.14,1,16,3,1,2,2,3,3,3,1,1
3,12,6,61,0.1,2,1,2,1,0,191.66,1,17,1,1,2,2,16,1,1,1,1
3,12,6,62,1.8,3,3,2,2,1,278.47,1,8,1,1,3,3,6,1,3,3,1
3,12,6,63,0.4,1,3,1,1,1,260.25,1,12,3,3,3,3,8,3,1,1,3
3,12,6,64,1.8,2,1,2,1,0,254.67,1,20,3,1,2,2,18,3,1,3,1
3,12,6,65,0.05,1,1,1,1,1,291.72,1,13,1,3,1,3,2,1,3,1,3
3,12,6,66,0.1,2,2,2,2,1,249.49,1,8,1,1,2,2,1,3,3,2,2
3,12,6,67,0.1,3,1,2,1,0,261.31,1,17,1,1,3,3,1,3,1,3,1
3,12,6,68,0.4,1,3,1,1,1,383.55,0,2,1,1,1,1,6,3,3,1,1
3,12,6,69,0.8,2,2,NaN,NaN,NaN,NaN,NaN,10,1,3,2,2,9,1,1,2,2
3,12,6,70,0.2,1,3,1,1,1,255.41,1,8,1,3,1,3,11,1,3,3,1
3,12,6,71,0.8,1,2,1,1,1,250.24,1,17,3,3,3,3,4,3,1,2,2
3,12,6,72,0.05,3,2,2,2,1,274.01,1,6,1,3,3,1,19,3,3,2,2
3,12,6,73,0.8,3,3,2,2,1,177.96,1,4,3,3,1,1,17,3,1,1,3
3,12,6,74,1.8,3,2,2,2,1,262.65,1,13,1,3,3,1,5,1,3,2,2
3,12,6,75,1.8,3,1,2,2,1,339.66,0,15,3,1,1,3,18,1,1,1,1
3,12,6,76,0.1,2,3,2,2,1,262.53,1,14,3,3,2,2,11,1,3,3,1
3,12,6,77,1.8,1,1,1,1,1,273.88,1,7,3,3,3,3,13,3,1,3,1
3,12,6,78,0.2,2,1,2,2,1,239.01,1,19,1,3,2,2,2,3,3,3,3
3,12,7,1,0.1,1,2,1,1,1,245.09,1,3,3,3,3,3,9,3,1,2,2
3,12,7,2,0.4,1,2,1,2,0,217.91,1,7,1,3,1,3,3,1,3,2,2
3,12,7,3,1.8,2,3,2,2,1,198.05,1,13,1,1,2,2,17,1,1,3,3
3,12,7,4,0.2,1,2,1,1,1,215.16,1,2,1,3,1,3,6,3,1,2,2
3,12,7,5,0.2,1,2,1,1,1,223.83,1,18,1,3,1,3,9,1,1,2,2
3,12,7,6,1.8,2,2,2,1,0,191.61,1,20,1,1,2,2,15,1,3,2,2
3,12,7,7,0.8,1,2,1,1,1,248.08,1,5,3,3,3,3,12,3,3,2,2
3,12,7,8,0.8,1,3,1,1,1,244.33,1,17,3,3,3,3,16,1,3,3,1
3,12,7,9,0.8,1,2,1,1,1,233,1,3,3,1,3,1,16,1,3,2,2
3,12,7,10,0.4,3,3,2,2,1,262.82,1,19,3,3,1,1,15,3,3,1,1
3,12,7,11,1.8,1,1,1,1,1,301.46,0,12,3,1,3,1,5,1,1,1,1
3,12,7,12,0.1,3,2,2,2,1,263.74,1,12,3,1,1,3,13,3,1,2,2
3,12,7,13,1.8,2,3,2,2,1,215.05,1,5,3,1,2,2,1,1,1,3,3
3,12,7,14,0.1,1,2,1,1,1,265.3,1,1,1,3,1,3,4,1,3,2,2
3,12,7,15,0.05,1,1,1,1,1,273.67,1,15,1,1,1,1,11,3,1,3,1
3,12,7,16,0.4,2,1,2,2,1,271.65,1,3,3,3,2,2,16,1,3,1,3
3,12,7,17,1.8,1,2,NaN,NaN,NaN,NaN,NaN,6,1,3,1,3,7,1,1,2,2
3,12,7,18,0.1,1,2,1,2,0,235.86,1,9,3,1,3,1,12,3,3,2,2
3,12,7,19,0.1,3,3,2,2,1,350.63,0,19,1,1,3,3,4,3,3,1,1
3,12,7,20,0.8,2,1,2,2,1,251.92,1,4,1,3,2,2,2,3,3,3,3
3,12,7,21,0.05,1,3,1,1,1,323.74,0,3,1,1,1,1,18,3,1,1,3
3,12,7,22,0.2,3,2,2,2,1,321.55,0,14,1,1,3,3,11,3,3,2,2
3,12,7,23,1.8,3,2,2,2,1,242.01,1,6,3,1,1,3,7,3,1,2,2
3,12,7,24,0.05,2,3,2,2,1,255.45,1,5,3,3,2,2,1,3,3,1,1
3,12,7,25,0.2,1,1,1,1,1,271.87,1,20,3,3,3,3,2,3,1,3,1
3,12,7,26,0.4,2,3,2,2,1,258.27,1,11,3,1,2,2,13,3,3,1,1
3,12,7,27,0.4,1,2,1,1,1,271.15,1,17,1,1,1,1,3,1,1,2,2
3,12,7,28,0.2,2,1,2,1,0,276.07,1,1,1,1,2,2,13,1,3,1,3
3,12,7,29,0.2,3,1,2,2,1,207.65,1,2,1,1,3,3,4,3,1,3,1
3,12,7,30,0.1,2,2,2,2,1,328.84,0,8,1,1,2,2,16,3,1,2,2
3,12,7,31,0.4,1,1,1,1,1,277.45,1,20,1,1,1,1,8,1,3,1,3
3,12,7,32,0.05,2,2,2,2,1,352.51,0,20,3,3,2,2,2,3,1,2,2
3,12,7,33,0.2,1,3,1,1,1,278.25,1,15,1,1,1,1,4,3,1,1,3
3,12,7,34,0.8,1,3,1,2,0,307.65,0,16,3,1,3,1,16,3,1,1,3
3,12,7,35,1.8,1,1,1,1,1,381.02,0,12,3,1,3,1,3,1,3,1,3
3,12,7,36,0.1,1,3,1,2,0,346.52,0,18,1,3,1,3,15,1,1,3,3
3,12,7,37,0.2,2,1,2,2,1,252.94,1,16,1,3,2,2,15,3,1,3,1
3,12,7,38,0.05,2,3,2,2,1,448.42,0,9,1,3,2,2,10,1,3,3,1
3,12,7,39,0.8,3,2,2,2,1,3.6092,2,15,3,1,1,3,20,3,1,2,2
3,12,7,40,1.8,3,3,NaN,NaN,NaN,NaN,NaN,15,3,1,1,3,12,1,1,3,3
3,12,7,41,0.8,1,1,1,2,0,245.64,1,2,1,3,1,3,2,3,3,3,3
3,12,7,42,0.1,1,3,1,1,1,326.2,0,1,3,3,3,3,2,3,1,1,3
3,12,7,43,0.8,1,2,1,1,1,245.22,1,8,1,1,1,1,1,1,3,2,2
3,12,7,44,0.2,1,1,1,1,1,215.18,1,19,3,3,3,3,5,3,3,3,3
3,12,7,45,0.4,3,2,2,2,1,302.98,0,3,3,3,1,1,5,3,3,2,2
3,12,7,46,0.05,1,1,1,1,1,339.7,0,8,3,1,3,1,6,3,1,3,1
3,12,7,47,0.1,3,3,2,2,1,538.61,0,10,1,1,3,3,15,3,1,1,3
3,12,7,48,0.4,1,3,NaN,NaN,NaN,NaN,NaN,12,3,3,3,3,8,3,1,1,3
3,12,7,49,0.4,1,2,1,1,1,269.23,1,17,3,3,3,3,15,1,3,2,2
3,12,7,50,0.1,1,1,1,1,1,359.63,0,10,3,1,3,1,2,1,1,1,1
3,12,7,51,0.2,2,2,2,2,1,291.33,1,13,3,3,2,2,17,1,3,2,2
3,12,7,52,0.05,2,2,2,2,1,427.47,0,12,3,1,2,2,11,1,1,2,2
3,12,7,53,0.05,2,2,2,2,1,288.82,1,18,3,1,2,2,7,1,3,2,2
3,12,7,54,0.8,3,1,2,2,1,279.54,1,12,1,3,3,1,11,3,1,3,1
3,12,7,55,0.4,2,2,2,2,1,299.78,1,15,3,1,2,2,17,1,1,2,2
3,12,7,56,0.8,2,2,2,2,1,269.58,1,2,3,3,2,2,3,3,3,2,2
3,12,7,57,0.8,1,1,1,1,1,314.5,0,8,3,1,3,1,2,3,3,3,3
3,12,7,58,0.4,2,1,2,2,1,253.55,1,5,1,1,2,2,20,3,1,3,1
3,12,7,59,1.8,1,2,1,1,1,278.22,1,10,1,3,1,3,1,1,3,2,2
3,12,7,60,0.4,1,1,1,1,1,328.87,0,3,1,1,1,1,2,3,3,3,3
3,12,7,61,0.1,1,2,1,1,1,283.36,1,15,1,3,1,3,14,3,1,2,2
3,12,7,62,0.05,1,3,1,1,1,380.81,0,6,3,3,3,3,16,3,1,1,3
3,12,7,63,0.8,3,1,2,2,1,228.19,1,14,3,1,1,3,10,1,1,1,1
3,12,7,64,0.05,2,1,2,2,1,279.47,1,8,3,3,2,2,7,3,3,3,3
3,12,7,65,0.05,1,2,1,1,1,311.87,0,6,3,1,3,1,11,1,1,2,2
3,12,7,66,0.2,2,2,2,2,1,356.99,0,9,3,1,2,2,9,3,1,2,2
3,12,7,67,0.2,1,2,1,1,1,267.95,1,12,1,3,1,3,17,1,3,2,2
3,12,7,68,1.8,3,2,NaN,NaN,NaN,NaN,NaN,13,1,3,3,1,11,1,3,2,2
3,12,7,69,0.8,3,2,2,2,1,358.73,0,4,3,1,1,3,13,3,3,2,2
3,12,7,70,0.05,1,2,1,1,1,313.99,0,3,1,1,1,1,6,3,1,2,2
3,12,7,71,0.4,2,3,2,2,1,268.22,1,20,3,3,2,2,4,3,1,1,3
3,12,7,72,0.2,2,3,2,2,1,308.64,0,15,1,1,2,2,19,1,3,3,1
3,12,7,73,0.1,2,2,2,1,0,342.79,0,1,1,3,2,2,7,1,3,2,2
3,12,7,74,1.8,1,1,1,1,1,272.09,1,5,1,1,1,1,13,3,1,3,1
3,12,7,75,0.05,2,1,2,2,1,275.47,1,2,3,1,2,2,5,1,1,1,1
3,12,7,76,1.8,2,1,2,1,0,271.67,1,4,1,3,2,2,20,3,1,3,1
3,12,7,77,1.8,1,3,1,1,1,289.62,1,17,1,1,1,1,1,3,3,1,1
3,12,7,78,0.1,2,1,2,1,0,230.58,1,12,3,1,2,2,6,3,1,3,1
3,12,8,1,0.8,2,3,2,1,0,337.89,0,2,3,1,2,2,18,1,3,3,1
3,12,8,2,1.8,3,1,2,2,1,220.91,1,6,1,3,3,1,5,1,3,1,3
3,12,8,3,1.8,2,1,NaN,NaN,NaN,NaN,NaN,4,3,1,2,2,11,3,1,3,1
3,12,8,4,0.2,1,2,1,1,1,310.29,0,6,1,3,1,3,20,3,3,2,2
3,12,8,5,1.8,3,2,2,2,1,203.53,1,9,3,3,1,1,7,3,3,2,2
3,12,8,6,0.8,1,2,1,1,1,252.14,1,7,1,1,1,1,20,1,3,2,2
3,12,8,7,0.8,2,1,2,2,1,264.72,1,13,3,1,2,2,13,3,3,3,3
3,12,8,8,0.8,2,1,2,2,1,259.1,1,11,1,3,2,2,18,1,3,1,3
3,12,8,9,0.8,2,2,2,2,1,264.02,1,19,1,3,2,2,14,3,3,2,2
3,12,8,10,1.8,2,3,2,2,1,259.92,1,2,1,3,2,2,16,3,1,1,3
3,12,8,11,0.2,3,1,2,2,1,328.88,0,6,1,3,3,1,19,3,3,3,3
3,12,8,12,0.05,3,3,2,2,1,273.72,1,3,3,3,1,1,19,1,1,3,3
3,12,8,13,0.1,1,2,1,1,1,629.58,0,1,1,3,1,3,8,3,3,2,2
3,12,8,14,0.4,3,1,2,2,1,223.88,1,10,3,1,1,3,4,1,3,1,3
3,12,8,15,0.2,1,1,1,1,1,159.15,1,9,1,1,1,1,10,3,1,3,1
3,12,8,16,0.4,1,1,1,1,1,250.64,1,18,1,1,1,1,12,3,1,3,1
3,12,8,17,0.2,3,1,2,2,1,269.72,1,13,1,3,3,1,5,1,1,1,1
3,12,8,18,0.05,1,1,1,1,1,337.48,0,16,3,3,3,3,3,1,1,1,1
3,12,8,19,1.8,3,3,2,2,1,260.98,1,3,1,1,3,3,17,3,3,1,1
3,12,8,20,0.05,3,2,2,2,1,279.88,1,13,1,3,3,1,6,1,3,2,2
3,12,8,21,0.4,3,1,2,2,1,287.93,1,13,3,1,1,3,5,3,1,3,1
3,12,8,22,0.4,3,2,2,2,1,260.42,1,20,1,1,3,3,9,3,1,2,2
3,12,8,23,0.2,3,1,2,2,1,258.83,1,18,1,3,3,1,15,1,1,1,1
3,12,8,24,0.05,2,1,2,1,0,377.85,0,5,3,1,2,2,18,1,1,1,1
3,12,8,25,0.8,1,3,1,2,0,236.62,1,6,3,3,3,3,12,3,3,1,1
3,12,8,26,0.4,1,3,1,1,1,258.72,1,18,1,1,1,1,16,1,3,3,1
3,12,8,27,0.4,2,2,2,2,1,295.5,1,7,3,3,2,2,11,3,1,2,2
3,12,8,28,0.8,3,1,NaN,NaN,NaN,NaN,NaN,3,3,1,1,3,17,1,3,1,3
3,12,8,29,0.05,1,2,1,1,1,303.47,0,17,1,1,1,1,18,1,1,2,2
3,12,8,30,0.1,2,1,2,1,0,291.5,1,12,3,1,2,2,8,1,1,1,1
3,12,8,31,1.8,2,3,2,2,1,255.25,1,14,3,3,2,2,1,1,1,3,3
3,12,8,32,0.2,3,1,2,2,1,233.04,1,15,1,3,3,1,11,3,1,3,1
3,12,8,33,1.8,1,3,NaN,NaN,NaN,NaN,NaN,7,1,1,1,1,11,3,1,1,3
3,12,8,34,0.4,1,1,1,1,1,315.3,0,13,3,1,3,1,13,3,1,3,1
3,12,8,35,0.8,1,1,NaN,NaN,NaN,NaN,NaN,19,3,1,3,1,10,1,3,1,3
3,12,8,36,0.2,1,1,1,1,1,291.04,1,19,3,1,3,1,11,1,3,1,3
3,12,8,37,1.8,2,2,2,2,1,238.45,1,12,3,3,2,2,15,3,3,2,2
3,12,8,38,1.8,1,2,NaN,NaN,NaN,NaN,NaN,13,3,1,3,1,1,1,3,2,2
3,12,8,39,0.05,1,2,1,1,1,313.19,0,11,3,3,3,3,15,3,1,2,2
3,12,8,40,0.05,1,3,1,1,1,310.15,0,6,1,1,1,1,16,1,3,3,1
3,12,8,41,0.05,2,2,2,1,0,270.3,1,18,1,1,2,2,13,1,1,2,2
3,12,8,42,0.1,2,3,2,1,0,306.46,0,18,3,3,2,2,5,3,3,1,1
3,12,8,43,0.1,1,1,1,1,1,254.52,1,1,1,1,1,1,8,1,1,1,1
3,12,8,44,0.05,1,1,1,1,1,269.29,1,3,3,3,3,3,9,1,1,1,1
3,12,8,45,0.2,2,1,2,1,0,95.795,2,20,1,3,2,2,14,3,3,3,3
3,12,8,46,0.2,2,2,2,1,0,244.17,1,20,1,3,2,2,6,1,3,2,2
3,12,8,47,0.4,1,1,1,1,1,284.87,1,1,3,3,3,3,14,3,3,3,3
3,12,8,48,0.05,1,1,1,1,1,303.73,0,20,1,1,1,1,19,3,1,3,1
3,12,8,49,0.1,1,3,1,1,1,337.08,0,10,1,1,1,1,8,1,1,3,3
3,12,8,50,0.4,1,1,1,1,1,269.11,1,6,3,3,3,3,6,3,1,3,1
3,12,8,51,0.2,2,3,2,2,1,264.15,1,8,1,3,2,2,15,3,1,1,3
3,12,8,52,1.8,3,2,2,2,1,251.65,1,20,1,1,3,3,17,3,3,2,2
3,12,8,53,0.4,2,3,2,2,1,311.62,0,13,3,3,2,2,17,3,1,1,3
3,12,8,54,0.05,2,3,2,2,1,352.38,0,4,1,1,2,2,15,1,3,3,1
3,12,8,55,0.8,3,2,2,2,1,219.76,1,20,3,1,1,3,1,1,1,2,2
3,12,8,56,1.8,1,3,1,1,1,238.56,1,10,3,3,3,3,20,1,3,3,1
3,12,8,57,0.8,2,1,2,1,0,241.27,1,15,1,3,2,2,6,1,3,1,3
3,12,8,58,0.2,3,3,2,2,1,159.4,1,2,1,3,3,1,6,1,3,3,1
3,12,8,59,1.8,1,1,1,1,1,230.68,1,16,1,1,1,1,1,1,3,1,3
3,12,8,60,0.1,2,1,2,2,1,242.07,1,15,3,1,2,2,2,1,1,1,1
3,12,8,61,0.8,1,3,1,1,1,262.6,1,2,1,1,1,1,20,1,3,3,1
3,12,8,62,0.4,3,3,2,2,1,221.96,1,10,1,1,3,3,16,1,1,3,3
3,12,8,63,0.1,2,1,2,1,0,312.76,0,4,3,1,2,2,19,1,1,1,1
3,12,8,64,0.8,3,2,2,2,1,279.28,1,2,1,1,3,3,17,3,1,2,2
3,12,8,65,0.4,1,3,1,2,0,285.68,1,15,1,3,1,3,16,3,1,1,3
3,12,8,66,0.1,1,3,1,2,0,327,0,6,1,3,1,3,15,1,3,3,1
3,12,8,67,0.4,1,3,1,1,1,238.33,1,10,1,3,1,3,10,1,3,3,1
3,12,8,68,0.1,2,2,2,2,1,283.89,1,13,1,1,2,2,8,1,3,2,2
3,12,8,69,0.1,1,2,1,1,1,274.6,1,9,1,1,1,1,9,3,1,2,2
3,12,8,70,0.2,3,1,2,2,1,269.14,1,2,1,3,3,1,13,3,1,3,1
3,12,8,71,0.2,1,3,1,2,0,343.32,0,9,3,1,3,1,2,1,3,3,1
3,12,8,72,0.8,3,1,2,1,0,264.91,1,12,1,1,3,3,5,3,3,3,3
3,12,8,73,0.05,1,2,1,1,1,249.61,1,16,1,3,1,3,16,3,1,2,2
3,12,8,74,0.1,3,1,2,2,1,271.12,1,17,1,1,3,3,15,1,1,1,1
3,12,8,75,0.1,1,1,1,1,1,299.92,1,14,3,1,3,1,14,3,3,3,3
3,12,8,76,0.05,1,3,1,1,1,237.04,1,10,1,3,1,3,3,1,3,3,1
3,12,8,77,1.8,1,2,1,1,1,208.58,1,13,1,3,1,3,6,1,1,2,2
3,12,8,78,0.1,3,1,2,1,0,255.27,1,7,3,3,1,1,17,3,1,3,1
3,12,9,1,0.8,3,3,2,2,1,261.35,1,2,1,1,3,3,3,3,3,1,1
3,12,9,2,0.1,1,3,1,1,1,248.17,1,19,3,3,3,3,16,3,3,1,1
3,12,9,3,0.8,1,2,1,1,1,312.08,0,15,1,3,1,3,14,1,1,2,2
3,12,9,4,0.2,3,3,2,2,1,316.49,0,8,3,1,1,3,11,1,3,3,1
3,12,9,5,0.05,1,3,1,1,1,248.25,1,18,1,3,1,3,14,3,1,1,3
3,12,9,6,1.8,2,3,2,2,1,224.83,1,9,1,3,2,2,8,1,3,3,1
3,12,9,7,0.4,3,1,2,2,1,-2.4114,2,15,3,1,1,3,9,1,1,1,1
3,12,9,8,0.8,1,3,1,1,1,238.92,1,1,3,1,3,1,7,1,3,3,1
3,12,9,9,0.4,1,1,1,1,1,244.32,1,10,3,1,3,1,15,3,1,3,1
3,12,9,10,0.2,1,3,1,1,1,295.34,1,6,3,3,3,3,2,1,3,3,1
3,12,9,11,0.05,1,3,1,1,1,323.25,0,9,1,1,1,1,17,1,1,3,3
3,12,9,12,0.4,1,1,1,1,1,273.19,1,2,1,1,1,1,6,3,3,3,3
3,12,9,13,1.8,1,3,1,1,1,247.93,1,14,1,3,1,3,12,3,1,1,3
3,12,9,14,0.8,1,1,1,1,1,234.73,1,12,1,3,1,3,3,3,1,3,1
3,12,9,15,0.4,3,2,2,2,1,290.88,1,4,3,3,1,1,13,1,1,2,2
3,12,9,16,1.8,3,1,2,2,1,227.66,1,6,3,1,1,3,4,1,1,1,1
3,12,9,17,0.8,1,2,1,1,1,273.84,1,9,1,3,1,3,3,3,1,2,2
3,12,9,18,0.05,1,1,1,1,1,314.79,0,14,1,3,1,3,17,3,3,3,3
3,12,9,19,1.8,1,3,1,1,1,237.68,1,9,3,1,3,1,5,1,1,3,3
3,12,9,20,1.8,1,1,1,1,1,272.38,1,10,1,1,1,1,2,1,3,1,3
3,12,9,21,0.2,2,3,2,2,1,334.72,0,14,1,1,2,2,7,3,1,1,3
3,12,9,22,0.05,3,1,2,2,1,391.01,0,16,3,3,1,1,20,3,1,3,1
3,12,9,23,0.05,1,1,1,1,1,258.52,1,1,3,3,3,3,4,3,3,3,3
3,12,9,24,0.05,1,3,1,1,1,344.02,0,12,1,3,1,3,14,1,3,3,1
3,12,9,25,0.4,3,2,2,2,1,290.02,1,15,1,3,3,1,15,3,3,2,2
3,12,9,26,0.1,1,2,1,1,1,265.33,1,5,3,3,3,3,12,1,3,2,2
3,12,9,27,0.1,1,1,1,1,1,256.11,1,10,3,1,3,1,11,3,3,3,3
3,12,9,28,0.8,3,1,NaN,NaN,NaN,NaN,NaN,9,3,1,1,3,11,1,3,1,3
3,12,9,29,0.2,2,1,2,2,1,314.62,0,20,3,3,2,2,15,3,1,3,1
3,12,9,30,0.4,1,3,1,2,0,279.73,1,19,1,1,1,1,12,1,1,3,3
3,12,9,31,0.4,1,1,1,1,1,328.49,0,14,3,1,3,1,12,1,1,1,1
3,12,9,32,0.2,3,2,2,2,1,308.43,0,7,1,1,3,3,6,1,1,2,2
3,12,9,33,0.4,1,1,1,2,0,231.27,1,10,3,1,3,1,3,1,3,1,3
3,12,9,34,1.8,3,2,NaN,NaN,NaN,NaN,NaN,15,3,3,1,1,5,1,3,2,2
3,12,9,35,0.2,1,1,1,1,1,253.81,1,6,3,3,3,3,7,3,1,3,1
3,12,9,36,0.8,1,3,1,2,0,295.79,1,18,3,3,3,3,16,1,1,3,3
3,12,9,37,0.2,1,2,1,1,1,266.35,1,20,1,3,1,3,15,3,3,2,2
3,12,9,38,1.8,1,3,1,1,1,224.69,1,10,3,1,3,1,17,1,3,3,1
3,12,9,39,0.05,1,3,1,1,1,256.06,1,3,3,1,3,1,16,3,1,1,3
3,12,9,40,0.8,1,1,1,1,1,284.54,1,8,1,1,1,1,11,3,3,3,3
3,12,9,41,0.4,3,3,2,1,0,242.99,1,12,1,1,3,3,4,3,3,1,1
3,12,9,42,0.8,3,3,2,2,1,311.28,0,13,1,3,3,1,20,3,3,1,1
3,12,9,43,0.2,1,1,1,1,1,191.29,1,1,1,1,1,1,9,3,3,3,3
3,12,9,44,0.2,1,2,1,1,1,236.84,1,3,3,3,3,3,14,3,3,2,2
3,12,9,45,0.2,1,2,1,1,1,250.27,1,20,3,1,3,1,6,3,3,2,2
3,12,9,46,1.8,1,2,NaN,NaN,NaN,NaN,NaN,13,1,1,1,1,15,3,1,2,2
3,12,9,47,0.1,1,1,1,1,1,247.27,1,2,1,3,1,3,14,3,3,3,3
3,12,9,48,0.1,1,2,1,1,1,367.57,0,8,3,3,3,3,3,1,3,2,2
3,12,9,49,0.4,1,3,1,1,1,252.88,1,18,1,1,1,1,3,3,3,1,1
3,12,9,50,0.05,1,2,1,1,1,260.01,1,10,3,1,3,1,13,1,1,2,2
3,12,9,51,0.2,2,2,2,2,1,263.55,1,11,1,3,2,2,3,1,3,2,2
3,12,9,52,0.05,1,1,1,2,0,387.83,0,18,3,3,3,3,13,3,1,3,1
3,12,9,53,0.1,1,3,1,1,1,210.02,1,16,3,3,3,3,10,1,1,3,3
3,12,9,54,0.05,1,2,1,1,1,291.5,1,14,3,1,3,1,9,1,1,2,2
3,12,9,55,0.1,2,1,2,1,0,173.11,1,20,3,3,2,2,11,3,1,3,1
3,12,9,56,1.8,1,3,1,1,1,205.6,1,12,1,3,1,3,1,1,3,3,1
3,12,9,57,0.1,2,2,2,1,0,300.02,0,3,1,1,2,2,4,1,1,2,2
3,12,9,58,0.4,1,2,1,1,1,228.82,1,19,3,3,3,3,19,1,3,2,2
3,12,9,59,0.8,1,2,NaN,NaN,NaN,NaN,NaN,14,1,1,1,1,19,3,1,2,2
3,12,9,60,0.1,1,2,1,1,1,277.5,1,4,1,1,1,1,9,3,3,2,2
3,12,9,61,0.4,3,2,2,2,1,298.74,1,2,1,1,3,3,5,3,1,2,2
3,12,9,62,0.8,1,2,1,1,1,296.98,1,1,1,3,1,3,8,1,3,2,2
3,12,9,63,1.8,1,1,1,1,1,279.68,1,15,1,1,1,1,1,3,1,3,1
3,12,9,64,0.05,1,3,1,1,1,384.25,0,16,3,1,3,1,7,3,1,1,3
3,12,9,65,1.8,2,2,2,2,1,239.23,1,11,3,1,2,2,16,3,3,2,2
3,12,9,66,0.1,2,3,2,2,1,658.47,0,7,1,3,2,2,6,1,3,3,1
3,12,9,67,1.8,1,1,1,1,1,308.5,0,9,1,3,1,3,6,3,3,3,3
3,12,9,68,0.2,3,3,2,2,1,288.16,1,14,1,1,3,3,7,3,3,1,1
3,12,9,69,0.1,1,2,1,1,1,260.64,1,10,1,1,1,1,4,3,3,2,2
3,12,9,70,0.8,2,3,2,2,1,225.37,1,1,1,1,2,2,8,3,3,1,1
3,12,9,71,0.1,1,3,1,2,0,291.93,1,15,3,3,3,3,9,3,1,1,3
3,12,9,72,0.2,3,3,2,2,1,155.58,1,15,3,1,1,3,10,1,3,3,1
3,12,9,73,0.8,1,3,1,1,1,372.09,0,6,3,3,3,3,5,1,3,3,1
3,12,9,74,0.4,1,2,1,1,1,297.29,1,6,3,3,3,3,14,1,3,2,2
3,12,9,75,1.8,1,2,1,1,1,200.72,1,15,1,1,1,1,13,1,3,2,2
3,12,9,76,0.1,1,2,1,2,0,381.02,0,13,3,3,3,3,3,1,1,2,2
3,12,9,77,0.05,2,1,2,2,1,300.69,0,8,1,3,2,2,2,3,1,3,1
3,12,9,78,0.05,1,3,1,1,1,240.95,1,20,3,3,3,3,18,3,1,1,3
3,12,10,1,0.4,1,1,1,1,1,251.77,1,2,1,3,1,3,15,3,3,3,3
3,12,10,2,0.4,1,1,1,1,1,270.77,1,19,1,1,1,1,9,1,3,1,3
3,12,10,3,0.2,1,2,1,1,1,260.35,1,17,1,1,1,1,14,3,3,2,2
3,12,10,4,1.8,3,3,2,2,1,247.74,1,16,3,1,1,3,4,1,1,3,3
3,12,10,5,1.8,1,3,1,1,1,250.69,1,16,1,1,1,1,8,1,3,3,1
3,12,10,6,0.05,2,3,2,2,1,361.55,0,4,3,3,2,2,2,1,3,3,1
3,12,10,7,1.8,2,2,2,2,1,222.42,1,4,1,1,2,2,12,3,3,2,2
3,12,10,8,0.8,1,3,1,1,1,259.55,1,15,3,1,3,1,7,1,3,3,1
3,12,10,9,0.4,1,3,1,1,1,261.31,1,16,3,1,3,1,3,1,1,3,3
3,12,10,10,0.05,2,2,2,2,1,269.62,1,17,3,1,2,2,14,3,3,2,2
3,12,10,11,0.1,1,2,1,1,1,380.63,0,9,3,3,3,3,11,1,1,2,2
3,12,10,12,1.8,1,3,1,1,1,223.27,1,1,3,1,3,1,10,1,3,3,1
3,12,10,13,0.4,3,1,2,2,1,340.97,0,4,3,1,1,3,15,1,1,1,1
3,12,10,14,0.05,1,2,1,1,1,369.65,0,12,3,3,3,3,20,1,3,2,2
3,12,10,15,0.1,2,3,2,2,1,247.18,1,14,1,3,2,2,17,3,3,1,1
3,12,10,16,0.1,1,3,1,2,0,293.86,1,12,3,1,3,1,5,3,3,1,1
3,12,10,17,0.8,3,3,2,2,1,234.37,1,2,3,1,1,3,14,1,3,3,1
3,12,10,18,0.8,1,3,NaN,NaN,NaN,NaN,NaN,19,1,1,1,1,7,3,3,1,1
3,12,10,19,0.2,1,3,1,1,1,263.95,1,16,3,3,3,3,17,3,1,1,3
3,12,10,20,0.05,3,3,2,1,0,295.54,1,10,3,3,1,1,20,3,1,1,3
3,12,10,21,0.2,1,2,1,1,1,259.85,1,16,1,1,1,1,10,1,1,2,2
3,12,10,22,0.05,2,3,2,2,1,283.9,1,5,3,3,2,2,5,1,3,3,1
3,12,10,23,0.8,1,2,1,1,1,266.09,1,19,3,3,3,3,4,1,3,2,2
3,12,10,24,1.8,1,1,1,1,1,248.23,1,9,3,3,3,3,10,3,1,3,1
3,12,10,25,0.8,1,2,1,2,0,268.93,1,2,1,1,1,1,20,1,3,2,2
3,12,10,26,0.05,1,2,1,1,1,303.91,0,4,3,1,3,1,6,3,3,2,2
3,12,10,27,0.4,1,2,1,1,1,204.18,1,13,1,3,1,3,7,1,3,2,2
3,12,10,28,0.4,3,1,2,2,1,277.17,1,2,3,3,1,1,7,3,3,3,3
3,12,10,29,0.4,2,2,2,2,1,282.02,1,8,3,3,2,2,15,1,1,2,2
3,12,10,30,0.8,1,3,1,1,1,294.58,1,10,1,1,1,1,10,3,3,1,1
3,12,10,31,0.05,1,3,1,2,0,324.86,0,15,3,1,3,1,7,3,1,1,3
3,12,10,32,1.8,3,2,2,2,1,239.28,1,8,1,3,3,1,11,1,1,2,2
3,12,10,33,0.4,1,2,1,1,1,294.98,1,17,3,3,3,3,17,1,1,2,2
3,12,10,34,0.1,1,1,1,1,1,210.36,1,12,1,3,1,3,7,1,1,1,1
3,12,10,35,0.2,1,1,1,1,1,244.34,1,7,3,1,3,1,9,3,1,3,1
3,12,10,36,0.4,2,2,2,2,1,262.47,1,19,3,1,2,2,16,3,1,2,2
3,12,10,37,0.2,1,1,1,1,1,243.7,1,12,3,3,3,3,12,3,1,3,1
3,12,10,38,1.8,3,2,NaN,NaN,NaN,NaN,NaN,6,1,1,3,3,15,1,1,2,2
3,12,10,39,1.8,1,3,NaN,NaN,NaN,NaN,NaN,10,3,3,3,3,4,1,1,3,3
3,12,10,40,0.8,3,1,2,2,1,274.61,1,3,3,1,1,3,14,1,1,1,1
3,12,10,41,0.1,1,3,1,1,1,298.69,1,6,3,1,3,1,9,1,3,3,1
3,12,10,42,0.2,2,1,2,1,0,268.77,1,3,3,1,2,2,2,3,3,3,3
3,12,10,43,0.2,1,3,1,1,1,230.46,1,14,3,3,3,3,2,3,1,1,3
3,12,10,44,0.05,2,1,2,2,1,347.92,0,2,3,3,2,2,17,1,3,1,3
3,12,10,45,0.4,1,3,1,1,1,313.6,0,6,3,1,3,1,19,3,3,1,1
3,12,10,46,0.4,1,2,1,1,1,198.59,1,15,1,3,1,3,2,3,1,2,2
3,12,10,47,0.05,1,2,1,1,1,285.98,1,19,1,3,1,3,9,1,1,2,2
3,12,10,48,0.8,3,2,2,2,1,216.14,1,1,3,3,1,1,13,3,1,2,2
3,12,10,49,0.2,1,2,1,1,1,279.21,1,18,1,3,1,3,11,3,1,2,2
3,12,10,50,0.4,1,1,1,1,1,242.07,1,12,1,1,1,1,15,3,1,3,1
3,12,10,51,0.1,3,2,2,2,1,275.32,1,13,3,1,1,3,2,1,1,2,2
3,12,10,52,0.2,1,2,1,1,1,299.69,1,16,1,3,1,3,9,3,3,2,2
3,12,10,53,0.1,3,2,2,2,1,293.17,1,3,3,1,1,3,1,3,1,2,2
3,12,10,54,0.8,1,1,1,1,1,265.94,1,9,3,1,3,1,12,3,1,3,1
3,12,10,55,0.1,3,2,2,2,1,310.75,0,1,1,3,3,1,19,1,1,2,2
3,12,10,56,0.1,2,2,2,2,1,308.21,0,18,1,1,2,2,11,3,1,2,2
3,12,10,57,0.2,3,2,2,2,1,266.96,1,18,3,3,1,1,18,1,1,2,2
3,12,10,58,1.8,1,3,1,1,1,222.92,1,12,1,1,1,1,14,3,1,1,3
3,12,10,59,0.1,3,1,2,2,1,253.53,1,9,1,1,3,3,1,3,1,3,1
3,12,10,60,0.8,3,2,2,2,1,233.95,1,6,3,1,1,3,17,3,1,2,2
3,12,10,61,0.8,1,2,1,1,1,195.09,1,19,3,3,3,3,15,3,1,2,2
3,12,10,62,0.1,1,1,1,1,1,276.14,1,11,1,3,1,3,14,3,1,3,1
3,12,10,63,0.05,3,1,2,2,1,542.23,0,15,1,1,3,3,11,1,3,1,3
3,12,10,64,0.2,1,3,1,1,1,255.47,1,6,1,3,1,3,1,1,3,3,1
3,12,10,65,1.8,1,1,1,1,1,241,1,1,1,1,1,1,2,3,1,3,1
3,12,10,66,0.1,1,3,1,1,1,229.53,1,5,1,1,1,1,13,1,1,3,3
3,12,10,67,0.05,2,1,2,2,1,264.53,1,7,3,1,2,2,2,3,3,3,3
3,12,10,68,0.05,3,2,2,2,1,302.45,0,1,1,3,3,1,19,1,3,2,2
3,12,10,69,0.2,3,2,2,2,1,288.76,1,7,3,1,1,3,6,1,3,2,2
3,12,10,70,0.4,2,1,2,2,1,227.11,1,9,3,3,2,2,20,3,3,3,3
3,12,10,71,0.8,3,3,2,2,1,264.16,1,16,1,3,3,1,10,1,1,3,3
3,12,10,72,1.8,1,3,1,1,1,228.29,1,9,1,1,1,1,7,1,3,3,1
3,12,10,73,0.8,1,1,1,1,1,250.08,1,6,1,3,1,3,7,1,1,1,1
3,12,10,74,1.8,1,2,1,1,1,254.88,1,19,3,3,3,3,8,1,3,2,2
3,12,10,75,0.2,3,2,2,2,1,271.41,1,11,1,3,3,1,20,3,1,2,2
3,12,10,76,0.05,1,1,1,1,1,320.27,0,17,3,1,3,1,14,1,1,1,1
3,12,10,77,0.1,3,2,2,2,1,234.9,1,14,3,1,1,3,18,3,1,2,2
3,12,10,78,1.8,3,2,2,2,1,241.4,1,4,1,1,3,3,6,1,1,2,2
