2,7,1,1,1.8,1,2,1,1,1,179.61,1,7,1,1,1,1,12,3,3,2,2
2,7,1,2,1.8,2,3,2,2,1,171.9,1,9,1,1,2,2,12,3,3,1,1
2,7,1,3,0.05,3,2,2,2,1,264.14,1,5,3,1,1,3,4,1,3,2,2
2,7,1,4,1.8,1,3,1,1,1,238.81,1,13,3,3,3,3,19,3,1,1,3
2,7,1,5,0.1,3,2,2,2,1,190.26,1,5,1,1,3,3,19,3,1,2,2
2,7,1,6,0.8,2,3,2,2,1,215.64,1,11,1,1,2,2,19,3,3,1,1
2,7,1,7,0.2,1,3,1,1,1,258.6,1,11,3,1,3,1,13,3,1,1,3
2,7,1,8,0.4,1,3,1,1,1,249.61,1,6,1,3,1,3,3,1,3,3,1
2,7,1,9,0.2,3,2,2,2,1,237.18,1,8,1,3,3,1,9,1,3,2,2
2,7,1,10,0.8,1,1,1,1,1,210.45,1,8,1,1,1,1,12,1,3,1,3
2,7,1,11,0.4,1,1,1,2,0,231.99,1,7,1,3,1,3,9,3,3,3,3
2,7,1,12,1.8,1,2,1,1,1,238.31,1,5,1,3,1,3,3,1,1,2,2
2,7,1,13,0.4,3,1,2,2,1,231.59,1,1,3,3,1,1,19,1,1,1,1
2,7,1,14,0.4,2,3,2,2,1,253.16,1,5,1,3,2,2,15,1,1,3,3
2,7,1,15,0.05,3,2,2,2,1,279.04,1,13,3,3,1,1,7,1,1,2,2
2,7,1,16,0.8,1,3,1,1,1,238.53,1,10,3,3,3,3,8,3,3,1,1
2,7,1,17,0.2,2,3,2,2,1,259.56,1,20,3,1,2,2,5,3,3,1,1
2,7,1,18,0.2,1,1,1,1,1,318.68,0,1,1,1,1,1,11,1,3,1,3
2,7,1,19,0.1,2,3,2,1,0,266.96,1,12,3,3,2,2,6,1,1,3,3
2,7,1,20,1.8,1,1,1,2,0,191.99,1,3,3,1,3,1,15,1,3,1,3
2,7,1,21,0.4,2,3,2,2,1,201.59,1,8,3,1,2,2,10,3,1,1,3
2,7,1,22,0.1,1,3,1,1,1,246.1,1,15,3,3,3,3,19,1,3,3,1
2,7,1,23,1.8,1,1,1,1,1,230.93,1,15,1,3,1,3,5,3,3,3,3
2,7,1,24,0.4,1,3,1,1,1,234.63,1,11,1,3,1,3,7,3,3,1,1
2,7,1,25,0.1,1,2,1,2,0,250.32,1,3,3,1,3,1,6,1,1,2,2
2,7,1,26,1.8,3,1,2,2,1,183.04,1,5,1,3,3,1,20,3,3,3,3
2,7,1,27,0.2,1,3,1,1,1,281.75,1,20,3,1,3,1,9,1,3,3,1
2,7,1,28,0.1,3,2,2,2,1,290.97,1,16,1,1,3,3,11,1,3,2,2
2,7,1,29,0.05,1,3,1,2,0,311.17,0,17,1,3,1,3,8,3,1,1,3
2,7,1,30,0.1,2,1,2,2,1,294.33,1,2,1,3,2,2,4,3,1,3,1
2,7,1,31,0.8,1,3,1,1,1,224.67,1,11,3,1,3,1,18,3,3,1,1
2,7,1,32,0.05,2,1,2,2,1,368.12,0,11,1,1,2,2,13,3,1,3,1
2,7,1,33,0.8,1,1,1,1,1,193.86,1,5,1,1,1,1,2,1,1,1,1
2,7,1,34,1.8,3,3,2,2,1,179.63,1,6,1,3,3,1,17,3,3,1,1
2,7,1,35,0.8,2,3,2,2,1,221.93,1,19,1,3,2,2,3,1,1,3,3
2,7,1,36,0.4,1,3,1,1,1,226.51,1,9,1,1,1,1,8,1,3,3,1
2,7,1,37,0.2,3,1,2,2,1,239.03,1,15,1,1,3,3,20,3,1,3,1
2,7,1,38,0.05,2,2,2,2,1,276.11,1,7,3,3,2,2,17,3,3,2,2
2,7,1,39,0.8,2,2,2,1,0,251.97,1,5,3,1,2,2,6,1,1,2,2
2,7,1,40,0.1,3,2,2,2,1,193.63,1,5,3,1,1,3,5,3,3,2,2
2,7,1,41,0.8,2,1,2,1,0,236.75,1,2,3,1,2,2,1,3,3,3,3
2,7,1,42,0.05,2,2,2,2,1,250.7,1,5,1,1,2,2,4,3,3,2,2
2,7,1,43,0.1,1,1,1,1,1,249.54,1,15,3,1,3,1,3,3,3,3,3
2,7,1,44,0.2,3,3,2,2,1,253.83,1,7,3,3,1,1,15,1,1,3,3
2,7,1,45,1.8,2,2,2,2,1,200.97,1,11,1,1,2,2,19,1,1,2,2
2,7,1,46,0.8,2,1,2,2,1,240.69,1,14,3,3,2,2,9,3,3,3,3
2,7,1,47,0.4,2,3,2,2,1,267.41,1,6,1,3,2,2,12,1,3,3,1
2,7,1,48,0.4,2,2,2,2,1,254.75,1,10,3,1,2,2,5,1,3,2,2
2,7,1,49,0.05,1,1,1,2,0,302.93,0,9,1,1,1,1,18,3,1,3,1
2,7,1,50,0.05,1,3,1,1,1,269.46,1,18,3,1,3,1,9,3,1,1,3
2,7,1,51,0.1,1,3,1,1,1,262.23,1,18,1,1,1,1,11,3,1,1,3
2,7,1,52,0.2,1,3,1,1,1,279.39,1,12,1,3,1,3,3,3,3,1,1
2,7,1,53,0.1,3,3,2,2,1,267.35,1,16,1,3,3,1,16,3,1,1,3
2,7,1,54,0.05,1,1,1,1,1,294,1,6,3,3,3,3,10,3,1,3,1
2,7,1,55,0.2,2,2,2,2,1,258.7,1,10,1,3,2,2,8,3,3,2,2
2,7,1,56,0.8,3,1,2,2,1,203.45,1,13,1,3,3,1,20,1,1,1,1
2,7,1,57,0.1,2,2,2,1,0,292.85,1,12,1,1,2,2,12,3,3,2,2
2,7,1,58,0.05,1,1,1,2,0,259.09,1,19,1,1,1,1,5,1,3,1,3
2,7,1,59,0.05,1,2,1,1,1,268,1,20,1,1,1,1,7,3,1,2,2
2,7,1,60,0.8,1,2,1,1,1,241.65,1,16,3,1,3,1,1,1,1,2,2
2,7,1,61,0.05,1,2,1,1,1,258.08,1,20,3,1,3,1,2,3,3,2,2
2,7,1,62,0.05,3,3,2,2,1,254.54,1,18,1,3,3,1,13,1,3,3,1
2,7,1,63,0.4,2,2,2,2,1,183.27,1,19,3,3,2,2,5,1,1,2,2
2,7,1,64,0.8,3,2,2,2,1,237.01,1,14,3,1,1,3,17,3,3,2,2
2,7,1,65,1.8,3,1,2,2,1,183.49,1,16,3,1,1,3,18,3,3,3,3
2,7,1,66,0.4,2,2,2,2,1,254.12,1,1,3,3,2,2,15,3,1,2,2
2,7,1,67,0.4,1,3,1,1,1,230.61,1,10,3,3,3,3,10,3,3,1,1
2,7,1,68,1.8,1,1,1,1,1,228.6,1,10,3,3,3,3,16,3,3,3,3
2,7,1,69,0.2,2,3,2,2,1,271.25,1,4,1,3,2,2,9,3,1,1,3
2,7,1,70,0.2,3,3,2,2,1,302.47,0,2,3,3,1,1,12,1,3,3,1
2,7,1,71,0.8,3,2,2,2,1,225.39,1,3,3,3,1,1,5,1,3,2,2
2,7,1,72,0.2,2,2,2,2,1,288.51,1,9,3,1,2,2,5,1,3,2,2
2,7,1,73,0.4,3,1,2,2,1,225.09,1,4,3,3,1,1,7,3,3,3,3
2,7,1,74,1.8,1,2,1,1,1,194.56,1,18,3,3,3,3,17,3,3,2,2
2,7,1,75,1.8,3,2,2,2,1,183.84,1,14,3,3,1,1,12,3,1,2,2
2,7,1,76,0.1,3,2,2,2,1,182.11,1,14,1,3,3,1,6,1,1,2,2
2,7,1,77,0.2,3,3,2,2,1,244.41,1,6,1,1,3,3,19,1,1,3,3
2,7,1,78,0.1,2,1,2,2,1,271.38,1,5,3,3,2,2,8,3,1,3,1
2,7,2,1,0.2,2,3,2,1,0,242,1,10,3,1,2,2,18,3,3,1,1
2,7,2,2,1.8,2,1,2,2,1,177.84,1,16,3,1,2,2,7,1,3,1,3
2,7,2,3,0.1,1,1,1,1,1,196.71,1,7,3,1,3,1,12,3,3,3,3
2,7,2,4,1.8,3,3,2,2,1,181.12,1,8,3,3,1,1,14,3,1,1,3
2,7,2,5,1.8,1,1,1,1,1,205.23,1,14,3,1,3,1,3,3,3,3,3
2,7,2,6,0.2,1,1,1,1,1,288.25,1,11,1,3,1,3,20,1,3,1,3
2,7,2,7,0.05,3,1,2,2,1,255.25,1,3,3,3,1,1,11,1,1,1,1
2,7,2,8,0.1,1,3,1,2,0,323.54,0,17,1,3,1,3,18,3,1,1,3
2,7,2,9,0.8,3,3,2,2,1,184.17,1,15,3,3,1,1,11,1,1,3,3
2,7,2,10,0.8,1,2,1,1,1,209.12,1,13,1,3,1,3,20,3,3,2,2
2,7,2,11,0.1,3,1,2,2,1,249.49,1,7,1,1,3,3,4,1,1,1,1
2,7,2,12,0.4,2,1,NaN,NaN,NaN,NaN,NaN,1,1,1,2,2,1,3,1,3,1
2,7,2,13,0.05,3,2,2,2,1,253.38,1,17,3,1,1,3,15,3,3,2,2
2,7,2,14,0.05,1,1,1,1,1,293.08,1,3,1,3,1,3,20,3,3,3,3
2,7,2,15,0.1,1,2,1,1,1,345.23,0,7,3,1,3,1,11,1,3,2,2
2,7,2,16,0.1,3,3,2,2,1,250.21,1,19,3,1,1,3,2,3,3,1,1
2,7,2,17,0.2,2,2,2,2,1,246.61,1,5,3,1,2,2,9,3,1,2,2
2,7,2,18,0.8,2,1,2,2,1,215.45,1,19,1,1,2,2,9,3,1,3,1
2,7,2,19,0.4,1,2,1,1,1,212.02,1,12,1,1,1,1,2,1,3,2,2
2,7,2,20,0.4,3,3,2,2,1,221.08,1,20,3,3,1,1,10,1,3,3,1
2,7,2,21,0.2,3,3,2,2,1,253.2,1,5,3,3,1,1,4,1,3,3,1
2,7,2,22,0.4,3,1,2,2,1,267.27,1,1,3,3,1,1,18,1,3,1,3
2,7,2,23,0.8,1,3,1,1,1,222.12,1,3,3,3,3,3,19,3,1,1,3
2,7,2,24,0.8,1,3,1,2,0,240.07,1,3,1,1,1,1,20,1,1,3,3
2,7,2,25,0.05,1,2,1,1,1,304.02,0,10,3,1,3,1,10,3,3,2,2
2,7,2,26,0.05,1,2,1,1,1,278.32,1,9,1,3,1,3,9,1,1,2,2
2,7,2,27,0.8,1,2,1,1,1,212.41,1,6,3,3,3,3,15,3,3,2,2
2,7,2,28,1.8,2,1,2,1,0,195.18,1,12,1,1,2,2,6,1,3,1,3
2,7,2,29,0.05,1,2,1,2,0,299.54,1,6,3,3,3,3,5,3,1,2,2
2,7,2,30,0.1,1,2,1,1,1,175.55,1,15,1,1,1,1,4,1,3,2,2
2,7,2,31,0.8,3,3,2,2,1,356.61,0,16,3,3,1,1,7,1,3,3,1
2,7,2,32,0.05,1,3,1,1,1,274.81,1,5,3,1,3,1,11,3,3,1,1
2,7,2,33,0.2,1,3,1,1,1,285.93,1,16,3,3,3,3,5,3,3,1,1
2,7,2,34,0.1,1,1,1,1,1,252.66,1,13,3,1,3,1,5,3,1,3,1
2,7,2,35,1.8,1,1,1,1,1,208.25,1,17,3,3,3,3,7,1,1,1,1
2,7,2,36,0.8,3,1,2,2,1,195.45,1,2,1,3,3,1,9,1,3,1,3
2,7,2,37,0.2,2,2,2,1,0,317.45,0,3,1,3,2,2,20,1,1,2,2
2,7,2,38,1.8,1,1,1,1,1,186.99,1,15,3,3,3,3,8,3,1,3,1
2,7,2,39,0.05,3,1,2,2,1,319.07,0,16,3,1,1,3,10,1,1,1,1
2,7,2,40,0.4,1,1,1,1,1,234.34,1,4,1,3,1,3,16,1,1,1,1
2,7,2,41,1.8,1,2,1,1,1,227.37,1,6,3,3,3,3,6,1,3,2,2
2,7,2,42,0.4,1,2,1,1,1,269.51,1,9,3,1,3,1,19,3,1,2,2
2,7,2,43,0.8,1,3,1,1,1,193.86,1,19,3,1,3,1,17,3,1,1,3
2,7,2,44,1.8,3,3,2,2,1,189.26,1,14,3,3,1,1,9,3,1,1,3
2,7,2,45,0.05,1,1,1,1,1,275.65,1,3,3,1,3,1,13,3,1,3,1
2,7,2,46,0.05,1,3,1,1,1,300.87,0,14,1,1,1,1,20,1,1,3,3
2,7,2,47,0.2,3,1,2,2,1,257.35,1,10,3,3,1,1,8,1,3,1,3
2,7,2,48,0.2,1,1,1,1,1,251.28,1,17,1,1,1,1,13,3,3,3,3
2,7,2,49,0.8,1,3,1,1,1,244.68,1,12,3,3,3,3,9,3,1,1,3
2,7,2,50,1.8,1,2,1,1,1,217.63,1,15,1,3,1,3,7,1,3,2,2
2,7,2,51,1.8,2,1,2,2,1,197.53,1,2,1,1,2,2,17,1,3,1,3
2,7,2,52,0.2,1,3,1,1,1,271.22,1,1,3,3,3,3,5,1,3,3,1
2,7,2,53,0.4,1,2,1,1,1,232.01,1,18,3,1,3,1,7,3,1,2,2
2,7,2,54,0.1,1,2,1,1,1,264.81,1,1,1,3,1,3,3,3,3,2,2
2,7,2,55,0.2,1,2,1,1,1,247.85,1,20,3,3,3,3,7,1,1,2,2
2,7,2,56,0.4,3,1,2,2,1,244.13,1,13,3,1,1,3,6,3,1,3,1
2,7,2,57,0.2,2,1,2,2,1,287.35,1,5,3,3,2,2,8,3,1,3,1
2,7,2,58,0.4,1,2,1,1,1,273.55,1,12,3,1,3,1,7,3,3,2,2
2,7,2,59,0.2,3,1,2,2,1,241.25,1,10,3,1,1,3,2,3,3,3,3
2,7,2,60,0.8,1,2,1,1,1,257.01,1,11,3,3,3,3,20,3,1,2,2
2,7,2,61,0.4,2,2,2,2,1,250.85,1,6,1,3,2,2,2,1,1,2,2
2,7,2,62,1.8,1,3,1,1,1,190.16,1,6,1,1,1,1,6,1,3,3,1
2,7,2,63,0.4,2,1,2,2,1,136.15,1,6,1,3,2,2,16,1,1,1,1
2,7,2,64,1.8,1,3,1,1,1,203.51,1,15,1,1,1,1,19,3,3,1,1
2,7,2,65,0.4,3,3,2,2,1,246.96,1,18,1,3,3,1,6,1,1,3,3
2,7,2,66,0.1,3,3,2,2,1,313.36,0,18,3,1,1,3,15,1,3,3,1
2,7,2,67,1.8,2,1,2,2,1,194.88,1,13,3,3,2,2,7,3,3,3,3
2,7,2,68,0.1,2,3,2,1,0,277.37,1,10,3,1,2,2,8,1,1,3,3
2,7,2,69,0.8,2,1,2,2,1,196.14,1,10,1,3,2,2,20,3,1,3,1
2,7,2,70,0.05,3,3,2,2,1,284.76,1,10,3,3,1,1,10,3,1,1,3
2,7,2,71,0.05,3,1,2,2,1,289.67,1,6,1,3,3,1,12,1,1,1,1
2,7,2,72,0.8,3,3,2,2,1,191.63,1,20,1,1,3,3,13,1,3,3,1
2,7,2,73,0.4,1,1,1,1,1,245.87,1,18,3,1,3,1,2,3,3,3,3
2,7,2,74,0.05,2,1,2,2,1,307.14,0,2,3,3,2,2,7,3,1,3,1
2,7,2,75,0.1,1,2,1,1,1,297.7,1,16,1,3,1,3,19,1,1,2,2
2,7,2,76,0.2,3,2,2,2,1,257.65,1,3,1,3,3,1,10,1,1,2,2
2,7,2,77,0.1,1,1,1,1,1,316.7,0,3,3,1,3,1,3,3,3,3,3
2,7,2,78,0.1,1,3,1,1,1,238.94,1,10,1,3,1,3,11,3,1,1,3
2,7,3,1,0.05,3,1,2,1,0,292.99,1,7,3,3,1,1,2,3,1,3,1
2,7,3,2,0.1,2,2,2,2,1,167.52,1,8,3,3,2,2,9,1,1,2,2
2,7,3,3,0.05,1,2,1,1,1,276.41,1,13,3,3,3,3,11,3,3,2,2
2,7,3,4,0.2,1,1,1,1,1,246.98,1,20,1,1,1,1,14,1,1,1,1
2,7,3,5,0.8,2,1,2,1,0,303.76,0,10,3,1,2,2,1,3,3,3,3
2,7,3,6,0.2,1,2,1,1,1,297.22,1,18,3,1,3,1,18,3,1,2,2
2,7,3,7,1.8,1,3,1,1,1,197.49,1,3,3,3,3,3,9,1,3,3,1
2,7,3,8,1.8,2,2,2,2,1,194.12,1,14,3,3,2,2,13,3,3,2,2
2,7,3,9,1.8,1,1,1,1,1,178.09,1,16,3,3,3,3,9,3,1,3,1
2,7,3,10,0.2,1,1,1,2,0,239.4,1,17,3,3,3,3,3,1,1,1,1
2,7,3,11,0.8,2,3,2,2,1,237.69,1,5,1,3,2,2,14,3,3,1,1
2,7,3,12,0.1,2,3,2,1,0,312.37,0,1,1,1,2,2,1,3,3,1,1
2,7,3,13,0.8,2,1,2,2,1,236.05,1,11,3,3,2,2,5,3,1,3,1
2,7,3,14,0.05,3,3,2,2,1,321.02,0,1,3,3,1,1,11,1,1,3,3
2,7,3,15,0.8,2,3,2,2,1,188.25,1,6,3,1,2,2,20,3,3,1,1
2,7,3,16,0.05,1,2,1,1,1,294.29,1,17,3,3,3,3,7,1,3,2,2
2,7,3,17,0.4,1,2,1,1,1,226.51,1,17,1,1,1,1,9,1,3,2,2
2,7,3,18,0.05,1,1,1,1,1,281.51,1,16,3,3,3,3,20,1,3,1,3
2,7,3,19,0.2,3,3,2,2,1,287.44,1,2,3,1,1,3,12,1,3,3,1
2,7,3,20,0.05,2,3,2,2,1,287.09,1,15,3,1,2,2,13,3,1,1,3
2,7,3,21,0.1,1,1,1,1,1,248.05,1,17,3,3,3,3,6,3,3,3,3
2,7,3,22,1.8,1,3,1,1,1,220.01,1,6,3,1,3,1,11,3,3,1,1
2,7,3,23,0.8,1,2,1,2,0,226.03,1,14,3,3,3,3,19,3,1,2,2
2,7,3,24,0.2,1,3,1,2,0,264.82,1,7,1,1,1,1,17,1,3,3,1
2,7,3,25,0.4,1,3,1,1,1,223.4,1,7,1,1,1,1,11,1,3,3,1
2,7,3,26,0.4,1,3,1,1,1,194.07,1,1,1,1,1,1,1,3,3,1,1
2,7,3,27,0.1,2,3,2,1,0,260.96,1,18,3,1,2,2,4,1,3,3,1
2,7,3,28,1.8,2,2,2,2,1,187.54,1,3,1,1,2,2,14,3,1,2,2
2,7,3,29,0.05,1,1,1,1,1,328.06,0,19,1,3,1,3,17,3,1,3,1
2,7,3,30,0.4,3,1,2,2,1,173.25,1,11,3,1,1,3,19,1,1,1,1
2,7,3,31,0.05,1,2,1,1,1,373.88,0,8,3,1,3,1,18,1,3,2,2
2,7,3,32,0.8,1,1,1,1,1,217.03,1,18,3,3,3,3,19,3,3,3,3
2,7,3,33,0.8,1,1,1,1,1,259.04,1,9,1,3,1,3,11,1,3,1,3
2,7,3,34,0.8,1,2,1,1,1,219.04,1,5,3,1,3,1,3,1,3,2,2
2,7,3,35,0.2,3,2,2,2,1,253.86,1,12,3,3,1,1,1,3,3,2,2
2,7,3,36,0.8,1,3,1,1,1,237.6,1,4,1,1,1,1,3,3,1,1,3
2,7,3,37,0.2,3,2,2,2,1,278.2,1,18,1,3,3,1,17,1,3,2,2
2,7,3,38,0.1,2,2,2,2,1,262.04,1,8,3,3,2,2,5,1,3,2,2
2,7,3,39,0.8,3,1,2,2,1,240.55,1,5,1,3,3,1,19,1,1,1,1
2,7,3,40,0.05,1,3,1,1,1,279.88,1,4,1,1,1,1,20,3,1,1,3
2,7,3,41,0.1,2,2,2,2,1,256.28,1,11,3,3,2,2,8,1,3,2,2
2,7,3,42,1.8,1,1,1,1,1,262.22,1,14,1,3,1,3,16,1,1,1,1
2,7,3,43,0.8,1,2,1,1,1,227.93,1,6,3,3,3,3,10,1,3,2,2
2,7,3,44,0.4,3,2,2,2,1,231.3,1,3,1,3,3,1,18,1,1,2,2
2,7,3,45,0.05,3,2,2,2,1,285.1,1,3,3,1,1,3,19,3,1,2,2
2,7,3,46,0.2,1,3,1,1,1,211.12,1,1,1,1,1,1,6,3,3,1,1
2,7,3,47,1.8,1,2,1,1,1,207.28,1,16,3,3,3,3,2,1,1,2,2
2,7,3,48,0.1,3,3,2,2,1,272.06,1,12,1,1,3,3,1,3,1,1,3
2,7,3,49,0.05,2,3,2,2,1,344.8,0,11,3,3,2,2,7,3,3,1,1
2,7,3,50,1.8,1,3,1,1,1,209.74,1,1,1,3,1,3,10,3,3,1,1
2,7,3,51,0.4,3,1,2,2,1,214.38,1,5,1,1,3,3,15,3,3,3,3
2,7,3,52,0.4,1,2,1,1,1,188.47,1,8,1,1,1,1,16,1,3,2,2
2,7,3,53,0.4,1,3,1,1,1,267.06,1,15,1,1,1,1,11,1,1,3,3
2,7,3,54,0.05,1,1,1,1,1,303.34,0,1,3,1,3,1,2,3,3,3,3
2,7,3,55,0.4,2,2,2,2,1,245.11,1,4,3,1,2,2,15,3,3,2,2
2,7,3,56,0.2,1,2,1,1,1,248.44,1,3,1,1,1,1,2,1,3,2,2
2,7,3,57,0.2,2,2,2,2,1,255.36,1,8,3,1,2,2,14,3,3,2,2
2,7,3,58,0.1,2,3,2,1,0,331.29,0,4,1,3,2,2,18,3,1,1,3
2,7,3,59,0.05,1,2,1,1,1,309.88,0,12,1,1,1,1,19,3,1,2,2
2,7,3,60,1.8,2,2,2,2,1,184.85,1,6,3,3,2,2,4,1,1,2,2
2,7,3,61,0.4,1,1,1,1,1,253.33,1,17,3,1,3,1,15,3,1,3,1
2,7,3,62,0.1,3,2,2,2,1,238.55,1,19,3,3,1,1,6,3,3,2,2
2,7,3,63,1.8,2,1,2,2,1,187.18,1,5,3,3,2,2,20,3,3,3,3
2,7,3,64,0.2,1,1,1,1,1,297.31,1,7,3,3,3,3,4,3,1,3,1
2,7,3,65,0.4,3,2,2,2,1,280.1,1,6,3,1,1,3,5,1,3,2,2
2,7,3,66,0.8,1,2,1,1,1,240.86,1,19,3,3,3,3,11,3,1,2,2
2,7,3,67,0.2,2,3,2,2,1,252.77,1,13,1,1,2,2,6,1,1,3,3
2,7,3,68,0.1,3,1,2,2,1,325.89,0,8,1,1,3,3,1,1,1,1,1
2,7,3,69,0.1,3,2,2,2,1,272,1,3,1,1,3,3,3,3,1,2,2
2,7,3,70,0.1,1,1,1,1,1,259.74,1,11,1,1,1,1,3,3,3,3,3
2,7,3,71,1.8,3,3,2,2,1,173.4,1,15,3,3,1,1,4,3,3,1,1
2,7,3,72,0.4,1,3,1,2,0,253.61,1,11,1,1,1,1,15,3,3,1,1
2,7,3,73,0.8,1,2,1,1,1,291.8,1,5,3,1,3,1,18,3,1,2,2
2,7,3,74,1.8,3,3,2,2,1,195.11,1,11,3,1,1,3,7,1,3,3,1
2,7,3,75,1.8,2,3,2,1,0,201.68,1,19,1,1,2,2,20,3,1,1,3
2,7,3,76,0.2,1,1,1,1,1,215.53,1,1,3,1,3,1,1,1,3,1,3
2,7,3,77,0.4,1,1,1,1,1,250.34,1,8,3,1,3,1,14,1,1,1,1
2,7,3,78,0.1,3,3,2,2,1,339.5,0,17,3,3,1,1,2,3,1,1,3
2,7,4,1,1.8,2,2,2,2,1,203.86,1,5,3,3,2,2,16,1,3,2,2
2,7,4,2,0.05,3,2,2,2,1,284.82,1,19,1,1,3,3,14,3,3,2,2
2,7,4,3,0.4,2,1,2,2,1,230.58,1,18,1,1,2,2,20,1,1,1,1
2,7,4,4,0.1,2,1,2,2,1,279.56,1,9,3,1,2,2,8,3,1,3,1
2,7,4,5,0.05,1,2,1,1,1,231.16,1,2,1,1,1,1,12,3,3,2,2
2,7,4,6,0.1,1,2,1,2,0,271.88,1,19,1,1,1,1,8,3,1,2,2
2,7,4,7,1.8,3,3,2,2,1,180.64,1,20,1,1,3,3,4,3,3,1,1
2,7,4,8,0.4,3,3,NaN,NaN,NaN,NaN,NaN,6,3,1,1,3,1,3,3,1,1
2,7,4,9,0.2,3,1,2,2,1,177.46,1,15,1,3,3,1,11,3,1,3,1
2,7,4,10,1.8,3,3,NaN,NaN,NaN,NaN,NaN,18,1,3,3,1,19,3,1,1,3
2,7,4,11,0.8,1,2,1,1,1,230.64,1,2,1,1,1,1,7,1,3,2,2
2,7,4,12,0.8,1,2,1,1,1,210.46,1,4,1,1,1,1,3,3,1,2,2
2,7,4,13,0.1,1,1,1,1,1,286.63,1,9,1,3,1,3,18,1,1,1,1
2,7,4,14,0.1,3,1,2,2,1,244.06,1,10,3,3,1,1,1,1,3,1,3
2,7,4,15,0.1,1,3,1,1,1,244.55,1,8,3,3,3,3,17,1,3,3,1
2,7,4,16,0.4,1,3,1,1,1,266.5,1,11,1,1,1,1,14,3,1,1,3
2,7,4,17,1.8,3,1,2,2,1,185.06,1,8,3,3,1,1,5,1,1,1,1
2,7,4,18,0.1,1,1,1,1,1,295.48,1,16,3,3,3,3,3,1,1,1,1
2,7,4,19,0.1,1,3,1,1,1,260.86,1,10,1,3,1,3,1,3,3,1,1
2,7,4,20,0.2,1,2,1,1,1,277.11,1,10,1,1,1,1,9,3,3,2,2
2,7,4,21,1.8,1,2,NaN,NaN,NaN,NaN,NaN,8,1,1,1,1,11,3,3,2,2
2,7,4,22,0.4,1,1,1,1,1,199.13,1,10,3,3,3,3,17,1,1,1,1
2,7,4,23,1.8,2,1,2,2,1,178.08,1,6,3,3,2,2,13,3,1,3,1
2,7,4,24,0.05,1,1,1,1,1,257.7,1,8,3,1,3,1,13,3,3,3,3
2,7,4,25,0.05,3,3,2,2,1,300.49,0,3,3,1,1,3,8,1,3,3,1
2,7,4,26,0.8,3,2,2,2,1,245.47,1,13,3,1,1,3,2,3,1,2,2
2,7,4,27,0.2,1,2,1,1,1,326.49,0,13,3,1,3,1,6,3,1,2,2
2,7,4,28,1.8,1,3,1,1,1,191.79,1,1,1,1,1,1,2,1,3,3,1
2,7,4,29,0.1,2,2,2,2,1,330.54,0,20,1,3,2,2,9,3,3,2,2
2,7,4,30,0.2,1,3,1,2,0,221.43,1,17,1,1,1,1,3,1,1,3,3
2,7,4,31,0.8,2,3,2,2,1,195.76,1,6,1,3,2,2,20,3,1,1,3
2,7,4,32,0.05,1,2,1,1,1,281.3,1,19,3,1,3,1,20,1,3,2,2
2,7,4,33,0.05,3,2,2,2,1,265.79,1,12,3,3,1,1,15,1,1,2,2
2,7,4,34,0.1,1,2,1,1,1,262.66,1,10,1,3,1,3,19,3,1,2,2
2,7,4,35,0.1,2,2,2,2,1,259.98,1,11,3,3,2,2,9,1,3,2,2
2,7,4,36,0.05,3,3,2,2,1,305.53,0,16,1,1,3,3,13,1,1,3,3
2,7,4,37,0.4,3,3,2,2,1,246.43,1,2,3,1,1,3,12,1,3,3,1
2,7,4,38,0.05,1,2,1,1,1,302.34,0,11,3,1,3,1,12,1,1,2,2
2,7,4,39,1.8,3,1,2,2,1,184.07,1,9,3,3,1,1,1,3,3,3,3
2,7,4,40,1.8,2,2,2,2,1,195.05,1,1,1,3,2,2,6,1,1,2,2
2,7,4,41,0.1,3,1,2,2,1,294.91,1,12,1,3,3,1,6,3,3,3,3
2,7,4,42,0.1,3,2,2,2,1,263.33,1,14,1,3,3,1,11,3,3,2,2
2,7,4,43,0.2,1,1,1,1,1,267.75,1,11,1,1,1,1,10,1,1,1,1
2,7,4,44,0.8,1,3,1,1,1,216.59,1,8,1,1,1,1,1,3,1,1,3
2,7,4,45,0.4,1,2,1,1,1,251.03,1,7,1,1,1,1,9,1,1,2,2
2,7,4,46,0.8,3,3,2,2,1,201.94,1,14,3,3,1,1,13,1,3,3,1
2,7,4,47,0.2,1,1,1,1,1,256.8,1,7,3,3,3,3,7,1,1,1,1
2,7,4,48,0.8,1,3,1,1,1,291.5,1,4,3,1,3,1,11,1,1,3,3
2,7,4,49,1.8,1,2,1,1,1,195.79,1,16,1,3,1,3,15,1,3,2,2
2,7,4,50,0.8,1,2,NaN,NaN,NaN,NaN,NaN,19,3,3,3,3,3,3,1,2,2
2,7,4,51,0.2,2,1,2,2,1,260.33,1,19,1,3,2,2,7,1,3,1,3
2,7,4,52,0.4,2,1,2,2,1,267.57,1,9,1,1,2,2,17,3,1,3,1
2,7,4,53,0.2,1,3,1,1,1,267.39,1,14,3,1,3,1,16,1,1,3,3
2,7,4,54,0.4,1,1,1,1,1,249.31,1,3,3,3,3,3,7,1,3,1,3
2,7,4,55,0.05,1,2,1,2,0,272.39,1,2,3,3,3,3,10,3,3,2,2
2,7,4,56,0.4,1,3,1,1,1,300.24,0,20,1,1,1,1,13,1,1,3,3
2,7,4,57,0.2,1,3,1,1,1,260.15,1,10,1,3,1,3,2,3,1,1,3
2,7,4,58,0.4,2,3,2,2,1,305.77,0,17,1,1,2,2,5,3,3,1,1
2,7,4,59,0.05,3,1,2,2,1,280.02,1,8,3,1,1,3,14,3,1,3,1
2,7,4,60,0.4,1,2,1,1,1,251.18,1,4,1,3,1,3,8,3,3,2,2
2,7,4,61,1.8,3,2,2,2,1,181.35,1,6,1,1,3,3,17,3,3,2,2
2,7,4,62,0.05,3,3,2,2,1,280.39,1,16,3,1,1,3,12,3,1,1,3
2,7,4,63,0.8,3,3,2,2,1,244.7,1,6,3,1,1,3,17,1,1,3,3
2,7,4,64,0.2,1,2,1,1,1,222.22,1,8,3,3,3,3,12,3,3,2,2
2,7,4,65,0.05,1,3,1,1,1,280.37,1,4,1,3,1,3,16,1,3,3,1
2,7,4,66,0.8,2,3,2,2,1,200.88,1,2,3,3,2,2,16,3,1,1,3
2,7,4,67,0.1,1,1,1,1,1,253.32,1,18,3,3,3,3,9,3,1,3,1
2,7,4,68,0.05,2,3,2,2,1,285.98,1,18,3,1,2,2,14,1,3,3,1
2,7,4,69,0.8,1,1,1,1,1,215.49,1,3,1,3,1,3,3,3,1,3,1
2,7,4,70,0.4,2,1,2,2,1,212.99,1,19,3,3,2,2,6,3,3,3,3
2,7,4,71,0.2,1,2,1,1,1,192.42,1,6,1,1,1,1,19,3,3,2,2
2,7,4,72,0.2,3,1,2,2,1,208.1,1,9,1,1,3,3,11,1,1,1,1
2,7,4,73,1.8,2,3,2,2,1,256.36,1,3,3,3,2,2,16,3,1,1,3
2,7,4,74,0.8,1,2,1,1,1,231.72,1,16,1,3,1,3,4,1,3,2,2
2,7,4,75,0.4,3,2,2,2,1,207.12,1,14,1,3,3,1,8,1,1,2,2
2,7,4,76,0.2,3,2,2,2,1,270.25,1,7,1,3,3,1,17,3,3,2,2
2,7,4,77,1.8,1,3,1,1,1,191.83,1,7,1,1,1,1,4,3,1,1,3
2,7,4,78,0.8,3,2,2,2,1,254.84,1,2,3,3,1,1,7,1,1,2,2
2,7,5,1,0.2,1,2,1,1,1,203.78,1,6,1,3,1,3,8,3,3,2,2
2,7,5,2,0.8,1,1,1,2,0,196.26,1,6,3,1,3,1,6,3,1,3,1
2,7,5,3,0.2,1,3,1,1,1,236.17,1,16,3,1,3,1,9,1,1,3,3
2,7,5,4,1.8,3,2,2,2,1,182.56,1,6,1,3,3,1,13,1,3,2,2
2,7,5,5,1.8,2,3,2,2,1,199.97,1,8,1,3,2,2,1,3,3,1,1
2,7,5,6,0.2,3,3,2,2,1,262.81,1,3,3,3,1,1,9,3,3,1,1
2,7,5,7,0.8,1,2,1,1,1,189.91,1,4,3,3,3,3,2,3,3,2,2
2,7,5,8,0.8,1,2,1,1,1,168.09,1,4,3,3,3,3,7,3,1,2,2
2,7,5,9,1.8,3,3,2,2,1,239.13,1,13,1,3,3,1,4,3,3,1,1
2,7,5,10,0.8,3,1,2,2,1,229.57,1,16,3,1,1,3,11,1,1,1,1
2,7,5,11,0.8,1,3,1,1,1,231.06,1,4,3,1,3,1,6,1,3,3,1
2,7,5,12,1.8,2,3,2,2,1,192.54,1,2,3,1,2,2,4,1,3,3,1
2,7,5,13,1.8,3,2,2,2,1,199.64,1,8,1,3,3,1,5,3,3,2,2
2,7,5,14,0.2,2,3,2,2,1,266.44,1,17,3,1,2,2,17,3,3,1,1
2,7,5,15,0.1,2,2,2,2,1,339.86,0,19,3,3,2,2,16,3,3,2,2
2,7,5,16,0.4,3,1,2,2,1,286.2,1,6,1,1,3,3,3,1,3,1,3
2,7,5,17,0.05,1,1,1,1,1,340.14,0,17,1,3,1,3,1,3,3,3,3
2,7,5,18,0.8,1,2,1,1,1,264.86,1,10,1,3,1,3,7,3,1,2,2
2,7,5,19,0.2,2,1,2,2,1,326.84,0,6,3,3,2,2,17,3,1,3,1
2,7,5,20,0.1,1,3,1,1,1,283.86,1,10,3,1,3,1,3,3,3,1,1
2,7,5,21,0.05,3,2,2,2,1,380.99,0,2,1,3,3,1,9,1,3,2,2
2,7,5,22,0.1,1,3,1,1,1,260.32,1,8,1,3,1,3,6,1,1,3,3
2,7,5,23,0.05,3,2,2,2,1,242.22,1,17,3,3,1,1,1,3,3,2,2
2,7,5,24,1.8,1,1,1,1,1,192.93,1,10,3,3,3,3,1,1,1,1,1
2,7,5,25,0.4,1,3,1,1,1,222.52,1,13,1,1,1,1,4,3,3,1,1
2,7,5,26,0.8,3,3,2,2,1,223,1,3,3,3,1,1,19,3,1,1,3
2,7,5,27,0.05,1,3,1,1,1,319.18,0,10,3,3,3,3,15,3,3,1,1
2,7,5,28,1.8,3,1,2,2,1,133.63,1,8,1,1,3,3,19,1,3,1,3
2,7,5,29,0.05,1,2,1,1,1,282.5,1,2,3,3,3,3,10,3,1,2,2
2,7,5,30,0.05,1,1,1,1,1,275.48,1,13,3,1,3,1,4,3,3,3,3
2,7,5,31,0.2,2,3,2,2,1,251.08,1,2,3,3,2,2,20,1,1,3,3
2,7,5,32,0.1,3,2,2,2,1,294.72,1,14,1,3,3,1,5,3,3,2,2
2,7,5,33,0.2,2,3,2,2,1,251.8,1,13,3,3,2,2,15,1,3,3,1
2,7,5,34,1.8,3,1,2,2,1,207.4,1,15,1,1,3,3,4,3,3,3,3
2,7,5,35,0.4,1,1,1,1,1,240.03,1,19,3,3,3,3,5,3,1,3,1
2,7,5,36,0.1,3,1,2,2,1,428.13,0,12,1,1,3,3,15,1,1,1,1
2,7,5,37,1.8,3,1,2,2,1,264.22,1,20,3,1,1,3,3,1,1,1,1
2,7,5,38,0.05,3,2,2,2,1,325.69,0,15,3,3,1,1,11,1,1,2,2
2,7,5,39,1.8,1,3,1,1,1,223.41,1,7,1,1,1,1,13,1,1,3,3
2,7,5,40,1.8,1,1,1,1,1,270.95,1,5,3,1,3,1,14,3,1,3,1
2,7,5,41,0.4,3,3,2,2,1,238.36,1,4,3,3,1,1,6,1,1,3,3
2,7,5,42,0.2,2,1,2,2,1,279.35,1,1,3,3,2,2,8,3,1,3,1
2,7,5,43,0.05,1,2,1,1,1,262.51,1,19,1,3,1,3,5,1,1,2,2
2,7,5,44,0.1,1,3,1,1,1,265.73,1,1,1,1,1,1,9,3,3,1,1
2,7,5,45,0.4,1,3,1,1,1,260.27,1,17,1,3,1,3,14,3,1,1,3
2,7,5,46,0.1,1,3,1,1,1,306.69,0,1,3,3,3,3,16,1,1,3,3
2,7,5,47,0.1,1,1,1,1,1,229.39,1,3,3,1,3,1,12,1,3,1,3
2,7,5,48,0.8,1,2,NaN,NaN,NaN,NaN,NaN,9,1,3,1,3,13,3,1,2,2
2,7,5,49,0.05,1,1,1,1,1,302.9,0,11,3,1,3,1,8,3,1,3,1
2,7,5,50,1.8,1,2,1,1,1,228.85,1,20,3,3,3,3,18,3,3,2,2
2,7,5,51,0.4,3,1,2,2,1,221.24,1,15,1,3,3,1,5,3,1,3,1
2,7,5,52,0.1,1,2,1,1,1,280.28,1,8,3,1,3,1,19,1,1,2,2
2,7,5,53,0.4,1,1,1,1,1,4.2195,2,9,1,1,1,1,8,1,3,1,3
2,7,5,54,0.2,2,1,2,1,0,264.44,1,15,1,3,2,2,18,3,3,3,3
2,7,5,55,0.4,1,3,1,1,1,255.56,1,4,3,1,3,1,9,1,1,3,3
2,7,5,56,0.8,2,2,2,1,0,262.22,1,15,3,1,2,2,12,3,1,2,2
2,7,5,57,0.1,1,3,1,1,1,416.25,0,10,1,1,1,1,10,3,3,1,1
2,7,5,58,0.1,1,2,1,2,0,296.41,1,4,3,1,3,1,9,1,1,2,2
2,7,5,59,0.4,1,3,1,1,1,0.59104,2,19,3,1,3,1,6,3,3,1,1
2,7,5,60,0.05,3,2,2,1,0,289.42,1,10,1,1,3,3,4,1,1,2,2
2,7,5,61,1.8,2,3,2,1,0,179.31,1,10,1,1,2,2,20,3,1,1,3
2,7,5,62,0.2,3,1,2,2,1,44.481,2,5,1,3,3,1,6,3,3,3,3
2,7,5,63,0.4,1,3,1,1,1,224.29,1,11,1,3,1,3,14,3,1,1,3
2,7,5,64,0.8,2,1,2,2,1,248.91,1,12,3,1,2,2,1,1,1,1,1
2,7,5,65,0.4,2,1,2,1,0,223.07,1,14,3,3,2,2,15,3,1,3,1
2,7,5,66,0.4,1,3,1,1,1,262.64,1,19,3,1,3,1,4,3,3,1,1
2,7,5,67,0.8,1,1,1,1,1,246.81,1,2,1,1,1,1,2,1,1,1,1
2,7,5,68,0.4,3,2,2,2,1,196.89,1,5,3,1,1,3,3,3,3,2,2
2,7,5,69,0.05,1,3,1,1,1,293.26,1,15,1,1,1,1,10,1,1,3,3
2,7,5,70,0.8,1,2,1,1,1,244.57,1,3,3,1,3,1,2,1,1,2,2
2,7,5,71,0.2,1,1,1,1,1,211.97,1,16,1,1,1,1,10,1,1,1,1
2,7,5,72,0.8,1,2,1,1,1,258.88,1,19,1,3,1,3,11,1,3,2,2
2,7,5,73,0.2,1,3,1,1,1,236.26,1,17,3,1,3,1,3,3,3,1,1
2,7,5,74,0.1,1,1,1,1,1,285.14,1,19,3,3,3,3,1,3,3,3,3
2,7,5,75,0.05,2,1,2,1,0,316.89,0,2,1,3,2,2,14,1,1,1,1
2,7,5,76,0.1,1,2,1,2,0,296.58,1,17,1,3,1,3,14,1,1,2,2
2,7,5,77,0.05,1,2,1,1,1,318.08,0,1,3,1,3,1,20,3,3,2,2
2,7,5,78,0.2,1,3,1,1,1,260.2,1,16,3,1,3,1,20,3,1,1,3
2,7,6,1,1.8,1,1,1,1,1,210.08,1,13,3,1,3,1,18,3,1,3,1
2,7,6,2,0.1,3,3,2,1,0,321.9,0,7,1,1,3,3,15,3,1,1,3
2,7,6,3,0.2,2,1,2,2,1,272.34,1,14,3,3,2,2,4,3,1,3,1
2,7,6,4,1.8,1,2,1,1,1,212.1,1,8,3,1,3,1,8,3,3,2,2
2,7,6,5,0.4,1,3,1,1,1,245.42,1,19,1,3,1,3,18,1,1,3,3
2,7,6,6,0.05,2,1,2,1,0,290.01,1,2,1,1,2,2,15,1,3,1,3
2,7,6,7,0.05,2,3,2,2,1,334.89,0,9,1,3,2,2,7,1,1,3,3
2,7,6,8,1.8,3,2,2,2,1,193.3,1,7,3,1,1,3,18,3,3,2,2
2,7,6,9,0.05,3,1,2,2,1,248.31,1,19,1,1,3,3,17,1,3,1,3
2,7,6,10,0.2,3,3,2,2,1,242.4,1,8,3,1,1,3,20,1,3,3,1
2,7,6,11,1.8,3,1,2,2,1,196.37,1,13,3,1,1,3,5,3,3,3,3
2,7,6,12,0.8,1,3,1,1,1,226.24,1,1,3,1,3,1,10,3,3,1,1
2,7,6,13,0.1,1,2,1,1,1,246.19,1,11,1,1,1,1,2,3,1,2,2
2,7,6,14,0.1,3,3,2,2,1,338.43,0,12,3,3,1,1,14,3,3,1,1
2,7,6,15,1.8,3,2,2,2,1,180,1,3,1,3,3,1,16,1,3,2,2
2,7,6,16,0.4,1,2,1,1,1,241.94,1,19,1,1,1,1,13,3,1,2,2
2,7,6,17,0.05,3,1,2,2,1,292.17,1,2,1,3,3,1,17,1,1,1,1
2,7,6,18,0.8,1,2,1,1,1,241.02,1,4,1,3,1,3,17,1,3,2,2
2,7,6,19,0.05,1,1,1,1,1,261.94,1,18,3,3,3,3,14,3,1,3,1
2,7,6,20,0.8,3,1,2,2,1,214.64,1,8,1,3,3,1,5,1,3,1,3
2,7,6,21,1.8,2,1,2,1,0,376.77,0,18,1,1,2,2,11,3,3,3,3
2,7,6,22,0.8,1,3,1,1,1,163.49,1,12,3,3,3,3,18,3,1,1,3
2,7,6,23,1.8,1,2,1,1,1,216.24,1,12,3,3,3,3,2,3,3,2,2
2,7,6,24,0.2,3,3,2,2,1,273.42,1,2,3,3,1,1,4,3,3,1,1
2,7,6,25,0.2,3,3,2,2,1,252.34,1,15,1,3,3,1,2,1,3,3,1
2,7,6,26,1.8,2,3,2,2,1,212.73,1,9,1,1,2,2,18,3,3,1,1
2,7,6,27,0.05,2,1,2,2,1,335.88,0,17,3,3,2,2,5,3,3,3,3
2,7,6,28,0.4,1,2,1,1,1,230.2,1,13,3,1,3,1,8,3,1,2,2
2,7,6,29,1.8,1,2,1,1,1,198.85,1,8,3,3,3,3,3,3,3,2,2
2,7,6,30,0.8,1,3,1,1,1,227.06,1,12,1,3,1,3,4,3,1,1,3
2,7,6,31,0.2,2,3,2,2,1,294.74,1,4,3,1,2,2,3,3,3,1,1
2,7,6,32,0.8,2,1,2,2,1,232.22,1,4,1,1,2,2,4,1,1,1,1
2,7,6,33,0.4,2,3,2,1,0,211.4,1,1,1,1,2,2,15,3,3,1,1
2,7,6,34,0.1,2,2,2,2,1,269.93,1,5,1,1,2,2,9,3,3,2,2
2,7,6,35,0.1,3,1,2,2,1,287.08,1,6,1,3,3,1,13,3,1,3,1
2,7,6,36,0.2,1,1,1,1,1,233.21,1,12,3,3,3,3,10,3,3,3,3
2,7,6,37,1.8,1,3,1,1,1,244.11,1,20,1,3,1,3,4,1,1,3,3
2,7,6,38,0.05,2,1,2,2,1,306.03,0,16,1,1,2,2,4,1,3,1,3
2,7,6,39,0.1,1,1,1,1,1,285.35,1,10,1,1,1,1,17,3,1,3,1
2,7,6,40,0.05,1,2,1,1,1,309.58,0,7,3,1,3,1,7,3,1,2,2
2,7,6,41,0.2,2,3,2,2,1,230.84,1,7,1,1,2,2,14,3,1,1,3
2,7,6,42,0.1,3,1,2,2,1,273.43,1,18,1,1,3,3,3,3,3,3,3
2,7,6,43,0.05,1,3,1,1,1,254.69,1,16,1,1,1,1,7,1,3,3,1
2,7,6,44,0.1,3,1,2,2,1,271.94,1,12,1,3,3,1,13,1,3,1,3
2,7,6,45,0.2,3,1,2,2,1,262.76,1,7,1,3,3,1,12,3,1,3,1
2,7,6,46,0.8,2,3,2,2,1,217.29,1,16,1,1,2,2,5,1,1,3,3
2,7,6,47,0.05,1,3,1,1,1,257.4,1,7,1,1,1,1,5,3,3,1,1
2,7,6,48,0.8,2,3,2,2,1,172.85,1,10,1,3,2,2,7,3,1,1,3
2,7,6,49,0.2,2,1,2,1,0,241.23,1,6,3,3,2,2,17,1,1,1,1
2,7,6,50,0.4,3,3,2,2,1,252.34,1,15,3,1,1,3,4,3,3,1,1
2,7,6,51,0.4,2,2,2,2,1,258.2,1,20,1,3,2,2,5,1,1,2,2
2,7,6,52,0.8,2,1,2,1,0,249.68,1,12,3,3,2,2,14,3,1,3,1
2,7,6,53,0.05,1,3,1,1,1,315.9,0,20,3,3,3,3,1,3,3,1,1
2,7,6,54,0.8,3,1,2,2,1,208.05,1,14,1,3,3,1,18,1,1,1,1
2,7,6,55,0.05,1,3,1,1,1,336.3,0,7,3,1,3,1,13,1,3,3,1
2,7,6,56,0.1,3,2,2,2,1,312.01,0,5,1,3,3,1,5,1,3,2,2
2,7,6,57,0.8,3,1,2,2,1,204.76,1,3,3,3,1,1,1,1,1,1,1
2,7,6,58,0.2,1,3,1,1,1,218.15,1,8,3,1,3,1,4,3,1,1,3
2,7,6,59,0.05,3,3,2,2,1,348.9,0,11,3,3,1,1,15,1,1,3,3
2,7,6,60,0.4,1,2,1,1,1,228.49,1,17,1,1,1,1,3,3,1,2,2
2,7,6,61,0.4,3,2,2,2,1,247.7,1,17,1,3,3,1,10,3,1,2,2
2,7,6,62,0.1,3,3,2,2,1,271.79,1,11,3,3,1,1,9,3,3,1,1
2,7,6,63,0.4,1,1,1,1,1,250.04,1,2,1,3,1,3,7,1,1,1,1
2,7,6,64,0.2,1,2,1,1,1,209.44,1,11,3,1,3,1,12,1,1,2,2
2,7,6,65,0.4,3,1,2,2,1,216.84,1,13,1,1,3,3,5,3,3,3,3
2,7,6,66,0.8,2,3,2,1,0,297.41,1,11,3,1,2,2,15,3,1,1,3
2,7,6,67,0.1,2,3,2,1,0,279.27,1,13,1,1,2,2,17,3,1,1,3
2,7,6,68,0.4,1,1,1,1,1,190.69,1,17,3,1,3,1,14,3,3,3,3
2,7,6,69,1.8,3,1,2,2,1,191.38,1,9,3,3,1,1,11,1,3,1,3
2,7,6,70,0.4,1,1,1,1,1,214.27,1,4,1,3,1,3,16,3,3,3,3
2,7,6,71,0.8,3,2,2,2,1,203.64,1,13,1,1,3,3,4,3,3,2,2
2,7,6,72,1.8,3,2,2,2,1,232.85,1,11,3,1,1,3,12,3,1,2,2
2,7,6,73,0.2,2,3,2,2,1,261.35,1,19,1,1,2,2,9,1,1,3,3
2,7,6,74,0.2,2,2,2,2,1,300.76,0,6,3,3,2,2,16,3,1,2,2
2,7,6,75,1.8,3,1,2,2,1,251.12,1,13,1,1,3,3,7,1,3,1,3
2,7,6,76,0.1,2,1,2,2,1,209.65,1,3,3,3,2,2,10,3,3,3,3
2,7,6,77,0.4,1,1,1,1,1,233.15,1,20,3,3,3,3,5,3,1,3,1
2,7,6,78,0.1,2,3,2,1,0,300.93,0,20,1,3,2,2,18,3,1,1,3
2,7,7,1,0.1,1,3,1,1,1,245.86,1,9,3,3,3,3,8,3,3,1,1
2,7,7,2,0.2,1,1,1,1,1,116.92,1,15,3,1,3,1,11,1,1,1,1
2,7,7,3,0.8,1,1,1,1,1,195.12,1,18,1,3,1,3,2,1,3,1,3
2,7,7,4,0.8,1,1,1,1,1,208.33,1,9,3,1,3,1,8,3,1,3,1
2,7,7,5,0.2,1,1,1,1,1,142.48,1,6,1,3,1,3,8,1,3,1,3
2,7,7,6,0.1,3,1,2,2,1,309.84,0,4,3,3,1,1,17,3,3,3,3
2,7,7,7,0.2,1,2,1,1,1,188.85,1,11,3,3,3,3,7,3,3,2,2
2,7,7,8,0.8,3,1,2,2,1,198.42,1,18,3,3,1,1,3,1,1,1,1
2,7,7,9,0.05,2,2,2,2,1,339.21,0,7,3,3,2,2,1,3,1,2,2
2,7,7,10,0.1,3,2,2,2,1,301.71,0,9,1,1,3,3,12,3,1,2,2
2,7,7,11,0.05,3,1,2,2,1,324.51,0,19,1,3,3,1,2,1,1,1,1
2,7,7,12,1.8,2,1,2,2,1,182.1,1,15,1,3,2,2,6,3,3,3,3
2,7,7,13,1.8,2,1,2,2,1,182.61,1,19,1,1,2,2,2,1,1,1,1
2,7,7,14,0.8,3,3,2,2,1,225.52,1,12,3,1,1,3,18,1,1,3,3
2,7,7,15,0.05,3,2,2,2,1,336.18,0,13,1,1,3,3,18,3,1,2,2
2,7,7,16,0.4,1,1,1,2,0,326.41,0,19,3,3,3,3,2,3,1,3,1
2,7,7,17,0.4,1,1,1,1,1,210.37,1,3,3,1,3,1,1,3,1,3,1
2,7,7,18,0.4,2,1,2,1,0,241.89,1,15,3,3,2,2,13,1,1,1,1
2,7,7,19,0.4,3,2,2,2,1,196.36,1,16,3,1,1,3,17,3,3,2,2
2,7,7,20,1.8,1,3,NaN,NaN,NaN,NaN,NaN,16,1,1,1,1,19,1,1,3,3
2,7,7,21,0.8,2,2,2,2,1,240.93,1,8,1,3,2,2,17,3,3,2,2
2,7,7,22,0.1,1,3,1,1,1,260.99,1,11,1,1,1,1,20,1,3,3,1
2,7,7,23,0.4,2,1,2,2,1,260.73,1,20,1,3,2,2,1,3,1,3,1
2,7,7,24,0.1,1,2,1,1,1,253.74,1,17,1,3,1,3,13,3,1,2,2
2,7,7,25,1.8,3,1,2,2,1,211.45,1,17,3,1,1,3,14,3,3,3,3
2,7,7,26,0.2,2,1,2,2,1,310.91,0,7,3,3,2,2,14,3,1,3,1
2,7,7,27,0.05,1,1,1,1,1,275.22,1,14,1,1,1,1,12,3,1,3,1
2,7,7,28,0.05,3,1,2,2,1,251.63,1,19,1,1,3,3,7,1,3,1,3
2,7,7,29,0.4,1,2,1,1,1,257.86,1,12,3,1,3,1,9,1,1,2,2
2,7,7,30,0.1,1,1,1,1,1,221.42,1,7,1,1,1,1,15,3,1,3,1
2,7,7,31,0.8,2,1,NaN,NaN,NaN,NaN,NaN,16,3,3,2,2,13,3,3,3,3
2,7,7,32,0.8,3,1,2,2,1,267.24,1,15,1,3,3,1,15,3,1,3,1
2,7,7,33,0.05,1,2,1,1,1,293.3,1,15,1,3,1,3,9,1,1,2,2
2,7,7,34,0.2,3,1,2,2,1,262.14,1,2,3,3,1,1,4,1,1,1,1
2,7,7,35,0.4,3,1,2,2,1,255.07,1,14,1,3,3,1,20,1,1,1,1
2,7,7,36,0.4,2,3,2,2,1,244.95,1,19,3,1,2,2,15,3,1,1,3
2,7,7,37,0.2,1,1,1,1,1,251.36,1,16,1,3,1,3,8,1,3,1,3
2,7,7,38,0.8,1,3,1,2,0,216.75,1,19,1,1,1,1,7,3,3,1,1
2,7,7,39,0.8,3,2,2,2,1,208.64,1,11,1,1,3,3,13,1,1,2,2
2,7,7,40,1.8,1,3,1,1,1,201.77,1,18,3,3,3,3,3,3,3,1,1
2,7,7,41,0.05,3,2,2,2,1,319.17,0,17,3,1,1,3,13,3,1,2,2
2,7,7,42,0.8,2,2,2,1,0,220.18,1,15,3,3,2,2,11,3,3,2,2
2,7,7,43,0.1,3,3,2,2,1,311.51,0,14,3,3,1,1,8,3,3,1,1
2,7,7,44,0.8,1,2,1,1,1,227.96,1,9,3,1,3,1,10,3,3,2,2
2,7,7,45,0.8,1,2,1,1,1,221.18,1,6,1,1,1,1,4,1,3,2,2
2,7,7,46,1.8,3,2,2,2,1,208.48,1,11,1,3,3,1,4,3,1,2,2
2,7,7,47,0.2,1,3,1,1,1,211.22,1,15,3,3,3,3,19,3,1,1,3
2,7,7,48,0.2,2,2,2,2,1,200.13,1,8,3,3,2,2,9,1,3,2,2
2,7,7,49,0.4,1,2,1,1,1,218.13,1,2,3,3,3,3,12,3,1,2,2
2,7,7,50,1.8,1,3,NaN,NaN,NaN,NaN,NaN,1,3,1,3,1,15,3,1,1,3
2,7,7,51,0.05,3,1,2,2,1,275.67,1,2,1,1,3,3,15,3,1,3,1
2,7,7,52,0.05,1,1,1,1,1,326.97,0,10,1,1,1,1,13,3,1,3,1
2,7,7,53,1.8,1,3,1,1,1,238.83,1,3,1,1,1,1,19,1,1,3,3
2,7,7,54,0.4,2,2,2,1,0,227.61,1,1,1,3,2,2,14,3,3,2,2
2,7,7,55,0.1,1,2,1,1,1,261.5,1,10,3,1,3,1,4,1,1,2,2
2,7,7,56,0.2,1,2,1,1,1,267.82,1,11,3,3,3,3,11,1,3,2,2
2,7,7,57,0.2,1,2,1,1,1,212.62,1,7,3,3,3,3,3,1,1,2,2
2,7,7,58,1.8,3,3,2,2,1,230.35,1,7,1,3,3,1,1,3,3,1,1
2,7,7,59,0.05,1,3,1,1,1,310.5,0,18,3,1,3,1,14,3,3,1,1
2,7,7,60,0.1,3,3,2,2,1,255.03,1,19,1,3,3,1,2,3,3,1,1
2,7,7,61,1.8,1,1,1,1,1,294.39,1,11,1,1,1,1,19,3,3,3,3
2,7,7,62,0.05,1,2,1,1,1,279.63,1,20,3,3,3,3,3,1,3,2,2
2,7,7,63,0.2,1,1,1,1,1,270.05,1,14,1,1,1,1,5,3,3,3,3
2,7,7,64,0.2,1,1,1,1,1,219.35,1,15,1,3,1,3,13,1,3,1,3
2,7,7,65,0.1,1,2,1,1,1,264.9,1,6,3,3,3,3,18,3,1,2,2
2,7,7,66,0.8,3,1,2,2,1,223.55,1,1,1,3,3,1,2,3,3,3,3
2,7,7,67,0.1,1,1,1,1,1,258.32,1,9,1,3,1,3,1,3,1,3,1
2,7,7,68,1.8,3,3,2,2,1,226.46,1,10,3,3,1,1,6,3,3,1,1
2,7,7,69,1.8,1,2,1,1,1,202.73,1,11,3,1,3,1,3,1,3,2,2
2,7,7,70,0.1,1,2,1,1,1,188.15,1,1,1,3,1,3,7,3,3,2,2
2,7,7,71,0.05,1,2,1,1,1,271.15,1,17,1,3,1,3,19,1,1,2,2
2,7,7,72,1.8,3,2,NaN,NaN,NaN,NaN,NaN,12,1,1,3,3,13,3,3,2,2
2,7,7,73,0.4,1,3,1,1,1,251.02,1,14,3,3,3,3,9,1,3,3,1
2,7,7,74,0.4,3,2,2,2,1,266.26,1,8,1,1,3,3,6,3,3,2,2
2,7,7,75,0.2,2,1,2,1,0,313.55,0,10,1,1,2,2,16,3,3,3,3
2,7,7,76,0.1,2,3,2,1,0,301.76,0,8,3,1,2,2,17,1,1,3,3
2,7,7,77,0.4,2,1,2,1,0,211.98,1,12,1,1,2,2,3,3,1,3,1
2,7,7,78,0.05,2,2,2,1,0,323.59,0,4,1,1,2,2,15,3,1,2,2
2,7,8,1,0.05,1,2,1,1,1,275.27,1,8,3,3,3,3,13,1,1,2,2
2,7,8,2,0.4,1,3,1,2,0,267.53,1,2,1,1,1,1,8,1,3,3,1
2,7,8,3,1.8,1,1,1,1,1,204.58,1,8,1,3,1,3,12,1,3,1,3
2,7,8,4,0.4,3,3,2,2,1,203.39,1,15,3,1,1,3,20,1,1,3,3
2,7,8,5,0.1,3,1,2,2,1,295.56,1,16,3,3,1,1,7,1,1,1,1
2,7,8,6,1.8,2,1,2,1,0,202.19,1,13,3,1,2,2,15,3,3,3,3
2,7,8,7,0.1,1,3,1,1,1,264.54,1,19,3,1,3,1,8,1,3,3,1
2,7,8,8,0.8,1,3,1,1,1,195.7,1,10,3,3,3,3,13,3,3,1,1
2,7,8,9,0.05,1,2,1,1,1,280.24,1,16,1,3,1,3,4,3,1,2,2
2,7,8,10,0.2,1,3,1,1,1,259.26,1,9,3,1,3,1,20,3,3,1,1
2,7,8,11,0.05,1,3,1,1,1,269.07,1,14,1,1,1,1,7,1,1,3,3
2,7,8,12,0.05,1,2,1,1,1,293.21,1,4,3,3,3,3,4,1,1,2,2
2,7,8,13,0.8,1,1,1,1,1,236.4,1,5,1,1,1,1,13,1,3,1,3
2,7,8,14,0.05,1,1,1,1,1,294.19,1,19,1,3,1,3,4,3,3,3,3
2,7,8,15,0.1,3,3,2,2,1,263.78,1,13,1,1,3,3,15,3,1,1,3
2,7,8,16,0.4,3,2,2,2,1,214.46,1,16,3,3,1,1,18,3,3,2,2
2,7,8,17,0.8,1,3,1,1,1,211.67,1,3,3,3,3,3,20,3,1,1,3
2,7,8,18,0.2,2,3,2,2,1,300.35,0,11,1,3,2,2,1,3,1,1,3
2,7,8,19,0.4,3,2,2,2,1,241.09,1,14,1,3,3,1,5,3,1,2,2
2,7,8,20,0.2,2,2,2,2,1,282.1,1,14,1,1,2,2,10,1,1,2,2
2,7,8,21,0.05,3,3,2,2,1,322.22,0,4,1,1,3,3,14,3,1,1,3
2,7,8,22,0.8,1,1,1,1,1,170.46,1,8,1,1,1,1,3,3,3,3,3
2,7,8,23,0.05,1,1,1,1,1,257.08,1,6,1,3,1,3,2,1,1,1,1
2,7,8,24,0.8,1,3,1,1,1,216.1,1,19,3,3,3,3,4,3,3,1,1
2,7,8,25,0.4,1,3,1,1,1,235.23,1,13,3,3,3,3,9,1,1,3,3
2,7,8,26,1.8,3,2,2,2,1,193.52,1,6,1,3,3,1,2,1,1,2,2
2,7,8,27,1.8,1,2,1,1,1,189.36,1,14,3,1,3,1,2,3,1,2,2
2,7,8,28,1.8,1,1,1,1,1,197.2,1,10,1,3,1,3,1,1,3,1,3
2,7,8,29,0.1,1,3,1,1,1,214.78,1,9,1,1,1,1,6,1,3,3,1
2,7,8,30,0.4,2,1,2,2,1,257.02,1,11,1,3,2,2,18,1,3,1,3
2,7,8,31,0.4,1,1,1,1,1,255.29,1,17,3,3,3,3,18,1,3,1,3
2,7,8,32,0.05,1,2,1,2,0,303.95,0,19,1,1,1,1,4,3,1,2,2
2,7,8,33,0.8,3,1,2,2,1,209.27,1,10,1,3,3,1,13,3,1,3,1
2,7,8,34,0.05,2,2,2,2,1,352.04,0,7,3,1,2,2,14,1,1,2,2
2,7,8,35,0.4,3,3,2,2,1,221.98,1,13,1,1,3,3,15,1,1,3,3
2,7,8,36,0.2,3,3,2,2,1,275.99,1,9,1,3,3,1,12,3,3,1,1
2,7,8,37,0.1,3,3,2,2,1,261.01,1,14,3,1,1,3,8,3,3,1,1
2,7,8,38,0.8,1,1,1,1,1,227.2,1,11,3,3,3,3,8,1,3,1,3
2,7,8,39,0.05,3,3,2,2,1,287.45,1,19,3,3,1,1,7,3,1,1,3
2,7,8,40,0.4,2,2,2,1,0,290.52,1,19,3,3,2,2,15,3,1,2,2
2,7,8,41,1.8,3,2,2,1,0,211.81,1,12,1,1,3,3,11,1,1,2,2
2,7,8,42,0.2,1,1,1,1,1,184.84,1,19,1,3,1,3,15,1,3,1,3
2,7,8,43,0.4,1,3,1,1,1,211.15,1,8,3,3,3,3,20,3,3,1,1
2,7,8,44,1.8,1,3,NaN,NaN,NaN,NaN,NaN,5,1,1,1,1,17,1,3,3,1
2,7,8,45,0.2,1,3,1,1,1,261.46,1,17,3,3,3,3,18,3,3,1,1
2,7,8,46,0.4,1,3,1,1,1,255.72,1,20,3,3,3,3,20,3,1,1,3
2,7,8,47,0.8,1,1,1,1,1,247.81,1,9,3,1,3,1,2,1,3,1,3
2,7,8,48,0.4,2,3,2,2,1,273.42,1,10,3,3,2,2,15,3,1,1,3
2,7,8,49,0.2,3,1,2,2,1,251.12,1,16,1,3,3,1,4,1,1,1,1
2,7,8,50,1.8,1,1,1,1,1,220.02,1,13,1,1,1,1,6,3,3,3,3
2,7,8,51,0.2,1,3,1,1,1,292.29,1,11,1,3,1,3,17,1,1,3,3
2,7,8,52,0.2,1,2,1,1,1,247.28,1,3,1,3,1,3,18,3,1,2,2
2,7,8,53,0.2,2,1,2,2,1,247.65,1,13,1,3,2,2,8,3,1,3,1
2,7,8,54,0.1,1,1,1,1,1,254.68,1,10,3,3,3,3,3,1,1,1,1
2,7,8,55,1.8,1,3,1,1,1,181.23,1,12,1,3,1,3,14,3,3,1,1
2,7,8,56,0.2,3,1,2,2,1,269.13,1,17,1,1,3,3,14,1,3,1,3
2,7,8,57,0.05,1,3,1,1,1,349.67,0,5,1,1,1,1,19,3,3,1,1
2,7,8,58,0.8,1,2,1,1,1,253.13,1,12,3,1,3,1,10,1,3,2,2
2,7,8,59,0.8,1,1,1,1,1,190.62,1,5,1,1,1,1,10,1,1,1,1
2,7,8,60,0.1,1,1,1,1,1,288.03,1,2,1,3,1,3,1,1,1,1,1
2,7,8,61,0.1,3,2,2,2,1,261.8,1,1,1,1,3,3,7,1,3,2,2
2,7,8,62,1.8,3,1,2,1,0,234.4,1,17,1,1,3,3,11,1,3,1,3
2,7,8,63,0.2,1,2,1,1,1,242.14,1,8,1,3,1,3,16,3,1,2,2
2,7,8,64,0.05,2,3,2,1,0,261.67,1,18,1,1,2,2,14,3,3,1,1
2,7,8,65,0.8,3,1,2,2,1,195.33,1,5,1,1,3,3,11,3,3,3,3
2,7,8,66,0.1,2,2,2,1,0,278.56,1,18,3,1,2,2,13,3,1,2,2
2,7,8,67,0.4,2,1,2,1,0,266.88,1,1,1,1,2,2,4,3,3,3,3
2,7,8,68,1.8,3,3,2,2,1,254.4,1,7,1,1,3,3,19,1,3,3,1
2,7,8,69,0.8,1,3,1,1,1,207.49,1,17,3,3,3,3,3,1,3,3,1
2,7,8,70,0.05,1,3,1,1,1,299.62,1,20,1,3,1,3,11,1,3,3,1
2,7,8,71,0.2,3,1,2,2,1,295.18,1,10,1,3,3,1,19,3,3,3,3
2,7,8,72,0.8,3,3,2,2,1,215.61,1,20,3,3,1,1,4,3,3,1,1
2,7,8,73,0.1,2,2,2,2,1,347.27,0,20,1,1,2,2,2,1,1,2,2
2,7,8,74,1.8,2,1,2,2,1,184.21,1,4,1,1,2,2,14,1,3,1,3
2,7,8,75,0.1,1,1,1,1,1,254.84,1,6,3,1,3,1,2,1,3,1,3
2,7,8,76,1.8,2,1,2,2,1,216.23,1,6,3,3,2,2,13,1,1,1,1
2,7,8,77,0.1,3,2,2,2,1,943.8,0,7,1,1,3,3,4,1,1,2,2
2,7,8,78,0.1,2,3,2,2,1,257.25,1,5,1,3,2,2,17,1,1,3,3
2,7,9,1,0.8,1,2,1,1,1,222.66,1,5,3,3,3,3,9,3,3,2,2
2,7,9,2,0.1,1,2,1,1,1,199.95,1,8,1,3,1,3,16,1,3,2,2
2,7,9,3,0.2,3,2,2,2,1,244.62,1,1,1,3,3,1,2,1,1,2,2
2,7,9,4,1.8,2,2,2,1,0,188.12,1,8,1,1,2,2,20,3,1,2,2
2,7,9,5,0.8,1,2,1,1,1,210.61,1,20,1,3,1,3,12,1,1,2,2
2,7,9,6,0.05,3,2,2,2,1,269,1,6,1,1,3,3,11,1,1,2,2
2,7,9,7,0.8,3,2,NaN,NaN,NaN,NaN,NaN,3,3,3,1,1,14,1,3,2,2
2,7,9,8,0.4,1,3,1,1,1,218.64,1,5,3,3,3,3,7,1,1,3,3
2,7,9,9,0.8,1,1,1,1,1,206.88,1,13,3,1,3,1,12,1,3,1,3
2,7,9,10,0.8,2,2,2,2,1,265.5,1,9,3,3,2,2,7,3,3,2,2
2,7,9,11,0.2,1,3,1,1,1,278.72,1,7,1,1,1,1,20,3,3,1,1
2,7,9,12,0.1,1,1,1,1,1,270.55,1,1,3,1,3,1,5,1,3,1,3
2,7,9,13,0.4,1,3,1,1,1,222.39,1,15,1,3,1,3,3,3,1,1,3
2,7,9,14,0.2,1,3,1,1,1,246.74,1,7,3,1,3,1,15,1,3,3,1
2,7,9,15,0.8,3,2,2,2,1,219.32,1,12,1,3,3,1,13,3,3,2,2
2,7,9,16,0.05,3,1,2,2,1,353.49,0,2,3,3,1,1,20,3,1,3,1
2,7,9,17,0.2,2,3,2,1,0,292.25,1,18,3,1,2,2,20,3,1,1,3
2,7,9,18,1.8,1,2,1,1,1,186.14,1,16,1,3,1,3,16,1,3,2,2
2,7,9,19,0.05,1,1,1,1,1,260.34,1,14,1,3,1,3,6,1,3,1,3
2,7,9,20,0.4,3,3,2,2,1,246.52,1,19,1,1,3,3,5,1,1,3,3
2,7,9,21,0.2,1,3,1,1,1,213.02,1,9,3,3,3,3,12,1,3,3,1
2,7,9,22,1.8,1,3,1,1,1,192.97,1,18,1,1,1,1,19,3,3,1,1
2,7,9,23,0.05,3,3,2,2,1,206.51,1,5,1,1,3,3,15,3,3,1,1
2,7,9,24,0.05,2,3,2,2,1,309.85,0,14,3,1,2,2,1,3,3,1,1
2,7,9,25,0.05,2,1,2,1,0,298.01,1,10,3,1,2,2,14,1,3,1,3
2,7,9,26,0.05,3,3,2,2,1,284.37,1,3,3,3,1,1,1,3,1,1,3
2,7,9,27,0.05,2,2,2,1,0,342.72,0,17,1,1,2,2,16,3,1,2,2
2,7,9,28,1.8,1,2,1,1,1,180.99,1,10,1,1,1,1,5,1,3,2,2
2,7,9,29,0.4,3,3,2,2,1,263.17,1,13,1,3,3,1,1,3,1,1,3
2,7,9,30,0.4,1,1,1,1,1,202.31,1,18,1,3,1,3,19,1,1,1,1
2,7,9,31,0.1,1,3,1,1,1,270.59,1,4,1,3,1,3,11,3,3,1,1
2,7,9,32,0.4,3,2,2,2,1,505.38,0,15,1,1,3,3,4,3,3,2,2
2,7,9,33,0.2,3,3,2,2,1,239.23,1,5,1,3,3,1,18,3,3,1,1
2,7,9,34,0.8,3,3,2,2,1,250.71,1,8,3,3,1,1,6,3,3,1,1
2,7,9,35,0.4,1,1,1,1,1,208.05,1,4,3,3,3,3,9,3,1,3,1
2,7,9,36,0.05,3,1,2,1,0,306.03,0,3,1,3,3,1,3,1,1,1,1
2,7,9,37,0.8,1,1,1,1,1,189.55,1,18,3,3,3,3,2,3,3,3,3
2,7,9,38,0.4,3,3,2,2,1,185.84,1,16,1,1,3,3,10,3,1,1,3
2,7,9,39,1.8,3,2,2,2,1,211.72,1,2,1,3,3,1,12,1,1,2,2
2,7,9,40,1.8,1,3,1,1,1,208.87,1,1,1,1,1,1,12,3,3,1,1
2,7,9,41,0.2,2,3,2,2,1,287.54,1,9,3,3,2,2,8,1,3,3,1
2,7,9,42,0.1,1,3,1,1,1,313.88,0,17,3,3,3,3,2,1,1,3,3
2,7,9,43,1.8,1,3,1,1,1,209.63,1,14,3,1,3,1,18,3,1,1,3
2,7,9,44,0.8,1,2,1,1,1,186.48,1,10,3,3,3,3,6,3,1,2,2
2,7,9,45,0.2,3,2,2,2,1,703.44,0,6,1,3,3,1,19,3,3,2,2
2,7,9,46,0.4,1,3,1,1,1,167.01,1,6,3,3,3,3,2,3,3,1,1
2,7,9,47,0.8,1,1,1,1,1,223.28,1,4,1,3,1,3,3,3,3,3,3
2,7,9,48,0.05,3,2,2,1,0,383.96,0,18,3,1,1,3,9,3,3,2,2
2,7,9,49,0.2,1,3,1,1,1,243.12,1,1,3,3,3,3,15,1,3,3,1
2,7,9,50,0.05,1,3,1,1,1,284.52,1,17,1,1,1,1,2,3,1,1,3
2,7,9,51,0.05,2,3,2,2,1,353.23,0,16,1,1,2,2,8,1,1,3,3
2,7,9,52,0.1,3,3,2,2,1,283.42,1,2,1,1,3,3,19,1,1,3,3
2,7,9,53,0.1,1,3,1,2,0,317.28,0,4,3,3,3,3,20,1,3,3,1
2,7,9,54,0.1,1,3,1,1,1,258.95,1,13,1,1,1,1,17,1,3,3,1
2,7,9,55,1.8,1,1,1,1,1,194.06,1,19,1,3,1,3,6,1,3,1,3
2,7,9,56,1.8,1,3,1,1,1,193.92,1,17,1,1,1,1,12,3,1,1,3
2,7,9,57,0.8,1,3,NaN,NaN,NaN,NaN,NaN,5,3,3,3,3,1,3,3,1,1
2,7,9,58,0.4,1,1,1,1,1,187.65,1,20,1,3,1,3,4,1,3,1,3
2,7,9,59,0.4,1,1,1,1,1,217.58,1,11,3,3,3,3,6,1,1,1,1
2,7,9,60,0.2,2,3,2,2,1,266.07,1,20,3,3,2,2,14,3,3,1,1
2,7,9,61,1.8,1,3,1,1,1,196.33,1,4,3,1,3,1,15,1,1,3,3
2,7,9,62,1.8,1,1,1,1,1,199.19,1,1,3,3,3,3,4,1,1,1,1
2,7,9,63,0.8,2,1,2,2,1,182.57,1,6,3,1,2,2,18,1,3,1,3
2,7,9,64,0.2,3,3,2,2,1,199.46,1,9,3,1,1,3,12,1,1,3,3
2,7,9,65,0.2,1,2,1,1,1,183.95,1,20,3,3,3,3,3,3,1,2,2
2,7,9,66,0.4,2,2,2,1,0,239.65,1,1,3,3,2,2,9,1,3,2,2
2,7,9,67,0.1,1,3,1,1,1,240.44,1,3,3,1,3,1,16,3,3,1,1
2,7,9,68,1.8,1,1,1,2,0,240.43,1,17,1,3,1,3,9,3,1,3,1
2,7,9,69,0.1,3,3,2,2,1,350.63,0,7,1,1,3,3,6,3,3,1,1
2,7,9,70,0.8,3,3,2,2,1,215.86,1,15,1,3,3,1,5,1,3,3,1
2,7,9,71,0.4,2,3,2,2,1,251.12,1,20,1,1,2,2,7,3,3,1,1
2,7,9,72,0.1,1,3,1,1,1,223.55,1,17,3,1,3,1,17,1,1,3,3
2,7,9,73,0.1,1,2,1,1,1,251.51,1,6,3,3,3,3,7,1,1,2,2
2,7,9,74,0.1,1,3,1,1,1,212.23,1,9,3,1,3,1,3,1,3,3,1
2,7,9,75,0.2,2,1,2,2,1,895.91,0,10,3,3,2,2,16,1,1,1,1
2,7,9,76,0.1,1,3,1,1,1,240.93,1,10,1,1,1,1,5,3,3,1,1
2,7,9,77,0.05,1,1,1,1,1,244.41,1,6,1,1,1,1,15,3,3,3,3
2,7,9,78,1.8,1,3,1,1,1,195.32,1,11,3,3,3,3,12,1,3,3,1
2,7,10,1,0.4,1,1,1,1,1,215.86,1,11,3,1,3,1,10,1,3,1,3
2,7,10,2,0.2,1,1,1,1,1,239.29,1,9,3,3,3,3,12,3,1,3,1
2,7,10,3,0.05,3,1,2,2,1,277.3,1,8,3,3,1,1,10,3,1,3,1
2,7,10,4,0.4,1,2,NaN,NaN,NaN,NaN,NaN,5,3,3,3,3,14,1,3,2,2
2,7,10,5,0.2,1,2,1,1,1,255.79,1,7,1,3,1,3,20,1,3,2,2
2,7,10,6,0.8,2,3,2,2,1,193.24,1,8,1,1,2,2,20,3,3,1,1
2,7,10,7,0.05,1,3,1,1,1,265.47,1,13,1,3,1,3,11,3,3,1,1
2,7,10,8,0.05,3,3,2,2,1,260.14,1,7,3,1,1,3,18,3,3,1,1
2,7,10,9,0.2,3,3,2,2,1,178.54,1,11,3,3,1,1,13,3,3,1,1
2,7,10,10,0.4,2,1,2,1,0,11.954,2,1,1,1,2,2,18,3,1,3,1
2,7,10,11,0.05,2,1,2,2,1,323.37,0,7,1,3,2,2,16,3,3,3,3
2,7,10,12,0.4,1,3,1,1,1,205.62,1,16,3,1,3,1,5,1,1,3,3
2,7,10,13,0.2,2,2,2,1,0,286.14,1,15,1,1,2,2,11,1,3,2,2
2,7,10,14,0.2,3,2,2,2,1,255.56,1,12,1,3,3,1,7,1,1,2,2
2,7,10,15,0.2,1,2,1,1,1,292.85,1,14,1,1,1,1,20,3,3,2,2
2,7,10,16,0.1,1,1,1,1,1,175.15,1,7,3,1,3,1,16,3,1,3,1
2,7,10,17,0.2,1,2,1,2,0,268.84,1,14,3,1,3,1,17,3,3,2,2
2,7,10,18,0.1,2,2,2,2,1,836.17,0,14,3,3,2,2,12,1,3,2,2
2,7,10,19,0.05,1,1,1,1,1,255.29,1,19,1,1,1,1,8,3,1,3,1
2,7,10,20,0.05,3,3,2,2,1,294.83,1,10,1,1,3,3,2,1,3,3,1
2,7,10,21,1.8,3,3,NaN,NaN,NaN,NaN,NaN,7,1,3,3,1,4,3,1,1,3
2,7,10,22,1.8,2,3,2,2,1,207.42,1,4,1,3,2,2,3,1,3,3,1
2,7,10,23,0.05,1,1,1,1,1,281.36,1,18,3,1,3,1,19,1,1,1,1
2,7,10,24,0.05,1,3,1,1,1,363.1,0,13,1,3,1,3,7,1,3,3,1
2,7,10,25,0.1,3,2,2,2,1,252.28,1,7,1,1,3,3,12,1,1,2,2
2,7,10,26,0.1,2,3,2,1,0,205.92,1,4,1,1,2,2,5,1,3,3,1
2,7,10,27,0.8,1,3,1,2,0,278.73,1,6,3,3,3,3,16,1,1,3,3
2,7,10,28,0.1,1,2,1,1,1,235.81,1,13,3,3,3,3,1,1,3,2,2
2,7,10,29,0.8,1,1,1,2,0,234.41,1,10,3,3,3,3,3,3,1,3,1
2,7,10,30,1.8,1,2,1,1,1,206.83,1,10,1,3,1,3,14,3,1,2,2
2,7,10,31,0.8,1,2,1,1,1,242.28,1,15,3,3,3,3,1,3,1,2,2
2,7,10,32,0.8,1,2,1,2,0,244.06,1,10,1,1,1,1,17,1,1,2,2
2,7,10,33,0.1,3,3,2,2,1,276.01,1,8,1,3,3,1,6,3,1,1,3
2,7,10,34,0.05,3,3,2,2,1,284.33,1,17,3,3,1,1,19,1,1,3,3
2,7,10,35,1.8,1,1,1,1,1,243.36,1,18,1,1,1,1,7,3,1,3,1
2,7,10,36,1.8,1,1,1,1,1,227.11,1,9,1,3,1,3,16,1,1,1,1
2,7,10,37,0.2,2,1,2,2,1,257.32,1,8,3,3,2,2,16,3,3,3,3
2,7,10,38,0.4,3,3,2,2,1,231,1,19,1,3,3,1,15,1,3,3,1
2,7,10,39,0.4,2,3,2,2,1,242.03,1,6,1,3,2,2,15,3,3,1,1
2,7,10,40,0.8,3,1,2,2,1,242.52,1,20,3,3,1,1,8,3,3,3,3
2,7,10,41,0.8,1,2,1,1,1,205.75,1,12,3,3,3,3,2,3,1,2,2
2,7,10,42,1.8,1,1,1,1,1,219.47,1,12,1,1,1,1,16,3,3,3,3
2,7,10,43,0.2,2,1,2,1,0,245.66,1,20,1,3,2,2,11,3,3,3,3
2,7,10,44,1.8,3,3,2,2,1,218.1,1,17,3,3,1,1,10,3,1,1,3
2,7,10,45,1.8,1,3,1,1,1,215.92,1,17,1,3,1,3,10,3,3,1,1
2,7,10,46,0.4,1,2,1,1,1,326.81,0,8,1,1,1,1,11,1,1,2,2
2,7,10,47,1.8,1,3,1,1,1,200.86,1,2,1,3,1,3,5,3,3,1,1
2,7,10,48,0.2,3,1,2,2,1,142.46,1,15,1,3,3,1,6,1,1,1,1
2,7,10,49,0.8,2,2,2,1,0,218.68,1,13,1,1,2,2,9,3,3,2,2
2,7,10,50,0.1,1,3,1,1,1,218.8,1,1,3,1,3,1,18,1,3,3,1
2,7,10,51,0.05,1,2,1,1,1,276.88,1,9,3,1,3,1,14,3,3,2,2
2,7,10,52,0.1,1,3,1,1,1,256.12,1,3,1,3,1,3,8,3,3,1,1
2,7,10,53,0.4,2,2,2,1,0,18.249,2,3,1,1,2,2,7,3,3,2,2
2,7,10,54,0.8,1,2,1,1,1,206.07,1,6,1,1,1,1,1,3,3,2,2
2,7,10,55,0.4,1,1,1,1,1,263.07,1,8,1,3,1,3,19,1,3,1,3
2,7,10,56,0.1,2,2,2,1,0,328.5,0,19,1,3,2,2,19,1,3,2,2
2,7,10,57,0.1,2,1,2,1,0,269.46,1,10,1,1,2,2,14,3,3,3,3
2,7,10,58,0.4,1,3,1,1,1,227.08,1,17,1,3,1,3,7,1,3,3,1
2,7,10,59,0.05,1,2,1,1,1,286.88,1,4,1,1,1,1,3,3,3,2,2
2,7,10,60,0.1,1,1,1,1,1,219.47,1,3,1,3,1,3,9,1,1,1,1
2,7,10,61,1.8,3,1,2,1,0,231.8,1,12,3,3,1,1,16,1,1,1,1
2,7,10,62,0.2,2,3,2,2,1,235.63,1,14,3,1,2,2,10,1,1,3,3
2,7,10,63,0.05,3,2,2,2,1,297.47,1,6,3,3,1,1,10,3,1,2,2
2,7,10,64,1.8,2,1,2,1,0,183.57,1,20,1,3,2,2,2,3,3,3,3
2,7,10,65,1.8,1,1,1,1,1,210.76,1,17,1,3,1,3,11,3,1,3,1
2,7,10,66,0.1,3,2,2,2,1,272.82,1,3,1,1,3,3,8,1,1,2,2
2,7,10,67,0.4,1,2,1,1,1,237.24,1,17,3,3,3,3,7,3,1,2,2
2,7,10,68,0.4,1,3,1,1,1,286.38,1,13,3,1,3,1,19,3,1,1,3
2,7,10,69,1.8,3,3,NaN,NaN,NaN,NaN,NaN,8,3,1,1,3,14,1,1,3,3
2,7,10,70,0.8,3,1,2,2,1,282.67,1,4,1,3,3,1,8,1,1,1,1
2,7,10,71,0.05,3,2,2,2,1,1510.1,0,18,1,1,3,3,7,1,3,2,2
2,7,10,72,0.2,2,2,2,2,1,243.05,1,7,1,3,2,2,14,3,1,2,2
2,7,10,73,0.1,1,3,1,1,1,247.2,1,1,3,3,3,3,3,3,1,1,3
2,7,10,74,0.8,1,2,1,1,1,235.86,1,15,3,1,3,1,7,1,1,2,2
2,7,10,75,0.2,1,3,1,1,1,244.3,1,2,1,3,1,3,2,3,3,1,1
2,7,10,76,0.8,1,1,1,2,0,245.49,1,11,3,1,3,1,9,3,3,3,3
2,7,10,77,0.4,2,2,2,1,0,345.53,0,8,1,1,2,2,15,3,3,2,2
2,7,10,78,0.8,1,3,1,1,1,204.7,1,16,3,1,3,1,6,1,3,3,1
