2,14,1,1,0.4,2,3,NaN,NaN,NaN,NaN,NaN,3,3,3,2,2,7,3,3,1,1
2,14,1,2,0.1,3,1,2,1,0,255.46,1,12,1,1,3,3,16,3,1,3,1
2,14,1,3,0.05,2,3,2,1,0,277.52,1,12,3,3,2,2,2,3,3,1,1
2,14,1,4,0.1,3,2,2,2,1,218.69,1,14,1,1,3,3,9,1,1,2,2
2,14,1,5,0.05,1,3,1,1,1,247.52,1,7,1,3,1,3,3,3,3,1,1
2,14,1,6,0.2,1,1,1,1,1,137.42,1,14,1,1,1,1,6,1,1,1,1
2,14,1,7,0.1,2,2,2,2,1,227.99,1,7,3,3,2,2,13,3,3,2,2
2,14,1,8,0.1,1,3,1,1,1,223.72,1,1,3,3,3,3,8,3,1,1,3
2,14,1,9,0.8,2,3,2,2,1,213.81,1,2,1,1,2,2,10,3,3,1,1
2,14,1,10,0.4,1,2,1,1,1,209.56,1,12,3,3,3,3,8,3,3,2,2
2,14,1,11,1.8,1,2,1,1,1,207.79,1,12,3,1,3,1,9,1,3,2,2
2,14,1,12,0.05,2,1,2,2,1,257.99,1,16,3,1,2,2,17,3,1,3,1
2,14,1,13,0.2,1,3,1,1,1,218.8,1,16,1,1,1,1,20,1,3,3,1
2,14,1,14,0.05,1,1,1,1,1,283.31,1,4,1,3,1,3,12,3,3,3,3
2,14,1,15,0.4,1,1,1,1,1,223.14,1,12,3,3,3,3,8,3,1,3,1
2,14,1,16,0.2,1,1,1,1,1,309.14,0,17,3,3,3,3,15,1,1,1,1
2,14,1,17,0.4,3,2,2,2,1,214.6,1,1,3,3,1,1,10,1,3,2,2
2,14,1,18,0.2,2,1,2,2,1,241.25,1,7,3,1,2,2,5,3,3,3,3
2,14,1,19,0.05,1,3,1,1,1,288.24,1,13,3,3,3,3,8,3,1,1,3
2,14,1,20,1.8,2,3,2,2,1,203.77,1,8,3,1,2,2,10,3,1,1,3
2,14,1,21,0.1,2,2,2,1,0,250.01,1,12,1,3,2,2,7,3,1,2,2
2,14,1,22,0.8,3,2,2,2,1,191.28,1,10,3,1,1,3,1,1,1,2,2
2,14,1,23,0.4,1,3,1,1,1,218.49,1,5,3,1,3,1,5,1,1,3,3
2,14,1,24,0.8,2,3,2,1,0,239.05,1,5,1,1,2,2,2,3,1,1,3
2,14,1,25,0.05,2,3,2,2,1,271.87,1,15,1,1,2,2,9,1,1,3,3
2,14,1,26,0.2,2,3,2,1,0,262.02,1,4,1,3,2,2,1,1,3,3,1
2,14,1,27,0.1,1,2,1,1,1,240.91,1,2,3,1,3,1,18,1,3,2,2
2,14,1,28,0.2,1,3,1,2,0,310.76,0,10,3,3,3,3,13,1,1,3,3
2,14,1,29,0.8,3,2,2,2,1,217.96,1,16,1,3,3,1,13,1,1,2,2
2,14,1,30,0.4,1,3,1,1,1,219.39,1,19,1,1,1,1,10,3,1,1,3
2,14,1,31,0.05,3,3,2,2,1,251.16,1,10,3,3,1,1,10,3,1,1,3
2,14,1,32,0.8,1,2,1,1,1,202.28,1,2,1,1,1,1,6,3,1,2,2
2,14,1,33,0.05,1,3,1,2,0,283.22,1,9,3,3,3,3,3,3,1,1,3
2,14,1,34,0.1,3,2,2,2,1,287.77,1,5,3,3,1,1,17,3,1,2,2
2,14,1,35,0.8,1,2,1,1,1,243.3,1,14,3,1,3,1,4,1,1,2,2
2,14,1,36,1.8,1,3,1,1,1,194.62,1,15,1,3,1,3,20,3,1,1,3
2,14,1,37,0.05,2,3,2,2,1,334.7,0,9,1,3,2,2,4,3,3,1,1
2,14,1,38,0.2,3,2,2,2,1,221.64,1,20,1,1,3,3,1,3,3,2,2
2,14,1,39,0.4,2,2,2,2,1,262.76,1,8,3,1,2,2,4,1,1,2,2
2,14,1,40,0.4,1,3,1,1,1,183.83,1,13,3,1,3,1,17,1,1,3,3
2,14,1,41,0.8,3,2,2,2,1,192.07,1,13,1,1,3,3,13,3,1,2,2
2,14,1,42,0.05,1,1,1,1,1,275.24,1,3,1,3,1,3,11,1,1,1,1
2,14,1,43,0.2,3,3,2,2,1,206.15,1,15,1,3,3,1,15,3,3,1,1
2,14,1,44,0.2,3,1,2,2,1,268.39,1,1,3,1,1,3,18,3,1,3,1
2,14,1,45,0.05,1,2,1,1,1,256.46,1,19,3,3,3,3,11,3,1,2,2
2,14,1,46,0.05,3,1,2,2,1,280.22,1,7,1,3,3,1,4,3,3,3,3
2,14,1,47,0.1,1,3,1,1,1,275.03,1,19,3,3,3,3,1,3,3,1,1
2,14,1,48,0.1,2,1,2,1,0,290.34,1,20,3,1,2,2,6,3,3,3,3
2,14,1,49,1.8,1,3,1,1,1,205.65,1,5,1,3,1,3,5,3,3,1,1
2,14,1,50,0.1,2,2,2,1,0,214.75,1,17,3,3,2,2,8,3,1,2,2
2,14,1,51,0.8,1,1,1,1,1,225.71,1,4,3,3,3,3,14,3,1,3,1
2,14,1,52,1.8,1,2,1,1,1,193.76,1,16,1,1,1,1,4,3,1,2,2
2,14,1,53,0.2,1,2,1,1,1,247.82,1,6,3,1,3,1,12,1,3,2,2
2,14,1,54,1.8,3,2,2,2,1,195.04,1,7,3,3,1,1,10,1,1,2,2
2,14,1,55,0.05,1,1,1,1,1,306.02,0,16,1,3,1,3,7,1,1,1,1
2,14,1,56,0.4,1,3,1,1,1,327.06,0,7,3,1,3,1,16,1,3,3,1
2,14,1,57,0.8,3,2,2,2,1,222.38,1,1,1,1,3,3,3,1,1,2,2
2,14,1,58,0.8,1,1,1,1,1,221.37,1,2,1,3,1,3,8,3,1,3,1
2,14,1,59,0.1,1,3,1,1,1,277.95,1,20,1,3,1,3,1,1,1,3,3
2,14,1,60,1.8,3,2,NaN,NaN,NaN,NaN,NaN,8,1,3,3,1,4,1,1,2,2
2,14,1,61,0.1,1,2,1,1,1,278.6,1,20,3,1,3,1,5,3,1,2,2
2,14,1,62,0.4,3,2,2,2,1,264.51,1,11,1,3,3,1,19,3,3,2,2
2,14,1,63,0.8,2,2,2,2,1,217.07,1,13,1,1,2,2,20,1,3,2,2
2,14,1,64,0.4,3,1,2,2,1,228.83,1,16,1,3,3,1,9,1,3,1,3
2,14,1,65,1.8,2,1,2,1,0,176.45,1,3,1,3,2,2,6,1,1,1,1
2,14,1,66,0.4,1,1,1,1,1,233.01,1,7,1,3,1,3,16,3,1,3,1
2,14,1,67,0.1,3,2,2,2,1,254.03,1,9,3,1,1,3,17,3,1,2,2
2,14,1,68,1.8,2,3,2,2,1,182.8,1,17,1,1,2,2,11,3,3,1,1
2,14,1,69,0.2,3,2,2,2,1,322.35,0,13,1,1,3,3,15,1,3,2,2
2,14,1,70,1.8,2,1,2,2,1,151.98,1,1,1,3,2,2,20,1,1,1,1
2,14,1,71,0.2,3,1,2,2,1,254.1,1,1,1,3,3,1,5,1,1,1,1
2,14,1,72,1.8,1,3,1,1,1,188.76,1,3,3,1,3,1,9,1,3,3,1
2,14,1,73,0.8,2,2,2,1,0,251.28,1,3,3,1,2,2,13,1,3,2,2
2,14,1,74,0.2,1,1,1,1,1,196.95,1,3,3,3,3,3,19,3,3,3,3
2,14,1,75,0.8,3,1,2,2,1,202.51,1,11,1,1,3,3,20,3,1,3,1
2,14,1,76,1.8,1,1,1,1,1,211.67,1,4,3,1,3,1,20,1,3,1,3
2,14,1,77,0.4,2,3,2,2,1,249.13,1,17,3,3,2,2,18,3,1,1,3
2,14,1,78,1.8,3,3,2,2,1,208.54,1,11,3,3,1,1,17,1,3,3,1
2,14,2,1,0.8,1,2,1,1,1,224.99,1,16,3,3,3,3,20,1,1,2,2
2,14,2,2,0.1,1,1,1,1,1,237.1,1,11,3,1,3,1,16,3,3,3,3
2,14,2,3,1.8,2,3,2,1,0,205.9,1,3,1,3,2,2,18,3,1,1,3
2,14,2,4,0.05,2,2,2,2,1,263.69,1,6,3,3,2,2,5,3,1,2,2
2,14,2,5,0.4,1,1,1,1,1,259.88,1,7,1,3,1,3,5,1,1,1,1
2,14,2,6,0.8,1,2,1,1,1,206.33,1,8,3,1,3,1,7,3,3,2,2
2,14,2,7,0.8,1,2,1,1,1,203.79,1,15,1,3,1,3,18,3,3,2,2
2,14,2,8,0.4,1,3,1,1,1,213.29,1,7,3,1,3,1,7,3,3,1,1
2,14,2,9,0.8,3,2,2,2,1,235.36,1,9,3,3,1,1,11,3,1,2,2
2,14,2,10,1.8,3,2,2,2,1,194.78,1,1,1,3,3,1,7,3,3,2,2
2,14,2,11,0.2,1,3,1,1,1,215.98,1,10,3,3,3,3,17,3,1,1,3
2,14,2,12,0.1,2,3,2,2,1,251.88,1,19,3,1,2,2,18,1,1,3,3
2,14,2,13,1.8,1,3,1,1,1,181.95,1,1,1,3,1,3,15,1,3,3,1
2,14,2,14,0.8,1,1,NaN,NaN,NaN,NaN,NaN,3,1,1,1,1,14,1,3,1,3
2,14,2,15,0.2,1,1,1,1,1,282.79,1,18,1,1,1,1,3,1,1,1,1
2,14,2,16,0.05,1,3,1,1,1,266.31,1,12,1,3,1,3,18,1,1,3,3
2,14,2,17,1.8,3,3,2,2,1,200.27,1,7,3,1,1,3,5,1,1,3,3
2,14,2,18,1.8,3,1,2,2,1,233.41,1,6,1,3,3,1,4,1,1,1,1
2,14,2,19,0.8,2,3,2,2,1,239.12,1,9,1,1,2,2,10,3,3,1,1
2,14,2,20,0.05,1,1,1,1,1,286.34,1,8,1,1,1,1,14,1,3,1,3
2,14,2,21,0.4,1,3,1,1,1,295.67,1,12,3,3,3,3,9,1,3,3,1
2,14,2,22,0.8,1,2,1,2,0,239.1,1,15,1,3,1,3,7,3,1,2,2
2,14,2,23,0.1,1,1,1,1,1,275.54,1,19,1,1,1,1,11,1,1,1,1
2,14,2,24,0.05,1,2,1,1,1,264.82,1,1,1,3,1,3,6,1,1,2,2
2,14,2,25,0.4,1,2,1,1,1,255.41,1,1,1,3,1,3,8,1,1,2,2
2,14,2,26,0.2,2,1,2,2,1,264.13,1,17,3,1,2,2,5,3,1,3,1
2,14,2,27,0.05,2,1,2,2,1,294.67,1,16,1,3,2,2,17,3,3,3,3
2,14,2,28,0.05,1,2,1,1,1,271.24,1,6,1,3,1,3,10,3,1,2,2
2,14,2,29,0.05,3,2,2,2,1,253.63,1,10,3,1,1,3,19,3,3,2,2
2,14,2,30,0.05,1,3,1,1,1,242.95,1,18,1,1,1,1,16,3,1,1,3
2,14,2,31,1.8,1,3,NaN,NaN,NaN,NaN,NaN,14,1,1,1,1,18,3,3,1,1
2,14,2,32,0.2,2,2,2,1,0,251.31,1,16,3,3,2,2,17,3,3,2,2
2,14,2,33,0.8,3,1,2,2,1,199.91,1,8,3,3,1,1,17,3,3,3,3
2,14,2,34,0.2,1,1,1,1,1,263.82,1,4,1,1,1,1,18,1,3,1,3
2,14,2,35,0.2,3,2,2,2,1,242.77,1,20,3,3,1,1,14,1,3,2,2
2,14,2,36,0.8,1,3,1,1,1,208.69,1,18,3,3,3,3,1,3,1,1,3
2,14,2,37,1.8,3,1,2,2,1,198.08,1,2,3,3,1,1,17,3,1,3,1
2,14,2,38,0.8,3,2,2,2,1,195.09,1,13,3,3,1,1,3,3,3,2,2
2,14,2,39,0.2,1,2,1,1,1,229.26,1,3,1,1,1,1,11,3,1,2,2
2,14,2,40,0.2,1,1,1,2,0,261.33,1,10,3,1,3,1,15,1,3,1,3
2,14,2,41,0.1,1,1,1,1,1,247.71,1,12,1,1,1,1,19,3,1,3,1
2,14,2,42,0.05,1,3,1,1,1,258.01,1,14,3,1,3,1,3,3,1,1,3
2,14,2,43,1.8,2,2,2,2,1,204.22,1,14,1,3,2,2,7,3,3,2,2
2,14,2,44,0.1,1,1,1,1,1,299.53,1,15,1,3,1,3,2,1,3,1,3
2,14,2,45,1.8,2,3,2,2,1,208.83,1,5,3,3,2,2,10,3,3,1,1
2,14,2,46,0.2,1,3,1,1,1,228.44,1,18,3,3,3,3,11,1,3,3,1
2,14,2,47,0.1,1,2,1,2,0,271.38,1,10,3,3,3,3,7,3,3,2,2
2,14,2,48,1.8,1,2,1,1,1,239.99,1,1,1,3,1,3,10,3,3,2,2
2,14,2,49,0.2,3,2,2,2,1,258.71,1,19,3,3,1,1,8,3,1,2,2
2,14,2,50,0.1,2,3,2,2,1,337.63,0,4,1,1,2,2,9,3,1,1,3
2,14,2,51,0.4,3,3,2,2,1,-4.8084,2,20,3,1,1,3,3,1,3,3,1
2,14,2,52,1.8,3,1,2,2,1,204.56,1,11,1,3,3,1,12,1,3,1,3
2,14,2,53,0.4,2,2,2,1,0,243.88,1,3,3,3,2,2,10,3,1,2,2
2,14,2,54,0.1,2,3,2,1,0,254.84,1,17,1,1,2,2,10,1,1,3,3
2,14,2,55,1.8,1,1,1,1,1,201.82,1,19,1,3,1,3,17,1,3,1,3
2,14,2,56,0.05,1,1,1,1,1,258.72,1,9,1,3,1,3,9,1,1,1,1
2,14,2,57,0.8,1,1,1,1,1,208.08,1,13,1,3,1,3,1,1,1,1,1
2,14,2,58,0.05,1,3,1,1,1,260.62,1,1,1,1,1,1,3,3,1,1,3
2,14,2,59,0.1,3,1,2,2,1,291.9,1,13,1,3,3,1,13,1,1,1,1
2,14,2,60,0.8,1,1,1,1,1,194.91,1,11,1,1,1,1,8,3,3,3,3
2,14,2,61,0.4,1,3,1,1,1,246.25,1,18,3,1,3,1,14,1,3,3,1
2,14,2,62,0.1,3,3,2,2,1,281.11,1,10,3,3,1,1,8,3,1,1,3
2,14,2,63,0.2,3,3,2,2,1,227.08,1,20,1,3,3,1,9,1,1,3,3
2,14,2,64,0.4,1,2,1,1,1,275.19,1,1,3,1,3,1,8,1,1,2,2
2,14,2,65,0.05,1,2,1,1,1,274.25,1,2,3,1,3,1,15,3,1,2,2
2,14,2,66,0.4,1,3,1,1,1,205.54,1,19,1,3,1,3,14,3,1,1,3
2,14,2,67,0.1,1,2,1,1,1,217.3,1,19,1,1,1,1,2,3,1,2,2
2,14,2,68,0.2,1,2,1,1,1,197.64,1,15,3,3,3,3,5,1,1,2,2
2,14,2,69,0.4,3,2,2,2,1,253.6,1,14,3,1,1,3,7,1,3,2,2
2,14,2,70,0.2,2,1,2,1,0,255.04,1,11,1,1,2,2,16,1,3,1,3
2,14,2,71,0.1,2,3,2,2,1,226.76,1,2,1,3,2,2,4,3,3,1,1
2,14,2,72,0.8,2,2,2,1,0,199.36,1,4,3,3,2,2,9,1,3,2,2
2,14,2,73,0.05,1,2,1,1,1,225.5,1,10,3,3,3,3,3,3,1,2,2
2,14,2,74,0.4,3,3,2,2,1,196.06,1,8,3,1,1,3,19,1,3,3,1
2,14,2,75,0.1,1,2,1,1,1,236.47,1,20,3,3,3,3,18,3,1,2,2
2,14,2,76,0.4,1,3,1,1,1,214.8,1,3,3,1,3,1,9,1,1,3,3
2,14,2,77,1.8,3,2,2,2,1,204.14,1,12,3,3,1,1,4,3,1,2,2
2,14,2,78,0.4,1,3,1,1,1,223.79,1,5,1,3,1,3,6,1,3,3,1
2,14,3,1,0.05,1,2,1,1,1,283.87,1,4,1,3,1,3,5,1,1,2,2
2,14,3,2,0.05,3,1,2,2,1,275.11,1,15,3,1,1,3,8,1,1,1,1
2,14,3,3,0.05,1,2,1,1,1,272.85,1,1,3,1,3,1,6,1,1,2,2
2,14,3,4,0.8,2,3,2,2,1,197.29,1,4,1,1,2,2,17,3,3,1,1
2,14,3,5,0.1,1,3,1,1,1,255.61,1,10,1,1,1,1,8,3,3,1,1
2,14,3,6,0.05,1,2,1,2,0,309.22,0,17,1,1,1,1,14,1,1,2,2
2,14,3,7,0.2,1,2,1,1,1,256.47,1,17,1,1,1,1,10,1,3,2,2
2,14,3,8,0.4,1,2,1,1,1,266.82,1,7,3,1,3,1,9,3,1,2,2
2,14,3,9,0.4,2,1,2,2,1,274.91,1,11,1,1,2,2,9,3,1,3,1
2,14,3,10,0.2,3,3,2,2,1,218.53,1,1,3,3,1,1,19,3,3,1,1
2,14,3,11,0.8,3,3,2,2,1,214.28,1,14,1,3,3,1,20,3,1,1,3
2,14,3,12,0.05,1,3,1,2,0,350.26,0,10,3,1,3,1,3,1,3,3,1
2,14,3,13,1.8,3,3,2,2,1,254.24,1,3,3,1,1,3,12,1,3,3,1
2,14,3,14,0.05,2,2,2,1,0,305.37,0,15,1,3,2,2,1,1,1,2,2
2,14,3,15,0.1,2,3,2,1,0,228.55,1,12,1,1,2,2,7,3,3,1,1
2,14,3,16,0.1,1,3,1,1,1,249.85,1,7,3,3,3,3,13,1,1,3,3
2,14,3,17,0.2,1,3,1,1,1,271.95,1,10,1,1,1,1,19,1,3,3,1
2,14,3,18,0.8,1,2,1,1,1,208.1,1,16,1,1,1,1,11,1,3,2,2
2,14,3,19,0.4,1,2,1,1,1,210.69,1,12,3,1,3,1,4,1,3,2,2
2,14,3,20,1.8,2,3,2,2,1,216.3,1,3,1,3,2,2,14,1,3,3,1
2,14,3,21,0.1,2,3,2,2,1,271.61,1,6,1,1,2,2,3,3,1,1,3
2,14,3,22,0.05,3,3,2,2,1,258.44,1,1,3,3,1,1,5,3,1,1,3
2,14,3,23,0.1,3,3,2,2,1,241.72,1,12,1,1,3,3,6,1,3,3,1
2,14,3,24,0.05,1,2,1,1,1,295.61,1,14,1,3,1,3,1,3,3,2,2
2,14,3,25,0.8,1,3,1,1,1,240.15,1,8,3,1,3,1,20,3,3,1,1
2,14,3,26,0.2,1,2,1,1,1,240.08,1,13,3,1,3,1,7,3,1,2,2
2,14,3,27,0.1,2,2,2,2,1,319.81,0,19,1,3,2,2,19,1,3,2,2
2,14,3,28,0.8,1,1,1,1,1,208.36,1,6,1,1,1,1,11,1,3,1,3
2,14,3,29,0.8,2,1,2,2,1,181.68,1,16,1,1,2,2,5,1,3,1,3
2,14,3,30,1.8,3,1,2,2,1,248.39,1,13,1,3,3,1,19,3,1,3,1
2,14,3,31,0.2,1,3,1,1,1,208.1,1,1,3,1,3,1,13,1,3,3,1
2,14,3,32,0.2,1,3,1,1,1,211.67,1,5,1,3,1,3,17,1,1,3,3
2,14,3,33,0.8,3,3,2,2,1,256.31,1,19,3,3,1,1,4,1,3,3,1
2,14,3,34,0.1,1,3,1,1,1,247.12,1,17,1,1,1,1,14,1,1,3,3
2,14,3,35,0.8,2,3,2,2,1,204.64,1,2,1,3,2,2,16,1,1,3,3
2,14,3,36,0.2,3,1,2,2,1,250.58,1,10,3,3,1,1,15,1,3,1,3
2,14,3,37,0.2,3,2,2,2,1,262.18,1,18,3,3,1,1,18,3,3,2,2
2,14,3,38,1.8,1,2,1,1,1,193.02,1,8,3,3,3,3,19,3,3,2,2
2,14,3,39,0.2,1,1,1,2,0,248.89,1,10,3,1,3,1,15,3,3,3,3
2,14,3,40,0.4,1,2,1,2,0,280.19,1,13,1,1,1,1,8,1,3,2,2
2,14,3,41,1.8,1,1,1,1,1,240.44,1,13,3,1,3,1,12,1,3,1,3
2,14,3,42,0.1,2,2,2,1,0,249.39,1,17,3,1,2,2,13,1,1,2,2
2,14,3,43,0.8,2,2,2,1,0,153.26,1,3,3,1,2,2,18,1,1,2,2
2,14,3,44,0.2,1,1,1,1,1,241.2,1,5,3,1,3,1,18,3,1,3,1
2,14,3,45,0.1,1,1,1,1,1,279.17,1,6,1,1,1,1,19,3,3,3,3
2,14,3,46,0.4,1,3,1,2,0,286.3,1,11,1,3,1,3,13,3,3,1,1
2,14,3,47,0.1,3,1,2,2,1,258.53,1,18,1,3,3,1,19,3,3,3,3
2,14,3,48,0.4,3,3,2,2,1,279.5,1,2,1,3,3,1,13,3,1,1,3
2,14,3,49,1.8,3,2,2,2,1,202.42,1,16,3,1,1,3,17,1,3,2,2
2,14,3,50,0.05,1,3,1,1,1,322.16,0,3,3,3,3,3,15,3,1,1,3
2,14,3,51,1.8,1,3,1,2,0,191.05,1,19,3,3,3,3,5,3,3,1,1
2,14,3,52,0.05,1,2,1,1,1,264.11,1,3,1,3,1,3,19,1,3,2,2
2,14,3,53,0.05,3,2,2,2,1,255.58,1,2,1,3,3,1,18,3,3,2,2
2,14,3,54,0.2,2,1,2,2,1,352.18,0,12,3,1,2,2,10,1,1,1,1
2,14,3,55,1.8,1,2,1,1,1,207.96,1,5,3,3,3,3,6,1,1,2,2
2,14,3,56,1.8,3,2,2,2,1,194.31,1,2,1,1,3,3,6,3,3,2,2
2,14,3,57,0.4,1,1,1,1,1,246.25,1,17,1,3,1,3,6,3,1,3,1
2,14,3,58,0.05,3,1,2,2,1,243.25,1,20,1,1,3,3,17,1,1,1,1
2,14,3,59,0.1,3,2,2,2,1,254.69,1,6,1,3,3,1,8,1,1,2,2
2,14,3,60,0.1,2,3,2,2,1,302.45,0,1,3,3,2,2,2,1,3,3,1
2,14,3,61,0.4,1,1,1,1,1,185.02,1,19,3,3,3,3,20,1,1,1,1
2,14,3,62,0.05,3,1,2,2,1,276.87,1,3,3,3,1,1,4,3,1,3,1
2,14,3,63,0.4,1,1,1,1,1,281.41,1,15,1,3,1,3,14,1,3,1,3
2,14,3,64,0.8,3,2,NaN,NaN,NaN,NaN,NaN,8,1,1,3,3,11,1,1,2,2
2,14,3,65,0.4,1,2,1,1,1,239.01,1,12,1,3,1,3,1,1,3,2,2
2,14,3,66,1.8,1,2,1,1,1,215.67,1,3,1,1,1,1,14,1,3,2,2
2,14,3,67,0.4,1,3,1,1,1,276.86,1,10,3,3,3,3,9,1,3,3,1
2,14,3,68,0.4,2,1,2,2,1,189.8,1,19,3,1,2,2,17,3,1,3,1
2,14,3,69,1.8,1,1,1,1,1,194.14,1,12,3,1,3,1,17,3,1,3,1
2,14,3,70,0.8,1,3,1,1,1,262.16,1,2,3,3,3,3,19,1,3,3,1
2,14,3,71,1.8,1,1,1,1,1,227.75,1,8,3,3,3,3,15,3,3,3,3
2,14,3,72,0.2,3,3,2,2,1,207.01,1,12,1,1,3,3,17,1,1,3,3
2,14,3,73,0.1,1,3,1,1,1,243.1,1,12,3,3,3,3,8,1,1,3,3
2,14,3,74,0.4,3,3,2,2,1,212.31,1,2,3,1,1,3,1,1,3,3,1
2,14,3,75,0.8,1,2,NaN,NaN,NaN,NaN,NaN,20,1,3,1,3,7,3,3,2,2
2,14,3,76,1.8,1,1,1,1,1,209.49,1,3,3,3,3,3,14,1,3,1,3
2,14,3,77,0.2,1,1,1,1,1,174.23,1,18,3,3,3,3,11,3,1,3,1
2,14,3,78,0.8,3,3,NaN,NaN,NaN,NaN,NaN,20,1,1,3,3,2,3,3,1,1
2,14,4,1,0.05,2,2,2,1,0,270.31,1,1,3,3,2,2,20,3,3,2,2
2,14,4,2,0.4,1,1,1,1,1,231.65,1,12,3,1,3,1,9,1,1,1,1
2,14,4,3,0.8,1,3,1,1,1,216.72,1,10,1,1,1,1,15,3,1,1,3
2,14,4,4,0.2,1,2,1,1,1,227.09,1,19,3,3,3,3,20,1,3,2,2
2,14,4,5,1.8,3,2,2,2,1,211.99,1,12,3,3,1,1,12,1,1,2,2
2,14,4,6,0.05,3,2,2,2,1,320.97,0,16,3,3,1,1,19,3,1,2,2
2,14,4,7,0.05,2,1,2,2,1,266.18,1,19,1,1,2,2,20,3,1,3,1
2,14,4,8,0.1,1,3,1,1,1,182.78,1,18,3,3,3,3,5,1,3,3,1
2,14,4,9,0.2,1,1,1,1,1,241.96,1,12,1,3,1,3,6,3,1,3,1
2,14,4,10,0.4,1,2,1,2,0,258.27,1,18,1,3,1,3,19,1,1,2,2
2,14,4,11,0.1,2,3,2,2,1,249.5,1,2,3,3,2,2,7,1,3,3,1
2,14,4,12,0.2,3,3,2,2,1,246.46,1,8,3,3,1,1,19,1,3,3,1
2,14,4,13,0.2,1,2,1,1,1,173.42,1,17,1,3,1,3,14,1,3,2,2
2,14,4,14,0.8,1,1,1,1,1,197.27,1,16,3,3,3,3,8,1,1,1,1
2,14,4,15,1.8,1,3,NaN,NaN,NaN,NaN,NaN,19,1,3,1,3,19,1,1,3,3
2,14,4,16,0.2,1,3,1,1,1,253.67,1,3,1,3,1,3,1,3,3,1,1
2,14,4,17,0.2,1,3,1,1,1,250.65,1,16,3,3,3,3,2,1,3,3,1
2,14,4,18,0.4,3,2,2,2,1,263.46,1,11,1,3,3,1,4,3,1,2,2
2,14,4,19,0.1,1,2,1,1,1,218.65,1,5,1,3,1,3,6,3,1,2,2
2,14,4,20,0.2,2,3,2,1,0,308.12,0,5,3,1,2,2,15,3,3,1,1
2,14,4,21,0.1,1,2,1,1,1,255.5,1,3,1,1,1,1,12,1,3,2,2
2,14,4,22,0.4,1,1,1,1,1,260.54,1,13,1,3,1,3,9,1,1,1,1
2,14,4,23,0.8,3,1,2,2,1,230.27,1,10,3,1,1,3,12,1,1,1,1
2,14,4,24,0.05,3,2,2,2,1,306.48,0,3,3,3,1,1,7,1,3,2,2
2,14,4,25,0.8,1,2,NaN,NaN,NaN,NaN,NaN,10,3,1,3,1,17,3,3,2,2
2,14,4,26,0.05,3,1,2,2,1,330.56,0,20,1,3,3,1,3,1,1,1,1
2,14,4,27,1.8,2,2,2,2,1,237.57,1,7,1,1,2,2,13,3,1,2,2
2,14,4,28,0.8,1,1,1,1,1,265.09,1,1,3,3,3,3,11,3,3,3,3
2,14,4,29,0.2,2,3,2,2,1,236.04,1,20,3,3,2,2,10,3,1,1,3
2,14,4,30,0.2,3,3,2,2,1,270.53,1,20,1,1,3,3,10,1,1,3,3
2,14,4,31,0.8,2,1,2,2,1,246.1,1,7,1,3,2,2,20,1,3,1,3
2,14,4,32,1.8,1,3,1,1,1,244.11,1,12,3,3,3,3,10,3,3,1,1
2,14,4,33,0.8,1,3,1,1,1,233.25,1,7,3,1,3,1,13,3,3,1,1
2,14,4,34,0.1,2,3,2,2,1,323.42,0,11,1,3,2,2,2,3,1,1,3
2,14,4,35,0.4,1,3,1,1,1,195.81,1,7,3,1,3,1,18,3,3,1,1
2,14,4,36,0.2,1,2,1,1,1,262.48,1,3,3,3,3,3,2,1,1,2,2
2,14,4,37,0.1,3,1,2,2,1,267.64,1,14,1,3,3,1,11,1,3,1,3
2,14,4,38,0.05,3,1,2,2,1,286.94,1,4,3,1,1,3,4,1,1,1,1
2,14,4,39,0.4,3,2,2,2,1,253.15,1,2,3,3,1,1,17,1,1,2,2
2,14,4,40,0.4,3,2,2,2,1,202.63,1,1,3,3,1,1,3,1,3,2,2
2,14,4,41,1.8,1,1,1,1,1,227.34,1,20,3,3,3,3,2,3,3,3,3
2,14,4,42,0.05,2,3,2,2,1,509.66,0,3,3,1,2,2,1,3,1,1,3
2,14,4,43,0.1,1,2,1,1,1,241.89,1,10,1,1,1,1,11,3,3,2,2
2,14,4,44,0.2,1,2,1,1,1,278.86,1,20,3,1,3,1,20,3,3,2,2
2,14,4,45,1.8,3,3,2,2,1,202.45,1,6,3,3,1,1,6,1,1,3,3
2,14,4,46,0.4,3,1,2,2,1,209.33,1,2,1,3,3,1,15,1,3,1,3
2,14,4,47,0.4,1,3,1,1,1,195.79,1,8,1,1,1,1,20,1,3,3,1
2,14,4,48,0.2,2,1,2,2,1,317.02,0,14,3,3,2,2,14,3,1,3,1
2,14,4,49,1.8,1,1,1,1,1,211.68,1,3,3,1,3,1,8,3,3,3,3
2,14,4,50,0.1,3,2,2,2,1,234.91,1,20,3,1,1,3,16,3,1,2,2
2,14,4,51,1.8,2,3,2,2,1,206.87,1,15,3,3,2,2,17,3,3,1,1
2,14,4,52,1.8,3,1,2,2,1,215.75,1,6,1,3,3,1,1,1,3,1,3
2,14,4,53,0.05,2,1,2,2,1,284.11,1,5,1,3,2,2,10,3,1,3,1
2,14,4,54,0.05,3,1,2,2,1,266.16,1,11,3,3,1,1,9,1,3,1,3
2,14,4,55,0.1,3,1,2,2,1,268.57,1,19,3,3,1,1,15,1,3,1,3
2,14,4,56,0.05,1,3,1,1,1,281.18,1,7,1,3,1,3,1,3,3,1,1
2,14,4,57,0.8,1,3,1,1,1,244.46,1,12,1,3,1,3,4,3,1,1,3
2,14,4,58,0.1,3,3,2,2,1,213.45,1,6,1,3,3,1,16,1,1,3,3
2,14,4,59,1.8,3,1,2,2,1,223.28,1,15,3,1,1,3,6,3,3,3,3
2,14,4,60,0.4,1,3,1,1,1,273.52,1,3,1,1,1,1,10,1,1,3,3
2,14,4,61,0.05,3,3,2,2,1,264.39,1,14,3,3,1,1,13,3,3,1,1
2,14,4,62,0.8,1,2,1,1,1,227.94,1,8,3,1,3,1,17,3,3,2,2
2,14,4,63,0.4,3,2,2,2,1,241.29,1,6,1,3,3,1,3,1,1,2,2
2,14,4,64,0.05,1,3,1,2,0,286.43,1,11,1,1,1,1,3,1,1,3,3
2,14,4,65,1.8,1,3,1,1,1,211.56,1,15,3,3,3,3,1,1,3,3,1
2,14,4,66,0.4,1,3,1,1,1,239.79,1,8,3,3,3,3,17,1,3,3,1
2,14,4,67,0.8,2,1,2,2,1,211.34,1,11,3,3,2,2,3,3,3,3,3
2,14,4,68,0.2,1,3,1,1,1,170.7,1,16,3,1,3,1,5,3,3,1,1
2,14,4,69,0.8,1,2,1,1,1,230.85,1,10,1,3,1,3,7,3,3,2,2
2,14,4,70,0.1,1,3,1,1,1,272.58,1,1,3,3,3,3,13,3,1,1,3
2,14,4,71,0.05,1,2,1,1,1,349.51,0,18,1,3,1,3,14,3,1,2,2
2,14,4,72,1.8,3,3,2,2,1,251.55,1,6,1,1,3,3,8,3,3,1,1
2,14,4,73,1.8,2,3,2,2,1,241.32,1,4,1,1,2,2,17,1,1,3,3
2,14,4,74,0.8,1,1,1,1,1,223.58,1,7,1,3,1,3,7,3,1,3,1
2,14,4,75,0.1,2,3,2,2,1,257.52,1,13,3,3,2,2,5,3,3,1,1
2,14,4,76,0.4,2,3,2,2,1,302.77,0,6,3,3,2,2,18,3,3,1,1
2,14,4,77,0.8,3,3,2,2,1,233.83,1,17,1,1,3,3,16,3,3,1,1
2,14,4,78,0.1,1,1,1,1,1,295.87,1,18,1,1,1,1,12,1,1,1,1
2,14,5,1,0.2,1,3,1,1,1,301.88,0,6,1,3,1,3,16,1,1,3,3
2,14,5,2,0.2,2,3,2,1,0,226.78,1,1,3,3,2,2,10,1,3,3,1
2,14,5,3,1.8,2,2,2,2,1,186.48,1,16,3,3,2,2,18,1,3,2,2
2,14,5,4,0.8,1,1,1,2,0,235.3,1,3,1,1,1,1,7,3,3,3,3
2,14,5,5,0.8,1,2,1,1,1,195.9,1,5,1,1,1,1,8,1,1,2,2
2,14,5,6,0.2,1,3,1,1,1,190.43,1,2,3,3,3,3,5,1,3,3,1
2,14,5,7,0.8,2,2,2,1,0,249.1,1,5,1,1,2,2,2,1,1,2,2
2,14,5,8,0.2,1,1,1,1,1,146.31,1,15,1,3,1,3,16,1,3,1,3
2,14,5,9,1.8,1,2,1,1,1,218.03,1,18,1,3,1,3,12,1,3,2,2
2,14,5,10,0.4,1,2,1,1,1,239.23,1,12,1,1,1,1,3,3,3,2,2
2,14,5,11,0.05,3,3,2,2,1,316.97,0,14,1,1,3,3,6,1,3,3,1
2,14,5,12,0.4,3,1,2,2,1,178.43,1,18,3,1,1,3,3,1,1,1,1
2,14,5,13,0.8,2,3,2,2,1,249.88,1,10,3,3,2,2,4,1,3,3,1
2,14,5,14,0.1,1,2,1,1,1,242.77,1,10,1,3,1,3,2,3,1,2,2
2,14,5,15,0.8,2,3,2,1,0,221.29,1,8,1,3,2,2,20,3,3,1,1
2,14,5,16,0.8,2,2,NaN,NaN,NaN,NaN,NaN,16,1,3,2,2,6,1,1,2,2
2,14,5,17,0.4,1,2,1,1,1,227.85,1,14,1,1,1,1,11,1,1,2,2
2,14,5,18,0.2,1,2,1,1,1,199.37,1,3,3,3,3,3,14,3,3,2,2
2,14,5,19,0.2,1,3,1,1,1,251.07,1,17,1,1,1,1,8,1,3,3,1
2,14,5,20,0.05,1,2,1,1,1,275.54,1,18,3,1,3,1,20,3,1,2,2
2,14,5,21,0.1,2,2,2,2,1,252.36,1,3,1,1,2,2,10,1,1,2,2
2,14,5,22,0.1,2,3,2,1,0,225.27,1,3,3,3,2,2,6,1,3,3,1
2,14,5,23,1.8,2,2,2,2,1,214.24,1,20,3,1,2,2,2,1,1,2,2
2,14,5,24,0.8,2,2,NaN,NaN,NaN,NaN,NaN,19,1,1,2,2,2,3,3,2,2
2,14,5,25,0.1,1,2,1,1,1,279.83,1,14,1,1,1,1,10,3,1,2,2
2,14,5,26,0.4,1,3,1,1,1,233.25,1,2,3,3,3,3,18,1,3,3,1
2,14,5,27,0.4,1,1,1,1,1,221.48,1,19,3,1,3,1,14,1,3,1,3
2,14,5,28,0.05,1,3,1,1,1,291.32,1,11,3,1,3,1,8,3,3,1,1
2,14,5,29,0.1,3,2,2,2,1,300.4,0,2,1,1,3,3,11,3,3,2,2
2,14,5,30,0.2,1,3,1,1,1,139.22,1,9,1,1,1,1,6,1,1,3,3
2,14,5,31,1.8,3,3,2,2,1,209.25,1,13,1,3,3,1,17,3,1,1,3
2,14,5,32,0.05,3,3,2,2,1,276.04,1,2,3,1,1,3,20,1,3,3,1
2,14,5,33,0.8,3,1,2,2,1,233.45,1,13,3,3,1,1,14,1,1,1,1
2,14,5,34,0.8,1,3,1,1,1,198.2,1,11,1,3,1,3,3,3,3,1,1
2,14,5,35,0.05,1,1,1,1,1,298.81,1,4,1,3,1,3,8,3,1,3,1
2,14,5,36,0.1,2,1,2,2,1,261.13,1,11,3,3,2,2,9,1,1,1,1
2,14,5,37,0.4,3,3,2,2,1,206.43,1,10,3,1,1,3,5,3,3,1,1
2,14,5,38,0.8,3,1,2,2,1,241.76,1,13,1,3,3,1,13,3,3,3,3
2,14,5,39,0.05,1,1,1,1,1,303.96,0,20,1,3,1,3,16,1,3,1,3
2,14,5,40,0.1,2,3,2,1,0,218.76,1,12,3,3,2,2,7,3,3,1,1
2,14,5,41,0.1,1,3,1,1,1,228.9,1,1,1,3,1,3,10,3,1,1,3
2,14,5,42,0.2,1,3,1,1,1,252.69,1,13,3,3,3,3,12,3,1,1,3
2,14,5,43,0.4,1,3,1,1,1,247.75,1,14,3,3,3,3,16,3,1,1,3
2,14,5,44,0.05,2,2,2,2,1,281.83,1,9,3,3,2,2,8,3,3,2,2
2,14,5,45,1.8,1,1,1,1,1,206.07,1,7,3,3,3,3,13,3,3,3,3
2,14,5,46,1.8,1,3,1,1,1,217.11,1,9,1,3,1,3,4,3,3,1,1
2,14,5,47,0.1,2,3,2,1,0,292.6,1,11,1,1,2,2,8,3,3,1,1
2,14,5,48,0.05,1,3,1,1,1,270.37,1,2,1,1,1,1,8,3,1,1,3
2,14,5,49,1.8,2,1,2,2,1,214.38,1,18,1,1,2,2,4,3,3,3,3
2,14,5,50,0.05,2,2,2,2,1,274.8,1,9,1,1,2,2,12,3,1,2,2
2,14,5,51,0.05,2,3,2,1,0,267.67,1,12,3,1,2,2,19,3,1,1,3
2,14,5,52,0.8,3,1,NaN,NaN,NaN,NaN,NaN,2,1,1,3,3,19,1,3,1,3
2,14,5,53,1.8,1,2,1,2,0,223.99,1,2,1,1,1,1,1,3,1,2,2
2,14,5,54,0.4,1,2,1,1,1,233.09,1,6,1,1,1,1,19,3,3,2,2
2,14,5,55,0.2,3,1,2,2,1,219.44,1,4,1,1,3,3,16,3,3,3,3
2,14,5,56,0.2,3,3,2,2,1,270.58,1,6,1,3,3,1,7,3,1,1,3
2,14,5,57,0.4,1,2,1,1,1,202.1,1,4,1,3,1,3,15,3,3,2,2
2,14,5,58,0.05,3,2,2,2,1,316.92,0,15,1,1,3,3,14,3,1,2,2
2,14,5,59,0.4,3,2,2,2,1,214.32,1,1,3,1,1,3,6,3,3,2,2
2,14,5,60,0.2,1,2,1,1,1,129.17,1,13,3,3,3,3,14,3,1,2,2
2,14,5,61,0.2,1,2,1,1,1,246.56,1,1,1,3,1,3,10,1,3,2,2
2,14,5,62,0.8,1,1,1,1,1,193.96,1,1,3,1,3,1,20,1,3,1,3
2,14,5,63,0.05,1,1,1,1,1,259.76,1,10,3,1,3,1,18,1,1,1,1
2,14,5,64,1.8,1,2,1,1,1,202.67,1,18,1,1,1,1,12,1,3,2,2
2,14,5,65,0.4,2,2,2,2,1,278.84,1,7,1,3,2,2,9,1,1,2,2
2,14,5,66,1.8,3,3,2,2,1,181.94,1,13,3,3,1,1,12,3,3,1,1
2,14,5,67,1.8,2,2,2,1,0,196.44,1,1,3,1,2,2,6,3,1,2,2
2,14,5,68,0.1,1,3,1,1,1,299.14,1,18,1,1,1,1,6,1,3,3,1
2,14,5,69,0.1,1,3,1,1,1,301.7,0,10,3,1,3,1,15,3,3,1,1
2,14,5,70,0.05,1,2,1,1,1,258.67,1,6,3,3,3,3,2,1,3,2,2
2,14,5,71,1.8,2,3,2,2,1,233.55,1,11,3,1,2,2,6,3,1,1,3
2,14,5,72,0.4,3,3,2,2,1,242.25,1,15,3,1,1,3,12,1,1,3,3
2,14,5,73,0.4,1,3,1,1,1,168.07,1,20,3,1,3,1,5,1,3,3,1
2,14,5,74,0.2,2,2,2,2,1,252.04,1,6,1,1,2,2,20,1,3,2,2
2,14,5,75,0.1,1,3,1,1,1,271.43,1,8,3,3,3,3,18,1,1,3,3
2,14,5,76,0.8,2,3,2,2,1,252.96,1,3,3,1,2,2,13,1,3,3,1
2,14,5,77,1.8,3,2,2,2,1,202.58,1,15,3,3,1,1,9,1,3,2,2
2,14,5,78,0.1,1,1,1,1,1,251.38,1,17,3,3,3,3,10,1,3,1,3
2,14,6,1,0.1,2,3,2,2,1,347.92,0,8,3,1,2,2,13,1,3,3,1
2,14,6,2,0.2,1,1,1,1,1,230.85,1,17,3,3,3,3,7,3,1,3,1
2,14,6,3,0.1,3,2,2,2,1,230.08,1,17,3,3,1,1,16,1,3,2,2
2,14,6,4,0.4,2,1,2,2,1,157.04,1,9,1,3,2,2,13,1,1,1,1
2,14,6,5,0.8,2,3,2,2,1,204.79,1,7,3,1,2,2,15,1,1,3,3
2,14,6,6,0.1,1,3,1,1,1,219.19,1,12,1,1,1,1,14,1,1,3,3
2,14,6,7,0.4,2,2,2,2,1,198.01,1,5,1,1,2,2,2,3,3,2,2
2,14,6,8,0.8,1,1,1,1,1,210.39,1,2,1,3,1,3,6,1,3,1,3
2,14,6,9,0.05,1,3,1,2,0,296.94,1,8,3,1,3,1,10,1,3,3,1
2,14,6,10,0.1,2,2,2,2,1,262.6,1,15,3,3,2,2,2,3,1,2,2
2,14,6,11,0.4,1,1,1,1,1,218.63,1,7,1,1,1,1,9,3,1,3,1
2,14,6,12,0.4,1,1,1,1,1,237.07,1,20,3,3,3,3,9,3,1,3,1
2,14,6,13,1.8,1,2,1,1,1,164.14,1,13,3,3,3,3,9,3,3,2,2
2,14,6,14,0.4,1,2,1,1,1,276,1,11,3,1,3,1,17,1,3,2,2
2,14,6,15,1.8,1,2,1,2,0,247.53,1,9,1,3,1,3,17,1,3,2,2
2,14,6,16,0.8,1,3,1,1,1,205.17,1,9,1,1,1,1,12,1,1,3,3
2,14,6,17,0.2,1,3,1,1,1,266.99,1,8,1,1,1,1,18,1,3,3,1
2,14,6,18,0.4,3,2,2,2,1,224.68,1,19,1,3,3,1,14,1,1,2,2
2,14,6,19,0.05,2,1,2,2,1,341.43,0,14,3,3,2,2,12,1,3,1,3
2,14,6,20,0.05,1,2,1,2,0,300.47,0,16,3,1,3,1,3,1,3,2,2
2,14,6,21,0.05,3,1,2,2,1,274.24,1,8,3,1,1,3,7,3,3,3,3
2,14,6,22,0.2,2,2,2,2,1,214.24,1,9,1,1,2,2,15,1,1,2,2
2,14,6,23,0.8,1,1,1,1,1,255.26,1,9,1,1,1,1,13,3,3,3,3
2,14,6,24,0.1,3,3,2,2,1,246.18,1,3,1,1,3,3,18,3,3,1,1
2,14,6,25,0.1,3,2,2,2,1,253.76,1,7,3,1,1,3,4,1,3,2,2
2,14,6,26,0.1,2,1,2,2,1,328.66,0,7,3,3,2,2,1,3,1,3,1
2,14,6,27,0.05,1,1,1,1,1,297.88,1,19,1,3,1,3,10,1,3,1,3
2,14,6,28,0.8,1,3,1,1,1,254.56,1,17,3,3,3,3,18,3,1,1,3
2,14,6,29,0.05,2,3,2,2,1,319.82,0,17,1,3,2,2,18,1,3,3,1
2,14,6,30,0.8,1,2,1,1,1,215.57,1,9,3,1,3,1,4,1,3,2,2
2,14,6,31,0.8,1,2,1,1,1,216.83,1,16,1,1,1,1,15,3,1,2,2
2,14,6,32,0.2,3,1,2,2,1,266.63,1,4,1,1,3,3,3,3,1,3,1
2,14,6,33,0.05,3,2,2,2,1,262.86,1,5,3,1,1,3,17,3,3,2,2
2,14,6,34,1.8,3,3,2,2,1,205.89,1,2,1,1,3,3,9,3,1,1,3
2,14,6,35,0.05,2,3,2,2,1,294.51,1,8,3,1,2,2,20,1,1,3,3
2,14,6,36,0.4,1,2,1,1,1,261.19,1,14,1,3,1,3,20,3,1,2,2
2,14,6,37,0.4,1,1,1,1,1,222.08,1,7,1,3,1,3,8,1,1,1,1
2,14,6,38,0.2,1,1,1,1,1,209.23,1,7,1,3,1,3,16,1,1,1,1
2,14,6,39,0.4,1,2,1,1,1,229.52,1,8,1,3,1,3,20,3,3,2,2
2,14,6,40,1.8,1,3,1,1,1,232.16,1,11,1,3,1,3,13,1,1,3,3
2,14,6,41,0.2,1,2,1,1,1,195.03,1,17,1,1,1,1,11,3,1,2,2
2,14,6,42,1.8,1,1,NaN,NaN,NaN,NaN,NaN,9,3,3,3,3,20,3,1,3,1
2,14,6,43,0.2,2,2,2,2,1,253.09,1,1,3,3,2,2,17,1,3,2,2
2,14,6,44,1.8,3,2,2,2,1,224.91,1,15,3,1,1,3,5,1,1,2,2
2,14,6,45,0.8,1,2,1,1,1,283.74,1,15,3,1,3,1,17,1,1,2,2
2,14,6,46,0.05,3,1,2,2,1,269.86,1,8,1,3,3,1,12,1,1,1,1
2,14,6,47,0.05,2,2,2,2,1,259.06,1,16,1,1,2,2,15,3,3,2,2
2,14,6,48,1.8,2,1,2,2,1,224.28,1,14,1,3,2,2,19,3,3,3,3
2,14,6,49,0.1,2,2,2,1,0,324.85,0,7,1,3,2,2,15,3,1,2,2
2,14,6,50,0.2,1,2,1,2,0,287.27,1,10,1,1,1,1,8,3,3,2,2
2,14,6,51,0.8,3,2,2,2,1,222.26,1,2,1,3,3,1,19,1,3,2,2
2,14,6,52,0.4,1,3,1,1,1,277.21,1,3,1,1,1,1,11,3,1,1,3
2,14,6,53,0.1,1,1,1,1,1,285.99,1,16,3,1,3,1,4,1,3,1,3
2,14,6,54,0.2,1,1,1,1,1,167.18,1,4,1,3,1,3,8,1,1,1,1
2,14,6,55,0.4,1,2,1,1,1,280.27,1,14,1,1,1,1,13,1,1,2,2
2,14,6,56,0.1,2,3,2,2,1,350.98,0,4,1,1,2,2,20,3,1,1,3
2,14,6,57,1.8,3,2,2,2,1,244.89,1,2,3,1,1,3,5,1,3,2,2
2,14,6,58,0.8,2,2,2,2,1,201.77,1,7,1,3,2,2,11,1,1,2,2
2,14,6,59,1.8,1,2,1,1,1,202.96,1,15,3,1,3,1,3,1,3,2,2
2,14,6,60,0.8,2,2,2,2,1,252.12,1,20,3,1,2,2,9,1,3,2,2
2,14,6,61,0.4,1,3,1,1,1,68.54,2,5,3,1,3,1,16,1,3,3,1
2,14,6,62,0.8,1,2,1,1,1,249.97,1,12,3,1,3,1,12,3,3,2,2
2,14,6,63,0.2,1,1,1,1,1,248.58,1,16,3,1,3,1,10,1,3,1,3
2,14,6,64,0.8,2,1,2,2,1,35.379,2,10,1,3,2,2,8,3,3,3,3
2,14,6,65,0.2,2,3,2,1,0,280.18,1,17,3,1,2,2,19,3,3,1,1
2,14,6,66,0.1,1,3,1,1,1,264.16,1,9,3,3,3,3,14,1,1,3,3
2,14,6,67,1.8,2,3,2,2,1,212.51,1,3,3,3,2,2,6,1,1,3,3
2,14,6,68,0.2,3,2,2,2,1,253.97,1,13,1,3,3,1,15,3,3,2,2
2,14,6,69,1.8,1,1,1,1,1,206.95,1,10,3,3,3,3,10,3,1,3,1
2,14,6,70,0.05,2,3,2,2,1,283.16,1,16,1,1,2,2,9,3,3,1,1
2,14,6,71,0.05,1,3,1,2,0,296.2,1,4,3,3,3,3,19,1,3,3,1
2,14,6,72,0.1,2,3,2,2,1,266,1,8,3,1,2,2,5,1,1,3,3
2,14,6,73,1.8,1,3,1,1,1,201.73,1,16,3,3,3,3,14,3,3,1,1
2,14,6,74,0.1,1,1,1,1,1,249.09,1,12,1,3,1,3,18,3,1,3,1
2,14,6,75,0.4,3,3,NaN,NaN,NaN,NaN,NaN,4,1,3,3,1,7,1,3,3,1
2,14,6,76,0.2,1,3,1,1,1,231.56,1,4,3,3,3,3,13,1,3,3,1
2,14,6,77,1.8,2,3,2,2,1,234.93,1,5,3,1,2,2,5,1,3,3,1
2,14,6,78,0.05,1,1,1,1,1,290.73,1,1,3,1,3,1,6,1,3,1,3
2,14,7,1,0.8,1,3,1,2,0,392.86,0,20,3,1,3,1,20,1,3,3,1
2,14,7,2,0.05,1,1,1,1,1,263.55,1,12,3,1,3,1,14,1,3,1,3
2,14,7,3,0.2,1,2,1,1,1,225.04,1,18,1,1,1,1,13,3,1,2,2
2,14,7,4,0.1,2,2,2,2,1,255.32,1,9,3,1,2,2,1,3,1,2,2
2,14,7,5,0.2,1,2,1,1,1,243.33,1,19,3,1,3,1,16,3,1,2,2
2,14,7,6,0.2,1,1,1,1,1,254.63,1,2,1,3,1,3,18,3,1,3,1
2,14,7,7,1.8,1,3,1,1,1,202.79,1,20,3,1,3,1,20,1,3,3,1
2,14,7,8,0.8,1,3,1,2,0,182.21,1,15,1,1,1,1,12,1,1,3,3
2,14,7,9,1.8,1,1,NaN,NaN,NaN,NaN,NaN,4,3,1,3,1,9,3,3,3,3
2,14,7,10,0.05,1,3,1,1,1,272.82,1,20,3,1,3,1,19,3,3,1,1
2,14,7,11,0.8,1,3,1,1,1,253.43,1,13,3,1,3,1,19,1,3,3,1
2,14,7,12,1.8,1,3,1,1,1,202.86,1,15,3,1,3,1,15,3,3,1,1
2,14,7,13,0.1,3,3,2,2,1,248.63,1,1,1,3,3,1,9,1,3,3,1
2,14,7,14,0.05,1,2,1,1,1,289.57,1,11,3,1,3,1,17,1,3,2,2
2,14,7,15,0.1,2,3,2,2,1,291.65,1,2,1,1,2,2,1,1,1,3,3
2,14,7,16,1.8,1,3,1,1,1,246.74,1,8,1,1,1,1,18,1,1,3,3
2,14,7,17,1.8,3,3,2,2,1,209.39,1,18,1,3,3,1,18,1,1,3,3
2,14,7,18,0.8,2,1,2,2,1,309.12,0,10,3,3,2,2,15,1,3,1,3
2,14,7,19,0.4,1,3,1,1,1,207.55,1,19,1,1,1,1,8,3,1,1,3
2,14,7,20,0.05,2,2,2,1,0,319.56,0,10,1,1,2,2,10,3,1,2,2
2,14,7,21,0.2,1,3,1,2,0,267.8,1,20,1,1,1,1,5,1,3,3,1
2,14,7,22,0.2,1,3,1,1,1,192.17,1,8,1,3,1,3,7,3,1,1,3
2,14,7,23,0.2,2,3,2,2,1,315.09,0,15,3,3,2,2,19,3,3,1,1
2,14,7,24,0.4,3,1,2,2,1,205.35,1,12,1,3,3,1,1,1,3,1,3
2,14,7,25,0.2,3,3,2,2,1,252.52,1,19,1,1,3,3,19,3,1,1,3
2,14,7,26,0.8,1,1,NaN,NaN,NaN,NaN,NaN,12,3,1,3,1,1,1,3,1,3
2,14,7,27,0.4,3,1,2,2,1,284.09,1,14,1,3,3,1,5,1,3,1,3
2,14,7,28,0.05,1,2,1,1,1,274.31,1,5,3,3,3,3,20,3,1,2,2
2,14,7,29,0.4,2,2,2,1,0,253.03,1,3,1,1,2,2,20,1,3,2,2
2,14,7,30,0.4,1,3,1,2,0,261.03,1,11,1,1,1,1,15,1,3,3,1
2,14,7,31,0.05,3,3,2,2,1,314.89,0,19,1,1,3,3,8,1,3,3,1
2,14,7,32,0.8,3,1,2,2,1,263.8,1,3,1,1,3,3,16,1,3,1,3
2,14,7,33,0.05,3,2,2,2,1,295.86,1,3,3,3,1,1,2,1,1,2,2
2,14,7,34,1.8,1,3,1,1,1,278.58,1,13,3,1,3,1,19,1,1,3,3
2,14,7,35,0.05,1,1,1,1,1,255.61,1,9,1,3,1,3,6,3,3,3,3
2,14,7,36,1.8,3,1,NaN,NaN,NaN,NaN,NaN,10,3,3,1,1,11,1,1,1,1
2,14,7,37,0.8,2,3,2,2,1,223.98,1,20,1,1,2,2,11,3,1,1,3
2,14,7,38,0.1,1,2,1,1,1,314.46,0,7,3,3,3,3,1,3,3,2,2
2,14,7,39,0.8,1,3,1,1,1,206.97,1,5,3,1,3,1,3,1,1,3,3
2,14,7,40,0.8,1,1,1,1,1,258.49,1,2,3,1,3,1,15,1,3,1,3
2,14,7,41,0.2,1,1,1,1,1,253,1,9,1,3,1,3,6,1,1,1,1
2,14,7,42,0.05,1,1,1,1,1,314.55,0,17,3,1,3,1,12,1,3,1,3
2,14,7,43,0.1,2,1,2,2,1,355.72,0,20,3,3,2,2,14,3,1,3,1
2,14,7,44,0.1,1,2,1,1,1,256.15,1,20,1,1,1,1,1,3,1,2,2
2,14,7,45,0.1,1,2,1,1,1,257.01,1,7,3,1,3,1,2,1,1,2,2
2,14,7,46,0.1,1,3,1,1,1,270.6,1,4,1,1,1,1,17,3,1,1,3
2,14,7,47,0.4,2,3,2,2,1,218.56,1,15,3,3,2,2,19,3,1,1,3
2,14,7,48,0.1,2,3,2,2,1,280.2,1,6,1,1,2,2,5,1,3,3,1
2,14,7,49,1.8,2,3,2,2,1,242.61,1,7,3,1,2,2,3,1,3,3,1
2,14,7,50,0.4,1,3,1,1,1,220.93,1,2,3,1,3,1,16,3,1,1,3
2,14,7,51,0.4,1,2,1,1,1,18.787,2,6,3,1,3,1,14,3,1,2,2
2,14,7,52,0.1,1,3,1,1,1,240.33,1,11,3,3,3,3,5,3,1,1,3
2,14,7,53,0.1,2,2,2,2,1,275.5,1,9,1,1,2,2,19,1,1,2,2
2,14,7,54,0.1,2,1,2,1,0,285.85,1,10,1,3,2,2,7,1,1,1,1
2,14,7,55,1.8,3,1,2,2,1,216.13,1,3,1,3,3,1,14,1,3,1,3
2,14,7,56,0.4,3,1,2,2,1,234.95,1,15,1,1,3,3,18,1,3,1,3
2,14,7,57,1.8,3,3,2,2,1,209.62,1,6,1,1,3,3,10,1,3,3,1
2,14,7,58,0.8,1,2,NaN,NaN,NaN,NaN,NaN,1,3,3,3,3,1,3,1,2,2
2,14,7,59,0.2,1,2,1,1,1,214.71,1,8,1,1,1,1,7,1,1,2,2
2,14,7,60,1.8,2,2,2,2,1,211.61,1,16,1,3,2,2,19,1,1,2,2
2,14,7,61,0.8,3,3,2,2,1,252.98,1,2,3,1,1,3,7,1,1,3,3
2,14,7,62,0.8,1,2,1,1,1,243.72,1,13,3,3,3,3,10,3,1,2,2
2,14,7,63,0.05,1,2,1,1,1,277.67,1,17,1,1,1,1,15,1,1,2,2
2,14,7,64,0.2,1,1,1,1,1,248.69,1,10,3,3,3,3,8,3,1,3,1
2,14,7,65,1.8,3,2,2,2,1,230.31,1,5,3,1,1,3,15,3,1,2,2
2,14,7,66,0.4,1,3,1,1,1,205.98,1,15,1,3,1,3,19,3,1,1,3
2,14,7,67,0.8,3,1,2,2,1,211.53,1,5,1,3,3,1,2,1,3,1,3
2,14,7,68,0.4,1,3,1,1,1,234.36,1,14,3,1,3,1,16,3,3,1,1
2,14,7,69,0.1,2,3,2,2,1,348.75,0,13,3,3,2,2,13,1,3,3,1
2,14,7,70,0.05,2,1,2,1,0,320.07,0,16,3,3,2,2,3,3,3,3,3
2,14,7,71,0.05,3,3,2,2,1,263.17,1,4,1,1,3,3,6,1,3,3,1
2,14,7,72,0.2,1,2,1,1,1,227.87,1,8,1,1,1,1,14,1,3,2,2
2,14,7,73,0.2,1,2,1,1,1,218.9,1,9,3,1,3,1,1,1,3,2,2
2,14,7,74,0.4,1,1,1,1,1,211.86,1,14,1,1,1,1,18,3,1,3,1
2,14,7,75,0.2,3,1,2,2,1,250.19,1,10,3,1,1,3,11,1,1,1,1
2,14,7,76,0.05,3,3,2,2,1,276.37,1,15,1,3,3,1,1,1,3,3,1
2,14,7,77,0.4,2,1,2,2,1,239.66,1,3,3,1,2,2,7,1,3,1,3
2,14,7,78,1.8,2,1,NaN,NaN,NaN,NaN,NaN,12,1,1,2,2,3,1,1,1,1
2,14,8,1,0.1,1,2,1,1,1,239.75,1,15,1,1,1,1,5,1,1,2,2
2,14,8,2,0.1,1,3,1,1,1,250.15,1,3,3,3,3,3,11,1,1,3,3
2,14,8,3,0.4,1,3,1,1,1,209.62,1,14,3,1,3,1,11,1,3,3,1
2,14,8,4,0.2,1,2,1,1,1,241.39,1,5,3,1,3,1,8,1,3,2,2
2,14,8,5,0.2,1,1,1,1,1,208.34,1,8,3,1,3,1,18,1,3,1,3
2,14,8,6,0.05,2,2,2,1,0,278.03,1,4,1,3,2,2,18,1,3,2,2
2,14,8,7,0.05,1,2,1,2,0,269.12,1,17,1,3,1,3,14,3,3,2,2
2,14,8,8,0.8,1,2,1,1,1,212.12,1,12,3,1,3,1,17,3,3,2,2
2,14,8,9,1.8,1,3,1,1,1,210.05,1,6,3,1,3,1,17,1,3,3,1
2,14,8,10,0.1,3,2,2,2,1,261.76,1,12,3,3,1,1,16,3,3,2,2
2,14,8,11,0.2,1,3,1,1,1,212.18,1,6,3,3,3,3,13,1,1,3,3
2,14,8,12,0.4,1,1,1,1,1,213.16,1,19,1,1,1,1,4,1,3,1,3
2,14,8,13,1.8,2,1,2,2,1,272,1,9,1,3,2,2,1,3,3,3,3
2,14,8,14,0.8,3,1,2,2,1,210.86,1,20,1,1,3,3,20,3,3,3,3
2,14,8,15,0.4,2,1,2,2,1,249.7,1,13,1,1,2,2,16,3,3,3,3
2,14,8,16,0.05,3,2,2,2,1,279.57,1,7,3,3,1,1,11,3,1,2,2
2,14,8,17,0.4,1,3,1,1,1,227.99,1,18,3,1,3,1,7,3,1,1,3
2,14,8,18,0.2,2,2,2,2,1,238.51,1,5,1,3,2,2,19,1,3,2,2
2,14,8,19,0.2,2,2,2,2,1,175.84,1,17,1,3,2,2,10,1,3,2,2
2,14,8,20,0.4,1,1,1,1,1,215.86,1,16,1,1,1,1,12,1,1,1,1
2,14,8,21,0.8,1,2,NaN,NaN,NaN,NaN,NaN,7,3,3,3,3,1,1,1,2,2
2,14,8,22,0.8,2,2,2,2,1,238.97,1,13,1,1,2,2,12,1,3,2,2
2,14,8,23,0.8,1,2,1,1,1,240.1,1,10,3,3,3,3,14,1,3,2,2
2,14,8,24,0.05,1,3,1,1,1,334.33,0,14,3,3,3,3,2,1,1,3,3
2,14,8,25,1.8,2,1,2,2,1,219.66,1,9,3,3,2,2,13,3,3,3,3
2,14,8,26,0.2,2,2,2,2,1,234.03,1,16,1,3,2,2,5,3,3,2,2
2,14,8,27,0.1,1,1,1,2,0,257.69,1,20,3,3,3,3,16,3,1,3,1
2,14,8,28,0.1,2,3,2,2,1,303.59,0,2,1,3,2,2,16,1,1,3,3
2,14,8,29,1.8,3,1,2,2,1,213.58,1,20,3,3,1,1,16,1,1,1,1
2,14,8,30,1.8,1,3,1,2,0,237.72,1,12,3,1,3,1,15,3,1,1,3
2,14,8,31,0.2,1,1,1,2,0,258.16,1,19,1,3,1,3,12,3,1,3,1
2,14,8,32,0.8,2,1,2,2,1,276.61,1,7,1,3,2,2,17,1,3,1,3
2,14,8,33,1.8,3,1,2,2,1,200.29,1,12,3,1,1,3,6,3,1,3,1
2,14,8,34,0.8,2,1,2,2,1,265.82,1,14,3,3,2,2,7,3,1,3,1
2,14,8,35,0.1,2,2,2,2,1,317.72,0,2,3,3,2,2,20,3,3,2,2
2,14,8,36,0.8,1,2,1,1,1,250.64,1,2,3,3,3,3,15,3,3,2,2
2,14,8,37,0.05,1,1,1,1,1,320.34,0,15,1,3,1,3,16,1,1,1,1
2,14,8,38,0.4,2,1,2,2,1,276.48,1,3,1,3,2,2,6,3,3,3,3
2,14,8,39,0.1,1,1,1,1,1,306.19,0,14,1,1,1,1,14,3,3,3,3
2,14,8,40,1.8,2,3,2,2,1,212.77,1,18,3,1,2,2,7,1,1,3,3
2,14,8,41,1.8,2,3,2,2,1,203.94,1,5,3,1,2,2,11,3,3,1,1
2,14,8,42,0.8,2,3,2,2,1,224.62,1,15,3,1,2,2,14,1,3,3,1
2,14,8,43,0.1,1,1,1,1,1,256.02,1,1,3,3,3,3,12,3,3,3,3
2,14,8,44,0.05,1,2,1,1,1,277.38,1,12,3,1,3,1,5,1,3,2,2
2,14,8,45,0.4,1,2,1,1,1,194.66,1,5,1,1,1,1,10,3,1,2,2
2,14,8,46,1.8,3,1,2,2,1,197.57,1,18,3,1,1,3,16,1,3,1,3
2,14,8,47,0.2,3,1,2,2,1,271.29,1,12,1,1,3,3,6,1,3,1,3
2,14,8,48,0.05,1,1,1,1,1,276.26,1,9,3,1,3,1,20,1,1,1,1
2,14,8,49,0.1,1,3,1,2,0,312.65,0,16,1,1,1,1,3,3,1,1,3
2,14,8,50,0.4,1,3,1,1,1,267.84,1,17,3,3,3,3,2,3,3,1,1
2,14,8,51,0.4,1,3,1,1,1,212.02,1,11,3,3,3,3,2,1,1,3,3
2,14,8,52,0.8,3,3,2,2,1,247.5,1,2,1,1,3,3,7,1,3,3,1
2,14,8,53,1.8,1,3,1,2,0,209.09,1,20,1,3,1,3,13,1,1,3,3
2,14,8,54,0.2,1,3,1,1,1,254.42,1,7,3,1,3,1,9,3,1,1,3
2,14,8,55,0.8,2,2,2,1,0,198.72,1,15,1,3,2,2,20,1,3,2,2
2,14,8,56,0.1,2,3,2,1,0,271.21,1,17,3,3,2,2,17,3,1,1,3
2,14,8,57,0.05,1,1,1,2,0,271.01,1,5,3,1,3,1,18,1,1,1,1
2,14,8,58,1.8,1,2,NaN,NaN,NaN,NaN,NaN,4,1,1,1,1,9,1,3,2,2
2,14,8,59,1.8,3,2,NaN,NaN,NaN,NaN,NaN,18,1,3,3,1,18,1,1,2,2
2,14,8,60,0.2,1,1,1,2,0,340.27,0,17,3,1,3,1,8,3,1,3,1
2,14,8,61,0.4,3,2,2,2,1,218.07,1,18,1,3,3,1,8,1,1,2,2
2,14,8,62,0.8,3,2,2,2,1,249.73,1,3,3,1,1,3,16,1,3,2,2
2,14,8,63,0.2,1,2,1,1,1,244.75,1,7,3,1,3,1,11,3,1,2,2
2,14,8,64,0.05,3,1,2,2,1,286.47,1,4,3,3,1,1,11,3,3,3,3
2,14,8,65,0.4,3,1,2,2,1,229.51,1,3,1,3,3,1,1,1,3,1,3
2,14,8,66,0.1,3,3,2,2,1,265.13,1,3,3,3,1,1,3,3,3,1,1
2,14,8,67,0.05,1,2,1,1,1,300.94,0,18,3,3,3,3,2,1,1,2,2
2,14,8,68,0.05,2,2,2,2,1,328.48,0,4,1,1,2,2,4,1,1,2,2
2,14,8,69,0.4,1,2,1,1,1,217.55,1,13,3,1,3,1,16,3,3,2,2
2,14,8,70,0.2,1,1,1,2,0,292.46,1,7,1,3,1,3,4,3,1,3,1
2,14,8,71,0.1,3,3,2,2,1,280.22,1,15,1,3,3,1,16,3,1,1,3
2,14,8,72,1.8,3,3,2,2,1,205.13,1,13,1,1,3,3,4,1,1,3,3
2,14,8,73,0.05,3,1,2,2,1,295.18,1,7,1,1,3,3,2,3,1,3,1
2,14,8,74,0.4,1,2,1,1,1,237.36,1,1,1,3,1,3,2,1,3,2,2
2,14,8,75,0.05,1,3,1,1,1,322.86,0,20,3,3,3,3,7,1,3,3,1
2,14,8,76,0.8,3,3,2,2,1,226.04,1,9,1,3,3,1,3,1,3,3,1
2,14,8,77,0.1,3,3,2,2,1,253.68,1,11,3,1,1,3,10,1,3,3,1
2,14,8,78,0.2,2,2,2,2,1,319.83,0,5,3,1,2,2,2,1,3,2,2
2,14,9,1,1.8,1,1,1,1,1,216.07,1,13,1,1,1,1,11,1,1,1,1
2,14,9,2,0.4,1,3,1,1,1,222.57,1,7,3,3,3,3,12,3,1,1,3
2,14,9,3,0.4,1,1,1,1,1,214.64,1,12,1,3,1,3,2,3,1,3,1
2,14,9,4,0.2,1,3,1,1,1,236.73,1,4,3,3,3,3,6,1,1,3,3
2,14,9,5,1.8,1,2,1,1,1,193.96,1,2,1,1,1,1,9,1,1,2,2
2,14,9,6,0.8,3,2,2,2,1,200.68,1,13,3,1,1,3,11,1,3,2,2
2,14,9,7,0.8,3,1,2,2,1,235.12,1,7,3,3,1,1,4,1,1,1,1
2,14,9,8,0.8,3,1,2,2,1,175.71,1,7,1,3,3,1,17,3,3,3,3
2,14,9,9,1.8,1,3,1,1,1,192.98,1,2,1,3,1,3,3,1,1,3,3
2,14,9,10,0.1,2,2,2,2,1,280.17,1,5,3,1,2,2,13,3,3,2,2
2,14,9,11,0.8,1,1,1,1,1,208.15,1,6,1,3,1,3,19,1,1,1,1
2,14,9,12,1.8,1,3,1,1,1,170.87,1,12,3,3,3,3,5,3,3,1,1
2,14,9,13,1.8,1,3,1,2,0,175.96,1,8,3,1,3,1,16,1,1,3,3
2,14,9,14,0.1,3,1,2,2,1,259.47,1,13,3,3,1,1,2,1,1,1,1
2,14,9,15,0.2,1,2,1,1,1,256.25,1,2,3,3,3,3,6,3,3,2,2
2,14,9,16,0.2,1,1,1,1,1,234.88,1,4,1,1,1,1,6,3,3,3,3
2,14,9,17,0.2,1,3,1,1,1,226.13,1,19,1,1,1,1,11,3,1,1,3
2,14,9,18,0.05,2,3,2,2,1,269.56,1,9,1,1,2,2,7,3,1,1,3
2,14,9,19,0.05,1,2,1,1,1,250.46,1,1,1,1,1,1,15,1,3,2,2
2,14,9,20,1.8,1,3,1,2,0,216.56,1,18,1,1,1,1,19,3,1,1,3
2,14,9,21,0.4,1,3,1,1,1,63.014,2,19,1,3,1,3,20,3,3,1,1
2,14,9,22,0.1,3,2,2,2,1,283.28,1,7,1,1,3,3,18,3,3,2,2
2,14,9,23,0.4,1,3,1,1,1,209.77,1,2,1,1,1,1,13,1,1,3,3
2,14,9,24,0.2,1,3,1,1,1,256.53,1,18,3,1,3,1,10,3,1,1,3
2,14,9,25,0.05,3,3,2,2,1,304.24,0,2,3,3,1,1,11,1,3,3,1
2,14,9,26,0.05,1,3,1,1,1,304.25,0,17,3,1,3,1,2,3,3,1,1
2,14,9,27,0.05,1,1,1,1,1,247.96,1,2,1,3,1,3,5,3,1,3,1
2,14,9,28,0.8,1,3,1,1,1,258.09,1,7,3,1,3,1,11,1,1,3,3
2,14,9,29,0.2,1,1,1,1,1,240.39,1,8,1,1,1,1,12,3,3,3,3
2,14,9,30,0.4,1,1,1,1,1,213.11,1,5,3,3,3,3,2,3,3,3,3
2,14,9,31,0.4,2,3,2,2,1,227.49,1,6,3,3,2,2,1,3,3,1,1
2,14,9,32,0.2,1,2,1,2,0,366.63,0,4,1,1,1,1,17,1,1,2,2
2,14,9,33,0.4,1,3,1,1,1,213.32,1,17,3,3,3,3,13,3,3,1,1
2,14,9,34,0.05,1,1,1,1,1,311.95,0,17,3,1,3,1,19,3,1,3,1
2,14,9,35,0.05,1,2,1,1,1,298.1,1,15,1,3,1,3,5,1,3,2,2
2,14,9,36,0.4,2,2,2,2,1,274.46,1,4,1,3,2,2,6,3,3,2,2
2,14,9,37,0.8,2,1,2,2,1,199.73,1,14,3,3,2,2,2,1,1,1,1
2,14,9,38,0.8,1,2,1,1,1,208.25,1,6,3,3,3,3,15,3,1,2,2
2,14,9,39,1.8,3,3,2,2,1,152.53,1,2,3,1,1,3,2,3,1,1,3
2,14,9,40,0.1,1,2,1,1,1,264.04,1,9,1,1,1,1,9,3,1,2,2
2,14,9,41,0.4,1,3,1,1,1,236.9,1,12,3,3,3,3,19,3,3,1,1
2,14,9,42,0.4,1,3,1,1,1,264.68,1,18,3,1,3,1,3,1,3,3,1
2,14,9,43,0.2,1,1,1,1,1,237.16,1,19,1,3,1,3,15,3,1,3,1
2,14,9,44,0.1,3,1,2,2,1,284.87,1,6,3,1,1,3,12,3,1,3,1
2,14,9,45,0.1,1,3,1,1,1,282.65,1,4,3,1,3,1,17,1,1,3,3
2,14,9,46,0.05,1,1,1,1,1,348.01,0,6,3,1,3,1,18,3,1,3,1
2,14,9,47,0.2,2,2,2,2,1,333.61,0,17,1,3,2,2,13,1,3,2,2
2,14,9,48,0.1,1,2,1,1,1,242.68,1,12,3,3,3,3,12,3,1,2,2
2,14,9,49,1.8,2,3,2,2,1,219.57,1,20,3,1,2,2,3,1,3,3,1
2,14,9,50,0.8,3,1,2,2,1,203.33,1,11,3,1,1,3,15,3,1,3,1
2,14,9,51,0.4,2,1,2,1,0,253.6,1,12,3,1,2,2,4,1,3,1,3
2,14,9,52,1.8,1,2,1,1,1,168.84,1,12,3,1,3,1,9,3,3,2,2
2,14,9,53,1.8,3,2,2,2,1,239.11,1,1,3,1,1,3,18,1,3,2,2
2,14,9,54,0.8,1,2,1,1,1,208.14,1,9,1,1,1,1,5,1,3,2,2
2,14,9,55,0.8,1,3,1,1,1,191.33,1,17,1,3,1,3,12,1,3,3,1
2,14,9,56,0.8,2,1,2,1,0,224.49,1,12,1,3,2,2,17,3,1,3,1
2,14,9,57,0.1,2,3,2,2,1,292.29,1,14,3,3,2,2,18,3,1,1,3
2,14,9,58,0.1,1,3,1,1,1,230.86,1,10,1,1,1,1,15,1,1,3,3
2,14,9,59,0.05,1,3,1,1,1,263.84,1,7,1,1,1,1,10,3,3,1,1
2,14,9,60,0.8,3,3,2,2,1,263.65,1,14,3,1,1,3,5,3,1,1,3
2,14,9,61,0.05,2,2,2,1,0,266.89,1,13,1,3,2,2,16,1,3,2,2
2,14,9,62,1.8,1,1,1,1,1,228.72,1,5,1,3,1,3,5,1,3,1,3
2,14,9,63,0.4,3,1,2,2,1,254.54,1,19,3,1,1,3,12,3,3,3,3
2,14,9,64,0.05,1,3,1,1,1,312.04,0,19,1,1,1,1,14,1,3,3,1
2,14,9,65,0.1,3,2,2,2,1,358.23,0,13,3,1,1,3,1,1,1,2,2
2,14,9,66,0.1,3,3,2,2,1,307.6,0,15,3,3,1,1,16,1,1,3,3
2,14,9,67,0.2,2,2,2,2,1,329.27,0,16,1,1,2,2,10,3,1,2,2
2,14,9,68,0.05,3,2,2,2,1,274.3,1,19,3,1,1,3,11,1,1,2,2
2,14,9,69,0.4,2,2,2,2,1,112.95,1,3,3,3,2,2,9,1,1,2,2
2,14,9,70,0.2,3,1,2,2,1,264.66,1,5,3,3,1,1,11,1,1,1,1
2,14,9,71,0.2,2,2,2,2,1,261.85,1,2,3,1,2,2,2,3,3,2,2
2,14,9,72,0.8,2,3,2,2,1,208.56,1,4,3,1,2,2,15,3,3,1,1
2,14,9,73,0.2,2,1,2,2,1,260.57,1,9,1,3,2,2,13,3,3,3,3
2,14,9,74,0.1,3,1,2,2,1,301.83,0,8,1,1,3,3,10,1,3,1,3
2,14,9,75,1.8,1,2,1,1,1,194.81,1,17,1,1,1,1,4,1,3,2,2
2,14,9,76,0.05,1,2,1,1,1,291.11,1,19,1,1,1,1,9,1,1,2,2
2,14,9,77,1.8,1,1,1,1,1,209.83,1,15,1,3,1,3,2,3,3,3,3
2,14,9,78,0.1,1,1,1,1,1,306.53,0,4,3,1,3,1,19,1,3,1,3
2,14,10,1,0.2,2,1,2,1,0,255.88,1,12,1,3,2,2,1,1,3,1,3
2,14,10,2,0.8,3,1,2,2,1,227.91,1,14,1,3,3,1,9,1,3,1,3
2,14,10,3,0.1,3,2,2,2,1,245.08,1,20,1,1,3,3,8,3,1,2,2
2,14,10,4,1.8,1,3,1,1,1,292.44,1,9,1,3,1,3,17,3,1,1,3
2,14,10,5,0.05,2,1,2,1,0,251.63,1,18,3,3,2,2,13,1,3,1,3
2,14,10,6,1.8,2,2,2,1,0,211.31,1,18,3,1,2,2,5,1,3,2,2
2,14,10,7,0.1,1,3,1,1,1,250.76,1,13,1,1,1,1,19,3,1,1,3
2,14,10,8,0.05,2,3,2,1,0,283.56,1,15,1,1,2,2,2,1,1,3,3
2,14,10,9,0.1,2,3,2,1,0,218.65,1,9,1,3,2,2,1,3,3,1,1
2,14,10,10,0.05,3,2,2,2,1,273.68,1,9,1,1,3,3,7,3,1,2,2
2,14,10,11,0.8,2,2,2,2,1,197.68,1,6,1,1,2,2,12,1,1,2,2
2,14,10,12,1.8,2,2,2,2,1,212.35,1,16,3,1,2,2,7,1,1,2,2
2,14,10,13,1.8,1,2,1,1,1,206.99,1,7,3,3,3,3,1,3,1,2,2
2,14,10,14,0.4,1,1,1,1,1,243.37,1,12,3,1,3,1,8,3,3,3,3
2,14,10,15,0.2,2,3,2,2,1,264.82,1,18,1,3,2,2,5,1,1,3,3
2,14,10,16,0.4,2,2,2,2,1,229.27,1,3,1,1,2,2,16,1,3,2,2
2,14,10,17,0.4,1,1,1,1,1,250.54,1,7,1,1,1,1,7,1,1,1,1
2,14,10,18,0.2,3,3,2,2,1,221.95,1,18,1,1,3,3,8,1,1,3,3
2,14,10,19,0.05,3,2,2,2,1,277.53,1,5,3,3,1,1,2,3,3,2,2
2,14,10,20,0.8,2,1,2,2,1,226.29,1,2,1,1,2,2,16,3,1,3,1
2,14,10,21,0.05,1,2,1,1,1,279.58,1,13,3,3,3,3,15,1,1,2,2
2,14,10,22,0.05,1,2,1,1,1,316.54,0,10,3,3,3,3,1,1,3,2,2
2,14,10,23,0.2,3,2,2,2,1,242.6,1,6,3,3,1,1,8,3,1,2,2
2,14,10,24,1.8,3,3,2,2,1,178.26,1,19,1,3,3,1,16,3,3,1,1
2,14,10,25,0.8,1,1,1,1,1,227.09,1,2,1,3,1,3,15,1,1,1,1
2,14,10,26,0.2,1,2,1,1,1,249.44,1,13,3,1,3,1,7,3,3,2,2
2,14,10,27,0.05,1,3,1,1,1,278.45,1,20,3,1,3,1,13,1,1,3,3
2,14,10,28,0.1,2,3,2,1,0,323.89,0,4,3,3,2,2,4,1,3,3,1
2,14,10,29,0.2,1,1,1,1,1,299.29,1,18,1,3,1,3,20,1,1,1,1
2,14,10,30,0.4,3,1,2,2,1,224.31,1,14,1,1,3,3,16,3,3,3,3
2,14,10,31,0.4,1,1,1,1,1,210.1,1,16,3,3,3,3,5,1,3,1,3
2,14,10,32,0.4,1,2,1,1,1,260.75,1,15,3,1,3,1,11,3,3,2,2
2,14,10,33,0.1,2,1,2,2,1,318.61,0,12,1,1,2,2,11,3,3,3,3
2,14,10,34,0.8,1,3,1,1,1,224.61,1,1,3,1,3,1,12,1,3,3,1
2,14,10,35,0.4,3,1,2,2,1,223.98,1,9,3,1,1,3,16,3,3,3,3
2,14,10,36,0.8,1,1,1,1,1,248.37,1,8,3,1,3,1,10,1,3,1,3
2,14,10,37,0.8,1,1,1,1,1,209.65,1,2,3,1,3,1,2,1,1,1,1
2,14,10,38,0.2,1,2,1,1,1,268.19,1,6,3,1,3,1,1,1,3,2,2
2,14,10,39,0.05,1,3,1,1,1,271.1,1,6,3,3,3,3,18,1,1,3,3
2,14,10,40,1.8,1,1,NaN,NaN,NaN,NaN,NaN,13,1,1,1,1,13,3,1,3,1
2,14,10,41,1.8,2,3,2,1,0,202.55,1,13,3,1,2,2,11,1,1,3,3
2,14,10,42,0.4,2,2,2,1,0,263.39,1,19,3,3,2,2,2,1,1,2,2
2,14,10,43,0.8,2,2,2,1,0,240.46,1,4,3,3,2,2,2,1,1,2,2
2,14,10,44,0.05,2,3,2,1,0,314.47,0,1,1,1,2,2,3,3,1,1,3
2,14,10,45,0.1,1,2,1,1,1,296.58,1,16,1,1,1,1,6,1,3,2,2
2,14,10,46,0.2,2,2,2,1,0,247.05,1,17,3,1,2,2,12,3,3,2,2
2,14,10,47,0.2,2,3,2,2,1,248.2,1,7,1,1,2,2,2,1,1,3,3
2,14,10,48,0.4,3,2,2,2,1,260.58,1,20,1,1,3,3,6,3,1,2,2
2,14,10,49,0.2,3,3,2,2,1,317.96,0,20,3,1,1,3,8,1,3,3,1
2,14,10,50,0.2,2,2,2,1,0,184.2,1,11,3,1,2,2,14,3,1,2,2
2,14,10,51,0.8,1,3,1,1,1,191.04,1,10,3,3,3,3,12,3,3,1,1
2,14,10,52,0.8,2,3,2,2,1,186.63,1,9,1,1,2,2,7,3,1,1,3
2,14,10,53,0.1,3,1,2,2,1,259.11,1,10,1,3,3,1,4,3,1,3,1
2,14,10,54,1.8,1,3,1,1,1,208.59,1,6,3,3,3,3,1,3,1,1,3
2,14,10,55,0.1,3,3,2,2,1,254.44,1,4,1,1,3,3,7,1,1,3,3
2,14,10,56,0.05,1,1,1,1,1,265.42,1,8,3,3,3,3,10,3,1,3,1
2,14,10,57,0.1,1,2,1,1,1,210.27,1,15,1,3,1,3,10,1,3,2,2
2,14,10,58,0.4,1,2,1,1,1,224.47,1,20,1,1,1,1,17,3,3,2,2
2,14,10,59,1.8,1,1,1,1,1,197.03,1,16,1,1,1,1,1,1,1,1,1
2,14,10,60,0.8,3,2,2,2,1,220.88,1,14,3,1,1,3,10,1,1,2,2
2,14,10,61,0.1,1,2,1,1,1,242.13,1,18,3,3,3,3,18,1,1,2,2
2,14,10,62,1.8,2,3,2,2,1,212.71,1,16,1,1,2,2,14,3,1,1,3
2,14,10,63,0.05,2,1,2,1,0,298.51,1,4,3,3,2,2,3,3,1,3,1
2,14,10,64,0.1,2,1,2,2,1,284.29,1,7,1,1,2,2,12,3,1,3,1
2,14,10,65,0.4,1,3,NaN,NaN,NaN,NaN,NaN,5,1,3,1,3,14,1,1,3,3
2,14,10,66,0.2,3,3,2,2,1,246.46,1,11,1,3,3,1,18,3,3,1,1
2,14,10,67,0.05,3,2,2,2,1,287.39,1,20,3,1,1,3,7,1,3,2,2
2,14,10,68,0.1,2,2,2,1,0,254.33,1,10,1,1,2,2,14,1,3,2,2
2,14,10,69,0.2,3,2,2,2,1,203.59,1,8,1,3,3,1,18,3,3,2,2
2,14,10,70,1.8,2,3,NaN,NaN,NaN,NaN,NaN,19,3,3,2,2,20,3,3,1,1
2,14,10,71,1.8,1,3,1,1,1,245.46,1,10,3,3,3,3,4,1,3,3,1
2,14,10,72,0.05,2,2,2,2,1,281.04,1,13,3,3,2,2,1,1,1,2,2
2,14,10,73,0.4,3,3,2,2,1,220.26,1,6,1,3,3,1,16,3,1,1,3
2,14,10,74,0.1,1,1,1,1,1,269.49,1,3,3,3,3,3,14,1,1,1,1
2,14,10,75,0.8,3,2,NaN,NaN,NaN,NaN,NaN,16,1,3,3,1,4,1,1,2,2
2,14,10,76,0.8,1,3,1,1,1,211.91,1,4,3,3,3,3,10,1,1,3,3
2,14,10,77,0.4,1,2,1,1,1,235.51,1,10,1,1,1,1,20,3,1,2,2
2,14,10,78,1.8,2,1,2,2,1,255.2,1,13,3,3,2,2,13,1,1,1,1
