3,13,1,1,0.4,1,1,1,1,1,290.96,1,5,3,1,3,1,4,3,1,3,1
3,13,1,2,1.8,2,2,2,2,1,181.48,1,2,3,1,2,2,14,3,1,2,2
3,13,1,3,0.1,3,3,2,2,1,222.91,1,8,3,1,1,3,5,3,3,1,1
3,13,1,4,0.05,1,1,1,1,1,264.59,1,3,1,3,1,3,3,1,3,1,3
3,13,1,5,0.8,1,1,1,1,1,284.72,1,1,1,1,1,1,4,1,1,1,1
3,13,1,6,0.2,1,1,1,1,1,309.61,0,2,1,1,1,1,19,1,3,1,3
3,13,1,7,0.1,2,3,2,2,1,280.72,1,9,3,3,2,2,4,1,1,3,3
3,13,1,8,0.4,2,3,2,2,1,32.986,2,6,1,3,2,2,12,3,3,1,1
3,13,1,9,0.1,1,2,1,1,1,285.45,1,4,1,3,1,3,20,1,1,2,2
3,13,1,10,0.2,1,2,1,1,1,218.72,1,17,3,1,3,1,12,1,1,2,2
3,13,1,11,0.1,1,3,1,1,1,281.05,1,2,3,3,3,3,9,1,1,3,3
3,13,1,12,0.05,3,1,2,2,1,281.84,1,6,1,1,3,3,4,3,3,3,3
3,13,1,13,0.2,1,3,1,1,1,284.55,1,4,1,1,1,1,16,1,1,3,3
3,13,1,14,1.8,2,2,2,2,1,239.03,1,9,3,1,2,2,2,3,1,2,2
3,13,1,15,1.8,3,2,2,2,1,230.18,1,9,3,3,1,1,6,3,1,2,2
3,13,1,16,1.8,1,1,1,2,0,258.27,1,2,1,1,1,1,6,3,1,3,1
3,13,1,17,0.4,2,1,2,2,1,225.43,1,3,3,3,2,2,11,1,1,1,1
3,13,1,18,0.4,3,2,2,2,1,275.74,1,7,1,1,3,3,11,1,1,2,2
3,13,1,19,0.2,3,1,2,2,1,267.97,1,9,3,3,1,1,6,3,1,3,1
3,13,1,20,0.8,3,2,2,2,1,431.02,0,7,3,3,1,1,17,3,3,2,2
3,13,1,21,0.8,2,2,2,1,0,212.99,1,4,1,3,2,2,1,3,3,2,2
3,13,1,22,0.05,3,3,2,2,1,305.65,0,12,1,3,3,1,20,1,3,3,1
3,13,1,23,0.8,3,3,2,2,1,212.78,1,6,3,1,1,3,20,3,1,1,3
3,13,1,24,0.05,2,1,2,1,0,376.58,0,12,1,1,2,2,11,3,1,3,1
3,13,1,25,0.8,2,1,2,2,1,219.7,1,13,3,3,2,2,8,3,1,3,1
3,13,1,26,1.8,1,3,1,1,1,244.21,1,18,1,3,1,3,15,3,3,1,1
3,13,1,27,0.4,2,2,2,2,1,229.88,1,2,3,1,2,2,2,3,3,2,2
3,13,1,28,0.8,1,3,1,1,1,200.04,1,15,1,1,1,1,13,1,3,3,1
3,13,1,29,1.8,1,3,1,1,1,271.5,1,15,3,3,3,3,2,3,3,1,1
3,13,1,30,0.4,2,2,2,2,1,304.1,0,19,1,3,2,2,11,1,3,2,2
3,13,1,31,1.8,1,3,1,1,1,259.14,1,20,1,1,1,1,13,1,1,3,3
3,13,1,32,0.1,2,1,2,1,0,306.03,0,12,3,3,2,2,7,3,3,3,3
3,13,1,33,0.05,1,2,1,1,1,234.08,1,5,3,1,3,1,9,3,3,2,2
3,13,1,34,1.8,3,2,2,2,1,227.79,1,6,3,3,1,1,7,3,1,2,2
3,13,1,35,0.8,3,1,2,2,1,250.54,1,9,3,1,1,3,6,3,1,3,1
3,13,1,36,0.1,1,2,1,1,1,309.38,0,15,1,3,1,3,11,1,1,2,2
3,13,1,37,1.8,2,1,2,2,1,239,1,5,3,3,2,2,20,3,1,3,1
3,13,1,38,1.8,1,2,1,1,1,246.21,1,11,3,3,3,3,12,1,1,2,2
3,13,1,39,0.8,1,3,1,1,1,239.68,1,11,3,1,3,1,1,1,1,3,3
3,13,1,40,0.8,2,2,2,2,1,291.29,1,9,1,3,2,2,3,1,3,2,2
3,13,1,41,0.2,1,2,1,1,1,287.26,1,4,3,1,3,1,14,1,1,2,2
3,13,1,42,0.1,1,2,1,2,0,276.58,1,7,3,1,3,1,16,3,3,2,2
3,13,1,43,0.1,1,1,1,1,1,263.68,1,13,3,3,3,3,9,1,1,1,1
3,13,1,44,0.8,1,3,1,1,1,199.62,1,19,1,1,1,1,3,1,1,3,3
3,13,1,45,0.05,3,1,2,2,1,303.77,0,19,1,3,3,1,14,3,3,3,3
3,13,1,46,0.05,1,3,1,1,1,261.41,1,10,3,3,3,3,12,3,1,1,3
3,13,1,47,0.2,3,2,2,2,1,170.98,1,18,3,1,1,3,11,3,1,2,2
3,13,1,48,0.4,2,3,2,2,1,261.95,1,4,1,3,2,2,1,1,1,3,3
3,13,1,49,0.1,1,2,1,2,0,289.49,1,19,1,1,1,1,15,1,3,2,2
3,13,1,50,0.1,1,2,1,1,1,271.11,1,11,3,1,3,1,14,3,1,2,2
3,13,1,51,0.05,1,1,1,1,1,264.84,1,16,3,1,3,1,12,3,3,3,3
3,13,1,52,0.05,3,1,2,1,0,262.77,1,1,1,1,3,3,18,1,1,1,1
3,13,1,53,0.2,1,2,1,1,1,248.13,1,6,3,1,3,1,8,1,1,2,2
3,13,1,54,0.2,1,1,1,1,1,116.6,1,7,1,3,1,3,17,3,3,3,3
3,13,1,55,0.05,1,1,1,1,1,270.19,1,15,1,1,1,1,2,1,1,1,1
3,13,1,56,0.2,1,1,1,1,1,259.2,1,5,3,1,3,1,18,3,1,3,1
3,13,1,57,0.05,3,2,2,2,1,228.56,1,1,3,1,1,3,7,1,1,2,2
3,13,1,58,0.4,1,3,1,1,1,224.82,1,9,3,3,3,3,3,1,3,3,1
3,13,1,59,0.1,2,3,2,1,0,232.23,1,6,1,3,2,2,4,1,3,3,1
3,13,1,60,0.8,1,3,1,1,1,245.23,1,5,3,3,3,3,18,1,3,3,1
3,13,1,61,0.4,1,1,1,1,1,241.35,1,19,1,1,1,1,12,1,1,1,1
3,13,1,62,0.8,2,2,2,2,1,205.58,1,8,1,1,2,2,20,1,3,2,2
3,13,1,63,1.8,3,3,NaN,NaN,NaN,NaN,NaN,14,3,1,1,3,4,1,1,3,3
3,13,1,64,0.1,1,3,1,1,1,516.22,0,17,1,1,1,1,1,3,1,1,3
3,13,1,65,0.4,1,3,1,1,1,3014.4,0,17,3,3,3,3,2,3,3,1,1
3,13,1,66,0.05,1,1,1,2,0,347.8,0,6,1,1,1,1,12,3,3,3,3
3,13,1,67,0.4,3,1,2,2,1,249.53,1,9,3,3,1,1,18,3,1,3,1
3,13,1,68,0.1,1,3,1,1,1,296.84,1,9,1,3,1,3,12,1,1,3,3
3,13,1,69,0.8,3,2,2,2,1,238.79,1,1,3,3,1,1,2,1,1,2,2
3,13,1,70,0.2,2,1,2,2,1,250.15,1,1,1,3,2,2,11,1,3,1,3
3,13,1,71,1.8,3,3,NaN,NaN,NaN,NaN,NaN,12,3,1,1,3,2,1,3,3,1
3,13,1,72,1.8,2,1,2,1,0,280.19,1,20,1,1,2,2,18,3,3,3,3
3,13,1,73,0.2,2,1,2,1,0,331.44,0,17,1,1,2,2,15,3,3,3,3
3,13,1,74,0.4,3,1,2,2,1,246.92,1,9,3,3,1,1,14,1,1,1,1
3,13,1,75,0.2,1,2,1,1,1,300.1,0,11,3,1,3,1,17,1,1,2,2
3,13,1,76,0.05,3,3,2,2,1,289.31,1,9,3,1,1,3,14,1,3,3,1
3,13,1,77,0.4,3,1,2,1,0,339.11,0,12,1,1,3,3,12,3,3,3,3
3,13,1,78,0.2,3,1,2,2,1,241.24,1,11,3,3,1,1,19,1,1,1,1
3,13,2,1,0.1,2,2,2,1,0,255.09,1,17,3,1,2,2,6,3,1,2,2
3,13,2,2,0.8,2,1,2,2,1,251.99,1,4,3,1,2,2,9,1,1,1,1
3,13,2,3,1.8,3,3,2,1,0,228.39,1,4,1,1,3,3,11,3,1,1,3
3,13,2,4,0.4,1,3,1,1,1,293.44,1,3,3,3,3,3,16,3,3,1,1
3,13,2,5,0.8,1,3,1,1,1,358.91,0,18,3,3,3,3,16,3,1,1,3
3,13,2,6,0.2,3,1,2,2,1,236.62,1,11,1,3,3,1,18,1,3,1,3
3,13,2,7,0.1,3,1,2,1,0,266.64,1,6,3,1,1,3,2,3,1,3,1
3,13,2,8,0.1,1,1,1,1,1,292.62,1,9,3,1,3,1,7,1,1,1,1
3,13,2,9,1.8,3,3,2,2,1,308.19,0,10,1,1,3,3,9,3,3,1,1
3,13,2,10,0.1,2,3,2,2,1,268.99,1,19,3,3,2,2,11,1,1,3,3
3,13,2,11,0.05,3,2,2,2,1,317.14,0,16,1,3,3,1,16,1,3,2,2
3,13,2,12,0.05,3,2,2,2,1,293.44,1,12,1,3,3,1,9,1,3,2,2
3,13,2,13,0.4,2,2,2,2,1,250.34,1,2,3,3,2,2,13,1,3,2,2
3,13,2,14,1.8,3,3,2,2,1,302.12,0,10,1,3,3,1,14,3,1,1,3
3,13,2,15,0.4,3,1,2,2,1,333.11,0,11,3,3,1,1,5,3,1,3,1
3,13,2,16,0.1,1,3,1,1,1,290.88,1,13,3,1,3,1,9,1,3,3,1
3,13,2,17,0.2,2,3,2,1,0,304.92,0,8,3,1,2,2,10,1,1,3,3
3,13,2,18,0.2,2,1,2,2,1,381,0,19,3,1,2,2,15,1,1,1,1
3,13,2,19,0.8,1,1,1,1,1,247.81,1,8,3,3,3,3,7,1,3,1,3
3,13,2,20,0.8,1,1,1,1,1,273.9,1,20,1,1,1,1,8,1,1,1,1
3,13,2,21,0.4,1,2,1,1,1,299.94,1,2,1,3,1,3,5,3,3,2,2
3,13,2,22,0.05,1,1,1,1,1,317.53,0,8,3,1,3,1,11,1,3,1,3
3,13,2,23,0.4,1,3,1,1,1,337.06,0,5,1,3,1,3,2,1,1,3,3
3,13,2,24,1.8,2,3,2,2,1,269.43,1,2,3,1,2,2,1,3,1,1,3
3,13,2,25,0.2,2,2,2,2,1,301.94,0,17,3,3,2,2,19,3,1,2,2
3,13,2,26,0.05,1,1,1,1,1,290.2,1,7,3,3,3,3,8,3,3,3,3
3,13,2,27,0.1,2,2,2,1,0,249.77,1,7,1,3,2,2,11,1,3,2,2
3,13,2,28,0.2,1,2,1,1,1,292.87,1,13,3,1,3,1,6,3,1,2,2
3,13,2,29,1.8,1,1,1,1,1,253.7,1,2,1,1,1,1,5,3,1,3,1
3,13,2,30,0.05,2,2,2,2,1,312.99,0,3,1,1,2,2,20,1,1,2,2
3,13,2,31,0.8,1,3,1,1,1,268.73,1,9,1,3,1,3,9,3,3,1,1
3,13,2,32,1.8,3,2,2,2,1,298.85,1,12,1,3,3,1,4,1,3,2,2
3,13,2,33,0.4,3,2,2,2,1,275.57,1,18,3,1,1,3,5,3,1,2,2
3,13,2,34,0.4,3,1,2,2,1,301.4,0,5,3,1,1,3,16,3,1,3,1
3,13,2,35,0.8,2,2,2,2,1,272.59,1,11,1,1,2,2,12,3,3,2,2
3,13,2,36,0.4,1,1,1,1,1,282.97,1,1,3,1,3,1,18,1,3,1,3
3,13,2,37,0.1,3,3,2,2,1,552.57,0,15,3,1,1,3,1,1,3,3,1
3,13,2,38,0.8,1,2,1,1,1,327.94,0,7,3,1,3,1,10,3,1,2,2
3,13,2,39,0.1,1,3,1,1,1,297.03,1,1,3,3,3,3,3,3,1,1,3
3,13,2,40,1.8,2,1,2,1,0,272.56,1,10,1,3,2,2,3,1,3,1,3
3,13,2,41,0.05,1,3,1,1,1,258.11,1,3,3,3,3,3,8,1,3,3,1
3,13,2,42,0.8,3,3,NaN,NaN,NaN,NaN,NaN,8,1,3,3,1,2,1,3,3,1
3,13,2,43,1.8,1,2,1,1,1,303.51,0,20,1,3,1,3,6,3,3,2,2
3,13,2,44,0.1,3,1,2,2,1,303.26,0,15,3,1,1,3,16,3,1,3,1
3,13,2,45,0.8,1,3,1,1,1,233.94,1,17,1,1,1,1,12,3,1,1,3
3,13,2,46,1.8,1,2,1,1,1,199.35,1,13,1,3,1,3,4,1,1,2,2
3,13,2,47,0.05,2,3,2,1,0,335.15,0,17,3,1,2,2,8,1,3,3,1
3,13,2,48,0.8,3,2,2,2,1,308.13,0,10,1,1,3,3,19,1,1,2,2
3,13,2,49,0.2,3,3,2,2,1,292.72,1,11,3,3,1,1,6,3,3,1,1
3,13,2,50,0.2,1,2,1,1,1,249.73,1,5,3,1,3,1,7,1,3,2,2
3,13,2,51,0.2,2,2,2,2,1,277.57,1,14,3,1,2,2,16,3,3,2,2
3,13,2,52,0.05,3,2,2,1,0,299.13,1,7,1,1,3,3,14,1,3,2,2
3,13,2,53,0.1,3,1,2,2,1,281.37,1,6,3,1,1,3,4,3,3,3,3
3,13,2,54,0.4,1,3,1,1,1,300.09,0,10,3,1,3,1,10,1,1,3,3
3,13,2,55,0.1,3,1,2,2,1,295.61,1,9,1,3,3,1,2,1,1,1,1
3,13,2,56,0.4,2,3,2,1,0,242.71,1,12,3,1,2,2,2,3,1,1,3
3,13,2,57,0.05,3,3,2,2,1,326.83,0,2,3,1,1,3,20,3,3,1,1
3,13,2,58,0.05,1,3,1,1,1,278.23,1,2,1,3,1,3,15,3,3,1,1
3,13,2,59,0.2,1,3,1,1,1,332.2,0,9,3,3,3,3,3,1,1,3,3
3,13,2,60,0.1,1,1,1,1,1,270.91,1,12,3,1,3,1,1,1,3,1,3
3,13,2,61,0.05,2,2,2,2,1,298.9,1,3,1,3,2,2,12,1,3,2,2
3,13,2,62,0.2,1,3,1,1,1,280.75,1,9,1,3,1,3,4,3,1,1,3
3,13,2,63,0.4,1,3,1,1,1,306.25,0,15,3,3,3,3,3,3,1,1,3
3,13,2,64,0.05,1,1,1,1,1,321.32,0,7,3,3,3,3,11,3,1,3,1
3,13,2,65,1.8,2,2,2,2,1,229.04,1,7,3,1,2,2,10,1,3,2,2
3,13,2,66,1.8,3,1,2,2,1,286.66,1,5,1,3,3,1,15,1,1,1,1
3,13,2,67,1.8,1,2,1,1,1,274.63,1,17,3,1,3,1,14,3,1,2,2
3,13,2,68,0.2,1,3,1,1,1,262.08,1,18,1,3,1,3,16,1,3,3,1
3,13,2,69,0.05,1,3,1,1,1,305.07,0,18,3,3,3,3,16,3,3,1,1
3,13,2,70,0.8,1,2,NaN,NaN,NaN,NaN,NaN,13,3,1,3,1,13,1,3,2,2
3,13,2,71,0.4,1,1,1,1,1,258.67,1,14,1,3,1,3,2,1,3,1,3
3,13,2,72,0.8,1,3,1,1,1,258.89,1,15,1,1,1,1,18,1,3,3,1
3,13,2,73,0.1,2,1,2,2,1,280.65,1,14,3,1,2,2,18,3,1,3,1
3,13,2,74,0.4,1,3,1,1,1,300.6,0,14,3,3,3,3,2,1,1,3,3
3,13,2,75,0.8,1,2,1,1,1,297.07,1,12,1,3,1,3,2,3,3,2,2
3,13,2,76,1.8,1,1,1,1,1,220.07,1,13,1,1,1,1,20,1,1,1,1
3,13,2,77,0.2,3,1,2,2,1,281.69,1,4,3,3,1,1,7,1,3,1,3
3,13,2,78,0.2,1,3,1,1,1,248.06,1,6,3,1,3,1,5,1,3,3,1
3,13,3,1,0.1,3,3,2,2,1,265.1,1,12,1,3,3,1,15,3,1,1,3
3,13,3,2,0.05,1,3,1,1,1,283.07,1,1,1,3,1,3,16,3,3,1,1
3,13,3,3,1.8,1,1,1,1,1,246.43,1,8,3,3,3,3,6,3,3,3,3
3,13,3,4,0.2,2,3,2,2,1,283.33,1,19,3,1,2,2,14,1,1,3,3
3,13,3,5,0.05,1,1,1,1,1,291.59,1,5,3,3,3,3,17,1,1,1,1
3,13,3,6,1.8,3,2,NaN,NaN,NaN,NaN,NaN,13,3,1,1,3,2,1,3,2,2
3,13,3,7,0.1,2,1,2,1,0,325.25,0,16,1,1,2,2,8,1,3,1,3
3,13,3,8,0.05,1,3,1,1,1,259.43,1,1,1,3,1,3,16,3,3,1,1
3,13,3,9,0.1,1,2,1,1,1,274.83,1,14,1,3,1,3,17,1,3,2,2
3,13,3,10,1.8,1,3,1,1,1,224.4,1,8,1,3,1,3,19,1,3,3,1
3,13,3,11,0.05,3,2,2,2,1,431.69,0,19,1,3,3,1,20,1,1,2,2
3,13,3,12,0.2,1,1,1,1,1,242.82,1,10,3,3,3,3,4,3,1,3,1
3,13,3,13,0.2,3,1,2,2,1,266.43,1,1,3,1,1,3,17,3,1,3,1
3,13,3,14,0.4,1,3,1,1,1,312.74,0,11,1,1,1,1,7,1,3,3,1
3,13,3,15,0.8,1,1,1,1,1,224.83,1,17,1,1,1,1,14,3,3,3,3
3,13,3,16,0.2,1,2,1,1,1,312.45,0,18,1,3,1,3,2,1,1,2,2
3,13,3,17,0.2,3,3,2,2,1,355.97,0,7,3,3,1,1,13,3,1,1,3
3,13,3,18,0.4,1,1,1,1,1,338.22,0,14,1,1,1,1,2,1,1,1,1
3,13,3,19,0.05,2,1,2,2,1,321.36,0,18,3,3,2,2,15,1,1,1,1
3,13,3,20,0.1,1,1,1,1,1,259.1,1,13,1,3,1,3,16,3,1,3,1
3,13,3,21,0.05,1,1,1,1,1,275.78,1,15,1,1,1,1,9,1,1,1,1
3,13,3,22,0.4,1,1,1,1,1,341.5,0,19,1,3,1,3,7,3,3,3,3
3,13,3,23,0.05,2,3,2,2,1,281.21,1,8,3,1,2,2,3,3,1,1,3
3,13,3,24,0.1,2,1,2,1,0,203.33,1,3,3,1,2,2,9,1,1,1,1
3,13,3,25,1.8,1,3,1,1,1,235.28,1,1,3,1,3,1,19,3,3,1,1
3,13,3,26,0.8,1,1,1,1,1,315.71,0,11,1,1,1,1,5,1,3,1,3
3,13,3,27,0.2,2,3,2,2,1,273.77,1,6,1,3,2,2,10,3,1,1,3
3,13,3,28,1.8,3,1,NaN,NaN,NaN,NaN,NaN,3,3,1,1,3,9,1,3,1,3
3,13,3,29,0.8,1,3,1,1,1,255.91,1,6,3,1,3,1,20,3,1,1,3
3,13,3,30,0.4,2,2,2,2,1,871.29,0,1,1,1,2,2,13,1,3,2,2
3,13,3,31,1.8,1,2,1,1,1,274.4,1,12,3,3,3,3,15,1,3,2,2
3,13,3,32,0.1,3,1,2,2,1,440.4,0,20,1,1,3,3,3,1,3,1,3
3,13,3,33,0.1,2,2,2,1,0,283.06,1,19,1,3,2,2,8,3,1,2,2
3,13,3,34,0.8,1,3,1,1,1,310.89,0,5,3,1,3,1,11,3,1,1,3
3,13,3,35,0.1,1,2,1,1,1,254.65,1,13,1,3,1,3,14,3,3,2,2
3,13,3,36,0.4,1,2,1,1,1,235.86,1,20,1,3,1,3,14,3,3,2,2
3,13,3,37,1.8,2,3,2,2,1,258.05,1,7,3,1,2,2,19,3,3,1,1
3,13,3,38,0.2,1,3,1,1,1,376.47,0,6,3,1,3,1,12,3,1,1,3
3,13,3,39,0.2,1,2,1,1,1,245.98,1,5,3,1,3,1,1,3,1,2,2
3,13,3,40,0.8,3,3,2,2,1,311.11,0,8,1,1,3,3,2,1,1,3,3
3,13,3,41,0.05,3,2,2,1,0,239.88,1,1,3,3,1,1,11,1,3,2,2
3,13,3,42,0.4,2,1,2,2,1,291.41,1,5,1,3,2,2,13,1,1,1,1
3,13,3,43,0.4,1,3,1,1,1,269.92,1,19,3,3,3,3,7,3,3,1,1
3,13,3,44,0.05,1,2,1,1,1,299.83,1,11,3,3,3,3,11,1,3,2,2
3,13,3,45,0.8,2,3,2,2,1,243.76,1,18,3,3,2,2,20,1,3,3,1
3,13,3,46,0.1,1,1,1,1,1,310.55,0,3,1,1,1,1,1,3,3,3,3
3,13,3,47,0.8,2,3,2,1,0,185.65,1,12,3,3,2,2,9,1,1,3,3
3,13,3,48,1.8,1,3,1,1,1,225.88,1,17,3,1,3,1,5,3,3,1,1
3,13,3,49,0.1,1,2,1,1,1,301.81,0,1,1,1,1,1,19,3,1,2,2
3,13,3,50,0.8,1,3,1,1,1,206.23,1,8,3,1,3,1,13,3,1,1,3
3,13,3,51,0.05,1,2,1,1,1,333.73,0,13,1,3,1,3,6,1,1,2,2
3,13,3,52,0.8,1,2,1,1,1,285.57,1,2,1,3,1,3,2,3,1,2,2
3,13,3,53,0.4,1,1,1,1,1,247.31,1,11,3,1,3,1,19,1,3,1,3
3,13,3,54,0.2,2,1,2,2,1,292.54,1,16,1,1,2,2,17,1,1,1,1
3,13,3,55,0.05,3,1,2,1,0,310.19,0,2,3,1,1,3,12,3,3,3,3
3,13,3,56,0.4,1,3,1,1,1,297.7,1,19,3,3,3,3,12,3,1,1,3
3,13,3,57,1.8,1,3,1,1,1,236.82,1,14,3,1,3,1,5,1,3,3,1
3,13,3,58,1.8,3,1,NaN,NaN,NaN,NaN,NaN,11,3,1,1,3,5,3,1,3,1
3,13,3,59,0.8,1,2,1,1,1,262.29,1,19,1,3,1,3,10,3,3,2,2
3,13,3,60,0.2,2,2,2,1,0,289.73,1,18,3,1,2,2,12,1,1,2,2
3,13,3,61,1.8,2,2,2,1,0,261.41,1,7,1,3,2,2,13,3,3,2,2
3,13,3,62,0.4,3,2,2,2,1,263.39,1,4,1,3,3,1,16,3,3,2,2
3,13,3,63,0.4,1,3,1,1,1,302.04,0,12,3,3,3,3,9,3,3,1,1
3,13,3,64,0.2,3,1,2,2,1,324.16,0,1,3,1,1,3,19,1,3,1,3
3,13,3,65,0.05,2,2,2,1,0,283.23,1,9,1,3,2,2,20,1,3,2,2
3,13,3,66,0.1,1,1,1,1,1,242.81,1,11,1,1,1,1,6,3,1,3,1
3,13,3,67,1.8,2,3,NaN,NaN,NaN,NaN,NaN,3,1,3,2,2,13,3,3,1,1
3,13,3,68,0.1,1,1,1,1,1,253.23,1,11,1,1,1,1,6,3,1,3,1
3,13,3,69,1.8,1,3,1,2,0,274.63,1,14,1,1,1,1,11,3,1,1,3
3,13,3,70,0.8,1,2,1,1,1,357.4,0,15,3,1,3,1,3,1,1,2,2
3,13,3,71,0.2,2,3,2,2,1,287.69,1,2,1,3,2,2,4,1,1,3,3
3,13,3,72,0.05,2,1,2,2,1,332.59,0,1,1,3,2,2,20,3,3,3,3
3,13,3,73,0.8,1,1,1,2,0,289.83,1,6,1,3,1,3,11,3,3,3,3
3,13,3,74,0.8,3,1,2,2,1,293.36,1,16,1,1,3,3,18,3,3,3,3
3,13,3,75,0.4,1,2,1,2,0,362.52,0,13,3,1,3,1,12,3,3,2,2
3,13,3,76,0.4,3,2,2,2,1,276.99,1,6,3,1,1,3,8,1,3,2,2
3,13,3,77,0.1,3,2,2,2,1,317.31,0,3,1,3,3,1,19,3,3,2,2
3,13,3,78,0.2,1,2,1,1,1,299.84,1,13,1,3,1,3,3,1,3,2,2
3,13,4,1,0.4,1,2,1,1,1,252.09,1,3,1,3,1,3,7,1,3,2,2
3,13,4,2,1.8,1,1,1,1,1,216.11,1,17,3,3,3,3,13,3,3,3,3
3,13,4,3,1.8,3,2,NaN,NaN,NaN,NaN,NaN,18,3,1,1,3,4,1,3,2,2
3,13,4,4,1.8,1,2,1,1,1,273.1,1,2,1,1,1,1,18,3,3,2,2
3,13,4,5,0.4,1,2,1,1,1,258.41,1,8,1,3,1,3,13,1,1,2,2
3,13,4,6,0.1,2,3,2,1,0,276.71,1,5,1,3,2,2,13,3,1,1,3
3,13,4,7,0.2,3,2,2,2,1,259.52,1,9,3,1,1,3,1,1,1,2,2
3,13,4,8,0.1,3,2,2,2,1,277.85,1,16,3,3,1,1,5,3,3,2,2
3,13,4,9,0.2,1,3,1,1,1,311.91,0,5,3,1,3,1,2,3,3,1,1
3,13,4,10,0.2,1,3,1,1,1,291.78,1,19,3,1,3,1,8,1,1,3,3
3,13,4,11,0.05,2,2,2,1,0,414.06,0,16,1,3,2,2,12,1,3,2,2
3,13,4,12,0.05,1,3,1,1,1,266.51,1,5,1,1,1,1,4,1,3,3,1
3,13,4,13,0.4,2,2,2,1,0,287.31,1,4,3,3,2,2,2,3,1,2,2
3,13,4,14,1.8,2,3,NaN,NaN,NaN,NaN,NaN,3,1,3,2,2,13,3,3,1,1
3,13,4,15,0.4,2,3,2,1,0,336.55,0,7,3,3,2,2,3,1,1,3,3
3,13,4,16,0.1,3,1,2,2,1,342.06,0,4,3,3,1,1,13,3,3,3,3
3,13,4,17,0.2,2,3,2,2,1,275.19,1,13,1,3,2,2,9,3,1,1,3
3,13,4,18,0.8,1,2,NaN,NaN,NaN,NaN,NaN,18,3,1,3,1,2,1,3,2,2
3,13,4,19,0.2,2,3,2,1,0,309.6,0,12,3,3,2,2,15,1,3,3,1
3,13,4,20,0.1,2,3,NaN,NaN,NaN,NaN,NaN,14,1,3,2,2,8,1,3,3,1
3,13,4,21,0.2,1,3,1,1,1,313.86,0,9,1,1,1,1,9,3,3,1,1
3,13,4,22,0.05,1,1,1,1,1,353.34,0,17,3,1,3,1,19,1,3,1,3
3,13,4,23,0.1,1,2,1,1,1,264.13,1,10,1,1,1,1,3,1,1,2,2
3,13,4,24,0.8,3,2,2,2,1,325.69,0,11,3,1,1,3,4,1,3,2,2
3,13,4,25,0.2,1,1,1,1,1,257.26,1,14,1,1,1,1,4,3,3,3,3
3,13,4,26,0.2,3,3,2,2,1,270.54,1,13,1,1,3,3,19,3,1,1,3
3,13,4,27,0.2,2,3,2,1,0,287.01,1,14,3,1,2,2,9,1,1,3,3
3,13,4,28,0.8,2,1,2,2,1,274.39,1,2,3,3,2,2,18,3,3,3,3
3,13,4,29,0.8,1,1,1,1,1,238.72,1,19,1,3,1,3,6,1,1,1,1
3,13,4,30,0.05,2,3,2,1,0,278.83,1,4,1,3,2,2,10,3,1,1,3
3,13,4,31,1.8,1,2,1,1,1,261.86,1,13,3,3,3,3,16,1,3,2,2
3,13,4,32,1.8,1,1,1,1,1,282.5,1,3,3,1,3,1,15,3,3,3,3
3,13,4,33,0.2,3,3,2,2,1,304.99,0,20,1,3,3,1,11,3,1,1,3
3,13,4,34,0.4,2,3,2,2,1,252.38,1,10,1,3,2,2,13,1,3,3,1
3,13,4,35,0.8,1,3,1,1,1,220.27,1,9,1,1,1,1,20,3,1,1,3
3,13,4,36,1.8,3,1,NaN,NaN,NaN,NaN,NaN,2,1,1,3,3,5,3,1,3,1
3,13,4,37,0.8,2,3,2,2,1,323.72,0,11,1,1,2,2,10,3,1,1,3
3,13,4,38,0.1,2,3,2,2,1,349.4,0,4,3,1,2,2,13,1,1,3,3
3,13,4,39,0.8,3,2,2,2,1,267.09,1,13,3,1,1,3,19,1,1,2,2
3,13,4,40,0.2,1,3,1,1,1,256.37,1,19,1,1,1,1,5,3,1,1,3
3,13,4,41,0.05,1,1,1,1,1,251.43,1,19,1,1,1,1,9,3,3,3,3
3,13,4,42,0.1,2,2,2,1,0,262.89,1,12,3,3,2,2,11,3,1,2,2
3,13,4,43,0.8,1,2,1,1,1,291.44,1,17,3,3,3,3,11,1,1,2,2
3,13,4,44,1.8,1,3,1,1,1,371.2,0,6,1,1,1,1,7,3,1,1,3
3,13,4,45,0.05,3,3,2,2,1,284.04,1,14,3,1,1,3,4,3,3,1,1
3,13,4,46,1.8,1,2,1,1,1,253.61,1,3,3,1,3,1,12,1,3,2,2
3,13,4,47,0.8,1,3,1,1,1,255.06,1,11,3,3,3,3,10,3,3,1,1
3,13,4,48,1.8,2,3,2,2,1,252.55,1,3,1,1,2,2,13,1,3,3,1
3,13,4,49,0.2,1,2,1,1,1,378.4,0,19,1,1,1,1,16,3,1,2,2
3,13,4,50,0.05,1,1,1,2,0,319.74,0,9,1,3,1,3,12,1,3,1,3
3,13,4,51,0.05,1,1,1,1,1,260.27,1,13,3,3,3,3,11,3,1,3,1
3,13,4,52,0.8,1,3,1,1,1,252.21,1,5,3,1,3,1,11,3,3,1,1
3,13,4,53,0.1,2,1,2,2,1,284.66,1,20,3,1,2,2,16,1,1,1,1
3,13,4,54,0.05,3,2,2,2,1,292.45,1,11,3,1,1,3,5,3,3,2,2
3,13,4,55,1.8,1,3,1,1,1,258.08,1,7,1,1,1,1,3,3,3,1,1
3,13,4,56,0.4,3,1,2,2,1,315.73,0,20,1,1,3,3,12,3,1,3,1
3,13,4,57,0.4,3,3,2,2,1,173.7,1,17,3,1,1,3,15,1,3,3,1
3,13,4,58,0.8,3,1,2,2,1,231.43,1,1,1,1,3,3,12,1,1,1,1
3,13,4,59,0.05,1,2,1,1,1,302.03,0,14,1,1,1,1,19,3,3,2,2
3,13,4,60,0.8,2,2,2,1,0,241.66,1,2,1,1,2,2,19,3,3,2,2
3,13,4,61,0.4,1,3,1,1,1,326.7,0,2,1,3,1,3,11,3,3,1,1
3,13,4,62,0.1,2,3,2,1,0,297.95,1,15,3,3,2,2,4,3,1,1,3
3,13,4,63,0.05,3,2,2,2,1,302,0,6,3,3,1,1,7,3,1,2,2
3,13,4,64,1.8,2,1,2,1,0,292.68,1,8,3,1,2,2,13,3,3,3,3
3,13,4,65,1.8,1,3,1,1,1,228.85,1,6,3,3,3,3,13,3,3,1,1
3,13,4,66,0.1,2,3,2,1,0,264.48,1,10,3,3,2,2,14,1,3,3,1
3,13,4,67,0.1,2,3,2,2,1,292.31,1,19,3,1,2,2,5,3,3,1,1
3,13,4,68,0.4,1,3,1,1,1,264.55,1,15,3,3,3,3,9,3,3,1,1
3,13,4,69,0.4,1,3,1,1,1,274.33,1,10,3,1,3,1,4,1,1,3,3
3,13,4,70,0.4,2,1,2,2,1,263.12,1,10,3,1,2,2,18,1,1,1,1
3,13,4,71,0.1,2,1,2,1,0,298.29,1,18,3,3,2,2,5,1,1,1,1
3,13,4,72,0.4,1,3,1,1,1,272.69,1,4,1,3,1,3,13,1,3,3,1
3,13,4,73,0.05,1,2,1,1,1,326.27,0,20,1,3,1,3,1,3,1,2,2
3,13,4,74,0.1,1,1,1,1,1,305.7,0,11,3,3,3,3,15,3,1,3,1
3,13,4,75,0.4,1,2,1,1,1,658.06,0,18,1,1,1,1,9,3,3,2,2
3,13,4,76,0.2,2,3,2,1,0,234.85,1,10,3,3,2,2,12,1,3,3,1
3,13,4,77,0.05,3,3,2,2,1,361.3,0,4,1,1,3,3,16,1,3,3,1
3,13,4,78,0.8,3,2,2,2,1,216.36,1,9,1,1,3,3,8,3,3,2,2
3,13,5,1,0.1,2,3,2,2,1,243.4,1,20,3,1,2,2,5,3,3,1,1
3,13,5,2,0.8,2,3,2,1,0,228.62,1,17,1,1,2,2,20,3,3,1,1
3,13,5,3,0.8,1,1,1,1,1,304.09,0,17,1,1,1,1,12,3,3,3,3
3,13,5,4,1.8,1,1,1,1,1,287.33,1,11,1,1,1,1,1,1,3,1,3
3,13,5,5,0.2,2,3,2,2,1,258.6,1,9,1,3,2,2,20,3,1,1,3
3,13,5,6,0.4,2,1,2,2,1,272.09,1,12,3,1,2,2,12,3,1,3,1
3,13,5,7,0.8,1,1,NaN,NaN,NaN,NaN,NaN,16,1,3,1,3,2,3,1,3,1
3,13,5,8,0.4,1,3,1,1,1,289.74,1,18,3,1,3,1,15,3,1,1,3
3,13,5,9,1.8,3,1,2,2,1,254.73,1,13,3,3,1,1,13,1,3,1,3
3,13,5,10,1.8,1,2,1,1,1,312.78,0,9,1,1,1,1,3,1,1,2,2
3,13,5,11,0.4,1,3,1,1,1,348.58,0,9,1,1,1,1,3,1,1,3,3
3,13,5,12,0.05,2,2,2,1,0,332.8,0,18,3,3,2,2,3,1,3,2,2
3,13,5,13,0.05,1,1,1,1,1,301.2,0,13,1,3,1,3,5,3,1,3,1
3,13,5,14,0.05,1,2,1,1,1,304.51,0,16,1,1,1,1,11,1,1,2,2
3,13,5,15,0.1,1,2,1,1,1,238.13,1,12,1,1,1,1,9,3,3,2,2
3,13,5,16,1.8,1,1,1,1,1,258.23,1,1,1,3,1,3,20,3,3,3,3
3,13,5,17,0.4,3,1,2,2,1,250.93,1,19,3,1,1,3,18,3,3,3,3
3,13,5,18,0.1,2,2,2,1,0,308.93,0,10,1,1,2,2,20,3,3,2,2
3,13,5,19,0.2,1,3,1,1,1,223.88,1,16,1,1,1,1,19,1,3,3,1
3,13,5,20,0.8,1,2,1,1,1,296.72,1,6,3,3,3,3,19,3,3,2,2
3,13,5,21,0.05,1,2,1,1,1,328.56,0,7,3,1,3,1,4,3,3,2,2
3,13,5,22,0.4,2,1,2,2,1,263.46,1,18,1,1,2,2,14,3,1,3,1
3,13,5,23,1.8,3,1,2,2,1,304,0,8,3,3,1,1,5,3,1,3,1
3,13,5,24,0.8,1,1,1,1,1,311.99,0,20,3,3,3,3,9,3,1,3,1
3,13,5,25,0.4,1,3,1,1,1,353.42,0,11,3,1,3,1,17,3,3,1,1
3,13,5,26,1.8,2,3,2,1,0,264.74,1,11,3,3,2,2,8,1,1,3,3
3,13,5,27,0.2,3,1,2,2,1,306.17,0,4,1,1,3,3,17,3,1,3,1
3,13,5,28,0.1,3,2,2,2,1,300.05,0,5,1,3,3,1,12,3,1,2,2
3,13,5,29,0.1,1,3,1,1,1,296.61,1,11,3,3,3,3,6,3,1,1,3
3,13,5,30,0.2,2,3,2,2,1,185.95,1,18,1,3,2,2,7,3,3,1,1
3,13,5,31,0.1,3,3,2,2,1,329.39,0,19,1,3,3,1,2,1,3,3,1
3,13,5,32,0.2,1,3,1,1,1,296.2,1,9,1,1,1,1,16,1,1,3,3
3,13,5,33,0.2,1,3,1,1,1,251.01,1,17,1,1,1,1,5,1,1,3,3
3,13,5,34,0.2,1,3,1,1,1,345.61,0,16,3,1,3,1,4,3,3,1,1
3,13,5,35,0.8,1,3,1,1,1,230.89,1,6,1,3,1,3,15,1,1,3,3
3,13,5,36,0.05,1,3,1,1,1,264.1,1,15,3,3,3,3,7,1,1,3,3
3,13,5,37,0.05,1,2,1,1,1,350.71,0,9,1,3,1,3,7,1,3,2,2
3,13,5,38,0.4,1,3,1,1,1,305.28,0,5,1,1,1,1,19,1,3,3,1
3,13,5,39,1.8,3,2,NaN,NaN,NaN,NaN,NaN,15,1,1,3,3,12,3,3,2,2
3,13,5,40,0.8,3,3,2,2,1,315.44,0,6,3,1,1,3,1,1,1,3,3
3,13,5,41,0.8,3,2,2,2,1,238.83,1,6,3,3,1,1,4,1,3,2,2
3,13,5,42,0.8,1,3,1,1,1,245.93,1,20,3,1,3,1,17,1,1,3,3
3,13,5,43,0.2,2,2,2,2,1,303.05,0,7,1,1,2,2,11,1,3,2,2
3,13,5,44,0.1,3,3,2,2,1,265.39,1,18,3,3,1,1,20,3,3,1,1
3,13,5,45,0.1,2,1,2,2,1,321.6,0,6,1,3,2,2,20,1,1,1,1
3,13,5,46,0.1,2,1,2,1,0,330.49,0,8,1,1,2,2,3,3,1,3,1
3,13,5,47,1.8,3,3,2,2,1,265.6,1,10,3,1,1,3,7,3,3,1,1
3,13,5,48,1.8,2,1,2,2,1,345.67,0,6,1,1,2,2,19,1,1,1,1
3,13,5,49,0.8,2,3,NaN,NaN,NaN,NaN,NaN,13,3,3,2,2,8,1,3,3,1
3,13,5,50,0.8,1,1,1,1,1,254.88,1,2,1,3,1,3,14,1,3,1,3
3,13,5,51,0.2,2,3,2,2,1,317.57,0,2,3,3,2,2,16,1,3,3,1
3,13,5,52,0.05,1,3,1,1,1,272.9,1,16,3,1,3,1,14,3,3,1,1
3,13,5,53,0.2,1,3,1,1,1,375.76,0,12,3,3,3,3,15,1,1,3,3
3,13,5,54,1.8,2,2,2,2,1,283.58,1,19,3,1,2,2,19,1,1,2,2
3,13,5,55,0.4,1,2,1,1,1,354.67,0,9,3,1,3,1,11,3,1,2,2
3,13,5,56,0.4,2,2,2,2,1,284.83,1,15,3,3,2,2,5,1,1,2,2
3,13,5,57,0.05,1,2,1,1,1,347.02,0,18,3,3,3,3,6,1,1,2,2
3,13,5,58,0.2,3,2,2,2,1,289.29,1,8,3,1,1,3,12,3,3,2,2
3,13,5,59,1.8,1,3,1,1,1,216.28,1,8,1,1,1,1,10,1,3,3,1
3,13,5,60,0.05,3,1,2,2,1,318.24,0,9,3,3,1,1,6,1,3,1,3
3,13,5,61,0.05,1,1,1,1,1,288.8,1,14,1,1,1,1,1,3,3,3,3
3,13,5,62,0.4,1,3,1,1,1,286.68,1,5,3,1,3,1,8,1,1,3,3
3,13,5,63,0.1,3,3,2,2,1,312.76,0,5,3,1,1,3,9,1,3,3,1
3,13,5,64,0.4,3,2,2,2,1,171.92,1,5,1,3,3,1,19,3,3,2,2
3,13,5,65,0.4,1,1,1,1,1,325.89,0,6,1,3,1,3,10,1,3,1,3
3,13,5,66,0.1,3,1,2,2,1,300.19,0,12,3,3,1,1,5,3,3,3,3
3,13,5,67,0.1,1,2,1,1,1,292.69,1,7,1,3,1,3,8,3,1,2,2
3,13,5,68,0.2,2,2,2,2,1,351.66,0,17,1,1,2,2,10,3,1,2,2
3,13,5,69,0.05,2,2,2,1,0,329.08,0,18,1,3,2,2,1,1,3,2,2
3,13,5,70,0.1,1,1,1,1,1,194.68,1,6,3,1,3,1,14,1,3,1,3
3,13,5,71,0.8,3,2,NaN,NaN,NaN,NaN,NaN,20,1,3,3,1,14,1,3,2,2
3,13,5,72,0.05,1,3,1,1,1,333.89,0,6,3,3,3,3,12,1,1,3,3
3,13,5,73,1.8,2,1,2,2,1,216.69,1,4,1,3,2,2,8,3,1,3,1
3,13,5,74,0.8,2,2,2,2,1,239.73,1,13,1,1,2,2,18,3,1,2,2
3,13,5,75,1.8,3,3,2,2,1,231.82,1,10,1,3,3,1,2,3,1,1,3
3,13,5,76,0.05,1,2,1,1,1,297.09,1,14,3,1,3,1,15,3,1,2,2
3,13,5,77,0.4,1,1,1,1,1,220.46,1,8,1,1,1,1,9,3,1,3,1
3,13,5,78,0.2,2,2,2,2,1,238.25,1,1,3,3,2,2,10,3,3,2,2
3,13,6,1,0.8,2,3,2,2,1,303.93,0,2,3,3,2,2,14,3,1,1,3
3,13,6,2,0.8,1,2,1,1,1,287.58,1,14,3,3,3,3,12,3,1,2,2
3,13,6,3,0.8,1,3,1,1,1,303.13,0,9,1,1,1,1,4,3,3,1,1
3,13,6,4,0.2,1,2,1,1,1,268.47,1,14,1,3,1,3,8,1,3,2,2
3,13,6,5,0.2,3,1,2,2,1,239.66,1,16,1,1,3,3,11,1,3,1,3
3,13,6,6,0.8,2,2,2,2,1,264.19,1,19,3,1,2,2,11,3,3,2,2
3,13,6,7,1.8,3,3,2,2,1,306.08,0,17,3,3,1,1,5,1,1,3,3
3,13,6,8,0.4,1,3,1,1,1,338.74,0,19,1,1,1,1,5,1,3,3,1
3,13,6,9,0.2,1,2,1,1,1,334.71,0,7,3,1,3,1,12,1,1,2,2
3,13,6,10,1.8,3,1,2,2,1,327.05,0,1,1,3,3,1,5,1,1,1,1
3,13,6,11,1.8,1,1,1,1,1,386.87,0,7,1,3,1,3,18,1,1,1,1
3,13,6,12,0.1,3,1,2,2,1,342.73,0,8,3,3,1,1,1,3,1,3,1
3,13,6,13,0.8,2,3,2,2,1,267.78,1,12,1,3,2,2,12,1,3,3,1
3,13,6,14,0.1,1,2,1,1,1,309.75,0,18,3,1,3,1,2,3,3,2,2
3,13,6,15,0.1,1,3,1,1,1,228.95,1,3,1,3,1,3,15,3,3,1,1
3,13,6,16,0.4,3,2,2,2,1,243.59,1,11,1,3,3,1,20,1,1,2,2
3,13,6,17,0.4,1,1,1,1,1,255.22,1,1,1,1,1,1,3,1,1,1,1
3,13,6,18,0.8,2,3,2,2,1,257.03,1,17,1,1,2,2,17,1,3,3,1
3,13,6,19,1.8,1,2,1,1,1,275.44,1,3,1,1,1,1,20,1,1,2,2
3,13,6,20,0.4,1,2,1,1,1,273.68,1,4,3,1,3,1,10,1,3,2,2
3,13,6,21,0.4,3,2,2,2,1,237.74,1,2,1,3,3,1,8,3,1,2,2
3,13,6,22,0.05,3,3,2,2,1,328.98,0,9,3,3,1,1,6,3,3,1,1
3,13,6,23,0.4,2,3,2,2,1,266.66,1,12,1,3,2,2,16,1,3,3,1
3,13,6,24,0.1,1,2,1,1,1,243.55,1,14,1,3,1,3,6,3,3,2,2
3,13,6,25,0.1,1,1,1,1,1,299.12,1,9,3,3,3,3,13,3,3,3,3
3,13,6,26,0.4,3,3,2,2,1,294.45,1,3,3,3,1,1,2,3,1,1,3
3,13,6,27,0.1,1,3,1,1,1,297.27,1,20,1,1,1,1,20,3,1,1,3
3,13,6,28,0.1,2,2,2,1,0,254.31,1,7,1,3,2,2,12,1,1,2,2
3,13,6,29,1.8,1,2,NaN,NaN,NaN,NaN,NaN,10,3,1,3,1,16,1,3,2,2
3,13,6,30,0.2,2,3,2,1,0,301.34,0,2,1,1,2,2,6,3,1,1,3
3,13,6,31,1.8,2,1,2,2,1,231,1,16,3,3,2,2,11,1,1,1,1
3,13,6,32,0.8,1,2,1,1,1,275.98,1,11,3,1,3,1,11,1,3,2,2
3,13,6,33,0.8,3,3,2,2,1,286.81,1,5,1,3,3,1,14,3,3,1,1
3,13,6,34,0.1,1,3,1,1,1,309.31,0,6,1,1,1,1,9,1,3,3,1
3,13,6,35,0.4,1,3,1,1,1,249.09,1,14,1,3,1,3,17,1,3,3,1
3,13,6,36,1.8,1,3,NaN,NaN,NaN,NaN,NaN,2,1,1,1,1,6,3,1,1,3
3,13,6,37,0.8,1,3,1,1,1,325.6,0,5,1,3,1,3,11,1,3,3,1
3,13,6,38,0.05,2,3,2,1,0,326.26,0,13,3,3,2,2,2,3,1,1,3
3,13,6,39,1.8,1,2,1,1,1,247.04,1,10,1,1,1,1,11,1,3,2,2
3,13,6,40,0.2,1,2,1,1,1,367.75,0,18,1,3,1,3,7,1,1,2,2
3,13,6,41,0.4,2,1,2,2,1,314.52,0,18,3,1,2,2,16,1,3,1,3
3,13,6,42,1.8,3,3,2,2,1,299.94,1,18,3,3,1,1,4,1,3,3,1
3,13,6,43,1.8,1,3,1,1,1,284.75,1,14,3,1,3,1,12,3,3,1,1
3,13,6,44,0.1,3,3,2,2,1,325.33,0,17,3,3,1,1,17,1,1,3,3
3,13,6,45,0.4,2,2,2,2,1,298.22,1,9,3,3,2,2,4,3,1,2,2
3,13,6,46,0.2,3,3,2,2,1,242.43,1,2,3,3,1,1,12,1,3,3,1
3,13,6,47,0.05,3,2,2,2,1,352.58,0,11,1,3,3,1,7,1,1,2,2
3,13,6,48,0.05,1,1,1,1,1,325.2,0,1,1,1,1,1,2,1,3,1,3
3,13,6,49,0.8,3,2,2,2,1,278.68,1,15,1,3,3,1,5,1,1,2,2
3,13,6,50,0.8,2,2,2,2,1,260.01,1,6,1,1,2,2,11,1,3,2,2
3,13,6,51,0.05,2,2,2,2,1,300.01,0,13,1,1,2,2,14,3,1,2,2
3,13,6,52,0.2,1,1,1,1,1,348.04,0,20,3,1,3,1,15,3,3,3,3
3,13,6,53,0.05,3,1,2,2,1,317.93,0,20,3,1,1,3,2,1,1,1,1
3,13,6,54,0.8,3,2,2,2,1,323.63,0,1,3,1,1,3,13,3,3,2,2
3,13,6,55,0.4,1,1,1,1,1,328.31,0,15,3,3,3,3,15,1,3,1,3
3,13,6,56,0.1,1,2,1,1,1,292.74,1,6,3,1,3,1,8,3,1,2,2
3,13,6,57,0.2,1,2,1,1,1,259.32,1,7,3,3,3,3,16,3,1,2,2
3,13,6,58,1.8,1,3,1,1,1,279.72,1,13,3,1,3,1,1,1,3,3,1
3,13,6,59,0.05,2,3,2,2,1,352.22,0,2,1,3,2,2,8,1,1,3,3
3,13,6,60,0.8,2,1,2,1,0,306.73,0,17,3,1,2,2,19,1,3,1,3
3,13,6,61,0.1,2,3,NaN,NaN,NaN,NaN,NaN,14,3,1,2,2,15,1,3,3,1
3,13,6,62,0.4,3,2,2,2,1,352.16,0,3,3,3,1,1,19,1,1,2,2
3,13,6,63,0.1,3,2,2,2,1,366.58,0,15,1,3,3,1,5,3,3,2,2
3,13,6,64,1.8,3,3,2,2,1,210.55,1,12,3,1,1,3,4,3,1,1,3
3,13,6,65,0.05,2,2,2,2,1,371.53,0,13,1,3,2,2,13,3,3,2,2
3,13,6,66,0.4,3,2,2,2,1,291.68,1,19,3,1,1,3,11,3,1,2,2
3,13,6,67,0.05,1,2,1,1,1,315.88,0,8,3,3,3,3,17,1,3,2,2
3,13,6,68,0.05,1,3,1,1,1,334.76,0,7,1,3,1,3,7,1,1,3,3
3,13,6,69,0.2,2,2,2,1,0,155.75,1,12,1,3,2,2,4,3,1,2,2
3,13,6,70,0.2,1,3,1,1,1,294.49,1,12,1,3,1,3,17,3,1,1,3
3,13,6,71,0.2,2,1,2,2,1,290.33,1,18,1,3,2,2,19,1,3,1,3
3,13,6,72,0.05,1,2,1,1,1,340.41,0,9,1,1,1,1,18,3,1,2,2
3,13,6,73,0.1,2,3,2,2,1,311.09,0,17,1,1,2,2,3,3,1,1,3
3,13,6,74,0.05,1,2,1,1,1,323.87,0,18,1,3,1,3,3,1,1,2,2
3,13,6,75,1.8,1,1,1,1,1,287.67,1,13,1,1,1,1,10,1,3,1,3
3,13,6,76,0.05,2,3,2,2,1,415.53,0,20,3,1,2,2,10,3,1,1,3
3,13,6,77,0.2,2,1,2,2,1,296.08,1,9,3,3,2,2,17,3,3,3,3
3,13,6,78,0.2,3,2,2,2,1,395.14,0,20,3,3,1,1,18,1,3,2,2
3,13,7,1,0.05,3,2,2,2,1,306.99,0,18,1,1,3,3,11,3,3,2,2
3,13,7,2,0.8,1,1,1,1,1,307.1,0,12,1,1,1,1,10,3,3,3,3
3,13,7,3,1.8,2,1,2,2,1,359.15,0,18,1,3,2,2,12,3,3,3,3
3,13,7,4,0.8,1,1,1,1,1,335.96,0,18,1,1,1,1,13,1,1,1,1
3,13,7,5,0.2,1,1,1,1,1,389.62,0,1,3,3,3,3,14,1,1,1,1
3,13,7,6,0.4,2,3,2,2,1,308.66,0,9,3,3,2,2,12,1,3,3,1
3,13,7,7,0.2,3,2,2,1,0,362.27,0,10,1,1,3,3,1,1,3,2,2
3,13,7,8,0.2,1,3,1,2,0,354.43,0,20,3,1,3,1,16,3,1,1,3
3,13,7,9,0.05,1,1,1,1,1,274.57,1,3,1,3,1,3,4,3,3,3,3
3,13,7,10,0.4,1,1,1,1,1,307.63,0,11,1,3,1,3,11,3,3,3,3
3,13,7,11,0.2,3,1,2,2,1,253.41,1,11,3,1,1,3,2,1,1,1,1
3,13,7,12,1.8,3,3,2,2,1,224.37,1,2,3,3,1,1,14,1,3,3,1
3,13,7,13,0.4,1,3,1,1,1,301.64,0,17,3,1,3,1,16,3,1,1,3
3,13,7,14,0.1,1,2,1,1,1,298.89,1,17,3,1,3,1,7,1,3,2,2
3,13,7,15,0.8,2,1,2,2,1,319.74,0,12,1,3,2,2,4,3,3,3,3
3,13,7,16,0.1,1,2,1,1,1,275.98,1,14,1,3,1,3,17,1,1,2,2
3,13,7,17,1.8,2,2,2,2,1,216.05,1,13,1,1,2,2,5,1,3,2,2
3,13,7,18,0.1,1,3,1,1,1,326.35,0,11,3,1,3,1,10,3,1,1,3
3,13,7,19,0.1,1,2,1,1,1,253.81,1,7,3,3,3,3,15,3,1,2,2
3,13,7,20,0.1,1,1,1,1,1,289.13,1,1,1,3,1,3,7,1,1,1,1
3,13,7,21,0.2,1,1,1,1,1,275.53,1,4,3,3,3,3,7,1,3,1,3
3,13,7,22,0.2,1,1,1,1,1,188.33,1,9,3,1,3,1,16,3,1,3,1
3,13,7,23,1.8,2,3,2,2,1,327.59,0,7,3,3,2,2,13,3,1,1,3
3,13,7,24,0.2,1,3,1,1,1,302.08,0,19,3,1,3,1,3,1,1,3,3
3,13,7,25,0.4,2,1,2,2,1,242.05,1,17,3,3,2,2,1,3,3,3,3
3,13,7,26,0.8,3,3,2,2,1,274.26,1,17,3,1,1,3,19,3,1,1,3
3,13,7,27,0.05,3,2,2,2,1,282.85,1,17,3,1,1,3,14,3,1,2,2
3,13,7,28,0.4,1,2,1,1,1,298.3,1,7,1,3,1,3,18,1,1,2,2
3,13,7,29,1.8,3,3,2,2,1,260.17,1,16,1,3,3,1,18,1,1,3,3
3,13,7,30,0.4,1,1,1,1,1,264.99,1,11,3,1,3,1,20,1,3,1,3
3,13,7,31,0.1,2,3,2,2,1,395.56,0,3,1,3,2,2,12,1,3,3,1
3,13,7,32,0.1,1,2,1,1,1,272.15,1,8,1,1,1,1,10,3,3,2,2
3,13,7,33,0.05,3,1,2,2,1,300.65,0,8,3,1,1,3,7,3,1,3,1
3,13,7,34,0.4,3,2,2,2,1,293.62,1,13,3,1,1,3,16,3,1,2,2
3,13,7,35,0.2,1,3,1,1,1,296.03,1,13,3,1,3,1,11,1,3,3,1
3,13,7,36,0.1,1,2,1,1,1,293.08,1,13,1,1,1,1,14,1,1,2,2
3,13,7,37,0.05,1,3,1,1,1,314.1,0,6,3,3,3,3,11,3,1,1,3
3,13,7,38,0.05,3,3,2,2,1,350.6,0,19,3,3,1,1,20,1,1,3,3
3,13,7,39,0.05,3,1,2,2,1,294.31,1,6,1,3,3,1,18,3,3,3,3
3,13,7,40,0.05,2,1,2,2,1,286.43,1,16,3,1,2,2,7,1,1,1,1
3,13,7,41,1.8,1,2,1,1,1,260.69,1,10,3,1,3,1,13,1,1,2,2
3,13,7,42,0.8,1,2,1,1,1,220.41,1,4,1,3,1,3,4,1,3,2,2
3,13,7,43,0.8,2,1,2,2,1,240.15,1,13,1,3,2,2,17,1,3,1,3
3,13,7,44,0.05,1,3,1,1,1,307.04,0,19,1,3,1,3,15,3,1,1,3
3,13,7,45,0.05,1,2,1,1,1,271.84,1,2,3,1,3,1,11,3,1,2,2
3,13,7,46,0.8,2,3,2,2,1,326.97,0,14,3,1,2,2,18,1,1,3,3
3,13,7,47,0.05,2,2,2,1,0,270.23,1,17,3,1,2,2,5,1,1,2,2
3,13,7,48,0.4,3,2,2,2,1,325.43,0,7,1,3,3,1,9,1,1,2,2
3,13,7,49,1.8,1,1,1,1,1,206.8,1,14,1,3,1,3,13,1,1,1,1
3,13,7,50,0.8,1,2,1,1,1,338.83,0,1,3,1,3,1,8,3,3,2,2
3,13,7,51,0.8,1,1,1,1,1,271.43,1,13,3,3,3,3,17,3,1,3,1
3,13,7,52,0.1,2,3,2,2,1,316.67,0,9,3,3,2,2,18,1,1,3,3
3,13,7,53,0.1,2,2,2,2,1,297.5,1,13,3,1,2,2,3,1,1,2,2
3,13,7,54,0.4,2,1,2,2,1,362.6,0,7,3,1,2,2,19,1,1,1,1
3,13,7,55,0.1,1,2,1,1,1,236.76,1,17,1,1,1,1,14,3,1,2,2
3,13,7,56,0.1,1,1,1,1,1,275.71,1,7,3,3,3,3,14,1,1,1,1
3,13,7,57,0.8,3,2,2,2,1,255.87,1,12,1,3,3,1,3,3,3,2,2
3,13,7,58,0.2,2,2,2,2,1,402.27,0,10,3,3,2,2,11,3,1,2,2
3,13,7,59,0.2,1,2,1,1,1,311.28,0,14,3,1,3,1,4,3,1,2,2
3,13,7,60,0.8,1,3,1,1,1,351.26,0,2,3,1,3,1,8,3,1,1,3
3,13,7,61,0.4,3,3,2,1,0,271.47,1,17,3,1,1,3,10,1,1,3,3
3,13,7,62,1.8,2,3,2,2,1,228.39,1,4,3,1,2,2,7,3,1,1,3
3,13,7,63,0.1,1,1,1,1,1,332.42,0,12,3,1,3,1,8,1,1,1,1
3,13,7,64,1.8,2,1,2,1,0,333.07,0,4,3,1,2,2,9,1,3,1,3
3,13,7,65,1.8,1,1,1,1,1,297.31,1,11,1,3,1,3,10,1,1,1,1
3,13,7,66,0.2,1,2,NaN,NaN,NaN,NaN,NaN,6,1,3,1,3,14,1,3,2,2
3,13,7,67,0.8,1,2,1,1,1,235.63,1,17,1,1,1,1,16,1,3,2,2
3,13,7,68,1.8,1,3,NaN,NaN,NaN,NaN,NaN,2,3,1,3,1,10,3,3,1,1
3,13,7,69,0.4,2,2,2,2,1,328.09,0,1,3,3,2,2,7,1,1,2,2
3,13,7,70,1.8,1,2,1,1,1,317.17,0,15,3,1,3,1,5,1,3,2,2
3,13,7,71,0.4,3,1,2,2,1,424.56,0,2,3,1,1,3,19,3,1,3,1
3,13,7,72,0.4,1,3,1,1,1,234.53,1,19,1,1,1,1,8,3,1,1,3
3,13,7,73,0.2,1,1,1,1,1,224.65,1,1,3,1,3,1,14,3,1,3,1
3,13,7,74,1.8,3,1,2,2,1,223.76,1,5,3,3,1,1,5,3,1,3,1
3,13,7,75,0.05,1,2,1,1,1,295.75,1,2,3,1,3,1,15,3,3,2,2
3,13,7,76,0.2,3,3,2,2,1,296.44,1,15,3,3,1,1,16,3,3,1,1
3,13,7,77,0.8,2,2,2,2,1,257.6,1,6,3,3,2,2,4,3,1,2,2
3,13,7,78,0.05,2,3,2,1,0,274.68,1,12,3,3,2,2,13,1,1,3,3
3,13,8,1,1.8,1,3,1,1,1,224.89,1,15,3,3,3,3,16,1,1,3,3
3,13,8,2,0.1,3,2,2,2,1,261.44,1,2,1,1,3,3,2,3,3,2,2
3,13,8,3,0.2,2,1,2,2,1,285.75,1,12,1,1,2,2,2,1,3,1,3
3,13,8,4,0.05,2,1,2,2,1,355.73,0,17,3,3,2,2,8,1,1,1,1
3,13,8,5,0.4,1,2,1,1,1,487,0,9,1,1,1,1,1,1,1,2,2
3,13,8,6,0.05,1,3,1,1,1,304.55,0,1,1,1,1,1,5,1,3,3,1
3,13,8,7,0.1,3,3,2,2,1,338.86,0,10,1,3,3,1,15,3,1,1,3
3,13,8,8,0.1,1,1,1,1,1,327.6,0,5,3,1,3,1,8,3,1,3,1
3,13,8,9,0.05,2,2,2,2,1,249.73,1,12,1,3,2,2,18,3,1,2,2
3,13,8,10,0.1,2,2,2,2,1,297.7,1,1,3,1,2,2,5,1,1,2,2
3,13,8,11,0.8,2,2,2,2,1,341.8,0,17,1,3,2,2,6,3,3,2,2
3,13,8,12,0.2,1,2,1,1,1,366.34,0,17,3,1,3,1,11,3,1,2,2
3,13,8,13,0.4,2,3,2,2,1,317.9,0,20,1,3,2,2,5,1,1,3,3
3,13,8,14,0.05,2,3,2,1,0,252.82,1,10,3,3,2,2,19,1,3,3,1
3,13,8,15,1.8,1,3,1,1,1,254.79,1,17,3,1,3,1,5,1,1,3,3
3,13,8,16,0.4,2,2,2,2,1,259.78,1,1,1,3,2,2,7,1,1,2,2
3,13,8,17,0.8,1,1,NaN,NaN,NaN,NaN,NaN,12,1,3,1,3,6,1,3,1,3
3,13,8,18,0.8,2,2,2,1,0,284.54,1,17,1,1,2,2,4,3,3,2,2
3,13,8,19,0.8,3,3,2,2,1,317.68,0,10,1,3,3,1,17,1,1,3,3
3,13,8,20,0.1,1,1,1,1,1,250.99,1,17,3,1,3,1,7,3,3,3,3
3,13,8,21,0.2,3,1,2,2,1,254.29,1,14,1,3,3,1,13,1,1,1,1
3,13,8,22,0.4,1,2,1,1,1,322.41,0,3,3,3,3,3,13,3,1,2,2
3,13,8,23,0.8,2,3,2,2,1,353.95,0,4,3,3,2,2,9,1,3,3,1
3,13,8,24,0.4,1,2,1,1,1,367.8,0,5,3,1,3,1,10,1,3,2,2
3,13,8,25,0.05,2,3,2,2,1,279.11,1,19,3,1,2,2,8,3,3,1,1
3,13,8,26,0.05,1,3,1,1,1,216.48,1,11,1,1,1,1,2,1,1,3,3
3,13,8,27,0.4,2,2,2,2,1,58.932,2,1,1,3,2,2,1,3,3,2,2
3,13,8,28,1.8,1,1,1,1,1,432.4,0,12,1,3,1,3,5,3,1,3,1
3,13,8,29,1.8,3,3,NaN,NaN,NaN,NaN,NaN,10,3,3,1,1,2,1,1,3,3
3,13,8,30,0.8,3,1,2,2,1,292.9,1,14,1,3,3,1,3,1,3,1,3
3,13,8,31,0.1,3,1,2,2,1,356.97,0,13,3,3,1,1,7,3,3,3,3
3,13,8,32,0.8,1,1,1,1,1,249.96,1,7,3,3,3,3,7,1,1,1,1
3,13,8,33,0.1,1,2,1,1,1,188.29,1,4,1,3,1,3,1,1,1,2,2
3,13,8,34,0.8,3,3,2,2,1,246.14,1,11,3,3,1,1,6,3,1,1,3
3,13,8,35,0.8,1,3,1,1,1,275.2,1,20,3,3,3,3,17,1,3,3,1
3,13,8,36,0.8,1,1,1,1,1,291.44,1,17,1,1,1,1,10,3,1,3,1
3,13,8,37,0.05,3,1,2,2,1,337.49,0,19,3,3,1,1,8,3,1,3,1
3,13,8,38,0.05,1,1,1,1,1,346.91,0,13,3,1,3,1,5,1,1,1,1
3,13,8,39,1.8,2,1,2,2,1,285.5,1,14,3,1,2,2,12,3,3,3,3
3,13,8,40,0.4,2,2,2,2,1,310.48,0,16,3,3,2,2,13,3,1,2,2
3,13,8,41,0.8,3,2,2,2,1,281.28,1,11,3,1,1,3,9,3,1,2,2
3,13,8,42,0.2,1,2,1,1,1,688.76,0,20,1,1,1,1,13,3,1,2,2
3,13,8,43,0.4,1,1,1,1,1,368.33,0,13,1,3,1,3,10,3,3,3,3
3,13,8,44,1.8,2,2,NaN,NaN,NaN,NaN,NaN,6,1,3,2,2,20,1,1,2,2
3,13,8,45,1.8,2,1,NaN,NaN,NaN,NaN,NaN,1,1,3,2,2,2,3,3,3,3
3,13,8,46,0.05,2,2,2,2,1,274.07,1,8,3,3,2,2,19,3,3,2,2
3,13,8,47,0.2,2,3,2,2,1,303.14,0,5,1,3,2,2,13,3,1,1,3
3,13,8,48,0.4,2,3,2,2,1,284.49,1,17,3,3,2,2,3,3,1,1,3
3,13,8,49,1.8,2,2,2,2,1,218.6,1,20,1,1,2,2,17,3,3,2,2
3,13,8,50,0.05,3,2,2,2,1,380.67,0,3,1,1,3,3,12,3,1,2,2
3,13,8,51,0.2,2,1,2,2,1,258.7,1,11,1,3,2,2,5,1,1,1,1
3,13,8,52,0.4,2,2,2,2,1,301.2,0,10,3,3,2,2,4,1,3,2,2
3,13,8,53,0.2,1,1,1,1,1,209.62,1,19,3,3,3,3,15,3,3,3,3
3,13,8,54,0.1,3,3,2,2,1,248.44,1,9,3,1,1,3,6,1,3,3,1
3,13,8,55,0.2,2,2,2,2,1,341.24,0,19,1,3,2,2,9,1,1,2,2
3,13,8,56,1.8,1,2,1,1,1,255.28,1,1,1,3,1,3,10,1,3,2,2
3,13,8,57,0.1,1,1,1,1,1,250.84,1,20,1,1,1,1,10,3,3,3,3
3,13,8,58,0.8,1,2,1,1,1,285.68,1,12,3,3,3,3,5,1,1,2,2
3,13,8,59,0.05,1,3,1,1,1,306.29,0,9,3,1,3,1,17,3,3,1,1
3,13,8,60,0.2,3,1,2,2,1,402.6,0,17,1,3,3,1,7,1,1,1,1
3,13,8,61,1.8,1,1,1,1,1,260.02,1,6,3,1,3,1,18,1,1,1,1
3,13,8,62,0.1,3,1,2,2,1,291.67,1,7,1,3,3,1,8,1,1,1,1
3,13,8,63,0.4,3,2,2,2,1,348.54,0,1,3,1,1,3,16,1,3,2,2
3,13,8,64,0.2,3,3,2,2,1,326.93,0,12,1,3,3,1,17,1,1,3,3
3,13,8,65,1.8,3,2,2,2,1,324.35,0,3,1,3,3,1,12,3,3,2,2
3,13,8,66,0.8,1,3,1,1,1,325.44,0,6,3,1,3,1,2,1,1,3,3
3,13,8,67,0.1,1,3,1,1,1,254.58,1,5,3,1,3,1,16,3,3,1,1
3,13,8,68,0.1,3,3,2,2,1,226,1,8,3,1,1,3,9,1,1,3,3
3,13,8,69,1.8,1,3,1,1,1,317.67,0,5,3,3,3,3,15,3,3,1,1
3,13,8,70,0.4,3,2,2,2,1,254.71,1,2,1,3,3,1,20,1,3,2,2
3,13,8,71,0.4,2,2,2,1,0,354.23,0,12,1,3,2,2,10,1,1,2,2
3,13,8,72,0.2,1,3,1,1,1,300.44,0,2,1,3,1,3,13,1,3,3,1
3,13,8,73,0.05,1,3,1,2,0,297.44,1,9,1,1,1,1,19,1,1,3,3
3,13,8,74,0.2,1,2,1,1,1,323.27,0,9,1,1,1,1,12,1,3,2,2
3,13,8,75,0.05,2,1,2,2,1,286.21,1,5,3,3,2,2,2,3,3,3,3
3,13,8,76,0.1,2,1,2,2,1,262.85,1,11,1,1,2,2,16,1,1,1,1
3,13,8,77,0.2,2,2,2,2,1,342.47,0,15,1,3,2,2,14,1,3,2,2
3,13,8,78,1.8,1,2,NaN,NaN,NaN,NaN,NaN,6,1,3,1,3,12,3,3,2,2
3,13,9,1,0.4,2,3,2,1,0,292.64,1,19,1,1,2,2,10,3,3,1,1
3,13,9,2,0.05,1,1,1,1,1,354.51,0,8,1,1,1,1,19,3,3,3,3
3,13,9,3,0.4,3,2,2,2,1,308.78,0,19,3,3,1,1,12,1,3,2,2
3,13,9,4,1.8,1,3,NaN,NaN,NaN,NaN,NaN,14,1,3,1,3,12,3,3,1,1
3,13,9,5,1.8,3,2,2,2,1,290.05,1,7,3,3,1,1,16,3,1,2,2
3,13,9,6,0.05,1,2,1,1,1,296.91,1,1,3,3,3,3,18,3,3,2,2
3,13,9,7,0.05,3,3,2,2,1,294.61,1,13,3,1,1,3,4,3,1,1,3
3,13,9,8,0.2,3,3,2,2,1,280.39,1,2,1,3,3,1,19,3,3,1,1
3,13,9,9,1.8,1,2,1,1,1,363.27,0,5,1,1,1,1,15,3,3,2,2
3,13,9,10,1.8,1,1,NaN,NaN,NaN,NaN,NaN,12,1,1,1,1,10,3,1,3,1
3,13,9,11,0.2,3,3,2,2,1,335.3,0,13,3,1,1,3,11,1,3,3,1
3,13,9,12,0.05,1,3,1,1,1,380.26,0,9,3,3,3,3,2,3,1,1,3
3,13,9,13,0.05,1,3,1,1,1,316.14,0,20,1,1,1,1,15,3,3,1,1
3,13,9,14,0.1,1,3,1,1,1,241.37,1,5,1,1,1,1,15,1,1,3,3
3,13,9,15,0.05,2,2,2,2,1,270.67,1,14,3,1,2,2,12,1,3,2,2
3,13,9,16,0.2,1,2,1,1,1,276.79,1,3,1,1,1,1,5,3,3,2,2
3,13,9,17,0.2,1,3,1,1,1,246.97,1,12,1,3,1,3,5,3,3,1,1
3,13,9,18,0.8,2,2,2,2,1,251.9,1,5,3,3,2,2,18,3,3,2,2
3,13,9,19,0.4,1,3,1,1,1,290.64,1,5,1,3,1,3,18,1,1,3,3
3,13,9,20,0.05,3,3,2,2,1,292.94,1,10,3,1,1,3,2,1,3,3,1
3,13,9,21,0.05,1,1,1,1,1,273.56,1,17,1,3,1,3,9,3,3,3,3
3,13,9,22,0.1,3,3,2,2,1,332.67,0,19,3,3,1,1,11,1,3,3,1
3,13,9,23,1.8,2,1,2,2,1,288.14,1,20,1,1,2,2,9,1,3,1,3
3,13,9,24,0.8,1,2,1,1,1,336.13,0,12,1,3,1,3,19,3,3,2,2
3,13,9,25,0.1,1,2,1,1,1,223.11,1,19,3,1,3,1,6,1,3,2,2
3,13,9,26,0.8,3,3,2,2,1,253.3,1,4,3,1,1,3,6,1,1,3,3
3,13,9,27,0.2,3,3,2,1,0,121.95,1,13,1,1,3,3,10,3,1,1,3
3,13,9,28,0.1,1,3,1,2,0,217.75,1,20,1,3,1,3,6,3,1,1,3
3,13,9,29,0.8,1,1,1,1,1,292.81,1,8,1,1,1,1,13,1,3,1,3
3,13,9,30,0.2,2,1,2,2,1,272.06,1,17,3,3,2,2,7,1,1,1,1
3,13,9,31,0.4,1,3,1,1,1,347.59,0,15,1,1,1,1,14,3,1,1,3
3,13,9,32,0.1,1,2,1,1,1,276.15,1,5,1,3,1,3,8,3,3,2,2
3,13,9,33,0.8,3,2,2,2,1,310.26,0,13,3,3,1,1,10,1,3,2,2
3,13,9,34,0.2,1,1,1,1,1,323.53,0,17,1,3,1,3,11,3,3,3,3
3,13,9,35,1.8,2,3,2,2,1,286.71,1,15,1,1,2,2,1,3,1,1,3
3,13,9,36,1.8,2,1,NaN,NaN,NaN,NaN,NaN,4,1,1,2,2,5,1,1,1,1
3,13,9,37,0.1,2,3,2,2,1,364.98,0,1,3,3,2,2,8,1,1,3,3
3,13,9,38,1.8,2,2,2,1,0,216.74,1,2,3,1,2,2,17,3,3,2,2
3,13,9,39,0.8,3,3,2,2,1,230.19,1,4,3,3,1,1,5,1,3,3,1
3,13,9,40,0.05,1,2,1,1,1,280.66,1,13,1,1,1,1,19,1,3,2,2
3,13,9,41,0.05,1,3,1,1,1,307.43,0,2,1,1,1,1,4,3,3,1,1
3,13,9,42,0.2,1,3,1,1,1,260.34,1,13,1,3,1,3,19,3,3,1,1
3,13,9,43,0.1,1,2,1,1,1,292.74,1,4,3,3,3,3,4,3,3,2,2
3,13,9,44,0.4,1,1,1,1,1,324.52,0,17,1,1,1,1,17,3,3,3,3
3,13,9,45,1.8,2,2,2,1,0,336.84,0,18,1,1,2,2,16,3,1,2,2
3,13,9,46,0.8,3,2,2,2,1,248.42,1,18,3,3,1,1,9,1,3,2,2
3,13,9,47,0.8,3,2,2,2,1,292.99,1,4,1,1,3,3,19,3,3,2,2
3,13,9,48,0.1,1,2,1,1,1,231.74,1,18,1,1,1,1,13,3,3,2,2
3,13,9,49,0.1,3,1,2,2,1,293.32,1,10,3,3,1,1,6,3,3,3,3
3,13,9,50,0.8,3,1,2,2,1,284.15,1,17,1,1,3,3,12,3,1,3,1
3,13,9,51,0.4,2,2,2,2,1,228.02,1,15,3,3,2,2,9,1,1,2,2
3,13,9,52,0.8,2,3,2,2,1,278.13,1,6,3,3,2,2,10,3,1,1,3
3,13,9,53,1.8,3,2,2,2,1,228.18,1,16,1,3,3,1,13,3,1,2,2
3,13,9,54,0.4,2,1,2,2,1,306.25,0,2,1,3,2,2,14,1,3,1,3
3,13,9,55,0.2,3,3,2,2,1,272.48,1,11,3,1,1,3,15,1,3,3,1
3,13,9,56,0.1,2,3,2,1,0,275.81,1,11,1,1,2,2,15,1,3,3,1
3,13,9,57,0.2,1,2,1,2,0,337.49,0,3,1,3,1,3,10,1,3,2,2
3,13,9,58,0.4,2,3,2,2,1,328.17,0,14,1,1,2,2,10,1,3,3,1
3,13,9,59,0.2,1,3,1,1,1,285.62,1,12,3,3,3,3,20,1,3,3,1
3,13,9,60,0.8,1,2,1,1,1,329.81,0,6,1,1,1,1,5,1,1,2,2
3,13,9,61,0.4,1,1,1,1,1,252.76,1,13,1,1,1,1,17,3,3,3,3
3,13,9,62,0.4,1,1,1,1,1,245.94,1,14,1,1,1,1,7,3,1,3,1
3,13,9,63,0.4,3,3,2,2,1,189.29,1,3,1,3,3,1,5,3,3,1,1
3,13,9,64,0.4,2,2,2,2,1,255.57,1,9,1,3,2,2,3,1,3,2,2
3,13,9,65,0.4,2,3,2,2,1,247.99,1,11,1,1,2,2,18,1,1,3,3
3,13,9,66,0.05,1,3,1,1,1,301.93,0,9,1,1,1,1,5,3,1,1,3
3,13,9,67,0.1,1,2,1,1,1,291.98,1,20,3,1,3,1,18,1,3,2,2
3,13,9,68,0.05,2,2,2,1,0,312.49,0,10,3,1,2,2,17,3,3,2,2
3,13,9,69,0.2,3,1,2,2,1,199.56,1,18,1,3,3,1,12,1,3,1,3
3,13,9,70,0.1,3,1,2,2,1,301.92,0,14,3,3,1,1,7,3,1,3,1
3,13,9,71,0.1,1,1,1,1,1,282.5,1,19,3,3,3,3,14,3,1,3,1
3,13,9,72,1.8,1,3,NaN,NaN,NaN,NaN,NaN,1,1,1,1,1,2,3,1,1,3
3,13,9,73,1.8,3,2,2,2,1,301.09,0,5,1,1,3,3,17,1,1,2,2
3,13,9,74,0.8,1,1,1,1,1,295.97,1,10,3,1,3,1,12,3,3,3,3
3,13,9,75,1.8,1,3,1,1,1,253.12,1,9,3,1,3,1,5,1,3,3,1
3,13,9,76,0.8,1,3,1,1,1,249.1,1,5,3,3,3,3,16,3,3,1,1
3,13,9,77,0.05,2,1,2,2,1,357.9,0,4,3,1,2,2,14,1,1,1,1
3,13,9,78,0.2,2,1,2,2,1,262.81,1,7,1,1,2,2,20,1,3,1,3
3,13,10,1,0.8,3,2,2,2,1,249.49,1,4,1,1,3,3,16,3,1,2,2
3,13,10,2,0.4,3,1,2,2,1,248.54,1,12,1,3,3,1,3,1,3,1,3
3,13,10,3,0.1,3,1,2,2,1,261.86,1,3,1,3,3,1,5,3,3,3,3
3,13,10,4,0.8,2,2,2,2,1,294.81,1,6,1,1,2,2,11,3,3,2,2
3,13,10,5,0.8,1,2,1,1,1,284.49,1,3,3,1,3,1,3,3,3,2,2
3,13,10,6,0.4,2,3,2,2,1,208.34,1,17,1,3,2,2,9,3,3,1,1
3,13,10,7,0.05,1,2,1,1,1,303.02,0,18,1,1,1,1,12,3,3,2,2
3,13,10,8,0.1,2,1,2,2,1,256.35,1,9,3,3,2,2,17,3,3,3,3
3,13,10,9,0.2,1,1,1,1,1,260.13,1,11,3,3,3,3,1,3,1,3,1
3,13,10,10,0.05,3,3,2,2,1,280.93,1,7,3,1,1,3,10,3,3,1,1
3,13,10,11,0.4,1,2,1,1,1,260.54,1,14,1,1,1,1,9,1,1,2,2
3,13,10,12,0.1,2,1,2,1,0,312.63,0,7,1,1,2,2,5,3,1,3,1
3,13,10,13,0.1,2,3,2,2,1,319.36,0,11,3,3,2,2,13,3,1,1,3
3,13,10,14,0.4,1,1,1,1,1,440.51,0,1,1,1,1,1,20,3,1,3,1
3,13,10,15,0.4,1,1,1,1,1,287.11,1,20,1,3,1,3,14,3,1,3,1
3,13,10,16,0.1,1,2,1,1,1,256.62,1,7,3,1,3,1,2,3,3,2,2
3,13,10,17,1.8,1,3,1,1,1,266.95,1,19,1,3,1,3,10,3,1,1,3
3,13,10,18,0.2,3,3,2,2,1,348.38,0,5,3,3,1,1,8,3,3,1,1
3,13,10,19,0.1,1,3,1,1,1,297.77,1,8,3,1,3,1,7,1,1,3,3
3,13,10,20,1.8,1,2,1,1,1,201.93,1,1,3,3,3,3,7,3,3,2,2
3,13,10,21,0.4,2,1,2,2,1,625.24,0,20,3,3,2,2,4,1,3,1,3
3,13,10,22,0.4,1,3,1,1,1,261.93,1,20,1,3,1,3,3,1,1,3,3
3,13,10,23,0.1,1,1,1,1,1,414.64,0,11,3,1,3,1,18,1,3,1,3
3,13,10,24,1.8,1,2,NaN,NaN,NaN,NaN,NaN,19,1,3,1,3,8,1,3,2,2
3,13,10,25,0.8,1,3,1,2,0,240.56,1,13,3,1,3,1,5,1,3,3,1
3,13,10,26,0.2,1,2,1,1,1,210.42,1,8,1,3,1,3,9,1,3,2,2
3,13,10,27,0.05,3,1,2,2,1,373.06,0,5,1,3,3,1,4,1,1,1,1
3,13,10,28,0.8,1,2,1,1,1,284.63,1,19,3,1,3,1,17,1,3,2,2
3,13,10,29,0.2,3,3,2,2,1,290.24,1,7,1,1,3,3,5,3,1,1,3
3,13,10,30,0.05,2,1,2,2,1,304.75,0,17,1,3,2,2,7,1,3,1,3
3,13,10,31,1.8,2,3,NaN,NaN,NaN,NaN,NaN,16,1,1,2,2,2,3,3,1,1
3,13,10,32,0.05,1,1,1,1,1,285.08,1,20,1,3,1,3,4,1,3,1,3
3,13,10,33,1.8,1,2,1,1,1,264.57,1,19,3,1,3,1,19,3,1,2,2
3,13,10,34,1.8,2,1,2,2,1,259.32,1,12,1,3,2,2,13,3,3,3,3
3,13,10,35,0.05,3,3,2,2,1,328.96,0,17,1,3,3,1,11,3,1,1,3
3,13,10,36,0.05,2,1,2,1,0,295.64,1,18,1,3,2,2,17,3,3,3,3
3,13,10,37,1.8,3,1,2,2,1,221.24,1,15,3,1,1,3,11,1,1,1,1
3,13,10,38,0.8,1,1,1,1,1,339.94,0,13,1,1,1,1,2,3,3,3,3
3,13,10,39,0.4,3,3,2,2,1,264.03,1,11,1,3,3,1,14,1,1,3,3
3,13,10,40,0.05,1,2,1,1,1,266.42,1,8,1,3,1,3,6,1,1,2,2
3,13,10,41,0.05,2,1,2,2,1,300.18,0,12,1,3,2,2,5,3,3,3,3
3,13,10,42,0.05,3,2,2,2,1,303.77,0,17,3,1,1,3,12,1,1,2,2
3,13,10,43,0.8,1,1,1,1,1,274.38,1,10,1,3,1,3,5,1,3,1,3
3,13,10,44,0.1,2,3,2,2,1,303.41,0,11,3,1,2,2,12,1,3,3,1
3,13,10,45,0.8,1,3,1,1,1,298.07,1,7,3,1,3,1,17,1,1,3,3
3,13,10,46,0.2,1,2,1,1,1,257.53,1,2,1,1,1,1,18,3,3,2,2
3,13,10,47,0.4,1,2,1,1,1,274.92,1,7,1,3,1,3,14,3,1,2,2
3,13,10,48,0.4,1,3,1,1,1,258.98,1,6,1,3,1,3,12,1,3,3,1
3,13,10,49,0.05,1,2,1,2,0,368.04,0,8,1,3,1,3,19,3,1,2,2
3,13,10,50,0.1,1,3,1,1,1,351.44,0,16,1,1,1,1,1,3,1,1,3
3,13,10,51,0.2,2,2,2,2,1,293.19,1,13,1,1,2,2,18,1,1,2,2
3,13,10,52,0.4,1,1,1,2,0,249.98,1,9,3,3,3,3,17,1,3,1,3
3,13,10,53,0.8,3,2,2,2,1,303.68,0,7,1,1,3,3,14,1,1,2,2
3,13,10,54,0.8,1,1,1,1,1,326.75,0,9,1,1,1,1,16,3,3,3,3
3,13,10,55,1.8,2,2,2,1,0,216.41,1,4,3,3,2,2,15,3,1,2,2
3,13,10,56,1.8,3,2,2,2,1,234.39,1,11,3,1,1,3,3,1,3,2,2
3,13,10,57,1.8,1,1,1,1,1,282.51,1,2,3,1,3,1,8,1,1,1,1
3,13,10,58,0.05,2,3,2,2,1,402.05,0,10,1,3,2,2,10,3,3,1,1
3,13,10,59,0.05,3,1,2,2,1,328.6,0,7,1,1,3,3,5,3,1,3,1
3,13,10,60,0.2,1,2,1,1,1,251.04,1,14,3,1,3,1,20,3,3,2,2
3,13,10,61,0.8,3,3,2,2,1,316.68,0,12,1,3,3,1,19,3,3,1,1
3,13,10,62,0.1,1,1,1,1,1,328.52,0,3,1,1,1,1,16,1,3,1,3
3,13,10,63,0.8,2,1,2,2,1,316.65,0,3,1,1,2,2,1,3,3,3,3
3,13,10,64,1.8,1,3,1,1,1,255.27,1,18,1,1,1,1,15,1,3,3,1
3,13,10,65,0.2,1,3,1,1,1,279.51,1,18,3,3,3,3,3,1,3,3,1
3,13,10,66,0.4,1,2,1,1,1,294.21,1,5,3,3,3,3,5,1,3,2,2
3,13,10,67,0.1,2,1,2,2,1,317.11,0,19,3,1,2,2,17,3,3,3,3
3,13,10,68,0.1,1,1,1,1,1,257.66,1,9,1,1,1,1,16,1,3,1,3
3,13,10,69,0.8,1,2,1,1,1,293.49,1,6,1,3,1,3,1,3,3,2,2
3,13,10,70,0.2,1,3,1,1,1,283.61,1,15,1,1,1,1,5,3,1,1,3
3,13,10,71,0.2,2,2,2,2,1,270.2,1,16,3,3,2,2,3,3,1,2,2
3,13,10,72,1.8,1,1,NaN,NaN,NaN,NaN,NaN,17,1,1,1,1,1,1,1,1,1
3,13,10,73,0.2,3,1,2,2,1,290.14,1,8,3,3,1,1,12,1,3,1,3
3,13,10,74,1.8,1,3,1,1,1,302.45,0,5,3,3,3,3,17,3,1,1,3
3,13,10,75,0.4,2,1,2,1,0,324.67,0,1,3,1,2,2,19,1,1,1,1
3,13,10,76,0.1,1,1,1,1,1,256.32,1,8,1,1,1,1,9,1,1,1,1
3,13,10,77,0.2,2,2,2,2,1,167.1,1,19,3,1,2,2,18,3,1,2,2
3,13,10,78,0.2,3,1,2,2,1,199.34,1,20,1,1,3,3,20,1,3,1,3
