4,4,1,1,0.2,1,2,1,1,1,243.36,1,3,3,3,3,3,1,3,1,2,2
4,4,1,2,0.2,3,2,2,2,1,269.99,1,18,1,3,3,1,8,1,1,2,2
4,4,1,3,0.1,2,2,2,2,1,209.67,1,9,3,3,2,2,12,1,3,2,2
4,4,1,4,0.1,3,3,2,2,1,434.09,0,20,1,3,3,1,9,1,1,3,3
4,4,1,5,0.2,3,3,2,2,1,215.44,1,19,1,3,3,1,9,3,1,1,3
4,4,1,6,0.8,2,2,2,1,0,216.85,1,9,3,1,2,2,12,3,1,2,2
4,4,1,7,0.05,3,3,2,2,1,275.89,1,9,1,1,3,3,6,1,1,3,3
4,4,1,8,1.8,1,3,1,1,1,206.68,1,10,1,3,1,3,14,1,1,3,3
4,4,1,9,0.8,3,3,2,2,1,219.47,1,14,1,3,3,1,7,3,3,1,1
4,4,1,10,0.4,2,3,2,1,0,244.05,1,12,1,1,2,2,8,3,1,1,3
4,4,1,11,0.05,1,2,1,2,0,259.79,1,9,3,3,3,3,6,3,1,2,2
4,4,1,12,0.05,1,2,1,2,0,347.84,0,4,1,3,1,3,2,1,3,2,2
4,4,1,13,0.4,2,2,2,2,1,232.31,1,14,1,1,2,2,10,3,3,2,2
4,4,1,14,0.1,1,3,1,1,1,271.04,1,6,1,3,1,3,1,1,3,3,1
4,4,1,15,0.1,3,1,2,2,1,293,1,7,3,3,1,1,9,3,1,3,1
4,4,1,16,0.4,1,1,1,1,1,215.88,1,14,1,1,1,1,13,1,1,1,1
4,4,1,17,1.8,3,2,2,2,1,220.57,1,8,1,1,3,3,6,3,1,2,2
4,4,1,18,0.1,1,2,1,1,1,246.89,1,20,3,1,3,1,14,1,1,2,2
4,4,1,19,0.05,2,2,2,2,1,288.46,1,14,1,3,2,2,20,1,3,2,2
4,4,1,20,0.4,1,3,1,1,1,218.19,1,4,1,1,1,1,18,1,1,3,3
4,4,1,21,0.4,3,1,2,2,1,212.91,1,15,1,1,3,3,20,3,1,3,1
4,4,1,22,0.2,1,2,1,1,1,224.59,1,2,1,3,1,3,1,1,3,2,2
4,4,1,23,0.1,1,3,1,1,1,245.25,1,17,3,1,3,1,9,3,3,1,1
4,4,1,24,0.2,2,2,2,2,1,219.18,1,6,3,1,2,2,11,1,3,2,2
4,4,1,25,0.05,1,1,1,1,1,287.36,1,9,1,1,1,1,15,3,1,3,1
4,4,1,26,0.4,3,2,2,2,1,222.51,1,10,3,1,1,3,14,3,3,2,2
4,4,1,27,0.1,2,1,2,1,0,264.87,1,19,1,1,2,2,20,3,1,3,1
4,4,1,28,0.8,3,1,2,2,1,218.52,1,7,1,3,3,1,7,1,1,1,1
4,4,1,29,0.8,3,1,2,2,1,220.37,1,1,3,3,1,1,17,1,3,1,3
4,4,1,30,0.1,2,2,2,1,0,397.93,0,11,3,1,2,2,7,3,3,2,2
4,4,1,31,1.8,2,2,NaN,NaN,NaN,NaN,NaN,10,3,1,2,2,6,3,1,2,2
4,4,1,32,0.8,1,3,1,2,0,248.56,1,3,1,1,1,1,5,3,3,1,1
4,4,1,33,0.8,3,3,2,2,1,225.42,1,20,3,3,1,1,9,1,1,3,3
4,4,1,34,0.2,1,2,1,1,1,243.25,1,8,3,3,3,3,1,3,3,2,2
4,4,1,35,0.8,1,3,1,1,1,228.31,1,10,3,3,3,3,10,3,3,1,1
4,4,1,36,0.2,2,2,2,1,0,234.86,1,13,3,3,2,2,9,3,1,2,2
4,4,1,37,0.2,2,2,2,2,1,292.57,1,11,3,3,2,2,16,1,1,2,2
4,4,1,38,0.1,3,2,2,2,1,446.32,0,7,3,3,1,1,9,3,3,2,2
4,4,1,39,0.05,1,3,1,2,0,599.23,0,11,3,1,3,1,13,1,1,3,3
4,4,1,40,0.4,2,1,2,1,0,228.68,1,15,3,1,2,2,19,3,1,3,1
4,4,1,41,0.1,1,2,1,1,1,287.07,1,11,1,3,1,3,4,1,1,2,2
4,4,1,42,0.2,2,1,2,2,1,442.04,0,2,1,1,2,2,3,3,3,3,3
4,4,1,43,1.8,1,3,1,2,0,223.04,1,7,3,3,3,3,16,3,3,1,1
4,4,1,44,1.8,2,1,2,2,1,188.63,1,6,3,3,2,2,12,1,3,1,3
4,4,1,45,0.1,1,1,1,1,1,325.3,0,1,1,3,1,3,8,3,1,3,1
4,4,1,46,0.8,1,2,1,1,1,200.25,1,8,1,1,1,1,11,3,3,2,2
4,4,1,47,0.2,1,3,1,1,1,244.42,1,1,3,1,3,1,4,1,1,3,3
4,4,1,48,0.2,1,1,1,1,1,285.27,1,8,3,3,3,3,14,1,3,1,3
4,4,1,49,0.05,1,1,1,1,1,388.31,0,3,1,3,1,3,3,3,1,3,1
4,4,1,50,0.4,1,2,1,1,1,217.88,1,20,1,3,1,3,12,3,3,2,2
4,4,1,51,0.4,1,1,1,2,0,222.78,1,7,1,1,1,1,6,3,1,3,1
4,4,1,52,0.8,1,3,1,2,0,248.72,1,1,1,3,1,3,5,3,3,1,1
4,4,1,53,0.8,3,1,2,2,1,270.37,1,17,3,1,1,3,7,3,1,3,1
4,4,1,54,0.1,1,2,1,1,1,435.84,0,14,3,3,3,3,4,3,1,2,2
4,4,1,55,0.2,3,2,2,2,1,238.94,1,1,3,1,1,3,16,1,1,2,2
4,4,1,56,1.8,1,2,1,1,1,189.03,1,20,3,1,3,1,18,3,1,2,2
4,4,1,57,0.05,3,3,2,2,1,296.18,1,6,3,3,1,1,12,1,3,3,1
4,4,1,58,0.8,3,2,2,2,1,234.72,1,12,1,1,3,3,9,3,1,2,2
4,4,1,59,1.8,3,1,2,2,1,217.36,1,16,1,1,3,3,10,3,1,3,1
4,4,1,60,0.05,3,1,2,2,1,436.96,0,10,1,1,3,3,5,3,3,3,3
4,4,1,61,1.8,2,1,2,2,1,251.19,1,6,3,3,2,2,13,3,3,3,3
4,4,1,62,0.05,3,2,2,2,1,365.68,0,20,3,1,1,3,1,1,1,2,2
4,4,1,63,1.8,2,1,2,2,1,215.52,1,1,3,1,2,2,19,1,3,1,3
4,4,1,64,0.4,2,1,2,2,1,435.97,0,4,3,3,2,2,12,1,3,1,3
4,4,1,65,1.8,2,3,2,2,1,228.83,1,6,3,1,2,2,3,1,1,3,3
4,4,1,66,0.2,3,3,2,2,1,236.29,1,1,1,1,3,3,2,1,3,3,1
4,4,1,67,0.4,1,1,1,1,1,233.14,1,13,1,3,1,3,3,3,3,3,3
4,4,1,68,1.8,3,2,2,2,1,238.34,1,6,1,3,3,1,20,3,3,2,2
4,4,1,69,0.05,2,3,2,2,1,449.06,0,3,3,3,2,2,13,3,3,1,1
4,4,1,70,1.8,2,3,2,2,1,346.82,0,13,1,1,2,2,4,1,3,3,1
4,4,1,71,0.05,2,2,2,2,1,446.21,0,9,3,3,2,2,4,3,3,2,2
4,4,1,72,0.8,1,1,1,1,1,286.02,1,18,3,1,3,1,13,1,1,1,1
4,4,1,73,0.1,1,3,1,1,1,261.44,1,2,1,1,1,1,13,1,1,3,3
4,4,1,74,0.8,1,1,1,1,1,228.84,1,3,3,1,3,1,4,3,1,3,1
4,4,1,75,0.4,1,2,1,2,0,248.82,1,14,1,3,1,3,17,1,3,2,2
4,4,1,76,0.05,1,3,1,1,1,330.49,0,2,3,3,3,3,9,3,3,1,1
4,4,1,77,1.8,2,3,2,2,1,211.08,1,5,3,1,2,2,10,3,1,1,3
4,4,1,78,0.4,3,2,2,2,1,233.31,1,16,1,1,3,3,1,1,3,2,2
4,4,2,1,0.05,3,1,2,2,1,328.82,0,14,3,1,1,3,9,3,1,3,1
4,4,2,2,0.2,1,1,1,1,1,230.01,1,5,3,3,3,3,4,1,3,1,3
4,4,2,3,1.8,3,2,2,2,1,181.24,1,1,1,3,3,1,8,3,1,2,2
4,4,2,4,0.1,2,1,2,2,1,313.02,0,18,3,1,2,2,17,1,1,1,1
4,4,2,5,0.8,2,2,2,2,1,226.59,1,8,3,3,2,2,19,1,1,2,2
4,4,2,6,0.4,1,1,1,1,1,278.92,1,13,1,3,1,3,10,1,3,1,3
4,4,2,7,0.4,2,1,2,2,1,233.09,1,16,3,3,2,2,18,1,3,1,3
4,4,2,8,0.8,1,2,1,1,1,202.89,1,19,3,1,3,1,14,3,1,2,2
4,4,2,9,0.8,1,3,1,1,1,232.4,1,6,3,3,3,3,6,3,1,1,3
4,4,2,10,0.05,3,1,2,2,1,341.14,0,15,1,1,3,3,1,3,3,3,3
4,4,2,11,0.1,3,1,2,2,1,304.07,0,14,1,1,3,3,19,3,1,3,1
4,4,2,12,1.8,3,3,2,2,1,223.85,1,20,1,1,3,3,15,3,3,1,1
4,4,2,13,1.8,1,3,1,2,0,404.82,0,15,3,1,3,1,12,1,3,3,1
4,4,2,14,0.05,1,2,1,1,1,357.33,0,16,1,1,1,1,6,3,1,2,2
4,4,2,15,0.8,3,3,2,2,1,245.79,1,10,3,1,1,3,12,1,3,3,1
4,4,2,16,1.8,2,3,2,2,1,222.3,1,9,1,3,2,2,7,1,3,3,1
4,4,2,17,0.4,1,3,1,1,1,300.28,0,20,1,1,1,1,8,1,1,3,3
4,4,2,18,0.2,2,2,2,1,0,245.69,1,8,1,1,2,2,18,3,3,2,2
4,4,2,19,0.4,3,2,2,2,1,242.1,1,3,1,3,3,1,6,3,1,2,2
4,4,2,20,0.4,2,1,2,1,0,211.51,1,8,1,3,2,2,4,3,1,3,1
4,4,2,21,1.8,1,2,1,1,1,213.23,1,14,1,3,1,3,5,1,3,2,2
4,4,2,22,0.05,2,3,2,2,1,349.4,0,20,3,3,2,2,11,1,3,3,1
4,4,2,23,0.2,1,2,1,1,1,211.86,1,5,1,3,1,3,18,3,1,2,2
4,4,2,24,0.05,2,1,2,1,0,312.63,0,9,3,1,2,2,4,1,1,1,1
4,4,2,25,0.8,2,2,2,2,1,233.39,1,12,1,3,2,2,17,3,3,2,2
4,4,2,26,0.2,1,2,1,1,1,250.17,1,18,3,1,3,1,4,1,3,2,2
4,4,2,27,0.2,1,3,1,1,1,235.21,1,6,3,3,3,3,1,1,3,3,1
4,4,2,28,1.8,1,3,1,1,1,215.97,1,7,3,3,3,3,12,1,1,3,3
4,4,2,29,0.8,1,2,1,1,1,239.65,1,12,3,3,3,3,10,3,3,2,2
4,4,2,30,0.2,1,2,1,1,1,269.43,1,13,3,1,3,1,5,1,3,2,2
4,4,2,31,0.05,2,2,2,2,1,352.56,0,9,1,3,2,2,18,1,1,2,2
4,4,2,32,0.8,1,2,1,1,1,232.09,1,18,3,3,3,3,15,3,1,2,2
4,4,2,33,0.4,2,1,2,2,1,240.67,1,8,3,1,2,2,11,3,1,3,1
4,4,2,34,0.1,1,3,1,2,0,338.22,0,12,3,1,3,1,8,1,1,3,3
4,4,2,35,0.1,1,3,1,1,1,267.8,1,1,1,3,1,3,15,3,1,1,3
4,4,2,36,0.2,3,2,2,2,1,244.13,1,8,1,3,3,1,3,1,1,2,2
4,4,2,37,1.8,1,3,1,1,1,220.63,1,12,1,3,1,3,6,1,3,3,1
4,4,2,38,0.1,1,2,1,1,1,294.09,1,8,3,3,3,3,7,1,3,2,2
4,4,2,39,0.05,2,1,2,1,0,311.4,0,4,3,1,2,2,3,1,3,1,3
4,4,2,40,1.8,1,1,1,1,1,224.45,1,3,3,3,3,3,10,3,1,3,1
4,4,2,41,0.05,1,3,1,1,1,219.19,1,19,1,1,1,1,18,1,3,3,1
4,4,2,42,0.05,3,3,2,2,1,313.87,0,18,3,1,1,3,8,1,1,3,3
4,4,2,43,0.8,1,3,1,1,1,230.28,1,1,1,1,1,1,16,1,3,3,1
4,4,2,44,0.1,3,3,2,2,1,282.96,1,3,3,1,1,3,12,1,1,3,3
4,4,2,45,0.2,1,3,1,1,1,264.5,1,17,3,3,3,3,7,1,3,3,1
4,4,2,46,0.8,1,3,1,1,1,223.7,1,15,1,3,1,3,16,1,3,3,1
4,4,2,47,0.4,3,1,2,2,1,254.89,1,2,3,3,1,1,1,3,3,3,3
4,4,2,48,1.8,2,3,2,2,1,211.85,1,13,3,3,2,2,13,1,1,3,3
4,4,2,49,0.2,3,2,2,2,1,248.2,1,2,3,1,1,3,20,3,1,2,2
4,4,2,50,0.8,1,3,1,1,1,224.81,1,17,1,3,1,3,18,3,3,1,1
4,4,2,51,0.1,1,2,1,1,1,214.35,1,6,1,1,1,1,6,1,1,2,2
4,4,2,52,0.1,2,2,2,2,1,377.05,0,8,3,3,2,2,17,1,1,2,2
4,4,2,53,0.1,1,1,1,1,1,298.7,1,12,1,1,1,1,10,1,3,1,3
4,4,2,54,0.4,3,2,2,2,1,265.84,1,15,3,3,1,1,2,3,1,2,2
4,4,2,55,0.1,2,3,2,2,1,232.85,1,5,1,3,2,2,13,3,3,1,1
4,4,2,56,1.8,2,2,2,2,1,229.93,1,18,3,1,2,2,19,3,3,2,2
4,4,2,57,0.05,2,2,2,2,1,488.2,0,15,3,1,2,2,20,1,3,2,2
4,4,2,58,0.1,1,3,1,2,0,483.98,0,16,3,1,3,1,7,1,3,3,1
4,4,2,59,0.8,2,1,2,2,1,222.1,1,18,1,1,2,2,7,1,1,1,1
4,4,2,60,0.2,1,3,1,1,1,267.21,1,9,1,3,1,3,13,1,3,3,1
4,4,2,61,0.8,1,1,1,1,1,224.27,1,15,3,1,3,1,20,3,1,3,1
4,4,2,62,1.8,3,1,2,2,1,253.54,1,6,3,1,1,3,13,3,1,3,1
4,4,2,63,0.2,3,2,2,2,1,270.42,1,14,1,1,3,3,18,1,3,2,2
4,4,2,64,0.4,1,3,1,1,1,263.22,1,17,3,3,3,3,5,3,1,1,3
4,4,2,65,0.05,2,3,2,2,1,470.01,0,17,1,3,2,2,4,3,1,1,3
4,4,2,66,0.05,3,2,2,2,1,329.29,0,1,1,1,3,3,19,3,3,2,2
4,4,2,67,1.8,2,2,2,2,1,226.87,1,14,1,3,2,2,9,3,1,2,2
4,4,2,68,0.8,3,1,2,2,1,188.45,1,11,1,1,3,3,7,3,3,3,3
4,4,2,69,0.1,1,2,1,1,1,321.81,0,5,1,1,1,1,1,3,1,2,2
4,4,2,70,0.4,1,1,1,1,1,205.07,1,11,1,1,1,1,14,3,3,3,3
4,4,2,71,0.4,3,2,2,2,1,375.68,0,9,3,1,1,3,3,3,3,2,2
4,4,2,72,0.1,1,3,1,1,1,312.22,0,14,1,1,1,1,3,1,1,3,3
4,4,2,73,0.4,2,1,2,1,0,226.9,1,12,3,1,2,2,18,1,3,1,3
4,4,2,74,0.2,1,3,1,1,1,250.32,1,20,3,3,3,3,19,3,3,1,1
4,4,2,75,0.05,3,3,2,2,1,322.29,0,1,3,3,1,1,3,3,1,1,3
4,4,2,76,0.2,1,2,1,1,1,213.29,1,17,3,3,3,3,19,1,3,2,2
4,4,2,77,1.8,1,2,1,1,1,210.34,1,13,1,1,1,1,17,1,1,2,2
4,4,2,78,0.4,2,3,2,2,1,244.23,1,8,3,3,2,2,13,1,1,3,3
4,4,3,1,0.05,1,3,1,2,0,405.21,0,18,3,3,3,3,16,3,1,1,3
4,4,3,2,0.05,1,2,1,1,1,219.03,1,4,1,3,1,3,17,3,3,2,2
4,4,3,3,0.2,2,2,2,1,0,46.653,2,10,3,3,2,2,17,1,1,2,2
4,4,3,4,0.05,1,1,1,1,1,340.42,0,3,1,3,1,3,3,3,3,3,3
4,4,3,5,0.1,1,3,1,1,1,293.26,1,1,3,1,3,1,18,1,1,3,3
4,4,3,6,0.1,3,1,2,2,1,263.63,1,2,1,1,3,3,13,3,1,3,1
4,4,3,7,0.4,1,1,1,1,1,243.48,1,8,1,1,1,1,13,1,3,1,3
4,4,3,8,0.2,2,3,2,2,1,224.89,1,13,1,3,2,2,17,1,1,3,3
4,4,3,9,0.8,1,3,1,1,1,226.71,1,12,1,1,1,1,7,3,3,1,1
4,4,3,10,0.05,2,3,2,1,0,441.33,0,7,3,1,2,2,17,3,3,1,1
4,4,3,11,0.05,1,2,1,1,1,276.41,1,14,1,1,1,1,7,1,3,2,2
4,4,3,12,0.8,2,2,2,1,0,213.67,1,15,3,1,2,2,3,3,3,2,2
4,4,3,13,0.8,1,1,1,1,1,225.15,1,15,3,3,3,3,16,1,3,1,3
4,4,3,14,0.05,1,2,1,2,0,434.89,0,9,3,1,3,1,11,1,1,2,2
4,4,3,15,0.2,2,2,2,1,0,22.814,2,11,1,3,2,2,12,1,1,2,2
4,4,3,16,1.8,1,2,1,1,1,202.83,1,10,3,1,3,1,7,1,3,2,2
4,4,3,17,1.8,1,2,1,2,0,211.08,1,20,1,3,1,3,5,3,1,2,2
4,4,3,18,0.4,3,1,2,2,1,210.54,1,16,3,1,1,3,13,1,1,1,1
4,4,3,19,0.2,3,2,2,2,1,232.4,1,14,1,1,3,3,19,1,1,2,2
4,4,3,20,0.2,1,3,1,1,1,217.23,1,12,3,1,3,1,14,3,1,1,3
4,4,3,21,1.8,3,3,2,2,1,227.29,1,17,3,1,1,3,18,1,3,3,1
4,4,3,22,1.8,2,1,2,2,1,211.89,1,9,3,3,2,2,2,1,3,1,3
4,4,3,23,0.1,1,3,1,1,1,323.5,0,2,1,3,1,3,14,1,3,3,1
4,4,3,24,1.8,3,1,2,2,1,340.52,0,14,3,3,1,1,16,1,1,1,1
4,4,3,25,0.1,3,3,2,2,1,391.54,0,18,3,3,1,1,17,1,3,3,1
4,4,3,26,0.2,3,2,2,2,1,226.14,1,14,1,3,3,1,17,1,3,2,2
4,4,3,27,0.8,1,2,1,2,0,207.72,1,13,1,1,1,1,19,3,3,2,2
4,4,3,28,0.4,3,1,2,2,1,227.14,1,12,1,3,3,1,9,1,1,1,1
4,4,3,29,1.8,2,1,2,2,1,246.21,1,18,1,3,2,2,11,3,1,3,1
4,4,3,30,0.1,2,2,2,1,0,404.55,0,16,3,1,2,2,16,1,1,2,2
4,4,3,31,1.8,1,2,1,1,1,224.43,1,10,1,3,1,3,20,1,3,2,2
4,4,3,32,0.1,2,1,2,2,1,343.28,0,7,3,3,2,2,13,1,3,1,3
4,4,3,33,0.4,1,3,1,2,0,227.63,1,19,1,1,1,1,13,1,3,3,1
4,4,3,34,0.05,2,3,2,2,1,485.24,0,4,1,3,2,2,13,3,1,1,3
4,4,3,35,0.2,2,3,2,1,0,252.9,1,16,1,3,2,2,8,1,3,3,1
4,4,3,36,0.8,2,3,2,2,1,226.92,1,6,3,1,2,2,3,3,1,1,3
4,4,3,37,0.05,3,2,2,2,1,411.47,0,9,3,1,1,3,5,1,1,2,2
4,4,3,38,0.4,2,2,2,2,1,248.09,1,18,1,3,2,2,18,3,3,2,2
4,4,3,39,0.05,1,2,1,1,1,372.42,0,2,1,3,1,3,15,1,1,2,2
4,4,3,40,0.4,3,3,2,2,1,207.49,1,9,1,3,3,1,8,3,3,1,1
4,4,3,41,0.4,2,3,2,2,1,242.22,1,9,3,1,2,2,16,3,1,1,3
4,4,3,42,0.1,1,2,1,1,1,335.71,0,11,1,3,1,3,1,3,1,2,2
4,4,3,43,0.1,1,2,1,1,1,276.5,1,13,1,3,1,3,6,3,1,2,2
4,4,3,44,1.8,1,3,1,1,1,195.87,1,14,3,1,3,1,12,3,3,1,1
4,4,3,45,0.2,1,1,1,1,1,244.59,1,10,3,1,3,1,15,1,1,1,1
4,4,3,46,0.4,2,1,2,1,0,239.88,1,8,3,1,2,2,5,3,3,3,3
4,4,3,47,0.2,3,3,2,2,1,247.78,1,17,1,3,3,1,18,1,3,3,1
4,4,3,48,0.8,1,1,1,2,0,227.22,1,13,1,1,1,1,7,3,3,3,3
4,4,3,49,0.8,1,1,1,1,1,418.88,0,11,3,3,3,3,12,1,1,1,1
4,4,3,50,0.1,3,1,2,2,1,307.67,0,18,3,3,1,1,14,3,1,3,1
4,4,3,51,0.8,1,2,1,1,1,223.78,1,20,3,3,3,3,20,1,3,2,2
4,4,3,52,0.05,3,2,2,2,1,363.35,0,8,3,3,1,1,16,3,3,2,2
4,4,3,53,1.8,2,1,2,1,0,226.93,1,4,1,1,2,2,3,1,1,1,1
4,4,3,54,0.1,2,3,2,2,1,315.68,0,14,1,1,2,2,8,1,3,3,1
4,4,3,55,0.1,3,2,2,2,1,272.36,1,13,3,3,1,1,6,1,1,2,2
4,4,3,56,0.2,1,2,1,1,1,342.34,0,5,3,1,3,1,16,1,3,2,2
4,4,3,57,0.05,3,2,2,2,1,267.88,1,15,1,3,3,1,6,1,1,2,2
4,4,3,58,1.8,1,1,1,1,1,215.38,1,11,1,3,1,3,7,1,1,1,1
4,4,3,59,0.1,2,3,2,2,1,331.48,0,8,1,1,2,2,18,3,1,1,3
4,4,3,60,0.8,1,2,1,1,1,218.14,1,18,3,3,3,3,2,3,1,2,2
4,4,3,61,0.4,3,2,2,2,1,227.09,1,9,3,3,1,1,6,1,1,2,2
4,4,3,62,0.2,1,2,1,1,1,305.61,0,3,1,1,1,1,19,3,1,2,2
4,4,3,63,1.8,1,3,1,1,1,234.11,1,6,3,3,3,3,10,3,3,1,1
4,4,3,64,0.05,1,3,1,1,1,402.27,0,6,1,1,1,1,7,1,1,3,3
4,4,3,65,0.05,3,2,2,2,1,350.91,0,17,1,1,3,3,11,1,3,2,2
4,4,3,66,0.1,2,1,2,1,0,444.32,0,1,3,1,2,2,14,1,1,1,1
4,4,3,67,0.4,1,3,1,1,1,231.43,1,1,3,3,3,3,4,3,1,1,3
4,4,3,68,0.8,3,2,2,2,1,212.12,1,10,1,3,3,1,2,1,3,2,2
4,4,3,69,0.8,3,1,2,2,1,222.65,1,19,3,3,1,1,6,3,1,3,1
4,4,3,70,1.8,1,1,1,1,1,233.68,1,14,3,1,3,1,5,3,3,3,3
4,4,3,71,0.4,1,1,1,1,1,253.51,1,10,1,3,1,3,11,1,1,1,1
4,4,3,72,0.4,1,2,1,1,1,230.42,1,6,1,1,1,1,13,3,3,2,2
4,4,3,73,0.8,1,3,1,1,1,199.84,1,13,1,3,1,3,15,1,1,3,3
4,4,3,74,0.2,2,1,2,2,1,301.26,0,3,1,1,2,2,20,3,3,3,3
4,4,3,75,1.8,2,1,2,2,1,240.23,1,12,3,3,2,2,20,3,1,3,1
4,4,3,76,0.4,1,1,1,2,0,207.66,1,16,1,1,1,1,13,1,1,1,1
4,4,3,77,0.2,1,3,1,1,1,314.8,0,9,3,3,3,3,5,3,3,1,1
4,4,3,78,0.8,2,3,2,2,1,216.52,1,9,3,1,2,2,10,1,1,3,3
4,4,4,1,0.2,1,2,1,1,1,211.9,1,13,1,1,1,1,5,1,1,2,2
4,4,4,2,0.8,1,1,1,1,1,187.34,1,3,3,1,3,1,1,3,3,3,3
4,4,4,3,0.05,1,1,1,1,1,292.94,1,3,3,1,3,1,17,3,1,3,1
4,4,4,4,0.05,1,2,1,1,1,335.51,0,17,1,3,1,3,14,1,1,2,2
4,4,4,5,0.8,3,3,2,2,1,159.6,1,16,1,1,3,3,19,1,1,3,3
4,4,4,6,0.4,3,3,2,2,1,241.04,1,11,3,1,1,3,9,1,3,3,1
4,4,4,7,0.2,1,3,1,1,1,220.18,1,5,3,3,3,3,17,3,3,1,1
4,4,4,8,0.1,2,2,2,2,1,453.44,0,2,1,3,2,2,16,3,1,2,2
4,4,4,9,0.05,1,2,1,1,1,275.18,1,10,1,1,1,1,17,1,3,2,2
4,4,4,10,1.8,1,3,1,1,1,219.25,1,13,1,3,1,3,10,3,3,1,1
4,4,4,11,0.2,2,3,2,1,0,239.3,1,17,1,3,2,2,14,3,3,1,1
4,4,4,12,1.8,1,2,1,1,1,211.91,1,20,1,1,1,1,1,1,1,2,2
4,4,4,13,0.8,2,2,2,2,1,209.83,1,12,3,3,2,2,14,3,3,2,2
4,4,4,14,0.8,1,1,1,1,1,237.17,1,8,1,1,1,1,12,3,3,3,3
4,4,4,15,0.2,3,3,2,2,1,281.97,1,20,1,3,3,1,13,1,1,3,3
4,4,4,16,0.4,3,3,2,2,1,232.26,1,9,3,1,1,3,8,3,1,1,3
4,4,4,17,0.1,3,1,2,2,1,313.43,0,8,3,1,1,3,18,1,1,1,1
4,4,4,18,0.1,1,2,1,1,1,306.53,0,20,3,1,3,1,9,3,1,2,2
4,4,4,19,0.4,2,2,2,1,0,272.94,1,10,3,3,2,2,10,1,3,2,2
4,4,4,20,0.4,3,1,2,2,1,168.69,1,18,3,3,1,1,13,1,1,1,1
4,4,4,21,0.4,1,1,1,1,1,251.57,1,9,3,3,3,3,5,3,3,3,3
4,4,4,22,0.1,2,2,2,2,1,390.43,0,7,3,3,2,2,19,1,1,2,2
4,4,4,23,1.8,1,3,1,1,1,189.55,1,5,1,1,1,1,13,1,3,3,1
4,4,4,24,0.8,2,2,2,1,0,400.45,0,3,1,3,2,2,19,3,3,2,2
4,4,4,25,0.4,2,2,2,1,0,239.55,1,17,3,1,2,2,10,1,3,2,2
4,4,4,26,1.8,2,2,2,2,1,256.06,1,1,1,3,2,2,4,3,3,2,2
4,4,4,27,0.8,2,1,2,2,1,233.98,1,8,1,1,2,2,12,3,3,3,3
4,4,4,28,0.05,1,3,1,1,1,302.69,0,3,3,1,3,1,16,3,1,1,3
4,4,4,29,0.8,1,2,1,1,1,254.19,1,9,3,3,3,3,2,3,3,2,2
4,4,4,30,0.1,1,2,1,1,1,312.07,0,7,3,3,3,3,19,1,3,2,2
4,4,4,31,1.8,1,3,NaN,NaN,NaN,NaN,NaN,17,3,1,3,1,13,1,3,3,1
4,4,4,32,0.2,1,3,1,1,1,244.86,1,14,1,3,1,3,18,1,3,3,1
4,4,4,33,1.8,1,2,NaN,NaN,NaN,NaN,NaN,11,3,1,3,1,9,1,1,2,2
4,4,4,34,0.4,1,3,1,2,0,291.25,1,6,3,1,3,1,5,3,1,1,3
4,4,4,35,0.1,1,3,1,1,1,270.95,1,19,1,3,1,3,8,3,1,1,3
4,4,4,36,0.05,2,3,2,2,1,412.33,0,18,1,1,2,2,2,1,3,3,1
4,4,4,37,1.8,2,3,2,2,1,239.83,1,17,3,1,2,2,2,3,3,1,1
4,4,4,38,0.8,2,2,2,2,1,213.86,1,2,3,1,2,2,8,3,3,2,2
4,4,4,39,0.2,1,3,1,1,1,285.67,1,12,3,3,3,3,11,3,1,1,3
4,4,4,40,0.05,1,1,1,1,1,444.06,0,12,3,3,3,3,4,3,3,3,3
4,4,4,41,0.4,1,1,1,1,1,277.76,1,11,1,3,1,3,9,3,1,3,1
4,4,4,42,1.8,1,2,1,1,1,234.18,1,15,3,1,3,1,1,3,1,2,2
4,4,4,43,1.8,1,3,1,1,1,210.34,1,13,3,1,3,1,10,1,1,3,3
4,4,4,44,1.8,2,1,2,2,1,229.69,1,8,3,1,2,2,16,3,3,3,3
4,4,4,45,0.05,2,2,2,2,1,350.4,0,6,3,3,2,2,15,3,3,2,2
4,4,4,46,0.1,3,2,2,2,1,380.2,0,18,3,3,1,1,7,3,1,2,2
4,4,4,47,0.4,2,2,2,2,1,209.46,1,18,1,3,2,2,8,1,1,2,2
4,4,4,48,0.2,1,3,1,2,0,317.63,0,5,3,1,3,1,5,1,3,3,1
4,4,4,49,0.8,1,1,1,1,1,230.94,1,11,3,1,3,1,8,3,3,3,3
4,4,4,50,0.8,1,3,1,2,0,241.5,1,13,1,3,1,3,15,1,1,3,3
4,4,4,51,0.4,3,3,2,2,1,226.76,1,8,1,3,3,1,1,1,3,3,1
4,4,4,52,0.1,1,1,1,1,1,287.33,1,11,1,3,1,3,5,3,1,3,1
4,4,4,53,0.05,3,2,2,2,1,412.62,0,12,3,3,1,1,13,1,3,2,2
4,4,4,54,0.05,3,3,2,2,1,523.41,0,11,1,3,3,1,3,1,1,3,3
4,4,4,55,0.8,1,1,1,1,1,234.27,1,11,3,3,3,3,20,1,3,1,3
4,4,4,56,0.1,2,2,2,2,1,278.63,1,3,3,3,2,2,6,1,3,2,2
4,4,4,57,0.1,2,1,2,2,1,515.41,0,9,3,3,2,2,14,3,3,3,3
4,4,4,58,0.4,1,3,1,1,1,278.98,1,14,3,1,3,1,5,1,1,3,3
4,4,4,59,0.05,3,2,2,2,1,315.75,0,11,3,1,1,3,1,1,3,2,2
4,4,4,60,0.8,2,3,2,2,1,210.46,1,17,1,3,2,2,11,3,3,1,1
4,4,4,61,1.8,1,1,1,1,1,192.41,1,13,1,3,1,3,9,1,1,1,1
4,4,4,62,0.2,3,2,2,2,1,227.6,1,18,3,1,1,3,15,1,1,2,2
4,4,4,63,0.2,2,2,2,1,0,231.78,1,16,1,3,2,2,1,3,1,2,2
4,4,4,64,0.05,3,2,2,2,1,353.02,0,15,1,1,3,3,14,3,3,2,2
4,4,4,65,0.2,2,1,2,2,1,401.36,0,2,3,1,2,2,13,1,3,1,3
4,4,4,66,0.1,1,2,1,1,1,304.67,0,4,1,3,1,3,7,1,3,2,2
4,4,4,67,0.1,1,3,1,1,1,283.81,1,6,3,3,3,3,9,1,1,3,3
4,4,4,68,0.2,2,1,2,2,1,285.26,1,17,1,1,2,2,17,1,1,1,1
4,4,4,69,0.8,3,3,2,2,1,239.13,1,20,3,1,1,3,1,1,1,3,3
4,4,4,70,0.05,3,3,2,2,1,423.22,0,18,1,1,3,3,17,3,3,1,1
4,4,4,71,0.2,3,3,2,2,1,269.84,1,13,1,1,3,3,10,3,3,1,1
4,4,4,72,1.8,3,1,2,2,1,226.52,1,13,3,3,1,1,19,1,1,1,1
4,4,4,73,0.05,2,2,2,2,1,461.18,0,16,3,3,2,2,19,3,1,2,2
4,4,4,74,0.2,1,1,1,2,0,223.49,1,4,3,1,3,1,10,1,1,1,1
4,4,4,75,0.4,2,3,2,1,0,277.48,1,12,3,1,2,2,7,3,1,1,3
4,4,4,76,0.1,2,3,2,1,0,412.01,0,9,1,1,2,2,9,3,3,1,1
4,4,4,77,0.4,2,2,2,2,1,240.07,1,11,3,3,2,2,5,1,1,2,2
4,4,4,78,1.8,1,3,1,1,1,236.88,1,18,1,3,1,3,11,1,1,3,3
4,4,5,1,0.8,3,2,2,2,1,221.09,1,9,1,3,3,1,9,1,1,2,2
4,4,5,2,0.4,1,2,1,1,1,228.78,1,7,3,3,3,3,19,1,3,2,2
4,4,5,3,0.8,1,2,1,1,1,224.9,1,6,1,3,1,3,7,1,1,2,2
4,4,5,4,0.8,1,1,1,1,1,257.56,1,5,3,1,3,1,1,3,1,3,1
4,4,5,5,0.1,2,1,2,2,1,359.54,0,12,1,3,2,2,15,1,1,1,1
4,4,5,6,1.8,3,1,2,2,1,227.6,1,10,3,1,1,3,11,1,3,1,3
4,4,5,7,0.1,1,1,1,1,1,548.75,0,9,3,1,3,1,7,3,3,3,3
4,4,5,8,1.8,3,3,NaN,NaN,NaN,NaN,NaN,20,1,3,3,1,14,3,3,1,1
4,4,5,9,0.2,1,1,1,1,1,293.23,1,1,1,3,1,3,1,3,1,3,1
4,4,5,10,0.2,1,2,1,1,1,242.67,1,19,1,1,1,1,20,3,3,2,2
4,4,5,11,0.4,2,1,2,2,1,274.15,1,18,3,1,2,2,1,1,1,1,1
4,4,5,12,0.1,1,3,1,1,1,250.85,1,19,1,3,1,3,17,1,1,3,3
4,4,5,13,1.8,2,3,2,2,1,230.49,1,14,1,3,2,2,20,3,1,1,3
4,4,5,14,0.05,2,1,2,2,1,343.06,0,5,3,3,2,2,18,1,3,1,3
4,4,5,15,0.2,3,1,2,2,1,469.76,0,13,1,1,3,3,10,1,3,1,3
4,4,5,16,0.4,1,1,1,1,1,218.66,1,8,1,1,1,1,9,3,1,3,1
4,4,5,17,0.05,3,3,2,2,1,397.63,0,16,1,3,3,1,9,1,1,3,3
4,4,5,18,1.8,1,3,1,1,1,210.37,1,19,3,3,3,3,19,1,3,3,1
4,4,5,19,0.2,1,3,1,1,1,287.45,1,11,3,1,3,1,13,1,1,3,3
4,4,5,20,0.2,2,2,2,2,1,229.72,1,8,1,3,2,2,17,3,1,2,2
4,4,5,21,1.8,3,1,2,2,1,239.46,1,16,1,1,3,3,17,3,3,3,3
4,4,5,22,0.1,1,2,1,1,1,453.13,0,18,1,3,1,3,15,3,1,2,2
4,4,5,23,0.8,1,3,1,1,1,256.58,1,1,1,1,1,1,5,1,1,3,3
4,4,5,24,0.8,1,3,1,2,0,361.52,0,7,1,3,1,3,19,1,1,3,3
4,4,5,25,1.8,2,3,2,2,1,239.3,1,15,3,1,2,2,9,1,1,3,3
4,4,5,26,0.8,2,1,2,2,1,176.55,1,9,1,3,2,2,19,1,3,1,3
4,4,5,27,0.05,1,2,1,1,1,308.27,0,11,3,3,3,3,11,3,1,2,2
4,4,5,28,0.05,3,3,2,2,1,341.61,0,8,1,3,3,1,19,3,3,1,1
4,4,5,29,0.8,2,1,2,2,1,209.63,1,6,1,1,2,2,14,3,3,3,3
4,4,5,30,0.4,1,1,1,1,1,214.7,1,11,3,3,3,3,3,1,1,1,1
4,4,5,31,0.4,1,2,1,2,0,457.42,0,8,3,3,3,3,12,3,3,2,2
4,4,5,32,0.05,2,2,2,2,1,355.46,0,18,1,1,2,2,14,1,3,2,2
4,4,5,33,0.8,1,2,1,1,1,239.31,1,10,3,3,3,3,18,3,1,2,2
4,4,5,34,0.1,2,1,2,2,1,383.09,0,16,1,1,2,2,16,3,3,3,3
4,4,5,35,0.4,2,3,2,2,1,149.29,1,13,3,3,2,2,6,3,1,1,3
4,4,5,36,1.8,2,3,2,2,1,228.45,1,15,3,1,2,2,19,1,3,3,1
4,4,5,37,0.05,1,1,1,1,1,370.1,0,11,1,3,1,3,4,3,3,3,3
4,4,5,38,0.8,2,3,2,2,1,236.37,1,18,3,1,2,2,20,3,1,1,3
4,4,5,39,0.2,2,1,2,2,1,240.67,1,19,1,1,2,2,14,1,3,1,3
4,4,5,40,0.8,2,2,2,2,1,226.31,1,13,1,1,2,2,20,1,1,2,2
4,4,5,41,0.1,2,1,2,1,0,301.22,0,15,1,1,2,2,4,3,3,3,3
4,4,5,42,0.4,1,1,1,1,1,257.16,1,17,1,3,1,3,16,1,1,1,1
4,4,5,43,0.2,2,3,2,1,0,246.74,1,4,1,1,2,2,12,3,3,1,1
4,4,5,44,0.1,1,2,1,1,1,287.4,1,3,3,1,3,1,5,1,1,2,2
4,4,5,45,0.05,2,2,2,1,0,257.37,1,19,1,3,2,2,14,3,1,2,2
4,4,5,46,0.05,1,3,1,1,1,382.6,0,3,3,3,3,3,17,1,1,3,3
4,4,5,47,1.8,1,2,1,1,1,232.95,1,5,3,1,3,1,17,1,3,2,2
4,4,5,48,0.2,3,2,2,2,1,221.22,1,14,1,1,3,3,20,1,3,2,2
4,4,5,49,0.1,2,2,2,2,1,476.12,0,14,1,3,2,2,3,1,3,2,2
4,4,5,50,0.8,3,1,2,2,1,205.2,1,12,3,3,1,1,7,1,1,1,1
4,4,5,51,0.4,3,1,2,2,1,223.06,1,10,1,1,3,3,13,3,1,3,1
4,4,5,52,0.8,2,1,2,2,1,203.67,1,17,1,1,2,2,16,3,1,3,1
4,4,5,53,0.05,1,3,1,1,1,265.57,1,5,3,1,3,1,4,3,3,1,1
4,4,5,54,1.8,2,1,2,1,0,219.69,1,12,1,3,2,2,16,3,3,3,3
4,4,5,55,0.2,3,3,2,2,1,241.6,1,19,1,3,3,1,11,1,3,3,1
4,4,5,56,1.8,1,1,1,1,1,221.54,1,6,1,1,1,1,18,1,1,1,1
4,4,5,57,0.1,2,3,2,1,0,308.56,0,12,1,1,2,2,8,1,3,3,1
4,4,5,58,0.4,2,1,2,2,1,281.85,1,15,1,3,2,2,11,1,3,1,3
4,4,5,59,0.4,1,2,1,1,1,345.23,0,1,1,3,1,3,9,3,3,2,2
4,4,5,60,0.05,2,1,2,1,0,274.74,1,2,3,1,2,2,2,3,3,3,3
4,4,5,61,0.1,2,1,2,2,1,290.16,1,18,1,3,2,2,17,3,1,3,1
4,4,5,62,0.05,3,2,2,2,1,333.99,0,11,3,3,1,1,19,3,3,2,2
4,4,5,63,0.8,3,3,2,2,1,223.88,1,8,1,3,3,1,3,1,3,3,1
4,4,5,64,0.2,1,3,1,1,1,232.99,1,14,1,3,1,3,4,3,3,1,1
4,4,5,65,0.2,1,2,1,1,1,218.04,1,20,1,1,1,1,14,1,3,2,2
4,4,5,66,0.05,3,3,2,2,1,444.06,0,11,1,3,3,1,1,1,3,3,1
4,4,5,67,0.05,1,1,1,1,1,288.83,1,2,3,3,3,3,15,1,3,1,3
4,4,5,68,0.4,2,3,2,2,1,249,1,1,1,1,2,2,15,1,3,3,1
4,4,5,69,0.4,1,1,1,1,1,219.81,1,11,3,3,3,3,1,3,1,3,1
4,4,5,70,0.2,2,2,2,2,1,414.01,0,13,1,3,2,2,9,1,1,2,2
4,4,5,71,1.8,1,2,1,1,1,213.36,1,18,3,3,3,3,2,1,3,2,2
4,4,5,72,0.2,2,3,2,2,1,244.85,1,18,1,3,2,2,16,3,3,1,1
4,4,5,73,1.8,2,2,2,2,1,244.8,1,20,3,1,2,2,9,1,3,2,2
4,4,5,74,0.4,2,3,2,2,1,252.67,1,3,1,3,2,2,4,1,3,3,1
4,4,5,75,0.1,1,3,1,1,1,264.37,1,16,1,3,1,3,19,3,3,1,1
4,4,5,76,0.1,1,1,1,1,1,264.04,1,20,1,3,1,3,2,3,3,3,3
4,4,5,77,0.1,2,1,2,2,1,243.93,1,5,3,3,2,2,13,3,3,3,3
4,4,5,78,1.8,2,2,2,2,1,216.71,1,20,1,1,2,2,17,1,1,2,2
4,4,6,1,0.1,1,1,1,1,1,276.22,1,5,1,3,1,3,19,3,3,3,3
4,4,6,2,0.2,1,1,1,1,1,220.44,1,13,1,3,1,3,2,1,3,1,3
4,4,6,3,0.05,3,1,2,2,1,285.87,1,10,1,3,3,1,15,1,1,1,1
4,4,6,4,0.2,2,1,2,2,1,276.34,1,19,3,3,2,2,9,1,3,1,3
4,4,6,5,0.1,1,1,1,1,1,254.08,1,14,3,3,3,3,20,3,1,3,1
4,4,6,6,0.8,3,2,2,2,1,207.57,1,4,3,1,1,3,6,1,1,2,2
4,4,6,7,0.05,3,2,2,2,1,337.82,0,8,1,3,3,1,12,3,1,2,2
4,4,6,8,0.4,1,1,1,2,0,250.27,1,17,3,3,3,3,12,3,1,3,1
4,4,6,9,0.8,2,3,2,2,1,221.36,1,17,1,3,2,2,2,1,1,3,3
4,4,6,10,0.4,1,2,1,1,1,256.9,1,4,3,1,3,1,16,3,3,2,2
4,4,6,11,0.2,2,3,2,2,1,250.9,1,2,1,1,2,2,5,3,1,1,3
4,4,6,12,0.2,1,3,1,1,1,254.25,1,13,1,3,1,3,20,3,3,1,1
4,4,6,13,0.05,1,1,1,1,1,567.52,0,13,3,3,3,3,9,1,3,1,3
4,4,6,14,1.8,3,1,2,2,1,347.22,0,3,1,1,3,3,19,1,3,1,3
4,4,6,15,0.4,1,1,1,1,1,1.6427,2,18,3,1,3,1,1,3,1,3,1
4,4,6,16,0.2,3,3,2,2,1,240.37,1,15,3,1,1,3,1,3,1,1,3
4,4,6,17,0.1,2,3,2,2,1,391.35,0,9,1,1,2,2,15,1,3,3,1
4,4,6,18,0.4,3,3,2,2,1,214.96,1,3,1,1,3,3,10,1,3,3,1
4,4,6,19,0.8,3,2,2,2,1,247.58,1,19,3,3,1,1,10,1,3,2,2
4,4,6,20,0.1,2,2,2,2,1,425.38,0,9,3,1,2,2,7,3,1,2,2
4,4,6,21,0.8,3,2,2,2,1,215.97,1,11,1,3,3,1,18,1,3,2,2
4,4,6,22,0.8,2,3,2,2,1,214.62,1,6,3,1,2,2,14,3,3,1,1
4,4,6,23,0.8,3,1,2,2,1,251.19,1,16,1,1,3,3,6,1,1,1,1
4,4,6,24,0.05,1,3,1,1,1,300.5,0,6,1,3,1,3,17,3,1,1,3
4,4,6,25,0.1,3,3,2,2,1,442.13,0,9,3,1,1,3,8,1,1,3,3
4,4,6,26,0.8,3,3,2,2,1,219.71,1,3,1,3,3,1,7,3,3,1,1
4,4,6,27,1.8,3,3,NaN,NaN,NaN,NaN,NaN,11,1,1,3,3,7,1,1,3,3
4,4,6,28,0.4,2,1,2,2,1,242.18,1,20,1,1,2,2,8,1,1,1,1
4,4,6,29,0.4,3,1,2,2,1,223.63,1,14,1,1,3,3,1,1,1,1,1
4,4,6,30,0.05,1,3,1,2,0,397.69,0,20,1,3,1,3,9,1,1,3,3
4,4,6,31,1.8,2,1,2,2,1,228.57,1,17,3,1,2,2,19,3,1,3,1
4,4,6,32,0.4,1,2,1,1,1,206.18,1,3,1,3,1,3,3,1,3,2,2
4,4,6,33,0.8,3,1,2,2,1,257.64,1,3,1,3,3,1,14,1,1,1,1
4,4,6,34,1.8,2,2,2,2,1,235.61,1,8,1,1,2,2,5,1,3,2,2
4,4,6,35,0.05,3,1,2,1,0,275.64,1,20,1,3,3,1,19,1,3,1,3
4,4,6,36,0.05,1,2,1,1,1,269.69,1,9,3,3,3,3,9,3,3,2,2
4,4,6,37,0.2,3,1,2,2,1,248.82,1,18,1,1,3,3,8,3,1,3,1
4,4,6,38,1.8,1,2,1,1,1,236.87,1,7,3,1,3,1,3,1,1,2,2
4,4,6,39,0.8,2,1,2,2,1,214.77,1,8,1,1,2,2,20,3,3,3,3
4,4,6,40,0.2,1,2,1,1,1,247.96,1,8,1,3,1,3,1,1,1,2,2
4,4,6,41,0.2,1,2,1,1,1,220.27,1,12,3,1,3,1,20,3,1,2,2
4,4,6,42,0.2,3,3,2,2,1,271.05,1,5,1,3,3,1,11,3,3,1,1
4,4,6,43,0.2,2,3,2,2,1,290.72,1,6,3,3,2,2,9,1,1,3,3
4,4,6,44,0.1,1,3,1,1,1,307.67,0,14,1,3,1,3,3,1,1,3,3
4,4,6,45,1.8,1,1,NaN,NaN,NaN,NaN,NaN,9,3,1,3,1,10,3,3,3,3
4,4,6,46,1.8,1,2,1,2,0,241.98,1,2,1,1,1,1,1,3,3,2,2
4,4,6,47,0.4,1,1,1,1,1,227.39,1,18,1,3,1,3,4,1,1,1,1
4,4,6,48,0.1,2,3,2,2,1,328.97,0,3,3,3,2,2,7,1,1,3,3
4,4,6,49,0.2,1,1,1,1,1,217.68,1,20,3,1,3,1,12,3,1,3,1
4,4,6,50,0.1,1,3,1,1,1,319.07,0,13,1,3,1,3,1,1,3,3,1
4,4,6,51,0.1,1,3,1,1,1,226.02,1,11,3,3,3,3,4,1,1,3,3
4,4,6,52,0.2,1,3,1,1,1,191.77,1,12,1,3,1,3,11,3,1,1,3
4,4,6,53,0.4,3,2,2,2,1,228.5,1,9,1,3,3,1,1,1,3,2,2
4,4,6,54,0.4,2,2,2,2,1,240.98,1,7,1,1,2,2,15,1,3,2,2
4,4,6,55,0.05,2,1,2,2,1,330.12,0,16,3,1,2,2,7,3,3,3,3
4,4,6,56,1.8,1,2,1,1,1,211.97,1,1,1,1,1,1,15,3,3,2,2
4,4,6,57,0.4,3,1,2,2,1,221.46,1,14,1,3,3,1,15,1,3,1,3
4,4,6,58,0.8,3,3,2,2,1,241.77,1,12,3,1,1,3,6,1,3,3,1
4,4,6,59,0.05,3,2,2,2,1,338.27,0,20,3,3,1,1,7,3,3,2,2
4,4,6,60,1.8,1,3,1,1,1,244.46,1,5,3,1,3,1,19,3,1,1,3
4,4,6,61,0.05,1,3,1,1,1,319.9,0,18,1,3,1,3,13,1,1,3,3
4,4,6,62,1.8,1,2,1,1,1,233.74,1,20,3,3,3,3,2,3,3,2,2
4,4,6,63,0.1,1,1,1,1,1,224.97,1,2,1,1,1,1,14,3,1,3,1
4,4,6,64,0.2,3,2,2,2,1,277.16,1,11,1,3,3,1,2,3,1,2,2
4,4,6,65,0.1,1,2,1,1,1,278.48,1,15,1,3,1,3,6,1,3,2,2
4,4,6,66,0.05,3,3,2,2,1,346.85,0,18,1,1,3,3,11,3,3,1,1
4,4,6,67,0.4,1,2,1,1,1,219.28,1,4,1,1,1,1,10,1,3,2,2
4,4,6,68,0.05,1,1,1,1,1,362.78,0,15,1,1,1,1,3,1,3,1,3
4,4,6,69,1.8,1,1,1,1,1,242.57,1,7,3,1,3,1,5,1,1,1,1
4,4,6,70,0.8,1,2,NaN,NaN,NaN,NaN,NaN,19,1,3,1,3,18,1,3,2,2
4,4,6,71,0.4,1,2,1,1,1,246.97,1,1,1,3,1,3,18,3,3,2,2
4,4,6,72,0.8,3,2,2,2,1,219.63,1,2,1,3,3,1,13,3,1,2,2
4,4,6,73,0.1,3,1,2,2,1,320.41,0,3,1,3,3,1,14,3,1,3,1
4,4,6,74,0.1,1,3,1,1,1,293.6,1,16,1,1,1,1,11,1,1,3,3
4,4,6,75,0.05,3,1,2,2,1,294.48,1,19,1,1,3,3,16,1,3,1,3
4,4,6,76,1.8,1,3,1,2,0,231.22,1,17,3,3,3,3,11,1,3,3,1
4,4,6,77,1.8,2,3,2,2,1,237.07,1,14,1,1,2,2,13,1,1,3,3
4,4,6,78,0.8,2,2,2,2,1,218.4,1,1,3,1,2,2,15,1,1,2,2
4,4,7,1,0.1,1,3,1,1,1,275.41,1,11,1,3,1,3,9,3,1,1,3
4,4,7,2,0.1,1,1,1,1,1,303.36,0,11,3,3,3,3,16,1,1,1,1
4,4,7,3,0.05,1,1,1,1,1,261.32,1,4,3,1,3,1,18,1,3,1,3
4,4,7,4,0.1,1,3,1,1,1,243.86,1,5,1,1,1,1,9,3,3,1,1
4,4,7,5,0.4,3,3,2,2,1,246.26,1,10,1,1,3,3,10,3,1,1,3
4,4,7,6,0.4,2,1,2,2,1,217.03,1,13,1,3,2,2,18,3,3,3,3
4,4,7,7,0.2,1,2,1,1,1,273.18,1,4,3,1,3,1,7,1,3,2,2
4,4,7,8,0.8,1,3,1,1,1,219.59,1,2,1,1,1,1,7,3,1,1,3
4,4,7,9,0.8,2,2,2,2,1,227.3,1,4,3,3,2,2,15,3,1,2,2
4,4,7,10,0.8,3,2,2,2,1,232.25,1,17,1,3,3,1,15,3,3,2,2
4,4,7,11,0.1,1,2,1,1,1,314.93,0,19,3,3,3,3,15,1,1,2,2
4,4,7,12,0.2,1,3,1,1,1,236.63,1,1,1,3,1,3,20,3,1,1,3
4,4,7,13,0.05,1,3,1,1,1,312.55,0,2,3,3,3,3,1,1,1,3,3
4,4,7,14,0.4,2,3,2,2,1,241.65,1,3,1,3,2,2,17,1,1,3,3
4,4,7,15,0.4,3,3,2,2,1,178.14,1,14,1,3,3,1,10,1,1,3,3
4,4,7,16,1.8,1,3,1,1,1,206.43,1,6,1,1,1,1,19,3,3,1,1
4,4,7,17,0.05,1,3,1,1,1,262.57,1,12,1,1,1,1,8,1,3,3,1
4,4,7,18,0.05,1,1,1,1,1,295.5,1,1,3,1,3,1,9,3,1,3,1
4,4,7,19,0.1,1,3,1,1,1,278.95,1,11,1,3,1,3,11,1,3,3,1
4,4,7,20,0.1,3,3,2,1,0,268.62,1,15,1,1,3,3,14,3,1,1,3
4,4,7,21,0.2,2,3,2,1,0,390.79,0,19,1,3,2,2,4,1,1,3,3
4,4,7,22,1.8,3,3,NaN,NaN,NaN,NaN,NaN,7,3,3,1,1,6,1,3,3,1
4,4,7,23,0.4,3,1,2,2,1,237.08,1,13,1,3,3,1,16,1,1,1,1
4,4,7,24,1.8,3,1,NaN,NaN,NaN,NaN,NaN,4,3,3,1,1,14,3,3,3,3
4,4,7,25,0.8,1,3,1,1,1,248.35,1,2,3,1,3,1,12,1,1,3,3
4,4,7,26,0.4,1,1,1,1,1,238.17,1,12,1,3,1,3,19,1,1,1,1
4,4,7,27,0.4,1,1,1,1,1,218.87,1,2,1,3,1,3,19,1,3,1,3
4,4,7,28,0.8,1,1,1,1,1,230.88,1,16,3,1,3,1,17,3,1,3,1
4,4,7,29,0.2,1,3,1,1,1,293.1,1,5,3,3,3,3,14,3,1,1,3
4,4,7,30,1.8,2,3,2,2,1,242.14,1,11,1,3,2,2,10,1,3,3,1
4,4,7,31,1.8,1,3,1,1,1,209.16,1,17,3,3,3,3,16,1,3,3,1
4,4,7,32,0.05,1,1,1,1,1,348.16,0,20,1,1,1,1,7,1,1,1,1
4,4,7,33,0.1,1,2,1,1,1,264,1,5,1,3,1,3,9,1,3,2,2
4,4,7,34,0.8,2,1,2,2,1,236.55,1,9,1,3,2,2,3,3,1,3,1
4,4,7,35,0.4,1,1,1,2,0,229.62,1,4,3,1,3,1,18,3,1,3,1
4,4,7,36,0.8,2,1,2,2,1,267.32,1,10,3,3,2,2,13,3,1,3,1
4,4,7,37,0.05,2,2,2,2,1,450.99,0,6,3,1,2,2,12,3,1,2,2
4,4,7,38,0.2,1,3,1,1,1,203.16,1,13,3,3,3,3,12,3,1,1,3
4,4,7,39,0.05,3,3,2,2,1,330.65,0,10,3,1,1,3,20,3,1,1,3
4,4,7,40,0.4,3,2,2,2,1,222.03,1,20,1,1,3,3,13,3,1,2,2
4,4,7,41,0.2,1,1,1,2,0,254.73,1,8,1,1,1,1,3,1,3,1,3
4,4,7,42,1.8,1,1,1,1,1,233.87,1,6,3,3,3,3,19,3,1,3,1
4,4,7,43,0.8,3,3,2,2,1,221.85,1,6,1,1,3,3,10,3,3,1,1
4,4,7,44,0.2,3,1,2,2,1,199.93,1,1,1,1,3,3,20,1,3,1,3
4,4,7,45,0.2,2,2,2,2,1,256.86,1,2,1,1,2,2,17,1,3,2,2
4,4,7,46,0.4,3,1,2,2,1,220.19,1,15,3,3,1,1,8,1,1,1,1
4,4,7,47,0.05,2,2,2,2,1,335.06,0,10,1,1,2,2,9,3,1,2,2
4,4,7,48,0.8,1,2,1,2,0,198.24,1,11,1,3,1,3,13,3,3,2,2
4,4,7,49,0.4,1,1,1,1,1,391.17,0,20,3,1,3,1,12,1,3,1,3
4,4,7,50,0.05,3,1,2,2,1,305.44,0,3,1,1,3,3,14,1,1,1,1
4,4,7,51,0.4,1,3,1,1,1,204.42,1,20,3,1,3,1,4,3,3,1,1
4,4,7,52,0.2,1,2,1,1,1,237.16,1,15,1,3,1,3,13,1,1,2,2
4,4,7,53,0.8,2,3,2,2,1,251.64,1,14,1,3,2,2,15,1,3,3,1
4,4,7,54,1.8,3,1,2,2,1,202.87,1,13,1,3,3,1,19,1,3,1,3
4,4,7,55,1.8,3,2,2,2,1,213.99,1,9,3,1,1,3,10,1,3,2,2
4,4,7,56,1.8,2,3,2,2,1,214.01,1,19,3,1,2,2,7,3,1,1,3
4,4,7,57,0.8,1,3,1,1,1,230.55,1,20,3,1,3,1,8,1,3,3,1
4,4,7,58,0.05,2,1,2,2,1,345.27,0,2,3,3,2,2,2,1,1,1,1
4,4,7,59,0.2,1,1,1,1,1,257.59,1,16,1,3,1,3,16,3,1,3,1
4,4,7,60,0.2,2,3,2,2,1,299.25,1,16,1,3,2,2,20,3,1,1,3
4,4,7,61,0.4,3,1,2,2,1,214.14,1,19,1,3,3,1,17,3,1,3,1
4,4,7,62,0.1,1,2,1,1,1,295.52,1,19,1,3,1,3,12,1,1,2,2
4,4,7,63,0.05,2,2,2,2,1,342.72,0,14,3,3,2,2,17,3,1,2,2
4,4,7,64,0.2,2,2,2,2,1,273.2,1,11,3,3,2,2,5,3,1,2,2
4,4,7,65,0.1,1,1,1,1,1,279.92,1,10,1,3,1,3,12,3,3,3,3
4,4,7,66,1.8,2,1,2,2,1,232.25,1,1,3,3,2,2,1,1,3,1,3
4,4,7,67,0.05,2,1,2,2,1,359.81,0,9,3,1,2,2,10,3,3,3,3
4,4,7,68,0.8,1,1,1,1,1,252.37,1,13,3,3,3,3,6,1,3,1,3
4,4,7,69,0.1,2,3,2,1,0,358.74,0,13,1,3,2,2,17,1,3,3,1
4,4,7,70,1.8,3,2,2,2,1,204.42,1,19,1,1,3,3,13,1,3,2,2
4,4,7,71,0.1,3,1,2,2,1,342.5,0,16,1,1,3,3,2,3,1,3,1
4,4,7,72,0.1,2,2,2,2,1,391.13,0,14,3,3,2,2,15,1,3,2,2
4,4,7,73,0.05,3,3,2,2,1,296.44,1,16,3,3,1,1,5,1,1,3,3
4,4,7,74,0.2,1,2,1,2,0,268.65,1,7,1,1,1,1,12,3,1,2,2
4,4,7,75,1.8,1,3,1,1,1,245.39,1,17,1,1,1,1,3,1,1,3,3
4,4,7,76,1.8,1,1,1,1,1,217.27,1,14,3,3,3,3,20,1,3,1,3
4,4,7,77,0.8,1,1,1,1,1,222.19,1,8,3,3,3,3,12,3,3,3,3
4,4,7,78,0.1,1,2,1,1,1,315.7,0,13,1,1,1,1,9,3,1,2,2
4,4,8,1,0.8,3,3,2,2,1,240.65,1,7,1,1,3,3,12,1,1,3,3
4,4,8,2,0.8,2,3,2,2,1,217.53,1,16,1,1,2,2,18,1,3,3,1
4,4,8,3,1.8,3,1,2,2,1,318.77,0,6,3,3,1,1,11,3,1,3,1
4,4,8,4,0.4,1,3,1,1,1,246.9,1,5,1,3,1,3,9,1,1,3,3
4,4,8,5,0.1,2,3,2,2,1,566.98,0,16,1,1,2,2,10,1,1,3,3
4,4,8,6,0.05,1,2,1,1,1,283.56,1,9,3,3,3,3,8,3,1,2,2
4,4,8,7,0.8,1,3,1,1,1,204.63,1,14,1,1,1,1,10,3,1,1,3
4,4,8,8,0.1,2,1,2,2,1,321.67,0,18,1,3,2,2,19,3,3,3,3
4,4,8,9,0.1,1,1,1,1,1,250.01,1,1,3,1,3,1,3,1,3,1,3
4,4,8,10,0.05,1,3,1,1,1,295.47,1,11,3,1,3,1,13,1,1,3,3
4,4,8,11,0.8,3,1,2,2,1,208.59,1,12,3,1,1,3,5,1,1,1,1
4,4,8,12,0.8,3,3,2,2,1,211.71,1,14,3,3,1,1,14,1,3,3,1
4,4,8,13,0.2,3,1,2,2,1,223.92,1,8,1,3,3,1,4,1,3,1,3
4,4,8,14,0.8,3,1,2,2,1,217.16,1,9,1,1,3,3,7,3,1,3,1
4,4,8,15,0.8,1,3,1,2,0,405.03,0,20,1,1,1,1,9,1,3,3,1
4,4,8,16,0.05,1,3,1,1,1,295.69,1,9,1,1,1,1,16,1,3,3,1
4,4,8,17,0.1,1,2,1,1,1,350.05,0,2,3,3,3,3,5,3,3,2,2
4,4,8,18,0.2,2,1,2,2,1,248.7,1,5,1,1,2,2,17,3,1,3,1
4,4,8,19,1.8,3,1,2,2,1,215.66,1,8,3,3,1,1,19,1,3,1,3
4,4,8,20,0.8,1,3,1,1,1,191.18,1,12,3,1,3,1,18,1,3,3,1
4,4,8,21,1.8,3,3,2,2,1,228.59,1,10,3,3,1,1,14,1,3,3,1
4,4,8,22,0.1,1,3,1,1,1,252.55,1,19,3,1,3,1,1,3,1,1,3
4,4,8,23,0.2,3,1,2,2,1,267.42,1,16,3,3,1,1,15,1,1,1,1
4,4,8,24,0.4,3,1,2,2,1,234.34,1,16,1,1,3,3,7,1,1,1,1
4,4,8,25,0.8,1,1,1,1,1,235.41,1,15,3,1,3,1,2,3,3,3,3
4,4,8,26,1.8,1,1,1,1,1,198.89,1,13,3,3,3,3,17,1,3,1,3
4,4,8,27,0.05,3,3,2,2,1,352.25,0,5,1,1,3,3,7,1,1,3,3
4,4,8,28,0.05,3,2,2,2,1,482.92,0,2,3,3,1,1,14,1,1,2,2
4,4,8,29,0.2,1,3,1,1,1,262.52,1,19,1,1,1,1,5,1,1,3,3
4,4,8,30,0.8,2,1,2,2,1,232.14,1,17,3,3,2,2,11,3,1,3,1
4,4,8,31,0.2,1,2,1,1,1,424.79,0,6,1,3,1,3,9,3,1,2,2
4,4,8,32,0.2,1,3,1,1,1,219.86,1,15,1,1,1,1,6,1,3,3,1
4,4,8,33,1.8,1,3,1,1,1,351.7,0,2,1,3,1,3,4,1,1,3,3
4,4,8,34,0.05,2,2,2,2,1,355.81,0,1,3,3,2,2,19,3,3,2,2
4,4,8,35,0.4,1,3,1,1,1,260.33,1,16,3,3,3,3,1,1,3,3,1
4,4,8,36,0.4,1,1,1,1,1,226.86,1,6,1,1,1,1,10,3,1,3,1
4,4,8,37,0.8,1,1,1,1,1,206.13,1,4,1,1,1,1,5,3,1,3,1
4,4,8,38,0.1,3,2,2,2,1,278.47,1,16,3,3,1,1,12,3,1,2,2
4,4,8,39,0.4,1,1,1,1,1,238.69,1,8,3,1,3,1,18,3,1,3,1
4,4,8,40,0.05,1,3,1,2,0,419.72,0,12,3,3,3,3,5,3,3,1,1
4,4,8,41,0.4,2,2,2,2,1,195.94,1,2,1,1,2,2,8,3,3,2,2
4,4,8,42,0.2,2,2,2,2,1,231.08,1,18,1,3,2,2,4,3,1,2,2
4,4,8,43,0.2,1,3,1,1,1,175.07,1,10,3,1,3,1,1,1,1,3,3
4,4,8,44,0.4,2,2,2,2,1,204.28,1,20,3,3,2,2,20,3,3,2,2
4,4,8,45,0.2,3,2,2,2,1,306,0,7,1,1,3,3,3,1,3,2,2
4,4,8,46,0.1,2,1,2,2,1,317.8,0,20,1,1,2,2,13,3,1,3,1
4,4,8,47,0.4,1,3,1,1,1,230.5,1,16,1,1,1,1,13,1,1,3,3
4,4,8,48,0.1,3,2,2,2,1,293.97,1,11,1,3,3,1,17,3,1,2,2
4,4,8,49,0.2,2,3,2,2,1,216.6,1,16,3,3,2,2,15,3,1,1,3
4,4,8,50,0.1,1,3,1,2,0,399.79,0,10,1,3,1,3,5,3,3,1,1
4,4,8,51,1.8,1,3,1,1,1,232.42,1,16,3,3,3,3,3,1,1,3,3
4,4,8,52,0.05,1,3,1,1,1,399.85,0,19,1,3,1,3,12,1,3,3,1
4,4,8,53,0.4,2,3,2,2,1,217,1,7,1,3,2,2,13,3,1,1,3
4,4,8,54,0.1,1,3,1,1,1,323.01,0,10,1,1,1,1,5,3,1,1,3
4,4,8,55,0.05,1,1,1,1,1,303.28,0,5,3,1,3,1,14,3,1,3,1
4,4,8,56,0.05,3,3,2,2,1,341.88,0,6,1,1,3,3,4,1,1,3,3
4,4,8,57,0.2,1,1,1,1,1,223.36,1,11,1,3,1,3,13,3,3,3,3
4,4,8,58,0.05,1,2,1,1,1,320.35,0,11,3,1,3,1,15,1,1,2,2
4,4,8,59,0.1,2,1,2,2,1,284.74,1,18,1,3,2,2,1,1,1,1,1
4,4,8,60,0.4,3,3,2,2,1,266.41,1,2,1,1,3,3,4,1,3,3,1
4,4,8,61,1.8,1,1,1,1,1,225.56,1,16,3,1,3,1,2,1,3,1,3
4,4,8,62,0.2,1,3,1,1,1,258.63,1,5,3,1,3,1,13,3,1,1,3
4,4,8,63,1.8,2,3,2,2,1,203.08,1,20,3,3,2,2,16,3,3,1,1
4,4,8,64,0.1,3,1,2,2,1,300.75,0,16,3,3,1,1,12,1,3,1,3
4,4,8,65,1.8,2,3,2,2,1,225.24,1,13,3,1,2,2,10,3,1,1,3
4,4,8,66,1.8,2,3,2,2,1,234.53,1,10,1,3,2,2,12,1,3,3,1
4,4,8,67,1.8,1,1,1,1,1,213.3,1,10,1,1,1,1,2,3,1,3,1
4,4,8,68,1.8,1,1,1,1,1,215.66,1,17,3,3,3,3,7,1,3,1,3
4,4,8,69,0.1,2,1,2,2,1,364.7,0,18,1,3,2,2,5,1,1,1,1
4,4,8,70,0.05,3,1,2,2,1,383.41,0,8,1,1,3,3,11,3,1,3,1
4,4,8,71,0.4,1,1,1,1,1,264.06,1,13,3,3,3,3,3,1,3,1,3
4,4,8,72,0.4,1,1,1,1,1,240.32,1,6,1,1,1,1,2,3,3,3,3
4,4,8,73,1.8,2,1,2,2,1,243.82,1,17,1,3,2,2,6,3,1,3,1
4,4,8,74,0.2,2,3,2,2,1,517.06,0,13,1,3,2,2,19,3,3,1,1
4,4,8,75,0.8,3,1,2,2,1,178.78,1,13,1,1,3,3,20,1,3,1,3
4,4,8,76,0.8,1,1,1,1,1,245.49,1,10,1,3,1,3,20,1,3,1,3
4,4,8,77,0.4,1,3,1,1,1,247.71,1,7,3,1,3,1,16,3,3,1,1
4,4,8,78,0.05,3,2,2,2,1,353.6,0,4,1,3,3,1,17,1,3,2,2
4,4,9,1,1.8,2,2,2,2,1,238.17,1,8,3,1,2,2,11,1,3,2,2
4,4,9,2,0.4,1,2,1,1,1,252.29,1,9,1,1,1,1,1,1,3,2,2
4,4,9,3,0.2,3,1,2,2,1,227.39,1,9,1,1,3,3,16,3,3,3,3
4,4,9,4,0.1,2,3,2,2,1,293.52,1,13,1,1,2,2,18,1,1,3,3
4,4,9,5,1.8,1,2,1,1,1,233.59,1,7,3,1,3,1,14,3,3,2,2
4,4,9,6,0.4,1,1,1,1,1,417.67,0,7,3,3,3,3,16,3,1,3,1
4,4,9,7,0.2,2,3,2,1,0,304.2,0,15,3,3,2,2,12,1,1,3,3
4,4,9,8,1.8,3,1,2,2,1,207.21,1,12,3,3,1,1,6,3,1,3,1
4,4,9,9,0.2,3,2,2,2,1,442.91,0,12,3,3,1,1,18,1,3,2,2
4,4,9,10,0.4,1,3,1,1,1,212.45,1,4,1,3,1,3,5,3,1,1,3
4,4,9,11,0.1,1,3,1,1,1,221.41,1,10,1,1,1,1,17,1,1,3,3
4,4,9,12,0.1,1,1,1,1,1,217.81,1,16,1,1,1,1,19,1,1,1,1
4,4,9,13,0.05,3,3,2,2,1,421.93,0,18,3,3,1,1,15,3,3,1,1
4,4,9,14,0.05,1,1,1,1,1,263.3,1,15,3,3,3,3,3,1,3,1,3
4,4,9,15,0.8,3,2,2,2,1,221.9,1,4,1,1,3,3,4,1,1,2,2
4,4,9,16,0.05,2,2,2,1,0,309.23,0,18,1,1,2,2,16,3,3,2,2
4,4,9,17,0.8,3,3,2,2,1,223.62,1,5,3,3,1,1,4,3,3,1,1
4,4,9,18,1.8,1,1,1,1,1,199.42,1,15,1,3,1,3,14,1,1,1,1
4,4,9,19,0.8,2,3,2,2,1,230.71,1,18,3,1,2,2,4,1,1,3,3
4,4,9,20,0.1,1,3,1,1,1,224.17,1,9,3,1,3,1,12,3,1,1,3
4,4,9,21,0.2,3,3,2,2,1,232.16,1,17,3,1,1,3,1,1,1,3,3
4,4,9,22,1.8,1,3,1,1,1,252.91,1,20,3,1,3,1,19,1,3,3,1
4,4,9,23,0.1,1,2,1,1,1,256.74,1,7,1,1,1,1,4,3,3,2,2
4,4,9,24,0.8,1,2,1,1,1,209.22,1,3,3,1,3,1,6,1,1,2,2
4,4,9,25,0.1,2,3,2,2,1,341.34,0,6,3,3,2,2,1,3,1,1,3
4,4,9,26,0.1,1,1,1,1,1,377.05,0,18,3,3,3,3,3,3,1,3,1
4,4,9,27,0.4,2,2,2,2,1,243.2,1,1,1,3,2,2,17,1,1,2,2
4,4,9,28,0.2,3,2,2,2,1,228.09,1,19,3,1,1,3,12,3,1,2,2
4,4,9,29,0.4,1,1,1,1,1,220.62,1,12,3,1,3,1,2,1,1,1,1
4,4,9,30,1.8,1,3,1,1,1,218.95,1,11,3,1,3,1,10,1,1,3,3
4,4,9,31,0.4,2,2,2,2,1,228.75,1,11,1,1,2,2,18,1,3,2,2
4,4,9,32,0.8,3,3,2,2,1,219.86,1,16,1,1,3,3,3,1,1,3,3
4,4,9,33,0.4,1,3,1,1,1,213.98,1,4,1,3,1,3,3,3,1,1,3
4,4,9,34,0.2,3,3,2,2,1,252.35,1,7,1,1,3,3,5,1,1,3,3
4,4,9,35,0.05,1,1,1,1,1,304.83,0,13,3,3,3,3,1,3,1,3,1
4,4,9,36,0.05,3,1,2,2,1,372.49,0,5,1,3,3,1,11,1,1,1,1
4,4,9,37,0.05,3,2,2,2,1,338.62,0,12,1,3,3,1,13,1,1,2,2
4,4,9,38,0.8,2,1,2,1,0,208.03,1,12,1,3,2,2,15,3,3,3,3
4,4,9,39,0.8,2,2,2,2,1,217.2,1,3,1,3,2,2,5,1,3,2,2
4,4,9,40,0.05,1,3,1,1,1,332.83,0,1,1,1,1,1,4,1,3,3,1
4,4,9,41,0.4,3,1,2,2,1,265.17,1,3,3,1,1,3,14,1,3,1,3
4,4,9,42,0.4,2,2,2,2,1,240.82,1,7,1,1,2,2,16,1,1,2,2
4,4,9,43,0.8,2,2,2,2,1,208.89,1,20,3,1,2,2,3,3,1,2,2
4,4,9,44,1.8,1,2,1,1,1,204.24,1,4,3,3,3,3,8,3,3,2,2
4,4,9,45,0.8,2,2,2,2,1,221.2,1,12,1,3,2,2,10,1,3,2,2
4,4,9,46,0.2,1,2,1,1,1,219.14,1,7,3,3,3,3,14,1,3,2,2
4,4,9,47,0.8,1,1,1,1,1,194.02,1,5,1,3,1,3,3,3,1,3,1
4,4,9,48,1.8,3,3,NaN,NaN,NaN,NaN,NaN,2,3,1,1,3,18,1,3,3,1
4,4,9,49,0.2,1,1,1,1,1,258.84,1,1,3,1,3,1,15,1,1,1,1
4,4,9,50,0.1,1,3,1,1,1,284.41,1,5,1,1,1,1,15,3,3,1,1
4,4,9,51,0.1,1,3,1,1,1,333.44,0,8,3,3,3,3,5,3,3,1,1
4,4,9,52,1.8,3,3,2,2,1,242.77,1,18,3,1,1,3,17,1,1,3,3
4,4,9,53,0.2,1,3,1,1,1,249.53,1,16,3,3,3,3,2,3,1,1,3
4,4,9,54,0.2,2,1,2,2,1,319.11,0,9,3,1,2,2,18,1,3,1,3
4,4,9,55,0.2,2,3,2,2,1,230.99,1,19,3,1,2,2,16,1,3,3,1
4,4,9,56,0.1,1,2,1,1,1,307.43,0,8,1,1,1,1,11,1,3,2,2
4,4,9,57,0.1,1,1,1,1,1,269.64,1,8,1,3,1,3,12,3,3,3,3
4,4,9,58,0.05,3,1,2,2,1,331.56,0,10,1,3,3,1,17,1,1,1,1
4,4,9,59,0.2,1,1,1,1,1,291.29,1,9,1,3,1,3,3,1,3,1,3
4,4,9,60,0.2,3,3,2,2,1,248.15,1,5,1,1,3,3,4,3,3,1,1
4,4,9,61,0.05,2,2,2,2,1,370.93,0,19,1,1,2,2,11,3,1,2,2
4,4,9,62,1.8,1,2,1,1,1,220.22,1,6,3,3,3,3,6,3,1,2,2
4,4,9,63,1.8,2,3,2,2,1,227.38,1,17,1,1,2,2,13,1,1,3,3
4,4,9,64,0.1,3,1,2,2,1,467.11,0,7,1,1,3,3,5,1,1,1,1
4,4,9,65,0.4,1,1,1,2,0,286.55,1,15,3,3,3,3,16,1,1,1,1
4,4,9,66,0.8,1,2,1,1,1,218.35,1,11,3,3,3,3,18,3,3,2,2
4,4,9,67,0.05,3,3,2,2,1,326.7,0,19,1,3,3,1,18,1,3,3,1
4,4,9,68,0.05,2,1,2,2,1,436.66,0,5,1,3,2,2,19,1,1,1,1
4,4,9,69,0.05,1,2,1,1,1,479.75,0,18,1,1,1,1,20,3,3,2,2
4,4,9,70,0.4,3,2,2,2,1,218.45,1,19,1,1,3,3,19,1,3,2,2
4,4,9,71,0.4,1,2,1,1,1,201.53,1,19,1,1,1,1,10,1,3,2,2
4,4,9,72,0.1,3,1,2,2,1,326.63,0,2,1,1,3,3,19,1,3,1,3
4,4,9,73,0.8,1,1,1,1,1,231.9,1,16,1,3,1,3,10,1,3,1,3
4,4,9,74,1.8,1,3,1,1,1,240.05,1,15,3,3,3,3,1,1,3,3,1
4,4,9,75,0.05,3,1,2,2,1,271.76,1,1,1,1,3,3,17,1,3,1,3
4,4,9,76,1.8,1,1,1,1,1,214.75,1,16,3,1,3,1,16,3,3,3,3
4,4,9,77,0.8,1,1,1,1,1,240.11,1,6,1,3,1,3,4,3,3,3,3
4,4,9,78,0.4,3,1,2,2,1,259.46,1,12,1,3,3,1,12,3,1,3,1
4,4,10,1,0.2,1,1,1,1,1,337.22,0,6,3,3,3,3,19,3,1,3,1
4,4,10,2,0.2,2,3,2,2,1,261.4,1,5,1,3,2,2,16,3,1,1,3
4,4,10,3,0.4,1,1,1,1,1,216.22,1,3,1,1,1,1,13,1,3,1,3
4,4,10,4,0.1,1,2,1,1,1,286.29,1,6,3,1,3,1,19,1,1,2,2
4,4,10,5,0.8,1,2,1,1,1,375.89,0,3,3,1,3,1,8,3,1,2,2
4,4,10,6,1.8,1,3,1,1,1,205.86,1,17,3,1,3,1,14,3,3,1,1
4,4,10,7,0.4,1,1,1,1,1,212.47,1,13,1,1,1,1,7,1,3,1,3
4,4,10,8,0.05,1,2,1,1,1,292.85,1,5,1,1,1,1,11,1,1,2,2
4,4,10,9,0.05,1,3,1,1,1,455.87,0,13,3,1,3,1,5,3,1,1,3
4,4,10,10,0.8,1,1,1,1,1,203.47,1,2,1,1,1,1,20,1,1,1,1
4,4,10,11,1.8,1,3,NaN,NaN,NaN,NaN,NaN,17,1,3,1,3,18,3,1,1,3
4,4,10,12,0.4,2,3,2,2,1,246.74,1,13,1,1,2,2,20,3,3,1,1
4,4,10,13,1.8,3,1,2,2,1,247.58,1,7,1,1,3,3,8,1,3,1,3
4,4,10,14,0.4,1,2,1,1,1,212.6,1,8,1,1,1,1,14,1,3,2,2
4,4,10,15,0.2,3,3,2,2,1,417.67,0,13,1,3,3,1,11,1,3,3,1
4,4,10,16,0.1,1,2,1,1,1,230.65,1,16,1,3,1,3,7,1,3,2,2
4,4,10,17,0.05,1,3,1,2,0,395.41,0,15,3,1,3,1,16,3,3,1,1
4,4,10,18,0.8,3,3,2,2,1,238.15,1,18,3,1,1,3,9,1,3,3,1
4,4,10,19,0.1,1,1,1,1,1,247.42,1,11,3,1,3,1,16,1,3,1,3
4,4,10,20,0.4,1,3,1,1,1,260.89,1,3,1,3,1,3,19,3,3,1,1
4,4,10,21,0.05,1,2,1,1,1,313.81,0,6,3,1,3,1,7,3,3,2,2
4,4,10,22,0.4,2,2,2,2,1,230.38,1,6,3,3,2,2,5,3,1,2,2
4,4,10,23,0.8,3,3,2,2,1,218.09,1,5,3,3,1,1,18,1,1,3,3
4,4,10,24,0.2,2,3,2,2,1,241.82,1,5,1,3,2,2,9,1,1,3,3
4,4,10,25,0.2,3,1,2,2,1,249.64,1,4,1,1,3,3,8,1,1,1,1
4,4,10,26,0.05,1,1,1,1,1,473.37,0,13,1,3,1,3,6,3,3,3,3
4,4,10,27,0.1,3,3,2,2,1,295.96,1,19,1,3,3,1,3,1,1,3,3
4,4,10,28,0.1,1,2,1,1,1,255.46,1,17,3,1,3,1,3,1,1,2,2
4,4,10,29,1.8,2,3,2,2,1,223.41,1,18,1,1,2,2,5,3,3,1,1
4,4,10,30,0.2,1,3,1,1,1,302.29,0,15,1,1,1,1,17,1,1,3,3
4,4,10,31,0.05,1,1,1,2,0,665.73,0,17,1,3,1,3,12,1,3,1,3
4,4,10,32,1.8,2,1,2,2,1,449.95,0,1,1,1,2,2,18,1,3,1,3
4,4,10,33,0.1,1,1,1,1,1,263.43,1,1,1,3,1,3,11,1,1,1,1
4,4,10,34,0.1,1,1,1,1,1,239.27,1,2,3,1,3,1,15,1,3,1,3
4,4,10,35,0.4,1,3,1,1,1,198.6,1,13,1,3,1,3,11,1,1,3,3
4,4,10,36,0.4,3,1,2,2,1,228.13,1,14,1,3,3,1,20,3,3,3,3
4,4,10,37,0.1,3,3,2,2,1,290.29,1,16,1,3,3,1,17,1,3,3,1
4,4,10,38,0.4,1,2,1,1,1,217.58,1,11,3,1,3,1,9,3,3,2,2
4,4,10,39,0.4,1,3,1,1,1,197.08,1,18,1,1,1,1,12,1,1,3,3
4,4,10,40,1.8,1,3,1,1,1,228.58,1,8,3,1,3,1,15,3,1,1,3
4,4,10,41,0.05,1,1,1,1,1,351.51,0,2,3,1,3,1,15,1,1,1,1
4,4,10,42,0.8,1,1,1,1,1,213.57,1,16,1,1,1,1,6,1,3,1,3
4,4,10,43,0.2,1,3,1,1,1,237.39,1,10,3,1,3,1,5,1,3,3,1
4,4,10,44,0.1,2,3,2,2,1,512.3,0,4,1,1,2,2,17,3,3,1,1
4,4,10,45,0.4,3,2,2,2,1,192.3,1,10,3,3,1,1,4,3,3,2,2
4,4,10,46,1.8,1,3,1,1,1,204.89,1,14,3,1,3,1,16,1,3,3,1
4,4,10,47,1.8,2,2,2,2,1,219.99,1,12,1,3,2,2,18,1,3,2,2
4,4,10,48,0.8,2,3,2,2,1,206.71,1,17,3,1,2,2,6,3,3,1,1
4,4,10,49,0.1,1,1,1,1,1,342.87,0,13,1,3,1,3,4,3,3,3,3
4,4,10,50,0.2,1,1,1,1,1,283.4,1,8,3,1,3,1,8,3,1,3,1
4,4,10,51,0.05,2,3,2,2,1,491.43,0,20,3,1,2,2,16,1,1,3,3
4,4,10,52,0.05,3,2,2,2,1,445.95,0,15,3,3,1,1,6,1,1,2,2
4,4,10,53,0.8,2,2,2,2,1,227.69,1,19,3,1,2,2,10,1,3,2,2
4,4,10,54,1.8,2,1,2,2,1,249.28,1,18,1,1,2,2,12,1,3,1,3
4,4,10,55,0.1,2,2,2,2,1,382.87,0,3,1,3,2,2,8,1,3,2,2
4,4,10,56,0.8,3,1,2,2,1,241.32,1,15,1,1,3,3,1,1,1,1,1
4,4,10,57,0.8,3,3,2,2,1,438.66,0,15,3,1,1,3,1,3,1,1,3
4,4,10,58,0.2,3,3,2,2,1,279.16,1,3,3,1,1,3,14,3,3,1,1
4,4,10,59,1.8,2,1,NaN,NaN,NaN,NaN,NaN,3,1,1,2,2,3,1,1,1,1
4,4,10,60,0.05,3,1,2,2,1,322.16,0,20,1,1,3,3,3,3,3,3,3
4,4,10,61,0.2,3,3,2,2,1,242.37,1,18,3,3,1,1,14,3,1,1,3
4,4,10,62,1.8,3,2,2,2,1,244.22,1,14,3,3,1,1,2,1,3,2,2
4,4,10,63,0.4,2,3,2,1,0,240.66,1,13,3,3,2,2,19,1,3,3,1
4,4,10,64,0.1,1,2,1,1,1,274.64,1,16,1,1,1,1,6,3,1,2,2
4,4,10,65,0.8,2,1,NaN,NaN,NaN,NaN,NaN,12,1,3,2,2,8,3,3,3,3
4,4,10,66,0.2,2,2,2,2,1,327.23,0,13,3,1,2,2,14,3,1,2,2
4,4,10,67,0.1,1,3,1,1,1,318.46,0,20,1,1,1,1,15,1,3,3,1
4,4,10,68,1.8,1,1,NaN,NaN,NaN,NaN,NaN,10,1,1,1,1,9,1,3,1,3
4,4,10,69,0.8,3,3,NaN,NaN,NaN,NaN,NaN,11,3,3,1,1,9,1,3,3,1
4,4,10,70,0.8,1,3,NaN,NaN,NaN,NaN,NaN,2,3,1,3,1,7,1,3,3,1
4,4,10,71,0.05,3,2,2,1,0,185.33,1,18,1,3,3,1,17,1,3,2,2
4,4,10,72,0.8,1,3,1,1,1,204.13,1,1,3,1,3,1,10,3,3,1,1
4,4,10,73,1.8,1,1,1,1,1,219.47,1,1,3,3,3,3,6,3,3,3,3
4,4,10,74,0.2,2,1,2,2,1,272.98,1,1,3,1,2,2,6,3,3,3,3
4,4,10,75,0.4,3,2,2,2,1,255.12,1,13,3,1,1,3,6,3,1,2,2
4,4,10,76,0.05,2,3,2,2,1,354.9,0,16,1,1,2,2,13,1,3,3,1
4,4,10,77,0.2,1,1,1,1,1,204.54,1,5,1,1,1,1,6,1,1,1,1
4,4,10,78,0.05,1,1,1,1,1,270.25,1,3,3,3,3,3,9,3,1,3,1
