4,5,1,1,1.8,3,1,2,1,0,228.93,1,15,3,3,1,1,5,3,1,3,1
4,5,1,2,0.4,3,3,2,2,1,227.51,1,3,1,1,3,3,9,1,3,3,1
4,5,1,3,0.8,1,2,1,1,1,223.14,1,8,3,3,3,3,7,3,3,2,2
4,5,1,4,1.8,3,1,2,2,1,225.62,1,20,1,1,3,3,9,3,1,3,1
4,5,1,5,0.4,3,2,2,2,1,258.32,1,18,1,3,3,1,8,1,1,2,2
4,5,1,6,0.2,2,3,2,2,1,208.59,1,3,3,3,2,2,14,3,3,1,1
4,5,1,7,0.4,3,1,2,2,1,237.06,1,6,1,3,3,1,3,3,3,3,3
4,5,1,8,0.8,3,1,2,2,1,264.3,1,4,1,3,3,1,14,1,1,1,1
4,5,1,9,0.8,3,1,2,2,1,230.31,1,11,3,1,1,3,14,1,1,1,1
4,5,1,10,0.8,1,1,1,1,1,212.28,1,4,3,1,3,1,15,3,1,3,1
4,5,1,11,0.4,1,2,1,1,1,209.94,1,17,1,1,1,1,4,1,3,2,2
4,5,1,12,0.05,2,3,2,1,0,371.18,0,4,1,1,2,2,8,1,1,3,3
4,5,1,13,0.8,3,1,2,2,1,213.2,1,11,3,1,1,3,10,3,1,3,1
4,5,1,14,0.2,3,2,2,2,1,289.12,1,9,3,3,1,1,9,3,3,2,2
4,5,1,15,0.05,2,2,2,2,1,508.02,0,1,3,3,2,2,10,1,1,2,2
4,5,1,16,1.8,1,1,1,1,1,239.76,1,12,3,1,3,1,6,3,1,3,1
4,5,1,17,0.1,2,3,2,1,0,259.48,1,1,1,3,2,2,4,3,3,1,1
4,5,1,18,0.2,1,2,1,1,1,199.56,1,1,3,3,3,3,12,3,3,2,2
4,5,1,19,0.2,3,2,2,2,1,205.34,1,14,3,1,1,3,20,3,3,2,2
4,5,1,20,1.8,1,3,1,2,0,196.7,1,12,1,1,1,1,7,1,3,3,1
4,5,1,21,0.1,1,1,1,1,1,226.17,1,5,3,1,3,1,17,3,1,3,1
4,5,1,22,0.05,3,1,2,1,0,269.89,1,3,1,1,3,3,12,1,3,1,3
4,5,1,23,1.8,1,1,1,1,1,241.78,1,16,3,1,3,1,9,3,1,3,1
4,5,1,24,0.1,1,3,1,1,1,236.44,1,1,3,3,3,3,8,3,3,1,1
4,5,1,25,0.05,2,1,2,2,1,229.93,1,1,3,1,2,2,12,1,3,1,3
4,5,1,26,0.2,1,2,1,1,1,212.33,1,12,1,1,1,1,5,1,3,2,2
4,5,1,27,0.1,1,3,1,2,0,259.43,1,20,1,3,1,3,19,3,3,1,1
4,5,1,28,0.1,2,1,2,2,1,248.1,1,14,3,1,2,2,17,1,1,1,1
4,5,1,29,0.8,1,1,1,1,1,213.45,1,5,3,1,3,1,20,3,3,3,3
4,5,1,30,0.05,1,3,1,1,1,269.12,1,12,1,1,1,1,16,1,3,3,1
4,5,1,31,0.2,2,1,2,2,1,196.66,1,4,3,1,2,2,8,1,3,1,3
4,5,1,32,0.4,1,2,1,1,1,211.23,1,12,1,1,1,1,14,3,1,2,2
4,5,1,33,0.2,1,2,NaN,NaN,NaN,NaN,NaN,4,1,3,1,3,10,3,1,2,2
4,5,1,34,1.8,1,1,1,1,1,236.96,1,6,3,1,3,1,6,1,3,1,3
4,5,1,35,1.8,2,3,2,2,1,279.46,1,9,1,3,2,2,1,1,1,3,3
4,5,1,36,0.8,3,3,2,2,1,232.59,1,15,3,1,1,3,2,3,3,1,1
4,5,1,37,0.05,2,1,2,2,1,300.44,0,15,1,3,2,2,11,3,3,3,3
4,5,1,38,0.1,1,2,1,1,1,268.57,1,20,3,1,3,1,13,1,3,2,2
4,5,1,39,1.8,2,1,2,2,1,282.35,1,4,3,3,2,2,1,3,1,3,1
4,5,1,40,0.2,2,3,2,2,1,276.36,1,6,1,1,2,2,13,3,1,1,3
4,5,1,41,0.1,3,1,2,1,0,296.73,1,20,1,3,3,1,20,3,1,3,1
4,5,1,42,0.4,3,3,2,2,1,237.94,1,10,3,3,1,1,4,1,3,3,1
4,5,1,43,0.1,1,1,1,2,0,260.81,1,2,3,1,3,1,17,1,3,1,3
4,5,1,44,0.8,1,3,1,1,1,275.52,1,8,1,1,1,1,9,3,3,1,1
4,5,1,45,1.8,3,2,2,2,1,265.78,1,9,1,1,3,3,18,3,1,2,2
4,5,1,46,0.1,1,3,1,1,1,267.08,1,4,1,1,1,1,16,3,1,1,3
4,5,1,47,0.05,3,1,2,2,1,322.2,0,2,1,1,3,3,19,3,3,3,3
4,5,1,48,0.2,3,2,2,2,1,236.88,1,15,1,1,3,3,6,3,3,2,2
4,5,1,49,0.05,2,1,2,1,0,321.04,0,9,1,1,2,2,16,1,1,1,1
4,5,1,50,0.8,2,3,2,2,1,213.27,1,5,1,3,2,2,20,1,3,3,1
4,5,1,51,0.2,2,3,2,1,0,272.82,1,7,3,3,2,2,11,3,1,1,3
4,5,1,52,1.8,1,2,1,1,1,275.26,1,17,3,1,3,1,4,3,1,2,2
4,5,1,53,0.8,2,1,2,1,0,229.24,1,18,1,3,2,2,9,1,3,1,3
4,5,1,54,0.4,3,2,2,2,1,269.41,1,16,3,3,1,1,11,3,1,2,2
4,5,1,55,0.1,1,3,1,1,1,298.44,1,16,1,3,1,3,3,1,1,3,3
4,5,1,56,0.8,3,1,2,2,1,254.43,1,17,3,1,1,3,1,1,3,1,3
4,5,1,57,0.2,1,2,1,1,1,246.63,1,2,1,3,1,3,13,1,1,2,2
4,5,1,58,0.05,1,3,1,1,1,306.1,0,6,1,3,1,3,18,3,3,1,1
4,5,1,59,0.05,1,2,1,1,1,274.83,1,10,1,1,1,1,17,1,3,2,2
4,5,1,60,0.4,1,1,1,1,1,230.14,1,2,1,3,1,3,16,3,1,3,1
4,5,1,61,0.4,2,1,2,2,1,237.54,1,1,1,3,2,2,1,3,3,3,3
4,5,1,62,1.8,1,3,1,1,1,230.4,1,5,1,1,1,1,1,3,3,1,1
4,5,1,63,0.05,3,2,2,2,1,329.99,0,20,1,1,3,3,20,1,1,2,2
4,5,1,64,0.4,2,3,2,2,1,224.8,1,5,3,1,2,2,1,1,1,3,3
4,5,1,65,0.8,1,1,1,1,1,224.01,1,12,3,1,3,1,19,3,3,3,3
4,5,1,66,0.4,2,2,2,2,1,312.48,0,20,3,3,2,2,7,3,1,2,2
4,5,1,67,0.05,2,2,2,2,1,327.77,0,19,1,1,2,2,1,3,3,2,2
4,5,1,68,0.2,3,3,2,2,1,210.03,1,16,3,3,1,1,20,3,1,1,3
4,5,1,69,0.05,2,3,2,1,0,291.69,1,3,1,3,2,2,3,1,3,3,1
4,5,1,70,0.4,2,1,2,2,1,376.6,0,16,1,1,2,2,3,1,1,1,1
4,5,1,71,0.8,1,1,1,1,1,215.73,1,17,3,3,3,3,12,1,1,1,1
4,5,1,72,0.1,1,3,1,1,1,235.93,1,12,1,1,1,1,14,3,1,1,3
4,5,1,73,0.2,2,3,2,1,0,220.23,1,12,1,1,2,2,7,1,1,3,3
4,5,1,74,0.1,1,2,1,2,0,282.7,1,15,1,1,1,1,8,1,1,2,2
4,5,1,75,1.8,2,1,2,2,1,246.32,1,19,1,1,2,2,18,3,1,3,1
4,5,1,76,0.1,1,3,1,1,1,259.18,1,7,1,3,1,3,19,3,1,1,3
4,5,1,77,0.4,2,2,2,2,1,229.65,1,16,3,3,2,2,14,1,3,2,2
4,5,1,78,1.8,1,2,1,1,1,234.54,1,4,3,1,3,1,16,3,3,2,2
4,5,2,1,0.05,1,2,1,1,1,284.31,1,11,1,1,1,1,15,1,1,2,2
4,5,2,2,0.4,1,3,1,1,1,208.94,1,16,3,3,3,3,20,3,3,1,1
4,5,2,3,0.8,2,2,2,1,0,203.6,1,17,3,1,2,2,7,1,3,2,2
4,5,2,4,0.4,1,2,1,1,1,236.93,1,4,1,1,1,1,16,3,3,2,2
4,5,2,5,0.1,1,1,1,1,1,236,1,4,1,1,1,1,9,1,1,1,1
4,5,2,6,0.2,1,2,1,1,1,257.32,1,11,3,1,3,1,9,1,1,2,2
4,5,2,7,0.4,2,2,2,2,1,179.18,1,17,1,3,2,2,3,3,1,2,2
4,5,2,8,0.1,2,1,2,2,1,324.48,0,8,3,3,2,2,14,1,1,1,1
4,5,2,9,0.8,3,1,2,2,1,238.19,1,4,3,3,1,1,2,1,1,1,1
4,5,2,10,0.2,3,3,2,1,0,253.69,1,8,1,3,3,1,12,1,1,3,3
4,5,2,11,0.1,1,3,1,2,0,283.11,1,14,1,1,1,1,4,3,3,1,1
4,5,2,12,0.8,1,1,1,2,0,213.65,1,12,1,1,1,1,1,1,1,1,1
4,5,2,13,0.8,2,1,2,2,1,224.69,1,5,1,1,2,2,14,3,1,3,1
4,5,2,14,0.2,1,2,1,1,1,238.02,1,5,1,3,1,3,8,3,1,2,2
4,5,2,15,0.2,2,2,2,2,1,321.69,0,17,1,1,2,2,11,1,3,2,2
4,5,2,16,0.2,1,1,1,1,1,235.95,1,13,1,3,1,3,17,1,3,1,3
4,5,2,17,0.4,1,2,1,1,1,254.44,1,1,3,3,3,3,5,1,1,2,2
4,5,2,18,0.8,1,2,1,1,1,237.74,1,17,3,1,3,1,13,1,1,2,2
4,5,2,19,0.8,3,1,2,2,1,228.58,1,4,1,3,3,1,9,3,3,3,3
4,5,2,20,0.05,1,3,1,1,1,300.35,0,5,3,1,3,1,3,3,1,1,3
4,5,2,21,0.4,1,3,1,1,1,262.34,1,1,1,1,1,1,1,1,3,3,1
4,5,2,22,0.1,2,2,2,2,1,282.21,1,2,3,1,2,2,8,3,3,2,2
4,5,2,23,0.1,2,1,2,2,1,382.5,0,14,1,3,2,2,14,1,3,1,3
4,5,2,24,0.05,1,1,1,1,1,339.47,0,14,1,3,1,3,6,1,3,1,3
4,5,2,25,0.2,3,2,2,2,1,237.14,1,9,3,3,1,1,10,1,3,2,2
4,5,2,26,0.1,1,1,1,1,1,237.24,1,14,3,3,3,3,5,3,1,3,1
4,5,2,27,1.8,1,1,1,1,1,224.92,1,4,1,1,1,1,7,3,3,3,3
4,5,2,28,0.05,2,1,2,1,0,288.36,1,5,3,1,2,2,10,1,1,1,1
4,5,2,29,1.8,1,1,1,1,1,230.18,1,18,3,1,3,1,3,3,1,3,1
4,5,2,30,0.4,2,1,2,2,1,220.71,1,10,1,1,2,2,8,1,1,1,1
4,5,2,31,0.1,1,1,1,1,1,234.86,1,8,1,1,1,1,13,1,3,1,3
4,5,2,32,0.1,3,3,2,2,1,280.04,1,18,1,1,3,3,7,3,1,1,3
4,5,2,33,0.4,1,3,1,1,1,275.59,1,6,1,3,1,3,5,3,3,1,1
4,5,2,34,0.4,2,1,2,2,1,226.71,1,7,3,3,2,2,12,3,1,3,1
4,5,2,35,0.05,1,1,1,1,1,349.39,0,3,3,1,3,1,12,1,1,1,1
4,5,2,36,0.05,3,2,2,2,1,333.8,0,3,1,1,3,3,10,1,3,2,2
4,5,2,37,0.8,2,1,2,2,1,221.21,1,15,3,1,2,2,8,3,3,3,3
4,5,2,38,1.8,1,3,1,1,1,220.86,1,11,3,1,3,1,7,1,1,3,3
4,5,2,39,0.05,1,2,1,1,1,281.93,1,9,1,3,1,3,19,3,1,2,2
4,5,2,40,0.8,1,1,1,1,1,244,1,6,1,1,1,1,8,3,1,3,1
4,5,2,41,0.1,3,2,2,2,1,273.7,1,2,3,3,1,1,7,1,3,2,2
4,5,2,42,0.2,1,2,1,1,1,214.97,1,3,1,3,1,3,1,1,1,2,2
4,5,2,43,0.2,1,1,1,1,1,248.66,1,15,1,3,1,3,1,1,1,1,1
4,5,2,44,0.4,1,2,1,1,1,233.56,1,8,1,1,1,1,5,3,3,2,2
4,5,2,45,0.2,1,3,1,1,1,321.42,0,12,3,1,3,1,17,3,3,1,1
4,5,2,46,0.05,3,2,2,2,1,291.28,1,11,3,1,1,3,12,1,3,2,2
4,5,2,47,1.8,3,1,2,2,1,223.8,1,3,1,3,3,1,14,1,1,1,1
4,5,2,48,1.8,3,1,2,2,1,211.93,1,10,3,1,1,3,2,3,3,3,3
4,5,2,49,0.05,1,1,1,1,1,254.96,1,20,1,1,1,1,12,1,3,1,3
4,5,2,50,0.8,1,2,1,2,0,229.96,1,12,1,1,1,1,8,1,3,2,2
4,5,2,51,0.2,2,3,2,2,1,235.84,1,1,1,1,2,2,3,3,3,1,1
4,5,2,52,0.05,3,2,2,2,1,308.44,0,12,1,1,3,3,20,1,1,2,2
4,5,2,53,0.4,2,2,2,2,1,216.46,1,16,1,3,2,2,1,3,3,2,2
4,5,2,54,0.05,1,2,1,1,1,285.58,1,1,3,1,3,1,18,3,3,2,2
4,5,2,55,0.2,1,2,1,1,1,182.65,1,2,1,3,1,3,14,1,3,2,2
4,5,2,56,0.05,1,2,1,1,1,275.8,1,11,3,3,3,3,19,1,3,2,2
4,5,2,57,0.1,2,2,2,2,1,230.65,1,9,1,1,2,2,19,1,1,2,2
4,5,2,58,0.05,2,1,2,1,0,294.15,1,17,1,1,2,2,5,1,1,1,1
4,5,2,59,0.4,2,3,2,2,1,227.1,1,17,1,3,2,2,7,3,1,1,3
4,5,2,60,1.8,2,2,2,2,1,224.83,1,20,3,1,2,2,20,1,1,2,2
4,5,2,61,1.8,1,2,1,1,1,286.77,1,13,1,3,1,3,8,1,1,2,2
4,5,2,62,1.8,3,3,2,2,1,218.87,1,20,1,1,3,3,12,3,1,1,3
4,5,2,63,1.8,1,2,1,1,1,247.83,1,3,3,1,3,1,16,3,1,2,2
4,5,2,64,0.8,1,1,1,1,1,287.96,1,16,1,3,1,3,7,1,3,1,3
4,5,2,65,0.2,2,3,2,2,1,310.18,0,19,1,3,2,2,20,3,1,1,3
4,5,2,66,1.8,2,1,2,2,1,222.52,1,5,3,3,2,2,20,1,1,1,1
4,5,2,67,0.4,2,1,2,2,1,264.54,1,4,3,1,2,2,13,3,3,3,3
4,5,2,68,1.8,3,1,2,2,1,239.22,1,13,1,1,3,3,17,1,1,1,1
4,5,2,69,0.1,1,2,1,1,1,266.01,1,19,1,1,1,1,15,1,1,2,2
4,5,2,70,0.2,1,3,1,1,1,247.79,1,9,3,3,3,3,15,3,1,1,3
4,5,2,71,0.8,1,2,1,2,0,232.77,1,17,3,3,3,3,12,3,1,2,2
4,5,2,72,0.1,2,2,2,2,1,295.16,1,14,1,3,2,2,11,3,3,2,2
4,5,2,73,0.8,1,1,1,1,1,246.84,1,7,3,1,3,1,19,3,3,3,3
4,5,2,74,0.4,1,1,1,1,1,230.62,1,13,1,1,1,1,16,1,1,1,1
4,5,2,75,0.8,1,2,1,1,1,218.41,1,6,1,1,1,1,19,3,1,2,2
4,5,2,76,0.1,1,2,1,1,1,254.9,1,11,1,3,1,3,20,1,3,2,2
4,5,2,77,1.8,1,2,1,2,0,226.1,1,20,1,1,1,1,2,3,1,2,2
4,5,2,78,1.8,3,2,2,2,1,222,1,6,3,3,1,1,1,3,3,2,2
4,5,3,1,0.8,1,3,1,1,1,248.12,1,10,3,3,3,3,17,3,1,1,3
4,5,3,2,1.8,3,3,2,2,1,232.42,1,15,1,3,3,1,13,1,3,3,1
4,5,3,3,0.2,2,1,2,2,1,272.82,1,20,3,3,2,2,1,1,3,1,3
4,5,3,4,0.8,1,2,1,1,1,227.87,1,13,1,3,1,3,20,3,1,2,2
4,5,3,5,0.1,2,3,2,1,0,298.35,1,4,1,1,2,2,14,1,3,3,1
4,5,3,6,0.4,1,3,1,1,1,237.83,1,16,1,3,1,3,8,3,1,1,3
4,5,3,7,0.1,1,1,1,1,1,298.89,1,12,3,3,3,3,15,3,1,3,1
4,5,3,8,1.8,2,2,2,1,0,267.58,1,12,3,1,2,2,18,1,1,2,2
4,5,3,9,0.8,2,3,2,2,1,261.77,1,10,3,3,2,2,13,3,1,1,3
4,5,3,10,0.4,3,3,2,2,1,246.8,1,14,1,1,3,3,12,1,3,3,1
4,5,3,11,0.2,1,1,1,1,1,244.64,1,18,1,3,1,3,5,1,3,1,3
4,5,3,12,0.05,1,3,1,1,1,327.02,0,7,1,3,1,3,4,1,3,3,1
4,5,3,13,0.1,1,1,1,1,1,267.42,1,5,3,3,3,3,18,3,1,3,1
4,5,3,14,0.2,2,1,2,1,0,262.78,1,14,3,1,2,2,19,1,3,1,3
4,5,3,15,0.8,3,3,2,2,1,319.38,0,9,1,1,3,3,11,1,3,3,1
4,5,3,16,0.1,3,3,2,2,1,319.17,0,4,1,3,3,1,6,1,3,3,1
4,5,3,17,0.4,2,3,2,1,0,244.28,1,14,1,1,2,2,12,1,1,3,3
4,5,3,18,0.2,1,3,1,2,0,222.72,1,14,1,3,1,3,2,1,1,3,3
4,5,3,19,0.8,1,1,1,1,1,256.59,1,6,3,3,3,3,6,3,1,3,1
4,5,3,20,0.2,2,2,2,2,1,230.17,1,10,1,3,2,2,7,3,1,2,2
4,5,3,21,1.8,1,1,1,1,1,229.96,1,16,3,3,3,3,15,3,1,3,1
4,5,3,22,0.05,1,3,1,1,1,278.85,1,7,1,1,1,1,13,3,3,1,1
4,5,3,23,0.4,3,3,2,2,1,361.8,0,13,3,1,1,3,16,1,1,3,3
4,5,3,24,1.8,1,3,1,1,1,199.67,1,15,3,1,3,1,6,1,1,3,3
4,5,3,25,0.4,2,3,2,2,1,253.54,1,10,1,3,2,2,6,3,3,1,1
4,5,3,26,0.8,1,2,NaN,NaN,NaN,NaN,NaN,5,1,1,1,1,20,3,3,2,2
4,5,3,27,0.2,1,2,1,1,1,229.22,1,19,1,1,1,1,7,1,1,2,2
4,5,3,28,0.8,3,3,2,2,1,238.52,1,19,3,3,1,1,20,3,1,1,3
4,5,3,29,0.2,1,3,1,1,1,295.14,1,12,3,3,3,3,9,3,1,1,3
4,5,3,30,0.05,1,1,1,1,1,307.26,0,5,3,3,3,3,16,1,1,1,1
4,5,3,31,0.05,1,3,1,1,1,274.43,1,18,3,1,3,1,8,1,1,3,3
4,5,3,32,0.2,1,3,1,1,1,235,1,5,3,3,3,3,8,3,3,1,1
4,5,3,33,0.1,3,2,2,2,1,284.89,1,5,1,3,3,1,9,3,1,2,2
4,5,3,34,0.1,2,3,2,2,1,299.74,1,11,3,3,2,2,19,1,1,3,3
4,5,3,35,1.8,1,2,1,1,1,248.07,1,17,3,3,3,3,20,1,3,2,2
4,5,3,36,1.8,1,3,1,1,1,245.89,1,3,3,1,3,1,17,3,1,1,3
4,5,3,37,1.8,1,2,1,1,1,261.92,1,7,3,1,3,1,3,3,1,2,2
4,5,3,38,0.05,2,1,2,2,1,305.93,0,14,1,1,2,2,10,1,1,1,1
4,5,3,39,0.1,2,3,2,2,1,319.17,0,19,3,3,2,2,8,1,1,3,3
4,5,3,40,0.8,2,1,2,2,1,234.73,1,15,1,1,2,2,19,1,1,1,1
4,5,3,41,0.4,1,3,1,1,1,210.9,1,3,3,3,3,3,9,3,1,1,3
4,5,3,42,0.8,1,2,1,1,1,203.99,1,5,3,1,3,1,20,3,1,2,2
4,5,3,43,0.05,1,2,1,1,1,264.56,1,5,3,1,3,1,16,1,3,2,2
4,5,3,44,0.8,2,2,2,1,0,216.14,1,8,3,1,2,2,8,3,1,2,2
4,5,3,45,0.4,2,2,2,2,1,238.29,1,5,3,1,2,2,2,1,3,2,2
4,5,3,46,1.8,1,3,1,1,1,235.75,1,2,3,1,3,1,18,1,3,3,1
4,5,3,47,0.05,3,1,2,2,1,305.74,0,11,1,3,3,1,17,3,3,3,3
4,5,3,48,0.4,1,2,1,1,1,230.79,1,10,1,3,1,3,13,3,1,2,2
4,5,3,49,0.05,1,2,1,1,1,318.89,0,14,1,1,1,1,9,3,3,2,2
4,5,3,50,0.2,1,2,1,1,1,225.52,1,20,1,3,1,3,3,1,3,2,2
4,5,3,51,0.05,2,3,2,1,0,294.57,1,14,1,3,2,2,12,3,1,1,3
4,5,3,52,0.2,1,3,1,1,1,222.15,1,3,3,1,3,1,9,3,3,1,1
4,5,3,53,0.05,3,2,2,2,1,310.92,0,5,1,1,3,3,17,3,1,2,2
4,5,3,54,0.1,2,2,2,2,1,289.59,1,6,3,3,2,2,4,3,1,2,2
4,5,3,55,1.8,2,2,2,2,1,227.83,1,4,3,1,2,2,19,1,1,2,2
4,5,3,56,0.4,3,2,2,2,1,224.63,1,5,1,1,3,3,1,1,3,2,2
4,5,3,57,1.8,2,2,2,1,0,244.74,1,12,1,1,2,2,3,3,1,2,2
4,5,3,58,0.8,1,2,NaN,NaN,NaN,NaN,NaN,13,3,3,3,3,15,1,3,2,2
4,5,3,59,0.8,1,1,1,1,1,221.02,1,13,3,3,3,3,17,1,3,1,3
4,5,3,60,0.1,1,1,1,1,1,246.17,1,7,1,3,1,3,17,1,3,1,3
4,5,3,61,0.1,1,2,1,1,1,234.02,1,5,3,3,3,3,6,1,3,2,2
4,5,3,62,0.1,1,3,1,1,1,292.71,1,1,3,3,3,3,15,1,1,3,3
4,5,3,63,0.05,3,3,2,2,1,326.92,0,10,3,1,1,3,1,1,3,3,1
4,5,3,64,0.8,1,1,1,1,1,236.81,1,10,3,1,3,1,17,3,1,3,1
4,5,3,65,1.8,1,3,1,1,1,243.61,1,2,1,3,1,3,2,3,1,1,3
4,5,3,66,0.1,1,1,1,1,1,319.39,0,4,3,3,3,3,2,3,3,3,3
4,5,3,67,1.8,1,1,1,1,1,237.72,1,8,1,3,1,3,16,1,1,1,1
4,5,3,68,0.4,3,3,2,2,1,264.18,1,9,3,3,1,1,4,1,3,3,1
4,5,3,69,0.2,1,1,1,1,1,221.48,1,4,1,3,1,3,7,1,3,1,3
4,5,3,70,0.4,2,2,2,2,1,217.75,1,16,3,1,2,2,10,3,3,2,2
4,5,3,71,0.1,3,3,2,2,1,303.65,0,8,1,3,3,1,16,3,1,1,3
4,5,3,72,1.8,1,2,1,1,1,223.58,1,4,1,3,1,3,8,3,1,2,2
4,5,3,73,0.05,2,3,2,1,0,339.7,0,2,3,1,2,2,5,3,1,1,3
4,5,3,74,0.05,2,3,2,2,1,323.47,0,10,1,3,2,2,17,3,1,1,3
4,5,3,75,0.4,3,1,2,2,1,234.8,1,4,1,3,3,1,11,1,3,1,3
4,5,3,76,0.2,1,2,1,1,1,225.7,1,3,3,3,3,3,17,1,1,2,2
4,5,3,77,0.4,2,1,2,2,1,211.54,1,15,1,3,2,2,19,1,3,1,3
4,5,3,78,0.2,2,1,2,2,1,232,1,14,1,1,2,2,11,1,3,1,3
4,5,4,1,0.4,1,1,1,1,1,191.04,1,5,1,1,1,1,13,1,1,1,1
4,5,4,2,0.05,1,3,1,1,1,311.77,0,14,3,1,3,1,17,3,1,1,3
4,5,4,3,0.4,1,3,1,1,1,239.49,1,16,3,1,3,1,10,1,3,3,1
4,5,4,4,1.8,1,2,1,1,1,217.25,1,10,3,3,3,3,20,3,1,2,2
4,5,4,5,0.2,1,3,1,1,1,223.35,1,2,1,1,1,1,14,3,3,1,1
4,5,4,6,0.1,1,3,1,1,1,200.85,1,14,1,3,1,3,11,3,1,1,3
4,5,4,7,0.1,1,3,1,1,1,246.1,1,17,1,3,1,3,20,3,3,1,1
4,5,4,8,0.05,3,2,2,2,1,372.26,0,3,3,1,1,3,3,3,1,2,2
4,5,4,9,0.4,3,3,2,2,1,212.02,1,9,1,3,3,1,4,3,3,1,1
4,5,4,10,0.4,3,2,2,2,1,262.44,1,7,3,3,1,1,11,1,3,2,2
4,5,4,11,0.8,2,1,2,2,1,231.09,1,5,1,1,2,2,11,1,1,1,1
4,5,4,12,0.05,1,1,1,1,1,278.38,1,20,1,1,1,1,7,3,3,3,3
4,5,4,13,0.8,1,1,1,1,1,178.03,1,12,3,3,3,3,19,3,1,3,1
4,5,4,14,0.2,3,1,2,2,1,268.38,1,19,1,1,3,3,8,3,3,3,3
4,5,4,15,0.05,1,1,1,1,1,275.17,1,3,1,3,1,3,20,1,1,1,1
4,5,4,16,0.4,2,2,2,2,1,254.08,1,4,1,1,2,2,4,3,3,2,2
4,5,4,17,1.8,2,2,2,2,1,221.14,1,14,1,1,2,2,10,3,1,2,2
4,5,4,18,1.8,3,1,2,2,1,233.91,1,5,3,3,1,1,15,1,3,1,3
4,5,4,19,0.4,1,1,1,1,1,187.89,1,15,1,1,1,1,5,3,1,3,1
4,5,4,20,0.2,1,2,1,1,1,165.48,1,12,3,1,3,1,13,1,3,2,2
4,5,4,21,0.2,1,1,1,1,1,210.29,1,14,1,1,1,1,4,1,1,1,1
4,5,4,22,0.1,2,3,2,2,1,312.26,0,16,1,3,2,2,14,3,1,1,3
4,5,4,23,0.4,2,1,2,2,1,262.61,1,19,1,1,2,2,15,1,1,1,1
4,5,4,24,0.05,3,3,2,2,1,322.71,0,15,1,1,3,3,8,1,1,3,3
4,5,4,25,0.2,2,2,2,2,1,239.55,1,17,1,3,2,2,14,1,1,2,2
4,5,4,26,0.2,1,2,1,1,1,234.05,1,3,1,3,1,3,18,3,1,2,2
4,5,4,27,0.2,1,3,1,1,1,210.06,1,17,1,1,1,1,9,1,1,3,3
4,5,4,28,0.8,1,2,1,1,1,247.19,1,15,3,3,3,3,10,3,1,2,2
4,5,4,29,0.4,1,1,1,1,1,223.95,1,2,3,1,3,1,20,3,1,3,1
4,5,4,30,0.05,2,2,2,1,0,300.41,0,2,3,1,2,2,13,1,3,2,2
4,5,4,31,0.2,1,2,1,1,1,226.85,1,10,1,3,1,3,8,3,3,2,2
4,5,4,32,0.1,1,1,1,1,1,292.56,1,4,1,3,1,3,13,1,3,1,3
4,5,4,33,1.8,1,2,1,1,1,248.57,1,2,3,3,3,3,15,1,3,2,2
4,5,4,34,1.8,2,2,2,2,1,220.67,1,7,3,1,2,2,6,1,3,2,2
4,5,4,35,0.1,1,2,1,1,1,259.77,1,13,3,1,3,1,20,3,3,2,2
4,5,4,36,1.8,3,2,2,2,1,219.75,1,16,1,1,3,3,18,3,3,2,2
4,5,4,37,0.8,2,3,2,2,1,235.44,1,10,3,3,2,2,19,1,1,3,3
4,5,4,38,0.05,1,1,1,1,1,273.12,1,19,3,3,3,3,1,3,3,3,3
4,5,4,39,1.8,1,3,1,1,1,226.7,1,3,3,1,3,1,5,1,3,3,1
4,5,4,40,1.8,1,1,1,1,1,231.43,1,11,1,1,1,1,7,1,1,1,1
4,5,4,41,0.8,1,2,1,1,1,235.11,1,11,3,1,3,1,14,1,3,2,2
4,5,4,42,0.1,1,1,1,2,0,486.59,0,3,3,1,3,1,19,3,3,3,3
4,5,4,43,0.8,1,1,1,1,1,229.4,1,1,1,3,1,3,16,3,3,3,3
4,5,4,44,0.8,1,2,1,1,1,264.12,1,2,3,3,3,3,13,1,3,2,2
4,5,4,45,0.4,2,3,2,2,1,244.21,1,9,1,3,2,2,12,3,3,1,1
4,5,4,46,1.8,1,1,1,1,1,275.24,1,20,1,3,1,3,18,3,3,3,3
4,5,4,47,0.05,2,1,2,1,0,338.57,0,18,3,3,2,2,2,1,1,1,1
4,5,4,48,0.4,3,2,2,2,1,235.28,1,16,1,3,3,1,14,3,1,2,2
4,5,4,49,0.1,2,2,2,2,1,276.23,1,1,1,3,2,2,18,3,3,2,2
4,5,4,50,0.1,3,1,2,2,1,278.83,1,3,1,3,3,1,5,3,3,3,3
4,5,4,51,1.8,3,1,2,2,1,226.98,1,7,1,3,3,1,12,1,3,1,3
4,5,4,52,0.1,3,3,2,2,1,248.09,1,9,1,1,3,3,9,1,3,3,1
4,5,4,53,0.1,1,2,1,2,0,283.35,1,17,1,3,1,3,17,3,1,2,2
4,5,4,54,0.8,2,3,2,2,1,239.71,1,2,3,3,2,2,9,3,3,1,1
4,5,4,55,0.2,2,2,2,2,1,233.47,1,15,1,3,2,2,14,3,1,2,2
4,5,4,56,0.05,1,2,1,1,1,305.38,0,6,3,3,3,3,10,1,1,2,2
4,5,4,57,0.8,1,3,1,1,1,263.21,1,12,3,1,3,1,14,1,3,3,1
4,5,4,58,0.2,1,3,1,1,1,228.94,1,17,3,1,3,1,16,3,1,1,3
4,5,4,59,0.8,2,2,2,2,1,253.62,1,9,3,1,2,2,2,3,3,2,2
4,5,4,60,0.2,3,1,2,2,1,270.89,1,11,1,1,3,3,3,1,3,1,3
4,5,4,61,1.8,2,2,2,2,1,239.66,1,20,3,3,2,2,13,3,3,2,2
4,5,4,62,1.8,2,1,2,2,1,274.62,1,16,1,3,2,2,3,3,3,3,3
4,5,4,63,0.05,3,1,2,2,1,332.56,0,6,3,1,1,3,17,1,1,1,1
4,5,4,64,0.1,1,2,1,1,1,319.45,0,19,3,3,3,3,9,3,1,2,2
4,5,4,65,0.4,2,1,2,2,1,263.44,1,7,1,1,2,2,1,1,3,1,3
4,5,4,66,0.2,2,3,2,1,0,258.84,1,16,1,3,2,2,20,3,3,1,1
4,5,4,67,0.8,1,2,1,1,1,235.7,1,20,1,1,1,1,9,1,1,2,2
4,5,4,68,0.4,1,2,1,1,1,243.6,1,3,3,3,3,3,18,3,3,2,2
4,5,4,69,0.8,3,3,2,2,1,247.67,1,8,1,3,3,1,7,3,3,1,1
4,5,4,70,0.8,1,2,1,1,1,251.2,1,1,3,1,3,1,14,3,3,2,2
4,5,4,71,0.05,1,1,1,1,1,292.82,1,20,3,1,3,1,4,1,1,1,1
4,5,4,72,0.4,3,1,2,2,1,272.87,1,16,1,1,3,3,18,3,1,3,1
4,5,4,73,0.1,3,1,2,2,1,307.39,0,6,3,1,1,3,15,1,3,1,3
4,5,4,74,1.8,1,1,1,1,1,444.27,0,19,1,3,1,3,20,3,1,3,1
4,5,4,75,0.05,1,3,1,1,1,230.59,1,8,3,1,3,1,20,3,1,1,3
4,5,4,76,0.1,1,1,1,1,1,283.12,1,18,1,3,1,3,3,3,3,3,3
4,5,4,77,0.2,2,3,2,2,1,258.77,1,3,3,1,2,2,13,1,1,3,3
4,5,4,78,0.05,3,3,2,2,1,336.67,0,9,1,1,3,3,20,1,1,3,3
4,5,5,1,0.2,3,2,2,2,1,236.06,1,20,1,1,3,3,16,1,3,2,2
4,5,5,2,0.4,3,1,2,2,1,217.36,1,4,1,1,3,3,3,3,3,3,3
4,5,5,3,0.8,2,2,2,1,0,212.09,1,15,3,1,2,2,3,3,1,2,2
4,5,5,4,0.2,1,1,1,1,1,218.53,1,15,3,3,3,3,5,3,3,3,3
4,5,5,5,1.8,2,1,2,2,1,229.26,1,3,3,3,2,2,3,1,1,1,1
4,5,5,6,1.8,1,1,1,1,1,228.33,1,10,1,3,1,3,17,1,3,1,3
4,5,5,7,0.4,3,3,2,2,1,222.56,1,9,3,3,1,1,6,3,3,1,1
4,5,5,8,0.4,1,1,1,1,1,241.27,1,9,1,1,1,1,10,1,1,1,1
4,5,5,9,0.1,3,1,2,2,1,327.58,0,18,3,1,1,3,17,3,3,3,3
4,5,5,10,0.1,2,1,2,2,1,294.67,1,6,3,3,2,2,12,1,3,1,3
4,5,5,11,0.05,2,2,2,2,1,291.21,1,6,3,1,2,2,2,1,3,2,2
4,5,5,12,0.2,1,3,1,1,1,233.64,1,19,3,3,3,3,2,3,1,1,3
4,5,5,13,0.4,2,3,2,2,1,251.13,1,10,1,1,2,2,7,1,1,3,3
4,5,5,14,0.2,1,1,1,1,1,206.26,1,17,1,3,1,3,1,1,3,1,3
4,5,5,15,0.8,3,1,2,2,1,275.81,1,4,3,1,1,3,19,1,1,1,1
4,5,5,16,0.1,2,1,2,1,0,228.7,1,8,3,1,2,2,4,1,1,1,1
4,5,5,17,0.8,1,3,1,1,1,225.68,1,18,1,3,1,3,19,3,3,1,1
4,5,5,18,0.2,2,1,2,2,1,220.11,1,6,1,1,2,2,11,3,3,3,3
4,5,5,19,1.8,1,2,1,1,1,232.5,1,3,3,1,3,1,13,1,3,2,2
4,5,5,20,0.1,1,3,1,1,1,261.68,1,3,1,3,1,3,15,3,1,1,3
4,5,5,21,0.2,1,3,1,1,1,205.67,1,7,1,1,1,1,6,1,1,3,3
4,5,5,22,0.4,2,1,2,2,1,236.22,1,9,1,3,2,2,15,3,3,3,3
4,5,5,23,0.2,1,2,1,1,1,251.53,1,1,1,3,1,3,9,1,3,2,2
4,5,5,24,0.05,2,2,2,2,1,352.42,0,4,3,3,2,2,20,1,3,2,2
4,5,5,25,0.1,3,2,2,1,0,260.62,1,4,3,3,1,1,18,1,3,2,2
4,5,5,26,1.8,1,3,1,1,1,214.38,1,5,3,1,3,1,12,1,3,3,1
4,5,5,27,0.05,2,3,2,2,1,249.37,1,6,3,1,2,2,13,3,1,1,3
4,5,5,28,0.05,1,1,1,1,1,263.29,1,8,3,3,3,3,20,1,3,1,3
4,5,5,29,0.05,2,3,2,1,0,245.94,1,1,3,3,2,2,8,3,1,1,3
4,5,5,30,0.2,1,1,1,1,1,333.06,0,11,1,1,1,1,9,1,1,1,1
4,5,5,31,0.2,2,2,2,2,1,217.44,1,11,3,3,2,2,7,1,1,2,2
4,5,5,32,0.1,1,1,1,1,1,239.16,1,2,1,3,1,3,7,3,1,3,1
4,5,5,33,0.05,1,3,1,1,1,284.74,1,16,3,3,3,3,6,1,3,3,1
4,5,5,34,0.8,1,3,NaN,NaN,NaN,NaN,NaN,3,1,1,1,1,18,1,1,3,3
4,5,5,35,1.8,2,2,2,2,1,240.64,1,16,1,3,2,2,10,1,3,2,2
4,5,5,36,0.1,1,1,1,1,1,257.14,1,10,1,3,1,3,15,1,3,1,3
4,5,5,37,0.05,1,2,1,1,1,253.66,1,18,1,3,1,3,9,1,1,2,2
4,5,5,38,0.8,1,2,1,1,1,212.98,1,18,1,1,1,1,12,1,1,2,2
4,5,5,39,0.4,2,1,2,2,1,269.91,1,12,1,3,2,2,17,1,1,1,1
4,5,5,40,0.8,3,2,2,2,1,229.68,1,8,1,3,3,1,13,1,1,2,2
4,5,5,41,0.1,1,1,1,1,1,285.1,1,12,3,3,3,3,2,3,3,3,3
4,5,5,42,0.8,3,3,2,2,1,276.51,1,3,3,3,1,1,11,1,3,3,1
4,5,5,43,0.05,1,2,1,1,1,269.63,1,3,1,1,1,1,5,1,1,2,2
4,5,5,44,1.8,1,1,1,1,1,238.96,1,8,1,3,1,3,4,1,1,1,1
4,5,5,45,0.05,1,1,1,1,1,263.78,1,5,3,1,3,1,1,1,1,1,1
4,5,5,46,0.1,2,3,2,1,0,276.22,1,2,1,3,2,2,6,1,3,3,1
4,5,5,47,1.8,2,2,2,2,1,248.43,1,2,3,1,2,2,6,1,1,2,2
4,5,5,48,0.05,2,1,2,2,1,387.69,0,4,1,1,2,2,7,3,1,3,1
4,5,5,49,0.1,2,3,2,2,1,228.1,1,1,1,3,2,2,3,3,1,1,3
4,5,5,50,0.8,2,3,2,2,1,222.98,1,14,3,3,2,2,5,3,3,1,1
4,5,5,51,0.05,1,1,1,1,1,243.56,1,3,1,3,1,3,16,3,1,3,1
4,5,5,52,0.05,3,3,2,2,1,327.23,0,5,1,3,3,1,10,1,3,3,1
4,5,5,53,0.05,2,1,2,1,0,258.45,1,17,3,3,2,2,10,3,1,3,1
4,5,5,54,1.8,2,1,2,2,1,239.37,1,1,3,1,2,2,2,3,3,3,3
4,5,5,55,0.4,1,1,1,1,1,231.37,1,2,1,3,1,3,4,3,3,3,3
4,5,5,56,0.2,3,1,2,2,1,222.76,1,2,3,1,1,3,1,3,1,3,1
4,5,5,57,0.2,1,2,1,1,1,257.3,1,5,3,1,3,1,17,1,3,2,2
4,5,5,58,0.4,2,3,2,2,1,224.21,1,11,1,3,2,2,13,1,3,3,1
4,5,5,59,0.8,2,3,2,2,1,232.7,1,15,1,3,2,2,13,3,1,1,3
4,5,5,60,0.1,3,1,2,1,0,309.27,0,12,3,3,1,1,18,3,1,3,1
4,5,5,61,0.4,1,2,1,1,1,253.3,1,11,1,1,1,1,20,3,3,2,2
4,5,5,62,0.8,3,1,2,2,1,243.13,1,9,3,3,1,1,17,3,3,3,3
4,5,5,63,0.1,1,3,1,1,1,246.9,1,1,1,3,1,3,16,3,1,1,3
4,5,5,64,0.4,2,2,2,2,1,257.61,1,17,1,1,2,2,11,3,1,2,2
4,5,5,65,1.8,1,1,1,1,1,237.94,1,5,3,3,3,3,13,1,3,1,3
4,5,5,66,0.1,1,1,1,1,1,243.5,1,4,3,1,3,1,3,3,1,3,1
4,5,5,67,1.8,2,3,2,2,1,260.69,1,14,3,3,2,2,18,1,3,3,1
4,5,5,68,0.8,3,2,2,2,1,249.93,1,17,3,3,1,1,15,3,1,2,2
4,5,5,69,1.8,1,2,1,1,1,213.46,1,6,3,1,3,1,18,3,1,2,2
4,5,5,70,0.2,1,2,1,1,1,252.27,1,18,3,3,3,3,18,3,3,2,2
4,5,5,71,0.4,3,2,2,2,1,257.7,1,5,3,3,1,1,1,3,1,2,2
4,5,5,72,0.4,3,3,2,2,1,261.51,1,7,3,1,1,3,18,3,3,1,1
4,5,5,73,1.8,2,1,2,2,1,238.51,1,7,3,3,2,2,9,1,1,1,1
4,5,5,74,0.8,2,2,2,2,1,245.33,1,17,3,1,2,2,19,1,1,2,2
4,5,5,75,0.8,1,1,1,1,1,265.86,1,13,1,1,1,1,11,1,1,1,1
4,5,5,76,1.8,1,1,1,1,1,238.73,1,4,1,3,1,3,7,3,1,3,1
4,5,5,77,0.2,2,2,2,1,0,314.16,0,7,3,3,2,2,3,1,3,2,2
4,5,5,78,0.4,3,1,2,2,1,237.09,1,16,1,3,3,1,15,1,1,1,1
4,5,6,1,0.2,2,2,2,2,1,250.58,1,1,3,3,2,2,10,1,1,2,2
4,5,6,2,1.8,2,1,2,2,1,227.46,1,7,3,1,2,2,9,1,3,1,3
4,5,6,3,0.8,1,1,1,1,1,210.43,1,9,1,3,1,3,8,3,3,3,3
4,5,6,4,0.2,1,2,1,1,1,228.11,1,11,1,3,1,3,4,3,1,2,2
4,5,6,5,0.1,3,2,2,2,1,247.79,1,5,3,3,1,1,5,1,1,2,2
4,5,6,6,0.4,1,1,1,1,1,229.85,1,8,1,1,1,1,14,1,3,1,3
4,5,6,7,0.8,2,3,2,2,1,229.27,1,3,1,3,2,2,6,1,3,3,1
4,5,6,8,0.05,3,3,2,2,1,566.58,0,15,3,3,1,1,9,1,3,3,1
4,5,6,9,0.2,3,3,2,2,1,222.59,1,4,1,3,3,1,19,3,3,1,1
4,5,6,10,0.8,3,1,2,2,1,240.22,1,15,1,1,3,3,6,3,1,3,1
4,5,6,11,0.8,3,3,NaN,NaN,NaN,NaN,NaN,7,3,3,1,1,1,1,3,3,1
4,5,6,12,0.2,3,2,2,2,1,259.4,1,5,3,3,1,1,5,3,1,2,2
4,5,6,13,0.4,3,2,2,2,1,272.22,1,16,1,1,3,3,19,3,3,2,2
4,5,6,14,0.8,3,1,2,2,1,367.2,0,6,3,1,1,3,18,1,1,1,1
4,5,6,15,0.2,1,1,1,1,1,223,1,8,3,1,3,1,16,3,3,3,3
4,5,6,16,0.8,1,3,1,1,1,235.14,1,4,1,1,1,1,19,1,3,3,1
4,5,6,17,0.05,2,2,2,2,1,306.63,0,6,3,3,2,2,17,3,1,2,2
4,5,6,18,1.8,1,1,1,1,1,241.4,1,12,1,3,1,3,4,1,3,1,3
4,5,6,19,1.8,2,1,2,2,1,220.17,1,17,1,3,2,2,3,3,3,3,3
4,5,6,20,0.05,1,1,1,1,1,299.29,1,7,1,3,1,3,11,1,3,1,3
4,5,6,21,0.05,1,2,1,1,1,299.91,1,11,3,1,3,1,4,3,3,2,2
4,5,6,22,0.4,2,1,2,2,1,237.56,1,13,3,1,2,2,8,1,1,1,1
4,5,6,23,1.8,1,3,1,1,1,253.27,1,9,3,1,3,1,11,1,1,3,3
4,5,6,24,0.1,1,1,1,2,0,308.56,0,13,1,1,1,1,9,1,1,1,1
4,5,6,25,0.2,1,2,1,1,1,276.38,1,7,3,3,3,3,18,3,1,2,2
4,5,6,26,0.1,1,2,1,1,1,337.16,0,6,3,3,3,3,1,3,3,2,2
4,5,6,27,1.8,1,1,1,1,1,236.7,1,13,1,3,1,3,7,1,1,1,1
4,5,6,28,1.8,1,3,1,1,1,238.51,1,13,3,1,3,1,7,3,1,1,3
4,5,6,29,0.4,3,3,2,2,1,265.6,1,19,1,3,3,1,4,1,3,3,1
4,5,6,30,1.8,3,3,2,2,1,253.7,1,5,3,3,1,1,2,3,1,1,3
4,5,6,31,0.2,1,3,1,1,1,220.25,1,13,1,3,1,3,1,1,3,3,1
4,5,6,32,1.8,3,3,2,2,1,221.14,1,5,3,1,1,3,12,3,1,1,3
4,5,6,33,0.4,1,2,1,1,1,226.77,1,19,1,3,1,3,9,3,1,2,2
4,5,6,34,0.05,1,1,1,1,1,315.72,0,17,3,3,3,3,7,1,3,1,3
4,5,6,35,0.05,2,1,2,1,0,263.21,1,8,1,3,2,2,9,3,1,3,1
4,5,6,36,0.8,1,1,1,1,1,241.86,1,15,3,3,3,3,8,3,3,3,3
4,5,6,37,0.1,2,3,2,2,1,290.05,1,11,3,1,2,2,3,1,3,3,1
4,5,6,38,0.4,1,3,1,1,1,256.01,1,15,1,1,1,1,11,3,1,1,3
4,5,6,39,0.8,1,3,1,1,1,240.79,1,19,1,1,1,1,16,1,3,3,1
4,5,6,40,0.2,3,2,2,2,1,195.08,1,15,1,3,3,1,10,1,3,2,2
4,5,6,41,0.05,1,1,1,1,1,284.94,1,18,1,1,1,1,3,1,1,1,1
4,5,6,42,0.8,1,1,1,1,1,255.53,1,5,1,3,1,3,8,1,1,1,1
4,5,6,43,0.1,2,3,2,2,1,300.12,0,15,1,3,2,2,18,3,3,1,1
4,5,6,44,0.4,1,3,1,1,1,220.23,1,18,3,3,3,3,13,3,1,1,3
4,5,6,45,0.8,1,3,1,1,1,224.84,1,9,3,1,3,1,11,3,1,1,3
4,5,6,46,0.2,1,2,1,1,1,228.39,1,19,3,3,3,3,13,1,3,2,2
4,5,6,47,1.8,3,3,2,2,1,233.86,1,11,1,1,3,3,20,3,1,1,3
4,5,6,48,0.4,1,1,1,1,1,247.74,1,3,1,3,1,3,8,3,1,3,1
4,5,6,49,0.4,1,2,1,1,1,243.64,1,1,1,3,1,3,12,3,1,2,2
4,5,6,50,0.4,3,2,2,2,1,267.94,1,16,3,1,1,3,10,1,3,2,2
4,5,6,51,0.2,2,2,2,2,1,288.53,1,14,3,3,2,2,17,3,3,2,2
4,5,6,52,0.4,1,1,1,1,1,222.98,1,9,3,3,3,3,13,3,3,3,3
4,5,6,53,1.8,2,3,2,2,1,263.02,1,13,1,1,2,2,19,3,1,1,3
4,5,6,54,0.1,1,3,1,1,1,221.29,1,17,3,3,3,3,13,3,1,1,3
4,5,6,55,0.1,2,3,2,1,0,464.77,0,1,3,1,2,2,16,1,1,3,3
4,5,6,56,0.1,1,1,1,1,1,269.89,1,13,1,1,1,1,2,3,3,3,3
4,5,6,57,1.8,1,1,1,1,1,240.6,1,18,1,1,1,1,14,1,1,1,1
4,5,6,58,0.4,1,3,1,1,1,253.47,1,11,1,3,1,3,16,3,3,1,1
4,5,6,59,0.2,3,3,2,2,1,237.73,1,17,1,1,3,3,13,1,1,3,3
4,5,6,60,0.8,3,2,2,2,1,259.07,1,5,3,3,1,1,13,1,1,2,2
4,5,6,61,0.8,1,1,1,1,1,251.77,1,9,3,1,3,1,13,3,3,3,3
4,5,6,62,0.1,2,3,2,2,1,323.04,0,19,3,3,2,2,18,3,3,1,1
4,5,6,63,0.05,3,1,2,2,1,312.62,0,1,3,3,1,1,10,3,1,3,1
4,5,6,64,1.8,1,1,1,1,1,241.78,1,2,1,3,1,3,6,1,3,1,3
4,5,6,65,1.8,2,2,2,2,1,203.74,1,19,3,1,2,2,11,3,3,2,2
4,5,6,66,0.1,3,3,2,2,1,276.55,1,17,1,3,3,1,15,3,3,1,1
4,5,6,67,0.05,1,1,1,1,1,307.58,0,2,3,3,3,3,17,1,1,1,1
4,5,6,68,0.05,2,3,2,2,1,282.94,1,9,1,1,2,2,1,3,3,1,1
4,5,6,69,0.05,2,1,2,1,0,305.78,0,5,3,1,2,2,5,1,3,1,3
4,5,6,70,0.4,2,3,2,2,1,259.21,1,8,1,3,2,2,14,1,3,3,1
4,5,6,71,0.1,1,2,1,1,1,232.86,1,13,3,1,3,1,10,1,1,2,2
4,5,6,72,0.2,2,2,2,2,1,280.15,1,11,1,1,2,2,14,1,3,2,2
4,5,6,73,0.8,1,3,1,1,1,249.42,1,20,3,3,3,3,2,3,3,1,1
4,5,6,74,0.2,1,2,1,1,1,252.81,1,20,3,3,3,3,4,1,3,2,2
4,5,6,75,0.1,1,2,1,1,1,286.56,1,19,1,3,1,3,1,3,3,2,2
4,5,6,76,0.1,1,2,1,1,1,284.99,1,4,1,1,1,1,1,1,1,2,2
4,5,6,77,0.05,1,2,1,1,1,262.25,1,18,3,3,3,3,7,3,3,2,2
4,5,6,78,0.05,1,1,1,2,0,321.88,0,15,1,3,1,3,14,3,1,3,1
4,5,7,1,0.4,3,3,2,2,1,207.54,1,2,1,3,3,1,20,3,1,1,3
4,5,7,2,0.4,1,1,1,1,1,204.68,1,11,3,1,3,1,11,3,3,3,3
4,5,7,3,0.1,1,3,1,1,1,236.94,1,18,3,3,3,3,10,1,1,3,3
4,5,7,4,0.4,1,1,1,1,1,220.28,1,19,1,3,1,3,17,3,3,3,3
4,5,7,5,0.2,1,2,1,1,1,221.06,1,6,3,3,3,3,18,3,1,2,2
4,5,7,6,0.2,1,2,1,1,1,179.81,1,19,3,3,3,3,17,1,3,2,2
4,5,7,7,0.8,3,2,NaN,NaN,NaN,NaN,NaN,18,1,3,3,1,5,1,1,2,2
4,5,7,8,0.8,1,2,1,1,1,241.4,1,2,3,3,3,3,10,1,3,2,2
4,5,7,9,0.05,1,1,1,1,1,256.59,1,7,3,1,3,1,11,1,3,1,3
4,5,7,10,0.1,2,3,2,2,1,297.26,1,2,1,3,2,2,8,3,3,1,1
4,5,7,11,0.4,1,2,1,1,1,243.17,1,16,3,3,3,3,11,1,3,2,2
4,5,7,12,0.8,3,2,2,2,1,220.86,1,6,1,1,3,3,11,3,3,2,2
4,5,7,13,0.05,2,3,2,2,1,344.85,0,9,1,3,2,2,11,1,3,3,1
4,5,7,14,0.1,1,2,1,1,1,292.49,1,19,3,3,3,3,15,3,1,2,2
4,5,7,15,0.05,1,2,1,1,1,273.58,1,5,1,3,1,3,17,1,3,2,2
4,5,7,16,0.4,3,1,2,2,1,230.97,1,12,1,3,3,1,5,3,1,3,1
4,5,7,17,0.4,1,2,1,1,1,216.2,1,3,1,1,1,1,4,3,3,2,2
4,5,7,18,0.8,1,3,1,1,1,212.63,1,20,3,1,3,1,11,3,1,1,3
4,5,7,19,0.2,1,3,1,1,1,243.31,1,17,1,1,1,1,14,1,1,3,3
4,5,7,20,0.2,1,2,1,1,1,264.79,1,19,1,1,1,1,6,3,1,2,2
4,5,7,21,0.1,1,3,1,1,1,242.07,1,7,1,1,1,1,20,1,1,3,3
4,5,7,22,0.4,3,1,2,2,1,260.93,1,4,3,3,1,1,2,1,3,1,3
4,5,7,23,0.8,3,1,2,2,1,211.45,1,17,1,1,3,3,4,3,1,3,1
4,5,7,24,0.4,1,1,1,1,1,262.78,1,10,3,3,3,3,5,3,1,3,1
4,5,7,25,0.4,3,2,2,2,1,269.37,1,11,1,1,3,3,15,3,3,2,2
4,5,7,26,0.05,2,1,2,2,1,369.52,0,11,1,1,2,2,10,3,1,3,1
4,5,7,27,0.2,2,2,2,2,1,275.38,1,19,1,3,2,2,2,3,3,2,2
4,5,7,28,0.1,2,1,2,2,1,319.51,0,16,1,3,2,2,1,3,1,3,1
4,5,7,29,0.1,2,3,2,2,1,391.45,0,2,3,1,2,2,10,1,1,3,3
4,5,7,30,0.1,2,1,2,2,1,294.57,1,11,1,3,2,2,19,1,3,1,3
4,5,7,31,1.8,3,3,2,2,1,209.27,1,12,1,1,3,3,18,1,3,3,1
4,5,7,32,1.8,1,2,1,1,1,243.24,1,12,3,3,3,3,9,1,3,2,2
4,5,7,33,1.8,1,3,1,1,1,211.88,1,18,1,3,1,3,1,3,1,1,3
4,5,7,34,0.8,3,3,2,2,1,225.42,1,8,1,3,3,1,10,1,1,3,3
4,5,7,35,0.2,1,1,1,1,1,249.27,1,6,3,3,3,3,10,1,1,1,1
4,5,7,36,0.2,3,3,2,2,1,224.01,1,4,3,3,1,1,10,3,3,1,1
4,5,7,37,0.8,3,3,2,2,1,210.98,1,16,1,3,3,1,12,1,1,3,3
4,5,7,38,0.05,1,2,1,1,1,234.96,1,9,1,1,1,1,16,3,3,2,2
4,5,7,39,1.8,1,2,1,1,1,221.68,1,17,3,1,3,1,11,1,1,2,2
4,5,7,40,0.1,3,1,2,2,1,281.61,1,5,3,1,1,3,13,3,3,3,3
4,5,7,41,0.4,3,1,2,2,1,223.41,1,10,3,1,1,3,17,3,3,3,3
4,5,7,42,1.8,1,1,1,1,1,218.09,1,6,3,1,3,1,8,3,3,3,3
4,5,7,43,1.8,3,1,2,2,1,210.03,1,2,1,3,3,1,9,1,1,1,1
4,5,7,44,0.1,1,1,1,1,1,274.93,1,15,1,3,1,3,15,1,3,1,3
4,5,7,45,0.05,3,1,2,2,1,315.02,0,5,3,1,1,3,7,1,1,1,1
4,5,7,46,0.4,2,1,2,1,0,228.04,1,6,1,3,2,2,8,3,1,3,1
4,5,7,47,0.8,3,1,2,2,1,204.59,1,13,1,1,3,3,12,3,3,3,3
4,5,7,48,0.05,3,3,2,2,1,296.56,1,13,3,3,1,1,17,1,1,3,3
4,5,7,49,0.2,1,3,1,1,1,232.47,1,14,1,1,1,1,6,1,1,3,3
4,5,7,50,1.8,3,2,2,2,1,252.38,1,4,1,1,3,3,7,3,3,2,2
4,5,7,51,0.05,2,2,2,2,1,293.66,1,7,1,1,2,2,16,3,1,2,2
4,5,7,52,0.8,1,1,1,1,1,266.31,1,20,3,1,3,1,16,3,1,3,1
4,5,7,53,0.2,3,1,2,2,1,246.04,1,4,3,1,1,3,9,3,3,3,3
4,5,7,54,1.8,3,3,2,2,1,230.57,1,10,1,1,3,3,8,1,3,3,1
4,5,7,55,0.8,2,1,2,1,0,206.26,1,1,3,1,2,2,10,3,1,3,1
4,5,7,56,0.2,1,2,1,1,1,268.95,1,3,3,1,3,1,2,1,3,2,2
4,5,7,57,0.8,2,3,2,2,1,242.07,1,3,3,3,2,2,5,1,3,3,1
4,5,7,58,1.8,1,2,1,1,1,231.18,1,14,1,1,1,1,7,3,1,2,2
4,5,7,59,0.1,2,3,2,2,1,279.08,1,5,3,3,2,2,10,1,1,3,3
4,5,7,60,1.8,3,1,2,2,1,251.31,1,8,1,3,3,1,1,1,1,1,1
4,5,7,61,0.4,2,2,2,2,1,243.76,1,4,3,3,2,2,14,1,1,2,2
4,5,7,62,0.05,1,2,1,1,1,273.21,1,7,1,3,1,3,18,1,1,2,2
4,5,7,63,1.8,2,1,2,2,1,226.51,1,15,3,1,2,2,1,1,1,1,1
4,5,7,64,1.8,1,3,1,1,1,265.01,1,18,1,1,1,1,18,3,3,1,1
4,5,7,65,0.05,3,1,2,2,1,330.93,0,19,1,3,3,1,11,1,1,1,1
4,5,7,66,0.4,3,1,2,2,1,291.32,1,5,3,3,1,1,13,1,1,1,1
4,5,7,67,0.1,1,2,1,1,1,295.12,1,20,3,3,3,3,7,3,1,2,2
4,5,7,68,0.1,1,3,1,1,1,252.25,1,19,3,3,3,3,14,3,3,1,1
4,5,7,69,0.2,3,1,2,2,1,281.37,1,2,1,3,3,1,5,1,1,1,1
4,5,7,70,0.8,1,1,1,1,1,260.71,1,14,3,1,3,1,16,1,1,1,1
4,5,7,71,0.2,2,1,2,2,1,260.88,1,12,1,3,2,2,10,1,1,1,1
4,5,7,72,1.8,1,2,1,1,1,225.97,1,10,3,1,3,1,6,3,3,2,2
4,5,7,73,0.2,1,1,1,1,1,260.53,1,10,3,3,3,3,14,3,1,3,1
4,5,7,74,0.05,1,2,1,1,1,295.45,1,6,1,1,1,1,14,3,3,2,2
4,5,7,75,0.05,1,3,1,1,1,294.18,1,10,3,3,3,3,12,1,1,3,3
4,5,7,76,0.1,2,3,2,2,1,330.07,0,13,1,1,2,2,14,1,1,3,3
4,5,7,77,0.8,1,2,1,1,1,249.31,1,11,1,3,1,3,3,1,3,2,2
4,5,7,78,0.05,3,3,2,2,1,295.33,1,6,1,3,3,1,6,1,3,3,1
4,5,8,1,0.1,1,1,1,1,1,236.28,1,3,1,1,1,1,17,1,1,1,1
4,5,8,2,0.2,3,2,2,2,1,216.82,1,9,3,1,1,3,9,3,3,2,2
4,5,8,3,0.2,3,1,2,2,1,218.48,1,10,3,1,1,3,12,1,1,1,1
4,5,8,4,0.1,2,2,2,2,1,265.53,1,10,1,1,2,2,9,3,1,2,2
4,5,8,5,0.8,1,3,NaN,NaN,NaN,NaN,NaN,11,3,3,3,3,1,3,3,1,1
4,5,8,6,0.4,2,1,2,2,1,242.54,1,9,1,3,2,2,1,1,1,1,1
4,5,8,7,1.8,3,3,2,2,1,220,1,2,3,1,1,3,14,3,1,1,3
4,5,8,8,0.8,1,2,1,2,0,322.65,0,19,3,3,3,3,15,3,3,2,2
4,5,8,9,0.4,1,2,1,1,1,227.44,1,17,1,3,1,3,1,1,3,2,2
4,5,8,10,0.1,3,1,2,2,1,252.21,1,5,3,1,1,3,8,3,1,3,1
4,5,8,11,0.05,3,1,2,2,1,296.8,1,15,1,1,3,3,3,3,3,3,3
4,5,8,12,1.8,1,1,1,1,1,251.56,1,1,1,1,1,1,9,3,3,3,3
4,5,8,13,1.8,1,2,1,1,1,229.22,1,20,3,3,3,3,14,3,1,2,2
4,5,8,14,0.05,1,1,1,1,1,244.36,1,4,1,1,1,1,2,3,1,3,1
4,5,8,15,1.8,1,1,1,2,0,234.39,1,15,3,3,3,3,19,1,1,1,1
4,5,8,16,0.2,2,3,2,2,1,270.7,1,18,1,3,2,2,5,3,3,1,1
4,5,8,17,0.1,1,2,1,1,1,287.77,1,18,3,1,3,1,18,3,1,2,2
4,5,8,18,0.2,1,2,1,2,0,229.79,1,18,1,1,1,1,12,1,3,2,2
4,5,8,19,0.05,3,3,2,2,1,380.03,0,11,3,1,1,3,15,3,1,1,3
4,5,8,20,1.8,1,1,1,1,1,260.25,1,19,3,1,3,1,16,1,3,1,3
4,5,8,21,0.2,2,2,2,2,1,256.63,1,16,3,1,2,2,2,3,3,2,2
4,5,8,22,0.05,3,1,2,2,1,330.3,0,1,3,1,1,3,12,1,1,1,1
4,5,8,23,0.8,1,2,1,1,1,240.62,1,10,1,3,1,3,3,3,1,2,2
4,5,8,24,0.05,1,1,1,1,1,293.78,1,20,3,1,3,1,8,1,3,1,3
4,5,8,25,0.05,1,2,1,1,1,279.41,1,5,1,1,1,1,17,1,1,2,2
4,5,8,26,0.1,2,2,2,1,0,272.09,1,20,3,1,2,2,18,3,1,2,2
4,5,8,27,0.4,1,1,1,1,1,-2.8033,2,3,1,3,1,3,19,1,3,1,3
4,5,8,28,0.4,3,2,2,2,1,228.57,1,12,1,1,3,3,8,1,1,2,2
4,5,8,29,1.8,1,2,1,1,1,276.9,1,2,3,3,3,3,8,1,3,2,2
4,5,8,30,0.8,1,3,1,1,1,284.6,1,13,1,3,1,3,14,3,1,1,3
4,5,8,31,0.05,3,2,2,2,1,307.84,0,20,1,3,3,1,15,1,3,2,2
4,5,8,32,0.05,1,2,1,1,1,325.71,0,19,3,3,3,3,3,3,3,2,2
4,5,8,33,0.2,2,2,2,2,1,262.96,1,17,3,1,2,2,9,3,1,2,2
4,5,8,34,0.2,1,3,1,1,1,213.89,1,10,1,3,1,3,11,1,1,3,3
4,5,8,35,0.1,1,2,1,1,1,263.7,1,4,3,3,3,3,4,1,3,2,2
4,5,8,36,0.05,1,2,1,1,1,282.89,1,17,1,1,1,1,19,3,3,2,2
4,5,8,37,1.8,3,1,2,2,1,249.62,1,3,3,1,1,3,9,3,1,3,1
4,5,8,38,0.8,1,3,1,1,1,211.2,1,11,3,3,3,3,20,3,1,1,3
4,5,8,39,0.4,1,1,1,2,0,244.55,1,7,3,3,3,3,13,3,1,3,1
4,5,8,40,0.1,2,2,2,2,1,304.91,0,15,1,3,2,2,9,1,3,2,2
4,5,8,41,0.1,1,2,1,1,1,263.02,1,19,1,1,1,1,14,3,3,2,2
4,5,8,42,0.8,3,3,2,2,1,230.11,1,18,1,3,3,1,18,1,1,3,3
4,5,8,43,0.4,1,1,1,1,1,204.47,1,9,1,1,1,1,11,3,3,3,3
4,5,8,44,0.2,1,1,1,1,1,208.67,1,5,1,1,1,1,14,1,3,1,3
4,5,8,45,0.1,1,3,1,1,1,262.69,1,16,1,1,1,1,14,1,1,3,3
4,5,8,46,1.8,3,3,2,2,1,221.2,1,10,3,1,1,3,12,1,1,3,3
4,5,8,47,1.8,3,2,2,2,1,232.44,1,11,3,1,1,3,2,3,3,2,2
4,5,8,48,0.8,1,3,1,1,1,229.98,1,13,1,3,1,3,4,3,3,1,1
4,5,8,49,0.4,3,2,2,2,1,252.34,1,15,3,1,1,3,7,3,3,2,2
4,5,8,50,0.2,2,2,2,2,1,280.15,1,20,3,3,2,2,10,3,3,2,2
4,5,8,51,0.1,1,2,1,1,1,286.87,1,18,1,3,1,3,18,1,1,2,2
4,5,8,52,0.1,2,1,2,1,0,287.75,1,17,1,1,2,2,6,1,1,1,1
4,5,8,53,1.8,2,3,2,2,1,240.09,1,5,1,3,2,2,1,1,1,3,3
4,5,8,54,0.1,3,2,2,2,1,288.72,1,14,1,3,3,1,14,1,3,2,2
4,5,8,55,0.8,3,3,2,2,1,223.32,1,17,3,1,1,3,6,3,1,1,3
4,5,8,56,0.4,3,3,2,2,1,253.68,1,17,1,3,3,1,17,1,3,3,1
4,5,8,57,0.2,2,1,2,2,1,260.67,1,2,3,3,2,2,15,3,3,3,3
4,5,8,58,0.2,2,2,2,2,1,268.78,1,10,1,3,2,2,14,3,1,2,2
4,5,8,59,1.8,2,1,2,2,1,224.66,1,7,3,3,2,2,4,1,3,1,3
4,5,8,60,0.8,1,2,1,1,1,219.35,1,17,3,3,3,3,15,1,1,2,2
4,5,8,61,0.05,3,2,2,2,1,333.58,0,5,1,1,3,3,16,1,1,2,2
4,5,8,62,0.05,1,1,1,1,1,271.81,1,20,1,3,1,3,6,1,3,1,3
4,5,8,63,0.05,2,2,2,1,0,293.56,1,12,3,3,2,2,3,1,3,2,2
4,5,8,64,1.8,2,1,2,2,1,223.51,1,18,1,3,2,2,8,3,3,3,3
4,5,8,65,0.4,1,2,1,1,1,200.99,1,1,3,1,3,1,4,1,3,2,2
4,5,8,66,0.05,1,3,1,1,1,257.12,1,13,3,1,3,1,14,3,3,1,1
4,5,8,67,0.2,2,1,2,1,0,272.22,1,16,3,1,2,2,8,3,3,3,3
4,5,8,68,0.8,1,3,1,1,1,237.24,1,20,3,3,3,3,3,3,1,1,3
4,5,8,69,0.4,1,1,1,1,1,229.69,1,19,1,3,1,3,6,1,1,1,1
4,5,8,70,0.4,3,1,2,2,1,249.05,1,18,3,1,1,3,13,3,3,3,3
4,5,8,71,1.8,3,3,2,2,1,255.54,1,13,1,1,3,3,14,3,3,1,1
4,5,8,72,0.1,1,1,1,1,1,241.47,1,15,3,3,3,3,1,3,1,3,1
4,5,8,73,0.4,2,2,2,2,1,290.19,1,11,3,1,2,2,13,1,3,2,2
4,5,8,74,0.4,1,1,1,1,1,206.76,1,16,1,1,1,1,19,1,1,1,1
4,5,8,75,0.8,1,2,NaN,NaN,NaN,NaN,NaN,3,1,1,1,1,15,1,3,2,2
4,5,8,76,0.8,1,1,1,1,1,238.16,1,14,1,3,1,3,7,3,1,3,1
4,5,8,77,0.2,1,3,1,1,1,231.33,1,6,1,3,1,3,1,3,1,1,3
4,5,8,78,0.8,1,1,1,1,1,216.67,1,10,1,3,1,3,8,3,1,3,1
4,5,9,1,0.05,1,2,1,1,1,226.22,1,20,1,3,1,3,2,3,1,2,2
4,5,9,2,0.05,1,1,1,1,1,289.81,1,4,3,3,3,3,5,1,1,1,1
4,5,9,3,1.8,1,1,1,1,1,196.4,1,14,3,3,3,3,9,1,1,1,1
4,5,9,4,0.05,2,1,2,2,1,307.41,0,11,3,3,2,2,14,3,1,3,1
4,5,9,5,0.8,1,3,1,1,1,234.32,1,18,1,3,1,3,4,3,1,1,3
4,5,9,6,0.8,1,3,1,1,1,174.04,1,10,1,1,1,1,1,1,1,3,3
4,5,9,7,0.4,2,2,2,2,1,257.43,1,16,3,3,2,2,13,3,1,2,2
4,5,9,8,1.8,1,3,1,2,0,231.17,1,11,1,3,1,3,14,3,3,1,1
4,5,9,9,0.4,1,2,1,1,1,209.76,1,1,3,3,3,3,19,1,3,2,2
4,5,9,10,0.4,2,2,2,2,1,229.2,1,20,1,1,2,2,20,1,1,2,2
4,5,9,11,0.8,1,1,NaN,NaN,NaN,NaN,NaN,5,1,3,1,3,4,1,1,1,1
4,5,9,12,0.05,3,3,2,2,1,438.48,0,5,3,1,1,3,9,1,1,3,3
4,5,9,13,0.4,2,3,2,1,0,237.39,1,3,3,1,2,2,15,1,1,3,3
4,5,9,14,0.1,2,1,2,2,1,520.96,0,18,1,3,2,2,4,3,1,3,1
4,5,9,15,0.8,2,1,2,2,1,201.25,1,11,3,3,2,2,6,1,3,1,3
4,5,9,16,0.05,2,1,2,2,1,317.8,0,14,3,3,2,2,15,1,3,1,3
4,5,9,17,1.8,1,3,1,1,1,234.84,1,8,3,1,3,1,15,1,1,3,3
4,5,9,18,0.1,1,1,1,1,1,241.26,1,7,1,3,1,3,12,3,3,3,3
4,5,9,19,0.1,3,3,2,2,1,270.3,1,1,1,1,3,3,4,1,1,3,3
4,5,9,20,0.2,3,3,2,2,1,227.33,1,16,1,3,3,1,3,3,3,1,1
4,5,9,21,0.1,1,2,1,1,1,224.78,1,2,1,3,1,3,2,3,3,2,2
4,5,9,22,0.1,2,1,2,2,1,298.67,1,13,1,1,2,2,20,3,1,3,1
4,5,9,23,1.8,3,2,2,2,1,218.43,1,13,3,3,1,1,6,3,3,2,2
4,5,9,24,0.05,1,3,1,1,1,315.47,0,7,3,3,3,3,7,3,3,1,1
4,5,9,25,1.8,3,3,2,2,1,227.48,1,8,3,1,1,3,1,3,1,1,3
4,5,9,26,0.2,2,2,2,2,1,230.16,1,11,1,1,2,2,18,1,3,2,2
4,5,9,27,0.2,3,3,2,2,1,236.64,1,19,1,1,3,3,18,3,3,1,1
4,5,9,28,0.2,2,1,2,2,1,243.05,1,14,3,3,2,2,12,3,3,3,3
4,5,9,29,1.8,2,3,2,2,1,250.59,1,14,1,3,2,2,20,3,3,1,1
4,5,9,30,0.05,1,1,1,1,1,285.2,1,17,3,3,3,3,14,3,1,3,1
4,5,9,31,1.8,1,3,1,1,1,236.67,1,5,1,1,1,1,14,1,1,3,3
4,5,9,32,0.2,3,3,2,2,1,261.59,1,4,1,3,3,1,10,1,1,3,3
4,5,9,33,0.2,3,3,2,2,1,283.06,1,19,3,3,1,1,9,1,1,3,3
4,5,9,34,0.1,3,1,2,2,1,269.86,1,2,3,1,1,3,4,3,1,3,1
4,5,9,35,0.2,1,3,1,1,1,242.21,1,5,1,3,1,3,20,3,3,1,1
4,5,9,36,0.4,1,3,1,1,1,227.21,1,1,3,3,3,3,17,3,1,1,3
4,5,9,37,0.05,1,2,1,1,1,249.43,1,1,3,3,3,3,18,3,1,2,2
4,5,9,38,0.1,3,2,2,2,1,316.3,0,4,1,1,3,3,16,1,3,2,2
4,5,9,39,0.8,2,1,2,2,1,459.3,0,2,3,3,2,2,5,3,1,3,1
4,5,9,40,1.8,1,3,1,1,1,207.25,1,14,3,3,3,3,12,3,1,1,3
4,5,9,41,0.4,1,1,1,1,1,227.92,1,9,1,1,1,1,3,1,3,1,3
4,5,9,42,0.05,1,1,1,1,1,290.9,1,2,3,1,3,1,17,1,3,1,3
4,5,9,43,0.8,1,1,1,1,1,211.84,1,7,3,3,3,3,8,1,3,1,3
4,5,9,44,0.1,1,3,1,1,1,276.81,1,4,1,1,1,1,7,1,3,3,1
4,5,9,45,0.05,3,2,2,2,1,313.49,0,14,1,3,3,1,18,3,3,2,2
4,5,9,46,0.2,3,3,2,2,1,231.59,1,3,1,1,3,3,14,1,1,3,3
4,5,9,47,0.2,1,1,1,1,1,232.06,1,16,3,1,3,1,18,3,3,3,3
4,5,9,48,0.8,2,3,2,2,1,240.76,1,8,3,1,2,2,13,1,3,3,1
4,5,9,49,0.4,1,3,1,1,1,243.75,1,5,3,1,3,1,15,3,3,1,1
4,5,9,50,1.8,2,1,2,2,1,256.62,1,1,1,3,2,2,16,3,1,3,1
4,5,9,51,0.4,2,1,2,2,1,277.77,1,14,1,1,2,2,3,3,3,3,3
4,5,9,52,0.8,3,1,2,2,1,250.4,1,16,1,3,3,1,15,3,3,3,3
4,5,9,53,0.2,1,2,1,1,1,278.27,1,16,1,1,1,1,11,1,1,2,2
4,5,9,54,0.4,3,2,2,2,1,259.53,1,19,3,3,1,1,18,3,1,2,2
4,5,9,55,0.8,1,2,1,1,1,209.14,1,13,3,3,3,3,2,1,3,2,2
4,5,9,56,1.8,1,1,1,1,1,262.66,1,14,3,3,3,3,15,1,1,1,1
4,5,9,57,0.2,2,2,2,1,0,252.66,1,15,1,3,2,2,7,3,1,2,2
4,5,9,58,0.05,1,3,1,1,1,317.14,0,18,3,3,3,3,5,1,3,3,1
4,5,9,59,1.8,1,2,1,1,1,227.38,1,6,3,1,3,1,14,3,1,2,2
4,5,9,60,0.1,1,3,1,1,1,272.76,1,1,1,1,1,1,18,1,1,3,3
4,5,9,61,1.8,3,3,2,2,1,272.5,1,17,1,1,3,3,10,3,3,1,1
4,5,9,62,0.8,1,1,1,1,1,230.56,1,2,3,1,3,1,14,3,3,3,3
4,5,9,63,0.2,2,2,2,2,1,289.75,1,15,1,1,2,2,14,1,3,2,2
4,5,9,64,0.1,1,2,1,1,1,272.5,1,15,3,3,3,3,6,1,3,2,2
4,5,9,65,0.2,3,2,2,2,1,259.95,1,3,1,3,3,1,9,1,1,2,2
4,5,9,66,0.1,2,2,2,2,1,275.44,1,7,3,1,2,2,16,1,3,2,2
4,5,9,67,0.05,2,2,2,1,0,293.46,1,5,1,1,2,2,18,1,1,2,2
4,5,9,68,0.1,1,1,1,1,1,282.02,1,10,3,3,3,3,9,1,1,1,1
4,5,9,69,0.1,2,2,2,2,1,211.92,1,6,3,1,2,2,8,1,1,2,2
4,5,9,70,1.8,1,3,1,1,1,234.6,1,14,1,3,1,3,1,3,1,1,3
4,5,9,71,0.4,1,3,1,1,1,261.54,1,12,3,1,3,1,14,3,3,1,1
4,5,9,72,0.8,1,3,1,2,0,223.5,1,3,3,3,3,3,13,1,3,3,1
4,5,9,73,0.4,1,2,1,1,1,218.87,1,3,3,3,3,3,19,1,1,2,2
4,5,9,74,0.4,3,1,2,2,1,259.41,1,19,1,3,3,1,20,3,3,3,3
4,5,9,75,0.4,2,1,2,2,1,283.6,1,11,1,1,2,2,19,1,3,1,3
4,5,9,76,0.8,1,3,1,1,1,220.23,1,18,3,1,3,1,14,3,1,1,3
4,5,9,77,0.05,1,3,1,1,1,272.75,1,12,1,1,1,1,9,1,3,3,1
4,5,9,78,0.8,2,1,2,2,1,207.04,1,9,3,3,2,2,1,1,1,1,1
4,5,10,1,0.05,1,2,1,1,1,250.51,1,3,3,1,3,1,3,3,3,2,2
4,5,10,2,1.8,1,2,1,1,1,221.66,1,17,3,3,3,3,5,1,1,2,2
4,5,10,3,0.1,1,3,1,1,1,219.08,1,7,1,3,1,3,6,3,1,1,3
4,5,10,4,0.05,1,2,1,1,1,284.49,1,14,1,1,1,1,16,1,1,2,2
4,5,10,5,0.05,2,3,2,2,1,293.9,1,10,1,3,2,2,5,3,1,1,3
4,5,10,6,0.8,3,2,2,2,1,216.2,1,4,3,1,1,3,11,1,3,2,2
4,5,10,7,0.2,3,2,2,2,1,242.93,1,5,1,3,3,1,6,3,3,2,2
4,5,10,8,0.8,1,2,1,1,1,234.4,1,13,3,3,3,3,9,3,3,2,2
4,5,10,9,0.8,1,1,1,1,1,233.18,1,19,3,1,3,1,12,3,3,3,3
4,5,10,10,0.05,1,1,1,1,1,257.26,1,15,1,1,1,1,19,3,3,3,3
4,5,10,11,0.4,1,3,1,1,1,187.84,1,2,3,3,3,3,5,1,3,3,1
4,5,10,12,0.1,1,2,1,1,1,247.77,1,7,3,1,3,1,20,1,3,2,2
4,5,10,13,0.4,2,2,2,2,1,275.15,1,5,3,1,2,2,11,3,1,2,2
4,5,10,14,0.4,3,3,2,2,1,230.9,1,9,3,3,1,1,17,3,3,1,1
4,5,10,15,0.4,1,3,1,1,1,233.94,1,11,3,1,3,1,19,3,3,1,1
4,5,10,16,0.1,3,2,2,2,1,275.83,1,11,3,3,1,1,10,3,1,2,2
4,5,10,17,0.4,1,3,1,1,1,228.24,1,12,1,3,1,3,17,3,1,1,3
4,5,10,18,0.2,3,2,2,2,1,233.65,1,19,1,1,3,3,6,1,1,2,2
4,5,10,19,0.8,1,2,1,1,1,232.93,1,5,1,3,1,3,16,3,1,2,2
4,5,10,20,0.2,1,1,1,1,1,237.99,1,9,3,3,3,3,10,1,1,1,1
4,5,10,21,1.8,1,2,1,2,0,247.42,1,3,3,3,3,3,12,3,1,2,2
4,5,10,22,1.8,2,1,2,2,1,232.89,1,14,1,1,2,2,20,3,1,3,1
4,5,10,23,0.4,1,2,1,1,1,196.54,1,8,1,1,1,1,4,3,3,2,2
4,5,10,24,0.2,1,2,1,1,1,239.04,1,19,3,1,3,1,12,3,3,2,2
4,5,10,25,0.1,3,3,2,2,1,382.91,0,3,3,1,1,3,5,3,3,1,1
4,5,10,26,0.2,1,3,1,1,1,247.55,1,17,1,1,1,1,18,1,3,3,1
4,5,10,27,0.2,1,1,1,1,1,215.86,1,3,1,3,1,3,20,3,3,3,3
4,5,10,28,1.8,1,3,1,1,1,251.13,1,5,3,1,3,1,9,3,3,1,1
4,5,10,29,0.2,1,2,1,1,1,239.42,1,7,1,3,1,3,18,3,3,2,2
4,5,10,30,1.8,1,2,1,2,0,250.07,1,16,3,3,3,3,7,3,1,2,2
4,5,10,31,0.4,1,3,1,1,1,226.95,1,5,3,1,3,1,13,3,3,1,1
4,5,10,32,0.05,2,1,2,2,1,321.45,0,14,3,1,2,2,10,3,3,3,3
4,5,10,33,1.8,1,3,1,1,1,202.7,1,7,3,3,3,3,19,1,3,3,1
4,5,10,34,1.8,1,2,1,1,1,196.25,1,4,3,3,3,3,16,1,3,2,2
4,5,10,35,0.05,1,3,1,1,1,276.72,1,10,3,1,3,1,8,3,1,1,3
4,5,10,36,0.05,1,1,1,1,1,245.63,1,5,3,3,3,3,2,1,3,1,3
4,5,10,37,1.8,1,1,1,1,1,224.86,1,2,3,1,3,1,10,1,3,1,3
4,5,10,38,0.2,1,2,1,1,1,239.04,1,18,3,3,3,3,1,1,3,2,2
4,5,10,39,0.2,2,2,2,2,1,237.31,1,4,1,1,2,2,2,1,3,2,2
4,5,10,40,0.4,3,1,2,2,1,271.65,1,15,1,1,3,3,4,3,3,3,3
4,5,10,41,0.1,2,2,2,2,1,282.16,1,15,3,1,2,2,20,1,3,2,2
4,5,10,42,0.2,1,3,1,1,1,268.22,1,2,3,1,3,1,3,1,1,3,3
4,5,10,43,1.8,2,1,2,2,1,233.29,1,16,3,3,2,2,18,1,3,1,3
4,5,10,44,0.1,3,1,2,2,1,298.69,1,14,3,3,1,1,1,3,1,3,1
4,5,10,45,1.8,1,1,1,1,1,232.13,1,20,1,1,1,1,17,1,1,1,1
4,5,10,46,0.8,2,1,2,2,1,209.17,1,11,3,1,2,2,3,3,3,3,3
4,5,10,47,0.2,2,3,2,2,1,249.07,1,9,1,1,2,2,20,3,3,1,1
4,5,10,48,0.1,1,2,1,1,1,227,1,2,1,1,1,1,15,1,3,2,2
4,5,10,49,0.05,1,3,1,1,1,300.65,0,19,3,3,3,3,14,1,3,3,1
4,5,10,50,0.4,1,1,1,1,1,233.65,1,16,1,3,1,3,17,3,3,3,3
4,5,10,51,1.8,1,2,1,1,1,212.94,1,9,1,3,1,3,11,3,3,2,2
4,5,10,52,0.8,3,3,2,2,1,224.31,1,7,1,3,3,1,17,3,3,1,1
4,5,10,53,0.05,1,1,1,1,1,304.18,0,6,3,1,3,1,2,1,1,1,1
4,5,10,54,0.05,1,1,1,1,1,256.76,1,6,1,3,1,3,20,3,1,3,1
4,5,10,55,0.8,1,3,1,1,1,251.03,1,16,1,3,1,3,9,1,1,3,3
4,5,10,56,1.8,1,3,1,1,1,223.9,1,13,1,3,1,3,16,1,1,3,3
4,5,10,57,0.1,1,1,1,1,1,237.02,1,8,1,3,1,3,16,3,3,3,3
4,5,10,58,0.8,1,1,1,1,1,271.9,1,10,1,3,1,3,15,1,1,1,1
4,5,10,59,0.8,1,3,1,1,1,254.59,1,2,1,1,1,1,6,1,1,3,3
4,5,10,60,0.05,1,1,1,2,0,378.94,0,2,1,1,1,1,19,3,3,3,3
4,5,10,61,0.4,2,3,2,2,1,304.78,0,11,3,1,2,2,1,1,3,3,1
4,5,10,62,0.8,1,3,1,1,1,266.7,1,20,1,3,1,3,2,1,3,3,1
4,5,10,63,0.1,1,1,1,1,1,271.81,1,7,3,1,3,1,15,1,3,1,3
4,5,10,64,0.05,1,3,1,1,1,258.79,1,16,1,1,1,1,2,1,3,3,1
4,5,10,65,0.4,1,2,1,1,1,220.43,1,2,3,1,3,1,9,1,3,2,2
4,5,10,66,0.1,2,3,2,1,0,246.08,1,12,1,1,2,2,18,3,1,1,3
4,5,10,67,0.8,2,2,2,2,1,242.76,1,11,3,1,2,2,6,3,3,2,2
4,5,10,68,0.8,3,1,2,2,1,220.87,1,18,3,1,1,3,15,3,3,3,3
4,5,10,69,0.8,3,3,2,2,1,228.74,1,19,1,1,3,3,16,1,1,3,3
4,5,10,70,0.4,1,2,1,1,1,253.18,1,2,1,1,1,1,4,1,1,2,2
4,5,10,71,0.1,1,2,1,1,1,285.29,1,17,1,1,1,1,2,1,1,2,2
4,5,10,72,0.1,2,3,2,1,0,264.73,1,4,1,1,2,2,9,3,3,1,1
4,5,10,73,0.05,1,3,1,1,1,278.37,1,1,1,3,1,3,16,3,3,1,1
4,5,10,74,1.8,3,1,2,2,1,228.48,1,3,3,1,1,3,17,3,3,3,3
4,5,10,75,0.4,1,1,1,2,0,255.48,1,15,3,1,3,1,2,1,1,1,1
4,5,10,76,0.2,2,1,2,2,1,420.36,0,16,1,3,2,2,7,1,1,1,1
4,5,10,77,0.1,1,3,1,1,1,243.85,1,5,3,3,3,3,5,1,3,3,1
4,5,10,78,0.2,1,2,1,2,0,268.24,1,14,1,1,1,1,2,1,3,2,2
