2,7,1,1,1.8,1,2,1,1,1,222.59,1,7,1,1,1,1,12,3,3,2,2
2,7,1,2,1.8,2,3,2,2,1,189.85,1,9,1,1,2,2,12,3,3,1,1
2,7,1,3,0.05,3,2,2,2,1,336.57,0,5,3,1,1,3,4,1,3,2,2
2,7,1,4,1.8,1,3,1,1,1,172.46,1,13,3,3,3,3,19,3,1,1,3
2,7,1,5,0.1,3,2,2,2,1,267.24,1,5,1,1,3,3,19,3,1,2,2
2,7,1,6,0.8,2,3,2,2,1,210.68,1,11,1,1,2,2,19,3,3,1,1
2,7,1,7,0.2,1,3,1,1,1,280.68,1,11,3,1,3,1,13,3,1,1,3
2,7,1,8,0.4,1,3,1,1,1,217.7,1,6,1,3,1,3,3,1,3,3,1
2,7,1,9,0.2,3,2,2,2,1,183.46,1,8,1,3,3,1,9,1,3,2,2
2,7,1,10,0.8,1,1,1,1,1,206.6,1,8,1,1,1,1,12,1,3,1,3
2,7,1,11,0.4,1,1,1,1,1,207.37,1,7,1,3,1,3,9,3,3,3,3
2,7,1,12,1.8,1,2,1,1,1,190.1,1,5,1,3,1,3,3,1,1,2,2
2,7,1,13,0.4,3,1,2,2,1,192.31,1,1,3,3,1,1,19,1,1,1,1
2,7,1,14,0.4,2,3,2,2,1,275.4,1,5,1,3,2,2,15,1,1,3,3
2,7,1,15,0.05,3,2,2,2,1,262.45,1,13,3,3,1,1,7,1,1,2,2
2,7,1,16,0.8,1,3,1,2,0,188.24,1,10,3,3,3,3,8,3,3,1,1
2,7,1,17,0.2,2,3,2,2,1,316.09,0,20,3,1,2,2,5,3,3,1,1
2,7,1,18,0.2,1,1,1,1,1,204.47,1,1,1,1,1,1,11,1,3,1,3
2,7,1,19,0.1,2,3,2,2,1,265.22,1,12,3,3,2,2,6,1,1,3,3
2,7,1,20,1.8,1,1,1,1,1,195.17,1,3,3,1,3,1,15,1,3,1,3
2,7,1,21,0.4,2,3,NaN,NaN,NaN,NaN,NaN,8,3,1,2,2,10,3,1,1,3
2,7,1,22,0.1,3,3,2,2,1,265.23,1,16,3,3,1,1,2,3,1,1,3
2,7,1,23,1.8,1,2,1,1,1,264.27,1,8,3,3,3,3,9,1,1,2,2
2,7,1,24,0.4,2,1,2,2,1,268.24,1,19,3,1,2,2,11,3,1,3,1
2,7,1,25,0.1,1,1,1,1,1,255.6,1,6,1,3,1,3,15,1,1,1,1
2,7,1,26,1.8,1,2,1,1,1,208.06,1,11,1,1,1,1,20,1,3,2,2
2,7,1,27,0.2,3,1,2,2,1,281.24,1,8,1,1,3,3,8,1,3,1,3
2,7,1,28,0.1,1,2,1,1,1,211.35,1,5,3,3,3,3,1,1,1,2,2
2,7,1,29,0.05,2,3,2,2,1,271.67,1,17,1,1,2,2,20,3,1,1,3
2,7,1,30,0.1,1,3,1,1,1,280.93,1,3,1,1,1,1,10,3,3,1,1
2,7,1,31,0.8,2,2,2,1,0,254.62,1,8,3,1,2,2,13,3,3,2,2
2,7,1,32,0.05,2,2,2,1,0,295.64,1,12,1,3,2,2,7,3,3,2,2
2,7,1,33,0.8,2,3,NaN,NaN,NaN,NaN,NaN,9,1,3,2,2,20,1,1,3,3
2,7,1,34,1.8,3,1,2,2,1,232.48,1,9,3,3,1,1,17,3,3,3,3
2,7,1,35,0.8,1,2,1,1,1,216.16,1,11,3,3,3,3,11,3,3,2,2
2,7,1,36,0.4,1,3,1,1,1,218.92,1,5,3,3,3,3,15,3,1,1,3
2,7,1,37,0.2,2,2,2,2,1,309.32,0,5,1,3,2,2,12,1,3,2,2
2,7,1,38,0.05,1,2,1,1,1,321.81,0,15,3,1,3,1,10,3,1,2,2
2,7,1,39,0.8,2,1,2,1,0,223.1,1,18,1,3,2,2,14,1,3,1,3
2,7,1,40,0.1,2,3,2,2,1,260.41,1,9,3,1,2,2,18,1,1,3,3
2,7,1,41,0.8,2,1,2,1,0,246.04,1,4,1,3,2,2,18,1,1,1,1
2,7,1,42,0.05,1,3,1,2,0,332.02,0,18,3,3,3,3,8,3,3,1,1
2,7,1,43,0.1,3,3,2,2,1,227.36,1,2,3,3,1,1,16,3,3,1,1
2,7,1,44,0.2,3,3,2,1,0,73.116,2,8,1,1,3,3,4,1,1,3,3
2,7,1,45,1.8,3,1,2,2,1,506.98,0,9,3,1,1,3,8,1,1,1,1
2,7,1,46,0.8,1,2,1,1,1,219.71,1,7,3,3,3,3,15,3,3,2,2
2,7,1,47,0.4,3,1,2,2,1,228.25,1,18,3,1,1,3,19,1,3,1,3
2,7,1,48,0.4,1,3,1,1,1,263.34,1,4,3,3,3,3,2,1,3,3,1
2,7,1,49,0.05,1,3,1,1,1,353.15,0,1,3,1,3,1,7,1,1,3,3
2,7,1,50,0.05,1,2,1,1,1,269.28,1,20,1,3,1,3,12,3,3,2,2
2,7,1,51,0.1,3,1,2,2,1,255.15,1,3,1,1,3,3,17,1,1,1,1
2,7,1,52,0.2,1,1,1,1,1,216.09,1,18,3,1,3,1,18,1,3,1,3
2,7,1,53,0.1,2,3,2,2,1,257.86,1,19,3,3,2,2,6,3,1,1,3
2,7,1,54,0.05,2,1,2,2,1,286.28,1,20,1,1,2,2,18,3,1,3,1
2,7,1,55,0.2,3,3,2,2,1,308.69,0,15,3,1,1,3,16,3,3,1,1
2,7,1,56,0.8,1,2,1,1,1,247.87,1,11,1,1,1,1,1,3,1,2,2
2,7,1,57,0.1,2,1,2,2,1,213.42,1,6,3,3,2,2,10,1,1,1,1
2,7,1,58,0.05,3,1,2,2,1,266.51,1,12,3,1,1,3,4,3,1,3,1
2,7,1,59,0.05,2,2,2,2,1,277.29,1,14,3,1,2,2,8,3,1,2,2
2,7,1,60,0.8,2,2,NaN,NaN,NaN,NaN,NaN,14,3,3,2,2,9,1,3,2,2
2,7,1,61,0.05,1,1,1,1,1,260.87,1,2,1,3,1,3,17,3,3,3,3
2,7,1,62,0.05,2,1,2,2,1,310.87,0,17,3,1,2,2,18,3,3,3,3
2,7,1,63,0.4,3,2,2,2,1,229.48,1,16,3,3,1,1,4,1,1,2,2
2,7,1,64,0.8,3,3,2,2,1,203.78,1,11,3,3,1,1,18,3,3,1,1
2,7,1,65,1.8,2,1,2,1,0,178.94,1,17,1,1,2,2,4,1,1,1,1
2,7,1,66,0.4,2,1,2,1,0,240.05,1,4,1,3,2,2,10,3,1,3,1
2,7,1,67,0.4,1,1,1,1,1,272.77,1,11,3,3,3,3,9,1,3,1,3
2,7,1,68,1.8,1,2,1,1,1,188.27,1,9,3,1,3,1,11,3,3,2,2
2,7,1,69,0.2,3,3,2,2,1,227.81,1,13,1,1,3,3,7,1,3,3,1
2,7,1,70,0.2,1,1,1,1,1,238.82,1,12,3,3,3,3,2,1,1,1,1
2,7,1,71,0.8,2,1,2,1,0,198.2,1,14,1,3,2,2,6,1,1,1,1
2,7,1,72,0.2,3,3,2,1,0,287.03,1,12,1,1,3,3,3,3,1,1,3
2,7,1,73,0.4,1,1,1,1,1,206.42,1,19,1,3,1,3,10,1,1,1,1
2,7,1,74,1.8,1,3,1,1,1,196.48,1,4,1,3,1,3,10,3,1,1,3
2,7,1,75,1.8,2,2,2,1,0,184.07,1,17,1,3,2,2,16,3,3,2,2
2,7,1,76,0.1,1,3,1,2,0,296.02,1,10,1,1,1,1,10,3,1,1,3
2,7,1,77,0.2,3,3,2,2,1,264.22,1,4,1,3,3,1,7,1,1,3,3
2,7,1,78,0.1,1,1,1,1,1,271.54,1,17,3,1,3,1,15,1,3,1,3
2,7,2,1,0.2,2,3,2,2,1,264,1,18,3,3,2,2,8,1,3,3,1
2,7,2,2,0.4,3,2,2,2,1,228.53,1,5,1,1,3,3,9,3,1,2,2
2,7,2,3,0.4,2,3,2,2,1,268.01,1,11,1,3,2,2,6,3,1,1,3
2,7,2,4,0.1,3,1,2,2,1,262.94,1,7,3,3,1,1,7,1,1,1,1
2,7,2,5,1.8,2,2,2,1,0,217.8,1,17,1,1,2,2,13,3,1,2,2
2,7,2,6,0.8,1,1,1,1,1,215.03,1,19,3,1,3,1,3,1,3,1,3
2,7,2,7,0.1,1,1,1,2,0,292.01,1,5,1,1,1,1,14,1,3,1,3
2,7,2,8,1.8,2,1,2,2,1,180.93,1,14,3,3,2,2,1,1,3,1,3
2,7,2,9,0.8,1,1,1,1,1,240.01,1,12,3,1,3,1,4,1,1,1,1
2,7,2,10,1.8,1,1,1,1,1,196.26,1,17,1,3,1,3,4,1,3,1,3
2,7,2,11,0.1,3,2,2,2,1,300.21,0,1,3,1,1,3,13,1,1,2,2
2,7,2,12,0.8,1,1,1,1,1,220.62,1,20,1,1,1,1,9,3,1,3,1
2,7,2,13,0.8,1,3,1,1,1,249,1,3,3,3,3,3,3,1,1,3,3
2,7,2,14,1.8,1,2,1,1,1,186.36,1,5,1,1,1,1,4,1,1,2,2
2,7,2,15,1.8,3,1,2,2,1,184.7,1,13,1,1,3,3,2,3,1,3,1
2,7,2,16,0.1,2,1,2,1,0,277.68,1,10,1,3,2,2,4,1,1,1,1
2,7,2,17,0.2,2,2,2,1,0,265.46,1,4,1,3,2,2,19,3,3,2,2
2,7,2,18,0.8,3,1,2,2,1,209.16,1,14,1,1,3,3,3,3,1,3,1
2,7,2,19,0.4,2,2,2,2,1,276.47,1,3,3,3,2,2,1,1,3,2,2
2,7,2,20,0.05,1,3,1,1,1,273.05,1,19,1,1,1,1,8,3,3,1,1
2,7,2,21,0.4,1,1,1,1,1,273.64,1,10,3,3,3,3,6,3,1,3,1
2,7,2,22,1.8,1,3,1,1,1,192.55,1,9,3,1,3,1,10,3,1,1,3
2,7,2,23,1.8,2,1,2,1,0,193.72,1,12,1,1,2,2,17,1,3,1,3
2,7,2,24,0.2,1,2,1,1,1,196.77,1,7,3,1,3,1,4,3,3,2,2
2,7,2,25,0.2,1,2,1,1,1,222.78,1,7,1,1,1,1,19,3,3,2,2
2,7,2,26,0.4,1,2,1,1,1,190.12,1,18,1,1,1,1,20,1,1,2,2
2,7,2,27,0.1,3,2,2,2,1,288.1,1,15,3,1,1,3,5,1,3,2,2
2,7,2,28,0.8,3,3,2,2,1,247.3,1,14,3,1,1,3,16,1,1,3,3
2,7,2,29,1.8,1,3,1,1,1,205.12,1,12,1,1,1,1,14,1,3,3,1
2,7,2,30,0.2,3,1,2,2,1,271.06,1,11,1,1,3,3,7,1,3,1,3
2,7,2,31,1.8,1,3,1,2,0,199.77,1,7,1,1,1,1,7,1,1,3,3
2,7,2,32,0.1,2,3,2,2,1,288.07,1,20,3,1,2,2,9,3,3,1,1
2,7,2,33,0.05,1,3,1,2,0,330.65,0,18,1,1,1,1,6,1,1,3,3
2,7,2,34,0.05,1,2,1,1,1,255.47,1,5,3,1,3,1,9,3,3,2,2
2,7,2,35,0.8,2,2,2,2,1,190.69,1,16,1,3,2,2,8,1,3,2,2
2,7,2,36,0.4,2,3,2,2,1,206.99,1,5,3,3,2,2,19,1,3,3,1
2,7,2,37,0.4,1,3,1,1,1,241.51,1,11,3,3,3,3,1,3,3,1,1
2,7,2,38,0.2,1,1,1,1,1,279.51,1,10,3,1,3,1,9,3,1,3,1
2,7,2,39,0.05,1,2,1,1,1,268.6,1,10,1,1,1,1,12,3,3,2,2
2,7,2,40,0.05,2,3,2,2,1,267.58,1,13,1,1,2,2,19,3,1,1,3
2,7,2,41,1.8,2,3,NaN,NaN,NaN,NaN,NaN,10,1,3,2,2,10,3,3,1,1
2,7,2,42,0.05,3,1,2,2,1,263.73,1,6,1,1,3,3,13,1,3,1,3
2,7,2,43,0.1,1,3,1,2,0,302.72,0,8,3,3,3,3,15,3,3,1,1
2,7,2,44,0.8,3,2,2,2,1,220.27,1,11,3,1,1,3,18,1,1,2,2
2,7,2,45,0.8,1,3,1,1,1,214.51,1,16,1,3,1,3,18,1,1,3,3
2,7,2,46,0.05,3,2,2,2,1,316.9,0,10,1,1,3,3,16,3,1,2,2
2,7,2,47,0.05,1,3,1,1,1,342.62,0,2,1,3,1,3,6,1,3,3,1
2,7,2,48,0.05,2,3,2,2,1,267.76,1,3,1,3,2,2,4,3,1,1,3
2,7,2,49,0.05,1,1,1,2,0,270.53,1,18,1,1,1,1,7,3,1,3,1
2,7,2,50,0.1,2,1,2,2,1,247.24,1,8,3,1,2,2,16,3,1,3,1
2,7,2,51,0.4,1,1,1,1,1,209.29,1,14,3,1,3,1,6,1,3,1,3
2,7,2,52,0.4,1,2,1,1,1,223.69,1,10,3,1,3,1,8,3,3,2,2
2,7,2,53,0.05,2,1,2,2,1,281.74,1,2,3,1,2,2,7,3,3,3,3
2,7,2,54,0.4,1,2,1,1,1,249.18,1,16,3,1,3,1,1,3,3,2,2
2,7,2,55,0.4,1,2,1,1,1,193.98,1,18,3,3,3,3,4,3,1,2,2
2,7,2,56,0.2,1,3,1,1,1,310.42,0,1,3,3,3,3,19,1,3,3,1
2,7,2,57,0.2,3,1,2,2,1,320.96,0,12,1,1,3,3,16,1,1,1,1
2,7,2,58,0.2,1,3,1,1,1,330.61,0,4,3,1,3,1,19,1,3,3,1
2,7,2,59,0.2,1,2,1,1,1,202.21,1,9,1,1,1,1,3,1,1,2,2
2,7,2,60,0.4,1,1,1,1,1,253.4,1,14,1,1,1,1,2,1,1,1,1
2,7,2,61,0.8,2,3,2,2,1,199.16,1,6,1,1,2,2,9,3,3,1,1
2,7,2,62,0.05,1,2,1,1,1,346.29,0,20,1,1,1,1,8,3,3,2,2
2,7,2,63,0.8,1,3,1,2,0,204.37,1,11,1,3,1,3,14,3,3,1,1
2,7,2,64,0.05,1,1,1,1,1,216.4,1,6,1,3,1,3,8,3,3,3,3
2,7,2,65,0.8,3,3,2,2,1,201.35,1,7,3,3,1,1,15,3,1,1,3
2,7,2,66,0.1,1,2,1,1,1,289.4,1,15,1,3,1,3,5,3,1,2,2
2,7,2,67,0.8,1,3,1,1,1,197.97,1,14,3,3,3,3,17,3,1,1,3
2,7,2,68,0.2,2,2,2,1,0,239.84,1,17,1,1,2,2,18,3,3,2,2
2,7,2,69,0.1,3,2,2,2,1,262.49,1,7,1,3,3,1,14,3,1,2,2
2,7,2,70,0.4,2,3,2,1,0,274.5,1,11,3,1,2,2,8,1,3,3,1
2,7,2,71,1.8,3,2,NaN,NaN,NaN,NaN,NaN,11,3,3,1,1,14,3,3,2,2
2,7,2,72,1.8,1,2,1,1,1,218.47,1,18,3,1,3,1,3,1,1,2,2
2,7,2,73,0.1,2,3,2,2,1,264.24,1,4,1,1,2,2,19,3,3,1,1
2,7,2,74,1.8,1,1,1,1,1,220.33,1,14,1,1,1,1,4,1,1,1,1
2,7,2,75,0.2,1,2,1,2,0,273.37,1,4,3,3,3,3,19,3,1,2,2
2,7,2,76,0.1,3,2,2,2,1,316.95,0,1,1,1,3,3,12,3,1,2,2
2,7,2,77,0.2,2,2,2,2,1,647.67,0,8,3,1,2,2,13,3,3,2,2
2,7,2,78,0.1,2,2,2,2,1,529.09,0,16,1,1,2,2,16,1,3,2,2
2,7,3,1,0.05,1,2,1,1,1,254.49,1,17,3,1,3,1,2,1,3,2,2
2,7,3,2,0.8,1,3,1,2,0,250.53,1,18,1,1,1,1,17,3,3,1,1
2,7,3,3,1.8,3,1,2,2,1,176.6,1,11,3,1,1,3,20,3,1,3,1
2,7,3,4,0.8,1,3,1,1,1,204.36,1,4,3,3,3,3,14,1,3,3,1
2,7,3,5,0.05,1,2,1,1,1,297.65,1,8,1,1,1,1,18,3,1,2,2
2,7,3,6,1.8,1,3,1,1,1,197.58,1,17,1,3,1,3,20,1,3,3,1
2,7,3,7,0.2,3,2,2,2,1,266.69,1,6,3,3,1,1,3,3,1,2,2
2,7,3,8,0.05,3,3,2,2,1,280.5,1,16,3,1,1,3,17,1,1,3,3
2,7,3,9,0.8,3,1,2,2,1,212.91,1,20,1,3,3,1,9,1,3,1,3
2,7,3,10,1.8,2,1,2,2,1,218.97,1,6,3,3,2,2,14,3,1,3,1
2,7,3,11,0.05,1,3,1,2,0,277.51,1,11,1,3,1,3,16,3,1,1,3
2,7,3,12,0.1,3,1,2,2,1,227.56,1,15,1,1,3,3,6,3,1,3,1
2,7,3,13,0.8,2,2,2,2,1,206.67,1,10,1,3,2,2,18,1,3,2,2
2,7,3,14,0.8,2,1,2,1,0,191.46,1,4,1,1,2,2,1,3,1,3,1
2,7,3,15,0.8,2,1,NaN,NaN,NaN,NaN,NaN,20,1,1,2,2,14,3,1,3,1
2,7,3,16,0.4,1,2,1,1,1,352.17,0,11,3,3,3,3,11,3,3,2,2
2,7,3,17,0.1,2,1,2,2,1,265.3,1,20,1,1,2,2,1,3,3,3,3
2,7,3,18,0.8,3,3,2,2,1,191.64,1,18,3,3,1,1,6,3,1,1,3
2,7,3,19,0.8,1,2,1,1,1,220.49,1,20,1,1,1,1,17,3,3,2,2
2,7,3,20,0.05,1,3,1,1,1,326.59,0,6,1,3,1,3,17,1,1,3,3
2,7,3,21,0.4,3,3,2,2,1,224.52,1,7,3,1,1,3,16,3,3,1,1
2,7,3,22,0.1,2,1,2,1,0,434.26,0,1,1,3,2,2,2,3,1,3,1
2,7,3,23,1.8,3,1,NaN,NaN,NaN,NaN,NaN,20,1,3,3,1,15,3,1,3,1
2,7,3,24,0.4,1,2,1,2,0,218.36,1,15,1,1,1,1,12,1,1,2,2
2,7,3,25,0.2,1,3,1,1,1,212.76,1,14,1,1,1,1,18,1,1,3,3
2,7,3,26,1.8,2,3,2,2,1,155.52,1,7,3,3,2,2,10,1,3,3,1
2,7,3,27,0.4,1,3,1,1,1,235.88,1,20,1,3,1,3,4,1,3,3,1
2,7,3,28,0.1,1,1,1,1,1,256.35,1,15,1,3,1,3,17,1,3,1,3
2,7,3,29,0.2,1,3,1,1,1,243.12,1,18,3,3,3,3,9,3,3,1,1
2,7,3,30,0.4,3,1,2,1,0,312.28,0,18,3,1,1,3,18,3,3,3,3
2,7,3,31,0.8,3,1,2,2,1,191.54,1,9,1,3,3,1,1,1,1,1,1
2,7,3,32,0.1,1,3,1,1,1,255.09,1,5,3,3,3,3,2,3,3,1,1
2,7,3,33,0.1,2,1,2,2,1,284.27,1,2,1,3,2,2,9,3,3,3,3
2,7,3,34,0.4,2,1,2,2,1,264.51,1,13,3,3,2,2,9,1,3,1,3
2,7,3,35,0.05,2,1,2,2,1,317.64,0,11,1,3,2,2,6,3,1,3,1
2,7,3,36,0.2,3,3,2,2,1,218.03,1,2,3,1,1,3,17,3,3,1,1
2,7,3,37,0.2,1,1,1,1,1,210.43,1,20,1,3,1,3,18,1,1,1,1
2,7,3,38,0.4,2,1,2,1,0,206.09,1,17,1,1,2,2,12,1,3,1,3
2,7,3,39,1.8,1,1,1,1,1,148.63,1,11,1,1,1,1,14,1,3,1,3
2,7,3,40,0.1,1,3,1,2,0,321.06,0,1,3,3,3,3,11,3,1,1,3
2,7,3,41,0.2,1,3,1,1,1,258.87,1,15,1,1,1,1,15,3,3,1,1
2,7,3,42,0.2,2,3,2,1,0,343.59,0,17,3,3,2,2,8,3,3,1,1
2,7,3,43,0.1,1,1,1,1,1,180.37,1,17,1,1,1,1,20,3,1,3,1
2,7,3,44,1.8,3,3,2,2,1,175.22,1,13,3,3,1,1,10,3,3,1,1
2,7,3,45,0.05,3,3,2,2,1,287.15,1,13,3,3,1,1,20,3,3,1,1
2,7,3,46,0.05,1,2,1,1,1,259.09,1,13,3,1,3,1,5,3,3,2,2
2,7,3,47,0.8,1,1,1,1,1,102.63,1,1,1,3,1,3,2,1,1,1,1
2,7,3,48,0.4,2,1,2,2,1,259.87,1,14,1,3,2,2,18,1,1,1,1
2,7,3,49,0.1,1,3,1,1,1,284.71,1,10,3,1,3,1,6,1,1,3,3
2,7,3,50,0.4,1,2,1,1,1,229.89,1,17,1,3,1,3,17,1,3,2,2
2,7,3,51,1.8,1,2,1,1,1,169.37,1,20,3,3,3,3,14,1,1,2,2
2,7,3,52,0.05,1,1,1,1,1,267.17,1,9,1,3,1,3,13,3,1,3,1
2,7,3,53,0.05,1,2,1,2,0,363.75,0,4,3,3,3,3,2,1,1,2,2
2,7,3,54,1.8,1,1,NaN,NaN,NaN,NaN,NaN,3,3,3,3,3,16,1,1,1,1
2,7,3,55,0.1,2,3,2,2,1,212.05,1,18,3,3,2,2,1,1,1,3,3
2,7,3,56,0.1,1,2,1,1,1,252.73,1,3,3,1,3,1,3,3,1,2,2
2,7,3,57,0.8,1,3,1,1,1,238.31,1,19,1,3,1,3,16,3,1,1,3
2,7,3,58,0.2,2,2,2,2,1,307.19,0,7,3,3,2,2,13,1,3,2,2
2,7,3,59,0.8,3,3,2,2,1,231.45,1,6,3,3,1,1,16,3,3,1,1
2,7,3,60,0.2,2,3,2,2,1,328.89,0,13,1,3,2,2,12,1,3,3,1
2,7,3,61,0.2,3,1,2,2,1,227.92,1,5,3,3,1,1,13,1,3,1,3
2,7,3,62,0.1,3,1,2,2,1,214.85,1,13,3,3,1,1,19,3,1,3,1
2,7,3,63,1.8,2,1,2,1,0,182.9,1,1,3,3,2,2,10,1,3,1,3
2,7,3,64,0.2,3,2,2,2,1,121.67,1,17,1,3,3,1,11,1,3,2,2
2,7,3,65,1.8,3,1,2,2,1,178.94,1,14,1,3,3,1,3,1,3,1,3
2,7,3,66,0.05,2,1,2,1,0,276.03,1,18,1,1,2,2,5,3,1,3,1
2,7,3,67,0.05,1,3,1,1,1,286.14,1,18,3,3,3,3,1,1,1,3,3
2,7,3,68,0.1,1,2,1,2,0,306.55,0,15,1,1,1,1,19,3,3,2,2
2,7,3,69,1.8,1,3,1,1,1,204.27,1,4,3,3,3,3,12,3,3,1,1
2,7,3,70,0.4,3,3,2,2,1,282.48,1,3,1,1,3,3,5,3,1,1,3
2,7,3,71,0.4,1,1,1,1,1,206.68,1,11,3,1,3,1,1,3,1,3,1
2,7,3,72,0.05,2,3,2,2,1,266.51,1,8,1,1,2,2,1,1,3,3,1
2,7,3,73,0.2,3,1,2,2,1,246.95,1,18,1,3,3,1,17,1,1,1,1
2,7,3,74,0.2,3,1,2,2,1,182.6,1,9,3,1,1,3,10,3,3,3,3
2,7,3,75,1.8,1,3,1,1,1,207.96,1,4,3,3,3,3,14,1,1,3,3
2,7,3,76,0.4,1,3,1,1,1,186.41,1,5,3,3,3,3,14,3,3,1,1
2,7,3,77,0.4,3,3,2,2,1,202.17,1,6,3,1,1,3,2,3,3,1,1
2,7,3,78,0.8,2,2,2,1,0,214.7,1,5,1,3,2,2,14,3,1,2,2
2,7,4,1,0.1,3,3,2,2,1,237.62,1,14,3,1,1,3,15,3,3,1,1
2,7,4,2,0.4,1,2,1,1,1,241.45,1,13,3,3,3,3,9,1,1,2,2
2,7,4,3,0.1,3,2,2,2,1,181.56,1,8,1,1,3,3,2,3,3,2,2
2,7,4,4,0.2,3,1,2,2,1,189.6,1,18,3,3,1,1,19,3,3,3,3
2,7,4,5,0.4,1,1,1,1,1,224.02,1,9,1,1,1,1,7,3,3,3,3
2,7,4,6,0.1,2,2,2,2,1,211.77,1,16,1,1,2,2,8,1,3,2,2
2,7,4,7,0.2,1,3,1,1,1,249.86,1,5,3,1,3,1,9,1,3,3,1
2,7,4,8,0.4,3,2,2,2,1,221.46,1,8,1,3,3,1,17,3,1,2,2
2,7,4,9,0.4,1,1,1,1,1,267.62,1,15,3,3,3,3,13,1,3,1,3
2,7,4,10,0.8,2,1,2,2,1,220.01,1,14,3,1,2,2,6,3,1,3,1
2,7,4,11,0.2,3,1,2,2,1,235.27,1,12,3,3,1,1,8,3,3,3,3
2,7,4,12,0.2,2,1,2,1,0,211.19,1,2,1,3,2,2,10,3,3,3,3
2,7,4,13,1.8,1,2,1,1,1,195.49,1,3,3,3,3,3,9,3,3,2,2
2,7,4,14,0.05,1,2,1,1,1,285.32,1,3,3,3,3,3,2,1,1,2,2
2,7,4,15,1.8,1,1,1,1,1,205.17,1,13,3,3,3,3,4,1,1,1,1
2,7,4,16,0.1,3,2,2,2,1,283.97,1,4,1,3,3,1,9,1,3,2,2
2,7,4,17,0.05,1,1,1,2,0,262.54,1,19,3,3,3,3,10,3,3,3,3
2,7,4,18,0.1,2,3,2,2,1,254.36,1,11,1,1,2,2,8,3,3,1,1
2,7,4,19,0.8,2,2,2,1,0,267.2,1,4,1,1,2,2,11,1,1,2,2
2,7,4,20,0.1,1,2,1,2,0,360.03,0,20,3,3,3,3,8,3,3,2,2
2,7,4,21,1.8,1,1,NaN,NaN,NaN,NaN,NaN,7,3,3,3,3,16,3,3,3,3
2,7,4,22,0.2,1,3,1,1,1,262.69,1,8,3,3,3,3,13,1,1,3,3
2,7,4,23,0.4,2,3,2,2,1,260.23,1,8,3,3,2,2,16,3,3,1,1
2,7,4,24,0.05,1,2,1,1,1,276.34,1,2,3,1,3,1,7,1,1,2,2
2,7,4,25,0.05,2,3,2,2,1,279.88,1,3,1,3,2,2,10,3,3,1,1
2,7,4,26,0.8,3,1,2,2,1,240.89,1,5,1,1,3,3,6,3,3,3,3
2,7,4,27,0.8,3,1,2,2,1,210.97,1,10,3,1,1,3,8,3,1,3,1
2,7,4,28,0.8,1,3,1,1,1,238.21,1,15,3,1,3,1,3,3,1,1,3
2,7,4,29,0.05,1,1,1,1,1,287.27,1,2,3,3,3,3,13,3,1,3,1
2,7,4,30,0.2,1,2,1,1,1,220.72,1,3,3,1,3,1,13,3,1,2,2
2,7,4,31,0.1,1,1,1,1,1,278.36,1,6,1,3,1,3,1,1,1,1,1
2,7,4,32,0.2,1,3,1,1,1,251.66,1,11,1,1,1,1,20,1,3,3,1
2,7,4,33,1.8,1,1,1,1,1,216.93,1,10,1,3,1,3,17,1,1,1,1
2,7,4,34,0.8,3,3,2,2,1,202.32,1,16,1,3,3,1,6,1,3,3,1
2,7,4,35,0.8,3,3,2,2,1,232.99,1,8,1,3,3,1,19,3,1,1,3
2,7,4,36,0.8,2,2,2,1,0,213.76,1,20,3,1,2,2,12,3,3,2,2
2,7,4,37,0.2,3,3,2,2,1,214.33,1,10,3,3,1,1,10,1,3,3,1
2,7,4,38,0.05,1,3,1,2,0,317.03,0,15,1,1,1,1,11,3,3,1,1
2,7,4,39,0.4,3,1,2,2,1,228.56,1,13,3,3,1,1,16,1,1,1,1
2,7,4,40,0.05,2,1,2,2,1,318.01,0,15,1,1,2,2,2,3,1,3,1
2,7,4,41,0.1,2,1,2,2,1,330.23,0,5,3,1,2,2,11,3,1,3,1
2,7,4,42,0.4,1,1,1,1,1,194.28,1,9,1,1,1,1,9,3,3,3,3
2,7,4,43,0.8,1,2,NaN,NaN,NaN,NaN,NaN,17,3,3,3,3,1,1,3,2,2
2,7,4,44,1.8,2,2,2,2,1,191.84,1,3,3,3,2,2,14,3,1,2,2
2,7,4,45,0.1,3,1,2,2,1,269.79,1,9,3,1,1,3,7,1,1,1,1
2,7,4,46,0.05,2,1,2,2,1,307.19,0,6,3,1,2,2,18,1,3,1,3
2,7,4,47,1.8,3,3,2,2,1,223.43,1,2,1,1,3,3,13,1,3,3,1
2,7,4,48,1.8,1,3,1,1,1,190.18,1,12,1,3,1,3,11,3,3,1,1
2,7,4,49,1.8,2,2,2,1,0,205.58,1,1,3,3,2,2,4,3,1,2,2
2,7,4,50,0.2,1,3,1,1,1,256.91,1,6,1,3,1,3,13,1,3,3,1
2,7,4,51,1.8,1,3,1,1,1,203.21,1,16,3,1,3,1,4,3,3,1,1
2,7,4,52,0.1,2,1,2,2,1,257.71,1,10,1,3,2,2,19,3,1,3,1
2,7,4,53,0.8,3,2,2,2,1,212.32,1,18,1,1,3,3,17,1,3,2,2
2,7,4,54,0.8,1,2,1,1,1,240.77,1,17,1,3,1,3,19,1,3,2,2
2,7,4,55,1.8,3,2,2,2,1,234.69,1,13,3,3,1,1,9,1,1,2,2
2,7,4,56,1.8,2,3,2,2,1,188.47,1,8,3,1,2,2,14,3,1,1,3
2,7,4,57,0.4,1,2,1,1,1,219.45,1,18,3,1,3,1,3,3,3,2,2
2,7,4,58,0.1,1,3,1,1,1,268.12,1,11,3,1,3,1,2,3,3,1,1
2,7,4,59,0.4,3,1,2,2,1,260.66,1,18,3,3,1,1,20,1,1,1,1
2,7,4,60,0.8,1,1,1,1,1,212.93,1,12,3,3,3,3,10,1,3,1,3
2,7,4,61,0.2,1,2,1,1,1,274.27,1,17,3,3,3,3,17,1,1,2,2
2,7,4,62,0.05,2,2,2,2,1,219.71,1,5,1,1,2,2,8,3,1,2,2
2,7,4,63,0.4,1,3,1,1,1,272.27,1,17,1,3,1,3,4,1,3,3,1
2,7,4,64,1.8,3,2,NaN,NaN,NaN,NaN,NaN,6,3,3,1,1,6,1,1,2,2
2,7,4,65,1.8,3,3,2,2,1,273.75,1,18,1,1,3,3,16,1,3,3,1
2,7,4,66,0.05,1,3,1,2,0,298.91,1,12,3,3,3,3,3,1,1,3,3
2,7,4,67,0.2,1,3,1,2,0,114.39,1,4,1,3,1,3,4,3,1,1,3
2,7,4,68,0.1,2,2,2,2,1,252.56,1,11,1,3,2,2,15,3,1,2,2
2,7,4,69,0.1,1,1,1,2,0,270.65,1,6,3,1,3,1,19,1,3,1,3
2,7,4,70,0.4,1,3,1,1,1,269.58,1,18,3,1,3,1,8,1,3,3,1
2,7,4,71,0.4,3,2,2,2,1,373.19,0,20,1,1,3,3,2,3,1,2,2
2,7,4,72,0.8,1,1,1,1,1,201.3,1,2,3,1,3,1,13,3,3,3,3
2,7,4,73,0.2,2,2,2,2,1,285.1,1,17,3,1,2,2,17,1,3,2,2
2,7,4,74,0.05,3,3,2,2,1,270.32,1,8,1,1,3,3,15,1,1,3,3
2,7,4,75,0.2,2,1,2,2,1,197.04,1,4,3,1,2,2,17,1,3,1,3
2,7,4,76,0.4,1,2,1,1,1,196.48,1,12,1,3,1,3,13,3,1,2,2
2,7,4,77,0.05,2,2,2,1,0,261.13,1,10,3,1,2,2,2,3,3,2,2
2,7,4,78,0.05,2,3,2,2,1,273.44,1,20,3,1,2,2,19,1,1,3,3
2,7,5,1,0.8,2,1,2,2,1,241.67,1,17,1,3,2,2,6,1,3,1,3
2,7,5,2,0.2,1,3,1,2,0,256.7,1,4,1,1,1,1,2,3,1,1,3
2,7,5,3,0.05,2,1,2,2,1,257.12,1,11,3,3,2,2,13,1,1,1,1
2,7,5,4,0.8,2,3,2,2,1,197.86,1,17,3,1,2,2,7,3,3,1,1
2,7,5,5,0.4,1,3,1,1,1,218.14,1,11,1,1,1,1,14,3,1,1,3
2,7,5,6,1.8,2,3,NaN,NaN,NaN,NaN,NaN,14,3,1,2,2,12,3,1,1,3
2,7,5,7,0.4,1,3,1,1,1,250.63,1,4,3,1,3,1,15,3,3,1,1
2,7,5,8,0.2,3,1,2,2,1,254.7,1,17,3,3,1,1,16,3,1,3,1
2,7,5,9,1.8,3,3,2,2,1,201.45,1,6,3,3,1,1,4,3,1,1,3
2,7,5,10,0.1,1,1,1,2,0,242.19,1,7,1,1,1,1,8,3,1,3,1
2,7,5,11,0.2,1,3,1,2,0,257.13,1,4,1,1,1,1,12,3,1,1,3
2,7,5,12,1.8,2,3,2,1,0,207.62,1,10,1,1,2,2,19,1,1,3,3
2,7,5,13,0.2,3,3,2,2,1,277.61,1,3,3,1,1,3,15,1,3,3,1
2,7,5,14,0.05,1,1,1,1,1,267.62,1,11,3,1,3,1,2,3,3,3,3
2,7,5,15,0.05,1,3,1,2,0,341.22,0,20,1,1,1,1,17,1,1,3,3
2,7,5,16,0.2,1,1,1,1,1,144.15,1,2,1,3,1,3,18,3,1,3,1
2,7,5,17,0.1,2,1,2,1,0,248.39,1,9,1,3,2,2,11,3,3,3,3
2,7,5,18,0.8,1,1,1,1,1,202.91,1,7,3,1,3,1,10,3,1,3,1
2,7,5,19,0.8,1,3,1,2,0,220.64,1,3,1,1,1,1,19,1,3,3,1
2,7,5,20,0.05,1,1,1,1,1,278.64,1,6,1,1,1,1,8,3,1,3,1
2,7,5,21,0.4,1,1,1,1,1,209.57,1,13,3,1,3,1,4,1,1,1,1
2,7,5,22,0.8,2,2,2,2,1,190.59,1,14,1,1,2,2,7,3,1,2,2
2,7,5,23,1.8,2,3,2,2,1,208.92,1,20,3,1,2,2,3,1,1,3,3
2,7,5,24,0.8,1,2,NaN,NaN,NaN,NaN,NaN,1,1,3,1,3,9,3,1,2,2
2,7,5,25,0.1,3,3,2,2,1,240.58,1,18,1,1,3,3,15,3,3,1,1
2,7,5,26,1.8,3,2,2,2,1,217.05,1,4,1,1,3,3,8,1,1,2,2
2,7,5,27,0.2,3,2,2,2,1,201.14,1,4,3,3,1,1,1,3,1,2,2
2,7,5,28,0.05,1,3,1,1,1,292.3,1,7,3,1,3,1,18,1,1,3,3
2,7,5,29,0.05,2,1,2,2,1,278.16,1,2,1,1,2,2,4,3,1,3,1
2,7,5,30,0.8,1,3,1,1,1,224.08,1,3,3,1,3,1,14,3,1,1,3
2,7,5,31,0.2,1,3,1,2,0,268.44,1,14,3,3,3,3,8,1,1,3,3
2,7,5,32,0.4,2,2,2,1,0,380.95,0,18,3,1,2,2,6,1,3,2,2
2,7,5,33,0.2,3,3,2,2,1,219.95,1,12,3,1,1,3,3,3,3,1,1
2,7,5,34,0.1,3,2,2,2,1,255.1,1,2,1,1,3,3,8,3,3,2,2
2,7,5,35,0.1,2,2,2,2,1,216.02,1,8,3,1,2,2,1,1,3,2,2
2,7,5,36,0.1,3,2,2,2,1,208.45,1,2,1,1,3,3,17,3,1,2,2
2,7,5,37,0.4,3,2,NaN,NaN,NaN,NaN,NaN,14,3,1,1,3,17,3,3,2,2
2,7,5,38,0.2,1,1,1,1,1,249.87,1,18,1,1,1,1,17,1,3,1,3
2,7,5,39,0.4,2,1,2,2,1,212.98,1,14,3,1,2,2,2,1,1,1,1
2,7,5,40,0.4,1,1,1,2,0,319.06,0,16,1,3,1,3,3,3,1,3,1
2,7,5,41,0.2,1,1,1,1,1,268.02,1,13,3,1,3,1,11,3,1,3,1
2,7,5,42,0.05,1,1,1,1,1,265.08,1,5,3,3,3,3,2,3,1,3,1
2,7,5,43,0.1,1,1,1,1,1,249.33,1,7,3,3,3,3,15,1,3,1,3
2,7,5,44,0.8,1,2,1,2,0,227.29,1,18,3,1,3,1,11,3,1,2,2
2,7,5,45,0.4,2,1,2,1,0,324.24,0,8,1,1,2,2,6,1,3,1,3
2,7,5,46,0.2,1,3,1,1,1,246.89,1,13,3,3,3,3,15,3,1,1,3
2,7,5,47,0.2,1,2,1,1,1,205.66,1,5,3,3,3,3,14,3,1,2,2
2,7,5,48,0.8,1,3,1,1,1,232.94,1,3,1,1,1,1,15,1,3,3,1
2,7,5,49,1.8,2,3,NaN,NaN,NaN,NaN,NaN,6,3,3,2,2,17,1,3,3,1
2,7,5,50,0.8,1,1,1,1,1,248.36,1,12,1,3,1,3,13,3,3,3,3
2,7,5,51,0.1,2,3,2,2,1,314.55,0,9,1,1,2,2,15,3,3,1,1
2,7,5,52,0.1,1,1,1,1,1,231.28,1,11,3,1,3,1,7,1,3,1,3
2,7,5,53,0.8,1,1,1,1,1,213.53,1,2,3,1,3,1,2,1,3,1,3
2,7,5,54,1.8,1,3,1,1,1,198.99,1,1,3,3,3,3,3,1,1,3,3
2,7,5,55,0.4,1,3,1,1,1,258.59,1,10,1,3,1,3,4,1,1,3,3
2,7,5,56,0.05,1,2,1,1,1,274.1,1,18,3,1,3,1,4,3,1,2,2
2,7,5,57,1.8,2,3,2,2,1,191.88,1,4,3,3,2,2,17,1,1,3,3
2,7,5,58,0.2,1,2,1,1,1,227.82,1,3,3,1,3,1,6,1,1,2,2
2,7,5,59,0.05,2,1,2,1,0,309.84,0,15,3,3,2,2,2,3,3,3,3
2,7,5,60,1.8,1,2,1,2,0,189.15,1,2,3,1,3,1,20,3,3,2,2
2,7,5,61,0.4,1,1,1,1,1,320.56,0,4,1,1,1,1,16,3,1,3,1
2,7,5,62,0.1,1,3,1,1,1,295.5,1,4,3,1,3,1,11,1,3,3,1
2,7,5,63,0.05,2,1,2,1,0,269.99,1,4,1,1,2,2,3,3,3,3,3
2,7,5,64,0.4,2,1,2,2,1,269.69,1,5,3,3,2,2,8,1,3,1,3
2,7,5,65,1.8,3,1,2,2,1,169.58,1,9,3,3,1,1,17,3,3,3,3
2,7,5,66,0.4,1,3,1,2,0,229.79,1,10,1,1,1,1,12,3,1,1,3
2,7,5,67,0.8,3,2,2,2,1,198.64,1,14,1,3,3,1,6,1,1,2,2
2,7,5,68,1.8,3,1,2,2,1,213.22,1,5,1,1,3,3,9,3,1,3,1
2,7,5,69,0.05,3,2,2,2,1,287.13,1,9,1,3,3,1,17,3,3,2,2
2,7,5,70,0.1,1,1,1,2,0,299.83,1,6,3,1,3,1,16,3,1,3,1
2,7,5,71,0.05,1,2,1,1,1,311,0,5,1,1,1,1,18,3,3,2,2
2,7,5,72,0.05,3,1,2,2,1,284.2,1,1,1,1,3,3,20,1,1,1,1
2,7,5,73,0.1,1,1,1,1,1,312.06,0,15,1,1,1,1,14,1,1,1,1
2,7,5,74,1.8,1,1,1,1,1,147.13,1,20,1,1,1,1,4,3,3,3,3
2,7,5,75,0.8,1,3,1,1,1,256.32,1,12,3,1,3,1,13,3,1,1,3
2,7,5,76,0.4,2,2,2,1,0,228.46,1,18,3,3,2,2,6,1,1,2,2
2,7,5,77,1.8,1,2,1,1,1,202.06,1,1,3,3,3,3,10,3,1,2,2
2,7,5,78,0.1,3,3,2,2,1,317.78,0,9,3,1,1,3,13,1,1,3,3
2,7,6,1,1.8,1,3,1,1,1,192.96,1,11,3,1,3,1,17,1,1,3,3
2,7,6,2,0.05,1,2,1,1,1,286,1,18,1,1,1,1,4,1,3,2,2
2,7,6,3,0.1,1,1,1,2,0,212.12,1,14,1,1,1,1,12,3,1,3,1
2,7,6,4,0.2,2,2,2,2,1,251.11,1,4,3,1,2,2,9,1,1,2,2
2,7,6,5,0.2,3,1,2,2,1,269.39,1,11,3,1,1,3,16,1,1,1,1
2,7,6,6,0.4,1,1,1,1,1,212.27,1,9,1,3,1,3,14,3,1,3,1
2,7,6,7,0.1,1,1,1,1,1,198.04,1,13,3,3,3,3,12,1,1,1,1
2,7,6,8,1.8,1,2,1,1,1,189.42,1,8,1,1,1,1,6,1,3,2,2
2,7,6,9,0.8,1,2,1,1,1,228.15,1,10,1,1,1,1,14,1,1,2,2
2,7,6,10,0.4,3,2,2,2,1,202.82,1,5,1,3,3,1,19,3,3,2,2
2,7,6,11,0.4,3,3,2,2,1,192.56,1,4,3,3,1,1,19,3,1,1,3
2,7,6,12,0.1,2,3,2,1,0,296.79,1,7,3,3,2,2,18,3,3,1,1
2,7,6,13,0.2,3,1,2,2,1,257.82,1,9,1,3,3,1,17,3,3,3,3
2,7,6,14,0.05,1,3,1,1,1,250.82,1,20,1,1,1,1,20,3,1,1,3
2,7,6,15,1.8,1,1,1,1,1,218.32,1,16,3,1,3,1,5,1,3,1,3
2,7,6,16,0.05,1,3,1,1,1,274.02,1,18,3,1,3,1,15,3,1,1,3
2,7,6,17,0.8,2,1,2,2,1,253.18,1,1,3,3,2,2,14,1,3,1,3
2,7,6,18,0.8,3,1,2,2,1,232.47,1,8,1,3,3,1,5,3,1,3,1
2,7,6,19,0.1,1,3,1,1,1,262.82,1,20,3,3,3,3,19,1,3,3,1
2,7,6,20,1.8,1,1,NaN,NaN,NaN,NaN,NaN,12,3,1,3,1,9,1,1,1,1
2,7,6,21,0.05,1,1,1,1,1,275.2,1,19,3,1,3,1,17,1,3,1,3
2,7,6,22,0.4,3,2,2,2,1,236.06,1,3,3,3,1,1,9,1,1,2,2
2,7,6,23,0.4,1,1,1,1,1,210.47,1,1,3,1,3,1,17,1,1,1,1
2,7,6,24,0.05,1,1,1,1,1,280.27,1,4,1,3,1,3,18,1,3,1,3
2,7,6,25,0.1,3,2,2,2,1,219.3,1,9,1,1,3,3,9,3,1,2,2
2,7,6,26,0.2,1,3,1,1,1,221.94,1,16,3,1,3,1,3,1,1,3,3
2,7,6,27,1.8,3,2,2,2,1,152.85,1,12,3,1,1,3,19,1,1,2,2
2,7,6,28,1.8,3,1,2,2,1,192.75,1,11,3,3,1,1,7,3,3,3,3
2,7,6,29,0.2,3,1,2,2,1,228.13,1,20,1,3,3,1,8,1,1,1,1
2,7,6,30,1.8,1,1,1,1,1,197.63,1,3,3,3,3,3,2,3,1,3,1
2,7,6,31,0.2,2,2,2,2,1,248.69,1,11,1,3,2,2,12,1,3,2,2
2,7,6,32,0.05,1,3,1,1,1,286.83,1,6,1,3,1,3,12,1,3,3,1
2,7,6,33,0.2,3,2,2,2,1,188.96,1,20,1,1,3,3,15,3,1,2,2
2,7,6,34,0.8,3,1,2,2,1,211.22,1,2,1,1,3,3,5,3,1,3,1
2,7,6,35,0.4,1,3,1,1,1,283.7,1,13,1,3,1,3,14,3,1,1,3
2,7,6,36,0.4,2,1,2,1,0,239.8,1,15,3,1,2,2,15,1,1,1,1
2,7,6,37,0.1,1,2,1,2,0,248.45,1,13,3,3,3,3,16,1,1,2,2
2,7,6,38,0.8,1,1,1,1,1,156.51,1,9,3,1,3,1,16,3,1,3,1
2,7,6,39,0.1,1,1,1,1,1,224.74,1,1,3,1,3,1,10,1,3,1,3
2,7,6,40,1.8,1,2,NaN,NaN,NaN,NaN,NaN,7,1,1,1,1,5,1,3,2,2
2,7,6,41,0.2,2,3,2,2,1,295.72,1,11,1,1,2,2,1,1,1,3,3
2,7,6,42,0.1,3,1,2,2,1,238.57,1,17,1,3,3,1,17,1,3,1,3
2,7,6,43,1.8,1,1,1,1,1,247.63,1,10,3,3,3,3,16,3,3,3,3
2,7,6,44,0.4,1,1,NaN,NaN,NaN,NaN,NaN,13,1,1,1,1,4,3,3,3,3
2,7,6,45,0.8,1,1,1,1,1,230.09,1,11,3,1,3,1,3,3,1,3,1
2,7,6,46,0.2,3,1,2,2,1,310.39,0,11,1,1,3,3,18,3,3,3,3
2,7,6,47,0.8,1,3,1,1,1,193.14,1,15,1,3,1,3,4,3,3,1,1
2,7,6,48,0.1,3,2,2,2,1,222.58,1,17,3,1,1,3,13,1,3,2,2
2,7,6,49,1.8,1,3,1,1,1,204.01,1,18,1,3,1,3,6,1,1,3,3
2,7,6,50,0.4,2,1,2,1,0,243.43,1,15,3,1,2,2,16,1,1,1,1
2,7,6,51,0.8,2,1,2,1,0,233.08,1,15,3,1,2,2,17,1,1,1,1
2,7,6,52,0.05,2,1,2,2,1,267.59,1,14,1,3,2,2,9,1,3,1,3
2,7,6,53,0.05,1,2,1,1,1,264.94,1,16,1,1,1,1,2,3,1,2,2
2,7,6,54,1.8,3,2,2,2,1,169.69,1,10,3,3,1,1,2,3,1,2,2
2,7,6,55,0.1,2,1,2,2,1,250.57,1,11,3,3,2,2,19,1,1,1,1
2,7,6,56,0.8,1,3,1,1,1,214.42,1,2,3,1,3,1,14,1,3,3,1
2,7,6,57,0.4,1,3,1,1,1,264.9,1,20,3,3,3,3,20,3,1,1,3
2,7,6,58,0.05,3,3,2,2,1,252.28,1,16,1,1,3,3,2,1,1,3,3
2,7,6,59,0.1,1,1,1,1,1,333.38,0,19,3,1,3,1,8,3,1,3,1
2,7,6,60,0.05,2,3,2,2,1,271.72,1,11,1,1,2,2,12,3,1,1,3
2,7,6,61,0.2,1,1,1,1,1,213.32,1,19,1,3,1,3,6,1,3,1,3
2,7,6,62,0.1,2,3,2,2,1,244.83,1,3,1,3,2,2,12,1,3,3,1
2,7,6,63,0.8,1,2,1,1,1,200.83,1,18,3,1,3,1,10,3,1,2,2
2,7,6,64,0.8,3,2,2,2,1,203.86,1,6,3,1,1,3,7,1,3,2,2
2,7,6,65,0.05,1,2,1,1,1,326.21,0,3,3,1,3,1,12,3,1,2,2
2,7,6,66,0.4,2,1,2,1,0,240.61,1,7,1,3,2,2,18,3,1,3,1
2,7,6,67,1.8,3,2,2,2,1,183.14,1,15,3,1,1,3,19,1,3,2,2
2,7,6,68,0.1,1,1,1,1,1,252.22,1,20,3,3,3,3,14,1,3,1,3
2,7,6,69,0.4,2,2,2,2,1,195.23,1,16,1,1,2,2,15,3,1,2,2
2,7,6,70,0.05,1,3,1,2,0,348.12,0,19,3,1,3,1,7,3,1,1,3
2,7,6,71,1.8,1,1,1,1,1,190.78,1,8,1,3,1,3,11,3,3,3,3
2,7,6,72,0.8,3,3,2,2,1,165.04,1,14,3,3,1,1,10,3,3,1,1
2,7,6,73,0.8,1,3,1,1,1,211.17,1,19,1,1,1,1,11,1,1,3,3
2,7,6,74,0.2,1,3,1,2,0,278.56,1,20,3,3,3,3,2,1,3,3,1
2,7,6,75,0.4,2,1,2,1,0,209.58,1,4,1,1,2,2,20,3,3,3,3
2,7,6,76,0.05,1,1,1,2,0,265.28,1,9,3,3,3,3,3,1,1,1,1
2,7,6,77,0.2,2,3,2,2,1,235.99,1,18,1,1,2,2,17,3,3,1,1
2,7,6,78,0.2,1,2,1,1,1,214.48,1,6,1,3,1,3,20,1,1,2,2
2,7,7,1,0.8,3,1,2,2,1,218.31,1,13,3,3,1,1,9,3,1,3,1
2,7,7,2,0.05,3,2,2,2,1,247.71,1,18,1,1,3,3,4,3,1,2,2
2,7,7,3,0.05,2,2,2,2,1,316.8,0,1,3,1,2,2,11,3,3,2,2
2,7,7,4,0.4,1,1,1,1,1,210.8,1,10,3,3,3,3,15,1,3,1,3
2,7,7,5,0.2,3,3,2,2,1,250.66,1,15,3,1,1,3,1,3,1,1,3
2,7,7,6,0.2,1,1,1,1,1,211.35,1,15,3,1,3,1,20,3,3,3,3
2,7,7,7,0.1,1,1,1,1,1,295.97,1,11,1,3,1,3,2,3,1,3,1
2,7,7,8,0.05,3,2,2,1,0,289.53,1,4,1,1,3,3,16,1,3,2,2
2,7,7,9,0.2,1,1,1,1,1,220.78,1,19,1,1,1,1,16,1,1,1,1
2,7,7,10,0.1,1,3,1,2,0,201.54,1,14,1,1,1,1,3,1,1,3,3
2,7,7,11,0.8,3,3,2,2,1,150.15,1,6,1,1,3,3,3,1,3,3,1
2,7,7,12,0.05,3,1,2,2,1,320.53,0,1,3,3,1,1,2,3,3,3,3
2,7,7,13,0.4,2,2,2,2,1,162.71,1,13,1,1,2,2,10,1,1,2,2
2,7,7,14,0.2,2,2,2,1,0,169.41,1,19,3,3,2,2,1,3,3,2,2
2,7,7,15,0.4,2,2,2,1,0,232.89,1,9,1,3,2,2,4,1,1,2,2
2,7,7,16,0.8,2,3,2,2,1,191.73,1,3,1,3,2,2,7,3,1,1,3
2,7,7,17,0.4,1,1,1,1,1,145.59,1,11,1,3,1,3,12,3,3,3,3
2,7,7,18,0.4,1,3,1,1,1,286.52,1,14,3,3,3,3,17,1,1,3,3
2,7,7,19,0.8,3,3,2,2,1,190.05,1,7,1,1,3,3,11,3,1,1,3
2,7,7,20,1.8,1,3,1,1,1,208.58,1,5,3,3,3,3,11,1,1,3,3
2,7,7,21,0.05,2,3,2,2,1,316.57,0,19,1,3,2,2,13,1,3,3,1
2,7,7,22,1.8,2,2,2,1,0,192.03,1,1,1,3,2,2,2,3,3,2,2
2,7,7,23,0.8,1,3,1,1,1,208.62,1,18,3,1,3,1,14,1,3,3,1
2,7,7,24,0.8,1,1,1,1,1,220.52,1,4,3,3,3,3,17,3,1,3,1
2,7,7,25,0.8,1,1,NaN,NaN,NaN,NaN,NaN,19,1,1,1,1,4,1,1,1,1
2,7,7,26,0.05,1,2,1,1,1,265.6,1,5,3,1,3,1,16,1,1,2,2
2,7,7,27,0.2,3,2,2,2,1,342.49,0,1,3,3,1,1,1,3,1,2,2
2,7,7,28,0.1,1,1,1,1,1,246.58,1,4,1,1,1,1,20,3,1,3,1
2,7,7,29,1.8,1,1,1,1,1,214.22,1,17,1,1,1,1,1,1,1,1,1
2,7,7,30,0.1,2,1,2,1,0,260.75,1,14,3,3,2,2,11,1,3,1,3
2,7,7,31,0.4,2,1,2,1,0,261.03,1,15,3,1,2,2,16,1,1,1,1
2,7,7,32,0.1,1,3,1,2,0,189.8,1,11,3,3,3,3,20,1,3,3,1
2,7,7,33,1.8,1,1,1,1,1,203.99,1,4,1,1,1,1,3,1,3,1,3
2,7,7,34,0.05,1,3,1,2,0,217.96,1,12,1,3,1,3,8,3,3,1,1
2,7,7,35,1.8,1,3,1,1,1,206.8,1,15,1,3,1,3,19,1,3,3,1
2,7,7,36,0.05,1,2,1,1,1,246.1,1,2,3,3,3,3,13,3,3,2,2
2,7,7,37,0.8,3,2,2,2,1,178.77,1,1,3,1,1,3,9,3,1,2,2
2,7,7,38,0.05,3,3,2,2,1,216.56,1,16,3,3,1,1,8,3,3,1,1
2,7,7,39,1.8,1,1,1,1,1,202.8,1,18,1,1,1,1,8,3,3,3,3
2,7,7,40,0.2,1,1,1,1,1,256.85,1,1,1,1,1,1,6,1,1,1,1
2,7,7,41,0.4,1,2,1,1,1,219.58,1,19,3,3,3,3,1,1,3,2,2
2,7,7,42,0.1,1,1,1,1,1,254.13,1,17,1,1,1,1,19,1,1,1,1
2,7,7,43,1.8,3,2,2,2,1,190.66,1,13,1,1,3,3,3,3,1,2,2
2,7,7,44,0.2,3,3,2,2,1,236.24,1,10,1,3,3,1,11,1,3,3,1
2,7,7,45,0.05,1,1,1,1,1,267.84,1,18,1,3,1,3,15,3,1,3,1
2,7,7,46,0.2,1,1,1,2,0,262.36,1,12,3,3,3,3,20,1,3,1,3
2,7,7,47,1.8,1,2,NaN,NaN,NaN,NaN,NaN,11,1,1,1,1,20,1,1,2,2
2,7,7,48,0.8,1,3,1,2,0,237.37,1,14,1,3,1,3,6,3,1,1,3
2,7,7,49,0.2,3,3,2,2,1,264.89,1,5,3,1,1,3,1,3,1,1,3
2,7,7,50,0.2,1,2,1,1,1,208.36,1,2,3,3,3,3,20,1,1,2,2
2,7,7,51,0.1,3,1,2,2,1,258.61,1,10,1,3,3,1,6,1,1,1,1
2,7,7,52,0.05,1,1,1,1,1,312.41,0,17,1,3,1,3,3,3,1,3,1
2,7,7,53,0.8,1,2,1,1,1,208.19,1,15,3,3,3,3,17,1,3,2,2
2,7,7,54,0.8,1,2,1,1,1,196.44,1,3,3,3,3,3,18,3,1,2,2
2,7,7,55,0.2,2,1,2,1,0,273.2,1,8,1,1,2,2,15,1,3,1,3
2,7,7,56,0.8,2,2,2,2,1,184.63,1,18,3,3,2,2,9,3,3,2,2
2,7,7,57,0.05,1,1,1,1,1,258.43,1,11,3,3,3,3,14,1,3,1,3
2,7,7,58,1.8,3,2,2,2,1,206.29,1,17,1,3,3,1,14,3,3,2,2
2,7,7,59,0.1,1,1,1,1,1,258.45,1,4,3,3,3,3,18,1,3,1,3
2,7,7,60,0.8,3,3,2,2,1,233.83,1,1,3,3,1,1,18,1,3,3,1
2,7,7,61,0.1,1,3,1,2,0,314.01,0,12,1,3,1,3,12,1,3,3,1
2,7,7,62,0.4,1,3,1,2,0,265.08,1,12,3,1,3,1,12,3,3,1,1
2,7,7,63,1.8,3,1,2,2,1,213.07,1,12,1,1,3,3,2,1,1,1,1
2,7,7,64,1.8,3,1,NaN,NaN,NaN,NaN,NaN,4,1,3,3,1,18,3,3,3,3
2,7,7,65,1.8,3,2,NaN,NaN,NaN,NaN,NaN,12,3,1,1,3,2,3,3,2,2
2,7,7,66,0.05,1,2,1,1,1,294.08,1,19,1,1,1,1,16,1,3,2,2
2,7,7,67,0.4,3,2,2,2,1,253.27,1,16,1,3,3,1,14,1,1,2,2
2,7,7,68,0.1,2,1,2,1,0,259.87,1,12,1,1,2,2,7,1,1,1,1
2,7,7,69,0.4,3,3,2,2,1,225.24,1,9,3,3,1,1,4,1,3,3,1
2,7,7,70,0.1,3,2,2,2,1,261.24,1,14,3,3,1,1,16,1,3,2,2
2,7,7,71,0.4,2,2,2,1,0,237.59,1,9,3,3,2,2,7,3,3,2,2
2,7,7,72,0.1,1,3,1,1,1,305.81,0,6,3,1,3,1,1,3,1,1,3
2,7,7,73,0.4,2,2,2,2,1,188.12,1,13,3,3,2,2,5,1,3,2,2
2,7,7,74,0.2,1,1,1,1,1,175.47,1,13,1,1,1,1,8,3,1,3,1
2,7,7,75,0.2,3,1,2,2,1,251.99,1,6,1,3,3,1,6,1,1,1,1
2,7,7,76,1.8,1,1,1,1,1,200.65,1,3,3,3,3,3,2,3,3,3,3
2,7,7,77,0.4,2,3,2,2,1,203.88,1,18,1,1,2,2,16,1,3,3,1
2,7,7,78,0.1,3,3,2,2,1,257.81,1,15,1,3,3,1,17,1,3,3,1
2,7,8,1,0.8,1,3,1,1,1,174.23,1,8,3,1,3,1,1,1,1,3,3
2,7,8,2,0.2,3,2,2,2,1,236.4,1,9,1,3,3,1,2,3,1,2,2
2,7,8,3,1.8,3,3,2,2,1,302.55,0,17,3,3,1,1,12,1,3,3,1
2,7,8,4,1.8,1,1,1,1,1,178.35,1,5,1,1,1,1,12,3,1,3,1
2,7,8,5,0.2,1,3,1,2,0,225.96,1,4,1,3,1,3,5,3,3,1,1
2,7,8,6,1.8,2,2,2,1,0,175.33,1,3,3,3,2,2,17,1,3,2,2
2,7,8,7,0.1,3,1,2,2,1,248.95,1,13,1,3,3,1,15,3,3,3,3
2,7,8,8,0.4,2,2,2,1,0,248.61,1,17,1,1,2,2,2,3,3,2,2
2,7,8,9,0.2,3,1,2,2,1,431.38,0,6,1,1,3,3,9,1,3,1,3
2,7,8,10,0.2,1,3,1,2,0,159.9,1,8,1,1,1,1,12,3,1,1,3
2,7,8,11,0.1,1,1,1,2,0,214.52,1,11,1,1,1,1,1,1,3,1,3
2,7,8,12,0.05,2,3,2,1,0,282.93,1,3,3,3,2,2,3,1,1,3,3
2,7,8,13,0.8,2,2,NaN,NaN,NaN,NaN,NaN,19,3,1,2,2,8,3,1,2,2
2,7,8,14,0.8,2,3,NaN,NaN,NaN,NaN,NaN,1,3,1,2,2,9,1,3,3,1
2,7,8,15,0.4,1,3,1,1,1,224.18,1,18,1,1,1,1,15,3,3,1,1
2,7,8,16,0.4,1,2,1,1,1,259.45,1,9,3,1,3,1,7,3,1,2,2
2,7,8,17,0.1,1,1,1,1,1,255.97,1,16,3,3,3,3,4,1,3,1,3
2,7,8,18,0.8,1,1,1,1,1,231.87,1,19,3,3,3,3,12,3,3,3,3
2,7,8,19,0.8,2,1,2,1,0,260.1,1,6,3,1,2,2,9,1,3,1,3
2,7,8,20,0.05,2,3,2,2,1,304.34,0,19,1,1,2,2,4,3,1,1,3
2,7,8,21,0.1,3,2,2,2,1,249,1,12,3,1,1,3,2,3,3,2,2
2,7,8,22,0.8,1,2,1,1,1,190.22,1,7,1,3,1,3,9,1,1,2,2
2,7,8,23,0.8,3,2,2,2,1,210.34,1,5,1,1,3,3,5,3,1,2,2
2,7,8,24,0.1,3,3,2,2,1,264.12,1,9,3,1,1,3,2,3,1,1,3
2,7,8,25,1.8,3,3,2,2,1,182.5,1,4,1,1,3,3,2,3,1,1,3
2,7,8,26,0.1,1,2,1,1,1,243.21,1,3,1,3,1,3,18,3,1,2,2
2,7,8,27,1.8,1,3,1,1,1,191.68,1,17,3,1,3,1,17,3,3,1,1
2,7,8,28,0.4,3,2,2,2,1,219.59,1,6,1,1,3,3,6,1,3,2,2
2,7,8,29,0.1,1,1,1,1,1,275.08,1,9,3,1,3,1,19,1,1,1,1
2,7,8,30,1.8,2,1,2,2,1,178.36,1,19,3,1,2,2,9,3,1,3,1
2,7,8,31,0.05,3,1,2,2,1,274.07,1,8,1,1,3,3,10,3,3,3,3
2,7,8,32,0.2,2,2,2,1,0,212.59,1,18,3,1,2,2,1,1,1,2,2
2,7,8,33,1.8,1,2,NaN,NaN,NaN,NaN,NaN,5,3,1,3,1,19,3,3,2,2
2,7,8,34,0.2,2,1,2,2,1,312.41,0,14,1,1,2,2,16,3,3,3,3
2,7,8,35,0.4,1,2,1,1,1,214.85,1,6,3,1,3,1,17,3,1,2,2
2,7,8,36,0.2,3,3,2,2,1,140.62,1,9,1,3,3,1,16,1,3,3,1
2,7,8,37,0.1,1,1,1,1,1,252.15,1,7,1,3,1,3,3,3,3,3,3
2,7,8,38,0.8,1,2,1,1,1,206.93,1,1,3,3,3,3,20,3,3,2,2
2,7,8,39,0.4,2,3,2,2,1,433.31,0,15,1,1,2,2,14,1,1,3,3
2,7,8,40,0.4,1,1,1,1,1,231.18,1,2,1,1,1,1,9,3,1,3,1
2,7,8,41,0.05,1,2,1,2,0,303.87,0,18,3,1,3,1,1,1,3,2,2
2,7,8,42,0.4,1,2,1,1,1,208.99,1,20,1,3,1,3,8,1,1,2,2
2,7,8,43,0.1,3,1,2,2,1,244.82,1,11,3,3,1,1,14,1,3,1,3
2,7,8,44,0.05,2,1,2,1,0,254.84,1,15,1,1,2,2,2,1,3,1,3
2,7,8,45,1.8,1,3,1,1,1,192.13,1,13,3,1,3,1,7,1,3,3,1
2,7,8,46,0.2,1,1,1,1,1,225.16,1,1,3,3,3,3,13,1,1,1,1
2,7,8,47,0.4,2,2,2,1,0,199.31,1,1,3,1,2,2,11,3,3,2,2
2,7,8,48,0.8,1,2,1,1,1,191.38,1,18,1,1,1,1,20,3,1,2,2
2,7,8,49,0.05,2,3,2,1,0,242.25,1,9,1,1,2,2,18,1,3,3,1
2,7,8,50,0.2,1,1,1,1,1,190.33,1,18,1,3,1,3,7,1,3,1,3
2,7,8,51,1.8,1,3,NaN,NaN,NaN,NaN,NaN,4,1,1,1,1,12,3,1,1,3
2,7,8,52,1.8,1,2,1,1,1,193.42,1,13,1,3,1,3,1,1,1,2,2
2,7,8,53,0.2,1,1,1,1,1,205.1,1,18,1,3,1,3,4,3,1,3,1
2,7,8,54,0.1,1,2,1,1,1,214.67,1,8,3,3,3,3,8,1,1,2,2
2,7,8,55,0.4,1,1,1,1,1,187.05,1,1,1,3,1,3,4,1,1,1,1
2,7,8,56,0.05,3,1,2,2,1,283.39,1,2,1,1,3,3,4,3,3,3,3
2,7,8,57,0.8,1,1,1,1,1,199.03,1,5,3,3,3,3,5,1,3,1,3
2,7,8,58,0.05,1,3,1,1,1,280.07,1,10,3,1,3,1,4,1,3,3,1
2,7,8,59,0.1,1,3,1,2,0,256.03,1,14,1,1,1,1,19,3,3,1,1
2,7,8,60,0.1,1,2,1,1,1,238.47,1,6,3,3,3,3,6,1,3,2,2
2,7,8,61,0.05,1,3,1,1,1,233.53,1,5,3,1,3,1,13,3,3,1,1
2,7,8,62,0.4,1,1,1,1,1,252.97,1,10,3,1,3,1,7,1,3,1,3
2,7,8,63,0.05,1,1,1,1,1,253.3,1,11,3,3,3,3,5,3,1,3,1
2,7,8,64,0.2,1,3,1,1,1,203.24,1,5,1,3,1,3,10,3,1,1,3
2,7,8,65,0.8,1,3,1,1,1,231.57,1,12,3,1,3,1,5,1,3,3,1
2,7,8,66,0.2,1,2,1,1,1,222.81,1,3,3,1,3,1,6,3,1,2,2
2,7,8,67,0.4,2,2,2,2,1,235.03,1,4,3,1,2,2,12,3,1,2,2
2,7,8,68,0.4,1,2,1,1,1,173.96,1,9,1,3,1,3,9,3,1,2,2
2,7,8,69,1.8,2,3,2,2,1,170.4,1,8,3,3,2,2,7,3,3,1,1
2,7,8,70,0.1,2,1,2,1,0,281.78,1,19,1,3,2,2,18,1,3,1,3
2,7,8,71,0.8,1,3,1,1,1,197.17,1,9,1,1,1,1,3,3,1,1,3
2,7,8,72,0.05,1,2,1,1,1,268.32,1,2,1,3,1,3,1,1,3,2,2
2,7,8,73,0.05,1,1,1,1,1,275.85,1,2,1,3,1,3,14,1,1,1,1
2,7,8,74,1.8,1,1,1,1,1,180.51,1,6,3,3,3,3,4,1,3,1,3
2,7,8,75,0.05,1,3,1,1,1,250.3,1,17,1,3,1,3,3,1,1,3,3
2,7,8,76,0.8,3,3,2,2,1,215.29,1,4,1,1,3,3,11,1,1,3,3
2,7,8,77,1.8,1,3,NaN,NaN,NaN,NaN,NaN,9,1,1,1,1,5,1,1,3,3
2,7,8,78,0.2,3,1,2,2,1,253.11,1,15,3,3,1,1,10,1,3,1,3
2,7,9,1,0.8,3,3,2,2,1,216.4,1,5,1,3,3,1,6,3,3,1,1
2,7,9,2,0.05,1,3,1,1,1,245.15,1,6,1,1,1,1,11,3,1,1,3
2,7,9,3,0.05,2,2,2,1,0,239.9,1,9,1,3,2,2,7,3,3,2,2
2,7,9,4,0.1,1,2,1,1,1,229,1,9,3,3,3,3,8,1,3,2,2
2,7,9,5,0.2,1,2,1,1,1,193.21,1,1,1,1,1,1,17,3,3,2,2
2,7,9,6,0.2,1,3,1,1,1,224.46,1,12,1,1,1,1,20,3,1,1,3
2,7,9,7,0.8,2,1,2,1,0,202.74,1,14,1,1,2,2,16,3,3,3,3
2,7,9,8,0.8,1,3,1,1,1,199.39,1,8,1,3,1,3,15,3,3,1,1
2,7,9,9,1.8,3,2,2,2,1,198.09,1,20,1,3,3,1,11,3,3,2,2
2,7,9,10,1.8,3,2,2,2,1,153.49,1,13,3,1,1,3,19,1,1,2,2
2,7,9,11,1.8,2,3,2,1,0,176.57,1,11,3,1,2,2,9,3,3,1,1
2,7,9,12,1.8,3,1,2,2,1,180.75,1,11,1,1,3,3,15,1,1,1,1
2,7,9,13,0.2,3,1,2,2,1,261.75,1,19,1,3,3,1,20,3,1,3,1
2,7,9,14,0.4,3,3,2,2,1,219.56,1,1,1,3,3,1,12,3,3,1,1
2,7,9,15,0.4,2,1,2,1,0,241.56,1,19,1,3,2,2,8,3,1,3,1
2,7,9,16,0.8,2,2,2,2,1,228.07,1,16,3,1,2,2,13,1,1,2,2
2,7,9,17,0.05,1,2,1,1,1,269.82,1,4,3,3,3,3,14,1,3,2,2
2,7,9,18,0.4,1,2,1,2,0,251.64,1,16,1,1,1,1,16,3,1,2,2
2,7,9,19,0.05,1,1,1,1,1,251.42,1,7,3,3,3,3,14,1,3,1,3
2,7,9,20,1.8,1,1,1,1,1,194.96,1,5,3,1,3,1,6,3,3,3,3
2,7,9,21,0.8,3,3,2,2,1,189.13,1,10,3,3,1,1,1,1,1,3,3
2,7,9,22,0.05,3,3,2,2,1,276.14,1,14,3,1,1,3,11,1,3,3,1
2,7,9,23,0.8,3,1,2,2,1,182.69,1,17,1,3,3,1,17,3,3,3,3
2,7,9,24,0.4,2,1,2,1,0,215.22,1,9,1,1,2,2,13,1,1,1,1
2,7,9,25,0.1,3,1,2,2,1,209.92,1,13,1,1,3,3,17,1,1,1,1
2,7,9,26,0.2,2,2,2,1,0,182.2,1,15,1,1,2,2,5,1,3,2,2
2,7,9,27,0.2,1,1,1,1,1,181.44,1,7,3,3,3,3,10,1,1,1,1
2,7,9,28,0.05,3,2,2,2,1,254.76,1,1,3,1,1,3,10,1,3,2,2
2,7,9,29,0.4,3,3,2,2,1,224.9,1,15,1,1,3,3,13,3,3,1,1
2,7,9,30,0.4,1,1,1,1,1,187.27,1,8,1,1,1,1,12,1,3,1,3
2,7,9,31,0.05,1,1,1,1,1,301.08,0,19,3,3,3,3,12,1,1,1,1
2,7,9,32,0.05,3,2,2,2,1,368.46,0,20,1,3,3,1,9,3,3,2,2
2,7,9,33,1.8,1,1,NaN,NaN,NaN,NaN,NaN,2,3,1,3,1,17,3,1,3,1
2,7,9,34,0.2,1,1,1,1,1,240.09,1,10,3,3,3,3,8,3,3,3,3
2,7,9,35,0.2,1,1,1,1,1,202.19,1,19,1,3,1,3,13,3,1,3,1
2,7,9,36,1.8,1,2,1,1,1,234.74,1,12,3,1,3,1,18,1,3,2,2
2,7,9,37,0.1,3,1,2,2,1,259.25,1,8,1,1,3,3,15,1,3,1,3
2,7,9,38,0.8,3,3,2,2,1,198.68,1,4,3,3,1,1,5,1,3,3,1
2,7,9,39,0.8,3,2,2,2,1,172.4,1,5,1,3,3,1,9,1,3,2,2
2,7,9,40,0.1,2,1,2,2,1,268.65,1,7,1,3,2,2,19,1,3,1,3
2,7,9,41,0.2,3,1,2,2,1,185.95,1,20,1,1,3,3,12,1,1,1,1
2,7,9,42,0.4,2,1,2,1,0,307.03,0,13,3,3,2,2,8,1,3,1,3
2,7,9,43,0.05,1,1,1,1,1,225.41,1,5,1,3,1,3,2,1,1,1,1
2,7,9,44,0.4,2,1,2,2,1,241.56,1,5,1,3,2,2,11,1,3,1,3
2,7,9,45,0.1,1,2,1,1,1,245.11,1,15,3,3,3,3,17,1,1,2,2
2,7,9,46,0.05,1,3,1,1,1,326.44,0,18,3,3,3,3,18,1,3,3,1
2,7,9,47,0.2,3,1,2,2,1,255.34,1,20,3,1,1,3,4,1,1,1,1
2,7,9,48,0.1,1,3,1,1,1,251.44,1,6,1,1,1,1,20,1,1,3,3
2,7,9,49,0.2,2,3,2,2,1,227.07,1,14,3,3,2,2,3,1,1,3,3
2,7,9,50,0.8,1,3,NaN,NaN,NaN,NaN,NaN,13,3,1,3,1,20,3,3,1,1
2,7,9,51,0.1,3,2,2,2,1,264.71,1,15,3,3,1,1,12,3,1,2,2
2,7,9,52,1.8,3,2,2,1,0,188.86,1,17,1,1,3,3,2,1,1,2,2
2,7,9,53,0.05,1,1,1,2,0,282.67,1,10,3,1,3,1,20,1,1,1,1
2,7,9,54,1.8,3,3,2,2,1,180.84,1,10,3,3,1,1,15,3,3,1,1
2,7,9,55,0.1,1,2,1,1,1,215.09,1,4,1,1,1,1,4,3,1,2,2
2,7,9,56,0.8,2,2,2,1,0,217.83,1,7,1,3,2,2,11,1,1,2,2
2,7,9,57,0.2,2,3,2,2,1,254.16,1,12,1,3,2,2,18,3,1,1,3
2,7,9,58,0.8,3,3,2,2,1,194.3,1,5,3,1,1,3,20,1,3,3,1
2,7,9,59,0.4,1,1,1,1,1,205.51,1,4,3,1,3,1,2,1,3,1,3
2,7,9,60,0.8,3,1,2,2,1,165.19,1,3,3,1,1,3,17,1,3,1,3
2,7,9,61,0.1,1,3,1,1,1,283.11,1,18,1,3,1,3,18,3,1,1,3
2,7,9,62,0.1,2,3,2,2,1,316.22,0,10,3,3,2,2,6,1,1,3,3
2,7,9,63,0.1,3,2,2,2,1,225.68,1,2,1,1,3,3,6,1,3,2,2
2,7,9,64,1.8,1,2,1,1,1,197.63,1,18,1,1,1,1,8,1,3,2,2
2,7,9,65,0.2,3,1,2,2,1,230.97,1,7,3,3,1,1,17,1,3,1,3
2,7,9,66,0.1,1,2,1,1,1,200.2,1,5,1,3,1,3,1,1,1,2,2
2,7,9,67,0.4,3,2,2,2,1,236.86,1,4,3,3,1,1,6,1,1,2,2
2,7,9,68,0.4,2,2,2,2,1,291.48,1,13,1,1,2,2,8,1,1,2,2
2,7,9,69,0.4,1,1,1,1,1,209.8,1,2,3,1,3,1,4,3,3,3,3
2,7,9,70,0.1,1,3,1,1,1,272.99,1,3,1,3,1,3,8,1,1,3,3
2,7,9,71,0.8,1,2,NaN,NaN,NaN,NaN,NaN,17,3,3,3,3,7,1,1,2,2
2,7,9,72,0.2,2,3,2,2,1,203.93,1,11,3,3,2,2,7,1,1,3,3
2,7,9,73,0.05,3,1,2,2,1,326.65,0,13,3,1,1,3,13,1,1,1,1
2,7,9,74,1.8,2,1,2,2,1,195.49,1,16,3,1,2,2,10,1,3,1,3
2,7,9,75,0.05,1,3,1,2,0,278.81,1,9,3,1,3,1,14,3,1,1,3
2,7,9,76,1.8,1,2,1,1,1,182.36,1,19,3,3,3,3,20,3,3,2,2
2,7,9,77,1.8,1,2,1,1,1,177.86,1,5,1,3,1,3,17,3,3,2,2
2,7,9,78,0.4,1,2,1,1,1,169.9,1,18,1,3,1,3,19,3,3,2,2
2,7,10,1,0.2,3,2,2,2,1,218.08,1,11,3,1,1,3,15,3,3,2,2
2,7,10,2,0.05,1,2,1,1,1,260.99,1,20,1,1,1,1,3,1,1,2,2
2,7,10,3,0.1,2,3,2,2,1,185.62,1,5,3,3,2,2,9,3,1,1,3
2,7,10,4,0.05,1,2,1,1,1,237.37,1,9,3,1,3,1,3,1,1,2,2
2,7,10,5,0.1,1,1,1,2,0,246.44,1,20,1,1,1,1,11,3,1,3,1
2,7,10,6,0.2,2,3,NaN,NaN,NaN,NaN,NaN,9,1,3,2,2,11,1,1,3,3
2,7,10,7,0.4,1,3,1,1,1,152.94,1,3,3,3,3,3,5,3,1,1,3
2,7,10,8,0.05,2,2,2,2,1,328.86,0,9,1,1,2,2,10,1,1,2,2
2,7,10,9,1.8,1,2,1,1,1,186.62,1,13,3,3,3,3,10,1,1,2,2
2,7,10,10,0.8,3,2,2,2,1,181.56,1,8,1,3,3,1,10,3,3,2,2
2,7,10,11,0.8,3,3,2,2,1,191.93,1,18,3,3,1,1,18,3,3,1,1
2,7,10,12,0.4,2,2,2,1,0,250.63,1,12,3,3,2,2,12,3,1,2,2
2,7,10,13,0.2,1,2,1,1,1,235.21,1,14,3,1,3,1,16,3,3,2,2
2,7,10,14,0.2,1,3,1,1,1,279.45,1,18,3,1,3,1,9,3,1,1,3
2,7,10,15,1.8,2,3,NaN,NaN,NaN,NaN,NaN,20,3,3,2,2,11,1,1,3,3
2,7,10,16,1.8,1,2,1,2,0,200.17,1,1,1,1,1,1,13,3,1,2,2
2,7,10,17,0.05,1,2,1,1,1,289.37,1,7,1,3,1,3,20,3,3,2,2
2,7,10,18,0.05,1,3,1,2,0,281.42,1,8,1,3,1,3,12,3,3,1,1
2,7,10,19,0.8,2,1,2,2,1,212.19,1,20,3,1,2,2,5,3,1,3,1
2,7,10,20,0.1,1,2,1,1,1,207.28,1,3,3,3,3,3,19,3,1,2,2
2,7,10,21,0.2,1,2,1,1,1,217.07,1,18,1,1,1,1,10,1,3,2,2
2,7,10,22,0.1,1,2,1,1,1,272.69,1,8,1,3,1,3,18,3,1,2,2
2,7,10,23,0.1,1,1,1,1,1,176.76,1,18,1,3,1,3,1,1,1,1,1
2,7,10,24,0.2,2,3,2,2,1,281.91,1,2,1,1,2,2,9,1,1,3,3
2,7,10,25,0.2,1,1,1,1,1,257.63,1,13,3,3,3,3,8,1,1,1,1
2,7,10,26,0.8,1,2,1,1,1,209.91,1,7,3,1,3,1,14,3,1,2,2
2,7,10,27,0.4,2,3,2,1,0,273.24,1,1,3,1,2,2,1,1,3,3,1
2,7,10,28,0.1,2,2,2,1,0,263.13,1,4,3,1,2,2,4,1,3,2,2
2,7,10,29,0.05,1,1,1,1,1,257.61,1,6,1,3,1,3,12,1,1,1,1
2,7,10,30,0.1,1,1,1,1,1,300.96,0,16,1,3,1,3,1,1,3,1,3
2,7,10,31,0.1,1,2,1,1,1,171.22,1,1,1,1,1,1,5,1,3,2,2
2,7,10,32,0.8,2,2,2,2,1,169.22,1,16,3,1,2,2,15,1,3,2,2
2,7,10,33,0.4,2,2,2,1,0,236.06,1,2,3,1,2,2,10,1,1,2,2
2,7,10,34,0.4,1,3,1,1,1,224.68,1,18,3,1,3,1,9,3,3,1,1
2,7,10,35,0.2,1,2,1,1,1,196.74,1,6,3,1,3,1,13,3,3,2,2
2,7,10,36,0.4,1,3,1,2,0,196.64,1,2,3,3,3,3,12,3,3,1,1
2,7,10,37,0.4,3,2,2,2,1,240.55,1,4,1,3,3,1,16,3,3,2,2
2,7,10,38,1.8,3,1,2,2,1,236.23,1,2,3,3,1,1,10,1,1,1,1
2,7,10,39,1.8,3,2,2,2,1,203.89,1,19,1,3,3,1,12,3,3,2,2
2,7,10,40,0.8,2,2,2,1,0,214.08,1,5,3,1,2,2,1,3,1,2,2
2,7,10,41,1.8,1,2,1,1,1,202.79,1,17,3,3,3,3,18,1,1,2,2
2,7,10,42,0.8,1,3,1,2,0,194.49,1,20,3,3,3,3,5,3,1,1,3
2,7,10,43,0.05,3,1,2,2,1,307.76,0,7,1,1,3,3,9,3,3,3,3
2,7,10,44,0.1,1,2,1,1,1,272.88,1,18,1,1,1,1,10,3,3,2,2
2,7,10,45,0.8,1,3,1,1,1,228.26,1,20,3,1,3,1,8,1,3,3,1
2,7,10,46,0.05,2,2,2,1,0,261.63,1,13,3,3,2,2,14,3,1,2,2
2,7,10,47,0.2,1,1,1,1,1,216.03,1,20,3,3,3,3,7,3,3,3,3
2,7,10,48,1.8,1,1,1,1,1,176.34,1,15,1,3,1,3,5,3,3,3,3
2,7,10,49,0.05,2,3,2,2,1,260.08,1,18,3,1,2,2,20,1,1,3,3
2,7,10,50,0.2,2,3,2,2,1,407.24,0,5,3,3,2,2,10,3,3,1,1
2,7,10,51,0.4,1,1,1,1,1,282.01,1,7,1,3,1,3,5,3,1,3,1
2,7,10,52,0.2,3,1,2,2,1,158.85,1,17,3,3,1,1,9,1,3,1,3
2,7,10,53,0.05,3,2,2,2,1,286.62,1,10,3,1,1,3,4,1,3,2,2
2,7,10,54,0.1,3,2,2,2,1,149.85,1,6,3,3,1,1,10,1,3,2,2
2,7,10,55,1.8,2,2,2,1,0,184.32,1,13,3,1,2,2,1,1,3,2,2
2,7,10,56,1.8,3,3,2,2,1,186.15,1,19,1,1,3,3,18,1,1,3,3
2,7,10,57,0.1,2,3,2,2,1,260.66,1,15,1,3,2,2,15,3,1,1,3
2,7,10,58,0.05,1,1,1,1,1,252.4,1,1,1,3,1,3,10,3,3,3,3
2,7,10,59,1.8,1,2,1,1,1,174.27,1,6,1,3,1,3,12,3,3,2,2
2,7,10,60,0.1,2,1,2,2,1,288.49,1,18,3,3,2,2,16,1,3,1,3
2,7,10,61,0.8,1,3,1,1,1,229.54,1,4,3,3,3,3,15,1,1,3,3
2,7,10,62,1.8,1,2,1,1,1,163.64,1,8,1,3,1,3,18,3,1,2,2
2,7,10,63,0.2,1,3,1,1,1,282.28,1,20,1,3,1,3,16,3,1,1,3
2,7,10,64,0.8,3,3,2,2,1,203.14,1,2,1,3,3,1,4,1,1,3,3
2,7,10,65,0.4,2,3,2,2,1,262.81,1,6,1,3,2,2,3,1,1,3,3
2,7,10,66,0.8,2,3,2,2,1,224.47,1,8,3,3,2,2,20,1,3,3,1
2,7,10,67,0.2,2,2,2,2,1,232.34,1,17,3,3,2,2,7,1,3,2,2
2,7,10,68,0.4,1,3,1,1,1,296.06,1,9,3,1,3,1,10,1,1,3,3
2,7,10,69,0.05,1,1,1,1,1,306.96,0,12,3,3,3,3,12,1,1,1,1
2,7,10,70,0.4,1,3,1,1,1,238.08,1,13,1,3,1,3,18,3,1,1,3
2,7,10,71,0.8,1,2,1,1,1,190.59,1,11,3,3,3,3,9,3,1,2,2
2,7,10,72,0.4,1,2,1,1,1,204.71,1,1,1,3,1,3,17,1,1,2,2
2,7,10,73,0.05,2,1,2,1,0,275.39,1,2,3,3,2,2,9,1,1,1,1
2,7,10,74,0.1,1,2,1,2,0,181.96,1,12,1,3,1,3,2,3,1,2,2
2,7,10,75,0.4,2,1,2,2,1,209.08,1,3,1,3,2,2,9,3,1,3,1
2,7,10,76,0.8,1,3,1,1,1,199.26,1,19,3,1,3,1,12,1,1,3,3
2,7,10,77,1.8,1,1,NaN,NaN,NaN,NaN,NaN,16,3,1,3,1,10,1,1,1,1
2,7,10,78,1.8,2,2,2,2,1,189.54,1,20,3,1,2,2,7,3,3,2,2
