4,1,1,1,0.1,3,3,2,2,1,379.09,0,10,3,1,1,3,13,3,3,1,1
4,1,1,2,1.8,3,3,2,2,1,229.83,1,11,3,3,1,1,7,3,3,1,1
4,1,1,3,0.05,3,3,2,2,1,318.56,0,2,1,3,3,1,9,3,1,1,3
4,1,1,4,1.8,1,1,1,2,0,219.47,1,1,1,3,1,3,14,1,1,1,1
4,1,1,5,0.4,1,1,1,2,0,295.6,1,16,3,3,3,3,16,3,1,3,1
4,1,1,6,0.1,1,1,1,1,1,231.14,1,2,1,3,1,3,12,1,3,1,3
4,1,1,7,0.1,1,1,1,1,1,259.17,1,13,1,3,1,3,17,1,3,1,3
4,1,1,8,0.2,3,3,2,1,0,254.19,1,11,3,3,1,1,5,1,3,3,1
4,1,1,9,0.2,3,3,2,1,0,215.11,1,19,1,1,3,3,10,3,3,1,1
4,1,1,10,0.05,3,3,2,1,0,313.24,0,11,1,3,3,1,19,1,3,3,1
4,1,1,11,0.2,3,3,2,1,0,233.65,1,9,3,3,1,1,11,1,3,3,1
4,1,1,12,1.8,3,3,2,2,1,218.1,1,1,3,1,1,3,1,1,3,3,1
4,1,1,13,0.05,3,3,2,2,1,282.05,1,17,1,3,3,1,5,1,3,3,1
4,1,1,14,0.4,3,3,2,2,1,269.05,1,1,1,1,3,3,9,3,3,1,1
4,1,1,15,0.4,3,3,2,2,1,370.25,0,12,3,3,1,1,17,3,1,1,3
4,1,1,16,0.8,3,3,2,2,1,247.72,1,9,3,3,1,1,2,1,1,3,3
4,1,1,17,0.05,3,3,2,2,1,344.47,0,6,1,1,3,3,11,3,1,1,3
4,1,1,18,0.1,1,1,1,1,1,318.84,0,1,3,3,3,3,8,1,1,1,1
4,1,1,19,0.4,3,3,2,1,0,201.09,1,10,1,1,3,3,11,1,1,3,3
4,1,1,20,0.05,1,1,1,1,1,261.5,1,5,1,3,1,3,13,3,3,3,3
4,1,1,21,0.05,3,3,2,1,0,268.86,1,8,1,1,3,3,19,3,1,1,3
4,1,1,22,0.4,3,3,2,2,1,267.84,1,15,1,1,3,3,7,3,1,1,3
4,1,1,23,0.8,3,3,2,2,1,250.65,1,8,1,1,3,3,11,3,1,1,3
4,1,1,24,0.2,3,3,2,2,1,248.97,1,14,1,1,3,3,10,1,3,3,1
4,1,1,25,0.05,1,1,1,2,0,311.1,0,7,1,3,1,3,2,1,1,1,1
4,1,1,26,0.1,1,1,1,2,0,273.75,1,1,3,1,3,1,3,3,3,3,3
4,1,1,27,0.05,1,1,1,2,0,258.99,1,13,3,1,3,1,10,3,3,3,3
4,1,1,28,0.2,1,1,1,2,0,222.46,1,5,1,3,1,3,12,3,3,3,3
4,1,1,29,0.4,1,1,1,2,0,277.41,1,3,3,3,3,3,8,1,3,1,3
4,1,1,30,0.4,1,1,1,2,0,251.37,1,15,1,3,1,3,8,3,1,3,1
4,1,1,31,0.1,1,1,1,2,0,255.84,1,12,3,1,3,1,10,1,3,1,3
4,1,1,32,0.2,1,1,1,2,0,288.02,1,14,1,1,1,1,18,1,3,1,3
4,1,1,33,0.4,3,3,2,2,1,235.67,1,8,1,3,3,1,5,1,3,3,1
4,1,1,34,0.8,3,3,2,1,0,258.93,1,3,1,3,3,1,1,3,3,1,1
4,1,1,35,0.1,3,3,2,1,0,322.11,0,4,3,3,1,1,12,1,3,3,1
4,1,1,36,0.2,1,1,1,1,1,232.92,1,3,3,1,3,1,7,3,1,3,1
4,1,1,37,0.1,1,1,1,2,0,234.19,1,19,1,1,1,1,13,1,3,1,3
4,1,1,38,0.1,3,3,2,1,0,267.11,1,11,1,3,3,1,19,3,3,1,1
4,1,1,39,1.8,1,1,1,1,1,336.08,0,15,1,1,1,1,19,1,1,1,1
4,1,1,40,0.1,1,1,1,2,0,233.64,1,12,3,1,3,1,14,3,1,3,1
4,1,1,41,1.8,1,1,1,1,1,252.22,1,2,1,1,1,1,10,3,3,3,3
4,1,1,42,0.2,1,1,1,1,1,252.19,1,5,3,3,3,3,5,1,1,1,1
4,1,1,43,0.8,3,3,2,2,1,241.64,1,9,3,3,1,1,3,3,3,1,1
4,1,1,44,1.8,1,1,1,1,1,216.92,1,7,1,3,1,3,20,3,3,3,3
4,1,1,45,0.1,3,3,2,2,1,262.22,1,20,1,1,3,3,5,1,1,3,3
4,1,1,46,0.8,3,3,2,1,0,282.64,1,20,3,1,1,3,20,3,1,1,3
4,1,1,47,0.05,1,1,1,2,0,332.29,0,11,3,1,3,1,14,3,1,3,1
4,1,1,48,0.8,1,1,1,1,1,237.21,1,3,3,1,3,1,19,3,1,3,1
4,1,1,49,0.8,1,1,1,2,0,236.15,1,19,3,1,3,1,17,3,1,3,1
4,1,1,50,0.4,3,3,2,1,0,229.1,1,10,1,3,3,1,13,1,1,3,3
4,1,1,51,0.05,1,1,1,2,0,299.4,1,5,3,1,3,1,3,1,1,1,1
4,1,1,52,0.8,1,1,1,1,1,270.07,1,6,3,1,3,1,15,1,1,1,1
4,1,1,53,0.8,1,1,1,2,0,247.29,1,18,1,3,1,3,3,1,1,1,1
4,1,1,54,0.4,1,1,1,1,1,261.31,1,2,1,1,1,1,18,1,1,1,1
4,1,1,55,0.2,3,3,2,2,1,252.33,1,15,1,3,3,1,6,1,3,3,1
4,1,1,56,0.1,3,3,2,1,0,304.56,0,3,3,1,1,3,10,1,3,3,1
4,1,1,57,0.2,3,3,2,2,1,226.01,1,16,1,1,3,3,2,3,3,1,1
4,1,1,58,1.8,1,1,1,1,1,277.81,1,20,3,1,3,1,13,3,1,3,1
4,1,1,59,0.05,1,1,1,2,0,407.31,0,1,1,3,1,3,6,1,1,1,1
4,1,1,60,0.05,1,1,1,1,1,331.19,0,1,3,1,3,1,19,3,1,3,1
4,1,1,61,0.8,3,3,2,2,1,295.7,1,8,3,1,1,3,7,3,1,1,3
4,1,1,62,0.8,1,1,1,1,1,234.25,1,13,1,1,1,1,17,1,1,1,1
4,1,1,63,1.8,3,3,2,2,1,260.04,1,8,3,1,1,3,1,1,1,3,3
4,1,1,64,0.8,3,3,2,1,0,237.75,1,4,1,3,3,1,11,3,1,1,3
4,1,1,65,1.8,3,3,2,2,1,262.39,1,11,1,1,3,3,2,3,3,1,1
4,1,1,66,0.4,3,3,2,1,0,284.8,1,6,3,1,1,3,13,3,1,1,3
4,1,1,67,0.2,1,1,1,2,0,478.66,0,7,3,3,3,3,12,3,3,3,3
4,1,1,68,0.4,1,1,1,1,1,249.18,1,11,1,3,1,3,1,1,3,1,3
4,1,1,69,0.2,1,1,1,2,0,242.18,1,6,1,3,1,3,3,3,1,3,1
4,1,1,70,0.05,1,1,1,1,1,288.47,1,16,3,3,3,3,19,3,3,3,3
4,1,1,71,0.2,1,1,1,2,0,168.33,1,6,1,1,1,1,1,3,3,3,3
4,1,1,72,0.4,1,1,1,1,1,261.2,1,19,3,1,3,1,9,1,3,1,3
4,1,1,73,0.1,1,1,1,2,0,268.87,1,17,3,1,3,1,2,3,1,3,1
4,1,1,74,1.8,1,1,1,1,1,230.76,1,5,1,1,1,1,10,3,1,3,1
4,1,1,75,1.8,1,1,1,2,0,251.37,1,8,3,3,3,3,18,3,3,3,3
4,1,1,76,1.8,1,1,1,1,1,220.45,1,15,1,3,1,3,13,1,3,1,3
4,1,1,77,1.8,1,1,1,2,0,246.6,1,11,3,1,3,1,9,3,1,3,1
4,1,1,78,0.8,1,1,1,1,1,305.26,0,3,1,3,1,3,3,1,1,1,1
4,1,2,1,1.8,3,3,2,1,0,271.37,1,8,3,3,1,1,5,1,1,3,3
4,1,2,2,0.05,1,1,1,2,0,419.36,0,5,3,1,3,1,7,3,3,3,3
4,1,2,3,0.4,3,3,2,1,0,221.31,1,8,1,1,3,3,7,1,3,3,1
4,1,2,4,0.1,3,3,2,2,1,242.87,1,2,1,1,3,3,8,3,1,1,3
4,1,2,5,1.8,3,3,2,1,0,222.93,1,2,1,1,3,3,14,1,3,3,1
4,1,2,6,0.05,1,1,1,2,0,277.8,1,11,1,1,1,1,16,3,3,3,3
4,1,2,7,0.8,1,1,1,1,1,240.13,1,14,1,3,1,3,13,1,1,1,1
4,1,2,8,1.8,1,1,1,2,0,232.13,1,14,3,3,3,3,2,3,3,3,3
4,1,2,9,0.05,1,1,1,1,1,286.42,1,8,1,3,1,3,1,1,3,1,3
4,1,2,10,0.2,3,3,2,2,1,261.35,1,14,3,1,1,3,14,3,3,1,1
4,1,2,11,0.05,1,1,1,1,1,274.73,1,14,3,1,3,1,13,1,1,1,1
4,1,2,12,0.1,1,1,1,2,0,252.61,1,15,1,1,1,1,7,1,3,1,3
4,1,2,13,0.05,1,1,1,1,1,244.26,1,2,3,3,3,3,3,1,1,1,1
4,1,2,14,1.8,1,1,1,2,0,373.35,0,20,1,1,1,1,7,1,3,1,3
4,1,2,15,0.8,3,3,2,1,0,257.65,1,18,3,3,1,1,14,3,3,1,1
4,1,2,16,1.8,1,1,1,2,0,411.51,0,18,3,3,3,3,6,1,3,1,3
4,1,2,17,0.8,1,1,1,1,1,246.15,1,11,3,3,3,3,8,3,1,3,1
4,1,2,18,0.4,3,3,2,2,1,223.96,1,3,1,1,3,3,19,1,3,3,1
4,1,2,19,0.8,3,3,2,1,0,282.38,1,12,3,1,1,3,6,3,3,1,1
4,1,2,20,0.2,1,1,1,2,0,239.81,1,20,3,3,3,3,5,1,1,1,1
4,1,2,21,0.4,1,1,1,1,1,261.2,1,1,1,1,1,1,8,1,1,1,1
4,1,2,22,0.2,1,1,1,2,0,220.95,1,3,1,1,1,1,2,3,1,3,1
4,1,2,23,0.4,1,1,1,1,1,229.92,1,8,3,1,3,1,14,3,3,3,3
4,1,2,24,0.8,1,1,NaN,NaN,NaN,NaN,NaN,19,3,3,3,3,20,1,1,1,1
4,1,2,25,0.8,3,3,2,1,0,247.56,1,9,1,1,3,3,8,1,3,3,1
4,1,2,26,0.1,1,1,1,2,0,258.95,1,10,3,3,3,3,14,3,1,3,1
4,1,2,27,0.05,3,3,2,1,0,241.04,1,7,3,1,1,3,20,3,1,1,3
4,1,2,28,0.2,1,1,1,2,0,221.31,1,19,1,3,1,3,20,3,1,3,1
4,1,2,29,1.8,3,3,2,1,0,332.72,0,16,3,3,1,1,5,3,3,1,1
4,1,2,30,0.05,3,3,2,2,1,287.93,1,1,1,3,3,1,20,3,1,1,3
4,1,2,31,0.1,1,1,1,1,1,269.49,1,5,1,3,1,3,17,3,1,3,1
4,1,2,32,0.4,1,1,1,2,0,206.62,1,1,3,1,3,1,10,3,1,3,1
4,1,2,33,0.1,3,3,2,1,0,278.56,1,15,1,3,3,1,3,3,1,1,3
4,1,2,34,0.1,1,1,1,2,0,389.71,0,1,3,3,3,3,16,1,3,1,3
4,1,2,35,0.2,1,1,1,1,1,322.91,0,19,1,1,1,1,15,1,1,1,1
4,1,2,36,1.8,3,3,2,2,1,236.71,1,4,3,1,1,3,7,1,3,3,1
4,1,2,37,0.4,3,3,2,1,0,247.21,1,9,1,1,3,3,10,3,1,1,3
4,1,2,38,0.2,3,3,2,2,1,217.46,1,17,1,1,3,3,11,3,3,1,1
4,1,2,39,0.8,1,1,1,1,1,255.27,1,13,3,1,3,1,15,1,1,1,1
4,1,2,40,0.1,1,1,1,2,0,187.14,1,4,1,3,1,3,4,1,1,1,1
4,1,2,41,0.05,1,1,1,1,1,245.46,1,18,1,3,1,3,9,3,3,3,3
4,1,2,42,0.1,3,3,2,2,1,207.09,1,9,3,3,1,1,15,3,3,1,1
4,1,2,43,1.8,3,3,2,1,0,245.56,1,7,3,1,1,3,6,1,1,3,3
4,1,2,44,0.4,1,1,1,2,0,185.28,1,1,3,1,3,1,14,1,1,1,1
4,1,2,45,0.2,1,1,1,1,1,245.22,1,13,3,1,3,1,7,3,3,3,3
4,1,2,46,0.2,1,1,1,2,0,190.58,1,10,1,3,1,3,6,1,3,1,3
4,1,2,47,0.8,1,1,NaN,NaN,NaN,NaN,NaN,2,1,1,1,1,20,1,1,1,1
4,1,2,48,1.8,1,1,1,1,1,235.18,1,16,1,3,1,3,19,1,1,1,1
4,1,2,49,0.4,3,3,2,2,1,253.55,1,18,3,3,1,1,12,3,3,1,1
4,1,2,50,1.8,1,1,1,1,1,242.35,1,10,1,3,1,3,3,3,1,3,1
4,1,2,51,0.4,1,1,1,2,0,245.01,1,18,1,3,1,3,9,3,1,3,1
4,1,2,52,0.2,3,3,2,1,0,265.21,1,7,3,1,1,3,6,3,1,1,3
4,1,2,53,0.8,3,3,2,2,1,234.16,1,3,3,3,1,1,1,3,3,1,1
4,1,2,54,0.1,1,1,1,1,1,284.12,1,2,3,3,3,3,8,1,1,1,1
4,1,2,55,0.8,3,3,2,2,1,246.49,1,15,3,3,1,1,20,3,3,1,1
4,1,2,56,0.1,1,1,1,1,1,245.14,1,4,1,1,1,1,10,3,3,3,3
4,1,2,57,0.05,3,3,2,2,1,266.37,1,6,1,1,3,3,7,3,1,1,3
4,1,2,58,0.8,1,1,1,1,1,194.75,1,20,3,3,3,3,9,1,1,1,1
4,1,2,59,0.2,1,1,1,2,0,255.96,1,15,1,3,1,3,4,3,1,3,1
4,1,2,60,0.1,3,3,2,1,0,286.51,1,20,1,1,3,3,6,3,1,1,3
4,1,2,61,0.2,3,3,2,2,1,220.03,1,8,1,3,3,1,12,3,3,1,1
4,1,2,62,0.05,1,1,1,1,1,275.03,1,12,1,1,1,1,19,3,1,3,1
4,1,2,63,0.4,3,3,2,2,1,226.53,1,20,1,1,3,3,11,3,1,1,3
4,1,2,64,1.8,1,1,1,1,1,252.9,1,19,3,1,3,1,18,1,1,1,1
4,1,2,65,0.05,1,1,1,2,0,411.98,0,18,3,1,3,1,10,3,1,3,1
4,1,2,66,0.8,3,3,2,1,0,245.07,1,19,1,1,3,3,1,1,1,3,3
4,1,2,67,0.1,3,3,2,2,1,237.41,1,7,3,1,1,3,14,3,3,1,1
4,1,2,68,0.05,3,3,2,1,0,261.2,1,2,3,1,1,3,9,1,1,3,3
4,1,2,69,0.1,1,1,1,2,0,235.55,1,8,3,1,3,1,7,3,1,3,1
4,1,2,70,0.2,1,1,1,1,1,227.81,1,19,1,3,1,3,3,1,1,1,1
4,1,2,71,0.4,1,1,1,2,0,197.01,1,4,1,1,1,1,17,1,1,1,1
4,1,2,72,0.8,3,3,2,1,0,269.24,1,10,3,1,1,3,6,3,3,1,1
4,1,2,73,1.8,1,1,1,2,0,233.12,1,11,3,3,3,3,7,3,3,3,3
4,1,2,74,0.4,3,3,2,1,0,279.36,1,13,1,1,3,3,19,3,1,1,3
4,1,2,75,0.2,1,1,1,2,0,262.34,1,14,3,1,3,1,4,3,1,3,1
4,1,2,76,0.4,1,1,1,1,1,232.71,1,1,1,1,1,1,1,3,1,3,1
4,1,2,77,1.8,3,3,2,2,1,190.9,1,12,1,1,3,3,5,3,3,1,1
4,1,2,78,0.05,1,1,1,1,1,313.98,0,8,3,3,3,3,3,1,3,1,3
4,1,3,1,1.8,3,3,2,1,0,250.29,1,4,1,3,3,1,20,1,1,3,3
4,1,3,2,0.8,1,1,1,2,0,285.8,1,15,1,3,1,3,15,1,3,1,3
4,1,3,3,0.8,1,1,1,2,0,269.96,1,3,3,3,3,3,14,3,3,3,3
4,1,3,4,0.1,3,3,2,1,0,313.95,0,1,3,1,1,3,20,1,1,3,3
4,1,3,5,0.8,3,3,2,1,0,240.79,1,6,1,1,3,3,1,1,1,3,3
4,1,3,6,0.1,1,1,1,1,1,270.43,1,1,3,3,3,3,1,1,3,1,3
4,1,3,7,1.8,1,1,1,1,1,197.86,1,17,3,3,3,3,3,1,1,1,1
4,1,3,8,1.8,3,3,2,2,1,296.51,1,13,3,3,1,1,19,1,3,3,1
4,1,3,9,0.05,3,3,2,2,1,271.44,1,20,1,1,3,3,16,3,3,1,1
4,1,3,10,0.05,1,1,1,2,0,221.17,1,15,1,3,1,3,3,1,1,1,1
4,1,3,11,0.8,3,3,2,1,0,387.28,0,6,1,1,3,3,13,1,3,3,1
4,1,3,12,0.1,1,1,1,1,1,307.94,0,12,1,3,1,3,16,3,1,3,1
4,1,3,13,0.1,1,1,1,1,1,306.74,0,1,3,3,3,3,19,1,1,1,1
4,1,3,14,0.05,1,1,1,2,0,286.76,1,15,3,1,3,1,13,3,1,3,1
4,1,3,15,0.4,1,1,1,2,0,218.05,1,5,1,1,1,1,7,3,3,3,3
4,1,3,16,0.1,1,1,1,1,1,238.99,1,18,1,1,1,1,1,3,3,3,3
4,1,3,17,1.8,1,1,1,1,1,264.94,1,18,3,1,3,1,14,1,1,1,1
4,1,3,18,0.05,3,3,2,2,1,215.79,1,18,3,1,1,3,4,1,3,3,1
4,1,3,19,0.4,3,3,2,2,1,200.92,1,20,3,3,1,1,4,3,1,1,3
4,1,3,20,0.2,1,1,1,1,1,213.82,1,3,1,3,1,3,19,3,1,3,1
4,1,3,21,0.2,3,3,2,2,1,183.52,1,10,3,3,1,1,9,3,3,1,1
4,1,3,22,0.1,1,1,1,1,1,201.18,1,11,3,3,3,3,18,3,1,3,1
4,1,3,23,0.2,3,3,2,2,1,93.513,2,2,3,1,1,3,13,3,1,1,3
4,1,3,24,0.05,3,3,2,1,0,254.12,1,16,1,3,3,1,20,3,1,1,3
4,1,3,25,0.2,3,3,2,2,1,239.5,1,9,1,1,3,3,12,1,3,3,1
4,1,3,26,0.4,3,3,2,1,0,227.73,1,11,1,1,3,3,14,1,1,3,3
4,1,3,27,1.8,3,3,NaN,NaN,NaN,NaN,NaN,20,3,1,1,3,20,3,1,1,3
4,1,3,28,0.4,1,1,1,2,0,250.82,1,12,3,3,3,3,2,3,1,3,1
4,1,3,29,0.8,3,3,2,1,0,219.83,1,1,1,1,3,3,5,3,3,1,1
4,1,3,30,0.4,1,1,1,2,0,239.5,1,12,3,3,3,3,17,1,1,1,1
4,1,3,31,0.1,1,1,1,1,1,243.74,1,6,1,1,1,1,2,3,3,3,3
4,1,3,32,0.1,3,3,2,2,1,383.82,0,8,3,3,1,1,13,3,1,1,3
4,1,3,33,0.05,1,1,1,1,1,251.29,1,11,3,3,3,3,14,1,1,1,1
4,1,3,34,0.4,3,3,2,2,1,246.29,1,11,3,3,1,1,14,3,1,1,3
4,1,3,35,1.8,1,1,1,1,1,219.23,1,6,1,3,1,3,3,3,1,3,1
4,1,3,36,0.8,1,1,1,1,1,263.2,1,7,1,1,1,1,9,1,1,1,1
4,1,3,37,0.8,3,3,2,1,0,550.13,0,16,3,3,1,1,8,3,1,1,3
4,1,3,38,0.2,3,3,2,1,0,250.61,1,10,3,1,1,3,13,3,3,1,1
4,1,3,39,0.4,1,1,1,1,1,235.93,1,10,3,3,3,3,7,1,1,1,1
4,1,3,40,0.2,1,1,1,1,1,249.69,1,18,1,3,1,3,19,3,3,3,3
4,1,3,41,0.05,1,1,1,1,1,296.35,1,12,3,1,3,1,17,3,1,3,1
4,1,3,42,0.2,3,3,2,1,0,283.64,1,19,3,3,1,1,11,3,3,1,1
4,1,3,43,0.05,3,3,2,2,1,290.24,1,15,3,3,1,1,6,3,3,1,1
4,1,3,44,0.8,3,3,2,1,0,256.4,1,9,1,1,3,3,13,1,1,3,3
4,1,3,45,1.8,3,3,2,2,1,212.75,1,3,3,3,1,1,20,1,3,3,1
4,1,3,46,0.1,1,1,1,1,1,304.08,0,11,3,1,3,1,10,1,3,1,3
4,1,3,47,0.2,3,3,2,1,0,197.55,1,19,1,3,3,1,11,1,3,3,1
4,1,3,48,0.05,3,3,2,1,0,302.12,0,10,1,3,3,1,17,1,1,3,3
4,1,3,49,0.4,1,1,1,1,1,377.21,0,12,3,1,3,1,11,1,3,1,3
4,1,3,50,1.8,1,1,1,1,1,222.34,1,15,3,3,3,3,19,1,1,1,1
4,1,3,51,0.8,3,3,2,1,0,208.4,1,20,3,3,1,1,20,1,3,3,1
4,1,3,52,0.4,3,3,2,1,0,183.82,1,9,1,3,3,1,11,1,1,3,3
4,1,3,53,0.05,3,3,2,1,0,289.42,1,15,1,3,3,1,2,1,3,3,1
4,1,3,54,0.8,3,3,2,1,0,328.98,0,16,3,1,1,3,2,1,3,3,1
4,1,3,55,0.1,1,1,1,1,1,233.16,1,16,1,1,1,1,17,3,1,3,1
4,1,3,56,0.05,1,1,1,2,0,276.8,1,4,1,1,1,1,8,1,1,1,1
4,1,3,57,0.2,1,1,1,1,1,246.29,1,10,1,1,1,1,20,1,1,1,1
4,1,3,58,0.4,3,3,2,2,1,225.79,1,8,1,3,3,1,17,1,1,3,3
4,1,3,59,1.8,1,1,1,1,1,220.8,1,20,1,1,1,1,8,1,3,1,3
4,1,3,60,0.8,3,3,NaN,NaN,NaN,NaN,NaN,10,1,1,3,3,2,3,3,1,1
4,1,3,61,0.2,3,3,2,1,0,223.77,1,4,3,3,1,1,5,1,3,3,1
4,1,3,62,1.8,3,3,2,2,1,249.28,1,4,1,3,3,1,16,1,3,3,1
4,1,3,63,0.1,3,3,2,1,0,257.07,1,18,1,3,3,1,4,3,1,1,3
4,1,3,64,1.8,1,1,NaN,NaN,NaN,NaN,NaN,18,1,1,1,1,3,1,1,1,1
4,1,3,65,1.8,3,3,2,2,1,273.16,1,5,3,1,1,3,12,1,3,3,1
4,1,3,66,0.05,1,1,1,1,1,228.37,1,13,3,1,3,1,19,1,3,1,3
4,1,3,67,0.4,3,3,2,1,0,234.97,1,19,1,1,3,3,9,3,3,1,1
4,1,3,68,1.8,3,3,NaN,NaN,NaN,NaN,NaN,11,3,1,1,3,17,3,1,1,3
4,1,3,69,0.05,1,1,1,2,0,242.73,1,20,3,1,3,1,4,3,3,3,3
4,1,3,70,0.4,1,1,1,2,0,274.26,1,18,1,1,1,1,19,3,1,3,1
4,1,3,71,0.2,1,1,1,1,1,249.53,1,11,3,3,3,3,15,3,3,3,3
4,1,3,72,0.8,3,3,2,1,0,275.73,1,19,1,3,3,1,13,1,3,3,1
4,1,3,73,0.1,1,1,1,1,1,274.75,1,9,1,1,1,1,16,1,1,1,1
4,1,3,74,0.2,1,1,1,1,1,260.77,1,18,1,3,1,3,1,3,3,3,3
4,1,3,75,0.4,1,1,1,1,1,239.49,1,7,1,1,1,1,17,1,3,1,3
4,1,3,76,0.8,1,1,1,2,0,248.65,1,17,3,3,3,3,11,1,3,1,3
4,1,3,77,0.1,3,3,2,1,0,206.74,1,7,1,1,3,3,17,3,3,1,1
4,1,3,78,0.2,1,1,1,1,1,193.66,1,4,1,3,1,3,7,3,1,3,1
4,1,4,1,0.8,3,3,2,1,0,310.86,0,12,1,3,3,1,18,3,1,1,3
4,1,4,2,1.8,1,1,1,1,1,224.22,1,16,1,1,1,1,11,1,1,1,1
4,1,4,3,0.8,1,1,1,2,0,273.6,1,7,3,3,3,3,19,3,3,3,3
4,1,4,4,0.8,1,1,1,1,1,245.96,1,10,1,1,1,1,19,3,3,3,3
4,1,4,5,0.8,1,1,1,2,0,255.93,1,4,3,1,3,1,11,1,3,1,3
4,1,4,6,0.2,1,1,1,1,1,233.14,1,6,1,3,1,3,14,1,1,1,1
4,1,4,7,0.05,1,1,1,1,1,254.9,1,19,1,3,1,3,17,1,3,1,3
4,1,4,8,1.8,3,3,2,2,1,386.28,0,2,3,1,1,3,15,1,3,3,1
4,1,4,9,0.4,3,3,2,1,0,187.49,1,9,3,3,1,1,19,3,3,1,1
4,1,4,10,1.8,3,3,2,2,1,251.68,1,1,3,3,1,1,14,1,1,3,3
4,1,4,11,0.2,3,3,2,1,0,235.84,1,6,3,1,1,3,8,3,1,1,3
4,1,4,12,0.1,1,1,1,2,0,237.17,1,20,1,3,1,3,4,1,3,1,3
4,1,4,13,0.1,3,3,2,1,0,291.75,1,4,1,3,3,1,3,1,3,3,1
4,1,4,14,0.2,3,3,2,2,1,332.09,0,9,3,1,1,3,17,3,1,1,3
4,1,4,15,1.8,1,1,1,1,1,225.85,1,13,1,3,1,3,10,1,3,1,3
4,1,4,16,0.1,3,3,2,2,1,270.3,1,20,1,1,3,3,6,3,1,1,3
4,1,4,17,0.1,1,1,1,2,0,264.43,1,14,1,3,1,3,4,1,3,1,3
4,1,4,18,1.8,1,1,1,1,1,340.81,0,13,1,3,1,3,2,1,1,1,1
4,1,4,19,0.1,1,1,1,1,1,214.81,1,8,1,3,1,3,10,3,1,3,1
4,1,4,20,0.05,3,3,2,1,0,217.42,1,8,1,3,3,1,7,1,3,3,1
4,1,4,21,0.8,3,3,2,1,0,196.46,1,14,3,3,1,1,18,1,1,3,3
4,1,4,22,0.8,1,1,1,1,1,223.42,1,9,3,3,3,3,6,3,1,3,1
4,1,4,23,1.8,1,1,NaN,NaN,NaN,NaN,NaN,15,1,1,1,1,8,3,1,3,1
4,1,4,24,0.2,3,3,2,1,0,235.83,1,16,1,1,3,3,1,3,3,1,1
4,1,4,25,1.8,1,1,1,2,0,210.24,1,17,3,1,3,1,1,1,1,1,1
4,1,4,26,1.8,1,1,1,1,1,256.83,1,6,3,3,3,3,18,3,3,3,3
4,1,4,27,0.1,3,3,2,2,1,224.67,1,8,3,3,1,1,17,1,3,3,1
4,1,4,28,0.05,1,1,1,1,1,262.32,1,2,1,1,1,1,2,1,1,1,1
4,1,4,29,0.2,3,3,2,2,1,257.28,1,3,3,1,1,3,1,3,3,1,1
4,1,4,30,0.4,3,3,2,1,0,211.92,1,1,1,1,3,3,20,1,1,3,3
4,1,4,31,0.8,3,3,2,2,1,249.77,1,13,3,3,1,1,18,1,1,3,3
4,1,4,32,0.4,1,1,1,1,1,252.85,1,17,1,3,1,3,3,1,3,1,3
4,1,4,33,0.05,1,1,1,2,0,265.62,1,5,3,3,3,3,4,3,1,3,1
4,1,4,34,0.4,1,1,1,1,1,210.79,1,7,1,3,1,3,20,3,3,3,3
4,1,4,35,0.05,3,3,2,2,1,672.08,0,17,3,1,1,3,14,3,1,1,3
4,1,4,36,0.4,3,3,2,1,0,188.11,1,18,3,3,1,1,20,3,3,1,1
4,1,4,37,0.4,1,1,1,2,0,255.69,1,15,3,3,3,3,11,1,1,1,1
4,1,4,38,0.4,1,1,NaN,NaN,NaN,NaN,NaN,13,3,3,3,3,17,3,1,3,1
4,1,4,39,0.2,1,1,1,1,1,217.62,1,2,1,1,1,1,17,3,3,3,3
4,1,4,40,0.4,1,1,1,2,0,190.39,1,11,3,1,3,1,8,3,3,3,3
4,1,4,41,1.8,3,3,2,1,0,217.33,1,3,3,3,1,1,20,3,1,1,3
4,1,4,42,1.8,3,3,2,2,1,229.01,1,2,3,3,1,1,3,3,3,1,1
4,1,4,43,0.2,3,3,2,1,0,251.83,1,8,3,1,1,3,13,1,3,3,1
4,1,4,44,0.05,3,3,2,2,1,239.97,1,12,1,3,3,1,11,3,3,1,1
4,1,4,45,0.1,1,1,1,1,1,279.5,1,11,1,3,1,3,3,1,1,1,1
4,1,4,46,0.05,3,3,2,2,1,289.33,1,16,3,1,1,3,5,3,1,1,3
4,1,4,47,0.05,3,3,2,1,0,296.2,1,11,3,3,1,1,14,3,1,1,3
4,1,4,48,0.2,1,1,1,1,1,212.08,1,7,3,3,3,3,11,3,1,3,1
4,1,4,49,1.8,3,3,2,1,0,235.42,1,16,1,1,3,3,5,3,1,1,3
4,1,4,50,0.8,3,3,2,2,1,173.02,1,8,1,1,3,3,2,1,1,3,3
4,1,4,51,0.4,3,3,2,2,1,229.95,1,5,1,3,3,1,10,1,3,3,1
4,1,4,52,0.05,3,3,2,2,1,238.07,1,17,1,1,3,3,18,1,3,3,1
4,1,4,53,0.05,3,3,2,1,0,275.93,1,8,1,3,3,1,19,3,1,1,3
4,1,4,54,0.8,1,1,1,1,1,221.7,1,5,1,1,1,1,5,3,1,3,1
4,1,4,55,0.4,1,1,1,1,1,214.92,1,2,1,3,1,3,13,1,1,1,1
4,1,4,56,0.2,1,1,1,2,0,211.43,1,6,3,3,3,3,20,1,1,1,1
4,1,4,57,0.2,3,3,2,2,1,198.7,1,1,1,3,3,1,1,3,1,1,3
4,1,4,58,0.1,3,3,2,2,1,265.11,1,14,3,3,1,1,4,1,3,3,1
4,1,4,59,0.1,1,1,1,1,1,244.02,1,3,3,1,3,1,11,3,1,3,1
4,1,4,60,0.8,1,1,1,1,1,210.61,1,3,1,3,1,3,6,3,1,3,1
4,1,4,61,0.05,1,1,1,1,1,303.45,0,2,1,1,1,1,2,1,3,1,3
4,1,4,62,0.1,3,3,2,2,1,245.14,1,18,1,3,3,1,6,1,1,3,3
4,1,4,63,1.8,3,3,NaN,NaN,NaN,NaN,NaN,15,1,3,3,1,10,3,3,1,1
4,1,4,64,0.4,1,1,1,2,0,318.51,0,9,1,1,1,1,12,3,1,3,1
4,1,4,65,0.1,1,1,1,2,0,240.63,1,9,3,1,3,1,11,3,1,3,1
4,1,4,66,0.4,1,1,1,1,1,215.31,1,10,3,3,3,3,18,3,1,3,1
4,1,4,67,0.2,3,3,2,2,1,214.24,1,13,3,1,1,3,9,3,3,1,1
4,1,4,68,0.2,3,3,2,2,1,13.246,2,20,1,3,3,1,15,3,3,1,1
4,1,4,69,0.1,1,1,1,2,0,260.33,1,15,1,3,1,3,4,1,1,1,1
4,1,4,70,0.8,1,1,1,1,1,177.69,1,12,1,3,1,3,4,3,1,3,1
4,1,4,71,0.1,3,3,2,1,0,284.38,1,7,1,3,3,1,8,3,1,1,3
4,1,4,72,1.8,3,3,2,1,0,233.21,1,13,3,3,1,1,7,3,1,1,3
4,1,4,73,0.8,3,3,2,2,1,219.22,1,6,3,3,1,1,5,3,3,1,1
4,1,4,74,0.8,1,1,1,2,0,212.39,1,20,3,1,3,1,4,1,1,1,1
4,1,4,75,0.05,1,1,1,1,1,286.43,1,4,1,1,1,1,5,1,1,1,1
4,1,4,76,0.05,3,3,2,1,0,266.3,1,17,1,3,3,1,6,3,3,1,1
4,1,4,77,0.4,3,3,NaN,NaN,NaN,NaN,NaN,13,3,3,1,1,12,1,3,3,1
4,1,4,78,0.2,3,3,2,1,0,248.58,1,2,3,1,1,3,2,1,3,3,1
4,1,5,1,0.05,3,3,2,1,0,344.9,0,2,1,1,3,3,20,1,3,3,1
4,1,5,2,0.8,3,3,2,2,1,458.17,0,11,3,3,1,1,2,1,3,3,1
4,1,5,3,1.8,1,1,1,2,0,328.33,0,16,3,3,3,3,4,3,1,3,1
4,1,5,4,0.2,1,1,1,1,1,338.44,0,16,1,1,1,1,17,3,3,3,3
4,1,5,5,0.8,3,3,2,1,0,226.04,1,14,1,1,3,3,12,1,1,3,3
4,1,5,6,0.8,3,3,2,2,1,243.47,1,6,1,3,3,1,16,3,1,1,3
4,1,5,7,0.05,3,3,2,2,1,260.41,1,10,3,1,1,3,20,3,3,1,1
4,1,5,8,0.05,3,3,2,2,1,213.87,1,11,1,3,3,1,8,1,3,3,1
4,1,5,9,0.05,1,1,1,2,0,208.36,1,3,1,1,1,1,14,1,1,1,1
4,1,5,10,0.1,3,3,2,2,1,212.77,1,10,1,3,3,1,17,3,3,1,1
4,1,5,11,0.8,1,1,1,2,0,205.93,1,12,3,3,3,3,18,3,1,3,1
4,1,5,12,0.2,3,3,2,2,1,218.94,1,18,3,3,1,1,2,3,3,1,1
4,1,5,13,0.05,3,3,2,2,1,474.09,0,6,1,3,3,1,16,3,1,1,3
4,1,5,14,0.8,1,1,1,2,0,389.1,0,13,1,1,1,1,11,3,3,3,3
4,1,5,15,0.1,1,1,1,2,0,276.86,1,18,3,3,3,3,4,3,1,3,1
4,1,5,16,0.4,3,3,2,2,1,171.41,1,5,1,3,3,1,15,1,1,3,3
4,1,5,17,0.2,3,3,2,2,1,166.55,1,7,3,3,1,1,15,1,1,3,3
4,1,5,18,0.1,3,3,2,1,0,248.44,1,15,1,1,3,3,1,3,3,1,1
4,1,5,19,0.05,1,1,1,1,1,241.47,1,1,3,1,3,1,4,3,3,3,3
4,1,5,20,0.4,1,1,1,1,1,186.05,1,1,3,1,3,1,1,3,1,3,1
4,1,5,21,1.8,3,3,NaN,NaN,NaN,NaN,NaN,8,3,3,1,1,18,1,3,3,1
4,1,5,22,0.2,1,1,1,1,1,237.93,1,7,3,3,3,3,19,3,3,3,3
4,1,5,23,0.2,1,1,1,1,1,242.07,1,17,3,1,3,1,2,3,3,3,3
4,1,5,24,0.4,1,1,1,1,1,244.4,1,9,3,3,3,3,17,1,1,1,1
4,1,5,25,0.2,1,1,1,1,1,197.31,1,7,3,1,3,1,12,1,3,1,3
4,1,5,26,0.2,1,1,1,2,0,252.12,1,2,1,3,1,3,3,1,3,1,3
4,1,5,27,0.1,1,1,1,1,1,211.45,1,11,1,1,1,1,1,1,3,1,3
4,1,5,28,0.2,3,3,2,2,1,247.79,1,18,1,3,3,1,2,3,1,1,3
4,1,5,29,0.1,3,3,2,1,0,242.7,1,4,1,3,3,1,2,1,1,3,3
4,1,5,30,0.05,3,3,2,1,0,212.21,1,19,1,1,3,3,13,3,1,1,3
4,1,5,31,0.8,1,1,1,1,1,181.05,1,14,1,1,1,1,10,3,1,3,1
4,1,5,32,0.8,3,3,2,2,1,237.56,1,4,1,3,3,1,10,3,3,1,1
4,1,5,33,0.05,3,3,2,2,1,280.5,1,18,3,1,1,3,17,3,1,1,3
4,1,5,34,0.05,1,1,1,2,0,255.88,1,17,3,1,3,1,10,1,3,1,3
4,1,5,35,1.8,1,1,NaN,NaN,NaN,NaN,NaN,15,1,1,1,1,5,1,3,1,3
4,1,5,36,0.4,1,1,1,1,1,240.25,1,4,1,3,1,3,19,3,3,3,3
4,1,5,37,0.4,3,3,2,2,1,310.23,0,14,3,3,1,1,1,1,3,3,1
4,1,5,38,0.2,1,1,NaN,NaN,NaN,NaN,NaN,7,3,1,3,1,17,1,1,1,1
4,1,5,39,0.8,3,3,2,2,1,225.84,1,15,3,1,1,3,1,1,3,3,1
4,1,5,40,0.05,1,1,1,1,1,282.07,1,12,3,3,3,3,19,1,3,1,3
4,1,5,41,0.2,3,3,2,1,0,217.62,1,11,1,1,3,3,10,1,1,3,3
4,1,5,42,1.8,3,3,2,1,0,254.53,1,12,1,3,3,1,9,1,1,3,3
4,1,5,43,0.4,1,1,1,2,0,239.26,1,18,1,3,1,3,16,3,1,3,1
4,1,5,44,0.4,3,3,2,1,0,242.16,1,7,3,3,1,1,14,1,3,3,1
4,1,5,45,0.4,3,3,2,1,0,262.88,1,12,3,1,1,3,17,1,1,3,3
4,1,5,46,1.8,1,1,1,1,1,357.73,0,5,3,3,3,3,19,3,3,3,3
4,1,5,47,0.05,1,1,1,1,1,265.28,1,19,3,3,3,3,10,1,3,1,3
4,1,5,48,1.8,1,1,1,2,0,232.91,1,4,3,1,3,1,19,3,1,3,1
4,1,5,49,1.8,3,3,2,2,1,240.93,1,15,3,1,1,3,18,1,1,3,3
4,1,5,50,0.4,1,1,1,1,1,260.34,1,15,3,3,3,3,16,3,1,3,1
4,1,5,51,1.8,3,3,2,1,0,353.41,0,2,1,3,3,1,3,3,1,1,3
4,1,5,52,0.1,3,3,2,1,0,327.85,0,5,3,1,1,3,5,3,3,1,1
4,1,5,53,1.8,3,3,2,1,0,217.97,1,1,1,3,3,1,18,3,3,1,1
4,1,5,54,1.8,3,3,2,2,1,260.2,1,7,1,1,3,3,5,1,3,3,1
4,1,5,55,0.4,3,3,2,1,0,228.9,1,19,1,1,3,3,12,3,1,1,3
4,1,5,56,0.8,3,3,2,1,0,250.85,1,5,1,3,3,1,16,3,3,1,1
4,1,5,57,0.4,1,1,1,2,0,261.27,1,10,3,1,3,1,19,1,1,1,1
4,1,5,58,0.2,3,3,2,2,1,300.49,0,2,1,3,3,1,13,3,3,1,1
4,1,5,59,0.1,3,3,2,1,0,265.96,1,16,1,1,3,3,7,1,3,3,1
4,1,5,60,0.2,3,3,2,1,0,262.66,1,19,1,3,3,1,19,1,1,3,3
4,1,5,61,0.4,1,1,1,2,0,199.37,1,10,1,1,1,1,7,3,1,3,1
4,1,5,62,0.2,1,1,1,2,0,406.24,0,3,3,1,3,1,14,1,3,1,3
4,1,5,63,0.1,3,3,2,1,0,354.72,0,16,1,3,3,1,3,3,1,1,3
4,1,5,64,1.8,1,1,1,1,1,219.23,1,2,3,3,3,3,12,1,1,1,1
4,1,5,65,0.1,1,1,1,1,1,234.57,1,20,1,1,1,1,15,3,1,3,1
4,1,5,66,1.8,1,1,1,2,0,236.06,1,18,1,3,1,3,15,1,3,1,3
4,1,5,67,0.1,1,1,1,2,0,298.99,1,9,1,3,1,3,12,1,1,1,1
4,1,5,68,0.1,3,3,2,2,1,389.17,0,17,1,3,3,1,12,1,1,3,3
4,1,5,69,0.1,1,1,1,2,0,244.28,1,7,3,3,3,3,18,3,3,3,3
4,1,5,70,1.8,3,3,2,1,0,214.64,1,11,1,3,3,1,14,3,1,1,3
4,1,5,71,0.4,1,1,1,1,1,217.4,1,13,3,3,3,3,19,3,3,3,3
4,1,5,72,0.8,1,1,1,1,1,235.17,1,15,3,3,3,3,20,3,1,3,1
4,1,5,73,0.1,1,1,1,1,1,233.27,1,10,1,1,1,1,20,1,1,1,1
4,1,5,74,0.8,1,1,1,1,1,280.17,1,4,3,3,3,3,16,1,1,1,1
4,1,5,75,0.8,3,3,2,2,1,241.92,1,3,1,1,3,3,8,1,1,3,3
4,1,5,76,0.05,1,1,1,1,1,226.35,1,1,1,1,1,1,18,3,1,3,1
4,1,5,77,0.8,3,3,2,2,1,378.43,0,8,3,3,1,1,11,3,1,1,3
4,1,5,78,0.05,3,3,2,1,0,241.92,1,7,3,3,1,1,12,3,3,1,1
4,1,6,1,1.8,1,1,1,2,0,229.76,1,11,3,1,3,1,7,1,1,1,1
4,1,6,2,0.2,3,3,2,1,0,218.72,1,14,3,1,1,3,19,1,1,3,3
4,1,6,3,0.8,3,3,2,2,1,192.09,1,19,1,3,3,1,8,3,1,1,3
4,1,6,4,1.8,1,1,1,1,1,219.23,1,11,1,3,1,3,13,3,3,3,3
4,1,6,5,0.1,3,3,2,2,1,246.26,1,10,3,1,1,3,20,1,3,3,1
4,1,6,6,0.2,1,1,1,1,1,226.57,1,7,3,1,3,1,13,1,3,1,3
4,1,6,7,0.05,3,3,2,2,1,232.51,1,12,1,3,3,1,4,3,3,1,1
4,1,6,8,0.05,3,3,2,1,0,247.58,1,9,3,3,1,1,9,3,3,1,1
4,1,6,9,0.8,3,3,2,2,1,211.34,1,16,1,3,3,1,11,1,1,3,3
4,1,6,10,0.8,3,3,2,1,0,232.2,1,3,1,3,3,1,10,3,3,1,1
4,1,6,11,0.2,3,3,2,2,1,229.84,1,3,3,1,1,3,14,1,3,3,1
4,1,6,12,0.2,3,3,2,1,0,221.68,1,9,3,1,1,3,10,3,3,1,1
4,1,6,13,0.2,1,1,1,2,0,196.62,1,13,3,3,3,3,15,3,1,3,1
4,1,6,14,0.8,1,1,1,1,1,213.9,1,6,1,1,1,1,2,1,1,1,1
4,1,6,15,0.1,3,3,2,2,1,222.79,1,18,3,1,1,3,12,1,3,3,1
4,1,6,16,0.4,1,1,1,1,1,231.16,1,15,3,3,3,3,8,1,1,1,1
4,1,6,17,0.8,3,3,2,2,1,206.13,1,8,3,1,1,3,17,3,1,1,3
4,1,6,18,1.8,3,3,2,1,0,214.64,1,19,1,3,3,1,8,3,1,1,3
4,1,6,19,0.05,1,1,1,2,0,292.04,1,7,1,1,1,1,16,1,1,1,1
4,1,6,20,0.2,3,3,2,1,0,257.89,1,6,1,3,3,1,14,1,3,3,1
4,1,6,21,0.2,1,1,1,2,0,209.3,1,13,3,1,3,1,2,1,3,1,3
4,1,6,22,0.4,3,3,2,1,0,239.62,1,16,3,1,1,3,6,3,3,1,1
4,1,6,23,0.8,1,1,1,2,0,208.91,1,13,3,3,3,3,9,1,3,1,3
4,1,6,24,0.05,1,1,1,2,0,329.04,0,14,3,1,3,1,11,3,3,3,3
4,1,6,25,0.2,1,1,1,2,0,209.61,1,12,1,3,1,3,8,3,3,3,3
4,1,6,26,0.1,1,1,1,1,1,240.89,1,11,3,1,3,1,3,3,1,3,1
4,1,6,27,0.1,3,3,2,1,0,234.22,1,18,1,1,3,3,18,3,3,1,1
4,1,6,28,0.1,3,3,2,2,1,251.22,1,20,1,1,3,3,6,3,3,1,1
4,1,6,29,0.1,3,3,2,2,1,203.64,1,2,3,3,1,1,19,1,1,3,3
4,1,6,30,0.4,3,3,2,1,0,246.84,1,1,1,3,3,1,3,1,3,3,1
4,1,6,31,1.8,1,1,1,1,1,241.72,1,9,1,1,1,1,14,1,1,1,1
4,1,6,32,0.2,3,3,2,1,0,244.67,1,5,1,3,3,1,9,1,3,3,1
4,1,6,33,0.2,1,1,1,1,1,233.16,1,10,3,3,3,3,2,1,3,1,3
4,1,6,34,0.1,3,3,2,1,0,244.74,1,16,1,1,3,3,19,1,3,3,1
4,1,6,35,1.8,3,3,2,2,1,246.5,1,18,1,1,3,3,4,1,1,3,3
4,1,6,36,0.4,3,3,2,1,0,225.8,1,2,1,3,3,1,5,3,1,1,3
4,1,6,37,0.05,1,1,1,1,1,236.39,1,7,1,1,1,1,16,3,1,3,1
4,1,6,38,0.4,3,3,2,1,0,254.48,1,15,3,1,1,3,10,1,3,3,1
4,1,6,39,0.05,1,1,1,2,0,286.15,1,7,3,3,3,3,14,3,3,3,3
4,1,6,40,1.8,3,3,2,1,0,187.72,1,1,1,3,3,1,16,3,1,1,3
4,1,6,41,0.4,1,1,1,2,0,233.59,1,18,1,1,1,1,11,3,1,3,1
4,1,6,42,0.8,3,3,2,1,0,234.35,1,2,3,3,1,1,18,3,1,1,3
4,1,6,43,0.8,3,3,2,1,0,203.03,1,4,1,1,3,3,5,3,3,1,1
4,1,6,44,1.8,3,3,2,2,1,226.06,1,1,3,3,1,1,18,1,1,3,3
4,1,6,45,1.8,3,3,2,2,1,262.63,1,5,1,3,3,1,11,3,3,1,1
4,1,6,46,1.8,1,1,1,1,1,258.38,1,13,1,1,1,1,14,1,1,1,1
4,1,6,47,0.05,3,3,2,1,0,342.79,0,14,3,1,1,3,19,1,1,3,3
4,1,6,48,1.8,1,1,1,1,1,302.09,0,11,1,3,1,3,11,1,1,1,1
4,1,6,49,0.05,3,3,2,2,1,290.81,1,19,3,3,1,1,2,1,3,3,1
4,1,6,50,0.2,3,3,2,1,0,248.88,1,1,3,1,1,3,11,1,1,3,3
4,1,6,51,0.8,1,1,1,1,1,212.6,1,16,3,1,3,1,2,3,3,3,3
4,1,6,52,0.05,3,3,2,2,1,222.18,1,10,3,3,1,1,20,3,1,1,3
4,1,6,53,0.1,1,1,1,1,1,235.48,1,5,3,3,3,3,12,1,1,1,1
4,1,6,54,0.8,1,1,NaN,NaN,NaN,NaN,NaN,4,3,3,3,3,16,3,3,3,3
4,1,6,55,1.8,1,1,NaN,NaN,NaN,NaN,NaN,13,1,1,1,1,4,3,3,3,3
4,1,6,56,0.1,1,1,1,2,0,299.68,1,4,1,3,1,3,17,3,3,3,3
4,1,6,57,0.8,1,1,1,1,1,234.78,1,17,1,3,1,3,15,3,3,3,3
4,1,6,58,0.4,3,3,2,1,0,257,1,19,1,1,3,3,13,3,3,1,1
4,1,6,59,0.4,1,1,1,1,1,283.73,1,18,3,1,3,1,8,1,1,1,1
4,1,6,60,0.1,3,3,2,2,1,240.48,1,3,3,1,1,3,15,3,1,1,3
4,1,6,61,0.8,3,3,2,1,0,226.3,1,13,1,1,3,3,18,3,3,1,1
4,1,6,62,0.2,1,1,1,2,0,246.8,1,7,1,1,1,1,1,1,1,1,1
4,1,6,63,0.1,3,3,2,1,0,392.84,0,16,3,3,1,1,8,3,1,1,3
4,1,6,64,0.4,1,1,1,1,1,246.43,1,14,1,1,1,1,13,1,1,1,1
4,1,6,65,0.4,3,3,2,2,1,241.1,1,8,1,3,3,1,11,3,1,1,3
4,1,6,66,0.1,3,3,2,1,0,236.49,1,19,1,1,3,3,12,3,1,1,3
4,1,6,67,1.8,1,1,1,2,0,220.84,1,11,1,1,1,1,14,1,1,1,1
4,1,6,68,0.4,3,3,2,1,0,247.83,1,13,1,1,3,3,10,3,1,1,3
4,1,6,69,0.8,3,3,2,2,1,203.73,1,20,3,1,1,3,11,3,1,1,3
4,1,6,70,0.4,3,3,2,1,0,228.34,1,13,3,3,1,1,7,3,1,1,3
4,1,6,71,0.4,3,3,2,2,1,266.9,1,1,1,3,3,1,8,3,1,1,3
4,1,6,72,0.2,3,3,2,1,0,298.01,1,15,1,3,3,1,12,3,3,1,1
4,1,6,73,1.8,3,3,2,1,0,249.1,1,19,1,3,3,1,14,3,1,1,3
4,1,6,74,0.1,3,3,2,2,1,165.26,1,7,1,3,3,1,9,3,3,1,1
4,1,6,75,0.05,1,1,1,1,1,243.26,1,18,3,3,3,3,13,3,3,3,3
4,1,6,76,0.05,1,1,1,2,0,238.41,1,20,3,3,3,3,5,3,3,3,3
4,1,6,77,0.05,3,3,2,1,0,302.58,0,2,1,1,3,3,10,3,3,1,1
4,1,6,78,0.05,1,1,1,1,1,279.22,1,17,1,3,1,3,13,1,3,1,3
4,1,7,1,0.2,1,1,1,1,1,256.9,1,6,3,3,3,3,18,1,1,1,1
4,1,7,2,0.1,1,1,1,1,1,280.97,1,14,3,3,3,3,20,3,3,3,3
4,1,7,3,0.4,3,3,2,2,1,1.6203,2,19,1,3,3,1,8,3,1,1,3
4,1,7,4,0.1,1,1,1,1,1,257.11,1,9,1,3,1,3,17,1,3,1,3
4,1,7,5,0.1,3,3,2,2,1,340.76,0,4,3,3,1,1,2,3,1,1,3
4,1,7,6,0.1,1,1,1,1,1,330.17,0,11,3,1,3,1,5,1,1,1,1
4,1,7,7,0.2,1,1,1,1,1,204.21,1,3,1,1,1,1,4,3,1,3,1
4,1,7,8,1.8,3,3,2,2,1,208.21,1,12,3,3,1,1,17,1,1,3,3
4,1,7,9,0.2,1,1,1,1,1,263.91,1,15,3,3,3,3,15,3,3,3,3
4,1,7,10,0.8,3,3,2,2,1,220.43,1,3,1,3,3,1,16,1,3,3,1
4,1,7,11,0.2,1,1,1,1,1,288.09,1,11,1,3,1,3,11,1,3,1,3
4,1,7,12,1.8,1,1,1,1,1,220.13,1,4,1,3,1,3,10,3,1,3,1
4,1,7,13,1.8,1,1,1,1,1,241.71,1,17,1,1,1,1,6,1,1,1,1
4,1,7,14,0.05,1,1,1,2,0,354.71,0,17,3,1,3,1,3,1,3,1,3
4,1,7,15,1.8,3,3,2,2,1,204.31,1,20,1,3,3,1,8,1,3,3,1
4,1,7,16,0.8,1,1,1,1,1,213.24,1,5,1,1,1,1,5,3,1,3,1
4,1,7,17,0.8,1,1,1,1,1,223.82,1,9,3,3,3,3,2,3,3,3,3
4,1,7,18,0.8,1,1,1,1,1,205.61,1,3,1,1,1,1,14,1,1,1,1
4,1,7,19,0.4,3,3,2,2,1,219.36,1,1,3,1,1,3,6,1,3,3,1
4,1,7,20,0.05,3,3,2,2,1,432.28,0,9,3,3,1,1,3,3,1,1,3
4,1,7,21,0.2,3,3,2,2,1,308.32,0,5,1,3,3,1,19,1,3,3,1
4,1,7,22,0.4,3,3,2,2,1,268.9,1,12,3,3,1,1,20,1,3,3,1
4,1,7,23,0.4,3,3,2,2,1,239.88,1,5,1,1,3,3,5,3,3,1,1
4,1,7,24,1.8,3,3,2,2,1,213.93,1,19,1,1,3,3,15,3,1,1,3
4,1,7,25,0.8,1,1,1,1,1,230.38,1,1,1,1,1,1,5,3,3,3,3
4,1,7,26,0.2,1,1,1,1,1,316.35,0,6,1,3,1,3,17,3,1,3,1
4,1,7,27,1.8,1,1,1,1,1,209.88,1,4,1,1,1,1,1,3,3,3,3
4,1,7,28,0.4,1,1,1,1,1,234.04,1,16,3,1,3,1,9,3,3,3,3
4,1,7,29,0.4,3,3,2,2,1,201.95,1,17,3,1,1,3,8,3,1,1,3
4,1,7,30,0.8,3,3,2,2,1,222.61,1,13,1,3,3,1,17,1,3,3,1
4,1,7,31,0.8,3,3,2,2,1,258.18,1,9,1,3,3,1,12,3,1,1,3
4,1,7,32,0.1,3,3,2,2,1,372.1,0,16,3,3,1,1,11,3,3,1,1
4,1,7,33,0.2,3,3,2,2,1,259.69,1,6,1,1,3,3,6,3,1,1,3
4,1,7,34,1.8,3,3,NaN,NaN,NaN,NaN,NaN,13,1,3,3,1,16,3,1,1,3
4,1,7,35,0.2,1,1,1,1,1,267.04,1,8,3,3,3,3,8,1,3,1,3
4,1,7,36,0.05,3,3,2,2,1,342.39,0,18,3,1,1,3,11,1,3,3,1
4,1,7,37,0.8,3,3,2,2,1,255.82,1,1,1,1,3,3,7,1,1,3,3
4,1,7,38,0.05,1,1,1,1,1,500.92,0,12,3,3,3,3,20,1,3,1,3
4,1,7,39,0.1,3,3,2,2,1,309.64,0,2,1,3,3,1,6,1,3,3,1
4,1,7,40,0.1,3,3,2,2,1,387.53,0,17,1,1,3,3,5,1,3,3,1
4,1,7,41,0.8,3,3,2,2,1,204.9,1,19,1,1,3,3,8,1,1,3,3
4,1,7,42,0.05,1,1,1,1,1,237.07,1,3,1,1,1,1,8,1,3,1,3
4,1,7,43,0.05,1,1,1,1,1,312.84,0,1,1,3,1,3,13,1,1,1,1
4,1,7,44,0.4,1,1,1,1,1,212.92,1,1,3,1,3,1,14,3,1,3,1
4,1,7,45,0.2,1,1,1,1,1,309.07,0,2,3,1,3,1,11,1,3,1,3
4,1,7,46,0.4,3,3,2,2,1,246.7,1,17,1,1,3,3,3,1,3,3,1
4,1,7,47,0.2,1,1,1,1,1,247,1,9,1,3,1,3,12,3,1,3,1
4,1,7,48,0.05,3,3,2,1,0,507.44,0,11,1,3,3,1,4,1,1,3,3
4,1,7,49,0.4,1,1,1,1,1,229.65,1,10,3,1,3,1,17,3,1,3,1
4,1,7,50,0.4,1,1,1,1,1,228.04,1,19,3,1,3,1,6,1,1,1,1
4,1,7,51,1.8,1,1,1,1,1,224.05,1,2,3,3,3,3,5,1,3,1,3
4,1,7,52,1.8,1,1,1,1,1,228.88,1,4,3,3,3,3,19,3,3,3,3
4,1,7,53,0.8,3,3,2,2,1,234.77,1,2,3,3,1,1,3,3,3,1,1
4,1,7,54,0.4,1,1,1,1,1,256.68,1,15,1,1,1,1,2,1,1,1,1
4,1,7,55,0.4,1,1,1,1,1,218.14,1,1,3,1,3,1,18,3,1,3,1
4,1,7,56,0.05,3,3,2,2,1,370.05,0,11,1,1,3,3,3,1,3,3,1
4,1,7,57,0.8,1,1,1,1,1,235.65,1,9,3,3,3,3,19,1,3,1,3
4,1,7,58,0.05,3,3,2,2,1,410.68,0,9,3,1,1,3,1,1,3,3,1
4,1,7,59,0.1,1,1,1,1,1,320.59,0,4,3,1,3,1,10,3,1,3,1
4,1,7,60,0.2,1,1,1,1,1,258.87,1,17,3,1,3,1,2,3,3,3,3
4,1,7,61,1.8,1,1,1,1,1,206.1,1,11,1,1,1,1,12,1,1,1,1
4,1,7,62,0.8,1,1,1,1,1,259.18,1,14,3,1,3,1,2,3,3,3,3
4,1,7,63,0.05,3,3,2,2,1,427.76,0,2,1,3,3,1,12,3,1,1,3
4,1,7,64,0.05,3,3,2,2,1,362.87,0,13,3,3,1,1,13,3,1,1,3
4,1,7,65,0.2,3,3,2,2,1,291.33,1,17,1,1,3,3,6,1,3,3,1
4,1,7,66,1.8,3,3,2,2,1,183.76,1,20,1,1,3,3,16,1,3,3,1
4,1,7,67,0.1,3,3,2,1,0,400.63,0,13,3,1,1,3,4,3,1,1,3
4,1,7,68,1.8,3,3,2,2,1,214.26,1,6,1,1,3,3,1,1,3,3,1
4,1,7,69,1.8,1,1,1,1,1,215.5,1,15,3,3,3,3,10,1,3,1,3
4,1,7,70,0.4,3,3,2,2,1,263.79,1,5,1,1,3,3,13,1,3,3,1
4,1,7,71,0.1,3,3,2,2,1,283.57,1,6,1,1,3,3,15,1,1,3,3
4,1,7,72,0.2,1,1,1,1,1,330.25,0,8,3,1,3,1,1,1,3,1,3
4,1,7,73,0.8,3,3,2,2,1,221.87,1,8,3,1,1,3,13,1,1,3,3
4,1,7,74,0.1,3,3,2,2,1,324.25,0,5,1,3,3,1,6,1,3,3,1
4,1,7,75,0.05,1,1,1,1,1,298.86,1,4,3,1,3,1,20,3,1,3,1
4,1,7,76,0.1,1,1,1,1,1,192,1,6,1,1,1,1,16,1,1,1,1
4,1,7,77,0.1,3,3,2,2,1,341.42,0,16,1,3,3,1,18,1,3,3,1
4,1,7,78,0.05,3,3,2,2,1,358.06,0,17,3,1,1,3,5,3,1,1,3
4,1,8,1,1.8,1,1,1,1,1,268.77,1,4,1,3,1,3,14,3,1,3,1
4,1,8,2,0.8,3,3,2,2,1,238.12,1,19,1,1,3,3,2,3,3,1,1
4,1,8,3,0.05,1,1,1,1,1,243.95,1,20,3,3,3,3,13,3,1,3,1
4,1,8,4,0.05,3,3,2,2,1,323.89,0,2,3,3,1,1,19,1,3,3,1
4,1,8,5,0.05,1,1,1,1,1,635.1,0,2,3,1,3,1,3,1,1,1,1
4,1,8,6,0.4,3,3,2,2,1,413.17,0,1,1,3,3,1,18,3,3,1,1
4,1,8,7,0.05,1,1,1,1,1,250.87,1,3,1,3,1,3,11,1,3,1,3
4,1,8,8,0.8,3,3,NaN,NaN,NaN,NaN,NaN,6,1,1,3,3,19,3,1,1,3
4,1,8,9,0.2,3,3,2,2,1,266.2,1,20,3,1,1,3,4,3,1,1,3
4,1,8,10,0.05,3,3,2,2,1,524.71,0,5,3,3,1,1,9,1,1,3,3
4,1,8,11,0.1,1,1,1,1,1,288.9,1,3,3,3,3,3,12,3,3,3,3
4,1,8,12,1.8,3,3,2,2,1,168.38,1,8,3,3,1,1,17,3,1,1,3
4,1,8,13,0.8,1,1,NaN,NaN,NaN,NaN,NaN,14,1,1,1,1,13,1,3,1,3
4,1,8,14,0.4,3,3,2,2,1,248.17,1,20,1,1,3,3,16,3,1,1,3
4,1,8,15,1.8,1,1,1,1,1,212.52,1,12,3,1,3,1,2,3,1,3,1
4,1,8,16,0.2,3,3,2,1,0,69.542,2,7,3,1,1,3,12,1,1,3,3
4,1,8,17,0.1,3,3,2,2,1,328.32,0,8,1,3,3,1,19,1,3,3,1
4,1,8,18,0.2,1,1,1,1,1,252.86,1,10,3,3,3,3,4,3,3,3,3
4,1,8,19,0.2,3,3,2,2,1,222.54,1,1,1,1,3,3,6,3,3,1,1
4,1,8,20,0.8,1,1,1,1,1,216.97,1,17,1,1,1,1,18,3,1,3,1
4,1,8,21,0.4,1,1,1,1,1,237.45,1,20,3,3,3,3,14,3,1,3,1
4,1,8,22,0.05,3,3,2,2,1,490.92,0,14,3,3,1,1,6,3,1,1,3
4,1,8,23,1.8,1,1,1,1,1,245.16,1,4,1,1,1,1,18,3,1,3,1
4,1,8,24,0.1,3,3,2,2,1,299.92,1,8,3,1,1,3,5,1,1,3,3
4,1,8,25,0.05,3,3,2,1,0,472.56,0,20,1,3,3,1,10,1,1,3,3
4,1,8,26,0.1,1,1,1,1,1,281.05,1,6,1,3,1,3,14,3,3,3,3
4,1,8,27,0.8,3,3,2,2,1,236.42,1,14,1,3,3,1,4,1,3,3,1
4,1,8,28,0.8,1,1,1,1,1,252.83,1,11,1,3,1,3,10,1,1,1,1
4,1,8,29,0.1,3,3,2,2,1,278.25,1,18,1,3,3,1,19,1,1,3,3
4,1,8,30,0.8,3,3,2,1,0,245.14,1,7,1,1,3,3,16,3,3,1,1
4,1,8,31,0.8,3,3,2,2,1,218.18,1,14,1,1,3,3,16,1,3,3,1
4,1,8,32,0.05,3,3,2,2,1,395.5,0,17,3,1,1,3,12,3,3,1,1
4,1,8,33,1.8,3,3,NaN,NaN,NaN,NaN,NaN,17,1,1,3,3,15,1,1,3,3
4,1,8,34,0.4,1,1,1,1,1,231.65,1,7,3,3,3,3,20,3,1,3,1
4,1,8,35,0.1,1,1,1,1,1,309.25,0,16,3,1,3,1,19,1,1,1,1
4,1,8,36,0.05,1,1,1,1,1,291.31,1,20,3,1,3,1,8,3,3,3,3
4,1,8,37,0.8,1,1,1,1,1,222.63,1,6,1,3,1,3,8,1,1,1,1
4,1,8,38,0.1,1,1,1,1,1,312.68,0,4,3,1,3,1,5,1,1,1,1
4,1,8,39,0.2,1,1,1,1,1,255.05,1,11,1,1,1,1,20,1,3,1,3
4,1,8,40,0.8,1,1,1,1,1,226.48,1,19,1,1,1,1,6,1,1,1,1
4,1,8,41,0.4,1,1,1,1,1,246.94,1,6,3,3,3,3,2,1,3,1,3
4,1,8,42,0.2,1,1,1,1,1,238.94,1,15,1,3,1,3,13,3,3,3,3
4,1,8,43,1.8,3,3,2,1,0,185.85,1,12,3,3,1,1,7,1,1,3,3
4,1,8,44,1.8,1,1,1,1,1,233.57,1,10,1,3,1,3,18,3,3,3,3
4,1,8,45,0.8,3,3,2,2,1,239.91,1,1,3,1,1,3,8,1,1,3,3
4,1,8,46,0.2,1,1,1,1,1,285.59,1,2,1,1,1,1,13,3,1,3,1
4,1,8,47,0.2,3,3,2,2,1,258.76,1,3,3,3,1,1,14,3,3,1,1
4,1,8,48,0.2,3,3,2,2,1,286.11,1,3,1,3,3,1,3,3,1,1,3
4,1,8,49,0.05,1,1,1,1,1,392.65,0,11,3,3,3,3,10,1,1,1,1
4,1,8,50,0.4,1,1,1,1,1,243.11,1,19,1,1,1,1,6,3,3,3,3
4,1,8,51,0.2,3,3,2,2,1,270.47,1,18,3,3,1,1,8,3,3,1,1
4,1,8,52,0.8,1,1,1,1,1,203.54,1,16,3,3,3,3,19,1,1,1,1
4,1,8,53,0.4,1,1,1,1,1,269.79,1,15,1,1,1,1,5,1,3,1,3
4,1,8,54,1.8,3,3,NaN,NaN,NaN,NaN,NaN,15,3,3,1,1,6,3,1,1,3
4,1,8,55,0.05,3,3,2,2,1,375.27,0,16,1,1,3,3,13,1,1,3,3
4,1,8,56,0.1,3,3,2,2,1,303.09,0,1,1,3,3,1,20,3,3,1,1
4,1,8,57,1.8,3,3,2,2,1,193.68,1,9,3,1,1,3,12,1,1,3,3
4,1,8,58,0.4,3,3,2,2,1,255.1,1,16,1,3,3,1,6,1,1,3,3
4,1,8,59,0.1,1,1,1,1,1,349.6,0,13,3,3,3,3,15,1,1,1,1
4,1,8,60,0.4,1,1,1,1,1,435.44,0,13,1,3,1,3,19,1,1,1,1
4,1,8,61,1.8,1,1,1,1,1,194.06,1,13,1,1,1,1,17,3,3,3,3
4,1,8,62,0.05,1,1,1,1,1,284.84,1,4,3,1,3,1,20,1,3,1,3
4,1,8,63,0.2,3,3,2,2,1,385.23,0,18,3,1,1,3,8,3,3,1,1
4,1,8,64,0.8,3,3,2,2,1,218.09,1,5,3,1,1,3,2,3,1,1,3
4,1,8,65,0.1,1,1,1,1,1,105.76,1,15,1,1,1,1,12,1,1,1,1
4,1,8,66,0.1,1,1,1,1,1,287.57,1,19,1,1,1,1,9,3,1,3,1
4,1,8,67,1.8,1,1,1,1,1,203.56,1,14,1,1,1,1,9,3,3,3,3
4,1,8,68,0.1,1,1,1,1,1,424.25,0,6,3,3,3,3,4,3,1,3,1
4,1,8,69,0.4,1,1,1,1,1,228.21,1,6,3,1,3,1,14,3,3,3,3
4,1,8,70,1.8,1,1,1,1,1,230.37,1,9,3,1,3,1,4,1,3,1,3
4,1,8,71,0.4,3,3,2,2,1,281.49,1,8,1,1,3,3,18,3,1,1,3
4,1,8,72,0.2,3,3,2,2,1,279.39,1,1,3,1,1,3,19,3,1,1,3
4,1,8,73,0.1,3,3,2,2,1,323.48,0,10,1,3,3,1,8,3,3,1,1
4,1,8,74,0.05,3,3,2,2,1,379.83,0,14,1,1,3,3,4,1,3,3,1
4,1,8,75,0.4,3,3,2,2,1,228.15,1,16,1,3,3,1,13,1,3,3,1
4,1,8,76,1.8,1,1,1,1,1,218.72,1,8,1,1,1,1,5,3,1,3,1
4,1,8,77,0.2,1,1,1,1,1,245.72,1,7,3,3,3,3,15,3,1,3,1
4,1,8,78,0.4,3,3,2,2,1,221.39,1,15,3,1,1,3,7,1,1,3,3
4,1,9,1,0.2,3,3,2,2,1,344.05,0,8,3,1,1,3,14,3,1,1,3
4,1,9,2,0.2,3,3,2,1,0,110.94,1,20,1,3,3,1,18,3,3,1,1
4,1,9,3,0.05,3,3,2,2,1,338.33,0,3,1,3,3,1,18,1,1,3,3
4,1,9,4,1.8,3,3,2,2,1,210.98,1,9,1,1,3,3,7,3,3,1,1
4,1,9,5,0.4,3,3,2,2,1,270.71,1,11,3,1,1,3,9,1,3,3,1
4,1,9,6,0.4,3,3,2,2,1,192.54,1,9,3,1,1,3,12,1,1,3,3
4,1,9,7,0.05,3,3,2,2,1,331.03,0,12,3,1,1,3,3,3,1,1,3
4,1,9,8,0.8,3,3,2,2,1,173.78,1,5,3,3,1,1,12,3,1,1,3
4,1,9,9,0.1,3,3,2,2,1,317.21,0,2,1,1,3,3,15,1,3,3,1
4,1,9,10,0.1,3,3,2,2,1,243.22,1,19,1,1,3,3,13,1,1,3,3
4,1,9,11,0.8,1,1,1,1,1,219.93,1,17,1,1,1,1,9,3,3,3,3
4,1,9,12,0.05,1,1,1,1,1,301.66,0,2,1,3,1,3,17,1,1,1,1
4,1,9,13,1.8,1,1,1,1,1,218.4,1,11,3,3,3,3,17,3,3,3,3
4,1,9,14,0.8,1,1,1,1,1,37.277,2,9,1,1,1,1,3,1,3,1,3
4,1,9,15,0.4,3,3,2,2,1,220.45,1,8,1,3,3,1,13,1,3,3,1
4,1,9,16,0.05,1,1,1,1,1,368.98,0,20,1,1,1,1,9,3,1,3,1
4,1,9,17,0.4,3,3,2,2,1,229.25,1,5,3,1,1,3,3,3,1,1,3
4,1,9,18,1.8,3,3,NaN,NaN,NaN,NaN,NaN,15,3,1,1,3,4,3,3,1,1
4,1,9,19,0.4,1,1,1,1,1,252.29,1,9,1,1,1,1,9,1,3,1,3
4,1,9,20,1.8,3,3,NaN,NaN,NaN,NaN,NaN,1,1,1,3,3,5,3,3,1,1
4,1,9,21,0.2,3,3,2,2,1,272.03,1,15,3,1,1,3,13,3,1,1,3
4,1,9,22,0.2,3,3,2,2,1,232.91,1,14,1,3,3,1,1,3,1,1,3
4,1,9,23,0.1,3,3,2,2,1,350.41,0,11,3,3,1,1,8,1,1,3,3
4,1,9,24,0.4,3,3,2,2,1,256.25,1,16,3,3,1,1,16,3,3,1,1
4,1,9,25,0.1,1,1,1,1,1,323.93,0,16,3,3,3,3,20,3,3,3,3
4,1,9,26,1.8,3,3,NaN,NaN,NaN,NaN,NaN,15,1,3,3,1,17,1,3,3,1
4,1,9,27,0.1,1,1,1,1,1,299.3,1,10,1,1,1,1,10,1,1,1,1
4,1,9,28,0.2,3,3,2,2,1,263.17,1,1,3,3,1,1,13,3,1,1,3
4,1,9,29,0.05,3,3,2,2,1,467.4,0,20,1,1,3,3,8,3,3,1,1
4,1,9,30,0.05,1,1,1,2,0,310.15,0,4,3,1,3,1,14,3,1,3,1
4,1,9,31,0.2,3,3,2,2,1,377.26,0,19,1,3,3,1,6,3,1,1,3
4,1,9,32,0.2,1,1,1,1,1,126.89,1,2,3,3,3,3,12,3,1,3,1
4,1,9,33,0.05,1,1,1,1,1,283.28,1,10,3,1,3,1,20,3,3,3,3
4,1,9,34,0.8,3,3,2,2,1,206.82,1,1,1,1,3,3,14,1,3,3,1
4,1,9,35,0.8,1,1,1,1,1,199.69,1,17,1,1,1,1,15,3,3,3,3
4,1,9,36,0.1,3,3,2,2,1,335.47,0,10,1,1,3,3,6,3,1,1,3
4,1,9,37,1.8,1,1,1,1,1,194.87,1,4,3,1,3,1,5,3,1,3,1
4,1,9,38,0.8,1,1,1,1,1,199.46,1,12,1,3,1,3,12,1,3,1,3
4,1,9,39,0.8,3,3,2,2,1,159.54,1,16,3,1,1,3,9,1,3,3,1
4,1,9,40,0.1,1,1,1,1,1,391.05,0,7,3,1,3,1,17,1,3,1,3
4,1,9,41,0.8,1,1,1,1,1,194.87,1,8,1,1,1,1,16,3,3,3,3
4,1,9,42,0.2,3,3,2,2,1,256.46,1,3,3,3,1,1,19,1,1,3,3
4,1,9,43,0.4,1,1,1,1,1,228.68,1,18,3,3,3,3,18,1,1,1,1
4,1,9,44,0.8,3,3,2,2,1,337.19,0,17,3,3,1,1,5,3,3,1,1
4,1,9,45,0.4,1,1,1,1,1,255.27,1,10,1,3,1,3,14,1,1,1,1
4,1,9,46,0.05,1,1,1,1,1,354.64,0,20,3,3,3,3,2,1,1,1,1
4,1,9,47,0.1,1,1,1,2,0,303.86,0,18,1,3,1,3,3,3,3,3,3
4,1,9,48,1.8,3,3,NaN,NaN,NaN,NaN,NaN,12,1,3,3,1,2,3,3,1,1
4,1,9,49,0.2,3,3,2,2,1,228.5,1,17,3,1,1,3,11,3,3,1,1
4,1,9,50,0.05,1,1,1,1,1,309.06,0,18,1,3,1,3,16,3,3,3,3
4,1,9,51,0.1,3,3,2,2,1,280.86,1,19,1,1,3,3,12,3,1,1,3
4,1,9,52,1.8,3,3,2,2,1,178.61,1,17,1,3,3,1,11,1,1,3,3
4,1,9,53,0.8,3,3,2,2,1,185.38,1,10,3,3,1,1,9,3,1,1,3
4,1,9,54,0.4,3,3,2,2,1,274.19,1,2,1,3,3,1,4,3,1,1,3
4,1,9,55,1.8,3,3,2,2,1,7.2198,2,2,3,1,1,3,20,3,1,1,3
4,1,9,56,1.8,3,3,2,2,1,213.18,1,17,3,1,1,3,15,1,1,3,3
4,1,9,57,0.4,1,1,1,1,1,226.36,1,8,3,1,3,1,7,3,3,3,3
4,1,9,58,0.2,1,1,1,1,1,277.81,1,3,3,3,3,3,17,3,1,3,1
4,1,9,59,0.4,3,3,2,2,1,229.43,1,4,3,3,1,1,4,3,1,1,3
4,1,9,60,0.2,1,1,1,1,1,244.55,1,3,3,3,3,3,2,3,3,3,3
4,1,9,61,0.1,3,3,2,2,1,342.47,0,4,3,3,1,1,18,1,3,3,1
4,1,9,62,1.8,3,3,2,2,1,217.46,1,9,1,3,3,1,2,1,3,3,1
4,1,9,63,0.1,3,3,2,2,1,311.97,0,1,3,3,1,1,12,3,1,1,3
4,1,9,64,0.1,3,3,2,2,1,344.6,0,8,3,1,1,3,1,1,1,3,3
4,1,9,65,0.8,1,1,1,1,1,201.76,1,8,1,3,1,3,6,3,1,3,1
4,1,9,66,0.05,1,1,1,1,1,386.36,0,10,1,1,1,1,8,3,3,3,3
4,1,9,67,0.1,1,1,1,1,1,208.06,1,13,1,1,1,1,1,1,3,1,3
4,1,9,68,0.4,1,1,1,1,1,231.72,1,15,1,3,1,3,13,3,1,3,1
4,1,9,69,1.8,3,3,2,2,1,212.6,1,12,3,3,1,1,20,1,1,3,3
4,1,9,70,0.05,3,3,2,2,1,376.59,0,11,1,1,3,3,20,3,1,1,3
4,1,9,71,0.2,1,1,1,1,1,256.6,1,10,3,1,3,1,8,3,3,3,3
4,1,9,72,1.8,3,3,NaN,NaN,NaN,NaN,NaN,16,1,3,3,1,14,3,3,1,1
4,1,9,73,0.8,3,3,2,2,1,230.25,1,1,1,1,3,3,13,3,3,1,1
4,1,9,74,0.05,3,3,2,2,1,450.78,0,3,1,3,3,1,12,3,3,1,1
4,1,9,75,0.2,3,3,2,2,1,247.65,1,9,3,3,1,1,17,1,1,3,3
4,1,9,76,0.05,1,1,1,1,1,331.88,0,9,3,1,3,1,18,1,1,1,1
4,1,9,77,0.8,1,1,1,1,1,237.12,1,4,1,3,1,3,3,3,3,3,3
4,1,9,78,0.4,1,1,1,1,1,220.44,1,5,1,3,1,3,19,1,3,1,3
4,1,10,1,1.8,3,3,NaN,NaN,NaN,NaN,NaN,14,3,3,1,1,7,3,1,1,3
4,1,10,2,0.05,1,1,1,1,1,295.86,1,15,3,3,3,3,15,1,1,1,1
4,1,10,3,1.8,1,1,1,1,1,246.83,1,5,3,1,3,1,4,1,3,1,3
4,1,10,4,0.05,3,3,2,2,1,287.06,1,12,1,3,3,1,20,1,1,3,3
4,1,10,5,0.4,1,1,1,1,1,214.88,1,20,1,1,1,1,1,3,3,3,3
4,1,10,6,1.8,3,3,2,2,1,398.76,0,14,3,3,1,1,15,3,3,1,1
4,1,10,7,0.8,3,3,2,2,1,211.36,1,5,3,1,1,3,7,1,1,3,3
4,1,10,8,0.4,3,3,2,2,1,266.66,1,18,1,3,3,1,15,1,1,3,3
4,1,10,9,0.2,1,1,1,1,1,285.21,1,5,1,3,1,3,13,1,1,1,1
4,1,10,10,0.8,1,1,1,1,1,209.22,1,16,1,3,1,3,5,1,1,1,1
4,1,10,11,1.8,3,3,NaN,NaN,NaN,NaN,NaN,12,1,3,3,1,19,3,1,1,3
4,1,10,12,0.1,1,1,1,1,1,215.75,1,10,3,1,3,1,1,1,3,1,3
4,1,10,13,0.05,1,1,1,1,1,353.41,0,5,1,3,1,3,12,3,1,3,1
4,1,10,14,0.05,3,3,2,2,1,304.34,0,11,3,1,1,3,14,3,1,1,3
4,1,10,15,0.8,3,3,2,2,1,212.42,1,20,3,1,1,3,13,1,1,3,3
4,1,10,16,0.2,3,3,2,2,1,243.91,1,14,1,3,3,1,20,1,1,3,3
4,1,10,17,0.2,1,1,1,1,1,221.08,1,19,1,3,1,3,12,1,1,1,1
4,1,10,18,0.2,1,1,1,1,1,343.6,0,12,3,3,3,3,9,3,3,3,3
4,1,10,19,0.2,1,1,1,1,1,132.45,1,6,3,1,3,1,15,1,3,1,3
4,1,10,20,1.8,3,3,NaN,NaN,NaN,NaN,NaN,4,3,3,1,1,13,1,3,3,1
4,1,10,21,0.8,3,3,2,2,1,213.7,1,9,1,1,3,3,2,3,3,1,1
4,1,10,22,0.1,3,3,2,2,1,376.88,0,17,1,1,3,3,15,1,1,3,3
4,1,10,23,0.1,1,1,1,1,1,312.87,0,15,3,3,3,3,19,1,1,1,1
4,1,10,24,0.8,1,1,1,1,1,245.36,1,15,3,3,3,3,4,1,3,1,3
4,1,10,25,0.4,3,3,2,2,1,217.01,1,19,1,3,3,1,16,3,1,1,3
4,1,10,26,0.2,1,1,1,1,1,243.45,1,17,3,1,3,1,9,1,1,1,1
4,1,10,27,0.1,3,3,2,2,1,287.54,1,9,1,1,3,3,3,3,3,1,1
4,1,10,28,0.1,1,1,1,1,1,264.37,1,18,1,3,1,3,20,1,1,1,1
4,1,10,29,0.05,3,3,2,2,1,339.61,0,19,1,3,3,1,8,3,1,1,3
4,1,10,30,0.1,3,3,2,1,0,147.01,1,9,1,3,3,1,12,1,3,3,1
4,1,10,31,0.1,1,1,1,2,0,504.58,0,14,3,1,3,1,20,3,1,3,1
4,1,10,32,0.1,3,3,2,2,1,471.97,0,2,1,3,3,1,20,1,3,3,1
4,1,10,33,0.1,1,1,1,1,1,294.38,1,20,1,3,1,3,5,3,1,3,1
4,1,10,34,0.8,1,1,1,1,1,195.03,1,4,1,1,1,1,10,3,3,3,3
4,1,10,35,0.05,3,3,2,1,0,267.76,1,7,1,1,3,3,20,1,1,3,3
4,1,10,36,0.4,1,1,1,1,1,212.88,1,20,1,1,1,1,13,3,3,3,3
4,1,10,37,0.8,3,3,2,2,1,237.8,1,19,1,3,3,1,17,1,3,3,1
4,1,10,38,0.2,3,3,2,2,1,325.18,0,8,3,3,1,1,4,1,3,3,1
4,1,10,39,0.2,1,1,1,1,1,266.52,1,8,1,3,1,3,10,3,1,3,1
4,1,10,40,0.4,1,1,1,1,1,244.61,1,11,1,3,1,3,19,3,3,3,3
4,1,10,41,1.8,3,3,2,2,1,170.44,1,1,3,1,1,3,20,1,1,3,3
4,1,10,42,0.4,3,3,2,2,1,221.54,1,20,1,1,3,3,20,1,1,3,3
4,1,10,43,0.8,1,1,1,1,1,184.56,1,15,1,1,1,1,18,1,1,1,1
4,1,10,44,0.2,3,3,2,2,1,274.62,1,8,3,1,1,3,14,1,1,3,3
4,1,10,45,0.4,3,3,2,2,1,226.43,1,4,3,3,1,1,15,1,1,3,3
4,1,10,46,0.05,1,1,1,1,1,286.44,1,17,3,1,3,1,14,1,3,1,3
4,1,10,47,0.1,1,1,1,1,1,255,1,11,1,1,1,1,18,3,1,3,1
4,1,10,48,0.05,3,3,2,2,1,253.67,1,19,3,1,1,3,7,1,3,3,1
4,1,10,49,0.05,3,3,2,2,1,380.91,0,2,1,1,3,3,17,1,1,3,3
4,1,10,50,1.8,1,1,1,1,1,214.12,1,11,3,3,3,3,5,3,1,3,1
4,1,10,51,1.8,3,3,NaN,NaN,NaN,NaN,NaN,17,3,3,1,1,15,3,1,1,3
4,1,10,52,0.2,1,1,1,1,1,231.36,1,11,3,3,3,3,13,3,3,3,3
4,1,10,53,0.1,3,3,2,2,1,322.68,0,10,3,1,1,3,20,3,1,1,3
4,1,10,54,0.4,3,3,2,2,1,227.43,1,18,3,1,1,3,3,1,3,3,1
4,1,10,55,1.8,3,3,NaN,NaN,NaN,NaN,NaN,10,3,1,1,3,1,3,1,1,3
4,1,10,56,0.05,3,3,2,2,1,393.23,0,12,1,1,3,3,18,1,3,3,1
4,1,10,57,0.4,3,3,2,2,1,343.38,0,18,1,1,3,3,7,1,1,3,3
4,1,10,58,0.05,3,3,2,2,1,291.26,1,2,1,3,3,1,5,3,3,1,1
4,1,10,59,1.8,3,3,NaN,NaN,NaN,NaN,NaN,15,3,3,1,1,20,1,1,3,3
4,1,10,60,0.4,1,1,1,1,1,236.29,1,6,3,1,3,1,11,3,1,3,1
4,1,10,61,0.2,1,1,1,1,1,255.16,1,10,3,3,3,3,2,1,3,1,3
4,1,10,62,0.05,3,3,2,2,1,277.89,1,11,3,3,1,1,5,1,1,3,3
4,1,10,63,1.8,3,3,2,2,1,172.54,1,19,1,1,3,3,17,1,3,3,1
4,1,10,64,0.4,1,1,1,1,1,262.47,1,13,1,1,1,1,7,3,3,3,3
4,1,10,65,0.8,3,3,2,2,1,201.31,1,8,3,1,1,3,13,3,3,1,1
4,1,10,66,0.8,3,3,2,2,1,224.73,1,2,3,1,1,3,11,1,1,3,3
4,1,10,67,0.8,3,3,2,2,1,211.3,1,7,3,1,1,3,8,3,1,1,3
4,1,10,68,0.1,1,1,1,1,1,336.65,0,16,3,1,3,1,9,3,1,3,1
4,1,10,69,1.8,1,1,1,1,1,223.69,1,1,1,3,1,3,2,3,1,3,1
4,1,10,70,0.8,3,3,2,2,1,232.8,1,9,3,1,1,3,4,1,1,3,3
4,1,10,71,0.2,3,3,2,2,1,254.51,1,13,3,3,1,1,4,1,1,3,3
4,1,10,72,0.1,1,1,1,1,1,450.89,0,18,3,3,3,3,20,1,1,1,1
4,1,10,73,0.4,3,3,2,2,1,274.21,1,2,1,3,3,1,1,1,3,3,1
4,1,10,74,1.8,3,3,2,2,1,188.49,1,8,3,1,1,3,19,1,1,3,3
4,1,10,75,0.2,1,1,1,1,1,264.5,1,15,1,3,1,3,15,3,1,3,1
4,1,10,76,0.4,1,1,1,1,1,231.32,1,8,3,3,3,3,11,3,3,3,3
4,1,10,77,0.05,1,1,1,1,1,233.65,1,1,3,1,3,1,9,3,3,3,3
4,1,10,78,0.8,1,1,1,1,1,236.33,1,11,3,3,3,3,14,3,3,3,3
