2,14,1,1,0.2,2,2,2,2,1,28.6,2,2,3,3,2,2,1,3,3,2,2
2,14,1,2,0.05,2,1,2,2,1,295.43,1,16,3,1,2,2,9,1,3,1,3
2,14,1,3,0.05,1,3,1,2,0,266.68,1,2,1,1,1,1,12,3,3,1,1
2,14,1,4,1.8,1,2,1,1,1,175.37,1,20,1,3,1,3,10,1,1,2,2
2,14,1,5,0.05,3,3,2,2,1,247.9,1,17,1,1,3,3,10,3,3,1,1
2,14,1,6,0.1,2,2,2,2,1,230.21,1,2,1,3,2,2,4,3,3,2,2
2,14,1,7,0.1,3,2,2,2,1,244.05,1,14,3,1,1,3,5,3,3,2,2
2,14,1,8,0.1,1,2,1,2,0,244.2,1,9,1,1,1,1,15,3,3,2,2
2,14,1,9,0.8,3,1,2,2,1,235.3,1,1,1,3,3,1,8,3,3,3,3
2,14,1,10,0.4,1,1,1,1,1,202.25,1,13,1,3,1,3,18,3,3,3,3
2,14,1,11,1.8,1,1,1,1,1,188.66,1,15,3,1,3,1,17,3,3,3,3
2,14,1,12,0.1,3,3,2,2,1,277.38,1,12,3,3,1,1,19,3,1,1,3
2,14,1,13,1.8,1,1,1,1,1,217.11,1,2,3,1,3,1,9,3,3,3,3
2,14,1,14,0.05,2,2,2,2,1,294.52,1,20,3,1,2,2,1,3,1,2,2
2,14,1,15,0.2,2,2,2,1,0,240.85,1,3,1,1,2,2,2,1,3,2,2
2,14,1,16,0.1,3,2,2,2,1,215.18,1,16,1,3,3,1,13,1,1,2,2
2,14,1,17,0.4,3,1,2,2,1,350.51,0,12,3,1,1,3,19,3,3,3,3
2,14,1,18,0.2,2,3,2,2,1,215.82,1,6,1,3,2,2,5,3,1,1,3
2,14,1,19,1.8,1,3,NaN,NaN,NaN,NaN,NaN,6,1,3,1,3,3,1,1,3,3
2,14,1,20,0.05,3,2,2,2,1,284.93,1,4,1,3,3,1,1,1,3,2,2
2,14,1,21,0.8,3,1,2,2,1,201.62,1,14,3,3,1,1,9,1,1,1,1
2,14,1,22,0.4,2,2,2,2,1,301.59,0,8,3,3,2,2,6,3,1,2,2
2,14,1,23,0.8,1,2,1,1,1,207.3,1,12,3,1,3,1,7,1,3,2,2
2,14,1,24,0.2,1,3,1,1,1,258.33,1,5,3,1,3,1,7,3,3,1,1
2,14,1,25,0.05,3,2,2,2,1,294.95,1,15,1,3,3,1,10,3,3,2,2
2,14,1,26,0.2,1,3,1,1,1,253.86,1,20,1,1,1,1,2,1,3,3,1
2,14,1,27,0.4,3,1,2,2,1,245.27,1,18,3,3,1,1,10,1,3,1,3
2,14,1,28,0.2,2,2,2,1,0,271.22,1,15,1,3,2,2,4,3,1,2,2
2,14,1,29,0.05,1,3,1,2,0,230.49,1,9,1,3,1,3,17,3,3,1,1
2,14,1,30,1.8,3,2,2,2,1,202.46,1,7,1,3,3,1,3,1,3,2,2
2,14,1,31,0.8,3,1,2,2,1,195.92,1,17,1,3,3,1,3,3,1,3,1
2,14,1,32,0.05,1,2,1,2,0,307.76,0,15,3,1,3,1,19,3,1,2,2
2,14,1,33,0.1,3,2,2,2,1,278.52,1,6,3,3,1,1,13,1,1,2,2
2,14,1,34,0.8,2,1,2,2,1,211.49,1,8,3,1,2,2,10,3,1,3,1
2,14,1,35,0.8,2,3,2,2,1,223.35,1,11,3,1,2,2,7,3,3,1,1
2,14,1,36,0.05,2,2,2,2,1,277.25,1,16,3,3,2,2,15,1,3,2,2
2,14,1,37,0.2,1,3,1,1,1,241.35,1,5,3,1,3,1,5,1,1,3,3
2,14,1,38,0.2,1,2,1,1,1,215.99,1,7,1,1,1,1,11,1,1,2,2
2,14,1,39,0.4,2,2,2,2,1,241.8,1,20,3,3,2,2,12,3,1,2,2
2,14,1,40,0.8,1,1,1,1,1,214.11,1,10,1,1,1,1,10,1,3,1,3
2,14,1,41,0.1,1,1,1,2,0,316.52,0,19,1,3,1,3,2,3,1,3,1
2,14,1,42,0.2,3,2,2,2,1,303.88,0,4,1,3,3,1,6,3,1,2,2
2,14,1,43,0.05,1,2,1,1,1,235.52,1,18,3,3,3,3,14,3,1,2,2
2,14,1,44,0.05,1,3,1,1,1,251.93,1,8,3,3,3,3,11,1,3,3,1
2,14,1,45,0.1,2,2,2,2,1,321.03,0,13,3,3,2,2,4,1,1,2,2
2,14,1,46,0.05,1,1,1,1,1,239.06,1,12,1,1,1,1,5,1,3,1,3
2,14,1,47,1.8,2,3,2,2,1,217.63,1,1,3,3,2,2,12,1,1,3,3
2,14,1,48,1.8,3,2,2,2,1,204.74,1,4,1,3,3,1,19,3,3,2,2
2,14,1,49,0.1,3,3,2,2,1,278.45,1,15,3,3,1,1,7,1,3,3,1
2,14,1,50,0.4,1,2,1,1,1,210.5,1,19,3,3,3,3,12,1,3,2,2
2,14,1,51,1.8,3,1,2,2,1,283.9,1,18,3,3,1,1,8,3,1,3,1
2,14,1,52,0.2,1,1,1,1,1,277.89,1,20,3,3,3,3,8,1,1,1,1
2,14,1,53,0.8,2,3,2,2,1,244.6,1,14,1,3,2,2,10,3,3,1,1
2,14,1,54,0.05,3,2,2,2,1,270.9,1,8,1,3,3,1,15,3,3,2,2
2,14,1,55,0.4,1,1,1,1,1,240.93,1,19,1,1,1,1,10,3,1,3,1
2,14,1,56,0.8,2,3,2,2,1,221.57,1,8,1,3,2,2,16,1,1,3,3
2,14,1,57,0.4,1,2,1,1,1,207.31,1,9,1,1,1,1,5,3,3,2,2
2,14,1,58,0.1,1,2,1,1,1,296.48,1,15,1,3,1,3,7,3,3,2,2
2,14,1,59,1.8,1,2,1,1,1,223.94,1,16,3,1,3,1,1,1,3,2,2
2,14,1,60,0.1,2,3,2,2,1,245.8,1,1,3,3,2,2,13,3,1,1,3
2,14,1,61,0.4,2,2,2,2,1,260.77,1,2,3,1,2,2,16,3,3,2,2
2,14,1,62,0.8,2,3,2,2,1,269.7,1,8,1,3,2,2,8,3,3,1,1
2,14,1,63,0.4,1,3,1,1,1,225.47,1,11,3,3,3,3,14,1,1,3,3
2,14,1,64,0.8,2,1,2,2,1,253.46,1,3,3,3,2,2,1,3,1,3,1
2,14,1,65,1.8,1,2,1,1,1,209.38,1,3,3,3,3,3,16,1,3,2,2
2,14,1,66,0.2,1,1,1,1,1,175.56,1,13,1,3,1,3,1,3,1,3,1
2,14,1,67,0.1,1,3,1,2,0,485.99,0,2,3,3,3,3,10,3,1,1,3
2,14,1,68,1.8,3,1,2,2,1,269.3,1,3,1,1,3,3,14,1,1,1,1
2,14,1,69,0.2,1,3,1,1,1,249.26,1,18,1,1,1,1,10,1,1,3,3
2,14,1,70,1.8,1,3,1,1,1,225,1,14,1,1,1,1,2,3,3,1,1
2,14,1,71,0.1,3,2,2,2,1,268.35,1,4,1,1,3,3,11,1,1,2,2
2,14,1,72,0.8,1,3,1,1,1,195.48,1,12,3,3,3,3,2,3,3,1,1
2,14,1,73,0.4,1,2,1,1,1,240.48,1,13,3,3,3,3,19,1,1,2,2
2,14,1,74,0.2,1,3,1,1,1,223.36,1,17,1,1,1,1,20,1,3,3,1
2,14,1,75,0.4,3,2,2,2,1,216.54,1,5,3,3,1,1,7,1,3,2,2
2,14,1,76,0.8,2,3,2,1,0,213.58,1,20,3,1,2,2,15,3,3,1,1
2,14,1,77,0.4,2,2,2,2,1,263.14,1,9,3,3,2,2,6,1,3,2,2
2,14,1,78,1.8,3,3,2,2,1,208.08,1,11,1,1,3,3,13,1,1,3,3
2,14,2,1,0.2,1,1,1,1,1,238.3,1,7,1,3,1,3,1,3,3,3,3
2,14,2,2,1.8,1,3,1,1,1,185,1,18,3,3,3,3,17,3,1,1,3
2,14,2,3,0.05,1,3,1,2,0,297.41,1,18,1,1,1,1,13,3,3,1,1
2,14,2,4,0.4,2,3,2,2,1,255.33,1,1,3,3,2,2,16,1,3,3,1
2,14,2,5,0.1,3,2,2,2,1,257.36,1,8,1,3,3,1,2,1,3,2,2
2,14,2,6,0.2,2,2,2,2,1,213.94,1,18,1,3,2,2,3,3,3,2,2
2,14,2,7,0.2,1,2,1,1,1,186.58,1,14,1,1,1,1,12,3,1,2,2
2,14,2,8,0.8,1,3,1,1,1,202.7,1,11,1,3,1,3,13,3,1,1,3
2,14,2,9,0.2,2,2,2,2,1,254.98,1,7,3,3,2,2,12,3,3,2,2
2,14,2,10,1.8,3,3,2,2,1,210.16,1,20,1,3,3,1,17,3,1,1,3
2,14,2,11,0.8,3,1,2,2,1,209.92,1,8,3,3,1,1,7,1,3,1,3
2,14,2,12,0.2,1,1,1,1,1,243.54,1,18,1,3,1,3,10,3,3,3,3
2,14,2,13,0.4,1,2,1,1,1,232.05,1,16,3,3,3,3,5,3,3,2,2
2,14,2,14,1.8,1,2,1,1,1,222.19,1,7,3,3,3,3,6,1,1,2,2
2,14,2,15,0.05,2,1,2,1,0,322.51,0,15,1,3,2,2,18,3,3,3,3
2,14,2,16,1.8,3,1,2,2,1,211.43,1,12,1,3,3,1,2,1,1,1,1
2,14,2,17,0.4,1,3,1,1,1,274.17,1,13,3,1,3,1,18,1,1,3,3
2,14,2,18,0.2,1,1,1,1,1,240.06,1,6,3,1,3,1,7,1,3,1,3
2,14,2,19,0.05,2,2,2,2,1,308.85,0,8,3,1,2,2,1,1,1,2,2
2,14,2,20,0.4,2,1,2,2,1,238.84,1,7,3,1,2,2,17,1,1,1,1
2,14,2,21,1.8,1,3,1,1,1,194.97,1,3,3,1,3,1,3,3,1,1,3
2,14,2,22,1.8,2,3,2,2,1,191.75,1,12,3,1,2,2,17,1,1,3,3
2,14,2,23,0.4,1,2,1,1,1,236.73,1,12,1,1,1,1,10,3,1,2,2
2,14,2,24,0.8,2,3,2,2,1,220.15,1,2,1,1,2,2,6,1,3,3,1
2,14,2,25,0.2,1,2,1,1,1,191.57,1,1,1,3,1,3,7,3,1,2,2
2,14,2,26,0.1,1,1,1,1,1,154.47,1,13,3,3,3,3,20,3,3,3,3
2,14,2,27,0.2,3,1,2,2,1,160.74,1,5,1,1,3,3,13,3,3,3,3
2,14,2,28,0.1,2,1,2,2,1,347.47,0,15,1,1,2,2,3,1,3,1,3
2,14,2,29,0.05,2,3,2,1,0,269.65,1,17,1,3,2,2,7,3,1,1,3
2,14,2,30,0.4,3,2,2,2,1,49.27,2,7,1,1,3,3,16,3,3,2,2
2,14,2,31,0.8,3,2,2,2,1,258.94,1,7,1,3,3,1,8,3,3,2,2
2,14,2,32,0.05,3,2,2,2,1,309.78,0,14,1,1,3,3,4,1,1,2,2
2,14,2,33,0.2,2,2,2,2,1,294.51,1,13,3,3,2,2,20,3,3,2,2
2,14,2,34,0.05,1,1,1,2,0,296.82,1,9,1,3,1,3,18,3,3,3,3
2,14,2,35,0.1,2,3,2,2,1,253.48,1,11,1,3,2,2,2,3,3,1,1
2,14,2,36,0.2,1,1,1,1,1,169.5,1,3,3,3,3,3,13,3,3,3,3
2,14,2,37,0.4,2,1,2,2,1,274.18,1,2,1,1,2,2,3,1,1,1,1
2,14,2,38,0.2,2,2,2,2,1,239.47,1,19,3,1,2,2,10,3,1,2,2
2,14,2,39,0.8,3,3,2,2,1,197.96,1,11,1,1,3,3,12,1,1,3,3
2,14,2,40,1.8,1,1,1,1,1,201.5,1,15,1,1,1,1,14,3,1,3,1
2,14,2,41,0.05,1,3,1,1,1,369.62,0,1,1,1,1,1,14,1,3,3,1
2,14,2,42,0.05,1,1,1,1,1,257.72,1,12,1,1,1,1,15,1,3,1,3
2,14,2,43,0.4,1,3,1,1,1,83.185,2,5,1,1,1,1,5,3,3,1,1
2,14,2,44,0.4,2,1,2,2,1,306.22,0,9,1,3,2,2,18,3,3,3,3
2,14,2,45,0.8,1,3,NaN,NaN,NaN,NaN,NaN,10,3,1,3,1,10,3,3,1,1
2,14,2,46,0.05,1,2,1,1,1,269.4,1,16,1,1,1,1,18,3,3,2,2
2,14,2,47,1.8,2,3,2,2,1,193.72,1,7,1,3,2,2,9,1,1,3,3
2,14,2,48,0.4,1,1,1,1,1,260.11,1,10,1,1,1,1,18,3,1,3,1
2,14,2,49,0.05,3,3,2,2,1,296.8,1,11,1,3,3,1,18,3,3,1,1
2,14,2,50,0.1,3,1,2,2,1,334.29,0,10,3,1,1,3,2,1,1,1,1
2,14,2,51,0.8,3,2,2,2,1,214.4,1,9,3,1,1,3,10,1,3,2,2
2,14,2,52,0.8,2,3,2,2,1,210.39,1,19,3,1,2,2,11,1,3,3,1
2,14,2,53,0.4,3,1,2,2,1,235.35,1,17,1,1,3,3,8,3,3,3,3
2,14,2,54,0.1,2,1,2,2,1,301.89,0,2,3,1,2,2,8,3,3,3,3
2,14,2,55,0.8,1,2,1,1,1,222.64,1,8,3,3,3,3,8,3,3,2,2
2,14,2,56,0.4,1,3,1,2,0,203.89,1,2,1,1,1,1,3,3,3,1,1
2,14,2,57,0.2,2,1,2,2,1,254.03,1,6,1,3,2,2,7,3,1,3,1
2,14,2,58,0.2,1,2,1,1,1,208.14,1,10,1,3,1,3,4,3,1,2,2
2,14,2,59,0.1,3,1,2,1,0,307.59,0,12,1,1,3,3,19,1,1,1,1
2,14,2,60,1.8,2,2,2,1,0,226.6,1,10,3,3,2,2,17,3,1,2,2
2,14,2,61,0.05,2,2,2,2,1,277.85,1,6,1,1,2,2,10,3,3,2,2
2,14,2,62,1.8,1,1,1,1,1,188.68,1,11,3,3,3,3,20,3,1,3,1
2,14,2,63,0.8,1,3,1,1,1,200.86,1,5,3,1,3,1,5,3,1,1,3
2,14,2,64,1.8,2,1,2,1,0,199.74,1,5,1,3,2,2,9,1,3,1,3
2,14,2,65,0.1,1,2,1,1,1,248.76,1,17,1,3,1,3,18,3,1,2,2
2,14,2,66,0.1,1,3,1,2,0,262.16,1,7,3,3,3,3,4,3,1,1,3
2,14,2,67,0.8,3,3,2,2,1,207.09,1,5,3,3,1,1,2,1,3,3,1
2,14,2,68,1.8,1,2,1,1,1,217.09,1,3,3,1,3,1,5,1,3,2,2
2,14,2,69,0.05,3,2,2,2,1,265.72,1,13,3,1,1,3,12,1,3,2,2
2,14,2,70,0.1,1,3,1,1,1,299.88,1,16,3,1,3,1,20,1,3,3,1
2,14,2,71,0.05,1,3,1,1,1,268.88,1,7,1,3,1,3,15,1,3,3,1
2,14,2,72,0.4,1,2,1,1,1,206.33,1,13,3,1,3,1,11,3,1,2,2
2,14,2,73,0.1,3,1,2,2,1,265.77,1,6,3,1,1,3,4,3,1,3,1
2,14,2,74,0.1,3,3,2,2,1,271.44,1,8,3,3,1,1,1,1,3,3,1
2,14,2,75,0.8,1,2,1,1,1,244.41,1,10,3,3,3,3,20,3,1,2,2
2,14,2,76,1.8,1,1,1,1,1,210.67,1,15,1,1,1,1,4,3,1,3,1
2,14,2,77,0.8,2,3,2,2,1,205.49,1,8,3,1,2,2,18,1,1,3,3
2,14,2,78,0.1,1,3,1,1,1,308.45,0,6,3,1,3,1,16,1,1,3,3
2,14,3,1,0.1,1,2,1,1,1,264.48,1,3,3,1,3,1,6,1,3,2,2
2,14,3,2,0.8,2,2,2,2,1,232.72,1,7,3,3,2,2,10,3,3,2,2
2,14,3,3,0.8,1,3,1,1,1,198.89,1,16,3,3,3,3,18,3,1,1,3
2,14,3,4,1.8,2,3,2,2,1,197.09,1,17,3,3,2,2,2,1,3,3,1
2,14,3,5,0.4,3,3,2,2,1,230.22,1,19,3,3,1,1,7,1,1,3,3
2,14,3,6,0.1,1,1,1,1,1,254.95,1,8,3,1,3,1,1,3,1,3,1
2,14,3,7,0.2,1,1,1,1,1,236.59,1,14,1,3,1,3,19,3,3,3,3
2,14,3,8,0.8,3,3,2,2,1,216.63,1,17,3,1,1,3,1,3,1,1,3
2,14,3,9,0.2,2,1,2,2,1,254.76,1,15,1,1,2,2,10,3,3,3,3
2,14,3,10,0.8,1,2,1,1,1,184.58,1,4,1,1,1,1,10,1,1,2,2
2,14,3,11,0.05,3,2,2,2,1,297.67,1,4,1,1,3,3,6,1,3,2,2
2,14,3,12,0.2,3,3,2,2,1,279.24,1,17,3,1,1,3,20,1,3,3,1
2,14,3,13,0.4,3,2,2,2,1,238.3,1,5,3,1,1,3,11,1,3,2,2
2,14,3,14,0.05,1,2,1,1,1,299.43,1,1,3,1,3,1,9,3,3,2,2
2,14,3,15,0.2,1,1,1,1,1,243.05,1,7,1,1,1,1,17,1,3,1,3
2,14,3,16,1.8,1,3,NaN,NaN,NaN,NaN,NaN,5,3,3,3,3,14,3,3,1,1
2,14,3,17,0.2,1,2,1,1,1,233.95,1,5,1,3,1,3,2,3,3,2,2
2,14,3,18,0.4,1,2,1,1,1,252.55,1,7,3,1,3,1,11,1,3,2,2
2,14,3,19,0.4,1,3,1,1,1,250.27,1,4,1,1,1,1,19,3,3,1,1
2,14,3,20,1.8,2,3,2,2,1,243.02,1,14,3,1,2,2,4,3,1,1,3
2,14,3,21,0.8,1,1,1,1,1,199.74,1,20,1,1,1,1,6,3,1,3,1
2,14,3,22,0.05,1,2,1,2,0,316.99,0,2,1,1,1,1,18,1,1,2,2
2,14,3,23,0.8,1,3,1,1,1,208.85,1,14,3,3,3,3,16,3,3,1,1
2,14,3,24,0.1,1,1,1,1,1,276.69,1,19,3,3,3,3,6,3,3,3,3
2,14,3,25,0.05,3,2,2,2,1,256.8,1,7,1,1,3,3,12,1,3,2,2
2,14,3,26,0.4,2,2,2,1,0,259.02,1,12,1,1,2,2,11,1,3,2,2
2,14,3,27,0.2,1,1,1,1,1,209.13,1,13,3,1,3,1,18,3,1,3,1
2,14,3,28,0.8,1,3,1,1,1,202.33,1,4,1,3,1,3,12,3,3,1,1
2,14,3,29,0.1,1,3,1,1,1,238,1,5,3,1,3,1,3,1,3,3,1
2,14,3,30,0.1,1,1,1,1,1,242.97,1,17,3,1,3,1,2,3,3,3,3
2,14,3,31,0.4,2,1,2,2,1,263.58,1,19,1,3,2,2,10,1,1,1,1
2,14,3,32,1.8,1,2,1,1,1,189.27,1,17,3,3,3,3,6,1,3,2,2
2,14,3,33,1.8,2,1,2,2,1,244.26,1,3,3,3,2,2,18,3,1,3,1
2,14,3,34,0.8,3,1,2,2,1,229.13,1,10,3,3,1,1,6,1,1,1,1
2,14,3,35,0.1,2,3,2,2,1,410.37,0,10,1,1,2,2,17,1,3,3,1
2,14,3,36,1.8,1,2,1,1,1,306.3,0,8,1,3,1,3,4,3,3,2,2
2,14,3,37,0.05,1,2,1,2,0,274.42,1,10,3,3,3,3,9,3,1,2,2
2,14,3,38,0.4,1,2,1,1,1,261.9,1,16,1,3,1,3,20,3,3,2,2
2,14,3,39,0.1,2,3,2,2,1,294.88,1,12,3,1,2,2,12,1,1,3,3
2,14,3,40,0.1,1,2,1,1,1,320.7,0,17,3,3,3,3,16,1,3,2,2
2,14,3,41,0.8,1,3,1,1,1,199.56,1,9,3,1,3,1,9,1,1,3,3
2,14,3,42,0.8,1,3,1,1,1,231.29,1,14,1,3,1,3,11,1,3,3,1
2,14,3,43,0.2,1,2,1,1,1,249.48,1,17,3,3,3,3,14,1,1,2,2
2,14,3,44,1.8,1,1,1,1,1,214.12,1,16,3,1,3,1,8,1,3,1,3
2,14,3,45,0.05,2,2,2,2,1,301.7,0,9,3,3,2,2,19,3,3,2,2
2,14,3,46,0.4,3,1,2,2,1,255.36,1,3,1,1,3,3,14,3,3,3,3
2,14,3,47,0.4,1,1,1,1,1,231.87,1,16,1,3,1,3,5,1,1,1,1
2,14,3,48,0.2,3,2,2,2,1,177.7,1,15,1,1,3,3,1,3,1,2,2
2,14,3,49,1.8,2,3,2,2,1,210.22,1,5,3,3,2,2,16,1,1,3,3
2,14,3,50,0.2,1,2,1,1,1,203.07,1,13,1,1,1,1,8,3,1,2,2
2,14,3,51,0.4,3,1,2,2,1,272.31,1,4,3,1,1,3,8,3,1,3,1
2,14,3,52,0.8,1,3,1,2,0,251.32,1,18,1,3,1,3,17,1,3,3,1
2,14,3,53,1.8,1,1,1,1,1,199.77,1,16,1,1,1,1,13,3,3,3,3
2,14,3,54,0.1,3,1,2,2,1,273.79,1,4,3,3,1,1,6,1,3,1,3
2,14,3,55,0.4,1,1,1,1,1,201.57,1,1,1,3,1,3,7,3,3,3,3
2,14,3,56,0.2,1,3,1,2,0,247.77,1,17,1,3,1,3,11,3,3,1,1
2,14,3,57,0.1,1,1,1,1,1,283.18,1,18,1,3,1,3,10,3,3,3,3
2,14,3,58,1.8,1,2,1,1,1,170.1,1,20,3,1,3,1,2,1,1,2,2
2,14,3,59,0.2,3,3,2,2,1,259.27,1,4,1,1,3,3,13,3,1,1,3
2,14,3,60,1.8,1,1,1,1,1,191.75,1,3,1,1,1,1,7,3,3,3,3
2,14,3,61,0.05,1,1,1,1,1,293.34,1,17,1,3,1,3,16,3,3,3,3
2,14,3,62,0.8,1,1,1,1,1,212.98,1,9,3,3,3,3,1,3,3,3,3
2,14,3,63,0.05,1,1,1,1,1,295.01,1,18,1,3,1,3,15,1,1,1,1
2,14,3,64,0.05,3,3,2,2,1,264.92,1,19,1,1,3,3,20,1,3,3,1
2,14,3,65,0.05,1,2,1,1,1,249.63,1,9,3,3,3,3,8,3,1,2,2
2,14,3,66,1.8,1,3,1,1,1,186.81,1,10,3,1,3,1,20,3,1,1,3
2,14,3,67,0.2,1,2,1,1,1,190.01,1,4,1,3,1,3,17,3,3,2,2
2,14,3,68,0.05,1,3,1,1,1,251.93,1,15,1,3,1,3,1,3,3,1,1
2,14,3,69,1.8,1,1,1,1,1,192.62,1,18,3,1,3,1,5,1,1,1,1
2,14,3,70,0.1,3,1,2,2,1,316.56,0,15,3,1,1,3,5,3,1,3,1
2,14,3,71,0.05,1,2,1,1,1,252.15,1,17,3,3,3,3,17,1,1,2,2
2,14,3,72,0.2,1,3,1,1,1,233.07,1,4,3,1,3,1,15,1,3,3,1
2,14,3,73,0.8,3,2,2,2,1,207.89,1,13,3,3,1,1,14,3,1,2,2
2,14,3,74,0.4,3,1,2,2,1,257.71,1,16,1,1,3,3,3,3,3,3,3
2,14,3,75,0.4,2,1,2,2,1,205.56,1,19,1,3,2,2,18,3,3,3,3
2,14,3,76,0.05,1,1,1,1,1,269.03,1,13,3,1,3,1,20,1,1,1,1
2,14,3,77,0.1,1,1,1,1,1,298.08,1,11,1,1,1,1,1,3,1,3,1
2,14,3,78,0.1,3,1,2,2,1,263.14,1,3,1,1,3,3,2,3,3,3,3
2,14,4,1,0.1,1,3,1,2,0,291.27,1,10,1,3,1,3,7,1,3,3,1
2,14,4,2,0.4,2,2,2,1,0,243.71,1,3,1,3,2,2,15,1,3,2,2
2,14,4,3,0.4,2,1,2,2,1,393.1,0,7,1,3,2,2,10,3,1,3,1
2,14,4,4,0.2,3,2,2,2,1,259.39,1,7,3,3,1,1,9,1,3,2,2
2,14,4,5,0.4,2,3,NaN,NaN,NaN,NaN,NaN,1,3,1,2,2,8,3,1,1,3
2,14,4,6,0.2,1,2,1,1,1,191.59,1,2,1,3,1,3,18,3,3,2,2
2,14,4,7,0.05,1,2,1,1,1,342.68,0,9,1,1,1,1,12,1,3,2,2
2,14,4,8,0.2,3,2,2,2,1,255.1,1,7,3,3,1,1,18,1,3,2,2
2,14,4,9,0.1,1,2,1,1,1,297.77,1,16,3,3,3,3,2,3,3,2,2
2,14,4,10,0.05,3,3,2,2,1,294.41,1,4,1,1,3,3,8,3,3,1,1
2,14,4,11,0.4,2,2,2,2,1,261.06,1,14,3,1,2,2,17,1,3,2,2
2,14,4,12,0.1,1,3,1,2,0,332.67,0,10,3,1,3,1,16,3,3,1,1
2,14,4,13,0.2,3,2,2,2,1,248.12,1,12,3,3,1,1,19,1,3,2,2
2,14,4,14,1.8,1,3,1,1,1,196.47,1,13,1,3,1,3,14,3,1,1,3
2,14,4,15,0.1,1,1,1,1,1,276.57,1,18,1,3,1,3,3,3,1,3,1
2,14,4,16,0.4,3,2,2,2,1,235.42,1,9,1,3,3,1,3,3,1,2,2
2,14,4,17,0.1,2,2,2,1,0,316.3,0,4,3,1,2,2,6,1,1,2,2
2,14,4,18,0.05,2,3,2,2,1,324.55,0,20,3,1,2,2,5,1,1,3,3
2,14,4,19,0.4,3,2,2,2,1,250.32,1,5,1,1,3,3,18,3,1,2,2
2,14,4,20,0.1,1,2,1,1,1,271.08,1,10,3,3,3,3,9,1,3,2,2
2,14,4,21,0.4,1,3,1,1,1,261.06,1,14,3,1,3,1,3,1,3,3,1
2,14,4,22,0.05,1,1,1,1,1,309.02,0,11,1,1,1,1,9,3,1,3,1
2,14,4,23,1.8,3,3,2,2,1,205.27,1,11,1,3,3,1,10,1,1,3,3
2,14,4,24,0.1,3,2,2,2,1,262.03,1,18,3,1,1,3,3,1,3,2,2
2,14,4,25,0.1,1,3,1,1,1,257.91,1,4,3,1,3,1,17,3,1,1,3
2,14,4,26,0.2,2,1,2,2,1,260.55,1,6,3,3,2,2,13,3,3,3,3
2,14,4,27,0.8,2,2,2,2,1,256.56,1,18,3,3,2,2,19,1,1,2,2
2,14,4,28,0.4,1,1,1,1,1,246.17,1,20,1,3,1,3,1,1,3,1,3
2,14,4,29,0.2,1,1,1,1,1,198.09,1,1,1,1,1,1,1,3,3,3,3
2,14,4,30,0.4,1,1,1,1,1,343.01,0,11,3,1,3,1,8,1,1,1,1
2,14,4,31,0.8,1,3,1,1,1,211.99,1,10,3,3,3,3,1,1,1,3,3
2,14,4,32,0.8,2,3,2,1,0,245.28,1,15,3,1,2,2,15,3,1,1,3
2,14,4,33,0.1,3,3,2,2,1,266.13,1,20,1,3,3,1,15,1,1,3,3
2,14,4,34,0.4,1,2,1,1,1,272.84,1,14,3,3,3,3,13,1,3,2,2
2,14,4,35,1.8,1,1,1,2,0,194.89,1,4,1,1,1,1,13,1,3,1,3
2,14,4,36,0.8,3,2,2,2,1,238.61,1,5,3,1,1,3,2,1,1,2,2
2,14,4,37,0.8,1,1,1,1,1,248.78,1,18,1,3,1,3,14,1,3,1,3
2,14,4,38,1.8,1,3,1,1,1,206.06,1,5,1,3,1,3,9,3,3,1,1
2,14,4,39,0.8,1,2,1,1,1,217.59,1,11,3,3,3,3,7,1,3,2,2
2,14,4,40,0.8,1,2,1,1,1,219.17,1,12,3,3,3,3,14,3,1,2,2
2,14,4,41,0.1,3,2,2,2,1,261.62,1,10,3,3,1,1,10,3,1,2,2
2,14,4,42,0.05,2,2,2,1,0,315.83,0,15,3,1,2,2,13,1,1,2,2
2,14,4,43,0.1,3,2,2,2,1,259.25,1,15,3,3,1,1,7,3,1,2,2
2,14,4,44,0.1,1,3,1,1,1,327.63,0,13,1,3,1,3,10,3,1,1,3
2,14,4,45,0.2,2,2,2,2,1,332.19,0,4,3,1,2,2,9,3,1,2,2
2,14,4,46,0.4,3,2,2,2,1,207.67,1,16,3,1,1,3,10,1,1,2,2
2,14,4,47,0.05,2,3,2,2,1,317.47,0,18,3,1,2,2,5,3,1,1,3
2,14,4,48,1.8,3,2,2,2,1,211.22,1,1,3,3,1,1,15,3,1,2,2
2,14,4,49,0.05,1,2,1,1,1,311.99,0,7,3,1,3,1,2,3,1,2,2
2,14,4,50,1.8,3,3,2,2,1,235.17,1,8,3,3,1,1,2,3,3,1,1
2,14,4,51,0.05,1,2,1,1,1,316.05,0,11,1,3,1,3,14,3,3,2,2
2,14,4,52,1.8,2,2,2,2,1,235.16,1,1,3,3,2,2,12,3,1,2,2
2,14,4,53,0.1,1,1,1,1,1,226.59,1,17,1,1,1,1,20,1,3,1,3
2,14,4,54,0.8,1,3,1,1,1,196.21,1,17,3,1,3,1,5,3,1,1,3
2,14,4,55,0.8,3,1,2,2,1,241.58,1,8,1,1,3,3,5,3,1,3,1
2,14,4,56,1.8,2,1,2,2,1,205.71,1,7,3,3,2,2,12,3,3,3,3
2,14,4,57,0.2,1,1,1,1,1,261.13,1,19,1,1,1,1,19,3,3,3,3
2,14,4,58,0.05,1,1,1,1,1,281.03,1,20,3,3,3,3,20,3,1,3,1
2,14,4,59,1.8,2,2,2,2,1,228.65,1,6,1,1,2,2,8,3,3,2,2
2,14,4,60,0.8,1,2,1,1,1,257.13,1,11,3,3,3,3,10,1,1,2,2
2,14,4,61,1.8,3,2,2,2,1,207.9,1,5,3,3,1,1,5,3,3,2,2
2,14,4,62,1.8,1,3,1,1,1,374.22,0,7,1,1,1,1,7,3,3,1,1
2,14,4,63,0.2,3,3,2,2,1,258.84,1,19,3,3,1,1,13,1,1,3,3
2,14,4,64,0.05,3,2,2,2,1,287.76,1,2,1,3,3,1,4,1,1,2,2
2,14,4,65,0.8,1,2,1,1,1,187.19,1,13,1,3,1,3,5,3,3,2,2
2,14,4,66,0.2,2,3,2,2,1,228.59,1,14,3,1,2,2,8,3,3,1,1
2,14,4,67,0.8,1,1,1,1,1,217.79,1,11,1,1,1,1,17,1,3,1,3
2,14,4,68,0.2,1,2,1,1,1,197.92,1,19,1,1,1,1,12,3,1,2,2
2,14,4,69,0.2,3,2,2,2,1,238.11,1,10,1,3,3,1,5,1,3,2,2
2,14,4,70,0.05,1,1,1,2,0,337.33,0,3,1,3,1,3,8,3,1,3,1
2,14,4,71,0.4,2,1,2,1,0,265.84,1,15,3,3,2,2,12,1,3,1,3
2,14,4,72,1.8,3,1,2,2,1,244.22,1,14,3,1,1,3,3,1,1,1,1
2,14,4,73,0.2,1,2,1,1,1,248.42,1,19,1,3,1,3,18,1,3,2,2
2,14,4,74,0.05,2,2,2,2,1,236.07,1,19,1,3,2,2,5,1,3,2,2
2,14,4,75,0.8,1,3,1,1,1,204.08,1,4,1,3,1,3,1,3,3,1,1
2,14,4,76,1.8,3,1,2,2,1,209.92,1,7,3,1,1,3,2,1,3,1,3
2,14,4,77,0.4,2,1,2,1,0,309.62,0,4,1,1,2,2,6,3,3,3,3
2,14,4,78,0.05,1,3,1,1,1,308.41,0,6,3,1,3,1,9,3,1,1,3
2,14,5,1,0.8,1,2,1,2,0,227.55,1,18,3,1,3,1,13,1,1,2,2
2,14,5,2,1.8,1,3,1,1,1,192.46,1,20,1,3,1,3,11,1,1,3,3
2,14,5,3,0.05,3,2,2,2,1,271.64,1,16,3,3,1,1,12,1,1,2,2
2,14,5,4,0.05,2,1,2,2,1,279.82,1,14,1,3,2,2,8,1,3,1,3
2,14,5,5,0.05,1,3,1,2,0,307.82,0,17,1,1,1,1,9,3,3,1,1
2,14,5,6,1.8,3,1,2,2,1,243.82,1,14,3,1,1,3,18,3,3,3,3
2,14,5,7,0.05,1,3,1,1,1,241.79,1,15,3,3,3,3,8,3,1,1,3
2,14,5,8,0.8,2,3,2,2,1,218.67,1,8,3,3,2,2,1,3,1,1,3
2,14,5,9,1.8,3,3,2,2,1,203.96,1,1,3,1,1,3,11,3,1,1,3
2,14,5,10,0.4,1,1,1,1,1,206.97,1,7,1,3,1,3,2,3,1,3,1
2,14,5,11,0.4,1,2,1,1,1,209.64,1,17,1,1,1,1,10,3,3,2,2
2,14,5,12,0.2,2,2,2,2,1,241.86,1,20,3,3,2,2,17,1,1,2,2
2,14,5,13,0.8,1,2,1,1,1,204.79,1,4,3,1,3,1,9,1,1,2,2
2,14,5,14,1.8,2,3,2,2,1,213.95,1,14,3,1,2,2,1,3,3,1,1
2,14,5,15,1.8,1,1,1,1,1,188.5,1,1,3,3,3,3,4,3,1,3,1
2,14,5,16,0.1,1,1,1,1,1,268.26,1,19,3,1,3,1,5,1,3,1,3
2,14,5,17,0.2,3,2,2,2,1,255.23,1,19,3,1,1,3,19,1,1,2,2
2,14,5,18,0.8,1,1,1,1,1,199.82,1,6,3,1,3,1,7,1,3,1,3
2,14,5,19,0.1,2,2,2,2,1,332.19,0,14,1,3,2,2,17,1,3,2,2
2,14,5,20,0.8,1,3,1,1,1,206.92,1,3,3,3,3,3,4,3,1,1,3
2,14,5,21,0.1,1,3,1,2,0,345.03,0,6,3,1,3,1,7,3,3,1,1
2,14,5,22,0.8,1,3,1,1,1,200.59,1,17,3,1,3,1,6,3,3,1,1
2,14,5,23,0.2,1,2,1,1,1,169.75,1,6,1,3,1,3,11,1,3,2,2
2,14,5,24,0.1,3,1,2,2,1,294.76,1,13,1,1,3,3,11,1,3,1,3
2,14,5,25,0.8,1,2,1,1,1,251.51,1,15,3,1,3,1,17,3,1,2,2
2,14,5,26,1.8,1,3,1,2,0,231.5,1,14,3,3,3,3,9,1,3,3,1
2,14,5,27,0.1,2,2,2,1,0,269.38,1,12,3,1,2,2,11,1,3,2,2
2,14,5,28,1.8,2,1,2,2,1,195.04,1,9,1,1,2,2,3,3,3,3,3
2,14,5,29,0.8,1,2,1,1,1,231.31,1,2,3,3,3,3,16,1,3,2,2
2,14,5,30,0.4,3,2,2,2,1,225.58,1,6,1,3,3,1,11,1,1,2,2
2,14,5,31,0.4,3,1,2,2,1,218.11,1,5,1,1,3,3,9,1,3,1,3
2,14,5,32,0.8,1,1,1,1,1,272.97,1,20,3,3,3,3,10,1,3,1,3
2,14,5,33,1.8,1,3,1,1,1,208.91,1,2,3,3,3,3,5,3,3,1,1
2,14,5,34,0.05,1,2,1,2,0,324.89,0,20,1,1,1,1,3,3,1,2,2
2,14,5,35,0.2,1,3,1,1,1,115.13,1,5,3,1,3,1,1,1,3,3,1
2,14,5,36,0.2,3,2,2,2,1,230.91,1,14,3,3,1,1,4,1,3,2,2
2,14,5,37,0.1,1,1,1,1,1,257.61,1,18,1,1,1,1,19,1,3,1,3
2,14,5,38,0.1,1,1,1,1,1,252.46,1,5,3,1,3,1,12,3,3,3,3
2,14,5,39,0.4,3,2,2,2,1,197.12,1,6,3,3,1,1,4,3,3,2,2
2,14,5,40,0.05,2,1,2,1,0,322.14,0,12,3,1,2,2,19,1,1,1,1
2,14,5,41,0.2,1,1,1,1,1,233.71,1,1,1,1,1,1,16,3,3,3,3
2,14,5,42,0.4,2,1,2,2,1,263.33,1,12,1,1,2,2,14,3,3,3,3
2,14,5,43,1.8,2,3,2,2,1,253.26,1,19,1,1,2,2,15,3,1,1,3
2,14,5,44,0.1,1,1,1,1,1,331.05,0,13,3,1,3,1,14,1,3,1,3
2,14,5,45,1.8,1,1,1,1,1,199.81,1,15,3,1,3,1,14,1,1,1,1
2,14,5,46,0.2,3,3,2,2,1,235.45,1,1,3,1,1,3,8,1,3,3,1
2,14,5,47,1.8,1,3,NaN,NaN,NaN,NaN,NaN,1,1,3,1,3,7,3,3,1,1
2,14,5,48,0.1,1,1,1,1,1,293.47,1,15,1,3,1,3,5,1,1,1,1
2,14,5,49,0.2,2,1,2,2,1,277.21,1,16,3,3,2,2,4,3,3,3,3
2,14,5,50,0.8,3,2,2,2,1,191.11,1,1,1,1,3,3,14,3,1,2,2
2,14,5,51,1.8,2,2,2,2,1,203.59,1,2,1,3,2,2,10,3,3,2,2
2,14,5,52,0.05,2,3,2,2,1,343.14,0,7,3,3,2,2,7,3,3,1,1
2,14,5,53,0.1,1,3,1,2,0,361.81,0,8,3,3,3,3,12,1,3,3,1
2,14,5,54,0.4,1,2,1,1,1,234.92,1,17,1,3,1,3,5,3,1,2,2
2,14,5,55,0.2,1,3,1,1,1,258.77,1,6,3,3,3,3,14,3,3,1,1
2,14,5,56,0.2,2,3,2,2,1,262.81,1,3,3,1,2,2,7,1,1,3,3
2,14,5,57,0.1,3,1,2,2,1,310.93,0,20,3,1,1,3,15,1,1,1,1
2,14,5,58,0.4,2,3,2,2,1,233.21,1,6,3,3,2,2,4,3,3,1,1
2,14,5,59,0.05,1,1,1,1,1,271.21,1,1,3,3,3,3,4,3,1,3,1
2,14,5,60,0.4,1,3,1,2,0,254.47,1,10,3,1,3,1,9,3,1,1,3
2,14,5,61,0.05,1,3,1,1,1,260.66,1,6,1,3,1,3,2,1,1,3,3
2,14,5,62,0.2,3,1,2,2,1,203.85,1,11,3,1,1,3,19,3,3,3,3
2,14,5,63,0.1,1,2,1,1,1,265.45,1,16,1,1,1,1,14,1,3,2,2
2,14,5,64,0.05,3,3,2,2,1,252.7,1,16,1,3,3,1,13,1,3,3,1
2,14,5,65,0.4,3,3,2,2,1,259.25,1,5,1,3,3,1,7,3,3,1,1
2,14,5,66,0.4,2,1,2,2,1,257.08,1,4,3,3,2,2,17,1,1,1,1
2,14,5,67,0.4,1,2,1,1,1,273.2,1,6,1,1,1,1,9,3,1,2,2
2,14,5,68,1.8,1,2,1,1,1,235.2,1,8,1,1,1,1,5,3,1,2,2
2,14,5,69,0.2,3,2,2,2,1,239.21,1,17,1,3,3,1,5,1,1,2,2
2,14,5,70,0.05,1,2,1,1,1,305.61,0,17,3,1,3,1,10,1,3,2,2
2,14,5,71,0.05,2,2,2,1,0,341.87,0,10,1,3,2,2,18,1,3,2,2
2,14,5,72,0.8,2,1,2,2,1,240.65,1,2,1,3,2,2,5,3,1,3,1
2,14,5,73,0.1,1,2,1,1,1,283.09,1,14,3,1,3,1,4,1,3,2,2
2,14,5,74,0.4,2,3,2,1,0,233.38,1,12,1,3,2,2,8,1,1,3,3
2,14,5,75,0.8,2,3,2,2,1,270.8,1,4,3,1,2,2,13,3,3,1,1
2,14,5,76,0.2,3,3,2,2,1,319.68,0,17,1,1,3,3,9,1,1,3,3
2,14,5,77,0.05,1,1,1,1,1,281.48,1,17,1,1,1,1,16,3,1,3,1
2,14,5,78,0.8,3,2,NaN,NaN,NaN,NaN,NaN,5,1,3,3,1,5,1,3,2,2
2,14,6,1,1.8,2,3,2,2,1,222.76,1,5,1,1,2,2,10,3,3,1,1
2,14,6,2,0.4,2,1,2,2,1,295.24,1,18,1,3,2,2,14,3,3,3,3
2,14,6,3,0.05,1,3,1,1,1,243.08,1,8,3,3,3,3,13,3,3,1,1
2,14,6,4,1.8,2,1,2,2,1,247.96,1,5,1,1,2,2,13,1,3,1,3
2,14,6,5,0.1,1,1,1,1,1,256.54,1,4,3,1,3,1,14,1,3,1,3
2,14,6,6,0.1,1,2,1,1,1,206.65,1,6,3,3,3,3,18,3,1,2,2
2,14,6,7,0.05,1,3,1,1,1,270.54,1,12,1,1,1,1,10,3,3,1,1
2,14,6,8,1.8,1,2,1,1,1,188.58,1,5,1,3,1,3,20,1,1,2,2
2,14,6,9,0.2,1,1,1,1,1,244.25,1,15,1,1,1,1,4,1,3,1,3
2,14,6,10,0.1,3,1,2,2,1,295.33,1,5,3,3,1,1,4,1,3,1,3
2,14,6,11,0.4,1,3,1,1,1,252.79,1,8,3,1,3,1,6,3,1,1,3
2,14,6,12,0.1,1,1,1,1,1,275.11,1,20,1,1,1,1,11,3,3,3,3
2,14,6,13,0.8,1,3,1,1,1,214.39,1,14,1,3,1,3,15,1,1,3,3
2,14,6,14,0.4,1,2,1,1,1,230.75,1,4,1,1,1,1,20,3,3,2,2
2,14,6,15,0.8,3,1,2,2,1,206.08,1,9,3,3,1,1,9,1,3,1,3
2,14,6,16,0.1,1,2,1,1,1,251.33,1,17,1,1,1,1,1,1,3,2,2
2,14,6,17,1.8,2,2,2,2,1,239.91,1,16,1,3,2,2,13,3,3,2,2
2,14,6,18,0.2,3,3,2,2,1,278.76,1,2,3,1,1,3,6,3,3,1,1
2,14,6,19,0.1,1,2,1,1,1,235.39,1,9,3,3,3,3,6,1,3,2,2
2,14,6,20,0.2,1,3,1,1,1,292.65,1,19,3,3,3,3,5,3,3,1,1
2,14,6,21,0.8,1,1,1,1,1,223.16,1,3,3,1,3,1,6,3,1,3,1
2,14,6,22,0.05,1,3,1,2,0,360.38,0,10,3,1,3,1,4,3,1,1,3
2,14,6,23,0.8,3,1,2,2,1,225.83,1,18,3,3,1,1,17,1,1,1,1
2,14,6,24,0.1,1,3,1,1,1,262,1,12,3,3,3,3,1,1,1,3,3
2,14,6,25,0.05,3,3,2,2,1,346.82,0,16,3,1,1,3,5,1,1,3,3
2,14,6,26,0.2,1,2,1,1,1,237.72,1,18,1,1,1,1,1,1,1,2,2
2,14,6,27,0.2,1,2,1,1,1,180.23,1,17,1,1,1,1,1,3,3,2,2
2,14,6,28,0.4,1,2,NaN,NaN,NaN,NaN,NaN,9,3,1,3,1,17,1,1,2,2
2,14,6,29,1.8,1,2,1,1,1,209.9,1,14,1,1,1,1,5,3,1,2,2
2,14,6,30,0.8,1,3,1,2,0,306.67,0,12,1,3,1,3,13,1,3,3,1
2,14,6,31,0.8,3,3,2,2,1,225.88,1,15,1,3,3,1,11,1,1,3,3
2,14,6,32,0.4,2,2,2,2,1,274.77,1,9,1,3,2,2,5,3,3,2,2
2,14,6,33,1.8,1,3,1,1,1,207.01,1,19,3,3,3,3,19,1,3,3,1
2,14,6,34,0.2,3,3,2,2,1,252.08,1,2,1,3,3,1,5,3,3,1,1
2,14,6,35,0.05,2,2,2,2,1,337.1,0,17,3,1,2,2,19,3,1,2,2
2,14,6,36,1.8,1,3,1,1,1,203.33,1,9,3,1,3,1,1,3,1,1,3
2,14,6,37,0.05,3,2,2,2,1,327.52,0,14,3,3,1,1,7,1,3,2,2
2,14,6,38,0.8,1,2,1,1,1,182.7,1,18,1,1,1,1,8,3,3,2,2
2,14,6,39,0.2,2,2,2,2,1,269.64,1,19,1,1,2,2,4,1,1,2,2
2,14,6,40,0.8,3,2,2,2,1,243.22,1,12,1,3,3,1,4,3,3,2,2
2,14,6,41,0.8,1,3,1,1,1,212.56,1,1,1,1,1,1,4,1,1,3,3
2,14,6,42,0.8,1,3,1,1,1,239.91,1,10,3,3,3,3,18,1,1,3,3
2,14,6,43,0.05,2,3,2,1,0,302.07,0,4,3,3,2,2,20,3,1,1,3
2,14,6,44,0.05,2,1,2,1,0,276.44,1,2,3,1,2,2,19,1,1,1,1
2,14,6,45,1.8,1,1,NaN,NaN,NaN,NaN,NaN,20,1,3,1,3,5,1,3,1,3
2,14,6,46,0.8,1,1,1,1,1,198.11,1,3,1,3,1,3,6,3,1,3,1
2,14,6,47,0.4,3,3,2,2,1,223.18,1,17,1,1,3,3,16,3,1,1,3
2,14,6,48,0.05,2,1,2,1,0,321.9,0,20,3,1,2,2,6,3,3,3,3
2,14,6,49,0.05,2,1,2,2,1,299.19,1,4,3,1,2,2,20,3,1,3,1
2,14,6,50,0.4,1,1,1,1,1,239.51,1,2,1,3,1,3,11,3,3,3,3
2,14,6,51,1.8,1,3,1,1,1,212.8,1,7,1,1,1,1,19,1,3,3,1
2,14,6,52,0.2,3,1,2,2,1,225.25,1,2,3,1,1,3,8,3,3,3,3
2,14,6,53,0.1,3,3,2,2,1,267.67,1,15,3,3,1,1,14,3,1,1,3
2,14,6,54,0.4,1,2,1,1,1,270.97,1,11,1,3,1,3,17,3,1,2,2
2,14,6,55,0.4,1,2,1,1,1,253.04,1,9,3,3,3,3,15,3,3,2,2
2,14,6,56,0.05,1,2,1,1,1,302.69,0,14,3,1,3,1,11,3,1,2,2
2,14,6,57,0.05,3,1,2,2,1,321.51,0,1,3,1,1,3,3,3,1,3,1
2,14,6,58,0.1,1,1,1,1,1,239.87,1,20,3,3,3,3,3,3,3,3,3
2,14,6,59,0.05,3,3,2,2,1,281.19,1,3,3,3,1,1,12,3,1,1,3
2,14,6,60,1.8,2,3,2,2,1,251.29,1,15,1,1,2,2,10,1,3,3,1
2,14,6,61,0.4,2,3,2,2,1,251.65,1,5,1,3,2,2,6,3,1,1,3
2,14,6,62,0.2,1,2,1,1,1,286.87,1,16,3,3,3,3,17,1,1,2,2
2,14,6,63,1.8,1,1,NaN,NaN,NaN,NaN,NaN,10,1,3,1,3,6,3,3,3,3
2,14,6,64,0.1,2,3,2,2,1,209.74,1,2,1,1,2,2,12,3,3,1,1
2,14,6,65,0.2,2,2,2,2,1,231.19,1,19,3,1,2,2,13,3,1,2,2
2,14,6,66,1.8,3,3,2,2,1,262.85,1,17,3,1,1,3,15,3,3,1,1
2,14,6,67,0.1,3,1,2,2,1,284.21,1,18,1,3,3,1,19,1,1,1,1
2,14,6,68,0.4,2,1,2,1,0,239.55,1,9,1,3,2,2,9,3,1,3,1
2,14,6,69,0.4,2,2,2,2,1,245.75,1,4,3,1,2,2,1,1,3,2,2
2,14,6,70,0.1,2,1,2,2,1,240.17,1,7,3,1,2,2,7,1,1,1,1
2,14,6,71,0.2,3,3,2,2,1,241.15,1,14,3,1,1,3,8,3,3,1,1
2,14,6,72,0.8,1,3,1,1,1,220.51,1,11,1,1,1,1,12,3,3,1,1
2,14,6,73,1.8,3,2,NaN,NaN,NaN,NaN,NaN,6,3,1,1,3,15,3,3,2,2
2,14,6,74,0.2,2,1,2,2,1,330.81,0,10,1,3,2,2,3,3,1,3,1
2,14,6,75,0.8,1,3,1,1,1,283.65,1,1,3,3,3,3,12,1,1,3,3
2,14,6,76,0.2,2,1,2,1,0,281.59,1,17,3,3,2,2,17,3,3,3,3
2,14,6,77,0.4,1,2,1,1,1,246.83,1,3,1,3,1,3,9,1,1,2,2
2,14,6,78,0.1,3,2,2,2,1,244.39,1,6,3,3,1,1,18,3,1,2,2
2,14,7,1,0.4,1,2,1,1,1,220.03,1,8,3,3,3,3,7,1,1,2,2
2,14,7,2,0.2,1,1,1,1,1,247.6,1,9,3,1,3,1,15,1,1,1,1
2,14,7,3,1.8,1,3,1,1,1,197.62,1,10,1,3,1,3,3,1,3,3,1
2,14,7,4,0.1,1,1,1,1,1,232.98,1,8,1,1,1,1,20,1,1,1,1
2,14,7,5,0.4,2,2,2,2,1,251.6,1,14,1,3,2,2,10,3,1,2,2
2,14,7,6,0.05,3,1,2,2,1,317.97,0,14,3,1,1,3,18,1,3,1,3
2,14,7,7,0.8,2,2,2,1,0,213.03,1,2,3,1,2,2,18,1,3,2,2
2,14,7,8,0.8,1,1,1,1,1,200.48,1,15,1,3,1,3,14,1,1,1,1
2,14,7,9,0.05,2,2,2,2,1,272.05,1,19,3,1,2,2,3,1,1,2,2
2,14,7,10,0.05,3,1,2,2,1,280.24,1,8,3,3,1,1,14,1,3,1,3
2,14,7,11,1.8,1,3,1,2,0,216.08,1,7,1,1,1,1,6,3,3,1,1
2,14,7,12,0.2,2,1,2,1,0,256.25,1,18,3,1,2,2,12,3,3,3,3
2,14,7,13,0.8,1,3,NaN,NaN,NaN,NaN,NaN,11,1,1,1,1,15,3,1,1,3
2,14,7,14,0.1,3,2,2,2,1,283.2,1,13,3,3,1,1,13,3,1,2,2
2,14,7,15,0.8,1,2,NaN,NaN,NaN,NaN,NaN,18,1,3,1,3,4,3,1,2,2
2,14,7,16,0.4,2,2,2,2,1,213.36,1,16,3,3,2,2,10,3,3,2,2
2,14,7,17,1.8,1,3,1,2,0,204.46,1,1,3,3,3,3,19,1,1,3,3
2,14,7,18,0.1,1,3,1,1,1,256.65,1,14,1,3,1,3,10,1,1,3,3
2,14,7,19,0.2,1,2,1,1,1,257.33,1,9,1,3,1,3,20,1,1,2,2
2,14,7,20,0.8,1,2,1,1,1,245,1,15,1,3,1,3,8,1,3,2,2
2,14,7,21,0.2,3,3,2,2,1,316.02,0,8,3,3,1,1,15,3,3,1,1
2,14,7,22,1.8,1,1,1,1,1,261.92,1,14,3,1,3,1,12,1,3,1,3
2,14,7,23,0.4,3,3,2,2,1,274.34,1,20,1,1,3,3,19,1,1,3,3
2,14,7,24,1.8,1,1,1,1,1,229.33,1,3,3,3,3,3,12,3,1,3,1
2,14,7,25,0.2,3,2,2,2,1,280.55,1,2,3,1,1,3,1,1,3,2,2
2,14,7,26,1.8,1,2,1,1,1,205.79,1,16,1,1,1,1,10,1,3,2,2
2,14,7,27,1.8,1,3,NaN,NaN,NaN,NaN,NaN,18,3,1,3,1,15,1,1,3,3
2,14,7,28,0.1,2,2,2,2,1,292.66,1,2,3,3,2,2,11,1,1,2,2
2,14,7,29,0.1,1,3,1,1,1,298.71,1,17,1,1,1,1,19,1,1,3,3
2,14,7,30,0.05,2,3,2,1,0,300.38,0,11,3,1,2,2,3,1,1,3,3
2,14,7,31,0.05,1,1,1,1,1,273.38,1,20,1,1,1,1,3,3,3,3,3
2,14,7,32,0.4,3,2,2,2,1,249.24,1,15,1,3,3,1,13,3,1,2,2
2,14,7,33,0.8,1,2,1,1,1,203.55,1,18,3,3,3,3,9,1,3,2,2
2,14,7,34,0.2,2,1,2,2,1,281.8,1,18,1,1,2,2,10,3,3,3,3
2,14,7,35,0.4,2,1,2,2,1,246.12,1,8,1,1,2,2,10,3,3,3,3
2,14,7,36,0.1,2,3,2,1,0,311.63,0,8,1,1,2,2,10,1,1,3,3
2,14,7,37,0.4,3,3,2,2,1,246.09,1,12,1,1,3,3,3,1,1,3,3
2,14,7,38,0.2,2,2,2,2,1,333.31,0,8,3,3,2,2,18,1,1,2,2
2,14,7,39,0.2,1,3,1,1,1,293.3,1,10,3,1,3,1,12,3,3,1,1
2,14,7,40,1.8,1,2,1,1,1,245.34,1,2,3,1,3,1,12,1,1,2,2
2,14,7,41,0.8,2,3,NaN,NaN,NaN,NaN,NaN,18,3,3,2,2,14,3,3,1,1
2,14,7,42,0.4,1,1,1,2,0,389.95,0,2,1,3,1,3,20,1,1,1,1
2,14,7,43,0.05,1,1,1,1,1,323.94,0,14,3,1,3,1,7,3,1,3,1
2,14,7,44,0.8,2,3,2,2,1,215.01,1,2,3,3,2,2,4,1,1,3,3
2,14,7,45,1.8,3,3,2,2,1,183.05,1,17,1,1,3,3,15,3,3,1,1
2,14,7,46,0.4,1,2,1,1,1,268.93,1,9,3,3,3,3,6,1,1,2,2
2,14,7,47,0.2,1,1,1,1,1,296.43,1,20,1,1,1,1,7,3,1,3,1
2,14,7,48,0.4,2,3,2,2,1,265.81,1,13,3,1,2,2,2,3,1,1,3
2,14,7,49,0.8,2,2,NaN,NaN,NaN,NaN,NaN,4,1,3,2,2,6,3,1,2,2
2,14,7,50,1.8,1,1,1,2,0,242.48,1,16,1,1,1,1,20,3,1,3,1
2,14,7,51,0.05,2,1,2,2,1,318.88,0,14,1,3,2,2,20,1,1,1,1
2,14,7,52,1.8,1,1,1,1,1,204.23,1,13,1,1,1,1,18,1,3,1,3
2,14,7,53,0.1,3,1,2,2,1,298.41,1,9,1,3,3,1,11,3,1,3,1
2,14,7,54,0.2,1,2,1,1,1,260.51,1,4,3,3,3,3,13,1,1,2,2
2,14,7,55,0.4,3,2,2,2,1,213.71,1,15,1,1,3,3,1,3,1,2,2
2,14,7,56,0.1,1,1,1,1,1,244.14,1,15,1,1,1,1,13,3,3,3,3
2,14,7,57,0.4,1,2,1,1,1,247.81,1,17,3,1,3,1,8,1,1,2,2
2,14,7,58,0.8,3,2,2,2,1,265.68,1,17,1,1,3,3,16,1,3,2,2
2,14,7,59,1.8,1,2,1,1,1,200.95,1,13,3,3,3,3,2,3,1,2,2
2,14,7,60,0.1,1,3,1,1,1,298.15,1,6,3,1,3,1,13,3,3,1,1
2,14,7,61,0.05,2,2,2,2,1,325.03,0,14,1,1,2,2,17,1,1,2,2
2,14,7,62,0.1,1,3,1,1,1,287.19,1,18,1,3,1,3,10,3,3,1,1
2,14,7,63,0.2,2,2,2,2,1,256.04,1,15,3,3,2,2,5,3,1,2,2
2,14,7,64,0.1,3,3,2,2,1,299.62,1,3,3,1,1,3,15,1,3,3,1
2,14,7,65,0.8,1,1,1,1,1,222.23,1,5,3,1,3,1,5,1,3,1,3
2,14,7,66,0.05,2,3,2,2,1,304.45,0,19,3,1,2,2,14,3,1,1,3
2,14,7,67,0.4,3,1,2,2,1,213.65,1,11,1,1,3,3,13,3,3,3,3
2,14,7,68,0.05,1,1,1,1,1,341.38,0,15,3,3,3,3,16,3,3,3,3
2,14,7,69,0.1,1,2,1,1,1,204.36,1,5,1,3,1,3,4,1,1,2,2
2,14,7,70,0.2,3,1,2,2,1,225.18,1,14,3,3,1,1,8,1,1,1,1
2,14,7,71,0.2,1,1,1,1,1,265.13,1,6,3,3,3,3,9,3,1,3,1
2,14,7,72,0.8,3,2,2,2,1,248.33,1,16,1,1,3,3,14,1,1,2,2
2,14,7,73,1.8,2,1,2,1,0,181.97,1,3,1,3,2,2,10,3,1,3,1
2,14,7,74,0.05,1,1,1,1,1,264.45,1,5,3,3,3,3,15,1,3,1,3
2,14,7,75,0.1,1,2,1,1,1,237.27,1,8,1,1,1,1,3,3,1,2,2
2,14,7,76,0.05,1,1,1,1,1,264.71,1,14,1,3,1,3,12,1,1,1,1
2,14,7,77,0.05,1,2,1,1,1,272.08,1,18,1,3,1,3,18,3,3,2,2
2,14,7,78,0.8,3,3,2,2,1,245.43,1,15,3,3,1,1,3,3,3,1,1
2,14,8,1,1.8,1,3,1,1,1,220.47,1,1,3,3,3,3,11,1,1,3,3
2,14,8,2,1.8,1,1,1,1,1,219.51,1,11,3,1,3,1,15,1,3,1,3
2,14,8,3,0.4,1,3,1,1,1,225.22,1,19,3,1,3,1,15,3,1,1,3
2,14,8,4,0.8,1,2,NaN,NaN,NaN,NaN,NaN,3,3,3,3,3,8,3,1,2,2
2,14,8,5,1.8,2,2,NaN,NaN,NaN,NaN,NaN,19,1,3,2,2,17,1,3,2,2
2,14,8,6,0.1,1,3,1,1,1,332.77,0,17,1,1,1,1,3,1,1,3,3
2,14,8,7,0.4,2,1,2,2,1,250.18,1,14,3,3,2,2,18,3,3,3,3
2,14,8,8,0.2,1,2,1,1,1,248.17,1,15,1,3,1,3,8,1,1,2,2
2,14,8,9,0.05,2,3,2,1,0,288.92,1,15,1,3,2,2,9,1,3,3,1
2,14,8,10,0.2,1,2,1,1,1,285.93,1,2,1,1,1,1,2,1,1,2,2
2,14,8,11,0.2,1,1,1,1,1,212.9,1,17,3,1,3,1,18,3,3,3,3
2,14,8,12,0.05,1,1,1,1,1,294.46,1,18,1,1,1,1,12,1,3,1,3
2,14,8,13,0.05,2,2,2,2,1,349.75,0,8,3,1,2,2,11,1,1,2,2
2,14,8,14,0.1,1,3,1,2,0,316.05,0,2,3,1,3,1,5,3,1,1,3
2,14,8,15,0.2,2,1,2,2,1,322.84,0,6,3,1,2,2,19,1,1,1,1
2,14,8,16,0.05,1,3,1,1,1,398.85,0,3,3,1,3,1,19,3,1,1,3
2,14,8,17,0.05,1,2,1,1,1,257.05,1,11,1,1,1,1,9,3,1,2,2
2,14,8,18,0.2,1,2,1,1,1,121.71,1,15,3,3,3,3,14,3,1,2,2
2,14,8,19,0.2,1,3,1,2,0,279.94,1,16,1,3,1,3,1,3,3,1,1
2,14,8,20,0.05,2,1,2,2,1,292.67,1,2,1,3,2,2,13,1,1,1,1
2,14,8,21,0.1,3,1,2,2,1,264.37,1,4,3,1,1,3,10,3,3,3,3
2,14,8,22,0.8,1,1,1,1,1,227.42,1,12,3,1,3,1,14,3,3,3,3
2,14,8,23,0.2,3,1,2,2,1,179.85,1,12,1,1,3,3,9,3,3,3,3
2,14,8,24,1.8,1,2,1,1,1,202.71,1,6,1,3,1,3,16,1,3,2,2
2,14,8,25,0.05,2,3,2,2,1,267.2,1,6,3,3,2,2,20,3,3,1,1
2,14,8,26,0.05,2,3,2,2,1,320.47,0,1,3,1,2,2,2,1,3,3,1
2,14,8,27,0.4,2,3,2,2,1,258.57,1,4,3,1,2,2,20,3,3,1,1
2,14,8,28,0.8,2,2,2,2,1,196.12,1,2,3,3,2,2,12,3,1,2,2
2,14,8,29,0.4,2,1,2,2,1,206.21,1,17,3,1,2,2,19,1,3,1,3
2,14,8,30,1.8,2,3,2,2,1,200.58,1,14,1,3,2,2,7,1,3,3,1
2,14,8,31,0.2,1,2,1,1,1,279.31,1,16,3,1,3,1,12,3,1,2,2
2,14,8,32,0.2,1,3,1,1,1,281.69,1,12,3,1,3,1,14,3,3,1,1
2,14,8,33,0.4,3,3,2,2,1,-4.1201,2,4,3,1,1,3,2,3,3,1,1
2,14,8,34,0.05,2,2,2,2,1,348.14,0,5,1,3,2,2,2,3,3,2,2
2,14,8,35,0.1,2,3,2,2,1,342.32,0,6,1,3,2,2,15,1,3,3,1
2,14,8,36,0.4,1,2,1,1,1,268.7,1,4,1,3,1,3,3,1,3,2,2
2,14,8,37,0.4,2,2,2,2,1,272.27,1,4,1,1,2,2,14,1,1,2,2
2,14,8,38,0.2,1,2,1,1,1,339.49,0,18,1,3,1,3,18,3,1,2,2
2,14,8,39,0.2,2,1,2,2,1,318.92,0,10,1,1,2,2,5,3,1,3,1
2,14,8,40,0.8,2,2,2,2,1,227.98,1,8,1,3,2,2,15,3,1,2,2
2,14,8,41,0.4,3,1,2,1,0,226.47,1,4,1,1,3,3,1,3,3,3,3
2,14,8,42,0.8,1,2,1,1,1,273.84,1,11,1,3,1,3,12,3,1,2,2
2,14,8,43,0.1,1,3,1,1,1,227.4,1,6,1,3,1,3,5,1,1,3,3
2,14,8,44,0.4,2,3,2,2,1,209.41,1,14,1,1,2,2,18,3,1,1,3
2,14,8,45,0.1,1,2,1,1,1,242.62,1,1,1,3,1,3,12,1,1,2,2
2,14,8,46,0.2,3,3,2,2,1,249.49,1,7,3,3,1,1,9,3,1,1,3
2,14,8,47,0.2,1,1,1,1,1,246.26,1,10,3,3,3,3,16,1,1,1,1
2,14,8,48,0.05,1,1,1,1,1,293.68,1,18,1,1,1,1,17,3,3,3,3
2,14,8,49,0.4,1,1,1,1,1,219.54,1,14,1,3,1,3,11,3,3,3,3
2,14,8,50,0.1,1,2,1,1,1,274.46,1,8,1,1,1,1,2,1,1,2,2
2,14,8,51,1.8,3,1,2,2,1,247.6,1,10,1,3,3,1,20,1,3,1,3
2,14,8,52,0.8,1,3,1,1,1,212.5,1,10,3,3,3,3,7,3,1,1,3
2,14,8,53,0.8,3,3,2,2,1,204.65,1,10,3,3,1,1,15,1,3,3,1
2,14,8,54,1.8,2,3,2,2,1,248.01,1,8,3,3,2,2,17,3,3,1,1
2,14,8,55,0.8,3,2,2,2,1,208.92,1,16,3,1,1,3,5,3,1,2,2
2,14,8,56,0.1,1,3,1,1,1,297.22,1,9,3,1,3,1,4,1,1,3,3
2,14,8,57,0.4,1,2,1,1,1,255.15,1,15,3,3,3,3,15,3,1,2,2
2,14,8,58,0.05,2,1,2,2,1,335.38,0,6,3,3,2,2,19,1,1,1,1
2,14,8,59,0.4,1,2,1,1,1,222.1,1,3,3,1,3,1,19,1,3,2,2
2,14,8,60,0.8,2,2,2,2,1,208.71,1,8,1,3,2,2,3,1,3,2,2
2,14,8,61,0.1,1,1,1,1,1,267.55,1,20,3,1,3,1,15,3,3,3,3
2,14,8,62,0.05,2,3,2,2,1,341.48,0,13,3,3,2,2,4,3,1,1,3
2,14,8,63,0.4,1,2,1,1,1,209.75,1,1,1,3,1,3,5,1,1,2,2
2,14,8,64,1.8,1,1,1,1,1,235.05,1,19,1,3,1,3,10,3,1,3,1
2,14,8,65,0.05,3,2,2,2,1,274.69,1,6,1,3,3,1,11,1,1,2,2
2,14,8,66,0.8,3,2,2,2,1,209.5,1,13,1,3,3,1,11,1,1,2,2
2,14,8,67,1.8,1,3,1,1,1,168.82,1,8,1,1,1,1,10,3,1,1,3
2,14,8,68,0.8,2,3,2,2,1,214.08,1,19,3,3,2,2,12,3,1,1,3
2,14,8,69,0.1,1,3,1,1,1,260.93,1,10,1,3,1,3,12,3,3,1,1
2,14,8,70,1.8,2,3,2,1,0,213.96,1,7,1,1,2,2,16,3,3,1,1
2,14,8,71,0.1,1,2,1,1,1,314.72,0,14,3,1,3,1,1,3,3,2,2
2,14,8,72,1.8,1,3,1,1,1,189.69,1,19,3,3,3,3,7,3,1,1,3
2,14,8,73,0.1,1,3,1,1,1,245.32,1,5,1,3,1,3,10,3,1,1,3
2,14,8,74,1.8,3,2,NaN,NaN,NaN,NaN,NaN,5,1,1,3,3,8,3,3,2,2
2,14,8,75,1.8,2,3,2,2,1,230.95,1,20,1,3,2,2,1,1,3,3,1
2,14,8,76,0.8,3,1,2,2,1,213.6,1,7,3,3,1,1,5,1,3,1,3
2,14,8,77,0.8,3,3,2,2,1,255.02,1,19,1,3,3,1,16,3,3,1,1
2,14,8,78,0.1,1,2,1,1,1,267.08,1,1,3,1,3,1,8,1,1,2,2
2,14,9,1,0.8,1,1,1,1,1,196.43,1,5,1,3,1,3,12,3,1,3,1
2,14,9,2,1.8,3,3,2,2,1,238.83,1,4,3,3,1,1,9,1,3,3,1
2,14,9,3,1.8,1,1,1,1,1,197.65,1,8,3,1,3,1,9,3,1,3,1
2,14,9,4,0.4,1,2,1,1,1,230.02,1,18,1,1,1,1,2,3,1,2,2
2,14,9,5,0.8,2,1,2,2,1,214.64,1,8,1,1,2,2,15,3,1,3,1
2,14,9,6,0.05,3,3,2,2,1,283.06,1,8,1,1,3,3,19,3,3,1,1
2,14,9,7,0.8,3,1,2,2,1,210.45,1,6,1,1,3,3,3,1,3,1,3
2,14,9,8,0.1,3,3,2,2,1,290.22,1,3,1,3,3,1,17,1,3,3,1
2,14,9,9,0.4,1,1,1,1,1,227.28,1,6,1,3,1,3,7,1,1,1,1
2,14,9,10,0.1,3,2,2,2,1,318.16,0,2,1,1,3,3,12,3,1,2,2
2,14,9,11,0.8,3,2,2,2,1,246.04,1,16,3,3,1,1,13,3,1,2,2
2,14,9,12,0.05,2,1,2,2,1,341.33,0,20,3,3,2,2,2,1,1,1,1
2,14,9,13,0.2,1,1,1,1,1,220.12,1,1,1,1,1,1,1,1,1,1,1
2,14,9,14,0.05,2,1,2,2,1,274.27,1,19,1,3,2,2,18,3,1,3,1
2,14,9,15,0.05,1,2,1,2,0,285.18,1,20,3,1,3,1,3,1,3,2,2
2,14,9,16,0.05,3,1,2,2,1,268.19,1,19,1,1,3,3,20,3,3,3,3
2,14,9,17,0.1,2,2,2,2,1,220.45,1,16,3,1,2,2,17,1,3,2,2
2,14,9,18,0.8,1,2,1,1,1,227.95,1,18,1,1,1,1,7,1,3,2,2
2,14,9,19,0.4,1,1,1,1,1,231.26,1,16,1,3,1,3,1,1,1,1,1
2,14,9,20,0.1,2,3,2,2,1,266.54,1,14,1,1,2,2,9,1,1,3,3
2,14,9,21,0.05,3,1,2,2,1,327.05,0,12,3,1,1,3,18,1,1,1,1
2,14,9,22,0.2,2,1,2,2,1,311.43,0,15,3,1,2,2,16,3,3,3,3
2,14,9,23,0.4,1,2,1,1,1,196.74,1,1,1,1,1,1,16,1,1,2,2
2,14,9,24,0.4,1,3,1,2,0,294.31,1,7,3,3,3,3,8,1,3,3,1
2,14,9,25,0.2,2,1,2,1,0,279.44,1,10,3,1,2,2,17,1,1,1,1
2,14,9,26,0.8,3,1,2,2,1,185.53,1,14,1,1,3,3,12,1,1,1,1
2,14,9,27,0.4,2,1,2,1,0,251.59,1,7,1,3,2,2,5,3,3,3,3
2,14,9,28,1.8,1,3,1,1,1,186.33,1,6,3,3,3,3,10,3,3,1,1
2,14,9,29,0.1,2,2,2,2,1,264.71,1,3,1,1,2,2,14,1,1,2,2
2,14,9,30,1.8,1,3,1,1,1,173.34,1,7,1,3,1,3,4,1,1,3,3
2,14,9,31,0.05,1,2,1,1,1,255.29,1,8,3,3,3,3,18,1,1,2,2
2,14,9,32,0.05,2,2,2,1,0,281.68,1,12,1,3,2,2,1,3,3,2,2
2,14,9,33,0.8,3,1,2,2,1,214.27,1,1,1,1,3,3,4,1,3,1,3
2,14,9,34,1.8,1,2,NaN,NaN,NaN,NaN,NaN,10,1,1,1,1,13,3,1,2,2
2,14,9,35,0.2,1,1,1,1,1,205.73,1,2,1,1,1,1,14,3,3,3,3
2,14,9,36,0.2,2,2,2,2,1,280.22,1,19,1,3,2,2,6,3,3,2,2
2,14,9,37,0.05,1,1,1,1,1,327.53,0,19,3,1,3,1,2,3,1,3,1
2,14,9,38,0.4,1,3,1,2,0,205.52,1,9,1,1,1,1,9,1,1,3,3
2,14,9,39,0.8,3,3,2,2,1,274.13,1,10,3,3,1,1,12,3,3,1,1
2,14,9,40,1.8,1,1,1,1,1,200.99,1,3,3,1,3,1,18,3,1,3,1
2,14,9,41,0.4,2,2,2,1,0,241.89,1,19,3,3,2,2,19,1,3,2,2
2,14,9,42,1.8,3,1,2,2,1,252.63,1,17,3,3,1,1,6,3,1,3,1
2,14,9,43,0.8,2,3,2,2,1,235.91,1,16,3,3,2,2,4,3,1,1,3
2,14,9,44,1.8,3,2,2,2,1,195.08,1,5,1,1,3,3,6,3,1,2,2
2,14,9,45,0.1,3,1,2,1,0,328.35,0,18,3,1,1,3,17,1,3,1,3
2,14,9,46,0.4,2,1,2,1,0,245.15,1,1,3,3,2,2,12,3,3,3,3
2,14,9,47,0.2,1,1,1,1,1,251.11,1,2,1,3,1,3,20,3,1,3,1
2,14,9,48,0.4,2,2,2,2,1,267.6,1,3,1,3,2,2,11,3,1,2,2
2,14,9,49,0.8,1,2,1,1,1,208.41,1,19,1,3,1,3,12,3,1,2,2
2,14,9,50,0.2,1,3,1,1,1,255.4,1,20,1,3,1,3,12,3,1,1,3
2,14,9,51,0.8,3,2,2,2,1,237.82,1,12,1,1,3,3,1,3,1,2,2
2,14,9,52,0.8,1,2,1,1,1,209.62,1,20,3,3,3,3,9,1,1,2,2
2,14,9,53,0.2,2,1,2,1,0,262.54,1,10,1,1,2,2,17,1,3,1,3
2,14,9,54,0.2,2,3,2,2,1,282.91,1,9,3,3,2,2,12,1,3,3,1
2,14,9,55,1.8,3,2,2,2,1,188.53,1,17,3,1,1,3,14,3,3,2,2
2,14,9,56,0.2,2,2,2,1,0,261.69,1,10,3,3,2,2,10,1,1,2,2
2,14,9,57,1.8,1,3,1,1,1,199.26,1,12,1,3,1,3,7,1,1,3,3
2,14,9,58,0.2,1,2,1,1,1,245.12,1,18,3,3,3,3,14,3,1,2,2
2,14,9,59,0.4,2,3,2,2,1,223.19,1,6,3,3,2,2,13,1,3,3,1
2,14,9,60,0.4,1,2,1,1,1,206.23,1,20,3,3,3,3,5,1,3,2,2
2,14,9,61,0.05,3,1,2,2,1,334.39,0,18,3,3,1,1,19,3,1,3,1
2,14,9,62,1.8,3,1,2,2,1,196.68,1,11,1,3,3,1,19,1,1,1,1
2,14,9,63,0.1,1,1,1,1,1,273.5,1,9,1,3,1,3,13,3,1,3,1
2,14,9,64,0.2,2,3,2,2,1,257.67,1,9,3,1,2,2,15,3,3,1,1
2,14,9,65,0.05,1,3,1,1,1,307.52,0,17,1,1,1,1,16,1,1,3,3
2,14,9,66,0.05,2,1,2,2,1,299.85,1,6,3,1,2,2,19,3,1,3,1
2,14,9,67,0.4,1,3,1,2,0,219.37,1,14,3,3,3,3,3,3,3,1,1
2,14,9,68,1.8,2,1,2,2,1,199.68,1,14,3,1,2,2,5,3,3,3,3
2,14,9,69,0.2,1,1,1,1,1,224.41,1,18,3,1,3,1,2,3,1,3,1
2,14,9,70,0.1,2,2,2,1,0,273.24,1,8,1,1,2,2,4,3,1,2,2
2,14,9,71,1.8,3,1,2,2,1,251.97,1,8,3,3,1,1,9,1,3,1,3
2,14,9,72,0.1,1,3,1,1,1,270.09,1,14,3,3,3,3,8,1,1,3,3
2,14,9,73,0.05,1,2,1,1,1,302.66,0,2,1,3,1,3,17,1,1,2,2
2,14,9,74,0.1,1,3,1,1,1,182.16,1,12,1,3,1,3,19,1,1,3,3
2,14,9,75,0.1,1,1,NaN,NaN,NaN,NaN,NaN,17,3,3,3,3,15,1,3,1,3
2,14,9,76,0.8,2,1,2,1,0,213.82,1,3,1,3,2,2,3,1,1,1,1
2,14,9,77,0.1,1,3,1,1,1,251.11,1,7,1,1,1,1,15,1,1,3,3
2,14,9,78,0.1,1,3,1,1,1,289.64,1,4,3,3,3,3,5,1,3,3,1
2,14,10,1,0.2,1,1,1,1,1,219.1,1,13,1,3,1,3,8,3,3,3,3
2,14,10,2,0.1,1,3,1,1,1,227.87,1,14,1,1,1,1,15,1,3,3,1
2,14,10,3,0.4,2,3,2,2,1,213.12,1,11,3,3,2,2,15,1,3,3,1
2,14,10,4,0.8,3,1,2,2,1,211.14,1,14,1,3,3,1,5,1,3,1,3
2,14,10,5,0.4,3,2,2,2,1,235.6,1,7,1,3,3,1,18,1,3,2,2
2,14,10,6,1.8,2,2,2,2,1,206.62,1,1,3,1,2,2,20,3,3,2,2
2,14,10,7,0.2,3,2,2,2,1,209.86,1,2,3,3,1,1,13,1,1,2,2
2,14,10,8,1.8,3,3,NaN,NaN,NaN,NaN,NaN,20,3,3,1,1,10,3,1,1,3
2,14,10,9,0.1,3,3,2,2,1,277.17,1,1,1,1,3,3,17,3,1,1,3
2,14,10,10,0.8,3,1,2,2,1,220.9,1,15,3,3,1,1,11,1,1,1,1
2,14,10,11,0.8,3,1,2,2,1,209.14,1,17,3,3,1,1,18,3,1,3,1
2,14,10,12,0.8,1,2,1,1,1,-2.7585,2,1,3,3,3,3,1,1,3,2,2
2,14,10,13,0.1,1,3,1,2,0,307.72,0,12,1,3,1,3,5,1,3,3,1
2,14,10,14,0.4,1,2,1,1,1,218.83,1,14,3,1,3,1,9,3,1,2,2
2,14,10,15,1.8,3,3,2,2,1,204.75,1,11,1,1,3,3,1,1,1,3,3
2,14,10,16,0.2,1,1,1,1,1,243.2,1,14,3,1,3,1,9,1,3,1,3
2,14,10,17,0.1,1,2,1,1,1,268.93,1,20,3,3,3,3,9,3,3,2,2
2,14,10,18,0.05,1,3,1,1,1,301.88,0,14,1,3,1,3,20,1,3,3,1
2,14,10,19,0.8,1,3,1,1,1,248.58,1,7,3,1,3,1,18,3,1,1,3
2,14,10,20,0.05,1,2,1,1,1,276.91,1,8,1,3,1,3,18,1,3,2,2
2,14,10,21,0.05,1,2,1,1,1,283.47,1,19,3,3,3,3,4,3,1,2,2
2,14,10,22,0.4,1,1,1,1,1,249.56,1,14,3,3,3,3,11,3,3,3,3
2,14,10,23,0.8,2,1,2,2,1,249.82,1,3,3,3,2,2,6,1,1,1,1
2,14,10,24,0.1,2,3,2,2,1,330.77,0,13,1,1,2,2,11,3,1,1,3
2,14,10,25,0.4,1,3,1,1,1,231.07,1,12,1,3,1,3,5,3,3,1,1
2,14,10,26,0.4,1,1,1,1,1,225.52,1,18,3,3,3,3,11,3,1,3,1
2,14,10,27,0.1,1,2,1,1,1,279.27,1,5,1,3,1,3,19,3,3,2,2
2,14,10,28,0.05,2,1,2,2,1,396.68,0,9,3,1,2,2,18,3,3,3,3
2,14,10,29,0.4,2,3,2,2,1,250.8,1,1,1,3,2,2,20,1,1,3,3
2,14,10,30,0.2,1,1,1,1,1,226.39,1,8,3,3,3,3,3,3,3,3,3
2,14,10,31,1.8,1,2,1,1,1,200.73,1,3,3,3,3,3,4,1,1,2,2
2,14,10,32,1.8,1,2,1,1,1,200.19,1,8,1,3,1,3,3,3,1,2,2
2,14,10,33,0.05,2,3,2,1,0,304.96,0,16,3,3,2,2,20,1,3,3,1
2,14,10,34,0.4,2,2,2,1,0,250.57,1,18,3,1,2,2,2,1,1,2,2
2,14,10,35,0.1,2,1,2,2,1,239.41,1,4,3,1,2,2,2,1,3,1,3
2,14,10,36,0.05,2,1,2,1,0,267.39,1,18,1,3,2,2,4,1,1,1,1
2,14,10,37,0.4,1,1,1,1,1,208.07,1,5,3,3,3,3,10,3,1,3,1
2,14,10,38,0.1,1,1,1,1,1,259.51,1,9,3,3,3,3,9,1,3,1,3
2,14,10,39,1.8,2,3,2,2,1,260.55,1,19,1,3,2,2,20,3,1,1,3
2,14,10,40,0.2,1,3,1,1,1,233.29,1,5,1,3,1,3,19,1,3,3,1
2,14,10,41,0.1,1,3,1,1,1,221.5,1,9,1,3,1,3,12,3,3,1,1
2,14,10,42,0.8,1,1,1,1,1,253.04,1,16,1,1,1,1,3,3,1,3,1
2,14,10,43,0.2,1,3,1,2,0,261.67,1,17,1,3,1,3,1,3,1,1,3
2,14,10,44,0.2,1,1,1,1,1,214.54,1,19,3,1,3,1,14,1,1,1,1
2,14,10,45,0.8,1,3,NaN,NaN,NaN,NaN,NaN,6,3,3,3,3,2,1,1,3,3
2,14,10,46,1.8,1,3,1,1,1,258.38,1,15,1,3,1,3,6,1,3,3,1
2,14,10,47,0.2,2,2,2,2,1,280.88,1,3,3,1,2,2,2,3,3,2,2
2,14,10,48,0.05,2,1,2,1,0,332.9,0,13,1,3,2,2,14,3,1,3,1
2,14,10,49,0.1,3,3,2,2,1,301.04,0,20,1,3,3,1,8,3,1,1,3
2,14,10,50,1.8,1,2,1,1,1,190.76,1,8,1,3,1,3,4,1,3,2,2
2,14,10,51,0.05,2,3,2,2,1,393.5,0,2,3,3,2,2,18,1,3,3,1
2,14,10,52,0.4,1,1,1,1,1,268.19,1,16,3,1,3,1,19,3,3,3,3
2,14,10,53,1.8,1,3,1,1,1,195.68,1,15,1,3,1,3,2,3,3,1,1
2,14,10,54,0.8,2,1,2,1,0,247.19,1,19,1,3,2,2,19,1,1,1,1
2,14,10,55,0.05,2,1,2,1,0,351.68,0,7,3,3,2,2,14,3,1,3,1
2,14,10,56,0.2,3,1,2,2,1,324.64,0,1,3,3,1,1,15,3,1,3,1
2,14,10,57,0.8,3,3,2,2,1,220.37,1,2,3,3,1,1,18,1,1,3,3
2,14,10,58,1.8,3,1,2,2,1,204.22,1,18,1,3,3,1,8,1,3,1,3
2,14,10,59,0.2,2,2,2,2,1,300.84,0,11,3,1,2,2,19,1,1,2,2
2,14,10,60,0.2,1,1,1,1,1,232.69,1,1,1,1,1,1,20,3,1,3,1
2,14,10,61,0.05,3,3,2,2,1,261.99,1,10,1,1,3,3,12,1,3,3,1
2,14,10,62,0.2,1,3,1,2,0,269.66,1,17,3,3,3,3,4,1,1,3,3
2,14,10,63,1.8,1,1,1,1,1,181.61,1,3,3,3,3,3,16,1,1,1,1
2,14,10,64,0.2,1,3,1,1,1,206.27,1,15,1,1,1,1,14,3,1,1,3
2,14,10,65,1.8,2,2,2,2,1,211.02,1,19,1,1,2,2,2,3,3,2,2
2,14,10,66,0.4,2,1,2,1,0,246.85,1,12,1,3,2,2,18,3,1,3,1
2,14,10,67,0.05,2,1,2,2,1,274.36,1,15,1,1,2,2,18,3,3,3,3
2,14,10,68,0.4,3,1,2,2,1,204.44,1,5,1,3,3,1,9,3,1,3,1
2,14,10,69,0.1,1,1,1,1,1,265.36,1,3,1,1,1,1,10,3,3,3,3
2,14,10,70,0.1,1,1,1,1,1,267.2,1,16,3,1,3,1,13,3,3,3,3
2,14,10,71,0.8,2,3,2,2,1,226.02,1,6,3,3,2,2,6,1,3,3,1
2,14,10,72,0.4,3,1,2,2,1,231.2,1,3,3,1,1,3,3,3,3,3,3
2,14,10,73,0.05,1,1,1,1,1,279.51,1,19,1,1,1,1,16,1,3,1,3
2,14,10,74,0.8,2,2,2,2,1,238.13,1,6,3,3,2,2,13,3,1,2,2
2,14,10,75,1.8,1,3,NaN,NaN,NaN,NaN,NaN,6,1,3,1,3,17,1,1,3,3
2,14,10,76,0.05,3,1,2,2,1,297.17,1,2,1,1,3,3,13,3,3,3,3
2,14,10,77,0.8,2,3,2,1,0,189.66,1,8,3,1,2,2,6,1,1,3,3
2,14,10,78,0.1,1,3,1,1,1,314.48,0,10,1,3,1,3,17,3,3,1,1
