2,3,1,1,0.05,3,2,2,2,1,304.48,0,19,3,1,1,3,1,1,1,2,2
2,3,1,2,0.8,1,1,1,1,1,190.69,1,6,3,1,3,1,6,3,1,3,1
2,3,1,3,1.8,2,1,2,1,0,189.04,1,4,1,1,2,2,17,3,1,3,1
2,3,1,4,0.1,1,1,1,1,1,208.54,1,13,1,3,1,3,3,1,3,1,3
2,3,1,5,0.2,2,1,2,1,0,292.76,1,15,1,1,2,2,13,3,3,3,3
2,3,1,6,0.1,2,3,2,1,0,288.93,1,5,3,3,2,2,4,3,3,1,1
2,3,1,7,1.8,1,2,1,1,1,211.91,1,4,1,3,1,3,14,3,1,2,2
2,3,1,8,0.1,1,2,1,1,1,202.66,1,5,3,1,3,1,4,1,3,2,2
2,3,1,9,0.4,3,3,2,2,1,198.15,1,8,3,1,1,3,2,1,1,3,3
2,3,1,10,0.05,1,1,1,1,1,233.57,1,10,1,1,1,1,13,3,1,3,1
2,3,1,11,0.05,1,3,1,2,0,326.29,0,17,1,3,1,3,9,3,1,1,3
2,3,1,12,0.1,3,2,2,2,1,190.81,1,20,1,3,3,1,10,3,1,2,2
2,3,1,13,0.2,3,2,2,2,1,194.16,1,2,3,1,1,3,15,3,3,2,2
2,3,1,14,0.05,1,3,1,1,1,266.66,1,17,1,3,1,3,6,3,3,1,1
2,3,1,15,0.4,2,3,NaN,NaN,NaN,NaN,NaN,12,3,1,2,2,20,3,3,1,1
2,3,1,16,0.1,2,3,2,2,1,323.97,0,6,1,1,2,2,5,1,3,3,1
2,3,1,17,0.2,3,3,2,2,1,291.41,1,9,1,3,3,1,7,1,1,3,3
2,3,1,18,0.05,3,3,2,2,1,303.08,0,11,3,1,1,3,14,1,1,3,3
2,3,1,19,0.8,1,2,1,1,1,220.28,1,7,3,1,3,1,14,3,3,2,2
2,3,1,20,0.4,3,3,2,2,1,225.18,1,15,3,3,1,1,3,3,1,1,3
2,3,1,21,0.05,2,2,2,2,1,275.39,1,5,1,3,2,2,14,3,1,2,2
2,3,1,22,1.8,1,2,1,1,1,205.86,1,18,1,3,1,3,11,1,1,2,2
2,3,1,23,0.8,1,2,1,1,1,193.52,1,18,1,1,1,1,4,1,1,2,2
2,3,1,24,1.8,1,2,NaN,NaN,NaN,NaN,NaN,10,3,3,3,3,18,3,1,2,2
2,3,1,25,0.05,2,2,2,2,1,1442.7,0,13,1,3,2,2,2,1,3,2,2
2,3,1,26,0.4,1,1,1,1,1,230.21,1,17,1,1,1,1,6,1,1,1,1
2,3,1,27,0.4,3,3,2,2,1,203.86,1,2,3,3,1,1,17,1,1,3,3
2,3,1,28,0.05,1,1,1,1,1,266.23,1,20,1,3,1,3,1,3,3,3,3
2,3,1,29,0.1,1,2,1,1,1,217.99,1,11,3,3,3,3,9,1,1,2,2
2,3,1,30,0.4,3,3,2,2,1,192.87,1,7,1,3,3,1,8,3,3,1,1
2,3,1,31,0.2,2,1,2,1,0,231.94,1,6,3,1,2,2,8,3,1,3,1
2,3,1,32,0.05,1,1,1,1,1,284.64,1,10,3,1,3,1,8,1,1,1,1
2,3,1,33,0.1,1,3,1,1,1,284.23,1,11,3,1,3,1,19,3,3,1,1
2,3,1,34,0.2,1,1,1,1,1,159.26,1,10,1,1,1,1,5,1,1,1,1
2,3,1,35,0.2,2,3,2,1,0,214.39,1,2,3,1,2,2,4,1,1,3,3
2,3,1,36,0.8,3,2,NaN,NaN,NaN,NaN,NaN,2,1,1,3,3,10,3,1,2,2
2,3,1,37,1.8,1,3,1,1,1,207.33,1,11,3,1,3,1,11,3,1,1,3
2,3,1,38,1.8,1,1,1,1,1,199.83,1,4,1,1,1,1,12,3,3,3,3
2,3,1,39,0.4,1,3,1,1,1,178.52,1,6,1,3,1,3,15,3,3,1,1
2,3,1,40,1.8,1,2,1,1,1,222.99,1,7,3,3,3,3,13,1,1,2,2
2,3,1,41,1.8,3,2,NaN,NaN,NaN,NaN,NaN,14,3,1,1,3,12,1,3,2,2
2,3,1,42,1.8,1,2,1,1,1,211.62,1,12,3,3,3,3,17,1,1,2,2
2,3,1,43,0.05,1,2,1,1,1,281.92,1,17,3,1,3,1,1,3,1,2,2
2,3,1,44,0.8,3,2,2,2,1,217.31,1,19,3,3,1,1,13,3,1,2,2
2,3,1,45,0.1,2,2,2,2,1,278.93,1,6,1,3,2,2,16,3,1,2,2
2,3,1,46,0.1,3,1,2,2,1,272.51,1,6,1,3,3,1,8,3,3,3,3
2,3,1,47,0.4,2,3,2,1,0,277.71,1,18,1,3,2,2,17,3,3,1,1
2,3,1,48,0.1,1,1,1,2,0,324.3,0,10,3,3,3,3,17,1,1,1,1
2,3,1,49,0.8,3,3,2,2,1,262.17,1,8,3,1,1,3,3,3,1,1,3
2,3,1,50,0.2,3,2,2,2,1,273.21,1,13,3,3,1,1,3,3,3,2,2
2,3,1,51,0.1,1,1,1,1,1,254.75,1,4,1,1,1,1,6,3,1,3,1
2,3,1,52,0.4,2,2,2,2,1,251.57,1,7,1,3,2,2,3,1,3,2,2
2,3,1,53,0.2,1,2,1,1,1,237.21,1,5,3,3,3,3,5,1,1,2,2
2,3,1,54,0.4,2,2,2,2,1,212.09,1,7,3,3,2,2,3,1,3,2,2
2,3,1,55,0.05,1,2,1,1,1,262.4,1,14,1,3,1,3,19,1,3,2,2
2,3,1,56,1.8,1,3,1,1,1,210.46,1,16,1,3,1,3,4,3,1,1,3
2,3,1,57,1.8,1,3,NaN,NaN,NaN,NaN,NaN,8,3,3,3,3,2,3,3,1,1
2,3,1,58,1.8,1,1,1,1,1,204.34,1,1,3,3,3,3,17,3,1,3,1
2,3,1,59,0.8,2,1,2,1,0,199.4,1,15,3,3,2,2,18,1,3,1,3
2,3,1,60,0.2,1,1,1,1,1,256.62,1,4,1,1,1,1,3,1,1,1,1
2,3,1,61,0.8,2,1,2,1,0,267.52,1,11,1,1,2,2,5,1,1,1,1
2,3,1,62,0.05,3,1,2,2,1,271.58,1,5,1,1,3,3,3,3,3,3,3
2,3,1,63,0.2,3,3,2,2,1,272.84,1,13,1,1,3,3,9,1,3,3,1
2,3,1,64,0.05,1,1,1,1,1,270.95,1,10,1,3,1,3,9,3,1,3,1
2,3,1,65,1.8,1,2,1,1,1,290.89,1,3,3,3,3,3,10,3,1,2,2
2,3,1,66,0.4,1,1,1,1,1,250.13,1,9,1,1,1,1,2,1,3,1,3
2,3,1,67,0.4,1,2,1,1,1,206.47,1,5,1,3,1,3,15,3,3,2,2
2,3,1,68,0.4,2,2,2,1,0,247.64,1,6,3,3,2,2,13,1,1,2,2
2,3,1,69,0.8,2,1,2,2,1,244.16,1,13,3,3,2,2,17,1,1,1,1
2,3,1,70,0.2,1,1,1,1,1,222.69,1,4,1,1,1,1,17,3,3,3,3
2,3,1,71,0.1,2,2,2,1,0,273.6,1,20,1,1,2,2,5,1,3,2,2
2,3,1,72,0.8,1,2,1,1,1,247.37,1,7,3,1,3,1,15,1,1,2,2
2,3,1,73,0.8,2,3,2,1,0,232.78,1,6,3,1,2,2,9,1,1,3,3
2,3,1,74,0.1,1,3,1,1,1,238.43,1,2,3,3,3,3,13,1,1,3,3
2,3,1,75,0.2,1,2,1,1,1,217.2,1,17,3,1,3,1,1,1,3,2,2
2,3,1,76,0.2,2,2,2,1,0,210.79,1,12,3,3,2,2,9,3,3,2,2
2,3,1,77,0.8,3,2,2,2,1,272.89,1,15,1,1,3,3,2,3,1,2,2
2,3,1,78,0.8,2,3,2,2,1,224.28,1,10,1,3,2,2,8,3,1,1,3
2,3,2,1,0.05,2,2,2,1,0,262.28,1,3,3,1,2,2,7,3,3,2,2
2,3,2,2,0.1,3,3,2,2,1,230.74,1,15,1,1,3,3,5,1,1,3,3
2,3,2,3,1.8,1,1,1,1,1,206.1,1,13,1,3,1,3,10,1,3,1,3
2,3,2,4,0.1,1,3,1,1,1,250.12,1,15,1,3,1,3,2,1,3,3,1
2,3,2,5,0.8,1,2,1,1,1,226.09,1,17,1,1,1,1,6,3,3,2,2
2,3,2,6,1.8,2,1,2,2,1,206.72,1,7,3,3,2,2,6,1,1,1,1
2,3,2,7,0.4,1,1,1,1,1,213.16,1,14,1,1,1,1,12,1,1,1,1
2,3,2,8,0.05,3,2,2,2,1,288.24,1,19,3,3,1,1,14,3,3,2,2
2,3,2,9,0.8,3,1,2,2,1,213.86,1,3,1,3,3,1,4,3,3,3,3
2,3,2,10,1.8,1,2,NaN,NaN,NaN,NaN,NaN,3,3,1,3,1,20,1,3,2,2
2,3,2,11,0.8,3,2,2,2,1,222.49,1,9,1,1,3,3,8,3,1,2,2
2,3,2,12,0.4,1,1,1,1,1,241.31,1,4,1,3,1,3,15,1,1,1,1
2,3,2,13,0.05,3,2,2,2,1,294.02,1,5,3,1,1,3,3,3,1,2,2
2,3,2,14,0.4,3,3,2,2,1,259.15,1,17,1,1,3,3,4,3,3,1,1
2,3,2,15,1.8,2,1,2,1,0,204.97,1,3,3,1,2,2,20,3,3,3,3
2,3,2,16,0.4,1,2,1,1,1,233.5,1,10,1,3,1,3,2,3,3,2,2
2,3,2,17,0.8,2,2,2,2,1,228.38,1,19,3,3,2,2,7,1,1,2,2
2,3,2,18,0.4,3,3,2,2,1,225.01,1,15,3,1,1,3,10,1,1,3,3
2,3,2,19,1.8,1,1,1,1,1,322.35,0,15,1,3,1,3,15,1,3,1,3
2,3,2,20,0.4,2,3,2,2,1,230.44,1,11,3,3,2,2,7,3,3,1,1
2,3,2,21,0.1,1,1,1,1,1,281.86,1,11,3,1,3,1,11,1,1,1,1
2,3,2,22,0.1,1,2,1,1,1,272.5,1,10,3,1,3,1,2,1,1,2,2
2,3,2,23,0.05,1,1,1,1,1,258.24,1,6,1,3,1,3,20,3,3,3,3
2,3,2,24,0.05,3,1,2,2,1,289.25,1,13,3,3,1,1,14,1,1,1,1
2,3,2,25,0.1,2,3,2,2,1,258.07,1,1,1,3,2,2,20,3,1,1,3
2,3,2,26,0.1,2,3,2,2,1,327.64,0,20,1,1,2,2,15,3,1,1,3
2,3,2,27,1.8,2,1,2,1,0,211.22,1,2,3,1,2,2,12,1,3,1,3
2,3,2,28,0.8,1,1,1,1,1,207.09,1,8,3,3,3,3,17,3,1,3,1
2,3,2,29,0.2,3,2,2,2,1,283.37,1,19,1,3,3,1,15,3,1,2,2
2,3,2,30,0.1,1,1,1,1,1,257.28,1,13,1,3,1,3,3,1,1,1,1
2,3,2,31,0.1,2,2,2,1,0,273.93,1,1,1,1,2,2,9,1,1,2,2
2,3,2,32,0.05,1,3,1,1,1,274.52,1,6,1,1,1,1,12,1,3,3,1
2,3,2,33,0.8,1,1,1,1,1,226.76,1,20,1,3,1,3,4,1,1,1,1
2,3,2,34,0.1,3,3,2,1,0,252,1,12,3,3,1,1,10,1,3,3,1
2,3,2,35,0.4,1,3,1,2,0,261.09,1,10,1,1,1,1,7,1,3,3,1
2,3,2,36,0.1,2,3,2,1,0,282.31,1,1,1,3,2,2,16,3,3,1,1
2,3,2,37,0.05,1,3,1,1,1,284.57,1,17,1,1,1,1,6,1,1,3,3
2,3,2,38,0.4,3,2,2,2,1,215.1,1,5,3,1,1,3,4,3,3,2,2
2,3,2,39,0.2,3,3,2,2,1,277.41,1,5,1,3,3,1,11,1,1,3,3
2,3,2,40,0.2,1,2,1,1,1,128.44,1,11,3,3,3,3,1,1,3,2,2
2,3,2,41,0.05,3,2,2,2,1,308.94,0,5,3,3,1,1,2,3,3,2,2
2,3,2,42,0.8,1,2,1,1,1,225,1,15,3,3,3,3,12,3,1,2,2
2,3,2,43,1.8,1,1,1,1,1,209.21,1,13,3,1,3,1,14,3,3,3,3
2,3,2,44,1.8,1,3,1,1,1,185.43,1,3,3,3,3,3,4,1,1,3,3
2,3,2,45,0.2,2,3,2,1,0,217.47,1,1,1,1,2,2,3,3,3,1,1
2,3,2,46,0.2,3,1,2,2,1,207.64,1,9,1,3,3,1,11,3,1,3,1
2,3,2,47,1.8,1,1,1,1,1,256.23,1,9,3,3,3,3,20,3,3,3,3
2,3,2,48,0.4,3,3,2,2,1,242.41,1,3,1,1,3,3,15,1,1,3,3
2,3,2,49,0.2,2,3,2,2,1,273.99,1,13,1,1,2,2,10,1,3,3,1
2,3,2,50,0.4,3,3,2,2,1,33.95,2,14,3,3,1,1,3,3,1,1,3
2,3,2,51,0.8,1,3,1,1,1,248.33,1,9,3,3,3,3,15,3,1,1,3
2,3,2,52,1.8,1,3,1,1,1,180.23,1,16,1,3,1,3,19,3,3,1,1
2,3,2,53,0.4,1,3,1,1,1,218.27,1,19,1,3,1,3,2,1,3,3,1
2,3,2,54,0.2,2,2,2,2,1,242.15,1,11,3,3,2,2,10,1,3,2,2
2,3,2,55,0.05,2,2,2,1,0,270.03,1,4,1,3,2,2,17,3,3,2,2
2,3,2,56,0.1,1,2,1,1,1,256.69,1,20,3,1,3,1,11,3,1,2,2
2,3,2,57,0.1,1,2,1,1,1,258.88,1,4,3,1,3,1,8,3,1,2,2
2,3,2,58,0.1,1,1,1,2,0,263.05,1,14,3,3,3,3,18,1,3,1,3
2,3,2,59,0.8,1,1,1,1,1,203.95,1,8,3,3,3,3,4,1,3,1,3
2,3,2,60,0.8,3,3,2,2,1,236.64,1,4,3,3,1,1,2,3,1,1,3
2,3,2,61,0.2,1,3,1,1,1,270.35,1,11,3,1,3,1,4,1,1,3,3
2,3,2,62,0.05,1,2,1,1,1,297.83,1,13,3,1,3,1,6,1,3,2,2
2,3,2,63,0.05,1,3,1,2,0,271.97,1,16,1,1,1,1,7,3,3,1,1
2,3,2,64,1.8,2,3,2,2,1,219.51,1,6,1,3,2,2,16,3,3,1,1
2,3,2,65,0.8,2,1,2,2,1,214.18,1,14,1,3,2,2,12,3,1,3,1
2,3,2,66,0.2,3,2,2,2,1,223.2,1,17,3,1,1,3,17,1,3,2,2
2,3,2,67,0.4,1,1,1,1,1,227.52,1,2,3,1,3,1,20,3,3,3,3
2,3,2,68,0.2,2,3,2,2,1,256.46,1,14,3,1,2,2,3,3,3,1,1
2,3,2,69,0.2,1,2,1,1,1,241.18,1,8,3,1,3,1,3,1,3,2,2
2,3,2,70,1.8,2,2,2,2,1,196.61,1,19,1,3,2,2,2,3,3,2,2
2,3,2,71,0.8,3,2,NaN,NaN,NaN,NaN,NaN,16,3,3,1,1,1,3,3,2,2
2,3,2,72,0.05,1,2,1,1,1,258.63,1,11,3,3,3,3,19,1,3,2,2
2,3,2,73,0.4,2,3,2,1,0,328.34,0,1,3,1,2,2,6,3,3,1,1
2,3,2,74,0.2,3,1,2,2,1,237.11,1,19,3,3,1,1,6,1,3,1,3
2,3,2,75,0.2,3,2,2,2,1,255.45,1,16,1,3,3,1,3,3,1,2,2
2,3,2,76,0.8,1,2,1,1,1,244.84,1,18,1,3,1,3,11,3,1,2,2
2,3,2,77,0.05,3,2,2,2,1,374.05,0,19,3,1,1,3,13,1,3,2,2
2,3,2,78,1.8,3,1,2,2,1,204.08,1,6,1,3,3,1,17,3,3,3,3
2,3,3,1,1.8,2,2,2,2,1,196.87,1,16,1,1,2,2,15,1,1,2,2
2,3,3,2,0.05,3,3,2,2,1,294.51,1,13,1,1,3,3,20,1,3,3,1
2,3,3,3,1.8,2,3,NaN,NaN,NaN,NaN,NaN,13,1,1,2,2,2,1,1,3,3
2,3,3,4,0.8,3,3,2,2,1,216.59,1,2,3,1,1,3,13,1,3,3,1
2,3,3,5,0.05,2,2,2,1,0,288.68,1,19,1,3,2,2,12,1,3,2,2
2,3,3,6,0.8,1,2,1,1,1,221.69,1,1,3,1,3,1,7,3,3,2,2
2,3,3,7,0.4,2,1,2,1,0,211.92,1,12,3,1,2,2,17,3,3,3,3
2,3,3,8,0.2,1,1,1,1,1,247.34,1,6,1,3,1,3,1,3,1,3,1
2,3,3,9,0.05,2,3,2,1,0,353.93,0,9,1,1,2,2,19,1,3,3,1
2,3,3,10,0.1,3,2,2,2,1,276.05,1,10,3,1,1,3,1,3,3,2,2
2,3,3,11,0.4,1,2,1,1,1,213.24,1,11,3,3,3,3,10,3,3,2,2
2,3,3,12,0.4,1,2,1,1,1,245.54,1,17,1,3,1,3,12,3,1,2,2
2,3,3,13,0.8,1,1,1,1,1,205.14,1,5,1,3,1,3,2,1,3,1,3
2,3,3,14,1.8,1,1,1,1,1,221.64,1,2,3,3,3,3,13,3,1,3,1
2,3,3,15,0.1,1,3,1,1,1,281.28,1,5,1,3,1,3,18,1,3,3,1
2,3,3,16,1.8,3,1,NaN,NaN,NaN,NaN,NaN,14,3,1,1,3,14,3,3,3,3
2,3,3,17,0.05,3,1,2,2,1,256.08,1,14,1,1,3,3,9,1,1,1,1
2,3,3,18,1.8,1,1,1,1,1,196.94,1,8,3,1,3,1,5,3,1,3,1
2,3,3,19,0.4,3,1,2,2,1,207.98,1,2,1,1,3,3,9,1,1,1,1
2,3,3,20,0.05,3,3,2,2,1,361.44,0,2,1,1,3,3,12,1,1,3,3
2,3,3,21,0.4,1,2,1,1,1,164,1,13,3,1,3,1,1,3,3,2,2
2,3,3,22,1.8,1,3,1,1,1,244.83,1,13,1,1,1,1,19,1,1,3,3
2,3,3,23,0.05,2,2,2,1,0,276.45,1,1,3,1,2,2,1,3,3,2,2
2,3,3,24,0.2,1,1,1,1,1,254.04,1,7,3,1,3,1,9,1,3,1,3
2,3,3,25,0.2,2,2,2,2,1,289.9,1,16,3,1,2,2,6,1,1,2,2
2,3,3,26,0.4,2,3,2,2,1,213.52,1,19,3,1,2,2,16,1,1,3,3
2,3,3,27,0.05,1,1,1,1,1,289.25,1,2,3,1,3,1,14,1,1,1,1
2,3,3,28,0.05,2,3,2,1,0,258.61,1,17,1,3,2,2,12,3,3,1,1
2,3,3,29,0.4,1,1,1,1,1,216.3,1,19,1,3,1,3,13,3,1,3,1
2,3,3,30,1.8,1,2,NaN,NaN,NaN,NaN,NaN,6,1,1,1,1,14,1,1,2,2
2,3,3,31,0.1,1,3,1,1,1,252.02,1,12,1,1,1,1,1,3,1,1,3
2,3,3,32,0.4,1,3,1,1,1,277.94,1,4,1,1,1,1,12,3,1,1,3
2,3,3,33,1.8,1,2,1,1,1,236.09,1,16,3,1,3,1,1,1,1,2,2
2,3,3,34,0.1,3,3,2,2,1,366.25,0,12,1,3,3,1,15,3,1,1,3
2,3,3,35,0.4,1,1,1,1,1,272.13,1,2,1,1,1,1,7,1,3,1,3
2,3,3,36,0.8,1,3,1,1,1,202.19,1,4,3,1,3,1,18,3,3,1,1
2,3,3,37,1.8,2,1,2,2,1,207.17,1,19,3,1,2,2,20,3,1,3,1
2,3,3,38,0.2,1,2,1,1,1,242.95,1,6,3,1,3,1,9,3,1,2,2
2,3,3,39,0.1,1,2,1,1,1,249.33,1,8,3,1,3,1,14,1,1,2,2
2,3,3,40,0.1,3,3,2,2,1,303.13,0,20,3,3,1,1,12,1,1,3,3
2,3,3,41,0.1,3,2,2,2,1,399.38,0,7,1,3,3,1,17,3,1,2,2
2,3,3,42,0.2,2,3,2,2,1,245.77,1,19,1,1,2,2,11,1,1,3,3
2,3,3,43,0.4,1,1,1,1,1,250.97,1,8,1,1,1,1,17,1,3,1,3
2,3,3,44,1.8,1,2,1,1,1,208.18,1,10,3,1,3,1,9,1,1,2,2
2,3,3,45,0.8,3,3,2,2,1,216.21,1,4,1,3,3,1,13,3,3,1,1
2,3,3,46,0.2,1,3,1,1,1,220.47,1,9,3,1,3,1,2,3,3,1,1
2,3,3,47,0.4,1,2,1,1,1,257.14,1,1,1,3,1,3,16,3,3,2,2
2,3,3,48,0.8,3,2,2,2,1,214.18,1,6,3,1,1,3,10,1,3,2,2
2,3,3,49,0.8,3,3,2,2,1,236.18,1,8,3,3,1,1,18,3,3,1,1
2,3,3,50,0.05,3,1,2,2,1,271.74,1,9,3,1,1,3,6,1,1,1,1
2,3,3,51,0.8,1,1,1,1,1,220.49,1,13,1,3,1,3,8,3,3,3,3
2,3,3,52,1.8,1,1,1,1,1,255.18,1,14,3,3,3,3,14,1,3,1,3
2,3,3,53,0.1,1,3,1,1,1,265.73,1,5,1,3,1,3,12,1,1,3,3
2,3,3,54,0.4,1,3,1,1,1,339.33,0,7,1,3,1,3,20,1,3,3,1
2,3,3,55,0.8,2,2,2,1,0,244.55,1,4,1,1,2,2,4,3,3,2,2
2,3,3,56,0.8,2,3,2,2,1,219.85,1,9,1,1,2,2,5,1,3,3,1
2,3,3,57,0.1,2,3,2,2,1,294.24,1,4,3,1,2,2,10,3,1,1,3
2,3,3,58,0.05,2,1,2,2,1,348.73,0,9,1,1,2,2,11,3,3,3,3
2,3,3,59,0.2,1,1,1,1,1,212.05,1,15,3,3,3,3,18,3,1,3,1
2,3,3,60,0.05,2,1,2,1,0,290.11,1,4,3,1,2,2,6,3,1,3,1
2,3,3,61,0.1,1,2,1,1,1,244.95,1,18,1,3,1,3,14,3,3,2,2
2,3,3,62,0.05,3,1,2,2,1,303.71,0,12,1,3,3,1,1,1,1,1,1
2,3,3,63,0.2,1,1,1,2,0,276.46,1,18,1,1,1,1,1,3,1,3,1
2,3,3,64,0.8,2,2,NaN,NaN,NaN,NaN,NaN,7,1,3,2,2,11,3,1,2,2
2,3,3,65,0.2,1,2,1,1,1,263.99,1,15,3,3,3,3,18,3,3,2,2
2,3,3,66,0.2,2,2,2,1,0,267.42,1,17,3,1,2,2,4,3,1,2,2
2,3,3,67,0.1,1,2,1,1,1,235.85,1,13,1,1,1,1,13,3,1,2,2
2,3,3,68,0.2,1,3,1,1,1,261.97,1,14,3,1,3,1,7,3,3,1,1
2,3,3,69,0.2,1,1,1,1,1,263.31,1,7,3,3,3,3,13,3,3,3,3
2,3,3,70,0.2,2,2,2,1,0,309.99,0,4,3,1,2,2,8,3,3,2,2
2,3,3,71,0.1,1,1,1,1,1,261.35,1,1,3,1,3,1,3,1,1,1,1
2,3,3,72,0.05,1,2,1,1,1,266.25,1,15,3,3,3,3,8,1,1,2,2
2,3,3,73,0.1,2,1,2,2,1,300.71,0,1,1,3,2,2,5,3,3,3,3
2,3,3,74,1.8,1,2,1,1,1,210.99,1,12,3,1,3,1,11,1,1,2,2
2,3,3,75,0.8,2,2,2,1,0,248.51,1,20,3,1,2,2,8,1,1,2,2
2,3,3,76,0.8,1,2,1,1,1,251.55,1,13,3,1,3,1,17,3,1,2,2
2,3,3,77,1.8,2,1,2,2,1,188.2,1,19,1,3,2,2,20,3,3,3,3
2,3,3,78,0.4,1,2,1,1,1,282.62,1,2,1,1,1,1,10,1,1,2,2
2,3,4,1,1.8,2,3,2,2,1,217.16,1,19,3,3,2,2,18,1,3,3,1
2,3,4,2,0.1,1,2,1,1,1,246.28,1,1,1,3,1,3,20,1,3,2,2
2,3,4,3,0.8,1,3,1,1,1,237.77,1,4,1,1,1,1,18,3,3,1,1
2,3,4,4,0.8,3,1,2,2,1,209.09,1,11,3,1,1,3,6,3,1,3,1
2,3,4,5,0.8,2,1,2,1,0,207.2,1,2,1,1,2,2,18,3,1,3,1
2,3,4,6,0.1,1,3,1,2,0,310.18,0,6,3,1,3,1,20,1,3,3,1
2,3,4,7,0.8,1,2,1,1,1,221.55,1,11,1,1,1,1,3,1,1,2,2
2,3,4,8,1.8,3,1,2,2,1,219.78,1,3,3,1,1,3,13,1,1,1,1
2,3,4,9,0.8,1,2,1,1,1,216.82,1,14,1,1,1,1,18,3,3,2,2
2,3,4,10,0.1,1,2,1,1,1,281.54,1,7,1,3,1,3,3,3,1,2,2
2,3,4,11,0.05,1,2,1,1,1,306.91,0,8,1,3,1,3,13,3,1,2,2
2,3,4,12,0.2,1,2,NaN,NaN,NaN,NaN,NaN,12,3,1,3,1,13,3,3,2,2
2,3,4,13,0.1,3,1,2,2,1,266.59,1,6,3,3,1,1,12,1,3,1,3
2,3,4,14,0.1,3,1,2,2,1,314.16,0,11,1,3,3,1,8,1,3,1,3
2,3,4,15,0.1,1,1,1,1,1,239.58,1,18,3,1,3,1,14,1,1,1,1
2,3,4,16,1.8,1,1,1,1,1,210.72,1,2,3,1,3,1,19,1,1,1,1
2,3,4,17,0.05,2,1,2,1,0,291.91,1,8,1,1,2,2,4,3,1,3,1
2,3,4,18,0.4,2,1,2,2,1,212.16,1,6,1,3,2,2,18,3,3,3,3
2,3,4,19,0.2,3,3,2,2,1,248.04,1,17,3,3,1,1,9,3,3,1,1
2,3,4,20,0.1,2,1,2,1,0,293.64,1,18,1,3,2,2,10,1,1,1,1
2,3,4,21,1.8,1,3,NaN,NaN,NaN,NaN,NaN,5,1,1,1,1,2,1,1,3,3
2,3,4,22,0.4,1,2,1,1,1,266.83,1,19,1,1,1,1,5,3,3,2,2
2,3,4,23,0.8,2,3,2,2,1,229.48,1,19,1,3,2,2,17,1,1,3,3
2,3,4,24,0.05,3,3,2,2,1,324.75,0,2,1,3,3,1,18,1,3,3,1
2,3,4,25,0.05,2,2,2,2,1,211.79,1,17,3,3,2,2,3,1,3,2,2
2,3,4,26,0.05,3,2,2,2,1,329.22,0,14,3,1,1,3,18,3,3,2,2
2,3,4,27,0.8,1,3,1,1,1,248.62,1,16,3,1,3,1,18,1,3,3,1
2,3,4,28,0.4,2,3,2,2,1,262.09,1,7,1,1,2,2,5,3,1,1,3
2,3,4,29,0.1,1,2,1,1,1,284.73,1,12,3,3,3,3,10,1,1,2,2
2,3,4,30,0.05,1,3,1,2,0,407.01,0,7,1,1,1,1,10,1,1,3,3
2,3,4,31,0.8,2,3,2,2,1,208.73,1,16,3,3,2,2,17,3,3,1,1
2,3,4,32,0.4,3,1,2,2,1,253.16,1,10,1,1,3,3,15,3,1,3,1
2,3,4,33,0.8,2,3,2,2,1,230.71,1,5,3,1,2,2,10,3,3,1,1
2,3,4,34,0.4,1,3,1,1,1,249.21,1,20,3,1,3,1,5,1,1,3,3
2,3,4,35,0.8,1,3,1,1,1,212.3,1,8,1,1,1,1,11,1,3,3,1
2,3,4,36,0.05,1,1,1,2,0,334.94,0,3,3,1,3,1,5,1,1,1,1
2,3,4,37,0.2,2,3,2,2,1,270.81,1,3,3,3,2,2,19,3,1,1,3
2,3,4,38,0.4,1,1,1,1,1,262.05,1,10,3,1,3,1,5,3,1,3,1
2,3,4,39,0.2,3,3,2,2,1,119.67,1,4,3,3,1,1,18,1,1,3,3
2,3,4,40,0.05,3,2,2,2,1,281.65,1,4,3,1,1,3,14,1,3,2,2
2,3,4,41,0.2,2,2,2,2,1,231.1,1,9,1,3,2,2,20,3,1,2,2
2,3,4,42,0.4,1,3,1,2,0,247.21,1,7,3,3,3,3,16,3,3,1,1
2,3,4,43,0.2,1,3,1,1,1,256.12,1,4,1,3,1,3,13,3,3,1,1
2,3,4,44,0.05,1,3,1,1,1,310.97,0,12,1,3,1,3,14,1,3,3,1
2,3,4,45,1.8,1,1,NaN,NaN,NaN,NaN,NaN,11,1,3,1,3,18,1,1,1,1
2,3,4,46,0.4,3,2,2,2,1,268.27,1,19,3,3,1,1,18,3,3,2,2
2,3,4,47,0.2,3,3,2,2,1,259.96,1,14,1,1,3,3,6,1,3,3,1
2,3,4,48,1.8,1,1,1,1,1,226.72,1,17,1,3,1,3,16,1,3,1,3
2,3,4,49,0.1,1,2,1,1,1,241.15,1,1,3,3,3,3,4,3,1,2,2
2,3,4,50,1.8,2,2,2,2,1,227.26,1,8,3,1,2,2,14,3,1,2,2
2,3,4,51,0.8,1,1,1,1,1,218.89,1,13,1,3,1,3,15,1,3,1,3
2,3,4,52,0.4,1,3,1,1,1,200.17,1,20,1,3,1,3,7,3,1,1,3
2,3,4,53,1.8,3,2,2,2,1,291.69,1,10,1,1,3,3,13,3,3,2,2
2,3,4,54,0.2,3,1,2,2,1,336.05,0,1,1,1,3,3,9,3,1,3,1
2,3,4,55,0.1,2,3,2,2,1,316.99,0,5,1,1,2,2,5,3,1,1,3
2,3,4,56,0.2,1,2,1,1,1,304.74,0,11,3,1,3,1,16,1,3,2,2
2,3,4,57,0.05,3,1,2,2,1,270.27,1,2,1,1,3,3,2,1,3,1,3
2,3,4,58,0.4,1,3,1,1,1,259.58,1,2,3,3,3,3,16,3,3,1,1
2,3,4,59,0.05,3,2,2,2,1,265.56,1,15,3,1,1,3,13,1,1,2,2
2,3,4,60,0.1,1,3,1,1,1,219.15,1,16,1,3,1,3,3,1,3,3,1
2,3,4,61,0.2,2,1,2,1,0,252.22,1,11,3,1,2,2,1,1,3,1,3
2,3,4,62,0.8,3,1,2,2,1,203.76,1,19,3,1,1,3,6,3,3,3,3
2,3,4,63,0.05,1,2,1,1,1,252.02,1,18,3,3,3,3,4,3,1,2,2
2,3,4,64,1.8,1,1,NaN,NaN,NaN,NaN,NaN,18,1,1,1,1,10,1,3,1,3
2,3,4,65,1.8,3,1,2,2,1,214.55,1,3,3,3,1,1,16,3,1,3,1
2,3,4,66,1.8,1,2,1,1,1,203.27,1,3,1,1,1,1,5,3,1,2,2
2,3,4,67,0.2,1,1,1,1,1,207.99,1,14,3,1,3,1,1,3,3,3,3
2,3,4,68,0.4,3,2,2,2,1,211.65,1,18,1,3,3,1,10,3,1,2,2
2,3,4,69,0.8,1,1,1,1,1,231.57,1,1,1,1,1,1,9,3,1,3,1
2,3,4,70,0.4,2,1,2,1,0,255,1,8,3,1,2,2,8,3,1,3,1
2,3,4,71,0.1,1,2,1,1,1,262.73,1,8,1,3,1,3,5,1,3,2,2
2,3,4,72,0.05,1,3,1,1,1,321.28,0,6,3,1,3,1,17,1,3,3,1
2,3,4,73,0.2,1,3,1,1,1,266.03,1,9,3,3,3,3,12,1,3,3,1
2,3,4,74,0.4,1,1,1,1,1,263.08,1,15,3,1,3,1,9,3,1,3,1
2,3,4,75,1.8,1,2,1,1,1,204.56,1,14,3,3,3,3,9,3,1,2,2
2,3,4,76,0.1,3,3,2,2,1,273.47,1,5,3,1,1,3,6,1,1,3,3
2,3,4,77,0.2,2,3,2,2,1,262.72,1,14,3,1,2,2,7,3,1,1,3
2,3,4,78,1.8,2,3,2,1,0,225.65,1,12,3,3,2,2,7,3,1,1,3
2,3,5,1,0.05,3,1,2,2,1,285.84,1,13,3,1,1,3,17,1,3,1,3
2,3,5,2,0.8,3,1,2,2,1,235.73,1,8,3,3,1,1,18,1,3,1,3
2,3,5,3,0.8,3,1,2,2,1,245.14,1,19,3,3,1,1,3,3,3,3,3
2,3,5,4,0.1,2,1,2,1,0,272.71,1,11,3,1,2,2,16,3,1,3,1
2,3,5,5,1.8,1,3,1,1,1,218.2,1,7,1,3,1,3,16,3,3,1,1
2,3,5,6,0.8,3,1,2,2,1,4.4768,2,11,3,1,1,3,18,3,1,3,1
2,3,5,7,0.1,2,1,2,1,0,227.77,1,5,3,1,2,2,13,3,1,3,1
2,3,5,8,0.8,2,3,NaN,NaN,NaN,NaN,NaN,4,1,3,2,2,12,3,3,1,1
2,3,5,9,0.4,1,2,1,1,1,276.46,1,11,1,3,1,3,1,1,1,2,2
2,3,5,10,0.2,3,2,2,2,1,300.42,0,10,3,1,1,3,7,3,1,2,2
2,3,5,11,0.4,2,1,2,2,1,278.55,1,6,1,3,2,2,1,3,1,3,1
2,3,5,12,0.2,2,2,2,1,0,281,1,16,3,1,2,2,1,3,3,2,2
2,3,5,13,0.1,3,1,2,2,1,325.29,0,16,1,1,3,3,17,3,1,3,1
2,3,5,14,0.1,1,3,1,1,1,249.48,1,10,1,1,1,1,9,1,1,3,3
2,3,5,15,0.8,2,1,2,2,1,257.6,1,8,1,1,2,2,3,3,3,3,3
2,3,5,16,0.4,1,1,1,1,1,256.21,1,1,1,1,1,1,6,3,1,3,1
2,3,5,17,0.05,1,3,1,1,1,293.54,1,3,3,1,3,1,2,1,3,3,1
2,3,5,18,0.05,3,1,2,2,1,353.91,0,10,1,3,3,1,9,3,1,3,1
2,3,5,19,0.2,1,1,1,1,1,236.84,1,14,3,1,3,1,9,1,3,1,3
2,3,5,20,0.05,2,2,2,1,0,261.95,1,6,3,1,2,2,9,3,1,2,2
2,3,5,21,0.8,3,1,2,2,1,214.83,1,10,1,1,3,3,9,1,1,1,1
2,3,5,22,1.8,3,3,2,2,1,224.92,1,2,3,1,1,3,10,3,3,1,1
2,3,5,23,0.05,1,3,1,1,1,317.84,0,20,1,1,1,1,7,1,1,3,3
2,3,5,24,0.8,3,1,2,2,1,228,1,17,3,1,1,3,17,1,3,1,3
2,3,5,25,1.8,1,3,1,1,1,199.34,1,12,1,3,1,3,15,3,1,1,3
2,3,5,26,0.8,3,1,2,2,1,226.31,1,19,3,3,1,1,16,1,1,1,1
2,3,5,27,0.1,1,1,1,1,1,292.1,1,13,3,3,3,3,11,1,3,1,3
2,3,5,28,1.8,1,1,1,1,1,266.11,1,2,1,3,1,3,15,1,3,1,3
2,3,5,29,0.2,2,2,2,2,1,280.21,1,6,3,3,2,2,18,3,1,2,2
2,3,5,30,0.2,2,3,2,1,0,292.54,1,15,1,1,2,2,12,1,1,3,3
2,3,5,31,0.8,1,1,1,1,1,238.76,1,13,1,1,1,1,7,3,3,3,3
2,3,5,32,1.8,1,3,1,1,1,210.81,1,20,1,3,1,3,2,1,3,3,1
2,3,5,33,0.05,1,1,1,1,1,325.95,0,10,1,1,1,1,19,3,1,3,1
2,3,5,34,0.05,1,1,1,1,1,286.77,1,19,3,1,3,1,17,3,3,3,3
2,3,5,35,1.8,2,1,2,1,0,206.13,1,10,1,1,2,2,12,1,1,1,1
2,3,5,36,0.4,2,2,2,1,0,228.88,1,1,1,1,2,2,13,3,1,2,2
2,3,5,37,0.1,3,1,2,1,0,326.71,0,12,1,1,3,3,1,1,1,1,1
2,3,5,38,0.4,1,2,1,1,1,240,1,8,1,1,1,1,12,3,3,2,2
2,3,5,39,1.8,1,3,1,1,1,253.52,1,1,3,3,3,3,18,3,1,1,3
2,3,5,40,0.4,3,2,2,2,1,210.6,1,15,3,3,1,1,16,3,3,2,2
2,3,5,41,0.2,2,3,2,2,1,228.23,1,13,3,1,2,2,8,1,3,3,1
2,3,5,42,0.1,1,2,1,1,1,270.4,1,7,1,1,1,1,4,3,1,2,2
2,3,5,43,0.8,3,2,2,2,1,225.91,1,19,3,1,1,3,20,3,1,2,2
2,3,5,44,0.05,3,3,2,2,1,290.78,1,5,3,3,1,1,7,1,1,3,3
2,3,5,45,0.05,1,2,1,1,1,308.13,0,11,3,1,3,1,20,1,3,2,2
2,3,5,46,1.8,1,3,1,1,1,209.11,1,1,1,1,1,1,20,1,3,3,1
2,3,5,47,0.4,1,3,1,1,1,236.68,1,19,1,1,1,1,13,1,3,3,1
2,3,5,48,0.4,1,2,1,1,1,273.28,1,2,1,3,1,3,7,3,1,2,2
2,3,5,49,0.8,2,2,2,2,1,223.97,1,5,3,3,2,2,3,1,3,2,2
2,3,5,50,0.05,3,2,2,2,1,352.19,0,10,1,3,3,1,17,1,1,2,2
2,3,5,51,1.8,2,1,NaN,NaN,NaN,NaN,NaN,10,3,1,2,2,15,1,1,1,1
2,3,5,52,1.8,1,2,1,1,1,207.7,1,12,1,1,1,1,4,3,3,2,2
2,3,5,53,0.4,1,3,1,1,1,254.48,1,18,3,1,3,1,3,1,3,3,1
2,3,5,54,0.4,1,3,1,1,1,220.19,1,4,1,3,1,3,17,3,3,1,1
2,3,5,55,0.1,1,3,1,2,0,305.34,0,20,3,1,3,1,5,3,1,1,3
2,3,5,56,0.2,2,3,2,1,0,296.88,1,11,1,1,2,2,19,3,3,1,1
2,3,5,57,0.1,1,1,1,1,1,242.04,1,8,1,3,1,3,10,1,1,1,1
2,3,5,58,0.2,1,3,1,1,1,283.85,1,7,1,3,1,3,17,1,1,3,3
2,3,5,59,0.1,1,1,1,1,1,247.91,1,12,3,3,3,3,9,3,1,3,1
2,3,5,60,0.2,2,2,2,2,1,327.67,0,1,3,3,2,2,2,1,3,2,2
2,3,5,61,0.2,3,2,2,2,1,187.32,1,15,3,3,1,1,4,3,3,2,2
2,3,5,62,0.4,2,3,2,2,1,284.25,1,8,1,3,2,2,16,3,3,1,1
2,3,5,63,0.2,1,1,1,1,1,238.9,1,16,1,1,1,1,18,3,1,3,1
2,3,5,64,0.1,1,1,1,1,1,276.74,1,17,1,3,1,3,11,1,3,1,3
2,3,5,65,0.2,2,2,2,1,0,238.69,1,10,3,3,2,2,7,3,1,2,2
2,3,5,66,1.8,3,2,2,2,1,227.98,1,20,1,1,3,3,11,3,3,2,2
2,3,5,67,0.05,3,3,2,2,1,339.82,0,9,1,1,3,3,8,1,1,3,3
2,3,5,68,0.1,1,3,1,1,1,260.73,1,2,3,1,3,1,4,3,3,1,1
2,3,5,69,0.05,1,1,1,1,1,266.54,1,9,1,3,1,3,4,1,3,1,3
2,3,5,70,0.4,1,1,1,1,1,246.87,1,18,1,1,1,1,1,1,3,1,3
2,3,5,71,0.2,1,1,1,1,1,251.97,1,20,3,1,3,1,2,3,1,3,1
2,3,5,72,0.8,1,3,1,1,1,226.9,1,17,1,3,1,3,9,1,3,3,1
2,3,5,73,0.8,2,2,2,1,0,232.47,1,15,3,1,2,2,8,1,3,2,2
2,3,5,74,0.4,1,1,1,1,1,284.54,1,5,3,1,3,1,13,1,3,1,3
2,3,5,75,1.8,1,2,1,1,1,260.72,1,4,1,3,1,3,8,1,3,2,2
2,3,5,76,1.8,3,2,2,2,1,283.26,1,10,3,3,1,1,17,1,1,2,2
2,3,5,77,0.1,3,1,2,2,1,507.36,0,5,1,3,3,1,5,1,3,1,3
2,3,5,78,0.05,2,3,2,1,0,1412.4,0,1,3,3,2,2,3,1,3,3,1
2,3,6,1,0.8,2,2,2,2,1,217.36,1,7,3,1,2,2,1,1,1,2,2
2,3,6,2,1.8,2,3,2,2,1,227.04,1,2,1,1,2,2,5,1,1,3,3
2,3,6,3,0.05,1,1,1,1,1,289.34,1,1,1,1,1,1,16,1,3,1,3
2,3,6,4,0.1,3,2,2,2,1,298.15,1,10,1,3,3,1,19,3,3,2,2
2,3,6,5,0.2,2,2,2,1,0,206.01,1,16,1,1,2,2,8,1,1,2,2
2,3,6,6,0.8,1,2,1,1,1,220.51,1,13,1,3,1,3,6,3,1,2,2
2,3,6,7,0.8,2,3,2,2,1,242.78,1,3,3,3,2,2,10,1,1,3,3
2,3,6,8,0.1,2,3,2,1,0,258.99,1,15,3,3,2,2,10,3,1,1,3
2,3,6,9,1.8,3,3,2,2,1,268.95,1,16,1,1,3,3,1,1,1,3,3
2,3,6,10,0.8,2,1,2,2,1,230.41,1,7,3,3,2,2,7,1,3,1,3
2,3,6,11,1.8,1,1,1,1,1,211.33,1,8,3,3,3,3,18,1,1,1,1
2,3,6,12,1.8,1,1,NaN,NaN,NaN,NaN,NaN,14,3,3,3,3,2,1,3,1,3
2,3,6,13,0.8,3,1,NaN,NaN,NaN,NaN,NaN,18,1,1,3,3,13,3,3,3,3
2,3,6,14,0.05,1,2,1,1,1,278.44,1,17,3,3,3,3,19,3,3,2,2
2,3,6,15,0.4,2,2,2,2,1,280.14,1,2,3,3,2,2,10,1,1,2,2
2,3,6,16,0.05,1,2,1,1,1,317.76,0,16,3,1,3,1,8,1,1,2,2
2,3,6,17,0.05,1,2,1,1,1,301.66,0,20,3,1,3,1,5,3,3,2,2
2,3,6,18,0.2,2,3,2,1,0,282.35,1,14,1,1,2,2,16,1,1,3,3
2,3,6,19,0.2,1,1,1,1,1,251.33,1,18,1,3,1,3,3,3,3,3,3
2,3,6,20,0.8,2,3,2,2,1,207.57,1,4,3,1,2,2,9,1,3,3,1
2,3,6,21,0.8,1,3,1,1,1,225.5,1,1,3,3,3,3,14,1,3,3,1
2,3,6,22,0.8,3,2,2,1,0,261.29,1,7,3,3,1,1,15,3,3,2,2
2,3,6,23,0.8,2,1,2,1,0,229.89,1,20,1,3,2,2,4,1,1,1,1
2,3,6,24,1.8,2,2,2,2,1,201.53,1,13,3,3,2,2,3,3,3,2,2
2,3,6,25,1.8,2,3,2,2,1,201.9,1,7,1,3,2,2,6,3,3,1,1
2,3,6,26,0.8,3,3,2,2,1,244.44,1,2,3,1,1,3,10,1,3,3,1
2,3,6,27,0.05,2,3,2,2,1,376.37,0,2,1,3,2,2,15,1,3,3,1
2,3,6,28,0.8,1,3,1,1,1,257.11,1,4,1,1,1,1,20,1,3,3,1
2,3,6,29,0.05,2,2,2,2,1,274.06,1,2,3,3,2,2,4,3,3,2,2
2,3,6,30,0.4,1,2,1,1,1,196.28,1,9,1,1,1,1,20,3,1,2,2
2,3,6,31,0.1,1,2,1,1,1,270.48,1,10,3,1,3,1,8,1,1,2,2
2,3,6,32,0.2,2,3,2,2,1,287.28,1,20,3,1,2,2,12,1,1,3,3
2,3,6,33,0.8,2,3,2,1,0,243.75,1,16,1,1,2,2,6,3,3,1,1
2,3,6,34,0.1,1,2,1,1,1,268.9,1,8,1,3,1,3,18,3,3,2,2
2,3,6,35,0.2,2,1,2,2,1,310.32,0,14,1,1,2,2,20,3,3,3,3
2,3,6,36,0.2,1,3,1,1,1,265.08,1,8,3,1,3,1,18,1,1,3,3
2,3,6,37,0.4,2,2,2,2,1,259.28,1,6,1,1,2,2,5,3,1,2,2
2,3,6,38,0.4,3,2,2,2,1,212.75,1,20,3,3,1,1,18,1,3,2,2
2,3,6,39,0.4,2,2,2,2,1,323.17,0,18,3,1,2,2,9,3,3,2,2
2,3,6,40,0.05,2,3,2,2,1,354.85,0,4,1,3,2,2,12,3,3,1,1
2,3,6,41,0.05,3,1,2,2,1,361.45,0,15,1,3,3,1,1,3,3,3,3
2,3,6,42,0.1,1,1,1,1,1,282.69,1,17,3,3,3,3,1,3,3,3,3
2,3,6,43,0.4,3,1,2,2,1,244.78,1,14,1,3,3,1,10,3,1,3,1
2,3,6,44,0.2,3,2,2,2,1,331.62,0,5,1,3,3,1,4,3,3,2,2
2,3,6,45,0.8,3,3,2,2,1,220.22,1,2,1,1,3,3,20,1,1,3,3
2,3,6,46,0.05,1,3,1,1,1,282.2,1,18,3,1,3,1,6,3,1,1,3
2,3,6,47,1.8,1,3,1,1,1,245.16,1,1,3,3,3,3,14,1,3,3,1
2,3,6,48,0.05,2,1,2,1,0,263.36,1,1,1,1,2,2,9,1,1,1,1
2,3,6,49,1.8,1,1,1,1,1,222.09,1,2,1,1,1,1,5,3,1,3,1
2,3,6,50,1.8,1,3,1,1,1,208.33,1,5,1,1,1,1,2,1,3,3,1
2,3,6,51,0.4,1,1,1,1,1,233.93,1,1,3,3,3,3,1,3,3,3,3
2,3,6,52,0.05,3,2,2,2,1,371.48,0,14,1,3,3,1,6,3,3,2,2
2,3,6,53,1.8,2,1,2,2,1,225.49,1,8,3,3,2,2,6,1,3,1,3
2,3,6,54,0.1,2,3,2,1,0,310.12,0,10,1,1,2,2,11,3,1,1,3
2,3,6,55,0.1,3,2,2,1,0,305.5,0,12,3,3,1,1,12,3,1,2,2
2,3,6,56,0.1,3,1,2,2,1,199.24,1,8,3,3,1,1,2,1,3,1,3
2,3,6,57,0.4,2,2,2,1,0,299.84,1,2,1,1,2,2,17,3,3,2,2
2,3,6,58,0.4,1,1,1,1,1,256.22,1,3,1,1,1,1,10,3,3,3,3
2,3,6,59,1.8,1,2,1,1,1,248.61,1,18,1,1,1,1,9,3,1,2,2
2,3,6,60,0.05,1,3,1,1,1,324.89,0,14,1,1,1,1,9,3,1,1,3
2,3,6,61,0.2,2,3,2,2,1,420.87,0,17,3,1,2,2,9,1,3,3,1
2,3,6,62,0.05,2,1,2,1,0,302.32,0,4,3,3,2,2,6,1,3,1,3
2,3,6,63,0.1,2,3,2,2,1,301.75,0,17,1,1,2,2,17,3,3,1,1
2,3,6,64,1.8,1,2,1,1,1,196.96,1,9,1,1,1,1,1,1,3,2,2
2,3,6,65,0.4,1,3,1,1,1,275.38,1,13,1,3,1,3,14,1,1,3,3
2,3,6,66,0.4,1,2,1,1,1,266.88,1,14,3,3,3,3,18,3,3,2,2
2,3,6,67,0.1,3,2,2,2,1,276.19,1,3,3,3,1,1,19,3,1,2,2
2,3,6,68,0.2,1,3,1,1,1,297.51,1,8,3,1,3,1,4,1,3,3,1
2,3,6,69,0.2,1,3,1,1,1,243.15,1,15,3,1,3,1,8,1,1,3,3
2,3,6,70,0.1,1,2,1,1,1,268.51,1,5,1,1,1,1,10,1,3,2,2
2,3,6,71,1.8,2,1,2,1,0,254.62,1,10,3,1,2,2,19,1,3,1,3
2,3,6,72,0.2,3,3,2,2,1,288.41,1,19,3,3,1,1,19,1,3,3,1
2,3,6,73,0.4,3,2,2,2,1,244.57,1,12,3,1,1,3,20,1,1,2,2
2,3,6,74,0.2,1,3,1,1,1,247.85,1,11,3,1,3,1,17,3,1,1,3
2,3,6,75,0.1,1,2,1,1,1,248.1,1,16,1,1,1,1,18,1,1,2,2
2,3,6,76,0.4,1,3,1,1,1,271.49,1,4,3,3,3,3,13,3,3,1,1
2,3,6,77,0.1,1,3,1,1,1,290.21,1,15,3,3,3,3,4,1,3,3,1
2,3,6,78,0.2,1,2,1,1,1,268.43,1,20,1,3,1,3,11,1,1,2,2
2,3,7,1,0.2,3,2,2,2,1,286.97,1,19,1,1,3,3,5,3,3,2,2
2,3,7,2,0.4,2,2,2,2,1,270.36,1,16,3,1,2,2,16,3,3,2,2
2,3,7,3,0.1,1,2,1,1,1,241.39,1,9,1,3,1,3,14,3,3,2,2
2,3,7,4,0.8,1,3,1,1,1,225.33,1,4,1,1,1,1,3,1,1,3,3
2,3,7,5,0.8,3,2,2,2,1,206.66,1,9,3,3,1,1,13,1,3,2,2
2,3,7,6,1.8,3,2,2,2,1,216.71,1,15,1,1,3,3,2,3,3,2,2
2,3,7,7,0.1,1,3,1,1,1,278.18,1,1,1,1,1,1,13,3,1,1,3
2,3,7,8,0.4,1,2,1,1,1,251.7,1,18,1,3,1,3,15,1,1,2,2
2,3,7,9,0.05,3,2,2,2,1,368.58,0,4,1,3,3,1,4,3,3,2,2
2,3,7,10,0.4,2,2,2,2,1,256.57,1,3,1,1,2,2,14,1,1,2,2
2,3,7,11,1.8,2,3,NaN,NaN,NaN,NaN,NaN,7,3,3,2,2,18,1,3,3,1
2,3,7,12,0.2,2,2,2,1,0,315.14,0,11,3,1,2,2,8,1,3,2,2
2,3,7,13,0.8,3,1,2,2,1,225.14,1,4,3,3,1,1,7,1,1,1,1
2,3,7,14,0.8,1,2,1,1,1,242.96,1,4,1,3,1,3,16,1,3,2,2
2,3,7,15,0.1,2,2,2,2,1,1838,0,13,1,1,2,2,20,1,3,2,2
2,3,7,16,0.1,3,2,2,2,1,248.38,1,14,3,1,1,3,8,1,1,2,2
2,3,7,17,0.8,1,1,1,1,1,268.59,1,13,3,1,3,1,6,1,1,1,1
2,3,7,18,0.8,1,1,1,1,1,242.65,1,10,1,3,1,3,3,1,3,1,3
2,3,7,19,1.8,1,2,1,1,1,226.26,1,2,3,3,3,3,13,3,3,2,2
2,3,7,20,0.1,1,1,1,1,1,278.45,1,16,3,1,3,1,18,3,1,3,1
2,3,7,21,1.8,1,3,1,1,1,204.63,1,16,3,3,3,3,17,1,3,3,1
2,3,7,22,1.8,1,1,1,1,1,215.16,1,8,1,3,1,3,14,3,1,3,1
2,3,7,23,0.05,2,3,2,2,1,321.19,0,20,3,3,2,2,17,3,1,1,3
2,3,7,24,0.05,1,3,1,1,1,257.33,1,4,3,3,3,3,20,1,1,3,3
2,3,7,25,0.1,1,3,1,1,1,268.02,1,10,1,1,1,1,1,1,3,3,1
2,3,7,26,0.05,3,2,2,2,1,271.88,1,8,3,3,1,1,10,3,3,2,2
2,3,7,27,0.05,1,3,1,1,1,255.95,1,3,3,1,3,1,18,3,3,1,1
2,3,7,28,0.8,2,1,2,2,1,257.64,1,10,3,3,2,2,4,1,3,1,3
2,3,7,29,1.8,2,1,NaN,NaN,NaN,NaN,NaN,7,3,3,2,2,9,1,3,1,3
2,3,7,30,0.1,2,1,2,1,0,330.67,0,7,1,3,2,2,3,1,3,1,3
2,3,7,31,0.1,3,3,2,2,1,300.57,0,13,3,3,1,1,6,3,3,1,1
2,3,7,32,1.8,2,2,NaN,NaN,NaN,NaN,NaN,17,3,1,2,2,2,1,3,2,2
2,3,7,33,0.05,1,1,1,1,1,279.46,1,6,1,3,1,3,4,1,3,1,3
2,3,7,34,1.8,1,2,1,1,1,217.79,1,7,3,1,3,1,2,1,1,2,2
2,3,7,35,0.4,3,3,2,2,1,233.25,1,14,3,1,1,3,14,1,1,3,3
2,3,7,36,0.4,3,1,2,2,1,257.41,1,15,3,3,1,1,8,3,1,3,1
2,3,7,37,0.2,2,1,2,2,1,302.24,0,2,3,1,2,2,4,1,3,1,3
2,3,7,38,1.8,1,3,1,1,1,218.11,1,17,3,1,3,1,13,3,3,1,1
2,3,7,39,0.4,1,3,1,1,1,206.33,1,16,1,3,1,3,12,1,3,3,1
2,3,7,40,0.8,1,1,1,1,1,264.31,1,4,1,1,1,1,15,3,1,3,1
2,3,7,41,0.2,3,3,2,2,1,294.4,1,3,3,1,1,3,2,3,3,1,1
2,3,7,42,0.1,3,3,2,2,1,326.38,0,8,3,1,1,3,19,3,3,1,1
2,3,7,43,1.8,1,1,1,2,0,210.33,1,18,3,1,3,1,13,1,3,1,3
2,3,7,44,0.2,1,1,1,1,1,219.84,1,5,3,3,3,3,19,1,1,1,1
2,3,7,45,0.4,1,3,1,1,1,240.72,1,3,1,3,1,3,1,1,1,3,3
2,3,7,46,0.4,1,1,1,1,1,265.94,1,18,3,1,3,1,6,3,1,3,1
2,3,7,47,0.1,3,2,2,2,1,263.94,1,4,3,3,1,1,5,3,3,2,2
2,3,7,48,0.05,3,1,2,2,1,329.62,0,18,1,3,3,1,6,1,1,1,1
2,3,7,49,0.8,1,1,1,1,1,261.62,1,6,1,3,1,3,19,3,3,3,3
2,3,7,50,0.4,3,1,2,1,0,290.32,1,13,1,3,3,1,7,1,1,1,1
2,3,7,51,0.05,1,2,1,1,1,310.26,0,11,3,1,3,1,6,1,1,2,2
2,3,7,52,0.05,2,2,2,2,1,376.24,0,14,1,3,2,2,3,3,3,2,2
2,3,7,53,0.8,2,3,2,2,1,226.76,1,4,3,3,2,2,3,1,1,3,3
2,3,7,54,0.2,1,2,1,1,1,238.07,1,4,1,3,1,3,14,3,1,2,2
2,3,7,55,0.05,2,2,2,2,1,326.63,0,20,3,1,2,2,4,3,1,2,2
2,3,7,56,0.2,1,3,1,1,1,302.94,0,13,3,3,3,3,18,3,1,1,3
2,3,7,57,0.4,2,1,NaN,NaN,NaN,NaN,NaN,5,3,1,2,2,1,1,3,1,3
2,3,7,58,1.8,1,1,1,1,1,264.22,1,8,3,1,3,1,2,3,1,3,1
2,3,7,59,0.1,3,2,2,2,1,284.79,1,17,3,1,1,3,7,1,1,2,2
2,3,7,60,0.4,3,1,2,2,1,256.81,1,17,1,3,3,1,2,3,1,3,1
2,3,7,61,0.1,1,1,1,1,1,300.58,0,8,3,3,3,3,16,1,1,1,1
2,3,7,62,1.8,1,3,1,1,1,236.78,1,16,1,1,1,1,11,1,3,3,1
2,3,7,63,0.8,1,1,1,1,1,227.07,1,15,3,3,3,3,20,1,1,1,1
2,3,7,64,0.05,1,3,1,1,1,292.23,1,4,1,3,1,3,1,3,1,1,3
2,3,7,65,0.05,2,3,2,2,1,297.69,1,5,3,1,2,2,6,1,1,3,3
2,3,7,66,0.2,1,3,1,1,1,231.83,1,4,3,3,3,3,5,3,1,1,3
2,3,7,67,0.8,1,1,1,1,1,241.65,1,10,1,3,1,3,9,1,3,1,3
2,3,7,68,0.2,1,1,1,1,1,274.47,1,1,3,1,3,1,1,1,1,1,1
2,3,7,69,0.05,3,3,2,2,1,326.6,0,18,1,3,3,1,4,1,3,3,1
2,3,7,70,0.1,2,2,2,2,1,321.27,0,16,1,3,2,2,6,3,3,2,2
2,3,7,71,0.2,3,1,2,2,1,215.69,1,4,1,1,3,3,5,3,3,3,3
2,3,7,72,0.2,1,1,1,1,1,299.26,1,1,1,1,1,1,18,3,3,3,3
2,3,7,73,0.2,1,1,1,1,1,175.8,1,13,3,3,3,3,15,1,1,1,1
2,3,7,74,0.4,1,1,1,1,1,287.93,1,17,3,1,3,1,16,1,1,1,1
2,3,7,75,0.4,1,1,1,1,1,402.87,0,3,3,3,3,3,20,3,3,3,3
2,3,7,76,0.8,1,2,1,1,1,257.69,1,13,1,1,1,1,5,3,1,2,2
2,3,7,77,1.8,1,2,1,1,1,254.34,1,10,3,3,3,3,11,1,1,2,2
2,3,7,78,0.2,1,2,1,1,1,281.09,1,12,1,1,1,1,6,1,1,2,2
2,3,8,1,0.4,3,3,2,2,1,258.8,1,20,3,3,1,1,3,1,1,3,3
2,3,8,2,0.05,3,1,2,2,1,320.63,0,4,1,3,3,1,8,3,3,3,3
2,3,8,3,0.8,1,2,1,1,1,242.15,1,1,3,3,3,3,17,3,1,2,2
2,3,8,4,0.05,1,2,1,1,1,266.55,1,12,1,3,1,3,20,3,1,2,2
2,3,8,5,0.8,1,1,1,1,1,267.35,1,6,1,1,1,1,3,1,3,1,3
2,3,8,6,1.8,2,3,2,2,1,252.02,1,4,3,1,2,2,18,1,1,3,3
2,3,8,7,0.2,1,3,1,1,1,318.94,0,14,3,1,3,1,7,1,1,3,3
2,3,8,8,0.8,1,1,1,1,1,258.56,1,10,3,3,3,3,7,1,1,1,1
2,3,8,9,0.4,2,3,2,1,0,265.13,1,10,3,1,2,2,11,1,1,3,3
2,3,8,10,0.4,1,3,1,1,1,226.43,1,6,1,1,1,1,7,3,3,1,1
2,3,8,11,1.8,3,2,2,2,1,273.23,1,17,1,1,3,3,9,3,1,2,2
2,3,8,12,0.1,2,3,2,1,0,334.47,0,12,1,3,2,2,11,3,3,1,1
2,3,8,13,0.8,1,3,1,1,1,264.42,1,3,3,3,3,3,2,1,1,3,3
2,3,8,14,0.8,1,1,1,1,1,229.49,1,13,1,1,1,1,3,3,3,3,3
2,3,8,15,0.05,3,1,2,2,1,331.66,0,15,3,1,1,3,16,3,3,3,3
2,3,8,16,0.1,2,2,2,2,1,396.19,0,6,3,3,2,2,3,3,3,2,2
2,3,8,17,0.4,3,3,2,2,1,270.46,1,2,1,1,3,3,15,1,3,3,1
2,3,8,18,0.4,3,3,2,2,1,259.54,1,17,1,1,3,3,17,1,3,3,1
2,3,8,19,0.1,1,3,1,1,1,303.03,0,12,1,3,1,3,9,3,3,1,1
2,3,8,20,0.2,1,1,1,1,1,268.54,1,1,3,1,3,1,3,3,3,3,3
2,3,8,21,1.8,1,2,1,1,1,238.26,1,14,1,3,1,3,3,3,1,2,2
2,3,8,22,0.1,2,1,2,1,0,284.07,1,10,3,3,2,2,3,1,3,1,3
2,3,8,23,0.2,1,1,1,1,1,363.17,0,18,1,3,1,3,16,3,3,3,3
2,3,8,24,1.8,3,2,2,2,1,215.43,1,20,3,3,1,1,15,1,1,2,2
2,3,8,25,0.05,1,2,1,1,1,327.14,0,19,1,1,1,1,15,1,1,2,2
2,3,8,26,0.2,1,3,1,1,1,216.39,1,6,3,3,3,3,3,3,3,1,1
2,3,8,27,0.4,3,1,2,2,1,276.14,1,10,3,3,1,1,15,3,1,3,1
2,3,8,28,1.8,3,2,2,2,1,265.04,1,20,1,3,3,1,12,3,3,2,2
2,3,8,29,1.8,1,2,1,2,0,258.53,1,14,3,3,3,3,15,3,1,2,2
2,3,8,30,0.2,1,1,1,1,1,300.23,0,17,3,1,3,1,20,3,3,3,3
2,3,8,31,0.1,1,1,1,1,1,266.88,1,12,1,3,1,3,20,3,1,3,1
2,3,8,32,0.05,1,3,1,1,1,298.58,1,7,3,3,3,3,16,3,3,1,1
2,3,8,33,0.8,2,3,2,1,0,240.22,1,9,3,1,2,2,17,3,1,1,3
2,3,8,34,0.2,1,1,1,1,1,298.31,1,6,1,3,1,3,7,1,3,1,3
2,3,8,35,0.4,3,2,2,2,1,265.39,1,19,3,1,1,3,7,3,3,2,2
2,3,8,36,0.2,1,2,1,1,1,281.21,1,11,1,1,1,1,2,3,3,2,2
2,3,8,37,0.2,1,3,1,1,1,278.7,1,11,1,3,1,3,18,1,1,3,3
2,3,8,38,0.4,3,2,2,2,1,281.44,1,16,3,3,1,1,11,1,1,2,2
2,3,8,39,0.2,1,1,1,1,1,271.32,1,3,3,3,3,3,5,1,3,1,3
2,3,8,40,0.4,1,1,1,1,1,268.51,1,2,3,1,3,1,20,3,1,3,1
2,3,8,41,0.4,1,2,1,1,1,288.91,1,1,1,3,1,3,11,3,3,2,2
2,3,8,42,0.1,3,3,2,2,1,283.12,1,18,1,1,3,3,18,1,3,3,1
2,3,8,43,1.8,1,1,1,1,1,250.83,1,17,1,1,1,1,11,3,3,3,3
2,3,8,44,0.1,1,1,1,1,1,284.21,1,5,3,3,3,3,17,3,3,3,3
2,3,8,45,0.8,1,3,1,1,1,302.51,0,3,1,1,1,1,10,3,3,1,1
2,3,8,46,0.2,1,1,1,1,1,308.65,0,20,1,3,1,3,18,3,3,3,3
2,3,8,47,0.05,1,3,1,1,1,267.56,1,14,3,1,3,1,19,1,3,3,1
2,3,8,48,0.1,1,1,1,1,1,235.07,1,13,3,3,3,3,14,1,1,1,1
2,3,8,49,0.1,1,3,1,1,1,261.65,1,18,3,1,3,1,8,3,3,1,1
2,3,8,50,0.1,2,1,2,1,0,325.4,0,18,1,1,2,2,10,3,1,3,1
2,3,8,51,1.8,2,1,2,2,1,192.36,1,18,1,1,2,2,13,3,3,3,3
2,3,8,52,0.05,1,1,1,1,1,294.31,1,14,1,1,1,1,19,1,3,1,3
2,3,8,53,0.4,3,1,NaN,NaN,NaN,NaN,NaN,2,1,1,3,3,9,3,3,3,3
2,3,8,54,1.8,2,2,2,2,1,228.31,1,10,1,3,2,2,3,3,3,2,2
2,3,8,55,0.1,1,2,1,1,1,234.01,1,14,3,3,3,3,15,3,3,2,2
2,3,8,56,0.8,3,2,2,2,1,211.84,1,16,3,1,1,3,10,3,3,2,2
2,3,8,57,1.8,2,1,2,2,1,214.63,1,11,1,3,2,2,20,3,3,3,3
2,3,8,58,0.05,2,3,2,1,0,347.62,0,14,3,1,2,2,8,1,3,3,1
2,3,8,59,0.8,1,3,1,1,1,249.82,1,4,3,1,3,1,13,1,1,3,3
2,3,8,60,1.8,2,3,2,1,0,197.31,1,12,1,3,2,2,14,1,3,3,1
2,3,8,61,0.8,1,1,1,1,1,238.8,1,11,3,1,3,1,20,3,3,3,3
2,3,8,62,1.8,3,3,2,2,1,261.63,1,10,3,3,1,1,11,3,1,1,3
2,3,8,63,0.05,1,3,1,1,1,296.15,1,20,3,3,3,3,5,3,1,1,3
2,3,8,64,0.8,2,1,2,1,0,246.71,1,15,1,3,2,2,9,1,1,1,1
2,3,8,65,0.4,1,3,1,1,1,270.39,1,6,1,1,1,1,5,1,1,3,3
2,3,8,66,1.8,3,1,2,2,1,223.57,1,11,1,1,3,3,19,3,3,3,3
2,3,8,67,0.2,1,3,1,1,1,252.59,1,15,3,1,3,1,16,1,1,3,3
2,3,8,68,0.8,2,3,2,1,0,241.9,1,14,1,3,2,2,12,3,3,1,1
2,3,8,69,0.1,1,1,1,1,1,273.06,1,2,3,1,3,1,5,1,3,1,3
2,3,8,70,0.1,1,1,1,1,1,270.95,1,20,3,1,3,1,13,1,1,1,1
2,3,8,71,0.05,1,2,1,1,1,315.75,0,9,1,3,1,3,9,3,1,2,2
2,3,8,72,0.4,1,3,1,1,1,235.4,1,8,1,3,1,3,19,3,3,1,1
2,3,8,73,0.8,2,1,2,1,0,245.64,1,14,3,3,2,2,15,1,3,1,3
2,3,8,74,0.05,3,3,2,2,1,347.48,0,10,3,1,1,3,13,1,3,3,1
2,3,8,75,0.2,2,3,2,2,1,316.51,0,17,1,3,2,2,18,1,3,3,1
2,3,8,76,0.05,1,3,1,1,1,285.57,1,16,3,3,3,3,10,3,1,1,3
2,3,8,77,0.05,1,1,1,1,1,255.84,1,15,1,3,1,3,12,1,3,1,3
2,3,8,78,0.2,2,3,2,1,0,206.04,1,12,3,3,2,2,17,3,1,1,3
2,3,9,1,1.8,1,3,1,1,1,237.49,1,16,3,3,3,3,1,1,3,3,1
2,3,9,2,0.4,2,1,2,1,0,236.02,1,15,1,1,2,2,8,3,3,3,3
2,3,9,3,0.05,2,2,2,1,0,476.46,0,19,1,3,2,2,19,1,1,2,2
2,3,9,4,1.8,2,1,2,1,0,213.02,1,6,1,3,2,2,2,1,1,1,1
2,3,9,5,1.8,1,3,1,1,1,183.98,1,17,1,1,1,1,16,1,1,3,3
2,3,9,6,0.8,1,2,1,1,1,255.47,1,13,1,1,1,1,13,3,3,2,2
2,3,9,7,0.2,3,3,2,2,1,283.1,1,1,3,3,1,1,17,3,3,1,1
2,3,9,8,0.05,3,2,2,2,1,473.18,0,1,3,3,1,1,1,3,3,2,2
2,3,9,9,0.2,1,2,1,1,1,251.36,1,7,3,1,3,1,6,3,1,2,2
2,3,9,10,0.1,1,3,1,1,1,286.15,1,18,1,1,1,1,4,3,3,1,1
2,3,9,11,0.05,1,1,1,1,1,328.28,0,15,3,1,3,1,18,1,3,1,3
2,3,9,12,1.8,3,2,2,2,1,215.53,1,20,1,3,3,1,1,3,1,2,2
2,3,9,13,0.1,1,1,1,1,1,310.47,0,18,3,1,3,1,12,1,1,1,1
2,3,9,14,0.8,1,3,NaN,NaN,NaN,NaN,NaN,19,3,1,3,1,15,3,3,1,1
2,3,9,15,0.8,1,2,1,2,0,288.1,1,11,3,1,3,1,5,3,1,2,2
2,3,9,16,0.4,2,2,2,2,1,211.85,1,1,1,3,2,2,9,1,1,2,2
2,3,9,17,0.2,1,1,1,1,1,238.4,1,9,3,1,3,1,19,3,1,3,1
2,3,9,18,0.1,1,1,1,1,1,282.86,1,4,3,3,3,3,9,3,3,3,3
2,3,9,19,0.4,1,2,1,1,1,266.28,1,15,3,1,3,1,5,1,1,2,2
2,3,9,20,1.8,1,2,1,1,1,242.42,1,12,1,3,1,3,10,3,1,2,2
2,3,9,21,0.1,2,1,2,2,1,312.8,0,19,1,1,2,2,20,1,3,1,3
2,3,9,22,1.8,3,2,NaN,NaN,NaN,NaN,NaN,17,3,3,1,1,11,3,1,2,2
2,3,9,23,0.4,2,3,2,2,1,222.25,1,2,1,3,2,2,3,1,3,3,1
2,3,9,24,0.1,1,1,1,2,0,464.57,0,7,1,1,1,1,18,3,1,3,1
2,3,9,25,0.05,1,1,1,1,1,319.38,0,5,3,1,3,1,10,1,3,1,3
2,3,9,26,0.8,3,1,2,2,1,219.96,1,13,3,1,1,3,18,1,1,1,1
2,3,9,27,0.8,1,1,1,1,1,295.34,1,14,1,1,1,1,11,1,3,1,3
2,3,9,28,0.8,1,3,1,1,1,249.56,1,6,3,1,3,1,5,1,1,3,3
2,3,9,29,0.2,1,1,1,1,1,296.73,1,2,1,1,1,1,7,1,1,1,1
2,3,9,30,0.4,2,3,2,2,1,298.8,1,8,1,1,2,2,7,1,1,3,3
2,3,9,31,0.4,3,1,2,2,1,276.37,1,7,1,3,3,1,14,3,1,3,1
2,3,9,32,0.8,3,2,2,2,1,239.86,1,19,1,1,3,3,15,3,3,2,2
2,3,9,33,0.05,1,2,1,1,1,306.36,0,12,3,3,3,3,19,3,3,2,2
2,3,9,34,0.2,1,3,1,1,1,267.06,1,11,3,3,3,3,8,1,1,3,3
2,3,9,35,0.1,3,3,2,2,1,857.02,0,12,1,3,3,1,17,1,1,3,3
2,3,9,36,0.1,2,2,2,2,1,320.46,0,2,1,3,2,2,5,3,1,2,2
2,3,9,37,0.1,1,3,1,1,1,241.34,1,12,3,1,3,1,8,3,3,1,1
2,3,9,38,0.05,3,1,2,2,1,347.91,0,6,1,1,3,3,8,1,1,1,1
2,3,9,39,0.05,1,2,1,1,1,296.87,1,1,3,3,3,3,5,1,1,2,2
2,3,9,40,1.8,3,2,2,2,1,234.74,1,11,1,3,3,1,17,3,1,2,2
2,3,9,41,1.8,1,2,1,1,1,216.23,1,4,1,3,1,3,16,3,3,2,2
2,3,9,42,1.8,3,2,2,2,1,166.5,1,4,3,3,1,1,20,3,3,2,2
2,3,9,43,0.8,1,1,1,1,1,212.1,1,12,3,3,3,3,18,3,1,3,1
2,3,9,44,0.05,1,2,1,1,1,396.15,0,11,3,3,3,3,14,3,1,2,2
2,3,9,45,1.8,1,1,1,1,1,229.87,1,12,3,3,3,3,2,3,3,3,3
2,3,9,46,0.05,1,2,1,1,1,341.91,0,5,1,1,1,1,18,3,3,2,2
2,3,9,47,0.4,1,2,1,1,1,249.26,1,5,3,3,3,3,20,1,3,2,2
2,3,9,48,0.2,3,2,2,2,1,295.79,1,20,1,3,3,1,3,1,1,2,2
2,3,9,49,0.1,1,1,1,1,1,228.63,1,18,3,1,3,1,12,1,3,1,3
2,3,9,50,0.2,3,3,2,2,1,261.4,1,12,1,3,3,1,1,1,3,3,1
2,3,9,51,0.4,1,1,1,1,1,235.77,1,5,1,1,1,1,9,3,1,3,1
2,3,9,52,0.05,1,2,1,1,1,262.61,1,4,3,3,3,3,15,1,1,2,2
2,3,9,53,0.2,2,3,2,1,0,339.4,0,1,3,3,2,2,1,1,1,3,3
2,3,9,54,1.8,3,3,2,2,1,219.1,1,8,3,1,1,3,10,1,3,3,1
2,3,9,55,0.1,1,3,1,1,1,264.25,1,8,3,3,3,3,8,3,1,1,3
2,3,9,56,0.05,2,2,2,2,1,366.18,0,9,1,1,2,2,13,1,1,2,2
2,3,9,57,0.05,3,1,2,2,1,308.02,0,10,3,3,1,1,19,3,3,3,3
2,3,9,58,0.8,1,1,1,1,1,213.83,1,9,1,3,1,3,2,1,1,1,1
2,3,9,59,0.8,1,2,1,1,1,225.35,1,14,1,3,1,3,2,1,3,2,2
2,3,9,60,0.4,1,2,1,1,1,257.43,1,17,1,3,1,3,15,3,3,2,2
2,3,9,61,0.4,1,2,1,1,1,252.44,1,18,1,3,1,3,16,3,3,2,2
2,3,9,62,0.4,3,1,2,2,1,254.34,1,5,3,1,1,3,12,3,3,3,3
2,3,9,63,0.05,1,1,1,1,1,295.86,1,1,3,3,3,3,11,3,3,3,3
2,3,9,64,0.1,2,3,2,1,0,273.53,1,4,3,3,2,2,8,1,3,3,1
2,3,9,65,0.4,1,3,1,1,1,231.23,1,15,1,3,1,3,19,3,1,1,3
2,3,9,66,0.2,1,3,1,1,1,257.6,1,17,3,3,3,3,7,1,3,3,1
2,3,9,67,0.8,2,3,2,2,1,225.88,1,7,3,1,2,2,13,3,3,1,1
2,3,9,68,0.2,3,2,2,2,1,300.08,0,20,3,1,1,3,8,3,3,2,2
2,3,9,69,0.2,1,1,1,2,0,296.46,1,10,1,1,1,1,19,1,1,1,1
2,3,9,70,0.2,1,3,1,1,1,272,1,14,1,3,1,3,14,1,3,3,1
2,3,9,71,1.8,1,2,1,1,1,266.6,1,3,3,1,3,1,5,1,3,2,2
2,3,9,72,0.1,3,2,2,2,1,288.43,1,12,3,1,1,3,4,3,1,2,2
2,3,9,73,0.8,3,1,2,2,1,235.26,1,2,3,1,1,3,9,3,1,3,1
2,3,9,74,1.8,2,2,2,1,0,181.24,1,15,1,3,2,2,11,3,3,2,2
2,3,9,75,0.8,1,3,1,1,1,275.24,1,15,1,3,1,3,10,1,1,3,3
2,3,9,76,0.2,3,1,2,2,1,244.46,1,8,3,1,1,3,16,1,1,1,1
2,3,9,77,0.4,1,1,1,1,1,290.36,1,3,1,1,1,1,5,1,1,1,1
2,3,9,78,0.1,1,2,1,1,1,271.03,1,16,1,1,1,1,20,1,1,2,2
2,3,10,1,0.8,3,1,2,2,1,266.4,1,8,3,3,1,1,8,3,3,3,3
2,3,10,2,0.2,3,2,2,2,1,298.92,1,18,1,3,3,1,20,1,3,2,2
2,3,10,3,0.2,3,1,2,2,1,368.89,0,12,3,3,1,1,5,3,1,3,1
2,3,10,4,0.05,3,3,2,2,1,279.41,1,1,3,3,1,1,10,3,1,1,3
2,3,10,5,0.1,2,2,2,1,0,296.66,1,8,1,3,2,2,17,3,1,2,2
2,3,10,6,0.8,2,3,2,2,1,231.6,1,16,3,3,2,2,14,1,1,3,3
2,3,10,7,0.1,1,2,1,2,0,344.66,0,3,1,1,1,1,19,1,3,2,2
2,3,10,8,0.4,1,1,1,1,1,251.9,1,8,3,3,3,3,2,1,3,1,3
2,3,10,9,0.05,3,2,2,2,1,328.09,0,6,3,3,1,1,6,3,1,2,2
2,3,10,10,1.8,1,3,1,1,1,206.03,1,18,3,1,3,1,10,3,3,1,1
2,3,10,11,1.8,3,3,2,2,1,199.5,1,18,3,1,1,3,16,1,1,3,3
2,3,10,12,0.1,1,2,1,1,1,265.32,1,5,1,3,1,3,17,1,1,2,2
2,3,10,13,1.8,1,3,1,1,1,199.04,1,7,1,3,1,3,19,3,1,1,3
2,3,10,14,0.4,2,1,2,2,1,266.04,1,2,1,3,2,2,5,3,3,3,3
2,3,10,15,0.8,1,1,1,1,1,252.42,1,14,3,1,3,1,7,1,3,1,3
2,3,10,16,0.1,1,2,1,1,1,274.89,1,18,3,3,3,3,17,1,1,2,2
2,3,10,17,0.1,1,1,1,1,1,263.71,1,20,3,3,3,3,20,1,3,1,3
2,3,10,18,0.2,1,1,1,1,1,271.28,1,20,3,1,3,1,16,3,3,3,3
2,3,10,19,1.8,2,2,2,1,0,249.63,1,3,1,3,2,2,6,3,1,2,2
2,3,10,20,0.1,1,2,1,1,1,203.54,1,17,1,1,1,1,18,1,1,2,2
2,3,10,21,0.4,2,3,2,2,1,257.65,1,10,3,1,2,2,4,1,1,3,3
2,3,10,22,0.2,2,2,2,1,0,115.24,1,1,1,1,2,2,13,1,1,2,2
2,3,10,23,0.1,1,1,1,1,1,270.38,1,10,3,1,3,1,18,1,1,1,1
2,3,10,24,0.2,2,3,2,1,0,268.33,1,18,3,3,2,2,13,3,3,1,1
2,3,10,25,0.2,1,3,1,1,1,262.28,1,10,1,3,1,3,13,1,1,3,3
2,3,10,26,0.8,1,1,1,1,1,248.66,1,5,1,3,1,3,16,1,3,1,3
2,3,10,27,1.8,2,1,2,1,0,188.81,1,10,3,1,2,2,2,3,3,3,3
2,3,10,28,1.8,1,3,1,1,1,222.94,1,5,1,3,1,3,15,3,1,1,3
2,3,10,29,0.2,3,3,2,2,1,272.73,1,2,3,3,1,1,7,1,1,3,3
2,3,10,30,1.8,1,2,1,1,1,207.93,1,11,1,3,1,3,9,1,3,2,2
2,3,10,31,0.05,1,2,1,1,1,301.02,0,10,1,3,1,3,16,3,1,2,2
2,3,10,32,0.05,2,1,2,2,1,315.35,0,9,1,3,2,2,5,3,3,3,3
2,3,10,33,0.8,1,3,1,1,1,242.08,1,1,1,3,1,3,12,1,1,3,3
2,3,10,34,0.2,3,3,2,2,1,307.66,0,4,3,3,1,1,17,3,1,1,3
2,3,10,35,0.05,1,3,1,1,1,301.01,0,19,1,3,1,3,13,3,3,1,1
2,3,10,36,0.05,1,2,1,1,1,304.54,0,12,1,1,1,1,4,1,3,2,2
2,3,10,37,1.8,1,1,1,2,0,185.3,1,3,1,3,1,3,13,3,3,3,3
2,3,10,38,0.05,1,2,1,1,1,248.25,1,17,1,3,1,3,6,1,3,2,2
2,3,10,39,0.8,3,1,2,2,1,228.99,1,10,3,3,1,1,1,3,1,3,1
2,3,10,40,0.4,3,2,2,2,1,287.9,1,2,3,3,1,1,17,3,3,2,2
2,3,10,41,0.1,1,2,1,1,1,259.37,1,13,1,3,1,3,7,3,1,2,2
2,3,10,42,0.2,1,2,1,1,1,124.08,1,12,1,1,1,1,11,1,3,2,2
2,3,10,43,0.8,3,3,2,2,1,210.3,1,16,3,3,1,1,2,3,1,1,3
2,3,10,44,0.4,1,2,1,1,1,285.86,1,3,1,3,1,3,19,1,1,2,2
2,3,10,45,0.8,1,3,1,1,1,259.52,1,10,3,3,3,3,20,3,1,1,3
2,3,10,46,0.05,1,2,1,2,0,264.36,1,9,3,3,3,3,7,3,1,2,2
2,3,10,47,0.05,1,2,1,1,1,261.24,1,6,1,1,1,1,8,3,3,2,2
2,3,10,48,0.4,1,3,NaN,NaN,NaN,NaN,NaN,15,1,1,1,1,18,1,1,3,3
2,3,10,49,0.05,1,3,1,1,1,283.83,1,2,1,3,1,3,10,3,3,1,1
2,3,10,50,0.8,1,2,1,1,1,259.24,1,20,1,1,1,1,6,1,3,2,2
2,3,10,51,0.4,3,1,2,2,1,214.79,1,3,1,1,3,3,19,1,3,1,3
2,3,10,52,0.1,2,1,2,1,0,280.95,1,18,3,1,2,2,19,3,1,3,1
2,3,10,53,0.4,2,2,2,2,1,317.56,0,4,3,3,2,2,13,3,3,2,2
2,3,10,54,1.8,1,3,1,2,0,196.34,1,16,1,1,1,1,18,1,3,3,1
2,3,10,55,0.2,3,3,2,2,1,204.26,1,5,1,1,3,3,4,3,3,1,1
2,3,10,56,0.05,1,3,1,1,1,277.14,1,5,3,1,3,1,14,3,1,1,3
2,3,10,57,0.1,1,3,1,1,1,303.88,0,3,1,3,1,3,16,3,1,1,3
2,3,10,58,0.1,2,1,2,2,1,284.91,1,15,1,1,2,2,14,3,3,3,3
2,3,10,59,0.1,1,2,1,1,1,262.78,1,17,3,1,3,1,13,1,3,2,2
2,3,10,60,0.2,2,1,2,1,0,222.65,1,3,3,3,2,2,1,3,1,3,1
2,3,10,61,0.4,1,1,1,1,1,229.32,1,9,1,1,1,1,8,3,3,3,3
2,3,10,62,0.8,2,2,2,2,1,246.61,1,20,1,3,2,2,4,3,1,2,2
2,3,10,63,0.05,3,2,2,2,1,316.65,0,6,1,1,3,3,5,3,1,2,2
2,3,10,64,0.4,1,3,1,1,1,308.75,0,2,3,3,3,3,17,1,3,3,1
2,3,10,65,0.2,1,2,1,1,1,258.91,1,8,3,3,3,3,3,3,3,2,2
2,3,10,66,0.05,2,2,2,2,1,317.31,0,4,3,1,2,2,11,3,3,2,2
2,3,10,67,0.8,1,2,1,1,1,243.34,1,2,1,1,1,1,2,1,1,2,2
2,3,10,68,0.1,3,2,2,2,1,827.33,0,18,3,1,1,3,9,1,3,2,2
2,3,10,69,1.8,3,3,2,2,1,249.74,1,4,1,1,3,3,14,1,1,3,3
2,3,10,70,0.8,3,3,2,2,1,220.13,1,10,3,3,1,1,5,3,1,1,3
2,3,10,71,1.8,1,2,1,1,1,212.35,1,2,3,1,3,1,4,3,1,2,2
2,3,10,72,0.4,1,1,1,1,1,279.86,1,20,3,1,3,1,5,3,3,3,3
2,3,10,73,0.4,3,2,2,2,1,254.58,1,18,3,1,1,3,2,3,3,2,2
2,3,10,74,0.8,2,1,2,1,0,246.39,1,12,1,3,2,2,4,1,1,1,1
2,3,10,75,1.8,2,1,2,2,1,222.32,1,10,3,3,2,2,12,3,3,3,3
2,3,10,76,0.4,1,3,1,1,1,260.03,1,5,3,3,3,3,15,3,1,1,3
2,3,10,77,0.2,2,2,2,1,0,271.18,1,12,3,3,2,2,18,3,1,2,2
2,3,10,78,1.8,1,3,1,1,1,233.12,1,8,1,3,1,3,17,1,3,3,1
