4,9,1,1,0.4,1,1,1,1,1,257.1,1,16,1,3,1,3,19,3,3,3,3
4,9,1,2,0.8,1,3,1,1,1,222.64,1,6,1,3,1,3,10,3,3,1,1
4,9,1,3,0.8,1,2,1,1,1,240.59,1,6,1,3,1,3,6,1,3,2,2
4,9,1,4,0.05,3,1,2,2,1,321.44,0,18,1,3,3,1,2,1,3,1,3
4,9,1,5,0.4,2,2,2,1,0,246.66,1,11,3,1,2,2,5,1,3,2,2
4,9,1,6,0.1,1,1,1,1,1,251.88,1,9,1,1,1,1,4,1,3,1,3
4,9,1,7,0.05,2,3,2,2,1,284,1,4,1,1,2,2,7,3,1,1,3
4,9,1,8,1.8,2,2,2,2,1,240.09,1,7,1,3,2,2,20,3,3,2,2
4,9,1,9,0.2,3,2,2,2,1,605.6,0,16,1,3,3,1,19,3,3,2,2
4,9,1,10,0.2,2,3,2,2,1,232.82,1,9,1,3,2,2,2,3,3,1,1
4,9,1,11,1.8,1,3,1,2,0,235.36,1,12,3,3,3,3,12,3,3,1,1
4,9,1,12,0.8,1,2,1,1,1,220.74,1,3,3,1,3,1,19,1,1,2,2
4,9,1,13,0.05,2,3,2,1,0,229.04,1,12,3,1,2,2,11,1,1,3,3
4,9,1,14,0.8,1,1,1,2,0,239.31,1,14,1,3,1,3,11,1,1,1,1
4,9,1,15,0.05,1,3,1,1,1,257.04,1,20,1,3,1,3,18,1,1,3,3
4,9,1,16,0.4,1,3,1,1,1,200.41,1,19,3,3,3,3,3,3,1,1,3
4,9,1,17,0.05,1,3,1,2,0,365.3,0,7,3,3,3,3,3,3,1,1,3
4,9,1,18,0.2,3,2,2,2,1,219.82,1,6,1,1,3,3,19,1,1,2,2
4,9,1,19,1.8,2,1,2,2,1,254.86,1,9,3,3,2,2,2,3,1,3,1
4,9,1,20,0.8,1,3,1,1,1,233.8,1,18,3,3,3,3,18,3,3,1,1
4,9,1,21,0.8,1,1,NaN,NaN,NaN,NaN,NaN,2,3,3,3,3,12,1,1,1,1
4,9,1,22,0.2,3,1,2,2,1,242.34,1,10,3,1,1,3,19,3,1,3,1
4,9,1,23,0.05,3,2,2,1,0,259.82,1,18,3,3,1,1,10,3,1,2,2
4,9,1,24,0.2,3,3,2,2,1,241.84,1,19,1,3,3,1,16,3,1,1,3
4,9,1,25,0.4,2,3,2,2,1,239.75,1,18,3,1,2,2,4,1,1,3,3
4,9,1,26,0.05,1,3,1,1,1,351.86,0,14,3,1,3,1,17,1,1,3,3
4,9,1,27,0.2,3,2,NaN,NaN,NaN,NaN,NaN,1,1,1,3,3,2,1,3,2,2
4,9,1,28,0.2,1,2,1,1,1,227.42,1,18,3,1,3,1,11,1,1,2,2
4,9,1,29,0.8,1,3,1,1,1,249.98,1,7,1,3,1,3,1,1,3,3,1
4,9,1,30,1.8,1,3,1,1,1,212.08,1,4,3,1,3,1,20,3,3,1,1
4,9,1,31,0.1,2,3,2,2,1,352.18,0,3,1,1,2,2,9,1,1,3,3
4,9,1,32,0.1,3,2,2,2,1,312.87,0,17,1,1,3,3,7,3,3,2,2
4,9,1,33,0.4,3,1,2,2,1,254.68,1,11,3,3,1,1,14,3,3,3,3
4,9,1,34,0.1,3,1,2,2,1,266.38,1,13,1,3,3,1,7,1,1,1,1
4,9,1,35,1.8,1,2,1,1,1,241.59,1,14,3,3,3,3,9,1,1,2,2
4,9,1,36,1.8,1,3,1,1,1,241.98,1,20,1,3,1,3,7,1,1,3,3
4,9,1,37,0.4,1,3,1,1,1,263.99,1,5,3,3,3,3,14,3,1,1,3
4,9,1,38,0.1,3,2,2,2,1,317.12,0,2,1,1,3,3,10,1,1,2,2
4,9,1,39,0.2,3,3,2,2,1,262.59,1,14,1,1,3,3,19,3,3,1,1
4,9,1,40,0.2,1,2,1,1,1,220.87,1,20,1,3,1,3,20,3,3,2,2
4,9,1,41,0.1,3,2,2,2,1,302.11,0,13,3,3,1,1,19,3,1,2,2
4,9,1,42,0.1,3,1,2,2,1,349.34,0,17,1,1,3,3,5,1,1,1,1
4,9,1,43,1.8,2,1,2,2,1,290.57,1,17,1,3,2,2,8,1,1,1,1
4,9,1,44,0.05,3,3,2,2,1,331.52,0,10,1,1,3,3,7,1,1,3,3
4,9,1,45,0.4,2,3,2,1,0,239.14,1,12,3,3,2,2,1,3,1,1,3
4,9,1,46,0.4,3,2,2,2,1,260.14,1,19,1,3,3,1,20,1,1,2,2
4,9,1,47,1.8,1,1,1,1,1,215.61,1,2,3,1,3,1,5,1,3,1,3
4,9,1,48,0.05,1,1,1,1,1,337.13,0,2,3,3,3,3,7,1,3,1,3
4,9,1,49,1.8,3,3,2,2,1,216.86,1,20,3,1,1,3,17,3,1,1,3
4,9,1,50,0.1,3,2,2,2,1,344.65,0,11,1,3,3,1,13,1,1,2,2
4,9,1,51,0.1,2,1,2,2,1,283.73,1,2,3,3,2,2,5,1,1,1,1
4,9,1,52,0.4,1,1,1,1,1,215.99,1,11,1,3,1,3,17,3,1,3,1
4,9,1,53,0.1,2,1,2,2,1,318.95,0,19,3,1,2,2,8,3,1,3,1
4,9,1,54,1.8,2,1,2,2,1,269.56,1,8,1,1,2,2,16,3,1,3,1
4,9,1,55,0.05,1,3,1,1,1,271.56,1,1,3,3,3,3,10,3,3,1,1
4,9,1,56,0.1,3,3,2,2,1,292.89,1,1,3,1,1,3,10,1,3,3,1
4,9,1,57,0.4,1,2,1,1,1,226.58,1,2,1,3,1,3,1,1,1,2,2
4,9,1,58,0.4,2,3,2,2,1,879.66,0,6,3,3,2,2,5,3,1,1,3
4,9,1,59,0.05,1,1,1,1,1,253.05,1,11,3,3,3,3,8,3,3,3,3
4,9,1,60,0.4,3,3,2,2,1,259.54,1,10,3,3,1,1,8,1,1,3,3
4,9,1,61,0.8,1,3,1,1,1,261.31,1,18,1,3,1,3,3,1,1,3,3
4,9,1,62,0.8,2,3,2,2,1,268.59,1,1,3,3,2,2,3,3,3,1,1
4,9,1,63,0.05,3,2,2,2,1,382.46,0,11,1,1,3,3,7,3,3,2,2
4,9,1,64,1.8,1,2,1,1,1,242.87,1,13,1,3,1,3,9,3,1,2,2
4,9,1,65,0.2,2,2,2,2,1,291.78,1,18,1,1,2,2,3,1,3,2,2
4,9,1,66,0.4,1,2,1,1,1,271.74,1,1,3,3,3,3,4,1,1,2,2
4,9,1,67,0.2,3,3,2,2,1,267.26,1,9,3,3,1,1,16,3,3,1,1
4,9,1,68,0.1,3,2,2,2,1,343.6,0,12,3,1,1,3,11,3,3,2,2
4,9,1,69,0.05,1,3,1,1,1,254.1,1,8,3,3,3,3,17,3,3,1,1
4,9,1,70,0.2,1,2,1,1,1,230.48,1,18,1,1,1,1,8,1,3,2,2
4,9,1,71,0.8,2,3,2,2,1,274.64,1,8,1,1,2,2,10,1,3,3,1
4,9,1,72,0.1,3,2,2,2,1,320.8,0,14,1,3,3,1,15,3,3,2,2
4,9,1,73,0.8,2,1,2,2,1,255.35,1,19,1,1,2,2,12,3,1,3,1
4,9,1,74,1.8,3,2,2,2,1,278.81,1,7,3,1,1,3,19,1,3,2,2
4,9,1,75,0.2,2,3,2,2,1,309.32,0,20,1,3,2,2,2,1,1,3,3
4,9,1,76,0.8,1,3,1,1,1,268.8,1,3,3,3,3,3,11,3,1,1,3
4,9,1,77,1.8,2,1,2,1,0,283.88,1,6,1,3,2,2,6,3,1,3,1
4,9,1,78,0.8,1,3,1,1,1,261.84,1,15,3,1,3,1,5,3,1,1,3
4,9,2,1,0.1,2,1,2,1,0,283.96,1,14,3,3,2,2,3,3,3,3,3
4,9,2,2,0.8,3,1,2,2,1,255.35,1,16,3,3,1,1,7,1,1,1,1
4,9,2,3,0.2,2,2,2,2,1,292.73,1,15,3,1,2,2,15,1,1,2,2
4,9,2,4,0.2,1,1,1,1,1,221.09,1,5,1,3,1,3,12,1,1,1,1
4,9,2,5,1.8,2,2,2,2,1,249.22,1,4,1,3,2,2,13,3,1,2,2
4,9,2,6,1.8,2,2,2,2,1,242.21,1,19,3,3,2,2,15,1,3,2,2
4,9,2,7,0.8,3,2,2,2,1,269.59,1,1,1,1,3,3,6,1,3,2,2
4,9,2,8,1.8,1,2,1,1,1,234.55,1,18,3,1,3,1,12,3,1,2,2
4,9,2,9,0.05,1,1,1,1,1,269.33,1,10,1,3,1,3,12,3,1,3,1
4,9,2,10,0.05,1,1,1,1,1,305.16,0,5,3,1,3,1,6,1,1,1,1
4,9,2,11,0.1,1,3,1,1,1,334.37,0,15,1,1,1,1,4,1,1,3,3
4,9,2,12,0.4,1,1,1,1,1,284.1,1,4,1,3,1,3,19,1,3,1,3
4,9,2,13,0.1,1,3,1,1,1,303.92,0,5,3,3,3,3,2,3,1,1,3
4,9,2,14,0.05,1,1,1,1,1,315.03,0,9,1,3,1,3,11,3,3,3,3
4,9,2,15,0.2,1,3,1,1,1,216.21,1,19,1,1,1,1,5,1,1,3,3
4,9,2,16,0.8,1,3,1,1,1,266.81,1,9,1,3,1,3,20,1,3,3,1
4,9,2,17,0.8,1,2,1,1,1,236.63,1,7,3,3,3,3,18,1,1,2,2
4,9,2,18,1.8,1,1,1,1,1,289.18,1,13,1,1,1,1,5,3,3,3,3
4,9,2,19,0.4,1,3,1,1,1,258.48,1,17,1,1,1,1,9,3,1,1,3
4,9,2,20,0.8,2,1,2,1,0,248.55,1,16,1,3,2,2,17,3,1,3,1
4,9,2,21,0.05,3,1,2,2,1,409.27,0,2,1,3,3,1,8,1,3,1,3
4,9,2,22,0.4,1,2,1,1,1,276.62,1,18,3,3,3,3,9,1,3,2,2
4,9,2,23,1.8,1,2,1,1,1,273.82,1,11,1,1,1,1,12,1,1,2,2
4,9,2,24,0.2,1,3,1,1,1,245.51,1,13,3,1,3,1,18,1,3,3,1
4,9,2,25,0.05,1,3,1,2,0,323.84,0,17,1,3,1,3,14,3,1,1,3
4,9,2,26,0.4,2,1,2,2,1,263.66,1,10,3,3,2,2,10,1,3,1,3
4,9,2,27,0.1,2,3,2,1,0,234.41,1,17,1,3,2,2,8,1,1,3,3
4,9,2,28,0.8,1,3,1,1,1,257.53,1,12,1,3,1,3,13,1,1,3,3
4,9,2,29,1.8,2,2,2,2,1,292.25,1,10,3,1,2,2,1,3,3,2,2
4,9,2,30,1.8,2,1,2,2,1,317.26,0,3,3,3,2,2,19,1,3,1,3
4,9,2,31,0.4,1,1,1,2,0,240.41,1,15,1,1,1,1,19,1,1,1,1
4,9,2,32,0.2,1,1,1,1,1,270.83,1,9,3,3,3,3,11,3,3,3,3
4,9,2,33,0.05,1,2,1,1,1,314.35,0,7,1,3,1,3,4,1,3,2,2
4,9,2,34,0.8,2,2,2,2,1,275.74,1,16,1,1,2,2,10,1,3,2,2
4,9,2,35,0.2,1,1,1,1,1,246.55,1,2,1,3,1,3,6,1,1,1,1
4,9,2,36,0.4,3,2,2,2,1,262.19,1,2,1,1,3,3,5,3,1,2,2
4,9,2,37,0.4,3,1,2,2,1,249.95,1,3,3,1,1,3,6,1,3,1,3
4,9,2,38,0.05,1,2,1,2,0,412.79,0,2,3,1,3,1,10,3,3,2,2
4,9,2,39,0.1,1,2,1,1,1,264.3,1,3,1,3,1,3,20,1,3,2,2
4,9,2,40,0.8,3,1,2,2,1,247.84,1,3,1,1,3,3,1,1,3,1,3
4,9,2,41,0.4,1,1,1,1,1,227.56,1,11,1,1,1,1,3,3,3,3,3
4,9,2,42,0.1,2,2,2,1,0,303.63,0,8,1,3,2,2,7,1,1,2,2
4,9,2,43,0.2,3,2,2,2,1,301.11,0,5,3,3,1,1,2,3,3,2,2
4,9,2,44,0.8,1,2,1,1,1,242.71,1,19,3,3,3,3,20,3,1,2,2
4,9,2,45,0.8,3,3,2,2,1,254.05,1,16,1,3,3,1,17,3,3,1,1
4,9,2,46,0.05,1,3,1,1,1,365.15,0,8,3,1,3,1,12,3,1,1,3
4,9,2,47,0.8,2,1,2,2,1,329.24,0,15,1,3,2,2,1,1,3,1,3
4,9,2,48,1.8,1,1,1,1,1,239.42,1,13,3,3,3,3,2,3,1,3,1
4,9,2,49,0.4,3,1,2,2,1,293.97,1,3,3,3,1,1,19,1,3,1,3
4,9,2,50,0.8,2,3,2,2,1,267.67,1,4,3,1,2,2,5,1,3,3,1
4,9,2,51,0.4,1,1,1,1,1,258.25,1,6,1,3,1,3,4,3,3,3,3
4,9,2,52,0.8,1,1,1,1,1,284.71,1,3,1,3,1,3,8,3,3,3,3
4,9,2,53,0.4,1,3,1,1,1,239.99,1,6,3,1,3,1,12,3,1,1,3
4,9,2,54,0.05,3,3,2,2,1,315.97,0,11,3,1,1,3,20,1,1,3,3
4,9,2,55,0.1,1,3,1,1,1,244.7,1,4,1,3,1,3,2,1,3,3,1
4,9,2,56,0.05,2,2,2,2,1,370.61,0,18,3,3,2,2,20,3,1,2,2
4,9,2,57,0.1,3,1,2,2,1,274.83,1,6,1,1,3,3,14,1,3,1,3
4,9,2,58,0.1,2,2,2,1,0,313.33,0,6,1,3,2,2,9,1,3,2,2
4,9,2,59,0.1,1,1,1,1,1,265.1,1,13,1,3,1,3,7,3,1,3,1
4,9,2,60,0.1,1,1,1,2,0,290.15,1,9,1,1,1,1,17,1,1,1,1
4,9,2,61,1.8,1,2,1,2,0,274.07,1,7,1,1,1,1,18,3,3,2,2
4,9,2,62,1.8,1,3,1,1,1,236.97,1,4,1,1,1,1,1,1,1,3,3
4,9,2,63,1.8,1,3,1,2,0,262.25,1,14,3,1,3,1,19,1,3,3,1
4,9,2,64,0.1,1,1,1,1,1,219.02,1,6,1,3,1,3,7,3,1,3,1
4,9,2,65,0.05,1,3,1,1,1,290.26,1,10,3,1,3,1,6,1,1,3,3
4,9,2,66,1.8,2,2,2,2,1,288.59,1,1,1,1,2,2,9,1,3,2,2
4,9,2,67,0.4,1,2,1,1,1,278.37,1,20,1,3,1,3,7,1,1,2,2
4,9,2,68,0.1,2,3,2,2,1,338.17,0,14,1,3,2,2,3,3,3,1,1
4,9,2,69,0.4,3,1,2,2,1,293.35,1,12,3,1,1,3,14,3,3,3,3
4,9,2,70,0.05,1,1,1,1,1,329.66,0,6,3,1,3,1,7,3,1,3,1
4,9,2,71,0.2,2,1,2,2,1,316.46,0,2,1,1,2,2,4,3,3,3,3
4,9,2,72,1.8,1,3,1,1,1,245.15,1,13,1,1,1,1,13,1,3,3,1
4,9,2,73,0.05,1,3,1,1,1,329.9,0,8,1,1,1,1,5,3,3,1,1
4,9,2,74,0.2,2,1,2,2,1,329.83,0,4,1,3,2,2,1,3,1,3,1
4,9,2,75,0.2,1,1,1,1,1,252.85,1,8,1,1,1,1,5,3,3,3,3
4,9,2,76,0.2,1,1,1,1,1,256.43,1,16,1,1,1,1,14,1,1,1,1
4,9,2,77,0.2,2,2,2,2,1,293.54,1,13,3,1,2,2,7,1,1,2,2
4,9,2,78,0.2,1,3,1,1,1,386.71,0,9,3,1,3,1,13,3,1,1,3
4,9,3,1,0.2,2,1,2,2,1,281.41,1,13,1,3,2,2,12,1,3,1,3
4,9,3,2,0.8,1,2,1,1,1,252.45,1,12,1,3,1,3,13,1,1,2,2
4,9,3,3,0.8,1,3,1,1,1,231.23,1,9,3,1,3,1,5,1,1,3,3
4,9,3,4,0.05,2,3,2,2,1,360.25,0,5,1,1,2,2,15,1,1,3,3
4,9,3,5,1.8,3,1,2,2,1,238.35,1,15,1,1,3,3,13,3,3,3,3
4,9,3,6,0.4,3,1,2,2,1,247.52,1,4,3,1,1,3,15,1,1,1,1
4,9,3,7,0.05,1,1,1,1,1,271.84,1,8,3,3,3,3,1,1,1,1,1
4,9,3,8,0.2,1,2,1,1,1,207.29,1,5,1,3,1,3,8,1,3,2,2
4,9,3,9,0.1,1,2,1,1,1,313.18,0,20,1,3,1,3,2,3,1,2,2
4,9,3,10,1.8,1,1,1,1,1,249.75,1,8,1,3,1,3,13,1,1,1,1
4,9,3,11,0.1,1,3,1,1,1,261.85,1,19,1,3,1,3,12,3,1,1,3
4,9,3,12,0.2,3,1,2,2,1,243.57,1,20,1,1,3,3,3,1,3,1,3
4,9,3,13,0.4,2,1,2,2,1,275.95,1,11,3,1,2,2,2,3,3,3,3
4,9,3,14,0.4,2,2,2,2,1,344.23,0,20,1,3,2,2,18,3,1,2,2
4,9,3,15,0.1,1,3,1,1,1,230.3,1,3,1,1,1,1,14,3,3,1,1
4,9,3,16,0.2,3,2,2,2,1,257.73,1,5,3,3,1,1,19,1,1,2,2
4,9,3,17,0.05,3,1,2,2,1,419.44,0,8,1,3,3,1,8,3,1,3,1
4,9,3,18,0.05,1,1,1,1,1,260.47,1,1,3,3,3,3,13,1,1,1,1
4,9,3,19,0.8,3,2,NaN,NaN,NaN,NaN,NaN,1,3,3,1,1,5,3,3,2,2
4,9,3,20,0.2,1,3,1,1,1,265.09,1,8,1,1,1,1,11,1,3,3,1
4,9,3,21,0.05,2,3,2,1,0,295.43,1,10,3,1,2,2,6,3,1,1,3
4,9,3,22,0.2,1,1,1,1,1,273.56,1,8,3,3,3,3,9,3,1,3,1
4,9,3,23,1.8,1,3,1,1,1,246.68,1,10,1,1,1,1,12,3,3,1,1
4,9,3,24,0.8,1,1,1,1,1,236.57,1,4,3,3,3,3,3,1,1,1,1
4,9,3,25,0.1,1,3,1,1,1,330.55,0,6,1,3,1,3,19,1,1,3,3
4,9,3,26,0.4,1,2,1,1,1,261.77,1,6,1,1,1,1,6,3,1,2,2
4,9,3,27,0.05,3,2,2,2,1,336.62,0,11,3,3,1,1,9,3,1,2,2
4,9,3,28,1.8,2,2,2,2,1,279.79,1,8,1,1,2,2,3,3,1,2,2
4,9,3,29,0.8,3,1,2,2,1,828.77,0,2,1,1,3,3,9,3,1,3,1
4,9,3,30,0.05,1,3,1,1,1,320.76,0,20,1,1,1,1,10,3,1,1,3
4,9,3,31,0.2,2,3,2,2,1,269.12,1,5,3,3,2,2,7,3,1,1,3
4,9,3,32,0.8,3,2,2,2,1,308.82,0,14,3,3,1,1,18,1,1,2,2
4,9,3,33,0.8,2,1,2,2,1,268.11,1,2,1,1,2,2,13,1,3,1,3
4,9,3,34,0.4,3,1,2,2,1,283.24,1,17,3,1,1,3,3,1,1,1,1
4,9,3,35,1.8,1,2,1,1,1,253.78,1,15,1,3,1,3,6,3,3,2,2
4,9,3,36,1.8,2,1,2,2,1,257.01,1,7,1,1,2,2,13,3,1,3,1
4,9,3,37,0.8,2,1,2,2,1,335.72,0,18,1,3,2,2,9,3,3,3,3
4,9,3,38,0.1,2,2,2,1,0,328.89,0,4,3,1,2,2,12,1,3,2,2
4,9,3,39,0.8,1,1,1,2,0,276.48,1,13,3,3,3,3,19,3,1,3,1
4,9,3,40,0.8,2,3,2,2,1,585.95,0,3,3,3,2,2,18,3,1,1,3
4,9,3,41,0.4,3,1,2,2,1,238.63,1,6,3,3,1,1,1,3,3,3,3
4,9,3,42,0.4,1,2,1,1,1,232.79,1,15,1,1,1,1,18,3,3,2,2
4,9,3,43,0.05,2,3,2,2,1,352.08,0,5,3,1,2,2,20,1,1,3,3
4,9,3,44,1.8,3,3,2,2,1,214.06,1,11,1,3,3,1,6,1,1,3,3
4,9,3,45,0.1,2,2,2,2,1,334.23,0,2,1,1,2,2,10,3,3,2,2
4,9,3,46,0.2,1,3,1,2,0,318.76,0,3,3,1,3,1,1,1,3,3,1
4,9,3,47,1.8,1,2,1,1,1,266.3,1,6,3,1,3,1,13,1,1,2,2
4,9,3,48,0.2,1,1,1,1,1,263.31,1,5,3,3,3,3,13,1,1,1,1
4,9,3,49,1.8,2,2,2,2,1,272.06,1,14,1,3,2,2,16,1,3,2,2
4,9,3,50,0.4,3,3,2,2,1,268.4,1,2,1,1,3,3,2,3,3,1,1
4,9,3,51,0.1,3,2,2,2,1,334.34,0,14,3,3,1,1,14,3,1,2,2
4,9,3,52,0.4,2,1,2,2,1,297.06,1,9,1,1,2,2,1,3,3,3,3
4,9,3,53,0.1,3,1,2,2,1,295.52,1,5,3,3,1,1,11,1,3,1,3
4,9,3,54,0.05,2,1,2,2,1,390.89,0,6,3,3,2,2,9,3,1,3,1
4,9,3,55,0.05,1,1,1,1,1,308.02,0,4,1,1,1,1,13,3,1,3,1
4,9,3,56,0.2,1,1,1,1,1,231.11,1,4,3,1,3,1,20,3,3,3,3
4,9,3,57,0.05,1,1,1,1,1,361.46,0,11,1,1,1,1,6,1,3,1,3
4,9,3,58,0.2,2,2,2,2,1,289.43,1,15,3,3,2,2,20,1,3,2,2
4,9,3,59,0.4,3,3,2,2,1,264.53,1,18,1,3,3,1,16,1,1,3,3
4,9,3,60,0.1,2,2,2,2,1,387.25,0,4,3,3,2,2,14,1,1,2,2
4,9,3,61,0.2,1,3,1,1,1,248.14,1,16,1,1,1,1,6,1,1,3,3
4,9,3,62,0.8,1,1,1,1,1,237.07,1,10,1,1,1,1,14,1,3,1,3
4,9,3,63,0.8,1,1,1,1,1,221.49,1,11,3,3,3,3,7,3,3,3,3
4,9,3,64,1.8,1,1,1,1,1,224.3,1,6,1,1,1,1,13,3,1,3,1
4,9,3,65,0.4,1,1,1,1,1,247.22,1,5,3,3,3,3,16,1,3,1,3
4,9,3,66,1.8,2,2,2,2,1,251.83,1,5,1,3,2,2,8,3,3,2,2
4,9,3,67,0.1,1,3,1,1,1,267.59,1,7,1,1,1,1,17,3,3,1,1
4,9,3,68,1.8,1,2,1,1,1,294.47,1,9,1,1,1,1,2,1,3,2,2
4,9,3,69,0.2,1,1,1,1,1,246.41,1,20,1,1,1,1,14,1,1,1,1
4,9,3,70,0.05,3,2,2,2,1,339.68,0,11,1,1,3,3,6,1,3,2,2
4,9,3,71,0.1,2,3,2,2,1,276.06,1,4,1,1,2,2,7,3,3,1,1
4,9,3,72,0.05,1,2,1,1,1,368.89,0,1,1,3,1,3,6,1,1,2,2
4,9,3,73,0.1,1,3,1,1,1,228.11,1,9,1,1,1,1,20,1,1,3,3
4,9,3,74,0.4,1,2,1,1,1,231.73,1,8,3,1,3,1,7,3,3,2,2
4,9,3,75,0.4,1,1,1,1,1,249.14,1,13,1,1,1,1,10,3,1,3,1
4,9,3,76,1.8,2,3,2,2,1,330.12,0,3,3,1,2,2,2,1,3,3,1
4,9,3,77,0.1,1,1,1,1,1,248.34,1,6,1,3,1,3,5,3,1,3,1
4,9,3,78,0.8,1,3,1,1,1,235.4,1,5,1,3,1,3,13,3,1,1,3
4,9,4,1,0.05,2,3,2,1,0,256.34,1,12,3,3,2,2,11,1,1,3,3
4,9,4,2,0.8,3,1,2,2,1,259.13,1,15,3,1,1,3,2,1,1,1,1
4,9,4,3,0.8,1,2,NaN,NaN,NaN,NaN,NaN,7,1,3,1,3,20,3,1,2,2
4,9,4,4,0.05,3,1,2,2,1,401.48,0,4,1,3,3,1,15,1,1,1,1
4,9,4,5,0.1,2,3,2,2,1,312.88,0,2,3,3,2,2,4,3,3,1,1
4,9,4,6,0.8,3,3,2,2,1,259.93,1,2,1,1,3,3,2,1,1,3,3
4,9,4,7,0.2,3,1,2,2,1,233.19,1,13,3,1,1,3,18,1,1,1,1
4,9,4,8,0.05,1,1,1,1,1,281.13,1,15,3,3,3,3,2,1,3,1,3
4,9,4,9,0.4,1,3,1,1,1,244.52,1,3,3,1,3,1,10,1,3,3,1
4,9,4,10,0.05,2,2,2,1,0,326.86,0,4,1,3,2,2,3,3,3,2,2
4,9,4,11,0.8,3,2,2,2,1,301.18,0,16,1,3,3,1,7,1,1,2,2
4,9,4,12,0.8,3,1,2,2,1,263.55,1,5,1,3,3,1,7,3,3,3,3
4,9,4,13,0.05,3,3,2,2,1,362.7,0,8,1,3,3,1,7,3,3,1,1
4,9,4,14,1.8,2,1,2,1,0,218.78,1,12,3,1,2,2,9,3,3,3,3
4,9,4,15,0.8,1,3,1,1,1,254.87,1,15,3,1,3,1,4,3,1,1,3
4,9,4,16,0.1,1,3,1,1,1,272.73,1,20,1,1,1,1,18,3,3,1,1
4,9,4,17,0.4,2,3,2,2,1,242.73,1,2,3,3,2,2,15,3,3,1,1
4,9,4,18,0.4,2,1,2,2,1,278.95,1,8,1,1,2,2,9,3,1,3,1
4,9,4,19,1.8,1,3,1,1,1,263.84,1,7,1,3,1,3,6,1,1,3,3
4,9,4,20,0.2,1,3,1,1,1,255.85,1,17,1,3,1,3,15,1,1,3,3
4,9,4,21,0.8,2,2,2,2,1,280.58,1,1,3,3,2,2,14,3,3,2,2
4,9,4,22,0.1,1,1,1,1,1,281.72,1,8,1,1,1,1,9,1,3,1,3
4,9,4,23,0.1,1,3,1,1,1,250.85,1,17,3,1,3,1,4,3,1,1,3
4,9,4,24,0.2,1,2,1,1,1,236.51,1,3,1,3,1,3,1,3,3,2,2
4,9,4,25,0.2,1,2,1,1,1,238.85,1,20,3,1,3,1,20,1,3,2,2
4,9,4,26,0.8,1,1,1,1,1,249.28,1,14,1,1,1,1,4,1,3,1,3
4,9,4,27,1.8,1,2,1,1,1,246.53,1,15,1,1,1,1,15,1,1,2,2
4,9,4,28,0.1,2,2,2,1,0,364.73,0,1,1,3,2,2,15,1,3,2,2
4,9,4,29,1.8,3,2,2,2,1,315.24,0,18,3,1,1,3,12,1,3,2,2
4,9,4,30,0.1,1,2,1,1,1,387.45,0,11,1,1,1,1,5,3,3,2,2
4,9,4,31,0.4,3,1,2,2,1,281.89,1,5,3,3,1,1,8,1,1,1,1
4,9,4,32,1.8,3,2,2,2,1,268.68,1,6,3,3,1,1,18,3,3,2,2
4,9,4,33,0.4,1,3,1,1,1,237.09,1,18,1,3,1,3,1,3,3,1,1
4,9,4,34,0.1,2,1,2,2,1,347.88,0,14,3,1,2,2,14,3,1,3,1
4,9,4,35,1.8,2,1,2,2,1,299.02,1,13,3,1,2,2,19,1,1,1,1
4,9,4,36,0.8,2,2,2,2,1,298.61,1,20,1,1,2,2,1,3,3,2,2
4,9,4,37,0.05,2,1,2,1,0,289.61,1,19,1,3,2,2,19,1,3,1,3
4,9,4,38,0.1,2,1,2,2,1,335.31,0,5,1,3,2,2,8,3,1,3,1
4,9,4,39,0.2,1,3,1,1,1,254.16,1,6,3,1,3,1,14,3,1,1,3
4,9,4,40,0.8,1,1,1,1,1,272.37,1,5,1,1,1,1,10,1,3,1,3
4,9,4,41,1.8,1,1,1,1,1,246.62,1,9,3,3,3,3,13,1,3,1,3
4,9,4,42,0.05,1,3,1,1,1,286.59,1,18,3,1,3,1,4,3,3,1,1
4,9,4,43,0.2,1,1,1,2,0,475.24,0,2,3,3,3,3,6,1,3,1,3
4,9,4,44,0.1,1,3,1,1,1,230.58,1,19,3,1,3,1,9,3,1,1,3
4,9,4,45,0.4,2,1,2,1,0,230.82,1,15,3,3,2,2,19,1,3,1,3
4,9,4,46,0.05,3,2,2,2,1,378.44,0,16,1,3,3,1,13,3,3,2,2
4,9,4,47,0.05,3,1,2,2,1,388.08,0,10,3,3,1,1,2,3,1,3,1
4,9,4,48,0.1,3,3,2,2,1,307.04,0,14,3,1,1,3,17,3,3,1,1
4,9,4,49,0.05,1,1,1,2,0,340.67,0,14,1,1,1,1,2,1,1,1,1
4,9,4,50,1.8,3,3,2,2,1,255.96,1,7,3,1,1,3,2,3,3,1,1
4,9,4,51,0.2,1,1,1,1,1,248,1,15,3,1,3,1,17,3,1,3,1
4,9,4,52,1.8,1,1,1,1,1,261.79,1,4,1,3,1,3,6,3,3,3,3
4,9,4,53,0.4,2,3,2,1,0,248.94,1,7,3,3,2,2,15,1,3,3,1
4,9,4,54,0.05,2,3,2,2,1,400.72,0,7,1,1,2,2,3,3,1,1,3
4,9,4,55,0.4,2,2,2,2,1,275.92,1,19,1,3,2,2,20,3,1,2,2
4,9,4,56,0.2,3,2,2,2,1,270.78,1,11,3,3,1,1,11,3,3,2,2
4,9,4,57,0.4,3,2,2,2,1,289.55,1,8,1,1,3,3,7,1,3,2,2
4,9,4,58,0.05,1,2,1,1,1,332.95,0,7,3,1,3,1,7,1,1,2,2
4,9,4,59,0.4,1,2,1,1,1,215.61,1,18,3,3,3,3,12,1,1,2,2
4,9,4,60,1.8,1,1,1,1,1,256.06,1,4,1,3,1,3,19,1,1,1,1
4,9,4,61,0.1,3,2,2,2,1,358.3,0,19,3,3,1,1,4,3,3,2,2
4,9,4,62,0.1,1,1,1,1,1,271.98,1,5,1,3,1,3,20,3,1,3,1
4,9,4,63,0.05,1,3,1,1,1,453.63,0,16,1,3,1,3,7,1,1,3,3
4,9,4,64,1.8,3,3,2,2,1,291.3,1,3,3,1,1,3,17,3,3,1,1
4,9,4,65,0.8,1,3,1,1,1,225.03,1,4,1,1,1,1,16,3,1,1,3
4,9,4,66,0.2,3,1,2,2,1,285.42,1,8,3,3,1,1,5,1,1,1,1
4,9,4,67,0.4,1,1,1,1,1,261.22,1,11,1,1,1,1,10,1,1,1,1
4,9,4,68,0.2,1,1,1,1,1,231.23,1,16,3,3,3,3,6,3,1,3,1
4,9,4,69,0.4,3,3,2,2,1,267.44,1,5,1,1,3,3,16,1,1,3,3
4,9,4,70,0.8,1,1,1,1,1,265.06,1,18,1,1,1,1,1,1,1,1,1
4,9,4,71,0.2,1,1,1,1,1,264.17,1,12,1,1,1,1,1,3,1,3,1
4,9,4,72,0.2,1,3,1,1,1,247.67,1,13,1,1,1,1,3,1,3,3,1
4,9,4,73,0.2,2,3,2,2,1,267.57,1,14,1,1,2,2,5,1,3,3,1
4,9,4,74,0.8,2,2,2,2,1,254.97,1,1,1,3,2,2,11,1,3,2,2
4,9,4,75,0.1,1,3,1,1,1,289,1,1,1,3,1,3,8,1,3,3,1
4,9,4,76,1.8,2,1,2,2,1,274.67,1,13,3,3,2,2,9,1,3,1,3
4,9,4,77,0.4,1,1,1,1,1,247.47,1,18,3,1,3,1,18,1,3,1,3
4,9,4,78,1.8,3,3,2,2,1,316.46,0,14,1,3,3,1,16,1,3,3,1
4,9,5,1,0.4,2,3,2,2,1,288.41,1,9,3,3,2,2,15,3,1,1,3
4,9,5,2,0.05,3,2,2,2,1,257.13,1,3,1,1,3,3,17,3,3,2,2
4,9,5,3,0.1,2,2,2,1,0,211.23,1,15,3,3,2,2,16,1,3,2,2
4,9,5,4,0.1,2,1,2,2,1,349.95,0,10,3,3,2,2,6,3,3,3,3
4,9,5,5,0.05,1,2,1,1,1,251.93,1,14,3,1,3,1,19,3,1,2,2
4,9,5,6,1.8,1,2,NaN,NaN,NaN,NaN,NaN,12,3,1,3,1,11,3,1,2,2
4,9,5,7,0.2,2,2,2,2,1,281.1,1,10,3,1,2,2,4,1,3,2,2
4,9,5,8,0.05,2,3,2,1,0,280.27,1,11,1,3,2,2,8,3,3,1,1
4,9,5,9,1.8,3,1,2,2,1,280.43,1,19,1,3,3,1,12,3,3,3,3
4,9,5,10,0.2,1,2,1,1,1,247.04,1,19,1,3,1,3,3,3,3,2,2
4,9,5,11,0.4,3,3,2,2,1,313.98,0,2,3,3,1,1,10,3,3,1,1
4,9,5,12,0.8,1,1,1,1,1,255.11,1,8,3,3,3,3,1,3,3,3,3
4,9,5,13,0.8,3,1,2,2,1,292.43,1,14,3,3,1,1,10,1,1,1,1
4,9,5,14,0.8,2,3,2,2,1,313.31,0,18,3,1,2,2,14,3,3,1,1
4,9,5,15,0.8,2,2,2,1,0,244.59,1,15,1,1,2,2,14,3,3,2,2
4,9,5,16,0.4,1,2,1,1,1,243.44,1,14,3,1,3,1,4,3,3,2,2
4,9,5,17,1.8,1,3,1,1,1,234.66,1,11,3,1,3,1,13,1,1,3,3
4,9,5,18,0.2,3,1,2,2,1,585.45,0,13,1,1,3,3,4,1,3,1,3
4,9,5,19,0.8,3,3,2,2,1,262.56,1,15,1,1,3,3,16,3,1,1,3
4,9,5,20,0.1,2,1,2,1,0,236.92,1,19,1,3,2,2,15,3,1,3,1
4,9,5,21,0.2,1,2,1,1,1,253.4,1,8,3,1,3,1,4,3,1,2,2
4,9,5,22,0.1,1,2,1,1,1,267.16,1,4,1,3,1,3,15,1,3,2,2
4,9,5,23,0.8,3,1,2,2,1,275.77,1,16,3,1,1,3,14,1,1,1,1
4,9,5,24,0.2,1,3,1,1,1,315.19,0,13,1,1,1,1,7,3,3,1,1
4,9,5,25,0.8,1,2,1,1,1,248.53,1,10,1,3,1,3,12,3,3,2,2
4,9,5,26,1.8,1,3,1,2,0,262.77,1,17,1,3,1,3,6,3,3,1,1
4,9,5,27,0.1,2,1,2,1,0,397.89,0,20,3,1,2,2,12,3,3,3,3
4,9,5,28,0.05,3,2,2,2,1,373.43,0,3,3,3,1,1,9,3,3,2,2
4,9,5,29,1.8,1,1,1,1,1,240.92,1,10,1,1,1,1,5,1,3,1,3
4,9,5,30,0.05,1,1,1,1,1,353.12,0,13,3,3,3,3,6,1,1,1,1
4,9,5,31,0.8,1,1,1,2,0,302.4,0,2,3,3,3,3,14,3,1,3,1
4,9,5,32,0.2,2,1,2,2,1,264.86,1,17,1,1,2,2,19,3,1,3,1
4,9,5,33,0.05,2,3,2,1,0,307.08,0,7,3,1,2,2,5,1,3,3,1
4,9,5,34,0.1,1,1,1,1,1,285.22,1,3,3,1,3,1,3,3,1,3,1
4,9,5,35,0.4,3,2,2,2,1,288.09,1,10,1,1,3,3,5,1,3,2,2
4,9,5,36,1.8,3,2,2,2,1,265.78,1,13,3,1,1,3,1,3,3,2,2
4,9,5,37,1.8,1,3,1,1,1,268.32,1,14,3,3,3,3,7,1,3,3,1
4,9,5,38,0.4,2,2,2,2,1,291.82,1,7,3,1,2,2,19,1,3,2,2
4,9,5,39,0.05,1,3,1,1,1,305.12,0,9,3,1,3,1,1,3,3,1,1
4,9,5,40,0.4,3,3,2,2,1,293.54,1,16,3,1,1,3,2,1,1,3,3
4,9,5,41,0.4,1,1,1,1,1,226.53,1,16,1,1,1,1,14,1,3,1,3
4,9,5,42,0.05,2,3,2,2,1,361.74,0,5,1,3,2,2,16,3,1,1,3
4,9,5,43,0.4,2,3,2,2,1,274.73,1,11,1,1,2,2,4,1,3,3,1
4,9,5,44,0.8,2,1,2,2,1,248.9,1,4,1,3,2,2,16,1,1,1,1
4,9,5,45,1.8,2,1,2,2,1,363.62,0,8,3,1,2,2,16,3,3,3,3
4,9,5,46,0.2,1,2,1,1,1,365.14,0,1,1,3,1,3,1,3,1,2,2
4,9,5,47,0.1,1,3,1,2,0,550.94,0,2,3,3,3,3,19,3,1,1,3
4,9,5,48,0.05,2,1,2,2,1,585.52,0,2,3,1,2,2,10,3,3,3,3
4,9,5,49,0.2,3,3,2,2,1,308.8,0,10,1,3,3,1,3,3,3,1,1
4,9,5,50,0.8,2,3,2,2,1,258.78,1,2,3,3,2,2,10,3,3,1,1
4,9,5,51,0.1,2,2,2,2,1,295.97,1,14,1,3,2,2,19,1,3,2,2
4,9,5,52,0.2,1,2,1,1,1,238.4,1,8,3,3,3,3,13,1,1,2,2
4,9,5,53,1.8,3,2,2,2,1,239.06,1,9,1,1,3,3,16,3,1,2,2
4,9,5,54,0.8,2,3,2,1,0,304.13,0,9,1,1,2,2,3,3,1,1,3
4,9,5,55,0.2,2,1,2,2,1,274.2,1,19,1,3,2,2,6,1,1,1,1
4,9,5,56,0.1,1,2,1,1,1,214.66,1,3,1,1,1,1,9,1,1,2,2
4,9,5,57,0.8,1,1,1,1,1,245.98,1,3,3,3,3,3,1,1,3,1,3
4,9,5,58,0.1,1,2,1,1,1,256.32,1,8,1,1,1,1,18,3,1,2,2
4,9,5,59,0.2,1,1,1,1,1,253.37,1,18,1,3,1,3,1,3,1,3,1
4,9,5,60,0.2,1,1,1,1,1,231.25,1,13,3,3,3,3,15,3,3,3,3
4,9,5,61,0.4,2,2,2,2,1,275.35,1,1,1,3,2,2,20,3,3,2,2
4,9,5,62,0.1,3,2,2,2,1,313.2,0,14,3,1,1,3,20,3,3,2,2
4,9,5,63,1.8,2,2,2,1,0,233.31,1,12,1,1,2,2,15,1,1,2,2
4,9,5,64,0.05,1,3,1,1,1,335.69,0,5,3,1,3,1,20,1,1,3,3
4,9,5,65,1.8,1,3,1,2,0,296.79,1,3,1,3,1,3,19,1,1,3,3
4,9,5,66,1.8,1,3,1,2,0,328.1,0,10,1,1,1,1,6,1,1,3,3
4,9,5,67,0.1,3,1,2,2,1,351.53,0,8,3,1,1,3,11,1,1,1,1
4,9,5,68,0.2,1,2,1,1,1,245.13,1,20,1,1,1,1,15,1,3,2,2
4,9,5,69,0.05,2,3,2,1,0,328.7,0,5,3,1,2,2,20,3,3,1,1
4,9,5,70,0.05,1,2,1,1,1,321.82,0,10,1,3,1,3,11,3,1,2,2
4,9,5,71,0.1,2,3,2,2,1,281.48,1,8,1,1,2,2,18,1,1,3,3
4,9,5,72,0.4,2,1,2,2,1,283.65,1,11,1,1,2,2,17,1,1,1,1
4,9,5,73,0.4,1,2,1,1,1,254.52,1,18,1,1,1,1,12,3,3,2,2
4,9,5,74,1.8,3,2,2,2,1,275.37,1,6,1,3,3,1,6,1,3,2,2
4,9,5,75,0.4,1,1,1,1,1,246.61,1,2,3,3,3,3,9,1,3,1,3
4,9,5,76,0.8,3,2,2,2,1,282.2,1,17,3,3,1,1,4,1,1,2,2
4,9,5,77,0.05,1,3,1,1,1,399.45,0,15,3,1,3,1,7,3,1,1,3
4,9,5,78,0.4,1,1,NaN,NaN,NaN,NaN,NaN,13,1,1,1,1,8,1,3,1,3
4,9,6,1,0.1,1,1,1,1,1,313,0,4,1,3,1,3,4,1,1,1,1
4,9,6,2,0.1,1,3,1,2,0,310.31,0,9,3,1,3,1,14,1,3,3,1
4,9,6,3,0.05,1,3,1,1,1,232.9,1,7,1,3,1,3,18,1,3,3,1
4,9,6,4,1.8,2,1,2,2,1,253.19,1,6,3,1,2,2,14,3,1,3,1
4,9,6,5,0.05,3,3,2,2,1,566.96,0,7,3,3,1,1,6,1,3,3,1
4,9,6,6,0.2,1,2,1,1,1,229.72,1,12,3,1,3,1,17,3,1,2,2
4,9,6,7,1.8,2,2,2,2,1,222.6,1,4,3,3,2,2,15,1,3,2,2
4,9,6,8,0.05,3,3,2,2,1,341.66,0,9,1,3,3,1,4,1,3,3,1
4,9,6,9,0.4,2,3,2,2,1,262.48,1,20,3,3,2,2,8,1,3,3,1
4,9,6,10,1.8,3,1,2,2,1,275,1,9,1,3,3,1,15,3,1,3,1
4,9,6,11,0.1,1,3,1,1,1,259.37,1,13,3,3,3,3,13,3,3,1,1
4,9,6,12,0.2,3,1,2,2,1,297.29,1,15,3,3,1,1,11,1,1,1,1
4,9,6,13,0.05,3,3,2,2,1,364.34,0,5,3,3,1,1,2,1,3,3,1
4,9,6,14,0.4,1,3,1,1,1,266.36,1,6,3,3,3,3,17,1,1,3,3
4,9,6,15,0.2,3,2,2,2,1,242.89,1,1,1,1,3,3,3,1,3,2,2
4,9,6,16,0.05,1,1,1,1,1,293.46,1,10,1,1,1,1,11,3,1,3,1
4,9,6,17,0.1,1,1,1,1,1,241.33,1,10,3,1,3,1,1,3,3,3,3
4,9,6,18,0.05,1,3,1,1,1,304.59,0,16,3,3,3,3,1,1,1,3,3
4,9,6,19,1.8,1,2,1,1,1,235.31,1,17,1,3,1,3,6,3,1,2,2
4,9,6,20,0.1,1,3,1,1,1,298.44,1,20,3,3,3,3,5,3,1,1,3
4,9,6,21,0.05,1,1,1,1,1,296.63,1,11,1,1,1,1,20,3,1,3,1
4,9,6,22,0.8,2,3,2,2,1,259.48,1,14,3,3,2,2,19,1,3,3,1
4,9,6,23,0.1,1,3,1,1,1,248.74,1,10,3,1,3,1,13,3,3,1,1
4,9,6,24,1.8,1,2,1,1,1,234.42,1,2,1,3,1,3,17,3,1,2,2
4,9,6,25,0.05,1,3,1,1,1,287.77,1,1,1,3,1,3,10,1,3,3,1
4,9,6,26,0.8,1,3,1,2,0,257.13,1,6,3,3,3,3,1,3,1,1,3
4,9,6,27,0.2,2,2,2,2,1,301.49,0,8,3,3,2,2,3,3,3,2,2
4,9,6,28,1.8,2,3,2,2,1,269.07,1,20,1,1,2,2,1,1,3,3,1
4,9,6,29,0.8,1,2,1,1,1,241.53,1,4,1,3,1,3,16,3,3,2,2
4,9,6,30,0.05,3,2,2,2,1,359.95,0,8,3,1,1,3,14,3,3,2,2
4,9,6,31,0.1,2,3,2,2,1,347.56,0,20,1,1,2,2,3,1,3,3,1
4,9,6,32,0.05,3,1,2,2,1,401.71,0,15,3,1,1,3,15,1,1,1,1
4,9,6,33,1.8,2,2,2,2,1,262.5,1,15,1,1,2,2,11,1,3,2,2
4,9,6,34,1.8,1,2,1,2,0,243.81,1,13,3,1,3,1,12,1,1,2,2
4,9,6,35,0.2,3,2,2,2,1,260.15,1,17,3,3,1,1,10,1,3,2,2
4,9,6,36,0.1,3,3,2,2,1,295.35,1,10,1,3,3,1,12,3,1,1,3
4,9,6,37,0.4,2,1,2,1,0,272.31,1,6,1,3,2,2,3,1,3,1,3
4,9,6,38,0.2,2,1,2,1,0,258.66,1,12,3,3,2,2,14,3,3,3,3
4,9,6,39,0.4,2,1,2,2,1,262.48,1,13,3,1,2,2,9,3,1,3,1
4,9,6,40,0.4,2,1,2,1,0,236.41,1,2,1,3,2,2,4,1,1,1,1
4,9,6,41,0.2,1,3,1,1,1,257.93,1,18,3,1,3,1,4,3,3,1,1
4,9,6,42,0.8,3,3,2,2,1,263.27,1,10,3,1,1,3,11,1,1,3,3
4,9,6,43,0.2,1,3,1,1,1,254.14,1,13,3,1,3,1,7,1,1,3,3
4,9,6,44,0.05,2,3,2,1,0,333.82,0,7,1,1,2,2,6,1,1,3,3
4,9,6,45,0.2,1,2,1,1,1,215.54,1,7,3,1,3,1,4,1,1,2,2
4,9,6,46,0.8,3,3,2,2,1,245.81,1,10,1,3,3,1,10,1,3,3,1
4,9,6,47,0.1,1,2,1,1,1,312.42,0,11,1,3,1,3,14,1,3,2,2
4,9,6,48,0.4,1,3,1,1,1,237.12,1,7,3,3,3,3,19,3,1,1,3
4,9,6,49,0.8,1,2,1,1,1,271.52,1,14,1,3,1,3,12,1,3,2,2
4,9,6,50,1.8,2,1,2,2,1,292.09,1,18,1,3,2,2,11,1,1,1,1
4,9,6,51,0.4,3,3,2,2,1,292.61,1,19,1,1,3,3,14,1,3,3,1
4,9,6,52,0.4,3,3,2,2,1,286.48,1,14,1,1,3,3,14,1,1,3,3
4,9,6,53,0.8,3,1,2,2,1,268.27,1,7,3,3,1,1,8,3,3,3,3
4,9,6,54,0.05,2,1,2,2,1,378.61,0,17,3,3,2,2,17,3,1,3,1
4,9,6,55,0.2,1,2,1,1,1,246.93,1,16,1,1,1,1,2,1,1,2,2
4,9,6,56,0.4,3,1,2,2,1,267.03,1,2,1,1,3,3,6,1,3,1,3
4,9,6,57,0.8,2,1,2,2,1,270.02,1,5,1,1,2,2,16,3,1,3,1
4,9,6,58,0.4,1,1,1,1,1,220.97,1,9,3,1,3,1,14,1,1,1,1
4,9,6,59,0.8,1,1,1,1,1,291.98,1,5,3,3,3,3,15,1,3,1,3
4,9,6,60,0.4,3,3,2,2,1,309.25,0,19,1,3,3,1,4,1,1,3,3
4,9,6,61,0.2,1,2,1,2,0,318.97,0,14,3,3,3,3,19,1,3,2,2
4,9,6,62,1.8,1,2,1,1,1,263.12,1,3,3,1,3,1,16,1,1,2,2
4,9,6,63,0.8,1,3,1,1,1,276.44,1,7,1,1,1,1,1,1,1,3,3
4,9,6,64,0.1,1,3,1,1,1,346.71,0,14,3,1,3,1,13,3,3,1,1
4,9,6,65,0.1,1,1,1,1,1,364.5,0,6,3,3,3,3,13,1,3,1,3
4,9,6,66,0.4,3,1,2,2,1,275.39,1,2,1,1,3,3,15,3,1,3,1
4,9,6,67,0.1,1,3,1,2,0,302.92,0,15,1,3,1,3,17,3,1,1,3
4,9,6,68,1.8,2,3,2,1,0,257.39,1,20,3,1,2,2,9,3,1,1,3
4,9,6,69,0.2,1,1,1,1,1,265.91,1,5,1,3,1,3,10,1,3,1,3
4,9,6,70,0.4,1,2,1,1,1,222.81,1,20,1,3,1,3,12,1,1,2,2
4,9,6,71,0.05,1,1,1,1,1,268.79,1,4,1,1,1,1,11,1,1,1,1
4,9,6,72,0.8,1,3,1,1,1,252.88,1,17,3,3,3,3,4,3,3,1,1
4,9,6,73,0.8,1,1,1,2,0,268.81,1,8,3,3,3,3,15,3,1,3,1
4,9,6,74,0.1,3,3,2,2,1,351.25,0,13,3,1,1,3,3,1,1,3,3
4,9,6,75,1.8,2,3,2,2,1,272.48,1,7,1,1,2,2,2,1,1,3,3
4,9,6,76,1.8,2,1,2,2,1,279.57,1,2,3,3,2,2,3,1,1,1,1
4,9,6,77,0.2,3,3,2,2,1,304.61,0,10,1,1,3,3,8,3,3,1,1
4,9,6,78,0.8,1,2,1,1,1,249.87,1,1,3,1,3,1,12,1,1,2,2
4,9,7,1,0.8,1,1,1,1,1,238.53,1,15,3,3,3,3,2,3,1,3,1
4,9,7,2,0.05,3,3,2,2,1,301.32,0,14,3,3,1,1,4,3,1,1,3
4,9,7,3,0.2,1,1,1,1,1,191.08,1,17,1,3,1,3,15,3,1,3,1
4,9,7,4,0.4,2,2,2,2,1,245.68,1,16,1,3,2,2,10,1,1,2,2
4,9,7,5,0.2,3,3,2,2,1,274.13,1,6,3,1,1,3,1,3,1,1,3
4,9,7,6,0.2,1,1,1,1,1,209.2,1,7,3,3,3,3,6,3,1,3,1
4,9,7,7,1.8,2,2,2,2,1,254.35,1,19,1,1,2,2,14,3,3,2,2
4,9,7,8,0.4,1,3,1,1,1,229.4,1,10,1,1,1,1,9,1,1,3,3
4,9,7,9,0.1,1,2,1,1,1,264.74,1,7,3,3,3,3,7,1,3,2,2
4,9,7,10,1.8,3,2,2,2,1,250.29,1,2,3,3,1,1,12,3,1,2,2
4,9,7,11,0.05,1,2,1,1,1,290.91,1,12,1,3,1,3,4,3,1,2,2
4,9,7,12,0.2,1,3,1,1,1,300.35,0,2,1,1,1,1,18,1,3,3,1
4,9,7,13,1.8,2,1,2,2,1,259.78,1,6,3,3,2,2,13,3,1,3,1
4,9,7,14,1.8,1,1,1,1,1,257.73,1,4,3,1,3,1,12,3,1,3,1
4,9,7,15,0.05,2,3,2,1,0,337.38,0,13,3,3,2,2,9,1,3,3,1
4,9,7,16,1.8,1,1,1,1,1,282.94,1,15,1,3,1,3,1,3,1,3,1
4,9,7,17,0.1,2,2,2,1,0,269.31,1,1,3,1,2,2,5,1,1,2,2
4,9,7,18,0.2,3,3,2,2,1,279.83,1,6,3,1,1,3,4,1,1,3,3
4,9,7,19,0.4,3,2,2,2,1,264.3,1,2,1,1,3,3,12,3,1,2,2
4,9,7,20,1.8,1,2,1,1,1,249.86,1,1,3,1,3,1,17,1,1,2,2
4,9,7,21,0.05,1,3,1,1,1,288.47,1,14,3,3,3,3,10,1,3,3,1
4,9,7,22,1.8,2,1,2,2,1,267.68,1,4,1,1,2,2,20,3,3,3,3
4,9,7,23,0.1,1,3,1,1,1,258.85,1,8,1,3,1,3,6,3,3,1,1
4,9,7,24,0.8,1,3,1,1,1,287.21,1,4,3,3,3,3,15,1,1,3,3
4,9,7,25,0.05,1,3,1,1,1,320.55,0,16,3,1,3,1,4,1,3,3,1
4,9,7,26,0.4,2,2,2,1,0,265.81,1,20,3,1,2,2,13,1,1,2,2
4,9,7,27,0.8,2,2,2,2,1,265.91,1,14,1,3,2,2,16,3,1,2,2
4,9,7,28,0.05,1,2,1,1,1,387.9,0,19,1,3,1,3,2,3,3,2,2
4,9,7,29,0.05,3,2,2,2,1,346.44,0,4,1,3,3,1,4,3,3,2,2
4,9,7,30,0.8,3,2,2,2,1,303.41,0,12,3,1,1,3,1,1,1,2,2
4,9,7,31,0.2,1,1,1,1,1,280.47,1,7,3,3,3,3,3,3,3,3,3
4,9,7,32,0.8,3,2,2,2,1,264.94,1,7,1,1,3,3,14,1,1,2,2
4,9,7,33,0.05,1,1,1,1,1,350.05,0,13,1,3,1,3,5,3,3,3,3
4,9,7,34,0.1,1,2,1,1,1,285.78,1,11,3,1,3,1,18,3,3,2,2
4,9,7,35,0.1,2,1,2,2,1,328.08,0,11,3,3,2,2,19,3,1,3,1
4,9,7,36,0.4,1,3,1,1,1,242.88,1,18,1,1,1,1,9,1,3,3,1
4,9,7,37,0.1,2,2,2,2,1,384.89,0,2,3,3,2,2,17,3,3,2,2
4,9,7,38,1.8,1,1,1,1,1,248.19,1,14,1,3,1,3,10,3,1,3,1
4,9,7,39,0.05,2,3,2,2,1,511.38,0,3,1,3,2,2,13,3,3,1,1
4,9,7,40,0.1,2,1,2,1,0,291.48,1,3,1,3,2,2,12,3,1,3,1
4,9,7,41,0.2,1,2,1,1,1,283.01,1,17,1,1,1,1,18,3,1,2,2
4,9,7,42,0.2,2,1,2,2,1,297.19,1,1,1,1,2,2,12,1,3,1,3
4,9,7,43,0.8,2,3,2,2,1,305.7,0,2,3,3,2,2,15,3,1,1,3
4,9,7,44,0.1,1,1,1,1,1,290.8,1,17,3,3,3,3,2,3,3,3,3
4,9,7,45,0.8,1,1,1,1,1,242.76,1,18,3,3,3,3,8,3,1,3,1
4,9,7,46,0.1,3,3,2,2,1,288.42,1,20,1,1,3,3,5,1,1,3,3
4,9,7,47,1.8,1,1,1,1,1,276.88,1,17,3,3,3,3,10,1,3,1,3
4,9,7,48,0.2,1,1,1,1,1,266.47,1,18,3,3,3,3,3,1,1,1,1
4,9,7,49,1.8,2,2,2,2,1,281.81,1,18,3,1,2,2,15,1,3,2,2
4,9,7,50,0.8,2,3,2,2,1,497.55,0,11,1,3,2,2,6,3,3,1,1
4,9,7,51,0.1,1,3,1,1,1,222.17,1,17,1,1,1,1,14,3,1,1,3
4,9,7,52,0.2,1,3,1,1,1,226.59,1,1,3,3,3,3,8,3,3,1,1
4,9,7,53,0.8,2,1,2,2,1,257.15,1,2,3,1,2,2,6,3,1,3,1
4,9,7,54,0.2,1,3,1,1,1,271.31,1,3,1,1,1,1,9,3,1,1,3
4,9,7,55,0.2,2,3,2,2,1,270.52,1,3,1,1,2,2,12,1,3,3,1
4,9,7,56,0.4,2,1,2,2,1,266.87,1,12,1,3,2,2,13,1,3,1,3
4,9,7,57,0.4,1,2,1,1,1,287.23,1,3,1,1,1,1,16,3,1,2,2
4,9,7,58,0.4,2,3,2,1,0,245.65,1,4,1,3,2,2,8,3,3,1,1
4,9,7,59,0.05,2,3,2,1,0,386.79,0,20,1,3,2,2,13,3,3,1,1
4,9,7,60,0.8,1,1,1,1,1,256.35,1,7,1,1,1,1,2,3,3,3,3
4,9,7,61,0.4,1,1,1,1,1,223.73,1,6,3,3,3,3,20,1,1,1,1
4,9,7,62,0.1,1,2,1,1,1,312.44,0,16,3,3,3,3,4,3,1,2,2
4,9,7,63,0.8,1,2,1,1,1,244.97,1,12,1,1,1,1,9,3,3,2,2
4,9,7,64,0.05,1,1,1,1,1,273.78,1,8,3,1,3,1,3,1,1,1,1
4,9,7,65,1.8,1,1,1,1,1,245.27,1,18,3,3,3,3,2,1,1,1,1
4,9,7,66,0.4,1,2,1,1,1,257.21,1,5,1,1,1,1,9,1,1,2,2
4,9,7,67,0.05,2,1,2,2,1,370.74,0,4,3,3,2,2,14,1,1,1,1
4,9,7,68,0.1,1,3,1,2,0,264.59,1,18,1,3,1,3,19,1,3,3,1
4,9,7,69,1.8,1,2,1,1,1,251.06,1,9,3,3,3,3,1,1,3,2,2
4,9,7,70,0.05,3,2,2,2,1,324.72,0,5,3,3,1,1,5,1,3,2,2
4,9,7,71,0.1,1,2,1,1,1,443.09,0,15,3,3,3,3,8,1,1,2,2
4,9,7,72,1.8,1,2,1,1,1,250.82,1,18,3,1,3,1,14,1,1,2,2
4,9,7,73,0.4,2,1,2,2,1,201.24,1,1,1,3,2,2,9,1,3,1,3
4,9,7,74,0.8,1,2,1,1,1,263.25,1,1,3,3,3,3,9,1,1,2,2
4,9,7,75,0.8,1,2,1,1,1,269.75,1,10,1,3,1,3,5,3,1,2,2
4,9,7,76,0.4,1,3,1,1,1,73.561,2,12,1,3,1,3,12,1,1,3,3
4,9,7,77,0.4,1,1,1,2,0,319.53,0,6,3,1,3,1,8,3,3,3,3
4,9,7,78,0.2,1,2,1,1,1,235.21,1,13,3,1,3,1,4,1,3,2,2
4,9,8,1,0.2,3,2,2,2,1,347.21,0,3,3,3,1,1,16,1,1,2,2
4,9,8,2,1.8,3,3,2,2,1,246.68,1,8,1,1,3,3,17,1,1,3,3
4,9,8,3,0.1,1,2,1,1,1,233.56,1,19,3,3,3,3,9,1,3,2,2
4,9,8,4,0.2,1,1,1,1,1,238.1,1,11,1,1,1,1,2,3,3,3,3
4,9,8,5,0.05,3,2,2,2,1,298.5,1,6,1,1,3,3,11,1,3,2,2
4,9,8,6,0.4,1,1,1,1,1,272,1,15,1,3,1,3,14,3,3,3,3
4,9,8,7,0.1,1,2,1,1,1,266.44,1,16,3,3,3,3,17,3,1,2,2
4,9,8,8,0.2,1,1,1,1,1,248.3,1,17,3,3,3,3,20,1,1,1,1
4,9,8,9,1.8,1,1,1,1,1,249.33,1,8,3,1,3,1,4,1,3,1,3
4,9,8,10,0.8,2,2,2,2,1,270.77,1,8,3,1,2,2,2,1,3,2,2
4,9,8,11,0.1,3,2,2,2,1,355.47,0,12,3,3,1,1,19,3,3,2,2
4,9,8,12,0.8,1,2,1,1,1,236.75,1,13,3,1,3,1,4,1,3,2,2
4,9,8,13,0.8,3,1,2,2,1,250.3,1,13,1,1,3,3,13,1,3,1,3
4,9,8,14,0.1,3,3,2,2,1,379.49,0,9,3,3,1,1,19,1,3,3,1
4,9,8,15,0.05,1,2,1,1,1,276.55,1,7,3,3,3,3,19,3,1,2,2
4,9,8,16,0.4,3,2,2,2,1,270.3,1,6,3,3,1,1,4,3,1,2,2
4,9,8,17,0.05,2,2,2,2,1,344.5,0,9,1,3,2,2,13,3,3,2,2
4,9,8,18,0.2,3,3,2,2,1,291.4,1,14,1,1,3,3,4,1,3,3,1
4,9,8,19,1.8,1,1,1,1,1,229.94,1,15,3,3,3,3,6,1,1,1,1
4,9,8,20,0.05,3,2,2,2,1,340.23,0,18,3,1,1,3,12,3,3,2,2
4,9,8,21,0.1,1,1,1,1,1,284.46,1,19,3,1,3,1,11,1,3,1,3
4,9,8,22,0.2,2,2,2,2,1,305.89,0,12,3,3,2,2,15,3,3,2,2
4,9,8,23,1.8,1,2,1,1,1,300.13,0,13,3,1,3,1,1,1,3,2,2
4,9,8,24,0.05,1,3,1,1,1,281.36,1,6,1,1,1,1,8,3,1,1,3
4,9,8,25,0.2,1,1,1,1,1,265.15,1,6,3,1,3,1,19,1,1,1,1
4,9,8,26,0.4,2,3,2,1,0,298.94,1,13,3,3,2,2,8,3,1,1,3
4,9,8,27,0.1,3,2,2,2,1,349.24,0,16,1,1,3,3,20,3,1,2,2
4,9,8,28,0.8,1,1,1,1,1,289.5,1,6,3,1,3,1,7,1,3,1,3
4,9,8,29,0.4,2,2,2,2,1,301,0,10,1,3,2,2,15,1,1,2,2
4,9,8,30,0.05,2,1,2,1,0,376.15,0,11,1,3,2,2,10,3,1,3,1
4,9,8,31,1.8,2,3,2,2,1,246.44,1,18,3,3,2,2,11,1,3,3,1
4,9,8,32,0.2,2,1,2,2,1,272.51,1,15,1,3,2,2,9,3,3,3,3
4,9,8,33,0.05,1,1,1,1,1,270.33,1,2,1,3,1,3,2,1,3,1,3
4,9,8,34,1.8,2,2,2,2,1,245.89,1,5,1,3,2,2,4,3,1,2,2
4,9,8,35,0.8,1,2,1,1,1,244.07,1,10,3,3,3,3,10,3,3,2,2
4,9,8,36,1.8,2,3,2,2,1,284.1,1,18,1,1,2,2,13,3,3,1,1
4,9,8,37,0.1,2,3,2,2,1,398.99,0,9,3,3,2,2,19,3,1,1,3
4,9,8,38,0.4,1,3,1,1,1,221.86,1,19,1,3,1,3,19,3,1,1,3
4,9,8,39,0.4,3,2,2,2,1,314.8,0,17,3,1,1,3,11,1,1,2,2
4,9,8,40,0.1,1,1,1,1,1,325.28,0,20,1,1,1,1,20,3,1,3,1
4,9,8,41,0.1,1,2,1,1,1,324.36,0,15,1,1,1,1,17,3,1,2,2
4,9,8,42,0.05,3,3,2,2,1,323.65,0,17,1,3,3,1,15,3,1,1,3
4,9,8,43,0.4,1,1,1,2,0,291.87,1,20,3,3,3,3,15,1,1,1,1
4,9,8,44,0.2,3,2,2,2,1,274.54,1,16,3,3,1,1,6,3,3,2,2
4,9,8,45,0.8,1,1,1,2,0,269.58,1,8,3,3,3,3,17,3,3,3,3
4,9,8,46,0.05,3,3,2,2,1,358.86,0,11,3,3,1,1,4,3,3,1,1
4,9,8,47,0.4,1,1,1,1,1,265.33,1,15,1,3,1,3,16,3,1,3,1
4,9,8,48,0.2,1,3,1,1,1,172.37,1,7,3,1,3,1,20,3,1,1,3
4,9,8,49,0.4,2,2,2,2,1,270.02,1,20,1,1,2,2,13,3,3,2,2
4,9,8,50,1.8,1,3,1,1,1,261.25,1,12,1,3,1,3,10,3,1,1,3
4,9,8,51,0.1,2,1,2,1,0,272.32,1,12,1,3,2,2,7,1,1,1,1
4,9,8,52,0.05,1,3,1,1,1,303.94,0,20,1,3,1,3,8,3,3,1,1
4,9,8,53,1.8,2,3,2,2,1,241.01,1,16,1,3,2,2,2,1,3,3,1
4,9,8,54,0.1,3,1,2,2,1,264.97,1,9,1,1,3,3,7,3,3,3,3
4,9,8,55,0.1,2,2,2,2,1,294.07,1,13,1,1,2,2,14,1,1,2,2
4,9,8,56,1.8,2,3,2,2,1,278.71,1,19,1,3,2,2,19,3,1,1,3
4,9,8,57,0.8,1,2,1,1,1,238.57,1,5,1,3,1,3,14,1,1,2,2
4,9,8,58,0.8,2,3,2,2,1,283.62,1,19,3,1,2,2,17,3,1,1,3
4,9,8,59,0.4,1,1,NaN,NaN,NaN,NaN,NaN,13,1,3,1,3,17,1,3,1,3
4,9,8,60,0.8,1,1,1,1,1,228.95,1,14,3,1,3,1,14,3,3,3,3
4,9,8,61,0.8,1,3,1,1,1,244.34,1,10,1,3,1,3,3,1,3,3,1
4,9,8,62,1.8,1,2,1,1,1,249.8,1,13,1,3,1,3,6,1,1,2,2
4,9,8,63,0.05,3,1,2,2,1,453.71,0,7,3,3,1,1,17,3,1,3,1
4,9,8,64,0.8,2,3,2,2,1,270,1,9,3,3,2,2,8,1,3,3,1
4,9,8,65,1.8,3,2,2,2,1,279.49,1,14,3,1,1,3,13,1,1,2,2
4,9,8,66,0.4,1,1,1,1,1,260.11,1,16,1,1,1,1,20,1,1,1,1
4,9,8,67,0.2,3,3,2,2,1,319.31,0,19,3,3,1,1,14,1,3,3,1
4,9,8,68,0.4,2,2,2,2,1,269.73,1,9,1,3,2,2,3,3,3,2,2
4,9,8,69,1.8,3,1,2,2,1,282.53,1,7,1,1,3,3,14,3,3,3,3
4,9,8,70,0.8,3,1,2,2,1,266.75,1,20,1,3,3,1,20,3,1,3,1
4,9,8,71,0.8,1,3,1,1,1,234.97,1,9,1,1,1,1,7,1,3,3,1
4,9,8,72,0.2,1,2,1,1,1,283.13,1,16,3,3,3,3,14,1,3,2,2
4,9,8,73,0.05,2,1,2,1,0,348.64,0,13,3,3,2,2,2,1,1,1,1
4,9,8,74,0.2,1,2,1,1,1,223.37,1,8,1,1,1,1,17,1,1,2,2
4,9,8,75,0.4,1,2,1,2,0,310.06,0,2,3,1,3,1,11,3,1,2,2
4,9,8,76,0.05,2,1,2,2,1,328.48,0,8,1,1,2,2,5,3,1,3,1
4,9,8,77,0.1,3,1,2,2,1,364.65,0,8,1,3,3,1,18,1,3,1,3
4,9,8,78,0.2,3,3,2,2,1,211.04,1,1,1,1,3,3,1,1,1,3,3
4,9,9,1,0.8,1,1,1,1,1,250.43,1,4,1,1,1,1,13,1,1,1,1
4,9,9,2,0.05,3,2,2,2,1,391.49,0,3,3,1,1,3,7,1,3,2,2
4,9,9,3,0.1,1,2,1,1,1,184.47,1,17,3,3,3,3,4,1,3,2,2
4,9,9,4,0.05,3,3,2,1,0,252.44,1,5,1,1,3,3,10,1,3,3,1
4,9,9,5,1.8,3,3,2,2,1,248.62,1,2,1,3,3,1,3,3,3,1,1
4,9,9,6,0.8,3,1,2,2,1,252.49,1,7,3,1,1,3,17,1,1,1,1
4,9,9,7,0.8,1,2,1,1,1,246.78,1,20,3,1,3,1,12,3,3,2,2
4,9,9,8,0.1,3,1,2,2,1,322.46,0,4,3,3,1,1,1,1,1,1,1
4,9,9,9,0.05,1,1,1,1,1,316.72,0,14,1,3,1,3,9,3,1,3,1
4,9,9,10,0.8,2,2,2,2,1,290.65,1,15,3,3,2,2,18,3,3,2,2
4,9,9,11,0.8,3,1,2,2,1,284.19,1,12,1,3,3,1,5,3,1,3,1
4,9,9,12,1.8,1,2,1,1,1,248.57,1,11,3,3,3,3,1,1,1,2,2
4,9,9,13,0.8,3,1,2,2,1,275.54,1,11,1,3,3,1,13,3,1,3,1
4,9,9,14,0.05,3,3,2,2,1,445.89,0,8,1,1,3,3,14,3,1,1,3
4,9,9,15,0.8,1,2,1,1,1,275.93,1,19,3,3,3,3,8,3,1,2,2
4,9,9,16,0.8,2,2,2,2,1,268.88,1,16,1,1,2,2,16,1,3,2,2
4,9,9,17,0.2,3,1,2,2,1,306.81,0,19,3,3,1,1,7,3,1,3,1
4,9,9,18,0.1,1,3,1,1,1,300.12,0,5,3,1,3,1,2,3,1,1,3
4,9,9,19,0.2,2,1,2,2,1,311.54,0,11,3,3,2,2,11,1,3,1,3
4,9,9,20,1.8,2,3,2,2,1,227.08,1,10,1,1,2,2,3,3,3,1,1
4,9,9,21,0.4,1,1,1,1,1,241.34,1,5,1,1,1,1,16,1,3,1,3
4,9,9,22,0.8,3,1,2,2,1,271.02,1,10,3,1,1,3,18,3,1,3,1
4,9,9,23,0.8,1,1,NaN,NaN,NaN,NaN,NaN,13,3,3,3,3,7,1,1,1,1
4,9,9,24,0.05,1,2,1,1,1,278.38,1,15,1,1,1,1,4,3,1,2,2
4,9,9,25,0.05,1,3,1,1,1,321.16,0,15,3,3,3,3,3,1,3,3,1
4,9,9,26,0.2,2,1,2,1,0,221,1,13,3,3,2,2,5,3,3,3,3
4,9,9,27,0.4,2,3,2,2,1,278.48,1,8,3,3,2,2,18,1,3,3,1
4,9,9,28,1.8,2,1,2,2,1,290.66,1,7,3,1,2,2,1,1,3,1,3
4,9,9,29,0.05,2,1,2,1,0,313.38,0,9,3,1,2,2,19,1,1,1,1
4,9,9,30,0.2,2,3,2,2,1,264.09,1,4,1,1,2,2,10,1,1,3,3
4,9,9,31,0.2,2,2,2,2,1,308.28,0,8,3,1,2,2,17,3,3,2,2
4,9,9,32,0.4,1,2,1,1,1,247.16,1,13,1,3,1,3,15,1,1,2,2
4,9,9,33,0.4,2,2,2,1,0,243.8,1,20,3,1,2,2,1,1,3,2,2
4,9,9,34,1.8,1,1,1,1,1,275.31,1,11,3,1,3,1,10,3,3,3,3
4,9,9,35,1.8,3,1,2,2,1,269.09,1,9,1,1,3,3,17,3,1,3,1
4,9,9,36,0.1,3,3,2,2,1,330.16,0,12,1,1,3,3,7,1,3,3,1
4,9,9,37,1.8,1,1,1,1,1,257.32,1,17,1,3,1,3,20,3,1,3,1
4,9,9,38,0.1,1,3,1,1,1,330.43,0,4,1,1,1,1,7,3,1,1,3
4,9,9,39,0.05,1,3,1,1,1,339.28,0,9,3,1,3,1,5,3,3,1,1
4,9,9,40,0.2,2,3,2,2,1,282.75,1,17,1,3,2,2,18,1,3,3,1
4,9,9,41,0.4,1,1,1,1,1,247.33,1,6,1,3,1,3,9,1,3,1,3
4,9,9,42,0.05,2,2,2,1,0,339.05,0,7,1,1,2,2,9,1,1,2,2
4,9,9,43,0.8,3,3,2,2,1,495.72,0,7,1,1,3,3,9,3,3,1,1
4,9,9,44,0.4,1,1,1,1,1,251.83,1,2,1,3,1,3,20,1,1,1,1
4,9,9,45,0.1,1,2,1,1,1,325.37,0,12,1,1,1,1,14,3,1,2,2
4,9,9,46,0.2,1,2,1,1,1,233.55,1,16,1,3,1,3,19,1,1,2,2
4,9,9,47,0.1,2,1,2,2,1,262.3,1,19,1,3,2,2,16,3,1,3,1
4,9,9,48,0.4,2,3,2,1,0,209.68,1,12,1,1,2,2,4,3,1,1,3
4,9,9,49,0.05,2,3,2,1,0,328.94,0,13,3,1,2,2,14,3,3,1,1
4,9,9,50,0.05,1,2,1,1,1,324.53,0,16,1,3,1,3,5,3,3,2,2
4,9,9,51,0.4,1,1,1,1,1,252.26,1,6,3,3,3,3,8,1,1,1,1
4,9,9,52,0.4,2,3,2,2,1,468.62,0,9,3,3,2,2,14,1,1,3,3
4,9,9,53,0.2,3,2,2,2,1,243.55,1,16,3,1,1,3,5,3,1,2,2
4,9,9,54,0.1,3,1,2,2,1,288.12,1,1,1,3,3,1,12,1,3,1,3
4,9,9,55,0.1,2,3,2,2,1,365.88,0,10,3,3,2,2,13,3,1,1,3
4,9,9,56,0.4,1,3,1,1,1,265.5,1,16,1,3,1,3,14,3,1,1,3
4,9,9,57,0.05,1,3,1,1,1,282.73,1,6,1,3,1,3,20,1,3,3,1
4,9,9,58,0.1,1,2,1,1,1,280.17,1,17,1,1,1,1,10,1,3,2,2
4,9,9,59,0.8,1,1,1,2,0,291.14,1,2,3,3,3,3,17,3,1,3,1
4,9,9,60,0.8,3,2,2,2,1,242.09,1,16,3,1,1,3,16,1,1,2,2
4,9,9,61,0.1,2,2,2,1,0,300.77,0,14,1,1,2,2,6,1,1,2,2
4,9,9,62,0.4,2,1,2,2,1,258.17,1,15,3,1,2,2,4,1,1,1,1
4,9,9,63,0.2,3,3,2,2,1,273.13,1,13,3,1,1,3,10,1,3,3,1
4,9,9,64,1.8,1,3,1,1,1,230.21,1,5,1,3,1,3,2,3,3,1,1
4,9,9,65,1.8,3,2,2,2,1,269.29,1,2,3,3,1,1,4,1,1,2,2
4,9,9,66,0.1,3,1,2,2,1,338.21,0,14,3,1,1,3,6,3,3,3,3
4,9,9,67,1.8,2,3,2,2,1,241.41,1,11,1,3,2,2,8,3,1,1,3
4,9,9,68,0.4,1,2,1,1,1,233.41,1,19,3,1,3,1,6,1,1,2,2
4,9,9,69,0.2,2,2,2,1,0,280.2,1,12,1,3,2,2,14,3,1,2,2
4,9,9,70,0.2,1,2,1,1,1,255.02,1,5,3,1,3,1,3,3,1,2,2
4,9,9,71,1.8,1,1,1,1,1,233.48,1,19,3,1,3,1,15,1,3,1,3
4,9,9,72,0.1,1,3,1,2,0,341.84,0,9,1,1,1,1,19,3,3,1,1
4,9,9,73,0.2,2,3,2,2,1,623.96,0,9,1,3,2,2,11,1,1,3,3
4,9,9,74,1.8,1,1,1,1,1,270.7,1,15,3,3,3,3,18,1,3,1,3
4,9,9,75,0.4,1,1,1,1,1,255.22,1,17,3,1,3,1,19,1,1,1,1
4,9,9,76,0.2,2,2,2,1,0,225.72,1,12,3,1,2,2,9,1,3,2,2
4,9,9,77,1.8,1,3,1,1,1,263.73,1,15,3,3,3,3,8,3,3,1,1
4,9,9,78,0.05,1,3,1,1,1,291.85,1,19,1,1,1,1,11,3,1,1,3
4,9,10,1,0.05,1,1,1,1,1,265.72,1,4,3,1,3,1,14,3,1,3,1
4,9,10,2,0.2,3,2,2,1,0,229.78,1,7,3,3,1,1,6,1,1,2,2
4,9,10,3,0.2,3,3,2,2,1,261.47,1,8,1,3,3,1,17,1,1,3,3
4,9,10,4,0.4,1,3,1,1,1,252.58,1,12,1,3,1,3,11,1,1,3,3
4,9,10,5,0.2,2,1,2,2,1,283.76,1,10,1,1,2,2,18,1,1,1,1
4,9,10,6,0.1,1,2,1,1,1,281.23,1,15,3,3,3,3,18,1,3,2,2
4,9,10,7,1.8,1,2,1,1,1,253.13,1,7,1,1,1,1,17,1,1,2,2
4,9,10,8,0.8,1,1,1,1,1,262.81,1,10,3,3,3,3,20,1,1,1,1
4,9,10,9,0.05,1,1,1,1,1,345.95,0,2,1,1,1,1,12,1,3,1,3
4,9,10,10,1.8,3,2,2,2,1,270.17,1,12,3,3,1,1,9,3,3,2,2
4,9,10,11,0.1,3,2,2,1,0,301.36,0,13,3,3,1,1,18,1,1,2,2
4,9,10,12,0.05,1,3,1,1,1,456.06,0,18,1,3,1,3,17,1,3,3,1
4,9,10,13,0.8,3,2,2,2,1,308.8,0,8,1,1,3,3,13,3,3,2,2
4,9,10,14,0.2,2,3,2,2,1,263.82,1,13,1,3,2,2,3,1,3,3,1
4,9,10,15,0.05,2,2,2,1,0,342.1,0,8,3,1,2,2,7,1,1,2,2
4,9,10,16,0.8,1,3,1,1,1,235.45,1,3,1,1,1,1,17,3,3,1,1
4,9,10,17,0.1,1,2,1,1,1,338.94,0,5,3,3,3,3,19,1,3,2,2
4,9,10,18,0.1,1,1,1,1,1,316.76,0,12,1,3,1,3,11,1,1,1,1
4,9,10,19,0.1,2,3,2,2,1,348.46,0,1,1,3,2,2,12,3,3,1,1
4,9,10,20,0.4,3,1,2,2,1,279.24,1,3,1,3,3,1,4,1,1,1,1
4,9,10,21,0.1,2,3,2,2,1,393.23,0,8,1,3,2,2,16,3,1,1,3
4,9,10,22,0.1,3,3,2,2,1,315.35,0,17,1,3,3,1,19,3,3,1,1
4,9,10,23,0.2,2,3,2,1,0,285.09,1,12,1,1,2,2,16,3,3,1,1
4,9,10,24,1.8,2,1,2,2,1,281.97,1,15,3,1,2,2,10,1,3,1,3
4,9,10,25,0.4,3,1,2,2,1,278.09,1,2,3,3,1,1,8,1,3,1,3
4,9,10,26,1.8,1,2,1,1,1,261.46,1,5,1,1,1,1,19,3,1,2,2
4,9,10,27,0.1,1,2,1,1,1,231.87,1,16,3,3,3,3,6,1,3,2,2
4,9,10,28,0.1,2,3,2,2,1,298.39,1,18,1,3,2,2,17,3,3,1,1
4,9,10,29,0.2,3,2,2,2,1,248.01,1,13,1,1,3,3,16,3,3,2,2
4,9,10,30,0.1,1,1,1,1,1,311.72,0,5,1,3,1,3,3,1,3,1,3
4,9,10,31,0.4,3,3,2,2,1,265.84,1,4,3,3,1,1,18,3,1,1,3
4,9,10,32,0.4,1,1,1,1,1,278.74,1,17,1,1,1,1,8,3,3,3,3
4,9,10,33,0.8,2,2,2,2,1,270.21,1,17,3,1,2,2,12,3,1,2,2
4,9,10,34,0.8,2,3,2,2,1,322.56,0,12,3,3,2,2,2,3,3,1,1
4,9,10,35,0.05,2,2,2,2,1,406.47,0,16,1,3,2,2,13,1,1,2,2
4,9,10,36,0.8,1,3,1,2,0,229.85,1,5,3,1,3,1,9,3,3,1,1
4,9,10,37,0.8,1,2,1,1,1,296.24,1,18,3,3,3,3,11,1,3,2,2
4,9,10,38,1.8,2,3,2,2,1,279.59,1,3,1,3,2,2,12,1,3,3,1
4,9,10,39,0.8,1,1,1,1,1,261.18,1,8,3,3,3,3,17,1,3,1,3
4,9,10,40,1.8,1,3,1,1,1,282.53,1,7,1,3,1,3,5,1,3,3,1
4,9,10,41,0.1,3,1,2,2,1,328.17,0,18,3,3,1,1,20,1,1,1,1
4,9,10,42,0.8,2,3,2,2,1,244.31,1,3,3,3,2,2,12,1,3,3,1
4,9,10,43,0.4,1,1,1,1,1,259.93,1,13,3,3,3,3,2,3,1,3,1
4,9,10,44,0.4,1,2,1,1,1,254.33,1,1,3,3,3,3,17,3,1,2,2
4,9,10,45,1.8,3,3,2,2,1,295.86,1,8,1,3,3,1,7,1,1,3,3
4,9,10,46,0.1,1,3,1,1,1,302.24,0,11,1,1,1,1,9,1,3,3,1
4,9,10,47,0.4,1,1,1,1,1,238.38,1,14,1,1,1,1,13,1,1,1,1
4,9,10,48,0.4,1,2,1,1,1,258.31,1,15,3,1,3,1,5,3,1,2,2
4,9,10,49,0.05,1,3,1,1,1,352.78,0,6,3,3,3,3,17,1,3,3,1
4,9,10,50,0.2,3,2,2,2,1,426.33,0,9,1,1,3,3,5,3,1,2,2
4,9,10,51,1.8,3,3,2,2,1,326.83,0,10,3,1,1,3,15,3,1,1,3
4,9,10,52,1.8,1,1,1,1,1,248.55,1,3,1,3,1,3,17,1,3,1,3
4,9,10,53,0.2,1,1,1,1,1,267.04,1,19,1,1,1,1,3,3,1,3,1
4,9,10,54,0.2,1,1,1,1,1,257.93,1,14,1,1,1,1,7,3,3,3,3
4,9,10,55,1.8,2,1,2,2,1,392.76,0,15,1,3,2,2,7,3,1,3,1
4,9,10,56,1.8,1,2,1,1,1,255.21,1,14,3,1,3,1,10,3,3,2,2
4,9,10,57,0.4,1,2,1,2,0,540.67,0,19,3,3,3,3,18,1,3,2,2
4,9,10,58,0.05,1,1,1,1,1,447.1,0,9,3,3,3,3,15,3,3,3,3
4,9,10,59,0.2,1,2,1,1,1,272.64,1,16,3,3,3,3,20,3,1,2,2
4,9,10,60,0.4,1,2,1,1,1,255.2,1,12,1,1,1,1,7,3,3,2,2
4,9,10,61,0.05,2,3,2,2,1,379.01,0,19,3,1,2,2,8,3,1,1,3
4,9,10,62,0.2,2,3,2,2,1,344.81,0,17,3,1,2,2,2,1,1,3,3
4,9,10,63,0.05,2,3,2,2,1,332.47,0,15,1,3,2,2,1,1,3,3,1
4,9,10,64,1.8,2,2,2,2,1,243.48,1,14,3,1,2,2,8,1,1,2,2
4,9,10,65,0.8,2,2,2,2,1,268.7,1,13,1,3,2,2,8,1,1,2,2
4,9,10,66,1.8,2,3,2,2,1,255.11,1,17,3,3,2,2,5,1,1,3,3
4,9,10,67,0.8,1,1,1,2,0,250.19,1,9,3,1,3,1,17,1,3,1,3
4,9,10,68,0.4,1,1,1,1,1,253.53,1,1,3,1,3,1,11,1,3,1,3
4,9,10,69,0.8,1,3,1,1,1,251.24,1,3,1,1,1,1,15,1,1,3,3
4,9,10,70,0.4,1,1,1,1,1,227.63,1,17,1,3,1,3,6,3,1,3,1
4,9,10,71,0.1,2,3,2,2,1,364.31,0,18,1,1,2,2,5,1,3,3,1
4,9,10,72,0.2,1,2,1,1,1,271.8,1,6,3,3,3,3,9,3,3,2,2
4,9,10,73,0.05,3,1,2,2,1,465.95,0,12,1,3,3,1,9,1,1,1,1
4,9,10,74,0.8,1,1,1,1,1,273.94,1,7,1,3,1,3,4,1,1,1,1
4,9,10,75,0.2,1,1,1,1,1,248.82,1,11,3,1,3,1,7,3,1,3,1
4,9,10,76,0.05,3,3,2,2,1,335.15,0,9,1,3,3,1,11,3,3,1,1
4,9,10,77,0.05,2,3,2,2,1,479.52,0,8,1,3,2,2,5,3,1,1,3
4,9,10,78,0.05,3,1,2,2,1,327.18,0,19,1,3,3,1,13,3,1,3,1
