2,6,1,1,0.1,3,3,2,2,1,258.49,1,20,1,1,3,3,10,1,1,3,3
2,6,1,2,0.4,2,3,2,1,0,237.47,1,2,1,1,2,2,19,1,3,3,1
2,6,1,3,0.1,1,2,1,1,1,248.87,1,12,3,1,3,1,19,1,1,2,2
2,6,1,4,0.8,2,3,2,2,1,237.7,1,20,1,3,2,2,14,1,3,3,1
2,6,1,5,1.8,1,2,1,1,1,184.99,1,13,1,1,1,1,6,1,3,2,2
2,6,1,6,0.05,3,3,2,2,1,264.97,1,19,1,1,3,3,19,3,3,1,1
2,6,1,7,0.1,2,1,2,1,0,219.48,1,4,1,1,2,2,7,3,1,3,1
2,6,1,8,1.8,2,3,2,1,0,216.29,1,15,3,1,2,2,11,3,1,1,3
2,6,1,9,0.2,2,1,2,2,1,282.55,1,18,3,3,2,2,3,3,3,3,3
2,6,1,10,0.2,3,3,2,2,1,239.64,1,7,1,1,3,3,2,1,1,3,3
2,6,1,11,0.05,2,3,2,2,1,290.79,1,9,3,3,2,2,18,3,1,1,3
2,6,1,12,0.4,1,3,1,1,1,258.88,1,13,3,3,3,3,12,3,1,1,3
2,6,1,13,0.05,1,1,1,1,1,330.5,0,7,3,1,3,1,13,1,3,1,3
2,6,1,14,0.2,3,2,2,2,1,199.92,1,15,1,3,3,1,13,1,3,2,2
2,6,1,15,1.8,2,3,2,1,0,220.54,1,1,1,1,2,2,13,3,1,1,3
2,6,1,16,1.8,1,3,1,1,1,211.81,1,3,1,1,1,1,20,1,1,3,3
2,6,1,17,0.05,2,1,2,2,1,379.69,0,6,3,1,2,2,2,1,1,1,1
2,6,1,18,0.1,1,2,1,1,1,267.02,1,6,1,1,1,1,19,3,1,2,2
2,6,1,19,0.4,3,3,2,2,1,252.99,1,7,3,3,1,1,20,1,1,3,3
2,6,1,20,0.8,3,2,2,2,1,229.05,1,1,3,1,1,3,9,1,1,2,2
2,6,1,21,0.8,1,1,1,1,1,238.79,1,9,3,3,3,3,6,1,3,1,3
2,6,1,22,0.4,1,1,1,1,1,219.84,1,1,3,3,3,3,4,3,1,3,1
2,6,1,23,1.8,1,3,1,1,1,222.94,1,11,1,3,1,3,20,3,1,1,3
2,6,1,24,1.8,3,1,2,2,1,181.15,1,15,1,1,3,3,1,3,3,3,3
2,6,1,25,1.8,1,3,1,2,0,187.94,1,16,1,1,1,1,15,3,3,1,1
2,6,1,26,0.05,1,2,1,1,1,302.95,0,14,1,3,1,3,2,3,3,2,2
2,6,1,27,0.1,1,2,1,2,0,270.97,1,7,1,1,1,1,12,1,3,2,2
2,6,1,28,0.05,1,2,1,1,1,284.72,1,7,3,1,3,1,20,3,3,2,2
2,6,1,29,0.4,1,3,1,1,1,267.32,1,8,1,1,1,1,17,1,3,3,1
2,6,1,30,0.4,1,3,1,1,1,256.74,1,18,3,3,3,3,13,1,3,3,1
2,6,1,31,0.8,1,1,1,1,1,184.65,1,4,1,1,1,1,13,3,3,3,3
2,6,1,32,0.8,2,2,2,2,1,263.88,1,16,1,3,2,2,19,3,1,2,2
2,6,1,33,0.1,1,1,1,1,1,301.17,0,11,1,3,1,3,4,3,1,3,1
2,6,1,34,0.1,3,3,2,2,1,327.07,0,9,1,3,3,1,7,1,3,3,1
2,6,1,35,0.2,2,1,2,2,1,309.42,0,5,3,3,2,2,5,3,3,3,3
2,6,1,36,0.2,1,2,1,1,1,303.83,0,15,1,3,1,3,11,3,1,2,2
2,6,1,37,1.8,1,2,1,1,1,192.78,1,13,1,1,1,1,8,1,1,2,2
2,6,1,38,0.05,1,1,1,1,1,261.3,1,2,1,1,1,1,12,3,1,3,1
2,6,1,39,0.1,2,2,2,2,1,260.66,1,8,3,1,2,2,18,1,3,2,2
2,6,1,40,0.4,1,3,1,1,1,239.93,1,16,3,3,3,3,2,1,3,3,1
2,6,1,41,0.1,1,3,1,1,1,305.51,0,16,1,3,1,3,12,1,3,3,1
2,6,1,42,0.2,2,3,2,2,1,283.08,1,14,1,1,2,2,9,3,1,1,3
2,6,1,43,0.8,3,2,2,2,1,225.89,1,3,3,3,1,1,12,3,1,2,2
2,6,1,44,0.05,2,2,2,2,1,342.69,0,8,1,3,2,2,5,3,3,2,2
2,6,1,45,0.8,1,2,1,1,1,335.78,0,4,1,1,1,1,2,1,1,2,2
2,6,1,46,0.8,1,1,1,1,1,239.37,1,7,3,3,3,3,6,3,1,3,1
2,6,1,47,0.4,1,3,1,1,1,208.34,1,2,3,1,3,1,16,1,3,3,1
2,6,1,48,0.2,1,3,1,1,1,271.54,1,17,1,3,1,3,17,3,1,1,3
2,6,1,49,0.1,1,1,1,1,1,281.92,1,6,1,1,1,1,12,1,3,1,3
2,6,1,50,1.8,2,3,2,2,1,197.27,1,14,3,3,2,2,15,1,3,3,1
2,6,1,51,0.2,2,2,2,2,1,273.49,1,7,1,3,2,2,11,3,3,2,2
2,6,1,52,0.1,1,3,1,1,1,347.83,0,20,1,3,1,3,12,1,1,3,3
2,6,1,53,0.8,2,3,2,2,1,235.25,1,8,1,1,2,2,10,3,1,1,3
2,6,1,54,1.8,2,3,2,1,0,206.48,1,6,3,1,2,2,4,3,3,1,1
2,6,1,55,0.05,2,1,2,1,0,321.4,0,13,3,1,2,2,9,3,1,3,1
2,6,1,56,0.05,2,1,2,2,1,259.6,1,11,1,1,2,2,8,3,1,3,1
2,6,1,57,0.1,1,3,1,1,1,304.03,0,13,3,1,3,1,10,3,1,1,3
2,6,1,58,0.2,3,2,2,2,1,265.55,1,20,1,3,3,1,18,1,1,2,2
2,6,1,59,1.8,1,2,1,1,1,200.62,1,1,3,3,3,3,7,3,1,2,2
2,6,1,60,0.2,1,3,1,1,1,258.81,1,18,3,1,3,1,10,1,1,3,3
2,6,1,61,0.8,1,2,1,1,1,229.13,1,2,3,3,3,3,6,1,1,2,2
2,6,1,62,0.8,1,1,1,1,1,325.79,0,2,3,3,3,3,8,1,3,1,3
2,6,1,63,0.4,3,3,2,2,1,257.03,1,12,3,1,1,3,18,3,3,1,1
2,6,1,64,0.05,3,2,2,2,1,385.96,0,7,3,1,1,3,4,3,3,2,2
2,6,1,65,0.4,2,3,2,2,1,288.82,1,8,1,1,2,2,20,1,1,3,3
2,6,1,66,0.05,1,3,1,1,1,272.63,1,12,1,3,1,3,12,3,3,1,1
2,6,1,67,0.4,3,2,2,2,1,234.83,1,6,3,3,1,1,13,3,3,2,2
2,6,1,68,1.8,1,3,1,1,1,255.37,1,18,1,1,1,1,12,3,3,1,1
2,6,1,69,0.2,1,1,1,1,1,281.48,1,14,1,3,1,3,4,1,1,1,1
2,6,1,70,0.4,1,1,1,1,1,312.09,0,7,1,3,1,3,17,3,1,3,1
2,6,1,71,0.1,2,1,2,1,0,388.42,0,18,1,3,2,2,3,1,3,1,3
2,6,1,72,0.4,3,1,2,2,1,260.22,1,5,1,3,3,1,14,1,3,1,3
2,6,1,73,0.2,1,3,1,1,1,231.7,1,2,3,3,3,3,5,1,3,3,1
2,6,1,74,0.05,3,3,2,2,1,249.3,1,11,3,1,1,3,5,1,3,3,1
2,6,1,75,1.8,1,3,1,1,1,196.52,1,1,3,1,3,1,16,1,3,3,1
2,6,1,76,0.8,3,3,2,2,1,224.87,1,11,3,1,1,3,6,3,1,1,3
2,6,1,77,0.2,1,2,1,2,0,201.02,1,11,3,1,3,1,2,1,1,2,2
2,6,1,78,0.8,2,3,2,2,1,272.22,1,4,3,1,2,2,20,1,1,3,3
2,6,2,1,0.05,1,2,1,2,0,291.45,1,2,1,1,1,1,19,3,1,2,2
2,6,2,2,0.8,3,1,2,2,1,283.51,1,6,1,1,3,3,7,3,1,3,1
2,6,2,3,0.05,2,3,2,2,1,793.72,0,4,3,1,2,2,20,3,3,1,1
2,6,2,4,0.2,3,3,2,2,1,241.67,1,6,3,1,1,3,7,3,3,1,1
2,6,2,5,0.8,3,2,2,2,1,307.88,0,9,1,3,3,1,13,3,1,2,2
2,6,2,6,0.4,2,3,2,1,0,263.52,1,12,1,3,2,2,14,1,3,3,1
2,6,2,7,0.8,1,1,1,1,1,244.07,1,19,3,1,3,1,8,3,3,3,3
2,6,2,8,0.2,1,2,1,1,1,254.51,1,13,3,1,3,1,13,1,3,2,2
2,6,2,9,1.8,1,1,1,1,1,211.08,1,12,3,3,3,3,17,1,1,1,1
2,6,2,10,0.8,1,1,1,2,0,210.38,1,18,3,3,3,3,17,3,3,3,3
2,6,2,11,0.05,3,1,2,2,1,305.84,0,8,1,1,3,3,14,3,1,3,1
2,6,2,12,0.05,2,1,2,2,1,298.72,1,2,1,1,2,2,18,1,1,1,1
2,6,2,13,0.8,2,1,2,1,0,222.83,1,2,1,3,2,2,12,1,1,1,1
2,6,2,14,0.2,1,2,1,1,1,239.94,1,3,1,3,1,3,12,1,1,2,2
2,6,2,15,0.2,1,1,1,1,1,281.71,1,8,1,3,1,3,4,1,1,1,1
2,6,2,16,1.8,2,2,2,2,1,199.56,1,19,1,1,2,2,12,3,3,2,2
2,6,2,17,0.4,1,1,1,1,1,223.96,1,16,1,3,1,3,6,1,3,1,3
2,6,2,18,0.4,1,1,1,1,1,218.56,1,17,1,3,1,3,2,1,1,1,1
2,6,2,19,0.8,3,1,2,2,1,282.86,1,1,1,1,3,3,11,3,1,3,1
2,6,2,20,0.8,2,3,2,2,1,272.63,1,17,1,1,2,2,19,3,1,1,3
2,6,2,21,0.8,1,2,1,1,1,267.11,1,16,1,3,1,3,8,3,3,2,2
2,6,2,22,0.05,3,2,2,2,1,378.58,0,11,1,3,3,1,20,3,1,2,2
2,6,2,23,0.1,3,2,2,2,1,315.84,0,1,1,3,3,1,16,1,3,2,2
2,6,2,24,0.2,2,3,2,2,1,295.93,1,17,1,1,2,2,7,3,3,1,1
2,6,2,25,0.8,2,3,2,2,1,227.97,1,11,1,3,2,2,12,1,1,3,3
2,6,2,26,0.4,1,2,1,1,1,281.01,1,9,1,1,1,1,3,3,3,2,2
2,6,2,27,0.05,1,1,1,2,0,359.4,0,8,3,1,3,1,9,3,1,3,1
2,6,2,28,0.1,1,1,1,2,0,305.19,0,1,3,1,3,1,1,3,1,3,1
2,6,2,29,1.8,1,1,1,1,1,207.12,1,2,3,3,3,3,11,3,3,3,3
2,6,2,30,1.8,3,1,2,2,1,187.98,1,20,1,3,3,1,10,1,3,1,3
2,6,2,31,1.8,1,2,1,1,1,259.34,1,10,1,1,1,1,18,3,3,2,2
2,6,2,32,0.1,3,1,2,2,1,257.55,1,1,1,1,3,3,7,3,1,3,1
2,6,2,33,0.4,3,2,2,2,1,242.93,1,2,1,1,3,3,10,3,3,2,2
2,6,2,34,0.1,1,2,1,1,1,256.8,1,10,1,1,1,1,13,1,3,2,2
2,6,2,35,0.1,1,2,1,1,1,271.23,1,6,1,3,1,3,20,1,1,2,2
2,6,2,36,0.1,3,3,2,2,1,298.01,1,16,3,3,1,1,19,3,3,1,1
2,6,2,37,0.2,1,1,1,2,0,231.72,1,10,1,1,1,1,4,3,1,3,1
2,6,2,38,0.1,3,1,2,2,1,261.82,1,1,3,3,1,1,9,1,1,1,1
2,6,2,39,0.2,1,1,1,1,1,288.38,1,10,1,3,1,3,18,1,3,1,3
2,6,2,40,1.8,2,2,2,2,1,197.35,1,16,3,3,2,2,14,3,3,2,2
2,6,2,41,0.4,1,1,1,1,1,324.96,0,17,3,3,3,3,17,3,1,3,1
2,6,2,42,0.2,2,3,2,1,0,222.74,1,16,3,3,2,2,8,1,1,3,3
2,6,2,43,0.4,2,1,2,2,1,286.23,1,19,1,3,2,2,7,1,1,1,1
2,6,2,44,0.8,2,3,2,1,0,230.72,1,1,3,3,2,2,19,3,3,1,1
2,6,2,45,0.05,2,1,2,2,1,906.66,0,18,3,1,2,2,2,1,1,1,1
2,6,2,46,0.2,3,3,2,2,1,225.79,1,10,3,3,1,1,18,1,3,3,1
2,6,2,47,0.2,2,2,2,1,0,240.31,1,15,3,1,2,2,10,1,1,2,2
2,6,2,48,1.8,1,3,1,1,1,200.24,1,5,1,3,1,3,14,1,1,3,3
2,6,2,49,0.8,1,3,NaN,NaN,NaN,NaN,NaN,8,3,1,3,1,19,3,1,1,3
2,6,2,50,1.8,1,3,1,1,1,238.77,1,6,3,3,3,3,20,1,3,3,1
2,6,2,51,1.8,3,1,2,2,1,258.65,1,3,3,1,1,3,3,1,3,1,3
2,6,2,52,0.1,1,1,1,1,1,282.32,1,17,1,1,1,1,15,3,3,3,3
2,6,2,53,0.4,1,3,1,1,1,235.44,1,17,1,1,1,1,11,3,3,1,1
2,6,2,54,0.4,1,2,1,1,1,257.3,1,1,3,3,3,3,11,3,3,2,2
2,6,2,55,0.8,3,2,2,2,1,276.47,1,2,1,1,3,3,16,3,1,2,2
2,6,2,56,0.4,2,1,2,2,1,266.36,1,19,3,3,2,2,5,3,3,3,3
2,6,2,57,1.8,3,3,2,2,1,201.42,1,17,1,1,3,3,8,3,1,1,3
2,6,2,58,0.05,3,3,2,2,1,278.77,1,5,3,3,1,1,9,3,1,1,3
2,6,2,59,0.05,2,1,2,2,1,389.13,0,15,1,1,2,2,3,3,1,3,1
2,6,2,60,0.1,1,2,1,1,1,302.31,0,11,1,1,1,1,4,1,3,2,2
2,6,2,61,1.8,1,3,1,2,0,176.02,1,7,1,1,1,1,13,1,1,3,3
2,6,2,62,0.8,1,1,1,1,1,234.12,1,20,1,3,1,3,20,3,3,3,3
2,6,2,63,0.1,1,3,1,1,1,275.07,1,19,1,1,1,1,18,1,1,3,3
2,6,2,64,0.05,2,2,2,1,0,296.39,1,10,3,1,2,2,12,1,1,2,2
2,6,2,65,0.05,1,1,1,1,1,317.01,0,8,1,1,1,1,11,3,3,3,3
2,6,2,66,0.05,2,1,2,2,1,335.16,0,13,3,3,2,2,9,3,1,3,1
2,6,2,67,0.4,1,2,1,1,1,214.28,1,8,3,1,3,1,13,1,3,2,2
2,6,2,68,1.8,3,1,2,2,1,171.49,1,1,3,3,1,1,20,1,1,1,1
2,6,2,69,0.2,1,2,1,1,1,272.55,1,18,3,1,3,1,19,3,3,2,2
2,6,2,70,0.2,1,3,1,1,1,265.21,1,18,3,3,3,3,11,3,1,1,3
2,6,2,71,1.8,2,3,NaN,NaN,NaN,NaN,NaN,10,3,3,2,2,9,1,1,3,3
2,6,2,72,0.1,1,1,1,1,1,339.58,0,2,3,3,3,3,16,3,1,3,1
2,6,2,73,0.2,1,2,1,1,1,295.76,1,3,1,3,1,3,10,3,3,2,2
2,6,2,74,0.05,1,3,1,1,1,288.84,1,19,3,3,3,3,15,1,1,3,3
2,6,2,75,0.4,1,2,1,1,1,413.16,0,16,3,3,3,3,20,3,3,2,2
2,6,2,76,0.4,2,2,2,2,1,245.35,1,13,1,3,2,2,8,3,1,2,2
2,6,2,77,0.1,1,2,1,1,1,257.46,1,10,1,1,1,1,17,3,1,2,2
2,6,2,78,0.1,1,1,1,1,1,235.66,1,15,3,3,3,3,2,1,3,1,3
2,6,3,1,0.05,1,3,1,1,1,280.92,1,9,1,3,1,3,12,3,3,1,1
2,6,3,2,1.8,1,3,1,1,1,177.56,1,13,1,1,1,1,13,3,3,1,1
2,6,3,3,0.05,1,3,1,1,1,274.94,1,8,1,3,1,3,15,1,1,3,3
2,6,3,4,0.1,1,1,1,1,1,252.81,1,20,3,3,3,3,6,1,3,1,3
2,6,3,5,0.8,3,1,2,2,1,96.321,2,9,3,3,1,1,12,3,3,3,3
2,6,3,6,0.05,2,3,2,1,0,263.22,1,17,3,3,2,2,18,3,3,1,1
2,6,3,7,0.4,2,2,2,2,1,246.47,1,8,1,3,2,2,13,1,3,2,2
2,6,3,8,0.1,1,3,1,1,1,275.54,1,6,1,1,1,1,3,3,3,1,1
2,6,3,9,1.8,1,3,1,1,1,201.34,1,8,3,3,3,3,20,1,3,3,1
2,6,3,10,1.8,1,2,1,1,1,206.48,1,13,1,3,1,3,7,1,1,2,2
2,6,3,11,0.2,3,2,2,2,1,265.91,1,5,1,3,3,1,8,3,3,2,2
2,6,3,12,0.05,2,2,2,2,1,321.4,0,19,1,1,2,2,14,3,3,2,2
2,6,3,13,0.05,2,2,2,2,1,1256,0,6,3,1,2,2,13,3,3,2,2
2,6,3,14,0.4,2,2,2,1,0,258.9,1,14,1,3,2,2,9,1,3,2,2
2,6,3,15,1.8,2,1,2,1,0,185.28,1,7,1,1,2,2,12,1,1,1,1
2,6,3,16,0.2,3,2,2,2,1,247.26,1,14,3,3,1,1,20,3,3,2,2
2,6,3,17,0.2,1,2,1,1,1,283.04,1,12,1,3,1,3,11,1,1,2,2
2,6,3,18,0.05,1,2,1,2,0,397.49,0,9,3,1,3,1,19,3,1,2,2
2,6,3,19,0.4,1,1,1,1,1,212.45,1,11,3,1,3,1,10,3,3,3,3
2,6,3,20,1.8,1,3,1,1,1,192.31,1,1,3,1,3,1,3,3,1,1,3
2,6,3,21,0.1,1,2,1,1,1,250.01,1,4,3,1,3,1,17,3,3,2,2
2,6,3,22,0.8,1,2,1,1,1,201.51,1,4,1,3,1,3,3,3,3,2,2
2,6,3,23,0.2,2,3,2,2,1,268.24,1,16,3,3,2,2,6,3,1,1,3
2,6,3,24,0.4,2,1,2,2,1,254.38,1,2,1,1,2,2,7,1,3,1,3
2,6,3,25,0.1,2,3,2,1,0,362.06,0,12,1,3,2,2,4,1,3,3,1
2,6,3,26,0.1,1,3,1,1,1,248.36,1,10,1,3,1,3,11,1,1,3,3
2,6,3,27,0.2,3,1,2,2,1,248.91,1,7,1,3,3,1,5,3,3,3,3
2,6,3,28,0.8,1,2,1,1,1,281.43,1,19,1,1,1,1,17,1,3,2,2
2,6,3,29,1.8,2,3,2,2,1,188.06,1,2,1,1,2,2,12,3,1,1,3
2,6,3,30,0.4,1,1,1,1,1,236.94,1,12,1,3,1,3,10,3,1,3,1
2,6,3,31,1.8,3,1,2,2,1,191.63,1,17,3,3,1,1,11,1,1,1,1
2,6,3,32,0.8,3,3,2,2,1,197.23,1,17,1,1,3,3,15,1,3,3,1
2,6,3,33,0.05,3,1,2,2,1,307.05,0,4,3,1,1,3,2,3,1,3,1
2,6,3,34,0.1,1,2,1,1,1,261.46,1,6,1,3,1,3,16,1,3,2,2
2,6,3,35,0.4,2,3,2,1,0,281.29,1,18,1,1,2,2,2,3,1,1,3
2,6,3,36,0.8,3,3,2,2,1,191.71,1,15,1,1,3,3,7,1,3,3,1
2,6,3,37,0.2,1,3,1,1,1,247.06,1,20,1,1,1,1,17,1,3,3,1
2,6,3,38,0.2,1,3,1,1,1,243.71,1,14,3,1,3,1,15,3,3,1,1
2,6,3,39,0.1,1,2,1,1,1,316.19,0,17,1,3,1,3,8,3,3,2,2
2,6,3,40,0.2,2,1,2,1,0,208.46,1,18,3,1,2,2,6,3,1,3,1
2,6,3,41,0.1,2,1,2,1,0,251.36,1,12,3,1,2,2,19,1,3,1,3
2,6,3,42,0.4,3,1,2,2,1,202.05,1,4,3,1,1,3,16,1,3,1,3
2,6,3,43,0.8,1,1,1,1,1,215.78,1,13,3,1,3,1,12,3,1,3,1
2,6,3,44,0.8,3,3,2,2,1,203.31,1,17,1,1,3,3,5,3,3,1,1
2,6,3,45,0.8,3,1,2,1,0,268.33,1,12,1,1,3,3,10,1,3,1,3
2,6,3,46,0.2,1,1,1,1,1,252.47,1,9,1,1,1,1,3,1,3,1,3
2,6,3,47,0.1,2,3,2,1,0,250.99,1,2,1,1,2,2,12,1,1,3,3
2,6,3,48,0.4,1,2,1,1,1,192.03,1,18,3,3,3,3,1,3,3,2,2
2,6,3,49,0.8,1,2,1,1,1,207.35,1,2,3,3,3,3,20,1,3,2,2
2,6,3,50,0.05,1,2,1,1,1,271.07,1,7,1,1,1,1,1,3,1,2,2
2,6,3,51,0.8,1,2,1,1,1,145.19,1,15,1,3,1,3,12,3,3,2,2
2,6,3,52,0.8,2,3,2,2,1,179.08,1,2,3,3,2,2,4,3,3,1,1
2,6,3,53,1.8,1,2,1,1,1,178.11,1,8,3,1,3,1,19,3,1,2,2
2,6,3,54,1.8,1,2,1,1,1,157.71,1,13,3,3,3,3,14,1,1,2,2
2,6,3,55,0.4,1,2,1,1,1,252.55,1,12,3,1,3,1,7,1,1,2,2
2,6,3,56,0.1,1,1,1,1,1,255.64,1,1,3,3,3,3,5,1,3,1,3
2,6,3,57,0.2,2,1,2,2,1,272.43,1,2,1,1,2,2,3,3,1,3,1
2,6,3,58,0.1,1,2,1,1,1,355,0,8,3,3,3,3,3,3,1,2,2
2,6,3,59,1.8,1,2,1,1,1,308.12,0,18,3,3,3,3,11,3,3,2,2
2,6,3,60,0.05,1,2,1,1,1,266.94,1,9,1,1,1,1,8,3,3,2,2
2,6,3,61,1.8,1,2,1,2,0,224.58,1,6,3,1,3,1,5,1,1,2,2
2,6,3,62,0.05,3,1,2,2,1,311.73,0,7,3,3,1,1,8,1,3,1,3
2,6,3,63,0.4,3,2,2,2,1,240.56,1,7,3,1,1,3,20,3,1,2,2
2,6,3,64,0.4,1,1,1,1,1,247.1,1,1,3,3,3,3,13,3,1,3,1
2,6,3,65,0.4,3,1,2,2,1,310.76,0,9,1,1,3,3,3,1,1,1,1
2,6,3,66,1.8,3,1,2,2,1,186.31,1,7,1,3,3,1,15,3,3,3,3
2,6,3,67,0.05,2,3,2,2,1,361.48,0,14,3,3,2,2,3,3,1,1,3
2,6,3,68,0.8,1,3,1,1,1,191.29,1,10,1,1,1,1,19,3,1,1,3
2,6,3,69,0.05,2,1,2,1,0,257.14,1,2,3,1,2,2,1,3,3,3,3
2,6,3,70,0.2,1,2,1,1,1,202.98,1,5,3,3,3,3,20,3,1,2,2
2,6,3,71,0.2,1,2,1,1,1,243.62,1,16,1,1,1,1,10,1,3,2,2
2,6,3,72,1.8,2,1,2,2,1,199.83,1,13,3,3,2,2,8,1,3,1,3
2,6,3,73,0.05,2,1,2,2,1,337.23,0,20,3,1,2,2,3,3,1,3,1
2,6,3,74,0.2,1,3,1,1,1,205.2,1,6,1,3,1,3,3,3,3,1,1
2,6,3,75,0.1,1,1,1,1,1,250.26,1,12,3,3,3,3,19,3,1,3,1
2,6,3,76,0.4,1,3,1,1,1,243.11,1,20,3,1,3,1,15,1,3,3,1
2,6,3,77,0.1,1,2,1,1,1,301.02,0,7,3,3,3,3,14,3,1,2,2
2,6,3,78,0.8,1,3,NaN,NaN,NaN,NaN,NaN,2,3,1,3,1,13,3,3,1,1
2,6,4,1,0.1,1,2,1,1,1,254.46,1,15,3,3,3,3,7,3,1,2,2
2,6,4,2,0.2,3,2,2,2,1,246.29,1,4,3,3,1,1,8,1,1,2,2
2,6,4,3,1.8,1,1,1,1,1,188.85,1,15,1,3,1,3,10,3,3,3,3
2,6,4,4,0.05,2,2,2,2,1,247.4,1,13,1,1,2,2,18,1,3,2,2
2,6,4,5,0.05,3,3,2,2,1,326.12,0,7,1,3,3,1,5,3,3,1,1
2,6,4,6,0.2,3,1,2,2,1,180.07,1,3,3,1,1,3,14,3,1,3,1
2,6,4,7,0.05,1,2,1,1,1,302.46,0,17,3,3,3,3,20,3,3,2,2
2,6,4,8,0.1,1,3,1,1,1,260.85,1,18,1,1,1,1,6,1,3,3,1
2,6,4,9,0.05,3,1,2,1,0,337.24,0,1,3,3,1,1,17,1,3,1,3
2,6,4,10,0.4,1,2,1,1,1,216.52,1,7,1,1,1,1,9,1,3,2,2
2,6,4,11,0.2,2,3,2,2,1,303.53,0,11,1,3,2,2,5,3,1,1,3
2,6,4,12,0.1,1,2,1,1,1,244.33,1,5,3,1,3,1,13,1,1,2,2
2,6,4,13,0.1,1,1,1,1,1,213.9,1,20,3,3,3,3,14,3,3,3,3
2,6,4,14,0.1,1,1,1,1,1,180.13,1,5,1,1,1,1,8,1,3,1,3
2,6,4,15,0.4,2,1,2,2,1,186.9,1,15,1,3,2,2,16,3,3,3,3
2,6,4,16,0.8,3,1,2,2,1,190.4,1,2,1,3,3,1,5,3,1,3,1
2,6,4,17,0.8,1,2,1,1,1,218.66,1,12,1,1,1,1,3,3,1,2,2
2,6,4,18,0.1,2,3,2,2,1,299.03,1,18,3,3,2,2,8,1,1,3,3
2,6,4,19,1.8,3,3,NaN,NaN,NaN,NaN,NaN,18,1,1,3,3,7,1,1,3,3
2,6,4,20,0.05,1,2,1,1,1,342.2,0,5,1,3,1,3,15,1,3,2,2
2,6,4,21,0.1,2,3,2,2,1,270.71,1,16,3,3,2,2,20,3,3,1,1
2,6,4,22,0.1,3,3,2,2,1,261.82,1,19,3,3,1,1,9,1,1,3,3
2,6,4,23,0.2,1,1,1,1,1,215.64,1,20,1,1,1,1,8,3,1,3,1
2,6,4,24,0.2,2,1,2,1,0,265.92,1,3,1,3,2,2,1,1,1,1,1
2,6,4,25,1.8,1,1,1,1,1,211.61,1,2,1,3,1,3,9,1,1,1,1
2,6,4,26,0.05,2,2,2,2,1,360.81,0,5,1,3,2,2,8,3,3,2,2
2,6,4,27,0.8,3,2,2,2,1,291.53,1,11,1,1,3,3,11,3,3,2,2
2,6,4,28,0.8,3,3,2,2,1,204.89,1,8,1,1,3,3,11,1,3,3,1
2,6,4,29,1.8,1,3,1,2,0,182.11,1,4,1,1,1,1,13,1,1,3,3
2,6,4,30,0.8,3,1,2,2,1,243.1,1,10,3,1,1,3,15,3,1,3,1
2,6,4,31,0.05,1,2,1,1,1,260.39,1,11,1,1,1,1,3,3,3,2,2
2,6,4,32,0.8,2,1,2,1,0,238.67,1,20,1,1,2,2,14,1,3,1,3
2,6,4,33,0.8,2,2,2,1,0,258.67,1,1,1,3,2,2,13,1,1,2,2
2,6,4,34,0.1,1,1,1,1,1,270.29,1,17,1,3,1,3,3,3,3,3,3
2,6,4,35,0.1,1,2,1,2,0,366.94,0,7,1,1,1,1,14,3,1,2,2
2,6,4,36,1.8,1,3,1,1,1,154.49,1,17,1,3,1,3,5,1,3,3,1
2,6,4,37,0.8,3,1,NaN,NaN,NaN,NaN,NaN,9,3,1,1,3,10,3,3,3,3
2,6,4,38,1.8,2,1,2,2,1,188.34,1,5,3,1,2,2,20,1,1,1,1
2,6,4,39,0.1,1,2,1,1,1,233.53,1,15,3,3,3,3,2,1,1,2,2
2,6,4,40,0.4,1,2,1,1,1,253.06,1,13,3,1,3,1,12,1,1,2,2
2,6,4,41,0.05,2,3,2,1,0,311.73,0,19,3,3,2,2,18,3,1,1,3
2,6,4,42,0.8,2,3,2,2,1,184.35,1,19,1,1,2,2,10,1,1,3,3
2,6,4,43,0.2,2,2,2,2,1,290.2,1,15,1,3,2,2,5,1,3,2,2
2,6,4,44,0.2,1,1,1,1,1,241.92,1,14,3,3,3,3,15,3,1,3,1
2,6,4,45,0.05,1,1,1,1,1,240.06,1,6,3,3,3,3,10,1,3,1,3
2,6,4,46,0.2,1,1,1,1,1,270.09,1,18,3,3,3,3,12,3,1,3,1
2,6,4,47,0.2,1,1,1,2,0,253.22,1,11,1,1,1,1,8,1,3,1,3
2,6,4,48,0.4,1,3,1,1,1,234.6,1,8,1,3,1,3,3,3,3,1,1
2,6,4,49,0.4,1,1,1,1,1,255.27,1,3,3,1,3,1,20,3,3,3,3
2,6,4,50,0.4,3,2,2,2,1,250.06,1,20,1,1,3,3,3,1,3,2,2
2,6,4,51,0.05,1,2,1,2,0,253.17,1,4,1,1,1,1,11,3,3,2,2
2,6,4,52,1.8,1,3,1,1,1,195.09,1,20,1,3,1,3,16,3,1,1,3
2,6,4,53,1.8,3,3,2,2,1,170.86,1,10,3,3,1,1,19,3,1,1,3
2,6,4,54,0.8,2,3,2,2,1,235.44,1,11,3,3,2,2,1,1,3,3,1
2,6,4,55,1.8,1,3,NaN,NaN,NaN,NaN,NaN,14,3,3,3,3,15,1,1,3,3
2,6,4,56,0.1,1,2,1,1,1,318.47,0,15,1,3,1,3,14,1,1,2,2
2,6,4,57,0.4,3,1,2,2,1,252.59,1,3,3,3,1,1,2,1,3,1,3
2,6,4,58,0.8,1,1,1,1,1,226.59,1,13,3,1,3,1,15,1,1,1,1
2,6,4,59,0.4,3,2,2,2,1,254.86,1,5,3,3,1,1,7,3,3,2,2
2,6,4,60,0.4,3,1,2,2,1,260.25,1,18,3,1,1,3,1,1,1,1,1
2,6,4,61,0.2,2,2,2,2,1,305.78,0,3,3,3,2,2,3,3,3,2,2
2,6,4,62,0.4,1,2,1,1,1,274.76,1,1,1,3,1,3,4,1,3,2,2
2,6,4,63,0.05,3,3,2,2,1,251.06,1,1,3,1,1,3,19,3,3,1,1
2,6,4,64,0.4,3,3,2,2,1,255.93,1,16,3,3,1,1,10,1,1,3,3
2,6,4,65,0.2,3,1,2,2,1,267.03,1,3,1,3,3,1,3,1,3,1,3
2,6,4,66,0.05,2,3,2,1,0,310.41,0,17,1,1,2,2,17,3,3,1,1
2,6,4,67,0.2,1,1,1,1,1,254.19,1,1,3,1,3,1,2,1,1,1,1
2,6,4,68,0.8,3,3,2,2,1,242.39,1,3,1,1,3,3,12,3,1,1,3
2,6,4,69,1.8,1,2,1,1,1,193.7,1,3,3,3,3,3,11,1,1,2,2
2,6,4,70,0.1,2,3,2,1,0,257.29,1,12,1,1,2,2,6,1,1,3,3
2,6,4,71,0.4,1,1,1,1,1,200.83,1,7,3,1,3,1,20,1,3,1,3
2,6,4,72,0.05,2,2,2,2,1,331.49,0,4,1,3,2,2,18,3,3,2,2
2,6,4,73,0.4,1,3,1,1,1,198.89,1,8,3,3,3,3,7,1,1,3,3
2,6,4,74,1.8,1,1,1,1,1,200.93,1,11,3,1,3,1,8,3,1,3,1
2,6,4,75,0.8,1,1,1,1,1,213.01,1,10,3,3,3,3,6,1,1,1,1
2,6,4,76,1.8,1,3,1,1,1,191.32,1,12,1,1,1,1,2,3,1,1,3
2,6,4,77,0.2,3,1,2,2,1,203.87,1,8,1,3,3,1,18,3,1,3,1
2,6,4,78,1.8,1,1,1,1,1,231.11,1,19,3,1,3,1,11,1,3,1,3
2,6,5,1,0.8,3,1,2,2,1,264.72,1,7,3,3,1,1,5,3,3,3,3
2,6,5,2,0.4,1,3,1,1,1,217.32,1,19,3,1,3,1,20,1,1,3,3
2,6,5,3,0.05,1,2,1,1,1,256.06,1,16,1,3,1,3,8,1,3,2,2
2,6,5,4,0.2,1,1,1,1,1,245.68,1,2,1,1,1,1,13,1,3,1,3
2,6,5,5,1.8,1,3,1,1,1,196.41,1,15,1,3,1,3,20,3,3,1,1
2,6,5,6,0.2,1,2,1,1,1,250.43,1,3,1,3,1,3,15,3,3,2,2
2,6,5,7,0.8,3,2,2,2,1,191.83,1,3,1,3,3,1,16,3,3,2,2
2,6,5,8,0.4,2,1,2,1,0,262.55,1,6,3,1,2,2,17,1,3,1,3
2,6,5,9,0.05,3,3,2,2,1,260.38,1,11,3,1,1,3,10,1,1,3,3
2,6,5,10,0.2,3,2,2,2,1,284.13,1,7,3,1,1,3,4,3,3,2,2
2,6,5,11,0.8,3,2,2,2,1,208.9,1,8,3,1,1,3,17,1,1,2,2
2,6,5,12,0.2,3,3,2,2,1,269,1,1,3,3,1,1,12,1,1,3,3
2,6,5,13,0.1,1,3,1,1,1,221.55,1,17,3,3,3,3,2,1,1,3,3
2,6,5,14,0.4,1,2,NaN,NaN,NaN,NaN,NaN,12,3,3,3,3,16,3,3,2,2
2,6,5,15,0.2,1,1,1,1,1,253.78,1,11,3,3,3,3,13,1,3,1,3
2,6,5,16,0.1,1,1,1,2,0,283.55,1,14,1,3,1,3,11,1,3,1,3
2,6,5,17,0.2,2,1,2,2,1,263,1,18,1,1,2,2,14,1,1,1,1
2,6,5,18,0.1,2,2,2,1,0,318.68,0,12,1,1,2,2,7,1,1,2,2
2,6,5,19,0.1,2,3,2,2,1,179.79,1,18,3,3,2,2,2,1,1,3,3
2,6,5,20,0.05,1,3,1,1,1,267.33,1,3,3,3,3,3,5,1,1,3,3
2,6,5,21,0.4,1,3,1,1,1,232.32,1,3,3,1,3,1,12,3,3,1,1
2,6,5,22,1.8,1,3,1,1,1,194.79,1,14,1,3,1,3,2,1,1,3,3
2,6,5,23,0.8,2,2,2,1,0,219.06,1,1,3,1,2,2,3,1,1,2,2
2,6,5,24,0.1,1,1,1,1,1,297.6,1,12,3,3,3,3,19,1,1,1,1
2,6,5,25,1.8,2,2,2,2,1,251.32,1,14,3,1,2,2,19,1,3,2,2
2,6,5,26,0.2,1,2,1,1,1,262.74,1,13,3,3,3,3,9,3,1,2,2
2,6,5,27,0.1,1,2,1,1,1,246.72,1,3,3,1,3,1,16,1,1,2,2
2,6,5,28,1.8,2,1,2,2,1,77.689,2,5,1,1,2,2,11,1,3,1,3
2,6,5,29,0.2,2,2,2,2,1,250.79,1,2,3,1,2,2,9,1,3,2,2
2,6,5,30,0.1,2,3,2,2,1,296.01,1,13,3,3,2,2,5,1,3,3,1
2,6,5,31,0.05,1,3,1,1,1,271.19,1,14,1,3,1,3,15,1,3,3,1
2,6,5,32,1.8,2,1,2,2,1,215.94,1,18,3,3,2,2,18,1,3,1,3
2,6,5,33,1.8,3,3,2,2,1,182.83,1,17,1,1,3,3,10,1,1,3,3
2,6,5,34,0.2,2,2,2,2,1,325.13,0,3,1,3,2,2,3,1,3,2,2
2,6,5,35,0.1,1,3,1,1,1,338.59,0,19,3,3,3,3,20,3,1,1,3
2,6,5,36,0.8,1,2,1,1,1,190.89,1,2,1,3,1,3,10,1,1,2,2
2,6,5,37,0.4,3,3,2,2,1,258.39,1,17,3,1,1,3,12,3,3,1,1
2,6,5,38,0.4,1,1,1,1,1,248.08,1,3,1,3,1,3,17,1,1,1,1
2,6,5,39,0.2,2,2,2,2,1,258.29,1,5,3,3,2,2,1,3,3,2,2
2,6,5,40,1.8,1,3,1,1,1,213.9,1,4,1,3,1,3,16,3,3,1,1
2,6,5,41,0.05,1,3,1,1,1,293.89,1,18,1,3,1,3,8,1,1,3,3
2,6,5,42,0.4,2,2,2,1,0,289.36,1,1,3,1,2,2,10,3,1,2,2
2,6,5,43,0.05,2,3,2,2,1,299.61,1,7,3,1,2,2,4,1,1,3,3
2,6,5,44,0.2,2,2,2,2,1,412.89,0,20,3,3,2,2,18,1,3,2,2
2,6,5,45,0.8,3,1,2,2,1,255.7,1,15,1,3,3,1,12,3,3,3,3
2,6,5,46,1.8,1,3,1,1,1,238.11,1,11,3,3,3,3,7,3,3,1,1
2,6,5,47,0.05,2,2,2,2,1,260.13,1,5,1,3,2,2,20,1,1,2,2
2,6,5,48,1.8,2,1,2,2,1,199.34,1,2,3,3,2,2,20,1,3,1,3
2,6,5,49,0.05,3,1,2,2,1,329.06,0,4,3,1,1,3,5,1,3,1,3
2,6,5,50,1.8,1,3,1,1,1,189.06,1,12,3,1,3,1,3,1,1,3,3
2,6,5,51,0.05,2,3,2,2,1,285.78,1,20,3,3,2,2,10,3,3,1,1
2,6,5,52,0.8,2,2,2,2,1,210.26,1,16,3,1,2,2,16,1,3,2,2
2,6,5,53,1.8,1,3,NaN,NaN,NaN,NaN,NaN,15,3,1,3,1,6,1,3,3,1
2,6,5,54,0.05,2,1,2,2,1,271.26,1,9,3,3,2,2,3,3,3,3,3
2,6,5,55,0.4,2,3,2,2,1,270.86,1,15,3,3,2,2,11,1,1,3,3
2,6,5,56,0.4,2,3,2,2,1,334.88,0,2,1,3,2,2,13,1,3,3,1
2,6,5,57,0.8,1,3,1,1,1,249.23,1,3,3,3,3,3,10,1,3,3,1
2,6,5,58,0.4,3,1,2,2,1,234.05,1,2,1,1,3,3,11,1,3,1,3
2,6,5,59,0.4,1,3,1,1,1,259.41,1,7,1,1,1,1,10,3,3,1,1
2,6,5,60,0.2,1,2,1,1,1,213.58,1,2,1,1,1,1,19,3,1,2,2
2,6,5,61,0.1,1,2,1,1,1,318.52,0,14,1,1,1,1,19,3,1,2,2
2,6,5,62,0.2,2,1,2,2,1,354.17,0,15,1,3,2,2,17,3,1,3,1
2,6,5,63,0.05,1,2,1,1,1,278.43,1,1,3,3,3,3,6,1,1,2,2
2,6,5,64,0.1,3,3,2,2,1,264.53,1,11,1,1,3,3,4,3,3,1,1
2,6,5,65,0.8,3,2,2,2,1,274.45,1,4,3,1,1,3,8,3,1,2,2
2,6,5,66,0.05,2,1,2,1,0,369.35,0,12,1,3,2,2,11,3,1,3,1
2,6,5,67,0.8,2,2,2,2,1,205.59,1,1,1,3,2,2,14,1,3,2,2
2,6,5,68,0.4,1,2,1,1,1,212.44,1,13,1,3,1,3,16,3,1,2,2
2,6,5,69,1.8,3,3,2,2,1,206.37,1,11,1,3,3,1,16,1,3,3,1
2,6,5,70,0.8,3,1,2,2,1,269.9,1,5,1,1,3,3,9,1,3,1,3
2,6,5,71,0.1,1,2,1,1,1,327.7,0,4,3,3,3,3,1,1,3,2,2
2,6,5,72,0.1,2,3,2,2,1,345.72,0,2,1,3,2,2,16,3,3,1,1
2,6,5,73,1.8,1,3,1,1,1,205.8,1,11,1,1,1,1,5,3,1,1,3
2,6,5,74,0.1,1,1,1,1,1,264.23,1,12,1,1,1,1,11,1,1,1,1
2,6,5,75,0.05,3,2,2,2,1,330.15,0,2,3,1,1,3,12,3,3,2,2
2,6,5,76,0.4,2,3,2,1,0,239.06,1,12,3,3,2,2,13,1,1,3,3
2,6,5,77,0.8,3,3,2,2,1,241.28,1,3,3,3,1,1,1,3,1,1,3
2,6,5,78,0.8,1,3,1,1,1,216.23,1,16,3,1,3,1,15,3,1,1,3
2,6,6,1,0.8,3,2,2,2,1,259.1,1,8,1,3,3,1,3,3,3,2,2
2,6,6,2,0.05,3,2,2,1,0,293.32,1,1,1,1,3,3,9,3,1,2,2
2,6,6,3,0.1,3,1,2,2,1,227.8,1,16,1,1,3,3,18,3,3,3,3
2,6,6,4,1.8,2,1,NaN,NaN,NaN,NaN,NaN,12,1,1,2,2,11,1,1,1,1
2,6,6,5,0.1,3,2,2,2,1,242.16,1,8,1,3,3,1,9,1,1,2,2
2,6,6,6,0.8,1,2,1,1,1,206.27,1,18,3,3,3,3,18,3,3,2,2
2,6,6,7,0.4,1,2,1,1,1,236.01,1,9,3,1,3,1,19,3,3,2,2
2,6,6,8,0.05,1,3,1,1,1,290.21,1,8,3,3,3,3,7,1,3,3,1
2,6,6,9,1.8,2,3,2,2,1,197.27,1,20,1,1,2,2,9,1,1,3,3
2,6,6,10,1.8,2,2,NaN,NaN,NaN,NaN,NaN,3,1,1,2,2,3,3,3,2,2
2,6,6,11,0.1,1,3,1,1,1,277.05,1,10,1,1,1,1,13,3,3,1,1
2,6,6,12,0.4,1,1,1,1,1,261.82,1,8,3,3,3,3,7,1,1,1,1
2,6,6,13,0.05,3,2,2,2,1,319.39,0,8,3,3,1,1,17,3,3,2,2
2,6,6,14,1.8,3,3,2,2,1,190.01,1,5,1,1,3,3,2,3,1,1,3
2,6,6,15,0.2,2,1,2,2,1,274.7,1,20,1,1,2,2,10,1,1,1,1
2,6,6,16,0.05,2,1,2,1,0,330.88,0,11,3,1,2,2,7,1,1,1,1
2,6,6,17,0.4,2,3,2,2,1,258.87,1,15,1,3,2,2,16,1,1,3,3
2,6,6,18,0.2,3,1,2,2,1,309.85,0,5,1,1,3,3,15,1,3,1,3
2,6,6,19,1.8,2,1,2,2,1,229.08,1,6,3,3,2,2,12,1,1,1,1
2,6,6,20,0.05,1,3,1,1,1,293.33,1,20,3,3,3,3,16,3,3,1,1
2,6,6,21,1.8,2,3,2,2,1,236.52,1,16,1,1,2,2,11,3,1,1,3
2,6,6,22,1.8,1,1,1,1,1,215.56,1,17,3,3,3,3,2,3,3,3,3
2,6,6,23,0.1,1,1,1,1,1,273.05,1,12,3,3,3,3,2,1,1,1,1
2,6,6,24,0.1,2,2,2,1,0,295.59,1,2,3,1,2,2,17,3,1,2,2
2,6,6,25,0.2,3,2,2,2,1,339.27,0,7,1,1,3,3,3,3,3,2,2
2,6,6,26,0.4,1,2,1,1,1,286.66,1,18,1,3,1,3,14,1,1,2,2
2,6,6,27,0.1,3,3,2,2,1,368.66,0,16,3,3,1,1,16,1,3,3,1
2,6,6,28,0.2,1,1,1,1,1,312.5,0,11,1,3,1,3,3,3,1,3,1
2,6,6,29,0.2,1,1,1,1,1,154.93,1,12,1,3,1,3,7,1,1,1,1
2,6,6,30,0.8,1,3,1,1,1,208.01,1,15,3,3,3,3,18,3,1,1,3
2,6,6,31,0.1,1,1,1,1,1,327.14,0,14,1,1,1,1,3,1,3,1,3
2,6,6,32,1.8,2,2,2,2,1,219.31,1,7,3,3,2,2,17,3,1,2,2
2,6,6,33,0.2,1,2,1,1,1,352.91,0,5,3,3,3,3,4,1,3,2,2
2,6,6,34,0.2,1,1,1,1,1,122.97,1,19,3,1,3,1,15,1,3,1,3
2,6,6,35,0.8,1,1,1,1,1,240.19,1,5,3,1,3,1,12,3,3,3,3
2,6,6,36,0.8,1,2,1,1,1,242.28,1,7,1,3,1,3,6,3,3,2,2
2,6,6,37,0.4,1,2,1,1,1,273,1,10,1,1,1,1,1,1,1,2,2
2,6,6,38,0.2,1,1,1,1,1,331.32,0,20,3,3,3,3,4,3,3,3,3
2,6,6,39,0.05,2,2,2,2,1,333.34,0,15,3,1,2,2,13,3,3,2,2
2,6,6,40,0.8,1,2,1,1,1,276.64,1,11,1,1,1,1,8,3,1,2,2
2,6,6,41,0.4,1,3,1,1,1,433.93,0,5,1,1,1,1,8,3,3,1,1
2,6,6,42,1.8,3,3,2,2,1,231.46,1,7,1,1,3,3,10,1,3,3,1
2,6,6,43,0.1,1,1,1,1,1,307.86,0,17,1,3,1,3,1,3,1,3,1
2,6,6,44,0.05,1,1,1,1,1,261.64,1,5,3,1,3,1,18,3,3,3,3
2,6,6,45,0.8,1,2,1,1,1,238.81,1,20,3,1,3,1,15,1,3,2,2
2,6,6,46,0.8,1,2,1,1,1,206.92,1,19,3,3,3,3,19,1,1,2,2
2,6,6,47,0.1,1,3,1,1,1,298.86,1,13,1,1,1,1,4,3,3,1,1
2,6,6,48,0.4,2,1,2,2,1,224.91,1,14,1,3,2,2,19,3,1,3,1
2,6,6,49,0.8,1,3,1,1,1,244.02,1,15,3,1,3,1,17,1,1,3,3
2,6,6,50,0.8,1,3,1,1,1,228.47,1,20,1,3,1,3,5,1,1,3,3
2,6,6,51,0.05,2,2,2,2,1,330.43,0,7,3,3,2,2,9,1,1,2,2
2,6,6,52,0.2,1,1,1,1,1,236.68,1,16,1,3,1,3,8,3,3,3,3
2,6,6,53,1.8,1,1,1,1,1,251.2,1,18,1,1,1,1,12,3,1,3,1
2,6,6,54,0.1,1,3,1,1,1,262.19,1,9,1,3,1,3,7,1,1,3,3
2,6,6,55,1.8,1,1,1,1,1,226.54,1,20,3,1,3,1,11,3,3,3,3
2,6,6,56,0.1,2,3,2,2,1,386.7,0,5,3,1,2,2,3,1,1,3,3
2,6,6,57,0.4,1,1,1,1,1,249.91,1,3,1,1,1,1,7,1,1,1,1
2,6,6,58,0.1,1,1,1,1,1,315.64,0,16,1,1,1,1,14,1,1,1,1
2,6,6,59,0.05,1,2,1,2,0,377.55,0,6,3,1,3,1,7,3,3,2,2
2,6,6,60,0.05,3,2,2,2,1,317.24,0,14,1,1,3,3,5,1,3,2,2
2,6,6,61,0.4,2,1,2,1,0,239.29,1,17,3,1,2,2,4,1,1,1,1
2,6,6,62,0.8,1,3,1,1,1,263,1,14,3,3,3,3,4,3,1,1,3
2,6,6,63,0.2,1,2,1,1,1,278.16,1,12,1,3,1,3,20,1,3,2,2
2,6,6,64,0.4,1,1,1,1,1,225.19,1,18,1,1,1,1,17,1,1,1,1
2,6,6,65,0.4,1,3,1,1,1,268.78,1,4,1,1,1,1,5,3,3,1,1
2,6,6,66,0.2,3,2,2,2,1,312.25,0,3,1,3,3,1,1,1,1,2,2
2,6,6,67,1.8,1,3,1,1,1,255.97,1,3,3,3,3,3,13,1,1,3,3
2,6,6,68,0.05,1,3,1,1,1,298.42,1,6,1,1,1,1,5,1,3,3,1
2,6,6,69,0.4,1,3,1,1,1,276.25,1,7,3,3,3,3,3,3,1,1,3
2,6,6,70,0.4,1,3,1,1,1,210.93,1,12,1,1,1,1,15,3,3,1,1
2,6,6,71,1.8,3,1,2,2,1,240.92,1,5,1,1,3,3,19,1,3,1,3
2,6,6,72,0.2,3,3,2,2,1,334.75,0,12,1,1,3,3,7,1,1,3,3
2,6,6,73,0.8,1,3,1,1,1,219.81,1,11,3,1,3,1,15,3,1,1,3
2,6,6,74,0.8,1,1,1,2,0,239.1,1,4,3,1,3,1,20,3,1,3,1
2,6,6,75,0.1,2,2,2,1,0,334.62,0,13,3,3,2,2,6,3,3,2,2
2,6,6,76,0.05,3,2,2,2,1,309.62,0,10,3,1,1,3,6,3,3,2,2
2,6,6,77,0.2,1,2,1,1,1,210.29,1,10,3,1,3,1,4,1,3,2,2
2,6,6,78,0.05,3,3,2,2,1,258.71,1,11,3,1,1,3,17,3,3,1,1
2,6,7,1,0.8,3,2,2,2,1,214.47,1,18,3,3,1,1,15,3,3,2,2
2,6,7,2,0.2,1,2,1,1,1,262.12,1,13,3,1,3,1,17,1,3,2,2
2,6,7,3,0.05,2,2,2,2,1,331.23,0,15,1,1,2,2,17,3,1,2,2
2,6,7,4,0.05,2,2,2,1,0,283.1,1,18,3,3,2,2,16,3,1,2,2
2,6,7,5,0.05,3,3,2,2,1,309.25,0,4,1,1,3,3,20,3,1,1,3
2,6,7,6,0.05,2,1,2,2,1,267.68,1,12,1,3,2,2,19,1,1,1,1
2,6,7,7,0.05,2,3,2,1,0,278.06,1,12,1,3,2,2,11,1,3,3,1
2,6,7,8,0.8,1,2,1,1,1,261.33,1,7,1,3,1,3,9,1,1,2,2
2,6,7,9,1.8,1,2,1,1,1,203.4,1,5,1,3,1,3,3,1,1,2,2
2,6,7,10,0.2,3,2,2,2,1,320.16,0,18,1,1,3,3,10,1,1,2,2
2,6,7,11,1.8,1,3,1,1,1,227.59,1,14,3,3,3,3,11,1,1,3,3
2,6,7,12,0.8,1,3,1,1,1,274.9,1,2,3,1,3,1,17,3,3,1,1
2,6,7,13,1.8,3,2,2,1,0,235.12,1,12,1,1,3,3,2,3,1,2,2
2,6,7,14,0.4,1,3,1,1,1,298.5,1,16,3,1,3,1,20,1,1,3,3
2,6,7,15,0.8,1,1,1,1,1,209.02,1,14,3,1,3,1,17,1,1,1,1
2,6,7,16,0.2,2,2,2,2,1,292,1,7,1,1,2,2,19,3,3,2,2
2,6,7,17,0.4,1,2,1,1,1,259.83,1,12,3,1,3,1,12,1,3,2,2
2,6,7,18,0.1,1,1,1,1,1,290.39,1,19,1,3,1,3,6,1,1,1,1
2,6,7,19,0.05,1,2,1,1,1,297.29,1,19,1,3,1,3,15,1,3,2,2
2,6,7,20,0.05,1,1,1,1,1,262.57,1,20,3,3,3,3,15,3,3,3,3
2,6,7,21,0.1,2,2,2,1,0,285.75,1,14,1,1,2,2,18,3,3,2,2
2,6,7,22,0.4,1,3,1,1,1,249.36,1,18,1,1,1,1,9,1,3,3,1
2,6,7,23,0.1,1,3,1,1,1,281.99,1,1,3,1,3,1,14,3,1,1,3
2,6,7,24,0.2,1,2,1,1,1,217.46,1,7,3,1,3,1,9,3,1,2,2
2,6,7,25,0.4,2,1,2,2,1,262.09,1,10,3,3,2,2,20,3,3,3,3
2,6,7,26,0.8,1,3,1,1,1,244.84,1,2,3,3,3,3,13,3,3,1,1
2,6,7,27,0.2,2,3,2,2,1,335.3,0,18,3,3,2,2,15,1,1,3,3
2,6,7,28,0.8,1,2,1,1,1,287.7,1,12,3,3,3,3,10,3,1,2,2
2,6,7,29,0.8,2,1,2,1,0,253.63,1,10,1,1,2,2,1,3,1,3,1
2,6,7,30,0.4,2,3,2,2,1,252.93,1,14,1,3,2,2,6,3,3,1,1
2,6,7,31,0.8,3,2,2,2,1,264.23,1,5,3,1,1,3,15,3,3,2,2
2,6,7,32,1.8,2,3,2,1,0,212.04,1,12,3,3,2,2,14,3,1,1,3
2,6,7,33,0.2,1,3,1,1,1,201.62,1,5,1,1,1,1,12,3,1,1,3
2,6,7,34,0.05,2,3,2,2,1,270.52,1,16,1,1,2,2,12,1,3,3,1
2,6,7,35,1.8,1,2,1,1,1,212.01,1,12,3,3,3,3,5,1,1,2,2
2,6,7,36,0.4,3,3,2,2,1,27.078,2,16,3,3,1,1,17,1,3,3,1
2,6,7,37,1.8,2,1,2,2,1,179.94,1,7,3,1,2,2,8,1,1,1,1
2,6,7,38,1.8,3,3,2,2,1,186.47,1,7,3,3,1,1,1,3,1,1,3
2,6,7,39,1.8,2,2,2,2,1,252.56,1,9,3,3,2,2,13,3,3,2,2
2,6,7,40,0.4,3,1,2,2,1,255.73,1,4,1,3,3,1,17,3,1,3,1
2,6,7,41,0.4,1,2,1,1,1,274.35,1,16,1,1,1,1,9,1,1,2,2
2,6,7,42,0.05,3,2,2,2,1,341.93,0,5,3,1,1,3,1,3,3,2,2
2,6,7,43,0.2,1,1,1,1,1,308.85,0,19,1,3,1,3,2,1,1,1,1
2,6,7,44,0.8,1,3,1,1,1,204.97,1,3,1,3,1,3,4,3,1,1,3
2,6,7,45,0.4,2,1,2,2,1,236.72,1,7,1,1,2,2,8,3,3,3,3
2,6,7,46,0.1,1,2,1,1,1,258.64,1,15,1,3,1,3,19,1,3,2,2
2,6,7,47,0.1,1,2,1,1,1,253.31,1,1,1,1,1,1,15,3,1,2,2
2,6,7,48,0.4,1,3,1,1,1,231.64,1,13,3,3,3,3,11,1,1,3,3
2,6,7,49,1.8,2,1,2,2,1,253.8,1,7,1,1,2,2,14,1,1,1,1
2,6,7,50,0.8,2,1,2,2,1,238.62,1,2,3,1,2,2,13,3,3,3,3
2,6,7,51,0.05,1,2,1,1,1,356.75,0,7,1,3,1,3,12,3,1,2,2
2,6,7,52,0.1,1,1,1,1,1,272.13,1,8,1,1,1,1,2,3,3,3,3
2,6,7,53,0.2,3,2,2,2,1,298.14,1,19,1,1,3,3,10,1,3,2,2
2,6,7,54,0.4,3,2,2,2,1,242.42,1,14,1,3,3,1,11,3,3,2,2
2,6,7,55,0.1,1,3,1,1,1,257.23,1,5,3,1,3,1,14,1,3,3,1
2,6,7,56,1.8,1,1,1,1,1,197.6,1,10,1,1,1,1,7,1,1,1,1
2,6,7,57,0.05,3,3,2,2,1,322.96,0,3,1,3,3,1,12,1,3,3,1
2,6,7,58,0.1,1,2,1,1,1,269.97,1,4,1,1,1,1,14,1,1,2,2
2,6,7,59,0.2,1,3,1,1,1,248.46,1,2,3,3,3,3,3,3,1,1,3
2,6,7,60,0.2,1,2,1,1,1,266.93,1,8,3,1,3,1,9,3,1,2,2
2,6,7,61,0.1,3,2,2,2,1,328.02,0,8,3,3,1,1,2,1,1,2,2
2,6,7,62,0.2,3,1,2,2,1,261.23,1,6,1,1,3,3,5,1,3,1,3
2,6,7,63,0.1,2,2,2,2,1,264.21,1,13,3,3,2,2,13,1,3,2,2
2,6,7,64,0.1,3,1,2,2,1,269.59,1,10,1,3,3,1,7,1,3,1,3
2,6,7,65,0.2,1,2,1,1,1,208.52,1,6,3,3,3,3,11,1,3,2,2
2,6,7,66,0.8,2,2,2,1,0,197.95,1,5,1,3,2,2,7,1,3,2,2
2,6,7,67,0.8,1,2,1,1,1,201.61,1,2,1,3,1,3,16,1,1,2,2
2,6,7,68,1.8,1,1,1,1,1,214.98,1,17,1,1,1,1,12,1,3,1,3
2,6,7,69,0.1,3,3,2,2,1,262.44,1,18,1,3,3,1,7,3,3,1,1
2,6,7,70,0.8,1,1,1,1,1,232.25,1,6,1,3,1,3,17,1,1,1,1
2,6,7,71,0.05,1,2,1,1,1,271.66,1,9,1,1,1,1,3,3,1,2,2
2,6,7,72,0.05,1,2,1,1,1,313.46,0,7,3,3,3,3,10,1,3,2,2
2,6,7,73,0.4,1,3,1,1,1,258.85,1,9,3,3,3,3,2,3,3,1,1
2,6,7,74,0.4,1,3,1,1,1,238.72,1,3,3,1,3,1,12,3,3,1,1
2,6,7,75,1.8,3,1,2,2,1,189.82,1,13,1,1,3,3,16,3,3,3,3
2,6,7,76,0.2,1,2,1,1,1,251.79,1,10,1,1,1,1,18,1,3,2,2
2,6,7,77,1.8,3,1,2,2,1,204.03,1,6,3,3,1,1,15,1,1,1,1
2,6,7,78,0.1,3,2,2,2,1,267.61,1,1,3,3,1,1,13,3,3,2,2
2,6,8,1,0.8,3,2,2,2,1,210.57,1,14,1,1,3,3,20,3,1,2,2
2,6,8,2,0.1,3,1,2,2,1,377.15,0,19,3,1,1,3,9,1,3,1,3
2,6,8,3,0.2,3,3,2,2,1,230.69,1,15,1,3,3,1,17,3,1,1,3
2,6,8,4,0.1,3,2,2,2,1,305.41,0,10,3,3,1,1,3,1,3,2,2
2,6,8,5,0.8,1,1,1,1,1,221.06,1,12,3,1,3,1,20,1,1,1,1
2,6,8,6,0.4,3,2,2,2,1,250.08,1,20,1,3,3,1,4,3,3,2,2
2,6,8,7,1.8,1,2,1,1,1,203.7,1,1,3,3,3,3,2,1,1,2,2
2,6,8,8,0.1,1,3,1,1,1,285.53,1,2,3,3,3,3,15,1,1,3,3
2,6,8,9,0.2,1,3,1,1,1,264.33,1,12,1,1,1,1,4,3,1,1,3
2,6,8,10,0.05,2,3,2,1,0,291.67,1,20,3,3,2,2,11,1,3,3,1
2,6,8,11,1.8,2,3,2,2,1,182.06,1,17,1,3,2,2,20,1,1,3,3
2,6,8,12,0.4,2,1,2,1,0,327.35,0,10,1,1,2,2,19,1,1,1,1
2,6,8,13,1.8,3,2,2,2,1,192.15,1,7,1,3,3,1,2,3,1,2,2
2,6,8,14,0.8,2,1,2,2,1,240.07,1,15,3,1,2,2,12,3,3,3,3
2,6,8,15,0.05,1,2,1,1,1,304.68,0,1,1,3,1,3,17,3,3,2,2
2,6,8,16,0.05,1,2,1,1,1,293.2,1,1,1,3,1,3,6,3,1,2,2
2,6,8,17,1.8,1,3,1,1,1,209.54,1,14,3,3,3,3,19,3,1,1,3
2,6,8,18,0.2,1,2,1,1,1,327.8,0,15,1,1,1,1,12,3,3,2,2
2,6,8,19,0.1,2,2,2,1,0,287.33,1,20,1,1,2,2,12,3,3,2,2
2,6,8,20,0.8,1,1,1,1,1,244.1,1,13,3,1,3,1,2,3,3,3,3
2,6,8,21,0.8,1,2,1,1,1,236.32,1,6,1,3,1,3,1,3,1,2,2
2,6,8,22,0.05,1,3,1,1,1,275.42,1,9,1,1,1,1,20,1,1,3,3
2,6,8,23,1.8,3,2,2,2,1,187.63,1,16,1,1,3,3,19,1,3,2,2
2,6,8,24,0.2,3,1,2,2,1,291.87,1,17,3,1,1,3,12,3,3,3,3
2,6,8,25,0.2,2,3,2,2,1,225.01,1,13,1,3,2,2,12,1,3,3,1
2,6,8,26,0.4,2,3,2,2,1,234.31,1,11,1,3,2,2,1,1,3,3,1
2,6,8,27,0.4,2,3,2,1,0,209.44,1,3,3,3,2,2,5,3,1,1,3
2,6,8,28,0.05,3,3,2,2,1,316.53,0,5,1,1,3,3,14,1,1,3,3
2,6,8,29,0.4,1,1,1,1,1,214.81,1,6,1,3,1,3,16,3,3,3,3
2,6,8,30,0.1,3,2,2,2,1,210.72,1,1,1,1,3,3,17,1,3,2,2
2,6,8,31,0.4,1,3,1,1,1,241.76,1,7,3,3,3,3,20,3,1,1,3
2,6,8,32,0.2,1,2,1,1,1,286.64,1,9,1,1,1,1,4,3,3,2,2
2,6,8,33,0.1,1,1,1,1,1,257.1,1,15,3,1,3,1,13,3,1,3,1
2,6,8,34,1.8,1,2,1,1,1,211.35,1,8,3,3,3,3,15,1,1,2,2
2,6,8,35,0.1,3,1,2,2,1,251.49,1,15,1,3,3,1,1,3,3,3,3
2,6,8,36,0.4,1,3,1,2,0,262.73,1,11,3,3,3,3,9,1,1,3,3
2,6,8,37,1.8,1,3,1,1,1,211.52,1,8,3,1,3,1,16,1,1,3,3
2,6,8,38,0.2,1,1,1,1,1,167.49,1,1,3,3,3,3,14,3,3,3,3
2,6,8,39,1.8,2,1,NaN,NaN,NaN,NaN,NaN,6,1,3,2,2,5,3,1,3,1
2,6,8,40,0.1,3,2,2,2,1,248.03,1,8,1,3,3,1,13,3,1,2,2
2,6,8,41,0.2,1,3,1,1,1,275.51,1,19,3,3,3,3,4,3,3,1,1
2,6,8,42,0.8,3,1,2,2,1,252.24,1,16,3,3,1,1,5,3,3,3,3
2,6,8,43,0.8,1,1,1,1,1,231.65,1,1,1,3,1,3,17,1,3,1,3
2,6,8,44,0.05,2,2,2,1,0,319.24,0,4,1,1,2,2,8,1,1,2,2
2,6,8,45,0.05,3,3,2,2,1,305.31,0,18,3,3,1,1,1,3,3,1,1
2,6,8,46,0.05,1,1,1,1,1,256.63,1,3,3,3,3,3,19,3,3,3,3
2,6,8,47,0.8,1,3,1,1,1,212.48,1,6,1,1,1,1,13,3,3,1,1
2,6,8,48,0.05,1,1,1,2,0,297.9,1,6,3,3,3,3,18,1,3,1,3
2,6,8,49,0.8,3,3,2,2,1,191.12,1,6,1,3,3,1,9,1,3,3,1
2,6,8,50,0.2,1,3,1,1,1,208.28,1,10,1,3,1,3,7,3,1,1,3
2,6,8,51,0.1,1,1,1,1,1,258.95,1,4,3,1,3,1,16,3,1,3,1
2,6,8,52,0.1,2,3,2,2,1,316.42,0,13,1,3,2,2,7,1,3,3,1
2,6,8,53,0.1,2,2,2,1,0,238.6,1,12,1,1,2,2,1,3,1,2,2
2,6,8,54,0.4,3,3,2,2,1,253.02,1,10,1,1,3,3,16,1,3,3,1
2,6,8,55,1.8,2,1,2,2,1,292.3,1,8,3,3,2,2,4,1,3,1,3
2,6,8,56,0.8,3,1,2,2,1,286.85,1,4,3,1,1,3,5,1,3,1,3
2,6,8,57,0.8,3,3,2,2,1,185.56,1,13,3,1,1,3,20,1,3,3,1
2,6,8,58,0.4,1,1,1,1,1,273.45,1,4,3,3,3,3,1,1,3,1,3
2,6,8,59,0.1,1,1,1,1,1,270.4,1,20,1,1,1,1,6,3,1,3,1
2,6,8,60,0.2,2,3,2,2,1,271.95,1,9,3,3,2,2,16,3,3,1,1
2,6,8,61,1.8,1,1,1,1,1,238.79,1,12,3,1,3,1,19,1,1,1,1
2,6,8,62,1.8,2,2,2,2,1,207.2,1,8,3,3,2,2,16,1,1,2,2
2,6,8,63,1.8,1,3,1,1,1,220.37,1,11,3,3,3,3,9,3,3,1,1
2,6,8,64,0.1,3,3,2,2,1,278.58,1,17,1,1,3,3,20,1,1,3,3
2,6,8,65,0.05,1,2,1,1,1,285.57,1,9,1,3,1,3,15,3,1,2,2
2,6,8,66,0.2,3,1,2,2,1,261.54,1,15,1,3,3,1,13,1,3,1,3
2,6,8,67,0.8,2,1,2,2,1,272.68,1,7,3,1,2,2,9,1,3,1,3
2,6,8,68,0.8,3,3,2,2,1,195.87,1,15,1,1,3,3,8,3,1,1,3
2,6,8,69,0.4,1,1,1,1,1,259.13,1,9,3,1,3,1,5,1,1,1,1
2,6,8,70,0.2,3,2,2,1,0,206.45,1,1,3,3,1,1,8,3,3,2,2
2,6,8,71,0.4,3,2,2,2,1,247.73,1,17,3,3,1,1,14,3,1,2,2
2,6,8,72,1.8,2,1,2,1,0,199.2,1,12,1,1,2,2,9,1,3,1,3
2,6,8,73,0.2,1,1,1,1,1,223.92,1,7,1,1,1,1,11,3,3,3,3
2,6,8,74,0.4,1,3,NaN,NaN,NaN,NaN,NaN,4,1,1,1,1,18,3,1,1,3
2,6,8,75,0.05,1,1,1,1,1,283.67,1,7,1,1,1,1,15,1,3,1,3
2,6,8,76,0.4,1,1,1,1,1,291.12,1,14,3,3,3,3,12,3,3,3,3
2,6,8,77,0.05,3,1,2,2,1,314.39,0,5,1,1,3,3,9,1,1,1,1
2,6,8,78,0.05,1,1,1,1,1,272.14,1,2,1,3,1,3,2,3,1,3,1
2,6,9,1,0.8,1,3,1,1,1,246.56,1,13,3,1,3,1,5,3,1,1,3
2,6,9,2,0.8,1,1,1,2,0,238.41,1,11,3,1,3,1,19,3,1,3,1
2,6,9,3,0.05,3,3,2,2,1,330.58,0,16,3,3,1,1,16,3,3,1,1
2,6,9,4,0.1,2,3,2,2,1,302.5,0,20,1,1,2,2,4,3,3,1,1
2,6,9,5,0.05,2,1,2,1,0,272.04,1,9,3,1,2,2,1,3,1,3,1
2,6,9,6,0.05,1,3,1,1,1,269.32,1,12,1,3,1,3,10,1,3,3,1
2,6,9,7,0.1,2,1,2,1,0,282.47,1,2,3,1,2,2,19,3,3,3,3
2,6,9,8,0.1,1,1,1,1,1,216.94,1,8,3,3,3,3,6,3,3,3,3
2,6,9,9,0.4,1,2,1,1,1,206.01,1,8,1,3,1,3,14,3,1,2,2
2,6,9,10,0.1,1,3,1,2,0,304.51,0,10,3,1,3,1,19,1,3,3,1
2,6,9,11,0.8,3,2,2,2,1,202.09,1,7,1,1,3,3,1,3,1,2,2
2,6,9,12,0.4,1,1,1,1,1,227.89,1,2,1,1,1,1,16,3,3,3,3
2,6,9,13,0.05,3,2,2,2,1,286.18,1,8,3,1,1,3,8,1,3,2,2
2,6,9,14,0.05,3,1,2,2,1,295.82,1,2,1,1,3,3,6,1,3,1,3
2,6,9,15,0.2,1,2,1,1,1,243.86,1,1,3,1,3,1,20,1,1,2,2
2,6,9,16,0.4,1,3,1,1,1,279.39,1,6,1,3,1,3,3,1,1,3,3
2,6,9,17,0.2,3,1,2,2,1,274.13,1,4,3,3,1,1,19,3,3,3,3
2,6,9,18,0.8,1,2,1,1,1,208.56,1,1,1,3,1,3,7,3,3,2,2
2,6,9,19,0.8,3,3,2,2,1,219.13,1,16,1,3,3,1,19,3,1,1,3
2,6,9,20,0.4,1,3,1,1,1,281.18,1,12,1,3,1,3,3,1,3,3,1
2,6,9,21,0.4,3,1,2,2,1,255.59,1,3,1,1,3,3,19,3,1,3,1
2,6,9,22,0.8,1,2,1,1,1,218.31,1,14,3,1,3,1,6,3,1,2,2
2,6,9,23,0.8,2,3,2,1,0,203.03,1,8,1,1,2,2,2,3,3,1,1
2,6,9,24,0.4,1,1,1,1,1,215.23,1,16,3,3,3,3,16,1,3,1,3
2,6,9,25,1.8,1,3,1,2,0,175.35,1,5,1,1,1,1,5,1,3,3,1
2,6,9,26,0.8,3,1,2,2,1,208.85,1,20,3,1,1,3,20,1,3,1,3
2,6,9,27,1.8,1,1,1,1,1,213.01,1,1,1,3,1,3,14,1,1,1,1
2,6,9,28,0.2,1,1,1,1,1,262.67,1,1,3,3,3,3,8,3,3,3,3
2,6,9,29,0.1,1,1,1,1,1,272.53,1,14,3,1,3,1,4,1,1,1,1
2,6,9,30,0.05,1,3,1,1,1,305.26,0,19,1,1,1,1,5,1,1,3,3
2,6,9,31,0.2,2,2,2,1,0,249.24,1,2,1,1,2,2,12,1,1,2,2
2,6,9,32,0.1,1,1,1,1,1,267.72,1,5,1,3,1,3,1,3,1,3,1
2,6,9,33,0.05,1,3,1,1,1,262.06,1,14,1,1,1,1,1,3,1,1,3
2,6,9,34,0.2,2,3,2,2,1,260.23,1,18,3,3,2,2,15,3,1,1,3
2,6,9,35,0.8,3,1,2,2,1,307.98,0,18,3,3,1,1,20,1,3,1,3
2,6,9,36,0.05,3,1,2,2,1,344.62,0,6,3,3,1,1,9,1,3,1,3
2,6,9,37,0.8,2,3,2,2,1,233.34,1,19,1,1,2,2,11,3,3,1,1
2,6,9,38,0.2,1,3,1,2,0,261.95,1,13,1,3,1,3,11,1,1,3,3
2,6,9,39,0.05,3,3,2,1,0,276.02,1,10,1,1,3,3,9,3,3,1,1
2,6,9,40,0.1,1,1,1,1,1,263.89,1,10,3,3,3,3,9,3,1,3,1
2,6,9,41,0.2,2,3,2,2,1,255.03,1,20,1,3,2,2,4,3,3,1,1
2,6,9,42,0.2,1,3,1,1,1,194.85,1,4,3,3,3,3,9,1,1,3,3
2,6,9,43,0.2,2,2,2,2,1,268.21,1,14,1,3,2,2,12,3,1,2,2
2,6,9,44,0.2,1,1,1,1,1,210.85,1,11,1,1,1,1,8,3,1,3,1
2,6,9,45,1.8,2,3,2,2,1,112.31,1,7,1,3,2,2,14,1,3,3,1
2,6,9,46,1.8,3,2,2,2,1,182.17,1,12,3,1,1,3,10,3,1,2,2
2,6,9,47,1.8,3,3,2,2,1,191.16,1,4,1,3,3,1,16,1,1,3,3
2,6,9,48,0.1,2,3,2,2,1,255.64,1,14,3,3,2,2,14,1,1,3,3
2,6,9,49,0.4,3,2,2,2,1,255.13,1,5,1,1,3,3,2,1,1,2,2
2,6,9,50,0.05,3,1,2,2,1,266.41,1,19,3,1,1,3,6,3,3,3,3
2,6,9,51,0.8,3,1,2,2,1,207.73,1,14,1,1,3,3,15,3,3,3,3
2,6,9,52,0.1,3,1,2,2,1,223.65,1,5,3,1,1,3,4,3,1,3,1
2,6,9,53,1.8,1,3,1,1,1,199.27,1,6,3,3,3,3,7,1,3,3,1
2,6,9,54,0.1,2,3,2,2,1,253.89,1,9,3,1,2,2,20,1,1,3,3
2,6,9,55,1.8,1,1,1,1,1,157.05,1,12,1,1,1,1,8,1,3,1,3
2,6,9,56,0.05,1,1,1,2,0,259.75,1,6,1,1,1,1,17,3,3,3,3
2,6,9,57,0.4,3,3,2,2,1,249.15,1,20,3,1,1,3,19,3,1,1,3
2,6,9,58,0.2,1,1,1,1,1,180.58,1,16,3,1,3,1,4,3,3,3,3
2,6,9,59,1.8,1,3,1,1,1,193.81,1,13,3,3,3,3,3,1,3,3,1
2,6,9,60,1.8,3,1,2,2,1,212.31,1,19,3,3,1,1,14,1,1,1,1
2,6,9,61,1.8,3,1,2,2,1,258.1,1,14,1,1,3,3,5,1,3,1,3
2,6,9,62,1.8,1,1,1,1,1,235.35,1,18,1,3,1,3,13,3,1,3,1
2,6,9,63,0.4,1,2,1,1,1,219.48,1,12,1,3,1,3,14,1,3,2,2
2,6,9,64,0.05,3,3,2,2,1,270.77,1,15,1,3,3,1,17,3,1,1,3
2,6,9,65,0.05,1,2,1,1,1,277.67,1,11,1,3,1,3,7,1,1,2,2
2,6,9,66,0.4,1,2,1,1,1,258.27,1,16,3,3,3,3,5,1,3,2,2
2,6,9,67,0.8,1,2,1,1,1,254.57,1,10,3,1,3,1,7,3,3,2,2
2,6,9,68,1.8,2,3,2,2,1,198.72,1,6,1,1,2,2,15,3,1,1,3
2,6,9,69,0.1,1,3,1,1,1,281.27,1,14,1,3,1,3,6,1,3,3,1
2,6,9,70,0.1,1,2,1,1,1,273.45,1,19,3,3,3,3,2,1,1,2,2
2,6,9,71,0.1,1,1,1,1,1,265.26,1,18,1,3,1,3,15,3,1,3,1
2,6,9,72,0.8,1,2,1,1,1,204.18,1,12,3,3,3,3,19,3,1,2,2
2,6,9,73,0.4,2,3,2,2,1,255.9,1,16,3,3,2,2,11,1,1,3,3
2,6,9,74,0.4,1,3,1,1,1,197.43,1,2,1,1,1,1,3,1,3,3,1
2,6,9,75,0.2,1,2,1,1,1,287.36,1,6,3,1,3,1,4,1,3,2,2
2,6,9,76,1.8,3,2,2,2,1,202.5,1,9,3,3,1,1,7,1,3,2,2
2,6,9,77,0.2,1,3,1,1,1,257.42,1,2,1,3,1,3,5,1,1,3,3
2,6,9,78,0.4,2,2,2,1,0,161.56,1,1,1,1,2,2,20,3,3,2,2
2,6,10,1,0.1,2,1,2,1,0,253.44,1,13,1,3,2,2,3,1,1,1,1
2,6,10,2,0.8,1,3,1,1,1,224.68,1,9,1,1,1,1,15,3,3,1,1
2,6,10,3,0.8,3,3,2,2,1,177.19,1,7,1,1,3,3,1,3,1,1,3
2,6,10,4,0.8,1,1,1,1,1,187.04,1,13,3,1,3,1,7,3,1,3,1
2,6,10,5,0.2,3,2,2,2,1,246.12,1,6,3,1,1,3,13,3,3,2,2
2,6,10,6,0.05,1,2,1,1,1,277.97,1,15,1,1,1,1,7,3,1,2,2
2,6,10,7,0.8,1,2,1,1,1,201.67,1,16,3,1,3,1,4,3,1,2,2
2,6,10,8,1.8,3,2,2,1,0,215.33,1,12,3,3,1,1,2,1,1,2,2
2,6,10,9,0.8,1,1,1,1,1,211.15,1,18,3,1,3,1,4,3,1,3,1
2,6,10,10,1.8,3,1,NaN,NaN,NaN,NaN,NaN,9,3,1,1,3,12,1,3,1,3
2,6,10,11,0.05,1,1,1,1,1,271.03,1,20,3,3,3,3,16,1,3,1,3
2,6,10,12,0.05,1,2,1,1,1,278.77,1,10,3,1,3,1,14,3,1,2,2
2,6,10,13,0.05,1,3,1,1,1,255.72,1,5,3,3,3,3,19,3,3,1,1
2,6,10,14,0.8,2,3,2,2,1,222.1,1,14,3,3,2,2,19,3,1,1,3
2,6,10,15,0.2,1,1,1,1,1,209.02,1,13,1,3,1,3,4,1,1,1,1
2,6,10,16,0.4,2,3,2,2,1,284.15,1,7,1,3,2,2,13,1,1,3,3
2,6,10,17,0.05,2,2,2,2,1,291.95,1,13,3,3,2,2,15,1,1,2,2
2,6,10,18,0.2,1,3,1,1,1,197.06,1,15,3,3,3,3,1,3,3,1,1
2,6,10,19,0.4,3,3,2,2,1,217.67,1,13,3,1,1,3,16,3,1,1,3
2,6,10,20,0.05,3,1,2,2,1,416.9,0,13,1,1,3,3,13,1,3,1,3
2,6,10,21,0.1,2,1,2,2,1,258.65,1,4,3,3,2,2,4,3,3,3,3
2,6,10,22,0.1,1,2,1,1,1,270.19,1,11,3,3,3,3,11,3,3,2,2
2,6,10,23,0.1,2,3,2,2,1,272.43,1,6,1,1,2,2,7,3,1,1,3
2,6,10,24,1.8,1,3,1,1,1,202.7,1,8,1,3,1,3,17,1,1,3,3
2,6,10,25,0.1,1,2,1,1,1,277.42,1,13,3,3,3,3,6,3,3,2,2
2,6,10,26,0.05,3,1,2,2,1,322.63,0,16,3,3,1,1,18,1,3,1,3
2,6,10,27,0.1,1,1,1,1,1,265.3,1,18,3,3,3,3,10,3,1,3,1
2,6,10,28,1.8,1,2,1,1,1,177.59,1,2,3,1,3,1,1,3,3,2,2
2,6,10,29,0.4,3,2,2,2,1,274.43,1,8,1,3,3,1,3,1,1,2,2
2,6,10,30,1.8,3,3,2,2,1,184.44,1,19,3,1,1,3,13,3,3,1,1
2,6,10,31,0.8,1,2,1,1,1,254.82,1,17,1,3,1,3,7,3,1,2,2
2,6,10,32,0.1,1,2,1,1,1,257.05,1,18,3,1,3,1,6,1,3,2,2
2,6,10,33,0.1,1,2,1,1,1,275.84,1,2,1,1,1,1,6,3,3,2,2
2,6,10,34,0.8,1,2,1,1,1,247.03,1,20,3,3,3,3,20,3,1,2,2
2,6,10,35,0.8,2,3,2,2,1,204.86,1,14,3,3,2,2,17,1,3,3,1
2,6,10,36,0.4,3,1,2,2,1,274.32,1,19,3,1,1,3,16,1,1,1,1
2,6,10,37,0.8,1,3,1,1,1,212.59,1,18,3,3,3,3,7,1,1,3,3
2,6,10,38,0.2,1,1,1,1,1,205.2,1,18,3,1,3,1,6,3,1,3,1
2,6,10,39,0.05,1,1,1,1,1,266.71,1,14,3,3,3,3,18,3,1,3,1
2,6,10,40,0.2,1,1,1,1,1,270.66,1,19,1,1,1,1,17,3,3,3,3
2,6,10,41,0.4,2,1,2,2,1,267.07,1,20,3,3,2,2,13,1,1,1,1
2,6,10,42,0.2,1,2,1,1,1,252.37,1,5,3,1,3,1,10,3,1,2,2
2,6,10,43,0.2,1,3,1,1,1,263.38,1,8,1,1,1,1,4,1,1,3,3
2,6,10,44,0.2,3,2,2,2,1,273.29,1,10,3,1,1,3,18,3,3,2,2
2,6,10,45,0.4,3,3,2,2,1,222.66,1,13,1,1,3,3,17,3,1,1,3
2,6,10,46,0.05,2,2,2,1,0,271.86,1,12,3,1,2,2,16,3,3,2,2
2,6,10,47,1.8,1,2,1,1,1,227.68,1,12,1,1,1,1,18,3,1,2,2
2,6,10,48,0.1,1,1,1,1,1,241.75,1,6,1,3,1,3,10,1,1,1,1
2,6,10,49,0.2,1,1,1,1,1,256.48,1,2,1,3,1,3,5,1,3,1,3
2,6,10,50,1.8,1,3,NaN,NaN,NaN,NaN,NaN,18,3,1,3,1,6,1,1,3,3
2,6,10,51,0.4,1,3,1,1,1,227.17,1,10,3,1,3,1,8,3,3,1,1
2,6,10,52,1.8,1,3,1,1,1,208.72,1,10,3,1,3,1,2,1,1,3,3
2,6,10,53,1.8,2,3,2,1,0,221.6,1,3,1,3,2,2,4,1,3,3,1
2,6,10,54,1.8,1,2,1,1,1,210.71,1,6,3,3,3,3,8,1,3,2,2
2,6,10,55,1.8,3,1,2,2,1,209.65,1,16,1,3,3,1,10,1,1,1,1
2,6,10,56,0.2,2,2,2,2,1,248.7,1,20,1,3,2,2,1,1,1,2,2
2,6,10,57,1.8,3,2,2,2,1,208.14,1,19,3,1,1,3,9,3,3,2,2
2,6,10,58,0.05,1,3,1,1,1,272.73,1,12,1,3,1,3,6,3,1,1,3
2,6,10,59,0.4,1,3,1,1,1,267.45,1,3,3,3,3,3,2,1,3,3,1
2,6,10,60,0.2,3,2,2,2,1,294.79,1,18,3,1,1,3,17,3,3,2,2
2,6,10,61,0.2,1,2,1,1,1,214.18,1,11,3,1,3,1,10,3,1,2,2
2,6,10,62,0.4,1,2,1,1,1,252.94,1,19,3,1,3,1,18,1,1,2,2
2,6,10,63,1.8,2,1,2,2,1,244.67,1,5,1,3,2,2,14,3,3,3,3
2,6,10,64,0.4,1,3,1,1,1,256.24,1,6,3,1,3,1,9,1,3,3,1
2,6,10,65,0.1,2,2,2,1,0,263.54,1,17,3,1,2,2,18,3,3,2,2
2,6,10,66,0.1,1,2,1,1,1,215.48,1,1,3,1,3,1,18,3,3,2,2
2,6,10,67,0.2,2,1,2,1,0,218.99,1,13,1,3,2,2,20,3,3,3,3
2,6,10,68,0.8,1,1,1,1,1,264.73,1,12,1,1,1,1,5,3,3,3,3
2,6,10,69,0.05,2,1,2,1,0,247.39,1,7,1,3,2,2,16,3,1,3,1
2,6,10,70,0.4,2,3,2,2,1,244.95,1,16,1,1,2,2,9,1,1,3,3
2,6,10,71,0.1,2,2,2,2,1,341.91,0,20,1,1,2,2,14,3,3,2,2
2,6,10,72,0.05,2,2,2,1,0,217.71,1,20,3,3,2,2,13,3,1,2,2
2,6,10,73,0.4,1,2,1,1,1,240.4,1,20,1,1,1,1,13,3,1,2,2
2,6,10,74,0.8,1,3,1,1,1,181.54,1,5,3,1,3,1,8,1,1,3,3
2,6,10,75,0.1,1,2,1,1,1,207.91,1,2,1,1,1,1,16,3,3,2,2
2,6,10,76,0.05,1,2,1,1,1,244.92,1,18,3,3,3,3,9,1,1,2,2
2,6,10,77,0.8,1,2,NaN,NaN,NaN,NaN,NaN,5,1,1,1,1,5,3,1,2,2
2,6,10,78,0.4,2,1,2,2,1,222.2,1,13,1,3,2,2,4,1,1,1,1
