4,4,1,1,0.2,1,2,1,1,1,198.81,1,3,3,3,3,3,1,3,1,2,2
4,4,1,2,0.2,3,2,2,2,1,205.51,1,18,1,3,3,1,8,1,1,2,2
4,4,1,3,0.1,2,2,2,1,0,231.22,1,9,3,3,2,2,12,1,3,2,2
4,4,1,4,0.1,3,3,2,1,0,198.62,1,20,1,3,3,1,9,1,1,3,3
4,4,1,5,0.2,3,3,2,2,1,193.39,1,19,1,3,3,1,9,3,1,1,3
4,4,1,6,0.8,2,2,NaN,NaN,NaN,NaN,NaN,9,3,1,2,2,12,3,1,2,2
4,4,1,7,0.05,3,1,2,1,0,244.84,1,1,1,3,3,1,20,1,3,1,3
4,4,1,8,1.8,3,1,2,2,1,211.74,1,10,1,3,3,1,5,1,3,1,3
4,4,1,9,0.8,2,2,2,1,0,212.23,1,11,3,1,2,2,1,1,1,2,2
4,4,1,10,0.4,1,3,1,1,1,212.35,1,13,3,1,3,1,8,3,3,1,1
4,4,1,11,0.05,3,1,2,2,1,247.08,1,7,3,1,1,3,5,3,1,3,1
4,4,1,12,0.05,2,2,2,2,1,297.99,1,9,3,3,2,2,8,3,3,2,2
4,4,1,13,0.4,2,2,2,2,1,211.2,1,14,1,3,2,2,3,3,3,2,2
4,4,1,14,0.1,2,2,2,1,0,223.83,1,6,3,1,2,2,14,1,1,2,2
4,4,1,15,0.1,2,1,2,2,1,224.01,1,16,3,1,2,2,15,1,3,1,3
4,4,1,16,0.4,1,1,1,1,1,192.98,1,16,3,1,3,1,3,1,1,1,1
4,4,1,17,1.8,3,2,2,2,1,213.67,1,7,1,1,3,3,14,3,3,2,2
4,4,1,18,0.1,1,2,1,1,1,233.51,1,16,1,1,1,1,7,3,1,2,2
4,4,1,19,0.05,3,1,2,2,1,314.7,0,16,3,3,1,1,7,3,1,3,1
4,4,1,20,0.4,1,1,1,1,1,166.58,1,1,3,3,3,3,7,1,3,1,3
4,4,1,21,0.4,1,3,1,1,1,187.12,1,1,1,1,1,1,1,1,1,3,3
4,4,1,22,0.2,2,1,2,2,1,212.49,1,11,3,3,2,2,6,3,3,3,3
4,4,1,23,0.1,1,1,1,1,1,242.65,1,5,3,1,3,1,2,3,3,3,3
4,4,1,24,0.2,3,2,2,2,1,238.87,1,20,3,3,1,1,11,3,1,2,2
4,4,1,25,0.05,3,3,2,1,0,272.14,1,8,1,1,3,3,10,1,1,3,3
4,4,1,26,0.4,2,2,2,1,0,209.43,1,18,3,3,2,2,19,3,1,2,2
4,4,1,27,0.1,1,1,1,1,1,241.9,1,9,1,3,1,3,8,3,1,3,1
4,4,1,28,0.8,2,1,NaN,NaN,NaN,NaN,NaN,5,1,3,2,2,15,3,1,3,1
4,4,1,29,0.8,1,3,1,1,1,211.42,1,5,1,1,1,1,6,3,3,1,1
4,4,1,30,0.1,1,1,1,1,1,259.92,1,9,1,1,1,1,9,3,3,3,3
4,4,1,31,1.8,1,1,1,1,1,223.38,1,8,1,1,1,1,9,3,1,3,1
4,4,1,32,0.8,3,3,2,2,1,220.28,1,5,3,1,1,3,3,3,1,1,3
4,4,1,33,0.8,1,2,1,2,0,211.39,1,12,1,1,1,1,16,1,1,2,2
4,4,1,34,0.2,1,3,1,1,1,222.37,1,1,1,1,1,1,4,1,1,3,3
4,4,1,35,0.8,2,2,2,2,1,209.97,1,13,3,1,2,2,16,1,1,2,2
4,4,1,36,0.2,2,1,2,1,0,245.3,1,15,1,1,2,2,14,3,1,3,1
4,4,1,37,0.2,2,3,2,1,0,227.92,1,11,3,1,2,2,18,1,3,3,1
4,4,1,38,0.1,1,2,1,1,1,263.24,1,17,3,1,3,1,17,3,1,2,2
4,4,1,39,0.05,3,1,2,1,0,299.1,1,16,1,3,3,1,15,1,3,1,3
4,4,1,40,0.4,3,1,2,2,1,233.47,1,10,1,3,3,1,9,3,1,3,1
4,4,1,41,0.1,1,2,1,1,1,236.32,1,8,1,3,1,3,2,1,3,2,2
4,4,1,42,0.2,1,3,1,1,1,227.47,1,13,1,3,1,3,20,3,1,1,3
4,4,1,43,1.8,1,1,1,1,1,210,1,15,3,1,3,1,4,3,3,3,3
4,4,1,44,1.8,2,2,2,2,1,208.16,1,2,1,3,2,2,18,3,3,2,2
4,4,1,45,0.1,1,3,1,1,1,263.07,1,1,3,1,3,1,11,3,1,1,3
4,4,1,46,0.8,3,1,2,1,0,213.43,1,12,1,1,3,3,8,1,1,1,1
4,4,1,47,0.2,2,3,2,2,1,263.94,1,12,3,1,2,2,3,1,3,3,1
4,4,1,48,0.2,1,2,1,1,1,286.36,1,8,3,1,3,1,10,3,1,2,2
4,4,1,49,0.05,2,1,2,2,1,416.34,0,4,3,1,2,2,6,1,1,1,1
4,4,1,50,0.4,2,3,2,2,1,238.03,1,13,1,3,2,2,11,1,3,3,1
4,4,1,51,0.4,1,1,1,1,1,244.53,1,12,3,1,3,1,19,3,3,3,3
4,4,1,52,0.8,1,1,1,1,1,238.56,1,12,3,3,3,3,15,3,3,3,3
4,4,1,53,0.8,1,3,1,1,1,212.09,1,17,1,1,1,1,17,1,3,3,1
4,4,1,54,0.1,3,2,2,2,1,289.9,1,18,3,1,1,3,20,1,3,2,2
4,4,1,55,0.2,2,1,2,2,1,306.31,0,6,1,1,2,2,10,3,3,3,3
4,4,1,56,1.8,1,3,1,1,1,269.33,1,5,1,1,1,1,2,1,1,3,3
4,4,1,57,0.05,3,3,2,2,1,345.5,0,12,1,3,3,1,3,1,3,3,1
4,4,1,58,0.8,1,2,1,1,1,234.02,1,1,3,3,3,3,18,1,1,2,2
4,4,1,59,1.8,1,3,1,1,1,238.94,1,5,3,3,3,3,20,1,1,3,3
4,4,1,60,0.05,1,3,1,1,1,358.09,0,15,1,3,1,3,6,3,3,1,1
4,4,1,61,1.8,1,1,1,1,1,224.99,1,4,1,3,1,3,9,3,1,3,1
4,4,1,62,0.05,3,3,2,2,1,388.32,0,16,1,3,3,1,5,1,1,3,3
4,4,1,63,1.8,1,3,1,2,0,235.18,1,12,1,3,1,3,1,1,3,3,1
4,4,1,64,0.4,1,2,1,1,1,233.63,1,1,1,1,1,1,5,1,1,2,2
4,4,1,65,1.8,2,1,2,1,0,246.87,1,7,1,1,2,2,11,1,1,1,1
4,4,1,66,0.2,1,3,1,1,1,204.19,1,10,1,1,1,1,19,1,3,3,1
4,4,1,67,0.4,2,1,2,2,1,238.67,1,6,3,1,2,2,12,3,3,3,3
4,4,1,68,1.8,2,2,2,2,1,206.35,1,8,3,1,2,2,6,1,3,2,2
4,4,1,69,0.05,2,3,2,1,0,292.29,1,8,3,3,2,2,1,3,1,1,3
4,4,1,70,1.8,1,2,1,1,1,246.86,1,17,3,1,3,1,8,1,1,2,2
4,4,1,71,0.05,1,2,1,1,1,253.48,1,20,3,1,3,1,9,3,3,2,2
4,4,1,72,0.8,3,1,2,2,1,238.58,1,20,1,3,3,1,3,1,1,1,1
4,4,1,73,0.1,3,2,2,2,1,261.89,1,8,1,1,3,3,13,1,1,2,2
4,4,1,74,0.8,1,2,1,1,1,208.59,1,11,3,1,3,1,18,1,1,2,2
4,4,1,75,0.4,3,3,2,2,1,254.77,1,14,3,3,1,1,15,3,3,1,1
4,4,1,76,0.05,1,2,1,1,1,265.51,1,7,3,3,3,3,7,3,1,2,2
4,4,1,77,1.8,3,2,2,2,1,218.94,1,13,1,3,3,1,2,3,3,2,2
4,4,1,78,0.4,1,1,1,1,1,219.93,1,20,1,1,1,1,4,1,1,1,1
4,4,2,1,0.05,1,2,1,1,1,247.44,1,6,1,3,1,3,2,3,1,2,2
4,4,2,2,0.1,2,1,2,2,1,258.72,1,8,1,1,2,2,17,1,1,1,1
4,4,2,3,0.2,1,1,1,1,1,194.01,1,13,1,3,1,3,8,3,1,3,1
4,4,2,4,0.4,3,3,2,2,1,227.99,1,5,3,3,1,1,1,3,3,1,1
4,4,2,5,0.05,2,3,2,1,0,236.53,1,15,1,3,2,2,1,1,3,3,1
4,4,2,6,0.4,2,2,2,1,0,560.88,0,3,1,3,2,2,15,3,3,2,2
4,4,2,7,0.8,1,3,1,1,1,226.57,1,3,1,3,1,3,14,3,1,1,3
4,4,2,8,1.8,1,2,1,1,1,197.94,1,15,3,1,3,1,1,3,1,2,2
4,4,2,9,0.1,1,2,1,1,1,254.49,1,2,3,3,3,3,12,1,1,2,2
4,4,2,10,0.1,2,1,2,2,1,324.27,0,17,1,1,2,2,9,3,3,3,3
4,4,2,11,0.1,1,1,1,1,1,290.23,1,2,3,1,3,1,8,3,1,3,1
4,4,2,12,0.2,1,3,1,1,1,121.03,1,2,3,3,3,3,14,1,1,3,3
4,4,2,13,0.2,1,1,1,1,1,216.53,1,7,1,3,1,3,15,3,3,3,3
4,4,2,14,1.8,3,1,2,2,1,222.8,1,17,1,1,3,3,14,3,1,3,1
4,4,2,15,1.8,1,3,1,1,1,219.12,1,7,3,3,3,3,4,1,1,3,3
4,4,2,16,0.8,3,3,2,2,1,241.2,1,18,1,1,3,3,18,1,1,3,3
4,4,2,17,0.1,1,2,1,1,1,221.77,1,13,3,1,3,1,20,1,3,2,2
4,4,2,18,1.8,3,1,2,2,1,266.31,1,17,1,3,3,1,11,3,1,3,1
4,4,2,19,1.8,2,2,2,1,0,209.63,1,14,3,3,2,2,4,1,3,2,2
4,4,2,20,0.05,1,1,1,1,1,304.02,0,10,1,3,1,3,5,3,1,3,1
4,4,2,21,0.2,3,2,2,2,1,247.88,1,5,3,1,1,3,7,1,3,2,2
4,4,2,22,0.4,1,1,1,1,1,237.77,1,20,3,1,3,1,17,1,3,1,3
4,4,2,23,0.1,3,2,2,2,1,256.2,1,5,1,3,3,1,17,1,1,2,2
4,4,2,24,0.1,2,2,2,2,1,328.73,0,7,1,1,2,2,14,1,1,2,2
4,4,2,25,0.05,1,3,1,1,1,269.49,1,3,3,3,3,3,20,3,3,1,1
4,4,2,26,0.4,3,3,2,2,1,274.78,1,3,1,3,3,1,9,1,1,3,3
4,4,2,27,0.05,1,2,1,1,1,290.48,1,7,1,1,1,1,17,3,1,2,2
4,4,2,28,0.8,2,2,2,2,1,258.17,1,10,1,1,2,2,17,3,1,2,2
4,4,2,29,0.4,1,1,1,1,1,212.78,1,8,1,3,1,3,16,3,1,3,1
4,4,2,30,0.1,1,2,1,1,1,243.99,1,12,1,3,1,3,7,3,1,2,2
4,4,2,31,0.2,1,3,1,1,1,238.06,1,1,1,3,1,3,13,1,1,3,3
4,4,2,32,0.05,1,3,1,1,1,300.24,0,17,3,3,3,3,7,3,1,1,3
4,4,2,33,1.8,1,1,1,1,1,211.15,1,19,3,3,3,3,4,3,1,3,1
4,4,2,34,0.8,2,2,2,2,1,236.68,1,17,3,3,2,2,19,3,1,2,2
4,4,2,35,0.4,1,3,1,1,1,246.49,1,17,3,3,3,3,4,1,1,3,3
4,4,2,36,0.2,2,3,2,2,1,263.83,1,19,1,1,2,2,18,1,3,3,1
4,4,2,37,0.8,3,1,2,2,1,227.77,1,7,3,1,1,3,6,1,3,1,3
4,4,2,38,0.4,3,3,2,2,1,285.52,1,11,3,3,1,1,14,3,1,1,3
4,4,2,39,0.2,1,1,1,1,1,219.67,1,14,1,3,1,3,6,3,1,3,1
4,4,2,40,0.05,1,2,1,1,1,215.72,1,18,3,3,3,3,7,3,3,2,2
4,4,2,41,0.1,3,3,2,2,1,363,0,19,3,1,1,3,19,3,1,1,3
4,4,2,42,0.2,2,3,2,1,0,288.62,1,16,1,3,2,2,12,3,3,1,1
4,4,2,43,0.4,1,1,1,1,1,222.76,1,5,3,3,3,3,2,1,3,1,3
4,4,2,44,0.8,1,2,NaN,NaN,NaN,NaN,NaN,3,1,3,1,3,20,3,1,2,2
4,4,2,45,1.8,1,1,1,1,1,228.92,1,6,3,3,3,3,10,1,1,1,1
4,4,2,46,0.8,1,1,1,1,1,226.74,1,3,1,1,1,1,15,1,1,1,1
4,4,2,47,0.8,2,1,2,2,1,234.83,1,3,3,3,2,2,16,3,3,3,3
4,4,2,48,1.8,3,2,2,2,1,249.33,1,11,1,3,3,1,9,3,3,2,2
4,4,2,49,0.2,2,1,2,2,1,246.55,1,18,1,3,2,2,4,3,1,3,1
4,4,2,50,0.2,3,1,2,2,1,250.33,1,11,3,1,1,3,15,3,1,3,1
4,4,2,51,0.2,2,1,2,2,1,219.13,1,19,1,1,2,2,13,3,1,3,1
4,4,2,52,0.8,1,3,1,1,1,232.64,1,7,1,3,1,3,20,3,1,1,3
4,4,2,53,0.4,3,3,2,2,1,275.61,1,16,1,1,3,3,15,1,3,3,1
4,4,2,54,0.2,2,1,2,2,1,250.69,1,18,1,1,2,2,14,3,1,3,1
4,4,2,55,0.05,3,2,2,2,1,307.58,0,8,1,1,3,3,12,1,3,2,2
4,4,2,56,0.2,1,3,1,1,1,213.05,1,8,3,1,3,1,18,1,1,3,3
4,4,2,57,0.05,2,2,2,1,0,299.16,1,15,3,1,2,2,1,3,1,2,2
4,4,2,58,1.8,1,3,1,1,1,229.85,1,18,1,3,1,3,17,3,1,1,3
4,4,2,59,0.4,2,2,2,2,1,237.02,1,18,3,3,2,2,3,1,1,2,2
4,4,2,60,1.8,3,1,2,2,1,221.27,1,4,3,1,1,3,17,1,3,1,3
4,4,2,61,0.05,1,1,1,1,1,249.72,1,15,3,1,3,1,17,1,1,1,1
4,4,2,62,0.8,1,1,1,1,1,229.06,1,4,1,3,1,3,4,1,3,1,3
4,4,2,63,0.8,3,1,2,2,1,267.72,1,2,1,3,3,1,14,3,3,3,3
4,4,2,64,0.1,3,2,2,2,1,286.21,1,7,1,3,3,1,12,1,3,2,2
4,4,2,65,0.05,1,3,1,1,1,270.3,1,17,1,3,1,3,5,3,3,1,1
4,4,2,66,0.05,1,1,1,1,1,277.17,1,5,3,1,3,1,20,1,1,1,1
4,4,2,67,0.1,2,2,2,1,0,273.55,1,11,3,3,2,2,15,1,1,2,2
4,4,2,68,0.05,1,1,1,1,1,358.91,0,13,3,3,3,3,3,1,1,1,1
4,4,2,69,0.4,3,1,2,2,1,243.02,1,1,1,1,3,3,1,1,3,1,3
4,4,2,70,0.8,2,3,2,2,1,224.88,1,11,1,1,2,2,18,1,1,3,3
4,4,2,71,1.8,3,2,2,2,1,278.84,1,4,3,3,1,1,6,1,1,2,2
4,4,2,72,0.4,1,2,1,1,1,238.84,1,9,1,1,1,1,2,3,1,2,2
4,4,2,73,0.1,1,3,1,1,1,210.72,1,8,3,3,3,3,3,1,1,3,3
4,4,2,74,1.8,1,1,1,1,1,240.24,1,8,1,1,1,1,11,1,3,1,3
4,4,2,75,0.4,1,3,1,1,1,225.41,1,12,1,3,1,3,14,3,1,1,3
4,4,2,76,0.1,1,2,1,1,1,240.19,1,13,1,3,1,3,18,3,1,2,2
4,4,2,77,0.8,1,1,1,1,1,270.95,1,15,1,1,1,1,5,3,1,3,1
4,4,2,78,1.8,1,3,1,1,1,231.67,1,11,3,1,3,1,19,3,1,1,3
4,4,3,1,0.4,3,3,2,2,1,245.13,1,12,1,3,3,1,20,3,1,1,3
4,4,3,2,0.4,1,2,1,1,1,220.4,1,6,1,3,1,3,4,3,3,2,2
4,4,3,3,1.8,1,2,1,1,1,219.06,1,1,1,3,1,3,13,1,1,2,2
4,4,3,4,0.2,2,2,2,2,1,260.83,1,16,3,3,2,2,6,3,1,2,2
4,4,3,5,0.1,3,2,2,2,1,288.02,1,11,1,1,3,3,3,3,3,2,2
4,4,3,6,0.4,1,1,1,1,1,269.04,1,3,1,1,1,1,10,3,1,3,1
4,4,3,7,0.8,1,3,1,1,1,260.65,1,1,1,3,1,3,7,1,3,3,1
4,4,3,8,0.8,3,2,2,2,1,226.73,1,15,1,1,3,3,13,1,3,2,2
4,4,3,9,1.8,3,2,2,2,1,235.22,1,14,3,3,1,1,12,1,1,2,2
4,4,3,10,0.4,3,3,2,2,1,285.33,1,12,3,1,1,3,18,1,3,3,1
4,4,3,11,0.4,1,2,1,1,1,252.95,1,19,1,1,1,1,16,1,3,2,2
4,4,3,12,0.4,2,2,2,1,0,221,1,13,3,3,2,2,16,3,1,2,2
4,4,3,13,0.05,1,1,1,1,1,267.87,1,1,1,3,1,3,17,3,1,3,1
4,4,3,14,0.05,3,2,2,2,1,338.39,0,14,1,1,3,3,1,1,3,2,2
4,4,3,15,0.2,2,3,2,2,1,241.53,1,12,3,1,2,2,15,1,1,3,3
4,4,3,16,1.8,2,2,2,2,1,242.09,1,5,3,3,2,2,7,3,3,2,2
4,4,3,17,1.8,1,3,1,1,1,218.36,1,13,1,1,1,1,9,3,1,1,3
4,4,3,18,1.8,1,1,1,1,1,236.75,1,10,1,1,1,1,17,1,3,1,3
4,4,3,19,0.05,2,2,2,2,1,465.12,0,16,1,3,2,2,6,3,3,2,2
4,4,3,20,0.1,1,3,1,1,1,250.77,1,5,3,1,3,1,3,3,1,1,3
4,4,3,21,0.1,1,2,1,1,1,208.18,1,6,1,1,1,1,11,3,1,2,2
4,4,3,22,0.1,3,1,2,2,1,313.82,0,7,3,1,1,3,19,1,1,1,1
4,4,3,23,0.2,3,3,2,2,1,216.83,1,11,3,3,1,1,3,1,3,3,1
4,4,3,24,0.2,1,1,1,1,1,231.84,1,5,3,3,3,3,3,1,3,1,3
4,4,3,25,0.8,1,1,1,1,1,241.08,1,20,1,1,1,1,17,3,3,3,3
4,4,3,26,0.8,3,3,2,2,1,234.43,1,16,3,3,1,1,12,1,1,3,3
4,4,3,27,1.8,2,2,2,2,1,249.26,1,9,1,3,2,2,13,3,3,2,2
4,4,3,28,0.8,1,2,1,1,1,249.68,1,2,3,1,3,1,10,1,1,2,2
4,4,3,29,0.05,1,3,1,1,1,272.81,1,5,3,1,3,1,14,1,3,3,1
4,4,3,30,0.2,1,2,1,2,0,296.88,1,13,3,3,3,3,15,3,3,2,2
4,4,3,31,0.2,2,3,2,2,1,256.82,1,17,1,1,2,2,6,3,3,1,1
4,4,3,32,0.8,3,3,2,2,1,244.22,1,6,3,3,1,1,7,3,3,1,1
4,4,3,33,0.8,1,1,1,1,1,236.6,1,17,1,1,1,1,7,3,3,3,3
4,4,3,34,1.8,1,2,1,1,1,263.12,1,1,1,3,1,3,6,3,1,2,2
4,4,3,35,0.4,3,2,2,2,1,273.49,1,10,1,1,3,3,16,3,1,2,2
4,4,3,36,0.05,2,2,2,2,1,424.34,0,1,1,1,2,2,5,1,3,2,2
4,4,3,37,0.2,3,2,2,2,1,255.91,1,13,1,3,3,1,2,3,1,2,2
4,4,3,38,0.1,1,2,1,1,1,271.13,1,18,3,3,3,3,14,1,1,2,2
4,4,3,39,0.1,2,2,2,2,1,335.09,0,8,3,1,2,2,6,1,1,2,2
4,4,3,40,0.4,3,3,2,2,1,224.13,1,12,3,3,1,1,19,1,1,3,3
4,4,3,41,0.2,2,3,2,1,0,268.29,1,18,1,1,2,2,11,1,3,3,1
4,4,3,42,0.4,1,2,1,1,1,248.1,1,19,3,3,3,3,13,1,1,2,2
4,4,3,43,0.2,1,2,1,1,1,239.09,1,10,3,1,3,1,16,1,3,2,2
4,4,3,44,0.8,1,3,1,1,1,228.87,1,17,1,1,1,1,4,3,3,1,1
4,4,3,45,0.1,3,3,2,2,1,274.88,1,9,1,1,3,3,4,1,3,3,1
4,4,3,46,0.8,1,2,1,1,1,232.92,1,2,1,3,1,3,14,3,3,2,2
4,4,3,47,0.1,1,1,1,1,1,214.25,1,17,1,1,1,1,2,3,3,3,3
4,4,3,48,0.05,3,2,2,1,0,292.74,1,16,1,3,3,1,5,3,1,2,2
4,4,3,49,1.8,3,1,2,2,1,225.75,1,13,1,1,3,3,9,3,1,3,1
4,4,3,50,0.8,1,3,1,1,1,229.42,1,3,1,1,1,1,16,1,3,3,1
4,4,3,51,0.1,3,1,2,2,1,253.96,1,7,3,1,1,3,3,1,1,1,1
4,4,3,52,0.4,1,1,1,1,1,265.01,1,17,3,3,3,3,20,3,1,3,1
4,4,3,53,0.2,2,2,2,2,1,272.28,1,20,1,1,2,2,5,1,3,2,2
4,4,3,54,0.8,1,2,1,1,1,221.97,1,20,1,1,1,1,5,3,1,2,2
4,4,3,55,0.8,1,3,1,1,1,219.77,1,2,1,3,1,3,10,3,1,1,3
4,4,3,56,0.1,1,3,1,1,1,239.18,1,12,3,1,3,1,2,3,1,1,3
4,4,3,57,0.1,1,2,1,1,1,249.34,1,8,1,1,1,1,14,3,1,2,2
4,4,3,58,1.8,3,3,2,2,1,222.82,1,19,3,3,1,1,10,3,1,1,3
4,4,3,59,0.4,2,3,2,2,1,298.47,1,5,1,1,2,2,7,1,1,3,3
4,4,3,60,1.8,1,2,1,1,1,251.22,1,18,1,3,1,3,5,3,1,2,2
4,4,3,61,0.1,1,3,1,2,0,292.16,1,6,3,3,3,3,12,3,3,1,1
4,4,3,62,0.05,2,1,2,1,0,284.36,1,17,3,3,2,2,2,3,1,3,1
4,4,3,63,0.1,2,1,2,1,0,247.82,1,19,1,3,2,2,20,1,1,1,1
4,4,3,64,1.8,1,1,1,1,1,228.72,1,11,3,1,3,1,20,3,1,3,1
4,4,3,65,0.05,1,2,1,1,1,286.16,1,17,3,1,3,1,17,1,3,2,2
4,4,3,66,0.4,2,2,2,1,0,246.99,1,13,1,3,2,2,4,3,3,2,2
4,4,3,67,0.4,2,3,2,1,0,264.6,1,20,1,3,2,2,10,3,1,1,3
4,4,3,68,0.05,2,1,2,1,0,377.68,0,5,3,1,2,2,8,1,3,1,3
4,4,3,69,0.2,2,3,2,2,1,234.76,1,9,3,1,2,2,6,1,3,3,1
4,4,3,70,0.05,1,3,1,1,1,361.97,0,9,3,1,3,1,1,3,1,1,3
4,4,3,71,0.8,2,3,2,2,1,241.54,1,16,1,3,2,2,18,3,1,1,3
4,4,3,72,0.05,1,2,1,1,1,258.96,1,5,3,1,3,1,4,3,3,2,2
4,4,3,73,0.2,1,1,1,1,1,263.07,1,4,3,1,3,1,12,3,1,3,1
4,4,3,74,0.05,2,2,2,1,0,240.49,1,20,3,3,2,2,7,3,1,2,2
4,4,3,75,1.8,1,2,1,1,1,214.94,1,18,1,1,1,1,9,3,1,2,2
4,4,3,76,0.2,3,3,2,2,1,270.53,1,20,1,3,3,1,11,3,3,1,1
4,4,3,77,0.05,1,2,1,1,1,318.49,0,15,1,3,1,3,20,1,1,2,2
4,4,3,78,1.8,3,3,2,2,1,286.47,1,14,3,3,1,1,8,1,3,3,1
4,4,4,1,0.1,3,3,2,2,1,273.37,1,4,1,3,3,1,13,3,1,1,3
4,4,4,2,0.05,2,2,2,1,0,347.13,0,14,3,1,2,2,14,3,3,2,2
4,4,4,3,0.05,2,2,2,1,0,232.42,1,12,1,1,2,2,17,1,1,2,2
4,4,4,4,0.05,3,1,2,1,0,265.54,1,20,1,3,3,1,1,1,3,1,3
4,4,4,5,1.8,1,1,1,2,0,229.97,1,19,1,3,1,3,16,3,1,3,1
4,4,4,6,0.05,2,3,2,1,0,330.63,0,2,1,3,2,2,2,1,1,3,3
4,4,4,7,0.05,1,2,1,1,1,238.63,1,2,3,3,3,3,18,3,3,2,2
4,4,4,8,0.4,2,1,2,2,1,260.13,1,8,1,1,2,2,8,1,1,1,1
4,4,4,9,0.1,3,2,2,2,1,224.19,1,2,1,3,3,1,9,1,3,2,2
4,4,4,10,0.4,2,2,2,1,0,239.1,1,12,3,1,2,2,6,1,1,2,2
4,4,4,11,0.2,1,3,1,1,1,219.8,1,8,3,1,3,1,1,3,1,1,3
4,4,4,12,0.05,1,3,1,1,1,248,1,7,3,3,3,3,16,1,3,3,1
4,4,4,13,0.2,1,2,1,2,0,278,1,19,3,3,3,3,3,1,3,2,2
4,4,4,14,0.4,3,1,2,2,1,259.07,1,12,1,3,3,1,2,3,1,3,1
4,4,4,15,0.2,1,1,1,1,1,126.74,1,10,3,3,3,3,20,1,1,1,1
4,4,4,16,0.2,1,1,1,1,1,232.5,1,3,1,1,1,1,9,3,3,3,3
4,4,4,17,0.8,2,3,2,2,1,281.12,1,7,1,1,2,2,17,3,1,1,3
4,4,4,18,0.1,3,2,2,2,1,263.14,1,16,3,3,1,1,12,1,1,2,2
4,4,4,19,0.4,1,2,1,1,1,230.84,1,15,1,1,1,1,8,3,1,2,2
4,4,4,20,0.05,1,2,1,1,1,276.56,1,12,3,3,3,3,10,1,3,2,2
4,4,4,21,1.8,1,3,1,1,1,282.97,1,9,3,3,3,3,3,3,1,1,3
4,4,4,22,0.2,3,2,2,2,1,261.93,1,6,1,1,3,3,15,1,3,2,2
4,4,4,23,0.2,3,3,2,2,1,218.26,1,3,1,3,3,1,8,1,1,3,3
4,4,4,24,1.8,3,1,2,2,1,218.97,1,15,1,3,3,1,10,1,3,1,3
4,4,4,25,0.8,1,2,1,1,1,242.29,1,9,1,1,1,1,15,1,1,2,2
4,4,4,26,0.1,1,1,1,1,1,237.38,1,6,3,3,3,3,4,1,3,1,3
4,4,4,27,0.8,2,1,2,2,1,390.7,0,20,1,1,2,2,2,1,3,1,3
4,4,4,28,0.05,3,1,2,2,1,283.99,1,2,1,3,3,1,9,3,1,3,1
4,4,4,29,0.1,2,1,2,2,1,269.1,1,11,3,3,2,2,19,3,3,3,3
4,4,4,30,0.8,2,1,2,1,0,223.66,1,3,3,1,2,2,4,1,1,1,1
4,4,4,31,0.1,3,3,2,2,1,273.32,1,14,3,3,1,1,14,1,3,3,1
4,4,4,32,0.1,1,2,1,1,1,242.99,1,5,3,3,3,3,6,1,1,2,2
4,4,4,33,0.2,1,2,1,2,0,268.27,1,11,1,3,1,3,9,1,3,2,2
4,4,4,34,0.05,1,3,1,1,1,231.6,1,6,3,1,3,1,5,3,1,1,3
4,4,4,35,0.1,1,3,1,1,1,240.75,1,19,1,3,1,3,8,3,1,1,3
4,4,4,36,0.05,2,3,2,2,1,344.61,0,18,1,1,2,2,2,1,3,3,1
4,4,4,37,0.4,2,3,2,2,1,255.53,1,17,3,1,2,2,2,3,3,1,1
4,4,4,38,0.2,2,2,2,2,1,304.53,0,2,3,1,2,2,8,3,3,2,2
4,4,4,39,0.1,1,3,1,1,1,225.46,1,12,3,3,3,3,11,3,1,1,3
4,4,4,40,0.2,1,1,1,1,1,245.6,1,12,3,3,3,3,4,3,3,3,3
4,4,4,41,0.8,1,1,1,2,0,206.72,1,11,1,3,1,3,9,3,1,3,1
4,4,4,42,0.05,1,2,1,1,1,244.94,1,15,3,1,3,1,1,3,1,2,2
4,4,4,43,1.8,1,3,1,1,1,240.81,1,13,3,1,3,1,10,1,1,3,3
4,4,4,44,0.1,2,1,2,1,0,297.39,1,8,3,1,2,2,16,3,3,3,3
4,4,4,45,0.8,2,2,2,2,1,236.45,1,6,3,3,2,2,15,3,3,2,2
4,4,4,46,0.4,3,2,2,2,1,245.52,1,18,3,3,1,1,7,3,1,2,2
4,4,4,47,0.2,2,2,2,2,1,292.56,1,18,1,3,2,2,8,1,1,2,2
4,4,4,48,1.8,1,3,1,1,1,231.43,1,5,3,1,3,1,5,1,3,3,1
4,4,4,49,0.4,1,1,1,1,1,221.59,1,11,3,1,3,1,8,3,3,3,3
4,4,4,50,0.2,1,3,1,1,1,258.33,1,13,1,3,1,3,15,1,1,3,3
4,4,4,51,0.4,3,3,2,2,1,240.54,1,8,1,3,3,1,1,1,3,3,1
4,4,4,52,0.8,1,1,1,1,1,293.45,1,11,1,3,1,3,5,3,1,3,1
4,4,4,53,1.8,3,2,2,2,1,243.65,1,12,3,3,1,1,13,1,3,2,2
4,4,4,54,0.2,3,3,2,2,1,264.66,1,11,1,3,3,1,3,1,1,3,3
4,4,4,55,0.8,1,1,1,1,1,218.7,1,11,3,3,3,3,20,1,3,1,3
4,4,4,56,0.05,2,2,2,2,1,287.6,1,3,3,3,2,2,6,1,3,2,2
4,4,4,57,0.4,2,1,2,1,0,256.64,1,9,3,3,2,2,14,3,3,3,3
4,4,4,58,0.8,1,3,1,1,1,221.19,1,14,3,1,3,1,5,1,1,3,3
4,4,4,59,1.8,3,2,2,2,1,233.76,1,11,3,1,1,3,1,1,3,2,2
4,4,4,60,0.8,2,3,2,2,1,229.34,1,17,1,3,2,2,11,3,3,1,1
4,4,4,61,0.4,1,1,1,1,1,256.4,1,13,1,3,1,3,9,1,1,1,1
4,4,4,62,0.1,3,2,2,2,1,317.64,0,18,3,1,1,3,15,1,1,2,2
4,4,4,63,1.8,2,2,2,2,1,225.6,1,16,1,3,2,2,1,3,1,2,2
4,4,4,64,1.8,3,2,2,2,1,213.69,1,15,1,1,3,3,14,3,3,2,2
4,4,4,65,0.4,2,1,2,1,0,223.95,1,2,3,1,2,2,13,1,3,1,3
4,4,4,66,1.8,1,2,1,1,1,195.94,1,4,1,3,1,3,7,1,3,2,2
4,4,4,67,0.1,1,3,1,1,1,201.47,1,6,3,3,3,3,9,1,1,3,3
4,4,4,68,0.1,2,1,2,2,1,285.96,1,17,1,1,2,2,17,1,1,1,1
4,4,4,69,0.8,3,3,2,2,1,230.11,1,20,3,1,1,3,1,1,1,3,3
4,4,4,70,0.8,3,3,2,2,1,246.98,1,18,1,1,3,3,17,3,3,1,1
4,4,4,71,1.8,3,3,2,2,1,354.6,0,13,1,1,3,3,10,3,3,1,1
4,4,4,72,0.4,3,1,2,2,1,229.81,1,13,3,3,1,1,19,1,1,1,1
4,4,4,73,1.8,2,2,2,2,1,236.2,1,16,3,3,2,2,19,3,1,2,2
4,4,4,74,0.2,1,1,1,1,1,195.14,1,4,3,1,3,1,10,1,1,1,1
4,4,4,75,0.4,2,3,2,1,0,233.99,1,12,3,1,2,2,7,3,1,1,3
4,4,4,76,1.8,2,3,2,1,0,244.78,1,9,1,1,2,2,9,3,3,1,1
4,4,4,77,0.8,2,2,2,2,1,256.97,1,11,3,3,2,2,5,1,1,2,2
4,4,4,78,0.05,1,3,1,1,1,301.17,0,18,1,3,1,3,11,1,1,3,3
4,4,5,1,0.8,3,2,2,2,1,229.83,1,9,1,3,3,1,9,1,1,2,2
4,4,5,2,0.4,1,2,1,1,1,326.48,0,7,3,3,3,3,19,1,3,2,2
4,4,5,3,0.8,1,2,1,1,1,222.13,1,6,1,3,1,3,7,1,1,2,2
4,4,5,4,0.8,1,1,1,1,1,232.53,1,5,3,1,3,1,1,3,1,3,1
4,4,5,5,0.1,2,1,2,1,0,223.62,1,12,1,3,2,2,15,1,1,1,1
4,4,5,6,1.8,3,1,2,2,1,264.73,1,10,3,1,1,3,11,1,3,1,3
4,4,5,7,0.1,1,1,1,1,1,244.06,1,9,3,1,3,1,7,3,3,3,3
4,4,5,8,1.8,3,3,2,2,1,240.34,1,20,1,3,3,1,14,3,3,1,1
4,4,5,9,0.2,1,1,1,1,1,213.36,1,4,3,1,3,1,2,3,1,3,1
4,4,5,10,0.2,2,3,2,2,1,213.12,1,3,1,3,2,2,8,1,3,3,1
4,4,5,11,0.4,1,2,1,1,1,224.83,1,7,1,1,1,1,10,3,3,2,2
4,4,5,12,0.1,1,2,1,1,1,257.9,1,7,3,1,3,1,15,3,3,2,2
4,4,5,13,1.8,1,3,1,1,1,217.43,1,17,1,1,1,1,18,3,3,1,1
4,4,5,14,0.05,1,3,1,2,0,264.02,1,18,3,3,3,3,9,1,1,3,3
4,4,5,15,0.2,1,1,1,1,1,258.18,1,8,3,3,3,3,5,3,1,3,1
4,4,5,16,0.4,2,2,2,2,1,257.73,1,17,3,3,2,2,17,1,1,2,2
4,4,5,17,0.05,3,2,2,2,1,303.37,0,19,1,3,3,1,11,1,3,2,2
4,4,5,18,1.8,1,1,1,1,1,243.67,1,17,3,3,3,3,11,3,3,3,3
4,4,5,19,0.2,2,3,2,2,1,209.76,1,6,1,1,2,2,9,1,3,3,1
4,4,5,20,0.2,1,1,1,1,1,223.57,1,1,1,1,1,1,11,1,1,1,1
4,4,5,21,1.8,2,2,2,2,1,226.71,1,14,1,3,2,2,17,1,1,2,2
4,4,5,22,0.1,3,3,2,2,1,449.67,0,1,1,1,3,3,4,1,3,3,1
4,4,5,23,0.8,1,2,1,1,1,271.37,1,10,3,1,3,1,2,3,3,2,2
4,4,5,24,0.8,3,2,2,2,1,273.47,1,13,1,3,3,1,13,1,3,2,2
4,4,5,25,1.8,3,1,2,2,1,225.58,1,2,3,1,1,3,12,1,3,1,3
4,4,5,26,0.8,2,3,2,2,1,241.75,1,11,3,3,2,2,16,3,1,1,3
4,4,5,27,0.05,2,3,2,2,1,317.98,0,15,1,3,2,2,13,3,1,1,3
4,4,5,28,0.05,2,3,2,2,1,336.11,0,10,3,1,2,2,17,1,3,3,1
4,4,5,29,0.8,3,1,2,2,1,228.88,1,8,3,3,1,1,19,3,1,3,1
4,4,5,30,0.4,1,1,1,1,1,222.01,1,5,1,3,1,3,7,3,3,3,3
4,4,5,31,0.4,2,3,2,2,1,224.47,1,20,3,3,2,2,1,3,1,1,3
4,4,5,32,0.05,3,3,2,2,1,322.42,0,20,1,3,3,1,5,1,1,3,3
4,4,5,33,0.8,1,2,1,1,1,261.79,1,14,3,3,3,3,14,1,3,2,2
4,4,5,34,0.1,1,2,1,1,1,242.01,1,12,1,3,1,3,15,1,3,2,2
4,4,5,35,0.4,3,3,2,2,1,236.48,1,3,1,3,3,1,17,3,3,1,1
4,4,5,36,1.8,1,1,1,1,1,256.87,1,3,1,1,1,1,4,3,1,3,1
4,4,5,37,0.05,3,1,2,2,1,290.64,1,4,3,3,1,1,10,1,3,1,3
4,4,5,38,0.8,2,2,2,2,1,215.04,1,20,3,3,2,2,16,3,1,2,2
4,4,5,39,0.2,1,3,1,1,1,239.78,1,15,1,3,1,3,7,3,1,1,3
4,4,5,40,0.8,1,2,1,1,1,242.3,1,19,3,3,3,3,8,1,1,2,2
4,4,5,41,0.1,1,1,1,1,1,271.08,1,15,3,3,3,3,6,1,1,1,1
4,4,5,42,0.4,3,1,2,2,1,236.48,1,15,3,1,1,3,12,3,1,3,1
4,4,5,43,0.2,1,3,1,1,1,242.6,1,17,1,1,1,1,8,1,3,3,1
4,4,5,44,0.1,2,1,2,2,1,279.26,1,11,3,1,2,2,20,1,1,1,1
4,4,5,45,0.05,1,2,1,1,1,248.46,1,2,3,3,3,3,14,1,3,2,2
4,4,5,46,0.05,1,1,1,2,0,302.42,0,1,1,1,1,1,12,1,1,1,1
4,4,5,47,1.8,2,1,2,2,1,219.57,1,14,1,3,2,2,13,3,3,3,3
4,4,5,48,0.2,1,1,1,1,1,193.93,1,10,3,1,3,1,5,1,3,1,3
4,4,5,49,0.1,3,1,2,2,1,270.36,1,14,3,3,1,1,2,1,3,1,3
4,4,5,50,0.8,2,2,2,2,1,251.09,1,9,1,3,2,2,2,3,1,2,2
4,4,5,51,0.4,3,2,2,2,1,263.13,1,4,1,1,3,3,2,3,1,2,2
4,4,5,52,0.8,1,2,1,2,0,216.39,1,20,1,3,1,3,3,1,3,2,2
4,4,5,53,0.05,1,1,1,1,1,514.86,0,15,3,1,3,1,18,1,1,1,1
4,4,5,54,1.8,1,3,1,1,1,208.6,1,12,3,3,3,3,10,1,3,3,1
4,4,5,55,0.2,3,1,2,2,1,212.63,1,11,1,3,3,1,8,1,3,1,3
4,4,5,56,1.8,3,1,2,2,1,194.55,1,17,1,3,3,1,10,1,1,1,1
4,4,5,57,0.1,3,1,2,2,1,283.64,1,9,1,3,3,1,8,3,1,3,1
4,4,5,58,0.4,3,3,2,2,1,232.06,1,18,1,1,3,3,10,3,3,1,1
4,4,5,59,0.4,3,3,2,2,1,278.97,1,18,1,3,3,1,17,3,3,1,1
4,4,5,60,0.05,1,1,1,1,1,287.1,1,7,3,1,3,1,10,3,1,3,1
4,4,5,61,0.1,1,3,1,1,1,213.8,1,10,3,3,3,3,13,1,3,3,1
4,4,5,62,0.05,1,3,1,1,1,261.19,1,14,1,3,1,3,5,1,1,3,3
4,4,5,63,0.8,2,3,2,2,1,248.5,1,15,3,1,2,2,16,1,1,3,3
4,4,5,64,0.2,2,1,2,2,1,231.83,1,14,3,1,2,2,18,3,1,3,1
4,4,5,65,0.2,3,1,2,2,1,198.19,1,20,1,1,3,3,19,1,1,1,1
4,4,5,66,0.05,2,2,2,1,0,285.56,1,8,1,1,2,2,18,3,1,2,2
4,4,5,67,0.05,1,3,1,1,1,253.41,1,15,3,1,3,1,14,3,3,1,1
4,4,5,68,0.4,2,1,2,2,1,253.32,1,5,1,3,2,2,15,1,3,1,3
4,4,5,69,0.4,1,3,1,2,0,253.53,1,10,3,3,3,3,18,3,3,1,1
4,4,5,70,0.2,3,1,2,2,1,238.17,1,4,3,1,1,3,6,3,3,3,3
4,4,5,71,1.8,3,2,2,2,1,232.73,1,19,1,1,3,3,10,3,3,2,2
4,4,5,72,0.2,1,2,1,1,1,231.05,1,18,3,1,3,1,17,3,1,2,2
4,4,5,73,1.8,2,3,2,2,1,211.37,1,12,3,3,2,2,1,1,3,3,1
4,4,5,74,0.4,2,1,2,1,0,226.67,1,4,3,1,2,2,10,1,1,1,1
4,4,5,75,0.1,1,1,1,1,1,255.17,1,7,1,1,1,1,9,3,3,3,3
4,4,5,76,0.1,2,2,2,2,1,252.68,1,16,1,1,2,2,4,3,3,2,2
4,4,5,77,0.1,3,1,2,2,1,272.36,1,14,1,1,3,3,19,3,1,3,1
4,4,5,78,1.8,3,3,2,2,1,228.13,1,20,3,3,1,1,2,3,3,1,1
4,4,6,1,0.05,2,2,2,1,0,251.61,1,16,3,1,2,2,2,1,3,2,2
4,4,6,2,1.8,1,3,1,1,1,217.83,1,2,3,3,3,3,15,1,3,3,1
4,4,6,3,0.1,1,1,1,1,1,238.65,1,17,3,3,3,3,18,3,1,3,1
4,4,6,4,1.8,1,2,1,2,0,223.23,1,5,1,1,1,1,12,1,3,2,2
4,4,6,5,1.8,1,2,1,1,1,213.44,1,5,3,3,3,3,18,1,3,2,2
4,4,6,6,0.1,2,2,2,2,1,308.7,0,15,1,1,2,2,16,3,3,2,2
4,4,6,7,0.05,3,1,2,1,0,294.42,1,14,3,1,1,3,2,1,1,1,1
4,4,6,8,0.2,3,2,2,2,1,224.16,1,8,1,1,3,3,17,1,3,2,2
4,4,6,9,0.1,3,1,2,2,1,759.84,0,17,3,3,1,1,2,1,3,1,3
4,4,6,10,0.4,3,3,2,2,1,224.76,1,14,1,3,3,1,4,1,3,3,1
4,4,6,11,0.1,3,2,2,2,1,238.68,1,16,3,1,1,3,2,1,1,2,2
4,4,6,12,0.05,1,1,1,1,1,285.83,1,14,1,3,1,3,15,3,3,3,3
4,4,6,13,0.05,2,2,2,1,0,285.16,1,6,1,3,2,2,2,3,3,2,2
4,4,6,14,1.8,1,1,NaN,NaN,NaN,NaN,NaN,10,3,1,3,1,8,3,3,3,3
4,4,6,15,0.8,1,1,1,1,1,233.11,1,18,3,1,3,1,1,3,1,3,1
4,4,6,16,0.4,3,3,2,2,1,220.45,1,15,3,1,1,3,1,3,1,1,3
4,4,6,17,0.8,2,3,2,1,0,225.04,1,9,1,1,2,2,15,1,3,3,1
4,4,6,18,0.2,3,3,2,2,1,239.15,1,3,1,1,3,3,10,1,3,3,1
4,4,6,19,0.05,3,2,2,2,1,226.62,1,19,3,3,1,1,10,1,3,2,2
4,4,6,20,0.2,2,2,2,1,0,233.57,1,9,3,1,2,2,7,3,1,2,2
4,4,6,21,0.2,3,2,2,2,1,287.57,1,11,1,3,3,1,18,1,3,2,2
4,4,6,22,1.8,2,3,2,2,1,226.62,1,6,3,1,2,2,14,3,3,1,1
4,4,6,23,1.8,3,1,2,2,1,243.86,1,16,1,1,3,3,6,1,1,1,1
4,4,6,24,0.2,1,3,1,1,1,220.83,1,6,1,3,1,3,17,3,1,1,3
4,4,6,25,0.4,3,3,2,2,1,234.32,1,9,3,1,1,3,8,1,1,3,3
4,4,6,26,1.8,3,3,2,2,1,222.79,1,3,1,3,3,1,7,3,3,1,1
4,4,6,27,0.4,3,3,2,2,1,249.32,1,11,1,1,3,3,7,1,1,3,3
4,4,6,28,0.05,1,1,1,1,1,301.18,0,20,1,1,1,1,8,1,1,1,1
4,4,6,29,0.2,1,1,1,1,1,262.28,1,4,1,3,1,3,19,3,3,3,3
4,4,6,30,0.8,1,3,1,1,1,236.27,1,2,3,1,3,1,8,3,1,1,3
4,4,6,31,0.1,1,2,1,1,1,266.54,1,10,3,1,3,1,2,1,1,2,2
4,4,6,32,0.2,2,1,2,2,1,245.47,1,7,3,1,2,2,6,1,1,1,1
4,4,6,33,0.8,1,3,1,1,1,236.17,1,2,1,3,1,3,20,3,1,1,3
4,4,6,34,0.8,2,1,2,2,1,233.52,1,2,1,1,2,2,17,1,1,1,1
4,4,6,35,1.8,1,2,NaN,NaN,NaN,NaN,NaN,19,3,1,3,1,14,1,3,2,2
4,4,6,36,0.1,1,2,1,1,1,237.15,1,9,3,3,3,3,9,3,3,2,2
4,4,6,37,0.2,3,1,2,2,1,277.02,1,18,1,1,3,3,8,3,1,3,1
4,4,6,38,0.4,1,2,1,1,1,262.5,1,7,3,1,3,1,3,1,1,2,2
4,4,6,39,0.05,2,1,2,2,1,245.39,1,8,1,1,2,2,20,3,3,3,3
4,4,6,40,0.8,1,2,1,1,1,261.51,1,8,1,3,1,3,1,1,1,2,2
4,4,6,41,0.2,1,2,1,1,1,219.83,1,12,3,1,3,1,20,3,1,2,2
4,4,6,42,1.8,3,3,2,2,1,217.99,1,5,1,3,3,1,11,3,3,1,1
4,4,6,43,1.8,2,3,2,2,1,245.45,1,6,3,3,2,2,9,1,1,3,3
4,4,6,44,0.05,1,3,1,1,1,271.75,1,14,1,3,1,3,3,1,1,3,3
4,4,6,45,0.1,1,1,1,1,1,263.29,1,9,3,1,3,1,10,3,3,3,3
4,4,6,46,0.8,2,1,2,2,1,258.05,1,19,3,3,2,2,2,3,3,3,3
4,4,6,47,0.1,1,1,1,1,1,429.38,0,3,3,3,3,3,2,3,3,3,3
4,4,6,48,0.1,3,2,2,2,1,277.21,1,4,1,1,3,3,12,3,1,2,2
4,4,6,49,0.8,2,1,2,2,1,224.03,1,4,1,3,2,2,4,1,1,1,1
4,4,6,50,0.4,1,3,1,1,1,207.22,1,12,3,1,3,1,5,3,1,1,3
4,4,6,51,0.2,3,1,2,2,1,246.19,1,7,3,3,1,1,17,3,3,3,3
4,4,6,52,0.05,1,3,1,1,1,225.43,1,10,1,3,1,3,10,3,3,1,1
4,4,6,53,0.05,2,1,2,2,1,279.67,1,7,1,1,2,2,7,3,1,3,1
4,4,6,54,1.8,3,2,2,2,1,256.94,1,14,3,1,1,3,8,1,3,2,2
4,4,6,55,0.05,1,1,1,1,1,298.47,1,5,1,3,1,3,6,1,3,1,3
4,4,6,56,0.05,2,2,2,2,1,313.2,0,8,3,3,2,2,12,3,1,2,2
4,4,6,57,0.1,1,2,1,1,1,305.01,0,16,1,3,1,3,4,1,1,2,2
4,4,6,58,0.2,1,2,1,1,1,250.06,1,11,3,3,3,3,12,1,3,2,2
4,4,6,59,0.4,3,1,2,2,1,234.06,1,2,1,3,3,1,3,3,3,3,3
4,4,6,60,0.1,1,1,1,1,1,228.43,1,3,1,1,1,1,17,3,1,3,1
4,4,6,61,0.4,1,3,1,1,1,214.67,1,2,1,3,1,3,12,3,3,1,1
4,4,6,62,0.4,1,2,1,1,1,214.57,1,12,3,3,3,3,14,1,1,2,2
4,4,6,63,0.8,1,3,1,1,1,258.07,1,2,3,3,3,3,19,3,1,1,3
4,4,6,64,0.1,1,1,1,1,1,258.47,1,16,3,3,3,3,15,1,3,1,3
4,4,6,65,0.05,1,1,1,1,1,269.49,1,20,3,3,3,3,4,1,3,1,3
4,4,6,66,1.8,1,1,1,2,0,212.42,1,18,1,3,1,3,2,3,1,3,1
4,4,6,67,1.8,1,3,1,1,1,251.65,1,18,3,1,3,1,11,1,1,3,3
4,4,6,68,0.1,2,3,2,2,1,267.39,1,13,1,3,2,2,16,3,1,1,3
4,4,6,69,0.8,3,3,2,2,1,236.75,1,15,3,1,1,3,5,3,1,1,3
4,4,6,70,0.4,2,2,2,1,0,276.82,1,7,3,3,2,2,11,3,1,2,2
4,4,6,71,0.2,1,1,1,1,1,220.54,1,2,1,3,1,3,2,3,3,3,3
4,4,6,72,0.2,1,1,1,1,1,250.67,1,20,3,3,3,3,16,3,1,3,1
4,4,6,73,0.8,1,1,1,1,1,247.1,1,10,1,3,1,3,15,1,1,1,1
4,4,6,74,0.8,1,2,1,1,1,219.15,1,3,1,1,1,1,1,1,3,2,2
4,4,6,75,0.4,1,3,1,1,1,230.07,1,16,3,1,3,1,12,3,3,1,1
4,4,6,76,0.4,1,2,1,1,1,250.82,1,9,3,1,3,1,7,1,3,2,2
4,4,6,77,0.8,3,2,2,2,1,235.57,1,11,1,3,3,1,6,1,1,2,2
4,4,6,78,0.4,1,1,1,1,1,221.62,1,20,1,1,1,1,4,1,1,1,1
4,4,7,1,1.8,1,2,1,1,1,228.03,1,6,1,1,1,1,9,3,1,2,2
4,4,7,2,1.8,3,2,2,2,1,218.55,1,19,1,1,3,3,13,3,3,2,2
4,4,7,3,0.05,2,3,2,2,1,304.44,0,3,3,3,2,2,12,1,1,3,3
4,4,7,4,0.1,3,1,2,2,1,254.47,1,19,3,3,1,1,7,1,1,1,1
4,4,7,5,0.4,1,1,1,1,1,249.37,1,3,1,1,1,1,17,3,1,3,1
4,4,7,6,0.8,3,1,2,2,1,256.83,1,16,1,3,3,1,19,3,3,3,3
4,4,7,7,0.4,2,1,2,2,1,258.29,1,19,3,1,2,2,2,1,3,1,3
4,4,7,8,0.8,1,1,1,1,1,264.16,1,7,3,3,3,3,20,3,3,3,3
4,4,7,9,0.8,1,2,1,1,1,241.4,1,15,3,1,3,1,11,1,1,2,2
4,4,7,10,0.1,3,2,2,2,1,257.19,1,4,3,3,1,1,15,1,3,2,2
4,4,7,11,0.1,1,3,1,1,1,312.07,0,8,3,1,3,1,2,3,3,1,1
4,4,7,12,0.4,2,3,2,2,1,260.82,1,15,3,1,2,2,10,3,1,1,3
4,4,7,13,0.4,1,1,1,1,1,452.75,0,5,1,3,1,3,13,3,3,3,3
4,4,7,14,0.8,1,1,1,1,1,236.74,1,15,3,1,3,1,20,3,3,3,3
4,4,7,15,0.05,1,3,1,1,1,283.36,1,9,1,3,1,3,11,1,1,3,3
4,4,7,16,0.05,2,1,2,1,0,295.81,1,18,1,3,2,2,7,1,3,1,3
4,4,7,17,0.2,3,3,2,2,1,227.42,1,9,1,3,3,1,13,1,3,3,1
4,4,7,18,1.8,3,3,2,2,1,217.66,1,16,1,1,3,3,11,3,3,1,1
4,4,7,19,0.4,2,1,2,2,1,281.69,1,8,3,3,2,2,2,3,1,3,1
4,4,7,20,0.4,1,1,1,1,1,209.56,1,17,1,1,1,1,20,3,1,3,1
4,4,7,21,0.2,1,1,1,1,1,247.47,1,13,1,1,1,1,16,3,1,3,1
4,4,7,22,0.05,2,3,2,2,1,295.15,1,6,3,3,2,2,10,3,1,1,3
4,4,7,23,0.1,1,1,1,1,1,243.43,1,5,3,1,3,1,5,1,3,1,3
4,4,7,24,0.1,2,2,2,2,1,269.23,1,3,3,3,2,2,13,3,3,2,2
4,4,7,25,0.8,1,1,1,1,1,201.37,1,8,1,1,1,1,16,1,1,1,1
4,4,7,26,1.8,3,3,2,2,1,257.58,1,3,1,3,3,1,3,3,1,1,3
4,4,7,27,0.05,1,1,1,1,1,272.85,1,10,3,1,3,1,20,3,3,3,3
4,4,7,28,0.05,3,1,2,2,1,321.39,0,3,1,1,3,3,2,1,1,1,1
4,4,7,29,0.1,2,3,2,1,0,293.25,1,4,1,3,2,2,15,3,3,1,1
4,4,7,30,1.8,3,2,2,2,1,261.34,1,3,3,3,1,1,12,1,1,2,2
4,4,7,31,1.8,2,1,2,2,1,214.88,1,4,3,1,2,2,19,3,1,3,1
4,4,7,32,0.4,1,3,1,1,1,249.08,1,5,3,1,3,1,2,1,1,3,3
4,4,7,33,0.2,1,1,1,1,1,264.06,1,15,1,3,1,3,1,1,1,1,1
4,4,7,34,0.8,2,1,2,1,0,389.56,0,15,3,3,2,2,18,1,1,1,1
4,4,7,35,1.8,1,3,1,1,1,224.72,1,2,3,1,3,1,15,3,1,1,3
4,4,7,36,0.2,2,2,2,2,1,250.87,1,6,3,1,2,2,18,1,3,2,2
4,4,7,37,0.1,1,2,1,1,1,217.68,1,8,1,3,1,3,17,1,1,2,2
4,4,7,38,0.05,1,2,1,1,1,266.38,1,16,3,1,3,1,19,3,1,2,2
4,4,7,39,0.8,1,1,1,1,1,246.47,1,11,1,1,1,1,10,3,3,3,3
4,4,7,40,0.4,3,3,2,2,1,250.61,1,8,3,1,1,3,3,1,1,3,3
4,4,7,41,1.8,2,2,2,2,1,269.57,1,14,1,3,2,2,16,1,1,2,2
4,4,7,42,0.1,1,1,1,1,1,253.37,1,12,3,1,3,1,10,3,1,3,1
4,4,7,43,0.8,1,1,1,1,1,216.8,1,5,1,3,1,3,5,1,1,1,1
4,4,7,44,0.2,2,1,2,2,1,239.59,1,19,3,3,2,2,13,1,3,1,3
4,4,7,45,0.8,1,1,1,1,1,218.82,1,16,3,1,3,1,16,3,3,3,3
4,4,7,46,1.8,1,2,1,1,1,267.14,1,15,3,3,3,3,17,3,3,2,2
4,4,7,47,0.8,2,1,2,2,1,255.63,1,16,3,3,2,2,20,1,1,1,1
4,4,7,48,0.05,1,1,1,1,1,308.87,0,6,1,3,1,3,16,3,3,3,3
4,4,7,49,0.4,1,2,1,1,1,210.31,1,12,3,1,3,1,9,3,1,2,2
4,4,7,50,0.2,1,1,1,1,1,224.16,1,8,3,3,3,3,8,3,1,3,1
4,4,7,51,0.1,1,1,1,1,1,259.04,1,5,1,3,1,3,2,3,1,3,1
4,4,7,52,0.05,1,3,1,1,1,267.83,1,12,3,1,3,1,1,1,3,3,1
4,4,7,53,1.8,2,2,2,2,1,314.26,0,12,3,3,2,2,7,3,1,2,2
4,4,7,54,0.05,1,2,1,1,1,247.29,1,13,1,1,1,1,6,1,3,2,2
4,4,7,55,0.4,1,1,1,1,1,205.17,1,20,3,1,3,1,2,3,1,3,1
4,4,7,56,0.4,3,1,2,2,1,269.69,1,8,3,1,1,3,12,1,3,1,3
4,4,7,57,0.05,1,2,1,1,1,301.74,0,5,3,1,3,1,19,1,1,2,2
4,4,7,58,0.8,2,3,2,2,1,243.42,1,8,3,3,2,2,12,3,3,1,1
4,4,7,59,0.05,1,2,1,1,1,264.03,1,13,3,1,3,1,11,3,1,2,2
4,4,7,60,1.8,1,1,1,1,1,248.36,1,15,1,1,1,1,13,1,3,1,3
4,4,7,61,0.8,1,1,1,1,1,245.52,1,7,1,3,1,3,9,3,1,3,1
4,4,7,62,0.1,1,3,1,1,1,259.95,1,17,1,3,1,3,11,1,3,3,1
4,4,7,63,0.2,1,1,1,1,1,251.47,1,7,3,1,3,1,2,1,3,1,3
4,4,7,64,1.8,2,3,2,1,0,227.18,1,1,1,1,2,2,10,1,1,3,3
4,4,7,65,0.2,2,3,2,1,0,281.14,1,15,1,3,2,2,5,3,3,1,1
4,4,7,66,0.2,1,2,1,1,1,235.08,1,4,3,1,3,1,8,1,3,2,2
4,4,7,67,0.4,1,1,1,2,0,252.34,1,17,1,3,1,3,8,1,3,1,3
4,4,7,68,0.1,1,2,1,1,1,288.62,1,6,1,1,1,1,2,1,3,2,2
4,4,7,69,0.05,3,3,2,1,0,251.67,1,20,1,1,3,3,10,1,1,3,3
4,4,7,70,0.4,3,1,2,2,1,236.32,1,14,1,1,3,3,10,1,1,1,1
4,4,7,71,0.8,1,1,1,1,1,227.34,1,1,3,3,3,3,17,3,3,3,3
4,4,7,72,0.2,1,2,1,1,1,222.66,1,2,3,1,3,1,20,3,1,2,2
4,4,7,73,0.1,3,2,2,2,1,242.79,1,5,3,1,1,3,15,1,3,2,2
4,4,7,74,0.2,1,3,1,1,1,250.9,1,19,1,1,1,1,17,1,1,3,3
4,4,7,75,0.2,3,2,2,2,1,233.39,1,7,1,1,3,3,1,3,1,2,2
4,4,7,76,0.2,2,1,2,2,1,271.62,1,3,1,3,2,2,20,3,1,3,1
4,4,7,77,0.1,1,2,1,1,1,273.74,1,1,3,3,3,3,15,1,1,2,2
4,4,7,78,1.8,2,3,2,2,1,265.02,1,8,3,3,2,2,12,1,1,3,3
4,4,8,1,0.8,1,3,1,1,1,216.89,1,14,1,3,1,3,16,3,1,1,3
4,4,8,2,0.2,1,1,1,1,1,173.06,1,17,3,3,3,3,6,1,1,1,1
4,4,8,3,0.4,2,2,2,2,1,231.5,1,17,1,3,2,2,3,1,1,2,2
4,4,8,4,0.05,2,1,2,1,0,255.56,1,4,3,3,2,2,8,1,1,1,1
4,4,8,5,0.8,1,2,NaN,NaN,NaN,NaN,NaN,16,3,1,3,1,5,3,3,2,2
4,4,8,6,0.8,2,1,2,2,1,236.59,1,2,1,3,2,2,19,3,1,3,1
4,4,8,7,0.1,1,2,1,1,1,244.33,1,12,3,1,3,1,7,1,3,2,2
4,4,8,8,0.8,1,2,1,1,1,236.89,1,13,3,3,3,3,2,3,3,2,2
4,4,8,9,0.4,1,3,1,1,1,257.24,1,8,1,3,1,3,8,1,3,3,1
4,4,8,10,0.1,3,1,2,2,1,346.6,0,3,1,3,3,1,9,1,3,1,3
4,4,8,11,0.4,1,3,1,1,1,208.53,1,17,1,3,1,3,1,3,1,1,3
4,4,8,12,0.4,1,2,1,1,1,224.7,1,10,3,3,3,3,2,1,1,2,2
4,4,8,13,0.2,2,3,2,1,0,274.24,1,12,1,3,2,2,10,3,1,1,3
4,4,8,14,0.4,2,2,2,2,1,248.24,1,20,3,3,2,2,11,3,1,2,2
4,4,8,15,0.8,1,3,1,2,0,225.64,1,14,3,3,3,3,2,1,1,3,3
4,4,8,16,0.4,3,3,2,2,1,224.23,1,3,1,1,3,3,2,3,3,1,1
4,4,8,17,0.4,1,1,1,1,1,173.03,1,8,1,3,1,3,17,3,3,3,3
4,4,8,18,0.8,3,1,2,2,1,191.46,1,19,3,1,1,3,8,1,1,1,1
4,4,8,19,0.8,1,3,1,1,1,213.77,1,17,3,1,3,1,4,1,3,3,1
4,4,8,20,0.05,1,2,1,1,1,294.74,1,18,3,1,3,1,19,1,1,2,2
4,4,8,21,0.05,1,3,1,1,1,269.54,1,2,3,1,3,1,19,3,3,1,1
4,4,8,22,1.8,3,3,2,2,1,208.49,1,15,3,3,1,1,3,3,1,1,3
4,4,8,23,0.05,2,1,2,1,0,273.67,1,9,1,1,2,2,16,3,1,3,1
4,4,8,24,0.05,1,3,1,1,1,256.1,1,18,1,1,1,1,9,1,3,3,1
4,4,8,25,1.8,1,2,1,1,1,218.04,1,12,1,3,1,3,14,1,1,2,2
4,4,8,26,1.8,2,1,2,2,1,242.31,1,20,3,3,2,2,8,1,3,1,3
4,4,8,27,1.8,2,3,2,2,1,275.54,1,1,1,3,2,2,11,1,1,3,3
4,4,8,28,0.05,1,1,1,1,1,705.27,0,5,3,1,3,1,10,1,3,1,3
4,4,8,29,1.8,1,3,1,1,1,230.97,1,8,3,3,3,3,20,1,3,3,1
4,4,8,30,0.4,1,1,1,1,1,254.12,1,5,1,1,1,1,16,1,1,1,1
4,4,8,31,0.1,1,1,1,1,1,334.81,0,3,1,3,1,3,6,1,3,1,3
4,4,8,32,0.1,3,1,2,2,1,275.13,1,7,1,1,3,3,19,3,1,3,1
4,4,8,33,0.8,3,1,2,2,1,265.63,1,3,3,3,1,1,6,1,1,1,1
4,4,8,34,0.2,1,1,1,1,1,174.94,1,8,3,3,3,3,8,3,1,3,1
4,4,8,35,0.1,1,3,1,1,1,222.61,1,7,3,3,3,3,10,1,3,3,1
4,4,8,36,0.1,1,3,1,1,1,229.83,1,19,3,1,3,1,1,3,1,1,3
4,4,8,37,0.05,1,1,1,1,1,235.82,1,2,3,3,3,3,16,1,1,1,1
4,4,8,38,0.8,1,1,NaN,NaN,NaN,NaN,NaN,7,3,1,3,1,15,1,1,1,1
4,4,8,39,0.4,3,1,2,2,1,251.8,1,12,1,3,3,1,20,1,3,1,3
4,4,8,40,0.05,3,2,2,2,1,318.87,0,4,1,3,3,1,17,1,3,2,2
4,4,8,41,1.8,1,1,1,1,1,209.15,1,2,1,3,1,3,20,1,3,1,3
4,4,8,42,0.8,2,1,2,2,1,248.58,1,13,3,3,2,2,18,3,1,3,1
4,4,8,43,0.1,1,1,1,1,1,271.54,1,15,1,3,1,3,15,1,3,1,3
4,4,8,44,1.8,3,3,2,2,1,255.83,1,7,3,3,1,1,8,1,3,3,1
4,4,8,45,1.8,1,3,1,1,1,234.83,1,13,3,1,3,1,6,3,3,1,1
4,4,8,46,1.8,3,1,2,2,1,268,1,4,3,3,1,1,12,3,3,3,3
4,4,8,47,0.1,1,2,1,1,1,226.22,1,5,3,1,3,1,5,3,1,2,2
4,4,8,48,0.05,1,1,1,1,1,264.76,1,15,1,1,1,1,14,1,1,1,1
4,4,8,49,0.2,1,1,1,1,1,229.82,1,9,3,1,3,1,11,1,1,1,1
4,4,8,50,0.05,2,2,2,1,0,302.66,0,5,1,3,2,2,1,1,3,2,2
4,4,8,51,0.2,3,3,2,2,1,252.37,1,12,1,3,3,1,11,3,3,1,1
4,4,8,52,1.8,2,1,2,2,1,248.75,1,2,3,3,2,2,7,3,1,3,1
4,4,8,53,0.2,1,2,1,1,1,237.78,1,12,3,1,3,1,14,1,3,2,2
4,4,8,54,0.4,1,3,1,1,1,196.55,1,13,1,1,1,1,8,3,3,1,1
4,4,8,55,0.05,1,3,1,1,1,301.51,0,9,3,3,3,3,1,1,3,3,1
4,4,8,56,0.2,2,2,2,2,1,231.1,1,9,3,3,2,2,7,3,1,2,2
4,4,8,57,0.2,1,3,1,1,1,240.22,1,19,1,3,1,3,14,3,3,1,1
4,4,8,58,0.4,2,2,2,2,1,234.31,1,16,3,3,2,2,11,1,3,2,2
4,4,8,59,0.4,1,1,1,1,1,181.11,1,19,3,1,3,1,3,1,1,1,1
4,4,8,60,1.8,1,2,1,1,1,225.3,1,20,1,1,1,1,4,1,1,2,2
4,4,8,61,0.1,2,2,2,1,0,262.46,1,18,3,3,2,2,9,1,1,2,2
4,4,8,62,0.05,2,2,2,2,1,298.02,1,2,1,3,2,2,19,1,3,2,2
4,4,8,63,0.2,2,3,2,2,1,230.66,1,2,3,1,2,2,10,3,3,1,1
4,4,8,64,0.1,1,3,1,1,1,221.2,1,5,1,1,1,1,1,3,1,1,3
4,4,8,65,0.1,1,1,1,2,0,257.42,1,12,3,1,3,1,5,1,1,1,1
4,4,8,66,0.2,1,1,1,1,1,287.84,1,9,1,3,1,3,2,1,1,1,1
4,4,8,67,1.8,3,3,2,2,1,210.84,1,16,1,3,3,1,3,1,3,3,1
4,4,8,68,0.1,2,1,2,1,0,251.99,1,5,1,3,2,2,19,1,3,1,3
4,4,8,69,0.1,2,3,2,1,0,282.06,1,5,1,1,2,2,5,1,1,3,3
4,4,8,70,0.8,3,2,2,2,1,240.65,1,6,3,1,1,3,4,1,3,2,2
4,4,8,71,0.2,1,1,1,1,1,107.23,1,6,3,3,3,3,8,3,3,3,3
4,4,8,72,0.2,2,1,2,2,1,248.11,1,12,1,3,2,2,7,3,1,3,1
4,4,8,73,0.8,3,3,2,2,1,247.98,1,9,3,3,1,1,17,3,1,1,3
4,4,8,74,0.05,2,2,2,2,1,254.58,1,16,3,1,2,2,4,1,3,2,2
4,4,8,75,0.4,3,2,2,2,1,227.02,1,8,1,3,3,1,2,1,1,2,2
4,4,8,76,0.8,2,3,2,2,1,214.32,1,7,3,3,2,2,10,3,1,1,3
4,4,8,77,1.8,3,3,2,2,1,222.14,1,4,3,1,1,3,8,3,1,1,3
4,4,8,78,0.2,3,3,2,2,1,221.8,1,18,3,1,1,3,5,1,1,3,3
4,4,9,1,0.2,1,2,1,1,1,261.19,1,6,3,1,3,1,8,3,1,2,2
4,4,9,2,0.05,2,1,2,1,0,249.66,1,15,3,1,2,2,15,3,1,3,1
4,4,9,3,1.8,3,3,2,2,1,256.13,1,18,1,1,3,3,11,3,3,1,1
4,4,9,4,0.2,1,1,1,1,1,209.45,1,17,3,3,3,3,2,3,3,3,3
4,4,9,5,0.05,2,2,2,2,1,306.72,0,1,1,3,2,2,19,1,1,2,2
4,4,9,6,0.8,3,1,2,2,1,243.01,1,16,3,1,1,3,7,3,3,3,3
4,4,9,7,0.2,1,2,1,1,1,255.88,1,13,1,3,1,3,18,3,3,2,2
4,4,9,8,0.05,2,2,2,1,0,249.97,1,4,1,1,2,2,9,3,1,2,2
4,4,9,9,0.1,1,3,1,1,1,177.18,1,1,1,3,1,3,8,1,3,3,1
4,4,9,10,0.8,2,1,2,1,0,218.31,1,4,3,3,2,2,14,1,3,1,3
4,4,9,11,0.1,3,2,2,1,0,232.64,1,20,3,1,1,3,4,1,1,2,2
4,4,9,12,0.8,2,2,2,2,1,248.07,1,7,1,3,2,2,9,3,1,2,2
4,4,9,13,0.8,1,2,1,1,1,249.66,1,17,1,1,1,1,11,1,3,2,2
4,4,9,14,1.8,1,3,NaN,NaN,NaN,NaN,NaN,10,3,3,3,3,4,1,1,3,3
4,4,9,15,0.2,3,1,2,2,1,230.27,1,1,1,1,3,3,9,1,3,1,3
4,4,9,16,0.05,2,3,2,2,1,305.13,0,19,3,3,2,2,8,1,3,3,1
4,4,9,17,0.4,1,3,1,1,1,217.65,1,6,3,3,3,3,7,3,3,1,1
4,4,9,18,0.8,3,1,2,2,1,241.13,1,1,1,3,3,1,6,3,1,3,1
4,4,9,19,0.4,1,3,1,1,1,233.36,1,13,1,3,1,3,15,3,1,1,3
4,4,9,20,0.1,3,3,2,2,1,282.35,1,2,3,1,1,3,12,1,1,3,3
4,4,9,21,1.8,1,2,1,1,1,227.28,1,17,3,1,3,1,12,3,3,2,2
4,4,9,22,1.8,3,3,2,2,1,213.84,1,17,3,1,1,3,13,3,3,1,1
4,4,9,23,0.8,3,2,2,2,1,270.07,1,15,3,3,1,1,2,1,3,2,2
4,4,9,24,0.8,1,2,1,1,1,242.02,1,1,1,1,1,1,12,1,1,2,2
4,4,9,25,0.1,2,2,2,2,1,296.09,1,6,3,1,2,2,13,3,1,2,2
4,4,9,26,0.8,2,2,2,2,1,235.92,1,2,1,1,2,2,4,1,1,2,2
4,4,9,27,0.05,3,3,2,2,1,356.56,0,20,3,1,1,3,13,3,1,1,3
4,4,9,28,0.2,3,2,2,2,1,226.23,1,4,3,3,1,1,4,3,3,2,2
4,4,9,29,0.05,2,3,2,1,0,279.58,1,6,3,1,2,2,13,1,1,3,3
4,4,9,30,1.8,3,2,2,2,1,246.88,1,18,3,1,1,3,1,1,1,2,2
4,4,9,31,0.1,1,1,1,1,1,270.56,1,12,3,3,3,3,16,3,3,3,3
4,4,9,32,0.05,1,3,1,1,1,268.02,1,3,1,3,1,3,5,1,3,3,1
4,4,9,33,0.2,2,2,2,2,1,278.3,1,15,1,3,2,2,14,1,1,2,2
4,4,9,34,0.4,2,3,2,2,1,253.18,1,8,3,3,2,2,1,1,1,3,3
4,4,9,35,0.4,1,1,1,1,1,261.35,1,8,1,1,1,1,9,3,3,3,3
4,4,9,36,1.8,1,2,1,1,1,211.43,1,18,1,3,1,3,1,1,3,2,2
4,4,9,37,1.8,3,3,2,2,1,249.57,1,11,3,1,1,3,8,3,1,1,3
4,4,9,38,0.8,2,2,2,1,0,223.92,1,8,1,3,2,2,18,3,3,2,2
4,4,9,39,0.8,1,3,1,1,1,202.31,1,11,1,3,1,3,15,1,1,3,3
4,4,9,40,0.8,1,2,NaN,NaN,NaN,NaN,NaN,14,3,3,3,3,6,1,3,2,2
4,4,9,41,1.8,3,1,2,2,1,249.61,1,3,3,1,1,3,14,1,3,1,3
4,4,9,42,0.1,2,2,2,2,1,270.08,1,7,1,1,2,2,16,1,1,2,2
4,4,9,43,0.1,2,2,2,1,0,337.23,0,20,3,1,2,2,3,3,1,2,2
4,4,9,44,1.8,1,2,1,1,1,240.89,1,4,3,3,3,3,8,3,3,2,2
4,4,9,45,0.4,2,2,2,1,0,249.55,1,12,1,3,2,2,10,1,3,2,2
4,4,9,46,0.4,1,2,1,1,1,199.46,1,7,3,3,3,3,14,1,3,2,2
4,4,9,47,0.8,1,1,1,1,1,207.05,1,5,1,3,1,3,3,3,1,3,1
4,4,9,48,0.05,3,3,2,2,1,291.35,1,2,3,1,1,3,18,1,3,3,1
4,4,9,49,0.05,1,2,1,1,1,501.18,0,11,1,3,1,3,5,1,1,2,2
4,4,9,50,0.1,3,3,2,2,1,271.58,1,10,3,1,1,3,3,1,1,3,3
4,4,9,51,0.2,1,1,1,1,1,266.05,1,13,3,3,3,3,3,1,3,1,3
4,4,9,52,0.1,1,1,1,2,0,287.71,1,19,1,3,1,3,9,3,1,3,1
4,4,9,53,0.4,1,3,1,1,1,214.92,1,3,1,3,1,3,2,3,1,1,3
4,4,9,54,0.4,3,2,2,2,1,267.52,1,6,3,3,1,1,4,1,3,2,2
4,4,9,55,0.1,1,1,1,1,1,225.61,1,3,1,1,1,1,4,3,3,3,3
4,4,9,56,1.8,1,2,1,1,1,242.71,1,8,3,3,3,3,20,1,1,2,2
4,4,9,57,0.2,3,2,2,2,1,267.82,1,3,1,3,3,1,9,3,1,2,2
4,4,9,58,0.4,1,1,1,1,1,223.36,1,16,3,3,3,3,10,3,1,3,1
4,4,9,59,0.2,1,3,1,1,1,263.57,1,11,1,1,1,1,3,1,1,3,3
4,4,9,60,0.8,2,3,2,1,0,292.55,1,10,3,3,2,2,5,1,3,3,1
4,4,9,61,0.4,2,1,2,2,1,298.75,1,13,1,3,2,2,11,1,3,1,3
4,4,9,62,0.2,1,2,1,1,1,258.18,1,8,3,3,3,3,15,1,3,2,2
4,4,9,63,0.4,1,2,1,1,1,284.61,1,4,1,3,1,3,6,1,1,2,2
4,4,9,64,0.2,1,1,1,1,1,272.53,1,10,1,3,1,3,17,1,1,1,1
4,4,9,65,0.4,1,2,1,1,1,216.34,1,18,3,1,3,1,13,1,1,2,2
4,4,9,66,0.05,1,3,1,1,1,289.33,1,6,1,3,1,3,10,1,3,3,1
4,4,9,67,0.1,3,3,2,2,1,296.75,1,10,1,1,3,3,11,1,1,3,3
4,4,9,68,0.4,1,1,1,1,1,222.83,1,1,3,1,3,1,11,1,1,1,1
4,4,9,69,1.8,1,2,1,1,1,241.79,1,7,3,3,3,3,7,3,3,2,2
4,4,9,70,0.05,1,1,1,1,1,291.78,1,4,3,3,3,3,16,1,3,1,3
4,4,9,71,0.05,1,1,1,1,1,299.28,1,18,3,1,3,1,3,3,1,3,1
4,4,9,72,1.8,1,2,1,1,1,266.31,1,15,3,1,3,1,14,3,1,2,2
4,4,9,73,0.1,3,2,2,2,1,242.56,1,11,1,3,3,1,8,1,3,2,2
4,4,9,74,0.2,3,1,2,2,1,251.33,1,7,3,1,1,3,17,1,3,1,3
4,4,9,75,1.8,2,2,2,2,1,253.2,1,13,1,1,2,2,12,3,3,2,2
4,4,9,76,0.2,1,2,1,1,1,268.99,1,10,1,1,1,1,12,1,3,2,2
4,4,9,77,0.1,1,3,1,1,1,248.52,1,18,3,1,3,1,16,1,1,3,3
4,4,9,78,0.05,3,1,2,2,1,308.44,0,6,1,1,3,3,14,3,1,3,1
4,4,10,1,0.1,1,2,1,1,1,217,1,11,1,1,1,1,14,3,1,2,2
4,4,10,2,0.05,1,1,1,1,1,233.42,1,10,1,3,1,3,1,1,1,1,1
4,4,10,3,0.8,2,3,NaN,NaN,NaN,NaN,NaN,3,3,3,2,2,15,3,3,1,1
4,4,10,4,0.8,1,2,1,1,1,224.94,1,6,3,1,3,1,19,1,1,2,2
4,4,10,5,1.8,1,2,1,1,1,233.79,1,3,3,1,3,1,8,3,1,2,2
4,4,10,6,0.2,1,3,1,1,1,204.53,1,17,3,1,3,1,14,3,3,1,1
4,4,10,7,0.2,1,1,1,1,1,219.97,1,13,1,1,1,1,7,1,3,1,3
4,4,10,8,0.4,1,2,1,2,0,242.32,1,5,1,1,1,1,11,1,1,2,2
4,4,10,9,0.8,1,3,1,1,1,227.5,1,13,3,1,3,1,5,3,1,1,3
4,4,10,10,0.1,1,1,1,1,1,193.68,1,2,1,1,1,1,20,1,1,1,1
4,4,10,11,0.2,1,3,1,1,1,228.63,1,17,1,3,1,3,18,3,1,1,3
4,4,10,12,0.4,2,2,2,2,1,268.1,1,18,3,3,2,2,12,1,3,2,2
4,4,10,13,0.2,3,3,2,2,1,208.83,1,18,1,3,3,1,5,1,3,3,1
4,4,10,14,1.8,1,3,1,1,1,244.58,1,1,3,3,3,3,13,1,1,3,3
4,4,10,15,1.8,3,3,2,2,1,265.07,1,12,1,3,3,1,4,3,1,1,3
4,4,10,16,1.8,1,2,1,1,1,249.18,1,11,3,3,3,3,13,1,3,2,2
4,4,10,17,0.4,1,3,1,1,1,261.05,1,14,1,1,1,1,6,3,3,1,1
4,4,10,18,0.8,1,3,1,1,1,245.27,1,14,1,1,1,1,5,3,3,1,1
4,4,10,19,0.2,3,3,2,2,1,234.19,1,2,1,1,3,3,5,3,1,1,3
4,4,10,20,0.05,1,1,1,1,1,304.73,0,16,1,3,1,3,2,3,1,3,1
4,4,10,21,0.8,1,3,1,1,1,255.01,1,13,3,1,3,1,18,1,3,3,1
4,4,10,22,0.05,1,3,1,1,1,296.08,1,8,1,1,1,1,15,3,3,1,1
4,4,10,23,0.4,3,1,2,2,1,244.56,1,16,3,1,1,3,9,1,1,1,1
4,4,10,24,0.05,1,3,1,1,1,273.4,1,16,1,1,1,1,15,1,1,3,3
4,4,10,25,0.1,1,3,1,1,1,235.75,1,12,3,1,3,1,11,3,3,1,1
4,4,10,26,0.1,2,1,2,1,0,256.4,1,13,3,1,2,2,3,3,1,3,1
4,4,10,27,0.2,2,1,2,2,1,294.12,1,18,1,3,2,2,16,3,3,3,3
4,4,10,28,0.05,1,1,1,1,1,230.39,1,10,3,1,3,1,16,1,3,1,3
4,4,10,29,0.1,3,2,2,2,1,269.79,1,10,1,1,3,3,11,3,3,2,2
4,4,10,30,0.05,1,2,1,1,1,313.55,0,16,1,3,1,3,4,1,1,2,2
4,4,10,31,1.8,3,3,2,2,1,255.19,1,14,1,1,3,3,14,3,3,1,1
4,4,10,32,0.8,3,1,2,2,1,254.59,1,1,1,3,3,1,12,1,1,1,1
4,4,10,33,0.1,1,3,1,1,1,292.41,1,14,1,3,1,3,3,1,1,3,3
4,4,10,34,0.8,3,2,2,2,1,288.78,1,14,3,3,1,1,9,3,1,2,2
4,4,10,35,1.8,1,3,1,1,1,268.22,1,9,3,1,3,1,20,3,3,1,1
4,4,10,36,0.1,2,3,2,1,0,251.3,1,9,3,1,2,2,8,3,1,1,3
4,4,10,37,1.8,1,2,NaN,NaN,NaN,NaN,NaN,10,3,1,3,1,6,1,3,2,2
4,4,10,38,0.2,1,2,1,2,0,323.02,0,11,3,1,3,1,9,3,3,2,2
4,4,10,39,0.2,1,3,1,1,1,222.6,1,18,1,1,1,1,12,1,1,3,3
4,4,10,40,0.1,1,3,1,1,1,230.06,1,8,3,1,3,1,15,3,1,1,3
4,4,10,41,0.8,1,1,1,1,1,237.5,1,2,3,1,3,1,15,1,1,1,1
4,4,10,42,0.4,1,1,1,1,1,231.61,1,16,1,1,1,1,6,1,3,1,3
4,4,10,43,0.05,1,3,1,1,1,257.07,1,10,3,1,3,1,5,1,3,3,1
4,4,10,44,0.2,2,3,2,2,1,268.65,1,4,1,1,2,2,17,3,3,1,1
4,4,10,45,0.4,3,2,2,2,1,266.02,1,10,3,3,1,1,4,3,3,2,2
4,4,10,46,0.4,1,3,1,1,1,226.1,1,14,3,1,3,1,16,1,3,3,1
4,4,10,47,0.2,2,2,2,2,1,297.61,1,12,1,3,2,2,18,1,3,2,2
4,4,10,48,0.05,2,3,2,1,0,355.89,0,17,3,1,2,2,6,3,3,1,1
4,4,10,49,0.05,1,1,1,1,1,284.5,1,13,1,3,1,3,4,3,3,3,3
4,4,10,50,0.2,1,1,1,1,1,240.54,1,8,3,1,3,1,8,3,1,3,1
4,4,10,51,0.4,2,3,2,1,0,248.02,1,20,3,1,2,2,16,1,1,3,3
4,4,10,52,0.05,3,2,2,2,1,337.89,0,15,3,3,1,1,6,1,1,2,2
4,4,10,53,0.4,2,2,2,2,1,419.04,0,19,3,1,2,2,10,1,3,2,2
4,4,10,54,0.4,2,1,2,1,0,216.26,1,18,1,1,2,2,12,1,3,1,3
4,4,10,55,1.8,2,2,2,1,0,223.17,1,3,1,3,2,2,8,1,3,2,2
4,4,10,56,0.1,3,1,2,2,1,280.69,1,15,1,1,3,3,1,1,1,1,1
4,4,10,57,0.8,3,3,2,2,1,227.88,1,15,3,1,1,3,1,3,1,1,3
4,4,10,58,0.1,3,3,2,2,1,270.55,1,3,3,1,1,3,14,3,3,1,1
4,4,10,59,1.8,2,1,2,2,1,207.25,1,3,1,1,2,2,3,1,1,1,1
4,4,10,60,0.8,1,1,1,1,1,218.53,1,1,3,3,3,3,11,3,1,3,1
4,4,10,61,0.1,1,1,1,1,1,182.28,1,2,1,3,1,3,6,3,3,3,3
4,4,10,62,0.2,2,3,2,2,1,289.71,1,13,3,1,2,2,17,3,3,1,1
4,4,10,63,0.05,1,1,1,1,1,248.53,1,15,3,3,3,3,20,1,1,1,1
4,4,10,64,0.05,2,2,2,2,1,297.26,1,11,3,3,2,2,1,1,1,2,2
4,4,10,65,0.4,2,1,2,2,1,232.79,1,8,1,3,2,2,15,1,1,1,1
4,4,10,66,1.8,1,2,1,1,1,210.84,1,1,3,3,3,3,7,1,3,2,2
4,4,10,67,0.4,1,3,1,1,1,207.48,1,12,1,3,1,3,13,3,1,1,3
4,4,10,68,0.4,3,3,2,2,1,251.82,1,17,1,3,3,1,18,1,1,3,3
4,4,10,69,0.2,2,1,2,2,1,300,0,10,3,3,2,2,9,1,1,1,1
4,4,10,70,1.8,1,1,1,1,1,231.21,1,6,3,3,3,3,3,3,1,3,1
4,4,10,71,0.8,1,1,1,1,1,256.65,1,6,3,3,3,3,11,1,3,1,3
4,4,10,72,0.8,1,1,1,1,1,299.31,1,6,3,1,3,1,18,3,1,3,1
4,4,10,73,0.05,1,3,1,1,1,291,1,13,1,3,1,3,17,3,1,1,3
4,4,10,74,0.1,3,1,2,2,1,276.9,1,6,1,1,3,3,3,1,3,1,3
4,4,10,75,0.8,2,2,2,2,1,228.2,1,9,3,1,2,2,2,1,3,2,2
4,4,10,76,1.8,1,3,1,1,1,200.65,1,5,1,1,1,1,18,3,3,1,1
4,4,10,77,0.1,2,1,2,1,0,257.77,1,14,1,1,2,2,20,3,1,3,1
4,4,10,78,1.8,1,3,1,1,1,260.98,1,1,3,3,3,3,5,3,1,1,3
