4,15,1,1,1.8,3,3,2,2,1,204.92,1,13,3,1,1,3,12,3,1,1,3
4,15,1,2,0.2,3,1,2,2,1,217.67,1,9,1,1,3,3,15,3,3,3,3
4,15,1,3,0.4,1,1,1,1,1,234.94,1,3,3,3,3,3,3,3,3,3,3
4,15,1,4,0.4,1,1,1,1,1,222,1,20,3,3,3,3,12,1,1,1,1
4,15,1,5,0.1,3,1,2,2,1,256.42,1,4,1,3,3,1,14,3,1,3,1
4,15,1,6,0.2,2,3,2,2,1,182.66,1,7,3,1,2,2,4,3,1,1,3
4,15,1,7,0.4,1,2,1,2,0,215.73,1,16,3,1,3,1,8,3,3,2,2
4,15,1,8,0.8,1,2,1,2,0,204.86,1,4,3,3,3,3,8,1,1,2,2
4,15,1,9,0.05,3,3,2,1,0,244.46,1,20,1,3,3,1,18,1,1,3,3
4,15,1,10,0.2,1,1,1,1,1,203.62,1,14,1,1,1,1,19,1,1,1,1
4,15,1,11,0.1,1,1,1,1,1,227.82,1,7,1,1,1,1,15,3,3,3,3
4,15,1,12,0.4,3,2,2,2,1,168.37,1,4,1,1,3,3,19,3,1,2,2
4,15,1,13,1.8,1,3,NaN,NaN,NaN,NaN,NaN,5,1,3,1,3,4,1,3,3,1
4,15,1,14,0.05,1,1,1,1,1,243.24,1,5,3,3,3,3,2,1,3,1,3
4,15,1,15,0.2,2,2,2,2,1,237.13,1,17,3,1,2,2,8,1,3,2,2
4,15,1,16,1.8,1,1,1,1,1,248.5,1,16,1,3,1,3,11,3,3,3,3
4,15,1,17,0.05,3,1,2,2,1,322.15,0,16,3,3,1,1,10,1,1,1,1
4,15,1,18,0.8,2,3,2,2,1,214.43,1,8,3,3,2,2,12,1,3,3,1
4,15,1,19,0.8,3,2,2,2,1,223.58,1,9,3,1,1,3,20,3,1,2,2
4,15,1,20,0.05,3,1,2,1,0,281.9,1,20,1,3,3,1,9,1,1,1,1
4,15,1,21,0.1,3,3,2,2,1,207.49,1,16,1,1,3,3,17,1,1,3,3
4,15,1,22,0.05,2,2,2,1,0,302.04,0,7,3,1,2,2,14,1,1,2,2
4,15,1,23,0.8,2,2,2,2,1,203.13,1,4,1,1,2,2,13,1,1,2,2
4,15,1,24,0.4,3,1,2,2,1,224.54,1,10,3,3,1,1,4,3,1,3,1
4,15,1,25,0.05,1,1,1,1,1,290.94,1,17,3,1,3,1,13,1,3,1,3
4,15,1,26,0.1,1,2,1,1,1,236.17,1,17,3,1,3,1,5,1,1,2,2
4,15,1,27,1.8,2,3,2,2,1,214.97,1,15,1,3,2,2,6,1,3,3,1
4,15,1,28,0.1,2,2,2,2,1,306.38,0,5,1,3,2,2,4,1,3,2,2
4,15,1,29,1.8,1,2,1,1,1,202.4,1,15,1,3,1,3,10,1,3,2,2
4,15,1,30,0.8,1,3,1,1,1,225.59,1,18,1,1,1,1,13,3,3,1,1
4,15,1,31,0.1,3,2,2,1,0,272.09,1,7,3,3,1,1,3,3,3,2,2
4,15,1,32,0.4,1,3,1,1,1,264.72,1,13,3,1,3,1,8,1,3,3,1
4,15,1,33,0.05,2,3,2,2,1,362.21,0,10,1,1,2,2,6,1,3,3,1
4,15,1,34,0.2,3,3,2,2,1,244.54,1,20,3,3,1,1,20,1,1,3,3
4,15,1,35,0.2,3,2,2,2,1,231.78,1,17,3,1,1,3,11,3,3,2,2
4,15,1,36,0.8,3,3,2,2,1,233.99,1,11,1,3,3,1,18,1,1,3,3
4,15,1,37,0.4,1,1,1,1,1,265.77,1,14,3,1,3,1,18,1,3,1,3
4,15,1,38,0.1,1,2,1,1,1,250.71,1,9,1,3,1,3,7,1,3,2,2
4,15,1,39,0.4,3,3,2,1,0,592.35,0,12,1,1,3,3,4,3,1,1,3
4,15,1,40,1.8,1,3,1,1,1,197.41,1,17,3,3,3,3,10,3,1,1,3
4,15,1,41,0.4,1,3,1,1,1,290.49,1,13,1,1,1,1,1,1,1,3,3
4,15,1,42,0.2,2,3,2,1,0,228.01,1,11,1,3,2,2,16,3,1,1,3
4,15,1,43,1.8,1,2,1,1,1,207.07,1,15,3,3,3,3,9,3,1,2,2
4,15,1,44,0.4,2,1,2,2,1,239.2,1,16,1,3,2,2,16,1,3,1,3
4,15,1,45,0.2,1,3,1,1,1,225.55,1,1,3,1,3,1,19,3,1,1,3
4,15,1,46,0.1,1,2,1,1,1,275.41,1,1,1,3,1,3,19,1,3,2,2
4,15,1,47,0.2,1,1,1,1,1,264.25,1,15,1,1,1,1,18,3,1,3,1
4,15,1,48,0.8,2,3,2,1,0,240.45,1,6,3,1,2,2,3,3,3,1,1
4,15,1,49,1.8,1,1,1,1,1,255.16,1,5,3,1,3,1,19,1,1,1,1
4,15,1,50,0.05,3,3,2,2,1,307.35,0,7,1,1,3,3,16,1,1,3,3
4,15,1,51,0.2,2,1,2,1,0,258.72,1,16,1,3,2,2,2,3,1,3,1
4,15,1,52,0.8,1,1,1,2,0,246.43,1,20,1,1,1,1,1,3,1,3,1
4,15,1,53,0.8,1,1,1,1,1,246.07,1,16,1,3,1,3,7,1,1,1,1
4,15,1,54,0.2,1,3,1,1,1,252.8,1,19,1,3,1,3,7,1,3,3,1
4,15,1,55,0.8,1,2,1,1,1,251.61,1,17,3,3,3,3,19,1,1,2,2
4,15,1,56,0.8,1,2,1,1,1,255.23,1,4,1,1,1,1,9,1,3,2,2
4,15,1,57,0.4,1,1,1,1,1,274,1,10,1,1,1,1,5,3,3,3,3
4,15,1,58,1.8,2,3,2,2,1,224.27,1,10,1,1,2,2,9,3,3,1,1
4,15,1,59,1.8,3,1,2,2,1,230.51,1,11,3,1,1,3,20,3,1,3,1
4,15,1,60,1.8,2,2,2,2,1,231.8,1,7,3,3,2,2,19,3,1,2,2
4,15,1,61,0.1,1,1,1,1,1,336.01,0,2,1,1,1,1,18,1,1,1,1
4,15,1,62,0.05,2,3,2,1,0,325.1,0,16,3,1,2,2,2,3,1,1,3
4,15,1,63,0.8,1,3,1,2,0,263.19,1,7,3,3,3,3,14,1,1,3,3
4,15,1,64,0.2,1,3,1,1,1,226.04,1,4,1,1,1,1,14,1,3,3,1
4,15,1,65,0.1,3,2,2,2,1,239.47,1,20,1,1,3,3,13,1,1,2,2
4,15,1,66,0.1,2,1,2,1,0,349.06,0,16,3,1,2,2,7,3,1,3,1
4,15,1,67,0.1,1,2,1,1,1,266.29,1,1,3,3,3,3,11,1,1,2,2
4,15,1,68,1.8,1,3,1,1,1,233.8,1,6,1,3,1,3,18,1,1,3,3
4,15,1,69,0.4,2,1,2,2,1,235.42,1,9,1,3,2,2,3,1,1,1,1
4,15,1,70,0.2,1,3,1,1,1,247.28,1,18,3,1,3,1,19,3,1,1,3
4,15,1,71,0.05,1,1,1,1,1,355.37,0,1,3,3,3,3,3,3,1,3,1
4,15,1,72,1.8,2,3,2,2,1,249.9,1,8,1,3,2,2,20,3,3,1,1
4,15,1,73,0.8,2,2,2,2,1,250.38,1,18,1,1,2,2,2,1,1,2,2
4,15,1,74,0.05,2,2,2,1,0,290.44,1,14,1,1,2,2,11,3,3,2,2
4,15,1,75,0.05,2,3,2,2,1,421.58,0,8,3,1,2,2,15,3,3,1,1
4,15,1,76,0.4,1,3,1,1,1,284.71,1,16,3,1,3,1,8,1,1,3,3
4,15,1,77,0.05,1,2,1,1,1,268.87,1,13,1,1,1,1,18,3,3,2,2
4,15,1,78,0.1,1,3,1,1,1,232.21,1,14,3,3,3,3,14,3,3,1,1
4,15,2,1,1.8,2,2,2,2,1,205.61,1,2,1,1,2,2,11,3,1,2,2
4,15,2,2,0.4,2,1,2,1,0,238.46,1,7,1,3,2,2,10,3,3,3,3
4,15,2,3,0.05,2,1,2,1,0,239.8,1,12,1,1,2,2,20,1,3,1,3
4,15,2,4,0.2,1,2,1,1,1,235.06,1,17,1,1,1,1,20,1,1,2,2
4,15,2,5,0.2,2,3,2,1,0,268.43,1,18,1,1,2,2,4,3,1,1,3
4,15,2,6,1.8,1,1,1,1,1,241.66,1,17,3,1,3,1,5,1,3,1,3
4,15,2,7,0.8,1,3,NaN,NaN,NaN,NaN,NaN,10,1,1,1,1,18,3,1,1,3
4,15,2,8,0.05,2,3,2,2,1,369.13,0,13,1,1,2,2,10,3,1,1,3
4,15,2,9,0.8,1,1,1,1,1,245.83,1,7,3,3,3,3,3,1,3,1,3
4,15,2,10,1.8,2,2,2,2,1,225.63,1,8,1,1,2,2,20,3,1,2,2
4,15,2,11,0.4,1,2,1,1,1,251.84,1,2,3,1,3,1,13,1,1,2,2
4,15,2,12,0.2,3,2,2,2,1,248.12,1,19,3,3,1,1,10,3,3,2,2
4,15,2,13,0.05,3,1,2,2,1,312.97,0,16,3,1,1,3,7,3,1,3,1
4,15,2,14,0.8,1,1,1,1,1,252.11,1,3,3,1,3,1,2,3,1,3,1
4,15,2,15,1.8,1,2,1,1,1,229.51,1,4,3,3,3,3,10,1,1,2,2
4,15,2,16,0.2,3,3,2,2,1,238.75,1,16,3,3,1,1,14,1,3,3,1
4,15,2,17,0.8,3,2,2,2,1,245.57,1,3,1,3,3,1,12,1,1,2,2
4,15,2,18,1.8,1,3,1,1,1,236.21,1,13,1,3,1,3,10,1,1,3,3
4,15,2,19,0.8,1,2,1,1,1,267.78,1,2,1,1,1,1,14,3,1,2,2
4,15,2,20,0.1,3,3,2,2,1,291.83,1,5,1,1,3,3,13,3,3,1,1
4,15,2,21,0.4,1,1,1,2,0,252.87,1,6,1,3,1,3,15,1,3,1,3
4,15,2,22,0.4,3,1,2,2,1,322.25,0,12,3,1,1,3,4,3,3,3,3
4,15,2,23,0.8,1,1,1,1,1,239.46,1,20,3,1,3,1,6,3,1,3,1
4,15,2,24,0.2,3,3,2,2,1,251.25,1,14,3,3,1,1,19,3,3,1,1
4,15,2,25,0.05,1,1,1,1,1,280.44,1,1,1,3,1,3,13,1,1,1,1
4,15,2,26,0.1,3,3,2,2,1,271.47,1,1,1,3,3,1,7,1,3,3,1
4,15,2,27,0.4,2,1,2,2,1,223.08,1,2,1,3,2,2,19,1,1,1,1
4,15,2,28,0.05,1,2,1,2,0,383.77,0,12,1,3,1,3,12,1,3,2,2
4,15,2,29,0.05,1,1,1,1,1,262.93,1,11,3,3,3,3,8,3,1,3,1
4,15,2,30,0.2,2,1,2,1,0,220.45,1,2,3,1,2,2,1,1,1,1,1
4,15,2,31,1.8,1,3,1,1,1,256.7,1,2,3,3,3,3,1,1,3,3,1
4,15,2,32,0.4,2,3,2,2,1,247.36,1,5,3,1,2,2,7,3,1,1,3
4,15,2,33,0.05,3,1,2,2,1,267.31,1,16,3,1,1,3,4,1,3,1,3
4,15,2,34,0.1,1,2,1,1,1,290.15,1,17,1,1,1,1,12,1,3,2,2
4,15,2,35,0.8,1,2,1,1,1,231.92,1,16,1,3,1,3,12,3,1,2,2
4,15,2,36,0.1,1,1,1,1,1,241.69,1,16,1,3,1,3,14,3,3,3,3
4,15,2,37,0.2,1,2,1,1,1,261.25,1,7,1,1,1,1,11,3,1,2,2
4,15,2,38,0.2,2,2,2,2,1,263.17,1,14,1,1,2,2,14,3,3,2,2
4,15,2,39,1.8,2,2,2,2,1,211.95,1,4,3,3,2,2,10,3,3,2,2
4,15,2,40,0.1,3,1,2,2,1,305.11,0,13,1,1,3,3,4,3,3,3,3
4,15,2,41,0.8,1,3,1,1,1,273.87,1,16,1,1,1,1,1,3,3,1,1
4,15,2,42,0.1,2,2,2,2,1,307.94,0,11,1,1,2,2,13,1,1,2,2
4,15,2,43,0.05,1,1,1,1,1,301.16,0,2,3,1,3,1,14,1,1,1,1
4,15,2,44,0.4,2,2,2,1,0,258.65,1,19,1,3,2,2,1,3,3,2,2
4,15,2,45,0.05,2,3,2,2,1,236.76,1,5,3,3,2,2,7,1,1,3,3
4,15,2,46,0.2,2,1,2,2,1,258.64,1,7,1,1,2,2,5,3,3,3,3
4,15,2,47,0.8,3,1,2,2,1,217.24,1,11,3,3,1,1,17,3,1,3,1
4,15,2,48,0.2,2,1,2,2,1,273.83,1,19,3,3,2,2,16,1,3,1,3
4,15,2,49,0.4,1,3,1,1,1,238.42,1,14,3,1,3,1,14,1,1,3,3
4,15,2,50,0.8,1,1,1,1,1,241.27,1,6,3,1,3,1,10,1,1,1,1
4,15,2,51,0.4,2,1,2,2,1,219.76,1,4,3,3,2,2,8,3,3,3,3
4,15,2,52,0.1,3,2,2,2,1,326.6,0,13,3,1,1,3,18,3,1,2,2
4,15,2,53,1.8,1,2,1,1,1,231.97,1,12,3,3,3,3,13,1,3,2,2
4,15,2,54,0.1,1,1,1,1,1,267.12,1,3,1,3,1,3,18,1,3,1,3
4,15,2,55,0.1,3,1,2,2,1,301.69,0,15,3,3,1,1,3,3,3,3,3
4,15,2,56,0.1,1,2,1,1,1,300.54,0,19,3,1,3,1,2,1,3,2,2
4,15,2,57,1.8,3,1,2,2,1,223.5,1,16,1,1,3,3,16,3,1,3,1
4,15,2,58,0.05,2,3,2,2,1,222.28,1,15,1,1,2,2,20,3,1,1,3
4,15,2,59,0.4,1,2,1,1,1,273.64,1,18,3,3,3,3,4,3,1,2,2
4,15,2,60,0.2,1,1,1,1,1,241.76,1,4,3,3,3,3,1,3,1,3,1
4,15,2,61,0.2,1,2,1,1,1,259.4,1,8,1,1,1,1,4,1,3,2,2
4,15,2,62,0.05,1,2,1,1,1,304.76,0,9,3,1,3,1,10,1,3,2,2
4,15,2,63,0.8,1,1,1,1,1,237.17,1,10,3,1,3,1,9,1,1,1,1
4,15,2,64,1.8,2,1,2,2,1,239,1,10,3,1,2,2,14,1,3,1,3
4,15,2,65,0.4,1,3,1,1,1,262.64,1,14,3,1,3,1,9,3,1,1,3
4,15,2,66,0.1,1,3,1,1,1,285.85,1,2,3,1,3,1,7,3,1,1,3
4,15,2,67,0.1,2,3,2,2,1,293.88,1,16,1,3,2,2,13,3,1,1,3
4,15,2,68,0.05,1,2,1,1,1,292.82,1,17,1,3,1,3,4,1,1,2,2
4,15,2,69,0.8,3,1,2,2,1,239.25,1,16,3,1,1,3,17,1,1,1,1
4,15,2,70,0.1,1,1,1,1,1,248.91,1,17,1,1,1,1,14,1,3,1,3
4,15,2,71,0.4,1,1,1,1,1,242.68,1,15,1,1,1,1,12,3,3,3,3
4,15,2,72,1.8,3,1,2,2,1,236.81,1,3,1,3,3,1,18,3,1,3,1
4,15,2,73,1.8,3,1,2,2,1,228,1,20,3,1,1,3,6,1,3,1,3
4,15,2,74,0.4,1,1,1,1,1,247.46,1,5,1,3,1,3,11,1,3,1,3
4,15,2,75,0.2,2,2,2,1,0,225.52,1,12,1,1,2,2,14,3,1,2,2
4,15,2,76,0.8,1,2,1,1,1,250.93,1,4,1,1,1,1,12,3,3,2,2
4,15,2,77,1.8,2,2,2,2,1,234.74,1,11,3,1,2,2,7,1,1,2,2
4,15,2,78,0.05,1,3,1,1,1,334.12,0,13,3,3,3,3,13,3,3,1,1
4,15,3,1,0.2,3,3,2,2,1,267.85,1,8,1,3,3,1,14,1,3,3,1
4,15,3,2,0.4,1,3,1,1,1,248.23,1,20,3,3,3,3,5,1,3,3,1
4,15,3,3,0.05,2,1,2,1,0,248.75,1,5,1,1,2,2,8,3,3,3,3
4,15,3,4,0.1,1,1,1,1,1,227.67,1,3,3,1,3,1,6,1,3,1,3
4,15,3,5,0.4,3,2,2,1,0,176.46,1,12,3,3,1,1,8,3,1,2,2
4,15,3,6,0.2,1,1,1,1,1,238.52,1,7,1,1,1,1,3,3,3,3,3
4,15,3,7,1.8,3,3,2,2,1,218.25,1,9,1,3,3,1,7,1,3,3,1
4,15,3,8,0.05,1,1,1,1,1,308.96,0,4,1,3,1,3,8,3,3,3,3
4,15,3,9,0.8,3,1,2,2,1,261.1,1,8,3,1,1,3,11,1,1,1,1
4,15,3,10,1.8,1,2,1,1,1,205.38,1,18,1,3,1,3,10,3,3,2,2
4,15,3,11,0.8,2,1,2,1,0,215.24,1,3,1,3,2,2,2,3,1,3,1
4,15,3,12,0.2,1,3,1,1,1,242.59,1,19,1,3,1,3,18,3,1,1,3
4,15,3,13,0.1,1,1,1,1,1,289.58,1,14,1,1,1,1,17,3,1,3,1
4,15,3,14,0.05,2,1,2,2,1,427.39,0,15,1,3,2,2,3,3,3,3,3
4,15,3,15,0.05,1,2,1,1,1,265.01,1,14,1,1,1,1,19,1,1,2,2
4,15,3,16,0.2,1,2,1,1,1,224.39,1,5,1,1,1,1,15,3,3,2,2
4,15,3,17,0.05,3,1,2,1,0,274.37,1,14,3,3,1,1,12,1,1,1,1
4,15,3,18,0.4,2,2,2,2,1,239.47,1,7,3,1,2,2,19,1,1,2,2
4,15,3,19,0.8,1,1,1,1,1,229.78,1,11,3,3,3,3,18,3,1,3,1
4,15,3,20,0.4,2,2,2,2,1,232.3,1,15,1,3,2,2,5,1,3,2,2
4,15,3,21,0.05,3,3,2,2,1,409,0,2,3,1,1,3,2,1,3,3,1
4,15,3,22,0.2,3,2,2,2,1,267.4,1,10,3,3,1,1,1,1,1,2,2
4,15,3,23,1.8,1,3,1,1,1,230.1,1,20,1,3,1,3,15,3,1,1,3
4,15,3,24,0.2,3,2,2,2,1,235.07,1,14,1,3,3,1,11,3,1,2,2
4,15,3,25,0.4,2,2,2,2,1,392.69,0,11,1,3,2,2,17,1,1,2,2
4,15,3,26,0.8,2,3,2,2,1,220.11,1,11,3,3,2,2,2,1,1,3,3
4,15,3,27,0.1,1,2,1,1,1,290.14,1,9,1,1,1,1,14,1,3,2,2
4,15,3,28,0.1,2,2,2,1,0,315.19,0,8,1,3,2,2,7,3,1,2,2
4,15,3,29,0.8,2,1,2,2,1,261.43,1,10,3,3,2,2,11,1,1,1,1
4,15,3,30,0.1,3,2,2,2,1,337.76,0,8,3,3,1,1,19,1,3,2,2
4,15,3,31,1.8,1,3,1,1,1,218.95,1,5,3,3,3,3,9,3,1,1,3
4,15,3,32,1.8,3,3,2,2,1,267.79,1,1,3,3,1,1,3,1,1,3,3
4,15,3,33,0.05,1,3,1,1,1,362.45,0,3,1,3,1,3,7,3,1,1,3
4,15,3,34,0.8,3,3,2,2,1,250.88,1,1,3,3,1,1,5,3,1,1,3
4,15,3,35,0.2,2,1,2,1,0,267.22,1,20,1,1,2,2,5,3,1,3,1
4,15,3,36,0.1,1,2,1,1,1,274.2,1,15,3,3,3,3,11,3,3,2,2
4,15,3,37,1.8,1,3,1,1,1,249.88,1,12,1,3,1,3,10,3,3,1,1
4,15,3,38,0.2,1,3,1,1,1,258.01,1,15,3,3,3,3,14,3,3,1,1
4,15,3,39,0.8,1,1,1,1,1,258.19,1,14,1,1,1,1,6,1,1,1,1
4,15,3,40,0.4,2,3,2,2,1,243.4,1,14,1,3,2,2,1,1,1,3,3
4,15,3,41,1.8,2,2,2,2,1,233.69,1,13,3,3,2,2,12,3,3,2,2
4,15,3,42,0.1,1,3,1,1,1,293.13,1,5,1,1,1,1,11,3,1,1,3
4,15,3,43,1.8,2,1,2,2,1,219.15,1,1,3,1,2,2,7,3,1,3,1
4,15,3,44,1.8,2,1,2,1,0,251.1,1,9,1,3,2,2,17,3,3,3,3
4,15,3,45,0.8,1,3,1,1,1,199.69,1,19,3,3,3,3,18,3,1,1,3
4,15,3,46,0.05,2,2,2,2,1,403.23,0,16,1,1,2,2,12,3,3,2,2
4,15,3,47,0.4,2,3,2,2,1,247.52,1,14,1,1,2,2,17,1,3,3,1
4,15,3,48,0.05,1,1,1,1,1,260.08,1,20,3,1,3,1,19,3,1,3,1
4,15,3,49,0.1,1,2,1,1,1,267.5,1,13,1,1,1,1,14,1,3,2,2
4,15,3,50,0.1,3,2,2,2,1,357.36,0,9,1,3,3,1,4,3,1,2,2
4,15,3,51,1.8,2,1,2,2,1,255.12,1,20,3,3,2,2,9,3,3,3,3
4,15,3,52,0.2,3,3,2,2,1,248.1,1,1,3,3,1,1,7,3,3,1,1
4,15,3,53,0.05,2,1,2,2,1,395,0,2,3,3,2,2,15,3,3,3,3
4,15,3,54,0.1,3,1,2,2,1,311.46,0,17,3,3,1,1,12,1,3,1,3
4,15,3,55,0.05,1,2,1,1,1,246.54,1,8,3,3,3,3,8,1,1,2,2
4,15,3,56,0.4,3,2,2,2,1,241.16,1,19,3,3,1,1,19,3,3,2,2
4,15,3,57,0.05,2,3,2,2,1,306.39,0,16,3,1,2,2,8,1,1,3,3
4,15,3,58,0.2,1,1,1,1,1,251.52,1,12,3,1,3,1,10,1,3,1,3
4,15,3,59,0.2,3,1,2,2,1,247.87,1,7,1,1,3,3,16,1,3,1,3
4,15,3,60,0.1,3,3,2,2,1,254.47,1,18,1,1,3,3,18,3,1,1,3
4,15,3,61,0.8,3,2,2,2,1,252.75,1,19,3,1,1,3,8,3,1,2,2
4,15,3,62,1.8,1,1,1,1,1,423.9,0,19,1,3,1,3,4,3,1,3,1
4,15,3,63,0.2,3,3,2,2,1,253.16,1,20,3,3,1,1,20,3,3,1,1
4,15,3,64,0.05,3,3,2,1,0,259.22,1,4,3,1,1,3,8,1,3,3,1
4,15,3,65,0.1,3,1,2,2,1,274.28,1,18,3,1,1,3,18,3,1,3,1
4,15,3,66,0.4,3,2,2,2,1,224.41,1,12,3,1,1,3,7,3,3,2,2
4,15,3,67,0.8,1,2,1,1,1,232.91,1,17,1,3,1,3,14,3,1,2,2
4,15,3,68,0.8,3,2,2,2,1,257.16,1,1,3,3,1,1,3,3,3,2,2
4,15,3,69,0.2,1,1,1,1,1,221.57,1,2,1,3,1,3,9,3,1,3,1
4,15,3,70,0.8,2,1,2,2,1,243.82,1,6,3,3,2,2,8,3,3,3,3
4,15,3,71,1.8,2,2,2,1,0,239.15,1,12,3,1,2,2,3,3,3,2,2
4,15,3,72,0.4,1,2,1,1,1,263.5,1,17,3,3,3,3,6,3,3,2,2
4,15,3,73,0.4,3,1,2,2,1,243.67,1,1,1,3,3,1,3,1,1,1,1
4,15,3,74,0.1,1,1,1,1,1,285.83,1,10,3,3,3,3,18,1,3,1,3
4,15,3,75,1.8,3,2,2,2,1,219.09,1,2,1,1,3,3,8,1,1,2,2
4,15,3,76,0.4,1,2,1,1,1,250.35,1,14,1,3,1,3,6,1,3,2,2
4,15,3,77,0.8,2,2,2,1,0,284.77,1,7,3,3,2,2,3,1,1,2,2
4,15,3,78,0.4,2,1,2,2,1,242.92,1,20,1,1,2,2,11,1,3,1,3
4,15,4,1,0.05,2,2,2,1,0,297.28,1,20,3,1,2,2,9,1,3,2,2
4,15,4,2,0.1,1,2,1,1,1,182.51,1,9,1,3,1,3,15,3,3,2,2
4,15,4,3,0.8,1,2,1,1,1,206.8,1,16,3,1,3,1,3,3,1,2,2
4,15,4,4,0.4,2,3,2,2,1,268.45,1,1,1,1,2,2,9,1,3,3,1
4,15,4,5,0.2,1,3,1,1,1,215.8,1,3,1,1,1,1,14,1,3,3,1
4,15,4,6,0.2,1,3,1,1,1,207.74,1,6,3,1,3,1,15,3,3,1,1
4,15,4,7,0.05,2,1,2,1,0,296.87,1,13,3,3,2,2,9,3,3,3,3
4,15,4,8,0.2,2,1,2,2,1,243.79,1,18,3,3,2,2,1,3,1,3,1
4,15,4,9,0.2,1,2,1,1,1,205.86,1,11,3,3,3,3,11,1,1,2,2
4,15,4,10,0.4,1,3,1,2,0,250.67,1,18,1,1,1,1,19,3,1,1,3
4,15,4,11,1.8,2,2,2,2,1,225.11,1,9,3,1,2,2,2,1,1,2,2
4,15,4,12,0.1,2,2,2,1,0,204.73,1,4,3,1,2,2,5,1,3,2,2
4,15,4,13,0.1,2,2,2,1,0,261.81,1,20,3,3,2,2,3,3,1,2,2
4,15,4,14,0.8,1,2,1,1,1,221.13,1,1,3,1,3,1,7,3,3,2,2
4,15,4,15,0.2,2,2,2,2,1,202.24,1,3,3,3,2,2,16,1,3,2,2
4,15,4,16,0.4,3,2,2,2,1,235.1,1,20,3,1,1,3,7,3,3,2,2
4,15,4,17,1.8,3,2,2,2,1,247.75,1,15,3,1,1,3,10,1,3,2,2
4,15,4,18,0.4,1,3,1,1,1,238.96,1,4,3,1,3,1,7,3,1,1,3
4,15,4,19,0.8,2,3,2,2,1,233.69,1,5,3,1,2,2,16,3,1,1,3
4,15,4,20,0.8,2,2,2,2,1,257.36,1,16,1,1,2,2,12,1,1,2,2
4,15,4,21,0.05,2,3,2,2,1,371.43,0,5,1,3,2,2,3,1,3,3,1
4,15,4,22,0.4,1,1,1,1,1,269.82,1,15,1,3,1,3,10,1,3,1,3
4,15,4,23,0.4,1,1,1,1,1,221.32,1,3,3,3,3,3,7,3,3,3,3
4,15,4,24,0.05,2,2,2,2,1,380.35,0,8,3,1,2,2,6,3,3,2,2
4,15,4,25,0.2,3,3,2,2,1,244.41,1,10,3,3,1,1,15,1,1,3,3
4,15,4,26,0.4,1,3,1,1,1,239.04,1,14,3,1,3,1,3,1,1,3,3
4,15,4,27,1.8,1,1,1,1,1,217.34,1,16,1,3,1,3,13,1,1,1,1
4,15,4,28,0.4,3,3,2,2,1,229.46,1,4,3,3,1,1,18,3,1,1,3
4,15,4,29,0.1,1,2,1,1,1,267.93,1,10,3,3,3,3,8,1,3,2,2
4,15,4,30,0.05,1,2,1,1,1,303.81,0,3,1,1,1,1,18,3,3,2,2
4,15,4,31,0.4,2,1,2,2,1,244.84,1,2,1,3,2,2,6,1,1,1,1
4,15,4,32,0.1,3,3,2,2,1,314.05,0,9,1,3,3,1,4,3,3,1,1
4,15,4,33,0.1,2,3,2,2,1,302.48,0,17,3,3,2,2,16,3,3,1,1
4,15,4,34,0.2,2,1,2,2,1,275.74,1,15,3,1,2,2,19,1,1,1,1
4,15,4,35,0.8,1,2,NaN,NaN,NaN,NaN,NaN,20,1,3,1,3,7,3,3,2,2
4,15,4,36,0.2,3,3,2,2,1,232.17,1,12,1,1,3,3,11,1,3,3,1
4,15,4,37,0.8,3,1,2,2,1,203.94,1,10,3,1,1,3,1,1,1,1,1
4,15,4,38,0.1,1,1,1,1,1,302.21,0,14,3,3,3,3,8,3,1,3,1
4,15,4,39,0.2,1,2,1,1,1,205.57,1,8,1,3,1,3,7,1,3,2,2
4,15,4,40,0.05,1,1,1,1,1,282.41,1,13,1,3,1,3,19,3,1,3,1
4,15,4,41,0.05,2,2,2,1,0,258.87,1,10,1,3,2,2,2,3,3,2,2
4,15,4,42,0.8,3,1,2,2,1,232.29,1,17,1,3,3,1,5,1,1,1,1
4,15,4,43,0.1,1,1,1,1,1,228.74,1,16,3,1,3,1,17,3,1,3,1
4,15,4,44,0.4,3,3,2,2,1,228.85,1,7,3,1,1,3,10,3,3,1,1
4,15,4,45,0.8,1,2,1,1,1,240.98,1,7,1,1,1,1,18,3,3,2,2
4,15,4,46,0.05,1,3,1,1,1,287.69,1,2,3,1,3,1,12,3,3,1,1
4,15,4,47,0.8,1,3,1,1,1,237.38,1,12,3,3,3,3,4,3,1,1,3
4,15,4,48,1.8,1,1,1,1,1,223.38,1,20,3,1,3,1,6,3,3,3,3
4,15,4,49,0.4,3,3,2,2,1,257.72,1,12,3,3,1,1,3,3,1,1,3
4,15,4,50,1.8,1,1,1,1,1,236.86,1,17,1,3,1,3,12,1,3,1,3
4,15,4,51,1.8,1,1,1,1,1,270.98,1,19,1,3,1,3,10,1,3,1,3
4,15,4,52,0.8,1,2,1,1,1,435.31,0,17,3,3,3,3,17,1,1,2,2
4,15,4,53,1.8,2,1,2,2,1,228.96,1,4,1,1,2,2,10,1,1,1,1
4,15,4,54,1.8,3,2,2,2,1,222.09,1,16,1,1,3,3,16,1,1,2,2
4,15,4,55,0.1,1,1,1,1,1,296.77,1,12,1,3,1,3,9,3,3,3,3
4,15,4,56,0.05,1,1,1,1,1,314.12,0,5,1,3,1,3,10,3,1,3,1
4,15,4,57,0.4,1,1,1,1,1,306.78,0,17,1,1,1,1,14,1,3,1,3
4,15,4,58,0.8,2,1,2,2,1,220.68,1,19,3,3,2,2,8,1,3,1,3
4,15,4,59,1.8,1,3,1,1,1,253,1,2,1,3,1,3,12,1,1,3,3
4,15,4,60,0.1,1,2,1,1,1,312.24,0,4,3,1,3,1,6,3,3,2,2
4,15,4,61,0.05,2,1,2,1,0,322,0,15,3,3,2,2,18,3,1,3,1
4,15,4,62,0.8,1,2,1,1,1,229.37,1,20,3,3,3,3,1,1,3,2,2
4,15,4,63,0.2,1,1,1,1,1,279.04,1,3,3,1,3,1,11,3,1,3,1
4,15,4,64,0.1,1,3,1,2,0,288.08,1,2,1,3,1,3,16,1,1,3,3
4,15,4,65,0.2,3,3,2,2,1,219.46,1,5,1,3,3,1,7,3,1,1,3
4,15,4,66,1.8,3,2,2,2,1,245.54,1,6,3,3,1,1,8,3,1,2,2
4,15,4,67,0.2,3,1,2,2,1,248.7,1,5,3,3,1,1,1,1,3,1,3
4,15,4,68,0.05,1,3,1,1,1,276.98,1,16,1,3,1,3,15,3,1,1,3
4,15,4,69,0.4,3,2,2,2,1,213.42,1,2,1,1,3,3,8,3,3,2,2
4,15,4,70,0.05,2,1,2,2,1,335,0,3,1,1,2,2,4,3,3,3,3
4,15,4,71,1.8,1,1,1,1,1,244.44,1,14,3,3,3,3,12,3,1,3,1
4,15,4,72,0.8,1,1,1,1,1,215.4,1,19,3,3,3,3,1,3,3,3,3
4,15,4,73,1.8,1,2,1,1,1,219.95,1,12,1,1,1,1,10,3,3,2,2
4,15,4,74,0.05,1,2,1,1,1,249.83,1,10,3,1,3,1,10,1,3,2,2
4,15,4,75,0.1,2,1,2,2,1,317.43,0,7,1,3,2,2,20,1,1,1,1
4,15,4,76,1.8,1,1,1,1,1,226.37,1,17,1,1,1,1,20,3,1,3,1
4,15,4,77,0.1,2,2,2,2,1,309.96,0,17,3,1,2,2,20,1,1,2,2
4,15,4,78,0.2,2,1,2,2,1,312.73,0,15,1,1,2,2,17,3,1,3,1
4,15,5,1,0.05,1,3,1,1,1,264.33,1,14,1,3,1,3,13,1,3,3,1
4,15,5,2,0.4,1,2,1,1,1,241.57,1,19,3,1,3,1,19,3,3,2,2
4,15,5,3,0.05,1,3,1,1,1,233.92,1,9,3,1,3,1,8,1,3,3,1
4,15,5,4,0.8,1,1,1,1,1,241.92,1,3,3,3,3,3,19,1,1,1,1
4,15,5,5,0.1,3,3,2,2,1,289.46,1,16,1,1,3,3,8,3,3,1,1
4,15,5,6,1.8,1,1,1,1,1,219.52,1,5,1,3,1,3,11,1,3,1,3
4,15,5,7,1.8,1,2,1,1,1,201.35,1,5,1,3,1,3,15,3,1,2,2
4,15,5,8,0.2,3,3,2,2,1,243.21,1,10,1,1,3,3,2,3,3,1,1
4,15,5,9,0.8,1,2,NaN,NaN,NaN,NaN,NaN,20,1,3,1,3,14,3,3,2,2
4,15,5,10,0.4,1,2,1,1,1,212.79,1,11,3,1,3,1,10,1,1,2,2
4,15,5,11,0.8,3,2,2,2,1,274.06,1,20,3,3,1,1,5,1,1,2,2
4,15,5,12,0.1,1,2,1,1,1,250.88,1,12,1,1,1,1,15,1,3,2,2
4,15,5,13,0.4,2,3,2,2,1,456.52,0,11,3,1,2,2,15,3,1,1,3
4,15,5,14,1.8,3,1,2,2,1,237.33,1,20,3,3,1,1,12,1,1,1,1
4,15,5,15,0.8,2,3,2,2,1,291,1,9,3,1,2,2,4,1,3,3,1
4,15,5,16,1.8,2,1,2,2,1,230.01,1,2,3,1,2,2,14,3,3,3,3
4,15,5,17,0.2,2,1,2,1,0,271.55,1,8,1,3,2,2,2,1,3,1,3
4,15,5,18,0.1,3,3,2,2,1,248.97,1,11,3,3,1,1,13,1,3,3,1
4,15,5,19,0.8,2,2,2,2,1,235.1,1,16,1,1,2,2,4,1,1,2,2
4,15,5,20,0.2,3,1,2,2,1,213.94,1,19,3,3,1,1,6,1,1,1,1
4,15,5,21,0.1,3,2,2,2,1,240.36,1,3,3,3,1,1,7,1,1,2,2
4,15,5,22,0.1,1,2,1,1,1,265.83,1,18,3,3,3,3,14,3,3,2,2
4,15,5,23,0.4,1,3,1,2,0,230.74,1,7,1,3,1,3,3,3,3,1,1
4,15,5,24,0.8,2,1,2,2,1,229.19,1,2,3,1,2,2,16,3,3,3,3
4,15,5,25,0.8,1,1,1,1,1,230.83,1,3,3,1,3,1,17,3,1,3,1
4,15,5,26,0.1,2,2,2,2,1,318.38,0,19,3,1,2,2,18,1,1,2,2
4,15,5,27,0.8,3,3,2,2,1,248.38,1,17,3,3,1,1,20,3,3,1,1
4,15,5,28,0.2,2,1,2,1,0,267.89,1,20,1,3,2,2,16,3,3,3,3
4,15,5,29,0.4,2,3,2,2,1,447.47,0,5,1,1,2,2,3,1,3,3,1
4,15,5,30,0.05,1,1,1,1,1,256.79,1,14,3,1,3,1,6,1,3,1,3
4,15,5,31,1.8,1,2,1,1,1,238.74,1,14,3,3,3,3,18,1,1,2,2
4,15,5,32,0.2,2,3,2,2,1,231.81,1,4,3,3,2,2,5,1,3,3,1
4,15,5,33,0.1,1,3,1,1,1,218.17,1,1,3,3,3,3,12,1,3,3,1
4,15,5,34,0.05,2,2,2,2,1,318.21,0,13,1,1,2,2,10,1,1,2,2
4,15,5,35,1.8,3,2,2,2,1,240.15,1,16,3,1,1,3,1,3,3,2,2
4,15,5,36,1.8,2,1,2,2,1,254.44,1,5,1,3,2,2,20,3,1,3,1
4,15,5,37,0.4,1,3,1,1,1,232.88,1,12,3,3,3,3,8,1,3,3,1
4,15,5,38,0.4,1,3,1,1,1,248.24,1,13,3,3,3,3,2,1,1,3,3
4,15,5,39,0.1,3,3,2,2,1,277.38,1,10,3,3,1,1,11,3,1,1,3
4,15,5,40,0.8,1,2,1,1,1,217.44,1,7,1,1,1,1,5,1,3,2,2
4,15,5,41,0.4,2,1,2,2,1,273,1,15,3,3,2,2,6,1,3,1,3
4,15,5,42,0.8,1,3,1,1,1,208.36,1,4,3,3,3,3,1,3,1,1,3
4,15,5,43,0.2,1,1,1,1,1,205.06,1,9,3,1,3,1,19,1,1,1,1
4,15,5,44,0.4,1,3,1,1,1,436.73,0,13,3,3,3,3,1,1,3,3,1
4,15,5,45,0.1,2,2,2,1,0,280.94,1,9,3,3,2,2,3,1,1,2,2
4,15,5,46,0.2,1,1,1,1,1,151.31,1,5,3,3,3,3,8,1,1,1,1
4,15,5,47,0.2,3,3,2,2,1,233.38,1,16,1,1,3,3,4,1,3,3,1
4,15,5,48,0.05,3,2,2,2,1,306.17,0,5,1,3,3,1,13,1,3,2,2
4,15,5,49,1.8,1,3,1,2,0,205.99,1,18,3,3,3,3,12,3,3,1,1
4,15,5,50,0.2,3,1,2,2,1,437.28,0,13,1,1,3,3,4,1,3,1,3
4,15,5,51,1.8,1,1,1,1,1,219.55,1,14,1,1,1,1,6,3,1,3,1
4,15,5,52,0.05,1,2,1,2,0,282.38,1,11,1,3,1,3,10,3,1,2,2
4,15,5,53,0.4,2,2,2,2,1,237.81,1,7,3,1,2,2,2,1,3,2,2
4,15,5,54,0.4,1,1,1,1,1,295.73,1,3,3,1,3,1,3,3,3,3,3
4,15,5,55,0.2,3,3,2,2,1,233.83,1,19,1,3,3,1,15,1,3,3,1
4,15,5,56,0.05,1,2,1,1,1,255.44,1,8,1,1,1,1,7,3,3,2,2
4,15,5,57,0.2,3,1,2,2,1,259.3,1,12,3,1,1,3,14,1,3,1,3
4,15,5,58,0.2,1,3,1,1,1,288.78,1,1,1,3,1,3,8,1,3,3,1
4,15,5,59,0.05,3,1,2,1,0,266.48,1,8,1,3,3,1,15,1,1,1,1
4,15,5,60,0.1,1,3,1,1,1,224.49,1,13,3,1,3,1,11,1,1,3,3
4,15,5,61,1.8,2,3,2,1,0,231.32,1,12,1,3,2,2,20,3,1,1,3
4,15,5,62,0.05,3,1,2,2,1,363.19,0,6,3,1,1,3,2,3,1,3,1
4,15,5,63,1.8,2,3,2,2,1,264.05,1,12,3,3,2,2,9,1,1,3,3
4,15,5,64,0.4,1,1,1,1,1,185.01,1,13,1,1,1,1,8,1,3,1,3
4,15,5,65,0.05,1,2,1,1,1,298.66,1,4,1,1,1,1,1,1,1,2,2
4,15,5,66,0.8,2,3,2,2,1,272.33,1,19,3,1,2,2,15,3,1,1,3
4,15,5,67,1.8,1,2,1,1,1,229.12,1,3,1,1,1,1,12,1,1,2,2
4,15,5,68,0.4,1,2,1,1,1,352.47,0,7,3,1,3,1,19,1,3,2,2
4,15,5,69,0.1,3,2,2,2,1,283.85,1,1,3,3,1,1,17,3,3,2,2
4,15,5,70,0.8,1,2,1,1,1,245.58,1,18,3,1,3,1,11,3,1,2,2
4,15,5,71,1.8,1,3,1,1,1,210.21,1,18,3,1,3,1,13,3,3,1,1
4,15,5,72,0.05,1,3,1,1,1,258.33,1,12,1,1,1,1,9,1,3,3,1
4,15,5,73,0.8,3,1,2,2,1,242.02,1,4,3,3,1,1,17,1,3,1,3
4,15,5,74,0.1,2,2,2,2,1,335.27,0,13,1,1,2,2,4,3,1,2,2
4,15,5,75,0.05,1,2,1,1,1,257.77,1,16,3,1,3,1,3,1,1,2,2
4,15,5,76,0.2,1,2,1,1,1,208.31,1,6,3,3,3,3,14,3,1,2,2
4,15,5,77,0.1,1,1,1,1,1,207.53,1,6,1,1,1,1,15,3,3,3,3
4,15,5,78,0.05,3,1,2,2,1,395.8,0,10,3,3,1,1,18,3,3,3,3
4,15,6,1,0.05,1,1,1,1,1,284.42,1,9,1,1,1,1,4,3,1,3,1
4,15,6,2,0.05,2,1,2,1,0,284.57,1,18,1,3,2,2,9,1,3,1,3
4,15,6,3,0.1,1,1,1,1,1,251.49,1,12,1,3,1,3,20,3,1,3,1
4,15,6,4,0.2,1,1,1,1,1,205.14,1,2,1,3,1,3,17,3,3,3,3
4,15,6,5,0.1,2,3,2,2,1,325.49,0,12,1,3,2,2,18,1,3,3,1
4,15,6,6,0.8,2,3,2,1,0,239.3,1,12,3,3,2,2,12,1,3,3,1
4,15,6,7,0.05,3,1,2,2,1,262.41,1,4,1,3,3,1,13,3,1,3,1
4,15,6,8,0.4,3,2,2,2,1,239.45,1,2,3,3,1,1,18,1,3,2,2
4,15,6,9,0.8,3,2,2,2,1,232.41,1,18,1,1,3,3,15,1,3,2,2
4,15,6,10,0.8,1,3,1,1,1,242.85,1,14,3,3,3,3,2,1,3,3,1
4,15,6,11,0.1,1,3,1,1,1,279.21,1,17,1,3,1,3,17,3,1,1,3
4,15,6,12,0.1,3,3,2,2,1,312.85,0,17,1,1,3,3,19,1,3,3,1
4,15,6,13,0.1,3,1,2,2,1,345.94,0,1,3,1,1,3,9,1,1,1,1
4,15,6,14,0.2,1,3,1,1,1,232.76,1,16,3,3,3,3,10,1,3,3,1
4,15,6,15,0.2,1,3,1,1,1,239.41,1,1,1,1,1,1,15,3,3,1,1
4,15,6,16,1.8,3,3,2,2,1,218.22,1,17,3,3,1,1,9,3,3,1,1
4,15,6,17,1.8,1,1,1,1,1,245.91,1,2,1,1,1,1,5,1,1,1,1
4,15,6,18,0.1,3,2,2,1,0,307,0,12,3,1,1,3,15,1,1,2,2
4,15,6,19,0.1,2,3,2,1,0,280.02,1,15,1,1,2,2,12,1,3,3,1
4,15,6,20,0.8,2,1,2,2,1,229.94,1,2,3,3,2,2,13,3,1,3,1
4,15,6,21,0.1,1,1,1,1,1,246.23,1,6,3,3,3,3,7,1,1,1,1
4,15,6,22,0.8,1,3,1,1,1,244.36,1,6,1,3,1,3,12,3,1,1,3
4,15,6,23,0.4,2,3,2,2,1,265.82,1,12,1,1,2,2,11,3,1,1,3
4,15,6,24,0.2,1,2,1,1,1,286.46,1,7,3,1,3,1,12,1,1,2,2
4,15,6,25,0.1,1,3,1,1,1,191.04,1,5,1,1,1,1,6,3,1,1,3
4,15,6,26,1.8,3,3,2,2,1,224.96,1,4,1,1,3,3,5,3,3,1,1
4,15,6,27,0.4,2,3,2,2,1,237.93,1,10,3,3,2,2,19,3,1,1,3
4,15,6,28,0.4,2,2,2,2,1,220.56,1,17,1,3,2,2,15,3,1,2,2
4,15,6,29,0.8,1,1,1,1,1,269.91,1,8,3,3,3,3,16,3,1,3,1
4,15,6,30,0.4,1,2,1,1,1,224.54,1,20,3,3,3,3,13,3,1,2,2
4,15,6,31,0.05,2,1,2,2,1,287.17,1,5,3,3,2,2,18,1,3,1,3
4,15,6,32,1.8,1,3,1,1,1,221.85,1,18,3,1,3,1,18,3,1,1,3
4,15,6,33,0.1,2,2,2,2,1,225.96,1,11,3,3,2,2,11,1,1,2,2
4,15,6,34,1.8,2,3,2,2,1,252.44,1,5,3,3,2,2,11,3,1,1,3
4,15,6,35,0.2,2,1,2,1,0,267.53,1,2,1,3,2,2,11,1,1,1,1
4,15,6,36,0.1,1,2,1,2,0,289.15,1,1,1,1,1,1,15,1,1,2,2
4,15,6,37,1.8,1,2,1,1,1,251.08,1,10,3,3,3,3,19,3,1,2,2
4,15,6,38,0.4,1,2,1,1,1,269.44,1,20,1,3,1,3,5,1,1,2,2
4,15,6,39,0.2,2,2,2,2,1,450.15,0,20,3,3,2,2,16,1,3,2,2
4,15,6,40,1.8,2,2,2,2,1,213.14,1,13,1,3,2,2,6,3,3,2,2
4,15,6,41,1.8,1,1,1,1,1,391.87,0,4,1,3,1,3,14,1,3,1,3
4,15,6,42,0.4,3,3,2,2,1,252.37,1,4,1,3,3,1,7,1,3,3,1
4,15,6,43,1.8,2,3,2,2,1,194.03,1,1,3,1,2,2,7,1,3,3,1
4,15,6,44,0.05,2,2,2,1,0,300.16,0,2,1,1,2,2,1,3,3,2,2
4,15,6,45,0.2,3,1,2,2,1,252.55,1,15,1,3,3,1,5,3,1,3,1
4,15,6,46,0.4,1,1,1,1,1,245.62,1,8,1,3,1,3,14,1,3,1,3
4,15,6,47,0.4,3,3,2,2,1,373.72,0,3,3,3,1,1,5,3,1,1,3
4,15,6,48,0.05,1,2,1,1,1,266.88,1,11,3,1,3,1,4,1,3,2,2
4,15,6,49,0.8,2,1,2,2,1,220.45,1,8,3,3,2,2,9,1,3,1,3
4,15,6,50,0.8,3,1,2,2,1,222.74,1,19,3,3,1,1,3,3,1,3,1
4,15,6,51,0.2,2,3,2,2,1,275.28,1,5,1,1,2,2,10,3,1,1,3
4,15,6,52,0.05,3,3,2,2,1,308.35,0,18,1,3,3,1,11,1,3,3,1
4,15,6,53,0.2,1,2,1,1,1,257.74,1,9,1,1,1,1,20,1,1,2,2
4,15,6,54,0.05,2,2,2,2,1,319.16,0,2,3,3,2,2,10,3,1,2,2
4,15,6,55,0.4,2,2,2,2,1,258.87,1,16,3,3,2,2,10,3,3,2,2
4,15,6,56,1.8,2,1,2,2,1,255.52,1,18,1,1,2,2,8,3,1,3,1
4,15,6,57,0.1,1,1,1,1,1,280.47,1,18,3,1,3,1,3,3,1,3,1
4,15,6,58,0.05,2,3,2,2,1,322.8,0,5,3,3,2,2,17,3,1,1,3
4,15,6,59,0.05,3,2,2,2,1,515.45,0,20,1,3,3,1,1,3,1,2,2
4,15,6,60,0.05,1,2,1,1,1,272.55,1,14,3,1,3,1,16,1,3,2,2
4,15,6,61,0.8,2,3,2,2,1,244.36,1,5,1,3,2,2,1,1,1,3,3
4,15,6,62,0.4,1,1,1,1,1,211.73,1,17,3,3,3,3,13,1,1,1,1
4,15,6,63,1.8,1,2,1,1,1,238.65,1,5,3,1,3,1,4,3,1,2,2
4,15,6,64,0.05,1,3,1,2,0,358.91,0,18,3,3,3,3,11,3,1,1,3
4,15,6,65,0.2,1,1,1,1,1,307.95,0,16,1,1,1,1,16,1,1,1,1
4,15,6,66,0.8,2,1,2,2,1,276.84,1,17,1,1,2,2,20,3,3,3,3
4,15,6,67,1.8,1,3,1,1,1,237.75,1,17,3,3,3,3,11,1,3,3,1
4,15,6,68,0.8,1,3,1,1,1,282.73,1,11,3,1,3,1,16,1,3,3,1
4,15,6,69,0.8,1,3,1,1,1,259.4,1,3,3,3,3,3,11,1,3,3,1
4,15,6,70,0.4,3,3,2,2,1,256.83,1,11,1,3,3,1,4,3,3,1,1
4,15,6,71,1.8,1,2,1,1,1,259.17,1,8,3,1,3,1,17,1,3,2,2
4,15,6,72,0.2,3,2,2,2,1,231.75,1,15,1,1,3,3,19,1,1,2,2
4,15,6,73,0.2,1,2,1,2,0,261.86,1,14,1,3,1,3,18,1,3,2,2
4,15,6,74,0.2,2,2,2,1,0,261.27,1,12,1,3,2,2,5,1,1,2,2
4,15,6,75,0.05,3,2,2,1,0,284.26,1,3,1,3,3,1,15,3,3,2,2
4,15,6,76,0.1,1,3,1,2,0,268.09,1,1,1,1,1,1,10,1,3,3,1
4,15,6,77,0.4,1,2,1,1,1,306.32,0,11,1,3,1,3,2,1,1,2,2
4,15,6,78,0.8,1,1,1,1,1,240.83,1,2,1,3,1,3,6,1,3,1,3
4,15,7,1,0.4,3,3,2,2,1,265.64,1,15,1,3,3,1,8,3,1,1,3
4,15,7,2,0.1,2,3,2,1,0,211.18,1,14,1,1,2,2,13,3,1,1,3
4,15,7,3,0.8,2,2,2,2,1,205.94,1,13,3,1,2,2,2,1,1,2,2
4,15,7,4,0.1,2,2,2,2,1,298.95,1,11,3,1,2,2,16,1,1,2,2
4,15,7,5,0.1,2,3,2,2,1,374.18,0,13,1,3,2,2,5,3,3,1,1
4,15,7,6,0.8,2,1,2,2,1,239.11,1,8,1,1,2,2,7,1,1,1,1
4,15,7,7,0.8,2,1,2,1,0,249.64,1,15,1,3,2,2,8,3,3,3,3
4,15,7,8,1.8,3,3,2,2,1,222.91,1,11,1,1,3,3,2,3,1,1,3
4,15,7,9,0.4,2,2,2,2,1,225.02,1,4,3,1,2,2,18,1,1,2,2
4,15,7,10,0.8,1,3,1,1,1,276.41,1,8,1,1,1,1,4,1,1,3,3
4,15,7,11,0.2,1,3,1,1,1,447.46,0,4,1,1,1,1,16,3,1,1,3
4,15,7,12,0.2,2,1,2,2,1,225.86,1,12,1,3,2,2,11,1,3,1,3
4,15,7,13,1.8,2,2,2,2,1,226.07,1,18,1,3,2,2,13,1,1,2,2
4,15,7,14,1.8,1,3,1,1,1,270.73,1,8,3,3,3,3,1,1,1,3,3
4,15,7,15,0.1,1,2,1,1,1,255.12,1,11,1,3,1,3,16,3,3,2,2
4,15,7,16,1.8,3,1,2,2,1,238.57,1,13,3,1,1,3,17,3,3,3,3
4,15,7,17,0.05,2,2,2,1,0,254.51,1,19,1,3,2,2,1,3,1,2,2
4,15,7,18,0.8,3,1,2,2,1,260.28,1,20,3,3,1,1,15,1,1,1,1
4,15,7,19,0.4,1,3,1,1,1,253.68,1,8,3,1,3,1,14,1,1,3,3
4,15,7,20,0.05,1,2,1,1,1,284.69,1,8,3,1,3,1,18,1,1,2,2
4,15,7,21,0.4,1,2,1,1,1,220.45,1,12,3,1,3,1,3,3,3,2,2
4,15,7,22,1.8,3,3,2,2,1,257.51,1,7,1,3,3,1,13,3,3,1,1
4,15,7,23,1.8,3,3,2,2,1,270.11,1,1,3,3,1,1,6,1,1,3,3
4,15,7,24,0.4,1,1,1,1,1,240.06,1,3,3,3,3,3,16,1,3,1,3
4,15,7,25,0.05,1,3,1,1,1,297.81,1,11,3,3,3,3,5,1,1,3,3
4,15,7,26,1.8,3,1,2,2,1,259.37,1,11,3,1,1,3,5,1,1,1,1
4,15,7,27,0.1,1,2,1,1,1,299.22,1,17,1,1,1,1,1,1,1,2,2
4,15,7,28,0.2,1,3,1,1,1,189.99,1,13,3,3,3,3,5,3,3,1,1
4,15,7,29,0.8,2,1,2,2,1,249.27,1,18,1,3,2,2,7,3,3,3,3
4,15,7,30,0.8,2,3,2,2,1,249.91,1,18,1,3,2,2,14,1,3,3,1
4,15,7,31,1.8,3,1,2,2,1,237.44,1,17,3,3,1,1,16,3,3,3,3
4,15,7,32,0.4,2,2,2,1,0,266.42,1,20,3,1,2,2,2,3,3,2,2
4,15,7,33,0.2,1,3,1,1,1,231.95,1,18,3,1,3,1,14,1,1,3,3
4,15,7,34,0.8,1,2,1,1,1,206.6,1,2,1,3,1,3,16,1,1,2,2
4,15,7,35,0.2,1,2,1,1,1,202.57,1,11,3,3,3,3,17,3,1,2,2
4,15,7,36,0.05,1,1,1,1,1,271.04,1,2,1,3,1,3,3,3,1,3,1
4,15,7,37,0.4,1,2,1,1,1,254.19,1,10,3,1,3,1,13,3,3,2,2
4,15,7,38,0.4,1,3,1,1,1,250.79,1,8,1,3,1,3,9,1,1,3,3
4,15,7,39,1.8,3,1,2,2,1,233.08,1,19,3,1,1,3,19,1,3,1,3
4,15,7,40,0.2,1,3,1,1,1,206.78,1,8,1,3,1,3,11,3,3,1,1
4,15,7,41,0.05,3,3,2,2,1,349.32,0,6,3,1,1,3,9,1,1,3,3
4,15,7,42,0.4,1,3,1,1,1,267.44,1,14,1,1,1,1,2,3,1,1,3
4,15,7,43,1.8,1,2,1,1,1,240.94,1,2,1,3,1,3,12,1,3,2,2
4,15,7,44,0.4,3,2,2,2,1,260.1,1,9,3,1,1,3,3,1,3,2,2
4,15,7,45,1.8,2,2,2,2,1,267.23,1,8,3,1,2,2,16,3,1,2,2
4,15,7,46,0.8,2,2,2,2,1,218.7,1,13,3,3,2,2,8,3,3,2,2
4,15,7,47,0.8,1,1,1,1,1,464.04,0,6,1,3,1,3,6,3,3,3,3
4,15,7,48,0.05,3,3,2,2,1,427.43,0,8,3,1,1,3,11,3,3,1,1
4,15,7,49,1.8,1,3,1,1,1,246.6,1,18,1,3,1,3,8,1,3,3,1
4,15,7,50,0.05,1,3,1,1,1,329.39,0,8,3,3,3,3,5,3,1,1,3
4,15,7,51,1.8,1,3,1,1,1,216.66,1,11,1,3,1,3,18,3,3,1,1
4,15,7,52,0.1,1,1,1,1,1,273.11,1,2,3,1,3,1,14,3,3,3,3
4,15,7,53,0.05,3,2,2,2,1,317.45,0,12,3,1,1,3,14,3,3,2,2
4,15,7,54,0.05,2,1,2,2,1,314.42,0,16,3,1,2,2,15,1,1,1,1
4,15,7,55,0.1,2,2,2,2,1,281.59,1,10,1,3,2,2,8,1,3,2,2
4,15,7,56,0.05,3,1,2,2,1,317.91,0,2,3,1,1,3,5,3,1,3,1
4,15,7,57,0.2,3,3,2,2,1,210.09,1,16,3,1,1,3,19,1,1,3,3
4,15,7,58,0.8,2,2,2,1,0,299.43,1,10,3,3,2,2,19,1,1,2,2
4,15,7,59,0.1,3,2,2,2,1,241.78,1,19,3,1,1,3,8,3,3,2,2
4,15,7,60,0.1,1,2,1,1,1,312.35,0,12,3,1,3,1,7,1,1,2,2
4,15,7,61,0.4,1,3,1,1,1,250.39,1,7,3,3,3,3,12,3,1,1,3
4,15,7,62,0.1,2,2,2,2,1,271.3,1,14,3,3,2,2,13,3,1,2,2
4,15,7,63,0.05,3,2,2,2,1,288.52,1,5,1,1,3,3,3,3,3,2,2
4,15,7,64,0.1,3,2,2,2,1,386.77,0,14,3,1,1,3,8,3,3,2,2
4,15,7,65,0.05,2,1,2,1,0,306.46,0,13,3,1,2,2,7,3,1,3,1
4,15,7,66,0.2,1,2,1,1,1,243.36,1,3,3,3,3,3,3,1,3,2,2
4,15,7,67,0.1,1,1,1,1,1,209.08,1,14,1,1,1,1,4,3,1,3,1
4,15,7,68,0.8,3,1,NaN,NaN,NaN,NaN,NaN,19,3,3,1,1,16,1,1,1,1
4,15,7,69,0.2,1,1,1,2,0,249.65,1,20,1,3,1,3,11,1,3,1,3
4,15,7,70,0.2,3,2,2,1,0,274.07,1,4,3,1,1,3,9,3,3,2,2
4,15,7,71,0.05,1,2,1,1,1,288.57,1,8,3,3,3,3,15,1,1,2,2
4,15,7,72,0.2,3,1,2,2,1,247.43,1,1,3,1,1,3,16,1,3,1,3
4,15,7,73,0.2,1,3,1,1,1,211.76,1,8,3,3,3,3,10,1,3,3,1
4,15,7,74,0.8,3,2,2,2,1,222.92,1,8,3,1,1,3,17,1,1,2,2
4,15,7,75,0.4,3,3,2,2,1,234.1,1,3,1,1,3,3,9,1,3,3,1
4,15,7,76,0.1,2,3,2,2,1,294.56,1,20,1,3,2,2,2,3,3,1,1
4,15,7,77,0.4,1,1,1,1,1,243.61,1,7,1,3,1,3,14,3,1,3,1
4,15,7,78,0.2,2,1,2,2,1,312.46,0,7,3,1,2,2,10,3,1,3,1
4,15,8,1,0.8,3,3,2,2,1,467.78,0,16,1,1,3,3,8,1,3,3,1
4,15,8,2,0.4,3,2,2,2,1,227.05,1,8,1,3,3,1,13,1,1,2,2
4,15,8,3,1.8,3,2,2,2,1,234.66,1,20,3,1,1,3,4,3,1,2,2
4,15,8,4,0.2,1,1,1,1,1,141.51,1,2,3,3,3,3,10,1,1,1,1
4,15,8,5,0.05,1,1,1,1,1,253.37,1,16,1,3,1,3,2,3,3,3,3
4,15,8,6,0.1,3,1,2,2,1,265.63,1,3,1,1,3,3,2,1,1,1,1
4,15,8,7,0.8,1,1,1,1,1,267.81,1,13,3,1,3,1,17,3,3,3,3
4,15,8,8,1.8,3,2,2,2,1,231.35,1,20,3,3,1,1,5,1,3,2,2
4,15,8,9,0.2,2,2,2,2,1,191.04,1,5,3,3,2,2,15,1,3,2,2
4,15,8,10,0.8,1,2,1,1,1,268.59,1,7,1,3,1,3,13,1,3,2,2
4,15,8,11,0.05,1,1,1,1,1,265.06,1,2,3,3,3,3,11,1,1,1,1
4,15,8,12,0.8,1,1,1,1,1,245.35,1,14,1,1,1,1,11,3,3,3,3
4,15,8,13,0.4,2,3,2,2,1,287.54,1,19,1,3,2,2,7,3,3,1,1
4,15,8,14,0.4,3,3,2,2,1,252.3,1,19,1,1,3,3,6,3,3,1,1
4,15,8,15,1.8,1,3,1,1,1,184.16,1,10,3,3,3,3,1,1,3,3,1
4,15,8,16,0.4,3,2,2,2,1,240.24,1,18,3,3,1,1,12,3,1,2,2
4,15,8,17,0.4,2,2,2,2,1,262.1,1,13,3,3,2,2,13,1,3,2,2
4,15,8,18,1.8,3,1,2,2,1,238.16,1,18,3,1,1,3,4,1,1,1,1
4,15,8,19,0.05,2,2,2,1,0,299.8,1,6,3,1,2,2,4,3,1,2,2
4,15,8,20,0.05,1,1,1,1,1,277.83,1,10,1,3,1,3,10,3,1,3,1
4,15,8,21,0.05,3,3,2,2,1,293.8,1,7,1,3,3,1,6,1,3,3,1
4,15,8,22,0.1,3,2,2,2,1,292.04,1,18,1,3,3,1,8,1,1,2,2
4,15,8,23,0.05,1,1,1,1,1,276,1,14,1,1,1,1,15,3,3,3,3
4,15,8,24,0.05,3,3,2,2,1,317.33,0,14,3,1,1,3,5,1,3,3,1
4,15,8,25,1.8,2,1,2,2,1,242.07,1,13,1,3,2,2,9,1,1,1,1
4,15,8,26,1.8,3,1,2,2,1,223.97,1,15,3,3,1,1,18,1,3,1,3
4,15,8,27,0.1,1,1,1,1,1,198.41,1,13,3,3,3,3,5,1,1,1,1
4,15,8,28,0.1,2,2,2,1,0,254.11,1,12,3,1,2,2,12,1,1,2,2
4,15,8,29,1.8,1,3,1,1,1,221.29,1,8,1,1,1,1,15,1,3,3,1
4,15,8,30,0.1,1,1,1,1,1,248.19,1,9,1,1,1,1,3,3,3,3,3
4,15,8,31,0.4,3,2,2,2,1,263.49,1,4,3,3,1,1,1,3,3,2,2
4,15,8,32,0.05,1,2,1,1,1,258.72,1,1,1,3,1,3,16,1,3,2,2
4,15,8,33,0.05,3,2,2,2,1,447.1,0,11,1,3,3,1,15,1,3,2,2
4,15,8,34,0.4,1,1,1,1,1,260.6,1,10,1,1,1,1,1,1,1,1,1
4,15,8,35,0.1,1,3,1,1,1,245.05,1,14,1,1,1,1,1,1,1,3,3
4,15,8,36,0.05,1,3,1,1,1,314.39,0,14,3,1,3,1,2,3,1,1,3
4,15,8,37,0.2,3,3,2,2,1,232.48,1,8,1,3,3,1,11,3,1,1,3
4,15,8,38,0.4,3,1,2,2,1,258.53,1,15,1,1,3,3,20,3,1,3,1
4,15,8,39,0.8,1,2,1,2,0,265.67,1,14,3,1,3,1,18,3,3,2,2
4,15,8,40,0.1,1,3,1,1,1,278.54,1,14,1,1,1,1,2,3,3,1,1
4,15,8,41,0.2,3,1,2,2,1,258.81,1,6,3,1,1,3,1,1,3,1,3
4,15,8,42,0.1,1,1,1,1,1,262.58,1,15,1,1,1,1,3,3,1,3,1
4,15,8,43,0.4,1,2,1,1,1,244.22,1,19,1,3,1,3,1,1,3,2,2
4,15,8,44,1.8,3,2,2,2,1,218.82,1,8,1,1,3,3,4,3,3,2,2
4,15,8,45,0.8,2,1,2,2,1,244.73,1,3,3,1,2,2,13,3,1,3,1
4,15,8,46,0.2,1,1,1,1,1,212.91,1,3,3,3,3,3,19,3,1,3,1
4,15,8,47,0.4,1,2,1,2,0,272.89,1,20,1,3,1,3,8,3,1,2,2
4,15,8,48,0.2,1,3,1,1,1,164.38,1,20,3,3,3,3,15,1,1,3,3
4,15,8,49,0.8,1,2,1,1,1,264.76,1,8,1,3,1,3,12,1,3,2,2
4,15,8,50,0.4,2,2,2,2,1,217.73,1,15,1,1,2,2,6,3,1,2,2
4,15,8,51,1.8,3,2,2,2,1,212.7,1,6,1,1,3,3,19,1,3,2,2
4,15,8,52,0.8,1,2,1,1,1,209.85,1,14,1,3,1,3,3,3,1,2,2
4,15,8,53,0.05,1,1,1,1,1,259.14,1,7,1,3,1,3,11,1,3,1,3
4,15,8,54,0.8,1,1,1,1,1,264,1,15,3,3,3,3,3,3,1,3,1
4,15,8,55,1.8,1,1,1,1,1,229.67,1,16,3,1,3,1,15,1,1,1,1
4,15,8,56,0.1,1,3,1,1,1,278.09,1,6,3,1,3,1,15,3,1,1,3
4,15,8,57,0.05,3,3,2,2,1,297.28,1,9,3,3,1,1,4,3,3,1,1
4,15,8,58,0.1,3,2,2,2,1,285.71,1,7,1,1,3,3,15,3,1,2,2
4,15,8,59,0.8,1,3,1,1,1,249.01,1,19,3,1,3,1,19,1,1,3,3
4,15,8,60,0.2,2,1,2,2,1,294.29,1,6,1,3,2,2,20,3,1,3,1
4,15,8,61,0.2,1,2,1,2,0,239.42,1,3,3,3,3,3,15,3,1,2,2
4,15,8,62,0.8,2,3,2,2,1,241.91,1,4,1,1,2,2,9,1,1,3,3
4,15,8,63,1.8,2,1,2,2,1,200.3,1,20,1,3,2,2,14,3,1,3,1
4,15,8,64,0.8,3,1,2,2,1,231.14,1,1,1,1,3,3,4,3,3,3,3
4,15,8,65,0.1,3,1,2,2,1,290.98,1,6,1,1,3,3,15,3,1,3,1
4,15,8,66,1.8,1,1,1,1,1,264.31,1,10,3,3,3,3,11,1,1,1,1
4,15,8,67,0.4,2,1,2,1,0,232.74,1,20,3,1,2,2,5,3,1,3,1
4,15,8,68,0.1,3,2,2,2,1,236.05,1,17,1,3,3,1,7,1,1,2,2
4,15,8,69,0.2,1,2,1,1,1,260.28,1,6,3,1,3,1,18,1,1,2,2
4,15,8,70,0.2,1,3,1,1,1,228.44,1,17,1,3,1,3,11,3,1,1,3
4,15,8,71,0.1,3,1,2,2,1,233.5,1,14,1,1,3,3,8,1,3,1,3
4,15,8,72,0.2,2,1,2,2,1,264.07,1,14,1,1,2,2,16,3,3,3,3
4,15,8,73,0.05,1,1,1,1,1,277.58,1,16,1,3,1,3,20,1,3,1,3
4,15,8,74,0.4,1,3,1,1,1,242.11,1,15,1,1,1,1,18,3,3,1,1
4,15,8,75,0.2,3,3,2,2,1,288.23,1,6,3,1,1,3,16,3,1,1,3
4,15,8,76,1.8,2,2,2,2,1,276.23,1,14,1,1,2,2,3,1,1,2,2
4,15,8,77,0.2,2,3,2,2,1,289.37,1,1,3,1,2,2,20,1,1,3,3
4,15,8,78,0.8,1,1,NaN,NaN,NaN,NaN,NaN,14,1,3,1,3,14,3,3,3,3
4,15,9,1,0.2,1,1,1,1,1,265.59,1,10,1,3,1,3,14,3,1,3,1
4,15,9,2,0.2,1,3,1,2,0,246.34,1,17,1,1,1,1,16,1,1,3,3
4,15,9,3,0.1,1,2,1,1,1,227.01,1,11,1,3,1,3,9,1,3,2,2
4,15,9,4,0.2,2,2,2,1,0,301.43,0,7,3,3,2,2,10,3,3,2,2
4,15,9,5,1.8,2,1,2,1,0,203.81,1,13,3,1,2,2,14,1,3,1,3
4,15,9,6,0.4,3,3,2,2,1,250.73,1,4,1,1,3,3,12,1,1,3,3
4,15,9,7,0.05,2,2,2,1,0,273.06,1,17,3,3,2,2,13,1,1,2,2
4,15,9,8,1.8,2,1,2,2,1,246.9,1,8,1,1,2,2,3,3,1,3,1
4,15,9,9,0.1,2,3,2,2,1,774.73,0,1,1,1,2,2,12,3,3,1,1
4,15,9,10,0.4,2,3,2,2,1,81.071,2,3,3,3,2,2,19,3,1,1,3
4,15,9,11,0.8,3,3,2,2,1,207.75,1,12,1,1,3,3,2,1,3,3,1
4,15,9,12,0.1,1,3,1,2,0,301.76,0,14,1,3,1,3,17,3,3,1,1
4,15,9,13,0.8,3,2,2,2,1,247.48,1,13,1,1,3,3,11,3,3,2,2
4,15,9,14,0.8,3,3,NaN,NaN,NaN,NaN,NaN,10,3,3,1,1,16,1,1,3,3
4,15,9,15,0.2,2,2,2,2,1,270.85,1,5,1,1,2,2,5,1,1,2,2
4,15,9,16,0.8,1,3,1,1,1,234.35,1,13,1,1,1,1,1,3,1,1,3
4,15,9,17,0.4,3,2,2,2,1,236.11,1,14,3,3,1,1,19,3,3,2,2
4,15,9,18,0.4,1,1,1,1,1,244.47,1,16,1,1,1,1,6,1,1,1,1
4,15,9,19,0.05,3,2,2,2,1,329.97,0,15,1,1,3,3,3,1,3,2,2
4,15,9,20,0.05,1,3,1,1,1,270.36,1,11,1,1,1,1,4,1,3,3,1
4,15,9,21,0.05,3,3,2,2,1,342.9,0,2,3,3,1,1,6,1,1,3,3
4,15,9,22,1.8,1,3,1,1,1,225.06,1,16,3,3,3,3,6,3,3,1,1
4,15,9,23,1.8,1,2,1,1,1,191.49,1,8,3,1,3,1,4,3,1,2,2
4,15,9,24,0.05,1,1,1,1,1,306.49,0,10,3,1,3,1,5,1,1,1,1
4,15,9,25,0.1,1,3,1,1,1,253.31,1,7,3,3,3,3,3,1,1,3,3
4,15,9,26,0.2,1,1,1,1,1,279.08,1,13,1,1,1,1,15,3,3,3,3
4,15,9,27,1.8,3,3,2,2,1,239.27,1,3,1,1,3,3,8,1,1,3,3
4,15,9,28,0.8,1,3,1,1,1,211.01,1,4,3,1,3,1,6,1,3,3,1
4,15,9,29,0.1,1,2,1,1,1,238.74,1,1,1,1,1,1,14,3,3,2,2
4,15,9,30,1.8,2,1,2,2,1,235.46,1,16,3,3,2,2,9,1,3,1,3
4,15,9,31,1.8,1,3,1,1,1,242.88,1,8,1,1,1,1,11,3,3,1,1
4,15,9,32,0.4,2,1,2,2,1,252.78,1,13,1,3,2,2,6,1,3,1,3
4,15,9,33,0.4,3,2,2,2,1,285.55,1,5,1,3,3,1,4,1,3,2,2
4,15,9,34,0.8,1,1,1,1,1,221.44,1,19,1,3,1,3,7,3,1,3,1
4,15,9,35,0.1,1,3,1,1,1,264.37,1,9,3,1,3,1,7,3,1,1,3
4,15,9,36,0.1,2,1,2,2,1,304.81,0,3,1,1,2,2,4,1,3,1,3
4,15,9,37,1.8,1,1,1,1,1,223.4,1,16,1,3,1,3,18,3,1,3,1
4,15,9,38,1.8,1,3,1,1,1,259.53,1,10,3,3,3,3,11,1,1,3,3
4,15,9,39,0.2,3,2,2,2,1,237.32,1,8,3,3,1,1,20,3,1,2,2
4,15,9,40,0.2,2,3,2,2,1,277.27,1,18,1,3,2,2,14,1,3,3,1
4,15,9,41,0.1,1,3,1,1,1,254.37,1,9,3,3,3,3,1,1,1,3,3
4,15,9,42,0.2,3,2,2,2,1,250.44,1,1,3,1,1,3,14,1,1,2,2
4,15,9,43,1.8,1,2,1,1,1,212.54,1,4,3,1,3,1,15,3,1,2,2
4,15,9,44,0.4,3,2,2,2,1,12.014,2,12,1,3,3,1,1,3,1,2,2
4,15,9,45,1.8,1,1,1,1,1,219.49,1,4,1,1,1,1,5,3,3,3,3
4,15,9,46,0.05,3,1,2,1,0,284.82,1,5,3,1,1,3,4,3,3,3,3
4,15,9,47,0.1,3,1,2,2,1,255.42,1,19,3,3,1,1,18,1,3,1,3
4,15,9,48,0.1,1,2,1,1,1,261.7,1,11,1,1,1,1,20,3,3,2,2
4,15,9,49,0.4,1,3,1,1,1,272.09,1,1,1,1,1,1,6,3,3,1,1
4,15,9,50,0.2,1,2,1,1,1,211.16,1,4,1,3,1,3,20,1,3,2,2
4,15,9,51,0.4,1,1,1,1,1,192.17,1,19,3,1,3,1,5,3,1,3,1
4,15,9,52,0.05,1,1,1,1,1,304.2,0,14,1,3,1,3,2,1,1,1,1
4,15,9,53,0.05,1,3,1,2,0,316.49,0,1,3,3,3,3,1,3,1,1,3
4,15,9,54,0.8,2,3,2,2,1,265.3,1,19,1,1,2,2,7,3,3,1,1
4,15,9,55,0.05,2,1,2,1,0,320.5,0,17,1,3,2,2,12,3,3,3,3
4,15,9,56,0.1,1,1,1,1,1,219.61,1,8,3,3,3,3,18,3,1,3,1
4,15,9,57,0.05,3,3,2,2,1,342.68,0,15,3,3,1,1,16,3,1,1,3
4,15,9,58,0.4,1,3,1,1,1,33.738,2,16,1,3,1,3,15,3,3,1,1
4,15,9,59,0.8,2,2,2,2,1,242.28,1,7,1,3,2,2,10,3,1,2,2
4,15,9,60,0.8,1,1,1,1,1,227.81,1,3,1,3,1,3,4,3,1,3,1
4,15,9,61,1.8,1,2,1,1,1,221.54,1,2,1,3,1,3,20,3,1,2,2
4,15,9,62,0.2,1,2,1,1,1,229.03,1,14,1,1,1,1,2,3,3,2,2
4,15,9,63,0.2,1,3,1,1,1,232.1,1,20,1,3,1,3,9,1,3,3,1
4,15,9,64,0.8,1,3,NaN,NaN,NaN,NaN,NaN,7,3,1,3,1,14,3,1,1,3
4,15,9,65,0.05,1,3,1,1,1,303.36,0,8,3,1,3,1,4,3,1,1,3
4,15,9,66,0.2,3,2,2,2,1,238.78,1,2,1,3,3,1,1,1,3,2,2
4,15,9,67,0.8,1,1,1,1,1,217.61,1,7,1,1,1,1,12,3,3,3,3
4,15,9,68,0.1,2,1,2,1,0,295.09,1,1,3,1,2,2,8,1,1,1,1
4,15,9,69,0.4,1,1,1,1,1,206.79,1,14,1,3,1,3,10,3,3,3,3
4,15,9,70,0.05,1,1,1,1,1,290.49,1,14,1,3,1,3,4,3,1,3,1
4,15,9,71,0.8,1,1,1,1,1,226.74,1,10,1,1,1,1,19,1,1,1,1
4,15,9,72,0.4,1,1,1,1,1,251.65,1,17,1,3,1,3,14,1,1,1,1
4,15,9,73,0.8,2,2,2,2,1,276.4,1,13,3,3,2,2,5,3,1,2,2
4,15,9,74,0.2,1,3,1,1,1,240.71,1,2,3,3,3,3,14,3,1,1,3
4,15,9,75,1.8,1,3,1,1,1,246.62,1,4,3,1,3,1,1,3,3,1,1
4,15,9,76,0.05,1,1,1,1,1,299.38,1,12,3,1,3,1,18,3,3,3,3
4,15,9,77,0.1,2,1,2,2,1,347.18,0,8,1,3,2,2,14,3,3,3,3
4,15,9,78,0.4,2,1,2,2,1,235,1,5,1,1,2,2,11,3,3,3,3
4,15,10,1,0.05,1,3,1,1,1,287.89,1,12,1,3,1,3,10,1,1,3,3
4,15,10,2,0.4,2,1,2,2,1,227.88,1,17,1,3,2,2,6,3,1,3,1
4,15,10,3,1.8,1,3,1,1,1,234.65,1,5,1,3,1,3,8,3,3,1,1
4,15,10,4,0.4,1,1,1,1,1,218.08,1,10,1,1,1,1,16,3,3,3,3
4,15,10,5,0.05,2,2,2,2,1,342.59,0,7,1,1,2,2,19,1,1,2,2
4,15,10,6,0.2,3,3,2,2,1,223.4,1,7,1,3,3,1,2,1,3,3,1
4,15,10,7,1.8,2,3,2,2,1,222.71,1,2,3,1,2,2,14,1,1,3,3
4,15,10,8,0.4,1,3,1,1,1,222.72,1,19,3,1,3,1,1,1,1,3,3
4,15,10,9,0.8,2,1,2,2,1,221.29,1,3,3,3,2,2,6,3,1,3,1
4,15,10,10,0.05,1,1,1,1,1,300.12,0,10,3,1,3,1,8,3,3,3,3
4,15,10,11,0.4,1,3,1,1,1,230.39,1,3,1,1,1,1,17,1,3,3,1
4,15,10,12,0.4,1,3,1,1,1,222.78,1,1,1,1,1,1,5,3,3,1,1
4,15,10,13,0.05,3,3,2,2,1,382.26,0,6,3,1,1,3,8,1,3,3,1
4,15,10,14,0.4,3,1,2,2,1,265.39,1,17,3,3,1,1,6,3,3,3,3
4,15,10,15,0.05,1,3,1,1,1,282.43,1,12,3,3,3,3,7,3,1,1,3
4,15,10,16,0.8,1,3,1,1,1,256.33,1,2,3,1,3,1,20,1,3,3,1
4,15,10,17,0.8,2,2,2,2,1,281.98,1,20,1,3,2,2,17,1,3,2,2
4,15,10,18,0.05,1,2,1,1,1,400.43,0,6,3,1,3,1,9,1,1,2,2
4,15,10,19,0.4,2,1,2,1,0,260.12,1,17,1,1,2,2,7,3,1,3,1
4,15,10,20,1.8,3,3,2,2,1,297.91,1,5,3,3,1,1,19,1,3,3,1
4,15,10,21,0.8,1,2,1,1,1,223.51,1,19,3,3,3,3,16,1,1,2,2
4,15,10,22,0.1,1,2,1,1,1,266.02,1,15,3,1,3,1,17,1,3,2,2
4,15,10,23,0.8,1,3,1,1,1,198.35,1,3,3,3,3,3,10,3,1,1,3
4,15,10,24,0.1,1,2,1,1,1,229.62,1,15,3,3,3,3,16,1,3,2,2
4,15,10,25,1.8,3,1,2,2,1,234.03,1,17,3,1,1,3,2,1,1,1,1
4,15,10,26,0.8,2,1,2,2,1,241.98,1,2,1,3,2,2,5,1,3,1,3
4,15,10,27,0.8,1,2,1,1,1,287.39,1,15,1,1,1,1,16,3,1,2,2
4,15,10,28,0.4,2,1,2,1,0,271.82,1,12,3,1,2,2,20,3,1,3,1
4,15,10,29,0.2,2,2,2,1,0,266.16,1,1,1,3,2,2,4,3,1,2,2
4,15,10,30,0.2,3,3,2,2,1,264.21,1,10,3,1,1,3,20,3,3,1,1
4,15,10,31,0.4,1,3,1,1,1,260.14,1,13,1,3,1,3,19,3,1,1,3
4,15,10,32,1.8,1,3,1,1,1,179.92,1,7,1,3,1,3,20,1,3,3,1
4,15,10,33,0.1,2,3,2,2,1,311.69,0,10,1,3,2,2,2,1,1,3,3
4,15,10,34,1.8,3,3,2,2,1,212.65,1,10,3,3,1,1,6,3,3,1,1
4,15,10,35,0.1,2,1,2,1,0,249.39,1,10,3,1,2,2,12,1,1,1,1
4,15,10,36,1.8,3,3,2,2,1,230.75,1,12,3,1,1,3,16,3,3,1,1
4,15,10,37,0.8,1,1,1,1,1,234.86,1,14,3,1,3,1,7,1,1,1,1
4,15,10,38,0.05,2,3,2,1,0,280.05,1,17,3,3,2,2,18,1,3,3,1
4,15,10,39,0.05,1,3,1,2,0,338.99,0,5,3,1,3,1,16,1,3,3,1
4,15,10,40,1.8,2,2,2,2,1,253.93,1,8,1,1,2,2,11,1,1,2,2
4,15,10,41,0.2,3,2,2,2,1,251.64,1,13,1,3,3,1,15,3,3,2,2
4,15,10,42,0.4,2,3,2,2,1,493.04,0,6,1,1,2,2,14,1,3,3,1
4,15,10,43,0.2,3,2,2,2,1,239.92,1,2,1,1,3,3,10,3,3,2,2
4,15,10,44,0.2,1,1,1,1,1,475.46,0,16,3,1,3,1,10,1,3,1,3
4,15,10,45,0.2,1,1,1,1,1,471.64,0,16,3,3,3,3,18,1,3,1,3
4,15,10,46,0.2,2,1,2,1,0,231.38,1,4,1,1,2,2,3,1,1,1,1
4,15,10,47,0.1,1,1,1,1,1,298.98,1,1,3,3,3,3,10,1,1,1,1
4,15,10,48,0.1,3,3,2,2,1,283.19,1,10,3,1,1,3,6,3,1,1,3
4,15,10,49,0.05,1,1,1,1,1,318.12,0,6,1,1,1,1,16,1,1,1,1
4,15,10,50,0.4,1,3,1,1,1,243.33,1,17,3,1,3,1,20,1,1,3,3
4,15,10,51,0.8,1,2,1,1,1,244.1,1,20,3,3,3,3,2,3,1,2,2
4,15,10,52,0.1,1,2,1,1,1,243.06,1,13,3,3,3,3,16,1,3,2,2
4,15,10,53,0.1,3,2,2,2,1,266.45,1,19,1,1,3,3,5,1,3,2,2
4,15,10,54,0.8,1,2,1,1,1,248.47,1,5,3,3,3,3,6,1,1,2,2
4,15,10,55,0.2,2,1,2,1,0,265.81,1,1,3,3,2,2,11,1,1,1,1
4,15,10,56,1.8,2,3,NaN,NaN,NaN,NaN,NaN,18,1,3,2,2,13,3,1,1,3
4,15,10,57,0.05,1,2,1,2,0,264.76,1,7,1,3,1,3,9,1,3,2,2
4,15,10,58,1.8,1,1,1,1,1,228.15,1,4,1,3,1,3,8,1,3,1,3
4,15,10,59,0.1,2,2,2,1,0,219.92,1,7,1,3,2,2,7,1,3,2,2
4,15,10,60,0.1,2,2,2,1,0,275.74,1,15,3,3,2,2,5,3,3,2,2
4,15,10,61,0.4,2,1,2,2,1,266.09,1,16,3,1,2,2,10,3,3,3,3
4,15,10,62,0.2,1,3,1,1,1,230.48,1,5,3,3,3,3,10,1,1,3,3
4,15,10,63,0.8,1,1,NaN,NaN,NaN,NaN,NaN,10,1,1,1,1,3,1,1,1,1
4,15,10,64,0.2,1,3,1,1,1,218.45,1,3,3,3,3,3,18,3,1,1,3
4,15,10,65,1.8,1,1,1,1,1,243.57,1,3,3,3,3,3,12,1,3,1,3
4,15,10,66,0.1,2,2,2,2,1,318.45,0,5,3,1,2,2,5,1,3,2,2
4,15,10,67,1.8,1,2,1,1,1,232.45,1,8,1,1,1,1,8,3,3,2,2
4,15,10,68,0.05,3,3,2,2,1,333.68,0,4,3,1,1,3,10,1,1,3,3
4,15,10,69,0.05,2,1,2,1,0,344.22,0,20,1,1,2,2,11,3,1,3,1
4,15,10,70,0.8,1,3,1,1,1,292.02,1,15,1,1,1,1,2,1,1,3,3
4,15,10,71,0.1,3,2,2,2,1,273.4,1,19,1,3,3,1,10,3,3,2,2
4,15,10,72,1.8,2,2,2,2,1,217.54,1,6,3,1,2,2,9,3,1,2,2
4,15,10,73,0.4,1,3,1,1,1,252.24,1,20,1,3,1,3,18,3,3,1,1
4,15,10,74,0.8,2,2,2,2,1,243.98,1,7,1,1,2,2,12,1,1,2,2
4,15,10,75,0.2,1,2,1,1,1,240.29,1,8,3,1,3,1,4,3,3,2,2
4,15,10,76,0.1,3,1,2,2,1,365.98,0,16,3,1,1,3,2,3,3,3,3
4,15,10,77,0.2,1,1,1,1,1,204.55,1,5,3,3,3,3,1,1,1,1,1
4,15,10,78,0.05,1,1,1,1,1,278.98,1,11,1,1,1,1,16,1,1,1,1
