3,10,1,1,0.1,2,2,2,1,0,186.25,1,17,1,1,2,2,16,3,3,2,2
3,10,1,2,0.8,1,1,1,1,1,245.18,1,8,3,1,3,1,12,1,3,1,3
3,10,1,3,1.8,3,1,2,2,1,232.75,1,18,3,1,1,3,15,3,1,3,1
3,10,1,4,0.2,2,1,2,2,1,251.25,1,11,3,3,2,2,19,3,3,3,3
3,10,1,5,0.8,3,3,2,2,1,214.99,1,14,3,1,1,3,1,1,3,3,1
3,10,1,6,1.8,1,1,NaN,NaN,NaN,NaN,NaN,16,1,1,1,1,7,1,1,1,1
3,10,1,7,0.1,2,2,2,1,0,224.72,1,20,1,1,2,2,12,1,1,2,2
3,10,1,8,1.8,3,3,2,2,1,308.92,0,8,3,3,1,1,6,1,1,3,3
3,10,1,9,0.1,2,2,2,1,0,208.1,1,12,1,1,2,2,10,3,3,2,2
3,10,1,10,0.05,1,2,1,2,0,306.95,0,6,1,1,1,1,1,1,1,2,2
3,10,1,11,0.4,1,1,1,1,1,225.26,1,11,1,3,1,3,3,3,1,3,1
3,10,1,12,1.8,1,2,1,2,0,241.75,1,20,1,1,1,1,17,1,1,2,2
3,10,1,13,1.8,1,2,1,1,1,215.38,1,7,1,1,1,1,16,3,1,2,2
3,10,1,14,0.8,3,1,2,2,1,225.17,1,17,1,3,3,1,9,1,3,1,3
3,10,1,15,0.1,1,1,1,2,0,269.79,1,16,3,3,3,3,9,1,3,1,3
3,10,1,16,1.8,1,3,NaN,NaN,NaN,NaN,NaN,15,3,3,3,3,17,3,1,1,3
3,10,1,17,1.8,1,3,1,1,1,198,1,10,1,3,1,3,15,1,3,3,1
3,10,1,18,0.1,1,1,1,1,1,264,1,15,1,3,1,3,19,3,3,3,3
3,10,1,19,0.8,1,3,NaN,NaN,NaN,NaN,NaN,12,3,3,3,3,18,3,1,1,3
3,10,1,20,0.8,1,1,1,1,1,220.83,1,4,3,1,3,1,7,1,3,1,3
3,10,1,21,0.2,1,2,1,1,1,287.9,1,3,1,1,1,1,1,1,1,2,2
3,10,1,22,0.05,1,3,1,1,1,265.53,1,16,3,3,3,3,19,1,1,3,3
3,10,1,23,0.2,1,2,1,1,1,229.01,1,9,3,3,3,3,9,1,1,2,2
3,10,1,24,0.4,1,3,1,1,1,250.83,1,13,1,1,1,1,17,3,1,1,3
3,10,1,25,0.05,1,3,1,1,1,275.26,1,9,1,1,1,1,11,3,3,1,1
3,10,1,26,0.4,1,3,1,1,1,255.41,1,10,3,1,3,1,9,1,1,3,3
3,10,1,27,0.2,3,2,2,2,1,241.92,1,17,3,3,1,1,18,3,3,2,2
3,10,1,28,0.2,1,1,1,1,1,275.58,1,17,1,1,1,1,4,1,1,1,1
3,10,1,29,0.4,1,2,NaN,NaN,NaN,NaN,NaN,2,3,1,3,1,12,3,1,2,2
3,10,1,30,0.1,1,2,1,1,1,278.79,1,13,3,3,3,3,12,1,1,2,2
3,10,1,31,0.1,3,1,2,2,1,228.83,1,9,1,3,3,1,20,3,3,3,3
3,10,1,32,0.05,2,2,2,2,1,227.94,1,17,1,1,2,2,1,3,3,2,2
3,10,1,33,0.4,1,3,1,1,1,209.02,1,6,1,3,1,3,13,3,3,1,1
3,10,1,34,0.1,1,3,1,1,1,249.93,1,18,3,3,3,3,5,3,3,1,1
3,10,1,35,0.8,1,2,1,1,1,199.81,1,20,3,1,3,1,4,3,3,2,2
3,10,1,36,1.8,1,2,1,1,1,211.61,1,4,3,3,3,3,16,1,1,2,2
3,10,1,37,0.4,1,2,1,1,1,276.64,1,13,3,3,3,3,19,3,1,2,2
3,10,1,38,0.1,2,3,2,2,1,250.51,1,14,3,3,2,2,19,3,1,1,3
3,10,1,39,0.8,3,3,2,2,1,247.81,1,11,1,1,3,3,4,3,3,1,1
3,10,1,40,0.2,2,1,2,2,1,210.66,1,13,3,3,2,2,2,1,1,1,1
3,10,1,41,0.2,3,3,2,2,1,271.46,1,5,3,1,1,3,18,1,1,3,3
3,10,1,42,0.2,2,2,2,2,1,211.95,1,8,1,3,2,2,14,1,3,2,2
3,10,1,43,0.8,2,2,2,2,1,182.25,1,6,3,1,2,2,9,1,3,2,2
3,10,1,44,0.2,1,2,1,1,1,248.39,1,6,3,3,3,3,2,3,3,2,2
3,10,1,45,1.8,3,1,2,2,1,264.82,1,6,1,1,3,3,4,1,3,1,3
3,10,1,46,0.05,1,3,1,1,1,280.18,1,19,1,3,1,3,2,3,1,1,3
3,10,1,47,0.2,1,3,1,1,1,250.3,1,4,1,3,1,3,20,3,1,1,3
3,10,1,48,0.4,1,3,1,1,1,216.15,1,8,1,3,1,3,12,1,3,3,1
3,10,1,49,0.2,1,3,1,1,1,250.61,1,4,1,3,1,3,19,1,1,3,3
3,10,1,50,0.4,1,3,1,1,1,253.78,1,19,1,3,1,3,12,1,3,3,1
3,10,1,51,0.4,3,3,2,2,1,279.89,1,6,1,1,3,3,8,1,3,3,1
3,10,1,52,0.8,2,2,2,2,1,243.12,1,16,1,1,2,2,17,3,3,2,2
3,10,1,53,0.1,2,3,2,2,1,438.13,0,18,3,3,2,2,11,1,1,3,3
3,10,1,54,0.05,1,2,1,1,1,249.11,1,12,3,3,3,3,9,1,1,2,2
3,10,1,55,0.05,2,3,2,2,1,279.66,1,12,1,1,2,2,8,1,1,3,3
3,10,1,56,0.4,2,1,NaN,NaN,NaN,NaN,NaN,16,3,1,2,2,18,3,1,3,1
3,10,1,57,0.05,2,2,2,1,0,250.05,1,3,1,3,2,2,19,1,1,2,2
3,10,1,58,0.4,1,1,1,1,1,253.49,1,11,3,3,3,3,19,1,3,1,3
3,10,1,59,0.1,3,2,2,1,0,204.03,1,12,1,3,3,1,3,3,1,2,2
3,10,1,60,1.8,3,2,2,2,1,191.29,1,3,3,3,1,1,16,3,3,2,2
3,10,1,61,0.8,1,2,NaN,NaN,NaN,NaN,NaN,9,1,1,1,1,16,3,3,2,2
3,10,1,62,0.4,1,1,1,1,1,243.6,1,7,1,1,1,1,16,1,3,1,3
3,10,1,63,0.8,1,2,1,1,1,229.69,1,4,3,3,3,3,3,3,1,2,2
3,10,1,64,0.05,1,1,1,1,1,261.07,1,3,3,1,3,1,3,1,3,1,3
3,10,1,65,0.1,3,1,2,2,1,317.23,0,17,3,1,1,3,13,1,1,1,1
3,10,1,66,0.8,1,3,1,1,1,258.33,1,14,3,3,3,3,7,1,3,3,1
3,10,1,67,0.4,1,1,1,1,1,267.13,1,16,1,3,1,3,4,3,3,3,3
3,10,1,68,0.05,3,3,2,2,1,254.82,1,8,3,1,1,3,11,3,3,1,1
3,10,1,69,1.8,1,1,NaN,NaN,NaN,NaN,NaN,10,3,1,3,1,7,3,3,3,3
3,10,1,70,0.05,3,1,2,2,1,272.73,1,5,3,3,1,1,17,3,1,3,1
3,10,1,71,1.8,1,2,1,1,1,257.87,1,8,1,1,1,1,2,1,3,2,2
3,10,1,72,0.05,2,1,2,2,1,265.46,1,5,3,3,2,2,7,3,1,3,1
3,10,1,73,0.2,1,2,1,1,1,246.12,1,18,1,1,1,1,8,1,3,2,2
3,10,1,74,0.8,3,3,2,2,1,235.38,1,8,1,1,3,3,17,3,3,1,1
3,10,1,75,0.05,1,2,1,1,1,288.33,1,6,1,1,1,1,13,1,1,2,2
3,10,1,76,0.2,3,2,2,2,1,244.33,1,6,3,1,1,3,4,1,3,2,2
3,10,1,77,1.8,1,2,1,1,1,244.56,1,4,1,3,1,3,5,3,1,2,2
3,10,1,78,0.1,2,2,2,2,1,203.26,1,6,1,1,2,2,16,1,1,2,2
3,10,2,1,0.2,2,1,2,2,1,185.48,1,16,1,1,2,2,12,3,1,3,1
3,10,2,2,1.8,3,2,2,2,1,184.32,1,13,3,1,1,3,1,1,1,2,2
3,10,2,3,0.1,1,1,1,1,1,233.71,1,10,1,3,1,3,14,3,3,3,3
3,10,2,4,0.8,1,2,1,1,1,241.8,1,8,3,3,3,3,20,1,3,2,2
3,10,2,5,0.8,1,3,1,1,1,249.18,1,12,1,1,1,1,19,1,3,3,1
3,10,2,6,0.2,1,2,1,1,1,268.73,1,13,3,3,3,3,19,3,1,2,2
3,10,2,7,1.8,3,2,2,2,1,285.52,1,12,1,3,3,1,3,1,3,2,2
3,10,2,8,1.8,2,2,2,2,1,226.34,1,18,1,3,2,2,19,1,1,2,2
3,10,2,9,0.1,3,3,2,2,1,259.12,1,11,1,1,3,3,3,3,3,1,1
3,10,2,10,0.8,1,3,1,1,1,248.22,1,12,3,3,3,3,3,1,3,3,1
3,10,2,11,0.2,3,2,2,2,1,191.61,1,17,3,1,1,3,12,3,1,2,2
3,10,2,12,0.4,1,3,1,1,1,261.94,1,8,1,3,1,3,1,1,3,3,1
3,10,2,13,0.2,3,2,2,2,1,256.41,1,6,1,3,3,1,15,1,3,2,2
3,10,2,14,0.05,2,2,2,2,1,348.04,0,13,1,1,2,2,18,1,1,2,2
3,10,2,15,1.8,1,1,1,1,1,259.81,1,19,1,1,1,1,15,3,3,3,3
3,10,2,16,0.4,2,3,2,2,1,253.36,1,19,1,1,2,2,14,1,1,3,3
3,10,2,17,0.8,1,1,NaN,NaN,NaN,NaN,NaN,1,3,1,3,1,17,1,1,1,1
3,10,2,18,0.8,2,2,2,1,0,256.33,1,4,3,3,2,2,7,1,1,2,2
3,10,2,19,0.1,1,2,1,1,1,297.39,1,8,3,3,3,3,15,1,3,2,2
3,10,2,20,0.05,1,3,1,1,1,312.37,0,2,3,3,3,3,3,1,1,3,3
3,10,2,21,0.8,1,3,1,1,1,237.53,1,15,3,3,3,3,19,3,1,1,3
3,10,2,22,1.8,2,3,2,2,1,208.45,1,8,1,3,2,2,5,3,3,1,1
3,10,2,23,0.4,1,2,1,1,1,274.21,1,17,1,3,1,3,13,1,1,2,2
3,10,2,24,0.2,1,1,1,1,1,280.22,1,14,1,1,1,1,15,1,1,1,1
3,10,2,25,0.1,3,2,2,2,1,264.19,1,5,1,1,3,3,14,3,1,2,2
3,10,2,26,0.2,2,2,2,2,1,270.6,1,3,3,1,2,2,10,1,3,2,2
3,10,2,27,0.8,1,1,1,1,1,232.58,1,11,3,3,3,3,20,3,3,3,3
3,10,2,28,0.2,2,2,2,1,0,320.37,0,19,1,3,2,2,2,3,1,2,2
3,10,2,29,0.05,1,2,1,1,1,217.19,1,5,3,3,3,3,7,1,3,2,2
3,10,2,30,0.8,1,1,NaN,NaN,NaN,NaN,NaN,7,1,1,1,1,13,3,1,3,1
3,10,2,31,0.2,1,2,1,1,1,241.59,1,5,3,3,3,3,9,3,3,2,2
3,10,2,32,0.1,3,2,2,2,1,253.96,1,6,1,3,3,1,9,1,1,2,2
3,10,2,33,0.1,1,3,1,1,1,256.21,1,5,3,3,3,3,16,3,3,1,1
3,10,2,34,0.4,2,3,2,2,1,250.68,1,2,1,3,2,2,10,3,3,1,1
3,10,2,35,0.1,2,2,2,2,1,286.22,1,4,1,1,2,2,1,3,1,2,2
3,10,2,36,0.8,2,1,2,2,1,304.09,0,4,1,3,2,2,17,3,1,3,1
3,10,2,37,0.1,1,1,1,1,1,293.2,1,20,3,3,3,3,15,3,3,3,3
3,10,2,38,0.2,1,3,1,1,1,120.68,1,9,3,3,3,3,10,1,3,3,1
3,10,2,39,0.1,3,3,2,2,1,285.91,1,5,3,3,1,1,10,1,3,3,1
3,10,2,40,0.4,2,1,2,1,0,331.46,0,20,1,3,2,2,12,3,3,3,3
3,10,2,41,0.1,1,1,1,1,1,291.7,1,17,1,3,1,3,7,1,3,1,3
3,10,2,42,1.8,3,2,NaN,NaN,NaN,NaN,NaN,5,1,3,3,1,4,3,3,2,2
3,10,2,43,0.05,1,1,1,1,1,261.57,1,15,3,3,3,3,4,1,3,1,3
3,10,2,44,0.4,1,1,1,1,1,248.51,1,16,1,3,1,3,5,1,1,1,1
3,10,2,45,0.8,3,3,2,2,1,225.9,1,8,3,3,1,1,19,1,1,3,3
3,10,2,46,0.05,1,3,1,1,1,283.74,1,5,3,1,3,1,4,1,1,3,3
3,10,2,47,0.2,1,2,1,1,1,117.5,1,2,3,3,3,3,18,3,3,2,2
3,10,2,48,0.4,1,2,1,1,1,211.62,1,11,1,3,1,3,20,3,1,2,2
3,10,2,49,0.4,1,2,1,1,1,227.08,1,7,3,1,3,1,7,1,3,2,2
3,10,2,50,0.4,3,2,2,2,1,238.96,1,11,3,3,1,1,2,1,3,2,2
3,10,2,51,0.1,2,1,2,2,1,295.36,1,18,1,1,2,2,3,3,3,3,3
3,10,2,52,0.05,1,2,1,1,1,250.61,1,7,3,3,3,3,14,1,3,2,2
3,10,2,53,1.8,2,3,2,2,1,184.26,1,7,3,1,2,2,18,1,3,3,1
3,10,2,54,0.2,1,1,1,2,0,320.38,0,12,1,3,1,3,11,1,3,1,3
3,10,2,55,1.8,1,1,NaN,NaN,NaN,NaN,NaN,20,3,3,3,3,3,1,1,1,1
3,10,2,56,0.2,3,1,2,2,1,338.88,0,16,1,3,3,1,19,1,3,1,3
3,10,2,57,1.8,3,1,2,2,1,238.03,1,9,3,3,1,1,17,3,1,3,1
3,10,2,58,0.05,1,3,1,1,1,319.31,0,2,3,1,3,1,14,3,3,1,1
3,10,2,59,0.1,1,1,1,1,1,234.74,1,2,1,1,1,1,14,1,3,1,3
3,10,2,60,0.4,1,3,1,1,1,339.55,0,5,3,3,3,3,10,3,1,1,3
3,10,2,61,0.2,1,1,1,1,1,218.73,1,7,1,1,1,1,5,1,1,1,1
3,10,2,62,0.8,1,1,1,1,1,212.24,1,14,3,1,3,1,13,3,3,3,3
3,10,2,63,1.8,1,2,1,1,1,224.94,1,14,1,1,1,1,15,1,1,2,2
3,10,2,64,0.4,1,3,1,1,1,262.89,1,9,3,3,3,3,13,1,3,3,1
3,10,2,65,0.4,1,2,1,1,1,323.44,0,15,1,1,1,1,2,1,1,2,2
3,10,2,66,1.8,1,1,1,1,1,232.03,1,17,3,3,3,3,2,3,1,3,1
3,10,2,67,0.8,3,3,2,2,1,259.95,1,1,1,1,3,3,16,3,1,1,3
3,10,2,68,0.05,3,2,2,2,1,289.95,1,13,1,1,3,3,20,3,3,2,2
3,10,2,69,0.05,1,2,1,1,1,259.89,1,8,1,1,1,1,3,3,1,2,2
3,10,2,70,0.05,1,1,1,1,1,293.12,1,12,3,1,3,1,7,1,3,1,3
3,10,2,71,0.8,2,1,NaN,NaN,NaN,NaN,NaN,2,1,1,2,2,10,3,3,3,3
3,10,2,72,0.05,3,2,2,2,1,231.62,1,9,3,3,1,1,7,3,1,2,2
3,10,2,73,0.05,3,3,2,2,1,277.65,1,17,3,1,1,3,11,1,1,3,3
3,10,2,74,0.05,1,2,1,1,1,208.8,1,19,3,1,3,1,12,3,1,2,2
3,10,2,75,0.1,1,3,1,1,1,256.25,1,20,3,3,3,3,19,3,1,1,3
3,10,2,76,0.4,1,3,1,1,1,216.57,1,7,3,1,3,1,11,1,1,3,3
3,10,2,77,1.8,1,2,1,1,1,227.03,1,4,3,3,3,3,16,3,1,2,2
3,10,2,78,1.8,1,1,1,1,1,241.14,1,20,1,3,1,3,1,1,3,1,3
3,10,3,1,0.05,2,2,2,2,1,281.59,1,3,3,3,2,2,13,3,3,2,2
3,10,3,2,0.2,3,3,2,2,1,281.17,1,9,3,3,1,1,5,3,3,1,1
3,10,3,3,0.05,1,1,1,1,1,267.18,1,11,1,1,1,1,11,1,1,1,1
3,10,3,4,0.05,1,2,1,1,1,282.6,1,2,1,3,1,3,18,1,3,2,2
3,10,3,5,1.8,1,1,1,1,1,236.74,1,12,1,3,1,3,19,1,3,1,3
3,10,3,6,0.1,1,1,1,1,1,219,1,20,1,3,1,3,16,3,1,3,1
3,10,3,7,0.05,1,1,1,1,1,270.2,1,17,1,1,1,1,8,1,3,1,3
3,10,3,8,1.8,1,3,1,1,1,243.66,1,18,1,1,1,1,8,3,3,1,1
3,10,3,9,0.2,2,2,2,2,1,229.16,1,20,3,1,2,2,10,3,3,2,2
3,10,3,10,0.1,3,2,2,2,1,171.9,1,3,1,1,3,3,18,3,3,2,2
3,10,3,11,0.8,3,3,2,2,1,261.46,1,7,3,3,1,1,4,3,1,1,3
3,10,3,12,1.8,3,3,NaN,NaN,NaN,NaN,NaN,11,3,3,1,1,14,3,3,1,1
3,10,3,13,0.05,2,2,2,2,1,273.2,1,16,1,3,2,2,3,1,1,2,2
3,10,3,14,0.4,2,1,2,1,0,-7.4263,2,3,1,1,2,2,15,1,1,1,1
3,10,3,15,0.1,1,3,1,2,0,277.99,1,18,3,1,3,1,12,3,1,1,3
3,10,3,16,0.2,1,2,1,1,1,229.43,1,19,3,3,3,3,1,1,3,2,2
3,10,3,17,0.05,2,2,2,2,1,262.47,1,6,3,3,2,2,13,3,1,2,2
3,10,3,18,0.2,3,1,2,2,1,270.16,1,2,3,3,1,1,13,1,3,1,3
3,10,3,19,0.05,1,1,1,1,1,267.87,1,3,3,1,3,1,15,1,1,1,1
3,10,3,20,0.8,3,1,2,2,1,287.81,1,19,1,1,3,3,4,1,1,1,1
3,10,3,21,0.05,1,3,1,1,1,287.33,1,16,3,1,3,1,9,1,3,3,1
3,10,3,22,1.8,1,2,1,1,1,287.47,1,17,3,3,3,3,14,3,1,2,2
3,10,3,23,0.8,1,2,1,1,1,270.22,1,18,3,1,3,1,19,3,3,2,2
3,10,3,24,0.1,1,2,1,1,1,263.26,1,12,1,1,1,1,14,1,3,2,2
3,10,3,25,1.8,3,1,2,2,1,253.51,1,9,3,3,1,1,19,1,3,1,3
3,10,3,26,1.8,1,3,1,1,1,220.69,1,2,3,1,3,1,4,3,1,1,3
3,10,3,27,0.05,3,2,2,2,1,276.44,1,12,3,1,1,3,4,1,3,2,2
3,10,3,28,0.4,2,3,2,2,1,246.76,1,11,3,3,2,2,11,3,3,1,1
3,10,3,29,0.8,1,1,1,1,1,220.4,1,19,3,3,3,3,14,1,1,1,1
3,10,3,30,0.4,1,1,1,1,1,140.8,1,12,3,3,3,3,5,3,3,3,3
3,10,3,31,0.05,1,1,1,1,1,297,1,19,3,1,3,1,16,1,3,1,3
3,10,3,32,0.1,3,3,2,2,1,326.72,0,4,3,3,1,1,18,3,1,1,3
3,10,3,33,1.8,3,3,2,2,1,258.48,1,3,1,3,3,1,7,3,3,1,1
3,10,3,34,0.8,1,1,1,1,1,225.94,1,9,3,3,3,3,7,3,3,3,3
3,10,3,35,0.2,3,2,2,2,1,326.36,0,19,1,3,3,1,13,1,3,2,2
3,10,3,36,0.4,1,3,1,1,1,324.66,0,11,1,3,1,3,13,1,3,3,1
3,10,3,37,1.8,1,2,1,1,1,281.63,1,7,3,1,3,1,9,3,1,2,2
3,10,3,38,0.2,1,1,1,1,1,243.87,1,4,1,3,1,3,11,3,3,3,3
3,10,3,39,0.1,1,2,1,1,1,263.35,1,13,3,3,3,3,3,3,1,2,2
3,10,3,40,0.2,1,1,1,1,1,275.57,1,19,3,1,3,1,18,1,3,1,3
3,10,3,41,0.05,2,3,2,2,1,328.8,0,10,3,3,2,2,19,3,3,1,1
3,10,3,42,0.8,3,3,2,2,1,218.97,1,6,3,3,1,1,6,3,1,1,3
3,10,3,43,0.1,2,1,2,2,1,268.15,1,6,1,3,2,2,3,3,3,3,3
3,10,3,44,0.8,2,2,2,2,1,230.47,1,19,1,1,2,2,17,1,3,2,2
3,10,3,45,0.8,2,2,2,1,0,233.56,1,4,1,3,2,2,11,3,1,2,2
3,10,3,46,0.1,1,1,1,1,1,199.41,1,17,1,3,1,3,1,1,3,1,3
3,10,3,47,0.4,2,3,2,2,1,264.83,1,10,3,3,2,2,16,3,1,1,3
3,10,3,48,0.1,3,1,2,2,1,280.84,1,15,1,3,3,1,19,3,1,3,1
3,10,3,49,0.1,2,1,2,1,0,262.53,1,20,3,3,2,2,16,3,3,3,3
3,10,3,50,1.8,1,2,1,2,0,215.83,1,16,1,3,1,3,11,1,3,2,2
3,10,3,51,0.05,1,2,1,1,1,365.28,0,7,1,3,1,3,14,1,3,2,2
3,10,3,52,0.4,1,1,1,1,1,253.04,1,4,3,3,3,3,6,1,1,1,1
3,10,3,53,0.1,3,3,2,2,1,241.4,1,12,3,3,1,1,16,3,3,1,1
3,10,3,54,0.8,1,2,1,1,1,253.93,1,16,1,3,1,3,7,3,3,2,2
3,10,3,55,0.8,3,3,2,2,1,272.62,1,12,3,1,1,3,2,3,3,1,1
3,10,3,56,0.2,3,2,2,2,1,226.96,1,5,1,1,3,3,12,1,3,2,2
3,10,3,57,0.4,1,3,1,1,1,377.46,0,2,3,1,3,1,6,1,3,3,1
3,10,3,58,0.2,1,3,1,1,1,232.29,1,18,1,3,1,3,11,3,3,1,1
3,10,3,59,0.2,2,1,2,2,1,285.5,1,13,3,3,2,2,5,3,3,3,3
3,10,3,60,0.1,3,1,2,1,0,418.74,0,3,3,3,1,1,2,3,3,3,3
3,10,3,61,0.4,3,2,2,1,0,300.51,0,6,3,1,1,3,17,1,3,2,2
3,10,3,62,0.1,1,3,1,1,1,301.84,0,19,1,1,1,1,18,1,3,3,1
3,10,3,63,0.4,3,2,2,2,1,165.9,1,14,1,3,3,1,3,3,3,2,2
3,10,3,64,0.05,1,2,1,1,1,324.38,0,13,3,1,3,1,12,3,1,2,2
3,10,3,65,0.2,1,3,1,1,1,207.93,1,2,1,3,1,3,18,3,3,1,1
3,10,3,66,0.4,1,2,1,1,1,258.84,1,6,3,3,3,3,16,1,1,2,2
3,10,3,67,0.8,1,1,1,1,1,235.82,1,13,1,3,1,3,13,1,3,1,3
3,10,3,68,1.8,2,1,NaN,NaN,NaN,NaN,NaN,16,3,3,2,2,18,3,3,3,3
3,10,3,69,1.8,1,1,1,1,1,194.87,1,14,1,1,1,1,8,1,3,1,3
3,10,3,70,1.8,1,1,1,1,1,312.98,0,14,3,3,3,3,12,1,3,1,3
3,10,3,71,0.4,1,1,1,1,1,224.55,1,14,3,1,3,1,13,1,3,1,3
3,10,3,72,1.8,3,1,2,2,1,264.96,1,15,1,3,3,1,13,1,1,1,1
3,10,3,73,0.2,3,2,2,2,1,231.57,1,2,1,1,3,3,17,3,3,2,2
3,10,3,74,0.2,2,1,2,1,0,283.13,1,18,3,3,2,2,2,3,3,3,3
3,10,3,75,0.8,2,3,2,2,1,195.32,1,8,1,3,2,2,7,1,3,3,1
3,10,3,76,0.4,1,1,1,1,1,287.62,1,9,3,1,3,1,13,3,1,3,1
3,10,3,77,0.4,1,3,NaN,NaN,NaN,NaN,NaN,6,3,1,3,1,17,3,1,1,3
3,10,3,78,0.8,1,1,1,1,1,260.43,1,11,1,3,1,3,4,1,3,1,3
3,10,4,1,0.4,1,2,1,1,1,220.91,1,1,3,1,3,1,8,3,1,2,2
3,10,4,2,1.8,1,3,1,1,1,256.15,1,3,1,3,1,3,20,3,3,1,1
3,10,4,3,1.8,1,3,1,1,1,236.78,1,14,1,1,1,1,20,1,3,3,1
3,10,4,4,1.8,2,1,2,1,0,262.03,1,7,3,3,2,2,3,3,3,3,3
3,10,4,5,0.2,1,2,1,1,1,386.22,0,3,1,3,1,3,11,3,1,2,2
3,10,4,6,0.2,3,3,2,2,1,261.91,1,4,1,3,3,1,11,3,1,1,3
3,10,4,7,0.8,2,2,2,2,1,245.8,1,2,1,3,2,2,14,1,1,2,2
3,10,4,8,0.1,1,3,1,1,1,278.3,1,20,1,3,1,3,13,1,3,3,1
3,10,4,9,0.1,3,3,2,2,1,372.25,0,4,3,1,1,3,9,1,1,3,3
3,10,4,10,0.2,1,1,1,1,1,219.26,1,3,3,1,3,1,11,1,3,1,3
3,10,4,11,0.8,2,3,2,2,1,210.81,1,7,3,3,2,2,20,3,1,1,3
3,10,4,12,1.8,3,1,NaN,NaN,NaN,NaN,NaN,15,1,1,3,3,2,1,3,1,3
3,10,4,13,0.1,1,1,1,1,1,299.01,1,4,1,3,1,3,1,3,1,3,1
3,10,4,14,0.8,2,1,2,1,0,221.88,1,10,3,3,2,2,11,1,3,1,3
3,10,4,15,1.8,1,2,1,1,1,432.05,0,9,3,1,3,1,2,3,3,2,2
3,10,4,16,0.1,3,3,2,2,1,309.32,0,10,3,3,1,1,15,1,3,3,1
3,10,4,17,1.8,3,1,2,2,1,245.57,1,20,1,3,3,1,5,3,1,3,1
3,10,4,18,1.8,1,1,1,1,1,355.82,0,8,1,1,1,1,11,3,1,3,1
3,10,4,19,0.8,1,1,1,2,0,268.03,1,13,1,1,1,1,5,1,3,1,3
3,10,4,20,0.4,2,1,2,2,1,205.28,1,17,1,1,2,2,5,1,1,1,1
3,10,4,21,0.1,3,2,2,2,1,326.06,0,12,1,1,3,3,17,1,3,2,2
3,10,4,22,0.05,3,1,2,2,1,311.21,0,13,3,1,1,3,8,3,1,3,1
3,10,4,23,0.05,3,1,2,2,1,233.31,1,11,1,3,3,1,17,3,1,3,1
3,10,4,24,0.05,3,2,2,2,1,269.48,1,1,1,3,3,1,15,1,3,2,2
3,10,4,25,0.2,1,1,1,2,0,290.24,1,4,1,1,1,1,3,1,3,1,3
3,10,4,26,0.8,1,1,NaN,NaN,NaN,NaN,NaN,13,1,3,1,3,14,1,3,1,3
3,10,4,27,1.8,1,2,1,1,1,260.91,1,9,1,1,1,1,12,3,1,2,2
3,10,4,28,0.4,1,3,1,1,1,245.57,1,14,3,3,3,3,8,3,1,1,3
3,10,4,29,0.05,2,1,2,2,1,309.25,0,16,1,3,2,2,10,1,1,1,1
3,10,4,30,0.4,3,1,2,2,1,269.37,1,9,1,1,3,3,7,1,3,1,3
3,10,4,31,0.05,1,1,1,1,1,261.31,1,4,1,3,1,3,6,3,1,3,1
3,10,4,32,0.8,3,3,NaN,NaN,NaN,NaN,NaN,4,1,3,3,1,1,3,3,1,1
3,10,4,33,0.2,1,1,1,1,1,279.78,1,16,3,1,3,1,14,3,1,3,1
3,10,4,34,0.2,2,2,2,2,1,268.04,1,12,3,3,2,2,3,1,1,2,2
3,10,4,35,0.8,1,2,1,1,1,295.76,1,18,3,3,3,3,2,1,3,2,2
3,10,4,36,0.2,3,2,2,2,1,257.71,1,19,1,1,3,3,12,1,1,2,2
3,10,4,37,0.1,3,1,2,2,1,257.08,1,5,3,1,1,3,14,1,3,1,3
3,10,4,38,0.2,3,2,2,2,1,236.46,1,10,1,1,3,3,17,1,1,2,2
3,10,4,39,0.05,1,3,1,1,1,331.88,0,18,1,3,1,3,11,1,1,3,3
3,10,4,40,0.05,3,1,2,2,1,313.73,0,20,3,1,1,3,1,1,1,1,1
3,10,4,41,0.8,1,2,1,1,1,243.02,1,9,1,1,1,1,9,3,3,2,2
3,10,4,42,0.8,1,1,1,1,1,270.64,1,11,3,3,3,3,4,1,1,1,1
3,10,4,43,0.4,1,1,1,1,1,269.99,1,6,1,1,1,1,17,1,3,1,3
3,10,4,44,0.4,2,2,2,2,1,246.2,1,5,3,3,2,2,4,1,3,2,2
3,10,4,45,0.1,1,3,1,1,1,238.34,1,1,1,3,1,3,18,3,3,1,1
3,10,4,46,0.1,1,2,1,1,1,295.22,1,19,3,3,3,3,16,3,1,2,2
3,10,4,47,0.4,1,3,1,1,1,206,1,20,3,3,3,3,19,3,3,1,1
3,10,4,48,0.05,1,3,1,2,0,329.45,0,11,1,3,1,3,16,1,3,3,1
3,10,4,49,0.2,1,1,1,1,1,49.609,2,11,1,1,1,1,1,3,3,3,3
3,10,4,50,0.05,2,2,2,1,0,278.26,1,15,1,1,2,2,12,3,1,2,2
3,10,4,51,0.05,3,2,2,2,1,288.32,1,2,1,3,3,1,16,1,3,2,2
3,10,4,52,0.05,2,1,2,2,1,347.16,0,7,1,1,2,2,17,1,3,1,3
3,10,4,53,0.2,2,1,2,1,0,269.27,1,18,1,3,2,2,16,1,1,1,1
3,10,4,54,1.8,3,1,2,2,1,233.83,1,2,1,3,3,1,1,1,1,1,1
3,10,4,55,1.8,1,1,1,1,1,222.29,1,19,3,1,3,1,13,1,1,1,1
3,10,4,56,0.2,3,1,2,2,1,289.6,1,2,1,1,3,3,10,3,3,3,3
3,10,4,57,1.8,1,1,1,1,1,228.62,1,10,1,3,1,3,14,3,1,3,1
3,10,4,58,0.2,3,1,2,2,1,278.76,1,19,1,3,3,1,3,1,1,1,1
3,10,4,59,0.4,3,1,2,2,1,309.4,0,18,1,3,3,1,8,1,1,1,1
3,10,4,60,1.8,1,3,1,1,1,251.96,1,5,1,3,1,3,16,3,3,1,1
3,10,4,61,0.05,1,3,1,1,1,266.48,1,1,1,1,1,1,13,1,3,3,1
3,10,4,62,0.1,1,2,1,1,1,284.92,1,16,3,1,3,1,14,3,3,2,2
3,10,4,63,0.8,2,1,2,2,1,194.25,1,16,1,3,2,2,20,3,1,3,1
3,10,4,64,0.1,2,3,2,2,1,249.54,1,14,1,3,2,2,7,1,3,3,1
3,10,4,65,0.1,1,1,1,1,1,311.35,0,4,3,3,3,3,20,1,1,1,1
3,10,4,66,0.4,2,2,2,1,0,274.15,1,20,1,1,2,2,5,1,1,2,2
3,10,4,67,0.1,2,2,2,2,1,278.54,1,8,1,1,2,2,7,1,1,2,2
3,10,4,68,0.1,1,3,1,1,1,273.25,1,13,3,3,3,3,11,3,3,1,1
3,10,4,69,0.4,2,3,2,2,1,246.12,1,19,3,3,2,2,8,1,1,3,3
3,10,4,70,0.8,3,3,2,2,1,294.61,1,17,1,1,3,3,20,3,1,1,3
3,10,4,71,0.4,2,3,2,2,1,235.89,1,2,1,3,2,2,4,1,1,3,3
3,10,4,72,1.8,3,3,2,2,1,243.53,1,10,1,1,3,3,7,1,1,3,3
3,10,4,73,0.05,1,2,1,2,0,289.62,1,19,3,1,3,1,1,3,3,2,2
3,10,4,74,0.4,2,1,2,1,0,293.58,1,9,3,1,2,2,18,3,1,3,1
3,10,4,75,0.8,1,3,1,1,1,290.73,1,2,3,1,3,1,13,3,3,1,1
3,10,4,76,0.8,2,2,2,2,1,226.05,1,18,3,1,2,2,5,1,1,2,2
3,10,4,77,0.4,2,2,2,2,1,267.02,1,7,1,1,2,2,8,1,3,2,2
3,10,4,78,0.2,1,2,1,1,1,232.81,1,3,1,3,1,3,9,1,3,2,2
3,10,5,1,0.4,1,2,1,1,1,269.63,1,16,3,3,3,3,15,1,3,2,2
3,10,5,2,0.4,2,3,2,1,0,276.03,1,15,3,1,2,2,11,1,1,3,3
3,10,5,3,0.8,3,2,2,2,1,268.44,1,1,1,1,3,3,5,3,3,2,2
3,10,5,4,0.4,2,3,2,2,1,242.18,1,10,3,3,2,2,9,1,3,3,1
3,10,5,5,0.05,3,2,2,2,1,354.91,0,19,1,3,3,1,6,1,3,2,2
3,10,5,6,0.4,3,1,2,2,1,261.9,1,18,3,1,1,3,14,3,1,3,1
3,10,5,7,0.05,2,2,2,2,1,373.04,0,14,1,3,2,2,10,3,1,2,2
3,10,5,8,0.4,3,1,2,2,1,257.73,1,13,3,1,1,3,19,3,1,3,1
3,10,5,9,1.8,3,1,2,2,1,240.38,1,7,1,3,3,1,16,3,1,3,1
3,10,5,10,0.05,3,3,2,2,1,313.72,0,14,1,3,3,1,8,3,1,1,3
3,10,5,11,0.2,3,3,2,2,1,258.66,1,13,3,3,1,1,8,1,1,3,3
3,10,5,12,0.4,1,2,1,1,1,277.75,1,17,1,3,1,3,19,3,1,2,2
3,10,5,13,0.1,1,2,1,1,1,322.46,0,1,3,1,3,1,6,3,1,2,2
3,10,5,14,0.8,3,3,2,2,1,273.67,1,20,1,3,3,1,15,1,3,3,1
3,10,5,15,1.8,1,1,1,1,1,233.57,1,6,1,1,1,1,16,3,1,3,1
3,10,5,16,0.1,3,2,2,2,1,276.82,1,1,3,3,1,1,15,3,3,2,2
3,10,5,17,0.1,2,3,2,2,1,341.31,0,2,1,1,2,2,8,1,1,3,3
3,10,5,18,0.2,1,2,1,1,1,161.71,1,3,3,3,3,3,3,3,1,2,2
3,10,5,19,0.4,2,1,2,2,1,-2.8207,2,15,3,1,2,2,3,1,1,1,1
3,10,5,20,0.1,1,3,1,1,1,279.93,1,4,1,1,1,1,12,3,1,1,3
3,10,5,21,0.2,1,1,1,1,1,263.78,1,15,3,3,3,3,17,1,1,1,1
3,10,5,22,0.1,1,1,1,1,1,260.76,1,16,3,3,3,3,19,1,1,1,1
3,10,5,23,0.4,1,1,1,1,1,252.18,1,2,1,1,1,1,18,3,1,3,1
3,10,5,24,1.8,1,1,1,1,1,220.78,1,9,3,1,3,1,18,1,3,1,3
3,10,5,25,0.1,1,2,1,1,1,315.52,0,7,3,1,3,1,4,1,3,2,2
3,10,5,26,0.05,1,1,1,1,1,274.9,1,4,1,3,1,3,5,3,1,3,1
3,10,5,27,0.1,2,2,2,1,0,253.14,1,4,1,3,2,2,20,3,3,2,2
3,10,5,28,0.2,1,1,1,1,1,156.42,1,7,3,3,3,3,10,1,1,1,1
3,10,5,29,0.8,2,1,NaN,NaN,NaN,NaN,NaN,14,1,1,2,2,1,1,1,1,1
3,10,5,30,0.05,1,1,1,1,1,289.11,1,17,1,1,1,1,16,3,1,3,1
3,10,5,31,0.1,1,3,1,1,1,262.46,1,12,1,3,1,3,3,3,3,1,1
3,10,5,32,0.8,1,3,1,1,1,265.45,1,5,1,3,1,3,11,3,3,1,1
3,10,5,33,0.8,2,3,2,2,1,226.99,1,3,3,3,2,2,4,1,1,3,3
3,10,5,34,0.2,1,2,1,1,1,284.99,1,3,1,3,1,3,19,1,1,2,2
3,10,5,35,0.4,1,3,1,1,1,248.81,1,8,3,1,3,1,15,1,3,3,1
3,10,5,36,1.8,1,1,1,1,1,238.26,1,20,3,1,3,1,12,3,1,3,1
3,10,5,37,0.05,1,2,1,1,1,283.27,1,18,1,1,1,1,17,1,3,2,2
3,10,5,38,0.8,1,3,1,1,1,238.13,1,2,3,1,3,1,7,1,1,3,3
3,10,5,39,0.2,1,2,1,1,1,280.33,1,6,3,1,3,1,14,1,1,2,2
3,10,5,40,0.2,2,3,2,2,1,235.5,1,11,3,1,2,2,16,3,1,1,3
3,10,5,41,0.05,3,3,2,2,1,282.43,1,2,3,3,1,1,14,1,3,3,1
3,10,5,42,0.4,1,2,1,1,1,278.55,1,18,3,1,3,1,15,3,3,2,2
3,10,5,43,0.4,2,2,2,2,1,253.82,1,4,3,3,2,2,13,1,3,2,2
3,10,5,44,0.8,3,1,NaN,NaN,NaN,NaN,NaN,9,3,3,1,1,12,3,1,3,1
3,10,5,45,0.8,2,3,2,1,0,243.98,1,15,3,3,2,2,18,1,1,3,3
3,10,5,46,0.05,3,3,2,2,1,317.15,0,5,1,1,3,3,19,1,3,3,1
3,10,5,47,0.4,1,2,1,1,1,247.1,1,13,1,3,1,3,8,3,3,2,2
3,10,5,48,0.8,2,2,NaN,NaN,NaN,NaN,NaN,16,3,1,2,2,14,1,3,2,2
3,10,5,49,1.8,2,1,2,1,0,228.07,1,20,3,1,2,2,10,1,1,1,1
3,10,5,50,1.8,1,3,1,1,1,251.82,1,15,3,3,3,3,11,1,1,3,3
3,10,5,51,0.05,1,1,1,1,1,127.9,1,4,1,3,1,3,14,1,1,1,1
3,10,5,52,0.1,1,1,1,1,1,308.13,0,17,1,3,1,3,17,1,1,1,1
3,10,5,53,0.2,2,2,2,2,1,277.77,1,7,1,1,2,2,17,3,3,2,2
3,10,5,54,1.8,1,3,1,1,1,67.65,2,17,3,3,3,3,15,3,1,1,3
3,10,5,55,0.2,3,2,2,2,1,255.26,1,11,1,3,3,1,4,1,1,2,2
3,10,5,56,1.8,2,1,2,2,1,242.41,1,4,3,1,2,2,18,1,3,1,3
3,10,5,57,1.8,1,2,1,1,1,281.93,1,2,3,3,3,3,5,1,3,2,2
3,10,5,58,0.2,3,1,2,2,1,284.88,1,9,1,1,3,3,15,1,3,1,3
3,10,5,59,0.05,2,1,2,1,0,335.05,0,4,1,3,2,2,2,1,3,1,3
3,10,5,60,0.8,1,3,1,1,1,294,1,15,1,3,1,3,2,1,3,3,1
3,10,5,61,0.1,3,2,2,2,1,259.38,1,20,3,1,1,3,11,3,3,2,2
3,10,5,62,0.4,1,2,1,1,1,289.46,1,9,3,3,3,3,9,1,1,2,2
3,10,5,63,0.1,2,3,2,2,1,312.23,0,13,1,3,2,2,15,3,3,1,1
3,10,5,64,1.8,1,3,1,1,1,202.17,1,2,1,3,1,3,10,1,3,3,1
3,10,5,65,0.05,3,2,2,2,1,281.9,1,14,1,1,3,3,15,1,3,2,2
3,10,5,66,0.2,3,1,2,2,1,206.41,1,15,3,1,1,3,16,1,1,1,1
3,10,5,67,0.2,1,2,1,1,1,303.37,0,6,3,1,3,1,3,1,1,2,2
3,10,5,68,1.8,3,3,2,2,1,206.47,1,5,1,1,3,3,5,3,3,1,1
3,10,5,69,1.8,2,3,2,2,1,198.85,1,6,1,3,2,2,5,3,1,1,3
3,10,5,70,0.1,1,1,1,1,1,252.58,1,5,3,3,3,3,19,3,1,3,1
3,10,5,71,0.1,3,3,2,2,1,284.98,1,5,1,3,3,1,18,3,3,1,1
3,10,5,72,0.2,1,3,1,1,1,265.21,1,11,3,3,3,3,14,1,1,3,3
3,10,5,73,0.8,1,1,1,1,1,324.1,0,14,3,1,3,1,13,1,1,1,1
3,10,5,74,0.05,3,1,2,1,0,278.19,1,7,3,3,1,1,1,1,3,1,3
3,10,5,75,0.8,2,1,2,2,1,270.81,1,5,1,3,2,2,16,3,1,3,1
3,10,5,76,0.05,2,1,2,2,1,298.8,1,17,1,1,2,2,19,3,3,3,3
3,10,5,77,0.8,3,2,2,2,1,310.48,0,14,3,3,1,1,15,3,1,2,2
3,10,5,78,1.8,1,3,1,1,1,234.51,1,4,3,1,3,1,17,1,3,3,1
3,10,6,1,0.05,3,1,2,2,1,319.54,0,15,1,3,3,1,9,1,3,1,3
3,10,6,2,0.1,3,2,2,2,1,308.74,0,13,1,3,3,1,17,1,3,2,2
3,10,6,3,0.8,1,1,1,1,1,227.01,1,7,3,3,3,3,5,1,3,1,3
3,10,6,4,0.1,1,2,1,1,1,249.27,1,4,1,1,1,1,5,1,3,2,2
3,10,6,5,0.2,1,3,1,1,1,284.03,1,16,3,1,3,1,12,1,3,3,1
3,10,6,6,1.8,2,2,2,2,1,219.05,1,4,3,1,2,2,3,1,3,2,2
3,10,6,7,0.05,1,3,1,1,1,278.1,1,3,3,3,3,3,8,1,3,3,1
3,10,6,8,0.8,2,1,2,2,1,271.73,1,11,3,1,2,2,20,1,3,1,3
3,10,6,9,0.1,1,2,1,1,1,235.85,1,9,1,1,1,1,19,3,1,2,2
3,10,6,10,0.4,2,1,2,2,1,390.12,0,6,1,3,2,2,8,3,3,3,3
3,10,6,11,0.05,1,2,1,1,1,273.62,1,11,3,3,3,3,16,1,3,2,2
3,10,6,12,0.05,1,1,1,1,1,287.19,1,10,3,3,3,3,8,1,3,1,3
3,10,6,13,0.05,2,1,2,2,1,317.4,0,14,3,3,2,2,20,1,3,1,3
3,10,6,14,1.8,1,3,1,1,1,278.13,1,17,3,1,3,1,14,1,1,3,3
3,10,6,15,0.1,3,3,2,2,1,274.8,1,16,3,1,1,3,20,1,1,3,3
3,10,6,16,0.4,1,2,1,1,1,249.79,1,15,1,1,1,1,8,1,1,2,2
3,10,6,17,0.8,3,3,2,2,1,293.97,1,2,3,1,1,3,14,3,1,1,3
3,10,6,18,0.2,2,3,2,2,1,255,1,10,3,1,2,2,12,3,3,1,1
3,10,6,19,1.8,3,1,2,2,1,222.22,1,2,3,1,1,3,17,1,1,1,1
3,10,6,20,0.2,1,1,1,1,1,248,1,17,1,3,1,3,3,3,3,3,3
3,10,6,21,0.1,1,1,1,1,1,278.81,1,15,3,3,3,3,4,1,1,1,1
3,10,6,22,0.2,1,3,1,1,1,231.84,1,3,3,3,3,3,12,1,1,3,3
3,10,6,23,1.8,1,2,NaN,NaN,NaN,NaN,NaN,5,3,1,3,1,11,3,3,2,2
3,10,6,24,0.8,2,1,2,1,0,365.8,0,20,3,1,2,2,8,3,3,3,3
3,10,6,25,0.8,1,2,1,1,1,244.4,1,16,3,1,3,1,14,1,1,2,2
3,10,6,26,0.2,3,3,2,2,1,265.25,1,15,1,1,3,3,20,1,3,3,1
3,10,6,27,0.4,1,3,1,1,1,244.27,1,17,3,3,3,3,20,3,1,1,3
3,10,6,28,0.2,1,2,1,1,1,231.8,1,1,3,3,3,3,10,1,1,2,2
3,10,6,29,1.8,2,1,NaN,NaN,NaN,NaN,NaN,2,3,1,2,2,14,1,3,1,3
3,10,6,30,1.8,1,3,1,1,1,225.38,1,1,3,1,3,1,4,1,3,3,1
3,10,6,31,0.05,3,3,2,2,1,327.45,0,10,1,1,3,3,6,3,1,1,3
3,10,6,32,0.2,3,1,2,2,1,243.36,1,12,3,1,1,3,3,3,3,3,3
3,10,6,33,0.05,3,1,2,2,1,325.86,0,4,3,3,1,1,6,3,1,3,1
3,10,6,34,0.1,3,1,2,2,1,249.35,1,15,3,1,1,3,8,3,3,3,3
3,10,6,35,1.8,2,2,2,2,1,247.77,1,2,3,1,2,2,17,1,3,2,2
3,10,6,36,0.4,1,3,1,1,1,276.28,1,6,1,3,1,3,6,1,3,3,1
3,10,6,37,0.2,1,3,1,1,1,150.45,1,16,1,1,1,1,8,1,3,3,1
3,10,6,38,1.8,1,3,1,1,1,277.8,1,6,1,1,1,1,15,1,3,3,1
3,10,6,39,0.8,1,2,1,1,1,254.64,1,17,3,1,3,1,12,1,3,2,2
3,10,6,40,0.8,1,1,1,1,1,248.38,1,10,1,3,1,3,8,3,3,3,3
3,10,6,41,1.8,1,2,NaN,NaN,NaN,NaN,NaN,16,1,3,1,3,8,1,3,2,2
3,10,6,42,0.05,1,2,1,1,1,274.43,1,14,1,3,1,3,16,3,1,2,2
3,10,6,43,0.4,1,2,1,1,1,256.72,1,5,3,3,3,3,20,1,3,2,2
3,10,6,44,0.1,1,3,1,1,1,264.57,1,19,1,1,1,1,15,3,3,1,1
3,10,6,45,0.05,1,1,1,1,1,255.85,1,14,1,1,1,1,13,1,3,1,3
3,10,6,46,0.8,1,2,1,1,1,212.42,1,2,3,1,3,1,16,1,1,2,2
3,10,6,47,0.2,3,1,2,2,1,187.61,1,7,1,3,3,1,18,1,3,1,3
3,10,6,48,0.2,1,3,1,1,1,263.47,1,11,1,3,1,3,8,1,1,3,3
3,10,6,49,1.8,2,1,2,2,1,199.06,1,17,1,3,2,2,20,3,3,3,3
3,10,6,50,0.2,3,3,2,2,1,226.46,1,3,1,3,3,1,11,3,1,1,3
3,10,6,51,0.4,1,3,1,1,1,321.81,0,4,1,1,1,1,9,1,1,3,3
3,10,6,52,0.1,1,2,1,1,1,284.6,1,15,1,3,1,3,15,1,3,2,2
3,10,6,53,1.8,1,2,1,1,1,247.72,1,14,1,3,1,3,19,1,1,2,2
3,10,6,54,0.4,2,2,2,2,1,250.01,1,6,3,1,2,2,15,1,1,2,2
3,10,6,55,0.05,2,2,2,2,1,306.57,0,3,3,3,2,2,20,3,3,2,2
3,10,6,56,0.1,3,3,2,2,1,269.13,1,9,3,3,1,1,20,1,1,3,3
3,10,6,57,0.2,2,2,2,2,1,218.04,1,2,1,1,2,2,5,3,1,2,2
3,10,6,58,0.1,3,2,2,2,1,278.83,1,14,3,3,1,1,2,3,3,2,2
3,10,6,59,0.1,2,1,2,2,1,240.08,1,13,3,3,2,2,4,3,3,3,3
3,10,6,60,0.05,2,2,2,2,1,280.96,1,1,1,3,2,2,4,1,3,2,2
3,10,6,61,0.1,1,3,1,1,1,257.96,1,13,1,1,1,1,3,3,3,1,1
3,10,6,62,0.1,3,1,2,2,1,253.22,1,20,1,1,3,3,18,3,3,3,3
3,10,6,63,0.4,1,3,1,1,1,260.3,1,11,1,3,1,3,12,1,1,3,3
3,10,6,64,0.4,2,3,2,2,1,315.49,0,7,1,3,2,2,16,1,3,3,1
3,10,6,65,1.8,1,3,1,1,1,236.34,1,6,1,3,1,3,6,3,3,1,1
3,10,6,66,0.8,3,3,2,2,1,229.43,1,14,3,1,1,3,19,1,3,3,1
3,10,6,67,0.4,1,1,1,1,1,265.1,1,17,1,1,1,1,16,3,3,3,3
3,10,6,68,0.8,1,3,1,1,1,268.96,1,10,1,3,1,3,13,1,1,3,3
3,10,6,69,0.2,2,3,2,2,1,249.34,1,19,3,1,2,2,18,1,1,3,3
3,10,6,70,0.4,2,1,2,2,1,229.77,1,10,1,3,2,2,5,1,1,1,1
3,10,6,71,0.05,3,2,2,2,1,286.35,1,19,1,3,3,1,10,3,3,2,2
3,10,6,72,0.8,1,1,1,1,1,248.67,1,12,1,3,1,3,5,1,3,1,3
3,10,6,73,0.8,3,3,NaN,NaN,NaN,NaN,NaN,12,3,3,1,1,2,1,1,3,3
3,10,6,74,0.05,1,1,1,2,0,356.74,0,3,1,1,1,1,3,3,1,3,1
3,10,6,75,1.8,3,3,2,2,1,224.69,1,7,1,3,3,1,18,3,1,1,3
3,10,6,76,0.4,1,2,1,1,1,254.86,1,19,1,1,1,1,2,1,1,2,2
3,10,6,77,0.4,1,1,1,1,1,254,1,18,1,3,1,3,5,1,3,1,3
3,10,6,78,0.8,3,2,NaN,NaN,NaN,NaN,NaN,19,1,3,3,1,7,1,1,2,2
3,10,7,1,0.8,1,3,1,1,1,267.18,1,13,3,1,3,1,13,1,1,3,3
3,10,7,2,1.8,1,1,NaN,NaN,NaN,NaN,NaN,10,3,3,3,3,2,1,3,1,3
3,10,7,3,0.2,2,3,2,1,0,293.2,1,7,1,3,2,2,4,1,1,3,3
3,10,7,4,0.4,2,1,2,2,1,269.55,1,2,1,3,2,2,5,1,3,1,3
3,10,7,5,0.8,3,2,2,2,1,229.31,1,12,1,1,3,3,2,1,3,2,2
3,10,7,6,0.05,1,2,1,1,1,270.34,1,7,3,3,3,3,18,1,3,2,2
3,10,7,7,0.8,3,2,2,2,1,256.04,1,17,3,1,1,3,4,3,3,2,2
3,10,7,8,0.8,2,1,2,2,1,245.96,1,16,3,3,2,2,12,1,3,1,3
3,10,7,9,0.8,1,1,1,1,1,296.27,1,4,3,3,3,3,19,1,3,1,3
3,10,7,10,0.2,3,1,2,2,1,278.59,1,7,1,1,3,3,17,3,1,3,1
3,10,7,11,0.2,3,2,2,2,1,277.95,1,7,1,3,3,1,18,1,1,2,2
3,10,7,12,0.1,1,1,1,1,1,282.58,1,13,3,1,3,1,10,3,1,3,1
3,10,7,13,0.2,1,3,1,1,1,303.22,0,17,3,1,3,1,12,1,3,3,1
3,10,7,14,0.2,3,3,2,2,1,250.01,1,6,3,3,1,1,8,1,3,3,1
3,10,7,15,0.05,3,3,2,2,1,271.42,1,16,1,3,3,1,1,1,3,3,1
3,10,7,16,1.8,3,3,NaN,NaN,NaN,NaN,NaN,3,1,3,3,1,9,3,1,1,3
3,10,7,17,1.8,1,1,1,1,1,290.91,1,19,1,1,1,1,12,3,3,3,3
3,10,7,18,0.2,2,3,2,2,1,235.87,1,13,1,1,2,2,9,1,3,3,1
3,10,7,19,0.05,1,1,1,1,1,274.48,1,20,3,3,3,3,1,1,1,1,1
3,10,7,20,0.05,3,2,2,2,1,310,0,16,1,3,3,1,19,1,1,2,2
3,10,7,21,0.4,1,2,1,1,1,274.91,1,4,1,3,1,3,5,3,1,2,2
3,10,7,22,0.2,1,1,1,1,1,279.81,1,15,1,1,1,1,19,3,3,3,3
3,10,7,23,0.05,2,2,2,2,1,247.69,1,5,1,3,2,2,14,1,3,2,2
3,10,7,24,0.05,3,1,2,2,1,743.72,0,1,3,3,1,1,14,1,3,1,3
3,10,7,25,0.05,2,1,2,1,0,265.88,1,17,3,1,2,2,6,1,3,1,3
3,10,7,26,0.2,3,2,2,2,1,159.88,1,16,1,3,3,1,9,1,1,2,2
3,10,7,27,0.4,2,1,NaN,NaN,NaN,NaN,NaN,19,1,1,2,2,20,1,3,1,3
3,10,7,28,1.8,1,2,NaN,NaN,NaN,NaN,NaN,12,1,1,1,1,5,3,1,2,2
3,10,7,29,0.05,3,2,2,2,1,288.73,1,4,1,1,3,3,13,1,1,2,2
3,10,7,30,0.1,3,3,2,2,1,226.27,1,6,1,3,3,1,11,3,1,1,3
3,10,7,31,0.8,1,1,1,1,1,240.14,1,5,3,3,3,3,2,3,3,3,3
3,10,7,32,0.4,3,3,2,2,1,262.17,1,16,3,3,1,1,9,1,1,3,3
3,10,7,33,0.8,1,2,1,1,1,239.54,1,5,3,1,3,1,2,3,1,2,2
3,10,7,34,1.8,1,2,1,1,1,227.01,1,20,3,3,3,3,15,3,1,2,2
3,10,7,35,0.05,1,2,1,1,1,311.35,0,18,1,1,1,1,15,3,1,2,2
3,10,7,36,0.2,1,3,1,1,1,279.27,1,18,3,1,3,1,10,3,1,1,3
3,10,7,37,0.4,2,3,2,2,1,248.64,1,8,3,3,2,2,18,3,1,1,3
3,10,7,38,0.05,1,2,1,1,1,313.4,0,8,1,3,1,3,13,1,1,2,2
3,10,7,39,1.8,1,3,1,1,1,296.12,1,13,3,3,3,3,18,3,3,1,1
3,10,7,40,0.1,1,3,1,1,1,295.03,1,1,1,3,1,3,2,1,3,3,1
3,10,7,41,1.8,2,2,2,2,1,207.86,1,3,1,1,2,2,16,3,3,2,2
3,10,7,42,0.1,2,3,2,2,1,362.49,0,5,1,3,2,2,9,1,3,3,1
3,10,7,43,0.1,2,1,2,2,1,286.89,1,2,3,3,2,2,9,3,1,3,1
3,10,7,44,0.8,3,3,2,2,1,263.3,1,9,1,1,3,3,7,1,1,3,3
3,10,7,45,0.2,1,1,1,1,1,321.44,0,5,3,1,3,1,14,3,3,3,3
3,10,7,46,0.8,1,1,1,1,1,275.43,1,9,3,3,3,3,4,3,3,3,3
3,10,7,47,0.4,3,1,2,2,1,248.83,1,4,1,1,3,3,16,1,1,1,1
3,10,7,48,0.05,1,2,1,1,1,333.24,0,5,1,1,1,1,6,3,3,2,2
3,10,7,49,0.1,1,2,1,1,1,261.32,1,8,1,1,1,1,1,1,1,2,2
3,10,7,50,0.1,1,3,1,1,1,263.78,1,12,1,3,1,3,2,3,3,1,1
3,10,7,51,0.8,1,2,1,1,1,294.06,1,11,3,1,3,1,8,1,1,2,2
3,10,7,52,0.8,1,1,1,1,1,238.54,1,13,3,1,3,1,8,3,1,3,1
3,10,7,53,0.1,1,1,1,1,1,247.95,1,1,3,3,3,3,3,1,1,1,1
3,10,7,54,0.1,1,2,1,1,1,359.21,0,2,3,3,3,3,8,3,3,2,2
3,10,7,55,0.8,1,1,1,1,1,234.93,1,11,3,1,3,1,9,1,3,1,3
3,10,7,56,0.4,2,1,2,2,1,278.67,1,18,1,1,2,2,9,1,1,1,1
3,10,7,57,1.8,1,1,1,1,1,227.09,1,4,3,3,3,3,16,3,3,3,3
3,10,7,58,1.8,3,1,2,2,1,236.34,1,19,3,1,1,3,20,1,1,1,1
3,10,7,59,0.4,2,3,2,2,1,288.11,1,12,3,1,2,2,14,3,3,1,1
3,10,7,60,0.1,3,1,2,2,1,281.96,1,4,1,1,3,3,17,3,3,3,3
3,10,7,61,0.2,1,2,1,1,1,306.19,0,2,1,1,1,1,10,3,1,2,2
3,10,7,62,1.8,2,1,2,2,1,251.09,1,9,1,3,2,2,11,3,3,3,3
3,10,7,63,0.4,2,2,2,2,1,216.18,1,9,1,1,2,2,4,1,3,2,2
3,10,7,64,1.8,1,2,1,1,1,274.45,1,8,3,3,3,3,20,1,1,2,2
3,10,7,65,0.8,2,1,2,2,1,257.28,1,9,1,1,2,2,3,3,1,3,1
3,10,7,66,0.1,1,1,1,1,1,268.65,1,5,3,3,3,3,2,1,3,1,3
3,10,7,67,0.2,1,3,1,1,1,244.52,1,17,1,1,1,1,4,3,1,1,3
3,10,7,68,0.4,2,2,2,2,1,268.86,1,8,3,1,2,2,10,1,1,2,2
3,10,7,69,0.05,1,3,1,1,1,300.85,0,14,3,3,3,3,11,3,3,1,1
3,10,7,70,0.2,1,1,1,1,1,286.52,1,15,1,3,1,3,10,3,1,3,1
3,10,7,71,0.05,1,1,1,1,1,279.18,1,9,1,3,1,3,2,3,3,3,3
3,10,7,72,1.8,2,2,2,2,1,249.03,1,17,3,3,2,2,12,3,3,2,2
3,10,7,73,0.1,1,3,1,1,1,248.89,1,9,1,1,1,1,14,3,3,1,1
3,10,7,74,0.4,1,1,1,1,1,246.06,1,2,1,1,1,1,16,3,1,3,1
3,10,7,75,0.4,1,2,1,1,1,417.28,0,9,1,1,1,1,7,1,1,2,2
3,10,7,76,0.4,1,2,1,1,1,359.37,0,4,1,1,1,1,9,1,1,2,2
3,10,7,77,0.1,2,3,2,2,1,343.16,0,17,1,1,2,2,16,1,3,3,1
3,10,7,78,1.8,1,2,NaN,NaN,NaN,NaN,NaN,20,1,1,1,1,10,1,3,2,2
3,10,8,1,0.05,1,3,1,1,1,306.71,0,9,1,1,1,1,1,3,1,1,3
3,10,8,2,0.4,1,1,1,1,1,285.82,1,12,3,3,3,3,20,3,1,3,1
3,10,8,3,0.8,3,2,2,2,1,258.34,1,10,3,3,1,1,3,3,3,2,2
3,10,8,4,0.8,1,2,1,1,1,338.09,0,3,1,1,1,1,16,1,3,2,2
3,10,8,5,0.8,1,3,1,1,1,268,1,7,1,3,1,3,17,3,3,1,1
3,10,8,6,0.05,1,1,1,1,1,282.36,1,17,3,1,3,1,12,1,1,1,1
3,10,8,7,0.4,3,1,2,1,0,320.38,0,12,1,1,3,3,17,1,1,1,1
3,10,8,8,0.05,1,3,1,1,1,288.68,1,6,1,3,1,3,15,1,1,3,3
3,10,8,9,0.05,3,3,2,2,1,254.32,1,14,1,3,3,1,11,3,3,1,1
3,10,8,10,0.2,3,2,2,2,1,201.1,1,1,1,1,3,3,18,1,3,2,2
3,10,8,11,0.8,2,2,2,2,1,233.4,1,12,3,3,2,2,15,1,1,2,2
3,10,8,12,0.8,1,2,1,1,1,300.73,0,2,3,3,3,3,20,1,3,2,2
3,10,8,13,0.8,1,1,1,1,1,250.04,1,12,3,1,3,1,9,3,1,3,1
3,10,8,14,0.4,1,1,1,1,1,95.765,2,17,3,3,3,3,7,1,3,1,3
3,10,8,15,1.8,2,3,2,2,1,397.52,0,12,1,1,2,2,5,1,3,3,1
3,10,8,16,0.05,1,1,1,1,1,337.14,0,18,3,1,3,1,6,1,3,1,3
3,10,8,17,1.8,1,3,1,1,1,345.99,0,20,1,3,1,3,15,3,3,1,1
3,10,8,18,0.8,3,1,2,2,1,369.71,0,17,1,1,3,3,16,3,3,3,3
3,10,8,19,0.2,3,2,2,1,0,286.92,1,9,1,3,3,1,18,1,1,2,2
3,10,8,20,0.05,2,1,2,2,1,365.41,0,19,3,1,2,2,14,1,1,1,1
3,10,8,21,0.4,3,3,2,2,1,155,1,8,1,3,3,1,12,3,1,1,3
3,10,8,22,0.2,1,2,1,1,1,142.17,1,19,1,3,1,3,20,3,1,2,2
3,10,8,23,0.8,2,1,2,1,0,531.85,0,14,1,1,2,2,5,3,1,3,1
3,10,8,24,1.8,2,2,2,1,0,263.71,1,20,1,1,2,2,1,3,3,2,2
3,10,8,25,0.1,1,3,1,1,1,265.34,1,9,1,3,1,3,14,3,1,1,3
3,10,8,26,1.8,1,1,1,1,1,299.96,1,14,3,1,3,1,15,1,1,1,1
3,10,8,27,0.2,1,3,1,1,1,267.54,1,19,3,1,3,1,14,1,3,3,1
3,10,8,28,0.1,2,1,2,2,1,339.22,0,18,1,1,2,2,9,3,1,3,1
3,10,8,29,1.8,3,3,2,2,1,238.79,1,7,1,3,3,1,18,3,3,1,1
3,10,8,30,0.8,2,1,2,2,1,264.74,1,5,1,1,2,2,5,3,3,3,3
3,10,8,31,0.4,2,1,2,1,0,300.57,0,11,1,1,2,2,7,1,1,1,1
3,10,8,32,1.8,2,2,2,1,0,259.29,1,17,3,1,2,2,7,3,3,2,2
3,10,8,33,0.8,1,3,1,1,1,272.52,1,2,1,3,1,3,3,1,1,3,3
3,10,8,34,0.1,3,1,2,2,1,309.51,0,12,1,1,3,3,16,3,1,3,1
3,10,8,35,1.8,1,1,1,1,1,294.49,1,16,1,1,1,1,2,1,1,1,1
3,10,8,36,0.05,1,3,1,1,1,332.81,0,16,3,3,3,3,13,1,3,3,1
3,10,8,37,0.4,2,3,2,2,1,275.45,1,5,1,1,2,2,19,3,3,1,1
3,10,8,38,0.1,2,3,2,2,1,316.99,0,5,1,1,2,2,12,3,3,1,1
3,10,8,39,0.1,1,2,1,1,1,332.47,0,13,1,3,1,3,1,1,3,2,2
3,10,8,40,0.8,3,2,2,2,1,217.59,1,14,1,1,3,3,14,3,1,2,2
3,10,8,41,0.2,1,2,1,1,1,340.35,0,6,1,1,1,1,14,3,1,2,2
3,10,8,42,0.05,1,3,1,1,1,337.55,0,20,3,3,3,3,15,1,3,3,1
3,10,8,43,1.8,1,2,1,1,1,311.7,0,2,1,3,1,3,12,3,3,2,2
3,10,8,44,0.4,2,1,2,2,1,295.58,1,13,1,1,2,2,2,3,1,3,1
3,10,8,45,0.05,2,3,2,2,1,393.47,0,4,1,3,2,2,11,1,3,3,1
3,10,8,46,0.1,3,2,2,1,0,276.76,1,14,3,3,1,1,10,3,3,2,2
3,10,8,47,0.05,1,3,1,1,1,425.58,0,18,3,3,3,3,8,1,1,3,3
3,10,8,48,0.1,2,3,2,2,1,280.04,1,8,3,3,2,2,3,3,1,1,3
3,10,8,49,0.8,1,1,1,1,1,331.41,0,3,3,3,3,3,16,3,1,3,1
3,10,8,50,0.1,3,3,2,2,1,260.31,1,1,1,3,3,1,11,3,3,1,1
3,10,8,51,0.2,1,2,1,1,1,281.85,1,17,1,3,1,3,1,1,3,2,2
3,10,8,52,0.8,2,2,NaN,NaN,NaN,NaN,NaN,8,1,3,2,2,1,3,3,2,2
3,10,8,53,1.8,1,3,1,1,1,299.56,1,8,1,3,1,3,14,1,3,3,1
3,10,8,54,0.4,2,2,2,2,1,227.51,1,16,3,1,2,2,5,3,1,2,2
3,10,8,55,0.05,1,2,1,1,1,340.7,0,8,3,3,3,3,3,1,1,2,2
3,10,8,56,0.4,1,2,1,1,1,286.1,1,18,1,1,1,1,12,1,3,2,2
3,10,8,57,0.05,1,2,1,1,1,253.77,1,18,1,3,1,3,4,1,3,2,2
3,10,8,58,1.8,2,2,2,2,1,241.86,1,13,1,3,2,2,7,3,3,2,2
3,10,8,59,0.05,1,3,1,1,1,295.94,1,2,1,3,1,3,1,1,1,3,3
3,10,8,60,0.4,3,1,2,2,1,259.59,1,20,3,3,1,1,19,1,1,1,1
3,10,8,61,0.4,1,3,1,1,1,354.28,0,13,3,1,3,1,14,1,3,3,1
3,10,8,62,0.2,2,2,2,2,1,172.63,1,19,3,3,2,2,11,3,3,2,2
3,10,8,63,0.2,3,3,2,2,1,212.84,1,10,3,3,1,1,19,3,1,1,3
3,10,8,64,0.1,2,3,2,2,1,212.95,1,18,1,1,2,2,5,1,3,3,1
3,10,8,65,0.2,1,3,1,1,1,256.95,1,16,1,1,1,1,18,3,3,1,1
3,10,8,66,0.4,3,1,2,2,1,241.27,1,16,1,3,3,1,4,1,1,1,1
3,10,8,67,1.8,2,3,2,2,1,261.07,1,14,1,3,2,2,12,3,3,1,1
3,10,8,68,0.1,1,3,1,1,1,200.81,1,15,3,1,3,1,15,3,1,1,3
3,10,8,69,1.8,1,2,1,1,1,215.38,1,7,3,1,3,1,14,3,3,2,2
3,10,8,70,0.2,1,2,1,1,1,240.91,1,20,3,1,3,1,13,3,1,2,2
3,10,8,71,1.8,1,2,NaN,NaN,NaN,NaN,NaN,13,3,3,3,3,18,3,3,2,2
3,10,8,72,0.2,3,2,2,2,1,279.79,1,1,3,3,1,1,2,1,1,2,2
3,10,8,73,0.2,3,2,2,2,1,272.03,1,15,1,1,3,3,19,1,1,2,2
3,10,8,74,0.2,2,2,2,1,0,280.4,1,18,3,3,2,2,11,1,1,2,2
3,10,8,75,0.1,1,1,1,1,1,265.29,1,18,1,3,1,3,8,3,1,3,1
3,10,8,76,0.4,1,2,1,1,1,281.85,1,8,3,3,3,3,13,1,1,2,2
3,10,8,77,0.1,1,3,1,1,1,274.02,1,18,3,1,3,1,15,1,1,3,3
3,10,8,78,0.1,3,3,2,2,1,283.04,1,7,3,3,1,1,12,1,3,3,1
3,10,9,1,0.1,2,2,2,1,0,221.33,1,15,3,1,2,2,6,3,3,2,2
3,10,9,2,0.2,1,3,1,1,1,263.96,1,8,3,3,3,3,13,1,1,3,3
3,10,9,3,0.2,3,2,2,2,1,242.62,1,19,3,1,1,3,7,1,1,2,2
3,10,9,4,0.05,2,2,2,2,1,297.32,1,17,3,3,2,2,3,1,1,2,2
3,10,9,5,0.05,2,3,2,2,1,276.44,1,8,3,3,2,2,12,1,1,3,3
3,10,9,6,0.1,3,1,2,1,0,211.58,1,1,1,3,3,1,4,3,1,3,1
3,10,9,7,1.8,1,1,NaN,NaN,NaN,NaN,NaN,20,3,1,3,1,3,3,3,3,3
3,10,9,8,0.2,1,3,1,1,1,268.14,1,7,1,1,1,1,6,1,3,3,1
3,10,9,9,0.8,1,1,1,1,1,255.4,1,3,3,1,3,1,17,1,1,1,1
3,10,9,10,1.8,1,1,1,1,1,223.79,1,14,1,3,1,3,5,1,1,1,1
3,10,9,11,1.8,2,2,2,2,1,334.03,0,19,3,1,2,2,12,1,1,2,2
3,10,9,12,1.8,2,2,2,2,1,229.8,1,17,3,1,2,2,7,1,1,2,2
3,10,9,13,0.4,1,3,1,1,1,255.2,1,20,3,3,3,3,10,3,1,1,3
3,10,9,14,0.05,3,3,2,2,1,305.54,0,19,3,1,1,3,1,3,3,1,1
3,10,9,15,0.8,1,1,1,1,1,330.23,0,13,1,1,1,1,7,3,3,3,3
3,10,9,16,0.1,1,2,1,1,1,285.52,1,20,3,1,3,1,17,3,3,2,2
3,10,9,17,0.8,1,3,NaN,NaN,NaN,NaN,NaN,11,1,3,1,3,12,1,1,3,3
3,10,9,18,0.8,2,2,2,2,1,249.81,1,18,1,1,2,2,4,1,1,2,2
3,10,9,19,1.8,1,3,NaN,NaN,NaN,NaN,NaN,11,1,1,1,1,10,1,1,3,3
3,10,9,20,0.4,1,3,1,1,1,290.11,1,2,1,1,1,1,12,3,3,1,1
3,10,9,21,0.8,1,2,1,1,1,246.32,1,7,3,3,3,3,2,1,1,2,2
3,10,9,22,0.1,1,3,1,1,1,283.37,1,1,3,1,3,1,1,3,3,1,1
3,10,9,23,1.8,1,2,1,1,1,341.5,0,5,1,3,1,3,7,1,3,2,2
3,10,9,24,0.1,3,1,2,2,1,354.05,0,11,3,1,1,3,20,3,3,3,3
3,10,9,25,0.4,2,1,2,2,1,288.15,1,1,3,3,2,2,16,1,1,1,1
3,10,9,26,0.1,2,2,2,2,1,396.61,0,11,3,1,2,2,2,3,3,2,2
3,10,9,27,1.8,1,1,1,1,1,267.07,1,3,3,3,3,3,4,3,1,3,1
3,10,9,28,0.8,1,1,1,1,1,235.24,1,18,1,1,1,1,4,1,3,1,3
3,10,9,29,0.2,1,3,1,1,1,324.32,0,13,1,1,1,1,12,3,3,1,1
3,10,9,30,0.05,1,2,1,1,1,292.1,1,3,1,1,1,1,6,3,3,2,2
3,10,9,31,1.8,1,2,1,2,0,257.36,1,5,3,3,3,3,12,1,1,2,2
3,10,9,32,0.05,3,1,2,2,1,298.41,1,16,3,3,1,1,9,1,3,1,3
3,10,9,33,0.05,1,2,1,1,1,296.92,1,8,3,3,3,3,15,3,3,2,2
3,10,9,34,0.8,1,1,1,1,1,236.7,1,18,1,3,1,3,19,3,3,3,3
3,10,9,35,0.05,2,2,2,2,1,325.48,0,6,3,1,2,2,19,1,1,2,2
3,10,9,36,0.2,1,2,1,1,1,265.01,1,15,1,1,1,1,6,1,3,2,2
3,10,9,37,0.4,1,1,1,1,1,263.61,1,16,1,1,1,1,1,3,1,3,1
3,10,9,38,0.2,3,2,2,2,1,225.5,1,13,3,1,1,3,20,1,1,2,2
3,10,9,39,0.4,3,1,2,2,1,264.55,1,11,1,3,3,1,18,1,1,1,1
3,10,9,40,0.2,3,1,2,2,1,189.13,1,2,3,1,1,3,13,3,3,3,3
3,10,9,41,0.4,1,1,1,1,1,281.96,1,1,1,3,1,3,3,1,3,1,3
3,10,9,42,0.8,1,1,1,1,1,244.49,1,7,3,1,3,1,11,3,3,3,3
3,10,9,43,0.2,1,1,1,1,1,317.43,0,9,1,1,1,1,4,3,1,3,1
3,10,9,44,0.4,3,2,2,2,1,242.61,1,19,3,1,1,3,3,3,3,2,2
3,10,9,45,0.8,3,2,2,2,1,313.31,0,20,3,1,1,3,20,1,3,2,2
3,10,9,46,0.05,3,3,2,2,1,331.31,0,10,1,1,3,3,16,1,1,3,3
3,10,9,47,0.4,1,3,1,2,0,218.64,1,12,1,1,1,1,1,3,3,1,1
3,10,9,48,0.05,1,1,1,1,1,293.67,1,3,3,3,3,3,3,3,1,3,1
3,10,9,49,0.2,3,2,2,2,1,281.31,1,18,3,3,1,1,2,1,1,2,2
3,10,9,50,0.2,1,1,1,1,1,253.34,1,1,3,1,3,1,10,3,1,3,1
3,10,9,51,0.4,3,3,2,2,1,224.99,1,8,1,1,3,3,17,3,3,1,1
3,10,9,52,0.4,3,2,2,2,1,136.04,1,4,1,1,3,3,18,1,1,2,2
3,10,9,53,1.8,3,2,NaN,NaN,NaN,NaN,NaN,4,1,1,3,3,16,1,3,2,2
3,10,9,54,0.1,3,3,2,2,1,269.15,1,20,1,1,3,3,7,1,3,3,1
3,10,9,55,0.1,1,1,1,1,1,363.83,0,14,1,1,1,1,16,3,1,3,1
3,10,9,56,1.8,1,1,1,1,1,257.81,1,15,3,3,3,3,12,3,1,3,1
3,10,9,57,0.8,3,3,2,2,1,265.46,1,11,1,1,3,3,20,3,3,1,1
3,10,9,58,0.8,1,3,1,1,1,259.56,1,7,3,1,3,1,11,1,3,3,1
3,10,9,59,0.4,3,2,2,2,1,241.6,1,5,1,1,3,3,10,3,1,2,2
3,10,9,60,0.1,1,2,1,1,1,281.09,1,16,3,1,3,1,3,3,1,2,2
3,10,9,61,1.8,1,2,1,1,1,228.17,1,14,3,1,3,1,7,1,3,2,2
3,10,9,62,0.1,2,1,2,2,1,222.88,1,12,1,3,2,2,10,1,3,1,3
3,10,9,63,0.8,1,3,1,1,1,341.1,0,14,1,3,1,3,5,3,3,1,1
3,10,9,64,0.8,3,2,NaN,NaN,NaN,NaN,NaN,12,1,1,3,3,9,3,1,2,2
3,10,9,65,0.2,3,3,2,2,1,306.45,0,8,1,3,3,1,10,1,1,3,3
3,10,9,66,0.05,3,3,2,2,1,322.62,0,18,1,3,3,1,8,1,1,3,3
3,10,9,67,0.05,3,1,2,2,1,325.54,0,6,3,1,1,3,5,1,1,1,1
3,10,9,68,0.1,2,3,2,2,1,315.45,0,18,3,1,2,2,10,1,3,3,1
3,10,9,69,0.1,3,1,2,2,1,269.53,1,7,1,1,3,3,20,3,3,3,3
3,10,9,70,0.2,2,2,2,1,0,294.54,1,20,3,3,2,2,9,1,1,2,2
3,10,9,71,0.1,1,1,1,1,1,300.02,0,10,1,1,1,1,11,3,3,3,3
3,10,9,72,1.8,1,3,1,1,1,296.2,1,15,1,1,1,1,15,3,3,1,1
3,10,9,73,0.2,1,2,1,1,1,283.6,1,9,3,1,3,1,13,1,3,2,2
3,10,9,74,0.4,1,1,1,1,1,249.97,1,10,3,3,3,3,4,1,1,1,1
3,10,9,75,0.05,1,3,1,1,1,330.08,0,12,3,3,3,3,19,3,1,1,3
3,10,9,76,0.05,1,3,1,1,1,266.28,1,3,3,1,3,1,11,3,1,1,3
3,10,9,77,0.4,2,2,2,2,1,269.46,1,14,3,3,2,2,14,1,1,2,2
3,10,9,78,1.8,2,2,2,2,1,206.48,1,13,3,3,2,2,15,3,3,2,2
3,10,10,1,0.8,3,3,2,2,1,118.18,1,16,1,1,3,3,15,1,3,3,1
3,10,10,2,0.8,3,2,2,2,1,209.66,1,20,1,1,3,3,1,3,1,2,2
3,10,10,3,0.2,2,2,2,2,1,273.3,1,6,3,3,2,2,12,1,3,2,2
3,10,10,4,0.8,2,3,2,2,1,226.46,1,20,3,1,2,2,15,3,3,1,1
3,10,10,5,0.05,1,3,1,1,1,297.36,1,18,1,1,1,1,20,3,1,1,3
3,10,10,6,0.1,1,2,1,1,1,257.57,1,7,3,1,3,1,18,3,3,2,2
3,10,10,7,1.8,1,3,1,1,1,251.77,1,17,3,1,3,1,17,1,1,3,3
3,10,10,8,0.2,2,3,2,2,1,295.8,1,2,1,1,2,2,2,3,1,1,3
3,10,10,9,0.8,3,3,NaN,NaN,NaN,NaN,NaN,10,3,1,1,3,8,3,3,1,1
3,10,10,10,0.2,3,3,2,2,1,236.67,1,5,3,3,1,1,6,1,3,3,1
3,10,10,11,0.1,1,3,1,1,1,298.83,1,6,3,1,3,1,5,3,1,1,3
3,10,10,12,0.1,2,1,2,2,1,369.29,0,2,3,1,2,2,20,3,1,3,1
3,10,10,13,0.1,3,2,2,2,1,317.66,0,4,3,3,1,1,16,3,3,2,2
3,10,10,14,1.8,3,1,2,2,1,221.56,1,4,3,1,1,3,13,1,1,1,1
3,10,10,15,0.4,3,3,2,2,1,221.75,1,19,3,1,1,3,18,1,3,3,1
3,10,10,16,0.8,2,1,2,2,1,245.2,1,3,3,3,2,2,20,3,1,3,1
3,10,10,17,0.4,3,2,2,2,1,301.67,0,15,1,3,3,1,18,3,3,2,2
3,10,10,18,1.8,1,1,1,1,1,216.82,1,20,1,1,1,1,11,3,1,3,1
3,10,10,19,0.05,2,3,2,1,0,286.45,1,7,3,3,2,2,14,1,3,3,1
3,10,10,20,0.2,3,3,2,2,1,294.34,1,5,1,1,3,3,14,3,3,1,1
3,10,10,21,0.1,2,1,2,2,1,388.75,0,15,1,3,2,2,19,3,1,3,1
3,10,10,22,0.8,1,2,1,1,1,299.94,1,18,1,1,1,1,7,3,3,2,2
3,10,10,23,0.05,3,2,2,2,1,307.6,0,3,3,1,1,3,9,1,3,2,2
3,10,10,24,0.05,1,3,1,1,1,328.89,0,3,1,1,1,1,15,3,1,1,3
3,10,10,25,0.2,1,3,1,1,1,157.98,1,4,1,1,1,1,11,1,1,3,3
3,10,10,26,0.1,3,2,2,2,1,226.36,1,12,1,1,3,3,20,3,3,2,2
3,10,10,27,0.8,1,3,NaN,NaN,NaN,NaN,NaN,5,3,1,3,1,1,3,3,1,1
3,10,10,28,0.1,1,3,1,1,1,272.6,1,15,1,1,1,1,2,1,3,3,1
3,10,10,29,0.8,1,2,1,1,1,270.55,1,10,3,1,3,1,3,3,3,2,2
3,10,10,30,0.4,1,2,1,1,1,318.03,0,6,3,3,3,3,12,1,1,2,2
3,10,10,31,0.4,2,3,2,2,1,253.74,1,5,3,1,2,2,12,3,3,1,1
3,10,10,32,0.05,3,3,2,2,1,338.74,0,7,1,1,3,3,20,3,1,1,3
3,10,10,33,0.05,1,3,1,1,1,243.73,1,13,1,3,1,3,10,1,1,3,3
3,10,10,34,1.8,1,1,1,1,1,221.76,1,4,1,3,1,3,4,1,3,1,3
3,10,10,35,0.4,1,2,1,1,1,234.96,1,1,1,3,1,3,20,3,1,2,2
3,10,10,36,0.05,3,1,2,2,1,317.16,0,5,3,3,1,1,11,3,1,3,1
3,10,10,37,0.1,1,2,1,1,1,266.86,1,16,1,1,1,1,19,3,1,2,2
3,10,10,38,1.8,3,1,2,2,1,327.52,0,15,1,1,3,3,14,1,3,1,3
3,10,10,39,1.8,1,2,NaN,NaN,NaN,NaN,NaN,9,3,1,3,1,20,1,1,2,2
3,10,10,40,1.8,2,2,2,1,0,219.34,1,4,1,3,2,2,7,1,1,2,2
3,10,10,41,0.2,1,2,1,1,1,256.54,1,13,1,3,1,3,14,1,1,2,2
3,10,10,42,1.8,3,1,2,2,1,263.6,1,10,3,3,1,1,12,3,3,3,3
3,10,10,43,1.8,3,2,2,2,1,225.09,1,4,3,3,1,1,16,1,3,2,2
3,10,10,44,0.05,2,2,2,1,0,273.88,1,19,1,1,2,2,14,3,1,2,2
3,10,10,45,0.2,3,2,2,2,1,159.05,1,7,1,3,3,1,1,3,3,2,2
3,10,10,46,0.4,1,1,1,1,1,266.27,1,19,1,1,1,1,10,3,1,3,1
3,10,10,47,0.2,2,3,2,2,1,235.34,1,3,3,3,2,2,9,3,3,1,1
3,10,10,48,0.05,2,3,2,2,1,263.89,1,7,3,1,2,2,18,1,3,3,1
3,10,10,49,0.05,1,3,1,1,1,255.76,1,9,1,3,1,3,1,3,1,1,3
3,10,10,50,0.1,1,2,1,1,1,258.15,1,13,1,1,1,1,12,1,3,2,2
3,10,10,51,0.1,3,2,2,2,1,290.09,1,7,1,3,3,1,2,3,1,2,2
3,10,10,52,0.8,2,3,NaN,NaN,NaN,NaN,NaN,13,1,1,2,2,7,3,1,1,3
3,10,10,53,0.1,3,2,2,2,1,216.23,1,6,1,1,3,3,13,1,3,2,2
3,10,10,54,0.05,3,3,2,2,1,275.27,1,14,3,1,1,3,1,3,3,1,1
3,10,10,55,1.8,3,1,2,2,1,239.44,1,5,1,1,3,3,11,3,1,3,1
3,10,10,56,0.8,1,1,1,1,1,258.2,1,19,3,1,3,1,12,3,3,3,3
3,10,10,57,0.2,1,3,1,1,1,303.85,0,11,1,1,1,1,3,3,3,1,1
3,10,10,58,0.2,1,3,1,1,1,377.47,0,16,1,1,1,1,9,1,1,3,3
3,10,10,59,1.8,1,3,NaN,NaN,NaN,NaN,NaN,15,1,1,1,1,20,3,3,1,1
3,10,10,60,1.8,1,2,1,1,1,288.03,1,6,1,1,1,1,8,3,3,2,2
3,10,10,61,0.05,1,2,1,1,1,325.91,0,3,3,1,3,1,13,1,1,2,2
3,10,10,62,0.4,1,2,1,1,1,-8.9271,2,6,3,3,3,3,7,1,3,2,2
3,10,10,63,0.2,1,3,1,1,1,320.35,0,5,3,1,3,1,7,1,3,3,1
3,10,10,64,0.1,1,1,1,2,0,337.07,0,16,1,3,1,3,11,3,3,3,3
3,10,10,65,0.2,3,2,2,2,1,244.11,1,17,1,1,3,3,20,3,1,2,2
3,10,10,66,0.4,3,3,2,2,1,251.88,1,3,3,3,1,1,20,3,3,1,1
3,10,10,67,0.8,1,2,NaN,NaN,NaN,NaN,NaN,8,3,1,3,1,10,3,3,2,2
3,10,10,68,0.05,1,1,1,1,1,349.23,0,6,3,1,3,1,8,1,3,1,3
3,10,10,69,1.8,2,1,2,2,1,233.29,1,15,3,3,2,2,10,3,1,3,1
3,10,10,70,0.4,1,1,1,1,1,336.4,0,1,1,1,1,1,15,1,1,1,1
3,10,10,71,0.2,1,1,1,1,1,214.4,1,13,3,1,3,1,9,3,1,3,1
3,10,10,72,0.8,1,1,1,1,1,243.08,1,11,1,1,1,1,4,3,3,3,3
3,10,10,73,0.4,1,1,1,1,1,261.91,1,17,1,1,1,1,20,1,1,1,1
3,10,10,74,0.4,1,1,1,1,1,293.57,1,12,1,3,1,3,11,1,3,1,3
3,10,10,75,0.4,1,1,1,1,1,268.48,1,11,1,3,1,3,11,3,3,3,3
3,10,10,76,0.8,1,2,1,2,0,214.57,1,5,1,1,1,1,12,3,1,2,2
3,10,10,77,0.1,1,3,1,1,1,269,1,18,3,1,3,1,6,3,3,1,1
3,10,10,78,0.4,2,1,2,2,1,241.5,1,20,1,1,2,2,12,1,1,1,1
