2,15,1,1,0.1,2,1,2,2,1,161.74,1,5,3,3,2,2,17,1,1,1,1
2,15,1,2,0.4,1,1,1,1,1,281.04,1,3,3,3,3,3,20,1,3,1,3
2,15,1,3,0.8,1,1,NaN,NaN,NaN,NaN,NaN,20,3,1,3,1,16,3,1,3,1
2,15,1,4,0.2,1,2,1,1,1,246.44,1,20,3,3,3,3,4,3,1,2,2
2,15,1,5,0.4,2,3,2,2,1,207.82,1,18,1,3,2,2,12,3,1,1,3
2,15,1,6,0.8,1,1,1,1,1,206.98,1,18,3,3,3,3,11,3,3,3,3
2,15,1,7,0.05,2,1,2,1,0,274.22,1,15,1,1,2,2,17,3,3,3,3
2,15,1,8,1.8,1,3,1,2,0,153.54,1,1,1,1,1,1,19,3,3,1,1
2,15,1,9,0.1,2,3,2,2,1,245.84,1,9,3,3,2,2,14,3,3,1,1
2,15,1,10,0.4,1,1,1,1,1,232.9,1,18,3,3,3,3,13,1,1,1,1
2,15,1,11,1.8,1,3,NaN,NaN,NaN,NaN,NaN,8,3,3,3,3,1,1,1,3,3
2,15,1,12,1.8,3,2,2,2,1,207.7,1,4,1,1,3,3,13,3,1,2,2
2,15,1,13,0.4,3,2,2,2,1,250.16,1,14,1,3,3,1,12,3,1,2,2
2,15,1,14,0.05,1,2,1,1,1,294.72,1,4,3,3,3,3,11,1,1,2,2
2,15,1,15,0.8,1,2,1,1,1,290.56,1,6,3,3,3,3,7,1,3,2,2
2,15,1,16,1.8,1,3,1,2,0,205.18,1,13,1,3,1,3,16,1,1,3,3
2,15,1,17,0.1,1,1,1,1,1,284.82,1,12,1,1,1,1,2,1,3,1,3
2,15,1,18,0.8,1,2,1,1,1,202.42,1,9,3,3,3,3,2,3,3,2,2
2,15,1,19,0.4,1,1,1,2,0,279.08,1,2,3,1,3,1,3,3,1,3,1
2,15,1,20,0.2,3,2,2,2,1,261.6,1,11,1,3,3,1,2,1,1,2,2
2,15,1,21,1.8,1,1,1,1,1,240.58,1,7,1,1,1,1,17,1,1,1,1
2,15,1,22,0.05,2,3,2,2,1,294.96,1,3,3,3,2,2,5,3,3,1,1
2,15,1,23,0.2,3,1,2,2,1,231.95,1,2,3,3,1,1,20,1,3,1,3
2,15,1,24,0.4,1,1,1,1,1,220.14,1,15,1,3,1,3,18,3,3,3,3
2,15,1,25,0.05,3,2,2,2,1,272.71,1,3,1,3,3,1,18,1,1,2,2
2,15,1,26,0.4,1,3,1,1,1,273.3,1,1,3,3,3,3,3,3,3,1,1
2,15,1,27,0.1,3,2,2,2,1,248.48,1,20,1,3,3,1,18,1,3,2,2
2,15,1,28,0.2,2,1,2,1,0,328.9,0,11,3,1,2,2,7,1,3,1,3
2,15,1,29,0.4,3,3,2,2,1,248.4,1,20,1,1,3,3,13,3,3,1,1
2,15,1,30,0.05,2,2,2,1,0,256.56,1,11,3,1,2,2,10,1,1,2,2
2,15,1,31,0.05,1,2,1,1,1,285.67,1,15,1,3,1,3,7,1,1,2,2
2,15,1,32,0.4,2,3,2,2,1,318.75,0,10,3,3,2,2,17,3,3,1,1
2,15,1,33,0.05,3,3,2,2,1,269.52,1,10,3,3,1,1,4,1,3,3,1
2,15,1,34,0.8,1,3,1,1,1,222.26,1,5,1,1,1,1,15,3,1,1,3
2,15,1,35,1.8,2,3,2,2,1,187.16,1,16,3,1,2,2,7,1,3,3,1
2,15,1,36,0.2,1,3,1,1,1,147.01,1,6,1,3,1,3,8,1,1,3,3
2,15,1,37,0.1,1,3,1,1,1,196.93,1,4,3,3,3,3,19,1,1,3,3
2,15,1,38,0.8,1,2,1,1,1,208.61,1,5,1,3,1,3,3,3,3,2,2
2,15,1,39,0.2,1,2,1,1,1,275.62,1,17,1,3,1,3,11,3,3,2,2
2,15,1,40,0.2,1,1,1,1,1,276.32,1,4,1,3,1,3,7,1,3,1,3
2,15,1,41,0.1,1,2,1,1,1,203.09,1,19,1,3,1,3,17,3,3,2,2
2,15,1,42,0.8,3,2,2,2,1,173.86,1,20,1,1,3,3,15,1,3,2,2
2,15,1,43,1.8,1,1,1,2,0,191.36,1,13,3,3,3,3,14,3,1,3,1
2,15,1,44,0.2,1,2,1,1,1,220.44,1,16,3,3,3,3,9,1,3,2,2
2,15,1,45,1.8,1,1,1,1,1,192.18,1,6,3,3,3,3,1,3,3,3,3
2,15,1,46,0.05,1,1,1,1,1,306.42,0,12,3,1,3,1,18,1,1,1,1
2,15,1,47,0.2,3,1,2,2,1,267.54,1,9,3,1,1,3,10,1,1,1,1
2,15,1,48,0.4,2,3,2,2,1,248.49,1,15,1,3,2,2,17,1,3,3,1
2,15,1,49,0.1,1,1,1,1,1,302.74,0,2,1,3,1,3,19,3,1,3,1
2,15,1,50,0.2,2,2,2,2,1,241.4,1,14,3,3,2,2,20,3,3,2,2
2,15,1,51,0.2,1,2,1,1,1,207.72,1,8,1,1,1,1,9,3,3,2,2
2,15,1,52,0.8,1,1,1,1,1,220.81,1,18,1,3,1,3,11,1,1,1,1
2,15,1,53,0.1,2,2,2,2,1,253.03,1,13,3,1,2,2,16,3,1,2,2
2,15,1,54,0.05,1,2,1,2,0,309.31,0,2,1,3,1,3,3,1,1,2,2
2,15,1,55,1.8,3,2,2,2,1,172.67,1,14,1,1,3,3,3,1,3,2,2
2,15,1,56,0.4,3,3,2,2,1,235.93,1,18,3,1,1,3,11,3,3,1,1
2,15,1,57,0.2,1,1,1,1,1,200.57,1,5,3,3,3,3,12,1,3,1,3
2,15,1,58,0.1,2,3,2,1,0,281.68,1,4,3,3,2,2,3,3,3,1,1
2,15,1,59,1.8,2,3,2,2,1,194.24,1,13,1,3,2,2,9,1,1,3,3
2,15,1,60,1.8,3,3,NaN,NaN,NaN,NaN,NaN,10,3,3,1,1,13,1,1,3,3
2,15,1,61,0.8,1,1,1,1,1,251.2,1,5,1,3,1,3,4,3,3,3,3
2,15,1,62,1.8,1,1,1,1,1,199.06,1,6,1,3,1,3,3,3,1,3,1
2,15,1,63,0.2,3,1,2,2,1,261.45,1,7,3,1,1,3,17,3,1,3,1
2,15,1,64,0.8,1,2,1,1,1,202.75,1,4,3,3,3,3,14,3,3,2,2
2,15,1,65,0.05,1,2,1,1,1,261.35,1,14,1,1,1,1,16,1,3,2,2
2,15,1,66,0.1,2,1,2,2,1,321.13,0,7,1,1,2,2,8,3,1,3,1
2,15,1,67,0.8,1,3,1,2,0,199.02,1,5,1,1,1,1,10,3,1,1,3
2,15,1,68,0.4,1,2,1,1,1,220.22,1,13,3,3,3,3,4,3,1,2,2
2,15,1,69,0.05,1,1,1,1,1,271.15,1,17,1,3,1,3,20,1,1,1,1
2,15,1,70,0.8,2,3,2,1,0,192.84,1,3,3,1,2,2,20,1,1,3,3
2,15,1,71,0.05,3,1,2,2,1,242.27,1,20,3,3,1,1,9,1,3,1,3
2,15,1,72,0.8,1,1,1,1,1,205.18,1,16,1,1,1,1,4,3,1,3,1
2,15,1,73,0.1,2,3,2,2,1,251.73,1,7,3,1,2,2,9,3,1,1,3
2,15,1,74,0.4,2,3,2,1,0,263.37,1,7,1,3,2,2,5,1,3,3,1
2,15,1,75,0.05,3,1,2,2,1,278.14,1,15,3,3,1,1,20,1,1,1,1
2,15,1,76,0.1,3,3,2,2,1,262.25,1,8,3,1,1,3,2,3,3,1,1
2,15,1,77,1.8,2,1,2,2,1,132.91,1,9,3,3,2,2,19,1,3,1,3
2,15,1,78,0.1,3,1,2,2,1,257.31,1,10,1,3,3,1,15,3,1,3,1
2,15,2,1,0.2,1,1,1,1,1,242.69,1,4,3,1,3,1,2,1,1,1,1
2,15,2,2,1.8,2,3,2,2,1,157.22,1,3,1,3,2,2,17,3,1,1,3
2,15,2,3,0.05,1,3,1,1,1,284.24,1,15,3,3,3,3,14,3,3,1,1
2,15,2,4,0.1,1,2,1,1,1,244.98,1,20,3,1,3,1,1,1,3,2,2
2,15,2,5,0.05,1,1,1,1,1,275.89,1,10,1,1,1,1,16,3,3,3,3
2,15,2,6,0.1,1,1,1,1,1,229.48,1,9,1,1,1,1,5,1,1,1,1
2,15,2,7,0.05,3,1,2,2,1,266.14,1,14,1,3,3,1,1,3,1,3,1
2,15,2,8,0.8,2,1,2,2,1,214.12,1,2,1,3,2,2,13,1,3,1,3
2,15,2,9,0.8,1,1,1,1,1,218.98,1,20,1,3,1,3,20,3,1,3,1
2,15,2,10,1.8,1,2,1,2,0,203.33,1,11,1,3,1,3,18,1,1,2,2
2,15,2,11,0.4,1,1,1,1,1,219.01,1,7,3,3,3,3,20,1,1,1,1
2,15,2,12,1.8,3,2,2,2,1,188.68,1,16,3,3,1,1,15,1,3,2,2
2,15,2,13,0.2,1,3,1,1,1,211.49,1,14,3,3,3,3,4,1,1,3,3
2,15,2,14,0.8,1,1,1,1,1,209.95,1,5,1,1,1,1,8,1,3,1,3
2,15,2,15,0.2,3,2,2,2,1,185.41,1,11,1,3,3,1,20,3,3,2,2
2,15,2,16,1.8,1,1,1,1,1,166,1,10,3,3,3,3,9,3,3,3,3
2,15,2,17,0.4,2,1,2,1,0,204.36,1,2,3,1,2,2,10,1,3,1,3
2,15,2,18,0.05,3,3,2,2,1,274,1,16,3,1,1,3,16,3,3,1,1
2,15,2,19,0.05,1,1,1,1,1,286.94,1,10,3,3,3,3,19,3,1,3,1
2,15,2,20,0.1,1,3,1,1,1,256.59,1,1,3,3,3,3,15,3,1,1,3
2,15,2,21,0.1,1,2,1,2,0,253.1,1,7,3,3,3,3,10,3,1,2,2
2,15,2,22,0.8,1,1,1,1,1,208.04,1,14,1,1,1,1,9,1,3,1,3
2,15,2,23,0.4,1,1,1,1,1,245.08,1,19,1,1,1,1,5,1,3,1,3
2,15,2,24,0.8,3,2,2,2,1,210.54,1,4,3,1,1,3,16,1,3,2,2
2,15,2,25,0.2,1,2,1,1,1,240.26,1,8,1,3,1,3,7,3,3,2,2
2,15,2,26,0.4,2,2,2,1,0,230.82,1,12,1,1,2,2,9,1,1,2,2
2,15,2,27,0.05,2,1,2,2,1,288.04,1,4,3,1,2,2,18,3,3,3,3
2,15,2,28,0.8,3,2,2,2,1,203.07,1,9,1,3,3,1,16,1,3,2,2
2,15,2,29,0.4,1,2,1,1,1,259.28,1,7,1,1,1,1,11,1,3,2,2
2,15,2,30,0.8,3,1,2,2,1,199.89,1,10,1,1,3,3,18,1,1,1,1
2,15,2,31,0.05,2,2,2,1,0,325.74,0,16,3,3,2,2,1,3,3,2,2
2,15,2,32,0.05,1,3,1,1,1,276.22,1,9,3,3,3,3,1,1,1,3,3
2,15,2,33,1.8,2,3,2,2,1,167.27,1,11,3,3,2,2,7,3,3,1,1
2,15,2,34,0.1,2,3,2,2,1,251.21,1,15,3,3,2,2,2,3,3,1,1
2,15,2,35,0.05,1,3,1,1,1,400.82,0,2,3,1,3,1,12,3,3,1,1
2,15,2,36,0.8,3,2,2,2,1,193.93,1,20,1,3,3,1,7,3,3,2,2
2,15,2,37,1.8,1,1,1,1,1,209.97,1,10,3,1,3,1,17,3,1,3,1
2,15,2,38,0.8,3,2,2,2,1,216.26,1,8,3,3,1,1,12,3,3,2,2
2,15,2,39,0.4,2,1,2,1,0,200.45,1,10,3,3,2,2,16,1,3,1,3
2,15,2,40,0.8,2,1,2,1,0,199.31,1,4,3,3,2,2,11,3,1,3,1
2,15,2,41,0.8,2,1,2,2,1,197.19,1,5,1,3,2,2,6,1,1,1,1
2,15,2,42,0.2,1,1,1,1,1,260.26,1,8,1,1,1,1,11,1,1,1,1
2,15,2,43,0.1,2,2,2,1,0,285.81,1,12,1,3,2,2,4,3,1,2,2
2,15,2,44,1.8,2,1,2,2,1,210.06,1,16,3,1,2,2,5,1,3,1,3
2,15,2,45,0.05,1,3,1,2,0,290.49,1,4,3,1,3,1,9,3,1,1,3
2,15,2,46,0.2,1,3,1,1,1,243.13,1,10,3,3,3,3,13,1,1,3,3
2,15,2,47,0.2,3,1,2,2,1,252.68,1,14,1,1,3,3,12,3,3,3,3
2,15,2,48,0.2,1,3,1,1,1,268.62,1,19,1,1,1,1,7,3,1,1,3
2,15,2,49,0.8,1,3,1,1,1,264.79,1,6,1,1,1,1,10,3,3,1,1
2,15,2,50,1.8,3,1,2,2,1,207.56,1,4,3,3,1,1,13,3,3,3,3
2,15,2,51,1.8,3,1,2,2,1,188.96,1,16,1,3,3,1,19,1,3,1,3
2,15,2,52,0.1,3,1,2,2,1,248.54,1,9,3,3,1,1,17,3,1,3,1
2,15,2,53,0.8,1,3,1,2,0,226.31,1,2,3,1,3,1,14,3,3,1,1
2,15,2,54,1.8,1,1,1,1,1,193.64,1,2,1,1,1,1,14,1,3,1,3
2,15,2,55,0.1,1,3,1,1,1,253.48,1,5,3,3,3,3,10,3,1,1,3
2,15,2,56,0.2,1,1,1,1,1,236.61,1,7,1,1,1,1,5,1,1,1,1
2,15,2,57,0.4,1,1,1,1,1,226.36,1,14,3,1,3,1,13,3,3,3,3
2,15,2,58,0.05,1,2,1,1,1,281.69,1,14,1,1,1,1,15,1,1,2,2
2,15,2,59,0.4,1,3,1,1,1,255.83,1,9,3,3,3,3,13,1,3,3,1
2,15,2,60,0.2,1,2,1,1,1,166.66,1,15,1,1,1,1,2,1,1,2,2
2,15,2,61,0.4,1,1,1,1,1,3.1762,2,17,3,3,3,3,2,3,1,3,1
2,15,2,62,0.1,3,3,2,2,1,297.39,1,1,1,1,3,3,16,3,1,1,3
2,15,2,63,0.2,3,2,2,2,1,176.36,1,13,1,1,3,3,20,3,3,2,2
2,15,2,64,1.8,1,2,NaN,NaN,NaN,NaN,NaN,8,1,1,1,1,3,3,1,2,2
2,15,2,65,0.4,1,3,1,1,1,243.9,1,3,1,1,1,1,7,3,3,1,1
2,15,2,66,0.2,2,2,2,2,1,267.68,1,14,1,3,2,2,12,1,1,2,2
2,15,2,67,0.2,3,2,2,2,1,372.39,0,9,3,3,1,1,7,3,1,2,2
2,15,2,68,0.1,3,3,2,2,1,240.59,1,17,3,1,1,3,11,1,1,3,3
2,15,2,69,0.1,1,2,1,1,1,226.5,1,19,3,1,3,1,12,3,1,2,2
2,15,2,70,0.1,1,3,1,2,0,256.93,1,20,3,3,3,3,19,3,1,1,3
2,15,2,71,0.4,1,3,1,1,1,259.25,1,7,3,1,3,1,11,1,1,3,3
2,15,2,72,1.8,1,2,1,1,1,205.6,1,4,3,3,3,3,16,3,1,2,2
2,15,2,73,0.1,1,1,1,1,1,236.57,1,20,1,3,1,3,1,1,3,1,3
2,15,2,74,0.4,1,1,1,1,1,262.31,1,9,3,3,3,3,15,1,3,1,3
2,15,2,75,1.8,1,1,1,1,1,177.47,1,9,3,3,3,3,8,3,1,3,1
2,15,2,76,0.05,2,1,2,2,1,313.88,0,4,3,1,2,2,16,1,3,1,3
2,15,2,77,0.4,1,3,1,1,1,270.18,1,13,3,3,3,3,15,1,3,3,1
2,15,2,78,0.05,1,3,1,1,1,270.64,1,5,3,3,3,3,20,1,3,3,1
2,15,3,1,0.8,1,1,1,1,1,231.46,1,20,1,3,1,3,16,3,1,3,1
2,15,3,2,1.8,1,1,1,1,1,283.31,1,17,1,1,1,1,8,1,3,1,3
2,15,3,3,0.05,1,3,1,2,0,335.96,0,18,1,1,1,1,8,3,3,1,1
2,15,3,4,0.1,2,2,2,2,1,241.27,1,20,3,1,2,2,10,3,3,2,2
2,15,3,5,0.05,3,2,2,2,1,248.61,1,3,1,1,3,3,18,3,3,2,2
2,15,3,6,0.2,3,3,2,2,1,207.85,1,7,3,3,1,1,4,3,1,1,3
2,15,3,7,0.4,3,3,2,2,1,262.01,1,11,3,3,1,1,14,3,3,1,1
2,15,3,8,0.2,3,1,2,2,1,234.18,1,19,3,3,1,1,1,1,3,1,3
2,15,3,9,0.05,1,3,1,2,0,327.04,0,17,1,1,1,1,5,3,1,1,3
2,15,3,10,0.1,1,2,1,1,1,223.1,1,9,1,1,1,1,14,3,3,2,2
2,15,3,11,0.2,1,1,1,1,1,261.14,1,13,3,1,3,1,15,3,1,3,1
2,15,3,12,1.8,1,2,NaN,NaN,NaN,NaN,NaN,11,3,3,3,3,7,1,3,2,2
2,15,3,13,1.8,3,1,2,2,1,204.7,1,2,3,3,1,1,13,1,3,1,3
2,15,3,14,0.4,1,1,1,1,1,265.57,1,3,3,1,3,1,15,1,1,1,1
2,15,3,15,0.05,3,1,2,2,1,264.97,1,19,1,1,3,3,4,1,1,1,1
2,15,3,16,0.4,1,3,1,1,1,199.67,1,16,3,1,3,1,9,1,3,3,1
2,15,3,17,0.4,1,2,1,1,1,220.58,1,17,3,3,3,3,14,3,1,2,2
2,15,3,18,0.8,1,2,1,1,1,205.7,1,18,3,1,3,1,19,3,3,2,2
2,15,3,19,0.1,1,2,1,1,1,281.24,1,12,1,1,1,1,14,1,3,2,2
2,15,3,20,0.1,3,1,2,2,1,257.74,1,9,3,3,1,1,19,1,3,1,3
2,15,3,21,0.1,1,3,1,1,1,258.91,1,2,3,1,3,1,4,3,1,1,3
2,15,3,22,0.05,3,2,2,2,1,258.99,1,12,3,1,1,3,4,1,3,2,2
2,15,3,23,1.8,2,3,2,2,1,235.29,1,11,3,3,2,2,11,3,3,1,1
2,15,3,24,1.8,1,1,1,1,1,201.54,1,19,3,3,3,3,14,1,1,1,1
2,15,3,25,1.8,1,1,1,1,1,249.97,1,12,3,3,3,3,5,3,3,3,3
2,15,3,26,0.2,1,1,1,1,1,254.99,1,19,3,1,3,1,16,1,3,1,3
2,15,3,27,1.8,3,3,2,2,1,244.17,1,4,3,3,1,1,18,3,1,1,3
2,15,3,28,0.4,3,3,2,2,1,280.52,1,3,1,3,3,1,7,3,3,1,1
2,15,3,29,0.4,1,1,1,1,1,227.81,1,9,3,3,3,3,7,3,3,3,3
2,15,3,30,0.2,3,2,2,2,1,246.55,1,19,1,3,3,1,13,1,3,2,2
2,15,3,31,0.4,1,3,1,1,1,227.5,1,11,1,3,1,3,13,1,3,3,1
2,15,3,32,0.2,1,2,1,1,1,195.83,1,7,3,1,3,1,9,3,1,2,2
2,15,3,33,1.8,1,1,1,1,1,237.22,1,4,1,3,1,3,11,3,3,3,3
2,15,3,34,0.2,1,2,1,1,1,233.17,1,13,3,3,3,3,3,3,1,2,2
2,15,3,35,0.4,1,1,1,1,1,90.713,2,19,3,1,3,1,18,1,3,1,3
2,15,3,36,1.8,2,3,2,2,1,215.03,1,10,3,3,2,2,19,3,3,1,1
2,15,3,37,0.2,3,3,2,2,1,205.38,1,6,3,3,1,1,6,3,1,1,3
2,15,3,38,0.2,2,1,2,2,1,148.23,1,6,1,3,2,2,3,3,3,3,3
2,15,3,39,0.8,2,2,2,2,1,230.98,1,19,1,1,2,2,17,1,3,2,2
2,15,3,40,0.4,2,2,2,2,1,278,1,4,1,3,2,2,11,3,1,2,2
2,15,3,41,0.1,1,1,1,1,1,276.52,1,17,1,3,1,3,1,1,3,1,3
2,15,3,42,0.8,2,3,2,2,1,213.85,1,10,3,3,2,2,16,3,1,1,3
2,15,3,43,0.8,3,1,2,2,1,261.12,1,15,1,3,3,1,19,3,1,3,1
2,15,3,44,0.05,2,1,2,2,1,311.56,0,20,3,3,2,2,16,3,3,3,3
2,15,3,45,0.4,1,2,1,1,1,217.96,1,16,1,3,1,3,11,1,3,2,2
2,15,3,46,0.8,1,2,1,1,1,210.71,1,7,1,3,1,3,14,1,3,2,2
2,15,3,47,0.1,1,1,1,1,1,298.35,1,4,3,3,3,3,6,1,1,1,1
2,15,3,48,0.05,3,3,2,2,1,368.65,0,12,3,3,1,1,16,3,3,1,1
2,15,3,49,0.8,1,2,1,1,1,207.57,1,16,1,3,1,3,7,3,3,2,2
2,15,3,50,0.1,3,3,2,2,1,226.78,1,12,3,1,1,3,2,3,3,1,1
2,15,3,51,0.05,3,2,2,2,1,255.47,1,5,1,1,3,3,12,1,3,2,2
2,15,3,52,0.05,1,3,1,1,1,325.44,0,2,3,1,3,1,6,1,3,3,1
2,15,3,53,1.8,1,3,1,1,1,228.92,1,18,1,3,1,3,11,3,3,1,1
2,15,3,54,0.4,2,1,2,2,1,248.89,1,13,3,3,2,2,5,3,3,3,3
2,15,3,55,0.2,3,1,2,2,1,201.5,1,3,3,3,1,1,2,3,3,3,3
2,15,3,56,0.4,3,2,2,2,1,257.92,1,6,3,1,1,3,17,1,3,2,2
2,15,3,57,0.2,1,3,1,1,1,265.94,1,19,1,1,1,1,18,1,3,3,1
2,15,3,58,0.2,3,2,2,2,1,222.91,1,14,1,3,3,1,3,3,3,2,2
2,15,3,59,1.8,1,2,1,1,1,279.02,1,13,3,1,3,1,12,3,1,2,2
2,15,3,60,0.1,1,3,1,1,1,243.69,1,2,1,3,1,3,18,3,3,1,1
2,15,3,61,0.1,1,2,1,2,0,265.48,1,6,3,3,3,3,16,1,1,2,2
2,15,3,62,0.8,1,1,1,1,1,269.59,1,13,1,3,1,3,13,1,3,1,3
2,15,3,63,0.8,2,1,2,2,1,240.95,1,16,3,3,2,2,18,3,3,3,3
2,15,3,64,0.8,3,1,2,2,1,212.24,1,16,3,1,1,3,5,1,3,1,3
2,15,3,65,0.1,2,3,2,2,1,266.59,1,3,3,3,2,2,13,3,3,1,1
2,15,3,66,0.05,1,2,1,1,1,296.83,1,17,1,3,1,3,17,1,3,2,2
2,15,3,67,0.2,3,1,2,2,1,210.99,1,17,1,3,3,1,12,3,3,3,3
2,15,3,68,0.1,3,2,2,2,1,293.36,1,16,1,3,3,1,2,1,1,2,2
2,15,3,69,0.05,2,2,2,1,0,342.47,0,8,1,1,2,2,4,1,1,2,2
2,15,3,70,1.8,3,2,2,2,1,209.45,1,10,3,1,1,3,12,3,1,2,2
2,15,3,71,0.1,3,3,2,2,1,250.16,1,13,3,1,1,3,2,3,3,1,1
2,15,3,72,0.8,2,2,2,1,0,222.74,1,12,1,1,2,2,15,1,1,2,2
2,15,3,73,0.8,1,3,1,2,0,263.91,1,13,3,3,3,3,13,3,3,1,1
2,15,3,74,1.8,2,1,2,2,1,214.85,1,15,3,3,2,2,2,1,1,1,1
2,15,3,75,0.05,3,2,2,2,1,277.46,1,18,3,3,1,1,3,3,3,2,2
2,15,3,76,0.05,3,3,2,2,1,282.27,1,5,1,1,3,3,2,3,3,1,1
2,15,3,77,0.4,2,1,2,2,1,272.73,1,15,3,1,2,2,13,1,3,1,3
2,15,3,78,0.8,3,1,2,2,1,220.6,1,9,3,1,1,3,10,3,1,3,1
2,15,4,1,0.1,2,1,2,2,1,291.62,1,6,3,1,2,2,8,1,3,1,3
2,15,4,2,0.8,1,2,1,1,1,212.87,1,6,1,3,1,3,15,1,3,2,2
2,15,4,3,0.1,3,2,2,2,1,215.06,1,4,1,3,3,1,16,1,3,2,2
2,15,4,4,1.8,2,2,2,2,1,213.72,1,9,1,1,2,2,4,1,1,2,2
2,15,4,5,0.8,1,3,1,1,1,218.01,1,3,1,3,1,3,13,3,3,1,1
2,15,4,6,0.8,1,1,1,1,1,208.1,1,3,1,3,1,3,10,3,3,3,3
2,15,4,7,0.1,1,1,1,2,0,344.67,0,13,3,1,3,1,9,3,1,3,1
2,15,4,8,0.4,1,3,1,1,1,216.79,1,7,1,3,1,3,6,1,1,3,3
2,15,4,9,0.05,3,2,2,2,1,287.47,1,18,3,3,1,1,11,3,3,2,2
2,15,4,10,0.1,2,3,2,2,1,270.33,1,2,1,3,2,2,10,3,3,1,1
2,15,4,11,1.8,2,3,2,2,1,201.68,1,2,1,1,2,2,13,1,1,3,3
2,15,4,12,0.2,3,2,2,2,1,201.68,1,10,3,1,1,3,11,1,1,2,2
2,15,4,13,0.1,2,2,2,2,1,262.54,1,17,1,1,2,2,13,3,1,2,2
2,15,4,14,0.8,1,1,1,1,1,233.08,1,13,1,1,1,1,2,1,1,1,1
2,15,4,15,1.8,1,2,1,1,1,203.3,1,17,1,3,1,3,20,1,1,2,2
2,15,4,16,0.8,1,1,1,1,1,239.52,1,13,3,3,3,3,4,1,1,1,1
2,15,4,17,0.4,2,2,2,2,1,190.08,1,19,1,1,2,2,1,3,1,2,2
2,15,4,18,0.05,1,1,1,1,1,372.09,0,19,1,3,1,3,18,3,1,3,1
2,15,4,19,0.8,3,1,2,2,1,207.11,1,14,1,3,3,1,4,1,1,1,1
2,15,4,20,0.2,3,1,2,2,1,233.42,1,2,1,3,3,1,13,3,3,3,3
2,15,4,21,1.8,1,2,1,2,0,194.32,1,17,1,3,1,3,4,1,1,2,2
2,15,4,22,0.4,3,2,2,2,1,287.08,1,3,1,1,3,3,8,1,1,2,2
2,15,4,23,0.05,3,3,2,2,1,268.19,1,5,3,3,1,1,14,3,3,1,1
2,15,4,24,0.1,1,1,1,1,1,277.71,1,19,1,3,1,3,20,3,3,3,3
2,15,4,25,0.2,3,3,2,2,1,279.55,1,14,3,1,1,3,3,3,3,1,1
2,15,4,26,0.05,3,2,2,2,1,257.83,1,3,1,1,3,3,15,1,1,2,2
2,15,4,27,1.8,1,2,1,1,1,206.09,1,2,1,3,1,3,4,3,1,2,2
2,15,4,28,0.1,1,2,1,1,1,297.84,1,12,1,1,1,1,18,1,3,2,2
2,15,4,29,0.05,1,3,1,1,1,296.41,1,14,1,3,1,3,13,1,3,3,1
2,15,4,30,0.4,3,1,2,2,1,250.93,1,17,1,1,3,3,17,3,1,3,1
2,15,4,31,0.2,1,2,1,1,1,288.44,1,11,1,1,1,1,7,3,3,2,2
2,15,4,32,0.4,1,1,1,1,1,227.21,1,1,1,1,1,1,13,1,3,1,3
2,15,4,33,0.2,1,1,1,1,1,257.64,1,9,3,3,3,3,7,1,1,1,1
2,15,4,34,0.05,2,1,2,1,0,273.97,1,4,1,1,2,2,4,1,1,1,1
2,15,4,35,0.4,2,1,2,2,1,247.96,1,17,1,3,2,2,3,1,3,1,3
2,15,4,36,0.2,1,3,1,1,1,246.77,1,4,1,3,1,3,15,1,3,3,1
2,15,4,37,1.8,2,3,2,2,1,203.92,1,18,3,3,2,2,8,1,1,3,3
2,15,4,38,0.05,3,1,2,2,1,289.1,1,16,3,1,1,3,6,3,1,3,1
2,15,4,39,0.05,1,2,1,1,1,318.13,0,19,3,3,3,3,8,1,3,2,2
2,15,4,40,0.2,2,3,2,2,1,279.44,1,16,1,3,2,2,7,3,3,1,1
2,15,4,41,0.2,2,3,2,2,1,250.75,1,1,3,3,2,2,3,1,3,3,1
2,15,4,42,0.8,2,3,2,2,1,202.82,1,12,3,1,2,2,14,1,3,3,1
2,15,4,43,0.05,1,2,1,1,1,285.96,1,16,1,3,1,3,18,3,3,2,2
2,15,4,44,1.8,1,1,1,1,1,205.91,1,17,1,3,1,3,11,1,1,1,1
2,15,4,45,0.05,1,2,1,1,1,273.13,1,16,1,1,1,1,11,1,3,2,2
2,15,4,46,0.2,2,2,2,1,0,252.28,1,1,1,1,2,2,12,3,3,2,2
2,15,4,47,0.4,2,3,2,2,1,203.94,1,13,1,1,2,2,2,3,3,1,1
2,15,4,48,0.4,1,3,1,2,0,256.74,1,10,3,3,3,3,14,1,1,3,3
2,15,4,49,0.05,2,2,2,2,1,265.29,1,14,3,1,2,2,1,3,1,2,2
2,15,4,50,0.2,1,1,1,1,1,260.28,1,3,1,1,1,1,13,3,1,3,1
2,15,4,51,0.2,1,3,1,1,1,162.89,1,8,1,1,1,1,12,3,1,1,3
2,15,4,52,0.1,1,1,1,1,1,257.48,1,16,3,3,3,3,10,1,1,1,1
2,15,4,53,0.1,2,2,2,1,0,279.78,1,13,1,3,2,2,9,3,3,2,2
2,15,4,54,0.8,2,2,2,2,1,241.96,1,14,3,3,2,2,5,1,3,2,2
2,15,4,55,0.2,1,3,1,1,1,222.88,1,20,3,1,3,1,11,1,1,3,3
2,15,4,56,0.05,2,1,2,2,1,269.4,1,7,1,3,2,2,17,3,1,3,1
2,15,4,57,0.8,3,3,2,2,1,230.86,1,20,1,1,3,3,2,1,3,3,1
2,15,4,58,1.8,1,1,1,1,1,204.56,1,5,1,1,1,1,15,3,1,3,1
2,15,4,59,1.8,1,2,1,1,1,270.89,1,7,1,1,1,1,14,1,3,2,2
2,15,4,60,1.8,3,3,2,2,1,212.9,1,11,3,3,1,1,10,3,1,1,3
2,15,4,61,0.8,2,1,2,2,1,232.19,1,8,1,1,2,2,16,1,3,1,3
2,15,4,62,0.4,2,3,2,2,1,261.82,1,20,3,1,2,2,20,1,1,3,3
2,15,4,63,1.8,1,3,NaN,NaN,NaN,NaN,NaN,4,1,1,1,1,16,3,1,1,3
2,15,4,64,0.8,2,1,2,2,1,261.5,1,4,3,3,2,2,13,1,1,1,1
2,15,4,65,0.1,1,3,1,2,0,413.2,0,18,3,1,3,1,17,3,3,1,1
2,15,4,66,1.8,3,2,2,2,1,205.81,1,1,1,1,3,3,17,1,1,2,2
2,15,4,67,0.1,1,1,1,1,1,264.09,1,6,3,1,3,1,15,1,3,1,3
2,15,4,68,1.8,2,1,2,2,1,173.47,1,7,3,3,2,2,2,1,1,1,1
2,15,4,69,0.4,3,2,2,2,1,197.16,1,9,1,1,3,3,1,1,3,2,2
2,15,4,70,0.8,3,2,2,2,1,192.91,1,12,1,3,3,1,19,1,1,2,2
2,15,4,71,0.4,3,1,2,2,1,221.28,1,4,1,3,3,1,6,3,3,3,3
2,15,4,72,0.1,1,3,1,1,1,246.91,1,8,1,3,1,3,3,3,3,1,1
2,15,4,73,0.8,1,1,1,1,1,205.91,1,11,3,3,3,3,17,3,1,3,1
2,15,4,74,0.1,3,3,2,2,1,248.85,1,13,1,1,3,3,11,3,1,1,3
2,15,4,75,0.4,1,1,1,1,1,296.92,1,15,3,3,3,3,13,1,3,1,3
2,15,4,76,0.2,1,2,1,1,1,274.12,1,1,1,3,1,3,11,3,3,2,2
2,15,4,77,0.05,2,3,2,2,1,326.02,0,4,1,3,2,2,19,3,1,1,3
2,15,4,78,0.4,3,2,2,2,1,240.66,1,6,3,1,1,3,5,1,1,2,2
2,15,5,1,0.1,3,2,2,2,1,286.87,1,2,1,1,3,3,5,1,3,2,2
2,15,5,2,0.4,2,1,2,2,1,256.91,1,6,3,1,2,2,15,3,1,3,1
2,15,5,3,0.2,3,1,2,2,1,106.45,1,17,3,3,1,1,16,1,1,1,1
2,15,5,4,0.2,3,1,2,2,1,265.95,1,10,1,3,3,1,13,3,3,3,3
2,15,5,5,0.4,1,2,1,1,1,153.51,1,4,3,1,3,1,15,3,1,2,2
2,15,5,6,0.8,1,3,1,1,1,203.77,1,12,1,3,1,3,17,1,1,3,3
2,15,5,7,0.8,3,2,2,2,1,205.79,1,10,1,3,3,1,14,1,3,2,2
2,15,5,8,0.4,1,3,1,1,1,227.96,1,3,3,3,3,3,1,3,3,1,1
2,15,5,9,0.1,1,2,1,1,1,280.1,1,7,3,1,3,1,14,3,1,2,2
2,15,5,10,1.8,3,2,2,2,1,191.95,1,5,1,1,3,3,9,1,3,2,2
2,15,5,11,0.4,3,2,2,2,1,216.7,1,9,1,3,3,1,20,1,1,2,2
2,15,5,12,0.4,2,2,2,2,1,256.26,1,16,3,1,2,2,15,3,1,2,2
2,15,5,13,0.8,3,3,2,2,1,197.48,1,8,1,1,3,3,6,1,3,3,1
2,15,5,14,0.2,1,1,1,1,1,250.79,1,8,3,1,3,1,11,3,1,3,1
2,15,5,15,0.2,1,3,1,1,1,243.02,1,17,3,3,3,3,8,1,1,3,3
2,15,5,16,0.1,2,2,2,1,0,335.86,0,16,1,1,2,2,1,1,3,2,2
2,15,5,17,0.05,3,2,2,2,1,276.26,1,4,3,3,1,1,3,3,3,2,2
2,15,5,18,0.8,1,1,1,1,1,226.44,1,20,3,1,3,1,16,3,1,3,1
2,15,5,19,0.8,2,3,NaN,NaN,NaN,NaN,NaN,4,3,3,2,2,9,3,1,1,3
2,15,5,20,0.8,1,3,1,1,1,273.37,1,2,3,1,3,1,5,3,3,1,1
2,15,5,21,1.8,2,3,NaN,NaN,NaN,NaN,NaN,20,3,1,2,2,15,1,1,3,3
2,15,5,22,0.1,2,2,2,1,0,287.31,1,13,1,1,2,2,20,1,1,2,2
2,15,5,23,0.05,3,2,2,1,0,285.73,1,12,3,3,1,1,10,3,3,2,2
2,15,5,24,1.8,3,3,2,2,1,215.86,1,2,1,3,3,1,15,1,3,3,1
2,15,5,25,0.1,2,1,2,2,1,276.1,1,12,3,1,2,2,10,3,3,3,3
2,15,5,26,0.2,1,2,1,1,1,262.68,1,11,1,1,1,1,14,3,3,2,2
2,15,5,27,0.2,2,3,2,2,1,258.4,1,9,3,3,2,2,17,3,3,1,1
2,15,5,28,0.4,1,1,1,1,1,237.27,1,12,1,3,1,3,10,3,1,3,1
2,15,5,29,0.1,1,3,1,1,1,312,0,9,1,3,1,3,15,3,3,1,1
2,15,5,30,0.05,2,2,2,2,1,300.28,0,5,3,3,2,2,13,1,3,2,2
2,15,5,31,0.8,3,2,2,2,1,220.85,1,14,1,3,3,1,16,1,3,2,2
2,15,5,32,1.8,2,3,2,2,1,211.94,1,11,3,1,2,2,13,3,3,1,1
2,15,5,33,1.8,3,3,NaN,NaN,NaN,NaN,NaN,1,1,3,3,1,14,3,1,1,3
2,15,5,34,1.8,1,1,1,1,1,214.82,1,1,3,1,3,1,14,1,1,1,1
2,15,5,35,0.2,2,2,2,1,0,240.6,1,14,1,3,2,2,10,3,1,2,2
2,15,5,36,1.8,2,2,NaN,NaN,NaN,NaN,NaN,20,1,1,2,2,7,1,3,2,2
2,15,5,37,1.8,2,2,2,2,1,268.86,1,7,3,1,2,2,13,3,3,2,2
2,15,5,38,0.05,1,1,1,1,1,293.33,1,20,1,1,1,1,8,3,3,3,3
2,15,5,39,0.05,1,1,1,1,1,279.77,1,20,3,3,3,3,6,3,3,3,3
2,15,5,40,0.2,2,2,2,2,1,247.43,1,3,1,1,2,2,14,1,1,2,2
2,15,5,41,1.8,1,2,1,1,1,269.32,1,19,3,1,3,1,19,3,3,2,2
2,15,5,42,0.4,3,2,2,2,1,196.02,1,16,1,3,3,1,13,1,1,2,2
2,15,5,43,1.8,1,2,1,1,1,207.2,1,3,3,3,3,3,7,1,1,2,2
2,15,5,44,0.05,1,3,1,1,1,291.11,1,12,1,3,1,3,5,1,3,3,1
2,15,5,45,1.8,1,2,1,1,1,215.8,1,14,1,3,1,3,2,3,1,2,2
2,15,5,46,0.4,2,3,2,2,1,231.24,1,3,3,1,2,2,19,3,3,1,1
2,15,5,47,0.8,3,3,2,2,1,201.2,1,10,3,1,1,3,14,3,1,1,3
2,15,5,48,0.05,1,2,1,1,1,297.36,1,7,1,3,1,3,3,3,1,2,2
2,15,5,49,0.4,1,1,1,1,1,227.66,1,19,1,1,1,1,17,3,1,3,1
2,15,5,50,0.2,1,1,1,1,1,268.33,1,20,3,3,3,3,15,1,3,1,3
2,15,5,51,0.2,2,3,2,2,1,210.1,1,17,1,1,2,2,15,1,1,3,3
2,15,5,52,1.8,2,2,2,1,0,239.3,1,13,1,3,2,2,4,3,3,2,2
2,15,5,53,0.2,2,2,2,2,1,150.99,1,15,1,3,2,2,3,1,1,2,2
2,15,5,54,0.4,2,1,2,1,0,241.93,1,1,3,1,2,2,9,1,3,1,3
2,15,5,55,0.4,2,1,2,1,0,212.73,1,12,1,3,2,2,8,3,3,3,3
2,15,5,56,0.05,1,3,1,1,1,305.19,0,5,3,1,3,1,14,1,3,3,1
2,15,5,57,0.4,1,2,1,1,1,215.31,1,13,3,3,3,3,15,3,3,2,2
2,15,5,58,0.1,1,2,1,1,1,266.56,1,15,1,1,1,1,4,3,1,2,2
2,15,5,59,0.05,2,1,2,2,1,254.31,1,17,1,3,2,2,1,3,3,3,3
2,15,5,60,0.2,1,2,1,1,1,260.15,1,8,3,3,3,3,17,1,1,2,2
2,15,5,61,0.4,2,1,2,1,0,237.39,1,5,3,1,2,2,7,3,1,3,1
2,15,5,62,0.8,1,2,1,1,1,196.42,1,3,1,3,1,3,5,1,1,2,2
2,15,5,63,0.1,2,3,2,1,0,287,1,18,3,1,2,2,3,3,3,1,1
2,15,5,64,0.1,1,2,1,1,1,288.78,1,2,1,1,1,1,17,1,3,2,2
2,15,5,65,0.1,2,3,2,2,1,298.21,1,8,1,3,2,2,9,1,1,3,3
2,15,5,66,0.8,3,2,2,2,1,253.52,1,16,3,3,1,1,16,1,1,2,2
2,15,5,67,0.1,2,2,2,2,1,258.32,1,19,1,3,2,2,20,3,1,2,2
2,15,5,68,0.8,1,3,1,1,1,225.19,1,3,1,1,1,1,10,1,3,3,1
2,15,5,69,0.1,2,3,2,1,0,268.21,1,1,1,1,2,2,5,1,3,3,1
2,15,5,70,0.05,2,1,2,2,1,295.54,1,16,3,1,2,2,2,3,3,3,3
2,15,5,71,1.8,1,3,1,1,1,224.62,1,4,1,1,1,1,18,3,1,1,3
2,15,5,72,0.05,1,1,1,1,1,280.14,1,14,3,1,3,1,15,1,3,1,3
2,15,5,73,0.8,2,3,2,2,1,213.89,1,3,3,3,2,2,19,1,3,3,1
2,15,5,74,0.8,2,2,2,2,1,186.43,1,7,1,3,2,2,18,3,3,2,2
2,15,5,75,0.2,1,1,1,1,1,264.36,1,11,1,1,1,1,5,3,1,3,1
2,15,5,76,0.1,1,1,1,1,1,263.08,1,15,3,3,3,3,11,1,1,1,1
2,15,5,77,0.05,2,2,2,1,0,323.34,0,14,1,1,2,2,7,3,3,2,2
2,15,5,78,0.05,2,1,2,1,0,276.47,1,18,3,1,2,2,15,1,3,1,3
2,15,6,1,0.1,3,3,2,2,1,238.19,1,3,1,1,3,3,6,3,1,1,3
2,15,6,2,0.4,1,2,1,1,1,228.24,1,1,1,3,1,3,12,1,1,2,2
2,15,6,3,0.8,3,1,NaN,NaN,NaN,NaN,NaN,1,1,1,3,3,13,1,3,1,3
2,15,6,4,0.8,1,1,1,1,1,223.82,1,7,3,1,3,1,4,3,3,3,3
2,15,6,5,0.1,1,3,1,2,0,267.12,1,11,1,3,1,3,7,1,1,3,3
2,15,6,6,1.8,1,1,1,1,1,215.2,1,15,1,3,1,3,10,1,3,1,3
2,15,6,7,0.2,1,3,1,2,0,175.66,1,5,1,1,1,1,2,3,1,1,3
2,15,6,8,0.4,3,2,2,2,1,208.55,1,18,1,3,3,1,11,1,3,2,2
2,15,6,9,1.8,1,3,1,1,1,268.43,1,7,1,3,1,3,3,3,1,1,3
2,15,6,10,0.2,1,1,1,1,1,229.69,1,3,1,3,1,3,10,3,1,3,1
2,15,6,11,0.2,2,1,2,2,1,274.95,1,19,3,3,2,2,15,1,3,1,3
2,15,6,12,0.4,1,3,1,1,1,276.5,1,17,3,1,3,1,13,1,1,3,3
2,15,6,13,0.2,1,2,1,1,1,264.05,1,15,1,3,1,3,16,1,1,2,2
2,15,6,14,1.8,1,3,1,1,1,224.57,1,15,3,1,3,1,9,1,3,3,1
2,15,6,15,0.1,2,3,2,2,1,267.9,1,9,3,3,2,2,15,3,3,1,1
2,15,6,16,0.4,1,2,1,1,1,281.92,1,6,1,1,1,1,2,1,1,2,2
2,15,6,17,0.4,3,1,2,2,1,259.01,1,3,1,3,3,1,9,1,1,1,1
2,15,6,18,1.8,1,3,1,2,0,234.93,1,3,1,1,1,1,5,3,3,1,1
2,15,6,19,0.4,1,1,1,1,1,259.62,1,11,1,3,1,3,4,3,3,3,3
2,15,6,20,0.8,1,1,1,2,0,243.88,1,10,3,1,3,1,15,3,1,3,1
2,15,6,21,0.8,3,1,2,2,1,266.28,1,13,3,3,1,1,19,1,3,1,3
2,15,6,22,0.1,1,2,1,1,1,240.8,1,15,1,1,1,1,8,1,3,2,2
2,15,6,23,0.1,2,3,2,2,1,344.88,0,6,1,3,2,2,16,3,1,1,3
2,15,6,24,0.8,2,3,2,2,1,228.26,1,5,1,3,2,2,8,3,1,1,3
2,15,6,25,0.8,2,2,2,2,1,230.18,1,4,1,1,2,2,4,3,3,2,2
2,15,6,26,0.4,2,3,2,2,1,221.14,1,2,3,3,2,2,7,3,3,1,1
2,15,6,27,0.8,1,2,1,1,1,243.43,1,10,1,1,1,1,18,3,1,2,2
2,15,6,28,0.8,2,3,2,2,1,201.29,1,5,3,3,2,2,20,1,1,3,3
2,15,6,29,0.05,1,2,1,1,1,333.37,0,15,1,1,1,1,15,3,1,2,2
2,15,6,30,0.1,1,3,1,1,1,261.87,1,6,1,3,1,3,7,1,3,3,1
2,15,6,31,1.8,1,2,1,1,1,231.56,1,14,1,1,1,1,9,1,3,2,2
2,15,6,32,0.4,2,2,2,2,1,223.48,1,13,3,1,2,2,6,1,1,2,2
2,15,6,33,0.2,3,3,2,2,1,260.99,1,12,3,3,1,1,8,1,3,3,1
2,15,6,34,0.05,1,1,1,1,1,324.2,0,16,3,1,3,1,5,3,1,3,1
2,15,6,35,0.4,2,1,2,1,0,260.23,1,20,1,3,2,2,6,1,1,1,1
2,15,6,36,0.4,2,1,2,2,1,230.25,1,15,3,3,2,2,10,1,3,1,3
2,15,6,37,0.4,2,3,2,2,1,246.93,1,13,1,3,2,2,1,1,3,3,1
2,15,6,38,0.8,1,2,1,2,0,304.57,0,16,1,1,1,1,7,1,1,2,2
2,15,6,39,0.2,1,3,1,1,1,203.74,1,18,1,3,1,3,13,3,3,1,1
2,15,6,40,0.4,1,2,1,1,1,257.51,1,8,1,1,1,1,8,1,1,2,2
2,15,6,41,0.05,2,1,2,2,1,270.72,1,20,3,3,2,2,11,3,1,3,1
2,15,6,42,0.1,1,1,1,1,1,288.92,1,11,3,1,3,1,19,3,3,3,3
2,15,6,43,0.8,1,2,1,1,1,236.79,1,9,1,1,1,1,9,1,3,2,2
2,15,6,44,0.2,2,2,2,1,0,245.3,1,15,1,3,2,2,6,3,3,2,2
2,15,6,45,0.2,1,3,1,1,1,244,1,19,1,1,1,1,6,1,1,3,3
2,15,6,46,0.8,1,3,1,1,1,217.32,1,15,1,1,1,1,15,3,1,1,3
2,15,6,47,0.1,1,2,1,2,0,249.81,1,20,3,3,3,3,15,3,1,2,2
2,15,6,48,0.1,1,3,1,1,1,209.79,1,20,1,1,1,1,19,3,3,1,1
2,15,6,49,0.05,3,2,2,2,1,306.7,0,5,3,1,1,3,14,3,1,2,2
2,15,6,50,0.05,1,1,1,1,1,311.19,0,2,3,3,3,3,18,3,1,3,1
2,15,6,51,0.05,1,3,1,1,1,228.88,1,4,3,3,3,3,11,1,1,3,3
2,15,6,52,0.05,1,2,1,1,1,278.93,1,4,1,3,1,3,14,3,1,2,2
2,15,6,53,1.8,1,2,1,1,1,187.32,1,3,3,3,3,3,7,3,3,2,2
2,15,6,54,0.1,3,3,2,2,1,196.4,1,18,3,3,1,1,13,3,1,1,3
2,15,6,55,1.8,2,2,NaN,NaN,NaN,NaN,NaN,12,1,1,2,2,8,1,3,2,2
2,15,6,56,0.1,3,2,2,2,1,237.74,1,3,3,1,1,3,19,1,1,2,2
2,15,6,57,1.8,3,2,2,2,1,213.41,1,2,1,1,3,3,2,3,3,2,2
2,15,6,58,0.2,1,1,1,1,1,223.91,1,3,3,1,3,1,14,1,1,1,1
2,15,6,59,0.8,2,3,2,2,1,245.45,1,4,1,1,2,2,20,1,1,3,3
2,15,6,60,1.8,3,2,2,2,1,225.42,1,14,3,3,1,1,10,3,1,2,2
2,15,6,61,0.05,1,3,1,1,1,287.13,1,6,3,1,3,1,9,1,1,3,3
2,15,6,62,1.8,3,3,2,2,1,273.51,1,11,1,3,3,1,4,1,3,3,1
2,15,6,63,0.2,3,3,2,2,1,266.76,1,20,3,3,1,1,11,1,3,3,1
2,15,6,64,0.05,3,2,2,2,1,279.98,1,18,3,3,1,1,15,1,3,2,2
2,15,6,65,0.05,3,1,2,2,1,230.32,1,14,3,3,1,1,8,3,3,3,3
2,15,6,66,0.05,1,1,1,1,1,299.36,1,3,3,1,3,1,3,1,1,1,1
2,15,6,67,1.8,2,2,2,1,0,206.29,1,18,3,1,2,2,20,3,3,2,2
2,15,6,68,0.4,3,1,2,2,1,185.7,1,2,1,1,3,3,7,1,3,1,3
2,15,6,69,0.2,1,1,1,1,1,118.56,1,5,1,3,1,3,3,3,3,3,3
2,15,6,70,0.8,3,2,2,2,1,249.1,1,7,1,1,3,3,19,1,1,2,2
2,15,6,71,1.8,1,1,1,1,1,207.31,1,6,1,1,1,1,8,1,3,1,3
2,15,6,72,0.1,1,3,1,1,1,270.66,1,3,3,1,3,1,16,3,3,1,1
2,15,6,73,0.05,1,1,1,2,0,301.27,0,1,1,3,1,3,16,1,3,1,3
2,15,6,74,0.05,3,1,2,2,1,349.07,0,18,1,1,3,3,11,1,3,1,3
2,15,6,75,0.2,2,3,2,2,1,247.89,1,8,1,3,2,2,10,1,1,3,3
2,15,6,76,0.2,1,2,1,1,1,253.49,1,20,1,3,1,3,10,3,3,2,2
2,15,6,77,1.8,1,1,1,1,1,267.56,1,12,1,1,1,1,6,3,3,3,3
2,15,6,78,0.1,1,2,1,1,1,297.16,1,20,1,1,1,1,10,3,1,2,2
2,15,7,1,1.8,1,2,1,1,1,187.6,1,1,1,1,1,1,4,3,3,2,2
2,15,7,2,1.8,2,1,2,2,1,177.8,1,2,1,3,2,2,4,1,1,1,1
2,15,7,3,0.05,1,1,1,2,0,231.1,1,10,3,1,3,1,5,3,1,3,1
2,15,7,4,0.8,2,3,2,1,0,206.15,1,1,1,1,2,2,9,1,3,3,1
2,15,7,5,0.4,3,1,2,2,1,219.27,1,1,1,1,3,3,11,3,3,3,3
2,15,7,6,0.8,1,1,1,1,1,212.74,1,7,1,1,1,1,15,3,3,3,3
2,15,7,7,0.05,1,3,1,1,1,276.56,1,10,1,3,1,3,7,3,1,1,3
2,15,7,8,0.4,1,2,1,1,1,283.34,1,8,3,1,3,1,6,1,3,2,2
2,15,7,9,0.4,3,1,2,2,1,205.74,1,8,1,3,3,1,6,3,1,3,1
2,15,7,10,0.4,1,3,1,1,1,53.434,2,3,1,1,1,1,16,1,1,3,3
2,15,7,11,0.05,3,1,2,2,1,265.83,1,8,3,1,1,3,7,3,1,3,1
2,15,7,12,0.1,2,1,2,2,1,208.66,1,14,3,1,2,2,17,1,3,1,3
2,15,7,13,0.1,1,2,1,1,1,267.83,1,9,1,1,1,1,12,1,3,2,2
2,15,7,14,0.2,3,3,2,2,1,224.1,1,18,3,3,1,1,7,1,1,3,3
2,15,7,15,0.1,3,2,2,2,1,279.95,1,8,3,3,1,1,16,3,3,2,2
2,15,7,16,0.05,3,3,2,2,1,249.47,1,7,1,1,3,3,4,1,1,3,3
2,15,7,17,0.05,3,2,2,2,1,243.78,1,3,1,3,3,1,7,1,3,2,2
2,15,7,18,0.2,3,2,2,2,1,344.36,0,19,1,1,3,3,4,1,1,2,2
2,15,7,19,1.8,2,1,2,2,1,379.2,0,20,1,1,2,2,14,3,1,3,1
2,15,7,20,0.8,1,2,1,1,1,210.91,1,1,1,3,1,3,5,1,3,2,2
2,15,7,21,0.8,3,1,2,2,1,222.73,1,20,3,3,1,1,15,1,1,1,1
2,15,7,22,0.8,1,2,1,1,1,215.4,1,6,1,3,1,3,9,3,1,2,2
2,15,7,23,0.1,3,2,2,2,1,259.71,1,4,1,3,3,1,14,1,1,2,2
2,15,7,24,0.4,1,3,1,1,1,261.25,1,4,3,3,3,3,6,3,1,1,3
2,15,7,25,0.05,1,2,1,1,1,284.16,1,10,3,1,3,1,12,1,3,2,2
2,15,7,26,0.8,1,2,1,1,1,233.19,1,16,3,1,3,1,1,3,1,2,2
2,15,7,27,1.8,2,2,2,2,1,236.86,1,6,1,1,2,2,13,3,3,2,2
2,15,7,28,0.8,2,3,2,1,0,204.82,1,10,3,1,2,2,17,1,3,3,1
2,15,7,29,1.8,3,1,2,2,1,216.91,1,7,3,3,1,1,1,3,3,3,3
2,15,7,30,0.1,3,1,2,2,1,259.56,1,14,3,3,1,1,18,1,3,1,3
2,15,7,31,0.4,1,3,1,1,1,268.08,1,16,1,3,1,3,5,3,1,1,3
2,15,7,32,0.05,1,3,1,2,0,296.44,1,11,1,1,1,1,4,1,1,3,3
2,15,7,33,1.8,1,3,1,1,1,222.31,1,20,3,3,3,3,16,3,3,1,1
2,15,7,34,1.8,1,1,1,1,1,197.23,1,1,1,1,1,1,13,1,1,1,1
2,15,7,35,1.8,1,2,1,1,1,204.64,1,3,3,3,3,3,19,3,1,2,2
2,15,7,36,0.4,1,1,1,1,1,221.47,1,12,3,3,3,3,12,3,3,3,3
2,15,7,37,0.05,3,2,2,1,0,298.9,1,4,3,3,1,1,8,3,3,2,2
2,15,7,38,0.05,1,3,1,1,1,292.09,1,6,3,3,3,3,20,1,3,3,1
2,15,7,39,0.4,1,1,1,1,1,222.65,1,10,1,3,1,3,5,3,1,3,1
2,15,7,40,0.05,1,1,1,1,1,226.92,1,6,1,3,1,3,15,3,1,3,1
2,15,7,41,0.4,1,2,1,1,1,218.37,1,1,3,3,3,3,2,1,1,2,2
2,15,7,42,0.1,2,2,2,2,1,274.57,1,1,1,1,2,2,4,3,3,2,2
2,15,7,43,0.2,2,2,2,2,1,196.29,1,6,1,1,2,2,3,3,3,2,2
2,15,7,44,1.8,2,2,2,2,1,244.65,1,2,3,3,2,2,1,3,3,2,2
2,15,7,45,0.2,2,2,2,1,0,297.1,1,12,3,1,2,2,20,3,1,2,2
2,15,7,46,0.4,1,3,1,1,1,213.03,1,3,1,1,1,1,1,3,1,1,3
2,15,7,47,1.8,3,1,2,2,1,221.29,1,13,1,3,3,1,16,1,1,1,1
2,15,7,48,0.2,3,1,2,2,1,261.27,1,16,3,3,1,1,12,3,1,3,1
2,15,7,49,0.8,3,3,2,2,1,201.28,1,14,1,1,3,3,2,1,3,3,1
2,15,7,50,0.4,3,2,2,2,1,220.75,1,5,3,1,1,3,8,1,3,2,2
2,15,7,51,0.2,3,3,2,2,1,219.09,1,11,3,3,1,1,10,3,1,1,3
2,15,7,52,1.8,1,3,1,1,1,205.83,1,15,1,3,1,3,14,3,1,1,3
2,15,7,53,0.1,3,3,2,2,1,211.82,1,7,3,1,1,3,5,3,1,1,3
2,15,7,54,0.1,2,1,2,1,0,263.23,1,12,1,3,2,2,14,3,3,3,3
2,15,7,55,0.1,1,3,1,1,1,313,0,2,1,1,1,1,19,3,1,1,3
2,15,7,56,0.05,2,2,2,2,1,277.74,1,8,3,1,2,2,11,1,1,2,2
2,15,7,57,0.1,2,2,2,2,1,284.07,1,15,3,3,2,2,15,1,1,2,2
2,15,7,58,0.05,1,3,1,1,1,292.08,1,10,3,1,3,1,2,1,3,3,1
2,15,7,59,0.2,1,1,1,1,1,243.56,1,3,3,3,3,3,4,1,1,1,1
2,15,7,60,1.8,1,2,1,1,1,206.15,1,4,1,1,1,1,4,1,1,2,2
2,15,7,61,0.8,1,1,1,1,1,209.51,1,15,3,3,3,3,12,3,1,3,1
2,15,7,62,0.05,2,3,2,2,1,300.15,0,8,3,1,2,2,18,3,3,1,1
2,15,7,63,0.4,3,1,2,2,1,248.76,1,1,1,3,3,1,16,3,1,3,1
2,15,7,64,0.1,1,2,1,2,0,271.33,1,4,3,3,3,3,13,3,1,2,2
2,15,7,65,1.8,1,3,1,1,1,204.95,1,5,1,1,1,1,4,3,3,1,1
2,15,7,66,0.2,1,1,1,1,1,158.44,1,16,3,3,3,3,17,1,1,1,1
2,15,7,67,0.4,2,3,2,2,1,254.68,1,7,3,1,2,2,16,3,1,1,3
2,15,7,68,0.8,2,2,2,1,0,214.9,1,1,1,1,2,2,11,1,1,2,2
2,15,7,69,0.1,3,3,2,2,1,255.72,1,19,3,3,1,1,6,3,1,1,3
2,15,7,70,0.8,1,2,1,1,1,256.52,1,11,3,1,3,1,19,1,1,2,2
2,15,7,71,0.2,2,3,2,2,1,293.09,1,18,1,1,2,2,1,3,3,1,1
2,15,7,72,0.1,2,2,2,2,1,193.93,1,9,3,3,2,2,20,1,1,2,2
2,15,7,73,0.2,1,1,1,2,0,253.38,1,9,3,1,3,1,17,3,1,3,1
2,15,7,74,0.2,1,2,1,2,0,394.03,0,4,3,1,3,1,3,3,3,2,2
2,15,7,75,0.2,2,3,2,2,1,276.75,1,14,1,3,2,2,12,3,1,1,3
2,15,7,76,0.8,3,2,2,2,1,199.84,1,15,1,3,3,1,6,3,3,2,2
2,15,7,77,0.2,2,3,2,1,0,252.09,1,3,3,1,2,2,9,1,1,3,3
2,15,7,78,0.8,1,3,1,1,1,253.23,1,4,1,3,1,3,8,3,1,1,3
2,15,8,1,0.1,1,1,1,1,1,253.96,1,16,3,1,3,1,13,3,3,3,3
2,15,8,2,0.8,3,1,2,2,1,223.08,1,12,3,1,1,3,9,1,1,1,1
2,15,8,3,0.4,1,2,1,1,1,194.28,1,15,3,3,3,3,7,1,3,2,2
2,15,8,4,1.8,1,3,1,1,1,189.31,1,8,1,3,1,3,9,3,3,1,1
2,15,8,5,0.05,2,2,2,2,1,247.86,1,11,1,1,2,2,11,3,1,2,2
2,15,8,6,0.1,3,2,2,2,1,212.25,1,13,3,3,1,1,6,1,3,2,2
2,15,8,7,0.4,3,2,2,2,1,192.64,1,8,3,1,1,3,14,1,3,2,2
2,15,8,8,0.8,2,1,2,2,1,229.03,1,6,1,3,2,2,8,3,1,3,1
2,15,8,9,0.1,2,1,2,1,0,286.97,1,10,3,3,2,2,18,1,1,1,1
2,15,8,10,0.8,3,3,2,2,1,215.25,1,18,1,1,3,3,17,1,3,3,1
2,15,8,11,1.8,3,1,2,2,1,222.41,1,20,1,1,3,3,16,1,3,1,3
2,15,8,12,0.8,1,1,1,1,1,245.86,1,10,1,1,1,1,9,3,3,3,3
2,15,8,13,1.8,1,1,1,1,1,214.92,1,6,1,1,1,1,1,1,3,1,3
2,15,8,14,0.1,1,2,1,2,0,251.84,1,2,3,1,3,1,12,1,3,2,2
2,15,8,15,0.4,1,2,1,1,1,234.94,1,7,1,3,1,3,12,3,1,2,2
2,15,8,16,1.8,2,1,2,2,1,267.97,1,13,3,3,2,2,11,3,1,3,1
2,15,8,17,0.2,2,2,2,2,1,216.27,1,2,3,3,2,2,13,3,1,2,2
2,15,8,18,0.1,1,3,1,1,1,273.32,1,1,1,3,1,3,14,3,1,1,3
2,15,8,19,0.05,2,1,2,1,0,284.79,1,12,3,1,2,2,8,1,1,1,1
2,15,8,20,0.2,3,1,2,2,1,242.91,1,15,3,1,1,3,7,3,3,3,3
2,15,8,21,0.05,3,2,2,2,1,269.24,1,11,3,1,1,3,19,3,1,2,2
2,15,8,22,0.8,1,1,1,1,1,237.93,1,18,1,3,1,3,5,1,1,1,1
2,15,8,23,0.1,2,2,2,1,0,232.68,1,18,3,3,2,2,6,3,1,2,2
2,15,8,24,0.2,2,3,2,2,1,83.488,2,8,1,1,2,2,16,1,3,3,1
2,15,8,25,1.8,1,1,1,1,1,206.1,1,2,3,3,3,3,12,3,3,3,3
2,15,8,26,0.8,1,2,1,1,1,214.54,1,1,1,1,1,1,5,1,1,2,2
2,15,8,27,0.8,3,2,2,2,1,216.09,1,11,3,1,1,3,7,3,1,2,2
2,15,8,28,0.4,1,1,1,1,1,184.97,1,11,3,3,3,3,8,1,3,1,3
2,15,8,29,0.05,3,2,2,2,1,273.23,1,7,1,3,3,1,3,3,1,2,2
2,15,8,30,0.05,2,1,2,1,0,282.07,1,8,1,1,2,2,16,1,3,1,3
2,15,8,31,0.2,3,1,2,2,1,263.43,1,2,1,1,3,3,16,1,1,1,1
2,15,8,32,0.2,3,2,2,2,1,276.47,1,4,3,1,1,3,14,1,3,2,2
2,15,8,33,0.1,1,1,1,1,1,295.76,1,10,3,1,3,1,4,3,1,3,1
2,15,8,34,0.05,2,1,2,2,1,349.35,0,3,1,1,2,2,9,1,3,1,3
2,15,8,35,0.2,2,2,2,2,1,234.81,1,8,3,3,2,2,11,1,1,2,2
2,15,8,36,0.4,2,2,2,1,0,374.23,0,2,1,1,2,2,19,3,3,2,2
2,15,8,37,1.8,3,3,NaN,NaN,NaN,NaN,NaN,12,1,3,3,1,6,1,1,3,3
2,15,8,38,0.2,1,1,1,1,1,251.7,1,1,1,1,1,1,19,1,1,1,1
2,15,8,39,0.2,1,3,1,2,0,287.59,1,19,3,3,3,3,8,1,3,3,1
2,15,8,40,1.8,2,3,2,2,1,226.12,1,4,3,1,2,2,3,3,3,1,1
2,15,8,41,0.05,1,3,1,1,1,291.83,1,15,3,1,3,1,14,1,3,3,1
2,15,8,42,0.4,1,1,1,1,1,283.07,1,15,3,1,3,1,3,3,3,3,3
2,15,8,43,0.4,1,2,1,1,1,226.69,1,7,3,3,3,3,17,1,1,2,2
2,15,8,44,0.4,1,2,1,1,1,233.97,1,9,3,3,3,3,16,1,1,2,2
2,15,8,45,0.8,3,3,2,2,1,231.64,1,11,1,1,3,3,14,1,1,3,3
2,15,8,46,0.4,3,2,2,2,1,248.64,1,20,1,3,3,1,17,3,1,2,2
2,15,8,47,1.8,1,2,1,2,0,275.24,1,3,1,1,1,1,9,3,1,2,2
2,15,8,48,0.4,1,2,1,1,1,239.71,1,1,1,3,1,3,6,3,3,2,2
2,15,8,49,0.2,1,3,1,1,1,221.06,1,13,3,3,3,3,15,3,1,1,3
2,15,8,50,0.05,3,1,2,2,1,358.46,0,20,1,3,3,1,17,3,1,3,1
2,15,8,51,0.05,2,1,2,2,1,334.84,0,18,3,3,2,2,1,3,3,3,3
2,15,8,52,1.8,3,1,NaN,NaN,NaN,NaN,NaN,15,1,1,3,3,18,1,3,1,3
2,15,8,53,1.8,3,3,2,2,1,221.38,1,17,3,1,1,3,1,1,1,3,3
2,15,8,54,0.1,1,3,1,1,1,247.02,1,9,1,3,1,3,1,1,1,3,3
2,15,8,55,0.8,2,2,2,2,1,230.69,1,13,1,1,2,2,5,3,1,2,2
2,15,8,56,0.05,1,1,1,1,1,293.55,1,17,3,1,3,1,4,1,3,1,3
2,15,8,57,0.1,2,3,2,2,1,239.56,1,9,1,1,2,2,3,1,1,3,3
2,15,8,58,0.2,3,1,2,2,1,277.4,1,6,1,1,3,3,7,3,1,3,1
2,15,8,59,0.1,1,3,1,2,0,228.62,1,6,1,1,1,1,20,3,3,1,1
2,15,8,60,0.1,1,3,1,1,1,243.35,1,5,3,1,3,1,2,3,1,1,3
2,15,8,61,0.1,1,1,1,1,1,203.24,1,6,1,1,1,1,19,1,3,1,3
2,15,8,62,0.05,1,1,1,1,1,294.24,1,11,3,3,3,3,4,1,1,1,1
2,15,8,63,0.4,1,1,1,1,1,229.86,1,12,1,3,1,3,6,1,1,1,1
2,15,8,64,0.2,3,1,2,2,1,179.83,1,20,3,1,1,3,4,1,3,1,3
2,15,8,65,1.8,3,2,2,2,1,232.29,1,4,1,1,3,3,2,1,1,2,2
2,15,8,66,0.05,2,1,2,2,1,307.78,0,3,3,1,2,2,9,3,3,3,3
2,15,8,67,0.05,1,1,1,1,1,313.15,0,9,3,1,3,1,5,3,1,3,1
2,15,8,68,1.8,1,1,1,1,1,195.23,1,10,3,3,3,3,11,1,1,1,1
2,15,8,69,0.8,3,2,2,2,1,204.73,1,14,1,3,3,1,11,3,3,2,2
2,15,8,70,0.1,1,3,1,1,1,284.1,1,10,1,3,1,3,2,3,3,1,1
2,15,8,71,1.8,1,3,1,1,1,255.15,1,16,3,3,3,3,4,1,3,3,1
2,15,8,72,0.2,1,1,1,1,1,223.01,1,10,3,3,3,3,20,1,3,1,3
2,15,8,73,0.4,3,1,2,2,1,263.68,1,4,1,3,3,1,19,1,3,1,3
2,15,8,74,0.8,1,1,1,1,1,250.09,1,20,1,3,1,3,4,1,3,1,3
2,15,8,75,0.2,3,1,2,2,1,263.48,1,15,1,3,3,1,5,1,1,1,1
2,15,8,76,0.8,1,2,1,1,1,207.15,1,18,1,1,1,1,20,1,3,2,2
2,15,8,77,0.8,2,3,2,2,1,225.68,1,19,1,3,2,2,6,3,3,1,1
2,15,8,78,0.4,1,2,1,1,1,307.91,0,3,3,1,3,1,14,3,1,2,2
2,15,9,1,0.05,1,1,1,1,1,247.02,1,2,1,1,1,1,18,3,3,3,3
2,15,9,2,1.8,1,2,1,1,1,216.83,1,9,3,1,3,1,13,1,1,2,2
2,15,9,3,1.8,1,2,1,1,1,234.66,1,15,1,3,1,3,17,3,3,2,2
2,15,9,4,0.05,1,1,1,1,1,272.96,1,9,1,3,1,3,6,1,3,1,3
2,15,9,5,0.4,2,3,2,2,1,232.3,1,9,3,3,2,2,11,1,3,3,1
2,15,9,6,0.8,1,1,1,1,1,238.9,1,9,3,3,3,3,20,3,1,3,1
2,15,9,7,1.8,3,3,2,2,1,214.56,1,6,3,3,1,1,11,3,3,1,1
2,15,9,8,1.8,2,3,2,2,1,234.87,1,1,1,3,2,2,3,3,1,1,3
2,15,9,9,0.4,1,3,1,1,1,261.41,1,18,3,1,3,1,20,3,3,1,1
2,15,9,10,0.4,3,3,2,2,1,277.59,1,18,1,1,3,3,20,1,3,3,1
2,15,9,11,0.1,2,3,2,2,1,278.68,1,4,1,3,2,2,16,3,3,1,1
2,15,9,12,1.8,2,3,2,2,1,221.21,1,8,1,1,2,2,2,3,3,1,1
2,15,9,13,0.1,1,1,1,1,1,278.54,1,2,3,1,3,1,2,1,3,1,3
2,15,9,14,0.8,1,1,1,1,1,252.79,1,17,1,3,1,3,11,1,1,1,1
2,15,9,15,0.8,1,1,1,1,1,207.83,1,5,3,1,3,1,4,1,3,1,3
2,15,9,16,0.4,2,2,2,1,0,282.68,1,15,3,1,2,2,12,3,1,2,2
2,15,9,17,0.8,3,1,2,2,1,200.65,1,17,3,1,1,3,6,1,3,1,3
2,15,9,18,0.1,2,3,2,2,1,298.37,1,12,3,1,2,2,6,1,3,3,1
2,15,9,19,0.2,2,2,2,1,0,281.37,1,3,1,3,2,2,12,3,3,2,2
2,15,9,20,0.2,3,1,2,2,1,236.06,1,15,3,1,1,3,18,1,1,1,1
2,15,9,21,0.1,1,3,1,1,1,299.18,1,16,1,1,1,1,1,1,1,3,3
2,15,9,22,0.4,3,1,2,2,1,244.66,1,5,3,1,1,3,2,3,1,3,1
2,15,9,23,0.05,1,1,1,2,0,340.97,0,20,3,3,3,3,12,3,3,3,3
2,15,9,24,0.4,1,2,1,1,1,222.41,1,6,1,3,1,3,3,1,3,2,2
2,15,9,25,0.8,1,3,1,1,1,220.91,1,3,3,3,3,3,7,1,3,3,1
2,15,9,26,0.8,2,3,2,2,1,243.1,1,20,3,1,2,2,1,1,1,3,3
2,15,9,27,0.2,1,1,1,2,0,268.73,1,11,1,3,1,3,17,1,1,1,1
2,15,9,28,0.2,1,3,1,1,1,292.79,1,17,3,1,3,1,11,1,1,3,3
2,15,9,29,0.2,3,2,2,2,1,253.84,1,13,3,1,1,3,6,1,1,2,2
2,15,9,30,0.1,2,2,2,2,1,277.81,1,9,3,3,2,2,6,1,3,2,2
2,15,9,31,0.1,2,1,2,2,1,272.41,1,15,1,3,2,2,19,3,3,3,3
2,15,9,32,1.8,3,2,2,2,1,310.82,0,8,1,3,3,1,2,1,1,2,2
2,15,9,33,1.8,3,1,2,2,1,78.53,2,12,3,3,1,1,16,3,3,3,3
2,15,9,34,0.8,3,3,2,2,1,225.36,1,5,3,1,1,3,3,1,1,3,3
2,15,9,35,0.8,1,2,1,1,1,199.14,1,19,3,1,3,1,9,3,1,2,2
2,15,9,36,0.4,3,1,2,2,1,201.77,1,2,1,3,3,1,2,3,3,3,3
2,15,9,37,0.2,2,3,2,1,0,231.76,1,1,3,3,2,2,2,3,3,1,1
2,15,9,38,0.8,1,1,1,1,1,225.05,1,12,1,3,1,3,13,3,1,3,1
2,15,9,39,0.8,1,3,1,1,1,221.6,1,16,1,3,1,3,13,1,1,3,3
2,15,9,40,1.8,1,1,1,1,1,185.42,1,19,1,1,1,1,5,3,1,3,1
2,15,9,41,0.05,2,2,2,2,1,317.07,0,20,1,3,2,2,16,1,3,2,2
2,15,9,42,0.05,2,3,2,2,1,255.5,1,16,3,1,2,2,3,3,1,1,3
2,15,9,43,1.8,3,1,2,2,1,188.94,1,5,1,3,3,1,11,3,3,3,3
2,15,9,44,1.8,3,2,2,2,1,185.41,1,14,3,3,1,1,19,3,1,2,2
2,15,9,45,0.1,3,2,2,2,1,274.74,1,20,3,1,1,3,20,1,1,2,2
2,15,9,46,0.05,2,2,2,2,1,272.43,1,2,3,3,2,2,6,3,3,2,2
2,15,9,47,0.8,1,1,1,1,1,260.3,1,19,1,1,1,1,1,3,3,3,3
2,15,9,48,0.05,1,2,1,2,0,313.01,0,2,1,1,1,1,11,1,3,2,2
2,15,9,49,0.1,1,2,1,1,1,243.31,1,8,1,1,1,1,10,1,3,2,2
2,15,9,50,0.1,1,2,1,1,1,263.89,1,13,3,1,3,1,2,1,3,2,2
2,15,9,51,0.2,3,2,2,2,1,257.07,1,20,3,3,1,1,8,3,1,2,2
2,15,9,52,0.4,1,2,1,1,1,249.39,1,19,1,1,1,1,12,3,1,2,2
2,15,9,53,0.05,2,3,2,2,1,373.55,0,10,3,3,2,2,1,1,1,3,3
2,15,9,54,0.1,2,2,2,2,1,275.66,1,1,1,3,2,2,8,3,1,2,2
2,15,9,55,0.4,2,3,2,2,1,283.94,1,14,1,1,2,2,1,3,3,1,1
2,15,9,56,0.05,2,2,2,2,1,260.24,1,5,1,1,2,2,5,3,3,2,2
2,15,9,57,0.2,1,2,1,1,1,251.16,1,16,1,1,1,1,11,1,1,2,2
2,15,9,58,0.05,3,1,2,2,1,268.09,1,17,1,3,3,1,7,3,3,3,3
2,15,9,59,0.2,3,2,2,2,1,264.41,1,16,1,1,3,3,5,1,3,2,2
2,15,9,60,0.1,3,3,2,2,1,271.33,1,7,3,1,1,3,17,1,1,3,3
2,15,9,61,0.4,3,1,NaN,NaN,NaN,NaN,NaN,8,1,3,3,1,13,3,1,3,1
2,15,9,62,0.2,1,1,1,2,0,237.07,1,1,1,3,1,3,8,1,1,1,1
2,15,9,63,1.8,3,3,2,2,1,200.4,1,6,1,3,3,1,4,3,1,1,3
2,15,9,64,0.1,1,2,1,1,1,212.97,1,1,1,1,1,1,7,3,3,2,2
2,15,9,65,0.05,1,2,1,2,0,354.97,0,15,1,3,1,3,8,1,3,2,2
2,15,9,66,0.2,3,3,2,2,1,317.97,0,16,3,3,1,1,6,1,1,3,3
2,15,9,67,0.2,2,3,2,1,0,256.66,1,8,3,1,2,2,4,3,1,1,3
2,15,9,68,1.8,3,3,2,2,1,204.36,1,17,1,1,3,3,16,1,1,3,3
2,15,9,69,0.05,3,3,2,2,1,289.93,1,9,3,1,1,3,9,3,3,1,1
2,15,9,70,0.8,2,3,2,2,1,268.82,1,15,1,1,2,2,13,3,1,1,3
2,15,9,71,0.05,2,3,2,2,1,339.97,0,18,3,1,2,2,15,3,1,1,3
2,15,9,72,0.4,1,2,1,1,1,231.65,1,19,3,3,3,3,3,3,3,2,2
2,15,9,73,0.2,1,3,1,1,1,290.45,1,12,3,3,3,3,6,1,1,3,3
2,15,9,74,0.4,1,2,1,1,1,215.58,1,2,3,1,3,1,8,3,3,2,2
2,15,9,75,0.8,3,3,2,2,1,206.67,1,19,3,1,1,3,12,1,1,3,3
2,15,9,76,0.1,3,1,2,2,1,208.79,1,3,3,1,1,3,4,1,3,1,3
2,15,9,77,0.4,2,3,2,2,1,261.31,1,15,3,1,2,2,13,1,1,3,3
2,15,9,78,1.8,1,3,1,1,1,153.45,1,12,1,1,1,1,6,3,1,1,3
2,15,10,1,1.8,3,3,2,2,1,218.02,1,2,1,3,3,1,5,1,1,3,3
2,15,10,2,1.8,1,3,1,1,1,231.26,1,7,3,1,3,1,19,3,3,1,1
2,15,10,3,1.8,1,1,1,1,1,237.5,1,18,1,3,1,3,2,1,3,1,3
2,15,10,4,0.4,1,3,1,1,1,216.36,1,14,3,1,3,1,3,3,1,1,3
2,15,10,5,0.2,2,3,2,2,1,291.25,1,17,1,1,2,2,20,1,3,3,1
2,15,10,6,0.2,1,3,1,2,0,302.24,0,5,1,1,1,1,14,1,1,3,3
2,15,10,7,1.8,2,1,NaN,NaN,NaN,NaN,NaN,11,1,3,2,2,19,1,1,1,1
2,15,10,8,0.2,2,1,2,2,1,281.74,1,9,3,1,2,2,10,1,1,1,1
2,15,10,9,1.8,2,3,2,2,1,246.2,1,8,3,1,2,2,10,3,1,1,3
2,15,10,10,0.1,3,3,2,2,1,320.61,0,15,3,3,1,1,14,3,1,1,3
2,15,10,11,0.1,1,3,1,1,1,303.47,0,18,3,1,3,1,18,3,1,1,3
2,15,10,12,0.8,2,1,2,2,1,248.41,1,5,1,1,2,2,14,3,3,3,3
2,15,10,13,0.05,1,3,1,1,1,292.98,1,15,3,1,3,1,19,1,1,3,3
2,15,10,14,0.1,3,1,2,2,1,237.23,1,8,3,3,1,1,7,1,1,1,1
2,15,10,15,0.2,2,2,2,2,1,218.75,1,6,3,3,2,2,8,1,1,2,2
2,15,10,16,0.8,1,3,1,1,1,245.51,1,16,3,1,3,1,11,1,1,3,3
2,15,10,17,0.05,1,2,1,1,1,311.51,0,11,1,3,1,3,17,3,1,2,2
2,15,10,18,0.8,3,2,2,2,1,212.18,1,20,3,1,1,3,11,3,3,2,2
2,15,10,19,0.1,2,3,2,2,1,294.29,1,19,3,3,2,2,11,3,1,1,3
2,15,10,20,1.8,3,2,2,2,1,232.05,1,13,3,3,1,1,4,3,3,2,2
2,15,10,21,1.8,1,1,1,1,1,210.53,1,4,1,3,1,3,2,3,3,3,3
2,15,10,22,0.1,1,3,1,1,1,302.73,0,13,1,1,1,1,12,1,3,3,1
2,15,10,23,0.2,3,3,2,2,1,273.07,1,15,3,1,1,3,17,1,1,3,3
2,15,10,24,1.8,3,3,2,2,1,281.12,1,8,3,3,1,1,18,1,3,3,1
2,15,10,25,0.05,1,3,1,1,1,295.54,1,8,1,1,1,1,7,1,1,3,3
2,15,10,26,0.05,2,1,2,2,1,304.78,0,12,1,1,2,2,14,1,1,1,1
2,15,10,27,0.1,3,3,2,2,1,303.43,0,17,1,1,3,3,4,3,3,1,1
2,15,10,28,0.4,1,3,1,1,1,220.1,1,2,3,1,3,1,9,1,3,3,1
2,15,10,29,0.8,1,1,1,1,1,264.48,1,12,3,1,3,1,13,3,1,3,1
2,15,10,30,1.8,2,2,2,2,1,216.99,1,19,3,1,2,2,13,1,1,2,2
2,15,10,31,0.2,1,3,1,1,1,274.74,1,5,1,3,1,3,2,3,1,1,3
2,15,10,32,0.05,2,2,2,2,1,378.68,0,19,3,3,2,2,12,3,3,2,2
2,15,10,33,0.8,3,3,2,2,1,246.32,1,14,3,3,1,1,19,3,1,1,3
2,15,10,34,0.05,1,2,1,1,1,292.18,1,15,1,1,1,1,7,1,1,2,2
2,15,10,35,0.2,1,3,1,1,1,251.03,1,5,3,1,3,1,1,1,1,3,3
2,15,10,36,0.4,2,2,2,2,1,297.32,1,6,3,1,2,2,17,1,3,2,2
2,15,10,37,0.8,1,1,1,1,1,215.36,1,9,3,3,3,3,3,3,1,3,1
2,15,10,38,0.8,1,2,1,2,0,227.77,1,2,1,3,1,3,17,1,1,2,2
2,15,10,39,0.4,2,1,2,1,0,252.11,1,12,1,3,2,2,6,3,1,3,1
2,15,10,40,0.2,1,3,1,1,1,250.44,1,20,3,3,3,3,10,1,3,3,1
2,15,10,41,0.1,1,1,1,2,0,312.27,0,19,3,3,3,3,14,1,3,1,3
2,15,10,42,0.05,2,2,2,2,1,263.32,1,8,3,3,2,2,4,1,3,2,2
2,15,10,43,0.1,1,2,1,1,1,261.09,1,3,3,3,3,3,18,3,1,2,2
2,15,10,44,0.05,3,2,2,2,1,206.18,1,19,1,1,3,3,17,3,1,2,2
2,15,10,45,0.2,2,1,2,2,1,304.8,0,6,3,3,2,2,18,3,3,3,3
2,15,10,46,0.8,1,2,1,1,1,310.26,0,19,3,3,3,3,2,1,1,2,2
2,15,10,47,0.4,3,3,NaN,NaN,NaN,NaN,NaN,17,1,3,3,1,3,3,1,1,3
2,15,10,48,0.2,1,2,1,1,1,210.41,1,19,1,1,1,1,9,1,3,2,2
2,15,10,49,0.05,1,1,1,1,1,327.36,0,3,3,1,3,1,20,3,1,3,1
2,15,10,50,0.4,2,2,2,2,1,241.49,1,7,1,1,2,2,19,1,3,2,2
2,15,10,51,1.8,3,2,2,2,1,216.32,1,10,3,3,1,1,19,1,1,2,2
2,15,10,52,0.1,1,2,1,1,1,258.8,1,11,3,1,3,1,4,3,1,2,2
2,15,10,53,0.1,1,3,1,1,1,245.15,1,8,3,3,3,3,10,3,1,1,3
2,15,10,54,0.4,2,3,2,2,1,255.16,1,2,1,1,2,2,11,3,1,1,3
2,15,10,55,1.8,3,3,2,2,1,195.01,1,8,3,1,1,3,11,3,3,1,1
2,15,10,56,0.4,2,2,2,2,1,306.84,0,10,3,3,2,2,20,1,3,2,2
2,15,10,57,0.1,1,1,1,1,1,298.39,1,20,3,1,3,1,3,3,1,3,1
2,15,10,58,0.4,1,2,1,1,1,233.91,1,3,3,1,3,1,11,1,1,2,2
2,15,10,59,0.2,3,1,2,2,1,299.31,1,16,1,1,3,3,14,1,1,1,1
2,15,10,60,0.05,2,2,2,1,0,279.69,1,11,3,1,2,2,3,3,1,2,2
2,15,10,61,0.1,1,2,1,1,1,230.7,1,7,1,3,1,3,1,1,3,2,2
2,15,10,62,0.2,1,3,1,1,1,249.58,1,4,3,1,3,1,16,3,3,1,1
2,15,10,63,0.05,1,1,1,1,1,282.05,1,19,1,3,1,3,7,3,1,3,1
2,15,10,64,0.8,3,2,NaN,NaN,NaN,NaN,NaN,12,1,1,3,3,16,1,3,2,2
2,15,10,65,0.4,3,2,2,2,1,202.59,1,1,3,1,1,3,17,1,1,2,2
2,15,10,66,0.4,2,3,2,2,1,269.45,1,13,1,3,2,2,6,1,1,3,3
2,15,10,67,0.8,3,3,2,2,1,236.95,1,6,3,3,1,1,2,1,1,3,3
2,15,10,68,0.8,2,3,2,2,1,227.75,1,8,1,1,2,2,16,1,3,3,1
2,15,10,69,0.4,1,1,1,1,1,219.3,1,10,1,3,1,3,18,3,3,3,3
2,15,10,70,0.05,2,3,2,2,1,353.4,0,5,3,3,2,2,3,3,1,1,3
2,15,10,71,0.05,3,2,2,2,1,269.75,1,1,1,1,3,3,5,1,1,2,2
2,15,10,72,0.4,3,3,2,2,1,203.35,1,9,3,1,1,3,2,3,3,1,1
2,15,10,73,0.8,1,3,1,2,0,200.56,1,17,3,1,3,1,11,3,3,1,1
2,15,10,74,0.8,3,3,2,2,1,265.48,1,4,1,1,3,3,15,3,1,1,3
2,15,10,75,0.1,1,2,1,1,1,247.19,1,3,3,3,3,3,9,3,3,2,2
2,15,10,76,1.8,1,1,1,1,1,199.54,1,12,1,3,1,3,9,1,3,1,3
2,15,10,77,1.8,3,3,2,2,1,206.01,1,18,3,1,1,3,9,1,1,3,3
2,15,10,78,0.2,1,3,1,1,1,241.69,1,4,3,3,3,3,16,3,1,1,3
