3,5,1,1,0.2,3,2,2,2,1,227.83,1,10,3,1,1,3,9,1,3,2,2
3,5,1,2,0.2,1,1,1,1,1,219.81,1,10,1,3,1,3,10,3,1,3,1
3,5,1,3,0.1,3,3,2,2,1,307.24,0,14,3,3,1,1,10,3,3,1,1
3,5,1,4,0.1,1,1,1,1,1,285.54,1,10,1,1,1,1,8,3,1,3,1
3,5,1,5,0.1,2,1,2,1,0,248.84,1,1,1,3,2,2,5,1,1,1,1
3,5,1,6,1.8,1,3,1,1,1,266.52,1,7,1,3,1,3,18,1,1,3,3
3,5,1,7,0.05,3,1,2,2,1,275.71,1,18,3,1,1,3,16,3,1,3,1
3,5,1,8,0.8,3,2,2,2,1,223.25,1,13,3,3,1,1,1,3,3,2,2
3,5,1,9,1.8,3,1,2,2,1,235.39,1,20,1,1,3,3,9,1,1,1,1
3,5,1,10,0.8,3,1,2,2,1,227.81,1,1,1,3,3,1,4,3,3,3,3
3,5,1,11,0.05,1,1,1,1,1,273.21,1,7,1,3,1,3,11,1,1,1,1
3,5,1,12,0.8,1,3,1,1,1,228.04,1,5,1,1,1,1,14,1,3,3,1
3,5,1,13,1.8,3,2,NaN,NaN,NaN,NaN,NaN,8,3,3,1,1,15,3,3,2,2
3,5,1,14,0.05,1,1,1,1,1,298.06,1,15,1,1,1,1,11,1,3,1,3
3,5,1,15,0.2,2,1,2,2,1,271.79,1,2,3,3,2,2,18,1,3,1,3
3,5,1,16,0.8,3,1,2,2,1,210.3,1,10,3,3,1,1,9,3,1,3,1
3,5,1,17,0.1,3,3,2,2,1,631.27,0,10,1,3,3,1,1,3,1,1,3
3,5,1,18,0.8,1,1,1,1,1,301.06,0,9,1,1,1,1,14,3,3,3,3
3,5,1,19,0.05,1,2,1,1,1,284.45,1,16,1,3,1,3,7,1,1,2,2
3,5,1,20,1.8,3,1,2,2,1,258.44,1,5,1,3,3,1,7,3,1,3,1
3,5,1,21,0.4,2,3,2,2,1,257.52,1,13,3,1,2,2,14,1,1,3,3
3,5,1,22,0.4,1,2,1,1,1,288.72,1,2,1,1,1,1,1,1,1,2,2
3,5,1,23,0.2,1,2,1,1,1,266.43,1,2,1,3,1,3,6,1,3,2,2
3,5,1,24,0.1,3,2,2,2,1,242.89,1,7,3,3,1,1,3,1,1,2,2
3,5,1,25,0.05,1,2,1,1,1,265.1,1,9,3,3,3,3,4,1,3,2,2
3,5,1,26,0.4,1,1,1,1,1,234.4,1,5,1,3,1,3,12,3,1,3,1
3,5,1,27,0.05,2,3,2,2,1,252.75,1,2,1,3,2,2,13,3,1,1,3
3,5,1,28,0.05,3,3,2,2,1,271.13,1,14,1,3,3,1,8,1,1,3,3
3,5,1,29,0.1,2,1,2,2,1,237.29,1,15,3,1,2,2,8,3,3,3,3
3,5,1,30,0.8,3,1,2,2,1,224.11,1,18,1,3,3,1,9,3,1,3,1
3,5,1,31,0.4,1,2,1,1,1,240.05,1,18,3,1,3,1,10,3,3,2,2
3,5,1,32,0.8,1,3,1,1,1,236.85,1,17,3,3,3,3,9,3,1,1,3
3,5,1,33,0.2,3,2,2,2,1,213.58,1,15,3,1,1,3,17,3,1,2,2
3,5,1,34,0.4,3,2,2,2,1,280.61,1,20,3,1,1,3,18,3,1,2,2
3,5,1,35,0.2,1,3,1,1,1,217.48,1,10,1,3,1,3,16,3,1,1,3
3,5,1,36,0.05,2,1,2,2,1,273.61,1,17,3,3,2,2,12,3,3,3,3
3,5,1,37,0.8,1,1,1,1,1,235.5,1,19,1,1,1,1,8,3,3,3,3
3,5,1,38,0.05,2,3,2,2,1,323.21,0,13,1,1,2,2,7,1,1,3,3
3,5,1,39,0.8,2,2,2,2,1,219.2,1,18,3,3,2,2,3,1,1,2,2
3,5,1,40,0.8,1,1,1,1,1,238.72,1,13,3,3,3,3,6,3,3,3,3
3,5,1,41,0.4,1,2,1,1,1,229.97,1,3,1,1,1,1,5,3,3,2,2
3,5,1,42,0.2,3,2,2,2,1,293.3,1,11,1,1,3,3,18,1,3,2,2
3,5,1,43,0.4,1,1,1,1,1,224.4,1,10,3,3,3,3,16,1,1,1,1
3,5,1,44,0.1,1,2,1,1,1,262.1,1,10,3,1,3,1,3,3,1,2,2
3,5,1,45,0.1,1,1,1,1,1,238.93,1,18,3,3,3,3,18,3,3,3,3
3,5,1,46,0.2,2,2,2,2,1,326.18,0,2,3,1,2,2,11,3,1,2,2
3,5,1,47,0.4,3,3,2,2,1,252.29,1,18,1,3,3,1,2,3,1,1,3
3,5,1,48,0.05,3,3,2,2,1,325.39,0,2,1,1,3,3,9,1,1,3,3
3,5,1,49,1.8,3,1,2,2,1,205.23,1,15,1,3,3,1,8,1,1,1,1
3,5,1,50,0.8,3,3,2,2,1,272.7,1,9,1,1,3,3,15,3,3,1,1
3,5,1,51,0.8,1,3,1,1,1,259.87,1,17,1,3,1,3,13,3,1,1,3
3,5,1,52,0.2,1,1,1,1,1,212.47,1,5,3,3,3,3,2,3,3,3,3
3,5,1,53,0.05,3,3,2,2,1,321.61,0,16,1,3,3,1,14,3,1,1,3
3,5,1,54,1.8,1,3,1,1,1,249.63,1,2,3,3,3,3,5,1,1,3,3
3,5,1,55,1.8,3,2,2,2,1,239.44,1,2,1,3,3,1,13,1,3,2,2
3,5,1,56,1.8,1,2,1,1,1,277.2,1,4,3,1,3,1,6,3,3,2,2
3,5,1,57,1.8,1,3,1,1,1,292.88,1,17,3,1,3,1,1,1,1,3,3
3,5,1,58,0.2,2,1,2,2,1,337.29,0,20,1,1,2,2,19,1,1,1,1
3,5,1,59,0.05,1,3,1,1,1,361.71,0,14,1,3,1,3,12,3,1,1,3
3,5,1,60,1.8,3,1,2,2,1,227.31,1,10,3,3,1,1,2,1,1,1,1
3,5,1,61,0.1,3,3,2,2,1,274.04,1,5,1,3,3,1,1,3,3,1,1
3,5,1,62,0.1,2,3,2,2,1,295.32,1,19,3,1,2,2,6,1,3,3,1
3,5,1,63,1.8,1,2,1,1,1,234.33,1,3,1,1,1,1,4,1,3,2,2
3,5,1,64,0.2,1,2,1,1,1,224.56,1,5,1,3,1,3,15,1,1,2,2
3,5,1,65,0.4,1,2,1,1,1,254.66,1,12,3,3,3,3,8,1,3,2,2
3,5,1,66,0.1,3,2,2,1,0,283.01,1,20,3,1,1,3,16,3,3,2,2
3,5,1,67,0.4,1,3,1,1,1,280.36,1,4,3,3,3,3,15,3,3,1,1
3,5,1,68,0.4,1,2,1,1,1,247.15,1,19,1,3,1,3,6,3,1,2,2
3,5,1,69,0.4,3,3,2,2,1,154.83,1,3,3,1,1,3,9,1,1,3,3
3,5,1,70,1.8,1,1,NaN,NaN,NaN,NaN,NaN,18,3,1,3,1,12,3,3,3,3
3,5,1,71,0.2,3,2,2,2,1,247.79,1,16,3,3,1,1,10,1,3,2,2
3,5,1,72,0.2,3,3,2,2,1,384.47,0,16,3,3,1,1,19,1,3,3,1
3,5,1,73,0.8,1,3,1,1,1,256.45,1,12,3,3,3,3,4,3,3,1,1
3,5,1,74,0.1,3,3,2,2,1,352.31,0,7,1,1,3,3,11,1,3,3,1
3,5,1,75,0.4,1,3,1,1,1,266.93,1,19,1,1,1,1,8,1,3,3,1
3,5,1,76,1.8,1,1,1,1,1,286.83,1,19,1,3,1,3,15,3,1,3,1
3,5,1,77,0.05,2,3,2,2,1,286.77,1,8,1,3,2,2,8,3,3,1,1
3,5,1,78,0.1,1,3,1,1,1,239.5,1,3,1,3,1,3,12,1,1,3,3
3,5,2,1,0.4,1,3,1,1,1,255.87,1,10,3,1,3,1,5,1,1,3,3
3,5,2,2,0.05,1,2,1,1,1,329.4,0,12,1,1,1,1,15,3,3,2,2
3,5,2,3,0.8,1,1,1,1,1,228.46,1,19,1,3,1,3,13,3,1,3,1
3,5,2,4,1.8,1,3,1,1,1,229.4,1,13,1,3,1,3,11,1,1,3,3
3,5,2,5,0.05,1,2,1,1,1,257.61,1,1,1,3,1,3,5,3,3,2,2
3,5,2,6,0.1,2,1,2,2,1,231.08,1,11,1,3,2,2,10,1,3,1,3
3,5,2,7,0.4,1,3,1,1,1,216.46,1,19,3,3,3,3,3,1,3,3,1
3,5,2,8,1.8,1,3,NaN,NaN,NaN,NaN,NaN,4,1,3,1,3,4,1,1,3,3
3,5,2,9,0.05,1,2,1,1,1,239.44,1,12,1,1,1,1,20,3,3,2,2
3,5,2,10,1.8,1,3,NaN,NaN,NaN,NaN,NaN,12,3,1,3,1,5,3,1,1,3
3,5,2,11,0.4,1,2,1,1,1,267.18,1,2,3,3,3,3,4,1,1,2,2
3,5,2,12,0.05,2,3,2,1,0,288.59,1,5,3,1,2,2,18,1,1,3,3
3,5,2,13,0.4,1,3,1,1,1,296.23,1,8,3,3,3,3,1,1,1,3,3
3,5,2,14,0.1,1,2,1,1,1,246.07,1,11,3,3,3,3,9,1,1,2,2
3,5,2,15,0.1,1,2,1,1,1,222.19,1,9,1,1,1,1,17,1,1,2,2
3,5,2,16,0.8,3,3,2,2,1,260.44,1,13,1,3,3,1,7,3,1,1,3
3,5,2,17,0.2,1,3,1,1,1,263.58,1,11,1,1,1,1,17,3,3,1,1
3,5,2,18,1.8,2,1,2,2,1,197.89,1,9,3,3,2,2,1,3,1,3,1
3,5,2,19,0.8,3,3,NaN,NaN,NaN,NaN,NaN,1,1,3,3,1,14,3,1,1,3
3,5,2,20,1.8,1,2,1,1,1,240.25,1,4,3,3,3,3,20,1,3,2,2
3,5,2,21,0.05,1,3,1,1,1,281.08,1,15,1,3,1,3,17,3,3,1,1
3,5,2,22,0.2,1,1,1,1,1,210.66,1,3,3,3,3,3,17,3,1,3,1
3,5,2,23,0.1,1,1,1,1,1,232.98,1,4,3,3,3,3,18,1,1,1,1
3,5,2,24,1.8,2,1,2,1,0,244.04,1,4,1,1,2,2,5,1,1,1,1
3,5,2,25,0.4,3,2,2,2,1,291.23,1,7,1,3,3,1,3,1,3,2,2
3,5,2,26,0.4,2,2,2,2,1,358.59,0,6,1,3,2,2,11,1,1,2,2
3,5,2,27,1.8,2,2,2,2,1,214.92,1,6,1,1,2,2,2,1,3,2,2
3,5,2,28,1.8,1,3,1,1,1,205.24,1,3,3,1,3,1,4,1,1,3,3
3,5,2,29,0.2,1,3,1,1,1,255.49,1,6,3,3,3,3,3,1,1,3,3
3,5,2,30,0.1,3,3,2,2,1,277.87,1,13,1,1,3,3,8,3,3,1,1
3,5,2,31,0.1,3,1,2,2,1,222.94,1,19,3,1,1,3,18,3,1,3,1
3,5,2,32,0.8,1,1,1,1,1,314.81,0,7,3,1,3,1,16,3,3,3,3
3,5,2,33,0.1,3,3,2,2,1,259.27,1,6,3,1,1,3,9,3,3,1,1
3,5,2,34,0.4,3,1,2,2,1,252.79,1,9,1,3,3,1,16,3,3,3,3
3,5,2,35,0.05,2,2,2,2,1,251.67,1,14,3,3,2,2,6,1,1,2,2
3,5,2,36,0.1,2,1,2,1,0,301.54,0,14,3,3,2,2,20,3,3,3,3
3,5,2,37,0.05,1,2,1,1,1,262.33,1,7,3,3,3,3,5,3,1,2,2
3,5,2,38,0.05,1,1,1,1,1,313.63,0,14,3,1,3,1,17,3,3,3,3
3,5,2,39,0.05,1,3,1,1,1,260.31,1,9,3,1,3,1,20,1,3,3,1
3,5,2,40,0.4,1,1,1,1,1,233.41,1,18,1,3,1,3,3,1,3,1,3
3,5,2,41,0.4,3,2,2,2,1,261.04,1,3,1,3,3,1,20,3,3,2,2
3,5,2,42,0.8,1,3,NaN,NaN,NaN,NaN,NaN,5,1,3,1,3,15,3,3,1,1
3,5,2,43,0.2,3,2,2,2,1,291.07,1,18,3,3,1,1,6,1,3,2,2
3,5,2,44,0.2,1,3,1,1,1,247.82,1,7,1,1,1,1,17,1,3,3,1
3,5,2,45,0.8,1,2,1,1,1,218.39,1,3,3,1,3,1,19,1,1,2,2
3,5,2,46,0.05,1,1,1,1,1,292.83,1,14,3,1,3,1,9,3,1,3,1
3,5,2,47,0.4,3,2,2,2,1,266.16,1,4,3,3,1,1,2,3,1,2,2
3,5,2,48,0.4,3,2,2,2,1,294.46,1,6,1,1,3,3,8,1,1,2,2
3,5,2,49,0.2,1,2,1,1,1,242.98,1,19,1,1,1,1,2,3,1,2,2
3,5,2,50,1.8,1,2,1,1,1,257.19,1,6,3,3,3,3,4,1,3,2,2
3,5,2,51,0.05,3,3,2,2,1,301.48,0,9,1,3,3,1,14,1,3,3,1
3,5,2,52,0.1,1,2,1,1,1,219.48,1,14,1,3,1,3,9,1,3,2,2
3,5,2,53,0.8,2,1,2,2,1,250.3,1,7,1,1,2,2,1,3,3,3,3
3,5,2,54,0.05,3,2,2,2,1,308.91,0,16,1,3,3,1,12,3,1,2,2
3,5,2,55,0.8,2,2,2,1,0,221.22,1,7,3,3,2,2,12,3,3,2,2
3,5,2,56,0.2,2,2,2,2,1,236.46,1,17,3,3,2,2,2,1,3,2,2
3,5,2,57,0.8,2,2,2,2,1,210.35,1,17,3,3,2,2,12,3,3,2,2
3,5,2,58,0.2,1,1,1,1,1,243.15,1,14,3,3,3,3,20,3,3,3,3
3,5,2,59,0.05,1,3,1,1,1,255.84,1,10,1,1,1,1,18,3,1,1,3
3,5,2,60,0.2,1,1,1,1,1,247.73,1,2,1,1,1,1,1,1,3,1,3
3,5,2,61,0.2,1,3,1,1,1,274.08,1,8,3,3,3,3,4,3,3,1,1
3,5,2,62,0.8,1,2,1,1,1,238.06,1,20,3,1,3,1,13,3,1,2,2
3,5,2,63,0.2,3,1,2,2,1,324.99,0,11,3,1,1,3,14,3,1,3,1
3,5,2,64,0.4,2,1,2,1,0,319.56,0,1,1,1,2,2,5,1,3,1,3
3,5,2,65,1.8,3,1,2,1,0,219.48,1,2,3,1,1,3,9,3,1,3,1
3,5,2,66,0.2,2,3,2,2,1,303.13,0,12,3,3,2,2,4,3,1,1,3
3,5,2,67,0.8,1,3,NaN,NaN,NaN,NaN,NaN,14,3,1,3,1,16,3,1,1,3
3,5,2,68,1.8,1,2,1,1,1,246.03,1,18,1,3,1,3,1,1,1,2,2
3,5,2,69,1.8,1,3,1,2,0,235.13,1,11,1,3,1,3,16,1,1,3,3
3,5,2,70,0.1,1,2,1,1,1,519.19,0,11,1,1,1,1,12,1,1,2,2
3,5,2,71,0.8,1,3,1,1,1,246.72,1,11,3,3,3,3,16,3,1,1,3
3,5,2,72,1.8,3,3,2,2,1,342.87,0,17,3,1,1,3,17,3,1,1,3
3,5,2,73,0.1,1,2,1,1,1,247.54,1,14,1,1,1,1,15,3,1,2,2
3,5,2,74,0.8,2,1,2,1,0,250.26,1,20,3,1,2,2,18,3,3,3,3
3,5,2,75,0.4,1,2,1,1,1,263.93,1,20,1,1,1,1,1,3,1,2,2
3,5,2,76,0.1,3,2,2,2,1,334.44,0,10,1,1,3,3,9,1,3,2,2
3,5,2,77,0.1,1,2,1,1,1,373.85,0,4,1,3,1,3,11,1,3,2,2
3,5,2,78,0.2,1,1,1,1,1,258.78,1,10,1,1,1,1,13,1,1,1,1
3,5,3,1,0.4,2,3,2,2,1,277.43,1,5,1,3,2,2,17,1,1,3,3
3,5,3,2,0.05,2,1,2,1,0,315.76,0,2,3,3,2,2,20,1,1,1,1
3,5,3,3,0.05,2,2,2,2,1,229.49,1,8,3,3,2,2,3,1,1,2,2
3,5,3,4,1.8,3,1,2,2,1,220.6,1,5,3,3,1,1,16,1,3,1,3
3,5,3,5,0.2,1,2,1,1,1,256.93,1,7,3,1,3,1,9,3,3,2,2
3,5,3,6,0.1,1,1,1,1,1,246.67,1,4,3,3,3,3,8,3,3,3,3
3,5,3,7,1.8,2,1,2,2,1,219.83,1,18,3,1,2,2,19,1,3,1,3
3,5,3,8,0.05,2,3,2,1,0,246.47,1,16,1,1,2,2,17,3,1,1,3
3,5,3,9,1.8,1,2,1,1,1,250.27,1,14,3,1,3,1,18,3,3,2,2
3,5,3,10,1.8,2,3,2,1,0,183.32,1,10,1,3,2,2,16,3,1,1,3
3,5,3,11,0.1,1,1,1,1,1,197.2,1,20,1,3,1,3,16,3,3,3,3
3,5,3,12,1.8,2,3,2,2,1,219.54,1,11,1,3,2,2,16,1,3,3,1
3,5,3,13,0.4,1,2,1,1,1,282.38,1,7,1,3,1,3,3,1,1,2,2
3,5,3,14,0.2,1,1,1,1,1,114.5,1,19,3,1,3,1,15,1,3,1,3
3,5,3,15,0.1,3,3,2,2,1,285.78,1,13,1,1,3,3,5,3,3,1,1
3,5,3,16,0.2,3,2,2,2,1,230.94,1,17,3,3,1,1,10,3,3,2,2
3,5,3,17,0.2,2,2,2,2,1,211.93,1,10,3,1,2,2,2,1,3,2,2
3,5,3,18,0.4,1,3,1,1,1,298.81,1,19,1,1,1,1,6,1,3,3,1
3,5,3,19,0.8,3,3,2,2,1,231.59,1,19,1,1,3,3,6,3,3,1,1
3,5,3,20,1.8,1,1,NaN,NaN,NaN,NaN,NaN,5,3,1,3,1,7,3,3,3,3
3,5,3,21,1.8,1,3,1,1,1,242.47,1,13,1,3,1,3,12,3,1,1,3
3,5,3,22,0.4,2,2,2,2,1,196.78,1,8,1,3,2,2,17,1,1,2,2
3,5,3,23,0.05,2,1,2,2,1,549.42,0,5,1,1,2,2,6,3,1,3,1
3,5,3,24,0.05,3,3,2,2,1,291.12,1,3,3,3,1,1,4,1,3,3,1
3,5,3,25,0.2,1,1,1,1,1,236.37,1,8,1,3,1,3,8,3,3,3,3
3,5,3,26,0.4,1,3,1,1,1,290.65,1,5,1,3,1,3,13,3,1,1,3
3,5,3,27,0.2,2,3,2,1,0,294.37,1,15,3,3,2,2,1,3,3,1,1
3,5,3,28,0.1,1,3,1,1,1,248.37,1,8,3,1,3,1,19,1,3,3,1
3,5,3,29,0.8,3,2,2,2,1,212.27,1,18,1,3,3,1,15,1,1,2,2
3,5,3,30,0.4,3,2,NaN,NaN,NaN,NaN,NaN,16,1,3,3,1,12,3,3,2,2
3,5,3,31,0.4,3,2,2,2,1,250.5,1,10,3,1,1,3,9,1,1,2,2
3,5,3,32,0.8,1,2,1,1,1,254.2,1,20,1,3,1,3,15,3,1,2,2
3,5,3,33,0.4,1,1,1,1,1,257.89,1,2,3,1,3,1,17,3,3,3,3
3,5,3,34,1.8,1,1,1,1,1,284.29,1,2,1,3,1,3,4,1,3,1,3
3,5,3,35,0.2,1,1,1,1,1,229.2,1,9,3,3,3,3,14,3,3,3,3
3,5,3,36,0.05,1,2,1,1,1,279.7,1,2,1,1,1,1,10,3,3,2,2
3,5,3,37,0.1,1,1,1,1,1,231.17,1,20,1,3,1,3,11,1,3,1,3
3,5,3,38,0.1,1,2,1,1,1,359.39,0,9,1,3,1,3,7,1,3,2,2
3,5,3,39,0.4,3,3,2,2,1,285.88,1,1,1,1,3,3,18,3,3,1,1
3,5,3,40,0.1,2,2,2,2,1,266.67,1,18,3,1,2,2,15,3,3,2,2
3,5,3,41,0.1,2,2,2,2,1,291.1,1,7,1,1,2,2,17,1,3,2,2
3,5,3,42,0.2,3,2,2,2,1,359.64,0,10,1,3,3,1,9,1,1,2,2
3,5,3,43,0.8,2,1,NaN,NaN,NaN,NaN,NaN,5,3,3,2,2,19,3,3,3,3
3,5,3,44,0.8,2,2,2,2,1,220.36,1,18,1,3,2,2,7,3,3,2,2
3,5,3,45,0.2,3,1,2,2,1,325.12,0,9,1,3,3,1,12,3,1,3,1
3,5,3,46,0.05,3,1,2,2,1,310.05,0,8,3,1,1,3,4,1,3,1,3
3,5,3,47,0.05,2,2,2,1,0,299.95,1,6,1,3,2,2,19,1,1,2,2
3,5,3,48,0.2,1,1,1,1,1,219.24,1,13,1,3,1,3,11,1,1,1,1
3,5,3,49,1.8,3,1,2,2,1,206.58,1,17,3,3,1,1,8,1,3,1,3
3,5,3,50,0.05,1,2,1,1,1,277.78,1,16,3,1,3,1,3,1,1,2,2
3,5,3,51,0.05,1,3,1,1,1,277.38,1,19,1,3,1,3,3,3,1,1,3
3,5,3,52,0.1,3,1,2,2,1,260.69,1,4,1,1,3,3,12,1,3,1,3
3,5,3,53,0.2,1,3,1,1,1,219.43,1,19,1,3,1,3,16,3,3,1,1
3,5,3,54,0.4,2,3,2,2,1,292.01,1,7,3,1,2,2,13,3,1,1,3
3,5,3,55,0.8,1,3,1,1,1,255.67,1,19,3,1,3,1,13,3,3,1,1
3,5,3,56,0.4,1,2,1,1,1,294.42,1,12,3,3,3,3,20,1,3,2,2
3,5,3,57,0.8,1,3,NaN,NaN,NaN,NaN,NaN,19,1,1,1,1,15,3,3,1,1
3,5,3,58,1.8,1,2,1,1,1,309.59,0,7,3,3,3,3,17,3,3,2,2
3,5,3,59,0.8,1,1,1,1,1,292.54,1,7,1,3,1,3,20,1,1,1,1
3,5,3,60,0.05,3,2,2,2,1,306.69,0,9,1,3,3,1,16,3,1,2,2
3,5,3,61,0.05,3,2,2,2,1,328.44,0,1,1,1,3,3,18,1,1,2,2
3,5,3,62,0.1,1,2,1,1,1,216.11,1,18,3,3,3,3,6,1,1,2,2
3,5,3,63,0.2,1,3,1,1,1,179.66,1,9,1,3,1,3,18,1,1,3,3
3,5,3,64,0.8,2,2,2,2,1,228,1,5,1,1,2,2,17,1,3,2,2
3,5,3,65,0.8,1,1,1,1,1,226.49,1,9,3,3,3,3,2,1,1,1,1
3,5,3,66,0.4,2,2,2,2,1,100.65,1,9,1,3,2,2,9,1,1,2,2
3,5,3,67,0.1,2,3,2,2,1,335.94,0,19,1,3,2,2,10,1,1,3,3
3,5,3,68,0.8,1,3,1,1,1,237.67,1,15,1,1,1,1,5,1,1,3,3
3,5,3,69,0.8,1,1,NaN,NaN,NaN,NaN,NaN,8,1,1,1,1,15,3,3,3,3
3,5,3,70,0.2,2,1,2,2,1,350.85,0,20,3,3,2,2,17,3,3,3,3
3,5,3,71,0.05,3,3,2,2,1,309.31,0,14,3,3,1,1,15,3,1,1,3
3,5,3,72,1.8,1,2,1,1,1,239.49,1,9,1,3,1,3,5,1,1,2,2
3,5,3,73,1.8,3,2,2,2,1,215.44,1,1,3,3,1,1,8,1,3,2,2
3,5,3,74,0.8,1,2,1,1,1,230.97,1,15,1,1,1,1,8,3,1,2,2
3,5,3,75,0.4,1,1,1,1,1,260.96,1,10,3,1,3,1,14,3,3,3,3
3,5,3,76,0.1,1,2,1,1,1,293.16,1,3,1,3,1,3,7,1,3,2,2
3,5,3,77,1.8,1,1,1,1,1,246.1,1,2,3,1,3,1,17,3,1,3,1
3,5,3,78,0.1,1,3,1,1,1,289.06,1,7,3,1,3,1,7,1,1,3,3
3,5,4,1,0.4,3,2,2,2,1,266.33,1,18,1,3,3,1,8,3,3,2,2
3,5,4,2,0.05,2,1,2,1,0,292.51,1,19,3,3,2,2,2,3,1,3,1
3,5,4,3,0.05,3,3,2,2,1,294.91,1,5,3,1,1,3,11,1,3,3,1
3,5,4,4,0.2,1,1,1,1,1,242.75,1,6,1,1,1,1,12,3,3,3,3
3,5,4,5,1.8,2,3,NaN,NaN,NaN,NaN,NaN,5,1,1,2,2,4,3,1,1,3
3,5,4,6,0.05,1,2,1,1,1,259.54,1,7,1,3,1,3,11,1,1,2,2
3,5,4,7,0.05,1,3,1,1,1,269.36,1,15,1,1,1,1,17,1,3,3,1
3,5,4,8,0.1,1,3,1,1,1,266.66,1,12,3,1,3,1,19,1,1,3,3
3,5,4,9,0.05,3,1,2,2,1,290.8,1,12,3,1,1,3,18,3,1,3,1
3,5,4,10,1.8,2,1,2,2,1,210.26,1,11,1,1,2,2,20,3,1,3,1
3,5,4,11,0.1,1,3,1,1,1,188.58,1,1,3,1,3,1,20,3,1,1,3
3,5,4,12,0.05,1,2,1,1,1,303.25,0,3,3,3,3,3,20,1,3,2,2
3,5,4,13,0.4,1,1,NaN,NaN,NaN,NaN,NaN,11,3,1,3,1,2,3,3,3,3
3,5,4,14,0.8,1,1,1,1,1,287.41,1,17,1,1,1,1,1,1,1,1,1
3,5,4,15,0.1,1,3,1,1,1,431.82,0,10,1,3,1,3,8,1,1,3,3
3,5,4,16,0.2,1,2,1,1,1,195.37,1,2,3,3,3,3,1,3,3,2,2
3,5,4,17,1.8,2,2,2,2,1,224.72,1,18,3,1,2,2,5,1,1,2,2
3,5,4,18,0.8,1,3,1,1,1,285.84,1,14,1,3,1,3,6,3,3,1,1
3,5,4,19,0.2,3,3,2,2,1,275.27,1,20,1,3,3,1,4,3,3,1,1
3,5,4,20,0.2,3,2,2,2,1,305.14,0,19,3,1,1,3,7,1,1,2,2
3,5,4,21,0.2,2,3,2,2,1,247.75,1,14,1,3,2,2,4,1,3,3,1
3,5,4,22,0.1,2,3,2,2,1,280.48,1,2,1,1,2,2,10,1,3,3,1
3,5,4,23,0.2,1,1,1,1,1,277.18,1,17,1,1,1,1,18,3,3,3,3
3,5,4,24,0.4,1,2,1,1,1,239.12,1,8,3,1,3,1,19,3,3,2,2
3,5,4,25,0.05,1,2,1,1,1,309.22,0,18,3,3,3,3,2,1,1,2,2
3,5,4,26,0.1,2,2,2,1,0,252.29,1,12,1,1,2,2,1,1,1,2,2
3,5,4,27,0.4,1,2,1,1,1,224.85,1,15,1,1,1,1,20,1,3,2,2
3,5,4,28,0.4,2,1,2,1,0,261.71,1,10,1,1,2,2,2,3,1,3,1
3,5,4,29,0.2,2,2,2,2,1,244.6,1,1,3,3,2,2,2,3,1,2,2
3,5,4,30,0.4,1,3,1,1,1,267.54,1,16,1,3,1,3,10,1,3,3,1
3,5,4,31,0.05,1,2,1,2,0,307.27,0,2,1,1,1,1,14,3,1,2,2
3,5,4,32,0.1,3,3,2,2,1,298.73,1,19,1,3,3,1,11,1,1,3,3
3,5,4,33,0.8,1,1,1,1,1,275.19,1,9,3,3,3,3,13,3,3,3,3
3,5,4,34,0.05,2,3,2,2,1,289.98,1,9,1,1,2,2,6,3,3,1,1
3,5,4,35,0.05,1,3,1,1,1,299.47,1,16,1,1,1,1,19,1,3,3,1
3,5,4,36,0.8,1,1,1,1,1,264.87,1,1,3,3,3,3,8,3,3,3,3
3,5,4,37,1.8,3,2,2,2,1,251.33,1,7,3,3,1,1,15,3,3,2,2
3,5,4,38,0.05,1,2,1,1,1,463.28,0,9,3,1,3,1,10,3,3,2,2
3,5,4,39,1.8,3,3,2,2,1,237.43,1,19,1,1,3,3,5,1,1,3,3
3,5,4,40,0.2,1,3,1,1,1,171.61,1,18,1,1,1,1,20,3,1,1,3
3,5,4,41,0.4,3,3,2,2,1,227.46,1,9,3,3,1,1,3,1,1,3,3
3,5,4,42,0.4,1,2,1,1,1,85.176,2,3,1,3,1,3,17,1,1,2,2
3,5,4,43,1.8,2,1,NaN,NaN,NaN,NaN,NaN,2,1,3,2,2,18,3,3,3,3
3,5,4,44,0.1,1,3,1,1,1,327.93,0,15,1,3,1,3,12,1,3,3,1
3,5,4,45,0.4,2,1,2,1,0,506.72,0,13,3,3,2,2,19,3,1,3,1
3,5,4,46,0.05,2,3,2,1,0,315.73,0,3,3,3,2,2,8,1,3,3,1
3,5,4,47,0.2,3,2,2,2,1,338.16,0,19,1,1,3,3,6,3,3,2,2
3,5,4,48,0.8,2,1,2,2,1,267.86,1,17,1,1,2,2,3,1,1,1,1
3,5,4,49,0.2,1,1,1,1,1,229.18,1,8,3,3,3,3,18,1,1,1,1
3,5,4,50,0.8,1,1,1,1,1,355.94,0,18,3,3,3,3,20,1,1,1,1
3,5,4,51,0.1,1,3,1,1,1,287.3,1,10,1,1,1,1,10,1,3,3,1
3,5,4,52,0.1,3,3,2,2,1,314.51,0,6,1,1,3,3,4,3,1,1,3
3,5,4,53,0.1,1,1,1,1,1,318.58,0,5,1,3,1,3,1,3,1,3,1
3,5,4,54,0.4,1,2,1,1,1,231.92,1,11,1,3,1,3,5,1,3,2,2
3,5,4,55,0.05,1,3,1,1,1,262.51,1,19,1,1,1,1,9,3,3,1,1
3,5,4,56,0.2,1,2,1,1,1,253.41,1,11,3,3,3,3,2,3,3,2,2
3,5,4,57,0.8,2,2,2,1,0,276.99,1,12,1,1,2,2,17,1,3,2,2
3,5,4,58,0.1,1,1,1,1,1,295.92,1,5,1,1,1,1,2,1,1,1,1
3,5,4,59,0.2,1,2,1,1,1,265.3,1,5,3,3,3,3,6,1,3,2,2
3,5,4,60,0.8,1,1,1,1,1,237.42,1,17,3,1,3,1,13,3,3,3,3
3,5,4,61,0.4,2,3,2,2,1,275.16,1,13,3,1,2,2,1,1,3,3,1
3,5,4,62,0.1,3,2,2,2,1,251.36,1,18,3,1,1,3,19,1,1,2,2
3,5,4,63,0.8,3,1,2,2,1,245.74,1,8,3,1,1,3,15,3,1,3,1
3,5,4,64,0.8,1,2,1,1,1,209.48,1,7,1,3,1,3,1,3,3,2,2
3,5,4,65,0.8,2,2,2,2,1,285.44,1,19,3,1,2,2,17,1,1,2,2
3,5,4,66,1.8,3,3,2,2,1,233.02,1,7,3,1,1,3,8,3,3,1,1
3,5,4,67,1.8,3,1,2,2,1,198.34,1,12,1,1,3,3,8,1,1,1,1
3,5,4,68,0.4,3,3,2,2,1,245.71,1,15,1,3,3,1,18,3,3,1,1
3,5,4,69,1.8,2,1,2,2,1,248.22,1,5,1,1,2,2,4,1,1,1,1
3,5,4,70,1.8,2,2,2,2,1,318.08,0,13,1,1,2,2,6,1,3,2,2
3,5,4,71,0.1,1,3,1,1,1,284.83,1,15,3,1,3,1,15,3,3,1,1
3,5,4,72,1.8,1,1,1,1,1,262.44,1,3,3,1,3,1,13,3,1,3,1
3,5,4,73,0.8,1,3,1,1,1,244.11,1,18,1,3,1,3,7,1,1,3,3
3,5,4,74,0.8,3,3,2,2,1,243.89,1,16,1,3,3,1,1,3,1,1,3
3,5,4,75,0.4,1,1,1,1,1,297.02,1,18,1,3,1,3,9,3,3,3,3
3,5,4,76,1.8,1,1,1,1,1,265.11,1,10,1,3,1,3,6,1,3,1,3
3,5,4,77,1.8,2,2,2,2,1,232.41,1,2,1,1,2,2,6,3,1,2,2
3,5,4,78,0.2,1,2,1,1,1,241.2,1,6,1,1,1,1,20,3,3,2,2
3,5,5,1,0.2,3,2,2,2,1,270.08,1,10,3,1,1,3,9,1,3,2,2
3,5,5,2,0.2,1,1,1,1,1,236.66,1,10,1,3,1,3,10,3,1,3,1
3,5,5,3,0.1,3,3,2,2,1,241.41,1,14,3,3,1,1,10,3,3,1,1
3,5,5,4,0.1,1,1,1,1,1,216.5,1,10,1,1,1,1,8,3,1,3,1
3,5,5,5,0.1,2,1,2,2,1,257.04,1,1,1,3,2,2,5,1,1,1,1
3,5,5,6,1.8,1,3,1,1,1,212.1,1,7,1,3,1,3,18,1,1,3,3
3,5,5,7,0.05,3,1,2,2,1,254.48,1,18,3,1,1,3,16,3,1,3,1
3,5,5,8,0.8,3,2,2,2,1,260.83,1,13,3,3,1,1,1,3,3,2,2
3,5,5,9,1.8,3,1,2,1,0,278.63,1,20,1,1,3,3,9,1,1,1,1
3,5,5,10,0.8,3,1,NaN,NaN,NaN,NaN,NaN,1,1,3,3,1,4,3,3,3,3
3,5,5,11,0.05,2,3,2,1,0,262.23,1,19,1,3,2,2,7,3,1,1,3
3,5,5,12,0.8,2,2,2,1,0,220.65,1,12,3,3,2,2,7,3,1,2,2
3,5,5,13,1.8,3,2,2,2,1,242.1,1,13,1,3,3,1,10,1,1,2,2
3,5,5,14,0.05,1,1,1,1,1,276.98,1,15,1,1,1,1,11,1,3,1,3
3,5,5,15,0.2,2,1,2,2,1,269.11,1,2,3,3,2,2,18,1,3,1,3
3,5,5,16,0.8,3,1,2,2,1,234.8,1,10,3,3,1,1,9,3,1,3,1
3,5,5,17,0.1,3,3,2,2,1,206.5,1,10,1,3,3,1,1,3,1,1,3
3,5,5,18,0.8,1,1,1,1,1,228.41,1,9,1,1,1,1,14,3,3,3,3
3,5,5,19,0.05,1,2,1,2,0,345.51,0,16,1,3,1,3,7,1,1,2,2
3,5,5,20,1.8,3,1,NaN,NaN,NaN,NaN,NaN,5,1,3,3,1,7,3,1,3,1
3,5,5,21,0.4,1,3,1,1,1,224.81,1,8,1,1,1,1,14,3,1,1,3
3,5,5,22,0.4,1,2,1,1,1,230.05,1,18,1,3,1,3,15,3,3,2,2
3,5,5,23,0.2,1,3,1,1,1,262.21,1,17,1,3,1,3,14,1,1,3,3
3,5,5,24,0.1,3,1,2,2,1,296.64,1,3,1,1,3,3,11,3,1,3,1
3,5,5,25,0.05,2,1,2,2,1,352.18,0,20,1,3,2,2,14,1,1,1,1
3,5,5,26,0.4,1,1,1,1,1,225.63,1,20,3,3,3,3,9,3,1,3,1
3,5,5,27,0.05,2,3,2,2,1,316.35,0,13,1,3,2,2,20,1,3,3,1
3,5,5,28,0.05,1,2,1,2,0,372.35,0,19,3,3,3,3,8,3,3,2,2
3,5,5,29,0.1,2,1,2,1,0,292.38,1,11,3,3,2,2,12,3,1,3,1
3,5,5,30,0.8,2,2,NaN,NaN,NaN,NaN,NaN,1,3,3,2,2,4,1,3,2,2
3,5,5,31,0.4,3,1,2,2,1,255.2,1,19,3,1,1,3,13,3,3,3,3
3,5,5,32,0.8,1,3,1,1,1,238.64,1,1,3,1,3,1,16,1,1,3,3
3,5,5,33,0.2,3,2,2,2,1,256.16,1,1,1,1,3,3,11,3,1,2,2
3,5,5,34,0.4,2,1,2,2,1,253.79,1,4,1,1,2,2,10,1,1,1,1
3,5,5,35,0.2,1,1,1,1,1,196.34,1,17,3,1,3,1,18,3,3,3,3
3,5,5,36,0.05,2,3,2,2,1,279.29,1,9,1,1,2,2,12,1,1,3,3
3,5,5,37,0.8,2,2,2,2,1,236.81,1,7,1,3,2,2,2,3,3,2,2
3,5,5,38,0.05,1,1,1,1,1,262.76,1,19,3,3,3,3,14,1,3,1,3
3,5,5,39,0.8,2,2,NaN,NaN,NaN,NaN,NaN,3,3,3,2,2,5,1,1,2,2
3,5,5,40,0.8,3,1,2,2,1,247.62,1,10,1,3,3,1,2,3,3,3,3
3,5,5,41,0.4,1,1,1,1,1,259.21,1,14,1,3,1,3,9,3,3,3,3
3,5,5,42,0.2,1,2,1,1,1,231.75,1,13,3,3,3,3,12,1,1,2,2
3,5,5,43,0.4,1,1,1,1,1,237.72,1,18,3,1,3,1,19,3,1,3,1
3,5,5,44,0.1,3,2,2,1,0,229.85,1,12,1,3,3,1,9,1,3,2,2
3,5,5,45,0.1,3,1,2,2,1,250.58,1,20,1,3,3,1,5,3,3,3,3
3,5,5,46,0.2,1,1,1,1,1,339.58,0,16,3,3,3,3,9,3,1,3,1
3,5,5,47,0.4,3,3,2,2,1,214.02,1,1,1,3,3,1,5,3,3,1,1
3,5,5,48,0.05,1,1,1,1,1,291.21,1,2,3,3,3,3,12,1,1,1,1
3,5,5,49,1.8,1,3,1,1,1,215.07,1,3,1,3,1,3,11,3,3,1,1
3,5,5,50,0.8,2,2,2,2,1,231.78,1,1,1,3,2,2,8,1,1,2,2
3,5,5,51,0.8,1,3,1,1,1,253.13,1,13,3,1,3,1,5,1,3,3,1
3,5,5,52,0.2,3,1,2,2,1,246.04,1,6,1,3,3,1,13,3,3,3,3
3,5,5,53,0.05,2,1,2,1,0,267.83,1,20,3,1,2,2,19,1,3,1,3
3,5,5,54,1.8,3,1,2,2,1,208.01,1,12,3,3,1,1,17,3,1,3,1
3,5,5,55,1.8,1,3,NaN,NaN,NaN,NaN,NaN,1,3,3,3,3,16,3,1,1,3
3,5,5,56,1.8,2,3,2,1,0,230.55,1,12,1,3,2,2,11,1,3,3,1
3,5,5,57,1.8,2,1,2,2,1,297.68,1,2,3,3,2,2,4,1,1,1,1
3,5,5,58,0.2,1,1,1,1,1,266.48,1,20,3,3,3,3,15,1,1,1,1
3,5,5,59,0.05,3,2,2,2,1,285.32,1,5,3,1,1,3,10,1,1,2,2
3,5,5,60,1.8,1,1,1,1,1,230.11,1,7,3,3,3,3,17,1,3,1,3
3,5,5,61,0.1,1,2,1,1,1,272.59,1,18,1,1,1,1,17,1,1,2,2
3,5,5,62,0.1,1,3,1,1,1,275.66,1,7,3,3,3,3,16,1,1,3,3
3,5,5,63,1.8,2,1,2,1,0,250.13,1,1,1,1,2,2,17,1,3,1,3
3,5,5,64,0.2,1,3,1,1,1,241.1,1,15,3,3,3,3,14,3,1,1,3
3,5,5,65,0.4,3,1,2,2,1,250.72,1,12,3,1,1,3,13,1,1,1,1
3,5,5,66,0.1,1,1,1,1,1,232.43,1,3,3,1,3,1,10,3,1,3,1
3,5,5,67,0.4,2,2,2,2,1,225.44,1,4,1,3,2,2,15,3,1,2,2
3,5,5,68,0.4,2,1,2,1,0,235.15,1,2,1,3,2,2,13,1,1,1,1
3,5,5,69,0.4,2,2,2,2,1,339.94,0,18,1,1,2,2,4,1,1,2,2
3,5,5,70,1.8,1,3,NaN,NaN,NaN,NaN,NaN,4,3,3,3,3,15,1,1,3,3
3,5,5,71,0.2,1,2,1,1,1,210.72,1,19,3,3,3,3,19,1,3,2,2
3,5,5,72,0.2,1,3,1,1,1,172.82,1,1,3,1,3,1,3,3,1,1,3
3,5,5,73,0.8,3,1,2,2,1,252.96,1,20,3,3,1,1,18,3,1,3,1
3,5,5,74,0.1,2,3,2,2,1,279.32,1,14,3,3,2,2,20,3,1,1,3
3,5,5,75,0.4,2,2,2,1,0,243.63,1,2,1,1,2,2,5,1,1,2,2
3,5,5,76,1.8,2,1,NaN,NaN,NaN,NaN,NaN,20,1,3,2,2,19,1,1,1,1
3,5,5,77,0.05,2,1,2,1,0,268.65,1,15,3,3,2,2,7,1,1,1,1
3,5,5,78,0.1,1,3,1,1,1,259.24,1,16,3,1,3,1,19,1,1,3,3
3,5,6,1,0.2,3,3,2,2,1,269.28,1,8,3,3,1,1,17,1,1,3,3
3,5,6,2,0.8,1,2,1,1,1,199.53,1,2,1,1,1,1,10,1,1,2,2
3,5,6,3,0.8,1,3,1,1,1,221.7,1,1,1,1,1,1,8,3,3,1,1
3,5,6,4,0.4,1,2,1,1,1,241.25,1,18,1,1,1,1,10,3,1,2,2
3,5,6,5,0.2,2,2,2,2,1,290.17,1,20,3,1,2,2,12,1,1,2,2
3,5,6,6,0.4,3,1,2,2,1,239.26,1,6,3,3,1,1,19,1,3,1,3
3,5,6,7,0.8,2,1,2,2,1,188.66,1,10,1,3,2,2,13,1,3,1,3
3,5,6,8,1.8,1,2,1,1,1,247,1,6,1,3,1,3,1,1,3,2,2
3,5,6,9,0.4,1,3,1,1,1,255.65,1,4,1,3,1,3,11,1,3,3,1
3,5,6,10,0.1,1,1,1,1,1,283.38,1,12,1,1,1,1,19,3,3,3,3
3,5,6,11,0.4,1,1,1,1,1,269.92,1,3,1,3,1,3,4,1,3,1,3
3,5,6,12,0.8,1,3,NaN,NaN,NaN,NaN,NaN,13,3,1,3,1,17,1,3,3,1
3,5,6,13,1.8,1,2,1,1,1,199.17,1,10,1,3,1,3,12,3,1,2,2
3,5,6,14,0.2,1,3,1,1,1,272.18,1,7,1,3,1,3,2,1,3,3,1
3,5,6,15,0.2,3,2,2,2,1,271.67,1,15,1,3,3,1,2,1,3,2,2
3,5,6,16,0.05,2,1,2,1,0,292.77,1,20,3,1,2,2,16,3,1,3,1
3,5,6,17,0.05,1,3,1,1,1,337.01,0,5,3,1,3,1,3,1,3,3,1
3,5,6,18,0.8,2,3,2,2,1,226.98,1,17,1,3,2,2,3,3,1,1,3
3,5,6,19,1.8,1,1,1,1,1,212.35,1,6,3,3,3,3,1,3,3,3,3
3,5,6,20,1.8,2,1,2,1,0,241.75,1,7,3,3,2,2,6,1,1,1,1
3,5,6,21,0.8,3,1,2,2,1,246.57,1,10,1,3,3,1,20,1,1,1,1
3,5,6,22,0.8,1,1,1,1,1,293.78,1,7,1,1,1,1,4,3,1,3,1
3,5,6,23,0.1,3,3,2,2,1,248.06,1,9,3,1,1,3,14,1,1,3,3
3,5,6,24,1.8,1,3,1,1,1,240.25,1,4,3,3,3,3,18,1,3,3,1
3,5,6,25,1.8,3,2,2,2,1,296.44,1,12,3,1,1,3,3,1,1,2,2
3,5,6,26,1.8,1,3,1,1,1,257.12,1,19,1,3,1,3,15,3,3,1,1
3,5,6,27,0.1,3,2,2,2,1,315.91,0,16,1,3,3,1,10,3,1,2,2
3,5,6,28,0.1,1,2,1,2,0,298.89,1,20,1,1,1,1,16,3,1,2,2
3,5,6,29,0.4,1,3,1,1,1,263.3,1,8,1,3,1,3,1,3,3,1,1
3,5,6,30,0.8,1,1,1,1,1,235.2,1,5,1,1,1,1,9,3,3,3,3
3,5,6,31,0.4,2,1,2,2,1,252.17,1,4,3,1,2,2,11,1,3,1,3
3,5,6,32,0.05,3,3,2,2,1,311.13,0,15,1,1,3,3,3,3,3,1,1
3,5,6,33,0.4,1,1,1,1,1,260.19,1,20,1,3,1,3,3,1,3,1,3
3,5,6,34,0.1,1,3,1,1,1,277.54,1,4,1,3,1,3,9,1,1,3,3
3,5,6,35,0.2,3,3,2,2,1,245.42,1,20,1,3,3,1,10,3,1,1,3
3,5,6,36,0.2,3,2,2,2,1,264.6,1,12,1,1,3,3,8,1,1,2,2
3,5,6,37,0.05,2,1,2,2,1,370.45,0,20,1,1,2,2,3,3,3,3,3
3,5,6,38,0.4,1,2,1,1,1,225.55,1,9,3,3,3,3,15,3,3,2,2
3,5,6,39,0.05,1,1,1,1,1,274.59,1,20,1,1,1,1,19,1,3,1,3
3,5,6,40,0.4,2,2,2,2,1,207.25,1,9,1,3,2,2,20,3,1,2,2
3,5,6,41,0.8,1,1,NaN,NaN,NaN,NaN,NaN,8,3,3,3,3,20,1,1,1,1
3,5,6,42,0.1,2,2,2,1,0,344.56,0,10,1,3,2,2,8,3,3,2,2
3,5,6,43,0.1,1,3,1,1,1,327.96,0,13,3,3,3,3,19,3,1,1,3
3,5,6,44,0.4,1,1,1,1,1,289.14,1,8,1,3,1,3,18,3,1,3,1
3,5,6,45,0.1,1,2,1,1,1,280.13,1,3,3,1,3,1,17,3,3,2,2
3,5,6,46,0.4,1,3,1,1,1,211.98,1,5,1,1,1,1,3,1,3,3,1
3,5,6,47,1.8,1,2,1,1,1,232.64,1,11,3,3,3,3,3,3,1,2,2
3,5,6,48,0.4,2,1,2,1,0,254.8,1,11,1,1,2,2,6,3,1,3,1
3,5,6,49,0.05,3,3,2,2,1,333.28,0,15,1,1,3,3,4,3,3,1,1
3,5,6,50,0.2,1,3,1,1,1,132.61,1,1,3,1,3,1,8,1,3,3,1
3,5,6,51,0.8,2,1,2,2,1,193.09,1,10,3,1,2,2,14,1,1,1,1
3,5,6,52,1.8,1,3,1,1,1,236.68,1,8,3,3,3,3,2,1,1,3,3
3,5,6,53,0.1,1,3,1,1,1,263.81,1,5,1,1,1,1,10,1,1,3,3
3,5,6,54,0.2,2,2,2,2,1,221.01,1,6,3,1,2,2,10,1,3,2,2
3,5,6,55,0.05,1,2,1,1,1,339.91,0,9,1,3,1,3,4,1,3,2,2
3,5,6,56,1.8,2,2,2,2,1,219.35,1,9,1,1,2,2,3,1,3,2,2
3,5,6,57,0.2,3,3,2,2,1,323.86,0,7,3,3,1,1,9,3,1,1,3
3,5,6,58,0.05,1,1,1,1,1,290.7,1,17,3,3,3,3,15,3,3,3,3
3,5,6,59,0.2,2,2,2,2,1,359.07,0,4,3,3,2,2,13,3,1,2,2
3,5,6,60,0.2,2,3,2,2,1,269.44,1,1,1,1,2,2,16,3,3,1,1
3,5,6,61,1.8,1,1,1,1,1,203.53,1,13,3,1,3,1,7,3,3,3,3
3,5,6,62,0.8,2,1,2,1,0,253.16,1,17,3,1,2,2,2,3,1,3,1
3,5,6,63,0.1,2,3,2,2,1,300.86,0,10,1,3,2,2,17,3,3,1,1
3,5,6,64,0.05,2,1,2,1,0,317.4,0,1,3,1,2,2,16,1,1,1,1
3,5,6,65,0.1,1,3,1,1,1,228.16,1,1,3,3,3,3,17,3,1,1,3
3,5,6,66,0.1,1,1,1,1,1,290.89,1,2,1,3,1,3,17,1,3,1,3
3,5,6,67,0.05,3,2,2,2,1,290.26,1,13,1,3,3,1,11,1,1,2,2
3,5,6,68,0.8,1,3,NaN,NaN,NaN,NaN,NaN,10,3,1,3,1,2,3,3,1,1
3,5,6,69,0.2,1,3,1,1,1,292.24,1,4,1,1,1,1,7,1,3,3,1
3,5,6,70,0.8,1,2,1,1,1,215.93,1,17,1,3,1,3,10,1,3,2,2
3,5,6,71,0.05,2,1,2,1,0,290.08,1,7,3,3,2,2,14,3,3,3,3
3,5,6,72,0.2,1,3,1,1,1,251.97,1,16,1,3,1,3,7,1,1,3,3
3,5,6,73,1.8,3,1,2,2,1,210.76,1,14,1,1,3,3,17,3,1,3,1
3,5,6,74,0.4,2,1,2,2,1,207.35,1,9,3,3,2,2,5,1,3,1,3
3,5,6,75,0.1,2,2,2,2,1,312.93,0,13,3,1,2,2,18,3,1,2,2
3,5,6,76,1.8,1,2,NaN,NaN,NaN,NaN,NaN,6,3,1,3,1,12,3,3,2,2
3,5,6,77,0.05,2,2,2,2,1,304.4,0,12,1,1,2,2,3,3,1,2,2
3,5,6,78,0.05,2,1,2,2,1,265.23,1,15,1,3,2,2,2,3,1,3,1
3,5,7,1,0.1,2,3,2,2,1,231.75,1,7,3,1,2,2,14,1,1,3,3
3,5,7,2,0.2,1,3,1,1,1,250.91,1,10,3,3,3,3,19,1,1,3,3
3,5,7,3,0.2,3,3,2,2,1,280.1,1,7,1,1,3,3,4,1,3,3,1
3,5,7,4,0.4,3,3,2,2,1,238.15,1,11,1,1,3,3,18,1,3,3,1
3,5,7,5,0.4,1,3,1,1,1,253.45,1,2,3,3,3,3,7,3,3,1,1
3,5,7,6,1.8,2,1,2,2,1,209.31,1,14,3,3,2,2,16,1,3,1,3
3,5,7,7,0.4,3,3,2,2,1,398.7,0,3,1,1,3,3,2,1,3,3,1
3,5,7,8,0.1,3,2,2,2,1,296.06,1,3,3,1,1,3,10,1,3,2,2
3,5,7,9,0.2,1,1,1,1,1,249.73,1,14,3,3,3,3,2,3,3,3,3
3,5,7,10,0.8,1,1,1,1,1,209.51,1,13,3,1,3,1,9,1,3,1,3
3,5,7,11,1.8,2,3,2,1,0,197.72,1,3,3,1,2,2,5,1,1,3,3
3,5,7,12,1.8,1,1,1,1,1,222.82,1,17,3,1,3,1,1,1,3,1,3
3,5,7,13,0.4,2,1,2,1,0,244.55,1,11,1,1,2,2,9,1,1,1,1
3,5,7,14,0.05,1,3,1,1,1,291.31,1,9,3,3,3,3,15,3,1,1,3
3,5,7,15,0.05,3,1,2,2,1,305.58,0,3,1,3,3,1,11,1,3,1,3
3,5,7,16,0.4,1,1,1,1,1,266,1,4,1,1,1,1,6,1,1,1,1
3,5,7,17,0.8,2,2,2,2,1,245.31,1,13,3,1,2,2,11,3,3,2,2
3,5,7,18,0.4,3,3,2,2,1,253.07,1,16,3,1,1,3,6,1,1,3,3
3,5,7,19,0.1,3,1,2,2,1,263.31,1,10,1,1,3,3,14,1,3,1,3
3,5,7,20,0.1,2,2,2,2,1,278.82,1,13,3,3,2,2,7,1,3,2,2
3,5,7,21,1.8,1,3,1,1,1,277.6,1,5,1,3,1,3,8,3,1,1,3
3,5,7,22,0.4,1,2,1,1,1,228.72,1,20,1,3,1,3,12,1,1,2,2
3,5,7,23,0.2,1,1,1,1,1,273.77,1,12,3,3,3,3,11,1,1,1,1
3,5,7,24,0.05,1,3,1,1,1,327.39,0,18,1,1,1,1,2,3,1,1,3
3,5,7,25,0.05,1,3,1,1,1,264.75,1,1,3,3,3,3,17,1,3,3,1
3,5,7,26,0.8,3,1,2,2,1,261.46,1,2,1,3,3,1,14,3,3,3,3
3,5,7,27,0.2,1,1,1,1,1,218.24,1,17,1,3,1,3,12,3,1,3,1
3,5,7,28,0.2,1,2,1,1,1,190.04,1,18,3,3,3,3,12,1,1,2,2
3,5,7,29,0.1,2,3,2,2,1,299.86,1,13,1,3,2,2,11,3,1,1,3
3,5,7,30,0.05,2,1,2,2,1,319.23,0,7,1,1,2,2,9,1,1,1,1
3,5,7,31,0.1,1,2,1,1,1,262.62,1,16,1,3,1,3,13,3,1,2,2
3,5,7,32,1.8,2,2,2,2,1,219.44,1,9,3,3,2,2,12,1,1,2,2
3,5,7,33,1.8,3,2,2,2,1,220.84,1,1,1,3,3,1,10,1,3,2,2
3,5,7,34,0.05,3,2,2,2,1,347.17,0,4,3,1,1,3,6,1,3,2,2
3,5,7,35,0.8,1,3,1,1,1,206.41,1,7,1,3,1,3,12,1,3,3,1
3,5,7,36,1.8,3,3,2,2,1,253.14,1,13,1,3,3,1,7,1,1,3,3
3,5,7,37,0.8,1,2,1,1,1,214.07,1,7,3,1,3,1,8,1,1,2,2
3,5,7,38,1.8,1,2,1,1,1,285.68,1,14,3,3,3,3,17,1,3,2,2
3,5,7,39,0.2,2,3,2,2,1,272.8,1,9,3,1,2,2,8,1,1,3,3
3,5,7,40,0.1,1,1,1,1,1,318.98,0,15,1,1,1,1,20,1,3,1,3
3,5,7,41,0.05,3,2,2,2,1,289.71,1,18,1,3,3,1,1,3,1,2,2
3,5,7,42,0.1,1,3,1,1,1,230.61,1,9,1,3,1,3,12,1,1,3,3
3,5,7,43,0.4,3,3,2,2,1,227.58,1,11,1,3,3,1,15,3,1,1,3
3,5,7,44,0.8,1,1,NaN,NaN,NaN,NaN,NaN,5,3,1,3,1,16,3,1,3,1
3,5,7,45,0.1,1,1,1,1,1,270.37,1,3,1,3,1,3,5,3,1,3,1
3,5,7,46,0.8,2,3,2,2,1,249.67,1,16,3,3,2,2,6,1,3,3,1
3,5,7,47,0.05,3,1,2,2,1,369.85,0,4,1,1,3,3,3,1,3,1,3
3,5,7,48,0.4,3,1,2,2,1,273.16,1,1,3,1,1,3,11,1,1,1,1
3,5,7,49,0.05,1,2,1,1,1,253.31,1,1,3,1,3,1,4,1,1,2,2
3,5,7,50,1.8,1,3,1,1,1,294.67,1,19,1,1,1,1,20,3,1,1,3
3,5,7,51,0.8,3,3,2,2,1,211.4,1,7,1,1,3,3,8,3,3,1,1
3,5,7,52,0.2,1,2,1,1,1,163.33,1,8,3,1,3,1,8,1,1,2,2
3,5,7,53,0.8,2,3,2,2,1,262.07,1,5,3,3,2,2,10,1,1,3,3
3,5,7,54,0.2,2,3,2,2,1,380.65,0,19,1,3,2,2,4,3,1,1,3
3,5,7,55,0.1,2,2,2,2,1,235.17,1,3,3,3,2,2,14,1,3,2,2
3,5,7,56,0.2,1,1,1,1,1,262.62,1,5,1,1,1,1,2,3,3,3,3
3,5,7,57,1.8,1,3,1,1,1,224.36,1,4,3,3,3,3,9,1,3,3,1
3,5,7,58,0.1,1,3,1,1,1,273.33,1,17,1,1,1,1,3,1,1,3,3
3,5,7,59,1.8,1,1,1,1,1,213.24,1,1,1,1,1,1,6,1,1,1,1
3,5,7,60,1.8,3,2,2,2,1,260.56,1,20,1,3,3,1,2,3,1,2,2
3,5,7,61,0.1,3,2,2,2,1,274.39,1,9,3,3,1,1,5,3,1,2,2
3,5,7,62,0.8,1,1,1,1,1,243.19,1,20,3,3,3,3,13,1,1,1,1
3,5,7,63,0.2,2,1,2,2,1,264.95,1,1,3,3,2,2,18,3,1,3,1
3,5,7,64,1.8,3,2,NaN,NaN,NaN,NaN,NaN,2,3,1,1,3,2,1,1,2,2
3,5,7,65,0.4,1,1,1,1,1,289.36,1,7,1,1,1,1,20,3,1,3,1
3,5,7,66,0.2,3,1,2,2,1,195.89,1,12,3,1,1,3,9,3,1,3,1
3,5,7,67,0.4,3,1,2,2,1,290.42,1,18,3,3,1,1,7,1,1,1,1
3,5,7,68,0.8,3,2,2,2,1,206.12,1,6,3,3,1,1,17,1,3,2,2
3,5,7,69,0.8,1,2,1,1,1,263.9,1,18,1,1,1,1,4,3,1,2,2
3,5,7,70,0.4,3,2,2,2,1,258.14,1,16,1,3,3,1,19,3,1,2,2
3,5,7,71,0.4,1,3,1,1,1,219.17,1,12,1,3,1,3,9,3,1,1,3
3,5,7,72,0.1,3,1,2,2,1,310.97,0,3,1,3,3,1,15,3,3,3,3
3,5,7,73,0.05,3,1,2,2,1,294.73,1,13,1,1,3,3,3,1,3,1,3
3,5,7,74,0.05,2,1,2,2,1,278.7,1,16,1,1,2,2,17,3,3,3,3
3,5,7,75,0.05,3,1,2,2,1,339.81,0,1,3,1,1,3,20,1,1,1,1
3,5,7,76,0.8,3,3,2,2,1,48.046,2,6,1,3,3,1,3,3,1,1,3
3,5,7,77,0.2,1,1,1,1,1,218.58,1,7,1,1,1,1,12,1,1,1,1
3,5,7,78,0.05,1,2,1,1,1,303.94,0,13,1,1,1,1,3,1,1,2,2
3,5,8,1,0.1,3,1,2,2,1,229.47,1,19,1,3,3,1,20,3,1,3,1
3,5,8,2,0.8,1,2,1,1,1,276.7,1,2,3,1,3,1,6,3,1,2,2
3,5,8,3,0.1,3,1,2,2,1,305.25,0,1,3,1,1,3,8,1,3,1,3
3,5,8,4,0.2,2,2,2,2,1,263.31,1,6,3,1,2,2,5,1,1,2,2
3,5,8,5,0.8,2,1,2,2,1,241.89,1,10,1,1,2,2,3,1,3,1,3
3,5,8,6,0.2,1,2,1,1,1,316.47,0,7,1,3,1,3,11,1,1,2,2
3,5,8,7,0.1,1,3,1,1,1,282.12,1,15,1,1,1,1,17,1,3,3,1
3,5,8,8,0.2,1,3,1,1,1,267.83,1,12,3,1,3,1,19,1,1,3,3
3,5,8,9,0.05,3,1,2,2,1,279.41,1,12,3,1,1,3,18,3,1,3,1
3,5,8,10,0.2,2,1,2,2,1,202.47,1,11,1,1,2,2,20,3,1,3,1
3,5,8,11,0.05,1,3,1,1,1,295.83,1,1,3,1,3,1,20,3,1,1,3
3,5,8,12,0.2,1,2,1,1,1,261.06,1,3,3,3,3,3,20,1,3,2,2
3,5,8,13,0.05,1,1,1,1,1,280.43,1,11,3,1,3,1,2,3,3,3,3
3,5,8,14,0.2,2,2,2,2,1,238.63,1,10,1,1,2,2,10,1,1,2,2
3,5,8,15,0.1,2,2,2,2,1,259.84,1,17,1,3,2,2,19,1,1,2,2
3,5,8,16,1.8,2,2,2,2,1,199.49,1,5,3,1,2,2,18,3,3,2,2
3,5,8,17,1.8,2,1,NaN,NaN,NaN,NaN,NaN,6,1,1,2,2,16,3,3,3,3
3,5,8,18,0.2,1,3,1,1,1,254.2,1,14,1,3,1,3,6,3,3,1,1
3,5,8,19,0.4,3,3,2,2,1,219.48,1,20,1,3,3,1,4,3,3,1,1
3,5,8,20,1.8,3,2,2,2,1,258,1,19,3,1,1,3,7,1,1,2,2
3,5,8,21,0.4,2,3,2,2,1,262.58,1,14,1,3,2,2,4,1,3,3,1
3,5,8,22,0.4,2,3,2,1,0,247.08,1,2,1,1,2,2,10,1,3,3,1
3,5,8,23,0.8,1,1,1,1,1,306.22,0,17,1,1,1,1,18,3,3,3,3
3,5,8,24,0.4,1,2,1,1,1,271.48,1,8,3,1,3,1,19,3,3,2,2
3,5,8,25,0.8,1,2,1,1,1,257.73,1,18,3,3,3,3,2,1,1,2,2
3,5,8,26,0.8,2,2,2,1,0,223.02,1,12,1,1,2,2,1,1,1,2,2
3,5,8,27,0.1,1,2,1,1,1,278.69,1,15,1,1,1,1,20,1,3,2,2
3,5,8,28,0.2,2,1,2,2,1,328.11,0,10,1,1,2,2,2,3,1,3,1
3,5,8,29,0.4,2,2,2,2,1,244.11,1,1,3,3,2,2,2,3,1,2,2
3,5,8,30,0.05,1,3,1,1,1,292.05,1,16,1,3,1,3,10,1,3,3,1
3,5,8,31,1.8,1,2,1,1,1,241.49,1,2,1,1,1,1,14,3,1,2,2
3,5,8,32,0.8,3,3,NaN,NaN,NaN,NaN,NaN,19,1,3,3,1,11,1,1,3,3
3,5,8,33,0.05,2,3,2,2,1,324.01,0,4,3,1,2,2,5,1,1,3,3
3,5,8,34,0.8,1,1,1,1,1,264.61,1,11,1,1,1,1,8,1,3,1,3
3,5,8,35,1.8,2,1,2,2,1,359.76,0,8,3,3,2,2,15,3,3,3,3
3,5,8,36,0.2,2,1,2,1,0,279.43,1,4,1,1,2,2,10,3,1,3,1
3,5,8,37,0.05,2,3,2,1,0,297.81,1,20,1,3,2,2,11,3,3,1,1
3,5,8,38,0.2,1,3,1,1,1,258.82,1,9,1,1,1,1,15,3,3,1,1
3,5,8,39,0.1,2,1,2,2,1,286.73,1,13,1,3,2,2,9,3,3,3,3
3,5,8,40,0.1,1,2,1,1,1,253.53,1,18,3,1,3,1,13,1,3,2,2
3,5,8,41,0.2,2,2,2,2,1,206.67,1,9,3,3,2,2,4,1,1,2,2
3,5,8,42,0.05,1,3,1,1,1,295.09,1,7,1,3,1,3,20,1,3,3,1
3,5,8,43,0.05,1,1,1,1,1,376.45,0,4,1,3,1,3,9,1,1,1,1
3,5,8,44,1.8,1,3,1,1,1,269.13,1,15,1,3,1,3,12,1,3,3,1
3,5,8,45,0.1,2,1,2,1,0,287.59,1,13,3,3,2,2,19,3,1,3,1
3,5,8,46,0.1,2,3,2,1,0,272.07,1,3,3,3,2,2,8,1,3,3,1
3,5,8,47,0.05,3,2,2,2,1,257.72,1,19,1,1,3,3,6,3,3,2,2
3,5,8,48,0.4,2,1,2,2,1,279.34,1,17,1,1,2,2,3,1,1,1,1
3,5,8,49,0.8,1,1,1,1,1,256.94,1,8,3,3,3,3,18,1,1,1,1
3,5,8,50,0.1,1,1,1,1,1,303.29,0,18,3,3,3,3,20,1,1,1,1
3,5,8,51,0.8,1,3,1,1,1,222.88,1,10,1,1,1,1,10,1,3,3,1
3,5,8,52,0.4,3,3,2,2,1,305.41,0,6,1,1,3,3,4,3,1,1,3
3,5,8,53,0.8,1,1,1,1,1,204.63,1,5,1,3,1,3,1,3,1,3,1
3,5,8,54,0.1,1,2,1,1,1,250.42,1,11,1,3,1,3,5,1,3,2,2
3,5,8,55,0.1,1,3,1,1,1,279.64,1,19,1,1,1,1,9,3,3,1,1
3,5,8,56,0.4,1,2,1,1,1,248.69,1,11,3,3,3,3,2,3,3,2,2
3,5,8,57,0.4,2,2,2,2,1,255.99,1,12,1,1,2,2,17,1,3,2,2
3,5,8,58,0.05,1,1,1,1,1,306.64,0,5,1,1,1,1,2,1,1,1,1
3,5,8,59,0.4,1,2,1,1,1,234.52,1,5,3,3,3,3,6,1,3,2,2
3,5,8,60,0.2,1,1,1,1,1,271.79,1,17,3,1,3,1,13,3,3,3,3
3,5,8,61,0.2,2,3,2,1,0,332.8,0,13,3,1,2,2,1,1,3,3,1
3,5,8,62,0.05,3,2,2,2,1,310.08,0,18,3,1,1,3,19,1,1,2,2
3,5,8,63,1.8,3,1,2,2,1,223,1,8,3,1,1,3,15,3,1,3,1
3,5,8,64,0.1,1,2,1,1,1,276.81,1,7,1,3,1,3,1,3,3,2,2
3,5,8,65,0.8,2,2,2,2,1,196.08,1,19,3,1,2,2,17,1,1,2,2
3,5,8,66,0.4,3,3,2,2,1,272.32,1,7,3,1,1,3,8,3,3,1,1
3,5,8,67,0.8,3,1,2,2,1,305.53,0,12,1,1,3,3,8,1,1,1,1
3,5,8,68,0.05,3,3,2,2,1,330.93,0,15,1,3,3,1,18,3,3,1,1
3,5,8,69,0.05,2,1,2,2,1,320.64,0,5,1,1,2,2,4,1,1,1,1
3,5,8,70,1.8,2,2,2,2,1,229.79,1,13,1,1,2,2,6,1,3,2,2
3,5,8,71,0.4,1,3,1,1,1,243.44,1,15,3,1,3,1,15,3,3,1,1
3,5,8,72,1.8,1,1,1,1,1,207.52,1,3,3,1,3,1,13,3,1,3,1
3,5,8,73,1.8,1,3,1,1,1,221.19,1,18,1,3,1,3,7,1,1,3,3
3,5,8,74,1.8,3,3,2,2,1,225.8,1,16,1,3,3,1,1,3,1,1,3
3,5,8,75,0.4,1,1,1,1,1,242.4,1,18,1,3,1,3,9,3,3,3,3
3,5,8,76,1.8,1,1,1,1,1,244.87,1,10,1,3,1,3,6,1,3,1,3
3,5,8,77,1.8,2,2,2,2,1,229.44,1,2,1,1,2,2,6,3,1,2,2
3,5,8,78,0.8,1,2,1,1,1,194.57,1,6,1,1,1,1,20,3,3,2,2
3,5,9,1,0.2,3,3,2,2,1,271.49,1,14,3,1,1,3,14,3,1,1,3
3,5,9,2,0.8,1,3,1,1,1,237.16,1,10,1,3,1,3,11,3,3,1,1
3,5,9,3,0.1,3,1,2,2,1,282.93,1,7,3,1,1,3,17,1,3,1,3
3,5,9,4,0.05,2,2,2,2,1,325.04,0,6,1,1,2,2,18,1,1,2,2
3,5,9,5,0.2,1,1,1,1,1,232.96,1,20,1,1,1,1,2,1,3,1,3
3,5,9,6,0.8,1,2,1,1,1,286.41,1,18,3,3,3,3,4,3,1,2,2
3,5,9,7,0.8,3,1,2,2,1,278.48,1,15,3,1,1,3,6,3,1,3,1
3,5,9,8,0.4,3,3,2,2,1,250.1,1,1,3,1,1,3,4,3,1,1,3
3,5,9,9,1.8,1,2,1,1,1,241.06,1,16,1,3,1,3,16,1,3,2,2
3,5,9,10,0.05,1,1,1,1,1,310.17,0,13,3,1,3,1,13,3,1,3,1
3,5,9,11,0.4,2,3,2,1,0,342.92,0,7,3,3,2,2,3,1,3,3,1
3,5,9,12,0.2,2,3,2,1,0,258.68,1,20,1,3,2,2,13,1,3,3,1
3,5,9,13,0.1,3,1,2,2,1,288.9,1,19,1,3,3,1,18,1,3,1,3
3,5,9,14,0.1,3,3,2,2,1,290.61,1,9,1,1,3,3,10,1,3,3,1
3,5,9,15,0.2,1,3,1,1,1,300.16,0,9,1,1,1,1,6,1,3,3,1
3,5,9,16,0.8,1,3,1,1,1,245.13,1,2,1,3,1,3,9,3,3,1,1
3,5,9,17,0.2,2,3,2,1,0,339.78,0,1,1,1,2,2,10,1,3,3,1
3,5,9,18,0.8,1,3,1,1,1,304.37,0,5,3,3,3,3,3,3,1,1,3
3,5,9,19,0.2,3,1,2,2,1,258.95,1,16,1,1,3,3,12,3,3,3,3
3,5,9,20,0.4,2,2,2,2,1,239.45,1,20,3,1,2,2,12,3,3,2,2
3,5,9,21,0.05,1,1,1,1,1,356.94,0,20,3,3,3,3,8,1,1,1,1
3,5,9,22,0.4,1,1,1,1,1,266.65,1,15,1,1,1,1,13,1,1,1,1
3,5,9,23,0.1,1,3,1,1,1,337.97,0,1,1,1,1,1,19,1,3,3,1
3,5,9,24,0.4,3,2,2,2,1,228.14,1,11,1,1,3,3,11,3,3,2,2
3,5,9,25,0.05,1,1,1,1,1,292.22,1,2,1,1,1,1,8,1,1,1,1
3,5,9,26,1.8,1,2,1,1,1,268.8,1,1,1,1,1,1,14,1,1,2,2
3,5,9,27,0.4,1,2,1,1,1,240.81,1,5,3,3,3,3,13,1,3,2,2
3,5,9,28,0.8,3,1,2,2,1,226.42,1,9,3,3,1,1,16,1,1,1,1
3,5,9,29,0.05,2,2,2,1,0,459.74,0,19,3,1,2,2,16,1,3,2,2
3,5,9,30,0.1,1,2,1,1,1,330.5,0,15,3,1,3,1,15,3,3,2,2
3,5,9,31,0.05,1,3,1,1,1,274.93,1,11,3,1,3,1,10,3,1,1,3
3,5,9,32,0.8,3,1,2,2,1,290.33,1,6,1,1,3,3,19,3,1,3,1
3,5,9,33,0.4,2,2,NaN,NaN,NaN,NaN,NaN,6,3,1,2,2,7,3,3,2,2
3,5,9,34,0.2,1,2,1,1,1,247.95,1,10,1,3,1,3,7,3,3,2,2
3,5,9,35,0.1,1,3,1,1,1,299.21,1,13,1,1,1,1,18,3,3,1,1
3,5,9,36,0.2,3,1,2,1,0,306.33,0,15,3,3,1,1,10,1,3,1,3
3,5,9,37,0.2,1,2,1,1,1,250.49,1,11,3,3,3,3,17,1,1,2,2
3,5,9,38,1.8,1,3,1,1,1,238.05,1,9,1,3,1,3,12,3,3,1,1
3,5,9,39,1.8,2,3,2,2,1,252.86,1,13,1,3,2,2,20,1,1,3,3
3,5,9,40,0.8,3,2,2,2,1,256.55,1,8,1,3,3,1,16,1,1,2,2
3,5,9,41,0.8,3,3,2,2,1,282.93,1,3,3,3,1,1,2,1,1,3,3
3,5,9,42,1.8,2,2,2,2,1,220.25,1,13,3,3,2,2,3,3,1,2,2
3,5,9,43,0.05,1,2,1,1,1,316.39,0,15,3,3,3,3,17,1,3,2,2
3,5,9,44,0.1,1,2,1,1,1,265.61,1,10,3,3,3,3,19,3,3,2,2
3,5,9,45,1.8,3,3,2,2,1,224.67,1,6,3,3,1,1,12,3,3,1,1
3,5,9,46,0.1,2,2,2,2,1,283.45,1,2,3,3,2,2,10,1,1,2,2
3,5,9,47,0.2,1,3,1,1,1,235.78,1,4,3,3,3,3,5,3,3,1,1
3,5,9,48,0.8,1,3,1,1,1,278.86,1,9,1,3,1,3,15,1,3,3,1
3,5,9,49,0.4,1,3,1,1,1,262.08,1,1,1,1,1,1,18,3,3,1,1
3,5,9,50,0.05,3,1,2,2,1,369.75,0,20,3,1,1,3,18,3,1,3,1
3,5,9,51,0.1,2,2,2,2,1,311.19,0,2,1,1,2,2,9,1,1,2,2
3,5,9,52,0.4,2,2,2,2,1,229.6,1,5,1,3,2,2,10,3,1,2,2
3,5,9,53,0.4,3,2,2,2,1,273.1,1,2,1,1,3,3,6,1,1,2,2
3,5,9,54,0.1,1,1,1,1,1,242.35,1,12,1,1,1,1,20,3,1,3,1
3,5,9,55,1.8,2,1,2,2,1,227.67,1,13,1,3,2,2,13,1,1,1,1
3,5,9,56,0.05,2,2,2,2,1,306.93,0,10,1,3,2,2,9,1,3,2,2
3,5,9,57,0.2,1,2,1,1,1,157.53,1,18,1,1,1,1,20,3,3,2,2
3,5,9,58,1.8,1,1,1,1,1,295.16,1,12,3,1,3,1,13,1,1,1,1
3,5,9,59,0.8,1,3,1,1,1,278.14,1,10,3,3,3,3,18,3,1,1,3
3,5,9,60,0.4,3,2,2,2,1,265.51,1,16,1,1,3,3,14,3,1,2,2
3,5,9,61,0.05,1,2,1,1,1,303.52,0,19,3,1,3,1,19,1,1,2,2
3,5,9,62,0.2,2,3,2,2,1,244.52,1,10,3,3,2,2,20,1,1,3,3
3,5,9,63,1.8,1,2,1,1,1,233.45,1,16,1,3,1,3,1,3,1,2,2
3,5,9,64,1.8,1,3,1,1,1,249.49,1,17,3,3,3,3,9,3,1,1,3
3,5,9,65,0.4,3,2,2,2,1,324.39,0,3,3,1,1,3,12,3,3,2,2
3,5,9,66,0.4,1,1,1,1,1,286.3,1,18,3,1,3,1,9,3,3,3,3
3,5,9,67,0.1,3,3,2,2,1,306.19,0,13,1,1,3,3,4,1,1,3,3
3,5,9,68,1.8,1,1,1,1,1,228.16,1,20,3,1,3,1,16,1,3,1,3
3,5,9,69,0.8,1,1,1,1,1,246.89,1,11,1,1,1,1,14,3,3,3,3
3,5,9,70,0.05,1,3,1,2,0,336.68,0,2,3,1,3,1,13,1,1,3,3
3,5,9,71,1.8,1,1,1,1,1,289.2,1,13,3,3,3,3,17,1,3,1,3
3,5,9,72,0.8,3,3,2,2,1,295.6,1,1,1,3,3,1,13,1,3,3,1
3,5,9,73,0.05,1,1,1,1,1,344.37,0,4,3,1,3,1,8,3,1,3,1
3,5,9,74,0.1,1,3,1,1,1,294.03,1,13,1,1,1,1,2,1,1,3,3
3,5,9,75,1.8,1,2,1,1,1,137.73,1,12,1,1,1,1,3,1,3,2,2
3,5,9,76,0.2,3,1,2,2,1,248.03,1,4,3,3,1,1,13,3,1,3,1
3,5,9,77,0.1,3,2,2,2,1,270.45,1,6,3,1,1,3,3,3,3,2,2
3,5,9,78,0.05,1,3,1,1,1,316.68,0,11,3,1,3,1,5,1,1,3,3
3,5,10,1,0.05,1,3,1,1,1,324.94,0,11,1,1,1,1,18,1,3,3,1
3,5,10,2,1.8,3,1,2,2,1,198.84,1,6,1,3,3,1,14,3,3,3,3
3,5,10,3,0.2,2,2,2,1,0,326.58,0,10,1,3,2,2,6,1,1,2,2
3,5,10,4,0.1,2,3,2,2,1,240.49,1,6,3,3,2,2,14,3,3,1,1
3,5,10,5,0.4,1,1,1,1,1,279.58,1,5,3,3,3,3,4,3,3,3,3
3,5,10,6,1.8,1,3,1,1,1,214.26,1,16,1,1,1,1,4,3,3,1,1
3,5,10,7,0.4,3,2,2,2,1,264.75,1,20,3,3,1,1,5,1,3,2,2
3,5,10,8,0.2,1,1,1,1,1,229.21,1,11,3,1,3,1,10,1,3,1,3
3,5,10,9,0.05,1,2,1,1,1,315.72,0,19,1,1,1,1,14,3,1,2,2
3,5,10,10,0.1,3,3,2,2,1,318.28,0,8,1,3,3,1,11,1,1,3,3
3,5,10,11,0.4,3,2,2,2,1,229.16,1,1,3,3,1,1,20,1,3,2,2
3,5,10,12,0.05,2,2,2,2,1,339.09,0,2,3,3,2,2,16,1,3,2,2
3,5,10,13,0.8,1,3,1,1,1,266.84,1,1,1,1,1,1,14,1,1,3,3
3,5,10,14,1.8,1,3,1,1,1,219.26,1,3,1,1,1,1,9,1,3,3,1
3,5,10,15,0.8,3,1,2,2,1,236.66,1,13,3,1,1,3,1,3,3,3,3
3,5,10,16,0.1,2,1,2,2,1,287.43,1,12,3,1,2,2,7,1,3,1,3
3,5,10,17,0.8,2,2,2,2,1,240.97,1,19,1,1,2,2,2,3,1,2,2
3,5,10,18,0.05,1,3,1,1,1,302.13,0,8,1,1,1,1,2,3,1,1,3
3,5,10,19,0.1,3,3,2,2,1,316.81,0,5,1,1,3,3,6,3,3,1,1
3,5,10,20,0.2,1,3,1,1,1,226.47,1,7,3,1,3,1,15,3,3,1,1
3,5,10,21,0.1,1,1,1,1,1,298.12,1,14,1,1,1,1,14,3,3,3,3
3,5,10,22,0.8,1,3,1,1,1,225.41,1,14,3,3,3,3,11,1,1,3,3
3,5,10,23,0.1,1,2,1,1,1,270.92,1,5,3,3,3,3,3,1,1,2,2
3,5,10,24,0.8,3,2,2,2,1,315.21,0,4,1,3,3,1,17,1,3,2,2
3,5,10,25,0.2,1,3,1,1,1,294.07,1,7,1,3,1,3,7,1,1,3,3
3,5,10,26,0.4,2,3,2,2,1,384.82,0,11,3,3,2,2,14,1,3,3,1
3,5,10,27,0.4,1,1,1,1,1,257.5,1,9,1,3,1,3,9,1,3,1,3
3,5,10,28,0.8,3,2,2,2,1,303.58,0,13,3,1,1,3,1,3,3,2,2
3,5,10,29,0.1,1,2,1,1,1,312.45,0,7,3,1,3,1,9,3,3,2,2
3,5,10,30,1.8,3,3,2,2,1,221,1,2,1,3,3,1,18,3,1,1,3
3,5,10,31,1.8,2,1,2,2,1,232.95,1,5,3,3,2,2,14,1,3,1,3
3,5,10,32,0.05,2,3,2,1,0,292.54,1,7,3,3,2,2,7,1,3,3,1
3,5,10,33,0.8,2,3,2,2,1,273.29,1,16,1,1,2,2,20,3,1,1,3
3,5,10,34,0.4,2,2,2,2,1,284.14,1,18,3,1,2,2,3,3,3,2,2
3,5,10,35,0.1,1,2,1,1,1,285.68,1,9,1,1,1,1,12,3,1,2,2
3,5,10,36,0.8,1,3,NaN,NaN,NaN,NaN,NaN,8,1,1,1,1,7,1,1,3,3
3,5,10,37,0.8,1,1,1,2,0,275.74,1,8,1,3,1,3,16,1,3,1,3
3,5,10,38,0.4,1,2,1,1,1,295.01,1,3,1,1,1,1,5,3,1,2,2
3,5,10,39,0.4,3,2,2,2,1,254.95,1,14,3,3,1,1,14,1,1,2,2
3,5,10,40,1.8,2,1,2,2,1,221.2,1,12,3,3,2,2,19,1,1,1,1
3,5,10,41,1.8,1,3,1,1,1,265.12,1,18,3,1,3,1,12,1,3,3,1
3,5,10,42,0.2,3,2,2,2,1,294.77,1,2,3,3,1,1,10,3,1,2,2
3,5,10,43,0.8,3,3,2,2,1,288.38,1,7,3,1,1,3,13,1,1,3,3
3,5,10,44,0.05,2,2,2,1,0,243.62,1,1,3,1,2,2,7,1,3,2,2
3,5,10,45,1.8,3,1,2,2,1,245.12,1,19,3,3,1,1,14,3,3,3,3
3,5,10,46,0.4,1,2,1,1,1,294.84,1,1,1,3,1,3,19,1,3,2,2
3,5,10,47,1.8,3,1,2,2,1,248.55,1,10,1,1,3,3,6,1,1,1,1
3,5,10,48,0.2,2,2,2,1,0,340.05,0,4,1,3,2,2,5,1,1,2,2
3,5,10,49,1.8,1,2,1,1,1,253.64,1,19,3,3,3,3,3,3,3,2,2
3,5,10,50,1.8,1,2,1,1,1,244.81,1,20,3,1,3,1,12,1,1,2,2
3,5,10,51,0.05,2,1,2,2,1,353.04,0,18,3,1,2,2,16,3,3,3,3
3,5,10,52,0.1,1,3,1,1,1,300.31,0,18,1,3,1,3,14,1,3,3,1
3,5,10,53,0.2,1,3,1,1,1,275.61,1,4,1,3,1,3,5,3,1,1,3
3,5,10,54,0.05,2,2,2,2,1,328.88,0,11,3,1,2,2,19,1,1,2,2
3,5,10,55,0.2,1,1,1,2,0,315.71,0,10,3,1,3,1,10,1,3,1,3
3,5,10,56,0.8,1,3,1,1,1,277.44,1,8,1,3,1,3,20,3,1,1,3
3,5,10,57,0.1,3,3,2,2,1,274.84,1,19,3,1,1,3,4,1,1,3,3
3,5,10,58,0.05,1,2,1,1,1,329.41,0,9,3,1,3,1,15,3,3,2,2
3,5,10,59,0.2,2,1,2,2,1,242.55,1,7,3,1,2,2,12,1,3,1,3
3,5,10,60,0.05,1,1,1,1,1,335.18,0,5,3,3,3,3,8,1,3,1,3
3,5,10,61,0.05,3,1,2,2,1,282.81,1,13,1,3,3,1,15,1,1,1,1
3,5,10,62,0.2,1,3,1,1,1,264.74,1,1,3,1,3,1,13,3,1,1,3
3,5,10,63,0.8,1,2,1,1,1,250,1,15,3,3,3,3,10,3,1,2,2
3,5,10,64,0.2,2,2,2,2,1,258.9,1,19,3,3,2,2,2,3,3,2,2
3,5,10,65,0.2,1,1,1,1,1,222.87,1,5,3,1,3,1,6,1,3,1,3
3,5,10,66,0.4,3,2,NaN,NaN,NaN,NaN,NaN,18,3,1,1,3,14,3,1,2,2
3,5,10,67,0.05,1,3,1,1,1,335.83,0,2,3,3,3,3,7,3,1,1,3
3,5,10,68,0.1,1,1,1,1,1,269.95,1,4,1,3,1,3,5,3,3,3,3
3,5,10,69,1.8,3,1,2,2,1,238.28,1,20,3,1,1,3,4,1,1,1,1
3,5,10,70,0.4,3,2,2,2,1,247.36,1,8,3,1,1,3,16,3,3,2,2
3,5,10,71,0.8,2,1,2,2,1,277.18,1,19,1,3,2,2,1,1,1,1,1
3,5,10,72,0.1,1,2,1,1,1,339.98,0,18,1,1,1,1,15,3,3,2,2
3,5,10,73,1.8,1,2,1,1,1,220.66,1,4,3,1,3,1,2,1,3,2,2
3,5,10,74,0.4,1,3,1,2,0,457.93,0,16,3,3,3,3,5,3,1,1,3
3,5,10,75,0.1,1,2,1,1,1,382.44,0,5,3,1,3,1,10,3,1,2,2
3,5,10,76,0.4,3,3,2,2,1,-9.4426,2,6,3,1,1,3,8,3,1,1,3
3,5,10,77,0.05,1,3,1,1,1,294.64,1,14,3,1,3,1,4,3,3,1,1
3,5,10,78,0.2,3,1,2,2,1,111.69,1,13,1,1,3,3,19,3,3,3,3
