4,15,1,1,1.8,3,3,2,2,1,214.25,1,13,3,1,1,3,12,3,1,1,3
4,15,1,2,0.2,3,1,2,2,1,217.96,1,9,1,1,3,3,15,3,3,3,3
4,15,1,3,0.4,1,1,1,1,1,242.29,1,3,3,3,3,3,3,3,3,3,3
4,15,1,4,0.4,1,1,1,1,1,212.08,1,20,3,3,3,3,12,1,1,1,1
4,15,1,5,0.1,3,1,2,2,1,253.18,1,4,1,3,3,1,14,3,1,3,1
4,15,1,6,0.2,2,3,2,2,1,241.04,1,7,3,1,2,2,4,3,1,1,3
4,15,1,7,0.4,1,2,1,1,1,200.43,1,16,3,1,3,1,8,3,3,2,2
4,15,1,8,0.8,1,2,1,1,1,208.35,1,4,3,3,3,3,8,1,1,2,2
4,15,1,9,0.05,3,3,2,2,1,283,1,20,1,3,3,1,18,1,1,3,3
4,15,1,10,0.2,1,1,1,1,1,200.46,1,14,1,1,1,1,19,1,1,1,1
4,15,1,11,0.1,1,1,1,1,1,214.9,1,7,1,1,1,1,15,3,3,3,3
4,15,1,12,0.4,3,2,2,2,1,221.79,1,4,1,1,3,3,19,3,1,2,2
4,15,1,13,1.8,1,3,1,1,1,205.5,1,5,1,3,1,3,4,1,3,3,1
4,15,1,14,0.05,2,2,2,2,1,299.21,1,11,1,1,2,2,14,1,1,2,2
4,15,1,15,0.2,2,3,2,1,0,243.48,1,13,3,1,2,2,18,1,1,3,3
4,15,1,16,1.8,2,3,2,2,1,220.95,1,10,3,3,2,2,18,1,1,3,3
4,15,1,17,0.05,1,3,1,1,1,256.11,1,15,3,1,3,1,19,1,1,3,3
4,15,1,18,0.8,1,1,1,1,1,267.6,1,5,3,1,3,1,19,3,3,3,3
4,15,1,19,0.8,2,2,NaN,NaN,NaN,NaN,NaN,9,1,3,2,2,2,1,3,2,2
4,15,1,20,0.05,3,1,2,1,0,478.38,0,20,1,3,3,1,9,1,1,1,1
4,15,1,21,0.1,3,3,2,1,0,290.25,1,16,1,1,3,3,17,1,1,3,3
4,15,1,22,0.05,2,2,2,2,1,343.39,0,7,3,1,2,2,14,1,1,2,2
4,15,1,23,0.8,2,2,2,2,1,227.68,1,4,1,1,2,2,13,1,1,2,2
4,15,1,24,0.4,3,1,2,2,1,212.59,1,10,3,3,1,1,4,3,1,3,1
4,15,1,25,0.05,1,1,1,1,1,260.3,1,17,3,1,3,1,13,1,3,1,3
4,15,1,26,0.1,1,2,1,1,1,232,1,17,3,1,3,1,5,1,1,2,2
4,15,1,27,1.8,2,3,2,2,1,211.87,1,15,1,3,2,2,6,1,3,3,1
4,15,1,28,0.1,2,2,2,1,0,247.07,1,5,1,3,2,2,4,1,3,2,2
4,15,1,29,1.8,1,2,1,1,1,211.39,1,15,1,3,1,3,10,1,3,2,2
4,15,1,30,0.8,1,3,1,1,1,262.27,1,18,1,1,1,1,13,3,3,1,1
4,15,1,31,0.1,3,2,2,2,1,287.54,1,7,3,3,1,1,3,3,3,2,2
4,15,1,32,0.4,1,3,1,2,0,275.52,1,13,3,1,3,1,8,1,3,3,1
4,15,1,33,0.05,2,3,2,1,0,244.05,1,10,1,1,2,2,6,1,3,3,1
4,15,1,34,0.2,3,3,2,2,1,243.71,1,20,3,3,1,1,20,1,1,3,3
4,15,1,35,0.2,3,2,2,2,1,154.92,1,17,3,1,1,3,11,3,3,2,2
4,15,1,36,0.8,3,3,2,2,1,206.8,1,11,1,3,3,1,18,1,1,3,3
4,15,1,37,0.4,1,1,1,1,1,19.538,2,14,3,1,3,1,18,1,3,1,3
4,15,1,38,0.1,1,2,1,1,1,245.32,1,9,1,3,1,3,7,1,3,2,2
4,15,1,39,0.4,3,3,2,2,1,209.55,1,12,1,1,3,3,4,3,1,1,3
4,15,1,40,1.8,1,3,1,1,1,242.5,1,17,3,3,3,3,10,3,1,1,3
4,15,1,41,0.4,1,3,1,1,1,237.32,1,13,1,1,1,1,1,1,1,3,3
4,15,1,42,0.2,2,3,2,2,1,224.88,1,11,1,3,2,2,16,3,1,1,3
4,15,1,43,1.8,1,2,1,1,1,229.6,1,15,3,3,3,3,9,3,1,2,2
4,15,1,44,0.4,2,1,2,2,1,276.53,1,16,1,3,2,2,16,1,3,1,3
4,15,1,45,0.2,1,3,1,1,1,213.25,1,1,3,1,3,1,19,3,1,1,3
4,15,1,46,0.1,1,2,1,1,1,242.24,1,1,1,3,1,3,19,1,3,2,2
4,15,1,47,0.2,1,1,1,1,1,281.13,1,15,1,1,1,1,18,3,1,3,1
4,15,1,48,0.8,2,3,2,2,1,239.69,1,6,3,1,2,2,3,3,3,1,1
4,15,1,49,1.8,1,1,1,1,1,201.3,1,5,3,1,3,1,19,1,1,1,1
4,15,1,50,0.05,3,3,2,2,1,310.5,0,7,1,1,3,3,16,1,1,3,3
4,15,1,51,0.2,2,1,2,2,1,257.43,1,16,1,3,2,2,2,3,1,3,1
4,15,1,52,0.8,1,1,1,1,1,203.35,1,20,1,1,1,1,1,3,1,3,1
4,15,1,53,0.8,1,1,1,1,1,231.25,1,16,1,3,1,3,7,1,1,1,1
4,15,1,54,0.2,1,3,1,1,1,242.34,1,19,1,3,1,3,7,1,3,3,1
4,15,1,55,0.8,1,2,1,1,1,243.32,1,17,3,3,3,3,19,1,1,2,2
4,15,1,56,0.8,1,2,1,1,1,209.7,1,4,1,1,1,1,9,1,3,2,2
4,15,1,57,0.4,1,1,1,1,1,136.19,1,10,1,1,1,1,5,3,3,3,3
4,15,1,58,1.8,2,3,2,1,0,193.62,1,10,1,1,2,2,9,3,3,1,1
4,15,1,59,1.8,3,1,2,2,1,207.23,1,11,3,1,1,3,20,3,1,3,1
4,15,1,60,1.8,2,2,2,2,1,214.98,1,7,3,3,2,2,19,3,1,2,2
4,15,1,61,0.1,1,1,1,2,0,258.57,1,2,1,1,1,1,18,1,1,1,1
4,15,1,62,0.05,2,3,2,2,1,289.93,1,16,3,1,2,2,2,3,1,1,3
4,15,1,63,0.8,1,3,1,1,1,242.55,1,7,3,3,3,3,14,1,1,3,3
4,15,1,64,0.2,1,3,1,1,1,227,1,4,1,1,1,1,14,1,3,3,1
4,15,1,65,0.1,3,2,2,2,1,248.56,1,20,1,1,3,3,13,1,1,2,2
4,15,1,66,0.1,2,1,2,2,1,458.18,0,16,3,1,2,2,7,3,1,3,1
4,15,1,67,0.1,1,2,1,1,1,253.92,1,1,3,3,3,3,11,1,1,2,2
4,15,1,68,1.8,1,3,1,1,1,210.08,1,6,1,3,1,3,18,1,1,3,3
4,15,1,69,0.4,2,1,2,2,1,247.17,1,9,1,3,2,2,3,1,1,1,1
4,15,1,70,0.2,1,3,1,1,1,182.18,1,18,3,1,3,1,19,3,1,1,3
4,15,1,71,0.05,1,1,1,1,1,276.45,1,1,3,3,3,3,3,3,1,3,1
4,15,1,72,1.8,2,3,2,1,0,203.7,1,8,1,3,2,2,20,3,3,1,1
4,15,1,73,0.8,2,2,2,2,1,204.95,1,18,1,1,2,2,2,1,1,2,2
4,15,1,74,0.05,2,2,2,2,1,290.8,1,14,1,1,2,2,11,3,3,2,2
4,15,1,75,0.05,2,3,2,2,1,373.89,0,8,3,1,2,2,15,3,3,1,1
4,15,1,76,0.4,1,3,1,1,1,257.76,1,16,3,1,3,1,8,1,1,3,3
4,15,1,77,0.05,1,2,1,1,1,305.32,0,13,1,1,1,1,18,3,3,2,2
4,15,1,78,0.1,1,3,1,1,1,267.01,1,14,3,3,3,3,14,3,3,1,1
4,15,2,1,1.8,2,2,2,1,0,218.19,1,2,1,1,2,2,11,3,1,2,2
4,15,2,2,0.4,2,1,2,2,1,270.99,1,7,1,3,2,2,10,3,3,3,3
4,15,2,3,0.05,2,1,2,1,0,273.21,1,12,1,1,2,2,20,1,3,1,3
4,15,2,4,0.2,1,2,1,1,1,189.16,1,17,1,1,1,1,20,1,1,2,2
4,15,2,5,0.2,2,3,2,1,0,212.86,1,18,1,1,2,2,4,3,1,1,3
4,15,2,6,1.8,1,1,1,1,1,213.01,1,17,3,1,3,1,5,1,3,1,3
4,15,2,7,0.8,1,3,1,1,1,215.96,1,10,1,1,1,1,18,3,1,1,3
4,15,2,8,0.05,1,2,1,1,1,267.08,1,20,3,3,3,3,15,1,1,2,2
4,15,2,9,0.8,1,3,1,1,1,223.41,1,17,1,1,1,1,6,1,1,3,3
4,15,2,10,1.8,1,3,1,1,1,222.43,1,15,1,1,1,1,19,3,3,1,1
4,15,2,11,0.4,1,2,1,1,1,234.51,1,12,3,3,3,3,20,3,3,2,2
4,15,2,12,0.2,1,2,1,1,1,223.62,1,4,1,3,1,3,5,3,3,2,2
4,15,2,13,0.05,1,1,1,2,0,336.42,0,4,3,3,3,3,9,3,1,3,1
4,15,2,14,0.8,3,3,2,2,1,214.91,1,3,3,1,1,3,16,1,3,3,1
4,15,2,15,1.8,1,3,1,2,0,209.2,1,16,1,1,1,1,3,1,3,3,1
4,15,2,16,0.2,3,2,2,2,1,215.38,1,8,3,1,1,3,15,1,1,2,2
4,15,2,17,0.8,1,2,1,1,1,246.7,1,20,1,1,1,1,16,1,3,2,2
4,15,2,18,1.8,1,1,1,1,1,200.08,1,6,1,1,1,1,6,3,1,3,1
4,15,2,19,0.8,1,1,1,1,1,213.23,1,11,1,3,1,3,9,3,1,3,1
4,15,2,20,0.1,1,3,1,1,1,250.1,1,18,3,1,3,1,8,3,3,1,1
4,15,2,21,0.4,2,1,2,2,1,246.99,1,17,3,3,2,2,3,1,1,1,1
4,15,2,22,0.4,1,3,1,2,0,303.77,0,19,3,1,3,1,4,1,3,3,1
4,15,2,23,0.8,1,3,1,1,1,246.67,1,13,3,3,3,3,1,1,3,3,1
4,15,2,24,0.2,1,3,1,1,1,231.02,1,2,1,3,1,3,9,1,1,3,3
4,15,2,25,0.05,2,3,2,2,1,380.63,0,15,3,1,2,2,12,3,1,1,3
4,15,2,26,0.1,1,2,1,1,1,260.25,1,9,3,1,3,1,8,1,1,2,2
4,15,2,27,0.4,1,2,1,1,1,221.34,1,6,3,1,3,1,15,1,1,2,2
4,15,2,28,0.05,2,3,2,1,0,208.34,1,5,3,1,2,2,15,1,1,3,3
4,15,2,29,0.05,2,2,2,1,0,321.69,0,9,3,3,2,2,1,1,1,2,2
4,15,2,30,0.2,2,3,2,2,1,245.56,1,9,1,1,2,2,5,1,1,3,3
4,15,2,31,1.8,2,2,2,2,1,212.09,1,5,1,3,2,2,5,1,3,2,2
4,15,2,32,0.4,1,2,NaN,NaN,NaN,NaN,NaN,3,3,3,3,3,20,3,1,2,2
4,15,2,33,0.05,3,1,2,2,1,271.3,1,16,3,1,1,3,4,1,3,1,3
4,15,2,34,0.1,1,2,1,1,1,267.04,1,17,1,1,1,1,12,1,3,2,2
4,15,2,35,0.8,1,2,1,1,1,250.53,1,16,1,3,1,3,12,3,1,2,2
4,15,2,36,0.1,1,1,1,1,1,292.58,1,16,1,3,1,3,14,3,3,3,3
4,15,2,37,0.2,1,2,1,1,1,259.98,1,7,1,1,1,1,11,3,1,2,2
4,15,2,38,0.2,2,2,2,2,1,248.06,1,14,1,1,2,2,14,3,3,2,2
4,15,2,39,1.8,2,2,2,1,0,205.33,1,4,3,3,2,2,10,3,3,2,2
4,15,2,40,0.1,3,1,2,2,1,295.72,1,13,1,1,3,3,4,3,3,3,3
4,15,2,41,0.8,1,3,1,1,1,257.33,1,16,1,1,1,1,1,3,3,1,1
4,15,2,42,0.1,2,2,2,2,1,217.8,1,11,1,1,2,2,13,1,1,2,2
4,15,2,43,0.05,1,1,1,1,1,268.02,1,2,3,1,3,1,14,1,1,1,1
4,15,2,44,0.4,2,2,2,2,1,215.34,1,19,1,3,2,2,1,3,3,2,2
4,15,2,45,0.05,2,3,2,1,0,278.94,1,5,3,3,2,2,7,1,1,3,3
4,15,2,46,0.2,2,1,2,2,1,287.46,1,7,1,1,2,2,5,3,3,3,3
4,15,2,47,0.8,3,1,2,2,1,231.75,1,11,3,3,1,1,17,3,1,3,1
4,15,2,48,0.2,2,1,2,2,1,230.56,1,19,3,3,2,2,16,1,3,1,3
4,15,2,49,0.4,1,3,1,1,1,234.19,1,14,3,1,3,1,14,1,1,3,3
4,15,2,50,0.8,1,1,1,1,1,224.85,1,6,3,1,3,1,10,1,1,1,1
4,15,2,51,0.4,2,1,2,2,1,280.2,1,4,3,3,2,2,8,3,3,3,3
4,15,2,52,0.1,3,2,2,2,1,317.89,0,13,3,1,1,3,18,3,1,2,2
4,15,2,53,1.8,1,2,NaN,NaN,NaN,NaN,NaN,12,3,3,3,3,13,1,3,2,2
4,15,2,54,0.1,3,3,2,2,1,300.21,0,6,3,1,1,3,9,1,3,3,1
4,15,2,55,0.1,1,3,NaN,NaN,NaN,NaN,NaN,7,3,1,3,1,17,3,1,1,3
4,15,2,56,0.1,1,2,1,1,1,271,1,13,1,1,1,1,9,3,3,2,2
4,15,2,57,1.8,1,2,1,1,1,182.98,1,8,1,3,1,3,20,1,3,2,2
4,15,2,58,0.05,1,2,1,1,1,271.1,1,14,1,3,1,3,18,3,1,2,2
4,15,2,59,0.4,3,2,2,2,1,240.1,1,18,1,1,3,3,1,1,3,2,2
4,15,2,60,0.2,2,2,2,2,1,279.18,1,5,3,1,2,2,5,1,3,2,2
4,15,2,61,0.2,1,3,1,1,1,262.14,1,15,1,1,1,1,11,3,3,1,1
4,15,2,62,0.05,1,2,1,1,1,286.93,1,8,1,1,1,1,20,1,1,2,2
4,15,2,63,0.8,1,3,1,1,1,215.06,1,7,1,1,1,1,13,1,3,3,1
4,15,2,64,1.8,1,3,1,1,1,237.47,1,15,1,1,1,1,15,3,1,1,3
4,15,2,65,0.4,3,2,2,2,1,238.75,1,9,1,3,3,1,17,3,3,2,2
4,15,2,66,0.1,2,3,2,1,0,293.63,1,12,3,1,2,2,3,1,1,3,3
4,15,2,67,0.1,2,3,2,2,1,232.14,1,14,3,1,2,2,16,3,3,1,1
4,15,2,68,0.05,1,1,1,1,1,277.07,1,5,3,3,3,3,8,3,3,3,3
4,15,2,69,0.8,1,1,1,1,1,261.16,1,2,1,1,1,1,17,3,1,3,1
4,15,2,70,0.1,1,1,1,1,1,272.06,1,12,3,3,3,3,5,3,3,3,3
4,15,2,71,0.4,1,1,1,1,1,228.51,1,20,3,1,3,1,7,1,1,1,1
4,15,2,72,1.8,1,3,1,1,1,234.33,1,20,1,3,1,3,15,1,1,3,3
4,15,2,73,1.8,2,1,2,2,1,228.44,1,16,3,3,2,2,20,1,3,1,3
4,15,2,74,0.4,1,3,1,1,1,232.01,1,5,1,1,1,1,18,1,3,3,1
4,15,2,75,0.2,3,3,2,2,1,229.12,1,18,1,1,3,3,11,3,1,1,3
4,15,2,76,0.8,1,1,1,1,1,254.96,1,9,1,3,1,3,3,3,1,3,1
4,15,2,77,1.8,3,1,2,2,1,227.44,1,20,3,3,1,1,20,1,1,1,1
4,15,2,78,0.05,1,1,1,1,1,287.65,1,15,3,1,3,1,19,1,3,1,3
4,15,3,1,0.05,3,3,2,2,1,300.29,0,19,3,3,1,1,15,1,1,3,3
4,15,3,2,0.2,3,3,2,2,1,241.99,1,10,1,3,3,1,3,1,3,3,1
4,15,3,3,0.1,1,1,1,1,1,209.39,1,10,1,3,1,3,17,1,1,1,1
4,15,3,4,1.8,3,3,2,2,1,228.46,1,11,3,3,1,1,13,3,3,1,1
4,15,3,5,0.2,1,3,1,1,1,234.56,1,5,3,1,3,1,17,1,1,3,3
4,15,3,6,0.1,1,1,1,1,1,215.38,1,20,1,3,1,3,20,3,3,3,3
4,15,3,7,0.4,2,3,2,2,1,218.04,1,6,3,3,2,2,6,1,1,3,3
4,15,3,8,0.8,3,2,2,2,1,227.95,1,14,3,1,1,3,2,1,3,2,2
4,15,3,9,0.2,3,2,2,2,1,279.63,1,13,1,3,3,1,18,1,3,2,2
4,15,3,10,0.1,1,1,1,1,1,234.59,1,5,3,3,3,3,14,3,1,3,1
4,15,3,11,1.8,1,2,1,2,0,227.75,1,15,1,1,1,1,1,3,3,2,2
4,15,3,12,0.1,1,3,1,1,1,250.98,1,1,3,3,3,3,20,1,1,3,3
4,15,3,13,0.05,1,1,1,1,1,289.48,1,17,1,3,1,3,19,3,1,3,1
4,15,3,14,0.4,1,1,1,1,1,230.3,1,9,1,3,1,3,12,1,1,1,1
4,15,3,15,0.05,1,3,1,1,1,284.34,1,10,3,3,3,3,13,3,3,1,1
4,15,3,16,0.2,1,1,1,1,1,270.39,1,13,1,1,1,1,7,3,1,3,1
4,15,3,17,0.4,3,3,2,2,1,262.69,1,6,3,3,1,1,3,1,1,3,3
4,15,3,18,1.8,1,3,1,1,1,220.87,1,17,3,3,3,3,19,1,3,3,1
4,15,3,19,0.8,1,3,1,1,1,208.04,1,2,1,3,1,3,15,1,3,3,1
4,15,3,20,0.4,3,3,2,2,1,238.61,1,9,3,3,1,1,19,1,3,3,1
4,15,3,21,0.1,2,2,2,1,0,284.24,1,8,3,1,2,2,13,3,1,2,2
4,15,3,22,0.4,1,1,1,1,1,263.46,1,16,3,3,3,3,5,3,3,3,3
4,15,3,23,1.8,2,3,2,2,1,219.27,1,17,1,1,2,2,14,1,3,3,1
4,15,3,24,0.4,2,2,2,2,1,249.71,1,16,3,1,2,2,6,3,3,2,2
4,15,3,25,0.2,2,3,2,2,1,292.36,1,2,3,3,2,2,4,3,1,1,3
4,15,3,26,0.05,3,1,2,2,1,321.21,0,15,1,1,3,3,14,3,1,3,1
4,15,3,27,0.1,3,1,2,2,1,279.94,1,2,3,1,1,3,2,1,3,1,3
4,15,3,28,0.4,1,2,1,1,1,195.47,1,8,3,3,3,3,8,3,3,2,2
4,15,3,29,1.8,1,2,1,1,1,221.05,1,16,1,1,1,1,7,1,1,2,2
4,15,3,30,1.8,3,1,2,2,1,219.17,1,1,3,1,1,3,13,1,3,1,3
4,15,3,31,0.1,3,2,2,2,1,277.74,1,7,3,1,1,3,9,3,3,2,2
4,15,3,32,0.8,2,2,2,2,1,220.15,1,13,1,1,2,2,6,3,3,2,2
4,15,3,33,0.8,1,3,1,1,1,247.72,1,5,3,3,3,3,16,3,1,1,3
4,15,3,34,0.8,3,3,NaN,NaN,NaN,NaN,NaN,4,3,1,1,3,12,1,3,3,1
4,15,3,35,0.8,2,3,2,2,1,295.77,1,4,1,1,2,2,1,1,1,3,3
4,15,3,36,0.2,1,2,1,1,1,290.08,1,11,1,1,1,1,10,1,3,2,2
4,15,3,37,1.8,1,2,1,1,1,237.57,1,16,1,1,1,1,9,1,3,2,2
4,15,3,38,0.8,2,3,2,1,0,234.91,1,5,3,3,2,2,12,1,3,3,1
4,15,3,39,0.2,1,1,1,1,1,273.89,1,18,1,1,1,1,5,3,1,3,1
4,15,3,40,0.1,3,1,2,2,1,312.37,0,13,1,1,3,3,19,3,1,3,1
4,15,3,41,1.8,1,2,NaN,NaN,NaN,NaN,NaN,14,3,1,3,1,13,1,3,2,2
4,15,3,42,0.1,1,1,1,1,1,297.03,1,20,3,1,3,1,15,1,3,1,3
4,15,3,43,0.8,1,3,1,1,1,249.47,1,9,3,3,3,3,12,1,1,3,3
4,15,3,44,0.1,2,2,2,2,1,305.49,0,5,1,1,2,2,11,3,3,2,2
4,15,3,45,0.2,3,1,2,2,1,237.94,1,6,1,3,3,1,3,3,3,3,3
4,15,3,46,0.4,1,3,1,1,1,237.55,1,1,1,3,1,3,2,3,1,1,3
4,15,3,47,0.05,3,3,2,2,1,311.51,0,11,1,1,3,3,9,1,3,3,1
4,15,3,48,0.05,1,2,1,1,1,293.51,1,3,1,1,1,1,5,3,1,2,2
4,15,3,49,0.05,1,2,1,1,1,283.84,1,6,3,3,3,3,10,3,1,2,2
4,15,3,50,0.05,2,2,2,1,0,268.53,1,20,3,3,2,2,3,3,1,2,2
4,15,3,51,0.4,1,2,1,1,1,277.84,1,5,3,1,3,1,18,3,1,2,2
4,15,3,52,0.1,2,3,2,2,1,317.41,0,15,3,1,2,2,15,1,3,3,1
4,15,3,53,0.8,3,3,2,2,1,217.93,1,17,1,3,3,1,7,1,1,3,3
4,15,3,54,0.8,3,2,2,2,1,223.75,1,15,1,3,3,1,2,1,3,2,2
4,15,3,55,0.05,3,1,2,1,0,254.4,1,12,3,1,1,3,14,1,1,1,1
4,15,3,56,0.2,1,2,1,1,1,236.85,1,14,1,3,1,3,14,1,3,2,2
4,15,3,57,1.8,3,3,2,2,1,212.05,1,1,1,1,3,3,9,1,1,3,3
4,15,3,58,0.4,2,3,2,2,1,-3.4039,2,19,1,3,2,2,17,3,1,1,3
4,15,3,59,0.8,2,1,2,2,1,221.77,1,6,3,3,2,2,13,1,1,1,1
4,15,3,60,0.4,3,3,2,2,1,264.75,1,19,1,1,3,3,7,1,1,3,3
4,15,3,61,0.2,3,2,2,2,1,232.71,1,18,1,1,3,3,1,1,3,2,2
4,15,3,62,0.2,3,2,2,2,1,418.21,0,16,1,3,3,1,13,3,1,2,2
4,15,3,63,0.4,1,3,1,1,1,237.75,1,8,1,3,1,3,2,1,1,3,3
4,15,3,64,0.05,1,2,1,1,1,301.17,0,1,1,3,1,3,10,3,1,2,2
4,15,3,65,0.05,1,2,1,1,1,285.69,1,20,3,1,3,1,6,1,1,2,2
4,15,3,66,1.8,1,1,1,1,1,229.49,1,5,1,3,1,3,3,1,3,1,3
4,15,3,67,1.8,3,3,2,2,1,223.98,1,16,1,1,3,3,15,3,1,1,3
4,15,3,68,0.8,3,1,2,2,1,271.45,1,5,3,1,1,3,11,3,1,3,1
4,15,3,69,1.8,1,3,1,1,1,230.35,1,19,1,3,1,3,2,3,1,1,3
4,15,3,70,0.4,3,1,2,2,1,239.87,1,5,3,3,1,1,10,3,3,3,3
4,15,3,71,0.1,1,2,1,1,1,259.18,1,5,1,1,1,1,12,3,3,2,2
4,15,3,72,0.2,1,3,1,1,1,234.55,1,14,3,3,3,3,10,3,3,1,1
4,15,3,73,1.8,1,2,1,1,1,246.46,1,9,3,1,3,1,20,3,1,2,2
4,15,3,74,0.1,2,1,2,2,1,295.04,1,14,1,1,2,2,18,1,1,1,1
4,15,3,75,0.05,3,3,2,2,1,321.06,0,7,1,3,3,1,15,3,3,1,1
4,15,3,76,0.2,3,2,2,2,1,269.35,1,16,3,1,1,3,9,3,1,2,2
4,15,3,77,0.8,1,1,1,1,1,274.83,1,15,3,3,3,3,8,3,3,3,3
4,15,3,78,0.05,1,2,1,1,1,273.63,1,6,1,1,1,1,11,1,3,2,2
4,15,4,1,0.4,1,2,1,1,1,223.73,1,18,1,3,1,3,5,3,3,2,2
4,15,4,2,0.05,3,2,2,1,0,229.81,1,17,1,1,3,3,4,1,3,2,2
4,15,4,3,0.4,3,2,2,2,1,214.51,1,6,1,1,3,3,12,1,3,2,2
4,15,4,4,0.4,1,1,1,1,1,239.6,1,11,1,1,1,1,12,3,1,3,1
4,15,4,5,0.1,2,3,2,2,1,264.69,1,19,1,1,2,2,14,3,3,1,1
4,15,4,6,0.05,3,2,2,2,1,319.28,0,12,3,3,1,1,3,1,3,2,2
4,15,4,7,1.8,3,2,2,2,1,203.78,1,3,1,1,3,3,6,1,1,2,2
4,15,4,8,0.8,3,2,NaN,NaN,NaN,NaN,NaN,6,3,3,1,1,15,3,1,2,2
4,15,4,9,0.8,2,2,2,2,1,237.21,1,5,3,1,2,2,6,3,1,2,2
4,15,4,10,0.4,1,3,1,1,1,246.37,1,6,1,3,1,3,13,3,3,1,1
4,15,4,11,1.8,1,1,1,1,1,249.89,1,15,1,1,1,1,18,3,3,3,3
4,15,4,12,0.8,2,1,2,2,1,228.33,1,16,3,1,2,2,11,3,3,3,3
4,15,4,13,1.8,3,3,2,2,1,227.76,1,19,1,1,3,3,18,1,1,3,3
4,15,4,14,0.05,1,1,1,1,1,290.38,1,4,3,3,3,3,9,3,1,3,1
4,15,4,15,0.2,1,2,1,1,1,252.95,1,8,1,1,1,1,4,3,1,2,2
4,15,4,16,0.8,1,1,1,1,1,233.4,1,18,3,1,3,1,20,3,3,3,3
4,15,4,17,0.05,1,3,1,1,1,295.36,1,1,1,3,1,3,1,3,1,1,3
4,15,4,18,0.4,2,3,2,2,1,262.64,1,2,3,3,2,2,3,3,3,1,1
4,15,4,19,0.05,1,3,1,1,1,290.67,1,17,3,3,3,3,20,3,1,1,3
4,15,4,20,0.05,1,3,1,2,0,304.21,0,15,3,1,3,1,15,3,1,1,3
4,15,4,21,0.4,1,3,1,1,1,269.19,1,11,1,3,1,3,4,3,1,1,3
4,15,4,22,1.8,2,3,2,2,1,221.37,1,7,1,1,2,2,5,3,1,1,3
4,15,4,23,0.1,2,1,2,2,1,491.34,0,16,1,3,2,2,16,1,1,1,1
4,15,4,24,0.1,1,1,1,1,1,274.87,1,20,1,3,1,3,5,1,3,1,3
4,15,4,25,0.4,1,3,1,1,1,251.32,1,6,3,1,3,1,15,1,3,3,1
4,15,4,26,0.1,1,3,1,1,1,237.08,1,11,3,3,3,3,3,3,3,1,1
4,15,4,27,0.4,1,2,1,1,1,174.24,1,19,1,1,1,1,8,3,1,2,2
4,15,4,28,1.8,2,2,2,2,1,224.83,1,8,3,1,2,2,10,3,3,2,2
4,15,4,29,0.05,1,1,1,1,1,251.04,1,20,3,3,3,3,14,3,1,3,1
4,15,4,30,0.4,3,1,2,2,1,222.59,1,7,3,3,1,1,16,1,3,1,3
4,15,4,31,0.8,3,2,2,2,1,258.11,1,13,1,1,3,3,4,3,3,2,2
4,15,4,32,1.8,1,3,1,1,1,254.37,1,12,3,1,3,1,10,3,3,1,1
4,15,4,33,0.1,3,2,2,2,1,306.95,0,17,1,1,3,3,3,1,1,2,2
4,15,4,34,0.2,1,2,1,1,1,232.25,1,10,3,1,3,1,2,1,3,2,2
4,15,4,35,0.1,1,2,1,1,1,277.93,1,20,1,1,1,1,9,1,3,2,2
4,15,4,36,0.05,2,3,2,1,0,274.88,1,2,3,3,2,2,17,3,3,1,1
4,15,4,37,1.8,3,2,2,2,1,223.84,1,8,3,3,1,1,15,3,1,2,2
4,15,4,38,0.2,1,3,1,1,1,207.59,1,10,3,1,3,1,20,1,3,3,1
4,15,4,39,0.2,3,2,2,2,1,390.86,0,12,3,3,1,1,3,1,3,2,2
4,15,4,40,1.8,3,1,2,2,1,241.04,1,8,1,3,3,1,14,1,1,1,1
4,15,4,41,0.2,3,3,2,2,1,246.77,1,3,3,3,1,1,9,3,1,1,3
4,15,4,42,0.1,2,2,2,2,1,338.86,0,17,3,1,2,2,16,3,1,2,2
4,15,4,43,0.2,3,3,2,2,1,233.33,1,6,3,1,1,3,17,3,1,1,3
4,15,4,44,0.1,1,3,1,1,1,258.91,1,16,1,1,1,1,19,1,1,3,3
4,15,4,45,0.1,3,2,2,2,1,261.74,1,8,1,3,3,1,13,3,1,2,2
4,15,4,46,0.05,1,2,1,1,1,285.85,1,3,1,1,1,1,10,3,3,2,2
4,15,4,47,0.2,1,2,1,1,1,216.97,1,5,3,1,3,1,19,3,1,2,2
4,15,4,48,0.4,2,1,2,2,1,260.51,1,5,1,3,2,2,10,3,3,3,3
4,15,4,49,0.2,1,3,1,1,1,219.65,1,5,3,3,3,3,6,1,1,3,3
4,15,4,50,1.8,1,3,1,1,1,200.93,1,8,3,1,3,1,11,1,3,3,1
4,15,4,51,0.1,1,2,1,1,1,233.96,1,7,1,1,1,1,4,3,3,2,2
4,15,4,52,1.8,1,3,NaN,NaN,NaN,NaN,NaN,9,3,1,3,1,5,3,1,1,3
4,15,4,53,0.8,2,1,2,2,1,208.15,1,16,1,3,2,2,17,1,3,1,3
4,15,4,54,0.8,1,3,1,1,1,259.4,1,20,3,3,3,3,19,1,3,3,1
4,15,4,55,0.4,2,3,2,2,1,239.67,1,8,3,3,2,2,17,3,3,1,1
4,15,4,56,1.8,1,3,1,1,1,246.07,1,5,3,1,3,1,4,1,1,3,3
4,15,4,57,0.2,2,3,2,1,0,263.43,1,13,3,3,2,2,16,1,1,3,3
4,15,4,58,0.4,1,3,1,1,1,250.48,1,12,1,3,1,3,12,1,3,3,1
4,15,4,59,0.1,1,3,1,1,1,165.74,1,6,1,3,1,3,5,1,3,3,1
4,15,4,60,0.05,2,2,2,1,0,240.04,1,10,1,1,2,2,17,1,1,2,2
4,15,4,61,0.8,1,3,1,1,1,216.69,1,4,3,1,3,1,19,3,3,1,1
4,15,4,62,0.05,2,1,2,2,1,355.7,0,9,3,1,2,2,2,1,3,1,3
4,15,4,63,0.8,1,2,1,1,1,234.89,1,7,3,3,3,3,4,3,1,2,2
4,15,4,64,1.8,3,2,NaN,NaN,NaN,NaN,NaN,7,3,3,1,1,15,3,3,2,2
4,15,4,65,0.2,2,1,2,2,1,271.75,1,18,1,1,2,2,15,3,1,3,1
4,15,4,66,0.05,1,1,1,1,1,274.72,1,11,3,3,3,3,14,1,1,1,1
4,15,4,67,0.4,2,3,2,2,1,267.3,1,19,1,1,2,2,11,3,1,1,3
4,15,4,68,0.8,1,2,1,1,1,261.24,1,2,1,1,1,1,5,1,3,2,2
4,15,4,69,0.8,1,3,1,1,1,232.13,1,14,3,3,3,3,2,1,3,3,1
4,15,4,70,0.05,1,1,1,1,1,289.96,1,5,1,1,1,1,1,3,1,3,1
4,15,4,71,0.1,2,1,2,2,1,319.46,0,8,3,3,2,2,10,3,1,3,1
4,15,4,72,1.8,1,3,1,1,1,245.24,1,17,3,1,3,1,20,1,1,3,3
4,15,4,73,0.2,1,3,1,1,1,212.76,1,3,1,3,1,3,14,3,1,1,3
4,15,4,74,0.1,1,1,1,1,1,281.42,1,14,1,3,1,3,10,1,1,1,1
4,15,4,75,0.8,2,2,2,2,1,245.44,1,14,1,3,2,2,10,3,3,2,2
4,15,4,76,0.2,1,2,1,1,1,247.76,1,1,3,3,3,3,10,1,1,2,2
4,15,4,77,0.2,1,1,1,1,1,264.19,1,8,1,3,1,3,15,1,1,1,1
4,15,4,78,0.8,2,3,2,1,0,226.71,1,14,3,3,2,2,14,1,1,3,3
4,15,5,1,0.8,1,2,1,1,1,224.7,1,9,1,1,1,1,4,3,1,2,2
4,15,5,2,1.8,2,2,2,2,1,221,1,2,3,1,2,2,16,3,3,2,2
4,15,5,3,0.05,1,2,1,1,1,254.39,1,1,3,3,3,3,19,3,3,2,2
4,15,5,4,0.1,1,1,1,1,1,220.27,1,6,1,1,1,1,9,1,3,1,3
4,15,5,5,0.8,3,1,2,2,1,245.42,1,14,1,1,3,3,3,1,1,1,1
4,15,5,6,0.1,2,2,2,1,0,272.26,1,16,1,1,2,2,5,1,3,2,2
4,15,5,7,0.4,3,1,2,2,1,271.78,1,12,1,1,3,3,5,1,1,1,1
4,15,5,8,0.1,2,2,2,1,0,293.04,1,4,3,3,2,2,6,1,3,2,2
4,15,5,9,0.2,1,2,1,1,1,267.06,1,17,1,1,1,1,2,1,3,2,2
4,15,5,10,0.1,1,2,1,1,1,275.22,1,20,1,3,1,3,14,3,3,2,2
4,15,5,11,1.8,1,3,1,1,1,210.22,1,9,1,1,1,1,13,3,3,1,1
4,15,5,12,1.8,3,3,2,2,1,234.13,1,17,3,1,1,3,8,3,3,1,1
4,15,5,13,1.8,1,3,1,1,1,267.15,1,10,1,1,1,1,11,3,1,1,3
4,15,5,14,0.05,1,2,1,1,1,294.73,1,8,1,3,1,3,20,3,3,2,2
4,15,5,15,0.4,2,2,2,2,1,255.39,1,8,3,3,2,2,12,1,1,2,2
4,15,5,16,0.4,2,2,2,2,1,214.45,1,3,1,1,2,2,11,3,1,2,2
4,15,5,17,0.4,2,1,2,2,1,81.438,2,13,3,3,2,2,20,3,3,3,3
4,15,5,18,0.05,1,1,1,1,1,273.47,1,20,3,1,3,1,9,3,1,3,1
4,15,5,19,0.2,2,2,2,2,1,249.26,1,17,1,1,2,2,2,3,1,2,2
4,15,5,20,0.4,1,1,1,1,1,264.82,1,9,1,1,1,1,8,1,3,1,3
4,15,5,21,0.05,3,1,2,1,0,308.36,0,12,3,3,1,1,11,3,3,3,3
4,15,5,22,0.8,1,1,1,1,1,254.3,1,20,3,3,3,3,16,1,1,1,1
4,15,5,23,0.4,1,2,1,1,1,246.21,1,3,1,1,1,1,19,3,3,2,2
4,15,5,24,1.8,1,2,1,1,1,220.86,1,18,3,3,3,3,3,3,3,2,2
4,15,5,25,1.8,2,2,2,2,1,227.33,1,16,3,1,2,2,18,3,3,2,2
4,15,5,26,1.8,1,1,1,1,1,207.92,1,1,1,1,1,1,7,1,3,1,3
4,15,5,27,1.8,2,3,NaN,NaN,NaN,NaN,NaN,13,1,3,2,2,2,3,1,1,3
4,15,5,28,0.2,3,2,2,2,1,229.19,1,4,3,1,1,3,10,3,3,2,2
4,15,5,29,0.8,2,2,2,1,0,278.12,1,4,3,3,2,2,19,3,1,2,2
4,15,5,30,0.2,1,2,1,1,1,258.32,1,4,3,3,3,3,6,1,1,2,2
4,15,5,31,1.8,1,2,1,1,1,217.74,1,15,3,3,3,3,7,3,3,2,2
4,15,5,32,0.8,1,2,1,1,1,246.16,1,12,3,3,3,3,11,1,1,2,2
4,15,5,33,0.1,1,3,1,1,1,247.4,1,8,1,1,1,1,12,1,1,3,3
4,15,5,34,0.4,1,1,1,1,1,243.62,1,16,3,1,3,1,10,3,3,3,3
4,15,5,35,0.8,3,2,2,2,1,232.81,1,18,1,3,3,1,18,1,1,2,2
4,15,5,36,0.1,2,1,2,1,0,278.1,1,15,3,1,2,2,4,3,3,3,3
4,15,5,37,0.8,1,1,1,1,1,219.41,1,3,3,1,3,1,6,3,1,3,1
4,15,5,38,0.4,1,3,1,1,1,249.94,1,3,1,3,1,3,17,3,3,1,1
4,15,5,39,0.05,1,1,1,1,1,295.82,1,20,1,3,1,3,19,3,3,3,3
4,15,5,40,0.1,1,1,1,1,1,261.96,1,20,1,3,1,3,19,3,1,3,1
4,15,5,41,0.2,2,3,2,2,1,272.17,1,9,3,3,2,2,13,1,1,3,3
4,15,5,42,1.8,1,2,1,1,1,218.67,1,19,3,3,3,3,8,1,3,2,2
4,15,5,43,0.1,2,2,2,2,1,270.24,1,7,1,3,2,2,10,1,3,2,2
4,15,5,44,0.8,2,3,2,2,1,214.67,1,15,1,1,2,2,13,1,1,3,3
4,15,5,45,0.8,1,1,1,1,1,218.69,1,13,3,3,3,3,19,1,1,1,1
4,15,5,46,0.05,3,3,2,2,1,329.3,0,10,1,1,3,3,14,3,3,1,1
4,15,5,47,0.2,2,2,2,2,1,257.28,1,13,3,3,2,2,20,3,3,2,2
4,15,5,48,1.8,3,2,2,2,1,216.31,1,20,3,1,1,3,19,3,1,2,2
4,15,5,49,0.1,2,1,2,2,1,318.32,0,15,1,1,2,2,7,3,3,3,3
4,15,5,50,0.8,3,3,NaN,NaN,NaN,NaN,NaN,12,3,1,1,3,9,3,1,1,3
4,15,5,51,0.2,1,1,1,1,1,277.23,1,13,3,1,3,1,7,3,3,3,3
4,15,5,52,0.8,1,3,1,1,1,256.28,1,14,1,1,1,1,6,1,3,3,1
4,15,5,53,0.05,2,1,2,1,0,476.55,0,17,1,1,2,2,2,1,3,1,3
4,15,5,54,0.1,1,2,1,1,1,239.72,1,5,1,3,1,3,9,3,1,2,2
4,15,5,55,0.05,3,3,2,1,0,295.2,1,1,3,3,1,1,7,3,3,1,1
4,15,5,56,0.2,3,1,2,2,1,251.23,1,10,1,1,3,3,8,1,1,1,1
4,15,5,57,0.05,1,2,1,2,0,304.58,0,14,3,3,3,3,17,3,1,2,2
4,15,5,58,0.8,1,2,1,1,1,249.98,1,11,1,3,1,3,19,3,3,2,2
4,15,5,59,0.4,1,2,1,1,1,40.976,2,7,3,3,3,3,3,3,3,2,2
4,15,5,60,0.05,1,1,1,1,1,262.71,1,3,1,1,1,1,3,3,3,3,3
4,15,5,61,0.2,1,1,1,1,1,235.85,1,1,3,1,3,1,17,3,1,3,1
4,15,5,62,1.8,2,1,2,2,1,203.05,1,6,3,3,2,2,8,3,3,3,3
4,15,5,63,0.2,1,3,1,1,1,407.97,0,10,1,3,1,3,9,1,1,3,3
4,15,5,64,0.1,3,1,2,1,0,288.26,1,5,3,1,1,3,15,3,1,3,1
4,15,5,65,0.2,3,1,2,2,1,196.92,1,8,3,1,1,3,8,1,1,1,1
4,15,5,66,0.05,1,3,1,1,1,264.9,1,4,1,3,1,3,3,1,1,3,3
4,15,5,67,0.1,2,2,2,2,1,291.05,1,17,3,3,2,2,19,1,1,2,2
4,15,5,68,0.8,1,3,1,1,1,259.1,1,12,1,1,1,1,2,1,1,3,3
4,15,5,69,0.2,1,3,1,1,1,207.27,1,19,1,1,1,1,11,3,1,1,3
4,15,5,70,0.1,1,2,1,1,1,239.24,1,10,3,1,3,1,9,3,3,2,2
4,15,5,71,1.8,2,1,2,2,1,207.29,1,2,3,3,2,2,5,3,3,3,3
4,15,5,72,0.2,1,2,1,1,1,275.47,1,2,1,1,1,1,9,3,3,2,2
4,15,5,73,0.4,2,2,2,2,1,269.02,1,17,3,3,2,2,1,1,1,2,2
4,15,5,74,0.05,3,1,2,1,0,271.57,1,1,3,1,1,3,17,3,1,3,1
4,15,5,75,0.4,1,3,1,1,1,196.38,1,17,3,1,3,1,11,3,1,1,3
4,15,5,76,0.4,2,1,2,1,0,216.65,1,15,3,3,2,2,1,1,3,1,3
4,15,5,77,0.05,1,2,1,2,0,307.4,0,13,1,1,1,1,15,3,3,2,2
4,15,5,78,0.4,1,3,1,1,1,209.25,1,9,1,1,1,1,19,3,1,1,3
4,15,6,1,0.05,1,2,1,1,1,261.85,1,8,1,1,1,1,19,3,1,2,2
4,15,6,2,0.8,1,2,1,1,1,221.63,1,19,3,1,3,1,4,3,1,2,2
4,15,6,3,0.2,1,1,1,1,1,245.77,1,13,3,1,3,1,14,3,1,3,1
4,15,6,4,0.2,2,1,2,2,1,221.07,1,13,1,1,2,2,18,3,1,3,1
4,15,6,5,0.05,2,1,2,1,0,249.73,1,12,1,1,2,2,7,3,3,3,3
4,15,6,6,1.8,3,1,2,2,1,221.72,1,12,3,1,1,3,13,3,1,3,1
4,15,6,7,0.05,1,2,1,1,1,297.4,1,1,1,1,1,1,3,1,3,2,2
4,15,6,8,1.8,3,1,2,2,1,197,1,2,3,1,1,3,16,1,3,1,3
4,15,6,9,0.4,1,3,1,1,1,268.09,1,15,3,1,3,1,2,3,1,1,3
4,15,6,10,0.4,2,1,2,2,1,261.92,1,13,1,3,2,2,14,3,3,3,3
4,15,6,11,0.1,1,1,1,1,1,252.81,1,2,3,3,3,3,9,1,3,1,3
4,15,6,12,1.8,1,1,1,1,1,294.95,1,9,1,1,1,1,1,1,1,1,1
4,15,6,13,0.8,1,3,1,1,1,223.52,1,5,3,1,3,1,18,1,1,3,3
4,15,6,14,0.8,1,1,1,2,0,256.69,1,4,3,3,3,3,16,3,3,3,3
4,15,6,15,0.4,1,2,1,1,1,248.09,1,5,3,3,3,3,2,1,1,2,2
4,15,6,16,0.1,3,2,2,2,1,311.48,0,8,3,1,1,3,12,1,1,2,2
4,15,6,17,0.4,3,3,2,2,1,233.28,1,16,3,1,1,3,14,1,3,3,1
4,15,6,18,0.2,2,1,2,1,0,420.39,0,18,3,3,2,2,6,3,1,3,1
4,15,6,19,0.2,3,3,2,2,1,227.21,1,19,1,3,3,1,5,1,3,3,1
4,15,6,20,0.2,2,3,2,2,1,287.94,1,9,1,3,2,2,5,3,1,1,3
4,15,6,21,0.2,2,2,2,2,1,249.02,1,19,3,3,2,2,19,1,3,2,2
4,15,6,22,0.1,3,3,2,2,1,254.67,1,9,1,1,3,3,4,3,1,1,3
4,15,6,23,0.8,2,1,2,2,1,226.49,1,15,1,1,2,2,20,3,1,3,1
4,15,6,24,0.4,2,1,2,2,1,230.77,1,13,1,3,2,2,12,3,1,3,1
4,15,6,25,0.05,1,2,1,1,1,292.81,1,16,1,1,1,1,4,1,3,2,2
4,15,6,26,0.05,1,1,1,1,1,279.46,1,5,3,1,3,1,2,1,3,1,3
4,15,6,27,1.8,2,2,2,2,1,231.99,1,2,3,1,2,2,7,3,3,2,2
4,15,6,28,0.4,1,2,1,1,1,261.12,1,12,3,1,3,1,5,3,1,2,2
4,15,6,29,0.05,3,2,2,2,1,300.16,0,6,1,3,3,1,11,3,3,2,2
4,15,6,30,0.1,3,3,2,2,1,275.95,1,8,1,3,3,1,7,3,1,1,3
4,15,6,31,0.1,1,3,1,1,1,498.2,0,8,3,1,3,1,18,1,1,3,3
4,15,6,32,1.8,1,3,1,2,0,200.18,1,5,1,3,1,3,1,3,3,1,1
4,15,6,33,0.8,3,3,NaN,NaN,NaN,NaN,NaN,1,1,1,3,3,20,1,3,3,1
4,15,6,34,1.8,2,3,2,2,1,232.82,1,2,3,3,2,2,5,1,3,3,1
4,15,6,35,0.1,1,1,1,1,1,250.92,1,10,1,3,1,3,6,1,3,1,3
4,15,6,36,1.8,1,3,1,1,1,300.48,0,20,3,1,3,1,18,1,1,3,3
4,15,6,37,0.8,3,1,2,2,1,214.19,1,10,1,1,3,3,10,3,1,3,1
4,15,6,38,0.05,2,2,2,1,0,270.86,1,7,3,3,2,2,18,1,1,2,2
4,15,6,39,0.4,3,1,2,2,1,216.51,1,4,3,3,1,1,6,1,3,1,3
4,15,6,40,0.05,1,2,1,1,1,309.18,0,4,3,3,3,3,6,3,1,2,2
4,15,6,41,0.2,1,1,1,1,1,236.3,1,7,1,3,1,3,12,3,1,3,1
4,15,6,42,0.05,2,3,2,1,0,317.04,0,7,3,3,2,2,15,3,3,1,1
4,15,6,43,1.8,2,1,2,2,1,224.74,1,11,3,1,2,2,10,3,3,3,3
4,15,6,44,0.1,3,3,2,2,1,312.21,0,18,3,1,1,3,19,3,1,1,3
4,15,6,45,0.4,1,3,1,1,1,394.81,0,9,3,1,3,1,10,3,1,1,3
4,15,6,46,0.8,2,1,2,2,1,225.26,1,12,3,3,2,2,14,3,1,3,1
4,15,6,47,0.8,1,2,1,1,1,243.64,1,5,1,1,1,1,1,1,3,2,2
4,15,6,48,0.4,1,1,1,1,1,226.55,1,11,3,3,3,3,5,1,1,1,1
4,15,6,49,0.1,1,3,1,1,1,254.45,1,12,3,1,3,1,7,3,1,1,3
4,15,6,50,0.05,1,2,1,1,1,300.79,0,20,1,3,1,3,9,1,1,2,2
4,15,6,51,1.8,1,2,1,1,1,224.42,1,14,1,3,1,3,4,3,3,2,2
4,15,6,52,0.05,1,3,1,1,1,330.44,0,5,1,3,1,3,2,1,1,3,3
4,15,6,53,0.4,2,2,2,2,1,232.96,1,4,3,1,2,2,9,1,3,2,2
4,15,6,54,0.05,2,2,2,1,0,274.01,1,13,1,3,2,2,3,3,1,2,2
4,15,6,55,0.2,2,3,2,2,1,237.14,1,10,1,3,2,2,14,1,1,3,3
4,15,6,56,0.8,1,1,1,1,1,257.8,1,9,3,1,3,1,4,1,1,1,1
4,15,6,57,0.4,2,1,2,2,1,241.74,1,16,1,3,2,2,14,3,3,3,3
4,15,6,58,0.4,3,3,2,2,1,152.74,1,11,3,3,1,1,10,1,3,3,1
4,15,6,59,0.2,1,3,1,1,1,245.92,1,15,1,1,1,1,18,1,1,3,3
4,15,6,60,1.8,1,2,1,1,1,227.47,1,20,1,1,1,1,12,1,3,2,2
4,15,6,61,0.8,1,2,1,1,1,205.05,1,2,1,3,1,3,4,3,1,2,2
4,15,6,62,0.1,3,3,2,2,1,296.01,1,14,3,1,1,3,3,3,3,1,1
4,15,6,63,0.1,2,1,2,2,1,308.49,0,18,3,1,2,2,1,1,1,1,1
4,15,6,64,0.05,1,2,1,1,1,266.03,1,10,1,3,1,3,4,1,3,2,2
4,15,6,65,0.8,2,3,2,2,1,221.08,1,15,1,3,2,2,6,3,1,1,3
4,15,6,66,0.2,1,2,1,1,1,210.28,1,3,1,1,1,1,20,3,3,2,2
4,15,6,67,0.8,1,2,1,1,1,230.9,1,7,1,1,1,1,2,3,3,2,2
4,15,6,68,1.8,1,2,1,2,0,221.16,1,4,3,1,3,1,10,3,1,2,2
4,15,6,69,0.8,1,1,1,1,1,252.44,1,20,1,3,1,3,9,1,3,1,3
4,15,6,70,0.1,1,1,1,1,1,208.4,1,13,3,1,3,1,2,1,3,1,3
4,15,6,71,1.8,1,1,1,1,1,204.9,1,16,3,1,3,1,19,1,1,1,1
4,15,6,72,0.2,2,2,2,2,1,276.07,1,11,3,1,2,2,8,1,3,2,2
4,15,6,73,0.2,2,2,2,2,1,266.14,1,7,1,3,2,2,8,1,3,2,2
4,15,6,74,0.4,1,1,1,1,1,214.12,1,2,3,1,3,1,11,1,1,1,1
4,15,6,75,1.8,2,3,2,2,1,227.12,1,7,1,3,2,2,12,3,3,1,1
4,15,6,76,0.2,2,1,2,1,0,280.53,1,4,3,1,2,2,1,1,3,1,3
4,15,6,77,0.1,1,3,1,1,1,275.02,1,3,3,3,3,3,8,1,1,3,3
4,15,6,78,0.1,1,3,1,1,1,221.25,1,16,3,1,3,1,16,3,3,1,1
4,15,7,1,0.4,2,3,2,2,1,223.78,1,4,3,1,2,2,8,3,1,1,3
4,15,7,2,1.8,2,2,NaN,NaN,NaN,NaN,NaN,3,1,1,2,2,8,1,3,2,2
4,15,7,3,0.2,1,3,1,1,1,211.59,1,10,1,3,1,3,3,1,1,3,3
4,15,7,4,0.4,1,2,1,1,1,227.01,1,12,1,3,1,3,12,1,3,2,2
4,15,7,5,0.2,3,1,2,2,1,258.11,1,17,3,1,1,3,18,3,1,3,1
4,15,7,6,1.8,1,3,NaN,NaN,NaN,NaN,NaN,2,1,1,1,1,4,3,3,1,1
4,15,7,7,1.8,2,2,2,2,1,217.83,1,5,3,3,2,2,8,1,1,2,2
4,15,7,8,0.1,3,1,2,2,1,317.84,0,14,1,3,3,1,12,1,1,1,1
4,15,7,9,0.4,3,1,2,2,1,194.14,1,5,1,1,3,3,13,3,1,3,1
4,15,7,10,0.4,2,1,2,2,1,230.39,1,7,3,1,2,2,4,3,1,3,1
4,15,7,11,0.2,3,1,2,2,1,235.86,1,2,1,1,3,3,11,3,1,3,1
4,15,7,12,0.05,1,3,1,1,1,380.81,0,18,3,3,3,3,1,3,1,1,3
4,15,7,13,0.4,2,2,2,2,1,244.15,1,6,1,3,2,2,19,3,1,2,2
4,15,7,14,0.05,2,1,2,2,1,295.5,1,8,3,3,2,2,3,1,3,1,3
4,15,7,15,0.2,1,2,1,1,1,231.19,1,5,3,3,3,3,3,1,3,2,2
4,15,7,16,0.8,1,3,1,1,1,250.1,1,16,3,3,3,3,10,3,3,1,1
4,15,7,17,0.8,1,1,1,1,1,226.82,1,3,1,1,1,1,14,1,3,1,3
4,15,7,18,0.05,2,1,2,2,1,288.96,1,3,3,3,2,2,20,1,3,1,3
4,15,7,19,0.8,3,2,2,2,1,229.27,1,8,1,3,3,1,8,1,1,2,2
4,15,7,20,0.8,1,3,1,1,1,277,1,16,3,3,3,3,16,1,1,3,3
4,15,7,21,0.8,2,1,2,2,1,225.09,1,6,3,1,2,2,1,1,1,1,1
4,15,7,22,0.1,3,1,2,2,1,281.53,1,4,3,3,1,1,2,1,1,1,1
4,15,7,23,0.4,3,3,2,2,1,222.8,1,9,3,1,1,3,3,3,3,1,1
4,15,7,24,0.4,3,3,2,2,1,219.42,1,12,1,3,3,1,6,3,3,1,1
4,15,7,25,0.1,1,3,1,1,1,252.35,1,6,1,1,1,1,10,1,3,3,1
4,15,7,26,1.8,1,3,NaN,NaN,NaN,NaN,NaN,14,1,1,1,1,12,3,3,1,1
4,15,7,27,1.8,1,1,1,1,1,211.97,1,11,3,3,3,3,17,3,3,3,3
4,15,7,28,0.4,1,3,1,1,1,232.24,1,11,3,1,3,1,18,3,1,1,3
4,15,7,29,0.05,1,1,1,1,1,311.53,0,7,1,3,1,3,18,1,3,1,3
4,15,7,30,0.2,2,1,2,2,1,284.41,1,10,1,1,2,2,6,1,1,1,1
4,15,7,31,0.05,2,3,2,1,0,259.12,1,8,1,3,2,2,13,3,3,1,1
4,15,7,32,0.05,2,1,2,1,0,285.79,1,2,1,3,2,2,7,3,3,3,3
4,15,7,33,0.05,1,3,1,1,1,294.18,1,18,1,3,1,3,5,3,1,1,3
4,15,7,34,0.8,2,3,2,2,1,219.44,1,15,3,1,2,2,3,3,1,1,3
4,15,7,35,0.4,1,1,1,2,0,204.28,1,10,3,3,3,3,13,1,3,1,3
4,15,7,36,0.8,2,3,2,1,0,238.59,1,10,3,1,2,2,19,1,3,3,1
4,15,7,37,0.1,1,1,1,1,1,261.78,1,11,3,1,3,1,2,3,1,3,1
4,15,7,38,0.2,1,3,1,1,1,201,1,2,1,3,1,3,17,1,1,3,3
4,15,7,39,0.8,3,3,2,2,1,228.35,1,17,3,1,1,3,15,1,3,3,1
4,15,7,40,0.4,2,3,2,2,1,227.75,1,20,1,1,2,2,19,1,3,3,1
4,15,7,41,0.4,2,3,2,2,1,264.04,1,15,1,3,2,2,6,3,1,1,3
4,15,7,42,1.8,1,3,1,1,1,232.13,1,9,1,1,1,1,4,1,1,3,3
4,15,7,43,0.1,3,3,2,2,1,262.22,1,2,3,1,1,3,8,3,3,1,1
4,15,7,44,0.1,2,2,2,1,0,311,0,16,3,3,2,2,7,1,1,2,2
4,15,7,45,0.2,3,1,2,2,1,266.49,1,9,3,1,1,3,7,1,1,1,1
4,15,7,46,1.8,1,1,1,1,1,216.73,1,16,1,3,1,3,17,1,1,1,1
4,15,7,47,0.8,1,1,1,1,1,239.82,1,12,3,3,3,3,3,3,3,3,3
4,15,7,48,0.2,3,2,2,2,1,235.37,1,15,3,3,1,1,4,3,1,2,2
4,15,7,49,0.1,1,3,1,1,1,297.95,1,3,3,3,3,3,19,3,1,1,3
4,15,7,50,0.2,2,1,2,2,1,227.66,1,2,1,3,2,2,2,1,3,1,3
4,15,7,51,0.1,2,3,2,2,1,265.84,1,10,1,3,2,2,12,3,1,1,3
4,15,7,52,1.8,1,2,1,1,1,227.25,1,20,3,1,3,1,3,1,1,2,2
4,15,7,53,0.4,1,2,1,1,1,220.43,1,5,3,1,3,1,1,1,3,2,2
4,15,7,54,0.8,1,3,1,1,1,246.81,1,14,1,3,1,3,3,1,3,3,1
4,15,7,55,0.1,1,3,1,1,1,240.02,1,7,3,1,3,1,2,1,3,3,1
4,15,7,56,0.8,2,3,2,2,1,224.52,1,4,1,1,2,2,18,1,1,3,3
4,15,7,57,0.2,2,1,2,1,0,258.88,1,8,1,3,2,2,15,1,3,1,3
4,15,7,58,0.1,1,3,1,1,1,266.86,1,19,1,1,1,1,11,3,3,1,1
4,15,7,59,0.05,2,3,2,1,0,268.36,1,17,1,1,2,2,12,1,3,3,1
4,15,7,60,1.8,1,1,1,1,1,215.84,1,1,3,3,3,3,16,1,3,1,3
4,15,7,61,0.1,1,3,1,1,1,279.98,1,20,1,3,1,3,3,3,3,1,1
4,15,7,62,0.8,3,3,2,2,1,227.51,1,5,3,1,1,3,5,1,3,3,1
4,15,7,63,0.05,1,3,1,1,1,322.08,0,8,1,3,1,3,14,1,1,3,3
4,15,7,64,0.1,2,3,2,2,1,302.49,0,2,3,3,2,2,8,1,3,3,1
4,15,7,65,0.05,3,1,2,2,1,319.46,0,10,3,1,1,3,20,3,3,3,3
4,15,7,66,0.4,2,3,2,2,1,217.92,1,16,1,1,2,2,12,3,1,1,3
4,15,7,67,1.8,3,3,2,2,1,235.06,1,15,1,3,3,1,13,3,3,1,1
4,15,7,68,1.8,2,2,NaN,NaN,NaN,NaN,NaN,16,3,3,2,2,13,1,1,2,2
4,15,7,69,0.2,2,2,2,2,1,260.8,1,18,3,3,2,2,13,3,1,2,2
4,15,7,70,0.05,3,2,2,2,1,304.51,0,20,3,3,1,1,6,3,1,2,2
4,15,7,71,1.8,1,3,1,1,1,238.49,1,8,3,1,3,1,5,1,3,3,1
4,15,7,72,0.8,2,2,2,2,1,235.28,1,13,3,3,2,2,1,1,3,2,2
4,15,7,73,0.05,1,3,1,1,1,221.8,1,7,3,1,3,1,17,3,3,1,1
4,15,7,74,0.2,1,1,1,1,1,188.66,1,12,3,3,3,3,15,3,1,3,1
4,15,7,75,1.8,2,2,2,2,1,219.96,1,18,3,1,2,2,12,3,3,2,2
4,15,7,76,0.1,1,2,1,1,1,244.26,1,20,1,1,1,1,17,3,3,2,2
4,15,7,77,0.05,2,3,2,1,0,266.02,1,2,1,3,2,2,20,1,1,3,3
4,15,7,78,0.2,2,2,2,2,1,279.88,1,3,3,3,2,2,3,3,3,2,2
4,15,8,1,1.8,3,3,2,2,1,216.61,1,7,1,3,3,1,9,1,3,3,1
4,15,8,2,0.05,2,3,2,2,1,311.61,0,1,1,3,2,2,5,1,1,3,3
4,15,8,3,0.4,3,3,2,2,1,230.09,1,3,3,1,1,3,18,3,1,1,3
4,15,8,4,0.8,3,3,NaN,NaN,NaN,NaN,NaN,7,3,3,1,1,13,3,1,1,3
4,15,8,5,0.8,3,1,2,2,1,224.18,1,16,1,1,3,3,16,3,3,3,3
4,15,8,6,0.1,1,3,1,2,0,272.67,1,7,1,3,1,3,9,3,1,1,3
4,15,8,7,0.4,3,2,2,2,1,222.26,1,10,3,1,1,3,3,1,1,2,2
4,15,8,8,0.8,2,3,2,2,1,245.6,1,17,1,1,2,2,11,3,1,1,3
4,15,8,9,0.05,1,3,1,1,1,241.46,1,10,3,1,3,1,15,3,3,1,1
4,15,8,10,0.05,1,1,1,1,1,293.94,1,10,1,3,1,3,20,1,3,1,3
4,15,8,11,0.8,3,3,2,2,1,235.46,1,7,3,1,1,3,7,3,3,1,1
4,15,8,12,0.2,1,1,1,1,1,238.95,1,13,3,1,3,1,12,3,3,3,3
4,15,8,13,1.8,2,3,2,2,1,201.04,1,4,1,3,2,2,10,3,3,1,1
4,15,8,14,1.8,1,3,1,1,1,357.43,0,16,3,3,3,3,3,1,3,3,1
4,15,8,15,0.1,1,1,1,1,1,268.73,1,16,1,3,1,3,15,3,1,3,1
4,15,8,16,1.8,1,3,1,1,1,215.85,1,1,1,1,1,1,11,1,1,3,3
4,15,8,17,1.8,3,1,2,2,1,200.46,1,9,1,3,3,1,13,3,3,3,3
4,15,8,18,0.05,1,1,1,1,1,306.27,0,17,3,1,3,1,9,3,1,3,1
4,15,8,19,0.2,2,3,2,2,1,241.8,1,15,1,1,2,2,5,3,1,1,3
4,15,8,20,0.1,1,1,1,1,1,239.44,1,18,3,3,3,3,12,1,3,1,3
4,15,8,21,0.05,1,2,1,1,1,242.14,1,9,3,3,3,3,12,3,1,2,2
4,15,8,22,0.1,3,1,2,2,1,282.5,1,4,1,3,3,1,2,1,1,1,1
4,15,8,23,0.2,3,2,2,2,1,185.48,1,17,3,1,1,3,1,3,1,2,2
4,15,8,24,0.8,3,2,2,2,1,262.78,1,12,1,3,3,1,9,3,3,2,2
4,15,8,25,1.8,1,2,1,1,1,221.65,1,5,1,3,1,3,17,3,3,2,2
4,15,8,26,0.8,1,3,1,1,1,266.17,1,12,3,1,3,1,20,3,3,1,1
4,15,8,27,0.1,1,1,1,1,1,250.47,1,9,1,1,1,1,19,3,3,3,3
4,15,8,28,0.8,1,3,1,1,1,251.38,1,10,3,1,3,1,20,3,3,1,1
4,15,8,29,0.4,3,1,2,2,1,231.25,1,6,1,3,3,1,10,3,3,3,3
4,15,8,30,0.1,3,2,2,2,1,278.83,1,15,3,3,1,1,10,3,1,2,2
4,15,8,31,0.2,1,1,1,1,1,136.32,1,11,3,1,3,1,17,3,3,3,3
4,15,8,32,0.4,3,3,2,2,1,241.27,1,11,3,1,1,3,6,3,1,1,3
4,15,8,33,0.8,1,3,1,1,1,235.66,1,16,3,1,3,1,2,3,3,1,1
4,15,8,34,1.8,1,3,1,1,1,249.41,1,19,3,1,3,1,3,3,1,1,3
4,15,8,35,0.05,2,1,2,2,1,339.69,0,8,1,3,2,2,19,3,1,3,1
4,15,8,36,0.4,3,1,2,2,1,228.44,1,1,3,1,1,3,1,1,3,1,3
4,15,8,37,0.2,3,3,2,2,1,205.45,1,17,3,1,1,3,5,3,3,1,1
4,15,8,38,0.2,1,2,1,1,1,287.29,1,4,1,3,1,3,3,1,3,2,2
4,15,8,39,0.2,2,1,2,2,1,242.89,1,6,1,3,2,2,19,1,3,1,3
4,15,8,40,0.05,2,1,2,1,0,346.66,0,19,1,3,2,2,15,3,3,3,3
4,15,8,41,0.05,3,3,2,1,0,302.71,0,11,3,3,1,1,2,1,1,3,3
4,15,8,42,0.1,3,1,2,1,0,221.51,1,6,1,3,3,1,10,1,3,1,3
4,15,8,43,1.8,2,2,2,2,1,219.51,1,19,3,3,2,2,13,1,1,2,2
4,15,8,44,1.8,1,3,1,1,1,226.24,1,5,1,1,1,1,9,1,3,3,1
4,15,8,45,0.05,2,3,2,1,0,273.56,1,17,3,1,2,2,3,1,3,3,1
4,15,8,46,0.4,2,1,2,2,1,117.97,1,11,1,3,2,2,8,1,1,1,1
4,15,8,47,1.8,3,1,2,2,1,200.96,1,1,3,1,1,3,16,1,1,1,1
4,15,8,48,0.05,3,1,2,2,1,320.78,0,1,3,1,1,3,20,1,1,1,1
4,15,8,49,0.4,1,2,1,1,1,253.81,1,9,1,3,1,3,5,1,1,2,2
4,15,8,50,0.05,2,2,2,1,0,294.41,1,15,3,3,2,2,2,1,1,2,2
4,15,8,51,0.8,2,1,2,2,1,258.73,1,6,1,3,2,2,15,1,3,1,3
4,15,8,52,0.8,3,3,2,2,1,255.89,1,9,3,3,1,1,5,3,1,1,3
4,15,8,53,0.4,2,3,2,2,1,239.2,1,6,3,3,2,2,4,3,3,1,1
4,15,8,54,0.4,1,1,1,1,1,243.6,1,14,1,3,1,3,5,3,3,3,3
4,15,8,55,0.8,1,3,1,1,1,214.45,1,6,3,3,3,3,3,1,1,3,3
4,15,8,56,0.1,1,2,1,1,1,248.34,1,6,1,3,1,3,1,3,1,2,2
4,15,8,57,0.2,2,1,2,2,1,215.7,1,15,3,1,2,2,1,1,1,1,1
4,15,8,58,0.4,1,2,1,1,1,172.44,1,9,1,3,1,3,17,3,1,2,2
4,15,8,59,0.2,3,2,2,2,1,233.91,1,15,3,3,1,1,12,3,1,2,2
4,15,8,60,0.1,1,2,1,1,1,250.85,1,20,3,3,3,3,5,1,3,2,2
4,15,8,61,0.4,1,1,1,1,1,221.81,1,5,1,1,1,1,11,1,3,1,3
4,15,8,62,0.1,2,3,2,2,1,284.94,1,3,1,1,2,2,17,1,1,3,3
4,15,8,63,0.2,1,3,1,2,0,261.87,1,20,3,3,3,3,3,3,3,1,1
4,15,8,64,1.8,1,1,1,1,1,226.66,1,8,3,1,3,1,3,1,3,1,3
4,15,8,65,0.1,2,3,2,2,1,330.87,0,8,1,3,2,2,9,3,3,1,1
4,15,8,66,0.1,2,2,2,1,0,292.4,1,4,3,1,2,2,3,1,3,2,2
4,15,8,67,0.4,1,2,1,1,1,258.31,1,11,3,3,3,3,4,1,3,2,2
4,15,8,68,0.2,1,3,1,2,0,289.42,1,8,3,3,3,3,2,3,1,1,3
4,15,8,69,1.8,2,2,2,2,1,200.87,1,9,3,1,2,2,4,1,1,2,2
4,15,8,70,0.2,2,1,2,2,1,266.21,1,18,3,3,2,2,7,3,1,3,1
4,15,8,71,0.05,1,1,1,1,1,295.59,1,10,3,1,3,1,6,1,1,1,1
4,15,8,72,0.1,1,1,1,1,1,233.42,1,10,3,1,3,1,9,1,1,1,1
4,15,8,73,0.8,2,2,NaN,NaN,NaN,NaN,NaN,9,1,1,2,2,8,3,3,2,2
4,15,8,74,0.2,1,3,1,1,1,222.43,1,7,1,1,1,1,20,3,1,1,3
4,15,8,75,1.8,1,1,1,1,1,237.75,1,8,3,1,3,1,4,3,1,3,1
4,15,8,76,0.8,2,2,2,1,0,238.4,1,17,3,3,2,2,2,3,1,2,2
4,15,8,77,0.05,1,3,1,1,1,289.87,1,5,1,1,1,1,3,1,3,3,1
4,15,8,78,0.4,2,2,2,2,1,208.44,1,17,3,3,2,2,15,1,3,2,2
4,15,9,1,0.4,3,1,2,2,1,226.37,1,18,1,1,3,3,20,1,3,1,3
4,15,9,2,0.4,2,1,2,1,0,247.85,1,3,1,3,2,2,17,1,3,1,3
4,15,9,3,0.1,1,1,1,1,1,221.15,1,7,1,1,1,1,10,1,3,1,3
4,15,9,4,0.2,3,3,2,2,1,226.46,1,12,1,1,3,3,14,3,1,1,3
4,15,9,5,0.1,2,1,2,1,0,300.93,0,6,1,1,2,2,11,3,1,3,1
4,15,9,6,0.4,1,1,1,1,1,241.01,1,11,3,1,3,1,12,3,3,3,3
4,15,9,7,0.4,2,1,2,2,1,230.3,1,8,3,1,2,2,9,1,1,1,1
4,15,9,8,1.8,1,3,1,1,1,231.42,1,5,1,1,1,1,8,1,3,3,1
4,15,9,9,1.8,1,3,1,1,1,236.3,1,20,3,1,3,1,8,3,3,1,1
4,15,9,10,0.2,1,1,1,1,1,252.27,1,14,1,1,1,1,16,3,1,3,1
4,15,9,11,0.1,3,3,2,2,1,309.24,0,18,1,1,3,3,6,3,1,1,3
4,15,9,12,0.2,1,3,1,1,1,213.52,1,10,3,1,3,1,4,3,1,1,3
4,15,9,13,0.4,2,2,2,1,0,238.97,1,5,1,3,2,2,10,3,1,2,2
4,15,9,14,0.2,1,3,1,1,1,263.3,1,17,1,3,1,3,7,1,1,3,3
4,15,9,15,0.2,3,3,2,2,1,149.72,1,3,1,1,3,3,2,1,1,3,3
4,15,9,16,0.4,2,2,2,2,1,256.81,1,7,3,1,2,2,3,3,3,2,2
4,15,9,17,0.1,1,2,1,1,1,272.12,1,19,1,3,1,3,18,3,1,2,2
4,15,9,18,1.8,3,1,2,2,1,218.74,1,20,3,3,1,1,10,1,1,1,1
4,15,9,19,0.4,1,3,1,1,1,275.97,1,3,3,1,3,1,7,3,3,1,1
4,15,9,20,1.8,3,2,2,2,1,242.17,1,7,1,3,3,1,1,3,1,2,2
4,15,9,21,0.8,1,2,1,1,1,222.94,1,3,1,1,1,1,3,1,3,2,2
4,15,9,22,0.8,3,1,2,2,1,231.86,1,13,1,1,3,3,18,1,1,1,1
4,15,9,23,0.05,2,1,2,2,1,323.6,0,15,3,1,2,2,17,3,1,3,1
4,15,9,24,0.05,2,1,2,2,1,285.14,1,19,3,1,2,2,16,1,1,1,1
4,15,9,25,0.05,1,2,1,1,1,284.98,1,15,1,3,1,3,19,1,1,2,2
4,15,9,26,0.1,3,1,2,1,0,274.79,1,18,1,3,3,1,6,3,1,3,1
4,15,9,27,1.8,3,1,2,2,1,214.2,1,7,3,1,1,3,15,1,1,1,1
4,15,9,28,0.8,1,1,1,1,1,243.49,1,1,3,1,3,1,18,3,1,3,1
4,15,9,29,0.2,1,3,1,1,1,214.08,1,18,3,1,3,1,17,1,3,3,1
4,15,9,30,0.05,3,1,2,2,1,348.94,0,4,3,1,1,3,15,1,1,1,1
4,15,9,31,0.2,2,3,2,1,0,231.36,1,10,3,1,2,2,15,1,1,3,3
4,15,9,32,0.05,3,3,2,2,1,339.07,0,7,3,3,1,1,8,1,1,3,3
4,15,9,33,0.8,2,3,2,2,1,254.09,1,13,1,1,2,2,18,1,3,3,1
4,15,9,34,0.8,3,1,2,2,1,222.27,1,11,1,1,3,3,10,3,3,3,3
4,15,9,35,1.8,3,2,2,2,1,236.24,1,16,1,1,3,3,14,3,1,2,2
4,15,9,36,0.8,3,2,2,2,1,228.44,1,13,1,3,3,1,18,3,3,2,2
4,15,9,37,0.2,1,1,1,1,1,251.2,1,8,3,1,3,1,18,3,3,3,3
4,15,9,38,0.05,3,2,2,1,0,337.52,0,8,1,3,3,1,18,1,1,2,2
4,15,9,39,0.8,1,1,1,2,0,250,1,18,1,3,1,3,13,1,3,1,3
4,15,9,40,0.1,1,2,1,1,1,260.64,1,13,1,1,1,1,12,3,1,2,2
4,15,9,41,0.05,2,3,2,2,1,325.4,0,16,3,1,2,2,16,1,1,3,3
4,15,9,42,0.8,3,3,2,2,1,247.41,1,2,3,3,1,1,7,3,3,1,1
4,15,9,43,0.2,1,1,1,1,1,229.51,1,15,1,3,1,3,5,1,1,1,1
4,15,9,44,0.4,2,3,2,2,1,408.29,0,6,3,1,2,2,8,1,3,3,1
4,15,9,45,0.05,1,3,1,1,1,258.23,1,4,1,3,1,3,11,1,1,3,3
4,15,9,46,0.1,2,2,2,1,0,261.3,1,4,1,3,2,2,4,1,1,2,2
4,15,9,47,0.1,3,2,2,2,1,274.14,1,19,3,1,1,3,12,3,3,2,2
4,15,9,48,0.1,2,1,2,1,0,256.51,1,12,3,3,2,2,4,1,1,1,1
4,15,9,49,0.05,3,1,2,1,0,287.46,1,20,1,3,3,1,17,3,3,3,3
4,15,9,50,1.8,1,3,1,1,1,239.98,1,1,1,3,1,3,2,3,1,1,3
4,15,9,51,0.2,1,1,1,2,0,289.38,1,7,3,3,3,3,4,1,1,1,1
4,15,9,52,1.8,1,2,1,1,1,194.8,1,18,3,1,3,1,15,3,3,2,2
4,15,9,53,1.8,3,1,2,2,1,206.37,1,8,1,1,3,3,12,1,1,1,1
4,15,9,54,0.05,1,1,1,1,1,293.6,1,5,1,1,1,1,10,3,3,3,3
4,15,9,55,0.1,2,2,2,2,1,321.16,0,8,1,1,2,2,13,3,1,2,2
4,15,9,56,1.8,2,3,2,2,1,230.83,1,6,1,3,2,2,2,3,3,1,1
4,15,9,57,0.05,2,2,2,1,0,276.37,1,13,3,1,2,2,4,3,1,2,2
4,15,9,58,0.2,1,2,1,1,1,232.03,1,18,3,1,3,1,20,3,1,2,2
4,15,9,59,0.8,2,3,2,2,1,217.49,1,8,3,1,2,2,12,1,1,3,3
4,15,9,60,0.4,1,3,1,1,1,226.1,1,8,3,3,3,3,11,1,3,3,1
4,15,9,61,0.05,1,3,1,1,1,289.99,1,10,1,3,1,3,6,1,3,3,1
4,15,9,62,0.4,1,2,1,1,1,219.09,1,10,1,3,1,3,10,1,1,2,2
4,15,9,63,0.1,1,3,1,1,1,278.52,1,19,1,3,1,3,11,3,1,1,3
4,15,9,64,0.2,1,2,1,1,1,264.22,1,7,1,1,1,1,15,3,1,2,2
4,15,9,65,0.1,1,3,1,1,1,252.27,1,7,1,1,1,1,12,3,1,1,3
4,15,9,66,1.8,3,3,2,2,1,216.95,1,4,3,3,1,1,4,1,1,3,3
4,15,9,67,1.8,1,3,1,1,1,202.87,1,10,3,3,3,3,8,1,1,3,3
4,15,9,68,1.8,2,3,2,2,1,244.46,1,15,3,1,2,2,9,3,1,1,3
4,15,9,69,0.2,1,3,1,1,1,270.08,1,7,3,3,3,3,3,1,3,3,1
4,15,9,70,0.8,1,3,NaN,NaN,NaN,NaN,NaN,2,3,3,3,3,14,3,3,1,1
4,15,9,71,0.4,1,1,1,1,1,238.56,1,17,1,3,1,3,3,3,1,3,1
4,15,9,72,0.1,1,2,1,1,1,264.85,1,12,1,1,1,1,17,1,3,2,2
4,15,9,73,0.8,1,1,NaN,NaN,NaN,NaN,NaN,18,1,1,1,1,16,3,1,3,1
4,15,9,74,0.4,2,3,2,2,1,252.83,1,19,1,1,2,2,7,3,1,1,3
4,15,9,75,0.4,3,2,2,2,1,244.31,1,20,1,3,3,1,6,1,1,2,2
4,15,9,76,0.05,1,3,1,1,1,275.5,1,3,3,3,3,3,1,3,3,1,1
4,15,9,77,0.8,3,2,2,2,1,210.28,1,11,3,1,1,3,7,3,1,2,2
4,15,9,78,0.8,3,1,2,2,1,226.97,1,6,1,3,3,1,15,1,1,1,1
4,15,10,1,0.05,3,2,2,2,1,296.21,1,12,1,3,3,1,11,1,3,2,2
4,15,10,2,0.05,2,3,2,2,1,334.28,0,15,3,1,2,2,19,3,3,1,1
4,15,10,3,0.2,1,3,1,1,1,217.19,1,15,3,3,3,3,18,1,1,3,3
4,15,10,4,0.1,2,3,2,1,0,235.61,1,15,3,3,2,2,1,3,1,1,3
4,15,10,5,0.1,1,3,1,1,1,248.19,1,11,1,3,1,3,3,1,1,3,3
4,15,10,6,0.05,3,2,2,2,1,289.07,1,13,1,1,3,3,10,1,1,2,2
4,15,10,7,0.05,3,3,2,2,1,283.3,1,15,1,3,3,1,12,1,3,3,1
4,15,10,8,0.2,1,3,1,1,1,253.65,1,18,3,3,3,3,16,1,1,3,3
4,15,10,9,0.8,1,1,1,1,1,223.41,1,18,3,3,3,3,5,3,3,3,3
4,15,10,10,0.2,2,3,2,2,1,248.36,1,16,3,1,2,2,15,3,1,1,3
4,15,10,11,0.2,1,3,1,1,1,202.48,1,8,1,1,1,1,18,1,3,3,1
4,15,10,12,0.05,3,3,2,2,1,293.79,1,18,3,1,1,3,7,1,3,3,1
4,15,10,13,0.4,3,1,2,2,1,222.93,1,10,1,3,3,1,20,1,1,1,1
4,15,10,14,0.1,2,2,2,2,1,224.46,1,12,3,3,2,2,5,3,3,2,2
4,15,10,15,1.8,2,2,NaN,NaN,NaN,NaN,NaN,5,1,1,2,2,5,3,3,2,2
4,15,10,16,0.05,1,2,1,1,1,303.59,0,20,3,3,3,3,20,1,3,2,2
4,15,10,17,0.8,1,1,1,1,1,232.35,1,2,3,3,3,3,2,1,1,1,1
4,15,10,18,0.8,3,3,NaN,NaN,NaN,NaN,NaN,12,3,3,1,1,13,3,3,1,1
4,15,10,19,0.8,2,1,2,2,1,245.02,1,18,3,1,2,2,2,1,3,1,3
4,15,10,20,1.8,1,2,1,1,1,231.72,1,19,3,1,3,1,3,1,3,2,2
4,15,10,21,1.8,2,3,2,2,1,222.26,1,18,1,3,2,2,18,1,1,3,3
4,15,10,22,0.1,1,3,1,1,1,277.89,1,10,3,1,3,1,10,3,1,1,3
4,15,10,23,0.4,3,2,2,2,1,198.3,1,4,3,1,1,3,6,3,1,2,2
4,15,10,24,0.4,3,1,2,2,1,220.06,1,2,3,1,1,3,6,3,3,3,3
4,15,10,25,0.2,2,2,2,1,0,222.82,1,11,3,1,2,2,18,1,1,2,2
4,15,10,26,0.2,3,3,2,2,1,209.44,1,18,3,1,1,3,6,1,1,3,3
4,15,10,27,0.8,3,2,2,2,1,214.43,1,4,3,3,1,1,7,1,3,2,2
4,15,10,28,0.1,1,1,1,1,1,224.64,1,5,1,3,1,3,13,3,1,3,1
4,15,10,29,1.8,3,1,2,2,1,209.94,1,9,1,3,3,1,6,3,1,3,1
4,15,10,30,0.8,3,1,2,2,1,244.66,1,18,1,1,3,3,4,1,3,1,3
4,15,10,31,0.8,1,1,1,1,1,260.14,1,13,3,1,3,1,20,3,1,3,1
4,15,10,32,0.4,2,2,2,2,1,239.49,1,15,3,1,2,2,19,3,1,2,2
4,15,10,33,0.4,1,1,1,1,1,250.86,1,18,1,1,1,1,19,1,1,1,1
4,15,10,34,0.1,3,1,2,2,1,246.16,1,5,1,1,3,3,4,1,1,1,1
4,15,10,35,1.8,1,2,1,1,1,206.72,1,9,3,3,3,3,10,3,1,2,2
4,15,10,36,0.2,2,2,2,2,1,231.38,1,18,3,1,2,2,2,1,1,2,2
4,15,10,37,0.4,2,2,2,1,0,266.82,1,1,3,3,2,2,2,3,1,2,2
4,15,10,38,0.05,2,3,2,2,1,296.94,1,10,1,3,2,2,11,3,1,1,3
4,15,10,39,0.1,2,1,2,2,1,235.18,1,13,3,1,2,2,18,3,3,3,3
4,15,10,40,0.05,3,3,2,2,1,321.31,0,18,1,3,3,1,2,3,3,1,1
4,15,10,41,0.4,1,2,1,1,1,252.38,1,18,3,3,3,3,1,1,3,2,2
4,15,10,42,0.05,3,3,2,2,1,296.99,1,9,1,3,3,1,14,1,1,3,3
4,15,10,43,0.8,1,1,1,1,1,252.66,1,19,3,3,3,3,5,1,3,1,3
4,15,10,44,0.1,2,3,2,2,1,273.51,1,6,3,1,2,2,3,1,3,3,1
4,15,10,45,1.8,2,3,2,2,1,202.15,1,9,1,1,2,2,12,3,1,1,3
4,15,10,46,0.8,2,2,2,2,1,213.02,1,17,1,1,2,2,3,3,1,2,2
4,15,10,47,0.2,3,2,2,2,1,380.11,0,8,3,1,1,3,3,3,3,2,2
4,15,10,48,0.1,1,1,1,2,0,266,1,16,1,3,1,3,1,3,3,3,3
4,15,10,49,0.8,1,2,1,1,1,235.99,1,7,1,3,1,3,3,1,1,2,2
4,15,10,50,0.2,1,2,1,1,1,222.95,1,10,3,3,3,3,14,1,1,2,2
4,15,10,51,1.8,1,1,1,1,1,238.26,1,10,3,1,3,1,4,1,1,1,1
4,15,10,52,0.1,1,2,1,1,1,269.58,1,16,3,1,3,1,19,3,3,2,2
4,15,10,53,1.8,2,1,2,2,1,206.73,1,12,1,3,2,2,20,3,1,3,1
4,15,10,54,0.2,1,3,1,2,0,293.92,1,2,1,1,1,1,16,1,1,3,3
4,15,10,55,0.1,1,1,1,1,1,422,0,20,3,3,3,3,8,1,1,1,1
4,15,10,56,1.8,1,1,1,1,1,202.87,1,3,3,3,3,3,16,3,3,3,3
4,15,10,57,0.4,1,3,1,1,1,222.87,1,13,1,1,1,1,5,3,3,1,1
4,15,10,58,0.4,2,3,2,2,1,229.17,1,16,1,3,2,2,13,3,3,1,1
4,15,10,59,0.05,1,2,1,1,1,283.82,1,14,1,3,1,3,11,3,1,2,2
4,15,10,60,0.4,3,2,2,2,1,202.93,1,19,3,3,1,1,14,1,1,2,2
4,15,10,61,0.1,2,2,2,2,1,283.52,1,5,3,1,2,2,9,1,1,2,2
4,15,10,62,1.8,1,1,1,1,1,222.46,1,9,1,3,1,3,15,1,1,1,1
4,15,10,63,0.4,2,3,2,1,0,276.06,1,4,3,3,2,2,13,1,3,3,1
4,15,10,64,0.2,2,1,2,1,0,225.6,1,7,1,3,2,2,7,1,1,1,1
4,15,10,65,0.05,1,3,1,2,0,298.88,1,4,3,1,3,1,12,3,1,1,3
4,15,10,66,0.05,3,3,2,1,0,318.57,0,16,1,1,3,3,4,3,1,1,3
4,15,10,67,0.2,3,3,2,2,1,255.04,1,16,1,1,3,3,16,1,1,3,3
4,15,10,68,0.4,1,1,1,1,1,210.41,1,2,3,3,3,3,16,3,1,3,1
4,15,10,69,0.1,1,2,1,1,1,212.57,1,12,3,3,3,3,6,1,1,2,2
4,15,10,70,0.2,3,1,2,2,1,235.79,1,10,3,3,1,1,16,1,1,1,1
4,15,10,71,0.8,2,2,2,2,1,218.12,1,2,1,1,2,2,9,3,1,2,2
4,15,10,72,1.8,1,3,1,1,1,220.87,1,3,1,1,1,1,6,1,1,3,3
4,15,10,73,0.8,2,2,2,1,0,217.63,1,2,1,1,2,2,10,3,1,2,2
4,15,10,74,0.4,3,1,2,2,1,207.46,1,13,1,3,3,1,18,3,1,3,1
4,15,10,75,0.05,1,1,1,1,1,274.15,1,11,3,3,3,3,7,3,1,3,1
4,15,10,76,1.8,3,2,2,2,1,182.56,1,13,1,1,3,3,20,1,3,2,2
4,15,10,77,1.8,3,1,2,2,1,184.34,1,5,3,1,1,3,16,1,1,1,1
4,15,10,78,0.8,3,3,2,2,1,199.6,1,3,3,1,1,3,19,3,1,1,3
