2,10,1,1,1.8,3,1,NaN,NaN,NaN,NaN,NaN,15,3,3,1,1,5,3,1,3,1
2,10,1,2,0.4,1,3,1,1,1,247.99,1,8,1,3,1,3,10,3,3,1,1
2,10,1,3,0.8,1,3,1,1,1,198.26,1,1,1,1,1,1,8,3,3,1,1
2,10,1,4,1.8,1,2,1,1,1,207.37,1,18,3,1,3,1,13,3,3,2,2
2,10,1,5,0.4,1,3,1,1,1,287.45,1,1,1,3,1,3,2,3,1,1,3
2,10,1,6,0.2,2,3,2,2,1,236.41,1,13,1,3,2,2,11,3,3,1,1
2,10,1,7,0.4,3,3,2,2,1,232.4,1,15,1,1,3,3,16,3,3,1,1
2,10,1,8,0.8,1,3,1,1,1,192.29,1,16,1,1,1,1,3,1,1,3,3
2,10,1,9,0.8,1,1,1,1,1,230.23,1,11,3,3,3,3,1,3,1,3,1
2,10,1,10,0.8,1,1,1,1,1,245.25,1,19,1,3,1,3,15,1,3,1,3
2,10,1,11,0.4,1,2,1,1,1,226.21,1,20,3,3,3,3,16,1,1,2,2
2,10,1,12,0.05,2,1,2,2,1,291.86,1,18,3,1,2,2,5,1,3,1,3
2,10,1,13,0.8,1,1,1,1,1,237.94,1,6,3,3,3,3,9,3,1,3,1
2,10,1,14,0.2,3,2,2,2,1,233.47,1,8,3,3,1,1,8,1,1,2,2
2,10,1,15,0.05,1,1,1,2,0,273.5,1,11,3,3,3,3,17,1,1,1,1
2,10,1,16,1.8,2,2,2,2,1,193.81,1,17,1,3,2,2,11,3,3,2,2
2,10,1,17,0.1,3,2,2,2,1,269.39,1,15,3,3,1,1,2,3,3,2,2
2,10,1,18,0.2,2,3,2,2,1,245.47,1,17,3,3,2,2,19,1,1,3,3
2,10,1,19,0.2,2,3,2,2,1,221.72,1,15,3,3,2,2,20,1,1,3,3
2,10,1,20,1.8,1,1,1,1,1,192.64,1,16,1,1,1,1,18,1,3,1,3
2,10,1,21,0.1,2,2,2,2,1,252.53,1,4,3,1,2,2,16,3,3,2,2
2,10,1,22,0.05,1,3,1,1,1,304.48,0,18,3,1,3,1,4,3,1,1,3
2,10,1,23,1.8,1,1,1,1,1,202.76,1,20,3,3,3,3,2,3,1,3,1
2,10,1,24,0.1,3,2,2,2,1,255.18,1,1,3,3,1,1,11,1,1,2,2
2,10,1,25,0.05,3,2,2,2,1,289.95,1,16,1,3,3,1,15,3,3,2,2
2,10,1,26,0.2,2,1,2,2,1,234.88,1,18,1,1,2,2,14,3,3,3,3
2,10,1,27,0.1,3,2,2,2,1,256.28,1,12,3,1,1,3,12,1,3,2,2
2,10,1,28,0.1,1,1,1,1,1,266.38,1,14,3,1,3,1,17,1,1,1,1
2,10,1,29,0.8,1,3,1,1,1,206.37,1,17,3,1,3,1,12,1,3,3,1
2,10,1,30,0.05,3,2,2,2,1,261.38,1,13,1,1,3,3,2,3,3,2,2
2,10,1,31,0.2,3,1,2,2,1,172.72,1,13,1,1,3,3,6,3,1,3,1
2,10,1,32,0.4,1,3,1,1,1,267.71,1,9,3,1,3,1,10,3,1,1,3
2,10,1,33,0.2,1,1,1,1,1,204.1,1,10,3,3,3,3,18,1,3,1,3
2,10,1,34,1.8,1,1,1,1,1,243.82,1,6,3,1,3,1,6,1,3,1,3
2,10,1,35,1.8,2,3,2,1,0,224.19,1,9,1,3,2,2,1,1,1,3,3
2,10,1,36,0.8,3,3,2,2,1,195.65,1,15,3,1,1,3,2,3,3,1,1
2,10,1,37,0.05,2,1,2,2,1,241.22,1,15,1,3,2,2,11,3,3,3,3
2,10,1,38,0.1,1,2,1,1,1,261.38,1,20,3,1,3,1,13,1,3,2,2
2,10,1,39,1.8,2,1,NaN,NaN,NaN,NaN,NaN,4,3,3,2,2,1,3,1,3,1
2,10,1,40,0.2,1,2,1,1,1,235.2,1,7,1,3,1,3,12,3,3,2,2
2,10,1,41,0.1,2,2,2,1,0,293.1,1,9,3,3,2,2,2,1,3,2,2
2,10,1,42,0.4,3,1,2,2,1,241.44,1,9,1,3,3,1,3,3,1,3,1
2,10,1,43,0.1,3,3,2,2,1,188.4,1,5,1,1,3,3,8,1,3,3,1
2,10,1,44,0.8,2,3,2,2,1,215.52,1,2,3,3,2,2,14,1,3,3,1
2,10,1,45,1.8,2,3,2,2,1,235.08,1,3,1,3,2,2,16,3,1,1,3
2,10,1,46,0.1,2,1,2,1,0,346.61,0,20,3,3,2,2,8,3,1,3,1
2,10,1,47,0.05,1,2,1,1,1,253.73,1,9,3,3,3,3,12,1,1,2,2
2,10,1,48,0.2,1,3,1,1,1,208.28,1,17,3,3,3,3,8,1,3,3,1
2,10,1,49,0.05,1,3,1,1,1,277.79,1,11,1,3,1,3,15,1,3,3,1
2,10,1,50,0.8,2,2,2,1,0,193.57,1,5,1,3,2,2,17,1,3,2,2
2,10,1,51,0.2,1,2,1,1,1,201.7,1,6,3,3,3,3,10,1,3,2,2
2,10,1,52,1.8,2,3,2,2,1,238.93,1,17,3,3,2,2,19,1,3,3,1
2,10,1,53,0.8,2,2,2,1,0,234.46,1,5,3,1,2,2,8,3,1,2,2
2,10,1,54,0.4,1,3,1,1,1,230.29,1,9,1,1,1,1,14,3,1,1,3
2,10,1,55,0.1,3,3,2,2,1,215.01,1,2,1,1,3,3,8,1,1,3,3
2,10,1,56,0.8,1,3,1,1,1,184.15,1,2,3,1,3,1,3,3,1,1,3
2,10,1,57,0.2,1,1,1,1,1,254.31,1,15,1,1,1,1,16,1,3,1,3
2,10,1,58,0.05,2,1,2,1,0,823.63,0,15,3,3,2,2,12,3,3,3,3
2,10,1,59,0.05,1,1,1,1,1,256.65,1,12,1,1,1,1,13,1,1,1,1
2,10,1,60,0.4,2,3,2,1,0,255.5,1,16,1,1,2,2,20,3,3,1,1
2,10,1,61,0.4,1,1,1,1,1,216.97,1,3,1,3,1,3,1,3,1,3,1
2,10,1,62,1.8,2,1,2,2,1,191.35,1,7,3,3,2,2,14,1,3,1,3
2,10,1,63,0.05,1,3,1,1,1,223.21,1,15,3,1,3,1,5,1,1,3,3
2,10,1,64,0.4,2,1,2,2,1,264.36,1,6,3,3,2,2,17,3,1,3,1
2,10,1,65,0.8,1,3,1,1,1,228.74,1,5,1,3,1,3,9,1,1,3,3
2,10,1,66,0.4,2,2,2,2,1,286.06,1,16,3,1,2,2,12,1,3,2,2
2,10,1,67,0.05,2,2,2,2,1,312.07,0,18,3,1,2,2,10,3,3,2,2
2,10,1,68,0.2,1,3,1,1,1,234.49,1,11,3,3,3,3,1,3,3,1,1
2,10,1,69,0.05,1,3,1,1,1,265.2,1,19,1,1,1,1,11,3,1,1,3
2,10,1,70,0.4,1,2,1,1,1,230.54,1,7,3,1,3,1,7,1,3,2,2
2,10,1,71,0.8,1,3,1,1,1,239.73,1,2,1,3,1,3,19,3,1,1,3
2,10,1,72,0.1,3,2,2,2,1,216.74,1,19,3,3,1,1,2,1,3,2,2
2,10,1,73,0.2,1,1,1,1,1,214.16,1,3,1,1,1,1,9,3,1,3,1
2,10,1,74,0.1,3,1,2,2,1,247.02,1,5,3,1,1,3,13,1,1,1,1
2,10,1,75,1.8,1,1,1,1,1,246.19,1,18,1,1,1,1,3,1,1,1,1
2,10,1,76,0.1,1,2,1,1,1,230.26,1,8,1,1,1,1,18,1,3,2,2
2,10,1,77,0.4,1,2,1,1,1,254.28,1,12,3,3,3,3,5,3,3,2,2
2,10,1,78,1.8,1,1,1,1,1,189.91,1,6,1,1,1,1,13,1,3,1,3
2,10,2,1,0.05,1,1,1,1,1,256.92,1,5,3,3,3,3,1,3,3,3,3
2,10,2,2,0.2,3,2,2,2,1,237.63,1,8,3,3,1,1,8,1,3,2,2
2,10,2,3,1.8,2,1,NaN,NaN,NaN,NaN,NaN,12,3,1,2,2,9,3,1,3,1
2,10,2,4,0.05,3,1,2,1,0,303.82,0,10,3,3,1,1,11,3,1,3,1
2,10,2,5,0.8,1,2,NaN,NaN,NaN,NaN,NaN,19,3,3,3,3,20,3,1,2,2
2,10,2,6,0.2,1,3,1,1,1,215.08,1,18,1,1,1,1,19,1,1,3,3
2,10,2,7,0.1,2,3,2,1,0,250.81,1,7,1,3,2,2,15,1,1,3,3
2,10,2,8,0.8,1,1,1,1,1,247.66,1,7,1,3,1,3,14,3,1,3,1
2,10,2,9,0.8,3,1,2,2,1,202.6,1,8,1,3,3,1,16,1,3,1,3
2,10,2,10,0.4,1,3,1,1,1,223.33,1,17,3,3,3,3,13,3,3,1,1
2,10,2,11,0.4,1,2,1,1,1,236.72,1,15,1,3,1,3,13,1,3,2,2
2,10,2,12,0.2,1,2,1,1,1,249.64,1,13,3,1,3,1,20,3,1,2,2
2,10,2,13,0.4,1,2,1,1,1,241.11,1,10,3,1,3,1,16,1,1,2,2
2,10,2,14,0.4,1,1,1,1,1,246.13,1,3,3,3,3,3,13,1,1,1,1
2,10,2,15,0.4,1,1,1,1,1,243.21,1,18,1,3,1,3,8,3,1,3,1
2,10,2,16,0.8,2,2,2,2,1,217.73,1,5,3,1,2,2,10,1,3,2,2
2,10,2,17,1.8,3,3,2,2,1,219.25,1,5,3,3,1,1,18,1,3,3,1
2,10,2,18,0.05,3,3,2,2,1,259.21,1,6,1,1,3,3,3,1,3,3,1
2,10,2,19,0.2,1,1,1,1,1,241.23,1,11,1,3,1,3,8,3,3,3,3
2,10,2,20,1.8,1,3,1,1,1,204.4,1,20,3,1,3,1,6,1,1,3,3
2,10,2,21,0.4,1,1,1,1,1,281.92,1,11,3,1,3,1,10,1,3,1,3
2,10,2,22,0.2,2,3,2,1,0,274.87,1,15,1,1,2,2,12,3,1,1,3
2,10,2,23,0.05,2,2,2,1,0,293.45,1,10,1,1,2,2,4,1,1,2,2
2,10,2,24,0.1,3,3,2,2,1,271.73,1,6,1,1,3,3,12,1,1,3,3
2,10,2,25,0.2,3,2,2,2,1,258.25,1,17,3,3,1,1,20,1,1,2,2
2,10,2,26,0.8,1,2,1,1,1,227.07,1,13,1,3,1,3,4,3,1,2,2
2,10,2,27,0.05,2,2,2,2,1,290.62,1,11,3,3,2,2,17,1,1,2,2
2,10,2,28,0.1,2,1,2,2,1,268.87,1,13,3,1,2,2,9,1,3,1,3
2,10,2,29,0.4,2,3,2,2,1,224.61,1,8,1,3,2,2,2,1,3,3,1
2,10,2,30,0.1,3,2,2,2,1,262.05,1,8,3,1,1,3,11,3,1,2,2
2,10,2,31,1.8,2,3,2,2,1,204.78,1,11,3,3,2,2,13,3,1,1,3
2,10,2,32,0.05,1,1,1,1,1,226.24,1,9,1,1,1,1,11,3,1,3,1
2,10,2,33,0.4,1,1,1,1,1,297.68,1,17,1,1,1,1,12,3,1,3,1
2,10,2,34,0.2,1,3,1,1,1,264.71,1,9,3,1,3,1,6,3,3,1,1
2,10,2,35,0.05,1,2,1,1,1,284.3,1,20,3,3,3,3,19,3,1,2,2
2,10,2,36,1.8,2,1,2,2,1,207.85,1,18,3,3,2,2,7,1,1,1,1
2,10,2,37,0.05,3,1,2,2,1,261.37,1,4,1,3,3,1,3,3,3,3,3
2,10,2,38,1.8,2,2,2,2,1,216.07,1,17,1,3,2,2,4,3,1,2,2
2,10,2,39,0.1,3,1,2,2,1,229.1,1,15,1,3,3,1,10,3,1,3,1
2,10,2,40,0.05,3,3,2,2,1,292.93,1,7,3,1,1,3,12,3,3,1,1
2,10,2,41,0.2,3,3,2,2,1,258.81,1,4,3,3,1,1,3,1,3,3,1
2,10,2,42,0.1,1,1,1,1,1,272.88,1,12,1,3,1,3,5,3,3,3,3
2,10,2,43,1.8,1,3,1,1,1,235.5,1,20,3,1,3,1,20,1,1,3,3
2,10,2,44,0.2,1,1,1,1,1,276.1,1,3,1,1,1,1,9,1,1,1,1
2,10,2,45,0.8,1,2,1,1,1,250.58,1,9,3,3,3,3,15,3,3,2,2
2,10,2,46,0.05,1,2,1,1,1,284.91,1,13,3,1,3,1,11,3,1,2,2
2,10,2,47,0.8,3,2,2,2,1,222.27,1,20,1,1,3,3,13,3,1,2,2
2,10,2,48,0.8,1,2,1,1,1,211.44,1,4,1,1,1,1,6,1,3,2,2
2,10,2,49,0.1,1,1,1,1,1,256.52,1,3,1,1,1,1,9,1,3,1,3
2,10,2,50,0.4,3,1,2,2,1,243.3,1,18,1,1,3,3,2,1,3,1,3
2,10,2,51,0.2,1,2,1,1,1,315.63,0,4,1,1,1,1,17,1,3,2,2
2,10,2,52,0.1,1,3,1,1,1,293.54,1,15,1,1,1,1,2,1,3,3,1
2,10,2,53,0.2,1,3,1,1,1,241.88,1,14,1,1,1,1,8,1,1,3,3
2,10,2,54,0.05,1,3,1,1,1,281.26,1,7,3,1,3,1,19,1,1,3,3
2,10,2,55,0.8,2,1,2,2,1,255.5,1,9,1,3,2,2,8,1,3,1,3
2,10,2,56,0.1,2,3,2,2,1,291.94,1,8,3,1,2,2,8,3,1,1,3
2,10,2,57,0.8,3,1,2,2,1,252.85,1,9,1,3,3,1,19,3,3,3,3
2,10,2,58,0.2,3,2,2,2,1,266.52,1,16,3,3,1,1,3,3,3,2,2
2,10,2,59,0.4,2,2,2,2,1,242.32,1,16,1,3,2,2,1,1,1,2,2
2,10,2,60,0.1,2,2,2,1,0,277.28,1,5,3,3,2,2,7,1,1,2,2
2,10,2,61,0.4,2,1,2,2,1,327.88,0,19,1,1,2,2,9,3,3,3,3
2,10,2,62,0.05,3,3,2,2,1,309.75,0,8,3,1,1,3,19,3,1,1,3
2,10,2,63,0.1,3,3,2,2,1,269.8,1,7,3,1,1,3,16,1,3,3,1
2,10,2,64,0.05,1,1,1,1,1,322.61,0,19,3,3,3,3,2,1,3,1,3
2,10,2,65,0.1,2,1,2,1,0,238.99,1,13,3,1,2,2,3,3,3,3,3
2,10,2,66,0.8,1,1,1,1,1,227.46,1,9,1,3,1,3,11,1,3,1,3
2,10,2,67,1.8,3,1,2,2,1,218.29,1,9,3,1,1,3,3,1,1,1,1
2,10,2,68,0.8,3,1,2,2,1,198.07,1,9,1,1,3,3,17,1,3,1,3
2,10,2,69,1.8,1,2,1,1,1,193.08,1,11,1,1,1,1,18,1,1,2,2
2,10,2,70,0.2,2,3,2,2,1,239,1,7,1,3,2,2,19,1,1,3,3
2,10,2,71,0.8,2,1,2,2,1,248.08,1,8,3,1,2,2,12,1,1,1,1
2,10,2,72,1.8,1,3,1,1,1,231.01,1,17,3,3,3,3,13,1,3,3,1
2,10,2,73,0.4,2,3,2,2,1,268.25,1,19,3,3,2,2,15,3,1,1,3
2,10,2,74,1.8,3,1,2,2,1,206.77,1,8,3,1,1,3,8,1,3,1,3
2,10,2,75,1.8,2,1,2,2,1,214.73,1,14,3,1,2,2,18,3,3,3,3
2,10,2,76,1.8,1,2,1,1,1,194.01,1,2,1,3,1,3,10,3,1,2,2
2,10,2,77,0.4,2,2,2,1,0,291.34,1,15,3,3,2,2,1,3,1,2,2
2,10,2,78,0.1,3,1,2,2,1,251.53,1,8,3,3,1,1,3,3,1,3,1
2,10,3,1,0.8,2,1,2,2,1,286.09,1,15,1,3,2,2,17,1,1,1,1
2,10,3,2,0.2,3,1,2,2,1,251.86,1,14,3,1,1,3,1,1,1,1,1
2,10,3,3,0.05,3,2,2,2,1,303.42,0,9,3,3,1,1,1,3,1,2,2
2,10,3,4,0.8,1,2,1,1,1,239.38,1,19,1,3,1,3,13,1,3,2,2
2,10,3,5,0.05,1,1,1,1,1,272.59,1,2,1,1,1,1,1,3,3,3,3
2,10,3,6,0.8,2,2,2,2,1,230.35,1,10,3,3,2,2,17,1,1,2,2
2,10,3,7,0.05,2,3,2,2,1,287.98,1,15,3,1,2,2,9,1,3,3,1
2,10,3,8,0.2,1,2,1,1,1,221.32,1,17,3,3,3,3,3,1,3,2,2
2,10,3,9,0.1,2,1,2,1,0,320.28,0,12,3,3,2,2,5,1,1,1,1
2,10,3,10,0.4,3,3,2,2,1,275.87,1,13,3,3,1,1,5,1,3,3,1
2,10,3,11,0.8,3,3,2,2,1,228.52,1,5,1,1,3,3,19,1,3,3,1
2,10,3,12,0.1,1,1,1,1,1,284.25,1,10,1,1,1,1,18,3,1,3,1
2,10,3,13,0.1,3,3,2,2,1,223.85,1,1,3,3,1,1,6,1,3,3,1
2,10,3,14,0.1,2,1,2,2,1,300.72,0,5,1,1,2,2,14,3,3,3,3
2,10,3,15,0.8,1,2,1,1,1,214.1,1,19,1,1,1,1,5,1,1,2,2
2,10,3,16,0.1,3,3,2,2,1,256.09,1,8,3,3,1,1,2,1,3,3,1
2,10,3,17,0.05,1,2,1,1,1,298.57,1,17,3,3,3,3,14,3,3,2,2
2,10,3,18,1.8,1,3,1,1,1,216.61,1,11,1,1,1,1,12,3,3,1,1
2,10,3,19,0.2,3,3,2,2,1,232.33,1,2,1,1,3,3,10,3,3,1,1
2,10,3,20,0.05,1,1,1,1,1,264.05,1,5,1,1,1,1,20,1,1,1,1
2,10,3,21,0.1,1,3,1,1,1,285.23,1,4,1,1,1,1,18,1,3,3,1
2,10,3,22,0.2,1,2,1,1,1,258.58,1,18,3,1,3,1,8,3,1,2,2
2,10,3,23,0.4,3,3,2,2,1,189.1,1,8,3,3,1,1,4,3,3,1,1
2,10,3,24,0.05,2,2,2,2,1,293.67,1,16,1,1,2,2,8,3,3,2,2
2,10,3,25,0.1,1,2,1,1,1,315.68,0,20,1,3,1,3,10,3,1,2,2
2,10,3,26,0.1,3,1,2,2,1,142.39,1,5,1,1,3,3,12,3,1,3,1
2,10,3,27,0.4,3,1,2,2,1,347.3,0,8,3,3,1,1,1,3,1,3,1
2,10,3,28,0.2,3,3,2,2,1,183.17,1,16,3,1,1,3,18,3,1,1,3
2,10,3,29,0.2,3,2,2,2,1,212.51,1,4,1,3,3,1,5,1,3,2,2
2,10,3,30,0.05,1,2,1,1,1,268.15,1,3,3,3,3,3,7,1,1,2,2
2,10,3,31,1.8,2,2,NaN,NaN,NaN,NaN,NaN,10,3,3,2,2,13,1,1,2,2
2,10,3,32,0.1,2,3,2,1,0,222.84,1,1,1,1,2,2,7,3,3,1,1
2,10,3,33,0.4,1,3,1,1,1,254.48,1,7,3,1,3,1,7,3,3,1,1
2,10,3,34,0.05,3,2,2,2,1,300.72,0,13,3,1,1,3,12,3,1,2,2
2,10,3,35,0.1,2,3,2,2,1,288.64,1,12,1,3,2,2,20,1,3,3,1
2,10,3,36,0.2,1,1,1,1,1,217.08,1,11,1,1,1,1,9,1,3,1,3
2,10,3,37,0.8,1,3,NaN,NaN,NaN,NaN,NaN,1,1,3,1,3,7,1,3,3,1
2,10,3,38,1.8,3,3,2,2,1,220.76,1,18,3,3,1,1,20,3,3,1,1
2,10,3,39,0.8,1,3,1,1,1,198.29,1,7,3,1,3,1,16,3,3,1,1
2,10,3,40,0.4,3,2,2,2,1,235.54,1,19,1,3,3,1,6,1,3,2,2
2,10,3,41,1.8,1,2,1,1,1,229.54,1,1,1,1,1,1,18,1,1,2,2
2,10,3,42,0.05,3,3,2,2,1,263.4,1,13,3,1,1,3,2,1,3,3,1
2,10,3,43,0.1,1,1,1,1,1,228.94,1,12,1,3,1,3,4,1,3,1,3
2,10,3,44,0.8,3,1,2,2,1,230.26,1,17,1,3,3,1,4,1,1,1,1
2,10,3,45,0.2,1,1,1,1,1,272.99,1,9,3,1,3,1,15,1,1,1,1
2,10,3,46,0.2,2,3,2,2,1,238.58,1,2,3,3,2,2,3,3,3,1,1
2,10,3,47,0.2,1,1,1,1,1,237.83,1,19,3,1,3,1,3,1,3,1,3
2,10,3,48,0.4,1,3,1,1,1,259.73,1,4,3,1,3,1,13,3,1,1,3
2,10,3,49,0.05,1,2,1,1,1,282.43,1,9,3,1,3,1,7,3,1,2,2
2,10,3,50,0.1,1,2,1,2,0,294.12,1,19,3,3,3,3,2,3,1,2,2
2,10,3,51,0.4,3,2,2,2,1,254.37,1,5,1,3,3,1,17,1,3,2,2
2,10,3,52,1.8,2,2,2,2,1,158.38,1,4,1,3,2,2,14,1,1,2,2
2,10,3,53,0.2,1,1,1,1,1,235.2,1,19,3,1,3,1,5,3,3,3,3
2,10,3,54,0.4,3,1,2,2,1,209.96,1,3,3,1,1,3,19,1,1,1,1
2,10,3,55,0.2,1,2,1,1,1,247.06,1,12,3,3,3,3,12,1,1,2,2
2,10,3,56,0.8,2,3,2,1,0,267.65,1,13,3,1,2,2,20,3,1,1,3
2,10,3,57,0.8,3,2,2,2,1,246.02,1,13,1,3,3,1,2,1,3,2,2
2,10,3,58,0.8,3,2,2,2,1,211.29,1,2,1,3,3,1,2,3,3,2,2
2,10,3,59,0.2,1,1,1,1,1,262.94,1,9,1,3,1,3,7,1,3,1,3
2,10,3,60,1.8,2,2,2,1,0,198.28,1,2,3,1,2,2,18,3,3,2,2
2,10,3,61,0.8,2,3,2,1,0,204.88,1,16,3,3,2,2,9,1,3,3,1
2,10,3,62,0.4,3,2,2,2,1,202.23,1,16,3,3,1,1,10,3,1,2,2
2,10,3,63,0.4,2,1,2,2,1,249.25,1,10,1,3,2,2,8,3,1,3,1
2,10,3,64,1.8,1,3,1,1,1,233.24,1,13,1,1,1,1,5,1,1,3,3
2,10,3,65,1.8,2,1,2,2,1,201.59,1,13,1,3,2,2,14,1,3,1,3
2,10,3,66,0.1,2,1,2,2,1,249.53,1,8,1,3,2,2,5,3,1,3,1
2,10,3,67,1.8,1,2,1,1,1,206.1,1,13,3,3,3,3,16,3,3,2,2
2,10,3,68,1.8,1,1,1,1,1,187.18,1,13,1,3,1,3,16,1,3,1,3
2,10,3,69,0.4,3,2,2,2,1,245.86,1,11,3,1,1,3,3,3,1,2,2
2,10,3,70,0.8,1,2,1,1,1,266.6,1,2,1,3,1,3,12,3,3,2,2
2,10,3,71,0.05,2,1,2,1,0,334.11,0,4,1,1,2,2,3,1,3,1,3
2,10,3,72,0.05,3,2,2,2,1,250.23,1,16,3,1,1,3,15,3,3,2,2
2,10,3,73,0.4,1,1,1,1,1,210.46,1,8,3,1,3,1,1,1,3,1,3
2,10,3,74,1.8,2,2,2,2,1,173.19,1,16,1,3,2,2,17,1,3,2,2
2,10,3,75,0.4,1,3,1,1,1,257.47,1,17,3,3,3,3,13,1,3,3,1
2,10,3,76,1.8,3,3,2,2,1,202.45,1,8,3,1,1,3,11,3,3,1,1
2,10,3,77,1.8,3,2,2,2,1,204.93,1,15,1,1,3,3,18,3,3,2,2
2,10,3,78,0.05,3,3,2,2,1,276.62,1,3,3,1,1,3,12,3,1,1,3
2,10,4,1,1.8,2,1,2,2,1,279.35,1,16,1,1,2,2,5,3,1,3,1
2,10,4,2,0.05,1,1,1,1,1,308.01,0,1,1,3,1,3,10,1,3,1,3
2,10,4,3,0.4,2,3,2,1,0,233.04,1,17,3,1,2,2,4,3,1,1,3
2,10,4,4,0.1,3,1,2,2,1,221.16,1,14,1,3,3,1,15,1,3,1,3
2,10,4,5,0.2,3,2,2,2,1,269.4,1,9,3,3,1,1,20,3,1,2,2
2,10,4,6,0.1,1,1,1,1,1,277.33,1,12,3,3,3,3,5,3,1,3,1
2,10,4,7,0.2,1,2,1,1,1,169.99,1,8,1,1,1,1,12,3,1,2,2
2,10,4,8,1.8,1,3,1,1,1,241.54,1,1,3,3,3,3,2,1,3,3,1
2,10,4,9,1.8,3,1,2,2,1,215.19,1,2,3,3,1,1,3,1,1,1,1
2,10,4,10,1.8,3,2,2,2,1,215.58,1,1,1,3,3,1,6,3,3,2,2
2,10,4,11,0.2,2,1,2,2,1,269.91,1,18,3,1,2,2,3,3,1,3,1
2,10,4,12,0.4,1,2,1,1,1,280.75,1,19,3,1,3,1,7,1,3,2,2
2,10,4,13,0.4,1,3,1,1,1,226.01,1,9,1,1,1,1,9,3,1,1,3
2,10,4,14,0.1,1,1,1,1,1,265.45,1,20,3,3,3,3,17,3,1,3,1
2,10,4,15,1.8,1,1,1,1,1,214.33,1,4,3,3,3,3,17,3,1,3,1
2,10,4,16,0.2,1,2,1,1,1,208.93,1,18,3,1,3,1,13,1,3,2,2
2,10,4,17,0.1,1,2,1,1,1,258.23,1,8,3,1,3,1,20,1,3,2,2
2,10,4,18,0.4,3,2,2,2,1,238.06,1,4,3,3,1,1,10,1,3,2,2
2,10,4,19,0.8,2,3,2,2,1,232.53,1,19,1,1,2,2,3,3,3,1,1
2,10,4,20,0.1,2,3,2,2,1,287.85,1,11,3,3,2,2,9,3,3,1,1
2,10,4,21,0.05,3,3,2,2,1,283.59,1,12,3,1,1,3,14,3,3,1,1
2,10,4,22,0.2,1,3,1,2,0,159.2,1,15,3,3,3,3,17,1,3,3,1
2,10,4,23,1.8,2,3,2,2,1,212.23,1,8,1,3,2,2,2,1,3,3,1
2,10,4,24,0.2,2,2,2,1,0,259.22,1,8,1,1,2,2,11,3,3,2,2
2,10,4,25,0.2,1,3,1,1,1,297.13,1,14,1,3,1,3,2,1,1,3,3
2,10,4,26,0.4,1,3,1,1,1,262.43,1,15,1,1,1,1,9,3,3,1,1
2,10,4,27,0.4,2,1,2,1,0,319.4,0,1,1,1,2,2,13,3,1,3,1
2,10,4,28,0.8,1,1,1,1,1,247.26,1,20,1,3,1,3,2,1,3,1,3
2,10,4,29,0.1,3,2,2,2,1,283.31,1,8,1,1,3,3,11,3,1,2,2
2,10,4,30,0.4,1,2,1,1,1,302.82,0,3,1,3,1,3,11,1,1,2,2
2,10,4,31,0.05,1,3,1,1,1,264.47,1,13,3,1,3,1,3,1,1,3,3
2,10,4,32,0.1,1,1,1,1,1,248.12,1,4,1,3,1,3,14,3,1,3,1
2,10,4,33,1.8,1,2,1,2,0,191.72,1,17,1,3,1,3,10,3,1,2,2
2,10,4,34,1.8,2,1,2,2,1,238.46,1,2,3,3,2,2,6,3,1,3,1
2,10,4,35,0.8,3,2,2,2,1,193.47,1,19,3,1,1,3,15,1,3,2,2
2,10,4,36,0.05,2,2,2,2,1,310.72,0,10,1,3,2,2,16,3,3,2,2
2,10,4,37,0.8,1,3,1,1,1,227.47,1,17,3,1,3,1,1,1,3,3,1
2,10,4,38,0.8,1,2,1,1,1,276.35,1,18,3,1,3,1,12,1,1,2,2
2,10,4,39,0.05,2,2,2,1,0,289.26,1,1,3,3,2,2,2,3,3,2,2
2,10,4,40,0.2,3,1,2,2,1,250.91,1,12,1,3,3,1,9,3,1,3,1
2,10,4,41,0.1,3,2,2,2,1,219.63,1,14,1,3,3,1,10,1,3,2,2
2,10,4,42,1.8,1,3,1,1,1,290.75,1,19,1,1,1,1,2,3,3,1,1
2,10,4,43,0.4,2,3,2,2,1,213.98,1,15,3,1,2,2,14,3,3,1,1
2,10,4,44,0.05,1,1,1,1,1,277.7,1,17,1,3,1,3,8,3,1,3,1
2,10,4,45,0.8,1,3,1,1,1,232.53,1,2,1,3,1,3,14,3,3,1,1
2,10,4,46,1.8,1,3,1,1,1,199.04,1,9,3,1,3,1,3,1,1,3,3
2,10,4,47,0.05,1,1,1,2,0,258.03,1,6,3,3,3,3,12,1,3,1,3
2,10,4,48,0.05,1,1,1,1,1,282.8,1,3,1,1,1,1,13,1,1,1,1
2,10,4,49,0.4,2,1,2,2,1,255.31,1,1,1,3,2,2,17,1,1,1,1
2,10,4,50,0.4,1,3,1,1,1,229.79,1,5,3,1,3,1,9,1,1,3,3
2,10,4,51,0.8,2,2,2,2,1,214.34,1,14,1,3,2,2,5,3,3,2,2
2,10,4,52,0.05,1,2,1,1,1,270.65,1,11,1,3,1,3,18,3,1,2,2
2,10,4,53,0.4,3,1,2,2,1,297.09,1,6,3,3,1,1,12,3,1,3,1
2,10,4,54,0.2,1,3,1,1,1,267.95,1,16,3,1,3,1,16,1,1,3,3
2,10,4,55,0.1,1,3,1,1,1,277.42,1,19,1,3,1,3,1,3,3,1,1
2,10,4,56,0.4,1,3,1,1,1,235.83,1,18,1,3,1,3,20,3,3,1,1
2,10,4,57,0.1,3,1,2,2,1,276.65,1,12,3,1,1,3,3,1,3,1,3
2,10,4,58,1.8,1,3,1,1,1,250.14,1,10,1,1,1,1,17,1,3,3,1
2,10,4,59,0.05,1,1,1,1,1,292.55,1,8,3,3,3,3,17,3,3,3,3
2,10,4,60,0.8,3,3,2,2,1,223.43,1,1,1,1,3,3,2,1,3,3,1
2,10,4,61,0.05,1,1,1,1,1,272.23,1,4,1,1,1,1,3,3,1,3,1
2,10,4,62,0.05,1,3,1,1,1,277.45,1,13,1,1,1,1,14,3,3,1,1
2,10,4,63,0.2,1,1,1,1,1,245,1,2,3,1,3,1,18,1,1,1,1
2,10,4,64,0.8,1,3,1,1,1,220.52,1,8,3,1,3,1,3,3,3,1,1
2,10,4,65,0.8,1,2,1,1,1,204.79,1,11,1,3,1,3,18,1,3,2,2
2,10,4,66,1.8,1,2,1,1,1,238.03,1,1,1,1,1,1,15,1,3,2,2
2,10,4,67,0.1,1,1,1,2,0,379.08,0,2,3,3,3,3,7,3,1,3,1
2,10,4,68,0.2,3,3,2,2,1,234.36,1,2,3,1,1,3,9,3,3,1,1
2,10,4,69,0.8,2,1,2,2,1,261.56,1,6,3,3,2,2,3,3,3,3,3
2,10,4,70,0.05,2,1,2,2,1,282.15,1,5,1,1,2,2,1,3,3,3,3
2,10,4,71,0.4,1,2,1,1,1,277.99,1,5,1,1,1,1,3,1,1,2,2
2,10,4,72,0.8,3,1,2,2,1,219.09,1,14,1,3,3,1,15,1,3,1,3
2,10,4,73,0.1,2,1,2,2,1,262.14,1,19,3,1,2,2,1,3,3,3,3
2,10,4,74,1.8,3,1,2,2,1,219.14,1,17,3,3,1,1,19,1,1,1,1
2,10,4,75,0.2,3,3,2,2,1,272.99,1,9,1,1,3,3,19,3,3,1,1
2,10,4,76,0.2,1,3,1,1,1,162.68,1,5,3,3,3,3,13,1,3,3,1
2,10,4,77,0.1,2,2,2,2,1,290.73,1,4,1,1,2,2,18,1,3,2,2
2,10,4,78,0.8,1,2,1,1,1,242.61,1,6,1,3,1,3,6,3,3,2,2
2,10,5,1,0.1,2,1,2,1,0,215.77,1,15,1,3,2,2,9,1,3,1,3
2,10,5,2,0.1,1,3,1,1,1,235.96,1,11,1,3,1,3,10,3,3,1,1
2,10,5,3,0.4,3,1,2,2,1,237.98,1,20,3,3,1,1,19,3,3,3,3
2,10,5,4,0.2,2,1,2,1,0,88.407,2,15,1,3,2,2,20,3,3,3,3
2,10,5,5,0.1,3,3,2,1,0,252.23,1,15,1,3,3,1,18,3,3,1,1
2,10,5,6,0.4,3,1,2,2,1,239.35,1,17,3,1,1,3,8,3,3,3,3
2,10,5,7,0.1,3,1,2,2,1,219.87,1,7,1,1,3,3,13,3,3,3,3
2,10,5,8,0.8,3,3,2,2,1,200.47,1,19,1,1,3,3,7,3,1,1,3
2,10,5,9,0.05,1,1,1,1,1,263.7,1,20,1,1,1,1,10,1,3,1,3
2,10,5,10,0.1,3,2,2,2,1,247.94,1,7,1,1,3,3,1,3,1,2,2
2,10,5,11,0.2,1,3,1,1,1,214.94,1,14,1,3,1,3,15,3,3,1,1
2,10,5,12,0.4,1,1,1,1,1,204,1,17,3,3,3,3,1,3,1,3,1
2,10,5,13,1.8,1,1,1,1,1,182.32,1,4,3,3,3,3,11,1,3,1,3
2,10,5,14,0.4,1,1,1,1,1,292.3,1,19,1,3,1,3,12,1,1,1,1
2,10,5,15,1.8,3,3,2,2,1,285.39,1,3,1,1,3,3,8,3,3,1,1
2,10,5,16,0.2,1,2,1,1,1,250.58,1,8,3,3,3,3,14,3,3,2,2
2,10,5,17,0.8,2,3,2,2,1,214.65,1,6,1,1,2,2,9,1,1,3,3
2,10,5,18,0.4,1,2,1,1,1,248.62,1,4,3,3,3,3,6,3,3,2,2
2,10,5,19,0.8,2,3,2,2,1,199.93,1,8,1,1,2,2,2,1,1,3,3
2,10,5,20,1.8,2,3,2,1,0,230.29,1,2,1,1,2,2,19,1,3,3,1
2,10,5,21,0.2,1,3,1,1,1,227.1,1,17,1,1,1,1,4,1,1,3,3
2,10,5,22,0.1,1,2,1,1,1,259.3,1,18,3,1,3,1,2,3,1,2,2
2,10,5,23,0.05,1,2,1,1,1,256.12,1,10,3,1,3,1,8,3,1,2,2
2,10,5,24,0.1,1,3,1,2,0,253.35,1,17,3,1,3,1,2,1,3,3,1
2,10,5,25,0.8,1,1,NaN,NaN,NaN,NaN,NaN,3,3,1,3,1,9,3,3,3,3
2,10,5,26,0.8,2,2,2,2,1,256.79,1,15,1,1,2,2,3,1,3,2,2
2,10,5,27,0.8,3,2,2,2,1,237.39,1,19,3,3,1,1,9,1,1,2,2
2,10,5,28,0.1,1,2,1,1,1,276.5,1,5,1,3,1,3,11,3,1,2,2
2,10,5,29,0.05,1,2,1,1,1,278.98,1,9,1,3,1,3,11,3,1,2,2
2,10,5,30,0.05,1,3,1,1,1,283.47,1,15,1,3,1,3,9,1,1,3,3
2,10,5,31,1.8,1,3,1,1,1,208.53,1,11,3,3,3,3,13,1,1,3,3
2,10,5,32,0.05,2,3,2,2,1,297.26,1,11,1,3,2,2,2,1,3,3,1
2,10,5,33,0.2,1,2,1,1,1,244.32,1,8,3,1,3,1,16,3,1,2,2
2,10,5,34,0.05,1,1,1,2,0,293.26,1,19,3,3,3,3,10,1,3,1,3
2,10,5,35,0.1,1,1,1,1,1,261.91,1,7,1,3,1,3,18,1,1,1,1
2,10,5,36,0.1,1,3,1,1,1,285.46,1,8,1,1,1,1,11,3,3,1,1
2,10,5,37,0.4,2,2,2,2,1,269.38,1,5,1,1,2,2,5,3,3,2,2
2,10,5,38,0.4,1,1,1,1,1,274.62,1,4,1,3,1,3,18,1,3,1,3
2,10,5,39,0.8,2,3,2,2,1,219.63,1,3,3,3,2,2,13,3,3,1,1
2,10,5,40,1.8,2,3,2,1,0,197.55,1,10,3,1,2,2,18,1,3,3,1
2,10,5,41,0.05,3,1,2,2,1,295.58,1,8,3,1,1,3,1,1,1,1,1
2,10,5,42,1.8,1,1,1,1,1,222.39,1,18,3,3,3,3,10,1,3,1,3
2,10,5,43,0.2,1,3,1,1,1,269.9,1,1,1,1,1,1,4,1,3,3,1
2,10,5,44,0.2,3,2,2,2,1,219.37,1,1,1,1,3,3,12,3,3,2,2
2,10,5,45,1.8,3,2,2,2,1,210.94,1,9,1,3,3,1,8,1,3,2,2
2,10,5,46,0.4,3,2,2,2,1,225.18,1,10,1,3,3,1,9,1,3,2,2
2,10,5,47,0.2,3,3,2,2,1,261.81,1,3,3,1,1,3,17,3,3,1,1
2,10,5,48,0.1,3,2,2,2,1,276.18,1,9,3,1,1,3,9,1,1,2,2
2,10,5,49,0.8,1,2,1,1,1,242.93,1,6,1,1,1,1,9,3,3,2,2
2,10,5,50,1.8,3,3,2,2,1,220.67,1,15,1,1,3,3,5,3,1,1,3
2,10,5,51,0.8,1,2,1,1,1,222.49,1,13,1,1,1,1,1,3,1,2,2
2,10,5,52,1.8,1,2,1,1,1,173.37,1,18,3,3,3,3,10,1,1,2,2
2,10,5,53,0.4,1,3,1,1,1,227.26,1,5,1,3,1,3,19,1,1,3,3
2,10,5,54,1.8,1,1,1,1,1,195.66,1,10,1,1,1,1,5,3,3,3,3
2,10,5,55,1.8,3,2,2,2,1,221.48,1,1,3,1,1,3,8,1,3,2,2
2,10,5,56,0.8,3,3,2,2,1,266.66,1,4,3,1,1,3,7,3,1,1,3
2,10,5,57,0.4,1,3,1,1,1,208.39,1,8,1,3,1,3,4,3,3,1,1
2,10,5,58,0.05,3,2,2,2,1,300.1,0,15,1,3,3,1,3,1,1,2,2
2,10,5,59,0.2,3,2,2,2,1,266.68,1,14,1,1,3,3,15,3,1,2,2
2,10,5,60,0.2,2,2,2,2,1,262.91,1,14,1,3,2,2,14,1,1,2,2
2,10,5,61,0.8,1,1,1,1,1,224.64,1,8,1,3,1,3,4,1,3,1,3
2,10,5,62,0.05,1,3,1,1,1,272.42,1,4,1,3,1,3,8,3,3,1,1
2,10,5,63,1.8,1,3,1,1,1,216.88,1,14,1,1,1,1,10,1,1,3,3
2,10,5,64,0.8,1,1,1,1,1,212.15,1,8,3,3,3,3,5,3,3,3,3
2,10,5,65,1.8,1,1,1,1,1,186.83,1,13,1,3,1,3,18,1,3,1,3
2,10,5,66,0.05,2,2,2,1,0,271.62,1,2,1,1,2,2,13,1,3,2,2
2,10,5,67,0.4,3,3,2,2,1,216.59,1,12,3,1,1,3,19,3,1,1,3
2,10,5,68,0.1,2,3,2,2,1,287.42,1,1,1,3,2,2,3,3,3,1,1
2,10,5,69,0.8,2,1,2,2,1,288.37,1,12,3,1,2,2,18,1,1,1,1
2,10,5,70,0.2,1,1,1,1,1,259.57,1,11,3,1,3,1,20,3,3,3,3
2,10,5,71,0.4,3,2,2,2,1,281.99,1,11,3,3,1,1,11,3,3,2,2
2,10,5,72,0.1,3,1,2,2,1,279.09,1,2,3,3,1,1,14,1,1,1,1
2,10,5,73,0.2,2,2,2,2,1,235.26,1,11,3,3,2,2,20,1,3,2,2
2,10,5,74,0.05,2,1,2,2,1,310.4,0,19,1,3,2,2,15,3,1,3,1
2,10,5,75,0.4,2,1,2,1,0,236.78,1,13,1,1,2,2,14,3,1,3,1
2,10,5,76,0.05,1,3,1,1,1,271.9,1,11,1,1,1,1,7,3,3,1,1
2,10,5,77,0.2,3,2,2,2,1,192.45,1,4,1,3,3,1,4,1,3,2,2
2,10,5,78,0.05,2,2,2,1,0,280.69,1,12,1,1,2,2,4,3,3,2,2
2,10,6,1,0.1,3,2,2,2,1,278.93,1,18,3,1,1,3,15,3,1,2,2
2,10,6,2,0.8,3,2,2,2,1,233.34,1,14,1,3,3,1,5,3,3,2,2
2,10,6,3,0.1,1,1,1,1,1,223.27,1,10,3,1,3,1,17,1,1,1,1
2,10,6,4,0.05,1,1,1,1,1,309.36,0,18,3,3,3,3,7,3,1,3,1
2,10,6,5,0.4,3,3,2,2,1,253.79,1,17,1,1,3,3,6,1,1,3,3
2,10,6,6,0.8,3,3,2,2,1,203.1,1,11,3,3,1,1,18,3,3,1,1
2,10,6,7,0.05,1,3,1,1,1,259.15,1,12,3,3,3,3,10,3,1,1,3
2,10,6,8,0.1,1,2,1,1,1,227.39,1,1,1,1,1,1,11,3,1,2,2
2,10,6,9,0.4,3,3,2,2,1,201.03,1,8,3,1,1,3,11,3,3,1,1
2,10,6,10,0.4,1,3,1,1,1,226.13,1,6,1,1,1,1,18,1,1,3,3
2,10,6,11,0.8,1,3,1,1,1,221.03,1,10,3,3,3,3,18,3,1,1,3
2,10,6,12,0.1,3,1,2,2,1,279.38,1,8,3,1,1,3,20,3,1,3,1
2,10,6,13,0.4,1,1,1,1,1,235.04,1,17,3,1,3,1,15,1,3,1,3
2,10,6,14,0.8,1,1,1,1,1,204.09,1,20,1,3,1,3,6,3,1,3,1
2,10,6,15,0.05,2,3,2,2,1,284.16,1,1,3,3,2,2,9,3,1,1,3
2,10,6,16,0.2,3,2,2,2,1,209.32,1,11,3,3,1,1,13,1,1,2,2
2,10,6,17,0.8,1,1,1,2,0,254.16,1,10,1,1,1,1,12,1,1,1,1
2,10,6,18,0.1,1,1,1,1,1,307.42,0,20,1,3,1,3,3,1,1,1,1
2,10,6,19,0.2,1,2,1,1,1,149.42,1,11,3,1,3,1,15,1,3,2,2
2,10,6,20,0.2,1,2,1,1,1,245.99,1,9,1,1,1,1,18,3,1,2,2
2,10,6,21,0.8,1,1,1,1,1,228.04,1,1,1,1,1,1,4,3,1,3,1
2,10,6,22,0.2,1,1,1,1,1,200.11,1,12,1,1,1,1,8,1,3,1,3
2,10,6,23,0.4,2,3,2,1,0,284.52,1,4,1,1,2,2,9,3,1,1,3
2,10,6,24,0.2,1,2,1,1,1,222.85,1,7,3,3,3,3,15,1,3,2,2
2,10,6,25,1.8,1,3,1,1,1,235.75,1,15,1,3,1,3,16,1,1,3,3
2,10,6,26,1.8,2,2,2,2,1,196.91,1,13,3,1,2,2,18,1,3,2,2
2,10,6,27,0.05,1,3,1,1,1,268.31,1,16,3,3,3,3,9,1,3,3,1
2,10,6,28,1.8,3,1,NaN,NaN,NaN,NaN,NaN,6,3,1,1,3,17,3,3,3,3
2,10,6,29,1.8,2,2,2,2,1,222.08,1,2,3,3,2,2,3,3,3,2,2
2,10,6,30,0.1,2,3,2,2,1,297.6,1,15,1,1,2,2,11,1,3,3,1
2,10,6,31,0.05,2,1,2,2,1,320.19,0,19,3,1,2,2,19,3,1,3,1
2,10,6,32,0.1,2,3,2,2,1,273.83,1,13,3,3,2,2,19,3,1,1,3
2,10,6,33,0.1,1,3,1,1,1,268.12,1,17,3,1,3,1,3,1,1,3,3
2,10,6,34,0.05,2,2,2,1,0,351.34,0,2,3,3,2,2,6,1,3,2,2
2,10,6,35,0.8,3,1,2,2,1,246.24,1,15,1,1,3,3,13,1,3,1,3
2,10,6,36,0.4,2,2,2,2,1,237,1,10,1,3,2,2,4,3,1,2,2
2,10,6,37,0.4,2,2,2,2,1,223.41,1,9,1,3,2,2,16,3,3,2,2
2,10,6,38,1.8,2,3,2,2,1,279.27,1,4,1,1,2,2,8,1,1,3,3
2,10,6,39,1.8,3,3,NaN,NaN,NaN,NaN,NaN,15,1,3,3,1,11,3,1,1,3
2,10,6,40,0.1,2,1,2,2,1,284.13,1,20,1,3,2,2,10,1,3,1,3
2,10,6,41,0.05,1,3,1,1,1,314.81,0,2,3,1,3,1,16,3,1,1,3
2,10,6,42,1.8,1,1,1,1,1,212.91,1,9,3,3,3,3,13,3,3,3,3
2,10,6,43,0.2,1,1,1,1,1,230.81,1,13,1,1,1,1,6,3,3,3,3
2,10,6,44,1.8,3,2,2,2,1,202.28,1,14,1,1,3,3,1,3,3,2,2
2,10,6,45,0.05,2,3,2,2,1,307.12,0,16,1,3,2,2,11,1,3,3,1
2,10,6,46,0.4,1,1,1,1,1,-2.089,2,1,1,3,1,3,18,1,1,1,1
2,10,6,47,0.1,3,2,2,2,1,267.19,1,2,3,3,1,1,16,1,1,2,2
2,10,6,48,0.05,1,2,1,1,1,299.98,1,4,1,1,1,1,17,3,3,2,2
2,10,6,49,0.2,3,1,2,2,1,293.04,1,17,1,1,3,3,3,1,3,1,3
2,10,6,50,0.2,1,1,1,1,1,221.31,1,19,1,1,1,1,3,3,1,3,1
2,10,6,51,0.4,1,1,1,1,1,266.38,1,1,1,3,1,3,14,1,3,1,3
2,10,6,52,1.8,3,3,2,2,1,219.91,1,15,3,1,1,3,7,3,3,1,1
2,10,6,53,0.1,1,2,1,1,1,240.4,1,3,1,3,1,3,7,3,3,2,2
2,10,6,54,0.8,1,2,1,1,1,218.6,1,14,3,1,3,1,2,3,3,2,2
2,10,6,55,0.05,1,2,1,1,1,284.02,1,20,3,1,3,1,7,1,1,2,2
2,10,6,56,1.8,1,2,1,1,1,208.67,1,12,1,1,1,1,3,3,3,2,2
2,10,6,57,0.4,2,3,2,2,1,319.75,0,11,1,3,2,2,19,1,1,3,3
2,10,6,58,0.4,1,1,1,1,1,229.77,1,19,3,3,3,3,15,3,3,3,3
2,10,6,59,0.1,3,2,2,2,1,299.98,1,11,1,3,3,1,18,3,1,2,2
2,10,6,60,0.05,2,1,2,2,1,335.6,0,3,3,3,2,2,14,1,3,1,3
2,10,6,61,0.1,3,2,2,2,1,237.6,1,10,3,3,1,1,9,1,1,2,2
2,10,6,62,0.2,1,2,1,1,1,286.79,1,10,3,3,3,3,6,1,3,2,2
2,10,6,63,0.2,1,3,1,1,1,256.44,1,2,1,3,1,3,18,1,3,3,1
2,10,6,64,0.8,1,3,1,1,1,207.27,1,10,1,3,1,3,14,3,1,1,3
2,10,6,65,0.2,3,2,2,2,1,234.93,1,19,1,3,3,1,2,3,1,2,2
2,10,6,66,0.8,2,1,2,2,1,213.85,1,5,1,3,2,2,15,3,1,3,1
2,10,6,67,0.05,2,1,2,1,0,301.82,0,17,3,1,2,2,19,3,1,3,1
2,10,6,68,0.05,1,1,1,1,1,266.74,1,5,3,1,3,1,3,3,1,3,1
2,10,6,69,0.4,1,2,1,1,1,259.88,1,19,1,1,1,1,8,1,3,2,2
2,10,6,70,1.8,2,3,2,2,1,196.61,1,9,1,3,2,2,5,3,3,1,1
2,10,6,71,1.8,3,2,2,2,1,226.33,1,8,3,3,1,1,7,3,1,2,2
2,10,6,72,0.8,3,1,2,2,1,206.35,1,1,3,3,1,1,13,3,1,3,1
2,10,6,73,0.2,3,1,2,2,1,254.76,1,16,3,1,1,3,12,3,1,3,1
2,10,6,74,1.8,1,3,1,1,1,214.95,1,17,3,1,3,1,9,1,1,3,3
2,10,6,75,0.2,1,2,1,1,1,219.16,1,10,1,1,1,1,11,3,1,2,2
2,10,6,76,0.4,1,3,1,1,1,201.54,1,2,3,3,3,3,18,1,3,3,1
2,10,6,77,0.8,1,1,NaN,NaN,NaN,NaN,NaN,6,3,1,3,1,16,1,3,1,3
2,10,6,78,0.8,1,1,1,1,1,244.9,1,13,1,1,1,1,19,1,3,1,3
2,10,7,1,0.4,1,2,1,1,1,229.81,1,9,3,3,3,3,16,3,3,2,2
2,10,7,2,0.8,1,3,1,1,1,221.45,1,3,3,1,3,1,8,1,1,3,3
2,10,7,3,0.05,2,2,2,2,1,286.59,1,11,1,3,2,2,12,1,1,2,2
2,10,7,4,0.8,3,3,2,2,1,210.38,1,14,3,3,1,1,2,1,3,3,1
2,10,7,5,0.8,2,1,2,1,0,272.63,1,2,1,1,2,2,11,3,1,3,1
2,10,7,6,1.8,1,3,1,1,1,217.24,1,15,3,1,3,1,18,3,3,1,1
2,10,7,7,0.05,3,2,2,2,1,302.67,0,7,1,3,3,1,19,1,3,2,2
2,10,7,8,0.2,3,2,2,2,1,215.25,1,3,1,3,3,1,6,3,3,2,2
2,10,7,9,0.2,2,3,2,2,1,268.91,1,6,1,3,2,2,19,3,3,1,1
2,10,7,10,0.4,1,2,1,1,1,253.45,1,3,3,3,3,3,18,1,3,2,2
2,10,7,11,0.2,1,1,1,1,1,207.09,1,6,3,1,3,1,18,3,1,3,1
2,10,7,12,0.4,1,3,1,2,0,303.06,0,18,1,1,1,1,20,1,1,3,3
2,10,7,13,1.8,1,2,1,1,1,174.85,1,14,3,1,3,1,10,1,3,2,2
2,10,7,14,0.05,2,2,2,1,0,318.35,0,12,3,3,2,2,16,1,1,2,2
2,10,7,15,1.8,1,1,1,1,1,196.06,1,8,1,1,1,1,10,3,1,3,1
2,10,7,16,0.2,3,3,2,2,1,256.63,1,13,3,1,1,3,2,3,1,1,3
2,10,7,17,0.1,2,2,2,1,0,298.52,1,7,3,1,2,2,15,1,1,2,2
2,10,7,18,0.8,3,3,2,2,1,206.27,1,7,3,1,1,3,17,1,1,3,3
2,10,7,19,0.1,1,3,1,1,1,265.98,1,16,1,1,1,1,16,1,3,3,1
2,10,7,20,0.8,1,1,1,1,1,214.63,1,6,1,3,1,3,20,3,3,3,3
2,10,7,21,0.8,1,3,1,1,1,224.84,1,4,1,1,1,1,5,1,1,3,3
2,10,7,22,0.4,2,1,2,2,1,263.29,1,3,3,1,2,2,2,1,3,1,3
2,10,7,23,0.1,3,3,2,2,1,284.92,1,9,1,1,3,3,4,3,3,1,1
2,10,7,24,0.1,2,2,2,1,0,273.02,1,1,3,1,2,2,12,3,1,2,2
2,10,7,25,1.8,1,3,1,1,1,214.69,1,14,3,3,3,3,20,1,3,3,1
2,10,7,26,0.4,1,1,1,1,1,224.26,1,5,3,3,3,3,5,1,3,1,3
2,10,7,27,0.2,1,3,1,1,1,258.27,1,7,1,1,1,1,9,1,3,3,1
2,10,7,28,0.1,1,2,1,1,1,235.86,1,12,1,3,1,3,17,3,3,2,2
2,10,7,29,0.4,1,3,1,1,1,225.37,1,15,3,3,3,3,18,1,1,3,3
2,10,7,30,0.1,2,3,2,2,1,294.35,1,3,1,1,2,2,13,1,1,3,3
2,10,7,31,1.8,1,2,1,1,1,193.36,1,14,3,3,3,3,19,1,3,2,2
2,10,7,32,0.1,3,1,2,2,1,264.65,1,18,1,1,3,3,17,1,1,1,1
2,10,7,33,0.8,3,2,2,2,1,218.6,1,14,3,1,1,3,8,3,3,2,2
2,10,7,34,1.8,1,3,1,1,1,201.56,1,17,1,3,1,3,13,1,1,3,3
2,10,7,35,0.2,1,1,1,1,1,254.43,1,10,3,1,3,1,15,3,3,3,3
2,10,7,36,1.8,1,1,1,1,1,227.01,1,15,1,1,1,1,4,1,1,1,1
2,10,7,37,0.05,2,2,2,1,0,285.66,1,12,1,1,2,2,11,3,1,2,2
2,10,7,38,0.05,1,1,1,1,1,297.71,1,14,3,3,3,3,7,1,3,1,3
2,10,7,39,0.4,1,2,1,1,1,199.56,1,5,1,3,1,3,20,3,3,2,2
2,10,7,40,0.8,2,1,2,2,1,225.17,1,6,1,3,2,2,7,1,1,1,1
2,10,7,41,0.05,1,1,1,1,1,277.14,1,6,3,1,3,1,11,1,1,1,1
2,10,7,42,0.8,1,3,1,1,1,274.28,1,11,3,1,3,1,18,3,3,1,1
2,10,7,43,0.2,3,2,2,2,1,218.45,1,10,1,1,3,3,8,1,3,2,2
2,10,7,44,0.4,2,2,2,2,1,289.59,1,2,3,1,2,2,15,1,1,2,2
2,10,7,45,1.8,1,3,1,1,1,203.78,1,16,3,3,3,3,18,1,1,3,3
2,10,7,46,1.8,1,3,1,1,1,210.35,1,7,1,3,1,3,6,1,3,3,1
2,10,7,47,0.05,3,1,2,2,1,350.59,0,13,1,3,3,1,12,1,3,1,3
2,10,7,48,1.8,2,3,2,2,1,244.8,1,5,1,3,2,2,3,3,1,1,3
2,10,7,49,0.4,1,3,1,1,1,30.692,2,19,3,1,3,1,17,3,1,1,3
2,10,7,50,1.8,2,2,2,2,1,205.36,1,1,3,3,2,2,8,3,1,2,2
2,10,7,51,0.2,1,3,1,1,1,250.94,1,1,3,1,3,1,19,3,1,1,3
2,10,7,52,0.2,2,3,2,1,0,246.91,1,7,3,3,2,2,1,3,3,1,1
2,10,7,53,0.2,3,2,2,2,1,245.42,1,3,1,1,3,3,19,3,1,2,2
2,10,7,54,0.8,2,3,2,2,1,245.17,1,5,3,3,2,2,12,1,3,3,1
2,10,7,55,1.8,2,3,2,2,1,229.39,1,18,1,3,2,2,11,3,3,1,1
2,10,7,56,0.4,2,2,2,2,1,379.58,0,9,1,3,2,2,9,3,3,2,2
2,10,7,57,0.2,1,3,1,1,1,349.82,0,2,1,1,1,1,19,1,1,3,3
2,10,7,58,0.1,3,2,2,2,1,272.81,1,17,3,1,1,3,8,1,3,2,2
2,10,7,59,0.05,1,1,1,1,1,277.92,1,5,1,1,1,1,8,3,3,3,3
2,10,7,60,0.1,1,3,1,1,1,270.99,1,15,3,1,3,1,9,3,1,1,3
2,10,7,61,0.4,1,2,1,1,1,263.08,1,11,3,3,3,3,8,3,3,2,2
2,10,7,62,0.05,1,1,1,2,0,319.03,0,19,1,3,1,3,15,3,3,3,3
2,10,7,63,0.4,1,3,1,1,1,253.01,1,16,1,3,1,3,18,1,3,3,1
2,10,7,64,0.1,1,2,1,1,1,261.09,1,20,1,1,1,1,6,3,1,2,2
2,10,7,65,0.05,3,1,2,2,1,378.87,0,13,1,3,3,1,6,3,1,3,1
2,10,7,66,0.4,1,1,1,1,1,248.32,1,14,1,3,1,3,13,3,3,3,3
2,10,7,67,0.8,3,3,2,2,1,222.82,1,20,1,3,3,1,15,3,3,1,1
2,10,7,68,0.05,2,3,2,2,1,306.84,0,6,1,1,2,2,1,3,1,1,3
2,10,7,69,0.1,3,2,2,2,1,299.64,1,1,1,3,3,1,20,3,1,2,2
2,10,7,70,0.1,2,3,2,1,0,227.66,1,17,3,3,2,2,20,1,3,3,1
2,10,7,71,0.2,1,2,1,1,1,256.49,1,7,1,3,1,3,15,3,3,2,2
2,10,7,72,0.05,3,1,2,2,1,280.91,1,20,1,3,3,1,12,3,1,3,1
2,10,7,73,0.8,1,3,1,1,1,248.01,1,5,3,3,3,3,15,1,3,3,1
2,10,7,74,0.1,1,1,1,2,0,278.96,1,8,1,1,1,1,14,3,3,3,3
2,10,7,75,1.8,3,2,2,2,1,212.45,1,3,1,3,3,1,2,1,1,2,2
2,10,7,76,0.8,1,2,1,1,1,243.41,1,4,3,1,3,1,6,3,1,2,2
2,10,7,77,0.2,1,2,1,2,0,298.54,1,13,1,3,1,3,2,3,1,2,2
2,10,7,78,0.05,3,3,2,2,1,333.09,0,1,3,1,1,3,15,3,1,1,3
2,10,8,1,1.8,1,2,1,1,1,241.31,1,10,3,3,3,3,17,3,1,2,2
2,10,8,2,0.4,1,1,1,1,1,227.14,1,9,3,3,3,3,9,3,3,3,3
2,10,8,3,0.4,3,2,2,2,1,221.59,1,12,3,3,1,1,19,3,1,2,2
2,10,8,4,0.4,1,2,1,1,1,205.14,1,2,1,3,1,3,18,3,1,2,2
2,10,8,5,0.2,3,3,2,2,1,251.76,1,3,3,1,1,3,15,3,1,1,3
2,10,8,6,0.8,2,2,2,2,1,202.98,1,18,3,3,2,2,13,3,1,2,2
2,10,8,7,0.4,2,1,2,2,1,202.93,1,8,1,3,2,2,4,3,3,3,3
2,10,8,8,0.2,2,1,2,2,1,262.46,1,20,3,1,2,2,19,1,3,1,3
2,10,8,9,0.1,2,1,2,2,1,277.54,1,18,1,3,2,2,10,3,3,3,3
2,10,8,10,0.8,1,1,1,1,1,306.8,0,12,3,1,3,1,9,3,3,3,3
2,10,8,11,1.8,3,3,2,2,1,252.99,1,18,1,1,3,3,10,3,3,1,1
2,10,8,12,1.8,1,1,1,1,1,256.68,1,14,3,1,3,1,3,3,1,3,1
2,10,8,13,0.8,1,3,1,2,0,260.28,1,16,3,3,3,3,12,3,3,1,1
2,10,8,14,0.2,1,1,1,1,1,270.78,1,19,1,3,1,3,15,3,3,3,3
2,10,8,15,0.05,2,3,2,1,0,275.67,1,10,3,3,2,2,17,1,3,3,1
2,10,8,16,0.1,3,2,2,2,1,280.64,1,5,1,1,3,3,3,1,1,2,2
2,10,8,17,0.1,1,2,1,1,1,326.51,0,18,1,3,1,3,14,3,1,2,2
2,10,8,18,0.05,1,1,1,1,1,281.64,1,13,1,1,1,1,10,1,1,1,1
2,10,8,19,0.4,2,2,2,1,0,236.03,1,17,1,3,2,2,3,3,3,2,2
2,10,8,20,1.8,3,3,NaN,NaN,NaN,NaN,NaN,19,3,1,1,3,8,1,3,3,1
2,10,8,21,0.05,3,1,2,2,1,272.88,1,3,3,3,1,1,2,3,3,3,3
2,10,8,22,0.2,1,1,1,1,1,214.95,1,1,1,1,1,1,7,3,3,3,3
2,10,8,23,0.2,3,2,2,2,1,282.2,1,14,3,3,1,1,4,1,3,2,2
2,10,8,24,0.8,1,3,1,1,1,205.19,1,10,3,1,3,1,18,1,3,3,1
2,10,8,25,0.2,2,2,2,2,1,249.14,1,15,1,1,2,2,6,1,3,2,2
2,10,8,26,0.2,1,3,1,1,1,236.87,1,13,1,1,1,1,11,3,3,1,1
2,10,8,27,0.05,2,3,2,2,1,293.26,1,11,1,1,2,2,19,1,3,3,1
2,10,8,28,0.1,1,1,1,1,1,260.66,1,3,3,3,3,3,15,1,1,1,1
2,10,8,29,1.8,2,2,2,2,1,209.59,1,15,1,1,2,2,15,3,3,2,2
2,10,8,30,0.05,2,1,2,1,0,291.1,1,20,1,1,2,2,15,1,3,1,3
2,10,8,31,1.8,2,2,2,2,1,237.55,1,16,1,1,2,2,3,1,3,2,2
2,10,8,32,1.8,1,3,1,1,1,260.55,1,18,3,3,3,3,5,3,1,1,3
2,10,8,33,0.05,2,2,2,2,1,303.56,0,10,1,1,2,2,5,1,1,2,2
2,10,8,34,0.1,1,3,1,1,1,275.18,1,12,1,1,1,1,1,3,3,1,1
2,10,8,35,1.8,1,3,1,1,1,209.02,1,15,3,1,3,1,18,3,3,1,1
2,10,8,36,0.8,1,2,1,1,1,307.34,0,4,3,1,3,1,2,1,1,2,2
2,10,8,37,0.1,3,3,2,2,1,256.9,1,1,3,3,1,1,5,1,1,3,3
2,10,8,38,0.05,2,1,2,1,0,290.17,1,1,3,1,2,2,16,3,1,3,1
2,10,8,39,0.1,3,3,2,2,1,276.81,1,8,3,3,1,1,10,1,3,3,1
2,10,8,40,0.8,1,1,1,1,1,241.18,1,13,1,3,1,3,2,3,3,3,3
2,10,8,41,1.8,1,1,NaN,NaN,NaN,NaN,NaN,10,1,3,1,3,1,3,1,3,1
2,10,8,42,0.8,3,1,2,2,1,249.23,1,6,1,3,3,1,7,3,3,3,3
2,10,8,43,0.05,1,3,1,1,1,309.94,0,17,3,1,3,1,15,1,3,3,1
2,10,8,44,0.4,2,2,2,2,1,317.75,0,9,1,3,2,2,19,1,1,2,2
2,10,8,45,0.05,3,2,2,2,1,253.02,1,1,3,1,1,3,18,1,3,2,2
2,10,8,46,0.4,2,1,2,2,1,251.19,1,15,1,1,2,2,9,1,1,1,1
2,10,8,47,1.8,2,2,2,1,0,170.92,1,17,1,3,2,2,5,1,1,2,2
2,10,8,48,0.2,3,1,2,2,1,277.47,1,17,3,1,1,3,16,1,1,1,1
2,10,8,49,0.1,2,1,2,2,1,324.93,0,10,3,1,2,2,10,3,1,3,1
2,10,8,50,0.1,1,1,1,1,1,249.1,1,2,3,3,3,3,11,3,1,3,1
2,10,8,51,0.1,1,2,1,1,1,285.42,1,14,1,1,1,1,13,1,3,2,2
2,10,8,52,0.8,1,3,1,2,0,243.49,1,10,3,1,3,1,15,3,1,1,3
2,10,8,53,0.4,1,3,1,1,1,252.63,1,10,1,1,1,1,20,3,3,1,1
2,10,8,54,0.8,3,2,2,2,1,266.8,1,9,3,1,1,3,18,1,3,2,2
2,10,8,55,0.4,1,2,1,1,1,306.48,0,10,3,1,3,1,17,1,1,2,2
2,10,8,56,0.2,1,1,1,1,1,311.14,0,20,3,3,3,3,5,1,3,1,3
2,10,8,57,0.2,3,1,2,2,1,247.05,1,17,1,3,3,1,14,1,3,1,3
2,10,8,58,0.8,1,2,1,1,1,260.65,1,12,3,1,3,1,17,3,1,2,2
2,10,8,59,1.8,2,3,2,2,1,274.16,1,19,1,3,2,2,17,1,3,3,1
2,10,8,60,0.4,2,2,2,2,1,367.59,0,14,3,1,2,2,2,3,3,2,2
2,10,8,61,0.05,2,2,2,1,0,272.76,1,3,3,1,2,2,10,1,3,2,2
2,10,8,62,1.8,1,2,1,1,1,237.78,1,3,1,1,1,1,7,3,3,2,2
2,10,8,63,1.8,2,2,2,2,1,248.02,1,3,3,3,2,2,17,3,3,2,2
2,10,8,64,0.4,2,3,2,2,1,296.53,1,5,1,1,2,2,5,1,1,3,3
2,10,8,65,0.8,1,2,1,1,1,232.29,1,18,1,3,1,3,20,1,3,2,2
2,10,8,66,0.8,1,1,1,1,1,245.48,1,12,3,3,3,3,12,3,3,3,3
2,10,8,67,0.05,1,3,1,1,1,293.45,1,12,1,3,1,3,18,1,3,3,1
2,10,8,68,0.1,1,1,1,1,1,266.19,1,4,3,3,3,3,1,3,1,3,1
2,10,8,69,0.4,2,2,2,2,1,265.78,1,13,1,3,2,2,13,3,1,2,2
2,10,8,70,0.4,1,3,1,1,1,262.93,1,5,1,1,1,1,16,3,1,1,3
2,10,8,71,0.2,1,1,1,1,1,198.92,1,9,3,1,3,1,20,3,3,3,3
2,10,8,72,0.05,1,2,1,1,1,272.44,1,13,1,3,1,3,19,1,3,2,2
2,10,8,73,0.2,3,1,2,2,1,264.13,1,15,3,1,1,3,18,3,1,3,1
2,10,8,74,0.1,2,2,2,1,0,294.82,1,17,1,3,2,2,13,1,1,2,2
2,10,8,75,0.1,1,1,1,1,1,200.12,1,1,1,3,1,3,15,3,3,3,3
2,10,8,76,0.05,3,1,2,2,1,326.64,0,12,1,3,3,1,11,3,1,3,1
2,10,8,77,0.8,3,2,2,2,1,215.27,1,6,3,1,1,3,16,1,1,2,2
2,10,8,78,0.2,2,2,2,1,0,291.72,1,20,1,3,2,2,3,1,1,2,2
2,10,9,1,0.1,1,1,1,1,1,210.58,1,17,3,1,3,1,20,1,3,1,3
2,10,9,2,0.2,2,3,2,2,1,176.41,1,5,3,1,2,2,14,1,1,3,3
2,10,9,3,0.8,2,2,2,2,1,216.48,1,16,1,3,2,2,1,3,3,2,2
2,10,9,4,0.2,1,1,1,2,0,276.78,1,16,1,3,1,3,2,1,1,1,1
2,10,9,5,1.8,1,2,1,1,1,206.74,1,20,3,1,3,1,6,3,1,2,2
2,10,9,6,0.4,2,3,2,2,1,206.05,1,6,1,1,2,2,3,3,1,1,3
2,10,9,7,0.2,1,1,1,1,1,256.95,1,14,1,1,1,1,17,3,1,3,1
2,10,9,8,1.8,1,3,1,1,1,199.73,1,5,3,3,3,3,11,3,3,1,1
2,10,9,9,0.2,2,3,2,2,1,270.21,1,13,3,3,2,2,17,1,3,3,1
2,10,9,10,1.8,1,2,1,1,1,216.22,1,10,3,1,3,1,9,1,3,2,2
2,10,9,11,0.4,1,1,1,2,0,260.93,1,8,3,1,3,1,17,3,3,3,3
2,10,9,12,0.05,2,1,2,1,0,297.14,1,10,1,1,2,2,18,3,3,3,3
2,10,9,13,0.4,2,3,2,1,0,266.8,1,8,1,1,2,2,1,1,1,3,3
2,10,9,14,0.1,1,3,1,1,1,304.81,0,15,3,3,3,3,10,3,3,1,1
2,10,9,15,0.8,1,1,1,1,1,240.69,1,1,1,1,1,1,19,1,3,1,3
2,10,9,16,0.8,1,1,1,1,1,244.32,1,11,3,1,3,1,2,1,3,1,3
2,10,9,17,1.8,2,3,2,2,1,229.23,1,15,1,3,2,2,20,1,3,3,1
2,10,9,18,0.05,1,3,1,1,1,310.12,0,10,1,3,1,3,2,3,3,1,1
2,10,9,19,0.1,2,2,2,2,1,273.85,1,1,3,3,2,2,9,3,1,2,2
2,10,9,20,0.4,1,3,1,1,1,247.54,1,15,1,1,1,1,17,3,3,1,1
2,10,9,21,0.2,1,1,1,1,1,267.72,1,1,1,3,1,3,4,3,3,3,3
2,10,9,22,1.8,2,1,2,2,1,223.22,1,6,1,3,2,2,8,1,3,1,3
2,10,9,23,0.05,1,3,1,1,1,292.68,1,19,3,3,3,3,19,3,3,1,1
2,10,9,24,0.05,3,3,2,2,1,298.26,1,16,3,1,1,3,8,1,1,3,3
2,10,9,25,0.05,1,2,1,1,1,297.78,1,18,3,1,3,1,3,3,3,2,2
2,10,9,26,0.8,1,1,1,1,1,216.82,1,6,1,3,1,3,9,1,1,1,1
2,10,9,27,0.05,1,3,1,2,0,312.93,0,19,3,3,3,3,16,1,3,3,1
2,10,9,28,0.4,1,3,1,1,1,259,1,1,3,1,3,1,7,1,3,3,1
2,10,9,29,0.2,1,1,1,1,1,234.84,1,16,1,3,1,3,5,3,1,3,1
2,10,9,30,0.4,3,2,2,2,1,233.31,1,4,3,3,1,1,2,1,3,2,2
2,10,9,31,0.4,2,2,2,2,1,272.08,1,6,3,3,2,2,20,3,3,2,2
2,10,9,32,0.4,1,3,1,1,1,201.45,1,8,1,1,1,1,16,3,3,1,1
2,10,9,33,1.8,3,1,2,2,1,206.65,1,13,1,1,3,3,11,1,3,1,3
2,10,9,34,0.2,2,3,2,2,1,259.77,1,19,3,3,2,2,2,1,3,3,1
2,10,9,35,1.8,2,3,2,2,1,218.2,1,19,1,1,2,2,3,1,3,3,1
2,10,9,36,0.2,2,2,2,2,1,297.29,1,12,1,3,2,2,18,3,1,2,2
2,10,9,37,0.2,1,2,1,1,1,237.97,1,13,1,3,1,3,18,1,3,2,2
2,10,9,38,0.1,1,1,1,1,1,262.62,1,20,3,3,3,3,17,1,3,1,3
2,10,9,39,0.1,2,2,2,2,1,234.53,1,14,3,1,2,2,6,3,3,2,2
2,10,9,40,0.1,1,1,1,1,1,254.13,1,19,3,3,3,3,3,3,3,3,3
2,10,9,41,1.8,1,3,NaN,NaN,NaN,NaN,NaN,12,1,3,1,3,2,1,3,3,1
2,10,9,42,0.1,1,1,1,1,1,259.95,1,6,1,3,1,3,8,1,1,1,1
2,10,9,43,0.4,3,3,2,2,1,260.62,1,10,1,3,3,1,3,3,1,1,3
2,10,9,44,0.8,1,1,1,1,1,372.88,0,20,3,1,3,1,2,3,1,3,1
2,10,9,45,0.05,1,3,1,1,1,262.38,1,15,1,1,1,1,13,1,1,3,3
2,10,9,46,0.05,2,1,2,1,0,316.05,0,6,3,1,2,2,15,3,3,3,3
2,10,9,47,0.1,3,2,2,2,1,242.57,1,18,1,3,3,1,11,3,3,2,2
2,10,9,48,0.1,3,3,2,2,1,240.33,1,9,1,1,3,3,7,1,3,3,1
2,10,9,49,0.1,3,1,2,2,1,292.36,1,10,1,1,3,3,5,3,3,3,3
2,10,9,50,0.2,1,1,1,1,1,257.88,1,1,3,3,3,3,8,1,1,1,1
2,10,9,51,0.8,2,1,2,1,0,221.3,1,14,1,3,2,2,15,1,1,1,1
2,10,9,52,0.05,3,2,2,2,1,286.21,1,7,1,3,3,1,19,3,1,2,2
2,10,9,53,0.8,3,3,NaN,NaN,NaN,NaN,NaN,10,3,3,1,1,20,1,1,3,3
2,10,9,54,0.1,1,1,1,1,1,290.14,1,18,1,3,1,3,14,1,1,1,1
2,10,9,55,0.05,2,2,2,2,1,305.04,0,5,1,1,2,2,16,1,3,2,2
2,10,9,56,0.1,2,1,2,1,0,262.71,1,12,3,3,2,2,16,1,1,1,1
2,10,9,57,1.8,3,2,2,2,1,218,1,13,1,3,3,1,19,3,3,2,2
2,10,9,58,0.8,1,1,1,1,1,202.91,1,6,3,3,3,3,13,3,3,3,3
2,10,9,59,0.4,2,2,2,2,1,265.86,1,13,3,1,2,2,14,3,3,2,2
2,10,9,60,1.8,1,2,1,1,1,147.27,1,17,1,3,1,3,15,1,3,2,2
2,10,9,61,0.4,1,2,1,1,1,227.5,1,10,1,1,1,1,18,3,3,2,2
2,10,9,62,0.05,2,2,2,2,1,339.12,0,19,1,3,2,2,6,3,1,2,2
2,10,9,63,0.1,3,2,2,2,1,309.52,0,20,3,3,1,1,1,1,1,2,2
2,10,9,64,0.2,1,3,1,1,1,245.91,1,13,3,1,3,1,17,1,1,3,3
2,10,9,65,0.8,2,2,2,1,0,216.08,1,9,3,3,2,2,2,3,1,2,2
2,10,9,66,0.8,2,2,2,1,0,216.86,1,8,3,1,2,2,15,1,1,2,2
2,10,9,67,0.8,1,2,1,1,1,209.79,1,2,3,1,3,1,15,3,3,2,2
2,10,9,68,0.05,1,3,1,1,1,288.69,1,11,3,3,3,3,3,1,3,3,1
2,10,9,69,1.8,2,3,2,1,0,195.44,1,1,1,1,2,2,7,3,1,1,3
2,10,9,70,0.8,3,2,2,2,1,209.33,1,3,1,1,3,3,5,1,1,2,2
2,10,9,71,0.8,1,3,NaN,NaN,NaN,NaN,NaN,20,1,1,1,1,10,3,3,1,1
2,10,9,72,0.4,1,3,1,1,1,210.77,1,17,3,1,3,1,14,1,1,3,3
2,10,9,73,0.05,1,1,1,1,1,286.61,1,6,3,3,3,3,18,1,1,1,1
2,10,9,74,0.4,1,2,1,1,1,197.01,1,14,1,1,1,1,3,3,3,2,2
2,10,9,75,0.2,1,1,1,1,1,250.98,1,5,3,3,3,3,11,3,1,3,1
2,10,9,76,0.2,1,1,1,2,0,267.85,1,14,3,3,3,3,18,3,3,3,3
2,10,9,77,1.8,1,2,1,1,1,203.54,1,3,1,3,1,3,7,3,3,2,2
2,10,9,78,1.8,1,1,1,1,1,202.47,1,13,1,3,1,3,15,1,1,1,1
2,10,10,1,1.8,1,2,NaN,NaN,NaN,NaN,NaN,12,1,3,1,3,12,3,3,2,2
2,10,10,2,0.8,2,2,2,1,0,253.4,1,12,3,3,2,2,3,3,1,2,2
2,10,10,3,0.4,1,1,1,1,1,257.14,1,16,3,1,3,1,17,3,3,3,3
2,10,10,4,0.4,1,2,1,1,1,215.38,1,20,3,1,3,1,12,3,3,2,2
2,10,10,5,1.8,2,1,2,2,1,238.05,1,8,1,3,2,2,12,3,3,3,3
2,10,10,6,0.8,2,3,2,2,1,287.19,1,20,3,1,2,2,1,3,1,1,3
2,10,10,7,0.8,3,2,2,2,1,249.16,1,2,1,1,3,3,16,1,1,2,2
2,10,10,8,0.4,3,2,2,2,1,276.64,1,7,1,3,3,1,16,1,3,2,2
2,10,10,9,0.2,3,1,2,2,1,234.61,1,4,3,3,1,1,10,3,1,3,1
2,10,10,10,0.8,2,1,2,2,1,261.17,1,12,3,1,2,2,6,1,1,1,1
2,10,10,11,0.1,3,1,2,2,1,241.52,1,3,3,1,1,3,3,3,1,3,1
2,10,10,12,0.1,1,2,1,2,0,304.53,0,5,1,3,1,3,5,1,3,2,2
2,10,10,13,0.05,3,3,2,2,1,278.66,1,9,1,3,3,1,1,3,1,1,3
2,10,10,14,1.8,3,2,2,2,1,205.38,1,2,3,1,1,3,1,3,3,2,2
2,10,10,15,0.8,2,1,2,1,0,216.35,1,9,1,3,2,2,4,3,1,3,1
2,10,10,16,1.8,3,3,2,2,1,211.2,1,1,3,3,1,1,19,1,1,3,3
2,10,10,17,0.1,3,3,2,2,1,276.02,1,20,3,3,1,1,9,1,3,3,1
2,10,10,18,0.4,2,1,2,2,1,287.95,1,9,3,3,2,2,6,3,3,3,3
2,10,10,19,0.05,3,1,2,2,1,326.22,0,3,1,1,3,3,3,3,3,3,3
2,10,10,20,0.05,1,2,1,2,0,277.66,1,18,1,3,1,3,1,1,1,2,2
2,10,10,21,0.4,1,3,1,1,1,217.29,1,10,1,1,1,1,18,1,1,3,3
2,10,10,22,0.05,2,1,2,1,0,305.73,0,15,3,1,2,2,1,3,3,3,3
2,10,10,23,0.05,1,2,1,1,1,262.33,1,14,3,1,3,1,13,3,1,2,2
2,10,10,24,1.8,1,1,1,1,1,199.14,1,8,3,3,3,3,4,1,3,1,3
2,10,10,25,0.2,1,3,1,1,1,223.77,1,3,3,3,3,3,9,3,1,1,3
2,10,10,26,0.8,1,3,1,1,1,196.66,1,10,1,3,1,3,16,1,1,3,3
2,10,10,27,1.8,1,1,1,1,1,195.77,1,2,3,1,3,1,18,3,1,3,1
2,10,10,28,0.8,1,3,1,1,1,228.24,1,16,3,3,3,3,10,1,3,3,1
2,10,10,29,0.8,1,2,1,1,1,215.4,1,14,1,3,1,3,19,3,1,2,2
2,10,10,30,0.2,3,1,2,2,1,241.26,1,16,3,1,1,3,20,3,1,3,1
2,10,10,31,0.4,2,2,2,2,1,269.38,1,13,3,3,2,2,19,3,1,2,2
2,10,10,32,0.8,1,1,NaN,NaN,NaN,NaN,NaN,19,3,1,3,1,3,1,3,1,3
2,10,10,33,1.8,2,2,2,2,1,213.97,1,9,3,3,2,2,1,1,3,2,2
2,10,10,34,0.2,1,2,1,1,1,258.62,1,15,1,1,1,1,11,3,1,2,2
2,10,10,35,0.1,1,2,1,1,1,232.03,1,9,1,1,1,1,15,1,3,2,2
2,10,10,36,0.05,3,3,2,2,1,276.01,1,13,1,1,3,3,10,3,1,1,3
2,10,10,37,0.4,2,2,2,2,1,227.24,1,19,3,1,2,2,8,1,1,2,2
2,10,10,38,0.2,1,2,1,1,1,221.44,1,1,1,3,1,3,9,3,1,2,2
2,10,10,39,0.1,1,2,1,1,1,230.53,1,17,1,3,1,3,11,3,3,2,2
2,10,10,40,0.2,1,1,1,1,1,171.8,1,5,1,1,1,1,18,1,1,1,1
2,10,10,41,0.2,1,3,1,1,1,136.72,1,7,3,1,3,1,4,1,1,3,3
2,10,10,42,1.8,3,3,2,2,1,221.01,1,1,3,1,1,3,10,1,3,3,1
2,10,10,43,0.8,3,1,2,2,1,294.26,1,12,3,3,1,1,15,1,1,1,1
2,10,10,44,0.4,1,3,1,2,0,232.34,1,18,3,1,3,1,9,3,1,1,3
2,10,10,45,0.1,2,1,2,1,0,256.16,1,4,1,1,2,2,9,3,1,3,1
2,10,10,46,0.05,1,2,1,1,1,268.27,1,17,3,1,3,1,1,1,1,2,2
2,10,10,47,0.05,1,1,1,1,1,285.33,1,13,1,3,1,3,6,3,1,3,1
2,10,10,48,1.8,1,3,1,1,1,201.84,1,14,1,1,1,1,10,3,3,1,1
2,10,10,49,0.8,1,3,NaN,NaN,NaN,NaN,NaN,6,1,3,1,3,7,1,1,3,3
2,10,10,50,0.4,1,2,1,1,1,217.18,1,20,3,3,3,3,1,3,3,2,2
2,10,10,51,0.05,3,3,2,2,1,351.33,0,2,3,1,1,3,15,1,3,3,1
2,10,10,52,0.05,3,3,2,2,1,325.13,0,2,3,1,1,3,13,1,1,3,3
2,10,10,53,1.8,2,1,2,2,1,205.49,1,7,1,1,2,2,20,1,3,1,3
2,10,10,54,0.2,2,3,2,2,1,269.14,1,14,1,3,2,2,17,1,1,3,3
2,10,10,55,0.05,1,2,1,1,1,277.26,1,13,1,1,1,1,15,3,1,2,2
2,10,10,56,0.8,1,1,1,1,1,238.1,1,8,1,1,1,1,10,3,1,3,1
2,10,10,57,0.4,3,3,2,2,1,251.64,1,4,1,3,3,1,3,1,3,3,1
2,10,10,58,0.2,2,1,2,2,1,243.88,1,7,3,3,2,2,12,1,3,1,3
2,10,10,59,1.8,1,1,NaN,NaN,NaN,NaN,NaN,6,1,3,1,3,2,3,3,3,3
2,10,10,60,0.1,1,2,1,1,1,271.54,1,15,1,3,1,3,17,1,3,2,2
2,10,10,61,0.1,2,3,2,1,0,280.58,1,14,1,1,2,2,8,1,3,3,1
2,10,10,62,0.1,3,1,2,2,1,268.15,1,7,1,3,3,1,1,1,3,1,3
2,10,10,63,1.8,1,3,1,2,0,197.33,1,11,1,3,1,3,9,1,1,3,3
2,10,10,64,0.1,1,3,1,1,1,252.14,1,5,3,1,3,1,5,3,3,1,1
2,10,10,65,0.1,1,1,1,1,1,279.7,1,10,3,3,3,3,6,1,1,1,1
2,10,10,66,0.1,1,1,1,1,1,267.17,1,16,1,1,1,1,3,3,1,3,1
2,10,10,67,0.05,2,1,2,1,0,369.55,0,6,1,1,2,2,8,3,1,3,1
2,10,10,68,0.2,3,3,2,2,1,257.35,1,20,1,1,3,3,8,3,1,1,3
2,10,10,69,1.8,1,2,1,1,1,193.11,1,4,1,3,1,3,2,1,1,2,2
2,10,10,70,0.4,2,3,2,2,1,247.29,1,8,3,3,2,2,5,1,1,3,3
2,10,10,71,0.05,1,1,1,1,1,287.02,1,17,1,3,1,3,11,1,1,1,1
2,10,10,72,0.1,2,1,2,2,1,266.09,1,4,3,1,2,2,17,3,3,3,3
2,10,10,73,0.2,2,1,2,1,0,284.04,1,16,3,3,2,2,10,1,1,1,1
2,10,10,74,0.2,3,2,2,2,1,211.22,1,2,3,3,1,1,20,3,3,2,2
2,10,10,75,0.2,3,2,2,2,1,239.07,1,2,3,1,1,3,12,3,1,2,2
2,10,10,76,0.8,1,1,1,1,1,235.41,1,11,3,3,3,3,12,1,3,1,3
2,10,10,77,0.4,2,3,2,2,1,236.9,1,2,3,3,2,2,5,1,3,3,1
2,10,10,78,0.4,1,1,1,2,0,304.89,0,17,3,3,3,3,16,1,1,1,1
