1,4,1,1,0.8,1,3,1,2,0,188.72,1,6,3,1,3,1,18,1,3,3,1
1,4,1,2,0.1,2,2,2,1,0,316.6,0,16,3,1,2,2,19,3,1,2,2
1,4,1,3,0.2,3,2,2,2,1,247.06,1,5,3,3,1,1,1,3,1,2,2
1,4,1,4,0.1,2,3,2,2,1,175.71,1,13,1,1,2,2,10,1,3,3,1
1,4,1,5,0.8,3,2,2,2,1,154.24,1,7,1,1,3,3,9,3,1,2,2
1,4,1,6,0.2,1,3,1,1,1,225.91,1,8,1,3,1,3,13,3,1,1,3
1,4,1,7,0.8,1,1,1,1,1,175.68,1,14,1,3,1,3,6,3,3,3,3
1,4,1,8,0.2,1,1,1,1,1,234.72,1,18,1,3,1,3,11,1,3,1,3
1,4,1,9,1.8,1,3,1,1,1,206.41,1,7,3,3,3,3,4,3,3,1,1
1,4,1,10,1.8,2,2,2,2,1,172.78,1,8,3,1,2,2,17,1,3,2,2
1,4,1,11,0.1,2,1,2,2,1,254.09,1,7,1,1,2,2,1,1,3,1,3
1,4,1,12,0.05,1,2,1,1,1,289.21,1,8,1,1,1,1,14,1,1,2,2
1,4,1,13,0.4,2,3,2,2,1,189.43,1,9,3,1,2,2,6,1,3,3,1
1,4,1,14,0.2,3,2,2,2,1,250.12,1,6,3,3,1,1,14,1,3,2,2
1,4,1,15,0.05,1,1,1,1,1,272.98,1,1,3,3,3,3,9,1,1,1,1
1,4,1,16,1.8,2,3,2,2,1,224.29,1,11,3,3,2,2,2,3,1,1,3
1,4,1,17,0.4,1,3,1,1,1,207.7,1,15,1,3,1,3,14,1,3,3,1
1,4,1,18,0.05,3,3,2,2,1,312.49,0,7,3,3,1,1,11,1,1,3,3
1,4,1,19,0.05,1,1,1,1,1,260.78,1,11,1,3,1,3,1,3,1,3,1
1,4,1,20,0.05,1,1,1,1,1,248.83,1,5,1,3,1,3,15,1,3,1,3
1,4,1,21,0.1,3,2,2,2,1,253.06,1,19,3,1,1,3,12,3,3,2,2
1,4,1,22,0.8,2,1,2,2,1,182.37,1,16,1,1,2,2,15,3,1,3,1
1,4,1,23,0.4,3,2,2,2,1,190.08,1,20,1,3,3,1,11,1,3,2,2
1,4,1,24,1.8,1,2,1,1,1,178.93,1,9,3,1,3,1,16,3,3,2,2
1,4,1,25,0.4,1,1,1,2,0,206.1,1,4,3,3,3,3,3,1,3,1,3
1,4,1,26,0.8,1,2,1,2,0,185.43,1,6,3,1,3,1,19,1,1,2,2
1,4,1,27,1.8,3,3,2,2,1,196.47,1,7,3,3,1,1,20,3,3,1,1
1,4,1,28,0.4,3,1,2,2,1,236.31,1,18,3,3,1,1,17,3,1,3,1
1,4,1,29,0.2,2,3,2,2,1,193.13,1,5,3,3,2,2,2,1,3,3,1
1,4,1,30,1.8,1,3,1,1,1,213.86,1,4,3,1,3,1,16,1,1,3,3
1,4,1,31,0.8,1,2,1,1,1,202.23,1,15,3,3,3,3,9,3,3,2,2
1,4,1,32,0.4,3,3,2,2,1,198,1,10,3,3,1,1,7,3,1,1,3
1,4,1,33,0.1,3,2,2,2,1,253.92,1,4,1,3,3,1,11,1,1,2,2
1,4,1,34,0.05,2,2,2,2,1,293.45,1,5,3,1,2,2,9,3,1,2,2
1,4,1,35,0.4,1,3,1,1,1,166.4,1,10,1,1,1,1,16,3,3,1,1
1,4,1,36,0.05,1,3,1,1,1,283.59,1,17,3,1,3,1,6,3,3,1,1
1,4,1,37,0.1,3,2,2,2,1,256.56,1,12,3,3,1,1,7,1,3,2,2
1,4,1,38,1.8,3,1,2,2,1,207.34,1,5,3,1,1,3,10,1,3,1,3
1,4,1,39,0.1,1,1,1,2,0,417.14,0,10,1,3,1,3,6,3,1,3,1
1,4,1,40,0.05,2,3,2,2,1,277.85,1,13,3,3,2,2,8,3,1,1,3
1,4,1,41,0.8,2,2,2,1,0,176.31,1,12,3,1,2,2,17,1,1,2,2
1,4,1,42,1.8,1,2,1,1,1,182.83,1,18,3,3,3,3,3,3,1,2,2
1,4,1,43,1.8,2,2,2,1,0,207.69,1,5,3,3,2,2,15,3,3,2,2
1,4,1,44,0.8,3,2,2,2,1,190.18,1,2,1,1,3,3,18,3,1,2,2
1,4,1,45,0.4,1,3,1,2,0,204.28,1,20,3,1,3,1,11,3,3,1,1
1,4,1,46,1.8,2,1,2,2,1,217.12,1,7,3,3,2,2,3,3,3,3,3
1,4,1,47,0.05,1,3,1,1,1,277.54,1,13,1,1,1,1,17,1,1,3,3
1,4,1,48,1.8,2,3,2,2,1,303.73,0,14,1,1,2,2,4,3,3,1,1
1,4,1,49,0.05,3,3,2,2,1,294.79,1,14,3,1,1,3,8,1,1,3,3
1,4,1,50,0.8,2,2,2,2,1,227.53,1,4,3,1,2,2,7,1,1,2,2
1,4,1,51,0.05,1,2,1,1,1,285.2,1,17,3,1,3,1,16,3,1,2,2
1,4,1,52,0.4,2,3,2,2,1,191.86,1,2,3,1,2,2,9,1,1,3,3
1,4,1,53,0.8,2,3,2,2,1,199.88,1,2,3,1,2,2,19,1,3,3,1
1,4,1,54,0.2,2,2,2,2,1,243.67,1,6,3,1,2,2,14,1,1,2,2
1,4,1,55,0.2,3,1,2,2,1,242.67,1,15,1,3,3,1,1,1,1,1,1
1,4,1,56,0.4,1,3,1,2,0,196.03,1,7,1,3,1,3,19,1,1,3,3
1,4,1,57,0.2,1,3,1,2,0,238.96,1,20,1,3,1,3,20,1,1,3,3
1,4,1,58,0.8,3,3,2,2,1,187.44,1,6,1,3,3,1,18,1,1,3,3
1,4,1,59,0.2,1,2,1,1,1,235.58,1,18,3,3,3,3,8,1,3,2,2
1,4,1,60,1.8,1,3,1,1,1,184.68,1,15,3,1,3,1,15,1,3,3,1
1,4,1,61,0.2,2,1,2,2,1,213.5,1,18,1,3,2,2,15,3,1,3,1
1,4,1,62,0.8,1,1,1,1,1,185.87,1,16,3,3,3,3,9,3,3,3,3
1,4,1,63,0.4,3,2,2,2,1,234.76,1,16,3,3,1,1,18,3,3,2,2
1,4,1,64,0.2,1,2,1,2,0,276.88,1,12,1,1,1,1,1,1,3,2,2
1,4,1,65,0.2,1,2,1,1,1,239.83,1,11,1,1,1,1,18,3,3,2,2
1,4,1,66,0.05,1,3,1,1,1,278.68,1,14,1,1,1,1,15,1,3,3,1
1,4,1,67,1.8,2,2,NaN,NaN,NaN,NaN,NaN,20,3,3,2,2,7,3,3,2,2
1,4,1,68,0.1,1,3,1,1,1,357.6,0,13,3,1,3,1,17,3,1,1,3
1,4,1,69,0.1,1,2,1,1,1,292.4,1,12,3,3,3,3,2,3,3,2,2
1,4,1,70,0.2,3,1,2,2,1,240.75,1,1,1,3,3,1,2,3,3,3,3
1,4,1,71,0.1,2,1,2,2,1,314.39,0,3,3,1,2,2,10,1,1,1,1
1,4,1,72,0.1,3,2,2,2,1,288.89,1,19,3,3,1,1,8,1,1,2,2
1,4,1,73,0.4,3,1,2,2,1,189.38,1,1,3,3,1,1,1,3,3,3,3
1,4,1,74,0.05,2,3,2,2,1,324.51,0,9,1,3,2,2,6,3,1,1,3
1,4,1,75,0.4,3,3,2,2,1,232.46,1,2,3,1,1,3,10,3,1,1,3
1,4,1,76,0.8,1,3,1,1,1,185.18,1,10,3,1,3,1,8,3,1,1,3
1,4,1,77,0.1,1,2,1,1,1,259.79,1,18,3,3,3,3,6,3,3,2,2
1,4,1,78,0.1,1,1,1,1,1,286.26,1,13,1,3,1,3,6,3,1,3,1
1,4,2,1,0.4,3,2,2,2,1,243.48,1,17,1,3,3,1,2,3,3,2,2
1,4,2,2,0.8,3,3,2,2,1,192.73,1,10,1,1,3,3,7,1,1,3,3
1,4,2,3,0.2,1,1,1,1,1,266.14,1,5,1,1,1,1,14,1,1,1,1
1,4,2,4,0.8,3,3,2,2,1,181.11,1,7,3,3,1,1,4,1,3,3,1
1,4,2,5,1.8,2,2,2,1,0,247.23,1,7,1,3,2,2,18,1,1,2,2
1,4,2,6,0.8,1,3,1,1,1,194.84,1,8,3,1,3,1,16,1,3,3,1
1,4,2,7,0.05,1,1,1,1,1,313.56,0,14,1,3,1,3,12,1,1,1,1
1,4,2,8,0.1,2,3,2,1,0,231.01,1,16,3,3,2,2,1,1,1,3,3
1,4,2,9,0.1,1,1,1,2,0,212.68,1,13,1,1,1,1,6,1,1,1,1
1,4,2,10,0.2,2,1,2,1,0,181.74,1,2,3,3,2,2,5,3,1,3,1
1,4,2,11,0.4,1,3,1,1,1,212.01,1,1,1,3,1,3,2,1,1,3,3
1,4,2,12,0.05,1,3,1,2,0,349.25,0,14,3,3,3,3,20,1,3,3,1
1,4,2,13,0.2,1,3,1,2,0,220.73,1,13,1,1,1,1,7,1,3,3,1
1,4,2,14,0.1,3,3,2,2,1,311.02,0,7,1,3,3,1,1,3,1,1,3
1,4,2,15,0.05,1,2,1,1,1,307.14,0,3,1,1,1,1,4,1,3,2,2
1,4,2,16,0.2,2,3,2,2,1,232.3,1,7,1,3,2,2,4,1,3,3,1
1,4,2,17,0.1,2,3,2,2,1,275.8,1,14,3,3,2,2,18,1,3,3,1
1,4,2,18,0.8,1,3,1,1,1,216.21,1,6,1,3,1,3,3,3,1,1,3
1,4,2,19,1.8,3,1,NaN,NaN,NaN,NaN,NaN,8,3,1,1,3,1,3,1,3,1
1,4,2,20,1.8,3,1,2,2,1,191,1,13,1,1,3,3,9,3,3,3,3
1,4,2,21,0.05,2,3,2,2,1,281.56,1,2,1,3,2,2,16,1,1,3,3
1,4,2,22,1.8,2,3,2,2,1,177.57,1,17,3,1,2,2,13,1,1,3,3
1,4,2,23,0.1,3,1,2,2,1,277.74,1,2,1,1,3,3,10,3,3,3,3
1,4,2,24,1.8,3,3,2,2,1,224.49,1,8,3,3,1,1,6,3,1,1,3
1,4,2,25,0.2,2,1,2,2,1,288.48,1,9,3,1,2,2,4,3,3,3,3
1,4,2,26,0.2,1,3,1,1,1,243.85,1,5,3,1,3,1,11,1,3,3,1
1,4,2,27,0.4,2,3,2,2,1,224.26,1,8,1,3,2,2,16,1,1,3,3
1,4,2,28,0.05,1,2,1,2,0,318.66,0,14,3,1,3,1,2,3,1,2,2
1,4,2,29,0.8,2,1,2,2,1,228.95,1,20,3,1,2,2,15,3,3,3,3
1,4,2,30,0.8,3,3,2,2,1,209.99,1,20,3,1,1,3,10,3,3,1,1
1,4,2,31,0.2,1,3,1,1,1,248.27,1,5,3,3,3,3,14,1,3,3,1
1,4,2,32,0.1,2,1,2,2,1,271.33,1,20,3,1,2,2,18,3,3,3,3
1,4,2,33,0.4,2,3,2,2,1,175.65,1,17,3,1,2,2,6,3,1,1,3
1,4,2,34,0.4,1,1,1,1,1,220.46,1,10,3,1,3,1,5,1,1,1,1
1,4,2,35,0.4,1,1,1,1,1,217.99,1,3,3,1,3,1,19,1,3,1,3
1,4,2,36,0.1,1,3,1,1,1,305.89,0,16,1,3,1,3,2,1,3,3,1
1,4,2,37,1.8,1,1,1,1,1,208.59,1,15,1,1,1,1,5,1,1,1,1
1,4,2,38,0.05,3,3,2,2,1,296.25,1,7,1,3,3,1,17,3,3,1,1
1,4,2,39,1.8,1,1,1,1,1,417.67,0,10,3,1,3,1,14,1,1,1,1
1,4,2,40,0.4,1,1,1,1,1,206.84,1,11,3,3,3,3,12,3,1,3,1
1,4,2,41,0.2,1,1,1,1,1,233.61,1,15,1,1,1,1,10,1,1,1,1
1,4,2,42,0.1,3,3,2,2,1,218.9,1,4,1,1,3,3,10,1,1,3,3
1,4,2,43,0.1,2,3,2,1,0,297.14,1,9,3,3,2,2,5,1,1,3,3
1,4,2,44,0.05,2,1,2,2,1,281.24,1,15,3,3,2,2,14,3,1,3,1
1,4,2,45,0.2,1,2,1,2,0,239.2,1,6,1,1,1,1,17,3,3,2,2
1,4,2,46,1.8,1,1,1,1,1,194.85,1,14,1,1,1,1,8,1,3,1,3
1,4,2,47,0.8,1,3,1,1,1,229.81,1,7,3,3,3,3,6,3,3,1,1
1,4,2,48,0.4,3,3,2,2,1,226.5,1,6,1,3,3,1,8,1,3,3,1
1,4,2,49,0.4,1,3,1,2,0,194.71,1,20,1,1,1,1,6,3,3,1,1
1,4,2,50,0.2,1,1,1,2,0,281.56,1,2,3,1,3,1,1,1,3,1,3
1,4,2,51,0.05,1,1,1,1,1,301.52,0,5,3,1,3,1,18,3,1,3,1
1,4,2,52,0.1,2,1,2,1,0,241.98,1,1,3,3,2,2,18,3,1,3,1
1,4,2,53,0.8,1,1,1,1,1,219.24,1,9,1,1,1,1,12,3,3,3,3
1,4,2,54,0.1,1,2,1,1,1,202.72,1,1,3,1,3,1,13,1,3,2,2
1,4,2,55,0.8,2,1,2,2,1,190.12,1,10,3,1,2,2,8,1,3,1,3
1,4,2,56,0.05,1,3,1,1,1,294.01,1,16,1,3,1,3,14,3,3,1,1
1,4,2,57,1.8,1,1,1,1,1,187.95,1,11,1,1,1,1,10,1,3,1,3
1,4,2,58,0.05,3,1,2,2,1,284.75,1,15,1,1,3,3,1,3,1,3,1
1,4,2,59,0.8,1,2,1,1,1,217.47,1,16,1,3,1,3,8,1,3,2,2
1,4,2,60,0.4,3,1,2,2,1,183.16,1,6,3,3,1,1,6,3,3,3,3
1,4,2,61,0.05,1,3,1,1,1,343.73,0,2,1,3,1,3,10,3,3,1,1
1,4,2,62,0.4,2,1,2,2,1,178.32,1,16,3,3,2,2,12,1,1,1,1
1,4,2,63,1.8,2,1,NaN,NaN,NaN,NaN,NaN,6,3,1,2,2,8,3,3,3,3
1,4,2,64,1.8,2,3,2,2,1,181.2,1,19,3,1,2,2,3,3,1,1,3
1,4,2,65,0.8,3,3,2,2,1,180.92,1,11,3,1,1,3,20,3,3,1,1
1,4,2,66,0.05,1,1,1,1,1,260.47,1,18,1,1,1,1,8,3,1,3,1
1,4,2,67,0.8,1,2,1,2,0,253.11,1,10,3,1,3,1,5,1,1,2,2
1,4,2,68,0.1,1,3,1,2,0,245.06,1,1,1,1,1,1,12,1,1,3,3
1,4,2,69,1.8,1,2,1,1,1,207.7,1,14,3,3,3,3,17,1,1,2,2
1,4,2,70,0.2,1,3,1,1,1,241.74,1,9,1,1,1,1,13,1,3,3,1
1,4,2,71,0.4,1,3,1,1,1,377.54,0,7,3,1,3,1,7,3,3,1,1
1,4,2,72,0.05,1,1,1,2,0,298.76,1,3,1,1,1,1,1,3,3,3,3
1,4,2,73,0.1,2,3,2,2,1,279.42,1,17,1,1,2,2,4,1,3,3,1
1,4,2,74,0.8,1,3,1,1,1,197.47,1,6,3,3,3,3,11,3,3,1,1
1,4,2,75,0.2,2,2,2,2,1,251.74,1,7,3,3,2,2,1,1,3,2,2
1,4,2,76,0.4,3,2,2,2,1,192.1,1,19,3,1,1,3,13,1,1,2,2
1,4,2,77,0.2,2,2,2,2,1,266.89,1,4,3,1,2,2,5,1,1,2,2
1,4,2,78,1.8,1,1,1,2,0,224.2,1,1,3,1,3,1,3,3,3,3,3
1,4,3,1,0.4,2,2,2,2,1,164.42,1,20,1,3,2,2,19,1,1,2,2
1,4,3,2,0.4,1,3,1,1,1,188.53,1,10,1,1,1,1,13,3,1,1,3
1,4,3,3,0.4,2,2,2,2,1,203.05,1,20,1,1,2,2,18,1,1,2,2
1,4,3,4,0.05,3,2,2,2,1,288.7,1,15,1,3,3,1,10,3,1,2,2
1,4,3,5,0.2,2,2,2,2,1,243.11,1,14,3,3,2,2,7,3,3,2,2
1,4,3,6,0.1,2,3,2,2,1,248.4,1,20,1,1,2,2,16,1,1,3,3
1,4,3,7,0.05,1,3,1,1,1,293.34,1,1,1,1,1,1,15,3,1,1,3
1,4,3,8,1.8,3,2,2,2,1,422.36,0,1,1,3,3,1,3,3,3,2,2
1,4,3,9,0.8,1,1,1,1,1,195.65,1,3,1,1,1,1,4,3,1,3,1
1,4,3,10,1.8,1,2,1,1,1,175.32,1,19,1,3,1,3,20,1,1,2,2
1,4,3,11,0.05,2,2,2,2,1,312,0,16,3,3,2,2,18,3,3,2,2
1,4,3,12,0.2,2,2,2,2,1,253.7,1,3,1,1,2,2,2,3,3,2,2
1,4,3,13,0.2,3,3,2,2,1,208.38,1,13,1,3,3,1,18,1,1,3,3
1,4,3,14,0.4,2,1,2,2,1,218.71,1,16,3,1,2,2,1,1,1,1,1
1,4,3,15,0.4,3,3,2,2,1,188.02,1,19,1,1,3,3,2,3,1,1,3
1,4,3,16,1.8,1,3,1,1,1,189.53,1,13,3,1,3,1,6,1,1,3,3
1,4,3,17,0.1,2,2,2,2,1,309.18,0,7,3,3,2,2,8,3,3,2,2
1,4,3,18,1.8,1,3,1,1,1,190.18,1,1,3,3,3,3,4,3,3,1,1
1,4,3,19,0.05,2,2,2,2,1,303.53,0,14,1,1,2,2,9,1,3,2,2
1,4,3,20,0.05,3,1,2,2,1,278.18,1,4,1,3,3,1,16,1,3,1,3
1,4,3,21,0.2,3,3,2,2,1,204.92,1,4,3,1,1,3,13,1,1,3,3
1,4,3,22,1.8,1,2,1,1,1,166.07,1,19,3,1,3,1,10,1,3,2,2
1,4,3,23,0.8,1,3,1,1,1,189.44,1,9,3,3,3,3,19,1,1,3,3
1,4,3,24,0.8,1,1,1,1,1,174.52,1,18,3,1,3,1,9,3,3,3,3
1,4,3,25,0.8,2,3,2,1,0,196.64,1,13,3,1,2,2,19,1,3,3,1
1,4,3,26,0.05,1,1,1,2,0,319.11,0,20,3,1,3,1,20,3,1,3,1
1,4,3,27,0.1,2,2,2,2,1,310.5,0,12,1,3,2,2,19,3,1,2,2
1,4,3,28,0.4,2,3,2,2,1,213.76,1,14,1,1,2,2,13,1,1,3,3
1,4,3,29,1.8,1,3,1,1,1,182.23,1,20,3,1,3,1,16,3,1,1,3
1,4,3,30,0.2,1,1,1,1,1,255.6,1,2,3,1,3,1,7,3,1,3,1
1,4,3,31,0.1,1,2,1,1,1,249.13,1,6,1,3,1,3,14,3,1,2,2
1,4,3,32,0.05,3,3,2,2,1,334.16,0,11,3,3,1,1,3,1,3,3,1
1,4,3,33,0.2,2,1,2,2,1,249.66,1,17,1,3,2,2,10,1,1,1,1
1,4,3,34,0.1,1,1,1,1,1,188.92,1,4,1,3,1,3,6,3,3,3,3
1,4,3,35,0.4,1,1,1,1,1,197.06,1,19,1,1,1,1,9,3,3,3,3
1,4,3,36,0.4,3,2,2,2,1,205.82,1,6,3,1,1,3,14,3,1,2,2
1,4,3,37,1.8,1,3,1,1,1,202.89,1,20,3,3,3,3,1,3,3,1,1
1,4,3,38,0.05,1,1,1,1,1,311.93,0,4,1,1,1,1,2,3,1,3,1
1,4,3,39,0.2,1,1,1,1,1,238.21,1,8,3,1,3,1,12,1,1,1,1
1,4,3,40,1.8,2,2,2,2,1,185.69,1,14,1,3,2,2,10,1,1,2,2
1,4,3,41,0.05,3,1,2,2,1,317.06,0,17,3,3,1,1,19,3,3,3,3
1,4,3,42,0.1,2,2,2,2,1,344.23,0,19,3,3,2,2,20,3,3,2,2
1,4,3,43,0.1,1,1,1,2,0,278.99,1,9,1,3,1,3,13,3,1,3,1
1,4,3,44,0.05,3,1,2,2,1,291.84,1,8,1,1,3,3,16,1,1,1,1
1,4,3,45,0.8,1,1,1,1,1,185.42,1,1,1,1,1,1,16,1,1,1,1
1,4,3,46,0.05,1,2,1,1,1,315.68,0,3,3,3,3,3,19,1,1,2,2
1,4,3,47,1.8,1,1,1,1,1,172.11,1,11,3,1,3,1,8,1,1,1,1
1,4,3,48,0.2,1,2,1,1,1,222.91,1,13,3,1,3,1,11,3,1,2,2
1,4,3,49,0.8,2,1,2,2,1,196.42,1,8,3,1,2,2,7,1,3,1,3
1,4,3,50,0.4,2,3,2,2,1,187.26,1,4,1,3,2,2,7,1,1,3,3
1,4,3,51,0.1,1,1,1,1,1,260.26,1,5,1,1,1,1,9,3,3,3,3
1,4,3,52,0.8,2,2,2,2,1,260.4,1,6,3,1,2,2,9,3,3,2,2
1,4,3,53,1.8,1,1,1,1,1,182.6,1,20,1,1,1,1,16,1,3,1,3
1,4,3,54,1.8,2,1,2,2,1,188.06,1,4,1,3,2,2,9,1,1,1,1
1,4,3,55,0.2,1,2,1,1,1,226.15,1,6,1,3,1,3,8,1,1,2,2
1,4,3,56,0.8,2,3,2,1,0,197.59,1,6,1,3,2,2,11,1,3,3,1
1,4,3,57,0.1,1,1,1,1,1,234.78,1,2,3,1,3,1,11,3,3,3,3
1,4,3,58,0.4,1,1,1,1,1,241.7,1,11,1,3,1,3,20,3,3,3,3
1,4,3,59,0.8,2,1,2,2,1,206.51,1,2,3,3,2,2,16,3,1,3,1
1,4,3,60,0.1,3,3,2,2,1,256.04,1,12,3,1,1,3,16,3,1,1,3
1,4,3,61,0.2,2,2,2,2,1,259.26,1,14,3,1,2,2,17,3,3,2,2
1,4,3,62,0.1,2,1,2,2,1,290.45,1,4,3,3,2,2,16,1,3,1,3
1,4,3,63,1.8,2,1,NaN,NaN,NaN,NaN,NaN,16,1,3,2,2,10,3,3,3,3
1,4,3,64,0.1,1,3,1,1,1,333.02,0,18,1,1,1,1,11,1,1,3,3
1,4,3,65,0.4,1,3,1,1,1,221.72,1,17,3,1,3,1,12,3,3,1,1
1,4,3,66,0.4,2,1,2,2,1,206.47,1,9,1,1,2,2,7,3,1,3,1
1,4,3,67,0.8,1,1,1,1,1,221.71,1,2,3,1,3,1,19,3,3,3,3
1,4,3,68,1.8,2,1,2,2,1,193.69,1,5,3,3,2,2,18,3,1,3,1
1,4,3,69,0.05,2,1,2,2,1,352.3,0,2,1,1,2,2,14,3,3,3,3
1,4,3,70,0.05,2,1,2,2,1,315,0,4,1,1,2,2,13,1,3,1,3
1,4,3,71,0.2,2,2,2,2,1,291.85,1,17,3,1,2,2,1,1,3,2,2
1,4,3,72,0.8,3,2,2,2,1,200.25,1,6,1,3,3,1,13,3,1,2,2
1,4,3,73,0.2,1,2,1,1,1,244.35,1,19,3,1,3,1,10,3,3,2,2
1,4,3,74,0.4,1,1,1,1,1,235.46,1,15,3,3,3,3,14,1,1,1,1
1,4,3,75,0.8,2,3,2,1,0,205.17,1,14,3,3,2,2,4,1,3,3,1
1,4,3,76,0.2,2,2,2,2,1,249.09,1,2,3,1,2,2,20,1,3,2,2
1,4,3,77,0.8,2,2,2,1,0,193,1,11,3,1,2,2,14,1,1,2,2
1,4,3,78,0.1,3,1,2,2,1,180.65,1,8,3,3,1,1,7,1,1,1,1
1,4,4,1,1.8,3,2,2,2,1,194.03,1,7,3,1,1,3,2,3,1,2,2
1,4,4,2,1.8,1,2,1,1,1,216.11,1,19,1,1,1,1,6,3,3,2,2
1,4,4,3,1.8,1,3,1,1,1,186.58,1,6,1,1,1,1,15,1,3,3,1
1,4,4,4,1.8,1,1,1,1,1,219.28,1,3,3,1,3,1,19,1,1,1,1
1,4,4,5,0.8,1,2,1,1,1,377.81,0,12,3,3,3,3,8,1,3,2,2
1,4,4,6,0.2,1,2,1,2,0,236.9,1,15,3,3,3,3,11,3,1,2,2
1,4,4,7,0.1,1,2,1,2,0,244.11,1,8,1,1,1,1,16,3,3,2,2
1,4,4,8,0.4,3,2,2,2,1,184.14,1,17,3,3,1,1,17,1,1,2,2
1,4,4,9,1.8,1,3,NaN,NaN,NaN,NaN,NaN,13,1,1,1,1,9,1,3,3,1
1,4,4,10,0.05,2,2,2,1,0,330.46,0,19,1,3,2,2,19,1,3,2,2
1,4,4,11,0.2,3,2,2,2,1,199.01,1,8,1,3,3,1,8,3,3,2,2
1,4,4,12,0.05,1,1,1,1,1,296.36,1,16,1,1,1,1,8,1,3,1,3
1,4,4,13,0.2,3,3,2,2,1,181.35,1,11,1,3,3,1,15,3,1,1,3
1,4,4,14,0.1,1,1,1,1,1,304.6,0,4,1,3,1,3,2,1,1,1,1
1,4,4,15,0.4,2,3,2,2,1,240.95,1,16,1,1,2,2,8,1,3,3,1
1,4,4,16,1.8,2,1,2,1,0,202.14,1,16,1,1,2,2,9,3,1,3,1
1,4,4,17,0.2,1,2,1,1,1,210.47,1,18,1,3,1,3,5,1,3,2,2
1,4,4,18,0.1,2,1,2,2,1,274.04,1,11,1,1,2,2,5,1,3,1,3
1,4,4,19,0.2,1,1,1,1,1,234.92,1,7,1,1,1,1,13,3,1,3,1
1,4,4,20,0.1,1,1,1,1,1,251.1,1,4,3,1,3,1,9,1,1,1,1
1,4,4,21,0.05,2,1,2,2,1,289.67,1,4,3,1,2,2,3,3,1,3,1
1,4,4,22,1.8,1,3,NaN,NaN,NaN,NaN,NaN,11,3,3,3,3,9,1,3,3,1
1,4,4,23,0.8,2,3,2,2,1,196.46,1,6,3,1,2,2,18,3,3,1,1
1,4,4,24,1.8,1,2,1,1,1,208.63,1,5,3,1,3,1,5,1,1,2,2
1,4,4,25,0.4,1,2,1,1,1,238,1,20,1,3,1,3,7,3,3,2,2
1,4,4,26,1.8,1,2,1,1,1,186.86,1,2,1,1,1,1,3,3,3,2,2
1,4,4,27,0.1,1,2,1,1,1,294.6,1,10,1,3,1,3,9,3,3,2,2
1,4,4,28,0.05,3,2,2,2,1,325.86,0,8,1,3,3,1,18,1,1,2,2
1,4,4,29,0.2,1,3,1,2,0,245.63,1,9,3,1,3,1,7,3,3,1,1
1,4,4,30,0.8,1,2,1,1,1,192.43,1,13,1,3,1,3,19,3,3,2,2
1,4,4,31,0.8,1,1,1,1,1,208.53,1,3,3,1,3,1,5,3,3,3,3
1,4,4,32,0.4,2,2,2,1,0,206.13,1,20,1,1,2,2,9,1,3,2,2
1,4,4,33,0.05,1,3,1,1,1,325.03,0,6,1,1,1,1,14,3,3,1,1
1,4,4,34,0.4,1,1,1,1,1,209.41,1,13,1,3,1,3,8,1,3,1,3
1,4,4,35,0.05,3,2,2,2,1,284.8,1,4,1,1,3,3,15,1,1,2,2
1,4,4,36,0.4,2,2,2,1,0,209.93,1,17,3,1,2,2,10,1,1,2,2
1,4,4,37,0.8,1,2,1,1,1,176.91,1,13,1,3,1,3,1,1,1,2,2
1,4,4,38,0.05,1,2,1,1,1,286.93,1,6,3,3,3,3,12,3,3,2,2
1,4,4,39,0.4,1,2,1,1,1,191.82,1,14,3,1,3,1,18,1,3,2,2
1,4,4,40,0.2,1,2,1,1,1,245.78,1,11,3,1,3,1,7,1,1,2,2
1,4,4,41,0.8,1,1,1,1,1,189.07,1,3,3,1,3,1,16,1,1,1,1
1,4,4,42,1.8,3,2,2,2,1,183.57,1,14,1,3,3,1,3,1,1,2,2
1,4,4,43,0.2,1,1,1,2,0,281.4,1,15,1,3,1,3,18,1,1,1,1
1,4,4,44,0.05,1,2,1,1,1,194.84,1,16,1,1,1,1,12,3,3,2,2
1,4,4,45,0.2,1,3,1,2,0,193.31,1,5,1,1,1,1,17,1,3,3,1
1,4,4,46,0.1,1,1,1,1,1,259.17,1,17,3,1,3,1,6,3,1,3,1
1,4,4,47,0.05,2,2,2,2,1,283.18,1,6,1,3,2,2,18,3,1,2,2
1,4,4,48,0.2,1,3,1,1,1,232.96,1,1,1,1,1,1,10,3,1,1,3
1,4,4,49,1.8,3,3,2,2,1,193.44,1,14,1,3,3,1,19,3,3,1,1
1,4,4,50,0.8,1,1,1,1,1,184.75,1,1,1,1,1,1,11,3,1,3,1
1,4,4,51,0.8,1,2,1,1,1,190.18,1,20,1,1,1,1,20,1,1,2,2
1,4,4,52,0.1,1,3,1,2,0,287.4,1,5,3,1,3,1,20,1,1,3,3
1,4,4,53,0.05,1,3,1,1,1,323.66,0,15,1,1,1,1,10,3,3,1,1
1,4,4,54,0.8,2,3,2,2,1,186.66,1,6,3,1,2,2,15,1,3,3,1
1,4,4,55,0.4,1,3,1,1,1,229.66,1,17,3,1,3,1,9,3,1,1,3
1,4,4,56,0.4,3,2,2,2,1,224.02,1,9,3,3,1,1,12,3,1,2,2
1,4,4,57,0.4,1,2,1,1,1,252.38,1,9,3,1,3,1,7,1,1,2,2
1,4,4,58,0.1,1,1,1,2,0,310.55,0,19,3,1,3,1,7,1,3,1,3
1,4,4,59,0.2,2,2,2,1,0,260.14,1,11,1,1,2,2,14,1,3,2,2
1,4,4,60,0.8,2,3,2,2,1,192.54,1,17,1,3,2,2,14,3,1,1,3
1,4,4,61,0.05,1,1,1,1,1,303.25,0,8,1,1,1,1,16,1,1,1,1
1,4,4,62,0.1,2,2,2,2,1,315.89,0,9,1,3,2,2,3,1,3,2,2
1,4,4,63,1.8,1,3,1,1,1,150.41,1,2,1,3,1,3,8,3,1,1,3
1,4,4,64,0.4,1,3,1,1,1,219.73,1,5,3,1,3,1,14,1,3,3,1
1,4,4,65,0.1,1,1,1,1,1,279.27,1,13,3,1,3,1,4,1,3,1,3
1,4,4,66,0.4,3,2,2,2,1,185.78,1,3,3,1,1,3,10,3,1,2,2
1,4,4,67,0.2,1,2,1,1,1,325.54,0,12,1,1,1,1,19,3,3,2,2
1,4,4,68,0.4,3,3,2,2,1,165.37,1,3,3,1,1,3,1,3,1,1,3
1,4,4,69,0.1,1,3,1,1,1,276.32,1,17,3,1,3,1,19,3,3,1,1
1,4,4,70,0.8,1,1,1,1,1,188.06,1,5,1,1,1,1,9,1,3,1,3
1,4,4,71,0.1,2,1,2,1,0,287.72,1,13,3,1,2,2,12,1,3,1,3
1,4,4,72,1.8,1,1,1,2,0,178.71,1,15,1,3,1,3,14,3,1,3,1
1,4,4,73,0.05,1,3,1,2,0,306.2,0,17,1,3,1,3,3,3,3,1,1
1,4,4,74,0.8,2,2,2,2,1,173.08,1,14,1,3,2,2,11,1,1,2,2
1,4,4,75,0.1,2,1,2,1,0,178.65,1,10,3,1,2,2,13,1,3,1,3
1,4,4,76,0.05,1,3,1,1,1,252.14,1,11,3,3,3,3,3,3,1,1,3
1,4,4,77,0.8,1,2,1,1,1,229.83,1,15,3,1,3,1,8,1,1,2,2
1,4,4,78,0.2,3,2,2,2,1,234.62,1,18,1,3,3,1,11,1,1,2,2
1,4,5,1,1.8,1,2,1,1,1,191.77,1,15,3,1,3,1,12,3,3,2,2
1,4,5,2,0.4,2,1,2,2,1,221.66,1,3,3,3,2,2,19,3,1,3,1
1,4,5,3,0.2,3,2,2,2,1,239.88,1,8,1,3,3,1,5,1,3,2,2
1,4,5,4,0.8,1,3,NaN,NaN,NaN,NaN,NaN,11,1,3,1,3,15,1,1,3,3
1,4,5,5,0.8,2,1,2,1,0,230.88,1,18,1,1,2,2,3,3,3,3,3
1,4,5,6,1.8,1,1,1,1,1,189.73,1,2,1,3,1,3,16,3,1,3,1
1,4,5,7,0.4,2,3,2,2,1,221.66,1,7,1,1,2,2,5,1,3,3,1
1,4,5,8,0.2,1,3,1,1,1,261.79,1,11,3,1,3,1,18,1,3,3,1
1,4,5,9,0.2,2,2,2,2,1,183.23,1,20,1,1,2,2,15,3,3,2,2
1,4,5,10,1.8,1,1,1,1,1,196.7,1,7,1,1,1,1,1,1,3,1,3
1,4,5,11,0.1,1,3,1,1,1,275.14,1,2,3,3,3,3,6,1,1,3,3
1,4,5,12,1.8,3,2,2,2,1,186.09,1,18,3,1,1,3,13,1,3,2,2
1,4,5,13,0.1,1,3,1,1,1,304.87,0,19,3,1,3,1,9,1,3,3,1
1,4,5,14,0.1,3,3,2,2,1,273.08,1,20,3,3,1,1,6,1,3,3,1
1,4,5,15,0.05,2,1,2,2,1,308.83,0,17,1,3,2,2,2,1,3,1,3
1,4,5,16,1.8,1,3,1,1,1,198.37,1,14,1,3,1,3,18,3,1,1,3
1,4,5,17,0.05,3,2,2,2,1,279.96,1,9,1,3,3,1,15,3,3,2,2
1,4,5,18,0.8,3,1,2,2,1,223.61,1,8,3,1,1,3,3,3,3,3,3
1,4,5,19,0.05,1,3,1,1,1,307.35,0,14,1,3,1,3,19,1,3,3,1
1,4,5,20,1.8,1,3,1,1,1,171.06,1,13,3,3,3,3,13,1,1,3,3
1,4,5,21,0.8,1,2,1,1,1,223.68,1,7,1,1,1,1,15,3,1,2,2
1,4,5,22,0.4,2,3,2,2,1,185.81,1,3,3,1,2,2,17,1,3,3,1
1,4,5,23,0.2,3,2,2,2,1,234.42,1,7,1,3,3,1,17,3,1,2,2
1,4,5,24,0.8,2,1,2,1,0,230.39,1,1,3,1,2,2,17,3,3,3,3
1,4,5,25,0.4,1,1,1,1,1,220.46,1,10,1,3,1,3,18,3,3,3,3
1,4,5,26,0.05,1,2,1,1,1,345.71,0,6,1,3,1,3,20,1,1,2,2
1,4,5,27,0.05,1,1,1,1,1,310.86,0,18,1,3,1,3,2,1,1,1,1
1,4,5,28,0.8,2,2,2,1,0,179.96,1,15,3,1,2,2,18,1,3,2,2
1,4,5,29,0.1,2,3,2,1,0,258.58,1,13,3,3,2,2,15,3,3,1,1
1,4,5,30,0.2,2,2,2,1,0,221.27,1,8,1,1,2,2,19,3,1,2,2
1,4,5,31,0.4,1,1,1,1,1,187.65,1,14,1,1,1,1,9,1,3,1,3
1,4,5,32,0.1,1,2,1,2,0,289.23,1,16,1,3,1,3,17,1,1,2,2
1,4,5,33,0.05,2,3,2,1,0,336.76,0,6,3,3,2,2,2,3,1,1,3
1,4,5,34,0.8,3,3,2,2,1,200.04,1,10,1,1,3,3,4,3,3,1,1
1,4,5,35,0.1,1,3,1,1,1,230.13,1,17,3,1,3,1,3,3,3,1,1
1,4,5,36,0.2,1,2,1,1,1,232.52,1,18,3,1,3,1,6,3,3,2,2
1,4,5,37,0.05,1,3,1,2,0,278.1,1,14,3,3,3,3,17,1,1,3,3
1,4,5,38,0.05,1,1,1,1,1,233.15,1,13,3,3,3,3,14,3,1,3,1
1,4,5,39,0.05,1,1,1,1,1,264.26,1,11,3,1,3,1,17,1,1,1,1
1,4,5,40,0.8,1,1,1,1,1,173.21,1,11,3,1,3,1,11,3,3,3,3
1,4,5,41,0.2,1,2,1,1,1,212.54,1,11,3,3,3,3,18,1,3,2,2
1,4,5,42,1.8,3,1,NaN,NaN,NaN,NaN,NaN,9,3,1,1,3,18,3,3,3,3
1,4,5,43,0.8,1,3,1,1,1,194.71,1,20,1,3,1,3,18,1,1,3,3
1,4,5,44,0.4,1,1,1,1,1,183.68,1,3,1,1,1,1,19,3,3,3,3
1,4,5,45,0.2,3,2,2,2,1,256.62,1,15,3,1,1,3,6,3,3,2,2
1,4,5,46,0.1,2,3,2,2,1,310.3,0,16,3,3,2,2,7,3,3,1,1
1,4,5,47,0.4,1,3,1,2,0,236.27,1,8,3,1,3,1,13,3,1,1,3
1,4,5,48,0.4,3,2,2,2,1,230.35,1,17,1,1,3,3,9,3,3,2,2
1,4,5,49,0.2,1,3,1,1,1,239.88,1,12,3,3,3,3,9,3,1,1,3
1,4,5,50,0.4,3,1,2,2,1,241.3,1,5,1,1,3,3,16,3,1,3,1
1,4,5,51,0.8,1,1,1,1,1,215.36,1,3,3,1,3,1,12,1,3,1,3
1,4,5,52,0.8,2,2,2,2,1,188.18,1,5,1,3,2,2,14,1,1,2,2
1,4,5,53,1.8,2,2,2,2,1,181.26,1,18,3,1,2,2,7,1,3,2,2
1,4,5,54,0.2,1,2,1,1,1,245.44,1,1,3,1,3,1,15,1,3,2,2
1,4,5,55,0.1,3,3,2,2,1,335.92,0,10,1,1,3,3,19,3,1,1,3
1,4,5,56,0.1,1,2,1,2,0,325.34,0,12,1,1,1,1,3,3,3,2,2
1,4,5,57,0.05,3,3,2,2,1,319.69,0,18,1,1,3,3,17,3,1,1,3
1,4,5,58,1.8,1,2,1,1,1,245.32,1,17,3,3,3,3,14,1,1,2,2
1,4,5,59,1.8,1,2,1,1,1,188.35,1,16,3,1,3,1,6,3,1,2,2
1,4,5,60,0.8,2,3,2,1,0,201.63,1,9,3,3,2,2,13,1,1,3,3
1,4,5,61,0.4,1,3,1,1,1,260.78,1,6,3,3,3,3,5,3,1,1,3
1,4,5,62,0.4,1,1,1,1,1,192.96,1,13,1,3,1,3,13,1,3,1,3
1,4,5,63,0.05,1,3,1,1,1,329.76,0,10,1,3,1,3,15,1,3,3,1
1,4,5,64,0.1,1,1,1,2,0,305.79,0,20,3,1,3,1,16,3,3,3,3
1,4,5,65,0.05,1,3,1,1,1,243.58,1,9,1,1,1,1,10,3,3,1,1
1,4,5,66,0.2,1,1,1,1,1,191.44,1,13,3,1,3,1,20,1,1,1,1
1,4,5,67,0.4,1,2,1,1,1,144.24,1,4,3,1,3,1,18,1,1,2,2
1,4,5,68,0.2,3,1,2,2,1,262.63,1,3,3,1,1,3,19,3,3,3,3
1,4,5,69,0.05,3,3,2,2,1,318,0,9,1,3,3,1,20,3,1,1,3
1,4,5,70,0.1,1,2,1,1,1,242.86,1,4,3,3,3,3,6,3,1,2,2
1,4,5,71,1.8,1,2,NaN,NaN,NaN,NaN,NaN,19,3,3,3,3,19,3,3,2,2
1,4,5,72,0.2,1,1,1,1,1,210.2,1,1,1,3,1,3,1,3,3,3,3
1,4,5,73,0.1,1,2,1,1,1,249.35,1,1,1,1,1,1,1,1,3,2,2
1,4,5,74,1.8,2,3,2,2,1,179.69,1,19,3,1,2,2,11,3,3,1,1
1,4,5,75,0.4,1,3,1,1,1,60.67,2,8,3,1,3,1,20,3,3,1,1
1,4,5,76,1.8,3,1,2,2,1,201.22,1,14,3,1,1,3,11,3,3,3,3
1,4,5,77,0.1,2,2,2,1,0,275.25,1,18,1,1,2,2,3,3,1,2,2
1,4,5,78,0.8,2,2,2,2,1,171.58,1,19,1,1,2,2,14,1,1,2,2
1,4,6,1,0.2,2,3,2,2,1,285.84,1,14,3,1,2,2,8,1,1,3,3
1,4,6,2,0.4,1,1,1,1,1,189.34,1,18,3,3,3,3,11,1,1,1,1
1,4,6,3,0.05,3,1,2,2,1,275.94,1,3,3,1,1,3,9,1,3,1,3
1,4,6,4,0.1,3,2,2,2,1,247.34,1,18,3,3,1,1,19,1,1,2,2
1,4,6,5,0.4,2,2,2,2,1,179.13,1,3,1,1,2,2,16,3,1,2,2
1,4,6,6,0.1,3,3,2,2,1,274.58,1,14,3,3,1,1,20,1,3,3,1
1,4,6,7,0.1,1,1,1,1,1,268.47,1,11,3,3,3,3,5,3,1,3,1
1,4,6,8,0.05,3,1,2,2,1,239.92,1,14,3,1,1,3,11,1,3,1,3
1,4,6,9,0.4,1,1,1,1,1,183.55,1,19,3,1,3,1,12,3,1,3,1
1,4,6,10,0.1,1,1,1,2,0,243.13,1,12,3,3,3,3,20,3,3,3,3
1,4,6,11,0.4,1,3,1,1,1,177.96,1,12,3,3,3,3,7,1,3,3,1
1,4,6,12,1.8,1,3,1,1,1,200.44,1,5,3,3,3,3,18,3,3,1,1
1,4,6,13,1.8,1,2,NaN,NaN,NaN,NaN,NaN,10,3,1,3,1,8,1,3,2,2
1,4,6,14,0.05,3,1,2,2,1,308.34,0,4,3,1,1,3,7,3,3,3,3
1,4,6,15,0.1,3,1,2,2,1,272.5,1,7,1,3,3,1,12,1,1,1,1
1,4,6,16,0.4,1,1,1,1,1,205.22,1,15,3,1,3,1,6,3,3,3,3
1,4,6,17,1.8,1,1,1,1,1,191.21,1,2,1,1,1,1,20,1,3,1,3
1,4,6,18,1.8,2,2,2,2,1,188.27,1,2,1,1,2,2,20,1,3,2,2
1,4,6,19,0.05,2,3,2,2,1,286.88,1,7,3,1,2,2,3,3,3,1,1
1,4,6,20,0.05,2,2,2,2,1,322.16,0,15,3,3,2,2,8,3,1,2,2
1,4,6,21,0.1,1,2,1,1,1,318.16,0,5,3,3,3,3,8,1,1,2,2
1,4,6,22,0.8,1,2,1,1,1,184.04,1,3,3,3,3,3,20,1,3,2,2
1,4,6,23,0.05,2,1,2,2,1,310.01,0,16,3,3,2,2,20,3,1,3,1
1,4,6,24,0.4,1,3,1,2,0,253.06,1,7,1,3,1,3,12,1,1,3,3
1,4,6,25,0.1,1,2,1,1,1,261.22,1,6,1,1,1,1,2,3,3,2,2
1,4,6,26,0.2,3,2,2,2,1,246.25,1,2,1,3,3,1,13,1,1,2,2
1,4,6,27,0.2,3,3,2,2,1,260.95,1,7,1,3,3,1,18,1,1,3,3
1,4,6,28,0.4,2,2,2,1,0,208.56,1,10,1,1,2,2,10,1,3,2,2
1,4,6,29,0.05,3,1,2,2,1,288.04,1,17,1,1,3,3,4,3,3,3,3
1,4,6,30,0.8,1,1,1,1,1,195.31,1,5,1,1,1,1,8,3,3,3,3
1,4,6,31,1.8,3,2,2,2,1,192.3,1,2,1,3,3,1,10,1,1,2,2
1,4,6,32,0.1,3,3,2,2,1,261.41,1,1,3,3,1,1,1,1,1,3,3
1,4,6,33,0.2,1,2,1,1,1,258.44,1,12,1,3,1,3,9,1,1,2,2
1,4,6,34,0.05,1,1,1,1,1,276.41,1,10,3,1,3,1,14,1,1,1,1
1,4,6,35,0.2,3,1,2,2,1,252.49,1,2,3,1,1,3,19,1,3,1,3
1,4,6,36,0.4,1,3,NaN,NaN,NaN,NaN,NaN,1,1,1,1,1,15,1,1,3,3
1,4,6,37,0.2,1,3,1,1,1,292.46,1,4,3,1,3,1,20,1,1,3,3
1,4,6,38,0.4,3,3,2,2,1,248.01,1,2,1,3,3,1,18,3,3,1,1
1,4,6,39,0.2,3,1,2,2,1,259.22,1,13,1,1,3,3,11,3,1,3,1
1,4,6,40,0.4,2,2,2,1,0,237.45,1,20,3,1,2,2,20,3,1,2,2
1,4,6,41,0.2,3,1,2,2,1,253.76,1,5,3,1,1,3,18,3,3,3,3
1,4,6,42,0.4,2,1,2,2,1,224.9,1,14,1,1,2,2,3,1,3,1,3
1,4,6,43,0.4,3,1,2,2,1,211.86,1,11,3,1,1,3,7,3,1,3,1
1,4,6,44,0.8,2,3,2,2,1,376.89,0,3,1,1,2,2,7,1,1,3,3
1,4,6,45,0.8,1,3,1,1,1,213.54,1,17,1,1,1,1,9,1,1,3,3
1,4,6,46,0.8,2,3,2,2,1,261.1,1,16,3,1,2,2,9,1,1,3,3
1,4,6,47,0.8,1,2,1,1,1,189.2,1,14,1,3,1,3,18,1,1,2,2
1,4,6,48,1.8,1,3,1,1,1,187.41,1,20,1,1,1,1,4,3,3,1,1
1,4,6,49,0.1,1,1,1,1,1,293.05,1,16,3,1,3,1,12,1,3,1,3
1,4,6,50,0.8,3,2,2,2,1,223.08,1,20,3,1,1,3,4,3,1,2,2
1,4,6,51,0.2,3,1,2,2,1,254.47,1,6,1,1,3,3,3,3,1,3,1
1,4,6,52,0.2,1,1,1,1,1,259.3,1,14,1,1,1,1,8,1,3,1,3
1,4,6,53,0.1,1,1,1,2,0,297.59,1,4,1,3,1,3,6,1,1,1,1
1,4,6,54,1.8,1,3,1,1,1,203.16,1,9,3,3,3,3,17,3,1,1,3
1,4,6,55,1.8,2,2,2,1,0,243.15,1,3,1,3,2,2,17,1,3,2,2
1,4,6,56,0.05,1,2,1,1,1,332.2,0,8,1,1,1,1,13,3,1,2,2
1,4,6,57,1.8,1,1,1,1,1,172.44,1,13,3,1,3,1,18,3,3,3,3
1,4,6,58,1.8,3,3,2,2,1,184.64,1,1,3,3,1,1,8,1,3,3,1
1,4,6,59,0.1,3,3,2,2,1,311.52,0,18,1,1,3,3,7,1,3,3,1
1,4,6,60,0.8,1,2,1,1,1,214.16,1,15,1,1,1,1,13,3,3,2,2
1,4,6,61,0.2,2,2,2,2,1,261.06,1,8,1,3,2,2,19,1,1,2,2
1,4,6,62,0.05,1,2,1,1,1,307.67,0,20,3,1,3,1,1,3,3,2,2
1,4,6,63,0.05,1,2,1,1,1,338.81,0,8,1,3,1,3,13,3,3,2,2
1,4,6,64,0.2,1,2,1,1,1,242.84,1,15,3,1,3,1,12,3,1,2,2
1,4,6,65,1.8,3,3,2,2,1,188.37,1,20,3,3,1,1,5,3,1,1,3
1,4,6,66,0.05,1,3,1,2,0,304.04,0,8,1,3,1,3,8,1,3,3,1
1,4,6,67,1.8,1,1,1,1,1,195.12,1,17,3,3,3,3,17,3,3,3,3
1,4,6,68,0.1,2,2,2,2,1,279.63,1,16,3,3,2,2,11,1,1,2,2
1,4,6,69,0.4,2,3,2,2,1,195.76,1,18,3,3,2,2,11,1,3,3,1
1,4,6,70,0.1,3,2,2,2,1,244.42,1,16,3,3,1,1,8,3,3,2,2
1,4,6,71,0.8,1,3,1,1,1,169.92,1,20,1,1,1,1,18,3,1,1,3
1,4,6,72,0.8,2,2,2,2,1,189.34,1,13,1,1,2,2,12,3,3,2,2
1,4,6,73,1.8,1,1,1,2,0,123.15,1,20,1,3,1,3,15,1,3,1,3
1,4,6,74,0.05,1,2,1,1,1,261.95,1,4,1,3,1,3,12,1,1,2,2
1,4,6,75,0.8,1,2,1,1,1,190.84,1,6,3,3,3,3,10,3,3,2,2
1,4,6,76,0.2,1,1,1,1,1,237.1,1,14,1,3,1,3,6,3,3,3,3
1,4,6,77,0.8,1,2,1,1,1,188.49,1,10,3,3,3,3,15,3,3,2,2
1,4,6,78,0.8,1,3,1,1,1,194.66,1,17,3,1,3,1,15,3,1,1,3
1,4,7,1,0.1,2,1,2,2,1,364.2,0,7,3,3,2,2,18,3,1,3,1
1,4,7,2,0.8,1,1,1,1,1,196.13,1,13,1,1,1,1,1,1,3,1,3
1,4,7,3,0.4,3,3,2,2,1,223.84,1,10,1,1,3,3,17,3,1,1,3
1,4,7,4,0.4,1,1,1,1,1,198.29,1,17,1,1,1,1,16,3,3,3,3
1,4,7,5,0.1,2,2,2,1,0,298.88,1,10,1,3,2,2,17,3,3,2,2
1,4,7,6,0.4,1,1,1,1,1,196.86,1,1,1,3,1,3,14,3,3,3,3
1,4,7,7,0.4,1,1,1,1,1,192.41,1,18,1,1,1,1,19,1,1,1,1
1,4,7,8,0.2,3,3,2,2,1,204.87,1,7,1,3,3,1,18,1,3,3,1
1,4,7,9,0.1,1,1,1,1,1,275.24,1,19,3,3,3,3,5,1,1,1,1
1,4,7,10,0.1,2,3,2,2,1,267.01,1,1,3,3,2,2,10,3,3,1,1
1,4,7,11,0.1,1,3,1,1,1,252.29,1,10,3,3,3,3,9,3,3,1,1
1,4,7,12,0.05,3,3,2,2,1,302.83,0,2,3,3,1,1,3,3,1,1,3
1,4,7,13,0.8,2,1,2,2,1,189.66,1,5,1,3,2,2,7,1,1,1,1
1,4,7,14,1.8,1,1,1,1,1,165.67,1,20,1,3,1,3,11,3,1,3,1
1,4,7,15,0.8,1,1,1,1,1,203.54,1,5,3,1,3,1,5,1,3,1,3
1,4,7,16,0.4,1,1,1,2,0,205.44,1,10,3,3,3,3,2,3,1,3,1
1,4,7,17,0.8,1,2,1,1,1,188.08,1,2,3,1,3,1,20,3,1,2,2
1,4,7,18,0.1,1,3,1,2,0,278.48,1,12,1,1,1,1,12,1,3,3,1
1,4,7,19,0.05,2,1,2,1,0,300.09,0,15,3,3,2,2,3,3,1,3,1
1,4,7,20,0.2,1,1,1,1,1,261.64,1,15,3,3,3,3,20,3,1,3,1
1,4,7,21,0.4,2,3,2,2,1,213.14,1,13,1,1,2,2,16,1,1,3,3
1,4,7,22,0.4,2,1,2,1,0,180.98,1,16,1,3,2,2,3,1,3,1,3
1,4,7,23,1.8,3,1,2,2,1,204.52,1,14,3,1,1,3,3,3,3,3,3
1,4,7,24,0.8,1,1,1,1,1,166.01,1,3,3,1,3,1,12,1,3,1,3
1,4,7,25,0.2,2,3,2,1,0,246.64,1,3,3,1,2,2,12,1,1,3,3
1,4,7,26,0.8,1,1,1,1,1,209.24,1,2,1,1,1,1,4,3,3,3,3
1,4,7,27,0.2,1,3,1,1,1,258.44,1,5,1,1,1,1,9,1,1,3,3
1,4,7,28,0.05,3,1,2,2,1,344.26,0,17,1,3,3,1,18,3,1,3,1
1,4,7,29,0.1,1,1,1,1,1,253.62,1,18,1,3,1,3,13,1,3,1,3
1,4,7,30,0.2,1,2,1,2,0,285.32,1,19,3,1,3,1,19,1,1,2,2
1,4,7,31,0.1,1,1,1,2,0,260.39,1,19,1,3,1,3,10,3,3,3,3
1,4,7,32,0.05,2,2,2,1,0,246.88,1,19,3,1,2,2,12,1,1,2,2
1,4,7,33,0.2,1,2,1,1,1,205.22,1,17,1,3,1,3,17,1,3,2,2
1,4,7,34,0.05,1,3,1,2,0,286.76,1,20,3,3,3,3,2,1,3,3,1
1,4,7,35,1.8,1,2,1,1,1,177.97,1,4,3,3,3,3,19,3,1,2,2
1,4,7,36,1.8,1,3,1,1,1,196.74,1,19,1,3,1,3,11,1,1,3,3
1,4,7,37,0.1,1,2,1,1,1,243.68,1,11,1,1,1,1,3,3,3,2,2
1,4,7,38,0.8,1,2,1,1,1,185.59,1,13,3,1,3,1,12,3,1,2,2
1,4,7,39,0.1,2,3,2,1,0,275.34,1,11,1,1,2,2,2,3,1,1,3
1,4,7,40,0.05,2,3,2,2,1,351.99,0,6,3,1,2,2,14,3,1,1,3
1,4,7,41,0.4,3,2,2,2,1,195.59,1,14,1,3,3,1,1,1,1,2,2
1,4,7,42,0.05,1,3,1,1,1,306.91,0,4,3,1,3,1,15,1,3,3,1
1,4,7,43,0.05,1,1,1,2,0,281.29,1,3,1,3,1,3,12,3,3,3,3
1,4,7,44,0.05,1,1,1,1,1,268.51,1,14,1,1,1,1,13,3,1,3,1
1,4,7,45,1.8,1,2,1,1,1,198.82,1,4,1,1,1,1,4,3,1,2,2
1,4,7,46,0.4,1,1,1,1,1,182.5,1,12,3,1,3,1,13,3,3,3,3
1,4,7,47,0.1,1,2,1,1,1,289.71,1,6,1,1,1,1,6,1,3,2,2
1,4,7,48,1.8,1,3,1,1,1,187.08,1,9,1,3,1,3,20,1,3,3,1
1,4,7,49,0.2,1,1,1,1,1,296.33,1,10,3,1,3,1,8,3,3,3,3
1,4,7,50,0.8,1,1,1,1,1,191.48,1,10,3,3,3,3,14,1,3,1,3
1,4,7,51,0.2,1,3,1,1,1,246.44,1,10,3,3,3,3,3,1,3,3,1
1,4,7,52,1.8,1,2,1,1,1,180.82,1,4,1,1,1,1,3,3,3,2,2
1,4,7,53,0.2,1,3,1,1,1,220.72,1,7,1,3,1,3,10,1,1,3,3
1,4,7,54,0.05,1,2,1,1,1,257.5,1,10,3,1,3,1,16,1,1,2,2
1,4,7,55,0.05,2,1,2,2,1,361.33,0,13,1,3,2,2,1,3,1,3,1
1,4,7,56,0.1,1,3,1,1,1,272.93,1,19,3,1,3,1,9,1,1,3,3
1,4,7,57,0.8,2,2,2,2,1,189.51,1,6,3,1,2,2,11,1,1,2,2
1,4,7,58,0.4,1,3,1,1,1,224.33,1,8,3,3,3,3,2,1,1,3,3
1,4,7,59,0.2,1,2,1,1,1,260.39,1,11,3,1,3,1,12,1,1,2,2
1,4,7,60,1.8,1,2,1,1,1,195.89,1,8,3,3,3,3,18,1,3,2,2
1,4,7,61,0.8,1,3,1,2,0,172.92,1,12,1,3,1,3,13,3,1,1,3
1,4,7,62,0.2,3,1,2,2,1,249.49,1,19,1,1,3,3,6,3,3,3,3
1,4,7,63,0.4,2,3,2,2,1,216.76,1,5,3,3,2,2,9,3,3,1,1
1,4,7,64,1.8,1,1,1,1,1,184.34,1,9,1,1,1,1,2,1,3,1,3
1,4,7,65,1.8,1,1,1,1,1,222.99,1,1,1,3,1,3,16,3,1,3,1
1,4,7,66,0.4,1,2,1,1,1,204.17,1,9,3,1,3,1,1,3,1,2,2
1,4,7,67,0.2,1,2,1,1,1,286.17,1,6,1,1,1,1,15,1,3,2,2
1,4,7,68,1.8,1,1,1,1,1,185.4,1,16,1,1,1,1,6,3,3,3,3
1,4,7,69,0.4,1,1,1,1,1,192.08,1,19,3,3,3,3,2,3,3,3,3
1,4,7,70,0.2,1,2,1,1,1,190.3,1,20,1,3,1,3,13,3,3,2,2
1,4,7,71,0.8,1,3,1,1,1,188.01,1,6,1,1,1,1,18,3,1,1,3
1,4,7,72,0.05,3,1,2,2,1,375.88,0,19,1,3,3,1,10,3,1,3,1
1,4,7,73,0.05,1,3,1,1,1,235.3,1,1,3,1,3,1,19,1,3,3,1
1,4,7,74,0.1,3,3,2,2,1,290.8,1,11,1,3,3,1,15,3,3,1,1
1,4,7,75,0.8,2,2,2,2,1,209.48,1,13,1,1,2,2,5,1,1,2,2
1,4,7,76,0.8,2,1,2,2,1,213.99,1,11,3,3,2,2,10,1,1,1,1
1,4,7,77,1.8,1,2,1,1,1,159.55,1,4,1,3,1,3,3,3,1,2,2
1,4,7,78,1.8,1,1,1,2,0,175.37,1,17,1,3,1,3,8,1,3,1,3
1,4,8,1,0.2,1,1,1,1,1,239.53,1,13,3,1,3,1,2,3,1,3,1
1,4,8,2,0.4,3,2,2,2,1,201.41,1,2,1,1,3,3,18,1,1,2,2
1,4,8,3,0.4,3,1,2,2,1,181.85,1,17,3,1,1,3,1,1,1,1,1
1,4,8,4,0.2,1,3,1,2,0,220.13,1,4,3,1,3,1,10,1,3,3,1
1,4,8,5,1.8,2,3,2,2,1,186.98,1,20,3,3,2,2,20,1,3,3,1
1,4,8,6,0.1,2,3,2,2,1,286.77,1,5,1,1,2,2,19,3,3,1,1
1,4,8,7,1.8,3,3,NaN,NaN,NaN,NaN,NaN,13,3,1,1,3,18,1,3,3,1
1,4,8,8,0.4,1,2,1,1,1,208.71,1,15,1,1,1,1,18,1,1,2,2
1,4,8,9,0.05,1,1,1,2,0,310.61,0,16,1,3,1,3,15,3,3,3,3
1,4,8,10,0.4,1,2,1,1,1,193.45,1,1,3,1,3,1,11,3,1,2,2
1,4,8,11,0.2,1,2,1,1,1,247.67,1,9,1,3,1,3,12,1,1,2,2
1,4,8,12,0.8,1,3,1,2,0,201.89,1,4,1,1,1,1,20,3,1,1,3
1,4,8,13,0.2,2,3,2,2,1,276.88,1,18,1,1,2,2,2,3,1,1,3
1,4,8,14,0.4,3,3,2,2,1,208.86,1,9,1,3,3,1,2,3,1,1,3
1,4,8,15,0.05,1,1,1,1,1,292.04,1,5,1,3,1,3,5,1,1,1,1
1,4,8,16,0.8,2,2,2,1,0,180.95,1,10,3,1,2,2,6,3,3,2,2
1,4,8,17,0.1,3,3,2,2,1,294.82,1,5,1,3,3,1,11,1,1,3,3
1,4,8,18,0.2,1,3,1,1,1,258.73,1,5,3,1,3,1,6,3,1,1,3
1,4,8,19,0.2,1,2,1,1,1,227.43,1,1,1,3,1,3,19,3,3,2,2
1,4,8,20,0.8,1,2,1,1,1,226.73,1,9,1,3,1,3,6,1,1,2,2
1,4,8,21,0.2,2,3,2,1,0,226.77,1,7,1,3,2,2,14,3,3,1,1
1,4,8,22,0.2,3,2,2,2,1,237.8,1,13,3,1,1,3,3,3,3,2,2
1,4,8,23,0.1,1,1,1,1,1,282.2,1,2,1,3,1,3,11,3,3,3,3
1,4,8,24,0.4,1,1,1,1,1,220.38,1,7,3,3,3,3,4,1,3,1,3
1,4,8,25,0.1,2,2,2,2,1,281.71,1,18,1,1,2,2,20,3,1,2,2
1,4,8,26,0.8,3,3,2,2,1,186.63,1,19,1,1,3,3,10,1,1,3,3
1,4,8,27,1.8,1,3,1,1,1,156.73,1,12,1,1,1,1,3,1,3,3,1
1,4,8,28,0.05,2,2,2,2,1,339.47,0,16,3,3,2,2,1,1,1,2,2
1,4,8,29,0.4,2,3,2,1,0,177.72,1,6,3,1,2,2,10,1,3,3,1
1,4,8,30,0.1,3,2,2,2,1,273.21,1,2,3,3,1,1,20,3,3,2,2
1,4,8,31,0.1,1,1,1,2,0,302.16,0,16,1,1,1,1,9,1,1,1,1
1,4,8,32,0.05,3,2,2,2,1,306.05,0,13,1,3,3,1,4,3,3,2,2
1,4,8,33,0.8,2,1,2,1,0,203.39,1,19,1,1,2,2,7,3,3,3,3
1,4,8,34,0.4,3,1,2,2,1,238.84,1,16,1,3,3,1,4,3,3,3,3
1,4,8,35,1.8,3,2,2,2,1,210.7,1,20,1,3,3,1,10,1,3,2,2
1,4,8,36,0.8,3,2,2,2,1,227.94,1,14,3,3,1,1,17,1,1,2,2
1,4,8,37,1.8,1,2,1,1,1,192.08,1,18,3,1,3,1,13,1,1,2,2
1,4,8,38,0.05,2,1,2,2,1,299.01,1,16,1,1,2,2,8,3,1,3,1
1,4,8,39,0.1,2,2,2,2,1,306.95,0,12,3,3,2,2,1,3,3,2,2
1,4,8,40,0.8,1,3,1,1,1,192.81,1,2,3,1,3,1,15,1,3,3,1
1,4,8,41,0.8,1,1,1,2,0,247.44,1,3,1,1,1,1,7,1,3,1,3
1,4,8,42,0.2,1,1,1,1,1,271.41,1,7,1,1,1,1,6,3,3,3,3
1,4,8,43,0.8,1,2,1,1,1,191.18,1,13,3,1,3,1,14,1,1,2,2
1,4,8,44,0.2,1,1,1,1,1,204.01,1,5,3,3,3,3,15,1,3,1,3
1,4,8,45,0.05,2,3,2,1,0,283.52,1,17,3,1,2,2,16,1,3,3,1
1,4,8,46,0.05,1,1,1,1,1,300.83,0,3,1,1,1,1,13,3,1,3,1
1,4,8,47,1.8,1,2,1,1,1,190.3,1,13,3,3,3,3,15,1,3,2,2
1,4,8,48,0.8,2,1,2,2,1,188.2,1,2,1,1,2,2,17,3,1,3,1
1,4,8,49,0.05,3,3,2,2,1,315.24,0,8,1,1,3,3,13,1,3,3,1
1,4,8,50,0.1,1,1,1,1,1,274.46,1,18,1,3,1,3,16,3,1,3,1
1,4,8,51,0.05,3,1,2,2,1,314.35,0,19,3,3,1,1,5,1,1,1,1
1,4,8,52,0.4,1,2,1,1,1,202.37,1,15,1,1,1,1,13,1,1,2,2
1,4,8,53,0.1,3,1,2,2,1,270.69,1,13,1,1,3,3,5,3,1,3,1
1,4,8,54,0.4,3,3,2,2,1,211.16,1,7,1,3,3,1,6,1,3,3,1
1,4,8,55,0.4,1,2,1,1,1,254.08,1,2,1,3,1,3,6,3,3,2,2
1,4,8,56,0.2,1,3,1,1,1,231.28,1,17,1,1,1,1,16,1,3,3,1
1,4,8,57,0.8,3,2,2,2,1,194.17,1,11,3,3,1,1,19,3,3,2,2
1,4,8,58,0.4,2,1,2,2,1,252.06,1,9,3,3,2,2,17,3,1,3,1
1,4,8,59,0.05,3,3,2,2,1,332.57,0,2,3,1,1,3,10,1,3,3,1
1,4,8,60,0.05,3,1,2,2,1,319.21,0,5,1,3,3,1,11,3,1,3,1
1,4,8,61,0.1,2,1,2,1,0,273.58,1,7,1,3,2,2,17,3,1,3,1
1,4,8,62,1.8,1,2,1,1,1,181.06,1,6,3,3,3,3,14,1,1,2,2
1,4,8,63,0.4,3,1,2,2,1,249.64,1,3,1,3,3,1,2,1,3,1,3
1,4,8,64,0.1,2,1,2,2,1,254.45,1,19,1,1,2,2,12,3,3,3,3
1,4,8,65,0.05,2,1,2,1,0,271.62,1,9,1,3,2,2,15,1,1,1,1
1,4,8,66,1.8,1,3,1,2,0,192.12,1,13,3,3,3,3,8,3,1,1,3
1,4,8,67,1.8,2,3,2,1,0,227.04,1,9,3,1,2,2,20,1,3,3,1
1,4,8,68,0.1,3,2,2,2,1,245.45,1,9,1,1,3,3,17,1,3,2,2
1,4,8,69,0.8,3,3,2,2,1,199.52,1,19,3,1,1,3,9,3,3,1,1
1,4,8,70,1.8,1,3,1,1,1,201.92,1,12,3,1,3,1,7,3,1,1,3
1,4,8,71,1.8,1,2,1,1,1,192.22,1,8,3,1,3,1,18,1,1,2,2
1,4,8,72,0.1,3,3,2,2,1,274.69,1,5,1,3,3,1,11,1,1,3,3
1,4,8,73,0.2,1,3,1,2,0,234.41,1,5,3,3,3,3,2,3,1,1,3
1,4,8,74,0.8,1,3,1,1,1,181.47,1,6,3,3,3,3,6,3,3,1,1
1,4,8,75,0.2,1,3,1,1,1,189.51,1,14,1,1,1,1,1,3,1,1,3
1,4,8,76,1.8,1,3,1,1,1,192.82,1,13,1,1,1,1,20,1,3,3,1
1,4,8,77,0.05,1,1,1,1,1,286.98,1,7,3,3,3,3,11,1,1,1,1
1,4,8,78,1.8,2,1,2,1,0,222.61,1,11,1,1,2,2,2,1,1,1,1
1,4,9,1,0.2,1,1,1,1,1,226.85,1,5,1,1,1,1,17,1,3,1,3
1,4,9,2,0.8,1,2,1,1,1,220.86,1,18,1,3,1,3,9,1,3,2,2
1,4,9,3,0.4,3,1,2,2,1,203.49,1,4,3,1,1,3,16,3,3,3,3
1,4,9,4,0.4,1,1,1,1,1,185.72,1,5,1,1,1,1,4,3,1,3,1
1,4,9,5,0.8,2,3,2,1,0,201.18,1,10,1,1,2,2,6,3,1,1,3
1,4,9,6,0.05,3,3,2,2,1,287.33,1,3,3,3,1,1,6,1,1,3,3
1,4,9,7,1.8,2,2,2,1,0,187.2,1,5,3,3,2,2,15,1,3,2,2
1,4,9,8,0.2,2,2,2,2,1,247.67,1,11,3,3,2,2,9,3,1,2,2
1,4,9,9,0.1,2,1,2,2,1,317.79,0,10,3,1,2,2,17,3,3,3,3
1,4,9,10,0.1,3,1,2,2,1,306.74,0,2,3,1,1,3,5,3,3,3,3
1,4,9,11,0.05,1,2,1,1,1,304.74,0,14,1,3,1,3,5,1,1,2,2
1,4,9,12,1.8,3,2,2,2,1,201.67,1,7,3,3,1,1,6,3,3,2,2
1,4,9,13,1.8,3,1,NaN,NaN,NaN,NaN,NaN,15,1,3,3,1,11,3,1,3,1
1,4,9,14,1.8,1,3,1,1,1,163.35,1,10,1,3,1,3,8,3,1,1,3
1,4,9,15,0.1,2,2,2,2,1,279.7,1,16,1,3,2,2,3,1,1,2,2
1,4,9,16,0.4,1,2,1,2,0,388.4,0,19,1,3,1,3,18,1,1,2,2
1,4,9,17,0.4,2,2,2,1,0,218.13,1,8,1,3,2,2,19,3,3,2,2
1,4,9,18,0.1,2,1,2,1,0,255.2,1,15,3,1,2,2,1,1,1,1,1
1,4,9,19,0.2,1,2,1,1,1,232.85,1,13,3,1,3,1,15,1,3,2,2
1,4,9,20,0.4,2,1,2,1,0,205.56,1,12,3,3,2,2,6,1,3,1,3
1,4,9,21,0.05,3,1,2,2,1,325.57,0,2,3,3,1,1,20,1,1,1,1
1,4,9,22,0.8,1,2,1,1,1,193.74,1,12,1,1,1,1,3,1,3,2,2
1,4,9,23,0.4,1,2,1,1,1,178.48,1,8,1,1,1,1,16,3,1,2,2
1,4,9,24,0.4,1,2,1,2,0,-16.028,2,11,1,3,1,3,1,1,3,2,2
1,4,9,25,0.1,2,2,2,2,1,305.15,0,9,3,1,2,2,15,3,3,2,2
1,4,9,26,0.8,3,2,2,2,1,190.44,1,15,3,3,1,1,18,3,3,2,2
1,4,9,27,0.05,1,3,1,1,1,277.55,1,14,3,3,3,3,11,1,1,3,3
1,4,9,28,0.8,1,3,1,2,0,192.31,1,20,1,1,1,1,12,3,1,1,3
1,4,9,29,0.05,2,2,2,1,0,274.8,1,4,3,3,2,2,14,1,3,2,2
1,4,9,30,0.4,2,3,2,2,1,197.18,1,4,1,3,2,2,16,1,1,3,3
1,4,9,31,0.2,2,1,2,1,0,209.99,1,12,1,3,2,2,6,3,3,3,3
1,4,9,32,0.4,2,1,2,2,1,208.6,1,13,1,3,2,2,13,3,3,3,3
1,4,9,33,0.05,2,1,2,2,1,299.42,1,16,3,3,2,2,10,1,3,1,3
1,4,9,34,0.8,1,2,1,1,1,189.69,1,11,1,3,1,3,11,1,1,2,2
1,4,9,35,0.05,2,1,2,1,0,310.59,0,15,1,1,2,2,4,1,3,1,3
1,4,9,36,0.1,3,2,2,2,1,228.09,1,20,1,3,3,1,6,3,3,2,2
1,4,9,37,0.4,1,1,1,1,1,211.21,1,1,1,3,1,3,15,3,1,3,1
1,4,9,38,1.8,1,2,1,1,1,197.02,1,3,1,3,1,3,3,1,3,2,2
1,4,9,39,0.1,2,2,2,2,1,250.63,1,5,1,1,2,2,12,1,3,2,2
1,4,9,40,0.2,1,1,1,1,1,245.67,1,6,1,3,1,3,6,3,3,3,3
1,4,9,41,0.05,1,1,1,1,1,290.21,1,2,1,3,1,3,2,1,1,1,1
1,4,9,42,1.8,2,2,2,2,1,183.32,1,18,3,1,2,2,15,1,1,2,2
1,4,9,43,0.1,3,3,2,2,1,325.09,0,16,3,3,1,1,1,3,1,1,3
1,4,9,44,0.1,1,3,1,1,1,278.31,1,11,1,3,1,3,9,1,1,3,3
1,4,9,45,1.8,1,1,1,2,0,196.66,1,9,3,1,3,1,18,1,3,1,3
1,4,9,46,0.2,3,2,2,2,1,240.14,1,13,1,1,3,3,10,1,3,2,2
1,4,9,47,0.2,2,1,2,2,1,227.35,1,5,1,3,2,2,3,1,3,1,3
1,4,9,48,0.8,3,3,2,2,1,183.16,1,2,3,3,1,1,12,3,1,1,3
1,4,9,49,0.4,3,1,2,2,1,202.42,1,12,3,3,1,1,1,1,1,1,1
1,4,9,50,1.8,1,2,1,1,1,187.91,1,7,3,3,3,3,14,1,1,2,2
1,4,9,51,0.1,3,3,2,2,1,260.79,1,11,3,3,1,1,20,3,3,1,1
1,4,9,52,0.05,1,3,1,1,1,265.02,1,7,1,3,1,3,18,1,1,3,3
1,4,9,53,1.8,2,2,2,1,0,202.05,1,7,1,1,2,2,19,3,1,2,2
1,4,9,54,0.8,1,2,1,1,1,187.65,1,15,3,1,3,1,12,1,3,2,2
1,4,9,55,0.05,3,3,2,2,1,294.53,1,1,1,1,3,3,13,3,3,1,1
1,4,9,56,0.2,3,1,2,2,1,242.33,1,18,3,1,1,3,1,1,3,1,3
1,4,9,57,0.2,3,3,2,2,1,193.47,1,3,3,1,1,3,18,1,1,3,3
1,4,9,58,0.8,2,2,2,2,1,258.46,1,7,1,1,2,2,8,1,3,2,2
1,4,9,59,0.05,2,3,2,2,1,807.32,0,13,1,3,2,2,18,1,1,3,3
1,4,9,60,1.8,1,2,1,2,0,192.68,1,14,3,3,3,3,13,3,3,2,2
1,4,9,61,0.8,1,3,1,1,1,165.47,1,12,1,3,1,3,18,3,1,1,3
1,4,9,62,0.05,2,3,2,1,0,294,1,8,3,3,2,2,14,3,3,1,1
1,4,9,63,0.2,1,1,1,1,1,226.69,1,6,3,3,3,3,12,1,1,1,1
1,4,9,64,0.05,1,1,1,1,1,270.29,1,9,1,3,1,3,14,1,1,1,1
1,4,9,65,0.8,3,1,2,2,1,188.45,1,7,3,1,1,3,12,1,3,1,3
1,4,9,66,0.2,1,3,1,1,1,196.53,1,5,3,1,3,1,17,3,1,1,3
1,4,9,67,1.8,3,2,NaN,NaN,NaN,NaN,NaN,4,1,3,3,1,1,3,1,2,2
1,4,9,68,0.2,1,1,1,1,1,170.83,1,4,1,3,1,3,10,1,1,1,1
1,4,9,69,0.8,1,2,1,1,1,177.33,1,2,1,3,1,3,12,3,1,2,2
1,4,9,70,0.4,1,3,1,1,1,196.02,1,5,3,3,3,3,13,1,3,3,1
1,4,9,71,0.4,1,2,1,1,1,186.73,1,15,3,3,3,3,2,1,1,2,2
1,4,9,72,1.8,1,1,1,1,1,183.34,1,8,3,1,3,1,7,1,3,1,3
1,4,9,73,0.1,2,2,2,2,1,267.07,1,4,3,1,2,2,5,3,1,2,2
1,4,9,74,0.8,2,3,2,1,0,187.21,1,10,1,1,2,2,9,1,1,3,3
1,4,9,75,0.1,1,2,1,1,1,318.65,0,6,3,1,3,1,11,3,1,2,2
1,4,9,76,1.8,2,2,2,2,1,160.54,1,8,3,3,2,2,17,1,1,2,2
1,4,9,77,0.1,2,2,2,1,0,246.27,1,12,3,1,2,2,12,1,1,2,2
1,4,9,78,0.2,1,2,1,1,1,176.62,1,15,1,1,1,1,8,3,3,2,2
1,4,10,1,0.05,2,2,2,2,1,344.21,0,20,1,1,2,2,18,3,3,2,2
1,4,10,2,1.8,1,3,1,1,1,404.72,0,5,3,3,3,3,16,1,1,3,3
1,4,10,3,0.2,3,1,2,2,1,177.33,1,5,3,1,1,3,5,1,3,1,3
1,4,10,4,0.8,1,3,1,1,1,173.3,1,11,1,1,1,1,7,3,3,1,1
1,4,10,5,1.8,1,1,1,1,1,185.24,1,3,3,1,3,1,1,1,3,1,3
1,4,10,6,0.2,1,1,1,1,1,225.22,1,15,3,1,3,1,8,1,3,1,3
1,4,10,7,0.8,1,2,1,1,1,183.35,1,13,1,1,1,1,6,1,1,2,2
1,4,10,8,0.1,3,1,2,2,1,242.69,1,1,3,3,1,1,2,1,3,1,3
1,4,10,9,0.4,1,2,1,1,1,187.18,1,8,3,1,3,1,14,1,3,2,2
1,4,10,10,0.8,1,1,1,1,1,195.98,1,9,1,3,1,3,18,1,3,1,3
1,4,10,11,1.8,3,1,2,2,1,178.66,1,7,1,3,3,1,10,3,1,3,1
1,4,10,12,0.4,1,1,1,1,1,201.16,1,7,3,1,3,1,9,3,3,3,3
1,4,10,13,0.2,1,3,1,1,1,241.72,1,11,3,3,3,3,14,3,3,1,1
1,4,10,14,0.05,2,3,2,2,1,226.29,1,4,1,1,2,2,2,1,3,3,1
1,4,10,15,0.8,3,2,2,2,1,181.01,1,18,3,3,1,1,9,1,3,2,2
1,4,10,16,0.05,3,1,2,1,0,271.17,1,15,1,3,3,1,18,1,3,1,3
1,4,10,17,0.8,2,1,2,2,1,187.17,1,9,3,3,2,2,18,3,3,3,3
1,4,10,18,0.05,3,2,2,2,1,275.29,1,19,1,1,3,3,18,3,3,2,2
1,4,10,19,0.4,3,3,2,1,0,243.9,1,15,3,1,1,3,6,3,3,1,1
1,4,10,20,0.4,1,2,1,1,1,197.65,1,15,1,3,1,3,19,3,1,2,2
1,4,10,21,0.2,2,2,2,2,1,242.69,1,15,1,3,2,2,13,3,3,2,2
1,4,10,22,1.8,3,1,2,2,1,158.67,1,6,1,3,3,1,3,3,3,3,3
1,4,10,23,1.8,3,1,2,2,1,78.84,2,1,1,3,3,1,18,3,3,3,3
1,4,10,24,0.1,1,2,1,1,1,289.48,1,6,1,1,1,1,3,1,1,2,2
1,4,10,25,0.05,1,1,1,1,1,286.1,1,19,3,3,3,3,13,3,1,3,1
1,4,10,26,0.2,3,1,2,2,1,244.93,1,3,3,3,1,1,11,3,1,3,1
1,4,10,27,0.1,1,3,1,1,1,267.99,1,19,1,3,1,3,7,1,1,3,3
1,4,10,28,0.2,1,1,1,1,1,231.49,1,6,3,1,3,1,16,3,1,3,1
1,4,10,29,0.1,2,1,2,2,1,255.76,1,9,1,3,2,2,7,3,3,3,3
1,4,10,30,0.1,3,2,2,1,0,334.15,0,9,1,1,3,3,17,1,3,2,2
1,4,10,31,0.2,1,2,1,1,1,85.639,2,8,1,3,1,3,1,3,1,2,2
1,4,10,32,0.05,3,2,2,2,1,294.46,1,15,1,1,3,3,18,3,1,2,2
1,4,10,33,0.05,3,2,2,2,1,306.84,0,16,3,3,1,1,3,3,3,2,2
1,4,10,34,1.8,2,1,2,2,1,188.6,1,8,3,1,2,2,4,1,3,1,3
1,4,10,35,0.4,3,2,2,2,1,189.55,1,18,3,3,1,1,14,1,1,2,2
1,4,10,36,1.8,3,3,2,2,1,188.47,1,10,3,1,1,3,11,1,3,3,1
1,4,10,37,0.1,1,3,1,1,1,256.36,1,16,3,3,3,3,20,3,3,1,1
1,4,10,38,0.2,1,3,1,1,1,199.95,1,4,3,3,3,3,10,1,1,3,3
1,4,10,39,0.4,1,1,1,1,1,192.8,1,7,3,3,3,3,13,3,3,3,3
1,4,10,40,0.1,3,2,2,2,1,236.67,1,8,1,1,3,3,15,1,3,2,2
1,4,10,41,0.1,2,1,2,1,0,288.53,1,20,3,1,2,2,3,1,1,1,1
1,4,10,42,0.1,3,1,2,2,1,262.05,1,2,1,1,3,3,20,3,1,3,1
1,4,10,43,0.4,2,2,2,2,1,185.02,1,20,1,1,2,2,6,1,3,2,2
1,4,10,44,0.4,2,1,2,2,1,225.4,1,15,3,3,2,2,20,1,1,1,1
1,4,10,45,0.2,1,1,1,1,1,196.5,1,3,3,1,3,1,15,3,1,3,1
1,4,10,46,0.8,3,1,2,1,0,196.47,1,12,1,1,3,3,3,3,1,3,1
1,4,10,47,0.05,2,3,2,1,0,271.23,1,1,1,3,2,2,14,1,1,3,3
1,4,10,48,1.8,1,1,1,1,1,165.53,1,5,1,1,1,1,1,1,1,1,1
1,4,10,49,0.05,2,3,2,2,1,308.91,0,19,3,3,2,2,1,3,3,1,1
1,4,10,50,0.4,1,2,1,2,0,199.49,1,8,3,1,3,1,3,1,3,2,2
1,4,10,51,0.1,1,2,1,2,0,264.24,1,3,3,1,3,1,8,3,3,2,2
1,4,10,52,0.4,1,3,1,2,0,219.64,1,3,1,1,1,1,11,1,1,3,3
1,4,10,53,1.8,2,1,2,2,1,186.19,1,18,1,1,2,2,9,1,3,1,3
1,4,10,54,0.4,3,2,2,2,1,191.88,1,2,3,1,1,3,6,1,3,2,2
1,4,10,55,0.2,3,1,2,2,1,226.71,1,1,3,1,1,3,9,1,1,1,1
1,4,10,56,0.05,1,3,1,1,1,251.48,1,6,1,3,1,3,20,3,3,1,1
1,4,10,57,1.8,1,1,1,1,1,199.19,1,10,1,1,1,1,2,1,3,1,3
1,4,10,58,0.4,1,2,1,1,1,185.82,1,17,3,1,3,1,14,1,1,2,2
1,4,10,59,0.8,2,3,2,2,1,176.07,1,10,1,3,2,2,10,3,1,1,3
1,4,10,60,1.8,1,1,1,1,1,188.53,1,10,3,1,3,1,4,1,1,1,1
1,4,10,61,0.05,1,3,1,1,1,279.18,1,4,3,1,3,1,6,1,3,3,1
1,4,10,62,0.4,3,1,2,1,0,214.35,1,15,3,1,1,3,11,3,3,3,3
1,4,10,63,0.8,3,2,2,2,1,190.42,1,19,3,3,1,1,18,3,3,2,2
1,4,10,64,1.8,1,1,1,1,1,189.38,1,14,3,1,3,1,3,1,1,1,1
1,4,10,65,0.2,1,3,1,1,1,222.93,1,2,3,3,3,3,3,3,3,1,1
1,4,10,66,0.8,2,2,2,1,0,216.11,1,17,3,1,2,2,11,1,1,2,2
1,4,10,67,0.05,1,3,1,2,0,312.33,0,7,1,3,1,3,6,3,3,1,1
1,4,10,68,0.2,1,1,1,1,1,238.91,1,4,1,3,1,3,11,1,1,1,1
1,4,10,69,0.05,2,1,2,2,1,296.36,1,14,3,1,2,2,5,3,3,3,3
1,4,10,70,0.8,3,1,2,2,1,196.83,1,5,3,1,1,3,11,1,3,1,3
1,4,10,71,0.8,2,2,NaN,NaN,NaN,NaN,NaN,2,1,3,2,2,18,3,3,2,2
1,4,10,72,1.8,2,2,2,2,1,180.73,1,20,1,1,2,2,3,1,1,2,2
1,4,10,73,0.2,1,2,1,1,1,229.63,1,5,3,3,3,3,17,1,1,2,2
1,4,10,74,0.1,3,2,2,2,1,274.76,1,13,1,3,3,1,18,3,3,2,2
1,4,10,75,0.8,2,1,2,2,1,210.83,1,8,1,3,2,2,3,3,3,3,3
1,4,10,76,0.8,1,3,1,1,1,228.23,1,11,3,3,3,3,20,3,3,1,1
1,4,10,77,0.1,2,1,2,1,0,230.78,1,10,1,3,2,2,8,1,1,1,1
1,4,10,78,0.1,3,3,2,2,1,225.37,1,6,1,3,3,1,1,3,1,1,3
