4,5,1,1,1.8,3,1,2,2,1,204.93,1,15,3,3,1,1,5,3,1,3,1
4,5,1,2,0.4,3,3,2,2,1,219.64,1,3,1,1,3,3,9,1,3,3,1
4,5,1,3,0.8,1,2,1,1,1,198.65,1,8,3,3,3,3,7,3,3,2,2
4,5,1,4,1.8,3,1,2,2,1,231.13,1,20,1,1,3,3,9,3,1,3,1
4,5,1,5,0.4,3,2,2,2,1,215.13,1,18,1,3,3,1,8,1,1,2,2
4,5,1,6,0.2,2,3,2,2,1,216.96,1,3,3,3,2,2,14,3,3,1,1
4,5,1,7,0.4,3,1,2,2,1,217.87,1,6,1,3,3,1,3,3,3,3,3
4,5,1,8,0.8,3,1,2,2,1,236.17,1,4,1,3,3,1,14,1,1,1,1
4,5,1,9,0.8,3,1,2,2,1,223.06,1,11,3,1,1,3,14,1,1,1,1
4,5,1,10,0.8,1,1,1,1,1,198.28,1,4,3,1,3,1,15,3,1,3,1
4,5,1,11,0.4,1,2,1,1,1,211.37,1,17,1,1,1,1,4,1,3,2,2
4,5,1,12,0.05,2,3,2,2,1,282.53,1,4,1,1,2,2,8,1,1,3,3
4,5,1,13,0.8,3,1,2,2,1,199.99,1,11,3,1,1,3,10,3,1,3,1
4,5,1,14,0.2,3,2,2,2,1,409.65,0,9,3,3,1,1,9,3,3,2,2
4,5,1,15,0.05,2,2,2,1,0,301.6,0,1,3,3,2,2,10,1,1,2,2
4,5,1,16,1.8,1,1,1,1,1,209.11,1,12,3,1,3,1,6,3,1,3,1
4,5,1,17,0.1,2,3,2,1,0,404.19,0,1,1,3,2,2,4,3,3,1,1
4,5,1,18,0.2,1,2,1,1,1,308.33,0,1,3,3,3,3,12,3,3,2,2
4,5,1,19,0.2,3,2,2,2,1,239.12,1,14,3,1,1,3,20,3,3,2,2
4,5,1,20,1.8,1,3,1,1,1,218.23,1,12,1,1,1,1,7,1,3,3,1
4,5,1,21,0.1,1,1,1,1,1,226.42,1,5,3,1,3,1,17,3,1,3,1
4,5,1,22,0.05,3,1,2,2,1,290.9,1,3,1,1,3,3,12,1,3,1,3
4,5,1,23,1.8,1,1,1,1,1,203.93,1,16,3,1,3,1,9,3,1,3,1
4,5,1,24,0.1,1,3,1,1,1,232.22,1,1,3,3,3,3,8,3,3,1,1
4,5,1,25,0.05,2,1,2,1,0,450.74,0,1,3,1,2,2,12,1,3,1,3
4,5,1,26,0.2,1,2,1,1,1,213.43,1,12,1,1,1,1,5,1,3,2,2
4,5,1,27,0.1,1,3,1,2,0,280.54,1,20,1,3,1,3,19,3,3,1,1
4,5,1,28,0.1,2,1,2,1,0,259.6,1,14,3,1,2,2,17,1,1,1,1
4,5,1,29,0.8,1,1,1,1,1,229.33,1,5,3,1,3,1,20,3,3,3,3
4,5,1,30,0.05,1,3,1,1,1,259.41,1,12,1,1,1,1,16,1,3,3,1
4,5,1,31,0.2,2,1,2,1,0,210.77,1,4,3,1,2,2,8,1,3,1,3
4,5,1,32,0.4,1,2,1,1,1,196.58,1,12,1,1,1,1,14,3,1,2,2
4,5,1,33,0.2,1,2,1,1,1,241.02,1,4,1,3,1,3,10,3,1,2,2
4,5,1,34,1.8,2,3,2,2,1,225.68,1,10,3,1,2,2,11,1,3,3,1
4,5,1,35,1.8,1,3,1,1,1,208.03,1,7,3,1,3,1,7,1,3,3,1
4,5,1,36,0.8,1,1,1,1,1,198.76,1,12,1,1,1,1,8,3,1,3,1
4,5,1,37,0.05,2,1,2,1,0,467.68,0,1,1,1,2,2,11,3,1,3,1
4,5,1,38,0.1,1,3,1,1,1,259.35,1,3,3,1,3,1,9,1,3,3,1
4,5,1,39,1.8,1,3,1,1,1,190.28,1,12,3,3,3,3,6,3,1,1,3
4,5,1,40,0.2,1,1,1,1,1,200.96,1,9,1,1,1,1,12,3,3,3,3
4,5,1,41,0.1,1,3,1,1,1,266.48,1,8,3,1,3,1,2,3,3,1,1
4,5,1,42,0.4,2,2,2,1,0,267.02,1,13,3,1,2,2,1,1,3,2,2
4,5,1,43,0.1,1,3,1,1,1,258.9,1,16,3,3,3,3,9,3,3,1,1
4,5,1,44,0.8,2,3,2,2,1,218.79,1,1,1,1,2,2,17,1,1,3,3
4,5,1,45,1.8,3,2,2,2,1,221.36,1,18,3,3,1,1,10,1,1,2,2
4,5,1,46,0.1,3,2,2,2,1,348.96,0,14,3,3,1,1,14,3,1,2,2
4,5,1,47,0.05,3,3,2,2,1,375.11,0,5,3,1,1,3,14,3,1,1,3
4,5,1,48,0.2,3,3,2,2,1,258.72,1,13,1,1,3,3,10,3,1,1,3
4,5,1,49,0.05,1,2,1,1,1,241.4,1,13,3,3,3,3,5,1,3,2,2
4,5,1,50,0.8,3,1,2,2,1,200.09,1,8,3,1,1,3,19,3,3,3,3
4,5,1,51,0.2,1,3,1,1,1,213.78,1,8,1,1,1,1,8,1,1,3,3
4,5,1,52,1.8,2,1,2,2,1,194.36,1,1,1,3,2,2,18,1,1,1,1
4,5,1,53,0.8,1,1,1,1,1,232.57,1,3,3,1,3,1,20,1,3,1,3
4,5,1,54,0.4,1,1,1,1,1,236.83,1,3,1,3,1,3,17,3,3,3,3
4,5,1,55,0.1,2,1,2,2,1,462.58,0,20,1,3,2,2,12,1,3,1,3
4,5,1,56,0.8,3,2,2,2,1,225.31,1,17,3,3,1,1,10,3,1,2,2
4,5,1,57,0.2,1,1,1,1,1,235.65,1,20,1,1,1,1,20,3,3,3,3
4,5,1,58,0.05,2,2,2,2,1,341.39,0,16,1,1,2,2,16,3,3,2,2
4,5,1,59,0.05,1,1,1,1,1,294.99,1,13,1,3,1,3,2,3,3,3,3
4,5,1,60,0.4,1,1,1,1,1,197.84,1,13,3,3,3,3,11,1,3,1,3
4,5,1,61,0.4,2,3,2,2,1,235.57,1,1,3,3,2,2,16,1,3,3,1
4,5,1,62,1.8,1,1,1,1,1,171.52,1,4,3,3,3,3,1,1,3,1,3
4,5,1,63,0.05,1,1,1,2,0,444.95,0,17,1,3,1,3,4,1,3,1,3
4,5,1,64,0.4,1,3,1,1,1,235.84,1,17,3,3,3,3,1,3,1,1,3
4,5,1,65,0.8,1,1,1,1,1,200.96,1,3,1,3,1,3,17,3,1,3,1
4,5,1,66,0.4,1,1,1,1,1,231.67,1,6,1,3,1,3,6,1,3,1,3
4,5,1,67,0.05,1,1,1,1,1,247.6,1,11,3,1,3,1,17,3,1,3,1
4,5,1,68,0.2,2,2,2,2,1,290.81,1,12,1,3,2,2,9,3,3,2,2
4,5,1,69,0.05,1,2,1,1,1,256.84,1,16,3,1,3,1,11,3,1,2,2
4,5,1,70,0.4,1,3,1,1,1,255.69,1,13,3,3,3,3,17,3,1,1,3
4,5,1,71,0.8,1,3,1,1,1,352.66,0,2,3,3,3,3,7,1,1,3,3
4,5,1,72,0.1,3,1,2,2,1,327.36,0,18,1,3,3,1,11,1,1,1,1
4,5,1,73,0.2,2,1,2,2,1,470.06,0,5,3,3,2,2,1,1,3,1,3
4,5,1,74,0.1,1,3,1,1,1,268.39,1,2,1,3,1,3,11,3,1,1,3
4,5,1,75,1.8,1,3,1,2,0,222.29,1,2,3,1,3,1,3,3,3,1,1
4,5,1,76,0.1,1,3,1,1,1,211.92,1,13,3,3,3,3,18,3,3,1,1
4,5,1,77,0.4,1,1,1,1,1,217.66,1,12,1,3,1,3,12,3,3,3,3
4,5,1,78,1.8,3,2,2,2,1,244.42,1,20,1,1,3,3,3,1,1,2,2
4,5,2,1,0.2,3,3,2,2,1,276.06,1,12,3,1,1,3,5,3,3,1,1
4,5,2,2,0.4,2,2,2,2,1,228.18,1,19,1,1,2,2,12,3,1,2,2
4,5,2,3,0.1,1,2,1,1,1,253.71,1,10,3,3,3,3,13,1,3,2,2
4,5,2,4,0.1,1,1,1,1,1,216.88,1,4,1,1,1,1,14,1,3,1,3
4,5,2,5,0.1,2,1,2,1,0,210.93,1,11,3,1,2,2,8,1,3,1,3
4,5,2,6,0.05,3,1,2,2,1,460.96,0,4,3,3,1,1,7,3,3,3,3
4,5,2,7,0.4,1,2,1,2,0,261.74,1,1,1,3,1,3,15,3,3,2,2
4,5,2,8,0.05,3,3,2,2,1,362.55,0,18,3,1,1,3,2,3,1,1,3
4,5,2,9,0.4,1,3,1,1,1,196.31,1,17,3,1,3,1,8,1,1,3,3
4,5,2,10,1.8,1,1,NaN,NaN,NaN,NaN,NaN,18,1,3,1,3,2,1,1,1,1
4,5,2,11,0.4,1,3,1,1,1,205.29,1,14,1,1,1,1,4,3,3,1,1
4,5,2,12,0.05,1,1,1,1,1,247.87,1,12,1,1,1,1,1,1,1,1,1
4,5,2,13,0.05,2,1,2,2,1,331.59,0,5,1,1,2,2,14,3,1,3,1
4,5,2,14,0.05,1,2,1,1,1,297.24,1,5,1,3,1,3,8,3,1,2,2
4,5,2,15,0.1,2,2,2,1,0,265.57,1,17,1,1,2,2,11,1,3,2,2
4,5,2,16,0.2,1,1,1,1,1,206.29,1,13,1,3,1,3,17,1,3,1,3
4,5,2,17,0.2,1,2,1,1,1,245.11,1,1,3,3,3,3,5,1,1,2,2
4,5,2,18,0.1,1,2,1,1,1,326.49,0,17,3,1,3,1,13,1,1,2,2
4,5,2,19,1.8,3,1,2,2,1,241.87,1,4,1,3,3,1,9,3,3,3,3
4,5,2,20,0.8,1,3,1,1,1,232.4,1,5,3,1,3,1,3,3,1,1,3
4,5,2,21,0.05,1,3,1,1,1,354.85,0,1,1,1,1,1,1,1,3,3,1
4,5,2,22,0.05,2,2,2,1,0,250.22,1,2,3,1,2,2,8,3,3,2,2
4,5,2,23,0.8,2,1,2,2,1,220.68,1,14,1,3,2,2,14,1,3,1,3
4,5,2,24,1.8,1,1,1,1,1,203.79,1,14,1,3,1,3,6,1,3,1,3
4,5,2,25,1.8,3,2,2,2,1,206.81,1,9,3,3,1,1,10,1,3,2,2
4,5,2,26,0.8,1,1,1,1,1,215.95,1,14,3,3,3,3,5,3,1,3,1
4,5,2,27,0.2,1,1,1,1,1,215.86,1,4,1,1,1,1,7,3,3,3,3
4,5,2,28,0.05,2,1,2,2,1,368.34,0,5,3,1,2,2,10,1,1,1,1
4,5,2,29,1.8,1,1,1,1,1,216.04,1,18,3,1,3,1,3,3,1,3,1
4,5,2,30,0.2,2,1,2,1,0,208.46,1,10,1,1,2,2,8,1,1,1,1
4,5,2,31,0.2,1,1,1,1,1,189.01,1,8,1,1,1,1,13,1,3,1,3
4,5,2,32,0.8,3,3,2,2,1,217.5,1,18,1,1,3,3,7,3,1,1,3
4,5,2,33,0.4,1,3,1,1,1,236.61,1,6,1,3,1,3,5,3,3,1,1
4,5,2,34,0.4,2,1,2,1,0,245.37,1,7,3,3,2,2,12,3,1,3,1
4,5,2,35,0.2,1,1,1,1,1,296.77,1,3,3,1,3,1,12,1,1,1,1
4,5,2,36,0.1,3,2,2,2,1,279.61,1,3,1,1,3,3,10,1,3,2,2
4,5,2,37,1.8,2,1,2,1,0,200.88,1,15,3,1,2,2,8,3,3,3,3
4,5,2,38,0.1,1,3,1,1,1,276.45,1,11,3,1,3,1,7,1,1,3,3
4,5,2,39,0.1,1,2,1,1,1,264.4,1,9,1,3,1,3,19,3,1,2,2
4,5,2,40,0.05,1,1,1,1,1,241.37,1,6,1,1,1,1,8,3,1,3,1
4,5,2,41,0.8,3,2,2,2,1,250.66,1,2,3,3,1,1,7,1,3,2,2
4,5,2,42,0.4,1,2,1,1,1,-0.33402,2,3,1,3,1,3,1,1,1,2,2
4,5,2,43,1.8,1,1,1,1,1,246.25,1,15,1,3,1,3,1,1,1,1,1
4,5,2,44,0.4,1,2,1,1,1,224.64,1,8,1,1,1,1,5,3,3,2,2
4,5,2,45,0.1,1,3,1,1,1,364.16,0,12,3,1,3,1,17,3,3,1,1
4,5,2,46,1.8,3,2,2,2,1,219.77,1,11,3,1,1,3,12,1,3,2,2
4,5,2,47,0.1,3,1,2,2,1,251.95,1,3,1,3,3,1,14,1,1,1,1
4,5,2,48,0.05,3,1,2,2,1,312.68,0,10,3,1,1,3,2,3,3,3,3
4,5,2,49,0.8,1,1,1,1,1,223.17,1,20,1,1,1,1,12,1,3,1,3
4,5,2,50,0.05,1,2,1,1,1,255.44,1,12,1,1,1,1,8,1,3,2,2
4,5,2,51,0.8,2,3,2,2,1,257.02,1,1,1,1,2,2,3,3,3,1,1
4,5,2,52,0.1,3,2,2,1,0,307.13,0,12,1,1,3,3,20,1,1,2,2
4,5,2,53,0.4,2,2,2,2,1,239.64,1,16,1,3,2,2,1,3,3,2,2
4,5,2,54,0.8,1,2,1,1,1,229.36,1,1,3,1,3,1,18,3,3,2,2
4,5,2,55,0.4,1,2,1,1,1,232.28,1,2,1,3,1,3,14,1,3,2,2
4,5,2,56,0.8,1,2,1,1,1,216.78,1,11,3,3,3,3,19,1,3,2,2
4,5,2,57,0.2,2,2,2,1,0,249.61,1,9,1,1,2,2,19,1,1,2,2
4,5,2,58,0.1,2,1,2,1,0,262.63,1,17,1,1,2,2,5,1,1,1,1
4,5,2,59,0.4,2,3,2,2,1,225.56,1,17,1,3,2,2,7,3,1,1,3
4,5,2,60,0.2,2,2,2,2,1,496.25,0,20,3,1,2,2,20,1,1,2,2
4,5,2,61,0.4,1,2,1,1,1,209.88,1,13,1,3,1,3,8,1,1,2,2
4,5,2,62,0.8,3,3,2,2,1,237.06,1,20,1,1,3,3,12,3,1,1,3
4,5,2,63,1.8,1,2,1,1,1,185.78,1,3,3,1,3,1,16,3,1,2,2
4,5,2,64,1.8,1,1,1,1,1,211.01,1,16,1,3,1,3,7,1,3,1,3
4,5,2,65,0.1,2,3,2,2,1,482.69,0,19,1,3,2,2,20,3,1,1,3
4,5,2,66,1.8,2,1,2,2,1,230.71,1,5,3,3,2,2,20,1,1,1,1
4,5,2,67,0.2,2,1,2,1,0,231.9,1,4,3,1,2,2,13,3,3,3,3
4,5,2,68,1.8,3,1,2,2,1,231.34,1,13,1,1,3,3,17,1,1,1,1
4,5,2,69,0.05,1,2,1,2,0,262.82,1,19,1,1,1,1,15,1,1,2,2
4,5,2,70,0.2,1,3,1,1,1,225.41,1,9,3,3,3,3,15,3,1,1,3
4,5,2,71,0.2,1,2,1,1,1,269.65,1,17,3,3,3,3,12,3,1,2,2
4,5,2,72,0.2,2,2,2,1,0,237.56,1,14,1,3,2,2,11,3,3,2,2
4,5,2,73,0.05,1,1,1,1,1,292.89,1,7,3,1,3,1,19,3,3,3,3
4,5,2,74,0.8,1,1,1,2,0,332.37,0,13,1,1,1,1,16,1,1,1,1
4,5,2,75,0.4,1,2,1,1,1,235.89,1,6,1,1,1,1,19,3,1,2,2
4,5,2,76,0.8,1,2,1,1,1,237.87,1,11,1,3,1,3,20,1,3,2,2
4,5,2,77,0.8,1,2,1,1,1,229.2,1,20,1,1,1,1,2,3,1,2,2
4,5,2,78,1.8,3,2,2,2,1,224.6,1,6,3,3,1,1,1,3,3,2,2
4,5,3,1,0.8,1,3,1,1,1,275.19,1,10,3,3,3,3,17,3,1,1,3
4,5,3,2,1.8,3,3,2,2,1,205.73,1,15,1,3,3,1,13,1,3,3,1
4,5,3,3,0.2,2,1,2,2,1,269.68,1,20,3,3,2,2,1,1,3,1,3
4,5,3,4,0.8,1,2,1,1,1,203.45,1,13,1,3,1,3,20,3,1,2,2
4,5,3,5,0.1,2,3,2,2,1,287.07,1,4,1,1,2,2,14,1,3,3,1
4,5,3,6,0.4,1,3,1,1,1,213.14,1,16,1,3,1,3,8,3,1,1,3
4,5,3,7,0.1,1,1,1,1,1,294.78,1,12,3,3,3,3,15,3,1,3,1
4,5,3,8,1.8,2,2,2,1,0,229.01,1,12,3,1,2,2,18,1,1,2,2
4,5,3,9,0.8,2,3,2,1,0,416.41,0,10,3,3,2,2,13,3,1,1,3
4,5,3,10,0.4,3,3,2,2,1,229.43,1,14,1,1,3,3,12,1,3,3,1
4,5,3,11,0.2,1,1,1,1,1,261.29,1,18,1,3,1,3,5,1,3,1,3
4,5,3,12,0.05,1,3,1,1,1,283.45,1,7,1,3,1,3,4,1,3,3,1
4,5,3,13,0.1,1,1,1,1,1,262.86,1,5,3,3,3,3,18,3,1,3,1
4,5,3,14,0.2,2,1,2,2,1,285.56,1,14,3,1,2,2,19,1,3,1,3
4,5,3,15,0.8,3,3,2,2,1,226.49,1,9,1,1,3,3,11,1,3,3,1
4,5,3,16,0.1,3,3,2,2,1,295.43,1,4,1,3,3,1,6,1,3,3,1
4,5,3,17,0.4,2,3,2,2,1,244.18,1,14,1,1,2,2,12,1,1,3,3
4,5,3,18,0.2,1,3,1,1,1,225.35,1,14,1,3,1,3,2,1,1,3,3
4,5,3,19,0.8,1,1,NaN,NaN,NaN,NaN,NaN,6,3,3,3,3,6,3,1,3,1
4,5,3,20,0.2,3,1,2,2,1,196.21,1,12,1,1,3,3,17,3,1,3,1
4,5,3,21,1.8,3,3,NaN,NaN,NaN,NaN,NaN,9,3,3,1,1,18,3,3,1,1
4,5,3,22,0.05,1,3,1,1,1,520.91,0,9,3,1,3,1,16,3,3,1,1
4,5,3,23,0.4,3,2,2,2,1,232.69,1,11,1,3,3,1,18,3,1,2,2
4,5,3,24,1.8,3,3,2,2,1,248.76,1,6,1,3,3,1,2,3,1,1,3
4,5,3,25,0.4,3,2,2,2,1,230.69,1,15,1,3,3,1,5,3,3,2,2
4,5,3,26,0.8,1,3,1,1,1,199.03,1,8,1,3,1,3,13,3,1,1,3
4,5,3,27,0.2,1,3,1,1,1,247.35,1,10,1,1,1,1,7,3,1,1,3
4,5,3,28,0.8,2,3,2,2,1,240.72,1,9,3,1,2,2,20,3,1,1,3
4,5,3,29,0.2,3,3,2,2,1,242.33,1,8,3,1,1,3,3,1,1,3,3
4,5,3,30,0.05,1,2,1,1,1,312.54,0,5,1,1,1,1,8,1,3,2,2
4,5,3,31,0.05,2,3,2,2,1,430.44,0,12,1,3,2,2,7,3,1,1,3
4,5,3,32,0.2,3,3,2,2,1,249.48,1,16,1,3,3,1,4,3,3,1,1
4,5,3,33,0.1,3,3,2,2,1,285.25,1,5,3,1,1,3,20,3,1,1,3
4,5,3,34,0.1,3,2,2,2,1,305.58,0,13,3,3,1,1,9,3,3,2,2
4,5,3,35,1.8,1,1,1,1,1,248.1,1,4,1,1,1,1,4,3,1,3,1
4,5,3,36,1.8,1,3,1,1,1,225.44,1,19,3,1,3,1,4,1,3,3,1
4,5,3,37,1.8,3,3,NaN,NaN,NaN,NaN,NaN,16,1,3,3,1,3,3,3,1,1
4,5,3,38,0.05,3,1,2,2,1,320.7,0,18,3,1,1,3,1,3,1,3,1
4,5,3,39,0.1,2,1,2,1,0,264.99,1,13,1,1,2,2,15,1,1,1,1
4,5,3,40,0.8,2,1,2,2,1,240.19,1,20,1,1,2,2,14,3,3,3,3
4,5,3,41,0.4,3,2,2,2,1,458.29,0,7,1,1,3,3,17,1,3,2,2
4,5,3,42,0.8,2,2,2,1,0,246.87,1,18,1,1,2,2,10,3,1,2,2
4,5,3,43,0.05,1,1,1,1,1,258.53,1,11,1,3,1,3,9,3,3,3,3
4,5,3,44,0.8,3,1,2,2,1,229.28,1,4,1,1,3,3,3,1,3,1,3
4,5,3,45,0.4,2,2,2,2,1,191.14,1,2,3,3,2,2,16,3,3,2,2
4,5,3,46,1.8,1,3,1,1,1,222.14,1,17,3,1,3,1,2,1,3,3,1
4,5,3,47,0.05,2,1,2,2,1,362.75,0,20,1,1,2,2,4,3,3,3,3
4,5,3,48,0.4,1,1,1,1,1,252.66,1,5,1,1,1,1,2,3,3,3,3
4,5,3,49,0.05,1,3,1,2,0,295.16,1,5,1,3,1,3,17,3,3,1,1
4,5,3,50,0.2,2,1,2,1,0,233.34,1,15,1,1,2,2,13,1,3,1,3
4,5,3,51,0.05,3,2,2,2,1,329.8,0,2,3,3,1,1,4,1,3,2,2
4,5,3,52,0.2,1,1,1,1,1,307.88,0,15,3,3,3,3,18,1,3,1,3
4,5,3,53,0.05,3,3,2,2,1,372.59,0,10,3,3,1,1,5,3,1,1,3
4,5,3,54,0.1,3,1,2,2,1,263.13,1,14,1,3,3,1,16,3,3,3,3
4,5,3,55,1.8,1,1,1,2,0,230.73,1,2,3,1,3,1,14,3,1,3,1
4,5,3,56,0.4,1,2,1,1,1,237,1,12,3,1,3,1,8,3,3,2,2
4,5,3,57,1.8,3,3,2,2,1,213.63,1,17,3,1,1,3,4,1,3,3,1
4,5,3,58,0.8,2,2,2,2,1,232.7,1,2,1,1,2,2,14,3,1,2,2
4,5,3,59,0.8,3,2,2,2,1,254.71,1,3,3,3,1,1,17,3,3,2,2
4,5,3,60,0.1,1,3,1,1,1,436.16,0,14,3,1,3,1,12,3,3,1,1
4,5,3,61,0.1,2,1,2,2,1,299.94,1,5,1,3,2,2,4,3,3,3,3
4,5,3,62,0.1,1,1,1,1,1,295.28,1,15,1,3,1,3,8,1,1,1,1
4,5,3,63,0.05,2,3,2,2,1,539.78,0,16,3,1,2,2,2,3,3,1,1
4,5,3,64,0.8,1,1,1,1,1,228.02,1,6,3,3,3,3,1,3,3,3,3
4,5,3,65,1.8,3,3,2,2,1,226.37,1,13,3,1,1,3,17,3,3,1,1
4,5,3,66,0.1,1,3,1,1,1,246.39,1,20,3,3,3,3,8,1,1,3,3
4,5,3,67,1.8,3,1,2,2,1,246.01,1,20,1,3,3,1,2,1,1,1,1
4,5,3,68,0.4,3,3,2,2,1,230.03,1,1,1,3,3,1,2,3,3,1,1
4,5,3,69,0.2,3,3,2,2,1,256.57,1,4,3,1,1,3,12,1,1,3,3
4,5,3,70,0.4,1,2,1,1,1,220.06,1,7,1,3,1,3,6,1,1,2,2
4,5,3,71,0.1,1,3,1,1,1,248.83,1,13,3,1,3,1,5,3,3,1,1
4,5,3,72,1.8,3,2,2,2,1,249.54,1,13,3,3,1,1,11,1,3,2,2
4,5,3,73,0.05,2,3,2,2,1,402.39,0,8,1,1,2,2,4,1,3,3,1
4,5,3,74,0.05,2,3,2,2,1,451.75,0,8,1,1,2,2,13,1,3,3,1
4,5,3,75,0.4,3,2,2,2,1,233.03,1,13,3,3,1,1,15,1,1,2,2
4,5,3,76,0.2,1,2,1,1,1,229.33,1,13,1,1,1,1,14,1,1,2,2
4,5,3,77,0.4,1,3,1,2,0,247.61,1,3,3,1,3,1,1,1,3,3,1
4,5,3,78,0.2,1,1,1,1,1,229.67,1,11,3,1,3,1,18,3,1,3,1
4,5,4,1,1.8,1,2,1,1,1,236.21,1,14,1,3,1,3,13,1,3,2,2
4,5,4,2,0.1,1,1,1,1,1,250.03,1,1,1,1,1,1,17,1,3,1,3
4,5,4,3,1.8,2,1,2,2,1,249.75,1,8,3,1,2,2,5,3,1,3,1
4,5,4,4,0.4,1,1,1,1,1,250.98,1,6,1,3,1,3,12,3,1,3,1
4,5,4,5,0.2,1,2,1,1,1,234.36,1,14,3,1,3,1,7,3,1,2,2
4,5,4,6,0.2,1,2,1,1,1,236.58,1,16,1,1,1,1,8,1,3,2,2
4,5,4,7,0.2,2,2,2,2,1,268.22,1,10,1,3,2,2,9,1,1,2,2
4,5,4,8,0.8,1,1,1,1,1,227.4,1,11,1,1,1,1,13,3,1,3,1
4,5,4,9,1.8,1,2,1,2,0,233.16,1,16,3,3,3,3,16,1,1,2,2
4,5,4,10,0.05,1,3,1,1,1,377.26,0,5,3,1,3,1,6,3,3,1,1
4,5,4,11,0.05,2,1,2,1,0,343.25,0,4,1,1,2,2,19,1,3,1,3
4,5,4,12,1.8,2,1,2,1,0,213.94,1,2,1,3,2,2,11,1,3,1,3
4,5,4,13,0.2,1,3,1,2,0,231.44,1,15,1,1,1,1,1,3,1,1,3
4,5,4,14,0.8,1,1,1,1,1,214.84,1,8,1,1,1,1,16,3,1,3,1
4,5,4,15,0.05,3,2,2,2,1,390.48,0,20,1,3,3,1,20,3,3,2,2
4,5,4,16,0.1,2,3,2,1,0,245.57,1,12,3,3,2,2,17,3,1,1,3
4,5,4,17,1.8,2,2,2,1,0,240.52,1,15,3,3,2,2,13,3,3,2,2
4,5,4,18,1.8,1,1,1,1,1,235.24,1,2,1,1,1,1,3,1,3,1,3
4,5,4,19,0.8,2,1,2,2,1,221.67,1,7,3,1,2,2,8,3,1,3,1
4,5,4,20,0.8,1,1,1,1,1,232.59,1,15,3,3,3,3,17,1,1,1,1
4,5,4,21,0.4,1,3,1,1,1,217.16,1,11,1,3,1,3,13,1,3,3,1
4,5,4,22,0.8,3,3,2,2,1,211.93,1,14,1,3,3,1,4,1,3,3,1
4,5,4,23,0.2,3,3,2,2,1,208.58,1,6,3,3,1,1,6,1,3,3,1
4,5,4,24,0.8,1,2,1,1,1,227.53,1,13,1,1,1,1,12,3,3,2,2
4,5,4,25,0.05,2,2,2,2,1,546.23,0,9,3,3,2,2,10,3,3,2,2
4,5,4,26,0.4,2,3,2,2,1,219.63,1,19,1,1,2,2,12,1,1,3,3
4,5,4,27,0.8,1,2,1,1,1,249.48,1,15,1,1,1,1,15,3,3,2,2
4,5,4,28,0.05,1,2,1,1,1,548.22,0,7,1,3,1,3,16,3,3,2,2
4,5,4,29,0.8,1,3,1,1,1,189.74,1,15,3,3,3,3,8,1,1,3,3
4,5,4,30,0.1,2,1,2,2,1,266.79,1,11,3,3,2,2,18,1,1,1,1
4,5,4,31,0.05,3,2,2,2,1,350.68,0,17,3,1,1,3,3,3,3,2,2
4,5,4,32,0.4,1,3,1,1,1,239.5,1,15,3,3,3,3,20,3,1,1,3
4,5,4,33,0.4,1,3,1,1,1,210.7,1,16,1,1,1,1,11,1,1,3,3
4,5,4,34,0.2,2,2,2,1,0,281.23,1,12,1,1,2,2,9,1,3,2,2
4,5,4,35,1.8,3,3,2,2,1,246.34,1,13,1,3,3,1,10,3,3,1,1
4,5,4,36,0.2,1,3,1,1,1,202.37,1,19,3,1,3,1,15,3,3,1,1
4,5,4,37,0.1,1,2,1,1,1,248.93,1,1,3,1,3,1,13,1,3,2,2
4,5,4,38,0.1,3,2,2,2,1,387.52,0,15,1,3,3,1,2,1,1,2,2
4,5,4,39,1.8,1,3,1,1,1,253.77,1,10,3,3,3,3,1,1,3,3,1
4,5,4,40,0.1,2,2,2,2,1,294.48,1,14,3,1,2,2,19,1,3,2,2
4,5,4,41,0.4,1,1,1,1,1,221.96,1,8,3,1,3,1,12,3,3,3,3
4,5,4,42,1.8,2,1,2,2,1,206.37,1,20,3,1,2,2,10,1,1,1,1
4,5,4,43,0.8,1,3,1,2,0,214.92,1,8,3,3,3,3,16,3,1,1,3
4,5,4,44,0.2,2,2,2,2,1,338.01,0,16,1,3,2,2,14,1,3,2,2
4,5,4,45,0.05,1,1,1,1,1,314.83,0,3,3,1,3,1,20,3,3,3,3
4,5,4,46,0.8,1,3,1,1,1,227.38,1,13,3,1,3,1,3,1,3,3,1
4,5,4,47,0.1,2,3,2,1,0,300.31,0,3,3,1,2,2,2,3,1,1,3
4,5,4,48,0.4,3,2,2,2,1,238.23,1,16,1,1,3,3,15,1,3,2,2
4,5,4,49,0.2,3,1,2,1,0,254.18,1,20,1,3,3,1,8,1,1,1,1
4,5,4,50,0.4,2,2,2,1,0,225.35,1,12,1,1,2,2,10,3,1,2,2
4,5,4,51,0.05,2,2,2,2,1,462.51,0,18,1,1,2,2,6,1,1,2,2
4,5,4,52,0.4,3,1,2,2,1,216.18,1,7,1,3,3,1,2,3,1,3,1
4,5,4,53,0.4,2,1,2,2,1,224.83,1,6,3,3,2,2,20,3,3,3,3
4,5,4,54,0.05,1,2,1,2,0,308.02,0,6,1,1,1,1,20,3,3,2,2
4,5,4,55,0.1,1,3,1,1,1,230.88,1,16,1,3,1,3,6,1,3,3,1
4,5,4,56,1.8,3,1,2,2,1,227.81,1,8,1,3,3,1,12,3,3,3,3
4,5,4,57,0.8,1,1,1,1,1,255.15,1,8,1,1,1,1,3,1,3,1,3
4,5,4,58,0.05,1,1,1,1,1,350.52,0,10,3,1,3,1,9,1,3,1,3
4,5,4,59,0.4,1,2,1,1,1,214.93,1,18,1,3,1,3,18,3,1,2,2
4,5,4,60,0.05,1,1,1,1,1,334.06,0,9,1,3,1,3,3,1,1,1,1
4,5,4,61,0.2,1,3,1,1,1,185.15,1,5,3,3,3,3,11,3,1,1,3
4,5,4,62,0.1,2,2,2,1,0,268.61,1,12,3,3,2,2,8,1,3,2,2
4,5,4,63,0.2,3,2,2,2,1,219.96,1,7,3,1,1,3,13,1,1,2,2
4,5,4,64,0.8,3,1,2,2,1,197.71,1,10,1,1,3,3,4,3,1,3,1
4,5,4,65,0.8,3,1,2,2,1,217.78,1,13,3,3,1,1,17,1,1,1,1
4,5,4,66,1.8,1,3,1,1,1,215.75,1,10,3,1,3,1,1,3,3,1,1
4,5,4,67,1.8,3,1,2,2,1,235.42,1,10,1,3,3,1,7,1,1,1,1
4,5,4,68,0.1,2,1,2,2,1,372.52,0,18,3,1,2,2,8,3,1,3,1
4,5,4,69,0.1,1,1,1,1,1,430.81,0,11,3,3,3,3,5,3,1,3,1
4,5,4,70,1.8,2,3,2,2,1,234.57,1,6,3,1,2,2,20,1,3,3,1
4,5,4,71,0.4,1,1,1,1,1,245.55,1,9,3,3,3,3,14,3,3,3,3
4,5,4,72,0.2,3,3,2,2,1,515.9,0,15,3,1,1,3,14,1,1,3,3
4,5,4,73,0.1,1,3,1,1,1,285.32,1,11,3,3,3,3,11,1,1,3,3
4,5,4,74,0.05,3,1,2,2,1,369.56,0,20,3,1,1,3,1,3,3,3,3
4,5,4,75,0.05,3,1,2,2,1,370.43,0,5,1,1,3,3,17,1,3,1,3
4,5,4,76,0.2,1,1,1,1,1,309.1,0,16,3,1,3,1,1,1,1,1,1
4,5,4,77,0.4,2,3,2,2,1,251.07,1,14,3,1,2,2,14,1,1,3,3
4,5,4,78,0.1,3,1,2,2,1,265.73,1,14,1,1,3,3,15,3,3,3,3
4,5,5,1,0.4,2,1,2,1,0,231.87,1,1,3,3,2,2,13,1,1,1,1
4,5,5,2,1.8,2,1,2,1,0,233.35,1,10,1,1,2,2,13,3,3,3,3
4,5,5,3,0.05,1,2,1,1,1,281.2,1,10,3,3,3,3,3,1,1,2,2
4,5,5,4,0.8,1,2,1,1,1,219.8,1,2,3,1,3,1,19,1,1,2,2
4,5,5,5,0.8,2,2,2,2,1,295.32,1,10,1,1,2,2,18,3,3,2,2
4,5,5,6,0.05,2,3,2,1,0,315.63,0,1,3,1,2,2,2,3,1,1,3
4,5,5,7,1.8,2,1,2,1,0,230.46,1,19,1,3,2,2,9,3,3,3,3
4,5,5,8,0.4,2,3,2,2,1,253.66,1,2,3,3,2,2,5,3,3,1,1
4,5,5,9,0.4,1,2,1,1,1,202.78,1,2,1,3,1,3,2,3,1,2,2
4,5,5,10,0.1,1,3,1,1,1,233.55,1,9,3,1,3,1,14,3,3,1,1
4,5,5,11,0.4,1,3,1,1,1,225.47,1,1,3,1,3,1,19,3,1,1,3
4,5,5,12,1.8,1,2,1,1,1,181.45,1,6,1,1,1,1,12,1,1,2,2
4,5,5,13,0.8,2,1,2,2,1,232.74,1,5,1,1,2,2,13,3,1,3,1
4,5,5,14,1.8,1,3,1,1,1,371.87,0,15,1,1,1,1,17,1,3,3,1
4,5,5,15,0.05,1,3,1,1,1,335.15,0,15,3,3,3,3,13,1,3,3,1
4,5,5,16,0.2,1,2,1,1,1,231.91,1,8,1,3,1,3,1,1,3,2,2
4,5,5,17,0.8,1,3,1,1,1,233.65,1,12,3,3,3,3,3,1,3,3,1
4,5,5,18,0.2,1,2,1,1,1,245.84,1,18,1,1,1,1,15,1,3,2,2
4,5,5,19,0.1,1,3,1,1,1,258.35,1,10,3,3,3,3,12,1,1,3,3
4,5,5,20,0.05,3,3,2,2,1,388.45,0,19,3,3,1,1,19,1,3,3,1
4,5,5,21,0.8,1,2,1,1,1,214.93,1,13,1,3,1,3,19,3,3,2,2
4,5,5,22,1.8,1,3,1,1,1,186.16,1,3,3,3,3,3,6,1,3,3,1
4,5,5,23,0.4,2,3,2,2,1,219.4,1,4,3,1,2,2,17,1,3,3,1
4,5,5,24,0.1,2,1,2,2,1,718.28,0,20,3,3,2,2,11,3,3,3,3
4,5,5,25,0.2,1,1,1,2,0,323.45,0,2,3,1,3,1,5,3,1,3,1
4,5,5,26,0.4,3,2,2,2,1,267.43,1,18,3,3,1,1,11,3,3,2,2
4,5,5,27,0.1,3,3,2,2,1,346.05,0,12,3,1,1,3,15,3,3,1,1
4,5,5,28,0.1,3,3,2,2,1,356.5,0,17,1,1,3,3,20,1,1,3,3
4,5,5,29,0.1,3,1,2,2,1,210.83,1,13,3,3,1,1,12,3,3,3,3
4,5,5,30,0.1,2,2,2,2,1,262.99,1,1,3,1,2,2,19,1,3,2,2
4,5,5,31,0.4,3,2,2,2,1,480.63,0,19,1,1,3,3,6,3,3,2,2
4,5,5,32,0.4,2,2,2,2,1,219.98,1,9,1,1,2,2,3,3,3,2,2
4,5,5,33,0.05,1,2,1,1,1,290.89,1,8,1,1,1,1,6,1,3,2,2
4,5,5,34,0.4,3,2,2,2,1,248.67,1,7,3,1,1,3,8,3,1,2,2
4,5,5,35,0.05,2,2,2,2,1,506.36,0,16,1,3,2,2,10,1,3,2,2
4,5,5,36,0.1,1,1,1,1,1,269.87,1,10,1,3,1,3,15,1,3,1,3
4,5,5,37,0.2,1,2,1,1,1,241.61,1,18,1,3,1,3,9,1,1,2,2
4,5,5,38,1.8,1,2,1,1,1,195.55,1,18,1,1,1,1,12,1,1,2,2
4,5,5,39,0.4,2,1,2,2,1,438.63,0,12,1,3,2,2,17,1,1,1,1
4,5,5,40,0.2,3,2,2,2,1,209.4,1,8,1,3,3,1,13,1,1,2,2
4,5,5,41,1.8,1,1,1,1,1,222.57,1,12,3,3,3,3,2,3,3,3,3
4,5,5,42,1.8,3,3,2,2,1,211.78,1,3,3,3,1,1,11,1,3,3,1
4,5,5,43,0.2,1,2,1,1,1,260.99,1,3,1,1,1,1,5,1,1,2,2
4,5,5,44,0.05,1,1,1,1,1,314.8,0,8,1,3,1,3,4,1,1,1,1
4,5,5,45,0.05,1,1,1,1,1,303.3,0,5,3,1,3,1,1,1,1,1,1
4,5,5,46,0.2,2,3,2,2,1,378.51,0,2,1,3,2,2,6,1,3,3,1
4,5,5,47,0.1,2,2,2,1,0,287.87,1,2,3,1,2,2,6,1,1,2,2
4,5,5,48,0.4,2,1,2,2,1,227.38,1,4,1,1,2,2,7,3,1,3,1
4,5,5,49,0.2,2,3,2,1,0,257.97,1,1,1,3,2,2,3,3,1,1,3
4,5,5,50,0.05,2,3,2,2,1,483.17,0,14,3,3,2,2,5,3,3,1,1
4,5,5,51,0.4,1,1,1,1,1,231.55,1,3,1,3,1,3,16,3,1,3,1
4,5,5,52,0.2,3,3,2,2,1,231.69,1,5,1,3,3,1,10,1,3,3,1
4,5,5,53,0.2,2,1,2,2,1,281.22,1,17,3,3,2,2,10,3,1,3,1
4,5,5,54,0.1,2,1,2,2,1,584.06,0,1,3,1,2,2,2,3,3,3,3
4,5,5,55,0.8,1,1,1,1,1,229.53,1,2,1,3,1,3,4,3,3,3,3
4,5,5,56,0.05,3,1,2,2,1,565.19,0,2,3,1,1,3,1,3,1,3,1
4,5,5,57,0.8,1,2,1,2,0,297.44,1,5,3,1,3,1,17,1,3,2,2
4,5,5,58,0.8,2,3,2,1,0,233.07,1,11,1,3,2,2,13,1,3,3,1
4,5,5,59,0.8,2,3,2,2,1,243.04,1,15,1,3,2,2,13,3,1,1,3
4,5,5,60,1.8,3,1,2,2,1,201.44,1,12,3,3,1,1,18,3,1,3,1
4,5,5,61,0.2,1,2,1,1,1,188.8,1,11,1,1,1,1,20,3,3,2,2
4,5,5,62,0.8,3,1,2,2,1,258.19,1,9,3,3,1,1,17,3,3,3,3
4,5,5,63,0.1,1,3,1,1,1,300.57,0,1,1,3,1,3,16,3,1,1,3
4,5,5,64,0.2,2,2,2,2,1,285.96,1,17,1,1,2,2,11,3,1,2,2
4,5,5,65,0.1,1,1,1,1,1,278.28,1,5,3,3,3,3,13,1,3,1,3
4,5,5,66,1.8,1,1,1,1,1,239.23,1,4,3,1,3,1,3,3,1,3,1
4,5,5,67,0.2,2,3,2,2,1,315.42,0,14,3,3,2,2,18,1,3,3,1
4,5,5,68,0.05,3,2,2,2,1,387.76,0,17,3,3,1,1,15,3,1,2,2
4,5,5,69,1.8,1,2,NaN,NaN,NaN,NaN,NaN,6,3,1,3,1,18,3,1,2,2
4,5,5,70,0.8,1,2,1,1,1,227.93,1,3,1,1,1,1,2,3,3,2,2
4,5,5,71,0.8,2,3,2,2,1,400.23,0,2,3,3,2,2,6,1,3,3,1
4,5,5,72,0.8,1,3,1,1,1,216.25,1,18,3,1,3,1,2,3,1,1,3
4,5,5,73,1.8,1,3,1,1,1,218.15,1,6,3,3,3,3,18,1,3,3,1
4,5,5,74,0.1,1,3,1,1,1,250.09,1,7,3,1,3,1,15,3,1,1,3
4,5,5,75,0.05,2,3,2,2,1,516.27,0,2,3,3,2,2,11,3,1,1,3
4,5,5,76,0.4,1,1,1,1,1,216.66,1,17,1,1,1,1,11,3,3,3,3
4,5,5,77,1.8,1,1,1,1,1,196.47,1,6,3,3,3,3,11,1,1,1,1
4,5,5,78,0.05,3,2,2,2,1,335.27,0,17,1,1,3,3,8,3,3,2,2
4,5,6,1,0.8,3,3,2,2,1,250.22,1,1,3,3,1,1,11,1,3,3,1
4,5,6,2,0.1,2,1,2,1,0,224.49,1,7,3,1,2,2,6,1,3,1,3
4,5,6,3,0.4,1,2,1,1,1,212.69,1,13,3,3,3,3,16,3,1,2,2
4,5,6,4,0.05,1,1,1,1,1,259.37,1,12,1,1,1,1,3,3,1,3,1
4,5,6,5,0.1,3,3,2,2,1,237.58,1,19,3,3,1,1,19,1,1,3,3
4,5,6,6,0.4,2,3,2,2,1,221.39,1,6,3,3,2,2,4,3,3,1,1
4,5,6,7,0.8,1,1,1,1,1,238.3,1,6,1,3,1,3,16,3,1,3,1
4,5,6,8,1.8,3,2,NaN,NaN,NaN,NaN,NaN,14,1,3,3,1,20,3,3,2,2
4,5,6,9,0.05,3,2,2,2,1,363.1,0,16,1,3,3,1,1,3,3,2,2
4,5,6,10,0.05,2,1,2,2,1,278.53,1,5,1,1,2,2,19,1,3,1,3
4,5,6,11,0.1,3,3,2,2,1,304.44,0,4,3,1,1,3,13,3,3,1,1
4,5,6,12,0.05,1,1,1,1,1,268.93,1,2,1,3,1,3,9,1,1,1,1
4,5,6,13,0.8,1,1,1,1,1,243.85,1,20,3,3,3,3,3,3,1,3,1
4,5,6,14,1.8,1,3,1,1,1,194.88,1,11,1,3,1,3,14,1,1,3,3
4,5,6,15,0.1,3,3,2,2,1,251.06,1,4,1,1,3,3,15,1,3,3,1
4,5,6,16,0.4,3,1,2,2,1,283.97,1,20,1,1,3,3,19,1,1,1,1
4,5,6,17,0.1,2,2,2,1,0,318.3,0,4,1,3,2,2,7,1,1,2,2
4,5,6,18,1.8,1,2,1,1,1,232.72,1,2,3,3,3,3,17,3,1,2,2
4,5,6,19,1.8,1,1,1,1,1,241.06,1,4,3,3,3,3,10,1,3,1,3
4,5,6,20,0.8,2,2,2,2,1,244.36,1,10,1,1,2,2,19,3,3,2,2
4,5,6,21,0.1,2,1,2,1,0,291.8,1,4,1,3,2,2,11,1,1,1,1
4,5,6,22,0.05,1,1,1,1,1,263.25,1,1,1,1,1,1,20,1,3,1,3
4,5,6,23,0.2,1,1,1,1,1,228.33,1,12,3,1,3,1,10,3,1,3,1
4,5,6,24,0.2,2,2,2,1,0,210.51,1,1,3,3,2,2,11,3,1,2,2
4,5,6,25,0.2,3,3,2,2,1,445.43,0,15,3,3,1,1,12,3,3,1,1
4,5,6,26,1.8,1,2,1,1,1,233.85,1,14,3,1,3,1,10,3,1,2,2
4,5,6,27,0.2,1,3,1,1,1,216.63,1,3,3,3,3,3,20,1,3,3,1
4,5,6,28,0.8,2,2,2,1,0,222.63,1,4,1,3,2,2,1,3,1,2,2
4,5,6,29,0.4,1,1,1,1,1,240.6,1,14,3,3,3,3,11,3,1,3,1
4,5,6,30,1.8,2,3,2,2,1,247.42,1,6,3,1,2,2,2,3,1,1,3
4,5,6,31,0.1,1,3,1,1,1,277.99,1,3,3,1,3,1,8,1,3,3,1
4,5,6,32,0.4,1,3,1,1,1,237.77,1,13,3,3,3,3,5,1,1,3,3
4,5,6,33,0.05,3,1,2,2,1,437.42,0,11,1,3,3,1,20,3,3,3,3
4,5,6,34,0.8,2,1,2,1,0,241.28,1,2,1,3,2,2,9,1,1,1,1
4,5,6,35,0.05,3,1,2,2,1,332.59,0,19,3,1,1,3,19,1,3,1,3
4,5,6,36,0.2,3,3,2,2,1,257.06,1,1,1,1,3,3,15,3,1,1,3
4,5,6,37,0.2,2,3,2,2,1,230.8,1,3,1,1,2,2,1,3,3,1,1
4,5,6,38,0.4,1,1,1,1,1,231.54,1,17,3,1,3,1,9,3,3,3,3
4,5,6,39,1.8,3,1,2,2,1,365.84,0,1,3,1,1,3,16,3,1,3,1
4,5,6,40,1.8,1,2,1,1,1,188.32,1,11,3,3,3,3,13,3,3,2,2
4,5,6,41,0.8,1,2,1,1,1,230.85,1,3,1,1,1,1,19,1,1,2,2
4,5,6,42,0.2,3,2,2,2,1,235.63,1,4,3,3,1,1,12,3,3,2,2
4,5,6,43,1.8,3,3,2,2,1,219.59,1,5,3,3,1,1,8,3,3,1,1
4,5,6,44,0.2,1,1,1,1,1,276.65,1,4,3,1,3,1,1,3,3,3,3
4,5,6,45,0.8,1,1,1,1,1,237.19,1,14,1,1,1,1,3,1,1,1,1
4,5,6,46,0.4,1,3,1,1,1,239.22,1,13,1,3,1,3,17,1,3,3,1
4,5,6,47,0.05,1,2,1,1,1,557.88,0,14,3,1,3,1,17,1,1,2,2
4,5,6,48,1.8,1,3,1,1,1,277.77,1,4,3,1,3,1,15,3,3,1,1
4,5,6,49,0.8,1,1,1,1,1,193.94,1,13,1,3,1,3,3,3,1,3,1
4,5,6,50,1.8,3,1,2,2,1,249.65,1,8,3,3,1,1,1,3,1,3,1
4,5,6,51,0.8,1,1,1,1,1,251.7,1,1,1,3,1,3,16,1,3,1,3
4,5,6,52,0.8,3,2,2,2,1,272.75,1,15,3,3,1,1,5,1,3,2,2
4,5,6,53,0.05,1,2,1,1,1,201.64,1,6,1,1,1,1,1,1,3,2,2
4,5,6,54,0.2,3,1,2,2,1,247.2,1,18,1,1,3,3,18,3,1,3,1
4,5,6,55,0.1,1,2,1,1,1,269,1,20,3,1,3,1,15,1,3,2,2
4,5,6,56,0.2,1,1,1,1,1,233.86,1,14,1,1,1,1,14,3,3,3,3
4,5,6,57,0.4,3,1,2,2,1,213.18,1,19,3,1,1,3,9,3,3,3,3
4,5,6,58,0.8,1,2,1,1,1,225.56,1,16,3,1,3,1,18,3,1,2,2
4,5,6,59,0.05,1,1,1,1,1,286.4,1,8,1,1,1,1,15,1,3,1,3
4,5,6,60,0.4,3,3,2,2,1,228.01,1,9,3,1,1,3,16,3,1,1,3
4,5,6,61,1.8,3,2,NaN,NaN,NaN,NaN,NaN,12,1,1,3,3,13,3,1,2,2
4,5,6,62,0.4,1,1,1,1,1,245.4,1,16,1,1,1,1,3,1,3,1,3
4,5,6,63,0.05,1,2,1,1,1,356.61,0,9,1,3,1,3,9,1,3,2,2
4,5,6,64,0.1,1,3,1,1,1,256.12,1,16,1,1,1,1,9,1,3,3,1
4,5,6,65,0.2,1,3,1,1,1,143.12,1,6,3,3,3,3,20,1,1,3,3
4,5,6,66,0.05,1,3,1,2,0,330.45,0,13,3,1,3,1,1,3,1,1,3
4,5,6,67,0.2,1,1,1,1,1,197.73,1,5,1,3,1,3,6,3,1,3,1
4,5,6,68,0.1,1,3,1,1,1,268.56,1,20,1,1,1,1,9,3,3,1,1
4,5,6,69,0.1,3,2,2,2,1,228.87,1,2,1,1,3,3,20,3,1,2,2
4,5,6,70,1.8,3,3,2,2,1,215.56,1,12,1,1,3,3,2,1,1,3,3
4,5,6,71,0.4,2,2,2,1,0,278.71,1,15,3,1,2,2,9,1,1,2,2
4,5,6,72,0.4,3,2,2,2,1,318.41,0,12,3,1,1,3,14,3,1,2,2
4,5,6,73,0.8,1,3,1,1,1,269.05,1,2,1,3,1,3,13,1,1,3,3
4,5,6,74,0.4,1,1,1,1,1,233.8,1,20,3,3,3,3,8,1,3,1,3
4,5,6,75,0.2,2,1,2,1,0,305.6,0,15,3,3,2,2,8,1,1,1,1
4,5,6,76,0.05,3,3,2,2,1,648.57,0,12,1,3,3,1,9,1,3,3,1
4,5,6,77,0.1,1,2,1,1,1,275.36,1,18,3,3,3,3,11,3,3,2,2
4,5,6,78,0.1,3,3,2,2,1,333.44,0,9,1,1,3,3,11,1,3,3,1
4,5,7,1,0.2,1,2,1,1,1,260.15,1,17,3,3,3,3,3,3,3,2,2
4,5,7,2,0.8,1,3,1,1,1,235.33,1,13,3,3,3,3,13,1,1,3,3
4,5,7,3,0.1,3,1,2,2,1,314.27,0,14,1,3,3,1,4,3,3,3,3
4,5,7,4,1.8,1,1,1,1,1,196.1,1,18,1,1,1,1,17,3,3,3,3
4,5,7,5,1.8,3,3,2,2,1,391.94,0,5,3,1,1,3,19,3,1,1,3
4,5,7,6,0.4,1,1,1,1,1,215.82,1,1,3,1,3,1,19,3,1,3,1
4,5,7,7,0.8,1,3,1,2,0,219.6,1,14,1,1,1,1,17,1,1,3,3
4,5,7,8,0.4,3,1,2,2,1,222.35,1,18,1,1,3,3,7,1,3,1,3
4,5,7,9,0.8,3,1,NaN,NaN,NaN,NaN,NaN,19,1,3,3,1,6,3,1,3,1
4,5,7,10,0.4,1,3,1,2,0,238.62,1,8,3,3,3,3,10,1,3,3,1
4,5,7,11,0.1,3,1,2,2,1,333.61,0,10,3,1,1,3,12,1,1,1,1
4,5,7,12,0.1,1,2,1,1,1,335.11,0,5,3,1,3,1,1,3,1,2,2
4,5,7,13,0.1,2,1,2,2,1,432.7,0,15,1,3,2,2,13,3,3,3,3
4,5,7,14,0.05,3,1,2,2,1,376.02,0,5,1,3,3,1,18,3,1,3,1
4,5,7,15,1.8,1,1,1,1,1,231.09,1,6,1,3,1,3,11,1,3,1,3
4,5,7,16,1.8,1,3,1,1,1,283.32,1,16,3,3,3,3,18,1,3,3,1
4,5,7,17,0.05,3,3,2,2,1,303.14,0,1,3,3,1,1,13,3,1,1,3
4,5,7,18,1.8,1,3,1,1,1,210.8,1,7,1,1,1,1,16,1,3,3,1
4,5,7,19,0.05,1,1,1,1,1,283.17,1,14,3,3,3,3,4,1,3,1,3
4,5,7,20,0.2,1,3,1,1,1,320.93,0,5,1,1,1,1,2,1,3,3,1
4,5,7,21,0.1,1,1,1,1,1,225.48,1,15,1,1,1,1,15,1,3,1,3
4,5,7,22,0.2,2,3,2,1,0,286.3,1,13,3,1,2,2,6,1,1,3,3
4,5,7,23,0.2,1,1,1,1,1,200.49,1,6,3,3,3,3,9,3,1,3,1
4,5,7,24,0.05,2,1,2,1,0,441.9,0,9,3,3,2,2,3,3,3,3,3
4,5,7,25,0.2,1,1,1,1,1,252.31,1,14,3,1,3,1,1,3,3,3,3
4,5,7,26,0.2,3,3,2,2,1,252.24,1,8,1,1,3,3,18,1,3,3,1
4,5,7,27,0.8,1,3,1,2,0,227.45,1,5,3,1,3,1,5,1,3,3,1
4,5,7,28,0.05,3,1,2,1,0,318.16,0,12,1,3,3,1,20,1,3,1,3
4,5,7,29,0.1,2,1,2,2,1,312.56,0,6,3,3,2,2,5,1,3,1,3
4,5,7,30,0.2,1,1,1,1,1,231.45,1,9,1,1,1,1,6,1,1,1,1
4,5,7,31,0.05,1,2,1,1,1,580.73,0,6,1,3,1,3,20,3,3,2,2
4,5,7,32,1.8,3,2,2,2,1,248.59,1,20,1,1,3,3,6,1,1,2,2
4,5,7,33,0.8,2,1,2,2,1,228.78,1,2,1,1,2,2,16,3,1,3,1
4,5,7,34,0.8,1,2,1,1,1,25.466,2,19,3,1,3,1,7,1,3,2,2
4,5,7,35,0.2,1,2,1,1,1,308.7,0,20,1,3,1,3,11,1,3,2,2
4,5,7,36,0.8,1,3,1,1,1,215.02,1,11,1,1,1,1,15,1,1,3,3
4,5,7,37,0.05,2,3,2,1,0,311.43,0,19,1,3,2,2,8,1,3,3,1
4,5,7,38,1.8,2,3,2,2,1,240.54,1,20,1,1,2,2,16,3,3,1,1
4,5,7,39,0.1,1,3,1,1,1,256.97,1,10,3,1,3,1,7,1,1,3,3
4,5,7,40,1.8,2,1,2,2,1,204.67,1,6,3,1,2,2,15,1,3,1,3
4,5,7,41,0.05,3,2,2,2,1,373.18,0,16,3,3,1,1,5,3,3,2,2
4,5,7,42,0.4,3,3,2,2,1,249.22,1,19,3,3,1,1,17,3,3,1,1
4,5,7,43,0.8,1,3,1,1,1,260.91,1,6,3,1,3,1,20,1,1,3,3
4,5,7,44,0.05,1,1,1,1,1,777.88,0,9,3,1,3,1,1,1,1,1,1
4,5,7,45,0.1,1,3,1,1,1,285.62,1,2,1,1,1,1,3,3,3,1,1
4,5,7,46,0.8,3,1,NaN,NaN,NaN,NaN,NaN,4,1,1,3,3,1,1,1,1,1
4,5,7,47,0.4,2,2,2,2,1,274.79,1,4,1,1,2,2,8,1,3,2,2
4,5,7,48,0.05,1,1,1,1,1,345.25,0,5,3,3,3,3,4,3,3,3,3
4,5,7,49,0.4,2,2,2,2,1,223.47,1,9,3,1,2,2,14,1,3,2,2
4,5,7,50,0.2,3,3,2,2,1,272.49,1,18,3,1,1,3,12,3,1,1,3
4,5,7,51,0.1,1,1,1,1,1,280.48,1,20,3,1,3,1,2,1,1,1,1
4,5,7,52,1.8,3,3,2,2,1,232.35,1,16,3,1,1,3,7,1,3,3,1
4,5,7,53,0.4,2,2,2,1,0,259.11,1,13,3,1,2,2,3,1,1,2,2
4,5,7,54,1.8,1,1,1,1,1,202.18,1,10,1,1,1,1,7,1,3,1,3
4,5,7,55,1.8,1,3,1,1,1,380.58,0,14,3,1,3,1,2,1,3,3,1
4,5,7,56,0.8,1,1,1,1,1,211.76,1,4,1,1,1,1,12,1,1,1,1
4,5,7,57,0.2,1,3,1,1,1,238.46,1,12,3,3,3,3,4,3,3,1,1
4,5,7,58,0.05,2,1,2,2,1,388.96,0,20,1,1,2,2,8,3,1,3,1
4,5,7,59,0.05,3,2,2,2,1,305.23,0,17,3,1,1,3,2,1,1,2,2
4,5,7,60,0.4,2,1,2,2,1,260.14,1,11,3,1,2,2,6,3,1,3,1
4,5,7,61,0.2,1,3,1,1,1,195.86,1,11,3,3,3,3,4,3,1,1,3
4,5,7,62,0.4,3,2,2,2,1,542.09,0,15,1,1,3,3,14,1,1,2,2
4,5,7,63,0.8,1,2,1,1,1,216.75,1,9,1,1,1,1,1,3,1,2,2
4,5,7,64,0.4,2,2,2,1,0,217.33,1,13,3,1,2,2,17,3,1,2,2
4,5,7,65,0.8,1,2,1,1,1,221.59,1,5,1,3,1,3,6,3,3,2,2
4,5,7,66,0.1,2,1,2,2,1,344.47,0,19,3,3,2,2,12,3,3,3,3
4,5,7,67,1.8,1,1,1,1,1,217.26,1,19,1,3,1,3,13,3,1,3,1
4,5,7,68,1.8,2,2,2,1,0,209.51,1,15,3,1,2,2,13,1,1,2,2
4,5,7,69,0.2,1,2,1,1,1,226.7,1,8,3,3,3,3,7,1,1,2,2
4,5,7,70,0.2,1,1,1,1,1,211.65,1,13,3,1,3,1,1,3,3,3,3
4,5,7,71,0.05,2,3,2,1,0,274.6,1,8,3,1,2,2,18,1,1,3,3
4,5,7,72,0.1,1,3,1,1,1,294.79,1,13,1,1,1,1,16,3,1,1,3
4,5,7,73,0.4,3,1,2,2,1,223.38,1,1,1,1,3,3,20,1,1,1,1
4,5,7,74,0.4,2,2,2,2,1,204.61,1,8,3,1,2,2,18,1,1,2,2
4,5,7,75,0.1,2,2,2,1,0,319.19,0,3,1,1,2,2,6,3,1,2,2
4,5,7,76,0.8,1,2,1,1,1,252.75,1,3,3,3,3,3,3,1,1,2,2
4,5,7,77,0.1,3,1,2,2,1,301.25,0,5,1,3,3,1,10,1,1,1,1
4,5,7,78,0.4,3,1,2,2,1,-0.97942,2,11,1,1,3,3,13,1,3,1,3
4,5,8,1,0.4,3,1,2,2,1,227.2,1,10,3,3,1,1,13,3,3,3,3
4,5,8,2,0.2,2,2,2,1,0,254.5,1,20,1,3,2,2,18,1,1,2,2
4,5,8,3,0.2,2,2,2,2,1,267.09,1,18,1,3,2,2,9,3,3,2,2
4,5,8,4,0.2,1,2,1,1,1,275.53,1,5,1,1,1,1,14,1,1,2,2
4,5,8,5,0.05,1,3,1,1,1,282.45,1,17,3,1,3,1,11,1,1,3,3
4,5,8,6,0.4,2,2,2,2,1,219.21,1,11,1,1,2,2,6,3,1,2,2
4,5,8,7,0.1,3,2,2,2,1,269.87,1,19,1,1,3,3,18,3,3,2,2
4,5,8,8,0.1,1,1,1,1,1,285.24,1,19,1,1,1,1,13,3,3,3,3
4,5,8,9,0.05,1,1,1,1,1,321.36,0,2,1,1,1,1,1,3,3,3,3
4,5,8,10,0.2,3,1,2,2,1,204.68,1,3,1,3,3,1,20,3,1,3,1
4,5,8,11,1.8,2,1,NaN,NaN,NaN,NaN,NaN,9,3,1,2,2,10,1,1,1,1
4,5,8,12,0.8,1,1,1,1,1,256.02,1,14,3,1,3,1,3,3,1,3,1
4,5,8,13,0.8,1,3,1,1,1,233.25,1,16,3,3,3,3,12,3,3,1,1
4,5,8,14,0.4,1,1,1,1,1,321.22,0,19,1,3,1,3,15,3,3,3,3
4,5,8,15,0.05,2,3,2,1,0,267.36,1,10,3,3,2,2,17,1,3,3,1
4,5,8,16,0.8,3,2,2,2,1,234.79,1,5,1,1,3,3,3,1,1,2,2
4,5,8,17,0.1,1,2,1,1,1,297.78,1,18,1,3,1,3,14,3,1,2,2
4,5,8,18,1.8,1,1,1,1,1,276.66,1,13,1,1,1,1,10,1,1,1,1
4,5,8,19,0.4,2,2,2,2,1,262.81,1,17,1,3,2,2,3,3,3,2,2
4,5,8,20,1.8,3,3,2,2,1,228.92,1,19,3,1,1,3,8,1,3,3,1
4,5,8,21,0.05,1,1,1,1,1,369,0,15,3,1,3,1,17,1,3,1,3
4,5,8,22,1.8,1,2,1,1,1,209.97,1,19,3,3,3,3,19,1,1,2,2
4,5,8,23,0.05,2,3,2,2,1,420.42,0,4,3,1,2,2,6,3,1,1,3
4,5,8,24,0.8,3,3,2,2,1,223.31,1,6,3,1,1,3,5,3,1,1,3
4,5,8,25,0.4,3,2,2,2,1,282.6,1,15,3,3,1,1,20,1,3,2,2
4,5,8,26,0.1,1,1,1,1,1,290.87,1,16,1,3,1,3,3,1,1,1,1
4,5,8,27,0.05,2,2,2,2,1,238.61,1,14,3,1,2,2,2,3,1,2,2
4,5,8,28,0.8,2,3,2,2,1,245.95,1,12,1,1,2,2,11,1,3,3,1
4,5,8,29,1.8,1,3,1,1,1,207.32,1,16,1,1,1,1,1,3,3,1,1
4,5,8,30,0.8,1,3,1,1,1,261.01,1,15,3,3,3,3,5,3,3,1,1
4,5,8,31,0.8,1,2,1,1,1,227,1,3,1,1,1,1,6,3,1,2,2
4,5,8,32,0.8,1,3,1,1,1,257.19,1,3,1,3,1,3,18,3,3,1,1
4,5,8,33,0.4,1,2,1,1,1,239.39,1,4,1,1,1,1,19,3,3,2,2
4,5,8,34,1.8,3,2,NaN,NaN,NaN,NaN,NaN,3,3,1,1,3,17,3,1,2,2
4,5,8,35,1.8,1,3,1,1,1,205.45,1,15,3,1,3,1,18,3,3,1,1
4,5,8,36,1.8,1,2,1,1,1,231.24,1,4,3,1,3,1,2,1,1,2,2
4,5,8,37,0.8,3,3,2,2,1,234.03,1,1,3,3,1,1,5,1,1,3,3
4,5,8,38,0.05,2,1,2,1,0,319.69,0,1,3,1,2,2,16,3,1,3,1
4,5,8,39,0.8,3,3,2,2,1,352.5,0,8,3,3,1,1,10,1,3,3,1
4,5,8,40,0.2,1,1,1,1,1,232.64,1,13,1,3,1,3,2,3,3,3,3
4,5,8,41,0.05,1,1,1,1,1,287.97,1,10,1,3,1,3,1,3,1,3,1
4,5,8,42,0.05,1,2,1,1,1,306.72,0,10,3,3,3,3,11,1,1,2,2
4,5,8,43,0.2,3,1,2,2,1,244.38,1,1,3,1,1,3,10,1,1,1,1
4,5,8,44,0.4,1,1,1,1,1,292.19,1,10,3,3,3,3,14,3,3,3,3
4,5,8,45,0.2,3,3,2,2,1,255.77,1,6,1,3,3,1,14,1,3,3,1
4,5,8,46,1.8,3,1,2,2,1,228.55,1,14,3,1,1,3,10,1,3,1,3
4,5,8,47,0.2,1,1,1,1,1,377.08,0,7,1,1,1,1,10,3,1,3,1
4,5,8,48,0.1,1,2,1,1,1,218.21,1,19,3,1,3,1,5,3,1,2,2
4,5,8,49,0.8,2,1,2,2,1,29.57,2,4,1,3,2,2,6,1,1,1,1
4,5,8,50,0.05,2,1,2,2,1,739.69,0,16,3,1,2,2,2,3,3,3,3
4,5,8,51,1.8,1,1,1,1,1,210.75,1,9,1,3,1,3,7,1,1,1,1
4,5,8,52,0.2,3,1,2,2,1,236.78,1,10,1,3,3,1,20,1,3,1,3
4,5,8,53,0.1,1,2,1,1,1,318.76,0,17,3,1,3,1,13,3,3,2,2
4,5,8,54,0.2,1,1,1,1,1,221.21,1,13,1,1,1,1,12,3,3,3,3
4,5,8,55,0.2,1,1,1,1,1,220.93,1,19,3,3,3,3,10,3,1,3,1
4,5,8,56,0.1,1,2,1,1,1,270.34,1,9,1,3,1,3,14,1,3,2,2
4,5,8,57,0.1,1,1,1,1,1,247.65,1,5,3,1,3,1,15,3,1,3,1
4,5,8,58,0.4,2,2,2,2,1,360.29,0,3,3,3,2,2,7,1,3,2,2
4,5,8,59,0.4,3,1,2,2,1,271.93,1,14,3,1,1,3,3,3,1,3,1
4,5,8,60,0.2,2,1,2,1,0,349.86,0,10,3,1,2,2,17,1,3,1,3
4,5,8,61,0.4,1,2,1,1,1,199.57,1,18,1,3,1,3,5,1,3,2,2
4,5,8,62,0.8,1,3,1,2,0,245.39,1,9,1,1,1,1,20,3,3,1,1
4,5,8,63,0.4,1,3,1,1,1,239.53,1,12,3,1,3,1,8,3,3,1,1
4,5,8,64,0.1,2,2,2,2,1,516.89,0,5,3,1,2,2,9,3,3,2,2
4,5,8,65,1.8,2,3,2,2,1,223.84,1,10,1,3,2,2,5,3,1,1,3
4,5,8,66,0.4,1,1,1,1,1,231.12,1,5,1,1,1,1,17,1,3,1,3
4,5,8,67,0.4,2,1,2,1,0,225.04,1,7,3,3,2,2,19,3,3,3,3
4,5,8,68,0.8,1,3,1,1,1,236.2,1,1,3,1,3,1,9,1,3,3,1
4,5,8,69,1.8,3,1,2,2,1,234.53,1,11,3,3,1,1,18,3,3,3,3
4,5,8,70,1.8,1,2,1,1,1,263.02,1,2,1,3,1,3,8,1,1,2,2
4,5,8,71,0.05,3,3,2,2,1,457.66,0,20,3,1,1,3,5,1,1,3,3
4,5,8,72,0.1,2,3,2,2,1,540.24,0,9,1,3,2,2,9,3,3,1,1
4,5,8,73,0.1,1,2,1,1,1,256.64,1,7,3,3,3,3,1,1,1,2,2
4,5,8,74,0.1,1,2,1,1,1,297.72,1,9,1,3,1,3,13,1,1,2,2
4,5,8,75,0.1,1,1,1,1,1,272.02,1,18,3,3,3,3,15,3,3,3,3
4,5,8,76,0.05,2,2,2,2,1,401.09,0,20,3,3,2,2,17,3,1,2,2
4,5,8,77,0.2,1,2,1,1,1,293.57,1,17,1,1,1,1,8,1,3,2,2
4,5,8,78,0.05,2,1,2,2,1,470.45,0,18,1,3,2,2,16,3,3,3,3
4,5,9,1,0.8,1,2,1,1,1,234.69,1,10,1,1,1,1,5,3,1,2,2
4,5,9,2,0.05,1,1,1,1,1,258.11,1,12,1,3,1,3,20,1,1,1,1
4,5,9,3,0.05,1,1,1,1,1,242.32,1,16,3,3,3,3,12,3,1,3,1
4,5,9,4,0.8,3,3,2,2,1,235.39,1,13,1,3,3,1,5,3,1,1,3
4,5,9,5,0.4,1,2,1,1,1,227.28,1,5,3,1,3,1,6,3,1,2,2
4,5,9,6,0.05,2,3,2,1,0,304.55,0,2,1,3,2,2,3,1,1,3,3
4,5,9,7,0.4,2,2,2,2,1,229.79,1,5,3,3,2,2,3,1,1,2,2
4,5,9,8,0.2,1,3,1,1,1,222.05,1,6,1,3,1,3,1,1,3,3,1
4,5,9,9,0.1,2,3,2,1,0,269.12,1,13,3,3,2,2,18,1,3,3,1
4,5,9,10,0.4,1,1,1,1,1,236.08,1,5,3,1,3,1,7,3,3,3,3
4,5,9,11,1.8,1,1,1,1,1,181.91,1,5,3,3,3,3,4,1,1,1,1
4,5,9,12,0.05,1,2,1,1,1,302.22,0,6,1,1,1,1,19,3,3,2,2
4,5,9,13,0.8,1,1,1,1,1,225.58,1,5,1,1,1,1,7,3,3,3,3
4,5,9,14,0.1,2,3,2,2,1,291.31,1,7,1,3,2,2,12,1,1,3,3
4,5,9,15,0.2,1,1,1,1,1,263.29,1,9,3,3,3,3,19,1,3,1,3
4,5,9,16,0.8,2,3,2,2,1,214.39,1,14,3,3,2,2,1,1,3,3,1
4,5,9,17,0.2,3,3,2,2,1,230.78,1,20,3,3,1,1,18,1,1,3,3
4,5,9,18,0.2,2,3,2,2,1,242.51,1,13,3,3,2,2,15,1,3,3,1
4,5,9,19,0.8,2,1,2,2,1,251.16,1,3,1,3,2,2,12,1,1,1,1
4,5,9,20,1.8,1,1,1,1,1,474.41,0,2,3,3,3,3,17,1,3,1,3
4,5,9,21,0.05,1,3,1,1,1,362.69,0,19,1,3,1,3,6,3,3,1,1
4,5,9,22,0.2,1,3,1,1,1,217.38,1,10,1,3,1,3,7,3,3,1,1
4,5,9,23,0.1,2,1,2,2,1,451.84,0,19,1,1,2,2,20,3,1,3,1
4,5,9,24,0.8,1,1,1,1,1,407.88,0,5,1,1,1,1,17,1,1,1,1
4,5,9,25,1.8,1,2,1,1,1,195,1,11,3,3,3,3,12,3,1,2,2
4,5,9,26,1.8,1,2,1,1,1,201.06,1,9,1,1,1,1,16,1,1,2,2
4,5,9,27,0.4,3,3,2,2,1,229.14,1,2,3,1,1,3,17,3,3,1,1
4,5,9,28,0.2,1,1,1,1,1,245.14,1,1,1,3,1,3,4,3,1,3,1
4,5,9,29,0.1,2,3,2,2,1,238.11,1,3,3,3,2,2,15,3,1,1,3
4,5,9,30,1.8,1,2,1,1,1,358.18,0,1,3,1,3,1,4,3,1,2,2
4,5,9,31,0.2,1,1,1,1,1,192.6,1,13,1,1,1,1,19,1,1,1,1
4,5,9,32,0.1,1,1,1,1,1,251.14,1,7,1,3,1,3,3,1,3,1,3
4,5,9,33,0.1,1,3,1,1,1,291.9,1,3,1,3,1,3,18,1,3,3,1
4,5,9,34,0.8,2,1,2,2,1,289.09,1,19,3,3,2,2,19,3,1,3,1
4,5,9,35,0.05,1,2,1,1,1,347.72,0,12,3,1,3,1,3,1,1,2,2
4,5,9,36,1.8,1,3,1,1,1,227.16,1,18,3,3,3,3,17,3,1,1,3
4,5,9,37,0.4,1,3,1,1,1,226.88,1,3,3,3,3,3,4,3,1,1,3
4,5,9,38,1.8,2,3,2,2,1,234.74,1,15,1,1,2,2,17,3,3,1,1
4,5,9,39,0.1,1,1,1,1,1,216.95,1,8,3,3,3,3,15,3,1,3,1
4,5,9,40,1.8,3,3,2,2,1,212.15,1,10,1,3,3,1,3,1,3,3,1
4,5,9,41,0.05,1,3,1,1,1,284.24,1,14,3,1,3,1,5,1,1,3,3
4,5,9,42,1.8,1,3,1,1,1,227.67,1,9,1,3,1,3,4,3,1,1,3
4,5,9,43,0.05,1,2,1,1,1,259.95,1,7,1,3,1,3,18,1,3,2,2
4,5,9,44,0.05,3,3,2,2,1,409.45,0,4,1,1,3,3,13,3,1,1,3
4,5,9,45,0.4,1,2,NaN,NaN,NaN,NaN,NaN,18,3,1,3,1,3,3,3,2,2
4,5,9,46,0.1,2,1,2,2,1,444.77,0,17,3,3,2,2,3,3,3,3,3
4,5,9,47,0.2,2,1,2,1,0,230.9,1,4,1,1,2,2,20,3,1,3,1
4,5,9,48,0.05,2,3,2,2,1,445.69,0,10,1,3,2,2,6,3,3,1,1
4,5,9,49,0.8,3,2,2,2,1,291.41,1,10,1,1,3,3,12,1,3,2,2
4,5,9,50,0.1,3,1,2,2,1,280.77,1,14,1,3,3,1,3,3,3,3,3
4,5,9,51,0.2,1,1,1,1,1,253.56,1,14,1,3,1,3,8,1,1,1,1
4,5,9,52,1.8,1,1,1,1,1,217.93,1,15,3,3,3,3,10,3,3,3,3
4,5,9,53,0.4,1,1,1,1,1,238.45,1,11,3,1,3,1,10,3,3,3,3
4,5,9,54,0.4,3,3,2,2,1,225.7,1,18,3,1,1,3,15,3,3,1,1
4,5,9,55,0.2,1,2,1,1,1,231.97,1,19,3,3,3,3,7,3,3,2,2
4,5,9,56,0.1,3,3,2,2,1,267.94,1,17,1,1,3,3,8,3,3,1,1
4,5,9,57,0.4,2,1,2,2,1,257.82,1,19,1,1,2,2,7,1,1,1,1
4,5,9,58,0.1,3,2,2,2,1,559.61,0,2,1,3,3,1,16,1,3,2,2
4,5,9,59,0.05,3,3,2,2,1,332.42,0,12,3,1,1,3,4,3,1,1,3
4,5,9,60,0.05,1,1,1,1,1,603.03,0,6,3,3,3,3,9,1,3,1,3
4,5,9,61,0.4,1,2,1,1,1,215.07,1,17,3,1,3,1,8,3,1,2,2
4,5,9,62,0.8,2,1,2,2,1,208.59,1,12,3,3,2,2,9,1,1,1,1
4,5,9,63,0.4,1,3,1,1,1,240.49,1,1,1,1,1,1,14,3,1,1,3
4,5,9,64,0.2,2,3,2,2,1,222.09,1,1,3,1,2,2,7,1,1,3,3
4,5,9,65,1.8,3,1,2,2,1,222.53,1,9,3,1,1,3,6,1,1,1,1
4,5,9,66,1.8,2,1,2,2,1,168.62,1,10,1,1,2,2,13,1,3,1,3
4,5,9,67,1.8,2,2,2,2,1,221.7,1,20,3,3,2,2,12,3,3,2,2
4,5,9,68,0.4,2,1,2,1,0,243.95,1,10,3,3,2,2,4,1,3,1,3
4,5,9,69,0.2,3,1,2,2,1,230.65,1,20,1,1,3,3,19,1,3,1,3
4,5,9,70,0.4,1,3,1,1,1,217.97,1,13,3,3,3,3,11,1,1,3,3
4,5,9,71,0.2,2,3,2,2,1,239.52,1,16,1,1,2,2,12,3,1,1,3
4,5,9,72,0.1,1,3,1,1,1,335.05,0,7,1,3,1,3,3,1,1,3,3
4,5,9,73,0.05,2,1,2,1,0,307.5,0,9,1,1,2,2,11,1,1,1,1
4,5,9,74,0.1,3,1,2,2,1,298.83,1,11,1,1,3,3,8,1,1,1,1
4,5,9,75,0.8,1,2,1,2,0,246.45,1,13,1,1,1,1,7,1,1,2,2
4,5,9,76,0.8,3,2,2,2,1,226.45,1,16,1,3,3,1,12,1,1,2,2
4,5,9,77,0.8,1,3,1,1,1,241.35,1,9,1,3,1,3,2,3,1,1,3
4,5,9,78,0.8,1,2,1,1,1,217.24,1,13,3,1,3,1,5,3,1,2,2
4,5,10,1,0.8,3,3,2,2,1,222.25,1,13,1,3,3,1,19,1,3,3,1
4,5,10,2,0.05,1,2,1,1,1,257.58,1,16,3,1,3,1,15,1,3,2,2
4,5,10,3,0.1,1,2,1,1,1,237.06,1,8,3,1,3,1,5,1,3,2,2
4,5,10,4,0.05,3,3,2,2,1,433.21,0,3,1,3,3,1,18,3,3,1,1
4,5,10,5,0.05,1,2,1,2,0,299.72,1,15,1,1,1,1,13,1,3,2,2
4,5,10,6,1.8,1,2,NaN,NaN,NaN,NaN,NaN,2,1,1,1,1,17,1,3,2,2
4,5,10,7,1.8,3,2,2,2,1,263.73,1,13,1,3,3,1,3,1,1,2,2
4,5,10,8,0.4,2,3,2,1,0,480.24,0,20,1,3,2,2,10,3,3,1,1
4,5,10,9,0.2,1,1,1,1,1,204.51,1,2,1,3,1,3,20,1,3,1,3
4,5,10,10,0.8,3,2,2,2,1,244.09,1,2,3,1,1,3,5,1,3,2,2
4,5,10,11,0.1,3,1,2,2,1,241.38,1,19,1,3,3,1,1,1,3,1,3
4,5,10,12,0.4,1,2,1,1,1,225.23,1,10,3,3,3,3,13,1,1,2,2
4,5,10,13,0.05,3,1,2,2,1,524.33,0,18,1,1,3,3,8,1,1,1,1
4,5,10,14,0.1,3,3,2,2,1,279.95,1,15,1,3,3,1,2,3,1,1,3
4,5,10,15,0.8,1,1,1,1,1,253.14,1,17,3,3,3,3,5,3,1,3,1
4,5,10,16,0.1,1,2,1,1,1,272.15,1,8,1,1,1,1,10,3,3,2,2
4,5,10,17,0.2,2,2,2,2,1,319.36,0,1,3,1,2,2,19,1,1,2,2
4,5,10,18,0.4,1,1,1,1,1,226.79,1,17,3,3,3,3,20,1,1,1,1
4,5,10,19,0.8,2,2,2,2,1,246.73,1,15,1,3,2,2,3,1,1,2,2
4,5,10,20,1.8,1,3,1,1,1,242.63,1,1,3,1,3,1,4,3,3,1,1
4,5,10,21,0.1,1,1,1,1,1,254.34,1,17,3,3,3,3,15,1,3,1,3
4,5,10,22,0.05,3,2,2,2,1,711.73,0,5,1,3,3,1,12,3,1,2,2
4,5,10,23,0.05,1,3,1,1,1,266.83,1,18,1,1,1,1,5,1,3,3,1
4,5,10,24,0.4,1,3,1,1,1,227.85,1,9,1,3,1,3,1,3,3,1,1
4,5,10,25,0.05,2,1,2,2,1,502.17,0,10,1,1,2,2,2,1,1,1,1
4,5,10,26,0.8,3,2,2,2,1,212.23,1,5,3,1,1,3,2,3,3,2,2
4,5,10,27,0.4,1,1,1,1,1,189.1,1,12,3,1,3,1,4,1,3,1,3
4,5,10,28,0.4,1,3,1,1,1,224,1,9,1,3,1,3,9,1,1,3,3
4,5,10,29,0.4,2,2,2,2,1,256.73,1,11,3,3,2,2,12,1,1,2,2
4,5,10,30,0.05,3,1,2,2,1,399.54,0,14,3,1,1,3,8,1,3,1,3
4,5,10,31,1.8,1,3,1,1,1,240.58,1,3,1,1,1,1,1,1,3,3,1
4,5,10,32,1.8,1,1,1,1,1,233.71,1,7,3,1,3,1,7,1,3,1,3
4,5,10,33,0.4,3,1,2,2,1,259.13,1,12,1,3,3,1,14,1,3,1,3
4,5,10,34,0.8,1,1,1,1,1,279.43,1,6,3,3,3,3,10,1,3,1,3
4,5,10,35,0.8,2,1,2,2,1,287,1,19,3,3,2,2,1,1,3,1,3
4,5,10,36,0.4,3,2,2,2,1,198.4,1,14,1,3,3,1,4,3,3,2,2
4,5,10,37,0.2,3,1,2,2,1,309.69,0,2,1,1,3,3,7,3,3,3,3
4,5,10,38,0.4,3,3,2,2,1,185.82,1,7,1,1,3,3,20,1,1,3,3
4,5,10,39,0.1,1,1,1,1,1,332.21,0,14,3,3,3,3,19,1,1,1,1
4,5,10,40,0.05,2,2,2,2,1,354.96,0,13,1,1,2,2,15,1,3,2,2
4,5,10,41,0.1,2,2,2,2,1,308.17,0,12,1,1,2,2,20,1,1,2,2
4,5,10,42,0.2,3,1,2,2,1,274.15,1,7,1,3,3,1,11,1,1,1,1
4,5,10,43,0.4,2,2,2,2,1,230.87,1,17,1,1,2,2,7,3,3,2,2
4,5,10,44,0.2,1,3,1,1,1,230.8,1,13,3,1,3,1,6,1,3,3,1
4,5,10,45,0.2,1,2,1,1,1,225.19,1,3,3,1,3,1,17,3,3,2,2
4,5,10,46,0.1,1,2,1,1,1,319.82,0,16,3,1,3,1,7,1,1,2,2
4,5,10,47,0.1,1,1,1,1,1,255.78,1,1,3,3,3,3,4,3,1,3,1
4,5,10,48,0.2,1,1,1,1,1,250.92,1,15,1,3,1,3,20,3,1,3,1
4,5,10,49,0.2,2,3,2,2,1,465.92,0,13,1,1,2,2,20,3,1,1,3
4,5,10,50,0.2,1,1,1,2,0,337.92,0,20,1,3,1,3,11,3,3,3,3
4,5,10,51,0.2,1,3,1,1,1,223.01,1,17,1,1,1,1,16,1,3,3,1
4,5,10,52,1.8,2,3,2,2,1,271.54,1,15,3,1,2,2,6,3,1,1,3
4,5,10,53,0.8,1,2,1,1,1,227.91,1,10,3,1,3,1,1,3,1,2,2
4,5,10,54,1.8,3,3,2,2,1,225.92,1,3,1,3,3,1,20,1,1,3,3
4,5,10,55,1.8,1,2,1,1,1,397.54,0,12,1,3,1,3,12,1,3,2,2
4,5,10,56,0.05,1,1,1,1,1,280.55,1,2,3,3,3,3,1,1,1,1,1
4,5,10,57,0.2,1,3,1,1,1,225.54,1,10,1,1,1,1,7,1,1,3,3
4,5,10,58,0.05,3,3,2,2,1,343.25,0,10,3,1,1,3,17,3,1,1,3
4,5,10,59,0.2,3,3,2,2,1,281.22,1,12,1,1,3,3,4,1,1,3,3
4,5,10,60,0.8,3,1,2,2,1,217.92,1,17,3,1,1,3,11,3,3,3,3
4,5,10,61,0.1,1,2,1,2,0,297.88,1,15,1,3,1,3,13,1,1,2,2
4,5,10,62,0.2,1,2,1,1,1,297.51,1,14,3,1,3,1,3,1,3,2,2
4,5,10,63,0.05,1,3,1,1,1,249.88,1,11,1,3,1,3,6,3,3,1,1
4,5,10,64,0.8,3,2,2,2,1,250.57,1,3,1,3,3,1,7,3,3,2,2
4,5,10,65,1.8,2,2,2,2,1,208.24,1,8,3,3,2,2,19,3,1,2,2
4,5,10,66,0.8,3,2,2,2,1,245.58,1,1,3,1,1,3,16,1,1,2,2
4,5,10,67,0.8,3,1,2,2,1,215.77,1,13,1,3,3,1,12,1,3,1,3
4,5,10,68,1.8,2,2,NaN,NaN,NaN,NaN,NaN,19,3,1,2,2,13,1,3,2,2
4,5,10,69,0.1,3,2,2,2,1,327.92,0,17,3,3,1,1,12,1,1,2,2
4,5,10,70,0.1,1,2,1,2,0,295.98,1,10,1,1,1,1,11,3,1,2,2
4,5,10,71,1.8,2,2,2,2,1,233.69,1,20,3,3,2,2,18,3,1,2,2
4,5,10,72,0.4,2,3,2,1,0,232.97,1,12,3,1,2,2,19,1,1,3,3
4,5,10,73,1.8,1,1,1,1,1,232.22,1,12,1,3,1,3,2,1,1,1,1
4,5,10,74,0.8,1,1,1,1,1,258.22,1,5,1,3,1,3,17,1,1,1,1
4,5,10,75,0.4,1,3,1,1,1,263.91,1,16,1,1,1,1,4,1,1,3,3
4,5,10,76,1.8,2,3,2,2,1,259.2,1,14,3,1,2,2,1,1,3,3,1
4,5,10,77,0.05,3,2,2,2,1,486.88,0,2,1,1,3,3,3,3,1,2,2
4,5,10,78,0.1,1,1,1,1,1,234.93,1,17,1,1,1,1,15,3,1,3,1
