4,2,1,1,0.4,1,2,1,1,1,217.31,1,5,3,3,3,3,8,1,3,2,2
4,2,1,2,1.8,1,1,1,1,1,206.31,1,5,3,3,3,3,5,3,3,3,3
4,2,1,3,0.1,1,3,1,1,1,248.63,1,17,3,1,3,1,17,1,1,3,3
4,2,1,4,0.2,1,3,1,1,1,178.52,1,19,3,1,3,1,3,3,1,1,3
4,2,1,5,0.8,1,2,1,1,1,213.1,1,2,3,3,3,3,2,3,1,2,2
4,2,1,6,0.4,1,2,1,1,1,207.03,1,8,3,1,3,1,10,1,1,2,2
4,2,1,7,0.1,1,2,1,1,1,211.74,1,6,3,3,3,3,9,1,1,2,2
4,2,1,8,0.4,1,3,1,1,1,225.57,1,9,3,1,3,1,13,1,3,3,1
4,2,1,9,0.1,1,2,1,1,1,181.58,1,20,1,1,1,1,4,3,3,2,2
4,2,1,10,0.4,1,3,1,1,1,208.87,1,8,3,1,3,1,14,3,3,1,1
4,2,1,11,0.1,3,3,2,2,1,246.69,1,13,3,3,1,1,18,1,3,3,1
4,2,1,12,0.4,3,3,2,2,1,198.54,1,9,3,1,1,3,9,1,1,3,3
4,2,1,13,0.2,1,1,1,1,1,196.29,1,3,3,1,3,1,5,3,3,3,3
4,2,1,14,0.05,3,1,2,1,0,245.25,1,15,3,1,1,3,8,1,1,1,1
4,2,1,15,0.4,2,1,2,2,1,191.44,1,15,1,1,2,2,6,3,3,3,3
4,2,1,16,0.05,1,2,1,1,1,262.97,1,2,1,1,1,1,12,3,1,2,2
4,2,1,17,0.4,1,1,1,1,1,211.31,1,17,1,3,1,3,11,1,3,1,3
4,2,1,18,1.8,1,1,NaN,NaN,NaN,NaN,NaN,18,3,3,3,3,16,1,3,1,3
4,2,1,19,0.8,2,3,2,2,1,221.6,1,10,3,3,2,2,17,1,3,3,1
4,2,1,20,0.8,2,3,2,1,0,206.94,1,10,3,1,2,2,15,1,3,3,1
4,2,1,21,0.4,1,2,1,1,1,281.4,1,11,3,3,3,3,16,3,3,2,2
4,2,1,22,0.4,1,2,1,1,1,203.52,1,11,3,1,3,1,1,1,3,2,2
4,2,1,23,0.1,2,3,2,1,0,263.17,1,4,3,3,2,2,10,3,1,1,3
4,2,1,24,0.05,3,2,2,2,1,306.04,0,16,3,3,1,1,5,1,3,2,2
4,2,1,25,1.8,3,3,2,2,1,217.19,1,1,3,1,1,3,11,1,1,3,3
4,2,1,26,0.2,1,2,1,1,1,269.39,1,5,3,3,3,3,3,1,3,2,2
4,2,1,27,1.8,1,3,1,1,1,227.89,1,7,1,3,1,3,11,3,1,1,3
4,2,1,28,0.05,1,1,1,1,1,287.45,1,1,1,1,1,1,10,1,3,1,3
4,2,1,29,0.8,2,3,2,1,0,219.51,1,3,1,3,2,2,15,3,1,1,3
4,2,1,30,0.1,2,1,2,2,1,325.2,0,8,1,3,2,2,3,1,1,1,1
4,2,1,31,0.8,1,1,1,1,1,206.96,1,11,1,1,1,1,6,1,1,1,1
4,2,1,32,1.8,1,2,1,1,1,224.37,1,3,3,1,3,1,3,3,1,2,2
4,2,1,33,0.8,2,2,2,2,1,232.48,1,9,3,3,2,2,19,3,1,2,2
4,2,1,34,0.2,1,2,1,1,1,241.35,1,11,1,3,1,3,4,3,3,2,2
4,2,1,35,0.2,3,1,2,2,1,243.19,1,4,3,3,1,1,7,3,1,3,1
4,2,1,36,0.1,3,3,2,2,1,450.38,0,20,3,1,1,3,6,1,1,3,3
4,2,1,37,0.8,1,3,1,1,1,226.21,1,14,3,3,3,3,7,1,1,3,3
4,2,1,38,0.05,1,3,1,1,1,277.1,1,16,3,1,3,1,20,3,1,1,3
4,2,1,39,0.05,1,3,1,1,1,276.45,1,19,3,1,3,1,3,3,1,1,3
4,2,1,40,0.2,3,2,2,2,1,223.39,1,3,1,3,3,1,9,1,3,2,2
4,2,1,41,0.1,2,1,2,1,0,397.57,0,10,1,1,2,2,14,1,3,1,3
4,2,1,42,0.2,1,3,1,1,1,239.55,1,12,1,1,1,1,18,3,3,1,1
4,2,1,43,1.8,2,3,2,2,1,226.21,1,4,1,3,2,2,7,1,1,3,3
4,2,1,44,1.8,2,2,2,1,0,214.94,1,2,3,1,2,2,8,3,1,2,2
4,2,1,45,0.1,1,2,1,1,1,273.3,1,13,1,1,1,1,17,1,3,2,2
4,2,1,46,1.8,1,2,1,1,1,265.77,1,11,1,1,1,1,20,3,1,2,2
4,2,1,47,0.8,3,3,2,2,1,225.75,1,8,3,1,1,3,2,3,1,1,3
4,2,1,48,0.2,2,2,2,1,0,250.32,1,13,1,3,2,2,8,3,3,2,2
4,2,1,49,1.8,1,1,1,1,1,234.4,1,15,1,3,1,3,20,1,3,1,3
4,2,1,50,0.05,1,1,1,1,1,309.81,0,11,1,1,1,1,12,1,1,1,1
4,2,1,51,0.8,2,2,2,2,1,255.28,1,10,3,1,2,2,18,1,1,2,2
4,2,1,52,0.8,3,1,2,2,1,219.48,1,17,3,1,1,3,9,1,3,1,3
4,2,1,53,0.4,3,3,2,2,1,221.42,1,7,1,3,3,1,15,1,3,3,1
4,2,1,54,0.1,1,1,1,1,1,224.9,1,4,1,3,1,3,11,3,3,3,3
4,2,1,55,0.2,1,3,1,1,1,253.95,1,17,1,1,1,1,2,1,3,3,1
4,2,1,56,0.05,2,1,2,2,1,287.13,1,7,1,3,2,2,7,1,1,1,1
4,2,1,57,0.1,2,1,2,2,1,296.14,1,3,3,3,2,2,19,1,3,1,3
4,2,1,58,0.4,3,2,2,2,1,231.2,1,16,3,1,1,3,6,3,3,2,2
4,2,1,59,0.2,2,3,2,2,1,209.42,1,18,3,3,2,2,1,3,1,1,3
4,2,1,60,0.05,3,1,2,2,1,287.74,1,14,3,3,1,1,14,3,3,3,3
4,2,1,61,0.4,1,1,1,1,1,217.39,1,17,1,3,1,3,16,3,1,3,1
4,2,1,62,0.1,1,1,1,1,1,209.32,1,8,3,3,3,3,14,3,3,3,3
4,2,1,63,0.2,2,3,2,2,1,291.43,1,20,1,3,2,2,12,1,1,3,3
4,2,1,64,0.4,1,2,1,1,1,234.54,1,5,3,3,3,3,6,3,1,2,2
4,2,1,65,0.2,1,3,1,1,1,287.46,1,18,3,3,3,3,4,1,1,3,3
4,2,1,66,0.05,1,1,1,1,1,291.21,1,13,3,1,3,1,5,3,3,3,3
4,2,1,67,0.2,1,3,1,1,1,207.73,1,5,3,3,3,3,16,1,3,3,1
4,2,1,68,0.8,1,1,1,1,1,205.23,1,4,1,3,1,3,6,1,1,1,1
4,2,1,69,0.05,3,1,2,2,1,296.02,1,20,1,3,3,1,1,3,1,3,1
4,2,1,70,1.8,3,1,2,2,1,220.42,1,17,3,1,1,3,3,1,1,1,1
4,2,1,71,0.05,1,1,1,1,1,281.55,1,11,3,3,3,3,16,1,3,1,3
4,2,1,72,0.8,1,3,1,1,1,225.39,1,11,1,3,1,3,11,3,1,1,3
4,2,1,73,0.1,1,3,1,1,1,235.94,1,2,1,3,1,3,18,3,3,1,1
4,2,1,74,0.05,1,1,1,1,1,331.44,0,17,1,3,1,3,8,1,1,1,1
4,2,1,75,0.8,2,1,2,2,1,219.86,1,4,3,3,2,2,12,3,3,3,3
4,2,1,76,1.8,1,3,1,1,1,233.23,1,12,3,1,3,1,3,1,1,3,3
4,2,1,77,1.8,1,2,1,1,1,217.62,1,19,1,3,1,3,12,1,3,2,2
4,2,1,78,1.8,1,1,1,1,1,201.09,1,17,3,1,3,1,5,1,3,1,3
4,2,2,1,0.2,3,3,2,2,1,270.04,1,15,1,1,3,3,13,1,3,3,1
4,2,2,2,1.8,1,3,1,1,1,193.53,1,14,3,1,3,1,6,3,1,1,3
4,2,2,3,0.4,1,2,1,1,1,223.64,1,10,1,1,1,1,13,3,3,2,2
4,2,2,4,0.8,1,1,1,1,1,233.04,1,1,3,3,3,3,16,1,1,1,1
4,2,2,5,0.4,1,2,1,1,1,258.77,1,1,3,1,3,1,7,1,1,2,2
4,2,2,6,0.2,3,2,2,2,1,276.07,1,1,1,3,3,1,20,3,1,2,2
4,2,2,7,0.05,1,2,1,1,1,275.83,1,4,3,1,3,1,2,3,3,2,2
4,2,2,8,0.05,3,1,2,2,1,367.54,0,19,3,3,1,1,11,1,1,1,1
4,2,2,9,0.2,2,2,2,2,1,258.88,1,20,3,3,2,2,5,3,1,2,2
4,2,2,10,0.1,3,1,2,2,1,329.98,0,14,1,1,3,3,16,3,3,3,3
4,2,2,11,1.8,1,1,1,1,1,250.37,1,14,3,1,3,1,8,1,1,1,1
4,2,2,12,0.4,3,3,2,2,1,228.03,1,11,1,3,3,1,3,1,3,3,1
4,2,2,13,0.4,1,3,1,1,1,263.6,1,19,3,3,3,3,16,1,3,3,1
4,2,2,14,0.05,2,2,2,2,1,485.85,0,10,1,1,2,2,14,3,3,2,2
4,2,2,15,0.8,2,3,2,1,0,231.45,1,9,1,3,2,2,1,1,1,3,3
4,2,2,16,1.8,2,1,2,2,1,226.79,1,9,3,1,2,2,19,1,1,1,1
4,2,2,17,0.1,3,1,2,2,1,227.3,1,5,1,3,3,1,14,1,3,1,3
4,2,2,18,0.8,2,2,2,2,1,236.56,1,20,1,1,2,2,8,1,1,2,2
4,2,2,19,0.4,1,1,1,1,1,244.7,1,12,3,1,3,1,16,1,1,1,1
4,2,2,20,0.8,1,3,1,1,1,245.01,1,5,1,3,1,3,7,1,3,3,1
4,2,2,21,0.2,2,3,2,2,1,294.91,1,5,1,1,2,2,8,1,3,3,1
4,2,2,22,0.4,2,3,2,2,1,244.2,1,10,3,3,2,2,15,1,3,3,1
4,2,2,23,0.2,3,1,2,2,1,258.27,1,1,3,1,1,3,3,3,3,3,3
4,2,2,24,0.8,1,1,1,1,1,240.15,1,15,3,3,3,3,12,3,3,3,3
4,2,2,25,1.8,1,2,1,1,1,236.14,1,6,1,3,1,3,3,3,1,2,2
4,2,2,26,0.1,1,1,1,1,1,302.9,0,8,3,3,3,3,14,1,1,1,1
4,2,2,27,0.2,2,2,2,2,1,235.32,1,16,3,3,2,2,13,3,1,2,2
4,2,2,28,0.2,2,3,2,1,0,249.16,1,2,1,1,2,2,13,1,1,3,3
4,2,2,29,0.8,3,3,2,2,1,226.68,1,12,1,1,3,3,17,1,1,3,3
4,2,2,30,0.4,1,2,1,1,1,245.71,1,3,3,3,3,3,3,3,1,2,2
4,2,2,31,0.1,1,2,1,1,1,259.23,1,6,1,1,1,1,8,1,3,2,2
4,2,2,32,0.4,3,2,2,2,1,220.68,1,2,1,1,3,3,11,1,3,2,2
4,2,2,33,1.8,3,1,2,2,1,225.13,1,8,1,3,3,1,7,3,3,3,3
4,2,2,34,0.2,1,1,1,1,1,237.08,1,9,3,3,3,3,1,1,1,1,1
4,2,2,35,1.8,3,2,2,2,1,241.38,1,7,1,1,3,3,1,3,3,2,2
4,2,2,36,0.1,1,3,1,1,1,299,1,9,1,1,1,1,16,1,3,3,1
4,2,2,37,0.8,3,3,2,2,1,212.02,1,20,3,3,1,1,11,3,3,1,1
4,2,2,38,0.1,3,3,2,2,1,325.06,0,14,3,1,1,3,6,1,3,3,1
4,2,2,39,0.1,1,3,1,1,1,248.67,1,6,1,1,1,1,7,1,1,3,3
4,2,2,40,0.2,1,2,1,1,1,211.73,1,3,3,1,3,1,4,3,1,2,2
4,2,2,41,0.2,2,3,2,2,1,295.82,1,18,3,1,2,2,9,1,3,3,1
4,2,2,42,0.1,1,1,1,1,1,253.09,1,20,1,3,1,3,14,3,1,3,1
4,2,2,43,0.05,3,2,2,2,1,360.42,0,8,3,1,1,3,5,1,3,2,2
4,2,2,44,1.8,1,1,1,1,1,218.34,1,6,1,3,1,3,19,3,1,3,1
4,2,2,45,0.05,1,2,1,1,1,309.1,0,15,3,1,3,1,10,3,3,2,2
4,2,2,46,0.1,2,2,2,2,1,299.98,1,6,1,1,2,2,8,3,3,2,2
4,2,2,47,0.8,3,1,2,2,1,242.52,1,13,1,3,3,1,18,3,1,3,1
4,2,2,48,0.05,1,1,1,1,1,270.96,1,18,1,3,1,3,13,3,1,3,1
4,2,2,49,0.1,1,3,1,1,1,260.42,1,5,3,1,3,1,13,1,3,3,1
4,2,2,50,1.8,1,3,1,1,1,211.74,1,4,1,3,1,3,7,3,3,1,1
4,2,2,51,0.4,1,3,1,1,1,244.24,1,8,3,3,3,3,7,1,1,3,3
4,2,2,52,0.05,1,3,1,1,1,246.99,1,6,3,3,3,3,10,1,1,3,3
4,2,2,53,1.8,3,2,2,2,1,234.97,1,7,3,1,1,3,8,3,1,2,2
4,2,2,54,0.8,2,1,2,1,0,281.05,1,20,1,3,2,2,16,1,1,1,1
4,2,2,55,0.2,2,1,2,2,1,280.91,1,18,3,1,2,2,8,1,1,1,1
4,2,2,56,0.8,1,3,1,1,1,243.91,1,15,1,3,1,3,15,1,3,3,1
4,2,2,57,0.05,2,3,2,1,0,261.17,1,13,1,1,2,2,2,3,3,1,1
4,2,2,58,0.05,1,3,1,1,1,295.83,1,4,3,1,3,1,18,3,1,1,3
4,2,2,59,0.4,1,2,1,1,1,245.38,1,5,1,3,1,3,4,1,1,2,2
4,2,2,60,1.8,2,1,2,2,1,227.46,1,6,1,1,2,2,16,1,3,1,3
4,2,2,61,0.05,3,2,2,2,1,306.22,0,20,1,1,3,3,7,1,3,2,2
4,2,2,62,0.8,3,2,2,2,1,241.66,1,4,3,1,1,3,3,3,3,2,2
4,2,2,63,0.8,3,1,2,2,1,256.37,1,18,1,1,3,3,15,1,3,1,3
4,2,2,64,0.2,1,2,1,1,1,283.57,1,17,3,1,3,1,15,3,1,2,2
4,2,2,65,0.05,2,1,2,1,0,323.67,0,5,1,1,2,2,16,1,1,1,1
4,2,2,66,0.05,3,1,2,2,1,403.21,0,15,3,1,1,3,17,1,3,1,3
4,2,2,67,0.4,2,3,2,1,0,225.78,1,10,3,1,2,2,10,3,3,1,1
4,2,2,68,1.8,3,3,2,2,1,244.87,1,7,1,3,3,1,2,3,1,1,3
4,2,2,69,0.2,1,1,1,1,1,273.32,1,16,3,1,3,1,7,1,3,1,3
4,2,2,70,0.05,3,3,2,2,1,353.91,0,16,3,3,1,1,10,3,1,1,3
4,2,2,71,0.1,3,1,2,2,1,343.08,0,14,1,3,3,1,3,3,1,3,1
4,2,2,72,0.1,3,3,2,2,1,229.92,1,1,1,3,3,1,8,1,1,3,3
4,2,2,73,1.8,2,3,2,2,1,218.54,1,20,1,3,2,2,20,3,1,1,3
4,2,2,74,0.8,1,1,1,1,1,226.78,1,16,3,1,3,1,7,1,1,1,1
4,2,2,75,0.1,1,2,1,1,1,216.9,1,20,1,1,1,1,9,3,1,2,2
4,2,2,76,1.8,3,2,2,2,1,221.68,1,10,3,3,1,1,4,1,1,2,2
4,2,2,77,0.4,2,3,2,2,1,244.23,1,11,3,1,2,2,17,1,1,3,3
4,2,2,78,0.4,1,2,1,1,1,230.41,1,13,3,1,3,1,10,1,1,2,2
4,2,3,1,0.1,2,1,2,1,0,280.07,1,18,1,1,2,2,8,1,1,1,1
4,2,3,2,0.1,1,3,1,1,1,270.57,1,4,1,3,1,3,19,3,1,1,3
4,2,3,3,0.2,3,1,2,2,1,235.73,1,15,3,1,1,3,4,1,3,1,3
4,2,3,4,1.8,2,2,2,2,1,232.37,1,8,3,3,2,2,17,3,3,2,2
4,2,3,5,0.05,1,3,1,1,1,246.2,1,18,1,3,1,3,19,3,1,1,3
4,2,3,6,1.8,2,3,2,2,1,226.99,1,17,1,3,2,2,9,3,1,1,3
4,2,3,7,0.1,2,2,2,1,0,256.05,1,5,3,3,2,2,20,3,1,2,2
4,2,3,8,0.2,1,1,1,1,1,227.25,1,16,3,3,3,3,4,1,3,1,3
4,2,3,9,0.05,2,3,2,1,0,283.79,1,17,3,1,2,2,13,1,1,3,3
4,2,3,10,0.2,2,3,2,1,0,268.83,1,18,3,3,2,2,13,3,1,1,3
4,2,3,11,1.8,3,1,2,2,1,214.61,1,14,1,3,3,1,8,3,3,3,3
4,2,3,12,0.4,1,1,1,1,1,268.9,1,6,1,3,1,3,7,3,3,3,3
4,2,3,13,0.4,1,3,1,1,1,230.8,1,8,3,1,3,1,16,1,3,3,1
4,2,3,14,0.05,1,1,1,1,1,239.2,1,2,3,3,3,3,18,3,3,3,3
4,2,3,15,0.8,3,2,2,2,1,249.04,1,10,1,3,3,1,10,1,3,2,2
4,2,3,16,0.05,3,2,2,2,1,376.01,0,11,1,3,3,1,2,1,1,2,2
4,2,3,17,1.8,1,1,1,1,1,221.34,1,12,1,3,1,3,11,1,3,1,3
4,2,3,18,0.05,2,2,2,1,0,290.93,1,12,1,1,2,2,6,1,1,2,2
4,2,3,19,0.4,3,3,2,2,1,245.99,1,18,3,1,1,3,19,1,1,3,3
4,2,3,20,0.8,2,1,2,2,1,257.31,1,3,3,3,2,2,20,1,3,1,3
4,2,3,21,0.05,1,2,1,1,1,299.45,1,6,1,3,1,3,3,3,3,2,2
4,2,3,22,0.4,3,3,2,2,1,239.71,1,14,1,3,3,1,9,3,1,1,3
4,2,3,23,1.8,3,2,2,2,1,226.28,1,7,3,1,1,3,14,1,3,2,2
4,2,3,24,0.8,3,3,2,2,1,239.35,1,5,3,1,1,3,5,3,1,1,3
4,2,3,25,0.1,3,3,2,2,1,322.25,0,3,3,3,1,1,19,3,1,1,3
4,2,3,26,0.4,2,1,2,2,1,226.6,1,5,1,3,2,2,6,3,1,3,1
4,2,3,27,0.05,1,2,1,1,1,289.57,1,14,3,1,3,1,10,1,3,2,2
4,2,3,28,0.8,1,3,1,1,1,245.98,1,4,3,3,3,3,8,1,3,3,1
4,2,3,29,0.2,1,1,1,1,1,231.54,1,7,1,3,1,3,12,1,3,1,3
4,2,3,30,0.2,2,1,2,2,1,252.81,1,13,1,3,2,2,16,1,3,1,3
4,2,3,31,1.8,1,3,1,2,0,250.9,1,9,1,1,1,1,3,3,3,1,1
4,2,3,32,0.2,2,3,2,2,1,219.85,1,3,3,3,2,2,5,1,3,3,1
4,2,3,33,0.8,2,3,2,2,1,244.69,1,16,1,1,2,2,14,1,1,3,3
4,2,3,34,0.1,3,3,2,2,1,332.54,0,9,3,3,1,1,13,1,3,3,1
4,2,3,35,0.4,2,1,2,2,1,262.65,1,16,3,3,2,2,5,3,1,3,1
4,2,3,36,0.1,1,2,1,1,1,211.58,1,1,1,1,1,1,18,3,1,2,2
4,2,3,37,0.1,3,2,2,2,1,323.42,0,8,1,3,3,1,20,3,1,2,2
4,2,3,38,0.1,3,2,2,2,1,305.49,0,13,1,3,3,1,14,1,1,2,2
4,2,3,39,0.05,1,1,1,1,1,238.03,1,19,3,1,3,1,18,1,3,1,3
4,2,3,40,1.8,3,2,2,2,1,231.04,1,4,1,1,3,3,5,3,3,2,2
4,2,3,41,0.05,3,2,2,2,1,303.32,0,4,3,1,1,3,16,3,1,2,2
4,2,3,42,0.1,3,2,2,2,1,300.31,0,15,1,1,3,3,5,1,1,2,2
4,2,3,43,0.4,3,3,2,2,1,237.94,1,18,1,3,3,1,18,1,1,3,3
4,2,3,44,0.8,3,3,2,2,1,235.6,1,10,3,1,1,3,2,1,3,3,1
4,2,3,45,0.4,1,1,1,1,1,222.54,1,6,1,3,1,3,7,1,1,1,1
4,2,3,46,0.05,3,2,2,2,1,298.49,1,17,1,1,3,3,11,1,1,2,2
4,2,3,47,0.8,1,2,1,1,1,228.07,1,18,3,3,3,3,18,1,1,2,2
4,2,3,48,0.4,1,2,1,1,1,255.61,1,6,1,3,1,3,19,1,3,2,2
4,2,3,49,0.2,1,3,1,1,1,250.35,1,14,3,3,3,3,5,1,3,3,1
4,2,3,50,0.2,1,1,1,1,1,215.87,1,14,1,1,1,1,16,1,3,1,3
4,2,3,51,0.05,1,1,1,1,1,290.64,1,19,3,1,3,1,10,3,1,3,1
4,2,3,52,1.8,3,3,2,2,1,222.51,1,10,3,1,1,3,19,3,3,1,1
4,2,3,53,1.8,2,2,2,2,1,222.74,1,11,3,1,2,2,9,3,1,2,2
4,2,3,54,0.1,1,2,1,1,1,268.53,1,17,3,1,3,1,16,3,3,2,2
4,2,3,55,0.05,1,3,1,1,1,277.8,1,12,1,3,1,3,16,3,1,1,3
4,2,3,56,0.2,2,3,2,1,0,227.44,1,11,3,1,2,2,14,1,1,3,3
4,2,3,57,0.8,1,1,1,1,1,231.14,1,12,3,1,3,1,10,1,1,1,1
4,2,3,58,0.4,1,2,1,1,1,247.49,1,16,1,1,1,1,16,1,3,2,2
4,2,3,59,0.8,3,2,2,2,1,225.66,1,10,3,3,1,1,4,3,3,2,2
4,2,3,60,0.8,3,3,2,2,1,265.18,1,10,3,1,1,3,13,1,3,3,1
4,2,3,61,0.8,3,3,2,2,1,266.69,1,19,3,1,1,3,14,3,1,1,3
4,2,3,62,1.8,1,3,1,1,1,221.59,1,20,3,3,3,3,1,1,3,3,1
4,2,3,63,0.8,3,2,2,2,1,230.88,1,14,1,3,3,1,9,1,3,2,2
4,2,3,64,0.2,2,1,2,2,1,335.44,0,19,3,3,2,2,5,1,1,1,1
4,2,3,65,0.1,1,1,1,1,1,240.1,1,8,1,1,1,1,5,1,1,1,1
4,2,3,66,0.1,1,1,1,1,1,223.23,1,12,1,3,1,3,3,3,1,3,1
4,2,3,67,0.4,1,1,1,1,1,256.08,1,9,3,1,3,1,1,1,1,1,1
4,2,3,68,0.2,1,3,1,2,0,254.89,1,17,1,3,1,3,15,1,1,3,3
4,2,3,69,0.2,1,3,1,1,1,277.08,1,19,3,3,3,3,2,1,1,3,3
4,2,3,70,0.8,2,3,2,1,0,229.44,1,16,3,1,2,2,14,1,3,3,1
4,2,3,71,0.2,2,1,2,1,0,293.85,1,18,3,3,2,2,16,1,1,1,1
4,2,3,72,1.8,1,3,1,1,1,204,1,2,1,3,1,3,11,3,3,1,1
4,2,3,73,1.8,1,1,1,1,1,217.12,1,19,1,1,1,1,4,1,1,1,1
4,2,3,74,0.1,2,2,2,1,0,296.68,1,12,3,3,2,2,14,1,3,2,2
4,2,3,75,0.05,1,3,1,1,1,307.82,0,4,1,1,1,1,7,3,1,1,3
4,2,3,76,0.4,2,3,2,1,0,241.41,1,15,1,3,2,2,20,1,1,3,3
4,2,3,77,0.4,3,2,2,2,1,207.64,1,10,3,3,1,1,18,1,3,2,2
4,2,3,78,1.8,2,3,2,2,1,262.13,1,1,1,1,2,2,2,3,1,1,3
4,2,4,1,0.05,1,3,1,1,1,234.5,1,4,1,3,1,3,20,1,3,3,1
4,2,4,2,0.8,1,3,1,1,1,234.42,1,14,1,1,1,1,18,3,1,1,3
4,2,4,3,1.8,3,2,2,2,1,240.71,1,13,1,1,3,3,2,1,3,2,2
4,2,4,4,0.4,2,1,2,1,0,255.37,1,16,3,1,2,2,5,3,3,3,3
4,2,4,5,0.1,2,1,2,1,0,202.64,1,7,3,3,2,2,18,1,1,1,1
4,2,4,6,0.05,2,1,2,1,0,277.48,1,4,3,1,2,2,11,3,3,3,3
4,2,4,7,0.4,1,3,1,1,1,257.54,1,10,3,3,3,3,7,1,3,3,1
4,2,4,8,0.1,1,1,1,1,1,358.22,0,4,1,3,1,3,13,1,3,1,3
4,2,4,9,0.1,1,1,1,1,1,272.85,1,1,1,3,1,3,13,3,1,3,1
4,2,4,10,0.05,3,1,2,2,1,308.86,0,14,3,1,1,3,6,1,3,1,3
4,2,4,11,0.8,2,2,2,2,1,224.84,1,10,1,3,2,2,10,1,3,2,2
4,2,4,12,0.1,3,3,2,2,1,286.88,1,9,3,1,1,3,7,1,1,3,3
4,2,4,13,1.8,2,1,2,2,1,231.76,1,15,1,1,2,2,10,3,1,3,1
4,2,4,14,0.05,3,3,2,2,1,392.6,0,4,3,1,1,3,19,3,1,1,3
4,2,4,15,0.8,1,2,1,1,1,245.15,1,1,1,1,1,1,5,1,3,2,2
4,2,4,16,0.2,1,3,1,1,1,270.23,1,16,1,1,1,1,2,3,1,1,3
4,2,4,17,0.05,3,2,2,2,1,337.23,0,10,3,1,1,3,1,1,1,2,2
4,2,4,18,0.4,1,3,1,1,1,234.7,1,4,3,1,3,1,12,1,1,3,3
4,2,4,19,0.8,3,1,2,2,1,248.35,1,10,3,1,1,3,17,3,1,3,1
4,2,4,20,0.2,3,1,2,2,1,237.14,1,2,3,1,1,3,12,3,1,3,1
4,2,4,21,0.05,1,2,1,1,1,299.78,1,19,3,1,3,1,1,1,3,2,2
4,2,4,22,1.8,1,2,1,2,0,275.93,1,9,1,1,1,1,17,1,3,2,2
4,2,4,23,0.2,2,1,2,2,1,272.92,1,14,1,1,2,2,2,3,3,3,3
4,2,4,24,0.2,1,1,1,1,1,271.34,1,16,1,3,1,3,12,1,1,1,1
4,2,4,25,0.2,3,3,2,2,1,251.23,1,1,3,1,1,3,18,1,3,3,1
4,2,4,26,1.8,3,3,2,2,1,231.72,1,7,3,3,1,1,1,1,3,3,1
4,2,4,27,0.4,1,1,NaN,NaN,NaN,NaN,NaN,10,1,1,1,1,15,3,1,3,1
4,2,4,28,0.2,1,1,1,1,1,243.63,1,14,1,3,1,3,15,3,1,3,1
4,2,4,29,0.2,2,3,2,1,0,298.58,1,15,3,3,2,2,7,3,3,1,1
4,2,4,30,0.8,1,1,1,1,1,231.3,1,7,1,3,1,3,15,1,1,1,1
4,2,4,31,0.4,1,1,1,1,1,220.75,1,19,1,1,1,1,12,1,3,1,3
4,2,4,32,0.4,3,1,2,2,1,244.39,1,6,1,1,3,3,20,1,1,1,1
4,2,4,33,0.1,1,3,1,1,1,287.05,1,7,1,1,1,1,14,3,1,1,3
4,2,4,34,0.1,3,2,2,2,1,283.5,1,9,1,3,3,1,16,1,1,2,2
4,2,4,35,0.1,2,1,2,1,0,287.32,1,6,1,3,2,2,16,3,3,3,3
4,2,4,36,0.8,1,3,1,1,1,248.38,1,15,3,1,3,1,19,3,3,1,1
4,2,4,37,0.8,3,2,2,2,1,229.33,1,1,1,3,3,1,9,3,1,2,2
4,2,4,38,0.8,1,1,1,1,1,268.5,1,15,1,3,1,3,16,1,3,1,3
4,2,4,39,0.2,1,2,1,1,1,272.95,1,7,3,3,3,3,16,3,3,2,2
4,2,4,40,0.4,1,2,1,1,1,412.05,0,12,1,1,1,1,4,3,1,2,2
4,2,4,41,1.8,1,3,1,1,1,246.14,1,8,3,3,3,3,3,1,1,3,3
4,2,4,42,0.8,1,2,1,1,1,219.1,1,15,1,1,1,1,17,3,3,2,2
4,2,4,43,0.05,1,3,1,1,1,264.96,1,12,3,1,3,1,11,3,1,1,3
4,2,4,44,0.4,3,2,2,2,1,265.47,1,9,1,3,3,1,8,3,1,2,2
4,2,4,45,0.1,1,3,1,1,1,281.17,1,13,1,1,1,1,10,1,1,3,3
4,2,4,46,1.8,1,3,1,1,1,228.72,1,5,1,3,1,3,16,1,1,3,3
4,2,4,47,0.05,1,3,1,1,1,306.54,0,1,1,1,1,1,1,1,3,3,1
4,2,4,48,0.1,1,1,1,1,1,219.62,1,17,3,3,3,3,11,1,1,1,1
4,2,4,49,0.2,2,1,2,1,0,272.42,1,9,3,3,2,2,12,1,1,1,1
4,2,4,50,0.05,2,2,2,2,1,299.38,1,8,1,3,2,2,8,1,3,2,2
4,2,4,51,0.4,3,1,2,2,1,254.55,1,16,3,3,1,1,3,3,1,3,1
4,2,4,52,0.8,1,1,1,1,1,231.59,1,5,1,1,1,1,19,3,1,3,1
4,2,4,53,0.4,1,3,1,1,1,221.72,1,5,3,1,3,1,7,1,1,3,3
4,2,4,54,0.2,1,2,1,1,1,223.68,1,2,3,3,3,3,12,3,3,2,2
4,2,4,55,0.1,1,2,1,1,1,246.2,1,16,1,1,1,1,15,3,1,2,2
4,2,4,56,0.2,3,2,2,2,1,233.55,1,15,3,3,1,1,7,1,1,2,2
4,2,4,57,1.8,3,3,2,2,1,243.12,1,15,3,1,1,3,9,3,1,1,3
4,2,4,58,0.2,1,1,1,1,1,229.52,1,13,1,1,1,1,20,3,1,3,1
4,2,4,59,0.1,2,1,2,2,1,308.36,0,8,1,1,2,2,9,1,1,1,1
4,2,4,60,0.4,1,1,1,1,1,244.48,1,8,1,1,1,1,14,1,1,1,1
4,2,4,61,0.8,3,1,2,2,1,258.41,1,9,3,3,1,1,14,1,1,1,1
4,2,4,62,1.8,2,1,2,2,1,238.48,1,11,3,3,2,2,8,1,3,1,3
4,2,4,63,1.8,3,1,2,2,1,257.2,1,19,1,1,3,3,9,1,3,1,3
4,2,4,64,1.8,1,1,1,1,1,268.57,1,4,3,3,3,3,13,1,3,1,3
4,2,4,65,0.8,2,1,2,2,1,280.6,1,15,3,3,2,2,17,1,1,1,1
4,2,4,66,0.05,2,3,2,1,0,288.3,1,10,1,1,2,2,18,1,1,3,3
4,2,4,67,0.1,1,2,1,1,1,279.88,1,18,1,3,1,3,15,3,3,2,2
4,2,4,68,0.05,1,3,1,1,1,279.64,1,15,3,1,3,1,18,1,1,3,3
4,2,4,69,0.2,1,2,1,1,1,234.41,1,16,1,1,1,1,14,1,1,2,2
4,2,4,70,0.05,3,2,2,2,1,307.42,0,2,3,1,1,3,1,1,1,2,2
4,2,4,71,0.1,1,2,1,1,1,230.48,1,14,3,3,3,3,15,1,3,2,2
4,2,4,72,1.8,3,2,2,2,1,227.79,1,4,1,1,3,3,5,1,3,2,2
4,2,4,73,0.05,1,3,1,1,1,264.41,1,7,1,1,1,1,14,1,3,3,1
4,2,4,74,1.8,1,2,1,1,1,231.99,1,20,1,1,1,1,11,3,3,2,2
4,2,4,75,1.8,2,1,2,2,1,230.69,1,6,1,1,2,2,11,3,3,3,3
4,2,4,76,0.8,1,1,1,1,1,245.18,1,11,1,3,1,3,5,1,3,1,3
4,2,4,77,0.4,3,1,2,2,1,221.96,1,9,3,1,1,3,14,3,1,3,1
4,2,4,78,0.4,1,1,1,1,1,289.03,1,4,1,1,1,1,15,1,3,1,3
4,2,5,1,0.8,3,1,2,2,1,246.11,1,15,3,1,1,3,5,1,3,1,3
4,2,5,2,1.8,3,1,2,2,1,239.1,1,14,1,1,3,3,13,1,3,1,3
4,2,5,3,0.05,3,1,2,2,1,308.91,0,8,3,3,1,1,9,3,3,3,3
4,2,5,4,0.4,1,1,1,1,1,242.82,1,1,3,3,3,3,13,1,1,1,1
4,2,5,5,0.4,3,2,2,2,1,235.6,1,2,3,1,1,3,8,3,3,2,2
4,2,5,6,0.2,3,3,2,2,1,286.9,1,10,1,1,3,3,18,1,3,3,1
4,2,5,7,0.2,3,3,2,1,0,311.33,0,3,3,1,1,3,14,1,3,3,1
4,2,5,8,0.8,1,1,1,1,1,240.13,1,18,3,1,3,1,10,3,3,3,3
4,2,5,9,0.2,1,1,1,1,1,242.99,1,20,3,3,3,3,15,3,3,3,3
4,2,5,10,0.4,3,2,2,2,1,241.48,1,17,1,3,3,1,9,1,1,2,2
4,2,5,11,0.8,1,1,1,1,1,259.72,1,15,1,3,1,3,4,1,1,1,1
4,2,5,12,0.2,1,2,1,1,1,280.15,1,6,3,1,3,1,11,1,3,2,2
4,2,5,13,0.1,2,2,2,2,1,274.29,1,5,3,3,2,2,8,1,3,2,2
4,2,5,14,0.05,2,3,2,2,1,400.57,0,8,1,1,2,2,14,1,1,3,3
4,2,5,15,0.4,1,3,1,1,1,227.2,1,3,1,3,1,3,4,1,1,3,3
4,2,5,16,0.4,1,2,1,1,1,205.3,1,18,1,1,1,1,8,3,3,2,2
4,2,5,17,0.4,3,1,2,2,1,265.35,1,19,3,3,1,1,1,3,1,3,1
4,2,5,18,0.2,2,3,2,2,1,265.18,1,7,1,3,2,2,19,1,3,3,1
4,2,5,19,0.05,3,3,2,2,1,308.75,0,7,1,3,3,1,8,3,3,1,1
4,2,5,20,0.05,2,2,2,2,1,357.37,0,13,3,1,2,2,1,3,3,2,2
4,2,5,21,0.8,1,3,1,1,1,238.02,1,2,3,3,3,3,7,3,3,1,1
4,2,5,22,0.05,1,3,1,1,1,291.64,1,9,3,1,3,1,5,3,1,1,3
4,2,5,23,0.2,2,2,2,2,1,235.56,1,2,3,3,2,2,8,1,1,2,2
4,2,5,24,1.8,1,1,1,1,1,239.58,1,17,1,3,1,3,11,3,3,3,3
4,2,5,25,1.8,1,1,1,1,1,214,1,4,1,1,1,1,19,3,1,3,1
4,2,5,26,0.2,1,2,1,1,1,280.43,1,1,3,3,3,3,8,1,1,2,2
4,2,5,27,0.8,1,3,1,1,1,257.39,1,6,3,3,3,3,6,1,1,3,3
4,2,5,28,0.1,1,3,1,1,1,292.66,1,17,1,3,1,3,14,1,3,3,1
4,2,5,29,0.05,1,1,1,1,1,294.15,1,18,1,1,1,1,9,3,3,3,3
4,2,5,30,0.05,3,1,2,2,1,294.67,1,11,1,3,3,1,11,1,3,1,3
4,2,5,31,1.8,2,1,2,2,1,269.75,1,12,3,1,2,2,2,1,1,1,1
4,2,5,32,0.2,2,2,2,2,1,274.98,1,18,1,1,2,2,12,1,3,2,2
4,2,5,33,0.1,3,1,2,2,1,282.38,1,20,1,1,3,3,20,3,1,3,1
4,2,5,34,0.4,2,3,2,2,1,253.34,1,13,3,3,2,2,11,3,3,1,1
4,2,5,35,0.05,2,2,2,2,1,305.05,0,4,1,1,2,2,15,1,1,2,2
4,2,5,36,0.1,1,3,1,1,1,243.68,1,7,1,1,1,1,7,3,1,1,3
4,2,5,37,1.8,2,3,2,2,1,277.02,1,18,3,1,2,2,6,3,3,1,1
4,2,5,38,0.8,3,2,2,2,1,267.66,1,9,1,1,3,3,1,1,1,2,2
4,2,5,39,0.1,1,1,1,1,1,317.49,0,2,3,1,3,1,4,1,1,1,1
4,2,5,40,1.8,1,1,1,1,1,229.87,1,8,3,3,3,3,12,1,1,1,1
4,2,5,41,0.05,3,1,2,2,1,271.85,1,18,1,3,3,1,10,1,3,1,3
4,2,5,42,1.8,3,2,2,1,0,252,1,7,3,3,1,1,7,1,3,2,2
4,2,5,43,0.8,1,1,1,2,0,266.47,1,19,3,3,3,3,8,1,3,1,3
4,2,5,44,0.05,1,3,1,1,1,270.22,1,20,3,3,3,3,5,3,3,1,1
4,2,5,45,0.05,3,1,2,2,1,341.62,0,20,3,3,1,1,8,3,1,3,1
4,2,5,46,1.8,2,2,2,2,1,278.54,1,2,1,1,2,2,4,3,1,2,2
4,2,5,47,0.1,2,3,2,1,0,252.39,1,4,1,1,2,2,1,1,1,3,3
4,2,5,48,0.1,3,3,2,1,0,252.47,1,13,1,3,3,1,6,1,1,3,3
4,2,5,49,0.8,2,1,2,1,0,282.99,1,15,3,3,2,2,5,3,1,3,1
4,2,5,50,0.4,3,3,2,2,1,250.57,1,11,1,3,3,1,17,1,1,3,3
4,2,5,51,0.4,1,2,1,1,1,262.22,1,9,3,3,3,3,18,3,3,2,2
4,2,5,52,0.1,1,2,1,1,1,242.61,1,10,3,1,3,1,7,3,1,2,2
4,2,5,53,0.2,1,1,1,1,1,444.46,0,20,3,3,3,3,10,1,1,1,1
4,2,5,54,0.1,1,1,1,1,1,222.97,1,6,1,3,1,3,13,1,1,1,1
4,2,5,55,0.4,3,3,2,2,1,237.56,1,11,1,1,3,3,5,3,3,1,1
4,2,5,56,0.4,3,3,2,2,1,235.41,1,5,1,3,3,1,5,1,3,3,1
4,2,5,57,0.8,2,3,NaN,NaN,NaN,NaN,NaN,19,1,1,2,2,15,1,3,3,1
4,2,5,58,1.8,1,3,1,1,1,228.02,1,6,3,3,3,3,16,1,1,3,3
4,2,5,59,0.8,2,1,2,1,0,243.03,1,12,3,1,2,2,3,1,3,1,3
4,2,5,60,0.2,2,3,2,2,1,260.77,1,5,3,3,2,2,10,1,3,3,1
4,2,5,61,0.4,1,3,1,1,1,222.63,1,12,3,1,3,1,12,3,1,1,3
4,2,5,62,0.05,1,3,1,1,1,313.69,0,5,3,1,3,1,10,3,3,1,1
4,2,5,63,0.8,1,1,1,1,1,493.75,0,1,1,1,1,1,16,3,1,3,1
4,2,5,64,0.1,3,1,2,2,1,267.55,1,11,3,3,1,1,19,1,1,1,1
4,2,5,65,1.8,2,2,2,2,1,235.62,1,19,1,1,2,2,19,3,3,2,2
4,2,5,66,0.8,1,1,1,1,1,244.14,1,1,1,3,1,3,5,3,3,3,3
4,2,5,67,0.05,2,2,2,1,0,268.2,1,4,1,3,2,2,1,1,3,2,2
4,2,5,68,0.4,2,3,2,2,1,257.95,1,20,3,3,2,2,12,1,3,3,1
4,2,5,69,0.8,2,1,2,2,1,256.01,1,5,1,1,2,2,3,1,3,1,3
4,2,5,70,0.2,1,3,1,1,1,259.02,1,19,1,1,1,1,12,1,3,3,1
4,2,5,71,1.8,2,1,2,1,0,271.82,1,12,3,1,2,2,5,3,1,3,1
4,2,5,72,0.2,3,2,2,2,1,251.44,1,9,3,1,1,3,18,3,1,2,2
4,2,5,73,0.1,1,1,1,1,1,284.77,1,6,3,3,3,3,15,3,1,3,1
4,2,5,74,0.1,1,3,1,1,1,286.57,1,17,1,3,1,3,13,1,1,3,3
4,2,5,75,1.8,3,1,2,2,1,254.12,1,6,3,3,1,1,13,3,1,3,1
4,2,5,76,0.1,3,2,2,2,1,285.16,1,11,3,1,1,3,4,1,1,2,2
4,2,5,77,1.8,1,2,1,1,1,224.41,1,14,3,1,3,1,19,1,3,2,2
4,2,5,78,0.2,3,2,2,2,1,293.13,1,17,3,1,1,3,17,3,1,2,2
4,2,6,1,0.4,3,2,2,2,1,231.78,1,7,3,3,1,1,8,3,1,2,2
4,2,6,2,0.05,1,2,1,1,1,231.07,1,10,1,3,1,3,1,3,3,2,2
4,2,6,3,0.4,2,3,2,2,1,241.54,1,8,1,1,2,2,3,3,3,1,1
4,2,6,4,0.1,1,1,1,1,1,230.08,1,16,1,1,1,1,14,3,1,3,1
4,2,6,5,0.8,3,3,2,2,1,227.9,1,3,3,1,1,3,5,1,1,3,3
4,2,6,6,0.2,1,3,1,1,1,225.46,1,19,3,3,3,3,7,1,1,3,3
4,2,6,7,0.2,1,1,1,1,1,239.75,1,12,3,3,3,3,17,1,1,1,1
4,2,6,8,0.05,1,1,1,1,1,278.32,1,14,1,3,1,3,7,3,3,3,3
4,2,6,9,0.2,2,2,2,2,1,399.1,0,6,1,1,2,2,3,1,3,2,2
4,2,6,10,0.4,3,3,2,2,1,234.58,1,4,1,1,3,3,20,1,3,3,1
4,2,6,11,0.8,1,2,NaN,NaN,NaN,NaN,NaN,8,1,3,1,3,1,1,3,2,2
4,2,6,12,0.2,1,3,1,1,1,228.55,1,20,3,1,3,1,2,3,3,1,1
4,2,6,13,0.4,2,2,2,2,1,233.97,1,4,3,1,2,2,1,3,1,2,2
4,2,6,14,0.8,2,1,2,2,1,228.12,1,5,3,3,2,2,13,1,3,1,3
4,2,6,15,0.05,2,3,2,1,0,324.34,0,20,1,1,2,2,7,3,3,1,1
4,2,6,16,0.2,1,1,1,1,1,257.33,1,9,3,3,3,3,8,3,3,3,3
4,2,6,17,0.8,1,2,1,1,1,215.64,1,9,3,3,3,3,18,1,1,2,2
4,2,6,18,0.1,1,3,1,1,1,276,1,10,1,3,1,3,12,3,3,1,1
4,2,6,19,0.2,2,1,2,1,0,323.13,0,11,1,1,2,2,6,3,3,3,3
4,2,6,20,0.1,1,3,1,1,1,295.05,1,16,3,1,3,1,5,1,1,3,3
4,2,6,21,0.1,1,1,1,1,1,260.58,1,8,1,3,1,3,16,3,1,3,1
4,2,6,22,0.4,1,3,1,1,1,277.05,1,4,3,3,3,3,16,1,3,3,1
4,2,6,23,0.2,3,2,2,2,1,264.08,1,20,1,3,3,1,18,3,3,2,2
4,2,6,24,0.05,1,1,1,1,1,322.06,0,3,3,1,3,1,7,3,3,3,3
4,2,6,25,1.8,2,3,2,2,1,241.75,1,3,3,3,2,2,20,1,1,3,3
4,2,6,26,0.05,3,3,2,2,1,282.3,1,18,1,3,3,1,18,1,3,3,1
4,2,6,27,0.4,2,2,2,2,1,283.97,1,11,3,1,2,2,12,1,1,2,2
4,2,6,28,0.1,1,3,1,1,1,285.15,1,13,3,1,3,1,15,3,3,1,1
4,2,6,29,0.1,1,2,1,1,1,278.11,1,17,3,3,3,3,13,3,1,2,2
4,2,6,30,0.8,3,3,2,2,1,211.02,1,7,3,1,1,3,8,1,1,3,3
4,2,6,31,0.4,3,1,2,2,1,225.91,1,6,3,3,1,1,17,1,3,1,3
4,2,6,32,0.2,1,3,1,2,0,240.8,1,14,3,1,3,1,15,3,1,1,3
4,2,6,33,0.2,2,2,2,2,1,266.6,1,20,1,1,2,2,1,1,1,2,2
4,2,6,34,0.1,3,2,2,2,1,281.34,1,12,3,3,1,1,8,3,3,2,2
4,2,6,35,0.05,2,2,2,2,1,393.66,0,5,3,3,2,2,4,1,1,2,2
4,2,6,36,0.2,1,1,1,1,1,249.53,1,17,1,1,1,1,7,3,1,3,1
4,2,6,37,0.1,2,1,2,1,0,266.23,1,20,3,3,2,2,1,3,3,3,3
4,2,6,38,0.05,1,1,1,1,1,306.36,0,14,3,1,3,1,6,1,1,1,1
4,2,6,39,0.1,1,2,1,1,1,239.42,1,19,1,1,1,1,13,1,1,2,2
4,2,6,40,0.8,3,3,2,2,1,239.02,1,3,3,1,1,3,19,1,3,3,1
4,2,6,41,0.05,3,1,2,2,1,330.56,0,11,3,1,1,3,11,1,1,1,1
4,2,6,42,0.2,2,3,2,1,0,227.69,1,7,3,3,2,2,6,1,3,3,1
4,2,6,43,0.1,2,1,2,1,0,310.13,0,9,1,3,2,2,10,1,3,1,3
4,2,6,44,0.1,2,1,2,1,0,265.26,1,12,1,3,2,2,3,3,3,3,3
4,2,6,45,1.8,2,3,2,2,1,263.76,1,11,3,3,2,2,5,3,1,1,3
4,2,6,46,0.4,1,1,1,2,0,264.43,1,9,1,1,1,1,19,3,3,3,3
4,2,6,47,1.8,1,1,1,1,1,249.05,1,17,3,3,3,3,6,1,1,1,1
4,2,6,48,1.8,2,2,2,2,1,215.72,1,2,3,1,2,2,18,3,3,2,2
4,2,6,49,0.05,1,2,1,1,1,335.15,0,16,1,1,1,1,1,3,1,2,2
4,2,6,50,0.4,1,2,1,1,1,206.21,1,16,3,1,3,1,10,3,1,2,2
4,2,6,51,0.4,3,1,2,2,1,213.79,1,3,1,3,3,1,7,3,1,3,1
4,2,6,52,1.8,3,1,2,2,1,235.41,1,4,3,3,1,1,16,1,3,1,3
4,2,6,53,0.05,3,2,2,2,1,325.06,0,4,3,3,1,1,12,3,1,2,2
4,2,6,54,1.8,3,2,2,2,1,243.28,1,1,1,1,3,3,8,3,1,2,2
4,2,6,55,0.1,3,1,2,2,1,253.25,1,11,1,3,3,1,4,3,3,3,3
4,2,6,56,1.8,1,3,1,1,1,261.26,1,7,1,3,1,3,5,3,1,1,3
4,2,6,57,1.8,1,3,1,1,1,231.52,1,4,1,1,1,1,14,3,1,1,3
4,2,6,58,1.8,1,1,1,1,1,230.59,1,7,3,1,3,1,11,3,3,3,3
4,2,6,59,0.8,2,1,2,2,1,225.93,1,13,3,1,2,2,5,1,3,1,3
4,2,6,60,1.8,2,2,2,1,0,236.46,1,18,1,1,2,2,17,3,1,2,2
4,2,6,61,0.2,1,3,1,1,1,255.68,1,1,1,3,1,3,11,1,1,3,3
4,2,6,62,0.8,1,1,1,1,1,243.57,1,10,1,1,1,1,3,1,3,1,3
4,2,6,63,1.8,1,1,1,1,1,272.39,1,12,1,1,1,1,14,1,3,1,3
4,2,6,64,0.8,1,1,1,1,1,269.54,1,16,1,1,1,1,8,3,1,3,1
4,2,6,65,0.8,1,1,1,1,1,222.26,1,11,1,3,1,3,12,3,3,3,3
4,2,6,66,0.1,1,1,1,1,1,279.51,1,4,3,1,3,1,9,3,3,3,3
4,2,6,67,0.4,3,1,2,2,1,255.66,1,8,1,1,3,3,19,3,3,3,3
4,2,6,68,0.8,3,3,2,2,1,268.37,1,9,1,3,3,1,3,1,1,3,3
4,2,6,69,0.8,2,2,2,2,1,434.83,0,6,3,3,2,2,9,3,3,2,2
4,2,6,70,0.4,3,1,2,2,1,209.06,1,6,3,3,1,1,11,3,3,3,3
4,2,6,71,0.4,1,1,1,1,1,224.89,1,12,3,3,3,3,10,3,3,3,3
4,2,6,72,0.05,2,1,2,2,1,341.16,0,3,3,3,2,2,7,1,3,1,3
4,2,6,73,0.8,1,1,1,1,1,233.35,1,5,1,3,1,3,8,3,1,3,1
4,2,6,74,0.2,3,3,2,2,1,250,1,19,3,3,1,1,19,3,3,1,1
4,2,6,75,1.8,3,1,2,2,1,248.94,1,20,1,1,3,3,1,3,1,3,1
4,2,6,76,0.05,3,2,2,2,1,382.84,0,19,3,3,1,1,6,1,1,2,2
4,2,6,77,0.05,3,2,2,2,1,308.79,0,18,1,3,3,1,3,3,1,2,2
4,2,6,78,1.8,3,1,2,2,1,223.75,1,3,1,3,3,1,2,1,1,1,1
4,2,7,1,0.8,1,3,1,1,1,236.88,1,2,1,1,1,1,15,3,1,1,3
4,2,7,2,0.1,1,1,1,1,1,276.15,1,5,3,1,3,1,13,1,3,1,3
4,2,7,3,0.1,2,3,2,2,1,292.7,1,7,1,1,2,2,10,1,3,3,1
4,2,7,4,1.8,2,1,2,1,0,229.97,1,13,3,3,2,2,14,1,3,1,3
4,2,7,5,1.8,3,3,2,2,1,226.07,1,7,3,3,1,1,1,3,1,1,3
4,2,7,6,0.8,3,3,2,2,1,372.02,0,17,1,1,3,3,15,1,3,3,1
4,2,7,7,1.8,3,2,2,2,1,193.95,1,12,1,3,3,1,10,1,3,2,2
4,2,7,8,0.1,3,2,2,2,1,276.54,1,2,3,3,1,1,14,3,1,2,2
4,2,7,9,0.05,2,1,2,2,1,332.04,0,16,1,3,2,2,11,1,3,1,3
4,2,7,10,0.1,2,2,2,1,0,298.88,1,3,1,3,2,2,14,1,1,2,2
4,2,7,11,0.05,1,2,1,1,1,340.6,0,4,1,3,1,3,7,3,1,2,2
4,2,7,12,0.2,1,3,1,1,1,244.91,1,5,1,3,1,3,16,3,1,1,3
4,2,7,13,0.8,1,2,1,1,1,232.76,1,9,1,3,1,3,18,3,3,2,2
4,2,7,14,0.2,3,3,2,2,1,279.2,1,16,1,3,3,1,20,1,3,3,1
4,2,7,15,0.05,3,1,2,2,1,322.48,0,1,1,3,3,1,6,3,3,3,3
4,2,7,16,0.8,3,3,2,2,1,249.19,1,17,1,1,3,3,2,3,1,1,3
4,2,7,17,0.1,2,1,2,2,1,296.95,1,19,3,1,2,2,3,3,1,3,1
4,2,7,18,0.05,3,3,2,2,1,312.01,0,1,3,1,1,3,4,1,3,3,1
4,2,7,19,1.8,1,2,1,1,1,237.38,1,19,3,3,3,3,2,3,1,2,2
4,2,7,20,1.8,1,3,1,1,1,304.17,0,20,1,1,1,1,16,3,3,1,1
4,2,7,21,1.8,3,3,2,2,1,237.28,1,2,3,3,1,1,13,1,3,3,1
4,2,7,22,0.2,2,2,2,2,1,243.79,1,15,1,1,2,2,16,3,3,2,2
4,2,7,23,0.2,3,1,2,2,1,238.28,1,9,3,3,1,1,1,1,1,1,1
4,2,7,24,0.05,2,1,2,2,1,307.31,0,2,3,3,2,2,16,1,3,1,3
4,2,7,25,0.2,3,1,2,2,1,251.76,1,20,3,3,1,1,9,3,3,3,3
4,2,7,26,0.05,1,3,1,1,1,331.6,0,20,3,3,3,3,20,3,1,1,3
4,2,7,27,0.4,1,1,1,1,1,235.66,1,6,3,3,3,3,20,1,1,1,1
4,2,7,28,1.8,1,2,1,2,0,254.5,1,15,1,1,1,1,6,3,3,2,2
4,2,7,29,0.2,3,1,2,2,1,232.52,1,13,1,3,3,1,7,1,3,1,3
4,2,7,30,0.2,1,1,1,1,1,240.51,1,18,1,1,1,1,14,1,1,1,1
4,2,7,31,0.4,2,3,2,2,1,255.56,1,5,3,3,2,2,13,1,1,3,3
4,2,7,32,0.1,1,1,1,1,1,288.05,1,5,1,1,1,1,6,3,1,3,1
4,2,7,33,0.05,1,2,1,1,1,267.28,1,4,1,1,1,1,18,3,1,2,2
4,2,7,34,0.8,2,3,2,1,0,261.48,1,3,1,3,2,2,3,3,3,1,1
4,2,7,35,0.1,1,3,1,1,1,276.9,1,10,3,1,3,1,9,1,1,3,3
4,2,7,36,0.4,1,3,1,1,1,204.03,1,11,1,1,1,1,15,1,3,3,1
4,2,7,37,1.8,1,1,1,1,1,229.51,1,13,1,1,1,1,8,1,1,1,1
4,2,7,38,0.05,1,1,1,1,1,308.09,0,16,3,3,3,3,19,3,1,3,1
4,2,7,39,0.4,3,3,2,2,1,238.06,1,17,1,3,3,1,15,1,1,3,3
4,2,7,40,0.1,1,2,1,1,1,260.35,1,13,3,1,3,1,8,1,1,2,2
4,2,7,41,0.2,1,3,1,1,1,214.55,1,20,3,1,3,1,19,1,1,3,3
4,2,7,42,0.1,2,2,2,1,0,268.11,1,7,1,1,2,2,14,3,1,2,2
4,2,7,43,1.8,3,2,2,2,1,219.36,1,5,1,1,3,3,1,1,1,2,2
4,2,7,44,0.05,3,1,2,2,1,306.18,0,5,3,3,1,1,19,3,1,3,1
4,2,7,45,0.8,1,2,1,1,1,259.81,1,8,1,3,1,3,1,3,3,2,2
4,2,7,46,0.4,1,3,1,1,1,249.38,1,8,3,1,3,1,20,1,3,3,1
4,2,7,47,0.4,1,2,1,1,1,280.14,1,10,3,1,3,1,8,1,1,2,2
4,2,7,48,0.2,2,3,2,2,1,232.91,1,7,1,1,2,2,9,1,3,3,1
4,2,7,49,0.4,3,1,2,2,1,230.92,1,20,3,1,1,3,8,1,1,1,1
4,2,7,50,0.05,1,2,1,1,1,274.2,1,8,3,3,3,3,13,1,3,2,2
4,2,7,51,0.4,1,2,1,1,1,372.71,0,19,3,1,3,1,1,1,1,2,2
4,2,7,52,0.4,2,3,2,1,0,271.44,1,18,1,1,2,2,15,3,3,1,1
4,2,7,53,0.05,3,1,2,2,1,304.9,0,9,1,1,3,3,2,1,3,1,3
4,2,7,54,1.8,1,2,1,1,1,237.01,1,2,1,3,1,3,14,1,3,2,2
4,2,7,55,0.8,3,3,2,2,1,226.01,1,5,3,3,1,1,3,3,1,1,3
4,2,7,56,0.05,1,1,1,1,1,309.23,0,18,3,3,3,3,15,1,1,1,1
4,2,7,57,0.2,1,1,1,1,1,224.54,1,10,3,3,3,3,19,3,3,3,3
4,2,7,58,0.4,1,1,1,1,1,199.36,1,16,1,3,1,3,7,3,3,3,3
4,2,7,59,0.1,1,1,1,1,1,280.18,1,3,1,1,1,1,19,3,3,3,3
4,2,7,60,0.2,1,2,1,1,1,264.38,1,17,1,1,1,1,13,1,1,2,2
4,2,7,61,1.8,3,1,2,2,1,227.38,1,9,1,3,3,1,19,1,3,1,3
4,2,7,62,1.8,3,3,2,2,1,238.01,1,5,1,3,3,1,1,1,3,3,1
4,2,7,63,0.05,2,1,2,1,0,267.38,1,15,1,3,2,2,14,1,1,1,1
4,2,7,64,0.8,1,2,1,1,1,214.5,1,1,3,1,3,1,19,1,1,2,2
4,2,7,65,0.8,2,3,2,2,1,281.41,1,8,3,1,2,2,4,1,3,3,1
4,2,7,66,0.2,2,3,2,2,1,246.83,1,9,3,3,2,2,4,3,3,1,1
4,2,7,67,1.8,3,1,2,2,1,263.82,1,16,3,3,1,1,7,3,3,3,3
4,2,7,68,0.4,3,1,2,2,1,243.16,1,16,1,1,3,3,17,3,1,3,1
4,2,7,69,0.4,1,2,1,1,1,269.19,1,11,1,3,1,3,8,3,3,2,2
4,2,7,70,0.8,1,2,1,1,1,243.55,1,16,1,3,1,3,2,1,1,2,2
4,2,7,71,0.4,1,3,1,1,1,219.61,1,7,1,1,1,1,10,1,3,3,1
4,2,7,72,0.1,3,3,2,2,1,258.99,1,1,3,3,1,1,9,3,1,1,3
4,2,7,73,0.1,2,3,2,2,1,352.16,0,10,3,3,2,2,7,3,3,1,1
4,2,7,74,0.8,1,1,1,1,1,243.82,1,11,3,1,3,1,7,3,3,3,3
4,2,7,75,0.8,3,3,2,2,1,237.41,1,12,1,1,3,3,2,3,1,1,3
4,2,7,76,0.1,1,2,1,1,1,244.29,1,13,3,3,3,3,2,3,3,2,2
4,2,7,77,0.8,1,3,1,1,1,268,1,14,1,3,1,3,12,1,3,3,1
4,2,7,78,0.2,1,3,1,1,1,223.91,1,12,1,1,1,1,1,1,3,3,1
4,2,8,1,0.1,3,3,2,2,1,304.61,0,11,3,1,1,3,9,1,3,3,1
4,2,8,2,0.4,3,2,2,2,1,225.58,1,18,1,3,3,1,15,3,1,2,2
4,2,8,3,0.05,3,2,2,1,0,283.83,1,6,3,1,1,3,2,3,3,2,2
4,2,8,4,0.4,1,2,1,1,1,241.34,1,7,1,3,1,3,1,3,3,2,2
4,2,8,5,0.2,1,1,1,1,1,314.09,0,2,1,1,1,1,17,1,3,1,3
4,2,8,6,0.8,3,2,2,2,1,206.63,1,6,3,3,1,1,1,3,3,2,2
4,2,8,7,0.8,1,2,1,1,1,451.23,0,11,3,1,3,1,20,1,1,2,2
4,2,8,8,0.2,3,3,2,2,1,214.56,1,5,1,3,3,1,7,3,1,1,3
4,2,8,9,0.2,1,3,1,1,1,246.74,1,10,3,1,3,1,3,1,1,3,3
4,2,8,10,0.1,2,1,2,1,0,272.52,1,2,3,1,2,2,10,3,1,3,1
4,2,8,11,0.2,2,3,2,2,1,256.18,1,16,1,1,2,2,1,1,3,3,1
4,2,8,12,0.1,1,2,1,1,1,296.75,1,8,3,3,3,3,1,1,3,2,2
4,2,8,13,0.4,2,3,2,2,1,257.76,1,11,1,3,2,2,9,3,1,1,3
4,2,8,14,0.8,1,3,1,1,1,264.8,1,20,3,3,3,3,11,3,1,1,3
4,2,8,15,0.1,3,2,2,2,1,332.06,0,10,1,1,3,3,12,3,3,2,2
4,2,8,16,0.4,1,2,1,1,1,249.16,1,13,3,3,3,3,20,1,3,2,2
4,2,8,17,0.05,2,3,2,2,1,333.49,0,13,3,3,2,2,19,3,3,1,1
4,2,8,18,0.05,1,3,1,1,1,283.96,1,20,3,3,3,3,17,3,3,1,1
4,2,8,19,1.8,1,3,1,1,1,225.56,1,12,3,1,3,1,5,1,3,3,1
4,2,8,20,0.4,1,1,1,1,1,225.74,1,12,1,3,1,3,1,1,1,1,1
4,2,8,21,0.8,1,2,1,1,1,217.41,1,10,3,3,3,3,18,1,3,2,2
4,2,8,22,0.2,2,1,2,2,1,222.58,1,13,1,3,2,2,9,1,1,1,1
4,2,8,23,1.8,3,3,2,2,1,260.17,1,4,1,3,3,1,19,1,3,3,1
4,2,8,24,0.05,1,1,1,1,1,314.97,0,18,1,1,1,1,17,1,3,1,3
4,2,8,25,0.8,2,3,2,2,1,244.81,1,8,3,3,2,2,18,3,1,1,3
4,2,8,26,0.2,1,2,1,1,1,231.9,1,8,3,3,3,3,1,3,3,2,2
4,2,8,27,0.05,1,2,1,1,1,287.12,1,17,1,3,1,3,2,1,3,2,2
4,2,8,28,1.8,1,1,1,2,0,267.1,1,20,3,3,3,3,10,3,3,3,3
4,2,8,29,0.8,2,3,2,1,0,255.03,1,19,3,1,2,2,10,1,1,3,3
4,2,8,30,0.8,1,2,1,1,1,261.34,1,12,1,3,1,3,14,3,1,2,2
4,2,8,31,0.1,3,1,2,2,1,329.89,0,2,1,3,3,1,1,1,1,1,1
4,2,8,32,0.2,3,1,2,2,1,346.87,0,13,1,1,3,3,3,1,1,1,1
4,2,8,33,0.8,1,1,1,2,0,220.76,1,8,3,1,3,1,1,1,1,1,1
4,2,8,34,0.4,1,3,1,1,1,209.64,1,18,1,1,1,1,5,3,1,1,3
4,2,8,35,1.8,1,2,1,1,1,215.17,1,6,3,1,3,1,7,3,1,2,2
4,2,8,36,0.1,1,3,1,1,1,250.55,1,2,1,3,1,3,5,3,1,1,3
4,2,8,37,0.1,1,1,1,1,1,276.38,1,7,1,3,1,3,15,1,1,1,1
4,2,8,38,0.05,1,1,1,1,1,296.58,1,11,3,3,3,3,6,1,1,1,1
4,2,8,39,0.1,1,3,1,1,1,208.51,1,8,1,3,1,3,6,3,1,1,3
4,2,8,40,0.2,3,2,2,2,1,190.82,1,8,1,3,3,1,8,1,1,2,2
4,2,8,41,0.05,2,1,2,1,0,358.85,0,17,1,1,2,2,14,1,3,1,3
4,2,8,42,0.05,1,3,1,1,1,260.48,1,4,1,1,1,1,5,1,1,3,3
4,2,8,43,0.05,2,2,2,2,1,292.79,1,3,3,3,2,2,20,3,1,2,2
4,2,8,44,0.2,1,1,1,2,0,246.58,1,6,3,3,3,3,2,3,3,3,3
4,2,8,45,0.4,1,2,1,1,1,220.79,1,2,3,3,3,3,11,3,1,2,2
4,2,8,46,0.05,3,1,2,1,0,286.59,1,20,1,3,3,1,15,1,3,1,3
4,2,8,47,0.4,1,1,1,1,1,222.73,1,19,1,1,1,1,8,3,1,3,1
4,2,8,48,0.2,2,3,2,2,1,233.99,1,13,1,1,2,2,15,1,3,3,1
4,2,8,49,0.05,1,2,1,1,1,254.94,1,1,1,1,1,1,11,1,1,2,2
4,2,8,50,1.8,2,3,2,1,0,205.11,1,13,3,3,2,2,1,3,3,1,1
4,2,8,51,0.2,1,2,1,1,1,266.01,1,18,1,3,1,3,20,3,3,2,2
4,2,8,52,0.4,1,3,1,1,1,196.6,1,18,1,1,1,1,7,3,3,1,1
4,2,8,53,0.8,2,1,2,2,1,232.49,1,6,1,1,2,2,13,3,3,3,3
4,2,8,54,0.05,1,3,1,1,1,280.38,1,13,3,1,3,1,16,1,3,3,1
4,2,8,55,0.1,1,3,1,1,1,319.3,0,9,3,1,3,1,7,1,1,3,3
4,2,8,56,1.8,2,1,2,2,1,217.89,1,8,3,1,2,2,12,1,3,1,3
4,2,8,57,1.8,2,3,2,2,1,226.45,1,9,3,3,2,2,13,3,1,1,3
4,2,8,58,1.8,2,2,2,2,1,239.39,1,14,3,1,2,2,1,1,1,2,2
4,2,8,59,0.8,1,3,1,1,1,223.42,1,20,3,1,3,1,10,3,1,1,3
4,2,8,60,0.8,1,2,1,1,1,259.24,1,16,1,1,1,1,20,3,1,2,2
4,2,8,61,0.05,1,2,1,1,1,280.24,1,3,1,1,1,1,10,3,3,2,2
4,2,8,62,1.8,3,2,2,2,1,248.22,1,2,3,1,1,3,19,3,3,2,2
4,2,8,63,1.8,1,1,1,1,1,215.99,1,13,1,1,1,1,16,1,1,1,1
4,2,8,64,0.2,1,3,1,1,1,238.12,1,19,3,3,3,3,8,1,3,3,1
4,2,8,65,1.8,2,3,2,2,1,260.4,1,6,3,1,2,2,13,3,1,1,3
4,2,8,66,0.4,2,3,2,2,1,261.75,1,6,3,1,2,2,17,3,3,1,1
4,2,8,67,0.8,2,2,2,2,1,255.48,1,3,1,3,2,2,10,1,3,2,2
4,2,8,68,0.8,3,2,2,2,1,257.84,1,11,3,3,1,1,4,3,1,2,2
4,2,8,69,0.1,2,2,2,2,1,306.11,0,10,1,1,2,2,12,1,3,2,2
4,2,8,70,1.8,2,1,2,2,1,239.28,1,8,1,1,2,2,16,1,3,1,3
4,2,8,71,0.4,1,1,1,1,1,222.55,1,16,3,3,3,3,12,3,3,3,3
4,2,8,72,0.1,3,3,2,2,1,268.41,1,7,1,1,3,3,19,1,1,3,3
4,2,8,73,0.4,3,3,2,2,1,254.12,1,19,1,1,3,3,10,1,3,3,1
4,2,8,74,0.2,3,3,2,2,1,248.92,1,19,3,3,1,1,4,3,3,1,1
4,2,8,75,1.8,3,3,2,2,1,405.3,0,13,1,1,3,3,1,3,1,1,3
4,2,8,76,0.1,2,2,2,1,0,245.59,1,20,3,1,2,2,10,1,1,2,2
4,2,8,77,0.4,1,3,1,1,1,211.28,1,3,3,3,3,3,15,3,3,1,1
4,2,8,78,0.1,2,3,2,1,0,308.6,0,7,1,3,2,2,5,3,1,1,3
4,2,9,1,0.4,3,2,2,2,1,242.56,1,11,3,3,1,1,19,3,3,2,2
4,2,9,2,1.8,1,3,1,1,1,223.98,1,6,3,1,3,1,16,1,3,3,1
4,2,9,3,0.1,3,2,2,2,1,184.1,1,14,3,1,1,3,13,3,1,2,2
4,2,9,4,0.8,3,1,2,2,1,237.06,1,10,3,3,1,1,15,1,1,1,1
4,2,9,5,0.2,2,2,2,2,1,346.44,0,4,3,3,2,2,13,3,3,2,2
4,2,9,6,0.05,2,3,2,1,0,239.44,1,1,3,1,2,2,5,3,3,1,1
4,2,9,7,0.2,1,1,1,1,1,225.35,1,4,1,3,1,3,15,3,3,3,3
4,2,9,8,0.8,2,3,2,2,1,252.54,1,17,1,1,2,2,4,3,1,1,3
4,2,9,9,0.4,1,1,1,1,1,254.34,1,8,3,1,3,1,12,1,3,1,3
4,2,9,10,0.05,1,3,1,1,1,289.04,1,16,1,3,1,3,10,3,1,1,3
4,2,9,11,0.2,1,1,1,1,1,234.58,1,7,1,1,1,1,1,1,1,1,1
4,2,9,12,0.4,3,3,2,2,1,388.21,0,9,3,3,1,1,3,3,3,1,1
4,2,9,13,1.8,1,2,1,1,1,211.61,1,9,3,1,3,1,1,1,3,2,2
4,2,9,14,1.8,1,3,1,1,1,233.04,1,4,3,3,3,3,17,3,3,1,1
4,2,9,15,0.8,1,2,1,1,1,241.02,1,19,3,1,3,1,1,3,3,2,2
4,2,9,16,0.2,2,3,2,1,0,280.7,1,15,3,1,2,2,14,3,3,1,1
4,2,9,17,0.05,1,3,1,2,0,369.14,0,20,1,3,1,3,5,1,3,3,1
4,2,9,18,0.8,1,2,1,1,1,242.02,1,12,3,3,3,3,15,3,3,2,2
4,2,9,19,0.2,1,2,1,1,1,289.28,1,6,3,1,3,1,20,1,1,2,2
4,2,9,20,0.4,1,3,1,1,1,256.04,1,6,3,3,3,3,4,3,1,1,3
4,2,9,21,0.1,3,1,2,1,0,322.34,0,3,3,1,1,3,9,3,1,3,1
4,2,9,22,0.8,3,3,2,2,1,240.9,1,11,1,3,3,1,16,3,1,1,3
4,2,9,23,0.1,1,3,1,1,1,359.85,0,10,3,1,3,1,12,1,1,3,3
4,2,9,24,0.2,2,1,2,2,1,260.16,1,20,1,1,2,2,16,1,3,1,3
4,2,9,25,0.1,2,3,2,1,0,274.55,1,9,3,3,2,2,12,1,3,3,1
4,2,9,26,0.1,1,3,1,1,1,234.34,1,2,3,3,3,3,6,3,1,1,3
4,2,9,27,0.8,1,2,1,1,1,224.03,1,4,3,3,3,3,13,3,1,2,2
4,2,9,28,0.2,2,1,2,2,1,303.78,0,20,3,1,2,2,16,3,1,3,1
4,2,9,29,0.8,1,1,1,1,1,239.93,1,16,1,3,1,3,7,1,3,1,3
4,2,9,30,0.05,1,3,1,1,1,289.14,1,17,1,3,1,3,6,1,3,3,1
4,2,9,31,0.2,3,2,2,2,1,274.25,1,7,3,3,1,1,10,1,3,2,2
4,2,9,32,0.05,3,2,2,2,1,323.44,0,3,1,1,3,3,6,1,3,2,2
4,2,9,33,0.8,1,1,NaN,NaN,NaN,NaN,NaN,12,1,1,1,1,7,3,3,3,3
4,2,9,34,0.05,2,2,2,2,1,361.53,0,3,3,3,2,2,7,3,1,2,2
4,2,9,35,0.1,1,3,1,1,1,291.48,1,18,3,1,3,1,19,1,3,3,1
4,2,9,36,0.8,1,2,1,1,1,244.67,1,4,1,1,1,1,14,3,1,2,2
4,2,9,37,0.2,1,3,1,1,1,263.92,1,7,1,1,1,1,3,1,3,3,1
4,2,9,38,0.1,1,3,1,1,1,294.46,1,8,3,3,3,3,18,3,3,1,1
4,2,9,39,0.1,3,2,2,2,1,281.72,1,18,1,3,3,1,11,3,3,2,2
4,2,9,40,0.4,1,3,1,1,1,238.04,1,9,1,3,1,3,14,1,3,3,1
4,2,9,41,1.8,2,2,2,1,0,236.62,1,11,1,3,2,2,16,1,3,2,2
4,2,9,42,1.8,3,1,2,2,1,218.66,1,7,1,3,3,1,11,3,3,3,3
4,2,9,43,0.1,1,1,1,1,1,239.83,1,20,1,3,1,3,20,3,3,3,3
4,2,9,44,0.2,3,3,2,2,1,262.62,1,11,3,1,1,3,9,1,3,3,1
4,2,9,45,0.4,1,3,1,1,1,234.16,1,16,1,1,1,1,10,1,3,3,1
4,2,9,46,0.4,2,1,2,2,1,219.84,1,14,3,1,2,2,16,3,1,3,1
4,2,9,47,0.1,1,2,1,1,1,255.74,1,3,3,3,3,3,16,1,1,2,2
4,2,9,48,0.2,3,1,2,2,1,261.31,1,2,1,1,3,3,11,1,1,1,1
4,2,9,49,0.4,3,3,2,2,1,243.42,1,8,3,3,1,1,11,1,3,3,1
4,2,9,50,0.2,1,3,1,1,1,216.7,1,11,3,1,3,1,11,1,3,3,1
4,2,9,51,0.1,2,1,2,1,0,237.8,1,12,1,1,2,2,18,1,3,1,3
4,2,9,52,0.05,1,1,1,1,1,290.26,1,8,3,1,3,1,19,1,1,1,1
4,2,9,53,0.8,1,1,1,1,1,238.55,1,20,1,1,1,1,4,1,1,1,1
4,2,9,54,0.05,1,1,1,1,1,301.28,0,6,1,3,1,3,20,3,3,3,3
4,2,9,55,1.8,1,1,NaN,NaN,NaN,NaN,NaN,19,3,3,3,3,4,3,1,3,1
4,2,9,56,0.05,1,1,1,1,1,305.36,0,2,1,3,1,3,19,3,3,3,3
4,2,9,57,0.4,2,1,2,2,1,250.23,1,9,1,3,2,2,15,1,3,1,3
4,2,9,58,0.1,2,2,2,1,0,233.29,1,7,3,3,2,2,16,3,3,2,2
4,2,9,59,1.8,3,3,2,2,1,215.14,1,13,1,3,3,1,18,3,1,1,3
4,2,9,60,0.4,1,3,1,2,0,265.64,1,7,3,3,3,3,6,3,1,1,3
4,2,9,61,1.8,2,3,2,2,1,247.07,1,18,1,3,2,2,14,1,3,3,1
4,2,9,62,0.2,1,3,1,1,1,221.9,1,1,3,3,3,3,9,1,1,3,3
4,2,9,63,0.4,2,2,2,2,1,251.51,1,9,1,3,2,2,1,3,3,2,2
4,2,9,64,0.05,1,3,1,1,1,300.86,0,6,3,1,3,1,12,3,1,1,3
4,2,9,65,1.8,1,2,1,1,1,219.1,1,10,1,3,1,3,20,1,3,2,2
4,2,9,66,0.4,3,2,2,1,0,297.28,1,12,1,1,3,3,12,3,3,2,2
4,2,9,67,0.1,1,1,1,1,1,242.89,1,3,3,3,3,3,9,1,3,1,3
4,2,9,68,0.05,2,3,2,1,0,256.31,1,7,3,3,2,2,18,3,3,1,1
4,2,9,69,0.8,2,3,2,2,1,239.66,1,9,1,3,2,2,12,1,1,3,3
4,2,9,70,1.8,2,2,2,2,1,241.02,1,9,3,1,2,2,8,3,3,2,2
4,2,9,71,0.05,1,2,1,1,1,513.79,0,13,3,3,3,3,2,1,1,2,2
4,2,9,72,0.8,2,1,2,2,1,260.69,1,14,1,3,2,2,1,1,1,1,1
4,2,9,73,1.8,1,3,1,1,1,216.48,1,6,1,1,1,1,7,1,1,3,3
4,2,9,74,1.8,3,1,2,2,1,238.44,1,5,3,1,1,3,10,3,3,3,3
4,2,9,75,0.4,1,1,1,1,1,258.64,1,4,3,1,3,1,19,3,3,3,3
4,2,9,76,1.8,3,3,2,1,0,236.79,1,12,3,3,1,1,9,1,1,3,3
4,2,9,77,0.8,1,1,1,1,1,246.41,1,4,1,1,1,1,13,3,1,3,1
4,2,9,78,0.05,3,1,2,2,1,306.36,0,15,3,1,1,3,9,3,3,3,3
4,2,10,1,0.8,2,1,2,2,1,261.6,1,20,1,1,2,2,4,1,1,1,1
4,2,10,2,0.8,1,1,1,1,1,244.72,1,19,3,1,3,1,7,1,1,1,1
4,2,10,3,0.05,2,1,2,1,0,288.01,1,8,1,1,2,2,4,1,3,1,3
4,2,10,4,0.05,3,1,2,2,1,348.57,0,2,3,3,1,1,7,1,3,1,3
4,2,10,5,0.05,1,1,1,1,1,237.55,1,3,1,3,1,3,17,1,1,1,1
4,2,10,6,0.2,3,2,2,2,1,206.17,1,11,3,3,1,1,14,3,1,2,2
4,2,10,7,0.1,3,2,2,2,1,296.56,1,8,3,1,1,3,1,1,1,2,2
4,2,10,8,0.2,1,2,1,1,1,317.45,0,6,1,3,1,3,1,3,1,2,2
4,2,10,9,1.8,3,2,2,2,1,226.54,1,18,1,3,3,1,7,1,1,2,2
4,2,10,10,1.8,3,1,2,2,1,183.25,1,17,3,1,1,3,13,1,3,1,3
4,2,10,11,0.8,1,2,1,1,1,233.01,1,19,1,1,1,1,5,1,3,2,2
4,2,10,12,0.8,1,2,1,1,1,219.47,1,2,1,1,1,1,5,3,3,2,2
4,2,10,13,0.05,2,1,2,1,0,195.4,1,15,3,3,2,2,12,3,3,3,3
4,2,10,14,0.05,1,1,1,1,1,251.9,1,14,3,1,3,1,16,1,3,1,3
4,2,10,15,1.8,2,3,2,1,0,197.37,1,1,1,1,2,2,14,1,3,3,1
4,2,10,16,0.05,2,3,2,2,1,319.8,0,16,1,1,2,2,3,3,3,1,1
4,2,10,17,0.1,3,1,2,2,1,273.87,1,11,3,3,1,1,17,1,3,1,3
4,2,10,18,0.4,1,2,1,2,0,232.08,1,13,3,3,3,3,18,1,1,2,2
4,2,10,19,0.1,1,2,1,1,1,255.77,1,12,1,1,1,1,20,1,3,2,2
4,2,10,20,0.2,2,3,2,1,0,198.13,1,4,1,1,2,2,6,3,3,1,1
4,2,10,21,1.8,1,2,1,1,1,227.78,1,5,1,3,1,3,20,1,1,2,2
4,2,10,22,0.05,1,1,1,1,1,297.28,1,3,3,3,3,3,18,1,1,1,1
4,2,10,23,0.4,3,1,2,2,1,263.18,1,9,1,1,3,3,17,1,3,1,3
4,2,10,24,0.2,1,2,1,1,1,241.41,1,12,3,3,3,3,9,3,1,2,2
4,2,10,25,1.8,1,1,1,1,1,245.68,1,17,3,1,3,1,7,1,3,1,3
4,2,10,26,1.8,1,3,1,1,1,251.75,1,11,3,3,3,3,20,1,1,3,3
4,2,10,27,0.8,3,3,2,2,1,276.36,1,14,1,1,3,3,17,3,3,1,1
4,2,10,28,0.4,3,1,2,2,1,251.64,1,5,1,3,3,1,3,1,3,1,3
4,2,10,29,1.8,3,1,2,2,1,242.72,1,13,3,1,1,3,14,1,1,1,1
4,2,10,30,1.8,1,3,1,1,1,253.92,1,5,3,1,3,1,6,3,3,1,1
4,2,10,31,0.8,3,1,2,2,1,263.8,1,9,1,1,3,3,8,3,3,3,3
4,2,10,32,0.2,3,3,2,2,1,279.48,1,8,3,1,1,3,10,3,1,1,3
4,2,10,33,1.8,3,3,2,2,1,283.54,1,9,3,1,1,3,6,1,3,3,1
4,2,10,34,0.05,1,2,1,1,1,308.18,0,15,3,1,3,1,18,1,1,2,2
4,2,10,35,0.2,1,2,1,1,1,225.41,1,6,3,3,3,3,7,3,3,2,2
4,2,10,36,0.1,3,1,2,2,1,301.53,0,18,1,1,3,3,17,1,1,1,1
4,2,10,37,0.1,2,2,2,1,0,337.9,0,7,3,1,2,2,8,3,3,2,2
4,2,10,38,0.2,1,3,1,1,1,207.74,1,18,1,3,1,3,10,3,3,1,1
4,2,10,39,0.1,1,2,1,1,1,248.39,1,7,3,3,3,3,5,3,3,2,2
4,2,10,40,0.2,1,1,1,1,1,205.55,1,4,3,3,3,3,12,3,1,3,1
4,2,10,41,1.8,1,2,1,1,1,229.7,1,2,3,1,3,1,17,1,3,2,2
4,2,10,42,0.8,3,2,2,2,1,245.76,1,9,1,3,3,1,3,1,3,2,2
4,2,10,43,0.8,1,3,1,1,1,226.09,1,13,3,3,3,3,20,3,1,1,3
4,2,10,44,0.4,3,3,2,2,1,281.73,1,6,1,1,3,3,6,3,3,1,1
4,2,10,45,0.1,1,2,1,1,1,229.9,1,12,3,1,3,1,7,3,3,2,2
4,2,10,46,0.4,2,1,2,2,1,264.23,1,17,3,3,2,2,8,1,1,1,1
4,2,10,47,0.1,1,3,1,1,1,252.74,1,3,3,1,3,1,16,3,3,1,1
4,2,10,48,0.1,3,3,2,2,1,308.98,0,2,1,3,3,1,9,1,3,3,1
4,2,10,49,0.05,2,1,2,1,0,290.02,1,20,3,1,2,2,19,3,1,3,1
4,2,10,50,0.8,1,2,NaN,NaN,NaN,NaN,NaN,4,3,1,3,1,3,1,1,2,2
4,2,10,51,0.2,1,1,1,1,1,169.72,1,13,1,3,1,3,16,3,1,3,1
4,2,10,52,0.4,1,3,1,1,1,248.16,1,16,1,1,1,1,7,3,1,1,3
4,2,10,53,0.1,2,3,2,2,1,327.19,0,15,3,3,2,2,7,1,3,3,1
4,2,10,54,0.4,1,3,1,1,1,244.74,1,9,3,3,3,3,15,3,3,1,1
4,2,10,55,0.1,3,1,2,2,1,282.35,1,18,1,3,3,1,14,1,1,1,1
4,2,10,56,0.05,1,3,1,1,1,259.44,1,19,3,1,3,1,13,1,1,3,3
4,2,10,57,1.8,2,3,2,2,1,229.19,1,18,3,3,2,2,14,1,3,3,1
4,2,10,58,0.4,2,1,2,2,1,232.32,1,19,1,1,2,2,11,3,1,3,1
4,2,10,59,0.2,3,3,2,2,1,238.74,1,7,3,3,1,1,20,1,1,3,3
4,2,10,60,0.4,1,3,1,1,1,264.5,1,8,1,3,1,3,5,1,3,3,1
4,2,10,61,0.2,1,1,1,1,1,210.92,1,5,1,1,1,1,7,1,1,1,1
4,2,10,62,0.1,3,1,2,2,1,309.87,0,17,1,3,3,1,13,1,3,1,3
4,2,10,63,0.4,2,2,2,2,1,221.33,1,3,1,3,2,2,8,1,1,2,2
4,2,10,64,0.8,1,1,1,1,1,241.88,1,8,1,3,1,3,4,1,1,1,1
4,2,10,65,0.2,1,1,1,1,1,261.91,1,15,3,1,3,1,13,1,1,1,1
4,2,10,66,0.2,2,1,2,1,0,215.97,1,11,3,1,2,2,14,3,1,3,1
4,2,10,67,0.8,2,3,2,2,1,231.36,1,4,3,3,2,2,3,3,1,1,3
4,2,10,68,0.4,1,2,1,1,1,239.02,1,14,3,1,3,1,19,1,1,2,2
4,2,10,69,1.8,1,2,1,1,1,225.27,1,14,1,3,1,3,6,1,3,2,2
4,2,10,70,0.1,2,1,2,2,1,302.86,0,8,3,1,2,2,11,1,3,1,3
4,2,10,71,0.4,1,2,1,1,1,199.86,1,3,1,3,1,3,15,1,3,2,2
4,2,10,72,0.8,3,3,2,2,1,222.78,1,11,3,1,1,3,8,3,3,1,1
4,2,10,73,0.8,1,3,1,1,1,72.215,2,3,1,3,1,3,1,3,1,1,3
4,2,10,74,0.4,1,2,1,1,1,268.82,1,7,1,3,1,3,5,1,1,2,2
4,2,10,75,1.8,1,1,1,1,1,200.69,1,7,1,1,1,1,9,3,1,3,1
4,2,10,76,0.05,2,2,2,2,1,233.41,1,1,3,1,2,2,20,1,3,2,2
4,2,10,77,0.05,2,3,2,1,0,308.8,0,1,3,3,2,2,6,1,1,3,3
4,2,10,78,0.05,1,1,1,1,1,300.86,0,17,1,3,1,3,12,1,1,1,1
