2,13,1,1,0.4,1,3,1,1,1,247.02,1,19,3,3,3,3,2,1,3,3,1
2,13,1,2,0.2,1,3,1,1,1,245.66,1,19,3,3,3,3,7,3,1,1,3
2,13,1,3,0.8,1,1,1,1,1,204.65,1,18,3,3,3,3,20,1,3,1,3
2,13,1,4,1.8,1,3,1,1,1,187.47,1,6,3,3,3,3,10,1,3,3,1
2,13,1,5,0.2,1,2,1,1,1,212.71,1,11,3,3,3,3,19,1,1,2,2
2,13,1,6,0.4,1,2,1,1,1,254.14,1,16,1,1,1,1,8,1,1,2,2
2,13,1,7,0.05,2,2,2,2,1,278.18,1,9,3,3,2,2,2,3,3,2,2
2,13,1,8,0.1,1,2,1,1,1,224.18,1,16,3,1,3,1,15,3,1,2,2
2,13,1,9,0.1,1,3,1,1,1,287.17,1,13,1,3,1,3,3,3,3,1,1
2,13,1,10,0.05,1,3,1,1,1,271.51,1,5,3,3,3,3,11,1,3,3,1
2,13,1,11,0.8,2,1,2,2,1,192.9,1,5,1,1,2,2,16,1,1,1,1
2,13,1,12,0.05,1,3,1,1,1,206.12,1,8,1,1,1,1,9,1,3,3,1
2,13,1,13,1.8,2,3,2,2,1,200.68,1,11,3,1,2,2,13,1,1,3,3
2,13,1,14,0.05,1,2,1,1,1,282.82,1,16,3,3,3,3,20,1,3,2,2
2,13,1,15,0.8,3,1,NaN,NaN,NaN,NaN,NaN,15,3,3,1,1,7,3,3,3,3
2,13,1,16,0.1,2,1,2,1,0,248.31,1,11,3,1,2,2,9,3,1,3,1
2,13,1,17,0.2,3,2,2,2,1,77.578,2,15,3,3,1,1,5,3,3,2,2
2,13,1,18,0.8,1,3,1,1,1,203.06,1,3,3,1,3,1,6,1,1,3,3
2,13,1,19,0.4,1,1,1,1,1,243.83,1,8,1,3,1,3,16,1,3,1,3
2,13,1,20,0.05,3,3,2,2,1,264.91,1,1,3,3,1,1,12,3,1,1,3
2,13,1,21,0.4,2,2,2,2,1,247.79,1,6,1,1,2,2,7,3,3,2,2
2,13,1,22,0.2,1,1,1,1,1,279.4,1,17,1,1,1,1,8,3,1,3,1
2,13,1,23,0.4,1,3,1,1,1,210.45,1,7,1,1,1,1,1,1,1,3,3
2,13,1,24,0.05,3,3,2,2,1,251,1,6,1,3,3,1,5,1,3,3,1
2,13,1,25,0.4,2,2,2,2,1,208.76,1,18,1,1,2,2,15,3,1,2,2
2,13,1,26,0.8,1,2,1,1,1,263.56,1,1,1,3,1,3,17,1,3,2,2
2,13,1,27,1.8,3,3,2,2,1,204.81,1,19,3,3,1,1,11,3,3,1,1
2,13,1,28,0.8,2,1,2,2,1,211.65,1,16,1,3,2,2,12,1,1,1,1
2,13,1,29,0.05,1,2,1,1,1,309.61,0,2,1,1,1,1,4,3,1,2,2
2,13,1,30,0.2,1,1,1,1,1,268.31,1,8,1,1,1,1,18,1,3,1,3
2,13,1,31,0.05,3,1,2,2,1,268.39,1,18,1,3,3,1,19,3,3,3,3
2,13,1,32,0.1,1,3,1,1,1,293.26,1,17,3,3,3,3,15,3,1,1,3
2,13,1,33,0.1,1,2,1,1,1,284.33,1,10,3,3,3,3,14,1,3,2,2
2,13,1,34,0.1,3,1,2,2,1,218.27,1,13,1,3,3,1,15,1,3,1,3
2,13,1,35,1.8,2,3,2,2,1,219.9,1,11,1,3,2,2,1,1,3,3,1
2,13,1,36,0.4,2,3,2,2,1,259.41,1,11,3,3,2,2,1,3,3,1,1
2,13,1,37,0.05,1,1,1,1,1,250.15,1,6,1,1,1,1,17,3,3,3,3
2,13,1,38,0.4,2,2,2,2,1,227.75,1,15,1,3,2,2,16,1,1,2,2
2,13,1,39,0.1,1,2,1,1,1,252.85,1,2,3,3,3,3,14,3,3,2,2
2,13,1,40,0.2,3,1,2,2,1,331.09,0,3,1,3,3,1,5,1,1,1,1
2,13,1,41,0.1,1,2,1,1,1,252.32,1,11,3,1,3,1,18,1,3,2,2
2,13,1,42,0.8,1,2,1,1,1,231.57,1,15,3,3,3,3,18,1,1,2,2
2,13,1,43,0.2,1,2,1,1,1,208.74,1,16,3,1,3,1,4,3,1,2,2
2,13,1,44,0.1,1,3,1,1,1,256.23,1,12,1,1,1,1,16,3,1,1,3
2,13,1,45,0.4,1,1,1,1,1,268.23,1,3,1,3,1,3,5,1,1,1,1
2,13,1,46,0.05,3,1,2,1,0,235.93,1,9,1,1,3,3,10,3,1,3,1
2,13,1,47,0.4,2,3,2,1,0,196.94,1,1,3,1,2,2,3,3,3,1,1
2,13,1,48,0.4,1,3,1,1,1,148.3,1,7,3,3,3,3,15,1,1,3,3
2,13,1,49,0.2,3,1,2,2,1,222.86,1,10,3,3,1,1,4,3,3,3,3
2,13,1,50,0.8,3,1,2,2,1,222.19,1,19,3,1,1,3,8,1,1,1,1
2,13,1,51,0.1,3,1,2,2,1,259.3,1,15,1,1,3,3,16,3,1,3,1
2,13,1,52,0.4,2,1,2,2,1,260.12,1,9,1,1,2,2,4,1,3,1,3
2,13,1,53,0.8,1,3,1,1,1,115.19,1,16,3,1,3,1,20,3,1,1,3
2,13,1,54,0.2,2,3,2,2,1,427.59,0,3,3,1,2,2,3,1,1,3,3
2,13,1,55,0.05,1,3,1,1,1,281.42,1,1,3,3,3,3,4,1,3,3,1
2,13,1,56,0.4,1,3,NaN,NaN,NaN,NaN,NaN,14,3,1,3,1,18,3,1,1,3
2,13,1,57,0.05,1,3,1,1,1,268.01,1,18,3,1,3,1,19,3,1,1,3
2,13,1,58,0.8,1,3,1,1,1,207.41,1,3,3,3,3,3,17,3,1,1,3
2,13,1,59,0.1,3,2,2,2,1,354.05,0,16,3,3,1,1,12,1,3,2,2
2,13,1,60,0.8,3,2,2,2,1,198.13,1,13,1,1,3,3,20,3,3,2,2
2,13,1,61,1.8,3,2,2,2,1,202.83,1,6,1,1,3,3,11,3,3,2,2
2,13,1,62,1.8,1,2,1,1,1,200.35,1,3,3,1,3,1,6,1,3,2,2
2,13,1,63,1.8,1,3,1,1,1,210.56,1,19,1,1,1,1,5,3,3,1,1
2,13,1,64,1.8,1,3,1,1,1,191.95,1,9,3,1,3,1,6,1,3,3,1
2,13,1,65,0.8,2,2,2,2,1,214.17,1,11,1,1,2,2,7,3,1,2,2
2,13,1,66,1.8,1,3,1,1,1,248.2,1,20,3,3,3,3,19,1,3,3,1
2,13,1,67,0.1,2,3,2,2,1,270.97,1,8,3,3,2,2,9,1,3,3,1
2,13,1,68,0.2,1,2,1,1,1,312.47,0,12,3,3,3,3,19,1,1,2,2
2,13,1,69,0.2,1,1,1,1,1,236.09,1,15,1,3,1,3,2,1,1,1,1
2,13,1,70,1.8,1,3,1,1,1,232.33,1,13,1,1,1,1,1,1,3,3,1
2,13,1,71,0.05,2,3,2,2,1,267.52,1,8,3,3,2,2,10,3,1,1,3
2,13,1,72,0.8,1,1,1,2,0,233.74,1,3,3,3,3,3,1,1,3,1,3
2,13,1,73,0.2,2,1,2,1,0,233.98,1,12,3,3,2,2,2,1,3,1,3
2,13,1,74,0.2,1,2,1,1,1,175.69,1,8,1,1,1,1,2,3,3,2,2
2,13,1,75,1.8,2,3,2,2,1,207.17,1,20,3,1,2,2,17,1,1,3,3
2,13,1,76,1.8,1,1,1,1,1,199.47,1,3,3,3,3,3,12,1,3,1,3
2,13,1,77,1.8,1,2,1,1,1,196,1,5,3,3,3,3,12,1,1,2,2
2,13,1,78,0.1,2,1,2,2,1,299.34,1,2,3,3,2,2,17,3,3,3,3
2,13,2,1,1.8,2,2,2,2,1,202.18,1,5,1,3,2,2,13,1,3,2,2
2,13,2,2,1.8,1,2,1,1,1,193.27,1,1,3,3,3,3,13,3,1,2,2
2,13,2,3,0.8,3,1,2,2,1,224.12,1,4,1,3,3,1,17,1,1,1,1
2,13,2,4,0.8,1,1,1,1,1,211.99,1,13,3,1,3,1,15,3,3,3,3
2,13,2,5,0.05,2,2,2,1,0,297.36,1,10,3,1,2,2,11,3,3,2,2
2,13,2,6,0.4,3,3,2,2,1,298.17,1,1,1,3,3,1,8,3,3,1,1
2,13,2,7,0.2,3,2,2,2,1,199.22,1,16,1,1,3,3,13,3,1,2,2
2,13,2,8,0.1,3,2,2,2,1,247.74,1,20,1,1,3,3,17,1,3,2,2
2,13,2,9,0.1,2,3,2,1,0,289.8,1,4,1,3,2,2,19,1,1,3,3
2,13,2,10,1.8,1,2,1,1,1,211.45,1,7,3,1,3,1,15,3,3,2,2
2,13,2,11,0.4,2,2,2,2,1,263.74,1,14,3,1,2,2,15,1,3,2,2
2,13,2,12,0.2,1,3,1,1,1,271.9,1,17,3,3,3,3,1,3,1,1,3
2,13,2,13,0.05,2,1,2,1,0,293.96,1,18,3,1,2,2,6,3,3,3,3
2,13,2,14,0.4,3,1,2,2,1,323.82,0,7,1,1,3,3,14,1,3,1,3
2,13,2,15,0.4,2,1,2,2,1,227.13,1,14,3,1,2,2,6,3,1,3,1
2,13,2,16,0.05,3,1,2,2,1,265.81,1,7,3,3,1,1,20,3,3,3,3
2,13,2,17,0.2,1,2,1,1,1,204.31,1,12,3,1,3,1,1,3,1,2,2
2,13,2,18,0.1,1,1,1,1,1,273.41,1,19,1,3,1,3,12,1,3,1,3
2,13,2,19,0.8,1,2,1,1,1,202.06,1,10,3,3,3,3,1,3,1,2,2
2,13,2,20,0.2,3,2,2,2,1,256.95,1,7,1,1,3,3,3,3,3,2,2
2,13,2,21,0.8,1,3,NaN,NaN,NaN,NaN,NaN,2,3,3,3,3,5,1,3,3,1
2,13,2,22,0.2,1,2,1,1,1,261.62,1,2,3,1,3,1,17,1,1,2,2
2,13,2,23,1.8,2,1,2,2,1,231.6,1,13,1,3,2,2,19,3,3,3,3
2,13,2,24,0.05,1,2,1,1,1,297.8,1,16,1,3,1,3,5,1,3,2,2
2,13,2,25,0.4,1,2,1,1,1,216.72,1,8,1,3,1,3,4,3,3,2,2
2,13,2,26,1.8,1,2,1,1,1,209.7,1,4,3,1,3,1,14,1,3,2,2
2,13,2,27,0.2,2,3,2,1,0,209.04,1,10,1,1,2,2,10,1,1,3,3
2,13,2,28,0.2,3,3,2,2,1,280.78,1,17,1,3,3,1,11,3,3,1,1
2,13,2,29,0.05,3,3,2,2,1,200.03,1,2,1,3,3,1,19,1,1,3,3
2,13,2,30,0.05,2,1,2,2,1,324.32,0,6,1,3,2,2,7,3,3,3,3
2,13,2,31,0.4,1,3,1,1,1,222.64,1,4,1,1,1,1,7,3,3,1,1
2,13,2,32,0.2,1,1,1,1,1,226.31,1,4,1,1,1,1,17,1,3,1,3
2,13,2,33,0.4,1,1,1,1,1,227.11,1,12,1,1,1,1,7,1,3,1,3
2,13,2,34,0.2,1,2,1,1,1,280.17,1,16,1,3,1,3,9,3,1,2,2
2,13,2,35,0.8,2,1,2,2,1,253.58,1,10,3,3,2,2,18,1,1,1,1
2,13,2,36,0.05,2,1,2,2,1,323.77,0,11,1,1,2,2,9,1,3,1,3
2,13,2,37,0.1,2,2,2,2,1,300.98,0,2,3,1,2,2,7,3,1,2,2
2,13,2,38,0.1,3,3,2,2,1,243.11,1,16,1,3,3,1,16,1,1,3,3
2,13,2,39,0.4,3,3,2,2,1,236.77,1,9,3,1,1,3,19,3,1,1,3
2,13,2,40,0.05,3,1,2,2,1,260.7,1,8,3,3,1,1,20,3,1,3,1
2,13,2,41,1.8,2,2,2,1,0,213.06,1,20,1,1,2,2,16,1,3,2,2
2,13,2,42,0.8,2,2,2,1,0,211.72,1,20,1,3,2,2,6,1,3,2,2
2,13,2,43,0.8,1,2,1,1,1,215.61,1,3,1,3,1,3,8,3,1,2,2
2,13,2,44,1.8,1,1,1,1,1,428.23,0,19,3,1,3,1,15,1,1,1,1
2,13,2,45,1.8,2,1,2,2,1,200.72,1,14,3,1,2,2,15,1,3,1,3
2,13,2,46,0.05,1,2,1,1,1,296.46,1,14,3,3,3,3,1,1,1,2,2
2,13,2,47,0.05,2,3,2,2,1,266.27,1,15,3,3,2,2,17,1,3,3,1
2,13,2,48,0.8,1,1,1,1,1,268.17,1,11,1,3,1,3,13,3,1,3,1
2,13,2,49,0.2,1,1,1,1,1,251.57,1,9,1,3,1,3,6,1,3,1,3
2,13,2,50,1.8,1,3,NaN,NaN,NaN,NaN,NaN,5,3,3,3,3,14,1,1,3,3
2,13,2,51,0.05,1,3,1,1,1,289.25,1,3,3,3,3,3,11,1,1,3,3
2,13,2,52,0.4,1,2,1,1,1,229.71,1,10,1,3,1,3,5,1,1,2,2
2,13,2,53,0.1,1,1,1,1,1,277.55,1,17,1,1,1,1,9,1,1,1,1
2,13,2,54,0.1,3,2,2,2,1,278.37,1,7,3,1,1,3,14,1,3,2,2
2,13,2,55,0.4,1,1,1,1,1,211.21,1,13,3,3,3,3,8,1,3,1,3
2,13,2,56,0.05,2,1,2,1,0,257.38,1,20,1,1,2,2,19,3,3,3,3
2,13,2,57,0.05,2,3,2,2,1,310.53,0,2,3,1,2,2,19,3,3,1,1
2,13,2,58,0.1,2,2,2,1,0,233.36,1,20,1,1,2,2,13,1,3,2,2
2,13,2,59,0.8,2,3,2,2,1,250.84,1,20,1,1,2,2,5,3,1,1,3
2,13,2,60,0.8,2,1,2,2,1,200.69,1,13,1,1,2,2,14,1,1,1,1
2,13,2,61,0.4,3,3,2,2,1,217.26,1,14,1,3,3,1,17,1,3,3,1
2,13,2,62,0.1,3,3,2,2,1,202.55,1,11,3,3,1,1,9,3,1,1,3
2,13,2,63,0.1,3,2,2,2,1,264.88,1,1,1,1,3,3,1,3,3,2,2
2,13,2,64,0.1,3,3,2,2,1,253.97,1,4,1,3,3,1,3,1,3,3,1
2,13,2,65,0.8,1,2,1,1,1,205.1,1,7,1,3,1,3,13,3,1,2,2
2,13,2,66,0.8,2,3,2,1,0,208.82,1,1,3,1,2,2,6,1,3,3,1
2,13,2,67,0.4,2,1,2,2,1,182.79,1,6,3,1,2,2,17,3,3,3,3
2,13,2,68,0.4,2,2,2,2,1,254.78,1,10,3,3,2,2,9,3,1,2,2
2,13,2,69,0.1,3,2,2,2,1,235.38,1,16,1,3,3,1,4,1,1,2,2
2,13,2,70,0.1,2,2,2,2,1,280.33,1,10,1,1,2,2,16,3,1,2,2
2,13,2,71,1.8,3,2,2,2,1,214.51,1,1,3,1,1,3,16,3,1,2,2
2,13,2,72,1.8,3,1,2,2,1,190.71,1,14,1,1,3,3,19,3,1,3,1
2,13,2,73,0.2,1,1,1,1,1,253.02,1,19,3,3,3,3,20,3,3,3,3
2,13,2,74,1.8,1,3,1,1,1,206.56,1,15,1,3,1,3,18,3,3,1,1
2,13,2,75,0.8,2,1,2,2,1,213.09,1,1,3,3,2,2,12,3,3,3,3
2,13,2,76,0.2,1,3,1,1,1,245.73,1,14,3,3,3,3,7,1,3,3,1
2,13,2,77,0.2,1,1,1,1,1,269.48,1,17,3,3,3,3,2,1,3,1,3
2,13,2,78,1.8,1,1,1,1,1,191.66,1,11,1,3,1,3,5,3,1,3,1
2,13,3,1,0.8,3,3,2,2,1,187.11,1,9,3,1,1,3,10,1,3,3,1
2,13,3,2,0.05,1,1,1,1,1,233.15,1,8,3,3,3,3,20,3,3,3,3
2,13,3,3,0.1,1,3,1,1,1,227.38,1,10,3,1,3,1,12,1,1,3,3
2,13,3,4,0.2,3,3,2,2,1,198.26,1,4,1,3,3,1,12,3,3,1,1
2,13,3,5,1.8,1,3,1,1,1,214.41,1,19,1,3,1,3,5,3,1,1,3
2,13,3,6,0.8,3,3,2,2,1,200.19,1,18,3,1,1,3,10,3,3,1,1
2,13,3,7,0.1,3,3,2,2,1,203.49,1,10,3,1,1,3,5,3,3,1,1
2,13,3,8,0.05,1,1,1,1,1,284.55,1,9,1,3,1,3,5,1,1,1,1
2,13,3,9,0.8,1,2,1,1,1,209.14,1,6,1,3,1,3,15,3,3,2,2
2,13,3,10,0.2,1,2,1,1,1,230.22,1,3,1,1,1,1,10,3,3,2,2
2,13,3,11,0.2,2,3,2,2,1,247.16,1,20,3,1,2,2,2,1,3,3,1
2,13,3,12,0.4,2,2,2,1,0,209.93,1,4,1,1,2,2,17,3,1,2,2
2,13,3,13,0.2,1,2,1,1,1,226.26,1,4,3,1,3,1,9,3,1,2,2
2,13,3,14,0.2,1,1,1,1,1,243,1,18,3,1,3,1,8,1,1,1,1
2,13,3,15,0.8,1,3,1,1,1,214.9,1,6,3,1,3,1,13,1,3,3,1
2,13,3,16,1.8,1,1,1,1,1,211.92,1,12,1,3,1,3,14,3,1,3,1
2,13,3,17,1.8,1,2,1,1,1,223.61,1,3,1,3,1,3,20,1,3,2,2
2,13,3,18,0.05,2,3,2,2,1,282.07,1,13,1,3,2,2,15,3,3,1,1
2,13,3,19,0.4,3,2,2,2,1,210.73,1,13,1,1,3,3,6,1,3,2,2
2,13,3,20,0.2,2,1,2,2,1,257.66,1,3,3,3,2,2,15,1,1,1,1
2,13,3,21,0.2,1,2,1,1,1,240.04,1,18,3,3,3,3,18,3,1,2,2
2,13,3,22,1.8,1,3,1,2,0,192.42,1,15,1,1,1,1,19,1,3,3,1
2,13,3,23,0.4,2,1,2,1,0,371.99,0,4,3,3,2,2,4,1,3,1,3
2,13,3,24,0.1,2,2,2,2,1,287.48,1,19,1,1,2,2,19,3,3,2,2
2,13,3,25,0.1,1,1,1,1,1,212.5,1,6,3,3,3,3,9,3,1,3,1
2,13,3,26,0.1,1,2,1,2,0,236.91,1,1,3,3,3,3,20,1,1,2,2
2,13,3,27,1.8,1,2,NaN,NaN,NaN,NaN,NaN,14,1,3,1,3,14,3,1,2,2
2,13,3,28,0.8,1,2,1,1,1,248.77,1,20,1,1,1,1,9,3,1,2,2
2,13,3,29,0.05,2,2,2,1,0,246.16,1,10,3,1,2,2,2,1,1,2,2
2,13,3,30,1.8,1,3,1,1,1,210.02,1,10,3,3,3,3,19,1,3,3,1
2,13,3,31,0.2,1,2,1,1,1,208.66,1,12,3,3,3,3,19,3,1,2,2
2,13,3,32,0.4,3,1,2,2,1,234.26,1,7,1,1,3,3,15,1,3,1,3
2,13,3,33,0.05,3,2,2,2,1,276.15,1,13,1,1,3,3,13,1,3,2,2
2,13,3,34,0.8,3,1,2,2,1,274.18,1,20,1,3,3,1,3,3,1,3,1
2,13,3,35,0.2,1,3,1,1,1,211.78,1,11,3,3,3,3,10,3,3,1,1
2,13,3,36,0.8,1,3,1,1,1,206.94,1,13,3,3,3,3,2,3,1,1,3
2,13,3,37,0.1,2,1,2,2,1,282.26,1,20,1,3,2,2,20,1,1,1,1
2,13,3,38,0.1,1,3,1,1,1,251.83,1,3,3,3,3,3,7,1,3,3,1
2,13,3,39,0.05,1,1,1,1,1,267.28,1,19,1,1,1,1,5,3,1,3,1
2,13,3,40,0.1,2,2,2,1,0,256.76,1,12,1,3,2,2,17,1,1,2,2
2,13,3,41,0.4,2,1,2,1,0,61.584,2,16,1,1,2,2,8,1,3,1,3
2,13,3,42,0.4,2,3,2,2,1,232.65,1,20,3,1,2,2,16,1,3,3,1
2,13,3,43,0.05,2,3,2,2,1,323.45,0,16,3,1,2,2,5,1,1,3,3
2,13,3,44,0.4,1,3,1,1,1,260.65,1,5,3,1,3,1,11,1,3,3,1
2,13,3,45,1.8,3,1,2,2,1,220.87,1,8,3,1,1,3,19,3,1,3,1
2,13,3,46,0.1,3,1,2,2,1,403.6,0,12,3,3,1,1,6,3,1,3,1
2,13,3,47,1.8,2,1,2,2,1,215.69,1,15,3,3,2,2,19,1,3,1,3
2,13,3,48,0.4,1,3,1,1,1,244.69,1,1,1,1,1,1,5,1,3,3,1
2,13,3,49,0.1,1,2,1,1,1,230.75,1,12,1,1,1,1,3,1,1,2,2
2,13,3,50,0.4,1,3,1,1,1,332.03,0,14,3,3,3,3,12,3,3,1,1
2,13,3,51,0.8,2,3,2,2,1,186.08,1,10,1,1,2,2,2,1,1,3,3
2,13,3,52,0.05,2,2,2,1,0,278.46,1,5,3,1,2,2,8,1,3,2,2
2,13,3,53,0.8,1,2,1,1,1,239.36,1,1,1,1,1,1,4,1,3,2,2
2,13,3,54,0.05,3,2,2,2,1,329.67,0,2,1,1,3,3,19,1,3,2,2
2,13,3,55,0.2,1,3,1,1,1,190.99,1,19,3,1,3,1,5,1,3,3,1
2,13,3,56,0.8,1,2,1,1,1,231.58,1,15,1,1,1,1,13,3,3,2,2
2,13,3,57,0.2,3,3,2,2,1,262.72,1,6,3,1,1,3,19,3,3,1,1
2,13,3,58,0.8,2,3,2,1,0,206.83,1,13,3,1,2,2,2,1,1,3,3
2,13,3,59,1.8,1,3,1,1,1,222.51,1,9,1,3,1,3,12,1,3,3,1
2,13,3,60,1.8,1,3,1,1,1,257.04,1,9,1,3,1,3,13,3,3,1,1
2,13,3,61,0.8,1,2,1,1,1,243.9,1,6,3,1,3,1,18,3,1,2,2
2,13,3,62,0.1,1,1,1,2,0,296.36,1,2,3,1,3,1,8,1,3,1,3
2,13,3,63,0.05,2,3,2,2,1,336.43,0,10,3,1,2,2,17,3,3,1,1
2,13,3,64,0.05,1,1,1,1,1,219.6,1,2,3,1,3,1,8,3,1,3,1
2,13,3,65,0.4,1,2,1,1,1,234.9,1,20,3,1,3,1,8,1,1,2,2
2,13,3,66,1.8,3,1,2,2,1,193.97,1,3,3,1,1,3,16,1,1,1,1
2,13,3,67,0.4,3,1,2,1,0,228.59,1,4,1,3,3,1,4,3,1,3,1
2,13,3,68,0.4,1,2,1,1,1,170.76,1,12,1,1,1,1,3,1,1,2,2
2,13,3,69,0.4,2,2,2,2,1,173.34,1,7,3,3,2,2,5,3,1,2,2
2,13,3,70,0.1,1,1,1,1,1,303.46,0,13,1,3,1,3,8,3,1,3,1
2,13,3,71,0.2,2,1,2,2,1,354.16,0,11,1,3,2,2,16,3,3,3,3
2,13,3,72,0.2,1,3,1,2,0,74.653,2,2,1,1,1,1,19,1,1,3,3
2,13,3,73,0.1,1,2,1,1,1,244.55,1,18,3,3,3,3,14,3,1,2,2
2,13,3,74,1.8,3,3,2,2,1,261.9,1,19,1,1,3,3,12,1,1,3,3
2,13,3,75,0.05,3,1,2,2,1,290.86,1,4,1,3,3,1,9,1,3,1,3
2,13,3,76,0.8,1,2,1,1,1,211.9,1,12,1,3,1,3,1,1,3,2,2
2,13,3,77,0.05,1,1,1,1,1,313.94,0,7,3,3,3,3,7,1,1,1,1
2,13,3,78,1.8,1,2,1,1,1,207.08,1,1,1,3,1,3,3,3,3,2,2
2,13,4,1,0.2,1,1,1,1,1,252.97,1,8,1,1,1,1,3,3,1,3,1
2,13,4,2,1.8,1,2,1,1,1,191.16,1,16,3,3,3,3,1,3,3,2,2
2,13,4,3,0.4,3,2,2,2,1,205.45,1,9,1,1,3,3,9,1,1,2,2
2,13,4,4,0.4,1,3,NaN,NaN,NaN,NaN,NaN,18,3,3,3,3,15,1,3,3,1
2,13,4,5,0.05,2,3,2,1,0,289.4,1,7,3,3,2,2,19,1,3,3,1
2,13,4,6,0.8,2,1,2,2,1,189.29,1,7,1,3,2,2,1,1,1,1,1
2,13,4,7,0.2,3,3,2,1,0,269.33,1,17,1,1,3,3,7,3,1,1,3
2,13,4,8,1.8,1,3,1,1,1,259.8,1,19,3,3,3,3,9,1,3,3,1
2,13,4,9,0.2,1,2,1,1,1,225.92,1,6,1,3,1,3,13,3,1,2,2
2,13,4,10,0.2,2,2,2,2,1,181.92,1,20,3,1,2,2,3,3,1,2,2
2,13,4,11,0.2,3,2,2,2,1,103.73,1,15,1,1,3,3,20,3,3,2,2
2,13,4,12,0.4,2,1,2,2,1,319.71,0,15,1,3,2,2,2,1,1,1,1
2,13,4,13,0.4,1,1,1,2,0,276.31,1,6,1,1,1,1,6,1,3,1,3
2,13,4,14,0.2,3,1,2,2,1,261.55,1,7,1,1,3,3,19,1,3,1,3
2,13,4,15,0.4,1,2,1,1,1,229.82,1,6,1,1,1,1,3,1,1,2,2
2,13,4,16,0.1,1,2,1,1,1,238.38,1,13,1,3,1,3,16,3,1,2,2
2,13,4,17,0.2,2,3,2,2,1,276.05,1,16,1,1,2,2,9,3,1,1,3
2,13,4,18,0.1,1,2,1,1,1,268.3,1,3,3,1,3,1,16,3,3,2,2
2,13,4,19,0.8,1,1,1,1,1,217.97,1,18,1,1,1,1,16,3,1,3,1
2,13,4,20,0.1,1,1,1,2,0,383.51,0,10,3,1,3,1,7,1,1,1,1
2,13,4,21,0.8,2,1,NaN,NaN,NaN,NaN,NaN,2,3,3,2,2,7,3,3,3,3
2,13,4,22,0.05,2,3,2,2,1,293.81,1,11,1,1,2,2,6,3,1,1,3
2,13,4,23,1.8,1,2,1,1,1,243.87,1,19,1,1,1,1,15,1,3,2,2
2,13,4,24,1.8,3,2,2,2,1,223.52,1,20,1,1,3,3,4,3,1,2,2
2,13,4,25,0.1,3,3,2,2,1,267.95,1,8,1,3,3,1,17,3,3,1,1
2,13,4,26,0.8,1,3,NaN,NaN,NaN,NaN,NaN,1,1,1,1,1,10,3,1,1,3
2,13,4,27,1.8,2,1,2,2,1,222,1,14,3,1,2,2,15,1,3,1,3
2,13,4,28,0.1,2,1,2,1,0,305.49,0,11,3,1,2,2,9,3,1,3,1
2,13,4,29,0.8,3,2,2,2,1,227.84,1,7,1,3,3,1,19,1,3,2,2
2,13,4,30,1.8,3,3,2,2,1,195.75,1,6,3,1,1,3,10,3,1,1,3
2,13,4,31,0.05,2,2,2,1,0,295.43,1,4,1,1,2,2,11,3,3,2,2
2,13,4,32,0.8,3,2,2,1,0,232.01,1,12,3,3,1,1,6,1,1,2,2
2,13,4,33,1.8,3,3,2,2,1,196.56,1,17,1,1,3,3,13,3,1,1,3
2,13,4,34,0.05,1,2,1,1,1,258.95,1,7,1,3,1,3,8,1,3,2,2
2,13,4,35,0.1,1,1,1,2,0,296.82,1,6,3,1,3,1,7,3,3,3,3
2,13,4,36,0.8,1,3,1,2,0,264.29,1,15,3,3,3,3,4,1,3,3,1
2,13,4,37,0.05,1,3,1,1,1,315.8,0,18,3,3,3,3,16,3,3,1,1
2,13,4,38,0.4,1,3,1,1,1,336.8,0,12,1,1,1,1,18,3,1,1,3
2,13,4,39,0.05,1,3,1,2,0,306.35,0,14,3,1,3,1,15,3,3,1,1
2,13,4,40,0.4,1,1,1,1,1,298.31,1,16,3,1,3,1,9,1,3,1,3
2,13,4,41,0.2,1,1,1,1,1,270.37,1,16,3,3,3,3,16,1,3,1,3
2,13,4,42,0.05,2,1,2,2,1,291.37,1,17,3,1,2,2,5,1,1,1,1
2,13,4,43,0.05,2,2,2,1,0,343.77,0,10,3,1,2,2,9,1,1,2,2
2,13,4,44,0.05,2,1,2,2,1,311.19,0,11,1,1,2,2,15,3,1,3,1
2,13,4,45,0.1,1,2,1,1,1,290.72,1,20,3,3,3,3,9,1,3,2,2
2,13,4,46,0.1,1,1,1,1,1,182.15,1,19,3,3,3,3,8,3,3,3,3
2,13,4,47,0.4,1,2,1,1,1,203.1,1,12,3,1,3,1,6,3,3,2,2
2,13,4,48,1.8,1,1,1,2,0,189.41,1,20,3,1,3,1,17,1,1,1,1
2,13,4,49,0.4,2,2,2,2,1,287.14,1,17,3,3,2,2,10,1,3,2,2
2,13,4,50,0.8,3,2,2,2,1,216.82,1,7,3,1,1,3,2,1,3,2,2
2,13,4,51,0.8,2,1,2,2,1,362.93,0,16,3,1,2,2,6,3,1,3,1
2,13,4,52,0.4,3,2,2,2,1,223.04,1,14,1,3,3,1,11,1,3,2,2
2,13,4,53,0.2,3,2,2,2,1,259.25,1,20,3,1,1,3,6,1,3,2,2
2,13,4,54,0.4,2,1,2,1,0,200.05,1,12,1,1,2,2,9,3,3,3,3
2,13,4,55,1.8,3,1,NaN,NaN,NaN,NaN,NaN,7,1,3,3,1,12,3,3,3,3
2,13,4,56,0.05,2,1,2,2,1,335.62,0,10,3,1,2,2,3,1,3,1,3
2,13,4,57,1.8,3,1,2,2,1,223.51,1,16,1,3,3,1,9,3,1,3,1
2,13,4,58,0.2,3,1,2,2,1,205.79,1,2,3,3,1,1,18,3,1,3,1
2,13,4,59,0.8,1,2,1,1,1,268.91,1,7,3,1,3,1,8,1,1,2,2
2,13,4,60,0.4,2,3,2,2,1,266.11,1,11,3,1,2,2,13,1,3,3,1
2,13,4,61,0.1,1,1,1,1,1,273.27,1,15,1,3,1,3,11,3,3,3,3
2,13,4,62,0.1,2,3,2,1,0,262.56,1,16,1,1,2,2,18,3,1,1,3
2,13,4,63,0.2,2,3,2,2,1,309.2,0,9,3,3,2,2,18,3,1,1,3
2,13,4,64,0.1,3,1,2,2,1,263.81,1,7,1,1,3,3,7,1,3,1,3
2,13,4,65,0.1,1,1,1,1,1,285.89,1,10,1,3,1,3,2,1,3,1,3
2,13,4,66,1.8,2,3,2,2,1,212.83,1,16,1,1,2,2,14,3,1,1,3
2,13,4,67,0.2,2,1,2,2,1,303.12,0,13,3,1,2,2,12,1,1,1,1
2,13,4,68,0.2,3,1,2,2,1,300.58,0,11,3,1,1,3,10,3,1,3,1
2,13,4,69,0.8,3,2,2,2,1,215.94,1,18,3,3,1,1,13,3,1,2,2
2,13,4,70,0.4,3,3,2,2,1,229.97,1,12,3,1,1,3,3,1,1,3,3
2,13,4,71,0.05,1,3,1,1,1,306.26,0,5,3,3,3,3,20,1,3,3,1
2,13,4,72,0.1,2,2,2,2,1,287.92,1,20,1,3,2,2,10,1,1,2,2
2,13,4,73,0.8,1,1,1,1,1,288.03,1,20,1,3,1,3,9,1,3,1,3
2,13,4,74,1.8,1,2,1,1,1,200.44,1,15,1,1,1,1,3,1,1,2,2
2,13,4,75,0.05,3,3,2,2,1,286.71,1,2,1,3,3,1,5,3,1,1,3
2,13,4,76,0.8,2,1,2,1,0,269.38,1,11,3,1,2,2,6,1,3,1,3
2,13,4,77,0.05,3,2,2,2,1,293.64,1,7,3,1,1,3,7,1,3,2,2
2,13,4,78,1.8,1,1,1,1,1,237.69,1,9,3,1,3,1,8,3,1,3,1
2,13,5,1,1.8,1,2,1,1,1,220.58,1,20,1,3,1,3,10,3,3,2,2
2,13,5,2,0.2,1,3,1,1,1,222.82,1,3,3,3,3,3,4,3,1,1,3
2,13,5,3,0.4,2,2,2,2,1,234.44,1,7,1,1,2,2,15,1,3,2,2
2,13,5,4,0.2,3,2,2,2,1,313.99,0,19,1,1,3,3,7,3,1,2,2
2,13,5,5,0.8,1,1,NaN,NaN,NaN,NaN,NaN,4,3,3,3,3,7,1,3,1,3
2,13,5,6,0.05,2,1,2,1,0,258.73,1,14,3,3,2,2,13,1,1,1,1
2,13,5,7,0.05,2,1,2,2,1,340.29,0,10,1,3,2,2,14,1,3,1,3
2,13,5,8,0.4,2,3,2,2,1,253.4,1,8,1,3,2,2,8,1,1,3,3
2,13,5,9,1.8,1,2,1,1,1,248,1,20,1,3,1,3,16,3,3,2,2
2,13,5,10,1.8,3,1,NaN,NaN,NaN,NaN,NaN,15,3,3,1,1,12,1,1,1,1
2,13,5,11,1.8,3,2,2,2,1,192.6,1,6,3,3,1,1,7,1,1,2,2
2,13,5,12,0.4,1,1,1,1,1,246.61,1,1,3,1,3,1,19,1,3,1,3
2,13,5,13,1.8,1,3,1,1,1,248.85,1,20,3,3,3,3,1,3,1,1,3
2,13,5,14,1.8,3,2,2,2,1,294.56,1,10,1,1,3,3,18,1,3,2,2
2,13,5,15,0.8,1,3,1,2,0,198.75,1,2,3,1,3,1,20,1,1,3,3
2,13,5,16,0.8,1,2,1,1,1,265.98,1,9,1,1,1,1,3,3,1,2,2
2,13,5,17,0.1,2,1,2,1,0,305.53,0,17,1,1,2,2,20,1,1,1,1
2,13,5,18,0.4,1,3,1,1,1,247.7,1,5,1,3,1,3,13,1,3,3,1
2,13,5,19,0.2,1,3,1,2,0,282.52,1,4,1,1,1,1,1,3,1,1,3
2,13,5,20,0.05,1,1,1,1,1,249.11,1,5,3,1,3,1,16,3,1,3,1
2,13,5,21,0.1,1,2,1,1,1,242.38,1,11,1,3,1,3,12,3,1,2,2
2,13,5,22,1.8,1,2,NaN,NaN,NaN,NaN,NaN,6,1,1,1,1,12,3,1,2,2
2,13,5,23,0.8,2,3,2,1,0,291.71,1,12,1,1,2,2,2,1,1,3,3
2,13,5,24,0.05,3,3,2,2,1,284.27,1,16,3,3,1,1,2,3,1,1,3
2,13,5,25,0.2,3,3,2,2,1,306.5,0,12,3,1,1,3,3,1,3,3,1
2,13,5,26,0.2,1,2,1,1,1,232.26,1,11,3,1,3,1,11,1,3,2,2
2,13,5,27,0.8,1,1,1,1,1,272.41,1,2,3,3,3,3,16,3,3,3,3
2,13,5,28,0.05,3,2,2,2,1,302.75,0,17,3,1,1,3,1,3,1,2,2
2,13,5,29,0.4,2,2,2,1,0,269.08,1,18,3,1,2,2,14,3,1,2,2
2,13,5,30,0.8,1,3,1,1,1,261.59,1,16,1,3,1,3,12,3,1,1,3
2,13,5,31,0.4,1,3,1,1,1,221.43,1,9,1,1,1,1,12,3,1,1,3
2,13,5,32,0.8,3,2,2,2,1,241.99,1,3,3,3,1,1,2,1,1,2,2
2,13,5,33,0.4,1,1,1,1,1,277.55,1,10,3,3,3,3,8,3,1,3,1
2,13,5,34,0.1,1,3,1,1,1,289.68,1,7,3,1,3,1,14,3,1,1,3
2,13,5,35,0.8,1,2,1,1,1,226.89,1,15,1,3,1,3,10,1,1,2,2
2,13,5,36,0.2,2,1,2,1,0,248.75,1,18,3,1,2,2,19,3,3,3,3
2,13,5,37,0.1,2,3,2,2,1,301.52,0,7,3,3,2,2,19,3,3,1,1
2,13,5,38,1.8,1,1,1,1,1,206.05,1,9,3,3,3,3,5,3,1,3,1
2,13,5,39,0.05,1,3,1,2,0,309.87,0,4,3,3,3,3,10,3,1,1,3
2,13,5,40,0.05,1,2,1,1,1,279.65,1,19,3,1,3,1,2,3,1,2,2
2,13,5,41,0.2,1,2,1,1,1,251.34,1,7,1,3,1,3,3,1,1,2,2
2,13,5,42,0.1,1,2,1,1,1,271.17,1,17,1,3,1,3,11,3,1,2,2
2,13,5,43,0.4,3,1,2,2,1,234.03,1,3,1,1,3,3,19,3,1,3,1
2,13,5,44,0.2,1,2,1,1,1,226.36,1,11,1,3,1,3,12,3,1,2,2
2,13,5,45,0.4,1,3,1,1,1,192.66,1,6,3,1,3,1,4,1,1,3,3
2,13,5,46,0.1,2,3,2,1,0,259.7,1,20,1,3,2,2,8,3,3,1,1
2,13,5,47,0.2,1,1,1,1,1,238.46,1,4,1,1,1,1,2,1,3,1,3
2,13,5,48,0.1,3,2,2,2,1,276.27,1,5,3,3,1,1,12,3,1,2,2
2,13,5,49,0.1,3,1,2,2,1,260.21,1,6,1,3,3,1,12,1,1,1,1
2,13,5,50,0.8,1,1,1,1,1,271.07,1,3,3,3,3,3,20,3,1,3,1
2,13,5,51,1.8,2,2,2,2,1,196.11,1,3,3,1,2,2,12,3,1,2,2
2,13,5,52,1.8,2,1,2,1,0,203.51,1,1,3,3,2,2,2,3,1,3,1
2,13,5,53,0.4,1,2,1,1,1,229.34,1,3,1,3,1,3,12,1,3,2,2
2,13,5,54,0.1,3,2,2,2,1,269.05,1,17,3,3,1,1,11,1,3,2,2
2,13,5,55,0.8,3,2,2,2,1,256.47,1,18,3,3,1,1,12,1,1,2,2
2,13,5,56,0.2,3,2,2,2,1,228.7,1,9,3,1,1,3,3,1,3,2,2
2,13,5,57,0.2,1,2,1,1,1,134.7,1,14,1,3,1,3,15,1,3,2,2
2,13,5,58,0.1,1,3,1,1,1,255.2,1,7,3,3,3,3,14,1,1,3,3
2,13,5,59,0.05,1,2,1,1,1,266.54,1,5,3,3,3,3,20,1,3,2,2
2,13,5,60,0.1,3,3,2,2,1,227.79,1,9,3,3,1,1,1,3,3,1,1
2,13,5,61,0.8,1,1,1,1,1,260.21,1,20,3,1,3,1,13,1,3,1,3
2,13,5,62,1.8,3,2,2,2,1,214.56,1,12,3,3,1,1,8,1,1,2,2
2,13,5,63,0.05,1,1,1,1,1,261.98,1,17,3,1,3,1,16,3,3,3,3
2,13,5,64,0.05,2,2,2,1,0,282.26,1,3,1,3,2,2,1,1,3,2,2
2,13,5,65,0.05,1,3,1,1,1,237.68,1,11,1,1,1,1,1,3,1,1,3
2,13,5,66,0.8,2,3,NaN,NaN,NaN,NaN,NaN,1,1,1,2,2,17,1,1,3,3
2,13,5,67,0.1,3,1,2,2,1,239.05,1,5,1,1,3,3,17,3,3,3,3
2,13,5,68,0.2,3,1,2,2,1,189.5,1,14,1,1,3,3,6,1,3,1,3
2,13,5,69,0.4,1,1,1,1,1,218.87,1,16,3,3,3,3,4,3,1,3,1
2,13,5,70,0.05,1,3,1,1,1,297.42,1,5,1,3,1,3,9,3,1,1,3
2,13,5,71,1.8,3,1,2,2,1,223.69,1,4,3,3,1,1,14,1,1,1,1
2,13,5,72,0.4,2,2,2,2,1,330.47,0,2,3,3,2,2,18,1,3,2,2
2,13,5,73,0.2,1,2,1,1,1,284,1,18,1,3,1,3,2,1,1,2,2
2,13,5,74,0.05,2,3,2,2,1,307.13,0,19,1,1,2,2,18,3,1,1,3
2,13,5,75,0.4,1,1,1,1,1,262.46,1,8,1,1,1,1,10,3,1,3,1
2,13,5,76,0.1,3,1,2,2,1,208.49,1,15,1,3,3,1,17,1,3,1,3
2,13,5,77,1.8,2,2,2,2,1,220.62,1,6,1,3,2,2,20,3,1,2,2
2,13,5,78,0.8,2,3,2,1,0,234.66,1,12,1,3,2,2,5,3,1,1,3
2,13,6,1,0.1,1,1,1,1,1,221.21,1,17,3,3,3,3,12,1,3,1,3
2,13,6,2,0.05,1,1,1,1,1,251.81,1,2,1,1,1,1,12,1,3,1,3
2,13,6,3,0.05,2,1,2,1,0,292.46,1,4,3,3,2,2,6,3,3,3,3
2,13,6,4,0.1,1,2,1,1,1,260.32,1,16,3,3,3,3,12,3,3,2,2
2,13,6,5,1.8,1,2,1,1,1,246.6,1,3,1,3,1,3,16,3,3,2,2
2,13,6,6,0.4,1,1,1,1,1,358.73,0,13,1,3,1,3,17,3,1,3,1
2,13,6,7,0.8,1,1,1,2,0,256.82,1,4,3,3,3,3,18,1,3,1,3
2,13,6,8,0.05,3,3,2,2,1,327.4,0,17,1,1,3,3,7,1,3,3,1
2,13,6,9,0.2,1,1,1,1,1,270.31,1,20,1,3,1,3,2,3,3,3,3
2,13,6,10,0.1,2,3,2,2,1,251.71,1,13,1,1,2,2,10,3,1,1,3
2,13,6,11,0.8,1,1,1,1,1,201.43,1,12,1,3,1,3,5,1,3,1,3
2,13,6,12,0.05,1,1,1,1,1,341.06,0,13,3,1,3,1,2,3,1,3,1
2,13,6,13,0.05,3,3,2,2,1,256.61,1,4,1,3,3,1,16,3,1,1,3
2,13,6,14,0.2,1,3,1,2,0,253.87,1,6,3,3,3,3,8,1,3,3,1
2,13,6,15,0.1,3,1,2,1,0,260.54,1,4,1,1,3,3,2,1,1,1,1
2,13,6,16,0.05,2,3,2,2,1,272.07,1,9,1,1,2,2,1,3,3,1,1
2,13,6,17,0.4,1,1,1,1,1,221.41,1,11,3,1,3,1,15,3,1,3,1
2,13,6,18,0.2,3,3,NaN,NaN,NaN,NaN,NaN,20,1,3,3,1,18,1,3,3,1
2,13,6,19,1.8,1,2,1,1,1,205.2,1,12,1,3,1,3,16,3,3,2,2
2,13,6,20,0.8,1,2,1,1,1,248.31,1,18,1,3,1,3,16,3,3,2,2
2,13,6,21,0.8,3,2,2,2,1,215.66,1,17,3,1,1,3,10,3,1,2,2
2,13,6,22,0.2,3,1,2,2,1,352.45,0,12,1,1,3,3,20,3,1,3,1
2,13,6,23,1.8,1,2,1,1,1,206.65,1,4,3,3,3,3,5,3,3,2,2
2,13,6,24,1.8,2,2,2,2,1,200.08,1,18,1,1,2,2,13,1,3,2,2
2,13,6,25,0.2,1,2,1,2,0,268.6,1,4,3,1,3,1,14,3,1,2,2
2,13,6,26,0.8,2,1,2,2,1,270.88,1,13,3,1,2,2,20,3,1,3,1
2,13,6,27,0.05,1,2,1,1,1,259.06,1,6,1,1,1,1,13,3,3,2,2
2,13,6,28,0.2,2,1,2,2,1,277.47,1,11,3,1,2,2,8,1,1,1,1
2,13,6,29,0.4,2,2,2,2,1,244.17,1,7,3,1,2,2,16,1,3,2,2
2,13,6,30,0.8,3,2,2,2,1,210.5,1,20,1,1,3,3,2,3,3,2,2
2,13,6,31,0.2,1,1,1,1,1,288.56,1,9,3,3,3,3,13,1,3,1,3
2,13,6,32,0.1,1,3,1,1,1,242.73,1,12,3,3,3,3,15,1,1,3,3
2,13,6,33,0.1,1,1,1,1,1,291.79,1,20,3,1,3,1,12,1,1,1,1
2,13,6,34,0.4,2,2,2,2,1,283.92,1,19,1,1,2,2,17,1,3,2,2
2,13,6,35,0.4,2,1,2,2,1,300.24,0,19,1,3,2,2,15,1,3,1,3
2,13,6,36,1.8,1,2,NaN,NaN,NaN,NaN,NaN,7,3,3,3,3,8,1,3,2,2
2,13,6,37,0.8,3,3,2,2,1,205.68,1,15,1,1,3,3,19,3,3,1,1
2,13,6,38,0.4,3,3,2,2,1,213.4,1,12,3,3,1,1,1,3,1,1,3
2,13,6,39,0.4,1,1,1,1,1,235.44,1,7,1,1,1,1,9,3,3,3,3
2,13,6,40,1.8,3,2,2,2,1,174.41,1,4,1,3,3,1,8,1,3,2,2
2,13,6,41,0.2,2,2,2,2,1,306.47,0,14,1,1,2,2,1,3,1,2,2
2,13,6,42,0.2,2,2,2,1,0,299.29,1,20,3,1,2,2,6,3,1,2,2
2,13,6,43,0.4,1,1,1,1,1,272.73,1,19,3,3,3,3,13,3,3,3,3
2,13,6,44,0.8,3,2,2,2,1,206.85,1,7,1,1,3,3,12,3,1,2,2
2,13,6,45,0.05,2,3,2,2,1,329.94,0,4,3,1,2,2,1,1,3,3,1
2,13,6,46,1.8,1,1,NaN,NaN,NaN,NaN,NaN,6,1,3,1,3,14,3,3,3,3
2,13,6,47,0.05,3,2,2,2,1,305.45,0,10,3,1,1,3,17,3,1,2,2
2,13,6,48,1.8,1,2,1,1,1,242.55,1,12,3,3,3,3,3,1,1,2,2
2,13,6,49,0.05,1,1,1,1,1,283.42,1,3,3,3,3,3,9,1,1,1,1
2,13,6,50,0.2,1,1,1,1,1,161.05,1,2,3,3,3,3,9,1,1,1,1
2,13,6,51,1.8,1,2,1,2,0,246.37,1,19,1,3,1,3,5,3,1,2,2
2,13,6,52,0.8,3,3,NaN,NaN,NaN,NaN,NaN,9,3,3,1,1,12,1,3,3,1
2,13,6,53,0.05,2,2,2,2,1,881.86,0,16,1,1,2,2,7,1,3,2,2
2,13,6,54,0.4,3,1,2,2,1,226.1,1,19,3,3,1,1,18,3,3,3,3
2,13,6,55,0.1,2,1,2,2,1,258.14,1,20,3,3,2,2,18,3,3,3,3
2,13,6,56,0.1,1,3,1,1,1,267.92,1,17,3,3,3,3,5,1,1,3,3
2,13,6,57,0.8,1,1,1,1,1,221.58,1,5,3,3,3,3,4,1,3,1,3
2,13,6,58,0.05,1,1,1,1,1,281.83,1,11,1,3,1,3,5,3,1,3,1
2,13,6,59,0.4,1,2,1,1,1,280.49,1,17,1,1,1,1,12,3,1,2,2
2,13,6,60,1.8,1,1,1,1,1,209.97,1,4,1,1,1,1,9,3,3,3,3
2,13,6,61,0.1,1,1,1,1,1,262.96,1,13,1,3,1,3,2,1,3,1,3
2,13,6,62,0.4,2,2,2,2,1,303.86,0,16,3,1,2,2,6,1,3,2,2
2,13,6,63,1.8,1,2,1,1,1,191.94,1,6,1,1,1,1,4,1,3,2,2
2,13,6,64,0.2,2,1,2,1,0,281.28,1,13,3,1,2,2,6,3,1,3,1
2,13,6,65,0.8,2,1,2,2,1,295.64,1,18,3,3,2,2,4,3,3,3,3
2,13,6,66,0.4,3,3,2,2,1,211.85,1,16,3,3,1,1,12,1,1,3,3
2,13,6,67,0.8,3,2,2,2,1,201.59,1,17,3,3,1,1,6,3,3,2,2
2,13,6,68,0.1,3,3,2,2,1,254.76,1,6,3,3,1,1,16,3,1,1,3
2,13,6,69,0.2,3,2,2,2,1,276.78,1,5,3,3,1,1,8,1,3,2,2
2,13,6,70,1.8,1,1,1,1,1,213.06,1,20,3,3,3,3,17,1,3,1,3
2,13,6,71,1.8,1,2,1,1,1,194.87,1,9,3,3,3,3,15,1,3,2,2
2,13,6,72,0.4,2,3,2,2,1,263.53,1,9,3,3,2,2,10,1,3,3,1
2,13,6,73,0.1,2,2,2,2,1,264.26,1,10,3,3,2,2,6,3,3,2,2
2,13,6,74,0.05,1,3,1,1,1,320.17,0,18,1,1,1,1,1,3,3,1,1
2,13,6,75,0.8,1,1,1,1,1,226.09,1,5,3,1,3,1,9,3,1,3,1
2,13,6,76,0.1,1,2,1,1,1,270.04,1,5,3,3,3,3,8,1,3,2,2
2,13,6,77,0.2,2,3,2,2,1,253.41,1,5,3,1,2,2,17,3,1,1,3
2,13,6,78,0.1,1,1,1,1,1,253.01,1,9,3,1,3,1,3,1,3,1,3
2,13,7,1,0.4,2,2,2,2,1,70.647,2,9,3,1,2,2,17,1,1,2,2
2,13,7,2,0.2,3,2,2,2,1,250.41,1,20,3,1,1,3,5,3,1,2,2
2,13,7,3,0.4,2,1,2,1,0,283.73,1,14,1,3,2,2,4,1,3,1,3
2,13,7,4,0.05,3,1,2,2,1,255.2,1,19,3,1,1,3,16,3,3,3,3
2,13,7,5,1.8,2,3,2,2,1,225.35,1,11,3,3,2,2,6,1,3,3,1
2,13,7,6,0.1,1,2,1,1,1,276.04,1,19,3,1,3,1,3,1,3,2,2
2,13,7,7,0.1,1,2,1,1,1,256.24,1,6,1,3,1,3,4,3,1,2,2
2,13,7,8,1.8,2,1,2,1,0,194.18,1,12,1,1,2,2,18,3,3,3,3
2,13,7,9,0.4,1,1,1,1,1,214.98,1,4,1,1,1,1,14,1,1,1,1
2,13,7,10,1.8,2,1,2,1,0,231.39,1,10,1,3,2,2,16,3,1,3,1
2,13,7,11,0.1,1,3,1,1,1,284.29,1,4,1,3,1,3,13,3,3,1,1
2,13,7,12,0.8,3,3,2,2,1,236.94,1,19,3,1,1,3,15,3,1,1,3
2,13,7,13,0.1,3,3,2,2,1,285.52,1,5,1,3,3,1,12,3,1,1,3
2,13,7,14,0.2,2,3,2,1,0,195.08,1,8,3,1,2,2,14,1,3,3,1
2,13,7,15,0.4,1,2,1,1,1,187.52,1,19,3,3,3,3,1,1,3,2,2
2,13,7,16,0.8,1,3,1,1,1,282.19,1,4,1,1,1,1,11,1,1,3,3
2,13,7,17,0.8,3,2,2,2,1,206.37,1,19,3,3,1,1,6,1,1,2,2
2,13,7,18,0.2,1,1,1,1,1,235.11,1,13,3,3,3,3,15,1,3,1,3
2,13,7,19,1.8,2,3,2,2,1,204.26,1,16,1,3,2,2,1,3,1,1,3
2,13,7,20,0.05,2,1,2,2,1,401.04,0,13,3,1,2,2,1,1,3,1,3
2,13,7,21,0.1,3,2,2,2,1,262.77,1,8,3,3,1,1,2,1,3,2,2
2,13,7,22,0.2,1,3,1,1,1,200.43,1,16,1,1,1,1,9,3,3,1,1
2,13,7,23,0.2,3,3,2,2,1,141.17,1,3,3,3,1,1,2,1,1,3,3
2,13,7,24,0.1,3,3,2,2,1,261.37,1,10,1,1,3,3,15,1,1,3,3
2,13,7,25,0.8,3,2,2,2,1,236.95,1,6,3,3,1,1,20,1,3,2,2
2,13,7,26,1.8,1,2,1,1,1,209.28,1,4,3,3,3,3,11,3,1,2,2
2,13,7,27,0.4,3,2,2,2,1,201.35,1,8,3,3,1,1,1,3,1,2,2
2,13,7,28,1.8,1,2,1,1,1,199.39,1,9,3,3,3,3,7,3,3,2,2
2,13,7,29,0.2,1,1,1,1,1,247.62,1,6,3,1,3,1,5,3,1,3,1
2,13,7,30,0.2,1,1,1,1,1,250.05,1,19,1,1,1,1,18,1,3,1,3
2,13,7,31,0.1,1,3,1,1,1,290.49,1,14,1,3,1,3,10,1,3,3,1
2,13,7,32,0.05,3,1,2,1,0,278.17,1,18,3,1,1,3,8,3,1,3,1
2,13,7,33,0.05,1,3,1,1,1,276.67,1,7,3,3,3,3,14,3,1,1,3
2,13,7,34,0.8,2,2,2,2,1,201.61,1,5,1,3,2,2,11,3,1,2,2
2,13,7,35,0.05,3,3,2,2,1,324.63,0,12,1,3,3,1,1,3,3,1,1
2,13,7,36,0.4,1,3,1,1,1,256.33,1,12,3,1,3,1,6,3,3,1,1
2,13,7,37,0.05,2,2,2,2,1,238.76,1,9,3,1,2,2,6,3,1,2,2
2,13,7,38,1.8,1,2,1,1,1,202.53,1,2,3,3,3,3,9,1,3,2,2
2,13,7,39,0.4,1,2,1,1,1,203.64,1,3,3,1,3,1,20,1,1,2,2
2,13,7,40,0.8,2,3,2,2,1,214.43,1,15,3,3,2,2,6,1,1,3,3
2,13,7,41,0.1,2,3,2,1,0,272.29,1,11,1,3,2,2,5,1,3,3,1
2,13,7,42,0.05,3,2,2,2,1,259.88,1,10,3,3,1,1,2,3,1,2,2
2,13,7,43,0.05,3,3,2,1,0,287.71,1,15,3,1,1,3,12,3,3,1,1
2,13,7,44,0.2,3,2,2,2,1,250.23,1,20,3,1,1,3,8,1,1,2,2
2,13,7,45,0.1,1,2,1,1,1,274.55,1,8,3,1,3,1,16,1,1,2,2
2,13,7,46,0.2,3,1,2,2,1,287.56,1,20,1,3,3,1,14,1,1,1,1
2,13,7,47,0.05,1,2,1,1,1,263.58,1,14,1,1,1,1,1,1,3,2,2
2,13,7,48,0.1,2,3,2,2,1,267.52,1,19,3,1,2,2,8,3,3,1,1
2,13,7,49,0.2,1,2,1,1,1,261.43,1,10,3,3,3,3,2,1,1,2,2
2,13,7,50,0.8,2,3,2,2,1,217.01,1,10,3,3,2,2,19,1,1,3,3
2,13,7,51,0.4,2,1,2,1,0,311.36,0,19,1,1,2,2,19,1,1,1,1
2,13,7,52,0.4,3,3,2,2,1,311.94,0,5,1,1,3,3,16,3,1,1,3
2,13,7,53,0.2,2,1,2,2,1,298.59,1,3,1,1,2,2,15,3,3,3,3
2,13,7,54,0.1,1,1,1,1,1,249.01,1,13,1,3,1,3,1,1,1,1,1
2,13,7,55,1.8,2,2,NaN,NaN,NaN,NaN,NaN,17,3,1,2,2,8,1,3,2,2
2,13,7,56,0.8,1,2,1,1,1,215,1,18,3,1,3,1,1,1,1,2,2
2,13,7,57,1.8,2,3,2,2,1,205.27,1,9,3,3,2,2,13,1,1,3,3
2,13,7,58,0.05,3,1,2,2,1,274.62,1,2,3,3,1,1,16,3,1,3,1
2,13,7,59,1.8,1,3,1,1,1,200.98,1,15,3,1,3,1,4,1,1,3,3
2,13,7,60,0.8,3,3,2,2,1,217.74,1,16,3,1,1,3,16,3,1,1,3
2,13,7,61,0.4,2,1,2,2,1,210.73,1,7,3,1,2,2,7,3,1,3,1
2,13,7,62,0.2,3,2,2,2,1,244.81,1,6,1,3,3,1,7,1,3,2,2
2,13,7,63,0.8,1,3,1,1,1,267.55,1,4,1,1,1,1,13,3,1,1,3
2,13,7,64,0.8,3,1,NaN,NaN,NaN,NaN,NaN,2,1,3,3,1,20,1,1,1,1
2,13,7,65,0.2,3,1,2,2,1,271.17,1,17,1,3,3,1,9,3,3,3,3
2,13,7,66,0.8,3,1,2,2,1,221.88,1,5,1,3,3,1,13,1,3,1,3
2,13,7,67,0.4,1,1,1,1,1,222.49,1,11,1,1,1,1,6,3,1,3,1
2,13,7,68,0.05,1,1,1,1,1,217.04,1,14,3,3,3,3,7,1,1,1,1
2,13,7,69,1.8,1,3,1,1,1,195.82,1,5,1,1,1,1,11,1,1,3,3
2,13,7,70,0.8,1,2,1,1,1,232.55,1,10,3,1,3,1,10,1,1,2,2
2,13,7,71,1.8,2,1,NaN,NaN,NaN,NaN,NaN,9,1,3,2,2,14,3,1,3,1
2,13,7,72,1.8,2,3,2,1,0,213.97,1,4,1,3,2,2,8,1,1,3,3
2,13,7,73,0.05,1,1,1,1,1,290.1,1,14,3,3,3,3,19,3,1,3,1
2,13,7,74,0.05,3,1,2,2,1,267.7,1,1,1,3,3,1,14,1,3,1,3
2,13,7,75,0.1,1,1,1,1,1,299.11,1,11,1,3,1,3,9,3,1,3,1
2,13,7,76,0.4,1,1,1,1,1,205.95,1,3,3,3,3,3,4,3,3,3,3
2,13,7,77,0.4,3,1,2,2,1,222.1,1,12,3,1,1,3,19,1,1,1,1
2,13,7,78,0.1,2,3,2,1,0,349.68,0,10,3,3,2,2,18,3,1,1,3
2,13,8,1,0.2,2,3,2,1,0,242.79,1,14,1,3,2,2,20,1,1,3,3
2,13,8,2,0.2,1,1,1,1,1,194.73,1,4,3,1,3,1,13,1,1,1,1
2,13,8,3,1.8,2,2,2,2,1,254.5,1,9,1,3,2,2,15,1,3,2,2
2,13,8,4,0.8,2,1,2,1,0,218.55,1,2,1,1,2,2,13,3,1,3,1
2,13,8,5,0.4,1,2,1,1,1,225.05,1,4,1,3,1,3,1,3,3,2,2
2,13,8,6,1.8,1,2,1,1,1,245.42,1,14,1,3,1,3,7,3,1,2,2
2,13,8,7,0.05,2,1,2,2,1,296.74,1,12,3,3,2,2,2,3,1,3,1
2,13,8,8,0.1,1,2,1,1,1,265.11,1,10,1,1,1,1,10,1,3,2,2
2,13,8,9,0.4,1,2,1,1,1,287.26,1,4,3,3,3,3,11,3,1,2,2
2,13,8,10,0.05,1,2,1,1,1,289.61,1,16,3,1,3,1,20,1,1,2,2
2,13,8,11,1.8,3,1,2,2,1,238.52,1,4,3,3,1,1,7,1,1,1,1
2,13,8,12,0.8,2,1,2,2,1,223.21,1,14,3,3,2,2,4,3,1,3,1
2,13,8,13,0.2,2,1,2,1,0,273.96,1,4,1,3,2,2,18,3,1,3,1
2,13,8,14,0.8,1,1,1,1,1,218.56,1,9,1,1,1,1,10,3,1,3,1
2,13,8,15,0.1,2,3,2,1,0,261.98,1,1,3,1,2,2,1,1,1,3,3
2,13,8,16,0.8,3,3,2,2,1,225.55,1,10,3,1,1,3,11,1,1,3,3
2,13,8,17,0.2,2,1,2,2,1,260.03,1,20,1,3,2,2,1,1,1,1,1
2,13,8,18,0.1,2,1,2,2,1,282.98,1,7,3,1,2,2,10,1,1,1,1
2,13,8,19,0.1,2,3,2,1,0,354.65,0,18,1,3,2,2,19,1,3,3,1
2,13,8,20,0.1,1,1,1,1,1,215.96,1,12,1,1,1,1,13,1,1,1,1
2,13,8,21,0.05,2,3,2,2,1,195.5,1,16,1,1,2,2,2,1,1,3,3
2,13,8,22,0.8,1,3,1,1,1,216.83,1,6,1,3,1,3,6,3,1,1,3
2,13,8,23,0.1,3,3,2,2,1,289.18,1,5,3,3,1,1,4,3,1,1,3
2,13,8,24,0.2,1,3,1,1,1,276.7,1,4,1,3,1,3,12,3,3,1,1
2,13,8,25,1.8,2,1,2,2,1,212.82,1,6,3,3,2,2,15,1,3,1,3
2,13,8,26,0.2,3,3,2,2,1,232.34,1,4,1,3,3,1,3,3,1,1,3
2,13,8,27,0.2,1,2,1,1,1,234.81,1,7,1,3,1,3,12,3,3,2,2
2,13,8,28,1.8,3,1,2,2,1,270.51,1,5,1,3,3,1,16,1,3,1,3
2,13,8,29,0.05,1,2,1,1,1,265.23,1,4,3,3,3,3,8,3,1,2,2
2,13,8,30,1.8,2,3,2,1,0,220.64,1,19,3,3,2,2,18,1,3,3,1
2,13,8,31,0.05,2,2,2,1,0,319.66,0,14,1,1,2,2,6,1,1,2,2
2,13,8,32,0.2,1,1,1,1,1,269.55,1,7,1,1,1,1,12,1,3,1,3
2,13,8,33,0.4,2,3,2,2,1,255.96,1,1,1,3,2,2,14,3,1,1,3
2,13,8,34,1.8,2,2,2,2,1,214.32,1,11,1,3,2,2,16,3,3,2,2
2,13,8,35,0.1,2,2,2,2,1,207.87,1,2,1,1,2,2,13,3,3,2,2
2,13,8,36,0.4,3,2,2,2,1,258.91,1,2,3,3,1,1,2,1,3,2,2
2,13,8,37,1.8,3,2,2,2,1,217.26,1,12,3,1,1,3,11,3,3,2,2
2,13,8,38,0.05,3,1,2,2,1,319.38,0,3,1,3,3,1,16,3,1,3,1
2,13,8,39,0.8,3,1,2,2,1,278.89,1,15,3,3,1,1,17,1,1,1,1
2,13,8,40,0.8,2,3,2,1,0,210.77,1,20,3,1,2,2,12,3,3,1,1
2,13,8,41,0.8,1,3,1,1,1,273.39,1,1,3,1,3,1,10,3,1,1,3
2,13,8,42,0.8,3,1,2,2,1,270.39,1,2,3,1,1,3,14,3,1,3,1
2,13,8,43,0.2,1,2,1,1,1,206.01,1,17,3,1,3,1,7,1,1,2,2
2,13,8,44,0.2,2,1,2,2,1,148.11,1,16,3,1,2,2,8,1,1,1,1
2,13,8,45,0.05,2,3,2,2,1,310.81,0,14,1,3,2,2,15,1,1,3,3
2,13,8,46,0.4,1,2,1,1,1,282.05,1,10,1,1,1,1,11,1,1,2,2
2,13,8,47,0.1,1,1,1,1,1,249.57,1,18,3,1,3,1,11,3,3,3,3
2,13,8,48,0.8,2,3,2,2,1,227.44,1,20,1,1,2,2,18,1,3,3,1
2,13,8,49,0.05,1,1,1,1,1,254.76,1,17,3,1,3,1,3,3,3,3,3
2,13,8,50,0.8,1,3,1,1,1,243.78,1,7,3,1,3,1,5,3,1,1,3
2,13,8,51,0.4,2,3,2,2,1,231.97,1,13,3,3,2,2,2,3,1,1,3
2,13,8,52,0.1,1,2,1,1,1,247.64,1,12,3,3,3,3,18,3,3,2,2
2,13,8,53,0.8,1,2,1,1,1,271.72,1,10,3,3,3,3,6,1,1,2,2
2,13,8,54,1.8,1,2,1,1,1,216.49,1,18,3,3,3,3,4,1,3,2,2
2,13,8,55,0.4,1,3,1,1,1,293.26,1,10,3,3,3,3,15,1,3,3,1
2,13,8,56,0.1,3,2,2,2,1,286.36,1,11,1,1,3,3,19,1,1,2,2
2,13,8,57,0.05,2,2,2,1,0,272.14,1,12,3,3,2,2,2,3,3,2,2
2,13,8,58,0.05,3,2,2,2,1,297.4,1,6,3,3,1,1,15,1,3,2,2
2,13,8,59,0.4,1,2,1,1,1,263.86,1,8,3,1,3,1,4,3,3,2,2
2,13,8,60,1.8,2,3,2,2,1,267.47,1,17,1,3,2,2,4,1,1,3,3
2,13,8,61,1.8,1,1,1,1,1,218.54,1,1,1,1,1,1,1,3,3,3,3
2,13,8,62,1.8,2,1,2,2,1,243.88,1,20,3,1,2,2,4,3,3,3,3
2,13,8,63,0.1,3,2,2,2,1,323.23,0,10,3,1,1,3,19,1,3,2,2
2,13,8,64,0.05,2,1,2,2,1,290.85,1,10,3,3,2,2,2,3,3,3,3
2,13,8,65,0.2,1,1,1,1,1,288.13,1,11,1,1,1,1,15,3,1,3,1
2,13,8,66,0.05,3,1,2,2,1,323.47,0,14,3,1,1,3,2,3,3,3,3
2,13,8,67,0.1,1,3,1,1,1,243.14,1,16,1,1,1,1,12,3,3,1,1
2,13,8,68,0.2,3,1,2,2,1,261.83,1,16,3,1,1,3,17,1,1,1,1
2,13,8,69,0.1,1,3,1,1,1,277.02,1,3,1,3,1,3,7,1,3,3,1
2,13,8,70,0.8,2,1,2,2,1,224.9,1,14,1,1,2,2,4,1,1,1,1
2,13,8,71,0.4,3,2,2,2,1,218.49,1,9,1,3,3,1,12,3,1,2,2
2,13,8,72,0.4,3,2,2,2,1,249.89,1,13,1,3,3,1,13,1,1,2,2
2,13,8,73,0.4,1,2,1,1,1,222.85,1,3,1,1,1,1,20,3,1,2,2
2,13,8,74,0.2,3,3,2,2,1,255.01,1,7,3,3,1,1,14,1,1,3,3
2,13,8,75,1.8,1,3,1,1,1,216.15,1,12,1,1,1,1,18,1,3,3,1
2,13,8,76,0.4,1,2,1,2,0,207.48,1,17,3,3,3,3,2,3,1,2,2
2,13,8,77,0.4,2,2,2,2,1,257.94,1,13,1,3,2,2,6,3,3,2,2
2,13,8,78,0.05,2,3,2,2,1,260.9,1,6,3,3,2,2,14,3,3,1,1
2,13,9,1,0.2,2,1,2,2,1,210.25,1,5,1,1,2,2,10,3,1,3,1
2,13,9,2,0.1,2,3,2,1,0,253.64,1,17,1,1,2,2,2,1,1,3,3
2,13,9,3,0.2,3,3,2,2,1,263.07,1,17,1,1,3,3,15,3,3,1,1
2,13,9,4,0.8,1,2,1,1,1,209.05,1,15,1,1,1,1,7,1,1,2,2
2,13,9,5,0.1,2,2,2,2,1,261.33,1,14,3,3,2,2,11,1,1,2,2
2,13,9,6,0.05,1,3,1,1,1,267.99,1,10,1,1,1,1,1,1,1,3,3
2,13,9,7,0.05,3,3,2,2,1,248.78,1,17,3,1,1,3,14,3,1,1,3
2,13,9,8,0.2,1,1,1,1,1,223.42,1,10,1,3,1,3,11,1,1,1,1
2,13,9,9,1.8,1,3,1,1,1,195.95,1,18,1,3,1,3,15,3,3,1,1
2,13,9,10,0.8,1,2,1,1,1,208.67,1,15,1,3,1,3,17,3,3,2,2
2,13,9,11,0.05,1,2,1,1,1,268.22,1,19,1,1,1,1,1,1,3,2,2
2,13,9,12,1.8,1,1,1,1,1,231.78,1,18,1,1,1,1,17,1,1,1,1
2,13,9,13,0.8,3,3,2,2,1,230.9,1,3,3,3,1,1,10,3,3,1,1
2,13,9,14,0.2,1,2,1,1,1,260.54,1,5,1,1,1,1,1,3,1,2,2
2,13,9,15,0.2,3,1,2,2,1,244.52,1,17,3,3,1,1,9,1,1,1,1
2,13,9,16,0.4,3,2,2,2,1,251.14,1,7,3,1,1,3,14,1,1,2,2
2,13,9,17,0.2,1,3,1,1,1,269.48,1,10,3,1,3,1,11,3,3,1,1
2,13,9,18,1.8,3,3,2,2,1,212.21,1,17,1,1,3,3,1,1,1,3,3
2,13,9,19,0.2,1,2,1,1,1,224.33,1,1,3,1,3,1,9,1,1,2,2
2,13,9,20,0.4,1,3,1,1,1,306.17,0,9,3,1,3,1,18,3,1,1,3
2,13,9,21,0.05,1,1,1,1,1,319.25,0,12,3,3,3,3,3,1,1,1,1
2,13,9,22,0.4,1,3,1,1,1,237.14,1,15,1,3,1,3,18,1,3,3,1
2,13,9,23,0.05,1,3,1,1,1,271.08,1,15,1,1,1,1,13,3,1,1,3
2,13,9,24,0.05,1,3,1,1,1,282.93,1,2,1,3,1,3,14,1,1,3,3
2,13,9,25,0.05,2,1,2,1,0,256.66,1,4,3,3,2,2,7,3,1,3,1
2,13,9,26,0.1,1,2,1,1,1,259.08,1,5,3,3,3,3,17,1,1,2,2
2,13,9,27,0.2,2,2,2,2,1,212.92,1,16,1,3,2,2,19,3,1,2,2
2,13,9,28,1.8,1,3,1,1,1,194.96,1,1,3,1,3,1,16,1,1,3,3
2,13,9,29,0.8,2,3,2,2,1,252.89,1,16,3,1,2,2,7,3,3,1,1
2,13,9,30,1.8,2,3,2,2,1,226.27,1,12,3,1,2,2,1,1,1,3,3
2,13,9,31,1.8,1,1,1,1,1,228.27,1,18,1,3,1,3,6,1,3,1,3
2,13,9,32,0.8,2,1,2,1,0,221.3,1,17,3,1,2,2,12,3,3,3,3
2,13,9,33,0.2,1,1,1,1,1,239.92,1,8,3,1,3,1,17,1,3,1,3
2,13,9,34,0.1,3,3,2,2,1,302.13,0,18,3,1,1,3,16,3,3,1,1
2,13,9,35,0.1,3,1,2,2,1,262.88,1,19,3,3,1,1,5,3,3,3,3
2,13,9,36,0.4,1,1,1,1,1,246.87,1,17,1,3,1,3,3,1,1,1,1
2,13,9,37,0.05,2,2,2,2,1,265.05,1,6,3,3,2,2,9,1,3,2,2
2,13,9,38,0.2,1,3,1,1,1,245.13,1,5,1,3,1,3,14,1,3,3,1
2,13,9,39,0.1,3,1,2,2,1,266.77,1,10,3,1,1,3,3,3,1,3,1
2,13,9,40,0.4,3,2,2,2,1,274.28,1,4,3,3,1,1,5,1,1,2,2
2,13,9,41,0.8,1,3,1,1,1,265.03,1,14,3,1,3,1,8,3,1,1,3
2,13,9,42,0.2,1,2,1,1,1,248.66,1,13,3,3,3,3,9,3,3,2,2
2,13,9,43,0.05,1,2,1,1,1,258.05,1,2,3,1,3,1,15,1,1,2,2
2,13,9,44,0.1,3,2,2,2,1,306.14,0,1,1,3,3,1,18,1,3,2,2
2,13,9,45,1.8,3,1,2,2,1,203.53,1,6,1,1,3,3,17,1,1,1,1
2,13,9,46,0.2,1,1,1,1,1,237.77,1,5,1,3,1,3,6,1,1,1,1
2,13,9,47,0.4,1,3,1,1,1,235.27,1,8,3,3,3,3,4,3,1,1,3
2,13,9,48,0.05,1,2,1,1,1,269.35,1,13,1,1,1,1,17,1,1,2,2
2,13,9,49,0.05,1,1,1,1,1,253.3,1,17,1,3,1,3,10,1,3,1,3
2,13,9,50,0.8,1,1,1,1,1,201.81,1,13,3,3,3,3,17,3,3,3,3
2,13,9,51,0.4,2,3,2,2,1,199.89,1,20,3,3,2,2,20,3,1,1,3
2,13,9,52,1.8,1,3,1,1,1,237.38,1,20,1,1,1,1,2,3,3,1,1
2,13,9,53,1.8,1,1,1,1,1,220.94,1,17,3,1,3,1,9,1,3,1,3
2,13,9,54,0.8,1,2,1,1,1,221.54,1,3,1,1,1,1,16,1,3,2,2
2,13,9,55,0.4,2,2,2,1,0,210.1,1,16,3,3,2,2,4,1,1,2,2
2,13,9,56,0.4,1,3,1,1,1,250.96,1,9,3,3,3,3,10,3,3,1,1
2,13,9,57,1.8,1,3,1,1,1,217.58,1,3,1,3,1,3,9,1,3,3,1
2,13,9,58,0.4,1,2,NaN,NaN,NaN,NaN,NaN,6,1,1,1,1,14,3,1,2,2
2,13,9,59,0.1,1,2,1,1,1,220.11,1,17,1,1,1,1,5,3,3,2,2
2,13,9,60,0.1,1,2,1,1,1,237.51,1,19,3,3,3,3,7,3,3,2,2
2,13,9,61,0.4,2,3,2,2,1,277.72,1,14,3,3,2,2,17,3,1,1,3
2,13,9,62,1.8,1,3,1,1,1,203.95,1,19,3,1,3,1,12,3,1,1,3
2,13,9,63,0.8,1,3,1,1,1,250.16,1,11,1,3,1,3,3,3,3,1,1
2,13,9,64,0.05,1,2,1,2,0,286.39,1,17,1,3,1,3,18,1,1,2,2
2,13,9,65,0.8,1,3,1,1,1,199.23,1,6,1,3,1,3,2,3,1,1,3
2,13,9,66,0.4,3,1,2,2,1,259.72,1,12,3,3,1,1,5,1,3,1,3
2,13,9,67,0.8,1,3,1,2,0,228.87,1,11,3,1,3,1,17,3,3,1,1
2,13,9,68,0.1,1,1,1,1,1,260.85,1,18,1,1,1,1,2,1,3,1,3
2,13,9,69,0.1,2,1,2,2,1,308.36,0,19,3,1,2,2,18,1,1,1,1
2,13,9,70,0.1,1,2,1,1,1,198.98,1,18,3,3,3,3,3,1,3,2,2
2,13,9,71,1.8,1,3,NaN,NaN,NaN,NaN,NaN,15,1,1,1,1,5,1,1,3,3
2,13,9,72,0.1,1,3,1,1,1,287.2,1,13,1,1,1,1,2,3,3,1,1
2,13,9,73,0.8,1,1,1,1,1,212.73,1,19,3,1,3,1,20,3,3,3,3
2,13,9,74,0.4,1,1,1,1,1,276.23,1,13,3,1,3,1,19,1,3,1,3
2,13,9,75,1.8,2,1,2,1,0,199.79,1,19,3,3,2,2,13,3,1,3,1
2,13,9,76,0.2,1,1,1,1,1,204.35,1,14,1,1,1,1,4,3,3,3,3
2,13,9,77,0.8,2,3,2,2,1,238.04,1,14,3,1,2,2,20,1,3,3,1
2,13,9,78,0.05,1,2,1,1,1,290.48,1,20,1,3,1,3,10,1,3,2,2
2,13,10,1,0.8,2,2,2,1,0,276.67,1,8,3,1,2,2,6,1,3,2,2
2,13,10,2,0.1,1,2,1,1,1,236.88,1,2,3,1,3,1,13,1,3,2,2
2,13,10,3,1.8,1,2,1,1,1,214.52,1,1,1,3,1,3,8,1,1,2,2
2,13,10,4,0.05,1,1,1,2,0,390.88,0,13,3,3,3,3,5,1,1,1,1
2,13,10,5,0.2,1,2,1,1,1,145.74,1,5,1,3,1,3,4,3,3,2,2
2,13,10,6,0.4,2,3,2,2,1,263.28,1,16,3,1,2,2,16,1,3,3,1
2,13,10,7,0.4,3,3,2,2,1,227.23,1,5,3,1,1,3,8,1,3,3,1
2,13,10,8,0.05,1,2,1,1,1,260.41,1,12,1,3,1,3,1,1,1,2,2
2,13,10,9,0.1,3,2,2,2,1,298.35,1,5,1,1,3,3,8,1,1,2,2
2,13,10,10,0.4,1,1,NaN,NaN,NaN,NaN,NaN,13,1,3,1,3,10,1,1,1,1
2,13,10,11,0.1,3,3,2,2,1,229.94,1,3,3,1,1,3,1,3,3,1,1
2,13,10,12,0.1,1,2,1,1,1,286.09,1,13,3,3,3,3,6,3,3,2,2
2,13,10,13,0.05,1,1,1,1,1,301.38,0,13,3,1,3,1,5,3,3,3,3
2,13,10,14,0.4,2,3,2,2,1,224.91,1,17,1,3,2,2,6,1,1,3,3
2,13,10,15,0.05,1,1,1,1,1,266.04,1,20,1,1,1,1,17,3,3,3,3
2,13,10,16,0.2,1,2,1,1,1,222.92,1,2,1,1,1,1,8,3,1,2,2
2,13,10,17,0.2,3,2,2,2,1,234.31,1,8,1,1,3,3,3,3,3,2,2
2,13,10,18,0.4,1,3,1,2,0,265.29,1,20,3,1,3,1,18,3,1,1,3
2,13,10,19,1.8,1,3,NaN,NaN,NaN,NaN,NaN,8,1,3,1,3,7,1,3,3,1
2,13,10,20,1.8,2,2,2,2,1,290.87,1,9,1,3,2,2,7,3,3,2,2
2,13,10,21,0.2,3,3,2,2,1,307.12,0,3,3,1,1,3,4,1,3,3,1
2,13,10,22,0.4,1,2,1,1,1,248.36,1,11,3,3,3,3,10,3,3,2,2
2,13,10,23,0.05,3,3,2,2,1,282.33,1,9,3,3,1,1,20,3,3,1,1
2,13,10,24,0.2,1,2,1,2,0,299.67,1,15,1,3,1,3,15,3,3,2,2
2,13,10,25,0.4,1,1,1,1,1,267.66,1,2,3,1,3,1,13,3,1,3,1
2,13,10,26,0.4,2,1,2,2,1,265.67,1,13,1,3,2,2,19,3,3,3,3
2,13,10,27,0.2,3,1,2,2,1,238.61,1,10,3,3,1,1,11,3,1,3,1
2,13,10,28,1.8,1,2,1,1,1,202.8,1,3,3,3,3,3,4,3,1,2,2
2,13,10,29,0.2,2,2,2,1,0,177.18,1,4,1,1,2,2,5,3,1,2,2
2,13,10,30,1.8,1,1,1,1,1,225.4,1,13,3,1,3,1,15,1,3,1,3
2,13,10,31,0.1,2,3,2,2,1,280.21,1,13,1,3,2,2,18,1,1,3,3
2,13,10,32,0.4,2,1,2,2,1,275.17,1,15,1,1,2,2,17,1,1,1,1
2,13,10,33,0.4,3,3,2,2,1,269.95,1,20,3,3,1,1,14,1,3,3,1
2,13,10,34,1.8,1,1,1,1,1,225.76,1,4,3,1,3,1,12,3,3,3,3
2,13,10,35,0.1,1,1,1,2,0,276.78,1,9,3,3,3,3,17,1,1,1,1
2,13,10,36,0.4,2,1,2,1,0,229.18,1,16,3,3,2,2,6,3,1,3,1
2,13,10,37,0.8,2,2,2,2,1,235.28,1,18,1,1,2,2,14,1,1,2,2
2,13,10,38,0.2,3,2,2,2,1,283.85,1,13,1,3,3,1,13,1,1,2,2
2,13,10,39,0.8,3,3,2,2,1,288.66,1,12,3,1,1,3,3,1,1,3,3
2,13,10,40,0.1,3,2,2,2,1,492.21,0,20,1,3,3,1,7,1,3,2,2
2,13,10,41,0.1,3,2,2,2,1,255.36,1,6,1,1,3,3,7,3,3,2,2
2,13,10,42,0.8,1,2,1,1,1,451.16,0,6,1,1,1,1,13,3,3,2,2
2,13,10,43,1.8,1,3,1,1,1,192.61,1,7,1,3,1,3,19,1,3,3,1
2,13,10,44,0.1,1,3,1,1,1,263.73,1,20,3,1,3,1,6,3,1,1,3
2,13,10,45,1.8,3,3,2,2,1,201.41,1,1,3,1,1,3,4,3,3,1,1
2,13,10,46,0.05,1,2,1,2,0,340.97,0,16,3,1,3,1,4,1,3,2,2
2,13,10,47,0.1,1,3,1,1,1,253.08,1,16,3,1,3,1,18,3,1,1,3
2,13,10,48,0.05,1,3,1,1,1,271.19,1,9,1,1,1,1,12,3,3,1,1
2,13,10,49,0.8,1,3,NaN,NaN,NaN,NaN,NaN,3,1,3,1,3,4,1,1,3,3
2,13,10,50,0.4,3,2,2,2,1,261.18,1,3,3,1,1,3,20,1,1,2,2
2,13,10,51,0.2,1,1,1,1,1,310.39,0,3,1,3,1,3,6,3,1,3,1
2,13,10,52,0.8,1,3,1,1,1,258.65,1,16,1,1,1,1,10,3,1,1,3
2,13,10,53,0.4,3,2,2,2,1,315.85,0,1,3,1,1,3,12,1,1,2,2
2,13,10,54,0.8,2,2,2,2,1,240.56,1,15,1,1,2,2,12,3,1,2,2
2,13,10,55,0.2,2,1,2,1,0,244.97,1,12,3,3,2,2,16,3,3,3,3
2,13,10,56,1.8,1,3,1,1,1,193.93,1,8,3,1,3,1,13,1,3,3,1
2,13,10,57,0.05,2,2,2,2,1,272.8,1,4,3,1,2,2,3,1,1,2,2
2,13,10,58,0.8,2,1,2,2,1,308.75,0,16,3,1,2,2,14,3,1,3,1
2,13,10,59,0.1,1,1,1,1,1,245.58,1,12,3,3,3,3,10,1,3,1,3
2,13,10,60,0.05,3,1,2,2,1,238.86,1,17,1,3,3,1,10,1,3,1,3
2,13,10,61,0.1,1,2,1,1,1,234.72,1,11,1,3,1,3,10,1,1,2,2
2,13,10,62,0.05,1,1,1,1,1,263.62,1,7,1,3,1,3,16,1,1,1,1
2,13,10,63,0.8,1,2,1,1,1,256.33,1,16,1,1,1,1,12,1,1,2,2
2,13,10,64,1.8,2,2,2,2,1,227.62,1,8,3,3,2,2,9,1,1,2,2
2,13,10,65,0.8,2,1,2,2,1,227.73,1,2,1,3,2,2,2,1,1,1,1
2,13,10,66,0.8,1,3,1,1,1,231.62,1,2,1,1,1,1,15,1,3,3,1
2,13,10,67,0.05,3,2,2,2,1,296.63,1,11,3,3,1,1,10,1,1,2,2
2,13,10,68,1.8,3,2,2,2,1,186.46,1,2,1,1,3,3,10,3,3,2,2
2,13,10,69,0.2,1,1,1,1,1,242.11,1,9,3,3,3,3,3,1,3,1,3
2,13,10,70,0.05,2,1,2,2,1,249.81,1,2,3,3,2,2,13,3,3,3,3
2,13,10,71,0.2,1,2,1,1,1,268.75,1,15,1,3,1,3,7,1,3,2,2
2,13,10,72,1.8,1,3,1,1,1,267.57,1,17,3,1,3,1,9,3,1,1,3
2,13,10,73,0.05,3,3,2,2,1,318.42,0,15,3,1,1,3,12,3,3,1,1
2,13,10,74,0.2,3,3,2,2,1,250.62,1,2,1,3,3,1,4,3,3,1,1
2,13,10,75,0.1,1,1,1,1,1,256.28,1,3,1,1,1,1,5,1,3,1,3
2,13,10,76,0.8,2,3,2,2,1,218.19,1,19,1,1,2,2,20,3,1,1,3
2,13,10,77,0.8,1,1,1,1,1,230.39,1,10,1,3,1,3,7,1,1,1,1
2,13,10,78,1.8,2,1,2,2,1,224.4,1,17,3,3,2,2,16,1,3,1,3
