2,11,1,1,0.05,2,1,2,2,1,275.72,1,18,1,3,2,2,10,1,1,1,1
2,11,1,2,1.8,1,2,1,1,1,188.79,1,19,1,3,1,3,8,1,1,2,2
2,11,1,3,0.8,2,2,2,1,0,210.08,1,8,3,1,2,2,12,1,3,2,2
2,11,1,4,1.8,1,3,1,1,1,201.11,1,20,3,1,3,1,14,3,1,1,3
2,11,1,5,0.05,1,1,1,1,1,253.87,1,7,3,3,3,3,20,1,3,1,3
2,11,1,6,0.1,3,2,2,2,1,217.52,1,5,1,1,3,3,3,1,3,2,2
2,11,1,7,0.05,3,2,2,2,1,234.52,1,10,1,1,3,3,10,3,3,2,2
2,11,1,8,0.8,1,2,1,1,1,202.94,1,16,1,3,1,3,1,3,1,2,2
2,11,1,9,0.2,1,1,1,1,1,215.62,1,8,3,3,3,3,20,3,1,3,1
2,11,1,10,0.8,1,1,1,1,1,198.2,1,18,3,3,3,3,5,3,1,3,1
2,11,1,11,0.8,1,2,1,1,1,187.84,1,5,1,1,1,1,16,3,1,2,2
2,11,1,12,0.8,1,1,1,1,1,215.5,1,17,1,1,1,1,17,1,1,1,1
2,11,1,13,0.05,3,1,2,2,1,306.02,0,11,3,3,1,1,18,1,1,1,1
2,11,1,14,0.2,2,2,2,2,1,202.67,1,16,1,3,2,2,15,1,1,2,2
2,11,1,15,1.8,1,2,1,1,1,212.5,1,5,3,3,3,3,17,3,1,2,2
2,11,1,16,0.1,1,1,1,1,1,247.22,1,15,3,3,3,3,16,1,3,1,3
2,11,1,17,1.8,3,3,2,2,1,179.39,1,12,3,1,1,3,3,1,1,3,3
2,11,1,18,0.05,3,1,2,2,1,290.3,1,15,3,3,1,1,14,3,1,3,1
2,11,1,19,0.4,3,1,2,2,1,247.39,1,10,3,1,1,3,8,1,3,1,3
2,11,1,20,0.2,3,2,2,2,1,211.03,1,20,3,3,1,1,20,1,3,2,2
2,11,1,21,0.8,1,1,1,1,1,247.82,1,8,3,1,3,1,1,1,1,1,1
2,11,1,22,1.8,2,3,2,2,1,220.64,1,10,3,3,2,2,4,3,3,1,1
2,11,1,23,1.8,1,2,1,1,1,203.88,1,7,3,1,3,1,4,1,3,2,2
2,11,1,24,0.1,1,2,1,2,0,348.92,0,10,1,3,1,3,3,3,1,2,2
2,11,1,25,0.4,1,2,1,1,1,212.39,1,6,1,3,1,3,7,3,1,2,2
2,11,1,26,0.2,1,3,1,1,1,246.54,1,20,3,1,3,1,19,1,3,3,1
2,11,1,27,0.1,2,1,2,2,1,286.24,1,10,3,1,2,2,10,1,1,1,1
2,11,1,28,1.8,1,2,1,1,1,245.53,1,6,3,1,3,1,20,1,3,2,2
2,11,1,29,0.2,3,1,2,2,1,218.77,1,18,3,3,1,1,9,1,3,1,3
2,11,1,30,1.8,3,3,2,2,1,208.15,1,13,1,1,3,3,19,1,1,3,3
2,11,1,31,0.4,1,1,1,1,1,239.21,1,7,1,3,1,3,4,1,3,1,3
2,11,1,32,0.4,3,3,2,2,1,223.59,1,14,1,3,3,1,15,1,1,3,3
2,11,1,33,0.05,1,1,1,1,1,271.25,1,1,3,1,3,1,10,1,1,1,1
2,11,1,34,0.05,1,3,1,2,0,304.94,0,1,1,3,1,3,17,3,3,1,1
2,11,1,35,0.2,3,2,2,2,1,212.7,1,9,1,1,3,3,1,1,1,2,2
2,11,1,36,0.1,1,2,1,1,1,251.6,1,16,1,1,1,1,14,1,1,2,2
2,11,1,37,0.8,1,3,1,1,1,266.71,1,15,1,1,1,1,10,1,1,3,3
2,11,1,38,0.8,3,3,2,2,1,236.3,1,16,1,3,3,1,5,3,1,1,3
2,11,1,39,0.05,2,1,2,2,1,304.3,0,8,3,1,2,2,13,1,1,1,1
2,11,1,40,1.8,1,2,1,1,1,196.33,1,7,3,1,3,1,5,3,1,2,2
2,11,1,41,0.4,1,1,1,1,1,230.6,1,16,3,1,3,1,11,3,1,3,1
2,11,1,42,1.8,3,1,2,2,1,190.28,1,15,1,1,3,3,7,3,3,3,3
2,11,1,43,0.4,2,3,2,2,1,274.27,1,7,3,3,2,2,4,3,3,1,1
2,11,1,44,0.8,3,3,2,2,1,270.05,1,13,1,1,3,3,9,1,3,3,1
2,11,1,45,0.1,1,2,1,1,1,269.1,1,5,1,3,1,3,7,3,3,2,2
2,11,1,46,0.2,1,2,1,1,1,277.36,1,18,1,1,1,1,13,1,3,2,2
2,11,1,47,0.2,2,1,2,2,1,233.47,1,7,1,3,2,2,2,1,3,1,3
2,11,1,48,0.05,2,3,2,2,1,331.66,0,19,3,3,2,2,11,3,3,1,1
2,11,1,49,0.1,1,2,1,1,1,277.2,1,17,3,1,3,1,6,1,3,2,2
2,11,1,50,0.1,3,3,2,2,1,242.42,1,9,3,1,1,3,7,3,1,1,3
2,11,1,51,0.1,2,2,2,1,0,220.14,1,3,3,3,2,2,4,1,3,2,2
2,11,1,52,0.2,1,3,1,2,0,266.36,1,10,1,3,1,3,14,1,1,3,3
2,11,1,53,0.2,3,2,2,2,1,270.83,1,9,3,3,1,1,11,1,1,2,2
2,11,1,54,1.8,1,1,1,1,1,204.63,1,13,3,3,3,3,3,1,1,1,1
2,11,1,55,1.8,2,3,2,2,1,216.39,1,11,3,3,2,2,10,1,1,3,3
2,11,1,56,0.8,3,2,2,2,1,228.64,1,8,3,1,1,3,10,3,1,2,2
2,11,1,57,0.2,3,1,2,2,1,288.15,1,13,3,1,1,3,4,1,3,1,3
2,11,1,58,1.8,1,1,1,1,1,219.01,1,4,1,3,1,3,12,1,1,1,1
2,11,1,59,0.2,1,3,1,1,1,249.87,1,20,3,1,3,1,3,3,3,1,1
2,11,1,60,0.4,1,3,1,2,0,213.59,1,18,3,3,3,3,14,1,1,3,3
2,11,1,61,0.8,3,2,2,2,1,210.07,1,6,3,1,1,3,7,1,1,2,2
2,11,1,62,0.4,3,3,2,2,1,260.28,1,16,3,3,1,1,18,3,1,1,3
2,11,1,63,0.8,3,1,2,2,1,226.49,1,5,3,1,1,3,19,3,1,3,1
2,11,1,64,0.4,1,3,1,1,1,283.34,1,9,1,1,1,1,19,3,3,1,1
2,11,1,65,0.1,1,2,1,1,1,243.83,1,5,1,1,1,1,10,3,1,2,2
2,11,1,66,0.2,2,3,2,2,1,275.15,1,13,1,3,2,2,3,1,3,3,1
2,11,1,67,0.4,2,3,2,2,1,236.91,1,2,1,3,2,2,18,1,1,3,3
2,11,1,68,0.4,3,1,2,2,1,271.02,1,19,1,3,3,1,9,1,1,1,1
2,11,1,69,0.8,2,2,2,2,1,231.06,1,14,3,1,2,2,11,3,1,2,2
2,11,1,70,0.4,2,3,2,2,1,253.16,1,7,3,1,2,2,12,3,3,1,1
2,11,1,71,0.05,3,3,2,2,1,282.13,1,18,1,3,3,1,16,1,1,3,3
2,11,1,72,0.05,1,3,1,1,1,286.21,1,11,3,1,3,1,16,3,1,1,3
2,11,1,73,0.4,1,3,1,1,1,221.83,1,12,1,3,1,3,8,1,3,3,1
2,11,1,74,0.1,2,2,2,2,1,267.68,1,14,3,1,2,2,13,1,3,2,2
2,11,1,75,0.05,1,2,1,2,0,314.2,0,18,1,3,1,3,17,1,3,2,2
2,11,1,76,0.1,2,1,2,2,1,250.87,1,6,1,1,2,2,4,3,1,3,1
2,11,1,77,0.1,3,2,2,2,1,238.22,1,16,1,3,3,1,9,3,3,2,2
2,11,1,78,0.05,2,3,2,2,1,258.64,1,1,3,3,2,2,5,1,3,3,1
2,11,2,1,0.2,1,1,1,1,1,243.42,1,6,3,1,3,1,16,1,1,1,1
2,11,2,2,0.1,2,3,2,2,1,241.7,1,1,1,3,2,2,19,3,3,1,1
2,11,2,3,1.8,3,2,2,2,1,221.67,1,2,3,3,1,1,15,1,3,2,2
2,11,2,4,1.8,2,2,2,2,1,203.74,1,19,1,3,2,2,18,3,3,2,2
2,11,2,5,0.1,3,3,2,2,1,233.82,1,18,3,1,1,3,6,3,1,1,3
2,11,2,6,0.2,3,2,2,2,1,292,1,4,3,1,1,3,1,1,1,2,2
2,11,2,7,1.8,2,1,2,2,1,233.99,1,11,1,1,2,2,10,1,3,1,3
2,11,2,8,0.2,2,3,2,2,1,369.05,0,11,1,1,2,2,7,3,1,1,3
2,11,2,9,1.8,2,2,2,1,0,196.57,1,20,3,1,2,2,5,1,1,2,2
2,11,2,10,0.1,2,3,2,2,1,294.7,1,16,1,3,2,2,9,3,1,1,3
2,11,2,11,1.8,2,2,NaN,NaN,NaN,NaN,NaN,6,3,3,2,2,1,3,3,2,2
2,11,2,12,0.05,1,2,1,2,0,368.57,0,2,1,3,1,3,7,3,3,2,2
2,11,2,13,1.8,3,3,2,2,1,201.77,1,14,1,3,3,1,18,1,1,3,3
2,11,2,14,0.05,3,3,2,2,1,283.2,1,7,3,3,1,1,2,3,1,1,3
2,11,2,15,0.2,2,3,2,2,1,220.24,1,16,3,3,2,2,6,1,3,3,1
2,11,2,16,0.4,1,3,1,1,1,211.68,1,11,1,1,1,1,15,1,3,3,1
2,11,2,17,1.8,1,3,1,2,0,163.07,1,2,3,3,3,3,9,3,3,1,1
2,11,2,18,0.05,1,2,1,2,0,334.57,0,19,1,3,1,3,8,1,1,2,2
2,11,2,19,1.8,1,3,1,1,1,211.45,1,7,1,3,1,3,17,3,3,1,1
2,11,2,20,1.8,3,1,2,2,1,154.81,1,14,3,1,1,3,16,3,1,3,1
2,11,2,21,0.8,2,3,2,2,1,285.02,1,7,1,3,2,2,6,3,3,1,1
2,11,2,22,1.8,1,3,1,1,1,225.24,1,7,3,1,3,1,19,3,3,1,1
2,11,2,23,0.2,1,1,1,1,1,295.12,1,13,1,1,1,1,16,1,1,1,1
2,11,2,24,0.8,1,1,1,1,1,204.07,1,10,1,3,1,3,9,1,1,1,1
2,11,2,25,0.8,3,3,2,2,1,194.68,1,16,1,1,3,3,19,1,1,3,3
2,11,2,26,0.8,1,1,1,1,1,227.04,1,18,1,3,1,3,17,1,3,1,3
2,11,2,27,0.2,3,1,2,2,1,241.13,1,4,3,3,1,1,3,1,1,1,1
2,11,2,28,0.2,3,3,2,2,1,241.05,1,10,3,1,1,3,19,1,3,3,1
2,11,2,29,0.4,1,1,1,1,1,243.25,1,12,1,3,1,3,7,3,3,3,3
2,11,2,30,0.4,2,2,2,1,0,264.02,1,9,1,3,2,2,7,1,1,2,2
2,11,2,31,0.2,3,3,2,2,1,251.3,1,1,1,3,3,1,19,1,1,3,3
2,11,2,32,0.4,1,2,1,1,1,270.7,1,5,1,1,1,1,3,1,3,2,2
2,11,2,33,0.05,1,2,1,1,1,281.94,1,12,3,3,3,3,19,1,1,2,2
2,11,2,34,0.8,1,3,1,1,1,241.97,1,20,1,3,1,3,13,1,3,3,1
2,11,2,35,0.4,1,3,1,1,1,235.1,1,16,3,1,3,1,8,3,1,1,3
2,11,2,36,0.8,1,2,1,1,1,208.16,1,12,1,1,1,1,3,1,1,2,2
2,11,2,37,0.8,3,2,2,2,1,222.86,1,11,3,3,1,1,17,1,3,2,2
2,11,2,38,0.05,1,1,1,1,1,283.03,1,4,1,1,1,1,5,1,3,1,3
2,11,2,39,0.8,1,2,1,1,1,215.05,1,11,3,1,3,1,8,3,3,2,2
2,11,2,40,0.1,1,3,1,1,1,311.8,0,2,3,3,3,3,19,1,1,3,3
2,11,2,41,0.1,2,1,2,2,1,323.77,0,20,3,3,2,2,11,1,1,1,1
2,11,2,42,0.4,2,3,2,2,1,206.66,1,15,1,1,2,2,6,1,3,3,1
2,11,2,43,0.4,3,1,2,2,1,238.43,1,6,1,3,3,1,4,1,3,1,3
2,11,2,44,0.1,3,3,2,2,1,245.24,1,5,3,3,1,1,1,3,1,1,3
2,11,2,45,0.2,3,3,2,2,1,254.34,1,4,3,3,1,1,16,1,1,3,3
2,11,2,46,0.1,3,2,2,2,1,248.03,1,15,3,3,1,1,14,1,1,2,2
2,11,2,47,0.2,1,3,1,1,1,218.47,1,13,3,1,3,1,18,3,3,1,1
2,11,2,48,0.2,1,2,1,1,1,233.14,1,12,3,3,3,3,9,1,1,2,2
2,11,2,49,1.8,2,1,2,2,1,211.93,1,15,3,3,2,2,10,3,1,3,1
2,11,2,50,1.8,3,3,2,2,1,218.13,1,20,3,1,1,3,4,1,1,3,3
2,11,2,51,0.05,3,2,2,2,1,282.38,1,1,1,3,3,1,9,3,1,2,2
2,11,2,52,0.1,3,1,2,2,1,265.92,1,11,3,3,1,1,16,1,1,1,1
2,11,2,53,0.8,1,3,NaN,NaN,NaN,NaN,NaN,3,1,1,1,1,17,3,1,1,3
2,11,2,54,0.2,1,2,1,1,1,269.48,1,9,3,3,3,3,18,3,1,2,2
2,11,2,55,0.1,3,3,2,2,1,315.54,0,7,3,1,1,3,15,1,3,3,1
2,11,2,56,0.1,1,1,1,1,1,210.33,1,12,1,1,1,1,15,1,1,1,1
2,11,2,57,0.8,1,1,1,1,1,217.43,1,9,3,3,3,3,7,1,3,1,3
2,11,2,58,0.4,2,2,2,2,1,244.26,1,10,3,3,2,2,19,3,3,2,2
2,11,2,59,0.1,2,3,2,1,0,301.62,0,4,1,1,2,2,4,1,1,3,3
2,11,2,60,1.8,1,2,1,1,1,201.79,1,20,1,3,1,3,15,3,3,2,2
2,11,2,61,0.1,2,1,2,2,1,260.74,1,13,3,1,2,2,1,1,1,1,1
2,11,2,62,0.4,2,2,2,2,1,236.14,1,20,3,1,2,2,13,1,1,2,2
2,11,2,63,0.05,3,3,2,2,1,258.83,1,9,3,3,1,1,19,1,1,3,3
2,11,2,64,0.05,3,2,2,2,1,259.06,1,4,3,3,1,1,10,3,1,2,2
2,11,2,65,0.8,1,1,1,1,1,236.75,1,2,3,3,3,3,7,1,3,1,3
2,11,2,66,0.05,3,1,2,2,1,258.01,1,3,3,3,1,1,2,3,3,3,3
2,11,2,67,0.4,1,2,1,1,1,212.47,1,1,3,3,3,3,11,3,1,2,2
2,11,2,68,0.4,1,1,1,1,1,280.03,1,14,3,3,3,3,12,1,3,1,3
2,11,2,69,0.05,3,3,2,2,1,286.1,1,15,1,1,3,3,17,3,3,1,1
2,11,2,70,0.1,2,2,2,1,0,237.09,1,18,1,3,2,2,17,1,3,2,2
2,11,2,71,0.05,3,3,2,2,1,291.67,1,12,3,1,1,3,6,3,3,1,1
2,11,2,72,0.4,3,3,2,2,1,240.77,1,8,3,3,1,1,6,3,3,1,1
2,11,2,73,0.4,1,3,1,1,1,255.26,1,15,1,1,1,1,19,3,3,1,1
2,11,2,74,0.2,3,1,2,2,1,253.42,1,14,1,1,3,3,4,1,1,1,1
2,11,2,75,0.8,1,1,1,1,1,218.24,1,5,3,3,3,3,15,3,3,3,3
2,11,2,76,0.05,1,3,NaN,NaN,NaN,NaN,NaN,1,1,3,1,3,13,1,1,3,3
2,11,2,77,0.05,3,3,2,2,1,266.38,1,3,1,3,3,1,13,3,3,1,1
2,11,2,78,0.8,1,3,1,1,1,207.77,1,17,3,3,3,3,19,1,1,3,3
2,11,3,1,0.05,1,1,1,2,0,257.48,1,6,3,1,3,1,2,1,1,1,1
2,11,3,2,0.8,1,2,NaN,NaN,NaN,NaN,NaN,2,1,3,1,3,2,3,1,2,2
2,11,3,3,0.1,1,2,1,2,0,251.44,1,8,1,3,1,3,14,1,1,2,2
2,11,3,4,1.8,3,3,2,2,1,207.7,1,6,1,3,3,1,12,1,3,3,1
2,11,3,5,0.8,2,2,2,2,1,253.67,1,15,3,3,2,2,5,3,1,2,2
2,11,3,6,0.4,1,3,1,1,1,322.65,0,12,1,3,1,3,19,3,3,1,1
2,11,3,7,0.2,2,1,2,1,0,240.09,1,10,1,1,2,2,12,3,1,3,1
2,11,3,8,0.1,2,3,2,2,1,205.34,1,9,1,1,2,2,1,1,3,3,1
2,11,3,9,0.05,2,1,2,2,1,243.67,1,14,3,1,2,2,19,3,3,3,3
2,11,3,10,0.1,1,1,1,1,1,263.69,1,4,1,1,1,1,16,3,3,3,3
2,11,3,11,1.8,2,2,2,2,1,200.54,1,10,1,1,2,2,7,3,3,2,2
2,11,3,12,0.8,1,1,1,1,1,207.18,1,1,1,3,1,3,13,1,3,1,3
2,11,3,13,0.8,1,2,1,1,1,225.41,1,16,1,1,1,1,17,3,1,2,2
2,11,3,14,0.2,3,3,2,2,1,261.95,1,11,3,1,1,3,15,3,3,1,1
2,11,3,15,1.8,3,2,2,1,0,192.94,1,12,3,3,1,1,20,3,1,2,2
2,11,3,16,0.1,1,1,1,1,1,231.57,1,17,1,3,1,3,12,3,3,3,3
2,11,3,17,0.8,1,1,1,1,1,215.75,1,14,1,1,1,1,14,1,1,1,1
2,11,3,18,0.4,1,2,1,1,1,238.14,1,6,1,3,1,3,14,1,3,2,2
2,11,3,19,0.05,1,2,1,1,1,293.67,1,8,3,3,3,3,7,1,1,2,2
2,11,3,20,0.4,1,2,1,1,1,241.19,1,10,3,3,3,3,7,1,1,2,2
2,11,3,21,0.1,1,2,1,1,1,218.1,1,1,1,1,1,1,3,1,3,2,2
2,11,3,22,0.4,3,1,2,2,1,274.76,1,10,3,1,1,3,4,3,1,3,1
2,11,3,23,0.2,2,1,2,1,0,242.64,1,15,1,3,2,2,5,1,3,1,3
2,11,3,24,0.2,3,3,2,2,1,252.25,1,14,3,3,1,1,13,3,1,1,3
2,11,3,25,0.4,2,3,2,2,1,243.19,1,3,1,3,2,2,1,3,1,1,3
2,11,3,26,1.8,1,3,1,2,0,194.72,1,4,1,3,1,3,3,1,1,3,3
2,11,3,27,1.8,1,1,NaN,NaN,NaN,NaN,NaN,18,3,1,3,1,10,3,1,3,1
2,11,3,28,1.8,1,3,1,1,1,172.02,1,20,1,1,1,1,17,1,3,3,1
2,11,3,29,0.8,1,2,1,1,1,237.87,1,12,1,3,1,3,9,1,3,2,2
2,11,3,30,0.8,2,2,2,1,0,204.8,1,4,3,3,2,2,12,1,1,2,2
2,11,3,31,0.1,1,2,1,1,1,332.03,0,19,1,3,1,3,19,3,1,2,2
2,11,3,32,0.2,1,3,1,1,1,287.56,1,14,3,1,3,1,6,3,1,1,3
2,11,3,33,0.8,2,3,2,2,1,230.86,1,17,1,3,2,2,5,3,1,1,3
2,11,3,34,0.2,1,2,1,1,1,263.68,1,10,1,3,1,3,4,1,3,2,2
2,11,3,35,0.4,3,2,2,2,1,238.74,1,18,1,3,3,1,15,1,3,2,2
2,11,3,36,0.2,1,3,1,1,1,267.97,1,12,1,3,1,3,14,3,3,1,1
2,11,3,37,0.05,3,1,2,2,1,272.23,1,12,3,3,1,1,7,1,1,1,1
2,11,3,38,1.8,1,2,1,1,1,199.75,1,5,3,3,3,3,20,1,1,2,2
2,11,3,39,0.1,1,3,1,1,1,301.17,0,16,1,3,1,3,1,3,3,1,1
2,11,3,40,0.2,2,1,2,1,0,221.37,1,12,1,3,2,2,7,1,1,1,1
2,11,3,41,0.4,3,3,2,2,1,272.44,1,7,3,3,1,1,10,1,1,3,3
2,11,3,42,1.8,1,3,1,1,1,227.32,1,18,3,1,3,1,7,3,3,1,1
2,11,3,43,0.2,1,3,1,1,1,279.27,1,9,3,1,3,1,8,3,3,1,1
2,11,3,44,0.8,1,3,1,1,1,212.09,1,2,3,1,3,1,17,3,1,1,3
2,11,3,45,1.8,1,2,1,1,1,171.96,1,20,1,1,1,1,16,1,3,2,2
2,11,3,46,0.1,1,1,1,2,0,267.39,1,19,3,1,3,1,15,1,3,1,3
2,11,3,47,0.4,1,3,1,1,1,254.24,1,10,1,3,1,3,2,1,1,3,3
2,11,3,48,0.8,3,3,2,2,1,241.88,1,16,3,3,1,1,15,3,1,1,3
2,11,3,49,1.8,1,2,1,1,1,221.1,1,3,1,1,1,1,9,3,3,2,2
2,11,3,50,0.2,1,3,1,1,1,237.53,1,18,1,3,1,3,2,3,1,1,3
2,11,3,51,0.8,1,2,1,1,1,214.34,1,17,1,3,1,3,1,3,1,2,2
2,11,3,52,0.2,1,2,1,1,1,316.33,0,4,3,3,3,3,17,1,1,2,2
2,11,3,53,0.4,1,3,1,1,1,234.51,1,6,3,1,3,1,16,1,3,3,1
2,11,3,54,0.2,1,3,1,2,0,279.54,1,16,3,1,3,1,2,1,1,3,3
2,11,3,55,0.05,1,3,1,1,1,284.66,1,20,1,3,1,3,5,1,3,3,1
2,11,3,56,0.4,1,1,1,1,1,256.88,1,6,3,3,3,3,14,3,1,3,1
2,11,3,57,0.1,1,1,1,2,0,266.2,1,10,3,3,3,3,8,3,3,3,3
2,11,3,58,0.4,1,2,1,1,1,259.24,1,14,1,1,1,1,19,1,3,2,2
2,11,3,59,0.05,1,2,1,1,1,268.79,1,13,1,3,1,3,20,3,1,2,2
2,11,3,60,0.2,1,2,1,1,1,251.34,1,11,3,1,3,1,6,1,3,2,2
2,11,3,61,0.1,3,3,2,2,1,264.23,1,6,3,1,1,3,10,1,3,3,1
2,11,3,62,1.8,2,2,NaN,NaN,NaN,NaN,NaN,5,1,1,2,2,2,3,1,2,2
2,11,3,63,0.05,1,2,1,1,1,272.95,1,13,3,1,3,1,2,1,1,2,2
2,11,3,64,0.05,2,1,2,2,1,451.48,0,19,3,1,2,2,1,3,3,3,3
2,11,3,65,0.05,3,2,2,2,1,263.37,1,16,1,1,3,3,12,1,1,2,2
2,11,3,66,1.8,2,2,2,2,1,183.93,1,13,3,1,2,2,4,1,3,2,2
2,11,3,67,0.4,3,3,2,2,1,254.2,1,15,1,1,3,3,20,1,3,3,1
2,11,3,68,0.05,2,1,2,2,1,256.99,1,4,3,1,2,2,4,3,1,3,1
2,11,3,69,0.4,1,3,1,2,0,234.21,1,15,1,3,1,3,20,3,1,1,3
2,11,3,70,0.1,2,2,2,2,1,277.89,1,19,1,1,2,2,15,3,1,2,2
2,11,3,71,0.8,1,2,1,1,1,208.56,1,17,3,3,3,3,4,3,1,2,2
2,11,3,72,0.05,1,3,1,2,0,319.72,0,3,1,1,1,1,14,1,1,3,3
2,11,3,73,1.8,1,1,1,1,1,194.49,1,2,3,1,3,1,8,3,3,3,3
2,11,3,74,0.05,1,3,1,2,0,281.15,1,1,1,1,1,1,9,3,1,1,3
2,11,3,75,0.05,3,1,2,2,1,295.71,1,5,3,3,1,1,4,3,1,3,1
2,11,3,76,0.8,2,1,2,1,0,258.54,1,19,3,3,2,2,11,1,3,1,3
2,11,3,77,0.1,1,1,1,1,1,279.4,1,10,1,1,1,1,13,3,1,3,1
2,11,3,78,0.1,1,3,1,1,1,289.98,1,6,3,3,3,3,17,1,3,3,1
2,11,4,1,0.8,1,2,1,1,1,243.9,1,4,1,1,1,1,9,1,1,2,2
2,11,4,2,0.1,3,1,2,2,1,251.4,1,1,3,3,1,1,15,1,3,1,3
2,11,4,3,0.1,3,3,2,2,1,244.17,1,12,1,3,3,1,7,1,3,3,1
2,11,4,4,1.8,2,1,2,1,0,220.42,1,9,1,3,2,2,15,1,3,1,3
2,11,4,5,0.2,1,2,1,2,0,179.16,1,7,1,3,1,3,19,3,1,2,2
2,11,4,6,0.4,3,2,2,2,1,305.85,0,18,3,3,1,1,3,1,3,2,2
2,11,4,7,0.2,1,1,1,1,1,204.29,1,11,3,3,3,3,1,1,3,1,3
2,11,4,8,0.1,2,3,2,2,1,203.38,1,19,1,1,2,2,8,1,1,3,3
2,11,4,9,1.8,1,1,1,1,1,211.11,1,13,3,3,3,3,9,3,3,3,3
2,11,4,10,0.2,2,2,2,1,0,219.02,1,16,1,1,2,2,15,3,3,2,2
2,11,4,11,0.4,1,1,1,1,1,201.7,1,1,1,3,1,3,14,1,3,1,3
2,11,4,12,0.4,2,2,2,1,0,240.29,1,18,3,1,2,2,20,1,3,2,2
2,11,4,13,0.2,3,3,2,2,1,176.91,1,14,3,3,1,1,5,1,3,3,1
2,11,4,14,0.1,1,3,1,1,1,191.28,1,15,1,1,1,1,3,3,1,1,3
2,11,4,15,0.8,1,1,1,1,1,208.22,1,5,3,1,3,1,10,1,3,1,3
2,11,4,16,0.05,2,3,2,2,1,300.48,0,18,3,1,2,2,12,3,1,1,3
2,11,4,17,0.2,1,2,1,1,1,245.18,1,12,1,1,1,1,17,3,1,2,2
2,11,4,18,0.05,1,3,1,1,1,317.43,0,2,1,3,1,3,20,1,3,3,1
2,11,4,19,0.05,3,1,2,2,1,253.43,1,19,1,1,3,3,10,1,3,1,3
2,11,4,20,0.1,2,1,2,2,1,244.69,1,9,1,3,2,2,16,3,1,3,1
2,11,4,21,1.8,2,3,2,2,1,176.05,1,9,1,3,2,2,17,3,3,1,1
2,11,4,22,0.8,3,2,2,2,1,189.44,1,11,1,3,3,1,5,3,3,2,2
2,11,4,23,0.1,2,1,2,2,1,174.24,1,2,1,1,2,2,16,1,3,1,3
2,11,4,24,0.4,1,3,1,2,0,257.48,1,10,3,1,3,1,8,3,3,1,1
2,11,4,25,0.4,1,3,1,1,1,431.9,0,10,1,1,1,1,2,1,1,3,3
2,11,4,26,0.8,1,1,1,1,1,217.5,1,5,1,1,1,1,7,1,1,1,1
2,11,4,27,0.05,2,2,2,2,1,271.64,1,18,3,3,2,2,3,1,1,2,2
2,11,4,28,0.2,1,3,1,1,1,194.41,1,7,3,3,3,3,4,3,1,1,3
2,11,4,29,0.8,1,3,1,1,1,220.08,1,4,1,3,1,3,8,3,3,1,1
2,11,4,30,0.8,2,3,2,2,1,186.64,1,5,3,3,2,2,6,1,3,3,1
2,11,4,31,0.05,3,1,2,2,1,295.1,1,16,1,3,3,1,15,3,1,3,1
2,11,4,32,0.8,3,2,2,2,1,143.99,1,11,3,3,1,1,12,3,1,2,2
2,11,4,33,0.05,1,3,1,2,0,299.79,1,9,3,3,3,3,12,3,1,1,3
2,11,4,34,0.05,1,2,1,1,1,330.64,0,5,1,3,1,3,20,1,1,2,2
2,11,4,35,0.1,3,2,2,2,1,342.85,0,13,3,1,1,3,5,1,3,2,2
2,11,4,36,0.1,1,1,1,1,1,315.64,0,19,1,3,1,3,1,3,1,3,1
2,11,4,37,0.05,3,1,2,2,1,315.54,0,7,3,1,1,3,17,1,1,1,1
2,11,4,38,0.4,1,2,1,2,0,273.4,1,16,1,3,1,3,4,3,1,2,2
2,11,4,39,1.8,3,2,2,2,1,201.93,1,20,1,3,3,1,15,1,3,2,2
2,11,4,40,0.4,1,2,1,1,1,240.11,1,9,1,1,1,1,1,3,3,2,2
2,11,4,41,0.4,3,3,2,2,1,231.72,1,17,3,1,1,3,15,1,3,3,1
2,11,4,42,0.05,1,3,1,2,0,269.5,1,4,1,1,1,1,12,3,3,1,1
2,11,4,43,0.1,2,2,2,1,0,279.79,1,12,1,1,2,2,3,3,1,2,2
2,11,4,44,0.4,1,3,1,2,0,307.34,0,14,1,3,1,3,15,1,3,3,1
2,11,4,45,0.05,1,3,1,1,1,301.89,0,5,1,3,1,3,9,1,1,3,3
2,11,4,46,1.8,3,2,2,2,1,191.67,1,10,1,3,3,1,9,1,1,2,2
2,11,4,47,0.05,1,3,1,1,1,252.77,1,6,1,1,1,1,20,3,1,1,3
2,11,4,48,1.8,2,2,2,2,1,189.45,1,20,1,1,2,2,8,1,3,2,2
2,11,4,49,1.8,1,2,NaN,NaN,NaN,NaN,NaN,18,1,3,1,3,3,1,3,2,2
2,11,4,50,1.8,1,2,1,1,1,208.03,1,12,1,3,1,3,13,1,3,2,2
2,11,4,51,1.8,3,1,2,2,1,184.82,1,18,3,1,1,3,14,3,1,3,1
2,11,4,52,0.1,1,3,1,1,1,301.51,0,3,3,3,3,3,11,1,1,3,3
2,11,4,53,0.05,1,2,1,1,1,311.13,0,17,1,3,1,3,9,3,1,2,2
2,11,4,54,0.2,1,1,1,1,1,233.24,1,12,3,3,3,3,16,1,3,1,3
2,11,4,55,0.8,1,3,1,2,0,210.38,1,14,3,3,3,3,11,3,3,1,1
2,11,4,56,0.2,3,3,2,2,1,229.74,1,12,3,1,1,3,19,1,3,3,1
2,11,4,57,0.4,1,1,1,1,1,225.77,1,2,1,3,1,3,10,1,3,1,3
2,11,4,58,0.8,1,1,1,1,1,204.92,1,11,3,1,3,1,2,3,1,3,1
2,11,4,59,0.8,1,2,1,1,1,223.76,1,12,1,3,1,3,20,3,3,2,2
2,11,4,60,0.05,3,2,2,2,1,359.18,0,9,3,1,1,3,6,3,1,2,2
2,11,4,61,1.8,1,2,1,1,1,227.74,1,4,3,1,3,1,18,3,3,2,2
2,11,4,62,0.2,3,1,2,2,1,253.77,1,14,1,3,3,1,9,1,3,1,3
2,11,4,63,0.2,3,3,2,2,1,242.62,1,8,1,3,3,1,19,1,3,3,1
2,11,4,64,0.2,1,1,1,1,1,235.64,1,15,3,1,3,1,12,3,3,3,3
2,11,4,65,0.2,1,2,1,1,1,220.09,1,19,3,1,3,1,11,1,1,2,2
2,11,4,66,0.1,3,3,2,2,1,226.03,1,4,3,1,1,3,4,1,3,3,1
2,11,4,67,0.1,1,2,1,1,1,280.47,1,14,3,1,3,1,5,1,3,2,2
2,11,4,68,1.8,3,3,2,2,1,213.2,1,17,1,3,3,1,5,3,3,1,1
2,11,4,69,0.4,1,3,1,1,1,192.4,1,14,3,1,3,1,15,1,3,3,1
2,11,4,70,1.8,2,3,2,2,1,176.67,1,11,1,3,2,2,2,1,3,3,1
2,11,4,71,0.8,1,2,1,2,0,222.75,1,10,3,3,3,3,17,1,1,2,2
2,11,4,72,0.4,3,3,2,2,1,254.36,1,9,1,3,3,1,12,1,3,3,1
2,11,4,73,0.2,1,1,1,1,1,215.81,1,5,3,1,3,1,7,3,1,3,1
2,11,4,74,0.8,1,2,1,1,1,249.55,1,3,1,3,1,3,12,1,1,2,2
2,11,4,75,1.8,1,1,1,1,1,208.19,1,13,1,1,1,1,7,1,1,1,1
2,11,4,76,0.1,2,1,2,2,1,292.16,1,20,1,1,2,2,9,1,1,1,1
2,11,4,77,0.8,1,1,1,1,1,220.23,1,10,1,3,1,3,11,1,1,1,1
2,11,4,78,0.4,2,1,2,2,1,267.05,1,8,3,1,2,2,4,1,1,1,1
2,11,5,1,0.2,2,3,2,2,1,231.53,1,5,1,3,2,2,18,3,3,1,1
2,11,5,2,0.8,1,2,1,1,1,236.52,1,4,3,3,3,3,16,1,1,2,2
2,11,5,3,1.8,1,1,1,1,1,225.37,1,1,1,3,1,3,10,1,1,1,1
2,11,5,4,0.8,2,3,2,2,1,224.16,1,8,3,1,2,2,19,3,1,1,3
2,11,5,5,0.4,1,2,1,1,1,266.77,1,16,1,3,1,3,12,3,3,2,2
2,11,5,6,0.1,3,1,2,1,0,297.63,1,12,3,3,1,1,6,3,1,3,1
2,11,5,7,0.1,2,3,2,1,0,267.92,1,18,1,1,2,2,1,1,1,3,3
2,11,5,8,0.05,1,3,1,2,0,309.18,0,10,3,3,3,3,12,1,3,3,1
2,11,5,9,0.8,3,1,2,2,1,227.52,1,2,1,3,3,1,13,3,1,3,1
2,11,5,10,1.8,3,3,2,2,1,233.13,1,12,3,3,1,1,1,1,1,3,3
2,11,5,11,0.2,1,2,1,1,1,236.15,1,12,3,1,3,1,15,1,3,2,2
2,11,5,12,0.1,1,2,1,1,1,291.76,1,6,3,3,3,3,19,3,1,2,2
2,11,5,13,0.05,3,3,2,2,1,315.8,0,10,1,1,3,3,6,1,3,3,1
2,11,5,14,0.4,1,2,1,1,1,231.05,1,20,3,1,3,1,16,1,1,2,2
2,11,5,15,1.8,3,1,NaN,NaN,NaN,NaN,NaN,6,3,3,1,1,18,3,1,3,1
2,11,5,16,0.05,2,2,2,2,1,281.8,1,7,1,3,2,2,15,3,1,2,2
2,11,5,17,0.8,1,3,1,1,1,188.29,1,9,3,3,3,3,2,1,1,3,3
2,11,5,18,0.05,3,1,2,2,1,259.41,1,3,1,3,3,1,13,1,3,1,3
2,11,5,19,1.8,2,1,2,2,1,211.19,1,13,1,1,2,2,6,1,1,1,1
2,11,5,20,0.4,2,2,2,1,0,247.37,1,3,3,1,2,2,11,1,3,2,2
2,11,5,21,0.2,2,2,2,2,1,220.66,1,13,3,1,2,2,11,3,1,2,2
2,11,5,22,0.2,1,2,1,2,0,261.45,1,2,1,3,1,3,5,3,3,2,2
2,11,5,23,0.4,1,2,1,2,0,225.85,1,10,3,3,3,3,15,3,1,2,2
2,11,5,24,0.4,1,1,1,1,1,250.28,1,3,1,1,1,1,20,3,3,3,3
2,11,5,25,1.8,1,1,1,1,1,190.91,1,20,3,3,3,3,14,3,1,3,1
2,11,5,26,0.1,2,2,2,2,1,254.21,1,14,3,3,2,2,17,3,3,2,2
2,11,5,27,0.8,2,1,2,1,0,202,1,10,1,1,2,2,3,3,1,3,1
2,11,5,28,0.05,1,3,1,2,0,260.05,1,19,3,1,3,1,12,1,3,3,1
2,11,5,29,1.8,3,3,2,2,1,191.93,1,17,1,1,3,3,14,1,3,3,1
2,11,5,30,0.4,3,3,2,2,1,1.8725,2,4,3,1,1,3,13,1,1,3,3
2,11,5,31,0.05,3,1,2,2,1,353.81,0,3,1,1,3,3,11,1,3,1,3
2,11,5,32,0.05,1,3,1,2,0,242.76,1,11,1,3,1,3,11,3,3,1,1
2,11,5,33,0.1,1,2,1,1,1,290.34,1,4,3,1,3,1,17,1,3,2,2
2,11,5,34,0.1,3,2,2,2,1,278.85,1,7,3,3,1,1,17,1,1,2,2
2,11,5,35,0.05,2,3,2,1,0,310.66,0,12,1,1,2,2,16,3,3,1,1
2,11,5,36,0.4,1,2,1,1,1,339.26,0,19,1,3,1,3,6,3,3,2,2
2,11,5,37,0.05,1,2,1,1,1,295.26,1,6,3,1,3,1,19,1,3,2,2
2,11,5,38,0.05,1,1,1,1,1,272.79,1,7,3,1,3,1,20,1,1,1,1
2,11,5,39,0.4,1,1,1,1,1,206.03,1,14,3,1,3,1,18,3,3,3,3
2,11,5,40,0.1,1,1,1,1,1,259.37,1,19,1,3,1,3,18,1,1,1,1
2,11,5,41,1.8,2,2,2,2,1,187.27,1,13,3,1,2,2,19,1,1,2,2
2,11,5,42,0.05,1,3,1,1,1,282.84,1,20,1,3,1,3,11,1,1,3,3
2,11,5,43,0.2,1,1,1,1,1,222.01,1,6,1,1,1,1,8,3,1,3,1
2,11,5,44,1.8,3,3,2,2,1,206.04,1,9,3,3,1,1,13,3,3,1,1
2,11,5,45,0.2,2,2,2,2,1,274.27,1,12,3,1,2,2,15,1,3,2,2
2,11,5,46,0.2,1,3,1,1,1,289.61,1,5,1,1,1,1,10,3,1,1,3
2,11,5,47,0.1,1,2,1,1,1,304.39,0,11,1,3,1,3,1,1,3,2,2
2,11,5,48,0.8,1,2,1,1,1,200.5,1,10,1,3,1,3,9,3,1,2,2
2,11,5,49,0.8,1,2,1,1,1,203.65,1,10,3,3,3,3,9,1,1,2,2
2,11,5,50,0.1,2,2,2,2,1,321.83,0,9,3,1,2,2,12,3,1,2,2
2,11,5,51,0.8,1,3,1,1,1,239.62,1,12,1,1,1,1,1,1,3,3,1
2,11,5,52,0.4,2,2,2,2,1,297.7,1,15,3,1,2,2,9,1,1,2,2
2,11,5,53,1.8,1,2,1,1,1,190.12,1,5,3,1,3,1,4,1,3,2,2
2,11,5,54,0.4,2,3,2,2,1,256.52,1,4,1,1,2,2,12,3,3,1,1
2,11,5,55,0.05,1,3,1,1,1,340.25,0,2,1,3,1,3,13,1,1,3,3
2,11,5,56,0.8,3,3,2,2,1,205.82,1,8,1,3,3,1,7,1,3,3,1
2,11,5,57,0.2,3,2,2,2,1,261.03,1,14,3,3,1,1,16,1,1,2,2
2,11,5,58,0.2,2,3,2,2,1,205.79,1,2,3,3,2,2,9,1,3,3,1
2,11,5,59,1.8,2,3,2,2,1,220.61,1,5,3,3,2,2,9,3,1,1,3
2,11,5,60,0.1,1,2,1,1,1,260.29,1,5,3,3,3,3,4,3,1,2,2
2,11,5,61,0.2,1,1,1,1,1,187.9,1,3,1,3,1,3,14,3,3,3,3
2,11,5,62,0.8,2,1,2,1,0,218.36,1,5,1,1,2,2,4,3,3,3,3
2,11,5,63,0.2,3,2,2,2,1,167.09,1,19,3,3,1,1,4,3,3,2,2
2,11,5,64,0.4,2,2,2,1,0,223.5,1,12,1,1,2,2,9,3,3,2,2
2,11,5,65,0.8,3,2,NaN,NaN,NaN,NaN,NaN,2,3,1,1,3,11,1,1,2,2
2,11,5,66,0.2,2,1,2,1,0,259.71,1,6,1,3,2,2,9,3,1,3,1
2,11,5,67,0.05,1,2,1,1,1,349.25,0,16,1,1,1,1,15,1,3,2,2
2,11,5,68,0.2,1,2,1,1,1,233.87,1,16,1,1,1,1,14,3,1,2,2
2,11,5,69,1.8,1,1,NaN,NaN,NaN,NaN,NaN,17,3,1,3,1,7,1,3,1,3
2,11,5,70,1.8,1,3,1,2,0,252.44,1,2,1,3,1,3,1,3,3,1,1
2,11,5,71,0.4,1,1,1,1,1,222.21,1,15,3,3,3,3,17,3,3,3,3
2,11,5,72,0.8,1,1,1,1,1,235.03,1,11,3,3,3,3,20,1,3,1,3
2,11,5,73,0.4,1,2,1,1,1,231.8,1,12,3,3,3,3,16,3,1,2,2
2,11,5,74,1.8,1,2,1,2,0,209.44,1,4,3,1,3,1,20,1,1,2,2
2,11,5,75,0.1,1,2,1,1,1,278.33,1,19,1,1,1,1,18,1,3,2,2
2,11,5,76,0.1,1,3,1,1,1,325.92,0,11,3,1,3,1,2,1,3,3,1
2,11,5,77,0.8,1,3,1,1,1,214.07,1,4,3,1,3,1,9,3,3,1,1
2,11,5,78,0.1,1,3,1,1,1,261.01,1,19,1,1,1,1,10,1,3,3,1
2,11,6,1,0.4,2,2,2,2,1,8.7411,2,5,1,1,2,2,6,3,3,2,2
2,11,6,2,0.2,1,1,1,1,1,160.76,1,5,3,1,3,1,9,1,1,1,1
2,11,6,3,0.8,1,1,1,1,1,206.32,1,20,3,1,3,1,10,1,1,1,1
2,11,6,4,0.4,2,3,2,2,1,218.18,1,2,1,1,2,2,18,1,1,3,3
2,11,6,5,0.05,3,2,2,2,1,309.47,0,19,3,1,1,3,5,3,3,2,2
2,11,6,6,0.1,1,2,1,1,1,250.1,1,12,3,1,3,1,4,3,1,2,2
2,11,6,7,0.8,1,2,1,1,1,217.79,1,5,1,3,1,3,12,1,3,2,2
2,11,6,8,0.05,1,3,1,2,0,250.29,1,1,3,3,3,3,17,3,3,1,1
2,11,6,9,0.1,1,3,1,2,0,337.29,0,4,1,1,1,1,7,3,1,1,3
2,11,6,10,0.8,1,3,1,1,1,199.04,1,15,1,1,1,1,7,3,1,1,3
2,11,6,11,1.8,3,3,NaN,NaN,NaN,NaN,NaN,10,3,3,1,1,8,1,3,3,1
2,11,6,12,0.4,1,2,1,1,1,245.57,1,5,3,1,3,1,8,3,3,2,2
2,11,6,13,0.8,1,2,NaN,NaN,NaN,NaN,NaN,12,1,1,1,1,6,3,3,2,2
2,11,6,14,1.8,3,3,2,2,1,221.62,1,11,3,1,1,3,19,1,1,3,3
2,11,6,15,1.8,3,1,2,2,1,279.25,1,9,3,1,1,3,4,3,1,3,1
2,11,6,16,0.05,1,3,1,1,1,303.43,0,14,1,1,1,1,5,3,3,1,1
2,11,6,17,0.2,1,3,1,2,0,294.9,1,20,3,3,3,3,3,1,1,3,3
2,11,6,18,1.8,3,3,2,2,1,196.3,1,2,1,3,3,1,3,3,1,1,3
2,11,6,19,0.05,1,1,1,1,1,310.59,0,12,1,1,1,1,9,1,1,1,1
2,11,6,20,0.1,1,1,1,1,1,322.36,0,16,3,3,3,3,3,1,3,1,3
2,11,6,21,1.8,2,2,2,2,1,209.1,1,18,1,3,2,2,1,3,3,2,2
2,11,6,22,1.8,2,3,2,2,1,193.67,1,19,1,1,2,2,6,3,3,1,1
2,11,6,23,0.1,3,1,2,2,1,265.56,1,18,3,3,1,1,10,1,3,1,3
2,11,6,24,0.2,1,3,1,1,1,271.8,1,19,1,3,1,3,13,1,3,3,1
2,11,6,25,1.8,1,1,1,1,1,199.27,1,3,1,3,1,3,5,3,1,3,1
2,11,6,26,0.05,2,1,2,2,1,335.76,0,16,3,1,2,2,4,3,3,3,3
2,11,6,27,0.2,3,2,2,2,1,366.81,0,17,3,3,1,1,1,3,1,2,2
2,11,6,28,0.8,3,2,2,2,1,229.31,1,9,3,3,1,1,13,3,1,2,2
2,11,6,29,1.8,1,1,1,2,0,212.16,1,13,3,1,3,1,15,3,1,3,1
2,11,6,30,1.8,3,2,2,2,1,192.67,1,19,3,1,1,3,11,3,1,2,2
2,11,6,31,0.05,1,3,1,2,0,258.94,1,4,1,1,1,1,17,3,1,1,3
2,11,6,32,0.4,2,1,2,2,1,231.32,1,14,3,1,2,2,6,1,1,1,1
2,11,6,33,0.1,1,3,1,2,0,252.18,1,9,3,3,3,3,16,3,3,1,1
2,11,6,34,0.8,3,2,2,2,1,245.75,1,6,3,3,1,1,19,1,1,2,2
2,11,6,35,0.8,2,3,NaN,NaN,NaN,NaN,NaN,3,3,3,2,2,15,1,3,3,1
2,11,6,36,0.4,1,2,1,1,1,224.96,1,19,1,1,1,1,11,1,1,2,2
2,11,6,37,0.8,1,2,1,1,1,211.25,1,17,1,1,1,1,18,3,3,2,2
2,11,6,38,0.2,1,3,1,1,1,270.21,1,4,1,3,1,3,1,1,1,3,3
2,11,6,39,0.2,3,3,2,2,1,140.58,1,4,3,1,1,3,7,3,3,1,1
2,11,6,40,1.8,2,1,2,2,1,200.68,1,7,3,3,2,2,16,3,1,3,1
2,11,6,41,0.05,2,3,2,2,1,259.88,1,14,1,3,2,2,10,1,3,3,1
2,11,6,42,0.05,1,2,1,2,0,301,0,3,1,3,1,3,10,3,3,2,2
2,11,6,43,0.8,1,2,1,1,1,212.61,1,11,1,1,1,1,17,3,1,2,2
2,11,6,44,0.2,1,1,1,1,1,249.95,1,10,3,3,3,3,18,1,1,1,1
2,11,6,45,0.4,2,1,2,2,1,220.98,1,18,3,3,2,2,3,1,3,1,3
2,11,6,46,1.8,1,1,1,1,1,209.56,1,7,3,3,3,3,14,1,1,1,1
2,11,6,47,0.4,2,1,2,2,1,257.13,1,15,3,1,2,2,17,1,3,1,3
2,11,6,48,0.8,1,1,NaN,NaN,NaN,NaN,NaN,5,3,1,3,1,15,3,1,3,1
2,11,6,49,0.05,3,2,2,2,1,251.85,1,10,1,1,3,3,16,3,1,2,2
2,11,6,50,0.1,1,1,1,1,1,249.83,1,3,1,3,1,3,12,1,1,1,1
2,11,6,51,0.05,2,3,2,2,1,302.52,0,10,1,1,2,2,17,3,1,1,3
2,11,6,52,0.2,1,1,1,1,1,260.57,1,3,1,1,1,1,14,1,3,1,3
2,11,6,53,0.05,2,3,2,2,1,310.26,0,18,3,3,2,2,5,1,3,3,1
2,11,6,54,0.4,2,3,2,1,0,294.15,1,17,3,1,2,2,19,1,1,3,3
2,11,6,55,1.8,2,2,2,2,1,170.11,1,13,3,3,2,2,3,3,1,2,2
2,11,6,56,0.1,2,1,2,2,1,279.55,1,15,3,3,2,2,6,3,3,3,3
2,11,6,57,0.2,3,2,2,2,1,170.61,1,11,1,1,3,3,18,1,3,2,2
2,11,6,58,0.2,3,3,2,2,1,244.29,1,8,1,3,3,1,6,3,1,1,3
2,11,6,59,0.8,3,2,NaN,NaN,NaN,NaN,NaN,9,1,1,3,3,12,1,1,2,2
2,11,6,60,0.4,2,3,2,2,1,295.31,1,2,3,1,2,2,5,1,1,3,3
2,11,6,61,0.8,3,3,NaN,NaN,NaN,NaN,NaN,11,3,3,1,1,8,1,1,3,3
2,11,6,62,0.4,2,2,2,1,0,280.25,1,6,3,1,2,2,6,1,1,2,2
2,11,6,63,0.4,1,1,1,1,1,227.53,1,16,3,1,3,1,2,1,3,1,3
2,11,6,64,0.2,1,1,1,1,1,186.58,1,17,3,1,3,1,3,1,3,1,3
2,11,6,65,0.05,1,2,1,1,1,307.38,0,3,1,3,1,3,7,1,1,2,2
2,11,6,66,0.2,2,2,2,2,1,314.78,0,6,3,1,2,2,4,1,1,2,2
2,11,6,67,0.4,1,3,NaN,NaN,NaN,NaN,NaN,17,3,1,3,1,20,1,3,3,1
2,11,6,68,0.8,3,2,2,2,1,242.21,1,8,3,1,1,3,11,1,3,2,2
2,11,6,69,0.1,1,2,1,2,0,296.06,1,7,1,1,1,1,11,1,3,2,2
2,11,6,70,1.8,1,3,1,1,1,209.46,1,11,1,1,1,1,11,1,3,3,1
2,11,6,71,0.1,1,2,1,1,1,257.94,1,18,1,3,1,3,4,3,1,2,2
2,11,6,72,0.05,2,1,2,2,1,269.92,1,20,3,3,2,2,11,1,1,1,1
2,11,6,73,0.1,1,3,1,1,1,277.13,1,18,1,3,1,3,9,1,1,3,3
2,11,6,74,0.1,1,3,1,2,0,267.25,1,17,1,3,1,3,7,3,1,1,3
2,11,6,75,0.1,1,2,1,1,1,259.8,1,20,3,3,3,3,2,3,1,2,2
2,11,6,76,0.1,2,1,2,2,1,246.81,1,12,3,1,2,2,20,1,1,1,1
2,11,6,77,0.4,3,2,2,2,1,275.3,1,9,1,3,3,1,17,3,3,2,2
2,11,6,78,0.2,2,3,2,2,1,298.94,1,18,1,1,2,2,2,3,1,1,3
2,11,7,1,0.4,3,3,2,2,1,188.15,1,18,3,3,1,1,3,1,3,3,1
2,11,7,2,1.8,2,2,2,2,1,190.7,1,7,1,1,2,2,10,3,3,2,2
2,11,7,3,0.1,1,1,1,1,1,258.41,1,1,1,1,1,1,6,1,1,1,1
2,11,7,4,0.2,2,3,2,2,1,242.87,1,15,3,1,2,2,5,1,3,3,1
2,11,7,5,0.2,1,2,1,1,1,319.12,0,3,1,3,1,3,13,3,1,2,2
2,11,7,6,0.1,1,3,1,2,0,214.47,1,16,3,3,3,3,11,1,3,3,1
2,11,7,7,1.8,1,1,NaN,NaN,NaN,NaN,NaN,6,1,1,1,1,8,3,3,3,3
2,11,7,8,0.2,1,2,1,1,1,295.28,1,20,1,1,1,1,20,1,1,2,2
2,11,7,9,0.4,2,2,2,1,0,324.06,0,4,1,3,2,2,7,1,3,2,2
2,11,7,10,0.05,3,3,2,2,1,244.25,1,12,1,3,3,1,7,1,1,3,3
2,11,7,11,0.2,3,1,2,2,1,185.84,1,9,3,1,1,3,15,3,3,3,3
2,11,7,12,1.8,3,1,2,2,1,152.59,1,8,1,3,3,1,15,3,3,3,3
2,11,7,13,1.8,1,3,1,1,1,141.06,1,14,1,1,1,1,6,3,3,1,1
2,11,7,14,0.4,3,1,2,2,1,189.66,1,1,1,1,3,3,5,3,1,3,1
2,11,7,15,0.1,1,1,1,1,1,258.65,1,16,1,1,1,1,10,1,3,1,3
2,11,7,16,0.1,1,1,1,1,1,243.47,1,3,1,3,1,3,13,3,3,3,3
2,11,7,17,1.8,2,3,2,2,1,160.24,1,1,3,3,2,2,16,3,1,1,3
2,11,7,18,0.2,2,1,2,1,0,266.74,1,4,1,1,2,2,12,1,3,1,3
2,11,7,19,0.4,1,2,1,1,1,209.62,1,15,3,1,3,1,16,1,3,2,2
2,11,7,20,0.2,1,3,1,1,1,241.37,1,19,1,1,1,1,14,1,1,3,3
2,11,7,21,0.4,3,1,2,2,1,229.58,1,1,1,1,3,3,4,1,1,1,1
2,11,7,22,0.05,1,2,1,1,1,291.51,1,13,3,3,3,3,12,1,1,2,2
2,11,7,23,1.8,1,3,1,1,1,190.91,1,13,1,1,1,1,5,3,1,1,3
2,11,7,24,0.2,1,1,1,1,1,218.33,1,13,1,1,1,1,20,3,1,3,1
2,11,7,25,0.2,1,3,1,1,1,270.1,1,19,3,3,3,3,15,3,3,1,1
2,11,7,26,0.1,1,2,1,1,1,301.16,0,20,3,3,3,3,1,1,3,2,2
2,11,7,27,0.05,1,2,1,1,1,279.41,1,5,1,1,1,1,7,3,1,2,2
2,11,7,28,1.8,1,3,1,1,1,218.42,1,19,3,1,3,1,14,1,3,3,1
2,11,7,29,1.8,1,1,1,1,1,188.42,1,16,3,1,3,1,10,3,3,3,3
2,11,7,30,0.8,1,3,1,1,1,227.42,1,12,1,1,1,1,5,3,1,1,3
2,11,7,31,1.8,3,1,2,2,1,186.44,1,12,3,1,1,3,20,1,3,1,3
2,11,7,32,0.1,1,2,1,1,1,238.29,1,4,1,1,1,1,17,3,3,2,2
2,11,7,33,0.05,3,2,2,2,1,262.38,1,13,3,1,1,3,6,1,3,2,2
2,11,7,34,0.1,3,3,2,2,1,232.24,1,9,3,1,1,3,12,3,1,1,3
2,11,7,35,0.1,1,3,1,1,1,227.43,1,14,3,1,3,1,1,3,1,1,3
2,11,7,36,0.05,3,2,2,2,1,280.83,1,16,1,1,3,3,10,3,3,2,2
2,11,7,37,0.05,1,2,1,1,1,225.47,1,11,3,1,3,1,6,1,3,2,2
2,11,7,38,1.8,1,2,NaN,NaN,NaN,NaN,NaN,18,3,1,3,1,1,3,3,2,2
2,11,7,39,1.8,3,1,2,2,1,228.1,1,8,1,3,3,1,12,3,1,3,1
2,11,7,40,0.05,2,1,2,2,1,281.52,1,8,3,3,2,2,13,1,1,1,1
2,11,7,41,0.2,1,2,1,1,1,218.07,1,9,1,1,1,1,4,1,1,2,2
2,11,7,42,0.8,3,1,2,2,1,195.88,1,11,3,3,1,1,4,1,3,1,3
2,11,7,43,0.4,2,3,2,2,1,249.75,1,14,3,3,2,2,15,3,1,1,3
2,11,7,44,0.05,1,1,1,2,0,340.8,0,2,1,3,1,3,8,3,1,3,1
2,11,7,45,0.2,1,1,1,1,1,206.41,1,5,1,3,1,3,9,3,1,3,1
2,11,7,46,0.8,3,3,2,2,1,219.87,1,11,3,3,1,1,19,1,1,3,3
2,11,7,47,0.8,2,3,2,1,0,185.3,1,12,1,1,2,2,3,3,3,1,1
2,11,7,48,0.05,1,2,1,1,1,273.48,1,5,1,1,1,1,3,1,1,2,2
2,11,7,49,0.8,1,1,1,1,1,193.37,1,12,1,3,1,3,3,3,3,3,3
2,11,7,50,0.8,1,1,1,1,1,212.31,1,14,1,3,1,3,6,1,3,1,3
2,11,7,51,1.8,1,2,NaN,NaN,NaN,NaN,NaN,20,3,1,3,1,19,3,3,2,2
2,11,7,52,0.8,1,2,1,1,1,209.77,1,18,1,3,1,3,6,1,1,2,2
2,11,7,53,0.8,1,3,1,1,1,227.53,1,10,1,1,1,1,17,1,1,3,3
2,11,7,54,0.4,1,1,1,1,1,212.98,1,17,1,1,1,1,3,3,1,3,1
2,11,7,55,0.4,1,3,1,1,1,242.84,1,12,3,3,3,3,14,3,1,1,3
2,11,7,56,0.4,1,2,1,1,1,215.65,1,3,1,3,1,3,6,1,3,2,2
2,11,7,57,0.1,1,1,1,1,1,302.6,0,13,3,3,3,3,14,1,3,1,3
2,11,7,58,0.8,1,2,1,1,1,191.14,1,2,1,1,1,1,16,1,3,2,2
2,11,7,59,0.8,1,3,1,1,1,211.59,1,12,3,3,3,3,5,3,1,1,3
2,11,7,60,0.4,3,2,2,2,1,254.76,1,9,1,1,3,3,15,3,3,2,2
2,11,7,61,0.1,1,3,1,2,0,313.31,0,4,1,1,1,1,2,3,3,1,1
2,11,7,62,1.8,1,1,1,1,1,184.22,1,12,3,1,3,1,9,1,1,1,1
2,11,7,63,0.1,1,1,1,1,1,284.36,1,19,1,3,1,3,7,3,1,3,1
2,11,7,64,0.8,2,3,2,2,1,208.56,1,4,1,3,2,2,1,1,3,3,1
2,11,7,65,0.4,1,3,1,1,1,177.52,1,5,1,3,1,3,14,3,3,1,1
2,11,7,66,0.2,2,3,2,2,1,255.77,1,6,1,3,2,2,1,1,1,3,3
2,11,7,67,0.4,2,2,2,1,0,233.02,1,10,3,1,2,2,9,3,1,2,2
2,11,7,68,0.05,1,3,1,1,1,384.02,0,14,1,3,1,3,9,1,3,3,1
2,11,7,69,0.8,3,2,2,2,1,212.55,1,20,3,1,1,3,16,1,1,2,2
2,11,7,70,0.05,1,2,1,2,0,336.24,0,4,1,1,1,1,16,1,3,2,2
2,11,7,71,0.1,1,2,1,1,1,265.78,1,1,1,1,1,1,11,3,1,2,2
2,11,7,72,0.2,1,1,1,1,1,223.37,1,1,1,1,1,1,15,1,3,1,3
2,11,7,73,0.1,2,3,2,2,1,253.67,1,11,1,3,2,2,20,3,1,1,3
2,11,7,74,0.05,1,2,1,1,1,325.34,0,3,1,3,1,3,8,1,3,2,2
2,11,7,75,0.2,1,1,1,1,1,243.61,1,6,3,3,3,3,20,1,3,1,3
2,11,7,76,0.4,3,1,2,2,1,218.87,1,7,1,1,3,3,5,1,3,1,3
2,11,7,77,0.8,1,1,1,1,1,198.31,1,14,3,3,3,3,13,1,1,1,1
2,11,7,78,0.05,2,3,2,2,1,243.9,1,20,1,1,2,2,17,1,1,3,3
2,11,8,1,0.4,1,2,1,1,1,222.6,1,1,1,1,1,1,11,1,3,2,2
2,11,8,2,0.1,1,2,1,1,1,201.14,1,6,1,1,1,1,14,1,1,2,2
2,11,8,3,0.05,1,1,1,1,1,263.33,1,10,3,1,3,1,20,1,3,1,3
2,11,8,4,1.8,2,3,2,2,1,185.52,1,4,1,3,2,2,16,3,1,1,3
2,11,8,5,0.2,1,2,1,1,1,158.15,1,18,1,1,1,1,8,3,3,2,2
2,11,8,6,1.8,1,1,1,1,1,194.44,1,13,3,1,3,1,2,1,1,1,1
2,11,8,7,0.2,1,1,1,1,1,253.43,1,1,3,1,3,1,3,1,3,1,3
2,11,8,8,0.05,2,1,2,2,1,276.16,1,17,3,3,2,2,20,1,3,1,3
2,11,8,9,1.8,1,1,1,1,1,201.36,1,1,3,1,3,1,7,3,3,3,3
2,11,8,10,1.8,2,2,2,2,1,215.25,1,13,3,3,2,2,4,3,3,2,2
2,11,8,11,0.4,1,3,1,1,1,274.38,1,15,1,3,1,3,1,1,1,3,3
2,11,8,12,0.4,3,1,2,2,1,214.66,1,13,1,3,3,1,3,3,1,3,1
2,11,8,13,0.8,3,2,2,2,1,218.14,1,2,3,3,1,1,6,1,3,2,2
2,11,8,14,0.4,2,2,2,2,1,271.64,1,1,1,3,2,2,16,1,1,2,2
2,11,8,15,0.8,3,2,NaN,NaN,NaN,NaN,NaN,9,1,1,3,3,3,3,1,2,2
2,11,8,16,0.4,1,1,1,1,1,228.95,1,14,1,3,1,3,7,3,3,3,3
2,11,8,17,0.05,3,3,2,2,1,251.47,1,13,1,1,3,3,9,3,3,1,1
2,11,8,18,0.4,1,2,1,1,1,213.84,1,11,1,3,1,3,10,1,3,2,2
2,11,8,19,1.8,1,1,1,1,1,198,1,4,1,3,1,3,11,1,1,1,1
2,11,8,20,0.8,1,3,1,1,1,205.92,1,8,3,3,3,3,5,3,3,1,1
2,11,8,21,0.4,3,2,2,2,1,295.56,1,10,3,1,1,3,18,1,3,2,2
2,11,8,22,0.2,2,1,2,1,0,224.71,1,4,3,3,2,2,6,3,1,3,1
2,11,8,23,0.05,2,1,2,2,1,313.86,0,16,3,1,2,2,14,1,3,1,3
2,11,8,24,0.1,3,3,2,2,1,261.19,1,20,3,3,1,1,7,1,3,3,1
2,11,8,25,1.8,3,2,2,2,1,203.06,1,19,3,1,1,3,3,3,1,2,2
2,11,8,26,0.1,3,1,2,2,1,239.23,1,8,3,3,1,1,14,3,3,3,3
2,11,8,27,1.8,2,2,2,2,1,170.93,1,8,3,3,2,2,7,3,3,2,2
2,11,8,28,0.1,2,2,2,2,1,272.29,1,20,1,1,2,2,19,3,1,2,2
2,11,8,29,0.05,1,2,1,1,1,248.83,1,12,3,3,3,3,3,3,3,2,2
2,11,8,30,0.1,1,1,1,1,1,258.91,1,15,3,3,3,3,20,1,3,1,3
2,11,8,31,0.1,1,2,1,1,1,267.29,1,12,1,3,1,3,9,3,1,2,2
2,11,8,32,0.1,3,3,2,2,1,221.81,1,4,3,1,1,3,8,3,1,1,3
2,11,8,33,0.8,1,3,1,1,1,175.19,1,12,1,1,1,1,12,3,3,1,1
2,11,8,34,0.4,1,3,1,2,0,241.68,1,10,3,1,3,1,7,1,3,3,1
2,11,8,35,0.4,2,2,2,2,1,227.02,1,7,1,3,2,2,17,3,1,2,2
2,11,8,36,0.1,1,1,1,1,1,284.39,1,9,1,1,1,1,15,1,1,1,1
2,11,8,37,0.2,1,1,1,1,1,214.78,1,5,1,1,1,1,18,1,3,1,3
2,11,8,38,0.2,1,1,1,1,1,234.79,1,13,1,3,1,3,2,1,3,1,3
2,11,8,39,0.1,1,1,1,1,1,269.68,1,6,3,1,3,1,6,3,3,3,3
2,11,8,40,0.05,1,2,1,1,1,327.35,0,10,3,1,3,1,2,3,3,2,2
2,11,8,41,0.05,3,2,2,2,1,250.32,1,14,3,3,1,1,15,3,1,2,2
2,11,8,42,0.05,1,2,1,2,0,280.47,1,7,1,3,1,3,18,1,3,2,2
2,11,8,43,0.1,1,3,1,1,1,247.88,1,14,1,1,1,1,19,1,1,3,3
2,11,8,44,1.8,1,2,NaN,NaN,NaN,NaN,NaN,8,1,3,1,3,9,1,3,2,2
2,11,8,45,0.2,1,2,1,1,1,267.44,1,11,1,1,1,1,17,1,1,2,2
2,11,8,46,0.05,2,3,2,1,0,301.59,0,7,1,3,2,2,20,1,1,3,3
2,11,8,47,0.2,2,3,2,2,1,244.98,1,4,1,3,2,2,9,3,3,1,1
2,11,8,48,1.8,2,2,2,2,1,195.82,1,5,3,1,2,2,10,1,1,2,2
2,11,8,49,0.2,3,1,2,2,1,194.96,1,16,3,1,1,3,13,3,3,3,3
2,11,8,50,0.8,3,1,2,2,1,202.28,1,20,3,1,1,3,13,3,1,3,1
2,11,8,51,0.8,1,1,1,1,1,197.72,1,11,3,3,3,3,12,3,3,3,3
2,11,8,52,0.2,1,2,1,1,1,257.96,1,3,3,1,3,1,7,1,3,2,2
2,11,8,53,0.2,2,2,2,2,1,208.83,1,7,1,1,2,2,19,1,3,2,2
2,11,8,54,0.8,1,2,1,1,1,215.2,1,10,3,3,3,3,14,3,3,2,2
2,11,8,55,0.2,2,2,2,2,1,273.74,1,19,3,1,2,2,4,1,1,2,2
2,11,8,56,0.4,1,3,1,1,1,212.38,1,8,3,3,3,3,18,1,3,3,1
2,11,8,57,0.4,1,1,1,1,1,264.23,1,11,3,3,3,3,20,1,3,1,3
2,11,8,58,0.05,3,1,2,2,1,262.54,1,4,3,3,1,1,5,1,3,1,3
2,11,8,59,0.4,3,2,2,2,1,219.17,1,5,3,3,1,1,11,1,3,2,2
2,11,8,60,1.8,1,1,1,1,1,217.3,1,14,3,3,3,3,1,3,3,3,3
2,11,8,61,0.8,3,2,2,2,1,228.4,1,17,3,1,1,3,12,3,3,2,2
2,11,8,62,0.2,1,2,1,1,1,249.14,1,5,3,1,3,1,10,1,3,2,2
2,11,8,63,0.05,2,1,2,2,1,283.11,1,13,3,1,2,2,20,1,3,1,3
2,11,8,64,0.8,2,1,2,2,1,230.24,1,19,1,3,2,2,9,1,1,1,1
2,11,8,65,0.05,2,3,2,2,1,293.18,1,17,1,3,2,2,1,3,1,1,3
2,11,8,66,0.1,1,2,1,1,1,302.67,0,5,3,3,3,3,20,3,1,2,2
2,11,8,67,0.8,1,1,1,1,1,188.97,1,16,1,3,1,3,19,3,1,3,1
2,11,8,68,1.8,1,2,NaN,NaN,NaN,NaN,NaN,11,1,3,1,3,13,1,1,2,2
2,11,8,69,0.4,2,1,2,2,1,266.33,1,18,1,3,2,2,13,3,3,3,3
2,11,8,70,1.8,3,3,2,2,1,190.16,1,12,3,3,1,1,4,3,1,1,3
2,11,8,71,0.2,1,2,1,1,1,258.99,1,13,3,3,3,3,17,1,3,2,2
2,11,8,72,0.1,2,1,2,2,1,268.53,1,6,1,3,2,2,8,1,3,1,3
2,11,8,73,0.8,1,3,1,2,0,212.76,1,19,1,1,1,1,20,3,3,1,1
2,11,8,74,0.8,1,3,1,1,1,207.04,1,8,1,3,1,3,20,1,3,3,1
2,11,8,75,1.8,1,2,NaN,NaN,NaN,NaN,NaN,12,3,3,3,3,18,1,1,2,2
2,11,8,76,0.8,1,3,1,1,1,200.96,1,7,1,1,1,1,15,1,3,3,1
2,11,8,77,0.1,1,3,1,2,0,263.8,1,1,3,3,3,3,20,3,3,1,1
2,11,8,78,0.05,2,1,2,1,0,290.8,1,17,1,1,2,2,8,3,3,3,3
2,11,9,1,0.4,1,1,1,1,1,222.5,1,18,3,3,3,3,8,1,3,1,3
2,11,9,2,0.05,1,3,1,2,0,317.11,0,4,3,3,3,3,9,3,3,1,1
2,11,9,3,0.1,2,3,2,2,1,316.8,0,15,3,3,2,2,1,1,3,3,1
2,11,9,4,0.05,3,3,2,2,1,231.68,1,6,3,3,1,1,10,3,1,1,3
2,11,9,5,0.05,1,1,1,1,1,254.53,1,6,3,3,3,3,14,1,3,1,3
2,11,9,6,1.8,2,3,NaN,NaN,NaN,NaN,NaN,7,1,3,2,2,19,3,1,1,3
2,11,9,7,0.8,2,2,2,2,1,218.85,1,17,3,1,2,2,11,3,1,2,2
2,11,9,8,1.8,1,1,1,1,1,156.28,1,2,3,3,3,3,1,3,1,3,1
2,11,9,9,1.8,1,2,1,1,1,183.23,1,18,1,1,1,1,9,1,1,2,2
2,11,9,10,0.8,2,1,2,1,0,206.8,1,1,3,1,2,2,4,3,3,3,3
2,11,9,11,1.8,3,1,NaN,NaN,NaN,NaN,NaN,15,1,1,3,3,4,3,1,3,1
2,11,9,12,0.8,1,3,1,2,0,271.09,1,9,3,1,3,1,11,3,1,1,3
2,11,9,13,0.2,1,1,1,1,1,232.13,1,11,3,3,3,3,11,3,3,3,3
2,11,9,14,1.8,3,2,NaN,NaN,NaN,NaN,NaN,3,3,3,1,1,14,1,3,2,2
2,11,9,15,0.1,1,2,1,1,1,328.72,0,5,3,1,3,1,7,1,1,2,2
2,11,9,16,0.8,2,2,2,2,1,218.04,1,4,1,3,2,2,6,3,3,2,2
2,11,9,17,0.05,1,2,1,1,1,258.86,1,13,3,1,3,1,8,3,1,2,2
2,11,9,18,0.2,3,3,2,2,1,256.7,1,19,3,1,1,3,1,3,1,1,3
2,11,9,19,0.2,3,1,2,1,0,244.64,1,14,3,3,1,1,5,1,1,1,1
2,11,9,20,0.4,1,1,1,1,1,238.34,1,3,3,3,3,3,18,1,3,1,3
2,11,9,21,0.1,1,1,1,1,1,184.19,1,4,3,1,3,1,17,1,3,1,3
2,11,9,22,0.4,1,1,1,1,1,237.84,1,19,3,1,3,1,6,3,3,3,3
2,11,9,23,0.8,3,2,2,2,1,223.15,1,17,3,3,1,1,9,1,1,2,2
2,11,9,24,0.2,1,1,1,1,1,228.1,1,20,3,3,3,3,1,1,1,1,1
2,11,9,25,0.4,2,1,2,2,1,232.76,1,7,1,1,2,2,19,1,3,1,3
2,11,9,26,0.05,2,2,2,1,0,370.35,0,5,3,1,2,2,8,3,1,2,2
2,11,9,27,0.4,2,1,2,2,1,230.44,1,14,1,1,2,2,10,3,1,3,1
2,11,9,28,1.8,1,2,1,1,1,219.54,1,1,1,1,1,1,7,1,3,2,2
2,11,9,29,0.1,2,3,2,2,1,328.37,0,10,1,1,2,2,17,1,1,3,3
2,11,9,30,0.1,3,3,2,2,1,293.71,1,9,1,3,3,1,3,3,1,1,3
2,11,9,31,0.05,3,2,2,2,1,326.58,0,11,1,1,3,3,10,1,3,2,2
2,11,9,32,0.05,1,1,1,1,1,270.86,1,17,3,3,3,3,13,1,3,1,3
2,11,9,33,0.4,1,2,1,1,1,205.65,1,10,1,3,1,3,14,1,1,2,2
2,11,9,34,0.1,1,3,1,1,1,221.05,1,10,1,1,1,1,13,3,3,1,1
2,11,9,35,0.2,3,3,2,2,1,255.4,1,4,1,1,3,3,16,1,3,3,1
2,11,9,36,0.8,1,1,1,1,1,198.17,1,12,3,3,3,3,5,3,3,3,3
2,11,9,37,0.05,2,3,2,2,1,251.34,1,16,3,1,2,2,16,1,3,3,1
2,11,9,38,0.8,2,2,2,1,0,211.73,1,7,1,3,2,2,8,3,1,2,2
2,11,9,39,0.1,3,1,2,2,1,251.97,1,7,3,3,1,1,14,1,3,1,3
2,11,9,40,0.2,2,3,2,2,1,239.52,1,5,3,3,2,2,4,1,1,3,3
2,11,9,41,0.2,3,1,2,2,1,192.66,1,11,3,3,1,1,4,3,3,3,3
2,11,9,42,0.2,1,2,1,1,1,254.85,1,10,3,1,3,1,6,3,3,2,2
2,11,9,43,0.1,2,1,2,2,1,265.6,1,8,3,3,2,2,11,3,3,3,3
2,11,9,44,0.2,2,2,2,2,1,253.71,1,11,3,1,2,2,13,3,3,2,2
2,11,9,45,0.1,3,1,2,2,1,228.4,1,15,1,1,3,3,1,3,3,3,3
2,11,9,46,0.05,2,1,2,2,1,243.52,1,12,3,1,2,2,11,3,1,3,1
2,11,9,47,0.05,3,1,2,2,1,244.77,1,20,1,1,3,3,1,3,3,3,3
2,11,9,48,1.8,1,3,1,1,1,182.81,1,5,3,3,3,3,13,1,3,3,1
2,11,9,49,0.4,1,3,1,1,1,217.07,1,6,1,3,1,3,1,1,3,3,1
2,11,9,50,0.1,1,3,1,1,1,259.24,1,16,3,1,3,1,9,1,1,3,3
2,11,9,51,0.2,2,3,2,2,1,279.64,1,4,1,1,2,2,19,3,1,1,3
2,11,9,52,0.1,1,3,1,2,0,225.77,1,14,1,1,1,1,7,1,1,3,3
2,11,9,53,0.05,1,1,1,1,1,248.15,1,6,1,1,1,1,6,1,3,1,3
2,11,9,54,0.1,1,3,1,2,0,271.94,1,1,3,3,3,3,15,3,1,1,3
2,11,9,55,1.8,1,1,NaN,NaN,NaN,NaN,NaN,12,3,1,3,1,6,3,1,3,1
2,11,9,56,0.8,2,2,2,1,0,211.98,1,1,3,1,2,2,5,3,1,2,2
2,11,9,57,0.8,3,3,2,1,0,229.31,1,12,1,1,3,3,6,1,3,3,1
2,11,9,58,0.2,1,2,1,1,1,272.66,1,2,1,3,1,3,3,1,3,2,2
2,11,9,59,1.8,1,2,1,1,1,191,1,14,1,3,1,3,15,1,3,2,2
2,11,9,60,0.4,3,3,NaN,NaN,NaN,NaN,NaN,9,3,3,1,1,1,1,3,3,1
2,11,9,61,0.4,2,3,2,2,1,247.3,1,4,1,3,2,2,13,3,3,1,1
2,11,9,62,1.8,3,3,2,2,1,211.91,1,13,1,3,3,1,15,3,3,1,1
2,11,9,63,1.8,3,3,2,2,1,197.84,1,13,3,1,1,3,1,1,1,3,3
2,11,9,64,0.2,3,2,2,2,1,244.37,1,17,3,1,1,3,6,1,3,2,2
2,11,9,65,1.8,3,2,2,2,1,199.29,1,4,3,1,1,3,4,1,3,2,2
2,11,9,66,0.4,2,3,2,2,1,236.62,1,7,1,1,2,2,12,3,1,1,3
2,11,9,67,0.4,1,2,1,1,1,211.9,1,19,1,1,1,1,17,3,1,2,2
2,11,9,68,0.8,1,1,1,1,1,187.66,1,1,3,1,3,1,3,1,3,1,3
2,11,9,69,0.05,1,1,1,1,1,260.71,1,17,3,3,3,3,3,3,3,3,3
2,11,9,70,0.4,2,3,2,2,1,231.07,1,3,1,1,2,2,5,3,1,1,3
2,11,9,71,0.1,3,1,2,2,1,265.83,1,6,3,3,1,1,2,1,1,1,1
2,11,9,72,0.8,2,3,2,2,1,212.24,1,7,3,1,2,2,18,1,1,3,3
2,11,9,73,0.4,2,2,2,1,0,209.54,1,10,1,1,2,2,15,3,3,2,2
2,11,9,74,0.8,1,2,1,1,1,194.87,1,9,1,1,1,1,18,1,1,2,2
2,11,9,75,0.05,3,2,2,2,1,304.81,0,15,3,1,1,3,5,3,3,2,2
2,11,9,76,0.8,1,2,1,1,1,216.63,1,6,1,3,1,3,9,3,3,2,2
2,11,9,77,1.8,1,1,1,1,1,186.44,1,3,3,3,3,3,4,1,1,1,1
2,11,9,78,0.2,1,2,1,2,0,275.98,1,16,3,3,3,3,19,1,3,2,2
2,11,10,1,0.2,1,3,1,1,1,305.92,0,7,1,3,1,3,1,3,1,1,3
2,11,10,2,0.4,1,3,1,1,1,234.78,1,16,1,3,1,3,11,3,1,1,3
2,11,10,3,1.8,1,2,1,1,1,212.75,1,17,1,3,1,3,7,3,1,2,2
2,11,10,4,0.8,3,3,2,2,1,201.15,1,17,3,3,1,1,13,1,1,3,3
2,11,10,5,0.05,2,1,2,1,0,327.49,0,9,3,3,2,2,9,3,3,3,3
2,11,10,6,0.8,1,1,1,1,1,219.55,1,13,1,3,1,3,7,1,1,1,1
2,11,10,7,0.8,3,3,2,2,1,198.64,1,17,3,3,1,1,2,3,1,1,3
2,11,10,8,0.05,2,3,2,2,1,246.83,1,19,3,1,2,2,16,1,3,3,1
2,11,10,9,0.05,2,3,2,2,1,252.3,1,1,3,3,2,2,10,1,1,3,3
2,11,10,10,1.8,1,2,1,2,0,206.39,1,10,1,3,1,3,8,3,3,2,2
2,11,10,11,0.1,1,1,1,1,1,251.35,1,16,1,3,1,3,2,1,3,1,3
2,11,10,12,0.1,3,3,2,2,1,263.53,1,14,3,1,1,3,12,1,1,3,3
2,11,10,13,1.8,2,1,2,2,1,218.94,1,16,3,3,2,2,19,1,1,1,1
2,11,10,14,0.1,3,3,2,2,1,253.06,1,11,1,3,3,1,17,1,1,3,3
2,11,10,15,0.2,2,3,2,2,1,211.31,1,13,3,1,2,2,6,1,3,3,1
2,11,10,16,0.05,3,2,2,2,1,261.93,1,1,1,3,3,1,7,3,1,2,2
2,11,10,17,0.2,1,1,1,1,1,237.96,1,5,3,3,3,3,19,1,3,1,3
2,11,10,18,0.05,1,3,1,2,0,278.52,1,20,3,3,3,3,2,1,1,3,3
2,11,10,19,1.8,1,3,1,1,1,206.97,1,12,3,1,3,1,16,3,1,1,3
2,11,10,20,0.8,1,1,1,1,1,208.96,1,8,3,1,3,1,3,1,1,1,1
2,11,10,21,0.8,1,1,1,1,1,213.82,1,19,1,3,1,3,8,1,3,1,3
2,11,10,22,0.8,1,3,1,1,1,204.99,1,5,1,1,1,1,11,1,3,3,1
2,11,10,23,0.4,1,1,1,1,1,223.67,1,5,1,3,1,3,19,3,3,3,3
2,11,10,24,0.4,1,2,1,1,1,241.7,1,15,1,1,1,1,4,1,3,2,2
2,11,10,25,0.2,1,2,1,1,1,266.27,1,8,3,1,3,1,15,3,3,2,2
2,11,10,26,1.8,2,2,2,2,1,288.18,1,7,1,3,2,2,14,1,1,2,2
2,11,10,27,1.8,1,3,1,1,1,200.68,1,19,3,3,3,3,9,3,1,1,3
2,11,10,28,0.1,2,2,2,2,1,168.84,1,18,1,3,2,2,9,3,3,2,2
2,11,10,29,0.1,2,3,2,2,1,290.53,1,11,1,1,2,2,13,1,3,3,1
2,11,10,30,0.4,3,1,2,2,1,315.05,0,12,3,1,1,3,11,1,1,1,1
2,11,10,31,1.8,3,2,2,2,1,261.37,1,5,3,1,1,3,3,3,3,2,2
2,11,10,32,0.1,3,3,2,2,1,257.64,1,8,3,1,1,3,16,3,3,1,1
2,11,10,33,0.8,1,3,1,1,1,226.28,1,11,1,3,1,3,17,3,1,1,3
2,11,10,34,0.05,1,2,1,2,0,260.47,1,19,3,3,3,3,3,3,1,2,2
2,11,10,35,0.1,1,3,1,1,1,211.78,1,15,3,1,3,1,14,3,1,1,3
2,11,10,36,0.05,1,2,1,2,0,291.14,1,16,3,1,3,1,10,1,3,2,2
2,11,10,37,0.4,1,3,1,1,1,187.27,1,17,1,3,1,3,19,1,3,3,1
2,11,10,38,0.4,3,1,2,2,1,247.42,1,18,3,3,1,1,17,1,1,1,1
2,11,10,39,1.8,1,3,1,1,1,236.16,1,10,3,1,3,1,10,3,1,1,3
2,11,10,40,0.4,3,1,2,2,1,295,1,14,1,3,3,1,16,3,3,3,3
2,11,10,41,0.2,1,2,1,1,1,263.63,1,15,1,1,1,1,20,3,3,2,2
2,11,10,42,0.8,1,1,1,1,1,32.776,2,10,1,1,1,1,14,3,1,3,1
2,11,10,43,0.4,1,2,1,1,1,256.85,1,16,3,3,3,3,13,3,1,2,2
2,11,10,44,0.05,3,1,2,2,1,327.15,0,10,1,1,3,3,10,1,3,1,3
2,11,10,45,0.2,1,2,1,1,1,258.75,1,16,1,1,1,1,1,3,1,2,2
2,11,10,46,0.8,3,2,2,2,1,219.75,1,10,3,3,1,1,5,1,3,2,2
2,11,10,47,0.1,3,2,2,2,1,276.85,1,16,3,3,1,1,13,3,1,2,2
2,11,10,48,0.05,1,2,1,1,1,278.53,1,10,3,3,3,3,20,1,3,2,2
2,11,10,49,0.2,2,1,2,2,1,276.64,1,15,1,1,2,2,17,3,3,3,3
2,11,10,50,0.8,1,2,1,1,1,219.75,1,16,1,1,1,1,12,1,1,2,2
2,11,10,51,0.1,1,1,1,1,1,270.71,1,10,3,3,3,3,17,1,3,1,3
2,11,10,52,1.8,2,1,NaN,NaN,NaN,NaN,NaN,15,3,3,2,2,16,1,1,1,1
2,11,10,53,0.4,1,2,1,1,1,298.75,1,8,3,3,3,3,2,3,1,2,2
2,11,10,54,0.4,2,2,2,2,1,250.21,1,19,3,3,2,2,13,3,3,2,2
2,11,10,55,0.4,1,1,1,1,1,243.36,1,11,3,3,3,3,19,1,1,1,1
2,11,10,56,1.8,1,3,1,1,1,202.04,1,20,1,3,1,3,20,1,3,3,1
2,11,10,57,0.1,1,1,1,1,1,306.4,0,16,3,3,3,3,12,1,3,1,3
2,11,10,58,0.4,1,3,1,1,1,222.28,1,17,1,1,1,1,13,3,1,1,3
2,11,10,59,0.1,1,3,1,1,1,274.05,1,10,1,3,1,3,11,1,1,3,3
2,11,10,60,1.8,1,2,1,1,1,174.54,1,20,3,1,3,1,11,3,3,2,2
2,11,10,61,0.05,2,3,2,2,1,303.29,0,1,3,1,2,2,20,1,1,3,3
2,11,10,62,0.4,3,3,2,2,1,209.57,1,3,1,3,3,1,15,1,3,3,1
2,11,10,63,0.2,2,2,2,2,1,325.88,0,4,3,3,2,2,14,3,1,2,2
2,11,10,64,0.05,3,3,2,2,1,282.7,1,19,1,1,3,3,4,1,1,3,3
2,11,10,65,1.8,1,1,1,1,1,197.08,1,3,3,3,3,3,2,3,3,3,3
2,11,10,66,0.2,1,2,1,1,1,225.98,1,6,1,1,1,1,19,3,3,2,2
2,11,10,67,0.2,1,3,1,2,0,277.33,1,20,3,1,3,1,16,1,1,3,3
2,11,10,68,0.2,2,3,2,2,1,219.17,1,19,3,3,2,2,13,3,1,1,3
2,11,10,69,0.05,3,2,2,2,1,296.49,1,12,1,1,3,3,17,3,3,2,2
2,11,10,70,0.1,2,1,2,1,0,237.61,1,4,3,3,2,2,9,3,3,3,3
2,11,10,71,0.8,2,3,2,1,0,212.25,1,4,1,1,2,2,10,1,1,3,3
2,11,10,72,0.05,1,1,1,1,1,304.51,0,17,1,1,1,1,8,3,3,3,3
2,11,10,73,0.2,1,3,1,1,1,262.2,1,6,3,1,3,1,3,3,3,1,1
2,11,10,74,0.2,1,2,1,1,1,247.98,1,18,3,3,3,3,7,1,1,2,2
2,11,10,75,0.8,1,1,1,1,1,201.32,1,11,1,1,1,1,4,1,3,1,3
2,11,10,76,0.8,3,3,2,2,1,181.68,1,7,3,1,1,3,15,3,1,1,3
2,11,10,77,1.8,2,1,2,1,0,201.27,1,20,1,1,2,2,18,3,1,3,1
2,11,10,78,0.1,1,3,1,2,0,273.98,1,18,3,3,3,3,16,1,1,3,3
