2,5,1,1,0.05,1,3,1,1,1,276.62,1,12,1,3,1,3,10,3,1,1,3
2,5,1,2,0.8,3,3,2,2,1,198.44,1,10,3,1,1,3,5,3,1,1,3
2,5,1,3,0.2,2,1,2,2,1,236,1,2,1,3,2,2,11,1,3,1,3
2,5,1,4,1.8,2,3,2,2,1,153.7,1,9,3,1,2,2,10,1,3,3,1
2,5,1,5,0.1,2,3,2,2,1,261.13,1,20,3,3,2,2,3,3,3,1,1
2,5,1,6,0.4,3,1,2,2,1,192.52,1,13,3,3,1,1,1,3,1,3,1
2,5,1,7,0.05,1,3,1,1,1,275.82,1,11,1,3,1,3,18,3,1,1,3
2,5,1,8,0.1,1,3,1,1,1,264.17,1,12,3,3,3,3,12,1,1,3,3
2,5,1,9,0.4,3,2,2,2,1,125.56,1,11,1,3,3,1,11,1,3,2,2
2,5,1,10,0.05,1,1,1,1,1,289.34,1,6,1,1,1,1,11,3,3,3,3
2,5,1,11,0.2,2,1,2,2,1,266.84,1,3,3,1,2,2,12,3,3,3,3
2,5,1,12,1.8,3,2,2,2,1,73.371,2,10,1,3,3,1,10,1,1,2,2
2,5,1,13,0.4,1,3,1,1,1,243.45,1,1,3,3,3,3,11,1,3,3,1
2,5,1,14,0.1,1,3,1,2,0,289.55,1,10,1,1,1,1,19,1,3,3,1
2,5,1,15,0.8,1,2,1,1,1,200.93,1,15,3,3,3,3,6,3,1,2,2
2,5,1,16,0.8,1,2,1,1,1,236,1,14,3,1,3,1,5,1,3,2,2
2,5,1,17,0.2,3,3,2,2,1,310.08,0,7,3,1,1,3,6,3,1,1,3
2,5,1,18,0.1,1,3,1,1,1,219.21,1,14,3,1,3,1,17,3,1,1,3
2,5,1,19,1.8,2,3,2,2,1,239.86,1,18,1,1,2,2,1,1,1,3,3
2,5,1,20,0.1,1,1,1,1,1,272.28,1,4,1,3,1,3,9,3,1,3,1
2,5,1,21,1.8,2,2,2,2,1,202.88,1,18,1,1,2,2,18,1,3,2,2
2,5,1,22,0.2,2,1,2,2,1,287.17,1,13,3,1,2,2,2,3,3,3,3
2,5,1,23,0.4,3,1,2,2,1,245.43,1,18,1,3,3,1,3,1,3,1,3
2,5,1,24,0.8,1,2,1,1,1,210.13,1,14,1,1,1,1,11,3,3,2,2
2,5,1,25,0.1,1,2,1,1,1,274.87,1,11,3,3,3,3,18,1,3,2,2
2,5,1,26,0.8,1,2,1,1,1,241.57,1,4,3,1,3,1,15,3,1,2,2
2,5,1,27,0.1,3,3,2,1,0,210.12,1,12,1,1,3,3,7,3,3,1,1
2,5,1,28,0.8,3,3,2,2,1,218.97,1,17,1,1,3,3,16,3,1,1,3
2,5,1,29,0.05,1,1,1,1,1,309.79,0,14,1,1,1,1,8,3,1,3,1
2,5,1,30,0.4,1,2,1,1,1,248.28,1,19,3,1,3,1,12,1,3,2,2
2,5,1,31,0.05,3,2,2,2,1,282.55,1,11,1,1,3,3,9,3,1,2,2
2,5,1,32,0.2,2,1,2,1,0,208.7,1,14,1,3,2,2,15,1,3,1,3
2,5,1,33,0.1,3,1,2,2,1,180.98,1,8,3,1,1,3,16,1,3,1,3
2,5,1,34,1.8,3,1,2,2,1,195.47,1,19,1,3,3,1,16,3,3,3,3
2,5,1,35,1.8,3,1,2,2,1,192.08,1,3,1,3,3,1,18,3,3,3,3
2,5,1,36,0.1,3,2,2,2,1,263.2,1,18,1,1,3,3,12,1,1,2,2
2,5,1,37,1.8,1,3,NaN,NaN,NaN,NaN,NaN,5,3,1,3,1,17,3,1,1,3
2,5,1,38,0.4,1,3,1,1,1,262.87,1,20,1,1,1,1,6,3,3,1,1
2,5,1,39,0.4,2,1,2,2,1,229.78,1,9,1,1,2,2,8,1,1,1,1
2,5,1,40,0.05,1,1,1,1,1,291.7,1,2,1,3,1,3,19,3,3,3,3
2,5,1,41,1.8,1,2,1,1,1,186.15,1,2,3,1,3,1,15,3,3,2,2
2,5,1,42,0.2,2,3,2,2,1,255.39,1,6,1,1,2,2,12,1,1,3,3
2,5,1,43,0.05,1,1,1,1,1,308.65,0,13,3,3,3,3,6,3,1,3,1
2,5,1,44,0.8,1,3,1,1,1,242.84,1,6,1,1,1,1,2,1,3,3,1
2,5,1,45,0.8,1,2,1,1,1,198.96,1,11,1,1,1,1,9,3,3,2,2
2,5,1,46,0.8,1,1,1,1,1,197.75,1,14,1,1,1,1,6,1,1,1,1
2,5,1,47,0.2,1,2,1,1,1,260.71,1,9,1,1,1,1,10,1,1,2,2
2,5,1,48,1.8,2,2,2,2,1,210.53,1,12,3,1,2,2,5,1,1,2,2
2,5,1,49,1.8,2,3,2,2,1,187.18,1,9,1,3,2,2,16,1,3,3,1
2,5,1,50,1.8,1,3,1,1,1,216.9,1,8,1,3,1,3,15,1,3,3,1
2,5,1,51,0.4,3,2,2,2,1,192.06,1,18,3,1,1,3,5,3,1,2,2
2,5,1,52,0.4,2,2,2,1,0,320.34,0,2,1,3,2,2,17,3,3,2,2
2,5,1,53,0.2,2,1,2,1,0,299.65,1,6,1,3,2,2,9,1,3,1,3
2,5,1,54,0.4,1,1,1,1,1,225.47,1,7,1,1,1,1,12,3,1,3,1
2,5,1,55,1.8,1,2,1,1,1,219.51,1,8,1,3,1,3,4,1,3,2,2
2,5,1,56,0.8,1,1,1,1,1,214.28,1,17,1,3,1,3,4,3,1,3,1
2,5,1,57,0.1,2,2,2,2,1,275.03,1,20,3,3,2,2,9,3,1,2,2
2,5,1,58,1.8,2,2,2,1,0,196.12,1,7,3,3,2,2,11,1,1,2,2
2,5,1,59,0.1,1,1,1,1,1,219.32,1,3,1,3,1,3,11,1,1,1,1
2,5,1,60,0.2,1,2,1,1,1,249.61,1,6,3,1,3,1,9,3,1,2,2
2,5,1,61,0.4,3,3,2,2,1,234.86,1,11,3,1,1,3,18,3,1,1,3
2,5,1,62,0.4,1,3,1,1,1,255.39,1,12,3,3,3,3,19,1,1,3,3
2,5,1,63,0.8,3,2,2,2,1,221.58,1,12,1,3,3,1,11,1,1,2,2
2,5,1,64,0.05,1,2,1,1,1,256.6,1,12,3,1,3,1,11,3,3,2,2
2,5,1,65,0.2,2,2,2,1,0,325.33,0,12,3,1,2,2,20,3,1,2,2
2,5,1,66,0.2,1,1,1,1,1,186.59,1,11,3,3,3,3,11,3,1,3,1
2,5,1,67,0.8,3,2,2,2,1,211.61,1,6,1,3,3,1,18,1,1,2,2
2,5,1,68,0.8,1,1,1,1,1,190.43,1,12,3,3,3,3,15,3,1,3,1
2,5,1,69,0.1,3,1,2,2,1,322.29,0,9,1,3,3,1,10,1,1,1,1
2,5,1,70,0.05,1,3,1,1,1,290.94,1,13,1,3,1,3,13,1,1,3,3
2,5,1,71,0.05,3,2,2,2,1,291.15,1,8,1,1,3,3,1,3,1,2,2
2,5,1,72,0.05,3,3,2,2,1,337.44,0,13,3,3,1,1,4,3,1,1,3
2,5,1,73,0.2,1,3,1,1,1,193.2,1,4,3,3,3,3,20,3,3,1,1
2,5,1,74,0.2,1,1,1,1,1,264.34,1,17,1,3,1,3,16,3,1,3,1
2,5,1,75,0.05,1,1,1,1,1,278.27,1,4,3,1,3,1,17,3,3,3,3
2,5,1,76,0.4,3,3,2,2,1,204.95,1,19,3,3,1,1,20,3,3,1,1
2,5,1,77,0.05,1,1,1,1,1,286.81,1,16,1,1,1,1,17,1,3,1,3
2,5,1,78,0.1,1,3,1,1,1,271.71,1,13,1,1,1,1,11,3,3,1,1
2,5,2,1,0.2,1,3,1,1,1,102.6,1,15,3,3,3,3,6,1,1,3,3
2,5,2,2,1.8,1,1,1,1,1,213.83,1,11,1,3,1,3,2,3,3,3,3
2,5,2,3,0.2,1,2,1,1,1,201.5,1,12,1,3,1,3,12,3,1,2,2
2,5,2,4,0.1,1,2,1,1,1,258.07,1,4,3,1,3,1,10,3,3,2,2
2,5,2,5,0.8,1,1,1,1,1,213.05,1,20,1,3,1,3,1,3,3,3,3
2,5,2,6,0.8,1,1,1,1,1,253.67,1,5,1,1,1,1,11,3,3,3,3
2,5,2,7,0.2,3,2,2,2,1,238.46,1,15,1,3,3,1,16,1,3,2,2
2,5,2,8,0.4,2,3,2,1,0,237.44,1,3,3,1,2,2,20,1,1,3,3
2,5,2,9,1.8,3,2,2,2,1,210.01,1,1,1,3,3,1,6,1,3,2,2
2,5,2,10,0.4,2,1,2,1,0,217.83,1,12,1,3,2,2,19,3,3,3,3
2,5,2,11,0.4,2,1,2,2,1,242.17,1,16,1,1,2,2,20,1,3,1,3
2,5,2,12,1.8,2,2,2,2,1,200.59,1,5,3,3,2,2,2,3,3,2,2
2,5,2,13,1.8,3,1,2,2,1,197.4,1,20,3,1,1,3,16,3,3,3,3
2,5,2,14,0.2,3,2,2,2,1,241.72,1,18,1,1,3,3,3,1,1,2,2
2,5,2,15,0.8,1,2,1,1,1,208.27,1,11,3,3,3,3,7,1,1,2,2
2,5,2,16,0.05,3,1,2,2,1,208.68,1,2,3,1,1,3,8,3,1,3,1
2,5,2,17,1.8,1,1,1,1,1,186.3,1,4,3,1,3,1,19,3,1,3,1
2,5,2,18,0.05,1,3,1,1,1,190.89,1,2,3,1,3,1,16,1,3,3,1
2,5,2,19,0.2,1,2,1,1,1,246.23,1,5,3,1,3,1,1,3,1,2,2
2,5,2,20,0.05,3,3,2,2,1,333.26,0,12,3,1,1,3,16,3,3,1,1
2,5,2,21,0.1,2,1,2,2,1,320.82,0,9,3,1,2,2,17,3,1,3,1
2,5,2,22,0.4,1,1,1,1,1,249.66,1,16,3,3,3,3,5,3,1,3,1
2,5,2,23,1.8,1,2,1,1,1,184.37,1,4,3,1,3,1,1,3,3,2,2
2,5,2,24,0.1,1,1,1,1,1,306.07,0,2,3,1,3,1,20,3,1,3,1
2,5,2,25,0.4,1,2,1,1,1,229.24,1,15,1,3,1,3,18,3,1,2,2
2,5,2,26,0.05,1,1,1,1,1,233.17,1,4,3,1,3,1,12,3,1,3,1
2,5,2,27,0.2,1,3,1,1,1,196.65,1,10,3,1,3,1,6,3,3,1,1
2,5,2,28,0.1,1,3,1,1,1,277.44,1,17,3,3,3,3,13,3,1,1,3
2,5,2,29,1.8,1,3,NaN,NaN,NaN,NaN,NaN,5,1,1,1,1,11,3,3,1,1
2,5,2,30,0.2,2,2,2,1,0,238.22,1,13,1,1,2,2,3,3,3,2,2
2,5,2,31,0.4,1,1,1,1,1,204,1,20,1,3,1,3,11,1,1,1,1
2,5,2,32,0.4,3,1,2,1,0,253.95,1,15,1,3,3,1,14,3,3,3,3
2,5,2,33,0.1,2,2,2,1,0,272.43,1,3,1,1,2,2,4,3,1,2,2
2,5,2,34,0.1,1,2,1,2,0,276.54,1,6,3,1,3,1,2,3,3,2,2
2,5,2,35,0.2,1,1,1,1,1,258.34,1,9,1,3,1,3,13,3,3,3,3
2,5,2,36,0.4,3,3,2,2,1,241.84,1,2,1,1,3,3,11,3,1,1,3
2,5,2,37,0.8,1,3,1,1,1,189.57,1,19,1,1,1,1,13,1,1,3,3
2,5,2,38,1.8,3,1,2,2,1,197.34,1,8,1,3,3,1,5,3,1,3,1
2,5,2,39,0.1,1,3,1,2,0,254.41,1,10,1,1,1,1,12,3,1,1,3
2,5,2,40,1.8,1,3,1,1,1,200.62,1,12,1,3,1,3,16,3,3,1,1
2,5,2,41,0.2,3,3,2,2,1,168.81,1,1,1,1,3,3,2,1,1,3,3
2,5,2,42,0.05,2,2,2,2,1,292.88,1,16,3,3,2,2,9,3,1,2,2
2,5,2,43,0.1,3,2,2,2,1,258.04,1,14,3,3,1,1,18,3,3,2,2
2,5,2,44,1.8,1,3,1,1,1,165.26,1,1,3,3,3,3,6,1,3,3,1
2,5,2,45,0.4,1,1,1,2,0,284.7,1,19,3,3,3,3,7,1,1,1,1
2,5,2,46,0.05,1,3,1,1,1,304.42,0,12,1,1,1,1,7,1,1,3,3
2,5,2,47,0.8,2,2,2,1,0,215.93,1,13,3,3,2,2,9,3,3,2,2
2,5,2,48,0.8,3,2,2,2,1,185.11,1,3,1,1,3,3,14,3,3,2,2
2,5,2,49,0.05,2,2,2,1,0,256.92,1,18,1,3,2,2,20,3,1,2,2
2,5,2,50,0.05,1,3,1,1,1,255.61,1,17,3,3,3,3,4,3,3,1,1
2,5,2,51,0.1,3,2,2,2,1,257.64,1,4,3,1,1,3,18,1,3,2,2
2,5,2,52,0.1,1,3,1,1,1,244.62,1,10,1,1,1,1,16,3,1,1,3
2,5,2,53,0.05,1,1,1,1,1,259.47,1,18,3,3,3,3,19,1,1,1,1
2,5,2,54,0.2,1,3,1,1,1,192.57,1,3,1,3,1,3,20,3,1,1,3
2,5,2,55,0.1,3,3,2,2,1,302.05,0,16,3,1,1,3,16,1,1,3,3
2,5,2,56,0.1,3,3,2,2,1,289.57,1,17,3,1,1,3,20,3,3,1,1
2,5,2,57,0.4,2,3,2,1,0,290.86,1,17,3,3,2,2,6,3,3,1,1
2,5,2,58,0.05,3,3,2,2,1,279.89,1,8,1,3,3,1,9,1,3,3,1
2,5,2,59,0.4,2,2,2,2,1,289.78,1,15,1,3,2,2,13,3,3,2,2
2,5,2,60,0.05,3,3,2,2,1,273.76,1,10,3,3,1,1,3,3,3,1,1
2,5,2,61,0.05,1,3,1,2,0,334.56,0,18,3,1,3,1,3,3,3,1,1
2,5,2,62,0.8,3,3,2,2,1,232.4,1,19,1,3,3,1,11,1,3,3,1
2,5,2,63,0.8,1,3,1,1,1,214.32,1,8,3,3,3,3,7,3,3,1,1
2,5,2,64,0.2,1,2,1,1,1,246.7,1,13,1,3,1,3,11,3,1,2,2
2,5,2,65,1.8,3,1,2,2,1,190.93,1,19,3,1,1,3,18,3,1,3,1
2,5,2,66,1.8,2,2,2,2,1,202.75,1,14,1,1,2,2,12,3,1,2,2
2,5,2,67,0.1,2,1,2,1,0,288.33,1,8,1,1,2,2,18,1,1,1,1
2,5,2,68,0.8,1,2,1,1,1,203.56,1,1,1,1,1,1,19,1,3,2,2
2,5,2,69,0.8,1,3,1,2,0,247.63,1,9,3,3,3,3,12,3,3,1,1
2,5,2,70,0.05,1,1,1,2,0,363.18,0,17,1,1,1,1,9,3,1,3,1
2,5,2,71,0.2,2,2,2,2,1,239.82,1,2,3,3,2,2,19,3,3,2,2
2,5,2,72,1.8,1,2,1,1,1,197.69,1,12,3,1,3,1,20,3,1,2,2
2,5,2,73,0.8,1,3,1,1,1,241.47,1,20,3,1,3,1,9,3,1,1,3
2,5,2,74,0.8,3,2,2,1,0,227.96,1,12,1,1,3,3,11,1,3,2,2
2,5,2,75,0.8,1,1,1,1,1,204.03,1,12,1,1,1,1,4,3,1,3,1
2,5,2,76,0.4,1,3,1,1,1,257.22,1,4,1,1,1,1,5,3,1,1,3
2,5,2,77,0.4,3,2,2,2,1,256.21,1,7,1,1,3,3,15,1,3,2,2
2,5,2,78,0.2,2,1,2,2,1,254.84,1,6,1,3,2,2,14,1,3,1,3
2,5,3,1,0.05,3,3,2,2,1,307.85,0,13,3,3,1,1,3,3,1,1,3
2,5,3,2,0.8,2,1,2,2,1,199.91,1,13,3,1,2,2,8,1,1,1,1
2,5,3,3,0.4,1,3,1,2,0,272.57,1,4,3,3,3,3,18,3,3,1,1
2,5,3,4,0.1,1,3,1,1,1,237.3,1,9,3,1,3,1,20,3,3,1,1
2,5,3,5,0.8,3,2,2,2,1,189.58,1,6,1,3,3,1,7,1,1,2,2
2,5,3,6,0.8,1,3,1,1,1,173.11,1,1,1,3,1,3,17,1,1,3,3
2,5,3,7,0.1,3,2,2,2,1,279.1,1,3,1,1,3,3,10,1,3,2,2
2,5,3,8,0.8,1,2,1,1,1,207.17,1,12,3,1,3,1,5,1,3,2,2
2,5,3,9,0.8,3,2,2,2,1,239.89,1,16,3,1,1,3,7,1,3,2,2
2,5,3,10,0.2,1,2,1,1,1,228.92,1,20,3,1,3,1,8,3,1,2,2
2,5,3,11,0.05,1,1,1,1,1,341.95,0,20,1,3,1,3,13,3,3,3,3
2,5,3,12,1.8,3,2,NaN,NaN,NaN,NaN,NaN,20,3,3,1,1,20,3,1,2,2
2,5,3,13,0.05,1,1,1,1,1,260.79,1,14,1,3,1,3,3,1,1,1,1
2,5,3,14,0.2,3,3,2,2,1,288.11,1,1,3,1,1,3,6,1,1,3,3
2,5,3,15,0.05,2,2,2,1,0,242.95,1,14,3,1,2,2,10,3,1,2,2
2,5,3,16,0.4,1,2,1,1,1,202.94,1,20,3,1,3,1,18,1,3,2,2
2,5,3,17,0.1,3,3,2,2,1,234.82,1,11,1,1,3,3,15,3,1,1,3
2,5,3,18,1.8,1,2,1,1,1,194.27,1,13,3,3,3,3,7,1,3,2,2
2,5,3,19,0.8,2,1,2,2,1,217.66,1,8,3,1,2,2,7,3,3,3,3
2,5,3,20,0.05,2,3,2,1,0,272.37,1,16,1,1,2,2,17,1,3,3,1
2,5,3,21,1.8,1,1,1,1,1,203.88,1,8,3,1,3,1,9,3,1,3,1
2,5,3,22,0.4,3,3,2,2,1,227.7,1,18,3,1,1,3,20,1,1,3,3
2,5,3,23,0.05,3,1,2,2,1,263.57,1,19,1,3,3,1,19,3,1,3,1
2,5,3,24,0.1,3,1,2,2,1,251.39,1,6,3,3,1,1,10,3,1,3,1
2,5,3,25,0.05,3,2,2,2,1,276.15,1,17,1,1,3,3,4,3,1,2,2
2,5,3,26,0.2,1,1,1,1,1,264.96,1,4,3,1,3,1,20,3,3,3,3
2,5,3,27,0.4,1,2,1,2,0,235.03,1,7,1,1,1,1,15,3,1,2,2
2,5,3,28,0.05,2,2,2,2,1,257.57,1,17,1,3,2,2,2,1,1,2,2
2,5,3,29,0.1,2,1,2,2,1,256.12,1,20,3,1,2,2,3,3,3,3,3
2,5,3,30,0.8,2,2,2,2,1,237.97,1,2,1,1,2,2,10,1,3,2,2
2,5,3,31,0.8,1,1,1,2,0,206.67,1,19,1,1,1,1,4,3,3,3,3
2,5,3,32,0.4,3,2,2,2,1,217.06,1,9,3,3,1,1,9,3,1,2,2
2,5,3,33,1.8,1,2,1,1,1,177.11,1,18,1,3,1,3,9,1,1,2,2
2,5,3,34,0.05,1,1,1,1,1,273.24,1,9,1,1,1,1,7,3,3,3,3
2,5,3,35,1.8,1,1,1,1,1,245.59,1,2,1,3,1,3,3,1,1,1,1
2,5,3,36,0.2,2,3,2,2,1,257.59,1,2,1,1,2,2,12,3,1,1,3
2,5,3,37,0.4,1,1,1,1,1,271.23,1,11,3,1,3,1,2,1,3,1,3
2,5,3,38,0.05,1,3,1,1,1,250.86,1,18,1,3,1,3,17,1,3,3,1
2,5,3,39,0.2,1,3,1,1,1,217.86,1,4,1,3,1,3,13,3,1,1,3
2,5,3,40,0.4,3,3,2,2,1,246.42,1,18,3,3,1,1,3,1,3,3,1
2,5,3,41,1.8,1,1,1,1,1,232.86,1,13,3,3,3,3,19,3,3,3,3
2,5,3,42,0.1,1,3,1,1,1,228.13,1,4,3,1,3,1,9,1,3,3,1
2,5,3,43,0.1,3,2,2,2,1,303.34,0,3,1,1,3,3,12,3,1,2,2
2,5,3,44,0.2,3,2,2,2,1,212.37,1,8,3,1,1,3,9,1,1,2,2
2,5,3,45,0.1,1,3,1,2,0,290.64,1,13,1,3,1,3,17,1,3,3,1
2,5,3,46,0.4,3,2,2,2,1,271.16,1,6,1,3,3,1,13,3,1,2,2
2,5,3,47,0.8,1,1,1,1,1,246.99,1,6,3,1,3,1,16,3,1,3,1
2,5,3,48,0.2,2,3,2,2,1,232.58,1,14,1,3,2,2,6,3,3,1,1
2,5,3,49,1.8,3,3,2,2,1,186.15,1,11,1,1,3,3,7,3,1,1,3
2,5,3,50,0.4,2,1,2,2,1,250.37,1,16,3,3,2,2,3,1,1,1,1
2,5,3,51,1.8,1,3,1,1,1,186.16,1,7,1,1,1,1,2,3,3,1,1
2,5,3,52,0.2,3,3,2,2,1,263.58,1,3,1,1,3,3,7,1,1,3,3
2,5,3,53,0.1,1,3,1,1,1,215.52,1,17,1,1,1,1,17,1,1,3,3
2,5,3,54,0.2,1,1,1,1,1,262.8,1,20,1,3,1,3,15,1,3,1,3
2,5,3,55,0.05,3,1,2,2,1,299.52,1,11,3,1,1,3,17,3,1,3,1
2,5,3,56,0.2,3,2,2,2,1,256.74,1,1,1,3,3,1,4,3,1,2,2
2,5,3,57,1.8,2,3,2,2,1,218.06,1,7,3,3,2,2,16,3,1,1,3
2,5,3,58,0.2,1,2,1,2,0,323.77,0,9,1,1,1,1,14,3,1,2,2
2,5,3,59,0.05,3,1,2,2,1,302.33,0,2,1,1,3,3,19,3,3,3,3
2,5,3,60,0.1,1,2,1,1,1,205.1,1,4,1,1,1,1,4,3,1,2,2
2,5,3,61,0.8,1,3,1,1,1,230.99,1,14,3,1,3,1,4,3,1,1,3
2,5,3,62,0.4,3,3,2,2,1,210.84,1,14,3,1,1,3,15,1,3,3,1
2,5,3,63,0.8,1,3,1,1,1,233.99,1,5,3,3,3,3,10,1,3,3,1
2,5,3,64,1.8,1,3,1,1,1,196.21,1,5,1,3,1,3,13,1,3,3,1
2,5,3,65,1.8,1,2,1,1,1,178.54,1,17,1,3,1,3,11,3,1,2,2
2,5,3,66,0.4,2,1,2,2,1,324.78,0,9,1,3,2,2,6,3,1,3,1
2,5,3,67,0.2,1,2,1,1,1,203.39,1,15,3,1,3,1,1,1,3,2,2
2,5,3,68,0.2,1,2,1,1,1,248.4,1,6,1,1,1,1,10,1,1,2,2
2,5,3,69,1.8,1,3,1,1,1,206.96,1,20,1,3,1,3,4,3,3,1,1
2,5,3,70,1.8,2,3,2,2,1,212.66,1,9,1,1,2,2,15,1,1,3,3
2,5,3,71,0.4,1,3,1,1,1,221.24,1,13,3,3,3,3,20,3,1,1,3
2,5,3,72,0.8,1,3,1,1,1,246.93,1,2,3,3,3,3,14,1,1,3,3
2,5,3,73,0.1,2,1,2,2,1,333.42,0,3,3,3,2,2,12,3,3,3,3
2,5,3,74,0.8,1,2,1,1,1,247.3,1,1,1,3,1,3,8,3,1,2,2
2,5,3,75,0.05,1,3,1,2,0,376.45,0,13,1,3,1,3,9,1,1,3,3
2,5,3,76,0.4,1,3,1,1,1,256.67,1,5,1,1,1,1,8,3,1,1,3
2,5,3,77,0.1,3,2,2,2,1,224.74,1,13,3,1,1,3,20,1,3,2,2
2,5,3,78,0.1,3,1,2,2,1,254.39,1,7,1,1,3,3,20,3,1,3,1
2,5,4,1,0.8,2,3,2,2,1,205.08,1,2,1,3,2,2,8,3,3,1,1
2,5,4,2,1.8,1,2,1,1,1,208.55,1,18,3,3,3,3,7,1,1,2,2
2,5,4,3,0.4,1,1,1,1,1,227.87,1,19,3,1,3,1,20,3,3,3,3
2,5,4,4,0.2,2,1,2,1,0,203.38,1,4,3,3,2,2,20,3,3,3,3
2,5,4,5,0.8,3,3,2,2,1,196.59,1,14,3,1,1,3,4,3,1,1,3
2,5,4,6,0.05,1,3,1,1,1,255.89,1,8,1,3,1,3,4,3,1,1,3
2,5,4,7,0.2,1,1,1,1,1,283.22,1,2,1,1,1,1,2,1,1,1,1
2,5,4,8,0.05,1,2,1,1,1,262.79,1,10,1,3,1,3,18,1,1,2,2
2,5,4,9,0.05,1,2,1,1,1,287.45,1,16,3,3,3,3,19,3,1,2,2
2,5,4,10,0.4,2,3,2,1,0,268.88,1,12,3,3,2,2,19,3,3,1,1
2,5,4,11,0.1,1,3,1,1,1,247.99,1,12,1,1,1,1,7,3,1,1,3
2,5,4,12,0.2,2,1,2,1,0,242.08,1,19,3,3,2,2,17,1,1,1,1
2,5,4,13,1.8,3,3,2,2,1,202.98,1,1,3,3,1,1,9,3,3,1,1
2,5,4,14,0.8,1,3,1,1,1,194.48,1,2,1,1,1,1,1,3,3,1,1
2,5,4,15,0.1,3,3,2,2,1,268.51,1,1,3,3,1,1,17,1,1,3,3
2,5,4,16,0.1,1,3,1,1,1,255.61,1,3,1,3,1,3,12,1,3,3,1
2,5,4,17,0.8,1,1,1,1,1,222.66,1,4,3,1,3,1,17,3,1,3,1
2,5,4,18,0.4,1,3,1,1,1,261.1,1,13,3,1,3,1,17,1,1,3,3
2,5,4,19,0.4,2,3,2,1,0,206,1,15,3,3,2,2,17,1,3,3,1
2,5,4,20,0.1,1,2,1,1,1,250.77,1,11,1,1,1,1,20,3,1,2,2
2,5,4,21,0.1,3,2,2,2,1,272.11,1,5,3,1,1,3,3,1,1,2,2
2,5,4,22,0.2,1,1,1,1,1,269.07,1,10,3,1,3,1,6,3,3,3,3
2,5,4,23,0.8,3,1,2,2,1,205.56,1,19,3,3,1,1,1,3,3,3,3
2,5,4,24,0.4,3,2,2,2,1,219.01,1,5,3,1,1,3,5,1,1,2,2
2,5,4,25,0.1,1,1,1,1,1,292.36,1,13,3,1,3,1,19,3,3,3,3
2,5,4,26,1.8,1,3,1,1,1,205.23,1,7,3,1,3,1,5,3,3,1,1
2,5,4,27,0.05,1,2,1,1,1,357.75,0,18,3,3,3,3,4,3,3,2,2
2,5,4,28,0.05,3,1,2,2,1,273.82,1,10,3,3,1,1,5,1,1,1,1
2,5,4,29,1.8,1,3,1,2,0,187.07,1,11,1,1,1,1,10,3,1,1,3
2,5,4,30,0.2,1,1,1,1,1,208.32,1,12,1,1,1,1,18,1,3,1,3
2,5,4,31,0.2,2,3,2,2,1,246.98,1,5,1,3,2,2,6,1,3,3,1
2,5,4,32,0.1,1,1,1,1,1,304.13,0,3,3,3,3,3,16,3,1,3,1
2,5,4,33,0.8,1,2,1,2,0,251.61,1,9,3,3,3,3,6,3,3,2,2
2,5,4,34,0.05,1,1,1,1,1,275.23,1,1,3,1,3,1,12,3,3,3,3
2,5,4,35,0.1,1,1,1,1,1,201.21,1,13,1,1,1,1,10,1,3,1,3
2,5,4,36,0.8,2,2,2,2,1,224.14,1,6,3,1,2,2,14,3,1,2,2
2,5,4,37,0.2,1,3,1,1,1,237.76,1,5,3,3,3,3,2,1,1,3,3
2,5,4,38,0.4,2,1,2,1,0,228.9,1,10,3,1,2,2,7,1,1,1,1
2,5,4,39,0.4,1,2,1,1,1,205.65,1,14,3,1,3,1,16,1,1,2,2
2,5,4,40,1.8,3,2,NaN,NaN,NaN,NaN,NaN,14,3,3,1,1,4,3,1,2,2
2,5,4,41,0.8,1,1,1,1,1,212.66,1,8,3,1,3,1,10,3,1,3,1
2,5,4,42,0.05,1,1,1,1,1,276.63,1,1,1,3,1,3,10,3,1,3,1
2,5,4,43,0.05,1,1,1,1,1,277.9,1,10,3,1,3,1,15,1,1,1,1
2,5,4,44,1.8,2,2,2,1,0,200.04,1,11,1,1,2,2,20,1,1,2,2
2,5,4,45,0.8,1,1,1,1,1,216.18,1,4,3,1,3,1,10,3,1,3,1
2,5,4,46,0.8,2,2,2,1,0,207.35,1,7,1,3,2,2,6,1,3,2,2
2,5,4,47,0.8,3,1,NaN,NaN,NaN,NaN,NaN,19,3,3,1,1,19,1,1,1,1
2,5,4,48,0.4,1,3,1,1,1,259.2,1,7,3,3,3,3,17,3,1,1,3
2,5,4,49,0.05,3,2,2,2,1,275.82,1,11,1,3,3,1,10,3,1,2,2
2,5,4,50,0.1,2,3,2,1,0,259.3,1,4,1,1,2,2,16,1,3,3,1
2,5,4,51,1.8,1,3,1,1,1,191.07,1,18,1,3,1,3,13,3,3,1,1
2,5,4,52,0.05,2,2,2,1,0,295.34,1,4,3,1,2,2,10,3,1,2,2
2,5,4,53,1.8,1,3,1,1,1,173.84,1,3,1,3,1,3,15,1,1,3,3
2,5,4,54,0.2,3,2,2,2,1,268.01,1,18,1,3,3,1,15,3,3,2,2
2,5,4,55,0.4,2,3,2,1,0,297.02,1,20,1,1,2,2,15,3,1,1,3
2,5,4,56,1.8,1,1,1,1,1,198.6,1,8,1,3,1,3,16,1,1,1,1
2,5,4,57,0.8,3,2,2,2,1,202.44,1,13,1,3,3,1,3,3,1,2,2
2,5,4,58,0.1,1,3,1,1,1,255.61,1,11,1,1,1,1,17,3,3,1,1
2,5,4,59,1.8,1,1,1,1,1,158.29,1,10,3,1,3,1,8,1,1,1,1
2,5,4,60,0.05,2,2,2,2,1,294.33,1,7,3,3,2,2,9,1,1,2,2
2,5,4,61,1.8,1,2,1,1,1,230.37,1,11,1,3,1,3,3,1,1,2,2
2,5,4,62,0.8,1,1,1,1,1,103.96,1,1,1,1,1,1,19,3,1,3,1
2,5,4,63,0.1,1,1,1,1,1,250.72,1,8,3,3,3,3,16,1,1,1,1
2,5,4,64,1.8,1,2,NaN,NaN,NaN,NaN,NaN,16,1,3,1,3,18,1,1,2,2
2,5,4,65,0.4,3,3,2,2,1,222.72,1,9,1,3,3,1,8,1,1,3,3
2,5,4,66,0.2,2,1,2,2,1,255.02,1,9,3,1,2,2,17,1,1,1,1
2,5,4,67,0.2,3,3,2,2,1,242.65,1,16,1,1,3,3,7,1,1,3,3
2,5,4,68,0.4,2,2,2,2,1,287.43,1,3,1,1,2,2,19,1,3,2,2
2,5,4,69,0.2,1,3,1,1,1,247.05,1,9,1,3,1,3,10,3,3,1,1
2,5,4,70,0.1,2,1,2,1,0,294.46,1,7,3,3,2,2,1,3,3,3,3
2,5,4,71,0.2,1,2,1,1,1,212.69,1,8,1,3,1,3,15,1,3,2,2
2,5,4,72,1.8,1,2,1,1,1,188.45,1,4,1,3,1,3,15,3,3,2,2
2,5,4,73,0.4,3,2,2,2,1,209.22,1,3,3,3,1,1,14,3,1,2,2
2,5,4,74,0.1,1,2,1,1,1,239.11,1,10,3,1,3,1,9,1,3,2,2
2,5,4,75,0.2,1,1,1,2,0,235.27,1,18,1,3,1,3,19,3,1,3,1
2,5,4,76,0.4,2,1,2,2,1,255.46,1,6,3,3,2,2,17,3,3,3,3
2,5,4,77,0.05,1,3,1,1,1,261.45,1,14,3,1,3,1,4,1,3,3,1
2,5,4,78,0.05,1,2,1,2,0,271.7,1,10,3,1,3,1,11,3,1,2,2
2,5,5,1,0.8,1,2,1,1,1,261.29,1,16,1,1,1,1,3,3,3,2,2
2,5,5,2,0.1,1,3,1,1,1,249.66,1,18,3,3,3,3,1,1,3,3,1
2,5,5,3,1.8,1,2,1,1,1,198.86,1,18,1,1,1,1,7,1,3,2,2
2,5,5,4,0.8,2,2,2,2,1,201.58,1,19,1,1,2,2,12,3,3,2,2
2,5,5,5,0.2,1,3,1,1,1,212.83,1,8,1,3,1,3,17,3,3,1,1
2,5,5,6,0.8,1,2,1,1,1,219.92,1,6,1,3,1,3,2,1,1,2,2
2,5,5,7,1.8,1,1,1,1,1,218.94,1,17,1,3,1,3,1,1,1,1,1
2,5,5,8,0.1,1,1,1,1,1,255.88,1,19,1,3,1,3,12,3,1,3,1
2,5,5,9,1.8,1,3,1,1,1,194.19,1,17,3,1,3,1,7,1,1,3,3
2,5,5,10,0.1,3,3,2,2,1,265.91,1,14,1,3,3,1,8,1,3,3,1
2,5,5,11,0.05,3,3,2,2,1,296.36,1,13,1,1,3,3,16,3,1,1,3
2,5,5,12,0.1,1,2,1,1,1,263.03,1,4,3,1,3,1,15,1,1,2,2
2,5,5,13,0.2,3,3,2,2,1,258.4,1,5,1,3,3,1,10,3,1,1,3
2,5,5,14,0.1,2,1,2,2,1,301.42,0,11,3,1,2,2,12,3,3,3,3
2,5,5,15,0.8,1,2,1,1,1,264.87,1,19,3,3,3,3,6,1,3,2,2
2,5,5,16,0.4,1,2,1,1,1,271.72,1,7,3,1,3,1,1,3,1,2,2
2,5,5,17,0.8,1,1,1,1,1,226.42,1,9,3,3,3,3,1,1,3,1,3
2,5,5,18,1.8,1,3,1,1,1,219.3,1,11,3,1,3,1,1,1,1,3,3
2,5,5,19,0.4,1,3,1,1,1,216.43,1,3,1,3,1,3,3,3,1,1,3
2,5,5,20,1.8,3,3,NaN,NaN,NaN,NaN,NaN,13,3,3,1,1,15,3,1,1,3
2,5,5,21,0.05,2,3,2,2,1,312.49,0,10,1,3,2,2,12,1,1,3,3
2,5,5,22,0.1,1,3,1,1,1,270.42,1,7,3,1,3,1,13,3,3,1,1
2,5,5,23,0.1,1,1,1,1,1,269.28,1,11,3,3,3,3,6,3,3,3,3
2,5,5,24,0.05,3,3,2,2,1,315.94,0,19,3,3,1,1,17,3,1,1,3
2,5,5,25,0.1,1,1,1,1,1,263.06,1,13,3,1,3,1,17,1,3,1,3
2,5,5,26,0.2,3,3,2,2,1,89.663,2,6,1,1,3,3,1,3,3,1,1
2,5,5,27,0.2,2,2,2,1,0,113.3,1,1,3,3,2,2,14,1,1,2,2
2,5,5,28,0.4,1,1,1,1,1,218.75,1,18,1,3,1,3,20,1,3,1,3
2,5,5,29,1.8,1,2,NaN,NaN,NaN,NaN,NaN,5,1,1,1,1,4,3,1,2,2
2,5,5,30,1.8,3,2,2,2,1,190.73,1,19,1,1,3,3,13,1,3,2,2
2,5,5,31,0.4,1,3,1,1,1,222.6,1,14,1,1,1,1,19,3,1,1,3
2,5,5,32,0.2,1,2,1,1,1,253.13,1,16,1,1,1,1,16,3,1,2,2
2,5,5,33,0.8,3,3,2,2,1,213.25,1,14,1,3,3,1,18,1,3,3,1
2,5,5,34,0.4,3,3,2,2,1,239.84,1,9,3,1,1,3,6,3,3,1,1
2,5,5,35,0.4,1,3,1,1,1,207.01,1,14,1,1,1,1,10,3,3,1,1
2,5,5,36,0.05,3,2,2,2,1,271.9,1,15,1,3,3,1,16,1,3,2,2
2,5,5,37,0.2,1,2,1,1,1,223.62,1,2,3,3,3,3,14,3,1,2,2
2,5,5,38,0.8,1,3,1,1,1,220.39,1,11,3,3,3,3,17,3,1,1,3
2,5,5,39,0.05,3,3,2,2,1,265.8,1,7,1,1,3,3,14,1,3,3,1
2,5,5,40,0.05,1,1,1,1,1,302.41,0,14,1,1,1,1,5,3,3,3,3
2,5,5,41,0.8,3,3,2,2,1,197.35,1,15,3,1,1,3,7,1,1,3,3
2,5,5,42,0.1,1,1,1,1,1,277.04,1,9,1,3,1,3,12,1,1,1,1
2,5,5,43,0.8,1,3,1,1,1,218.56,1,15,3,3,3,3,1,3,3,1,1
2,5,5,44,0.2,1,1,1,1,1,265.88,1,10,3,1,3,1,17,3,3,3,3
2,5,5,45,0.4,1,3,1,1,1,261.46,1,12,1,1,1,1,17,1,1,3,3
2,5,5,46,1.8,1,1,1,1,1,203.68,1,19,3,3,3,3,14,3,3,3,3
2,5,5,47,0.2,2,2,2,2,1,299.03,1,20,3,3,2,2,6,1,1,2,2
2,5,5,48,1.8,1,3,1,1,1,221.55,1,13,3,1,3,1,3,3,1,1,3
2,5,5,49,0.2,2,2,2,1,0,249.57,1,14,1,3,2,2,12,1,3,2,2
2,5,5,50,0.8,1,1,1,1,1,259.24,1,9,3,3,3,3,10,3,1,3,1
2,5,5,51,0.8,1,3,1,1,1,217.48,1,7,1,1,1,1,20,3,1,1,3
2,5,5,52,0.2,1,1,1,1,1,198.79,1,5,1,1,1,1,2,3,1,3,1
2,5,5,53,1.8,3,2,2,2,1,226.1,1,18,1,3,3,1,13,1,3,2,2
2,5,5,54,0.8,3,2,2,2,1,216.15,1,5,1,3,3,1,1,3,3,2,2
2,5,5,55,0.1,2,1,2,2,1,270.28,1,16,1,3,2,2,5,1,3,1,3
2,5,5,56,0.4,1,2,1,1,1,244.18,1,6,1,1,1,1,2,1,1,2,2
2,5,5,57,0.05,1,1,1,1,1,333.66,0,9,1,3,1,3,11,3,1,3,1
2,5,5,58,1.8,2,1,2,2,1,206.06,1,15,3,1,2,2,20,1,1,1,1
2,5,5,59,0.1,3,2,2,2,1,283.62,1,18,3,1,1,3,1,3,3,2,2
2,5,5,60,0.4,3,2,NaN,NaN,NaN,NaN,NaN,15,1,3,3,1,15,1,1,2,2
2,5,5,61,0.05,2,2,2,1,0,281.22,1,10,3,1,2,2,18,1,1,2,2
2,5,5,62,0.1,2,3,2,2,1,306.16,0,17,1,3,2,2,13,3,3,1,1
2,5,5,63,0.8,2,2,NaN,NaN,NaN,NaN,NaN,1,3,1,2,2,8,3,3,2,2
2,5,5,64,0.2,3,1,2,2,1,263.15,1,3,3,1,1,3,10,3,3,3,3
2,5,5,65,0.4,1,3,1,1,1,200.16,1,9,1,3,1,3,20,1,3,3,1
2,5,5,66,1.8,1,1,1,1,1,185.9,1,18,1,1,1,1,13,3,3,3,3
2,5,5,67,0.05,2,2,2,1,0,270.64,1,2,1,1,2,2,1,3,3,2,2
2,5,5,68,0.4,3,2,2,2,1,188.65,1,14,1,3,3,1,13,3,1,2,2
2,5,5,69,0.2,2,3,2,2,1,329.93,0,13,3,1,2,2,10,1,1,3,3
2,5,5,70,1.8,3,3,2,2,1,206.26,1,1,1,1,3,3,8,3,3,1,1
2,5,5,71,0.1,1,2,1,1,1,272.97,1,4,3,1,3,1,5,1,1,2,2
2,5,5,72,0.4,3,3,2,2,1,252.45,1,20,3,3,1,1,4,3,3,1,1
2,5,5,73,0.05,3,3,2,2,1,316.75,0,11,3,3,1,1,1,1,3,3,1
2,5,5,74,0.2,1,3,1,1,1,223.72,1,20,3,3,3,3,14,3,1,1,3
2,5,5,75,0.4,3,1,2,2,1,233.34,1,6,3,1,1,3,18,1,1,1,1
2,5,5,76,0.05,1,2,1,1,1,278.09,1,8,1,1,1,1,14,3,1,2,2
2,5,5,77,0.05,1,2,1,1,1,274,1,5,1,3,1,3,7,3,1,2,2
2,5,5,78,0.05,1,2,1,1,1,274.7,1,10,3,3,3,3,17,3,1,2,2
2,5,6,1,0.1,1,1,1,1,1,245.8,1,9,1,3,1,3,3,1,3,1,3
2,5,6,2,0.4,2,3,2,2,1,264.54,1,12,3,1,2,2,1,3,3,1,1
2,5,6,3,0.8,1,1,1,1,1,220.16,1,13,3,3,3,3,6,3,3,3,3
2,5,6,4,0.2,1,2,1,1,1,210.67,1,9,3,3,3,3,4,3,1,2,2
2,5,6,5,0.8,2,2,2,1,0,100.85,1,10,1,1,2,2,3,1,1,2,2
2,5,6,6,0.4,1,2,1,1,1,242.12,1,11,3,3,3,3,3,3,3,2,2
2,5,6,7,1.8,3,1,2,2,1,194.76,1,1,3,1,1,3,16,3,1,3,1
2,5,6,8,0.1,3,1,2,2,1,310.7,0,15,1,1,3,3,11,3,3,3,3
2,5,6,9,0.2,1,3,1,1,1,203.87,1,16,3,1,3,1,13,1,3,3,1
2,5,6,10,0.8,1,1,1,1,1,201.36,1,4,1,1,1,1,3,3,1,3,1
2,5,6,11,0.05,1,3,1,1,1,268.93,1,18,1,1,1,1,8,1,3,3,1
2,5,6,12,1.8,1,3,NaN,NaN,NaN,NaN,NaN,12,3,1,3,1,13,3,3,1,1
2,5,6,13,1.8,2,2,2,2,1,186.38,1,16,3,3,2,2,12,3,1,2,2
2,5,6,14,1.8,3,2,2,2,1,195.5,1,1,1,1,3,3,18,1,1,2,2
2,5,6,15,0.4,3,1,2,2,1,327.37,0,10,3,3,1,1,9,1,1,1,1
2,5,6,16,0.05,1,2,1,1,1,304.02,0,13,3,3,3,3,3,1,1,2,2
2,5,6,17,0.05,1,2,1,1,1,248.39,1,9,3,3,3,3,1,3,1,2,2
2,5,6,18,0.4,3,3,2,2,1,288.31,1,20,1,1,3,3,3,1,1,3,3
2,5,6,19,0.05,1,3,1,1,1,279.3,1,20,1,3,1,3,4,1,1,3,3
2,5,6,20,0.1,1,2,1,1,1,203.1,1,3,1,3,1,3,10,1,3,2,2
2,5,6,21,0.4,1,3,1,2,0,212.94,1,17,1,3,1,3,18,3,1,1,3
2,5,6,22,1.8,1,3,NaN,NaN,NaN,NaN,NaN,10,1,1,1,1,3,1,3,3,1
2,5,6,23,0.8,3,1,2,2,1,253.26,1,8,1,1,3,3,7,1,3,1,3
2,5,6,24,0.05,3,1,2,2,1,234.37,1,18,1,1,3,3,16,1,3,1,3
2,5,6,25,0.8,2,2,2,2,1,251.97,1,2,3,1,2,2,12,1,1,2,2
2,5,6,26,1.8,1,1,1,1,1,210.36,1,12,1,3,1,3,4,3,1,3,1
2,5,6,27,0.05,1,2,1,1,1,298.63,1,9,1,3,1,3,11,1,1,2,2
2,5,6,28,0.1,2,1,2,1,0,292.18,1,17,1,3,2,2,14,3,3,3,3
2,5,6,29,0.1,1,1,1,1,1,264.26,1,17,1,1,1,1,16,1,1,1,1
2,5,6,30,0.4,1,3,1,1,1,263.91,1,18,3,1,3,1,14,1,1,3,3
2,5,6,31,0.2,2,1,2,1,0,256.04,1,3,1,1,2,2,12,3,1,3,1
2,5,6,32,0.8,3,3,2,2,1,190.25,1,18,3,3,1,1,10,1,3,3,1
2,5,6,33,1.8,3,2,2,2,1,201.53,1,8,1,3,3,1,7,3,1,2,2
2,5,6,34,0.4,2,2,2,1,0,207.44,1,17,1,1,2,2,10,3,3,2,2
2,5,6,35,1.8,2,1,NaN,NaN,NaN,NaN,NaN,1,1,1,2,2,2,1,1,1,1
2,5,6,36,0.2,1,1,1,1,1,285.14,1,2,1,1,1,1,19,3,1,3,1
2,5,6,37,0.05,1,1,1,1,1,294.22,1,6,3,3,3,3,7,1,1,1,1
2,5,6,38,0.4,2,1,2,2,1,259.48,1,16,1,1,2,2,12,1,3,1,3
2,5,6,39,1.8,1,3,1,1,1,207.94,1,9,1,1,1,1,13,3,3,1,1
2,5,6,40,0.05,2,1,2,2,1,278.42,1,6,3,1,2,2,3,1,1,1,1
2,5,6,41,0.2,1,1,1,1,1,233.51,1,8,3,3,3,3,4,1,3,1,3
2,5,6,42,0.1,1,3,1,1,1,264.88,1,18,3,3,3,3,9,3,3,1,1
2,5,6,43,0.1,2,3,2,2,1,353.03,0,5,3,3,2,2,19,1,1,3,3
2,5,6,44,0.4,3,3,2,2,1,233,1,13,3,1,1,3,13,1,1,3,3
2,5,6,45,0.2,3,1,2,2,1,267.66,1,2,3,3,1,1,20,1,3,1,3
2,5,6,46,0.2,2,2,2,1,0,328.76,0,19,1,1,2,2,9,1,3,2,2
2,5,6,47,0.2,3,1,2,2,1,255.98,1,11,1,1,3,3,6,3,3,3,3
2,5,6,48,0.8,3,3,2,2,1,248.37,1,14,1,1,3,3,18,3,1,1,3
2,5,6,49,0.05,3,2,2,2,1,307.03,0,9,3,1,1,3,5,1,3,2,2
2,5,6,50,0.2,1,3,1,1,1,259.88,1,1,1,3,1,3,2,1,1,3,3
2,5,6,51,0.1,1,1,1,1,1,263.76,1,6,1,3,1,3,14,1,1,1,1
2,5,6,52,0.1,1,3,1,1,1,316.7,0,12,1,1,1,1,11,3,3,1,1
2,5,6,53,0.8,1,2,1,1,1,206.64,1,17,1,3,1,3,5,1,3,2,2
2,5,6,54,0.05,2,2,2,2,1,383.99,0,2,3,1,2,2,17,1,1,2,2
2,5,6,55,0.4,1,1,1,1,1,221.42,1,11,1,3,1,3,8,3,1,3,1
2,5,6,56,0.05,1,2,1,1,1,259.26,1,14,3,3,3,3,10,3,1,2,2
2,5,6,57,0.8,3,1,2,2,1,240.49,1,18,1,3,3,1,10,1,1,1,1
2,5,6,58,0.05,1,3,1,1,1,333.64,0,11,1,3,1,3,4,1,1,3,3
2,5,6,59,0.8,3,2,2,2,1,212.1,1,15,1,3,3,1,14,3,3,2,2
2,5,6,60,0.2,1,3,1,1,1,255.92,1,4,1,1,1,1,13,3,1,1,3
2,5,6,61,0.4,3,2,2,2,1,252.91,1,17,3,1,1,3,19,3,3,2,2
2,5,6,62,0.2,2,1,2,1,0,277.85,1,2,1,1,2,2,2,3,3,3,3
2,5,6,63,0.1,1,3,1,1,1,290.5,1,12,1,1,1,1,15,3,3,1,1
2,5,6,64,1.8,3,1,2,2,1,201.63,1,15,3,1,1,3,7,1,1,1,1
2,5,6,65,1.8,3,2,2,2,1,193.66,1,16,1,3,3,1,18,3,3,2,2
2,5,6,66,1.8,2,2,2,2,1,166.37,1,7,1,3,2,2,6,3,3,2,2
2,5,6,67,0.1,1,3,1,1,1,269.88,1,18,3,3,3,3,16,3,3,1,1
2,5,6,68,0.4,2,1,2,1,0,234.65,1,1,1,1,2,2,9,1,3,1,3
2,5,6,69,0.8,1,3,1,2,0,234.09,1,11,1,1,1,1,7,3,1,1,3
2,5,6,70,0.1,1,3,1,1,1,289.33,1,13,1,3,1,3,6,3,1,1,3
2,5,6,71,0.2,3,3,2,2,1,267.61,1,6,1,1,3,3,13,3,1,1,3
2,5,6,72,0.05,1,3,1,1,1,207.64,1,3,3,3,3,3,20,3,1,1,3
2,5,6,73,0.8,1,3,1,1,1,204.05,1,10,3,1,3,1,3,1,3,3,1
2,5,6,74,0.4,1,1,1,1,1,264.65,1,17,1,1,1,1,17,1,1,1,1
2,5,6,75,0.1,2,2,2,2,1,292.06,1,5,1,1,2,2,17,3,1,2,2
2,5,6,76,0.8,2,3,2,1,0,362.54,0,3,3,3,2,2,10,3,3,1,1
2,5,6,77,0.2,1,2,1,1,1,279.85,1,5,3,1,3,1,8,1,1,2,2
2,5,6,78,1.8,1,2,1,1,1,205.72,1,4,3,1,3,1,20,3,1,2,2
2,5,7,1,0.8,2,3,2,2,1,252.06,1,3,3,3,2,2,1,3,1,1,3
2,5,7,2,0.4,3,2,2,2,1,208.38,1,5,3,3,1,1,11,1,3,2,2
2,5,7,3,0.2,3,2,2,2,1,270.05,1,6,3,3,1,1,11,3,3,2,2
2,5,7,4,1.8,1,3,1,1,1,216.45,1,17,1,1,1,1,4,3,3,1,1
2,5,7,5,0.8,1,1,1,1,1,236.12,1,16,1,1,1,1,10,1,3,1,3
2,5,7,6,0.2,1,3,1,2,0,309.92,0,7,1,1,1,1,4,3,1,1,3
2,5,7,7,1.8,3,2,2,2,1,194.5,1,5,3,3,1,1,8,1,1,2,2
2,5,7,8,0.05,2,1,2,2,1,280.2,1,16,1,1,2,2,19,3,1,3,1
2,5,7,9,0.05,1,1,1,1,1,258.26,1,16,3,1,3,1,3,3,3,3,3
2,5,7,10,0.2,3,2,2,2,1,253.93,1,7,1,3,3,1,18,1,1,2,2
2,5,7,11,0.1,3,3,2,2,1,312.97,0,1,3,3,1,1,1,3,1,1,3
2,5,7,12,0.4,1,1,1,1,1,273.46,1,10,3,3,3,3,16,1,3,1,3
2,5,7,13,0.4,1,3,1,1,1,223.52,1,3,1,3,1,3,12,3,1,1,3
2,5,7,14,0.4,3,1,2,2,1,210.17,1,5,3,1,1,3,5,3,3,3,3
2,5,7,15,0.8,3,1,2,2,1,208.44,1,14,3,3,1,1,6,1,3,1,3
2,5,7,16,0.4,3,2,2,2,1,266.51,1,14,1,1,3,3,2,1,3,2,2
2,5,7,17,1.8,1,3,1,2,0,236.43,1,4,1,1,1,1,20,3,3,1,1
2,5,7,18,0.4,2,1,2,2,1,265.46,1,16,1,1,2,2,12,3,1,3,1
2,5,7,19,0.8,1,2,1,1,1,181.6,1,12,1,3,1,3,20,3,1,2,2
2,5,7,20,0.05,1,1,1,1,1,321.12,0,11,3,3,3,3,9,1,3,1,3
2,5,7,21,0.05,2,1,2,1,0,242.25,1,13,1,3,2,2,8,1,3,1,3
2,5,7,22,0.1,3,3,2,2,1,264.35,1,5,3,1,1,3,14,3,3,1,1
2,5,7,23,0.4,2,1,2,2,1,297.97,1,1,1,1,2,2,5,1,3,1,3
2,5,7,24,1.8,2,1,2,1,0,208.36,1,12,3,3,2,2,11,1,3,1,3
2,5,7,25,0.2,2,3,2,2,1,258.14,1,5,3,3,2,2,5,1,1,3,3
2,5,7,26,1.8,1,3,1,1,1,207.96,1,11,3,1,3,1,3,3,1,1,3
2,5,7,27,0.05,1,2,1,1,1,279.12,1,15,3,3,3,3,15,3,3,2,2
2,5,7,28,0.05,1,3,1,2,0,287.93,1,14,1,3,1,3,5,1,3,3,1
2,5,7,29,0.1,2,2,2,2,1,318.64,0,7,1,3,2,2,8,3,3,2,2
2,5,7,30,0.4,3,3,2,2,1,224.04,1,15,1,3,3,1,15,3,1,1,3
2,5,7,31,0.8,1,2,1,1,1,217.16,1,7,1,1,1,1,7,3,1,2,2
2,5,7,32,0.05,3,2,2,2,1,229.73,1,1,1,3,3,1,3,3,1,2,2
2,5,7,33,0.4,1,2,1,1,1,202.72,1,15,3,1,3,1,9,1,1,2,2
2,5,7,34,0.4,3,3,2,2,1,190.78,1,11,1,3,3,1,10,1,3,3,1
2,5,7,35,0.2,3,3,2,2,1,253.68,1,17,1,1,3,3,18,3,1,1,3
2,5,7,36,0.05,1,1,1,1,1,259.3,1,11,3,1,3,1,11,1,1,1,1
2,5,7,37,0.1,1,1,1,1,1,250.06,1,1,3,3,3,3,1,3,3,3,3
2,5,7,38,0.05,2,1,2,1,0,304.07,0,12,1,3,2,2,12,3,1,3,1
2,5,7,39,1.8,1,2,1,1,1,206.29,1,16,3,1,3,1,2,1,1,2,2
2,5,7,40,0.8,1,3,1,1,1,187.23,1,12,3,3,3,3,15,3,1,1,3
2,5,7,41,0.2,1,3,1,1,1,266.33,1,11,1,3,1,3,9,3,3,1,1
2,5,7,42,1.8,2,1,2,2,1,202.11,1,20,3,3,2,2,4,3,1,3,1
2,5,7,43,0.1,1,3,1,1,1,282.01,1,9,1,3,1,3,16,1,1,3,3
2,5,7,44,0.1,1,1,1,1,1,244.29,1,9,1,1,1,1,16,3,1,3,1
2,5,7,45,0.8,2,2,2,2,1,218.63,1,7,1,1,2,2,14,1,1,2,2
2,5,7,46,0.1,1,2,1,1,1,220.27,1,3,1,3,1,3,2,3,3,2,2
2,5,7,47,0.2,2,3,2,1,0,172.48,1,12,3,3,2,2,13,3,3,1,1
2,5,7,48,0.2,1,2,1,1,1,295.33,1,17,3,1,3,1,7,1,3,2,2
2,5,7,49,0.2,1,3,1,1,1,325.9,0,9,3,3,3,3,4,1,3,3,1
2,5,7,50,0.2,1,2,1,1,1,259.2,1,10,1,1,1,1,17,1,1,2,2
2,5,7,51,0.8,2,1,2,2,1,246.06,1,1,1,3,2,2,7,1,3,1,3
2,5,7,52,0.8,3,1,NaN,NaN,NaN,NaN,NaN,13,3,3,1,1,12,1,3,1,3
2,5,7,53,0.1,1,3,1,1,1,305.33,0,16,3,1,3,1,20,3,1,1,3
2,5,7,54,0.8,3,3,2,2,1,224.46,1,14,1,3,3,1,16,3,3,1,1
2,5,7,55,0.4,3,2,2,2,1,269.17,1,17,1,1,3,3,3,1,3,2,2
2,5,7,56,1.8,1,2,1,1,1,212.85,1,4,3,3,3,3,12,3,1,2,2
2,5,7,57,0.8,1,1,1,1,1,223.61,1,17,1,1,1,1,17,3,1,3,1
2,5,7,58,0.1,2,2,2,2,1,282.42,1,13,1,1,2,2,12,3,3,2,2
2,5,7,59,1.8,1,2,1,1,1,164.29,1,10,3,3,3,3,17,3,1,2,2
2,5,7,60,1.8,1,2,1,1,1,267.68,1,8,3,1,3,1,12,3,1,2,2
2,5,7,61,0.05,2,2,2,2,1,334.48,0,6,3,3,2,2,16,1,1,2,2
2,5,7,62,0.4,3,2,2,2,1,254.97,1,8,1,3,3,1,12,1,3,2,2
2,5,7,63,1.8,3,2,2,2,1,60.959,2,12,1,3,3,1,10,1,3,2,2
2,5,7,64,0.8,1,1,1,1,1,215.25,1,15,1,3,1,3,1,3,3,3,3
2,5,7,65,0.2,3,3,2,2,1,228.39,1,6,1,1,3,3,8,1,1,3,3
2,5,7,66,1.8,3,3,2,2,1,211.87,1,2,1,1,3,3,15,1,1,3,3
2,5,7,67,0.1,1,2,1,2,0,276.89,1,11,3,1,3,1,18,3,1,2,2
2,5,7,68,0.05,1,3,1,1,1,339.26,0,15,3,1,3,1,17,1,3,3,1
2,5,7,69,0.4,3,2,2,2,1,270.93,1,20,3,1,1,3,2,3,1,2,2
2,5,7,70,0.1,1,1,1,1,1,253.08,1,6,3,3,3,3,4,3,3,3,3
2,5,7,71,0.05,3,1,2,2,1,283.57,1,16,3,3,1,1,18,1,3,1,3
2,5,7,72,0.05,1,1,1,1,1,258.71,1,5,3,1,3,1,20,3,3,3,3
2,5,7,73,0.1,2,3,2,2,1,280.14,1,19,1,3,2,2,18,1,1,3,3
2,5,7,74,0.2,3,3,2,2,1,268.93,1,20,1,1,3,3,3,1,3,3,1
2,5,7,75,0.8,1,2,1,1,1,240.64,1,16,3,3,3,3,19,1,3,2,2
2,5,7,76,0.1,1,2,1,1,1,239.62,1,7,3,3,3,3,14,3,1,2,2
2,5,7,77,1.8,2,3,NaN,NaN,NaN,NaN,NaN,1,3,3,2,2,4,1,1,3,3
2,5,7,78,0.2,1,2,1,1,1,172.6,1,4,1,3,1,3,1,1,1,2,2
2,5,8,1,0.1,1,2,1,1,1,272.69,1,9,3,3,3,3,16,3,3,2,2
2,5,8,2,0.4,1,1,NaN,NaN,NaN,NaN,NaN,5,3,3,3,3,11,3,1,3,1
2,5,8,3,0.1,3,2,2,2,1,341.86,0,1,1,3,3,1,1,3,1,2,2
2,5,8,4,0.4,2,3,2,2,1,269.43,1,19,3,1,2,2,5,3,3,1,1
2,5,8,5,0.2,3,1,2,2,1,284.66,1,20,3,1,1,3,9,1,1,1,1
2,5,8,6,0.1,1,1,1,1,1,271.01,1,14,3,3,3,3,7,3,1,3,1
2,5,8,7,0.2,3,1,2,2,1,310.94,0,12,3,3,1,1,8,1,3,1,3
2,5,8,8,0.1,2,3,2,1,0,268.38,1,18,3,1,2,2,2,1,1,3,3
2,5,8,9,0.05,1,1,1,1,1,239.13,1,8,1,1,1,1,1,1,1,1,1
2,5,8,10,1.8,3,2,NaN,NaN,NaN,NaN,NaN,12,3,3,1,1,11,1,3,2,2
2,5,8,11,0.8,1,2,1,1,1,251.7,1,4,1,1,1,1,15,3,1,2,2
2,5,8,12,0.4,1,3,1,1,1,244.14,1,7,3,1,3,1,10,1,3,3,1
2,5,8,13,0.4,3,1,2,2,1,202.91,1,14,1,1,3,3,2,3,3,3,3
2,5,8,14,1.8,2,2,2,1,0,243.96,1,10,3,3,2,2,19,1,1,2,2
2,5,8,15,0.4,1,3,1,1,1,271.24,1,5,1,1,1,1,15,1,1,3,3
2,5,8,16,0.1,3,3,2,2,1,273.79,1,3,3,3,1,1,18,1,3,3,1
2,5,8,17,0.4,3,3,2,2,1,197.8,1,13,3,1,1,3,6,1,3,3,1
2,5,8,18,0.05,3,2,2,2,1,296.67,1,19,1,1,3,3,14,3,3,2,2
2,5,8,19,0.05,2,3,2,1,0,274.41,1,18,1,1,2,2,9,1,3,3,1
2,5,8,20,0.05,3,3,2,2,1,272.47,1,8,1,3,3,1,20,3,3,1,1
2,5,8,21,0.1,1,2,1,1,1,262.67,1,11,1,3,1,3,3,1,1,2,2
2,5,8,22,0.1,1,2,1,1,1,289.65,1,10,3,3,3,3,11,3,3,2,2
2,5,8,23,1.8,2,2,2,2,1,228.51,1,6,1,3,2,2,11,1,3,2,2
2,5,8,24,0.4,1,1,1,1,1,212.01,1,6,1,3,1,3,12,1,1,1,1
2,5,8,25,0.05,1,3,1,1,1,292.99,1,16,3,1,3,1,6,3,3,1,1
2,5,8,26,0.2,1,3,1,1,1,188.49,1,8,3,3,3,3,19,1,3,3,1
2,5,8,27,1.8,1,3,1,1,1,228,1,7,1,1,1,1,6,1,1,3,3
2,5,8,28,1.8,3,1,2,2,1,192.77,1,20,1,1,3,3,16,3,3,3,3
2,5,8,29,0.4,2,3,2,2,1,244.19,1,9,3,3,2,2,3,1,3,3,1
2,5,8,30,0.1,1,2,1,1,1,266.59,1,15,1,3,1,3,10,3,1,2,2
2,5,8,31,0.2,1,2,1,1,1,209.62,1,19,1,1,1,1,2,3,1,2,2
2,5,8,32,0.05,1,3,1,1,1,285.48,1,3,3,1,3,1,20,1,1,3,3
2,5,8,33,0.05,1,2,1,1,1,290.63,1,1,1,1,1,1,5,3,1,2,2
2,5,8,34,1.8,3,2,2,2,1,212.63,1,8,1,1,3,3,6,3,3,2,2
2,5,8,35,1.8,3,1,NaN,NaN,NaN,NaN,NaN,5,3,3,1,1,16,3,1,3,1
2,5,8,36,0.2,1,3,1,1,1,303.34,0,3,3,1,3,1,6,3,1,1,3
2,5,8,37,0.1,3,1,2,2,1,320.13,0,1,1,3,3,1,18,3,1,3,1
2,5,8,38,0.05,3,2,2,1,0,352.25,0,10,3,3,1,1,16,3,3,2,2
2,5,8,39,0.2,2,1,2,2,1,297.67,1,5,3,3,2,2,1,3,1,3,1
2,5,8,40,0.05,3,2,2,2,1,382,0,4,1,1,3,3,17,3,1,2,2
2,5,8,41,0.1,3,1,2,2,1,305.67,0,19,3,3,1,1,5,1,3,1,3
2,5,8,42,0.4,2,2,2,2,1,251.98,1,7,1,1,2,2,17,3,1,2,2
2,5,8,43,0.2,3,2,2,1,0,303.69,0,12,1,1,3,3,3,3,3,2,2
2,5,8,44,0.2,2,1,2,1,0,251.43,1,10,3,1,2,2,8,1,3,1,3
2,5,8,45,0.4,1,1,1,1,1,212.13,1,12,3,1,3,1,2,3,1,3,1
2,5,8,46,0.1,1,1,1,1,1,279.74,1,18,1,1,1,1,13,1,3,1,3
2,5,8,47,1.8,3,3,2,2,1,241.1,1,2,1,1,3,3,6,1,1,3,3
2,5,8,48,0.2,1,2,1,1,1,220.96,1,4,3,3,3,3,12,1,1,2,2
2,5,8,49,0.05,1,1,1,1,1,263.06,1,15,3,1,3,1,1,3,3,3,3
2,5,8,50,0.1,1,1,1,1,1,255.81,1,6,3,3,3,3,12,3,3,3,3
2,5,8,51,0.8,2,2,2,2,1,269.78,1,16,3,1,2,2,16,3,3,2,2
2,5,8,52,0.8,3,2,2,2,1,266.65,1,17,3,3,1,1,12,1,3,2,2
2,5,8,53,0.05,2,1,2,1,0,313.78,0,15,3,1,2,2,5,3,3,3,3
2,5,8,54,0.8,1,3,1,1,1,213.19,1,12,1,3,1,3,6,1,1,3,3
2,5,8,55,0.05,3,2,2,2,1,225.98,1,12,3,3,1,1,9,3,3,2,2
2,5,8,56,0.1,1,1,1,2,0,268.71,1,2,3,1,3,1,4,1,3,1,3
2,5,8,57,0.8,3,3,2,2,1,212.69,1,9,1,1,3,3,10,3,3,1,1
2,5,8,58,0.2,3,1,2,2,1,284.22,1,6,3,3,1,1,20,3,3,3,3
2,5,8,59,0.8,3,2,2,2,1,210.65,1,6,3,3,1,1,4,1,1,2,2
2,5,8,60,0.8,3,2,2,2,1,309.82,0,14,1,3,3,1,17,3,3,2,2
2,5,8,61,0.2,3,3,2,2,1,202.14,1,7,3,1,1,3,20,3,1,1,3
2,5,8,62,0.8,1,1,1,1,1,259.36,1,8,1,1,1,1,5,3,3,3,3
2,5,8,63,1.8,3,1,2,2,1,230.65,1,2,1,1,3,3,2,1,1,1,1
2,5,8,64,0.8,2,1,2,1,0,243.75,1,7,3,3,2,2,1,1,1,1,1
2,5,8,65,1.8,1,2,1,1,1,204.12,1,13,1,1,1,1,19,1,3,2,2
2,5,8,66,1.8,1,1,1,1,1,181.91,1,14,3,3,3,3,18,1,1,1,1
2,5,8,67,0.4,3,3,2,2,1,280.14,1,4,3,3,1,1,6,1,1,3,3
2,5,8,68,0.8,2,1,2,1,0,203.93,1,3,1,3,2,2,20,3,3,3,3
2,5,8,69,0.2,3,2,2,2,1,268.9,1,11,3,3,1,1,15,3,3,2,2
2,5,8,70,0.05,3,1,2,1,0,360.61,0,12,1,1,3,3,18,1,1,1,1
2,5,8,71,1.8,2,2,2,1,0,214.29,1,5,3,1,2,2,14,3,3,2,2
2,5,8,72,1.8,3,2,2,2,1,213.33,1,20,1,3,3,1,17,3,1,2,2
2,5,8,73,0.4,1,3,1,1,1,270.43,1,10,1,1,1,1,19,1,3,3,1
2,5,8,74,0.8,1,3,1,1,1,200.45,1,5,1,1,1,1,1,1,3,3,1
2,5,8,75,0.8,1,3,1,1,1,211.67,1,14,3,3,3,3,13,1,3,3,1
2,5,8,76,0.8,1,1,1,1,1,257.22,1,14,3,1,3,1,10,3,1,3,1
2,5,8,77,0.4,1,2,1,1,1,252.02,1,14,3,1,3,1,7,1,3,2,2
2,5,8,78,0.2,1,2,1,1,1,257.44,1,3,1,1,1,1,13,1,3,2,2
2,5,9,1,0.1,3,3,2,2,1,295.66,1,15,1,3,3,1,20,1,1,3,3
2,5,9,2,0.2,3,2,2,2,1,262,1,15,3,1,1,3,3,1,1,2,2
2,5,9,3,0.4,2,1,2,2,1,267.16,1,6,3,1,2,2,17,1,3,1,3
2,5,9,4,0.2,1,2,1,1,1,286.94,1,9,1,3,1,3,13,1,1,2,2
2,5,9,5,0.4,1,3,1,1,1,205.71,1,2,3,1,3,1,5,1,1,3,3
2,5,9,6,0.4,3,3,2,2,1,8.6582,2,4,1,3,3,1,19,1,3,3,1
2,5,9,7,0.2,3,3,2,2,1,318.72,0,20,1,3,3,1,18,3,1,1,3
2,5,9,8,0.2,2,2,2,2,1,233.71,1,15,3,3,2,2,7,3,1,2,2
2,5,9,9,0.05,1,3,1,1,1,258.81,1,5,3,3,3,3,6,1,1,3,3
2,5,9,10,0.8,1,2,1,1,1,212.64,1,16,3,1,3,1,1,3,3,2,2
2,5,9,11,0.8,2,3,2,2,1,217.84,1,18,1,3,2,2,1,1,3,3,1
2,5,9,12,0.05,2,3,2,1,0,334.34,0,18,3,3,2,2,17,1,1,3,3
2,5,9,13,0.4,1,3,1,1,1,250.01,1,10,1,3,1,3,20,1,3,3,1
2,5,9,14,0.1,1,2,1,1,1,286.8,1,4,1,1,1,1,19,3,3,2,2
2,5,9,15,0.8,1,2,1,1,1,203.23,1,15,1,3,1,3,16,1,3,2,2
2,5,9,16,1.8,2,3,2,1,0,203.95,1,12,1,3,2,2,8,3,1,1,3
2,5,9,17,0.2,1,3,1,1,1,187.51,1,3,3,1,3,1,16,1,1,3,3
2,5,9,18,0.05,1,2,1,1,1,280.55,1,16,1,3,1,3,5,1,3,2,2
2,5,9,19,0.2,2,3,2,1,0,269.07,1,13,3,1,2,2,17,1,1,3,3
2,5,9,20,0.2,1,3,1,1,1,262.27,1,2,3,3,3,3,14,3,3,1,1
2,5,9,21,1.8,3,1,2,2,1,262.22,1,15,3,3,1,1,3,3,1,3,1
2,5,9,22,0.1,3,3,2,2,1,367.61,0,20,1,1,3,3,12,1,3,3,1
2,5,9,23,0.4,1,2,1,1,1,244.6,1,14,1,1,1,1,11,3,3,2,2
2,5,9,24,1.8,3,1,2,2,1,233.92,1,16,1,3,3,1,20,3,1,3,1
2,5,9,25,0.2,1,1,1,1,1,263.97,1,18,1,3,1,3,17,1,3,1,3
2,5,9,26,0.05,1,1,1,1,1,296.08,1,15,3,1,3,1,6,3,3,3,3
2,5,9,27,1.8,2,3,2,2,1,189.82,1,17,1,3,2,2,2,3,1,1,3
2,5,9,28,0.4,1,1,1,1,1,227.2,1,11,1,1,1,1,11,1,1,1,1
2,5,9,29,1.8,1,2,1,1,1,245.1,1,7,1,1,1,1,13,1,3,2,2
2,5,9,30,0.1,3,2,2,2,1,311.59,0,4,3,1,1,3,15,1,1,2,2
2,5,9,31,1.8,3,1,2,2,1,212.87,1,10,1,1,3,3,9,1,3,1,3
2,5,9,32,0.05,3,2,2,2,1,358.94,0,2,1,3,3,1,15,1,1,2,2
2,5,9,33,0.1,1,1,1,1,1,264.86,1,8,3,3,3,3,13,3,1,3,1
2,5,9,34,0.8,1,1,1,1,1,251.83,1,7,1,1,1,1,5,3,1,3,1
2,5,9,35,0.4,3,3,2,2,1,254.87,1,13,1,3,3,1,12,1,1,3,3
2,5,9,36,0.4,1,1,1,1,1,258.54,1,18,1,3,1,3,16,1,1,1,1
2,5,9,37,0.05,1,1,1,1,1,269.48,1,2,3,3,3,3,8,3,1,3,1
2,5,9,38,0.05,2,1,2,2,1,350.64,0,16,1,3,2,2,9,3,1,3,1
2,5,9,39,1.8,3,3,2,2,1,206.15,1,17,1,1,3,3,6,3,3,1,1
2,5,9,40,0.4,2,2,2,2,1,245.36,1,5,3,3,2,2,6,3,1,2,2
2,5,9,41,0.8,2,2,2,2,1,272.01,1,9,1,3,2,2,19,1,1,2,2
2,5,9,42,0.1,1,3,1,1,1,228.44,1,3,1,1,1,1,18,1,3,3,1
2,5,9,43,0.05,1,3,1,1,1,287.27,1,2,1,3,1,3,10,3,1,1,3
2,5,9,44,0.05,1,2,1,1,1,354.82,0,19,3,3,3,3,16,3,3,2,2
2,5,9,45,0.4,3,3,2,2,1,258.76,1,17,3,3,1,1,1,3,3,1,1
2,5,9,46,0.1,3,3,2,1,0,289.49,1,12,1,1,3,3,1,1,1,3,3
2,5,9,47,0.2,2,2,2,1,0,215.04,1,10,3,1,2,2,5,1,3,2,2
2,5,9,48,0.2,1,2,1,1,1,241.27,1,20,1,1,1,1,3,1,3,2,2
2,5,9,49,0.4,2,3,2,2,1,279.81,1,8,3,3,2,2,17,1,1,3,3
2,5,9,50,0.8,2,3,NaN,NaN,NaN,NaN,NaN,12,3,3,2,2,3,3,3,1,1
2,5,9,51,1.8,1,3,NaN,NaN,NaN,NaN,NaN,9,3,1,3,1,20,1,3,3,1
2,5,9,52,0.8,1,3,NaN,NaN,NaN,NaN,NaN,4,3,3,3,3,15,3,3,1,1
2,5,9,53,0.4,2,2,2,2,1,250.37,1,5,3,1,2,2,19,1,1,2,2
2,5,9,54,1.8,1,1,1,2,0,188.36,1,2,1,1,1,1,11,1,1,1,1
2,5,9,55,0.4,3,2,2,2,1,205.87,1,13,1,3,3,1,6,1,3,2,2
2,5,9,56,0.05,1,1,1,1,1,290.83,1,2,1,3,1,3,4,3,3,3,3
2,5,9,57,0.8,2,3,2,2,1,187.16,1,20,3,1,2,2,13,3,1,1,3
2,5,9,58,0.1,1,3,1,1,1,305.97,0,12,3,3,3,3,17,3,1,1,3
2,5,9,59,0.05,2,1,2,1,0,330.77,0,1,3,1,2,2,2,1,3,1,3
2,5,9,60,0.05,3,3,2,2,1,326.3,0,13,3,1,1,3,6,1,3,3,1
2,5,9,61,0.8,2,1,2,2,1,260.01,1,7,1,3,2,2,11,1,3,1,3
2,5,9,62,0.05,3,3,2,2,1,339.18,0,14,1,1,3,3,20,1,3,3,1
2,5,9,63,0.1,1,3,1,1,1,263.96,1,9,3,1,3,1,20,3,3,1,1
2,5,9,64,0.8,2,2,2,2,1,259.95,1,17,1,3,2,2,16,1,1,2,2
2,5,9,65,1.8,1,2,NaN,NaN,NaN,NaN,NaN,19,1,3,1,3,16,3,3,2,2
2,5,9,66,0.2,1,3,1,1,1,266.99,1,6,3,1,3,1,4,1,1,3,3
2,5,9,67,0.2,2,2,2,2,1,331.73,0,7,3,3,2,2,20,1,1,2,2
2,5,9,68,0.1,1,2,1,1,1,292.36,1,2,1,3,1,3,4,1,3,2,2
2,5,9,69,0.2,1,3,1,1,1,255.17,1,18,1,1,1,1,13,1,1,3,3
2,5,9,70,1.8,1,1,1,1,1,196.75,1,7,3,3,3,3,2,1,3,1,3
2,5,9,71,0.8,1,2,1,1,1,286.52,1,16,3,3,3,3,20,1,1,2,2
2,5,9,72,0.1,1,3,1,1,1,269.9,1,13,3,1,3,1,17,1,3,3,1
2,5,9,73,0.1,2,3,2,1,0,295.03,1,1,1,1,2,2,19,1,3,3,1
2,5,9,74,0.8,1,2,1,1,1,210.9,1,5,1,3,1,3,12,3,1,2,2
2,5,9,75,1.8,2,2,2,1,0,255.8,1,2,1,1,2,2,3,3,1,2,2
2,5,9,76,1.8,3,2,2,2,1,180.11,1,7,3,3,1,1,7,1,3,2,2
2,5,9,77,0.1,1,1,1,1,1,282.17,1,20,1,1,1,1,7,3,3,3,3
2,5,9,78,0.8,1,2,1,1,1,203.99,1,3,1,1,1,1,14,3,1,2,2
2,5,10,1,0.05,1,2,1,2,0,411.94,0,5,1,3,1,3,9,1,1,2,2
2,5,10,2,0.8,2,1,2,2,1,269.6,1,5,1,1,2,2,6,1,1,1,1
2,5,10,3,1.8,1,2,1,1,1,258.01,1,20,1,3,1,3,4,3,1,2,2
2,5,10,4,0.05,2,2,2,2,1,299.5,1,6,1,1,2,2,5,1,3,2,2
2,5,10,5,0.05,1,2,1,1,1,281.08,1,7,3,1,3,1,13,1,3,2,2
2,5,10,6,0.8,1,1,1,1,1,202.15,1,1,3,1,3,1,7,3,1,3,1
2,5,10,7,0.1,1,1,1,1,1,259.37,1,15,3,3,3,3,17,3,3,3,3
2,5,10,8,0.2,2,1,2,2,1,347.78,0,2,1,3,2,2,2,3,1,3,1
2,5,10,9,0.4,1,3,1,1,1,223.87,1,10,1,1,1,1,11,1,3,3,1
2,5,10,10,0.05,3,3,2,2,1,255.33,1,1,1,3,3,1,4,1,1,3,3
2,5,10,11,0.8,1,3,1,1,1,220,1,1,3,1,3,1,13,1,1,3,3
2,5,10,12,0.8,1,2,1,1,1,234.15,1,15,1,1,1,1,5,1,1,2,2
2,5,10,13,0.4,3,3,2,2,1,262.11,1,13,3,1,1,3,19,3,1,1,3
2,5,10,14,0.05,1,3,1,1,1,289.62,1,9,1,3,1,3,6,3,3,1,1
2,5,10,15,0.2,3,3,2,2,1,286.81,1,3,1,3,3,1,13,1,3,3,1
2,5,10,16,0.4,3,2,2,2,1,259.36,1,13,1,1,3,3,6,1,1,2,2
2,5,10,17,0.05,3,2,2,2,1,291.74,1,18,3,3,1,1,3,1,3,2,2
2,5,10,18,0.8,1,2,1,1,1,241.75,1,2,3,3,3,3,11,1,1,2,2
2,5,10,19,0.8,1,1,1,1,1,215.3,1,17,3,1,3,1,17,1,3,1,3
2,5,10,20,1.8,2,2,2,2,1,191.15,1,20,3,1,2,2,6,3,3,2,2
2,5,10,21,0.1,1,1,1,1,1,224.49,1,16,3,1,3,1,19,3,1,3,1
2,5,10,22,1.8,2,3,2,2,1,280.2,1,15,3,3,2,2,13,1,1,3,3
2,5,10,23,1.8,1,1,1,1,1,256.34,1,11,1,1,1,1,5,1,3,1,3
2,5,10,24,0.05,2,3,2,1,0,349.76,0,3,1,3,2,2,6,1,1,3,3
2,5,10,25,0.2,3,2,2,2,1,280.05,1,17,1,3,3,1,2,3,3,2,2
2,5,10,26,0.2,3,2,2,2,1,376.27,0,4,3,3,1,1,9,1,3,2,2
2,5,10,27,0.05,1,3,1,2,0,455.11,0,17,3,1,3,1,10,1,1,3,3
2,5,10,28,0.05,3,1,2,2,1,302.94,0,17,3,3,1,1,10,3,1,3,1
2,5,10,29,0.8,1,2,1,1,1,274.54,1,6,1,1,1,1,7,3,1,2,2
2,5,10,30,0.8,2,1,2,2,1,216.18,1,2,3,3,2,2,15,3,3,3,3
2,5,10,31,0.1,3,3,2,2,1,312.74,0,16,1,3,3,1,16,1,3,3,1
2,5,10,32,0.4,1,1,1,1,1,230.79,1,4,1,1,1,1,3,1,1,1,1
2,5,10,33,0.8,2,2,2,2,1,262.27,1,3,3,3,2,2,7,1,3,2,2
2,5,10,34,1.8,1,2,1,1,1,215.56,1,9,3,1,3,1,5,3,1,2,2
2,5,10,35,0.8,3,1,2,2,1,196.97,1,16,1,3,3,1,16,3,1,3,1
2,5,10,36,0.05,1,3,1,1,1,292.4,1,3,1,1,1,1,4,1,3,3,1
2,5,10,37,0.2,1,3,1,2,0,302.21,0,13,1,3,1,3,14,1,1,3,3
2,5,10,38,0.2,1,1,1,1,1,237.61,1,3,1,3,1,3,7,3,3,3,3
2,5,10,39,1.8,1,1,1,1,1,234.09,1,5,1,3,1,3,10,1,1,1,1
2,5,10,40,1.8,1,2,1,1,1,218.17,1,14,1,1,1,1,10,1,3,2,2
2,5,10,41,0.05,3,2,2,2,1,316.08,0,10,3,3,1,1,8,1,1,2,2
2,5,10,42,0.05,1,1,1,1,1,306.43,0,14,3,1,3,1,7,3,3,3,3
2,5,10,43,0.1,1,1,1,2,0,311.22,0,11,1,1,1,1,11,1,1,1,1
2,5,10,44,1.8,1,1,1,1,1,240.1,1,1,3,3,3,3,16,3,3,3,3
2,5,10,45,0.4,3,1,2,2,1,186.15,1,2,3,1,1,3,14,3,1,3,1
2,5,10,46,0.4,1,2,1,1,1,254.25,1,20,3,3,3,3,1,3,3,2,2
2,5,10,47,0.4,1,1,1,1,1,261.73,1,7,3,1,3,1,13,1,3,1,3
2,5,10,48,0.2,1,1,1,1,1,315.88,0,3,1,3,1,3,14,3,1,3,1
2,5,10,49,0.2,2,3,2,2,1,327.66,0,19,3,1,2,2,16,3,3,1,1
2,5,10,50,0.1,1,1,1,1,1,271.53,1,6,1,1,1,1,1,1,3,1,3
2,5,10,51,0.4,1,3,1,1,1,201.83,1,9,3,1,3,1,1,3,1,1,3
2,5,10,52,0.1,1,2,1,1,1,277.05,1,18,3,3,3,3,12,1,1,2,2
2,5,10,53,0.1,1,2,1,1,1,222.69,1,7,1,1,1,1,9,1,1,2,2
2,5,10,54,1.8,3,2,2,2,1,289.33,1,20,3,1,1,3,3,3,3,2,2
2,5,10,55,0.4,1,1,1,1,1,281.52,1,8,3,1,3,1,1,3,1,3,1
2,5,10,56,1.8,3,3,2,2,1,269.47,1,16,1,1,3,3,20,3,3,1,1
2,5,10,57,0.8,1,2,1,1,1,218.24,1,8,1,3,1,3,14,1,3,2,2
2,5,10,58,0.4,1,3,1,1,1,246.17,1,6,1,3,1,3,6,3,1,1,3
2,5,10,59,0.8,2,3,2,2,1,244.91,1,5,3,3,2,2,8,1,1,3,3
2,5,10,60,1.8,1,1,1,1,1,241.65,1,3,3,1,3,1,13,1,1,1,1
2,5,10,61,0.1,1,1,1,2,0,334.5,0,17,3,1,3,1,1,3,1,3,1
2,5,10,62,0.2,1,1,1,1,1,220.88,1,7,3,1,3,1,2,1,3,1,3
2,5,10,63,1.8,1,3,1,1,1,235.33,1,14,3,3,3,3,10,1,1,3,3
2,5,10,64,0.1,2,2,2,2,1,313.01,0,13,3,1,2,2,9,1,3,2,2
2,5,10,65,0.2,1,2,1,1,1,145.45,1,8,3,3,3,3,13,3,1,2,2
2,5,10,66,0.4,3,2,2,2,1,253.89,1,16,3,3,1,1,8,3,1,2,2
2,5,10,67,1.8,1,1,1,1,1,213.39,1,7,3,3,3,3,13,3,3,3,3
2,5,10,68,0.2,1,2,1,1,1,230.13,1,4,1,3,1,3,12,1,1,2,2
2,5,10,69,0.1,3,2,2,2,1,262.27,1,6,1,1,3,3,18,1,1,2,2
2,5,10,70,0.2,2,1,2,2,1,313.52,0,14,1,3,2,2,6,1,3,1,3
2,5,10,71,0.1,1,3,1,1,1,308.48,0,14,1,1,1,1,6,1,3,3,1
2,5,10,72,0.1,3,3,2,2,1,269.55,1,20,1,1,3,3,12,1,1,3,3
2,5,10,73,0.05,2,2,2,1,0,311.96,0,13,3,1,2,2,18,1,1,2,2
2,5,10,74,0.4,1,1,1,1,1,215.77,1,19,1,3,1,3,8,1,3,1,3
2,5,10,75,0.1,1,1,1,1,1,250.36,1,16,3,3,3,3,17,3,1,3,1
2,5,10,76,0.8,1,3,1,1,1,248.93,1,1,3,1,3,1,14,1,1,3,3
2,5,10,77,0.4,2,3,2,2,1,295.04,1,7,1,3,2,2,8,3,3,1,1
2,5,10,78,0.2,1,1,1,1,1,261.91,1,3,1,1,1,1,19,3,3,3,3
