4,9,1,1,0.4,1,1,1,1,1,206.65,1,16,1,3,1,3,19,3,3,3,3
4,9,1,2,0.8,1,3,1,1,1,244.48,1,6,1,3,1,3,10,3,3,1,1
4,9,1,3,0.8,1,2,1,1,1,220.67,1,6,1,3,1,3,6,1,3,2,2
4,9,1,4,0.05,3,1,2,2,1,266.19,1,18,1,3,3,1,2,1,3,1,3
4,9,1,5,0.4,2,2,2,2,1,226.7,1,11,3,1,2,2,5,1,3,2,2
4,9,1,6,0.1,1,1,1,1,1,222.67,1,9,1,1,1,1,4,1,3,1,3
4,9,1,7,0.05,2,3,2,1,0,289.92,1,4,1,1,2,2,7,3,1,1,3
4,9,1,8,1.8,2,2,2,2,1,209.87,1,7,1,3,2,2,20,3,3,2,2
4,9,1,9,0.2,3,2,2,2,1,205.92,1,16,1,3,3,1,19,3,3,2,2
4,9,1,10,0.2,2,3,2,2,1,238.7,1,9,1,3,2,2,2,3,3,1,1
4,9,1,11,1.8,1,3,1,2,0,237.08,1,12,3,3,3,3,12,3,3,1,1
4,9,1,12,0.8,1,2,1,1,1,227.16,1,3,3,1,3,1,19,1,1,2,2
4,9,1,13,0.05,2,3,2,1,0,296.55,1,12,3,1,2,2,11,1,1,3,3
4,9,1,14,0.8,1,1,1,1,1,225.07,1,14,1,3,1,3,11,1,1,1,1
4,9,1,15,0.05,1,3,1,1,1,246.7,1,20,1,3,1,3,18,1,1,3,3
4,9,1,16,0.4,1,3,1,1,1,237.69,1,19,3,3,3,3,3,3,1,1,3
4,9,1,17,0.05,1,3,1,2,0,305.84,0,7,3,3,3,3,3,3,1,1,3
4,9,1,18,0.2,3,2,2,2,1,179.12,1,6,1,1,3,3,19,1,1,2,2
4,9,1,19,1.8,2,1,2,2,1,219.48,1,9,3,3,2,2,2,3,1,3,1
4,9,1,20,0.8,1,3,1,1,1,262.56,1,18,3,3,3,3,18,3,3,1,1
4,9,1,21,0.8,1,1,1,1,1,220.74,1,2,3,3,3,3,12,1,1,1,1
4,9,1,22,0.2,2,1,2,2,1,265.04,1,16,1,1,2,2,16,3,1,3,1
4,9,1,23,0.05,1,1,1,1,1,287.44,1,6,1,3,1,3,19,3,3,3,3
4,9,1,24,0.2,2,2,2,2,1,256.91,1,6,1,1,2,2,11,3,1,2,2
4,9,1,25,0.4,1,3,1,1,1,233.58,1,14,3,3,3,3,17,1,3,3,1
4,9,1,26,0.05,3,2,2,1,0,316.41,0,11,1,1,3,3,11,1,1,2,2
4,9,1,27,0.2,1,3,1,1,1,247.19,1,10,3,1,3,1,18,1,3,3,1
4,9,1,28,0.2,1,3,1,1,1,246.15,1,17,1,1,1,1,7,1,3,3,1
4,9,1,29,0.8,2,3,2,2,1,251.89,1,14,1,3,2,2,11,1,1,3,3
4,9,1,30,1.8,3,1,2,2,1,228.41,1,18,1,1,3,3,9,1,3,1,3
4,9,1,31,0.1,1,1,1,1,1,243.66,1,12,3,1,3,1,7,1,1,1,1
4,9,1,32,0.1,3,3,2,2,1,282.23,1,5,1,1,3,3,18,1,3,3,1
4,9,1,33,0.4,2,1,2,2,1,240.3,1,5,1,1,2,2,12,1,3,1,3
4,9,1,34,0.1,1,2,1,1,1,263.34,1,5,1,3,1,3,15,3,3,2,2
4,9,1,35,1.8,3,1,2,2,1,234.47,1,5,1,3,3,1,11,3,1,3,1
4,9,1,36,1.8,3,1,2,2,1,257.02,1,9,3,1,1,3,16,1,1,1,1
4,9,1,37,0.4,3,1,2,2,1,242.29,1,13,1,1,3,3,19,3,3,3,3
4,9,1,38,0.1,1,3,1,1,1,278.39,1,5,3,3,3,3,10,3,1,1,3
4,9,1,39,0.2,2,1,2,1,0,266.86,1,17,1,1,2,2,14,1,1,1,1
4,9,1,40,0.2,1,1,1,1,1,204.61,1,8,3,1,3,1,11,1,3,1,3
4,9,1,41,0.1,2,3,2,2,1,310.59,0,17,3,3,2,2,5,1,3,3,1
4,9,1,42,0.1,2,3,2,1,0,241.73,1,12,1,1,2,2,11,1,3,3,1
4,9,1,43,1.8,1,3,1,1,1,216.54,1,14,1,3,1,3,2,3,1,1,3
4,9,1,44,0.05,3,1,2,2,1,311.87,0,5,3,3,1,1,11,1,1,1,1
4,9,1,45,0.4,3,1,2,2,1,241.72,1,17,3,3,1,1,5,3,1,3,1
4,9,1,46,0.4,3,3,2,2,1,236.69,1,11,3,3,1,1,9,1,3,3,1
4,9,1,47,1.8,3,3,2,2,1,287.21,1,19,1,3,3,1,19,1,1,3,3
4,9,1,48,0.05,1,1,1,1,1,290.39,1,6,3,3,3,3,3,1,3,1,3
4,9,1,49,1.8,1,3,1,1,1,242.89,1,5,1,1,1,1,11,1,3,3,1
4,9,1,50,0.1,1,1,1,1,1,282.92,1,8,3,1,3,1,1,1,3,1,3
4,9,1,51,0.1,3,2,2,2,1,297.09,1,19,3,1,1,3,2,3,1,2,2
4,9,1,52,0.4,3,3,2,2,1,227.89,1,19,3,1,1,3,9,1,1,3,3
4,9,1,53,0.1,2,3,2,1,0,266.71,1,13,1,1,2,2,20,1,3,3,1
4,9,1,54,1.8,2,3,2,2,1,263.52,1,8,1,3,2,2,18,1,1,3,3
4,9,1,55,0.05,1,1,1,1,1,303.1,0,19,3,3,3,3,13,3,1,3,1
4,9,1,56,0.1,2,1,2,1,0,349.7,0,2,1,3,2,2,9,3,1,3,1
4,9,1,57,0.4,1,3,1,1,1,268.24,1,14,1,1,1,1,5,1,3,3,1
4,9,1,58,0.4,1,2,1,1,1,268.7,1,8,1,1,1,1,19,1,1,2,2
4,9,1,59,0.05,2,1,2,2,1,387.31,0,5,1,3,2,2,14,1,3,1,3
4,9,1,60,0.4,3,2,2,2,1,273.88,1,8,3,3,1,1,5,1,3,2,2
4,9,1,61,0.8,1,1,1,1,1,254.66,1,3,1,1,1,1,11,1,3,1,3
4,9,1,62,0.8,2,1,2,2,1,263.6,1,12,3,3,2,2,15,3,1,3,1
4,9,1,63,0.05,3,2,2,2,1,321.09,0,16,3,1,1,3,14,3,3,2,2
4,9,1,64,1.8,1,2,1,1,1,210.07,1,3,3,1,3,1,15,3,1,2,2
4,9,1,65,0.2,3,1,2,2,1,238.32,1,4,1,3,3,1,12,3,1,3,1
4,9,1,66,0.4,1,3,1,1,1,244.24,1,8,1,3,1,3,12,3,3,1,1
4,9,1,67,0.2,2,2,2,1,0,269.49,1,1,3,3,2,2,7,3,1,2,2
4,9,1,68,0.1,1,2,1,1,1,230.7,1,20,1,1,1,1,14,3,1,2,2
4,9,1,69,0.05,2,3,2,2,1,311.58,0,18,3,3,2,2,20,3,3,1,1
4,9,1,70,0.2,1,1,1,1,1,244.42,1,14,3,3,3,3,11,1,3,1,3
4,9,1,71,0.8,2,3,2,2,1,249.75,1,20,1,1,2,2,17,3,3,1,1
4,9,1,72,0.1,2,2,2,1,0,226.12,1,17,3,1,2,2,17,3,3,2,2
4,9,1,73,0.8,3,1,2,2,1,242.24,1,5,1,3,3,1,3,1,1,1,1
4,9,1,74,1.8,2,1,2,2,1,230.42,1,5,3,3,2,2,8,1,3,1,3
4,9,1,75,0.2,3,2,2,2,1,193.01,1,15,3,3,1,1,8,1,3,2,2
4,9,1,76,0.8,1,2,1,1,1,233.77,1,5,3,1,3,1,2,1,1,2,2
4,9,1,77,1.8,3,1,2,2,1,255.46,1,12,1,1,3,3,3,3,3,3,3
4,9,1,78,0.8,2,1,2,1,0,285.11,1,3,1,3,2,2,4,3,1,3,1
4,9,2,1,0.1,1,2,1,1,1,254.32,1,8,3,1,3,1,20,1,1,2,2
4,9,2,2,0.8,1,2,1,1,1,223.29,1,7,3,1,3,1,1,3,3,2,2
4,9,2,3,1.8,1,1,1,1,1,391.99,0,6,3,1,3,1,12,3,1,3,1
4,9,2,4,0.2,1,1,1,1,1,202.85,1,2,3,3,3,3,8,3,3,3,3
4,9,2,5,0.2,1,3,1,1,1,214.63,1,5,3,3,3,3,12,1,3,3,1
4,9,2,6,0.4,1,2,1,1,1,209.32,1,6,1,3,1,3,18,3,1,2,2
4,9,2,7,0.4,1,2,1,1,1,273.46,1,16,1,1,1,1,3,1,1,2,2
4,9,2,8,0.1,1,3,1,1,1,276.96,1,6,1,1,1,1,8,3,3,1,1
4,9,2,9,0.8,2,2,2,1,0,228.13,1,19,1,3,2,2,10,3,3,2,2
4,9,2,10,0.4,3,2,2,2,1,253.86,1,1,1,3,3,1,8,1,3,2,2
4,9,2,11,0.2,2,3,2,1,0,349.38,0,12,1,1,2,2,15,1,1,3,3
4,9,2,12,0.4,3,3,2,2,1,231.22,1,4,1,1,3,3,2,3,1,1,3
4,9,2,13,1.8,1,3,1,1,1,253.17,1,18,3,1,3,1,4,3,3,1,1
4,9,2,14,0.4,2,1,2,1,0,234.85,1,7,3,3,2,2,9,1,1,1,1
4,9,2,15,0.4,1,1,1,1,1,272.57,1,13,3,1,3,1,8,3,1,3,1
4,9,2,16,0.4,3,2,2,2,1,251.95,1,15,1,3,3,1,3,1,3,2,2
4,9,2,17,0.8,1,2,1,1,1,254.55,1,10,3,1,3,1,4,1,3,2,2
4,9,2,18,0.05,2,2,2,2,1,335.38,0,6,1,1,2,2,15,1,1,2,2
4,9,2,19,0.1,2,2,2,1,0,344.3,0,2,1,1,2,2,14,3,3,2,2
4,9,2,20,0.1,2,3,2,1,0,237.43,1,1,3,3,2,2,19,3,3,1,1
4,9,2,21,0.4,2,3,2,2,1,233.37,1,2,3,1,2,2,6,1,3,3,1
4,9,2,22,0.8,1,1,1,1,1,259.63,1,4,3,1,3,1,16,3,1,3,1
4,9,2,23,0.2,2,1,2,2,1,269.35,1,16,1,3,2,2,2,1,1,1,1
4,9,2,24,0.05,1,1,1,1,1,292.91,1,10,1,1,1,1,9,3,1,3,1
4,9,2,25,1.8,1,1,1,2,0,230.77,1,7,1,3,1,3,2,3,3,3,3
4,9,2,26,0.1,1,2,1,1,1,265.84,1,16,3,1,3,1,12,3,3,2,2
4,9,2,27,0.8,2,1,2,2,1,455.92,0,15,1,1,2,2,2,3,3,3,3
4,9,2,28,0.05,2,1,2,2,1,233,1,16,3,1,2,2,19,3,1,3,1
4,9,2,29,0.2,2,1,2,2,1,314.95,0,5,1,3,2,2,9,1,1,1,1
4,9,2,30,0.05,2,2,2,2,1,352.79,0,7,3,1,2,2,6,3,3,2,2
4,9,2,31,0.8,2,1,2,2,1,224.7,1,3,3,1,2,2,4,1,1,1,1
4,9,2,32,0.1,1,3,1,1,1,308.53,0,7,1,3,1,3,3,1,1,3,3
4,9,2,33,1.8,2,3,2,1,0,241.39,1,1,3,1,2,2,19,1,3,3,1
4,9,2,34,0.2,2,2,2,2,1,269,1,13,1,3,2,2,13,1,3,2,2
4,9,2,35,0.1,1,3,1,1,1,250.23,1,12,3,1,3,1,16,3,1,1,3
4,9,2,36,0.05,1,2,1,1,1,293.07,1,16,1,3,1,3,6,3,1,2,2
4,9,2,37,1.8,3,3,2,2,1,261.74,1,20,3,3,1,1,14,3,3,1,1
4,9,2,38,0.1,1,3,1,1,1,278.11,1,3,3,3,3,3,10,1,1,3,3
4,9,2,39,1.8,2,1,2,1,0,253.71,1,12,1,1,2,2,11,1,3,1,3
4,9,2,40,0.05,1,2,1,1,1,328.72,0,8,3,3,3,3,12,3,3,2,2
4,9,2,41,0.8,3,2,2,2,1,252.26,1,16,3,3,1,1,6,1,3,2,2
4,9,2,42,0.05,1,2,1,1,1,327.89,0,3,3,1,3,1,20,1,3,2,2
4,9,2,43,0.8,2,2,2,2,1,231.59,1,2,3,3,2,2,17,1,1,2,2
4,9,2,44,0.1,2,1,2,1,0,318.16,0,10,1,1,2,2,8,3,3,3,3
4,9,2,45,0.4,1,1,1,1,1,225.7,1,11,3,3,3,3,3,1,1,1,1
4,9,2,46,0.4,2,3,2,2,1,259.52,1,18,1,3,2,2,1,3,3,1,1
4,9,2,47,1.8,2,3,2,1,0,201.09,1,13,3,3,2,2,15,3,1,1,3
4,9,2,48,0.4,1,1,1,1,1,226.44,1,2,3,3,3,3,18,1,1,1,1
4,9,2,49,0.8,1,2,1,1,1,215.75,1,4,3,1,3,1,16,1,1,2,2
4,9,2,50,0.1,3,1,2,2,1,299.22,1,5,3,3,1,1,8,3,3,3,3
4,9,2,51,0.1,1,3,1,1,1,294.76,1,4,3,3,3,3,4,1,1,3,3
4,9,2,52,0.1,3,3,2,2,1,270.83,1,8,1,1,3,3,1,3,1,1,3
4,9,2,53,0.2,2,1,2,1,0,271.43,1,14,3,1,2,2,8,1,1,1,1
4,9,2,54,1.8,1,2,1,1,1,225.49,1,16,3,3,3,3,5,1,3,2,2
4,9,2,55,0.05,1,2,1,1,1,259.31,1,8,1,3,1,3,13,1,3,2,2
4,9,2,56,0.1,1,1,1,1,1,273.33,1,14,1,1,1,1,13,3,1,3,1
4,9,2,57,0.05,1,2,1,1,1,261.37,1,14,1,1,1,1,2,3,1,2,2
4,9,2,58,0.05,2,2,2,1,0,326.25,0,10,3,1,2,2,17,1,3,2,2
4,9,2,59,0.4,1,2,1,1,1,277.63,1,9,1,3,1,3,11,1,3,2,2
4,9,2,60,0.05,3,3,2,1,0,326.24,0,18,1,3,3,1,8,1,3,3,1
4,9,2,61,0.2,1,3,1,1,1,244.07,1,2,1,1,1,1,9,3,3,1,1
4,9,2,62,0.8,1,2,1,1,1,245.15,1,13,1,3,1,3,7,1,3,2,2
4,9,2,63,1.8,2,1,2,2,1,237.37,1,13,3,1,2,2,8,1,3,1,3
4,9,2,64,0.4,1,3,1,1,1,197.19,1,5,3,3,3,3,12,3,3,1,1
4,9,2,65,0.2,1,1,1,1,1,227.14,1,6,3,3,3,3,14,1,3,1,3
4,9,2,66,1.8,1,2,1,1,1,267.36,1,6,1,3,1,3,15,3,1,2,2
4,9,2,67,0.2,2,3,2,2,1,294.7,1,8,1,1,2,2,16,3,1,1,3
4,9,2,68,0.8,1,3,1,1,1,268.48,1,4,3,3,3,3,4,1,1,3,3
4,9,2,69,0.2,1,1,1,1,1,203.89,1,2,3,3,3,3,17,1,3,1,3
4,9,2,70,0.2,2,3,2,2,1,301.89,0,9,1,3,2,2,4,1,1,3,3
4,9,2,71,0.05,1,1,1,1,1,320.98,0,16,1,1,1,1,7,3,1,3,1
4,9,2,72,0.8,3,3,2,2,1,217.97,1,5,3,3,1,1,6,1,3,3,1
4,9,2,73,0.05,2,3,2,1,0,287.38,1,12,3,3,2,2,9,1,1,3,3
4,9,2,74,0.2,3,1,2,2,1,481.38,0,6,3,3,1,1,6,1,1,1,1
4,9,2,75,1.8,3,3,2,2,1,217.52,1,18,3,3,1,1,15,1,3,3,1
4,9,2,76,1.8,1,3,1,1,1,250.04,1,11,1,3,1,3,1,1,3,3,1
4,9,2,77,1.8,1,1,1,1,1,254.53,1,3,3,1,3,1,17,1,3,1,3
4,9,2,78,0.8,2,3,2,2,1,250.73,1,10,1,1,2,2,19,1,3,3,1
4,9,3,1,0.4,3,1,2,2,1,238.91,1,10,1,1,3,3,17,3,3,3,3
4,9,3,2,0.8,1,2,1,1,1,219.63,1,14,1,3,1,3,5,1,3,2,2
4,9,3,3,0.1,1,1,1,1,1,229.34,1,1,3,3,3,3,14,3,1,3,1
4,9,3,4,1.8,3,1,2,2,1,251.36,1,16,3,3,1,1,2,1,3,1,3
4,9,3,5,0.1,2,2,2,2,1,326.56,0,8,3,1,2,2,16,1,1,2,2
4,9,3,6,0.2,1,1,1,1,1,223.44,1,1,1,3,1,3,1,1,1,1,1
4,9,3,7,1.8,3,1,2,2,1,253.75,1,20,1,1,3,3,20,1,1,1,1
4,9,3,8,0.1,3,3,2,2,1,325.97,0,1,3,1,1,3,2,3,1,1,3
4,9,3,9,0.05,1,3,1,1,1,280,1,4,3,1,3,1,16,3,3,1,1
4,9,3,10,1.8,3,1,2,2,1,238.32,1,16,3,1,1,3,13,3,3,3,3
4,9,3,11,0.05,3,2,2,2,1,527.52,0,5,1,3,3,1,20,3,1,2,2
4,9,3,12,0.4,1,1,1,1,1,261.93,1,5,1,1,1,1,9,3,1,3,1
4,9,3,13,0.8,1,3,NaN,NaN,NaN,NaN,NaN,15,3,3,3,3,7,1,3,3,1
4,9,3,14,0.1,2,3,2,1,0,286.97,1,13,1,3,2,2,3,1,1,3,3
4,9,3,15,0.8,1,3,1,1,1,251.47,1,3,3,1,3,1,7,1,1,3,3
4,9,3,16,1.8,2,1,2,2,1,253.04,1,6,3,3,2,2,19,3,3,3,3
4,9,3,17,0.8,3,1,2,2,1,252.87,1,7,1,3,3,1,1,1,3,1,3
4,9,3,18,0.4,3,1,2,2,1,267.81,1,9,1,1,3,3,14,3,3,3,3
4,9,3,19,0.2,1,2,1,1,1,236.76,1,15,1,3,1,3,18,3,1,2,2
4,9,3,20,0.1,1,3,1,1,1,224.23,1,1,3,1,3,1,17,3,1,1,3
4,9,3,21,0.4,3,2,2,2,1,263.78,1,16,3,3,1,1,6,3,1,2,2
4,9,3,22,0.05,1,1,1,1,1,249.1,1,8,1,1,1,1,3,1,1,1,1
4,9,3,23,0.8,3,1,2,2,1,207.28,1,19,1,1,3,3,5,3,3,3,3
4,9,3,24,0.2,2,3,2,1,0,223.79,1,3,1,3,2,2,15,1,1,3,3
4,9,3,25,0.1,1,1,1,1,1,306.92,0,5,1,1,1,1,12,3,3,3,3
4,9,3,26,0.1,1,1,1,1,1,221.41,1,18,3,3,3,3,12,3,3,3,3
4,9,3,27,0.1,3,2,2,1,0,270.55,1,8,3,1,1,3,11,3,1,2,2
4,9,3,28,0.05,2,1,2,1,0,330.25,0,5,3,1,2,2,19,1,1,1,1
4,9,3,29,0.8,2,2,2,2,1,265.9,1,19,1,3,2,2,7,3,1,2,2
4,9,3,30,0.2,3,1,2,1,0,237.75,1,6,1,3,3,1,8,3,1,3,1
4,9,3,31,0.2,2,3,2,1,0,216.38,1,12,1,1,2,2,20,3,1,1,3
4,9,3,32,0.1,1,2,1,1,1,265.75,1,17,3,1,3,1,16,1,1,2,2
4,9,3,33,0.4,3,3,2,2,1,258.45,1,15,1,1,3,3,8,1,3,3,1
4,9,3,34,0.1,1,1,1,1,1,263.18,1,3,1,3,1,3,12,1,3,1,3
4,9,3,35,1.8,1,1,1,1,1,258.6,1,4,1,1,1,1,10,1,1,1,1
4,9,3,36,0.05,1,3,1,1,1,304.91,0,10,3,3,3,3,9,1,1,3,3
4,9,3,37,0.8,1,1,1,1,1,256.37,1,19,1,1,1,1,10,1,1,1,1
4,9,3,38,0.05,2,1,2,1,0,295.81,1,8,1,3,2,2,1,1,1,1,1
4,9,3,39,0.05,1,1,1,1,1,357.94,0,18,1,3,1,3,12,1,1,1,1
4,9,3,40,0.8,1,2,1,1,1,252.06,1,3,1,1,1,1,6,3,3,2,2
4,9,3,41,0.8,1,1,1,1,1,260.34,1,6,1,1,1,1,15,1,1,1,1
4,9,3,42,0.4,1,1,1,1,1,255.71,1,1,1,1,1,1,17,3,1,3,1
4,9,3,43,0.2,1,3,1,2,0,238.9,1,8,1,3,1,3,8,3,3,1,1
4,9,3,44,0.4,1,1,1,1,1,245.12,1,5,1,3,1,3,18,3,3,3,3
4,9,3,45,1.8,1,3,1,2,0,224.33,1,15,1,1,1,1,11,3,3,1,1
4,9,3,46,0.2,1,1,1,1,1,245.35,1,1,1,3,1,3,7,3,1,3,1
4,9,3,47,1.8,1,3,1,1,1,228.16,1,5,1,3,1,3,11,3,3,1,1
4,9,3,48,0.4,2,3,2,2,1,308.33,0,7,1,1,2,2,11,3,3,1,1
4,9,3,49,0.2,1,1,1,1,1,249.58,1,19,3,3,3,3,17,1,3,1,3
4,9,3,50,0.2,2,1,2,2,1,447.53,0,17,1,3,2,2,6,3,1,3,1
4,9,3,51,0.05,2,1,2,1,0,535.19,0,9,1,3,2,2,17,3,1,3,1
4,9,3,52,0.8,3,2,2,2,1,227.57,1,14,3,1,1,3,13,1,1,2,2
4,9,3,53,0.05,2,1,2,1,0,252.27,1,15,3,3,2,2,12,1,3,1,3
4,9,3,54,0.8,1,3,1,1,1,238.27,1,13,3,3,3,3,3,3,3,1,1
4,9,3,55,0.4,1,3,1,1,1,227.55,1,5,1,1,1,1,20,3,1,1,3
4,9,3,56,1.8,1,2,1,1,1,219.8,1,15,1,1,1,1,11,1,3,2,2
4,9,3,57,1.8,1,2,1,1,1,230.81,1,19,3,3,3,3,3,3,3,2,2
4,9,3,58,1.8,2,3,2,2,1,438.58,0,17,3,3,2,2,1,1,1,3,3
4,9,3,59,1.8,2,3,2,2,1,230.52,1,18,1,1,2,2,4,3,3,1,1
4,9,3,60,0.4,3,1,2,2,1,207.48,1,19,1,3,3,1,4,1,3,1,3
4,9,3,61,0.05,2,3,2,2,1,351.91,0,16,1,3,2,2,16,1,1,3,3
4,9,3,62,0.4,2,2,2,2,1,234.44,1,17,3,1,2,2,8,3,1,2,2
4,9,3,63,0.1,2,3,2,2,1,272.73,1,18,1,1,2,2,13,3,1,1,3
4,9,3,64,0.1,3,2,2,2,1,280.01,1,9,1,1,3,3,16,1,3,2,2
4,9,3,65,0.2,2,2,2,1,0,259.39,1,17,3,1,2,2,19,1,1,2,2
4,9,3,66,0.05,3,2,2,2,1,301.83,0,9,3,3,1,1,13,1,1,2,2
4,9,3,67,0.2,1,2,1,1,1,163.52,1,4,3,3,3,3,20,3,1,2,2
4,9,3,68,1.8,2,2,2,1,0,246.26,1,9,3,1,2,2,9,3,1,2,2
4,9,3,69,1.8,1,1,1,1,1,213.4,1,13,1,1,1,1,4,1,3,1,3
4,9,3,70,0.2,3,3,2,2,1,195.32,1,2,1,3,3,1,18,1,1,3,3
4,9,3,71,0.8,3,2,2,2,1,245.5,1,5,1,1,3,3,12,1,3,2,2
4,9,3,72,0.8,2,1,2,2,1,230.9,1,2,1,3,2,2,19,1,3,1,3
4,9,3,73,0.4,1,2,1,1,1,248.06,1,14,1,1,1,1,1,1,1,2,2
4,9,3,74,0.05,1,1,1,1,1,282.99,1,17,3,1,3,1,20,1,3,1,3
4,9,3,75,0.05,1,2,1,1,1,283.04,1,16,3,3,3,3,17,3,1,2,2
4,9,3,76,0.2,1,3,1,1,1,245.46,1,12,3,3,3,3,10,1,3,3,1
4,9,3,77,0.4,3,2,2,2,1,241.83,1,6,1,1,3,3,16,3,1,2,2
4,9,3,78,0.1,2,1,2,2,1,260.73,1,14,3,3,2,2,15,3,1,3,1
4,9,4,1,0.1,1,2,1,1,1,208.97,1,12,3,1,3,1,7,1,3,2,2
4,9,4,2,0.1,1,1,1,1,1,222.89,1,5,3,3,3,3,12,1,3,1,3
4,9,4,3,0.4,1,3,1,1,1,219.75,1,20,3,1,3,1,17,3,1,1,3
4,9,4,4,1.8,3,2,2,2,1,219.16,1,8,3,3,1,1,20,1,3,2,2
4,9,4,5,1.8,1,3,1,1,1,265.32,1,18,1,3,1,3,19,1,1,3,3
4,9,4,6,0.1,1,3,1,1,1,250.49,1,5,1,1,1,1,5,1,3,3,1
4,9,4,7,0.4,3,3,2,2,1,277.69,1,14,1,1,3,3,12,1,1,3,3
4,9,4,8,1.8,3,2,2,2,1,244.03,1,3,1,1,3,3,6,3,3,2,2
4,9,4,9,0.05,1,1,1,1,1,264.32,1,16,1,1,1,1,2,1,3,1,3
4,9,4,10,0.1,1,2,1,1,1,243.89,1,14,1,1,1,1,6,3,1,2,2
4,9,4,11,1.8,3,3,2,2,1,291.59,1,13,1,1,3,3,8,1,1,3,3
4,9,4,12,1.8,1,3,1,1,1,275.64,1,9,3,3,3,3,17,1,1,3,3
4,9,4,13,1.8,2,3,2,2,1,313.54,0,3,1,3,2,2,3,3,1,1,3
4,9,4,14,0.2,1,2,1,1,1,258.94,1,4,1,1,1,1,1,1,3,2,2
4,9,4,15,0.1,1,2,1,1,1,298.54,1,16,1,3,1,3,13,3,1,2,2
4,9,4,16,0.05,2,3,2,1,0,292.27,1,20,1,3,2,2,15,1,1,3,3
4,9,4,17,0.05,1,2,1,1,1,264.32,1,16,1,1,1,1,14,3,3,2,2
4,9,4,18,0.2,1,1,1,1,1,209.46,1,13,3,3,3,3,8,3,1,3,1
4,9,4,19,0.4,3,2,2,2,1,289.65,1,14,3,1,1,3,3,3,1,2,2
4,9,4,20,0.1,1,3,1,1,1,227.47,1,11,1,3,1,3,6,1,1,3,3
4,9,4,21,0.4,2,3,2,1,0,240.3,1,10,1,1,2,2,10,3,1,1,3
4,9,4,22,1.8,1,2,1,1,1,247.75,1,19,3,1,3,1,11,3,3,2,2
4,9,4,23,0.8,1,1,1,2,0,290.98,1,9,1,3,1,3,9,3,1,3,1
4,9,4,24,0.8,1,1,1,1,1,200.87,1,5,3,3,3,3,17,3,3,3,3
4,9,4,25,0.8,3,3,2,2,1,228.78,1,4,3,3,1,1,4,1,1,3,3
4,9,4,26,0.1,1,1,1,1,1,276.09,1,13,1,3,1,3,8,3,1,3,1
4,9,4,27,0.2,3,1,2,1,0,288.14,1,11,3,3,1,1,15,1,1,1,1
4,9,4,28,1.8,2,2,2,2,1,244.62,1,1,1,3,2,2,17,1,3,2,2
4,9,4,29,0.1,1,1,1,1,1,260.53,1,9,1,3,1,3,6,3,1,3,1
4,9,4,30,0.4,1,3,1,1,1,243.16,1,11,1,1,1,1,4,3,3,1,1
4,9,4,31,0.8,2,3,2,2,1,268.58,1,8,1,1,2,2,7,1,1,3,3
4,9,4,32,0.8,1,2,1,1,1,242.52,1,11,1,1,1,1,12,1,1,2,2
4,9,4,33,0.8,3,2,2,2,1,230.08,1,2,3,1,1,3,3,3,1,2,2
4,9,4,34,0.05,2,3,2,2,1,334.07,0,14,3,1,2,2,5,3,1,1,3
4,9,4,35,0.2,1,3,1,1,1,234.88,1,2,3,3,3,3,5,1,3,3,1
4,9,4,36,0.4,2,2,2,2,1,301.29,0,17,3,1,2,2,9,1,3,2,2
4,9,4,37,0.05,2,1,2,1,0,313.12,0,6,1,3,2,2,16,3,1,3,1
4,9,4,38,0.2,3,1,2,2,1,287.73,1,19,1,3,3,1,8,3,1,3,1
4,9,4,39,1.8,1,1,1,1,1,253.31,1,17,1,3,1,3,12,1,3,1,3
4,9,4,40,0.8,1,1,1,1,1,262.73,1,5,1,1,1,1,10,3,3,3,3
4,9,4,41,0.4,1,1,1,1,1,228.04,1,9,1,3,1,3,6,1,1,1,1
4,9,4,42,0.4,2,3,2,2,1,199.59,1,8,1,1,2,2,8,1,1,3,3
4,9,4,43,0.8,2,3,2,2,1,256.42,1,17,3,1,2,2,12,3,3,1,1
4,9,4,44,1.8,1,2,1,1,1,422.91,0,15,1,3,1,3,17,3,1,2,2
4,9,4,45,0.1,3,3,2,1,0,305.93,0,4,3,3,1,1,7,3,3,1,1
4,9,4,46,0.8,2,2,2,2,1,228.1,1,17,1,3,2,2,6,1,1,2,2
4,9,4,47,1.8,3,2,2,2,1,231.84,1,17,1,3,3,1,14,1,3,2,2
4,9,4,48,0.4,1,3,1,2,0,243.18,1,20,3,3,3,3,12,1,3,3,1
4,9,4,49,0.1,2,3,2,1,0,316.31,0,15,3,3,2,2,13,1,3,3,1
4,9,4,50,0.2,3,3,2,2,1,247.95,1,1,1,3,3,1,10,3,3,1,1
4,9,4,51,0.05,3,2,2,2,1,272.24,1,14,1,1,3,3,17,3,1,2,2
4,9,4,52,0.2,3,3,2,2,1,258.36,1,1,1,1,3,3,12,1,1,3,3
4,9,4,53,1.8,2,1,2,2,1,268.38,1,13,1,1,2,2,3,1,1,1,1
4,9,4,54,0.2,1,3,1,1,1,247.62,1,10,1,1,1,1,13,3,3,1,1
4,9,4,55,0.4,3,2,2,2,1,237.76,1,19,1,3,3,1,6,1,1,2,2
4,9,4,56,0.4,1,2,1,1,1,230.05,1,3,3,1,3,1,3,3,1,2,2
4,9,4,57,0.2,3,1,2,2,1,233.8,1,20,3,3,1,1,17,1,1,1,1
4,9,4,58,0.05,1,1,1,1,1,310.65,0,5,3,1,3,1,8,1,1,1,1
4,9,4,59,0.05,1,3,1,1,1,305.23,0,15,1,3,1,3,11,3,3,1,1
4,9,4,60,0.8,1,1,1,1,1,272.46,1,7,1,1,1,1,20,3,3,3,3
4,9,4,61,0.05,3,2,2,2,1,341.16,0,16,1,3,3,1,10,3,1,2,2
4,9,4,62,1.8,2,2,2,2,1,242.78,1,10,3,1,2,2,18,3,1,2,2
4,9,4,63,0.05,1,3,1,1,1,277.15,1,16,3,3,3,3,1,3,1,1,3
4,9,4,64,0.2,3,3,2,2,1,217.97,1,8,1,3,3,1,8,1,1,3,3
4,9,4,65,0.8,1,2,1,1,1,221.52,1,14,3,1,3,1,5,1,1,2,2
4,9,4,66,0.2,1,1,1,1,1,262.96,1,20,1,3,1,3,20,3,3,3,3
4,9,4,67,0.1,1,3,1,1,1,265.37,1,1,3,3,3,3,13,1,3,3,1
4,9,4,68,0.4,2,1,2,2,1,241.95,1,11,3,1,2,2,11,1,3,1,3
4,9,4,69,0.8,2,3,2,2,1,243.88,1,18,1,3,2,2,1,3,1,1,3
4,9,4,70,0.05,1,2,1,1,1,357.8,0,1,1,1,1,1,11,1,3,2,2
4,9,4,71,0.4,2,3,2,2,1,206.82,1,9,1,3,2,2,5,3,1,1,3
4,9,4,72,0.05,2,2,2,1,0,290.28,1,20,1,3,2,2,13,3,3,2,2
4,9,4,73,0.1,3,1,2,2,1,307.76,0,19,3,1,1,3,10,3,1,3,1
4,9,4,74,0.1,2,3,2,2,1,237.19,1,7,1,3,2,2,14,1,1,3,3
4,9,4,75,0.2,1,3,1,1,1,234.67,1,8,1,1,1,1,10,1,1,3,3
4,9,4,76,0.05,1,1,1,1,1,237.65,1,10,3,3,3,3,18,3,3,3,3
4,9,4,77,0.2,1,2,1,1,1,275.42,1,9,3,3,3,3,16,1,1,2,2
4,9,4,78,0.8,2,1,2,2,1,224.23,1,10,3,1,2,2,18,1,1,1,1
4,9,5,1,1.8,1,2,1,1,1,234.01,1,13,1,1,1,1,11,1,1,2,2
4,9,5,2,0.1,1,3,1,1,1,253.09,1,18,3,3,3,3,19,1,1,3,3
4,9,5,3,0.2,2,1,2,2,1,430.94,0,6,1,1,2,2,12,1,3,1,3
4,9,5,4,0.4,1,3,1,1,1,213.35,1,9,1,1,1,1,17,3,1,1,3
4,9,5,5,0.2,2,3,2,1,0,194.86,1,11,1,1,2,2,8,3,3,1,1
4,9,5,6,0.1,2,2,2,1,0,256.12,1,17,1,3,2,2,12,1,3,2,2
4,9,5,7,0.4,2,3,2,2,1,220.94,1,18,3,3,2,2,16,1,1,3,3
4,9,5,8,0.05,1,2,1,1,1,279.33,1,5,3,1,3,1,9,3,1,2,2
4,9,5,9,1.8,1,1,NaN,NaN,NaN,NaN,NaN,5,3,1,3,1,13,1,1,1,1
4,9,5,10,0.8,2,3,2,2,1,277.15,1,2,3,3,2,2,15,1,1,3,3
4,9,5,11,0.8,3,2,2,2,1,217.66,1,10,1,3,3,1,16,3,3,2,2
4,9,5,12,0.2,1,3,1,1,1,250.15,1,1,1,1,1,1,18,3,3,1,1
4,9,5,13,0.1,1,2,1,1,1,283.48,1,2,1,1,1,1,4,3,1,2,2
4,9,5,14,0.4,1,3,1,1,1,263.58,1,6,1,3,1,3,20,3,1,1,3
4,9,5,15,0.4,2,2,2,2,1,271.38,1,18,3,1,2,2,13,1,3,2,2
4,9,5,16,0.4,1,3,1,1,1,267.01,1,18,3,1,3,1,1,1,3,3,1
4,9,5,17,0.05,3,2,2,2,1,391.83,0,12,3,3,1,1,18,3,3,2,2
4,9,5,18,0.8,2,1,2,2,1,242,1,9,3,3,2,2,20,1,1,1,1
4,9,5,19,0.1,2,1,2,1,0,288.38,1,18,3,3,2,2,13,1,3,1,3
4,9,5,20,0.1,2,2,2,1,0,276.37,1,2,3,1,2,2,14,3,1,2,2
4,9,5,21,0.4,2,3,2,2,1,282.47,1,2,1,1,2,2,17,1,3,3,1
4,9,5,22,0.05,3,2,2,2,1,302.27,0,14,3,1,1,3,19,3,1,2,2
4,9,5,23,1.8,1,1,1,1,1,259.13,1,20,3,3,3,3,3,3,1,3,1
4,9,5,24,0.05,3,3,2,2,1,315.31,0,9,3,3,1,1,6,3,3,1,1
4,9,5,25,0.1,3,3,2,2,1,283.37,1,3,3,3,1,1,8,3,3,1,1
4,9,5,26,1.8,1,2,1,1,1,223.71,1,16,3,3,3,3,19,3,3,2,2
4,9,5,27,1.8,3,2,2,2,1,239.32,1,20,1,3,3,1,19,3,3,2,2
4,9,5,28,0.4,2,1,2,2,1,278.47,1,11,3,3,2,2,18,1,3,1,3
4,9,5,29,0.05,1,3,1,1,1,329.24,0,13,3,1,3,1,3,3,3,1,1
4,9,5,30,0.2,2,1,2,1,0,301.66,0,2,1,1,2,2,12,3,3,3,3
4,9,5,31,0.2,1,3,1,1,1,260.32,1,10,1,1,1,1,4,1,3,3,1
4,9,5,32,0.05,2,3,2,2,1,318.86,0,11,3,3,2,2,12,3,1,1,3
4,9,5,33,0.8,1,3,1,1,1,252.25,1,19,1,3,1,3,15,3,1,1,3
4,9,5,34,0.05,1,3,1,1,1,272.11,1,4,1,3,1,3,17,3,3,1,1
4,9,5,35,0.8,3,1,2,2,1,251.91,1,8,1,1,3,3,10,3,1,3,1
4,9,5,36,0.05,3,3,2,2,1,362.07,0,18,1,3,3,1,8,3,1,1,3
4,9,5,37,0.2,1,3,1,1,1,253.43,1,15,1,1,1,1,6,3,3,1,1
4,9,5,38,0.1,3,3,2,1,0,329.17,0,7,3,3,1,1,5,1,1,3,3
4,9,5,39,0.4,2,3,2,2,1,256.67,1,1,1,3,2,2,3,1,1,3,3
4,9,5,40,0.2,3,3,2,2,1,230.91,1,5,1,1,3,3,2,3,3,1,1
4,9,5,41,0.4,2,2,2,2,1,282.57,1,19,1,1,2,2,14,3,3,2,2
4,9,5,42,0.2,1,3,1,1,1,240.67,1,4,3,3,3,3,5,1,3,3,1
4,9,5,43,0.4,3,1,2,2,1,240.44,1,12,3,3,1,1,3,1,3,1,3
4,9,5,44,0.05,3,1,2,2,1,365.71,0,18,1,3,3,1,18,1,3,1,3
4,9,5,45,0.4,1,3,1,1,1,474.19,0,9,1,3,1,3,12,3,1,1,3
4,9,5,46,0.05,3,2,2,2,1,338.07,0,3,1,1,3,3,8,1,1,2,2
4,9,5,47,0.2,2,3,2,2,1,223.52,1,7,1,1,2,2,15,1,1,3,3
4,9,5,48,1.8,2,2,2,2,1,253.22,1,14,1,3,2,2,17,3,3,2,2
4,9,5,49,0.1,1,1,1,1,1,272.17,1,7,1,1,1,1,2,1,1,1,1
4,9,5,50,0.8,1,2,1,1,1,586.98,0,18,1,3,1,3,3,3,3,2,2
4,9,5,51,1.8,1,2,1,1,1,242.97,1,5,1,1,1,1,1,3,1,2,2
4,9,5,52,0.1,3,2,2,2,1,309.99,0,18,1,1,3,3,18,3,1,2,2
4,9,5,53,1.8,3,1,NaN,NaN,NaN,NaN,NaN,18,3,3,1,1,5,1,3,1,3
4,9,5,54,0.1,1,2,1,1,1,283.35,1,1,1,3,1,3,16,1,3,2,2
4,9,5,55,0.8,2,2,2,2,1,255.7,1,18,3,1,2,2,8,3,1,2,2
4,9,5,56,1.8,2,1,2,2,1,235.42,1,15,3,1,2,2,9,3,1,3,1
4,9,5,57,0.2,1,2,1,1,1,288.77,1,9,1,3,1,3,16,1,3,2,2
4,9,5,58,0.4,1,3,1,1,1,253.48,1,6,3,3,3,3,5,1,1,3,3
4,9,5,59,0.05,1,2,1,1,1,291.55,1,16,3,1,3,1,12,3,3,2,2
4,9,5,60,1.8,2,3,2,2,1,266.79,1,10,3,1,2,2,8,3,3,1,1
4,9,5,61,0.8,1,3,1,1,1,260.49,1,18,1,1,1,1,16,1,1,3,3
4,9,5,62,0.2,2,3,2,1,0,276.79,1,8,1,1,2,2,18,3,1,1,3
4,9,5,63,0.05,1,3,1,1,1,269.38,1,17,1,3,1,3,17,1,1,3,3
4,9,5,64,0.2,3,1,2,2,1,236.94,1,12,3,1,1,3,10,1,3,1,3
4,9,5,65,0.1,2,3,2,1,0,291.27,1,1,3,3,2,2,7,3,1,1,3
4,9,5,66,0.1,3,3,2,2,1,290.57,1,19,1,3,3,1,7,1,3,3,1
4,9,5,67,0.8,3,1,2,2,1,245.56,1,11,1,3,3,1,13,3,3,3,3
4,9,5,68,0.8,1,2,1,1,1,263.06,1,13,3,3,3,3,13,1,1,2,2
4,9,5,69,0.4,1,3,1,1,1,253.25,1,18,1,3,1,3,3,3,3,1,1
4,9,5,70,0.8,1,3,1,1,1,273.27,1,5,3,1,3,1,8,3,1,1,3
4,9,5,71,0.05,2,1,2,1,0,307.87,0,7,1,1,2,2,5,3,1,3,1
4,9,5,72,0.1,1,1,1,1,1,237.35,1,20,1,3,1,3,14,3,1,3,1
4,9,5,73,0.8,2,1,2,2,1,271.97,1,13,3,1,2,2,18,3,3,3,3
4,9,5,74,1.8,2,1,2,2,1,245.04,1,11,1,1,2,2,16,1,3,1,3
4,9,5,75,0.2,1,3,1,1,1,299.33,1,12,1,1,1,1,7,3,1,1,3
4,9,5,76,1.8,1,2,1,1,1,230.76,1,18,3,3,3,3,9,3,1,2,2
4,9,5,77,0.8,1,1,1,1,1,249.62,1,16,3,1,3,1,3,1,1,1,1
4,9,5,78,1.8,1,1,1,1,1,252.38,1,3,3,3,3,3,8,1,3,1,3
4,9,6,1,1.8,1,3,1,1,1,232.31,1,6,1,3,1,3,1,1,1,3,3
4,9,6,2,0.2,1,3,1,1,1,233.06,1,6,1,1,1,1,2,1,1,3,3
4,9,6,3,1.8,3,2,NaN,NaN,NaN,NaN,NaN,17,3,1,1,3,1,3,3,2,2
4,9,6,4,0.1,3,1,2,2,1,256.24,1,1,3,1,1,3,4,3,3,3,3
4,9,6,5,0.4,1,2,1,1,1,276.41,1,4,1,3,1,3,14,3,3,2,2
4,9,6,6,1.8,2,2,2,2,1,221.47,1,1,3,3,2,2,9,1,1,2,2
4,9,6,7,0.05,2,1,2,1,0,327.21,0,12,1,3,2,2,15,3,1,3,1
4,9,6,8,0.1,2,3,2,2,1,317.46,0,13,3,3,2,2,15,3,1,1,3
4,9,6,9,0.05,3,3,2,1,0,299.72,1,18,1,3,3,1,16,1,1,3,3
4,9,6,10,1.8,2,3,2,2,1,253.61,1,18,3,3,2,2,7,1,3,3,1
4,9,6,11,0.2,1,3,1,1,1,263.85,1,20,3,3,3,3,17,3,1,1,3
4,9,6,12,0.1,2,1,2,1,0,307.74,0,16,1,1,2,2,13,3,3,3,3
4,9,6,13,0.8,2,1,2,2,1,264.17,1,2,1,3,2,2,15,1,3,1,3
4,9,6,14,0.8,1,1,1,1,1,403.36,0,4,1,3,1,3,6,1,3,1,3
4,9,6,15,0.2,2,1,2,2,1,258.95,1,7,1,1,2,2,3,1,3,1,3
4,9,6,16,0.1,1,1,1,1,1,302.61,0,4,3,1,3,1,7,3,1,3,1
4,9,6,17,0.1,3,1,2,2,1,301.54,0,13,1,3,3,1,13,1,1,1,1
4,9,6,18,1.8,2,1,2,1,0,266.57,1,12,1,1,2,2,10,3,1,3,1
4,9,6,19,0.8,1,2,1,1,1,241.7,1,13,1,3,1,3,20,3,1,2,2
4,9,6,20,0.1,2,2,2,2,1,292.72,1,14,3,1,2,2,11,1,3,2,2
4,9,6,21,0.2,2,3,2,1,0,252.43,1,4,1,3,2,2,5,1,1,3,3
4,9,6,22,0.8,3,2,2,2,1,275.75,1,11,3,3,1,1,5,3,1,2,2
4,9,6,23,0.05,2,3,2,1,0,262.04,1,4,1,3,2,2,2,3,3,1,1
4,9,6,24,0.2,3,3,2,2,1,232.6,1,5,3,3,1,1,20,3,1,1,3
4,9,6,25,0.8,1,3,1,1,1,233.74,1,19,1,1,1,1,20,3,1,1,3
4,9,6,26,0.05,1,2,1,1,1,261,1,7,3,1,3,1,6,1,3,2,2
4,9,6,27,0.1,2,3,2,1,0,293.25,1,4,3,1,2,2,20,3,1,1,3
4,9,6,28,0.4,1,2,1,1,1,269.32,1,9,3,1,3,1,16,1,3,2,2
4,9,6,29,1.8,1,1,1,1,1,273.34,1,7,1,1,1,1,16,1,1,1,1
4,9,6,30,0.2,1,1,1,1,1,257.15,1,4,1,3,1,3,12,1,3,1,3
4,9,6,31,0.8,3,3,2,2,1,244.38,1,16,3,1,1,3,11,1,3,3,1
4,9,6,32,0.1,2,2,2,1,0,304.73,0,13,3,1,2,2,7,3,1,2,2
4,9,6,33,0.05,3,2,2,1,0,370.24,0,11,3,3,1,1,9,3,1,2,2
4,9,6,34,0.1,3,1,2,2,1,310.05,0,13,1,3,3,1,17,3,1,3,1
4,9,6,35,0.8,1,2,1,1,1,263.64,1,13,3,3,3,3,17,1,3,2,2
4,9,6,36,0.05,1,2,1,1,1,276.76,1,5,3,1,3,1,6,3,1,2,2
4,9,6,37,0.2,3,3,2,2,1,230.02,1,4,3,3,1,1,11,1,3,3,1
4,9,6,38,0.8,1,1,1,1,1,262.32,1,1,3,1,3,1,17,3,3,3,3
4,9,6,39,0.2,1,1,1,1,1,247.64,1,17,3,1,3,1,13,1,1,1,1
4,9,6,40,0.8,1,3,1,1,1,258.26,1,9,3,3,3,3,2,1,3,3,1
4,9,6,41,0.1,2,3,2,2,1,313.03,0,12,1,3,2,2,3,3,1,1,3
4,9,6,42,0.4,2,1,2,2,1,258.48,1,19,1,1,2,2,20,1,1,1,1
4,9,6,43,0.4,1,3,1,1,1,284.34,1,4,3,1,3,1,20,3,1,1,3
4,9,6,44,0.2,3,3,2,2,1,229.01,1,15,1,3,3,1,6,3,3,1,1
4,9,6,45,0.4,2,1,2,2,1,251.62,1,17,3,3,2,2,12,1,1,1,1
4,9,6,46,0.4,2,3,2,2,1,272.96,1,19,1,1,2,2,10,1,1,3,3
4,9,6,47,0.05,2,1,2,2,1,388.26,0,18,3,3,2,2,6,3,1,3,1
4,9,6,48,1.8,1,3,1,1,1,309.27,0,15,1,3,1,3,10,3,3,1,1
4,9,6,49,0.8,1,1,1,1,1,229.34,1,13,1,3,1,3,3,3,3,3,3
4,9,6,50,0.4,1,3,1,1,1,234.31,1,15,3,1,3,1,10,1,1,3,3
4,9,6,51,0.05,2,1,2,1,0,290.35,1,9,3,1,2,2,2,1,1,1,1
4,9,6,52,0.4,1,2,1,1,1,220.53,1,8,1,1,1,1,15,1,3,2,2
4,9,6,53,0.4,2,1,2,2,1,235.66,1,14,3,3,2,2,2,3,1,3,1
4,9,6,54,0.2,1,1,1,1,1,261.6,1,5,1,3,1,3,5,3,1,3,1
4,9,6,55,0.1,1,1,1,1,1,242.33,1,7,3,3,3,3,18,3,1,3,1
4,9,6,56,1.8,3,1,2,2,1,256.81,1,16,3,3,1,1,3,1,1,1,1
4,9,6,57,0.8,1,1,1,1,1,244.26,1,7,3,1,3,1,4,3,1,3,1
4,9,6,58,0.4,1,2,1,1,1,262.65,1,19,1,1,1,1,18,1,3,2,2
4,9,6,59,0.8,2,2,2,2,1,248.1,1,8,3,3,2,2,10,3,1,2,2
4,9,6,60,1.8,2,2,2,2,1,257.61,1,6,3,3,2,2,11,1,1,2,2
4,9,6,61,0.2,2,3,2,2,1,339.33,0,1,3,1,2,2,3,1,3,3,1
4,9,6,62,1.8,2,3,2,1,0,265.74,1,6,1,1,2,2,15,1,1,3,3
4,9,6,63,0.1,1,1,1,1,1,283.28,1,15,1,3,1,3,10,3,3,3,3
4,9,6,64,0.05,2,1,2,2,1,346.01,0,5,1,1,2,2,2,1,3,1,3
4,9,6,65,0.4,3,3,2,2,1,259.92,1,7,1,3,3,1,2,1,1,3,3
4,9,6,66,0.05,3,3,2,1,0,288.06,1,1,3,3,1,1,5,3,1,1,3
4,9,6,67,1.8,2,1,2,1,0,233.49,1,7,1,1,2,2,17,3,3,3,3
4,9,6,68,0.4,1,1,1,1,1,229.89,1,10,3,3,3,3,10,1,1,1,1
4,9,6,69,1.8,1,1,1,1,1,238.48,1,20,3,3,3,3,13,1,1,1,1
4,9,6,70,0.4,1,3,1,1,1,267.95,1,17,3,3,3,3,4,1,1,3,3
4,9,6,71,0.8,1,2,1,1,1,296.7,1,16,3,1,3,1,7,3,1,2,2
4,9,6,72,0.2,1,2,1,2,0,317.19,0,2,3,1,3,1,6,3,1,2,2
4,9,6,73,0.1,1,1,1,1,1,289.34,1,19,1,3,1,3,7,3,1,3,1
4,9,6,74,0.2,3,3,2,2,1,271.44,1,11,3,1,1,3,16,1,3,3,1
4,9,6,75,0.05,3,2,2,1,0,364.08,0,18,3,3,1,1,20,1,1,2,2
4,9,6,76,0.05,3,2,2,2,1,312.52,0,2,3,3,1,1,5,1,1,2,2
4,9,6,77,1.8,3,2,2,2,1,226.21,1,5,3,3,1,1,3,3,3,2,2
4,9,6,78,0.05,2,3,2,1,0,345.18,0,4,1,3,2,2,20,1,3,3,1
4,9,7,1,0.4,1,1,1,1,1,224.27,1,3,3,3,3,3,16,1,1,1,1
4,9,7,2,0.1,1,1,1,1,1,248.23,1,4,3,1,3,1,4,3,1,3,1
4,9,7,3,1.8,2,2,2,2,1,222.01,1,19,1,3,2,2,10,3,3,2,2
4,9,7,4,1.8,3,1,2,2,1,217.79,1,11,3,1,1,3,18,1,3,1,3
4,9,7,5,0.05,2,2,2,2,1,332.07,0,7,1,1,2,2,6,1,1,2,2
4,9,7,6,0.4,3,1,2,2,1,255.15,1,17,3,1,1,3,9,3,1,3,1
4,9,7,7,0.4,1,2,1,1,1,463.82,0,8,3,3,3,3,19,1,1,2,2
4,9,7,8,0.2,1,1,1,1,1,163.44,1,14,1,1,1,1,4,1,3,1,3
4,9,7,9,0.05,3,2,2,2,1,316.84,0,9,1,3,3,1,3,1,1,2,2
4,9,7,10,0.2,2,1,2,2,1,243.35,1,6,1,3,2,2,14,1,1,1,1
4,9,7,11,0.8,1,2,1,1,1,261.71,1,17,1,3,1,3,6,3,1,2,2
4,9,7,12,0.4,1,1,1,1,1,256.88,1,15,3,1,3,1,5,3,3,3,3
4,9,7,13,0.2,1,1,1,1,1,232.15,1,16,3,1,3,1,20,3,3,3,3
4,9,7,14,0.2,3,1,2,2,1,246.09,1,16,3,1,1,3,11,3,1,3,1
4,9,7,15,1.8,1,1,1,1,1,218.17,1,14,1,1,1,1,17,1,1,1,1
4,9,7,16,0.2,3,1,2,2,1,242.6,1,2,1,3,3,1,1,1,1,1,1
4,9,7,17,0.05,1,2,1,1,1,275.47,1,5,3,3,3,3,2,1,1,2,2
4,9,7,18,0.2,2,3,2,2,1,296.74,1,3,1,1,2,2,8,1,1,3,3
4,9,7,19,0.4,1,3,1,1,1,258.47,1,15,3,3,3,3,20,1,1,3,3
4,9,7,20,0.4,1,1,1,1,1,467.17,0,9,1,1,1,1,20,3,3,3,3
4,9,7,21,0.2,1,2,1,1,1,221.14,1,13,1,1,1,1,15,1,1,2,2
4,9,7,22,0.1,2,3,2,1,0,315.81,0,19,3,3,2,2,16,3,1,1,3
4,9,7,23,0.8,1,1,1,1,1,298.96,1,5,3,3,3,3,12,3,1,3,1
4,9,7,24,0.05,2,2,2,1,0,306.29,0,20,1,3,2,2,18,1,3,2,2
4,9,7,25,0.1,2,2,2,1,0,285.79,1,16,1,1,2,2,16,1,3,2,2
4,9,7,26,0.1,1,3,1,1,1,263.38,1,14,3,3,3,3,9,1,3,3,1
4,9,7,27,0.1,3,3,2,2,1,230.36,1,19,3,3,1,1,15,3,1,1,3
4,9,7,28,0.4,2,1,2,2,1,239.65,1,13,1,3,2,2,15,3,1,3,1
4,9,7,29,0.05,3,3,2,2,1,330.31,0,3,3,3,1,1,20,1,3,3,1
4,9,7,30,0.8,1,3,1,1,1,241.71,1,5,1,3,1,3,14,1,3,3,1
4,9,7,31,0.2,2,3,2,1,0,216.22,1,20,1,3,2,2,12,3,1,1,3
4,9,7,32,0.8,2,2,2,2,1,280.65,1,4,3,1,2,2,7,3,3,2,2
4,9,7,33,0.8,1,3,1,1,1,206.59,1,15,1,3,1,3,18,3,3,1,1
4,9,7,34,1.8,1,2,1,1,1,261.81,1,14,3,1,3,1,15,3,3,2,2
4,9,7,35,1.8,2,2,2,2,1,241.29,1,4,3,1,2,2,5,1,1,2,2
4,9,7,36,0.4,2,2,2,2,1,245.03,1,12,1,1,2,2,18,3,1,2,2
4,9,7,37,0.1,3,2,2,2,1,325.03,0,11,1,3,3,1,18,1,3,2,2
4,9,7,38,0.1,2,2,2,1,0,293.1,1,14,1,1,2,2,2,3,1,2,2
4,9,7,39,0.2,2,1,2,2,1,293.85,1,7,3,3,2,2,14,3,3,3,3
4,9,7,40,1.8,1,2,1,1,1,253.43,1,15,1,1,1,1,5,1,3,2,2
4,9,7,41,0.2,1,3,1,1,1,223.07,1,9,1,1,1,1,5,1,3,3,1
4,9,7,42,0.8,1,3,1,1,1,232.9,1,20,1,3,1,3,2,3,3,1,1
4,9,7,43,0.1,3,2,2,2,1,275.28,1,2,1,1,3,3,3,1,1,2,2
4,9,7,44,0.05,2,2,2,1,0,283.24,1,10,1,3,2,2,11,1,1,2,2
4,9,7,45,1.8,1,2,1,1,1,256.14,1,15,1,3,1,3,5,3,1,2,2
4,9,7,46,0.8,1,2,1,1,1,233.46,1,17,3,1,3,1,10,3,1,2,2
4,9,7,47,0.8,2,1,2,2,1,316.13,0,10,3,3,2,2,1,1,3,1,3
4,9,7,48,0.05,1,3,1,1,1,233.45,1,12,3,3,3,3,2,3,3,1,1
4,9,7,49,0.05,2,2,2,1,0,358.59,0,8,1,3,2,2,10,1,3,2,2
4,9,7,50,0.05,1,1,1,1,1,291.02,1,18,3,1,3,1,17,1,1,1,1
4,9,7,51,0.4,1,1,1,1,1,276.63,1,10,3,3,3,3,4,3,3,3,3
4,9,7,52,0.8,3,2,2,2,1,263.81,1,8,3,3,1,1,1,1,3,2,2
4,9,7,53,1.8,1,1,1,2,0,276.41,1,10,1,3,1,3,12,3,3,3,3
4,9,7,54,0.1,2,3,2,1,0,254.68,1,1,3,1,2,2,8,3,1,1,3
4,9,7,55,0.1,1,3,1,1,1,266.84,1,18,1,1,1,1,17,3,1,1,3
4,9,7,56,0.8,1,2,1,1,1,240.78,1,10,3,3,3,3,15,1,1,2,2
4,9,7,57,0.2,2,1,2,1,0,311.02,0,12,3,1,2,2,9,1,1,1,1
4,9,7,58,0.2,1,1,1,1,1,260.28,1,13,1,3,1,3,13,1,1,1,1
4,9,7,59,0.05,2,1,2,1,0,279.45,1,3,1,1,2,2,18,3,1,3,1
4,9,7,60,0.4,2,1,2,2,1,428.57,0,5,1,3,2,2,12,1,3,1,3
4,9,7,61,0.8,2,3,2,2,1,184.6,1,9,1,1,2,2,16,3,3,1,1
4,9,7,62,0.4,2,1,2,2,1,267.23,1,20,3,1,2,2,10,1,3,1,3
4,9,7,63,0.8,1,2,1,1,1,274.39,1,12,1,3,1,3,11,1,3,2,2
4,9,7,64,0.2,3,3,2,2,1,260.9,1,8,1,1,3,3,13,3,1,1,3
4,9,7,65,0.4,2,1,2,2,1,310.9,0,11,3,3,2,2,15,3,3,3,3
4,9,7,66,1.8,3,3,NaN,NaN,NaN,NaN,NaN,11,3,3,1,1,3,3,3,1,1
4,9,7,67,0.1,3,3,2,2,1,294.55,1,9,3,1,1,3,14,1,3,3,1
4,9,7,68,0.4,3,2,2,2,1,272.43,1,2,3,1,1,3,2,1,3,2,2
4,9,7,69,0.05,1,1,1,1,1,344.08,0,6,1,1,1,1,12,3,3,3,3
4,9,7,70,0.1,2,1,2,1,0,296.89,1,2,1,1,2,2,6,3,3,3,3
4,9,7,71,1.8,1,3,1,1,1,213.64,1,5,3,3,3,3,10,1,1,3,3
4,9,7,72,0.1,1,1,1,1,1,253.91,1,5,3,1,3,1,12,1,3,1,3
4,9,7,73,1.8,3,1,2,2,1,285,1,19,3,3,1,1,11,3,1,3,1
4,9,7,74,0.05,1,1,1,1,1,362.91,0,14,3,3,3,3,15,1,1,1,1
4,9,7,75,1.8,2,2,2,2,1,251.65,1,9,1,1,2,2,1,3,3,2,2
4,9,7,76,0.05,1,3,1,1,1,303.66,0,4,1,1,1,1,11,1,1,3,3
4,9,7,77,0.8,1,1,1,1,1,232.61,1,7,1,1,1,1,4,1,1,1,1
4,9,7,78,1.8,3,2,2,2,1,247.3,1,11,3,3,1,1,16,1,3,2,2
4,9,8,1,0.05,1,2,1,1,1,271.5,1,4,3,3,3,3,1,3,3,2,2
4,9,8,2,0.8,2,3,2,2,1,239.39,1,17,1,3,2,2,2,3,1,1,3
4,9,8,3,1.8,3,1,2,2,1,226.15,1,7,1,1,3,3,13,1,1,1,1
4,9,8,4,0.05,1,2,1,1,1,275.74,1,8,3,3,3,3,19,1,1,2,2
4,9,8,5,0.1,3,1,2,1,0,299.53,1,10,3,3,1,1,17,1,3,1,3
4,9,8,6,1.8,3,2,NaN,NaN,NaN,NaN,NaN,14,3,1,1,3,2,3,1,2,2
4,9,8,7,0.1,1,2,1,1,1,247.03,1,16,3,3,3,3,17,3,1,2,2
4,9,8,8,1.8,1,1,1,1,1,214.89,1,17,3,3,3,3,20,1,1,1,1
4,9,8,9,0.4,1,1,1,1,1,284.7,1,8,3,1,3,1,4,1,3,1,3
4,9,8,10,0.4,2,2,2,2,1,277.69,1,8,3,1,2,2,2,1,3,2,2
4,9,8,11,0.05,3,2,2,1,0,520.77,0,12,3,3,1,1,19,3,3,2,2
4,9,8,12,1.8,1,2,1,1,1,215.83,1,13,3,1,3,1,4,1,3,2,2
4,9,8,13,0.4,3,1,2,2,1,244.76,1,13,1,1,3,3,13,1,3,1,3
4,9,8,14,0.4,3,3,2,2,1,240.15,1,9,3,3,1,1,19,1,3,3,1
4,9,8,15,0.05,1,2,1,1,1,305.65,0,7,3,3,3,3,19,3,1,2,2
4,9,8,16,0.2,3,2,2,2,1,287.93,1,6,3,3,1,1,4,3,1,2,2
4,9,8,17,0.8,2,2,2,2,1,264.38,1,9,1,3,2,2,13,3,3,2,2
4,9,8,18,0.1,3,3,2,1,0,287.33,1,14,1,1,3,3,4,1,3,3,1
4,9,8,19,0.8,1,1,1,1,1,255.26,1,15,3,3,3,3,6,1,1,1,1
4,9,8,20,1.8,3,2,2,2,1,222.35,1,18,3,1,1,3,12,3,3,2,2
4,9,8,21,0.1,1,1,1,1,1,247.73,1,19,3,1,3,1,11,1,3,1,3
4,9,8,22,0.4,2,2,2,2,1,272.54,1,12,3,3,2,2,15,3,3,2,2
4,9,8,23,0.05,1,2,1,1,1,261.23,1,13,3,1,3,1,1,1,3,2,2
4,9,8,24,0.1,1,3,1,1,1,273.69,1,6,1,1,1,1,8,3,1,1,3
4,9,8,25,0.4,1,1,1,1,1,122.2,1,6,3,1,3,1,19,1,1,1,1
4,9,8,26,0.8,2,3,2,2,1,249.05,1,13,3,3,2,2,8,3,1,1,3
4,9,8,27,0.2,3,2,2,2,1,233.67,1,16,1,1,3,3,20,3,1,2,2
4,9,8,28,1.8,1,1,1,1,1,248.4,1,6,3,1,3,1,7,1,3,1,3
4,9,8,29,1.8,2,2,2,2,1,217.95,1,10,1,3,2,2,15,1,1,2,2
4,9,8,30,0.8,2,1,2,2,1,248.76,1,11,1,3,2,2,10,3,1,3,1
4,9,8,31,0.1,2,3,2,1,0,272.39,1,18,3,3,2,2,11,1,3,3,1
4,9,8,32,0.8,2,1,2,2,1,241.43,1,15,1,3,2,2,9,3,3,3,3
4,9,8,33,1.8,1,1,1,1,1,225.45,1,2,1,3,1,3,2,1,3,1,3
4,9,8,34,0.2,2,2,2,2,1,319.38,0,5,1,3,2,2,4,3,1,2,2
4,9,8,35,0.4,1,2,1,1,1,233.38,1,10,3,3,3,3,10,3,3,2,2
4,9,8,36,0.2,2,3,2,1,0,231.01,1,18,1,1,2,2,13,3,3,1,1
4,9,8,37,0.2,2,3,2,2,1,279.72,1,9,3,3,2,2,19,3,1,1,3
4,9,8,38,0.05,1,3,1,1,1,250.89,1,19,1,3,1,3,19,3,1,1,3
4,9,8,39,0.1,3,2,2,2,1,318.55,0,17,3,1,1,3,11,1,1,2,2
4,9,8,40,0.1,1,1,1,1,1,264.23,1,20,1,1,1,1,20,3,1,3,1
4,9,8,41,0.8,1,2,1,1,1,240.23,1,15,1,1,1,1,17,3,1,2,2
4,9,8,42,0.2,3,3,2,2,1,287.65,1,17,1,3,3,1,15,3,1,1,3
4,9,8,43,0.1,1,1,1,1,1,237.22,1,20,3,3,3,3,15,1,1,1,1
4,9,8,44,0.1,3,2,2,2,1,436.28,0,16,3,3,1,1,6,3,3,2,2
4,9,8,45,0.1,1,1,1,1,1,240.66,1,8,3,3,3,3,17,3,3,3,3
4,9,8,46,0.8,3,3,2,2,1,228.04,1,11,3,3,1,1,4,3,3,1,1
4,9,8,47,0.05,1,1,1,1,1,276.42,1,15,1,3,1,3,16,3,1,3,1
4,9,8,48,1.8,1,3,1,1,1,229.81,1,7,3,1,3,1,20,3,1,1,3
4,9,8,49,0.4,2,2,2,1,0,297.9,1,20,1,1,2,2,13,3,3,2,2
4,9,8,50,0.05,1,3,1,1,1,231.8,1,12,1,3,1,3,10,3,1,1,3
4,9,8,51,1.8,2,1,2,2,1,227.59,1,12,1,3,2,2,7,1,1,1,1
4,9,8,52,0.8,1,3,1,1,1,229.17,1,20,1,3,1,3,8,3,3,1,1
4,9,8,53,0.2,2,3,2,2,1,287.97,1,16,1,3,2,2,2,1,3,3,1
4,9,8,54,0.8,3,1,2,2,1,253.38,1,9,1,1,3,3,7,3,3,3,3
4,9,8,55,0.2,2,2,2,2,1,257.39,1,13,1,1,2,2,14,1,1,2,2
4,9,8,56,0.1,2,3,2,1,0,305.35,0,19,1,3,2,2,19,3,1,1,3
4,9,8,57,0.2,1,2,1,1,1,244.45,1,5,1,3,1,3,14,1,1,2,2
4,9,8,58,1.8,2,3,2,2,1,242.22,1,19,3,1,2,2,17,3,1,1,3
4,9,8,59,0.2,1,1,1,1,1,295.53,1,13,1,3,1,3,17,1,3,1,3
4,9,8,60,0.4,3,3,2,2,1,249.07,1,1,3,1,1,3,9,3,3,1,1
4,9,8,61,0.8,1,3,1,1,1,250.55,1,13,3,3,3,3,17,1,1,3,3
4,9,8,62,0.4,1,3,1,1,1,201.61,1,15,1,1,1,1,17,3,3,1,1
4,9,8,63,0.4,2,3,2,2,1,235.09,1,8,3,1,2,2,20,1,3,3,1
4,9,8,64,0.1,1,1,1,1,1,269.98,1,5,3,3,3,3,10,3,1,3,1
4,9,8,65,0.05,2,1,2,2,1,319.17,0,12,3,3,2,2,10,1,1,1,1
4,9,8,66,1.8,2,2,2,2,1,231.86,1,13,1,1,2,2,18,1,1,2,2
4,9,8,67,0.2,2,1,2,1,0,276.8,1,15,1,1,2,2,20,3,1,3,1
4,9,8,68,0.4,3,3,2,2,1,239.45,1,7,1,3,3,1,10,3,3,1,1
4,9,8,69,0.8,3,2,2,2,1,260.35,1,2,3,3,1,1,11,1,1,2,2
4,9,8,70,0.2,3,1,2,2,1,256.66,1,8,3,3,1,1,5,3,3,3,3
4,9,8,71,0.8,3,3,2,2,1,259.56,1,3,1,1,3,3,13,3,1,1,3
4,9,8,72,0.4,1,1,1,1,1,241.02,1,15,3,1,3,1,13,1,1,1,1
4,9,8,73,1.8,1,2,1,1,1,251.96,1,4,3,1,3,1,11,1,3,2,2
4,9,8,74,0.05,1,3,1,1,1,321.81,0,1,1,3,1,3,16,1,1,3,3
4,9,8,75,0.05,1,3,1,2,0,320.33,0,4,1,1,1,1,8,1,1,3,3
4,9,8,76,0.2,1,2,1,1,1,248.5,1,5,3,1,3,1,20,1,1,2,2
4,9,8,77,0.05,1,1,1,1,1,289.4,1,17,3,1,3,1,8,3,1,3,1
4,9,8,78,0.05,3,2,2,1,0,290.28,1,17,1,3,3,1,2,3,3,2,2
4,9,9,1,0.2,1,2,1,1,1,216.94,1,10,1,3,1,3,5,3,1,2,2
4,9,9,2,1.8,1,2,NaN,NaN,NaN,NaN,NaN,7,1,1,1,1,14,1,3,2,2
4,9,9,3,0.05,1,1,1,1,1,273.32,1,14,1,3,1,3,17,3,3,3,3
4,9,9,4,0.8,1,3,1,1,1,234.23,1,9,3,1,3,1,5,1,1,3,3
4,9,9,5,0.4,1,1,1,1,1,466.29,0,10,1,1,1,1,2,1,3,1,3
4,9,9,6,0.2,2,3,2,1,0,224.14,1,14,1,1,2,2,7,3,1,1,3
4,9,9,7,0.8,3,1,2,2,1,461.99,0,16,3,3,1,1,20,3,1,3,1
4,9,9,8,0.8,1,1,1,1,1,230.23,1,1,3,3,3,3,4,3,3,3,3
4,9,9,9,0.2,1,3,1,1,1,232.42,1,12,1,3,1,3,14,1,3,3,1
4,9,9,10,0.4,3,2,2,2,1,244.44,1,15,1,3,3,1,15,3,3,2,2
4,9,9,11,0.4,1,2,1,1,1,270.45,1,5,3,3,3,3,12,1,3,2,2
4,9,9,12,0.4,1,1,1,1,1,259.87,1,10,3,1,3,1,11,3,3,3,3
4,9,9,13,0.2,3,1,2,2,1,258.47,1,9,3,1,1,3,11,1,3,1,3
4,9,9,14,1.8,2,2,2,2,1,237.13,1,13,3,3,2,2,8,1,1,2,2
4,9,9,15,0.4,1,3,1,1,1,227.39,1,16,1,1,1,1,19,3,3,1,1
4,9,9,16,0.05,2,3,2,1,0,496.1,0,12,3,3,2,2,16,1,1,3,3
4,9,9,17,1.8,1,2,1,2,0,268.1,1,13,3,1,3,1,19,3,3,2,2
4,9,9,18,1.8,1,1,1,1,1,262.04,1,15,1,1,1,1,5,3,1,3,1
4,9,9,19,0.05,2,1,2,1,0,323.64,0,10,3,3,2,2,11,3,3,3,3
4,9,9,20,0.1,1,1,1,1,1,260.27,1,8,3,1,3,1,10,1,1,1,1
4,9,9,21,0.8,2,3,2,2,1,303.46,0,18,1,3,2,2,5,1,1,3,3
4,9,9,22,1.8,3,2,2,2,1,287.37,1,11,1,1,3,3,10,3,1,2,2
4,9,9,23,0.4,1,2,1,2,0,282.63,1,2,1,1,1,1,13,3,3,2,2
4,9,9,24,0.1,3,2,2,2,1,318.11,0,18,1,3,3,1,16,3,1,2,2
4,9,9,25,0.4,1,3,1,1,1,234.24,1,2,3,1,3,1,6,3,3,1,1
4,9,9,26,0.4,2,2,2,2,1,279.45,1,5,1,1,2,2,12,3,3,2,2
4,9,9,27,0.05,3,3,2,2,1,338.47,0,7,1,1,3,3,10,3,1,1,3
4,9,9,28,1.8,2,3,2,2,1,253.81,1,11,3,3,2,2,19,3,3,1,1
4,9,9,29,0.1,1,2,1,1,1,270.16,1,17,1,3,1,3,6,3,1,2,2
4,9,9,30,1.8,1,1,1,1,1,244.36,1,16,3,3,3,3,5,3,3,3,3
4,9,9,31,0.8,1,1,1,1,1,221.77,1,6,1,3,1,3,19,1,1,1,1
4,9,9,32,1.8,1,1,1,1,1,239.79,1,8,1,3,1,3,7,3,1,3,1
4,9,9,33,1.8,1,2,1,1,1,329.36,0,13,1,1,1,1,13,3,3,2,2
4,9,9,34,0.1,2,2,2,2,1,344.56,0,12,1,3,2,2,5,1,3,2,2
4,9,9,35,0.05,3,2,2,2,1,351.27,0,14,3,1,1,3,7,1,1,2,2
4,9,9,36,0.2,3,2,2,2,1,274.22,1,16,3,3,1,1,17,1,3,2,2
4,9,9,37,1.8,2,1,2,2,1,235.05,1,16,3,3,2,2,3,3,1,3,1
4,9,9,38,0.2,3,3,2,1,0,276.37,1,12,3,3,1,1,4,1,3,3,1
4,9,9,39,1.8,2,2,2,1,0,254.05,1,7,3,3,2,2,17,1,3,2,2
4,9,9,40,0.8,1,3,1,2,0,250.23,1,14,3,1,3,1,10,1,1,3,3
4,9,9,41,0.4,1,3,1,1,1,14.393,2,16,3,3,3,3,6,3,1,1,3
4,9,9,42,0.8,1,3,1,1,1,229.12,1,12,1,1,1,1,9,1,3,3,1
4,9,9,43,0.4,1,3,1,1,1,246.3,1,17,1,3,1,3,14,3,3,1,1
4,9,9,44,0.05,1,1,1,1,1,315.13,0,14,3,3,3,3,11,3,3,3,3
4,9,9,45,0.1,3,1,2,2,1,332.84,0,18,1,1,3,3,8,3,1,3,1
4,9,9,46,0.1,3,2,2,2,1,275.6,1,2,1,1,3,3,3,1,1,2,2
4,9,9,47,0.8,3,2,2,2,1,239.66,1,17,3,1,1,3,16,3,3,2,2
4,9,9,48,0.2,3,3,2,2,1,250.56,1,19,1,1,3,3,6,1,1,3,3
4,9,9,49,0.2,3,3,2,2,1,296.46,1,20,1,1,3,3,11,1,3,3,1
4,9,9,50,0.8,3,2,2,2,1,285.49,1,17,3,3,1,1,7,1,3,2,2
4,9,9,51,0.1,3,1,2,2,1,374.22,0,14,1,3,3,1,3,3,1,3,1
4,9,9,52,1.8,2,2,2,2,1,240.36,1,11,1,1,2,2,13,3,3,2,2
4,9,9,53,0.2,1,2,1,1,1,191.41,1,6,1,3,1,3,2,3,3,2,2
4,9,9,54,1.8,3,1,2,2,1,426.97,0,2,3,1,1,3,10,1,1,1,1
4,9,9,55,0.2,1,2,1,1,1,256.52,1,8,1,3,1,3,10,1,3,2,2
4,9,9,56,0.1,2,1,2,2,1,292.8,1,4,1,1,2,2,11,1,1,1,1
4,9,9,57,0.1,1,2,1,1,1,242.57,1,13,3,3,3,3,5,3,3,2,2
4,9,9,58,0.05,2,3,2,2,1,381.7,0,11,1,1,2,2,10,3,3,1,1
4,9,9,59,0.05,1,3,1,1,1,265.99,1,13,3,1,3,1,12,1,3,3,1
4,9,9,60,0.1,1,3,1,1,1,223.24,1,15,1,1,1,1,15,3,3,1,1
4,9,9,61,0.2,1,3,1,1,1,268.94,1,11,1,3,1,3,11,3,3,1,1
4,9,9,62,0.4,3,2,2,2,1,242.05,1,11,3,1,1,3,3,1,3,2,2
4,9,9,63,0.05,3,1,2,2,1,315.85,0,19,3,3,1,1,20,3,1,3,1
4,9,9,64,0.2,2,2,2,2,1,251.68,1,9,1,1,2,2,9,3,3,2,2
4,9,9,65,0.05,1,2,1,1,1,311.62,0,12,1,1,1,1,14,1,1,2,2
4,9,9,66,0.4,1,3,1,1,1,337.67,0,9,3,1,3,1,17,3,1,1,3
4,9,9,67,0.8,3,3,NaN,NaN,NaN,NaN,NaN,1,3,1,1,3,11,3,1,1,3
4,9,9,68,0.05,1,2,1,1,1,270.6,1,13,1,3,1,3,19,3,1,2,2
4,9,9,69,0.8,2,2,2,2,1,269.91,1,14,3,3,2,2,12,1,3,2,2
4,9,9,70,0.1,1,1,1,1,1,243.22,1,6,1,1,1,1,5,3,1,3,1
4,9,9,71,0.05,2,2,2,1,0,265.06,1,9,1,3,2,2,19,3,1,2,2
4,9,9,72,0.05,3,3,2,1,0,296.23,1,20,1,1,3,3,9,1,1,3,3
4,9,9,73,0.8,2,1,2,2,1,272.25,1,14,3,1,2,2,9,1,3,1,3
4,9,9,74,0.1,3,2,2,2,1,290.75,1,7,3,3,1,1,15,3,3,2,2
4,9,9,75,0.4,3,2,2,2,1,301.16,0,9,3,3,1,1,17,3,1,2,2
4,9,9,76,0.2,1,3,1,1,1,278.47,1,11,3,3,3,3,12,3,1,1,3
4,9,9,77,0.1,1,3,1,1,1,276.88,1,9,3,1,3,1,15,3,3,1,1
4,9,9,78,0.8,2,1,2,2,1,215.5,1,14,3,1,2,2,19,1,1,1,1
4,9,10,1,0.05,2,2,2,2,1,359.19,0,8,3,1,2,2,4,3,1,2,2
4,9,10,2,0.2,1,2,1,1,1,201.3,1,12,1,3,1,3,7,3,3,2,2
4,9,10,3,0.2,2,3,2,1,0,139.48,1,1,3,3,2,2,8,1,3,3,1
4,9,10,4,0.4,2,1,2,1,0,255.98,1,12,1,1,2,2,12,1,3,1,3
4,9,10,5,0.2,3,2,2,2,1,202.3,1,6,3,1,1,3,10,1,1,2,2
4,9,10,6,0.1,3,2,2,2,1,271.12,1,6,1,3,3,1,15,3,3,2,2
4,9,10,7,1.8,2,3,2,2,1,250.03,1,19,1,3,2,2,7,1,1,3,3
4,9,10,8,0.8,3,3,2,2,1,261.84,1,5,3,3,1,1,10,3,3,1,1
4,9,10,9,0.1,2,1,2,2,1,305.24,0,4,3,1,2,2,2,1,1,1,1
4,9,10,10,1.8,1,3,1,2,0,243.94,1,7,1,3,1,3,12,3,3,1,1
4,9,10,11,0.1,3,2,2,2,1,260.65,1,4,1,3,3,1,13,3,3,2,2
4,9,10,12,0.05,2,3,2,1,0,524.24,0,16,1,1,2,2,18,1,3,3,1
4,9,10,13,0.8,3,1,NaN,NaN,NaN,NaN,NaN,9,3,3,1,1,8,1,1,1,1
4,9,10,14,0.2,2,1,2,2,1,291.05,1,16,1,1,2,2,1,1,1,1,1
4,9,10,15,0.05,3,3,2,2,1,422.89,0,10,1,1,3,3,15,1,3,3,1
4,9,10,16,1.8,3,2,2,2,1,255.09,1,12,1,3,3,1,2,3,1,2,2
4,9,10,17,0.1,2,2,2,2,1,288.26,1,8,3,3,2,2,10,3,1,2,2
4,9,10,18,0.1,1,1,1,1,1,243.01,1,6,1,3,1,3,19,3,3,3,3
4,9,10,19,0.1,1,1,1,1,1,249.44,1,5,3,3,3,3,10,3,1,3,1
4,9,10,20,0.4,1,1,1,1,1,246.91,1,17,1,1,1,1,5,1,1,1,1
4,9,10,21,0.1,1,3,1,1,1,283.56,1,1,1,3,1,3,7,3,1,1,3
4,9,10,22,0.1,1,3,1,1,1,235.46,1,14,1,1,1,1,14,1,1,3,3
4,9,10,23,0.2,3,2,2,2,1,260.01,1,9,1,3,3,1,10,1,3,2,2
4,9,10,24,1.8,2,1,2,2,1,240.3,1,2,3,3,2,2,12,1,3,1,3
4,9,10,25,0.4,3,3,2,2,1,235.31,1,2,3,1,1,3,9,1,3,3,1
4,9,10,26,0.1,1,1,1,1,1,293.04,1,17,1,3,1,3,11,3,3,3,3
4,9,10,27,0.1,1,2,1,1,1,248.05,1,19,3,3,3,3,8,3,3,2,2
4,9,10,28,0.2,1,3,1,1,1,380.12,0,2,3,1,3,1,5,1,3,3,1
4,9,10,29,0.1,1,2,1,1,1,237.56,1,9,1,1,1,1,5,1,1,2,2
4,9,10,30,0.4,3,1,2,2,1,281.57,1,13,3,1,1,3,19,1,3,1,3
4,9,10,31,0.4,3,1,2,1,0,349.04,0,11,3,1,1,3,4,1,3,1,3
4,9,10,32,0.8,2,2,2,1,0,269,1,15,3,1,2,2,1,3,1,2,2
4,9,10,33,0.8,1,3,1,1,1,229.9,1,2,1,1,1,1,19,1,3,3,1
4,9,10,34,0.05,3,2,2,2,1,311.86,0,9,3,3,1,1,7,1,3,2,2
4,9,10,35,0.8,2,2,2,2,1,235.25,1,1,3,1,2,2,18,3,3,2,2
4,9,10,36,0.8,3,2,2,2,1,315.23,0,12,3,1,1,3,4,1,3,2,2
4,9,10,37,1.8,1,2,1,1,1,215.96,1,19,1,1,1,1,19,1,3,2,2
4,9,10,38,0.8,1,2,1,1,1,231.03,1,11,3,1,3,1,15,1,3,2,2
4,9,10,39,0.05,1,2,1,1,1,270.52,1,18,1,1,1,1,18,3,3,2,2
4,9,10,40,1.8,1,1,1,1,1,227.21,1,14,3,1,3,1,8,3,3,3,3
4,9,10,41,0.1,1,3,1,1,1,230.73,1,1,3,1,3,1,13,3,3,1,1
4,9,10,42,0.8,1,1,1,1,1,263.36,1,17,3,1,3,1,18,1,1,1,1
4,9,10,43,0.4,3,2,2,2,1,267.56,1,15,3,1,1,3,4,3,3,2,2
4,9,10,44,0.4,3,3,2,2,1,278.21,1,14,3,1,1,3,1,3,1,1,3
4,9,10,45,1.8,2,1,2,2,1,238.89,1,11,1,3,2,2,13,1,3,1,3
4,9,10,46,0.2,3,2,2,2,1,271.07,1,1,1,3,3,1,9,3,1,2,2
4,9,10,47,0.4,1,3,1,1,1,277.4,1,2,3,1,3,1,2,3,1,1,3
4,9,10,48,0.8,2,3,2,2,1,241.79,1,13,1,1,2,2,8,3,1,1,3
4,9,10,49,0.05,2,2,2,1,0,327.11,0,2,3,3,2,2,11,3,1,2,2
4,9,10,50,0.2,1,1,1,1,1,290,1,19,1,3,1,3,18,1,3,1,3
4,9,10,51,1.8,2,3,2,2,1,257.55,1,6,1,3,2,2,18,3,3,1,1
4,9,10,52,1.8,3,2,NaN,NaN,NaN,NaN,NaN,20,3,3,1,1,11,1,1,2,2
4,9,10,53,0.2,1,1,1,2,0,282.28,1,7,3,3,3,3,4,3,3,3,3
4,9,10,54,0.2,1,2,1,2,0,231.52,1,18,3,1,3,1,2,3,1,2,2
4,9,10,55,1.8,1,3,1,1,1,239.73,1,16,3,1,3,1,12,3,3,1,1
4,9,10,56,1.8,1,1,1,1,1,234.9,1,11,1,1,1,1,7,1,3,1,3
4,9,10,57,0.4,3,2,2,2,1,258.67,1,9,3,1,1,3,3,1,1,2,2
4,9,10,58,0.05,3,3,2,1,0,376.66,0,15,3,3,1,1,15,3,3,1,1
4,9,10,59,0.2,2,1,2,2,1,252.23,1,7,1,1,2,2,13,3,3,3,3
4,9,10,60,0.4,3,2,2,2,1,236.67,1,16,1,3,3,1,6,1,3,2,2
4,9,10,61,0.05,1,2,1,1,1,289.07,1,2,1,1,1,1,16,1,1,2,2
4,9,10,62,0.4,2,3,2,2,1,286.39,1,12,1,3,2,2,14,1,3,3,1
4,9,10,63,0.05,2,2,2,2,1,371.28,0,7,1,1,2,2,5,1,3,2,2
4,9,10,64,1.8,1,1,1,2,0,246.46,1,4,3,3,3,3,20,1,3,1,3
4,9,10,65,0.8,1,1,1,1,1,281.54,1,2,3,1,3,1,10,3,1,3,1
4,9,10,66,1.8,1,1,1,1,1,244.9,1,11,1,3,1,3,14,1,1,1,1
4,9,10,67,0.8,3,1,2,2,1,244.79,1,9,3,3,1,1,19,3,1,3,1
4,9,10,68,0.4,2,1,2,2,1,263.32,1,2,3,1,2,2,5,1,1,1,1
4,9,10,69,0.8,2,2,2,2,1,252.7,1,7,1,1,2,2,6,3,3,2,2
4,9,10,70,0.4,1,3,1,1,1,259.65,1,1,1,1,1,1,7,3,3,1,1
4,9,10,71,0.1,2,1,2,2,1,354.69,0,11,1,1,2,2,3,3,1,3,1
4,9,10,72,0.2,1,1,1,1,1,233.87,1,4,1,3,1,3,15,1,3,1,3
4,9,10,73,0.05,1,3,1,1,1,283.38,1,17,3,3,3,3,18,1,1,3,3
4,9,10,74,0.8,1,3,1,1,1,243.67,1,7,1,1,1,1,6,3,1,1,3
4,9,10,75,0.2,1,3,1,1,1,260.11,1,8,1,1,1,1,19,1,1,3,3
4,9,10,76,0.05,1,1,1,1,1,414.04,0,7,3,3,3,3,7,3,1,3,1
4,9,10,77,0.05,1,1,1,1,1,302.61,0,10,3,1,3,1,10,3,3,3,3
4,9,10,78,0.05,3,1,2,1,0,301.89,0,17,3,3,1,1,2,1,3,1,3
