3,5,1,1,0.2,1,1,1,1,1,212.16,1,15,3,1,3,1,18,3,1,3,1
3,5,1,2,0.4,2,3,2,2,1,229.39,1,18,3,1,2,2,1,1,3,3,1
3,5,1,3,0.1,1,3,1,1,1,207.65,1,19,1,1,1,1,1,1,3,3,1
3,5,1,4,0.05,1,1,1,1,1,242.69,1,20,3,1,3,1,3,3,1,3,1
3,5,1,5,0.2,1,3,1,1,1,182.41,1,13,1,3,1,3,14,3,3,1,1
3,5,1,6,0.1,1,1,1,1,1,213.49,1,16,1,1,1,1,20,1,3,1,3
3,5,1,7,0.05,1,2,1,1,1,235.77,1,20,1,1,1,1,10,3,3,2,2
3,5,1,8,0.1,3,1,2,1,0,124.41,1,2,1,1,3,3,15,1,3,1,3
3,5,1,9,0.8,3,2,2,2,1,190.04,1,17,1,1,3,3,6,3,1,2,2
3,5,1,10,1.8,1,3,1,1,1,343.02,0,15,1,1,1,1,5,3,3,1,1
3,5,1,11,1.8,1,2,1,1,1,192.86,1,16,1,1,1,1,18,1,1,2,2
3,5,1,12,0.05,3,3,2,2,1,261.45,1,16,3,3,1,1,20,3,3,1,1
3,5,1,13,1.8,2,1,2,1,0,178.45,1,1,1,1,2,2,3,1,3,1,3
3,5,1,14,1.8,3,3,2,2,1,209.6,1,9,1,1,3,3,9,3,1,1,3
3,5,1,15,0.1,1,1,1,1,1,289.15,1,5,3,1,3,1,15,3,3,3,3
3,5,1,16,0.4,1,3,1,1,1,222.64,1,4,3,3,3,3,15,3,3,1,1
3,5,1,17,0.8,3,1,2,1,0,238.22,1,12,3,3,1,1,7,3,3,3,3
3,5,1,18,0.1,3,1,2,2,1,291.32,1,5,1,1,3,3,4,3,3,3,3
3,5,1,19,1.8,2,1,2,1,0,181.32,1,5,1,1,2,2,15,1,3,1,3
3,5,1,20,0.05,2,3,2,1,0,271.8,1,8,1,1,2,2,16,1,3,3,1
3,5,1,21,0.05,1,1,1,1,1,229.36,1,5,3,3,3,3,19,1,1,1,1
3,5,1,22,1.8,1,1,1,1,1,207.67,1,9,3,3,3,3,8,1,1,1,1
3,5,1,23,0.4,2,3,2,2,1,244.42,1,13,3,1,2,2,12,1,3,3,1
3,5,1,24,0.8,1,2,1,1,1,220.72,1,11,3,3,3,3,3,1,1,2,2
3,5,1,25,0.2,1,1,1,1,1,202.59,1,3,1,3,1,3,10,3,1,3,1
3,5,1,26,0.1,1,2,1,1,1,266.98,1,17,1,3,1,3,19,3,1,2,2
3,5,1,27,0.05,3,3,2,2,1,312.53,0,4,3,1,1,3,9,1,3,3,1
3,5,1,28,0.05,1,1,1,1,1,294.94,1,11,3,1,3,1,19,1,1,1,1
3,5,1,29,0.4,3,1,2,2,1,221.82,1,15,3,1,1,3,4,3,3,3,3
3,5,1,30,0.05,2,1,2,1,0,290.19,1,13,1,1,2,2,8,1,3,1,3
3,5,1,31,0.1,1,2,1,1,1,175.67,1,8,1,3,1,3,13,3,1,2,2
3,5,1,32,0.2,1,3,1,1,1,216.53,1,14,1,3,1,3,13,3,3,1,1
3,5,1,33,0.8,2,3,2,2,1,209.06,1,3,1,1,2,2,5,1,1,3,3
3,5,1,34,0.4,3,1,2,2,1,248.2,1,17,1,1,3,3,17,1,3,1,3
3,5,1,35,0.05,2,2,2,1,0,285.19,1,12,3,1,2,2,8,3,3,2,2
3,5,1,36,0.8,3,3,2,2,1,217.2,1,19,1,1,3,3,20,1,1,3,3
3,5,1,37,0.4,1,1,1,1,1,206.89,1,18,1,3,1,3,3,3,3,3,3
3,5,1,38,0.4,3,2,2,2,1,234.56,1,20,3,1,1,3,12,1,3,2,2
3,5,1,39,0.4,1,2,1,1,1,210.47,1,20,1,3,1,3,10,1,1,2,2
3,5,1,40,0.05,1,1,1,1,1,232.79,1,20,1,1,1,1,13,1,3,1,3
3,5,1,41,1.8,1,2,NaN,NaN,NaN,NaN,NaN,14,1,3,1,3,1,3,1,2,2
3,5,1,42,0.1,3,2,2,2,1,299.92,1,2,3,1,1,3,3,1,3,2,2
3,5,1,43,1.8,1,1,1,1,1,212.65,1,6,1,1,1,1,18,1,1,1,1
3,5,1,44,0.8,3,1,2,2,1,262.18,1,8,1,1,3,3,3,1,1,1,1
3,5,1,45,0.8,1,1,1,1,1,191.05,1,15,3,1,3,1,11,1,1,1,1
3,5,1,46,0.2,3,2,2,2,1,221.13,1,3,3,3,1,1,2,3,1,2,2
3,5,1,47,0.4,1,1,1,1,1,226.85,1,6,3,3,3,3,16,1,1,1,1
3,5,1,48,0.1,3,2,2,2,1,271.77,1,6,1,1,3,3,20,1,1,2,2
3,5,1,49,0.1,2,2,2,1,0,301.61,0,2,3,1,2,2,20,3,3,2,2
3,5,1,50,0.4,2,3,2,1,0,228.94,1,7,1,3,2,2,8,3,1,1,3
3,5,1,51,0.4,1,1,1,1,1,196.44,1,15,1,1,1,1,2,3,3,3,3
3,5,1,52,0.05,3,1,2,2,1,275.17,1,10,1,1,3,3,12,3,3,3,3
3,5,1,53,1.8,1,1,1,1,1,209.73,1,16,1,1,1,1,9,3,1,3,1
3,5,1,54,0.8,3,2,2,2,1,233.76,1,8,1,3,3,1,20,3,3,2,2
3,5,1,55,0.8,1,2,1,1,1,206.26,1,12,1,1,1,1,17,3,1,2,2
3,5,1,56,0.2,1,1,1,1,1,228.49,1,2,3,3,3,3,14,3,1,3,1
3,5,1,57,0.1,1,1,1,1,1,270.16,1,10,1,3,1,3,14,1,3,1,3
3,5,1,58,1.8,3,3,NaN,NaN,NaN,NaN,NaN,6,3,1,1,3,20,1,3,3,1
3,5,1,59,1.8,1,3,1,1,1,247.25,1,2,3,3,3,3,6,3,1,1,3
3,5,1,60,0.2,1,3,1,1,1,239.92,1,13,3,3,3,3,19,1,3,3,1
3,5,1,61,0.05,1,2,1,1,1,242.03,1,7,1,3,1,3,16,1,3,2,2
3,5,1,62,1.8,1,2,1,1,1,208.43,1,6,3,3,3,3,19,1,1,2,2
3,5,1,63,0.2,3,2,2,2,1,300.74,0,17,1,1,3,3,9,3,3,2,2
3,5,1,64,0.2,1,1,1,1,1,252.59,1,10,1,1,1,1,17,3,3,3,3
3,5,1,65,0.2,1,3,1,1,1,224.6,1,6,1,1,1,1,14,1,3,3,1
3,5,1,66,0.4,2,3,2,2,1,217.67,1,11,3,1,2,2,6,1,3,3,1
3,5,1,67,0.2,2,3,2,1,0,231.35,1,15,1,3,2,2,16,1,1,3,3
3,5,1,68,0.8,2,3,2,1,0,208.95,1,14,1,1,2,2,8,1,3,3,1
3,5,1,69,0.4,3,2,2,2,1,235.8,1,11,3,3,1,1,6,1,3,2,2
3,5,1,70,0.8,2,3,2,2,1,269.89,1,4,3,1,2,2,9,3,1,1,3
3,5,1,71,0.2,2,3,2,1,0,278.95,1,12,3,3,2,2,4,3,3,1,1
3,5,1,72,0.2,1,2,1,1,1,217.84,1,2,3,1,3,1,15,3,1,2,2
3,5,1,73,0.8,1,2,1,1,1,160.4,1,18,3,3,3,3,19,1,1,2,2
3,5,1,74,0.1,3,1,2,2,1,330.02,0,12,3,3,1,1,2,3,3,3,3
3,5,1,75,0.8,1,2,1,1,1,218.67,1,19,1,3,1,3,5,3,1,2,2
3,5,1,76,1.8,1,1,1,1,1,193.65,1,15,1,3,1,3,10,1,1,1,1
3,5,1,77,0.05,2,3,2,1,0,324.9,0,20,3,1,2,2,10,1,3,3,1
3,5,1,78,0.1,2,1,2,1,0,221.32,1,12,3,1,2,2,9,1,3,1,3
3,5,2,1,0.4,1,1,1,1,1,235.54,1,5,3,3,3,3,7,1,3,1,3
3,5,2,2,0.05,3,3,2,2,1,304.56,0,20,3,1,1,3,11,1,3,3,1
3,5,2,3,0.8,2,3,2,2,1,194.55,1,1,1,1,2,2,3,1,3,3,1
3,5,2,4,1.8,1,3,1,1,1,194.03,1,5,1,3,1,3,7,3,1,1,3
3,5,2,5,0.1,1,2,1,1,1,266.89,1,3,1,3,1,3,7,1,3,2,2
3,5,2,6,0.1,3,3,2,2,1,268.82,1,4,1,3,3,1,5,1,1,3,3
3,5,2,7,0.4,2,3,2,2,1,244.23,1,7,1,3,2,2,18,1,1,3,3
3,5,2,8,1.8,1,3,NaN,NaN,NaN,NaN,NaN,3,3,3,3,3,2,3,3,1,1
3,5,2,9,0.1,3,1,2,2,1,300.02,0,20,3,3,1,1,11,1,3,1,3
3,5,2,10,0.4,3,3,2,2,1,254.5,1,4,3,3,1,1,9,1,3,3,1
3,5,2,11,0.1,1,2,1,1,1,319.02,0,11,1,3,1,3,1,1,3,2,2
3,5,2,12,0.8,3,2,2,2,1,201.88,1,12,3,1,1,3,17,3,3,2,2
3,5,2,13,0.2,3,2,2,1,0,57.972,2,3,1,3,3,1,16,3,1,2,2
3,5,2,14,0.2,2,1,2,1,0,237.52,1,12,3,1,2,2,9,1,1,1,1
3,5,2,15,0.05,1,3,1,2,0,274.65,1,14,3,3,3,3,3,1,1,3,3
3,5,2,16,0.8,1,1,1,2,0,227.33,1,4,1,3,1,3,7,1,3,1,3
3,5,2,17,0.2,1,1,1,1,1,235,1,17,1,1,1,1,3,1,3,1,3
3,5,2,18,0.8,3,2,2,2,1,200.99,1,9,1,3,3,1,9,1,3,2,2
3,5,2,19,1.8,1,1,1,1,1,191.91,1,4,3,3,3,3,11,1,1,1,1
3,5,2,20,0.1,3,1,2,2,1,302.46,0,8,3,3,1,1,20,3,1,3,1
3,5,2,21,0.2,1,1,1,1,1,234.12,1,3,3,3,3,3,10,3,3,3,3
3,5,2,22,0.1,1,1,1,1,1,268.13,1,3,3,1,3,1,15,3,1,3,1
3,5,2,23,1.8,3,3,2,1,0,220.33,1,12,1,1,3,3,20,3,1,1,3
3,5,2,24,0.4,1,1,1,1,1,207.79,1,18,3,1,3,1,3,1,1,1,1
3,5,2,25,0.4,1,3,1,1,1,322.35,0,14,1,3,1,3,4,1,1,3,3
3,5,2,26,0.2,1,3,1,1,1,207.3,1,14,3,1,3,1,15,3,1,1,3
3,5,2,27,0.2,2,2,2,1,0,199.78,1,7,3,3,2,2,12,1,3,2,2
3,5,2,28,0.1,2,2,2,2,1,373.48,0,9,3,1,2,2,3,1,1,2,2
3,5,2,29,1.8,3,3,NaN,NaN,NaN,NaN,NaN,20,1,3,3,1,19,3,3,1,1
3,5,2,30,0.05,1,2,1,1,1,256.61,1,5,3,1,3,1,8,1,3,2,2
3,5,2,31,0.2,3,1,2,2,1,312.52,0,1,3,3,1,1,10,1,3,1,3
3,5,2,32,0.4,3,2,2,1,0,204.4,1,12,1,1,3,3,8,3,3,2,2
3,5,2,33,0.05,3,1,2,2,1,289.32,1,9,3,1,1,3,9,3,3,3,3
3,5,2,34,0.1,1,2,1,1,1,240.57,1,6,3,3,3,3,19,1,1,2,2
3,5,2,35,0.05,1,2,1,1,1,270.75,1,20,3,1,3,1,9,1,1,2,2
3,5,2,36,0.05,3,3,2,2,1,275.93,1,16,1,3,3,1,3,1,3,3,1
3,5,2,37,0.1,1,1,1,1,1,283.01,1,3,1,3,1,3,4,3,3,3,3
3,5,2,38,0.4,1,3,1,1,1,202.88,1,13,1,3,1,3,5,1,1,3,3
3,5,2,39,0.8,1,3,NaN,NaN,NaN,NaN,NaN,9,1,1,1,1,18,3,1,1,3
3,5,2,40,1.8,1,3,1,1,1,416.79,0,2,3,3,3,3,1,3,3,1,1
3,5,2,41,0.05,3,1,2,2,1,285.33,1,19,1,3,3,1,18,3,3,3,3
3,5,2,42,0.2,2,2,2,1,0,237.47,1,16,1,3,2,2,4,3,1,2,2
3,5,2,43,0.4,3,2,2,2,1,234.42,1,11,1,1,3,3,11,3,1,2,2
3,5,2,44,0.8,1,1,1,1,1,176.3,1,7,1,1,1,1,12,3,1,3,1
3,5,2,45,0.05,1,1,1,1,1,278.92,1,16,3,3,3,3,10,1,3,1,3
3,5,2,46,0.8,1,2,1,1,1,219.28,1,2,3,1,3,1,1,1,3,2,2
3,5,2,47,0.4,2,1,2,2,1,241.23,1,20,3,3,2,2,4,3,3,3,3
3,5,2,48,0.05,1,2,1,2,0,350.32,0,20,1,1,1,1,1,3,3,2,2
3,5,2,49,0.4,3,3,2,2,1,238.84,1,15,3,3,1,1,18,1,1,3,3
3,5,2,50,1.8,3,3,2,2,1,218.29,1,8,1,1,3,3,4,1,3,3,1
3,5,2,51,0.05,3,2,2,2,1,291.17,1,14,3,3,1,1,16,3,1,2,2
3,5,2,52,0.1,3,3,2,2,1,272.22,1,19,3,1,1,3,5,1,3,3,1
3,5,2,53,0.8,2,2,2,2,1,212.37,1,18,3,3,2,2,16,1,1,2,2
3,5,2,54,0.05,3,2,2,2,1,372.23,0,15,1,1,3,3,1,3,3,2,2
3,5,2,55,1.8,1,2,1,1,1,211.12,1,7,3,3,3,3,16,1,3,2,2
3,5,2,56,0.2,3,2,2,2,1,220.12,1,16,3,1,1,3,7,3,1,2,2
3,5,2,57,0.8,1,1,1,1,1,229.74,1,10,1,3,1,3,16,3,3,3,3
3,5,2,58,0.4,3,1,2,2,1,232.53,1,14,1,3,3,1,1,3,3,3,3
3,5,2,59,0.05,1,1,1,1,1,323.64,0,12,1,3,1,3,15,1,1,1,1
3,5,2,60,0.2,1,3,1,2,0,313.07,0,16,3,1,3,1,18,3,1,1,3
3,5,2,61,0.4,1,3,1,1,1,234.15,1,20,3,1,3,1,5,3,3,1,1
3,5,2,62,1.8,1,3,1,1,1,216.38,1,15,1,1,1,1,1,1,3,3,1
3,5,2,63,0.2,3,3,2,2,1,290.41,1,8,3,1,1,3,9,1,1,3,3
3,5,2,64,0.8,2,3,2,1,0,222.93,1,20,1,1,2,2,14,1,3,3,1
3,5,2,65,0.05,1,3,1,1,1,302.55,0,14,3,3,3,3,10,3,3,1,1
3,5,2,66,1.8,1,3,1,1,1,187.63,1,19,3,1,3,1,4,1,3,3,1
3,5,2,67,0.2,3,1,2,2,1,239.22,1,6,1,1,3,3,11,3,3,3,3
3,5,2,68,0.8,1,1,1,1,1,248.68,1,10,1,1,1,1,6,1,3,1,3
3,5,2,69,1.8,1,3,1,1,1,194.35,1,5,3,1,3,1,6,1,1,3,3
3,5,2,70,0.1,3,2,2,1,0,244,1,10,1,1,3,3,3,3,3,2,2
3,5,2,71,1.8,1,2,1,1,1,228.67,1,20,1,3,1,3,11,3,3,2,2
3,5,2,72,1.8,1,3,1,1,1,239.11,1,5,3,1,3,1,6,3,1,1,3
3,5,2,73,0.1,1,2,1,1,1,253.68,1,11,3,3,3,3,12,1,3,2,2
3,5,2,74,0.8,1,1,1,1,1,238.7,1,7,3,1,3,1,6,1,3,1,3
3,5,2,75,0.8,1,2,1,1,1,239.84,1,19,1,3,1,3,6,3,1,2,2
3,5,2,76,0.1,1,3,1,1,1,286.26,1,4,3,3,3,3,19,1,3,3,1
3,5,2,77,0.2,3,3,2,2,1,225.84,1,2,1,3,3,1,1,1,3,3,1
3,5,2,78,0.4,2,1,2,1,0,216.07,1,4,1,1,2,2,5,1,1,1,1
3,5,3,1,0.05,3,1,2,2,1,358.77,0,12,3,1,1,3,4,3,3,3,3
3,5,3,2,1.8,1,3,1,1,1,198.79,1,14,3,3,3,3,16,1,3,3,1
3,5,3,3,0.2,1,1,1,1,1,139.82,1,13,1,1,1,1,8,1,1,1,1
3,5,3,4,0.05,1,3,1,1,1,280.33,1,6,3,3,3,3,13,1,1,3,3
3,5,3,5,0.4,3,3,NaN,NaN,NaN,NaN,NaN,4,1,3,3,1,12,3,1,1,3
3,5,3,6,1.8,1,3,1,1,1,227.09,1,11,1,3,1,3,1,3,1,1,3
3,5,3,7,0.2,1,2,1,1,1,217.9,1,18,1,3,1,3,2,3,3,2,2
3,5,3,8,0.4,2,2,2,1,0,218.37,1,15,1,3,2,2,4,1,1,2,2
3,5,3,9,0.2,1,3,1,1,1,242.54,1,10,1,3,1,3,7,1,1,3,3
3,5,3,10,0.8,1,2,1,1,1,218.02,1,16,1,3,1,3,15,1,1,2,2
3,5,3,11,0.4,3,1,2,2,1,222.76,1,6,3,1,1,3,17,1,1,1,1
3,5,3,12,0.2,1,2,1,1,1,233.64,1,12,3,1,3,1,11,3,1,2,2
3,5,3,13,0.05,3,3,2,2,1,301.79,0,3,3,3,1,1,13,3,3,1,1
3,5,3,14,0.05,3,2,2,2,1,300.53,0,9,3,3,1,1,2,3,3,2,2
3,5,3,15,0.4,1,3,1,1,1,203.17,1,8,3,3,3,3,12,3,1,1,3
3,5,3,16,0.8,2,3,2,2,1,204.91,1,19,3,3,2,2,11,1,1,3,3
3,5,3,17,1.8,1,1,1,1,1,197.92,1,16,3,1,3,1,9,3,1,3,1
3,5,3,18,0.1,1,3,1,1,1,243.82,1,10,1,3,1,3,18,3,3,1,1
3,5,3,19,0.1,2,1,2,2,1,284.42,1,7,3,1,2,2,19,3,3,3,3
3,5,3,20,0.8,2,1,2,2,1,216.01,1,10,1,3,2,2,13,1,1,1,1
3,5,3,21,0.2,1,2,1,1,1,250.25,1,15,1,1,1,1,2,1,1,2,2
3,5,3,22,0.4,2,2,2,2,1,207.2,1,11,3,3,2,2,12,1,1,2,2
3,5,3,23,0.1,1,1,1,1,1,297.28,1,20,3,3,3,3,3,3,1,3,1
3,5,3,24,1.8,3,3,2,2,1,206.3,1,3,1,1,3,3,1,1,1,3,3
3,5,3,25,0.4,3,1,2,2,1,203.86,1,9,1,1,3,3,15,1,1,1,1
3,5,3,26,0.4,3,1,2,2,1,187.75,1,17,1,3,3,1,9,3,3,3,3
3,5,3,27,1.8,1,1,1,1,1,223.32,1,10,1,3,1,3,12,3,3,3,3
3,5,3,28,0.8,2,2,2,2,1,208.78,1,18,3,3,2,2,19,3,3,2,2
3,5,3,29,0.05,3,3,2,2,1,334.82,0,18,1,1,3,3,3,1,3,3,1
3,5,3,30,0.8,3,1,2,2,1,199.05,1,12,1,3,3,1,10,1,1,1,1
3,5,3,31,0.05,1,3,1,1,1,328.52,0,16,1,1,1,1,3,1,3,3,1
3,5,3,32,0.2,2,3,2,2,1,240.98,1,17,1,3,2,2,19,1,3,3,1
3,5,3,33,0.05,2,3,2,2,1,274.27,1,7,1,3,2,2,4,3,1,1,3
3,5,3,34,0.1,1,3,1,2,0,271.25,1,18,3,3,3,3,10,3,1,1,3
3,5,3,35,0.1,2,2,2,2,1,223.17,1,11,3,3,2,2,7,1,3,2,2
3,5,3,36,0.05,2,1,2,2,1,272.86,1,15,3,3,2,2,8,3,1,3,1
3,5,3,37,0.2,2,1,2,2,1,204.56,1,19,1,3,2,2,9,1,1,1,1
3,5,3,38,1.8,2,1,2,2,1,185.23,1,13,1,1,2,2,2,3,3,3,3
3,5,3,39,0.8,1,2,1,1,1,221.19,1,15,3,3,3,3,2,1,3,2,2
3,5,3,40,0.05,2,1,2,2,1,340.4,0,5,1,1,2,2,10,3,1,3,1
3,5,3,41,1.8,1,2,1,1,1,208.25,1,16,3,1,3,1,7,1,1,2,2
3,5,3,42,1.8,2,3,NaN,NaN,NaN,NaN,NaN,15,3,1,2,2,2,3,3,1,1
3,5,3,43,1.8,3,3,2,2,1,224.16,1,17,1,1,3,3,13,1,1,3,3
3,5,3,44,0.1,3,1,2,2,1,331.35,0,6,1,3,3,1,2,3,1,3,1
3,5,3,45,0.1,2,1,2,1,0,314.2,0,4,1,1,2,2,8,3,1,3,1
3,5,3,46,0.8,1,1,1,1,1,222.96,1,12,3,3,3,3,10,3,1,3,1
3,5,3,47,0.05,2,1,2,2,1,254.74,1,19,3,1,2,2,11,3,3,3,3
3,5,3,48,0.2,1,2,1,1,1,242.09,1,19,3,1,3,1,6,3,1,2,2
3,5,3,49,0.1,1,1,1,1,1,245.12,1,15,3,3,3,3,15,1,1,1,1
3,5,3,50,0.1,2,2,2,1,0,234.89,1,1,1,1,2,2,16,3,3,2,2
3,5,3,51,0.8,3,2,NaN,NaN,NaN,NaN,NaN,15,1,3,3,1,14,1,1,2,2
3,5,3,52,1.8,3,3,2,2,1,231.5,1,7,3,3,1,1,20,1,1,3,3
3,5,3,53,0.05,1,2,1,1,1,337.06,0,16,3,3,3,3,2,3,3,2,2
3,5,3,54,0.1,1,1,1,2,0,255.84,1,8,1,3,1,3,2,3,3,3,3
3,5,3,55,0.4,1,3,1,1,1,194.59,1,5,3,3,3,3,9,1,1,3,3
3,5,3,56,0.2,2,1,2,2,1,240.76,1,8,3,3,2,2,4,3,3,3,3
3,5,3,57,0.1,2,3,2,1,0,139.77,1,17,1,1,2,2,10,1,3,3,1
3,5,3,58,1.8,1,3,1,1,1,214.17,1,18,3,1,3,1,1,1,3,3,1
3,5,3,59,1.8,1,3,1,1,1,218.27,1,18,3,1,3,1,3,3,1,1,3
3,5,3,60,0.8,1,1,1,1,1,246.8,1,3,3,1,3,1,6,1,3,1,3
3,5,3,61,0.1,3,2,2,2,1,302.03,0,14,3,1,1,3,7,1,1,2,2
3,5,3,62,0.1,3,3,2,2,1,239.37,1,5,3,3,1,1,17,1,3,3,1
3,5,3,63,0.4,2,1,2,2,1,195.6,1,11,1,1,2,2,14,3,3,3,3
3,5,3,64,0.4,2,1,2,2,1,269.36,1,11,1,3,2,2,14,3,1,3,1
3,5,3,65,0.05,1,1,1,1,1,284.1,1,10,3,3,3,3,13,3,1,3,1
3,5,3,66,0.8,2,3,2,1,0,214.86,1,12,1,1,2,2,5,3,1,1,3
3,5,3,67,0.2,2,3,2,2,1,320.27,0,16,3,3,2,2,14,3,3,1,1
3,5,3,68,0.2,1,3,1,1,1,253.33,1,4,1,1,1,1,14,1,1,3,3
3,5,3,69,0.8,1,1,1,1,1,217.97,1,2,1,3,1,3,15,1,3,1,3
3,5,3,70,0.4,1,1,1,1,1,234.85,1,17,3,3,3,3,10,1,3,1,3
3,5,3,71,0.4,2,2,2,1,0,206.58,1,8,3,1,2,2,11,3,1,2,2
3,5,3,72,0.8,3,3,2,2,1,208.93,1,20,1,1,3,3,19,1,1,3,3
3,5,3,73,0.2,3,2,2,2,1,267.89,1,13,1,3,3,1,1,3,3,2,2
3,5,3,74,1.8,2,3,2,1,0,185.82,1,7,1,3,2,2,9,1,3,3,1
3,5,3,75,0.2,1,2,1,1,1,230.36,1,11,3,1,3,1,18,3,3,2,2
3,5,3,76,0.05,1,2,1,1,1,267.2,1,13,1,1,1,1,7,3,3,2,2
3,5,3,77,0.4,1,3,1,1,1,239.47,1,3,1,1,1,1,13,3,3,1,1
3,5,3,78,0.8,2,2,2,1,0,224.82,1,12,3,1,2,2,6,1,3,2,2
3,5,4,1,0.2,1,1,1,1,1,211.62,1,1,3,3,3,3,4,3,3,3,3
3,5,4,2,0.1,1,3,1,1,1,207.77,1,4,3,1,3,1,14,1,3,3,1
3,5,4,3,0.2,3,3,2,2,1,169.54,1,1,1,3,3,1,20,3,1,1,3
3,5,4,4,0.4,2,3,2,2,1,252.29,1,4,1,3,2,2,3,1,3,3,1
3,5,4,5,0.2,2,3,2,2,1,272.08,1,2,1,1,2,2,7,1,3,3,1
3,5,4,6,0.05,1,2,1,1,1,281.8,1,17,1,3,1,3,15,1,3,2,2
3,5,4,7,0.1,2,1,2,2,1,298.13,1,14,3,3,2,2,2,3,1,3,1
3,5,4,8,1.8,1,1,1,1,1,215.41,1,18,1,1,1,1,6,1,3,1,3
3,5,4,9,0.2,2,2,2,2,1,106.11,1,1,3,1,2,2,2,1,1,2,2
3,5,4,10,0.1,1,2,1,1,1,269.8,1,7,1,1,1,1,8,3,1,2,2
3,5,4,11,0.4,1,3,1,1,1,221,1,16,1,3,1,3,16,3,1,1,3
3,5,4,12,0.8,1,1,1,1,1,208.38,1,12,1,3,1,3,8,1,1,1,1
3,5,4,13,1.8,2,3,2,2,1,263.43,1,19,3,1,2,2,9,3,3,1,1
3,5,4,14,0.2,1,3,1,1,1,260.45,1,7,3,1,3,1,15,1,1,3,3
3,5,4,15,1.8,1,1,NaN,NaN,NaN,NaN,NaN,18,1,1,1,1,13,3,1,3,1
3,5,4,16,0.1,2,3,2,1,0,287.1,1,17,3,1,2,2,9,1,1,3,3
3,5,4,17,0.1,1,1,1,1,1,171.28,1,5,1,1,1,1,7,3,3,3,3
3,5,4,18,0.8,1,1,1,1,1,271.54,1,19,3,3,3,3,2,3,3,3,3
3,5,4,19,0.1,2,1,2,1,0,258.42,1,13,1,1,2,2,19,3,1,3,1
3,5,4,20,0.2,3,1,2,2,1,268.79,1,19,1,1,3,3,16,1,3,1,3
3,5,4,21,0.1,2,3,2,2,1,299.08,1,15,3,3,2,2,6,3,3,1,1
3,5,4,22,0.1,1,1,1,1,1,286.58,1,18,1,1,1,1,19,1,3,1,3
3,5,4,23,1.8,2,2,NaN,NaN,NaN,NaN,NaN,3,3,3,2,2,10,1,3,2,2
3,5,4,24,1.8,3,3,2,2,1,281.32,1,18,1,1,3,3,14,3,3,1,1
3,5,4,25,1.8,2,1,2,2,1,249.54,1,9,1,1,2,2,2,3,1,3,1
3,5,4,26,0.1,1,1,1,1,1,251.19,1,17,3,1,3,1,4,1,3,1,3
3,5,4,27,0.8,1,2,1,1,1,221.77,1,11,3,3,3,3,3,3,1,2,2
3,5,4,28,0.4,3,3,2,2,1,259.04,1,6,1,1,3,3,2,1,1,3,3
3,5,4,29,0.4,1,1,1,1,1,217.54,1,8,1,1,1,1,14,1,1,1,1
3,5,4,30,0.8,1,1,NaN,NaN,NaN,NaN,NaN,12,3,1,3,1,12,1,3,1,3
3,5,4,31,0.05,1,1,1,1,1,222.52,1,15,3,1,3,1,1,3,1,3,1
3,5,4,32,0.05,3,1,2,2,1,375.03,0,1,1,1,3,3,19,3,1,3,1
3,5,4,33,0.2,3,2,2,2,1,282.6,1,19,3,1,1,3,12,3,1,2,2
3,5,4,34,0.8,1,2,1,1,1,214.3,1,3,3,3,3,3,18,1,1,2,2
3,5,4,35,0.8,1,2,1,1,1,218.58,1,13,1,1,1,1,13,1,1,2,2
3,5,4,36,0.05,1,2,1,1,1,275.15,1,13,3,3,3,3,10,1,3,2,2
3,5,4,37,0.4,1,2,NaN,NaN,NaN,NaN,NaN,18,1,3,1,3,17,1,1,2,2
3,5,4,38,0.4,2,1,NaN,NaN,NaN,NaN,NaN,20,1,3,2,2,17,1,1,1,1
3,5,4,39,0.1,1,3,1,1,1,243.36,1,6,1,1,1,1,14,3,3,1,1
3,5,4,40,0.4,1,1,1,1,1,231.58,1,14,1,3,1,3,10,3,3,3,3
3,5,4,41,0.05,3,1,2,2,1,353.17,0,9,1,3,3,1,14,1,1,1,1
3,5,4,42,1.8,3,3,NaN,NaN,NaN,NaN,NaN,1,1,1,3,3,19,3,3,1,1
3,5,4,43,0.4,2,3,2,2,1,221.14,1,4,1,1,2,2,12,3,3,1,1
3,5,4,44,0.8,3,2,2,2,1,221.53,1,10,1,1,3,3,17,1,1,2,2
3,5,4,45,0.8,3,2,2,2,1,207.38,1,20,1,1,3,3,3,1,1,2,2
3,5,4,46,0.2,2,3,2,1,0,448.7,0,7,1,1,2,2,4,1,3,3,1
3,5,4,47,0.2,1,3,1,1,1,215.22,1,17,3,3,3,3,7,1,1,3,3
3,5,4,48,0.4,1,3,1,1,1,189.13,1,15,3,3,3,3,6,3,1,1,3
3,5,4,49,0.1,1,1,1,1,1,204.31,1,19,1,3,1,3,8,3,3,3,3
3,5,4,50,0.4,3,3,2,2,1,221.46,1,5,1,3,3,1,19,3,3,1,1
3,5,4,51,0.05,1,3,1,2,0,446.54,0,19,3,3,3,3,13,1,3,3,1
3,5,4,52,0.8,1,2,1,1,1,222.85,1,20,1,3,1,3,5,3,1,2,2
3,5,4,53,0.05,1,1,1,1,1,261.71,1,12,1,1,1,1,4,1,1,1,1
3,5,4,54,0.8,1,3,1,1,1,214.75,1,16,3,1,3,1,8,1,3,3,1
3,5,4,55,0.8,1,2,1,1,1,206.45,1,15,1,3,1,3,16,3,3,2,2
3,5,4,56,0.2,3,1,2,2,1,231.89,1,13,3,3,1,1,18,1,1,1,1
3,5,4,57,0.8,3,2,2,2,1,215.48,1,10,1,1,3,3,20,3,1,2,2
3,5,4,58,0.4,1,3,1,1,1,235.54,1,7,1,3,1,3,2,3,3,1,1
3,5,4,59,0.2,2,1,2,2,1,252.48,1,11,1,3,2,2,20,3,1,3,1
3,5,4,60,1.8,1,1,1,1,1,293.67,1,14,1,3,1,3,4,1,3,1,3
3,5,4,61,1.8,3,3,2,2,1,241.66,1,18,1,3,3,1,2,3,3,1,1
3,5,4,62,0.4,1,1,1,1,1,220.65,1,17,3,1,3,1,12,1,1,1,1
3,5,4,63,0.8,1,3,1,1,1,231.28,1,3,3,3,3,3,10,1,1,3,3
3,5,4,64,0.05,2,1,2,1,0,320.86,0,15,3,3,2,2,15,3,3,3,3
3,5,4,65,0.05,2,3,2,2,1,360.74,0,12,3,1,2,2,15,3,1,1,3
3,5,4,66,0.05,2,3,2,1,0,257.52,1,17,3,1,2,2,19,3,3,1,1
3,5,4,67,0.05,3,2,2,2,1,233.45,1,5,3,3,1,1,15,3,3,2,2
3,5,4,68,1.8,2,2,2,2,1,186.16,1,20,1,1,2,2,1,3,3,2,2
3,5,4,69,0.4,1,2,1,1,1,209.29,1,17,1,1,1,1,20,3,1,2,2
3,5,4,70,0.1,2,1,2,2,1,266.2,1,11,1,3,2,2,11,1,3,1,3
3,5,4,71,0.2,3,3,2,2,1,281.7,1,10,1,1,3,3,19,3,3,1,1
3,5,4,72,0.05,1,3,1,1,1,263.9,1,4,1,1,1,1,2,3,1,1,3
3,5,4,73,1.8,1,3,1,1,1,204.01,1,10,1,1,1,1,20,3,1,1,3
3,5,4,74,1.8,1,2,NaN,NaN,NaN,NaN,NaN,6,1,1,1,1,1,3,3,2,2
3,5,4,75,0.2,2,2,2,1,0,266.54,1,19,3,1,2,2,2,3,1,2,2
3,5,4,76,0.1,1,1,1,1,1,254.74,1,11,1,1,1,1,5,1,1,1,1
3,5,4,77,0.05,1,3,1,1,1,279.18,1,16,3,3,3,3,18,3,3,1,1
3,5,4,78,1.8,1,2,1,1,1,253.05,1,4,3,1,3,1,13,3,3,2,2
3,5,5,1,0.4,1,1,1,1,1,239.61,1,12,1,1,1,1,12,3,1,3,1
3,5,5,2,0.8,1,2,1,1,1,234.47,1,7,1,3,1,3,18,1,3,2,2
3,5,5,3,0.1,1,2,1,1,1,244.51,1,10,3,3,3,3,7,3,3,2,2
3,5,5,4,0.05,1,1,1,1,1,196.7,1,12,3,1,3,1,20,1,3,1,3
3,5,5,5,0.2,1,1,1,1,1,247.25,1,11,3,1,3,1,11,3,3,3,3
3,5,5,6,0.8,1,2,NaN,NaN,NaN,NaN,NaN,15,1,3,1,3,12,3,1,2,2
3,5,5,7,0.8,2,3,2,1,0,226.4,1,11,3,3,2,2,14,3,1,1,3
3,5,5,8,0.8,3,2,2,2,1,188.86,1,14,1,1,3,3,8,3,1,2,2
3,5,5,9,0.05,1,3,1,1,1,251.52,1,18,3,3,3,3,11,1,3,3,1
3,5,5,10,0.1,1,3,1,1,1,257.31,1,8,1,3,1,3,11,3,1,1,3
3,5,5,11,0.4,1,3,1,1,1,219.75,1,8,3,1,3,1,12,1,1,3,3
3,5,5,12,0.2,3,3,2,2,1,270.84,1,17,3,3,1,1,16,1,1,3,3
3,5,5,13,0.1,1,3,1,1,1,228.88,1,13,3,1,3,1,20,1,1,3,3
3,5,5,14,0.1,1,3,1,1,1,265.11,1,1,3,1,3,1,17,1,3,3,1
3,5,5,15,0.2,1,1,1,1,1,233.22,1,9,1,1,1,1,19,3,1,3,1
3,5,5,16,1.8,3,1,2,2,1,187.93,1,14,3,3,1,1,17,1,3,1,3
3,5,5,17,0.2,2,1,2,1,0,226.35,1,20,1,3,2,2,7,3,1,3,1
3,5,5,18,0.8,1,1,1,1,1,219.19,1,6,3,3,3,3,4,3,3,3,3
3,5,5,19,0.4,3,3,2,2,1,243.71,1,1,3,3,1,1,11,1,3,3,1
3,5,5,20,0.4,1,3,1,1,1,262.18,1,1,1,3,1,3,18,3,3,1,1
3,5,5,21,0.1,3,3,2,2,1,265.08,1,8,3,1,1,3,5,1,1,3,3
3,5,5,22,0.4,3,1,2,2,1,239.97,1,6,1,1,3,3,20,3,1,3,1
3,5,5,23,0.2,1,2,1,1,1,227.51,1,13,3,1,3,1,16,3,1,2,2
3,5,5,24,0.4,1,1,1,1,1,198.38,1,12,1,1,1,1,1,1,1,1,1
3,5,5,25,0.05,1,3,1,1,1,259.46,1,4,3,3,3,3,4,1,1,3,3
3,5,5,26,0.4,2,2,2,1,0,272.92,1,9,3,1,2,2,8,3,1,2,2
3,5,5,27,1.8,1,3,1,1,1,235.21,1,13,3,1,3,1,11,3,3,1,1
3,5,5,28,0.05,3,3,2,2,1,368.47,0,15,1,1,3,3,12,3,1,1,3
3,5,5,29,0.1,2,3,2,2,1,329.17,0,13,1,3,2,2,8,1,3,3,1
3,5,5,30,0.05,2,3,2,1,0,266.25,1,11,1,1,2,2,16,1,1,3,3
3,5,5,31,1.8,1,2,1,1,1,203.73,1,2,3,3,3,3,11,1,1,2,2
3,5,5,32,0.05,2,2,2,2,1,314.83,0,2,1,3,2,2,5,3,1,2,2
3,5,5,33,0.4,2,1,2,2,1,252.41,1,10,1,3,2,2,5,3,1,3,1
3,5,5,34,0.4,3,1,2,2,1,227.15,1,20,3,3,1,1,19,1,1,1,1
3,5,5,35,0.05,1,3,1,1,1,252.67,1,15,1,1,1,1,12,3,1,1,3
3,5,5,36,0.2,2,1,2,1,0,238.61,1,13,3,3,2,2,5,1,1,1,1
3,5,5,37,0.2,1,3,1,1,1,213.46,1,11,3,3,3,3,3,3,1,1,3
3,5,5,38,0.2,2,3,2,1,0,79.767,2,16,3,3,2,2,1,3,3,1,1
3,5,5,39,1.8,2,3,2,2,1,237,1,14,1,3,2,2,6,3,3,1,1
3,5,5,40,1.8,1,1,NaN,NaN,NaN,NaN,NaN,16,1,3,1,3,17,1,3,1,3
3,5,5,41,0.05,2,2,2,2,1,298.96,1,1,3,3,2,2,11,1,3,2,2
3,5,5,42,0.8,2,1,2,2,1,238.26,1,9,3,3,2,2,5,3,3,3,3
3,5,5,43,1.8,3,1,2,2,1,216.28,1,17,1,1,3,3,9,3,3,3,3
3,5,5,44,0.05,2,2,2,2,1,264.99,1,8,3,3,2,2,4,3,1,2,2
3,5,5,45,0.2,1,2,1,2,0,281.73,1,5,1,1,1,1,12,1,3,2,2
3,5,5,46,0.1,2,1,2,2,1,245.52,1,14,3,1,2,2,9,1,1,1,1
3,5,5,47,0.4,1,2,NaN,NaN,NaN,NaN,NaN,1,3,1,3,1,8,3,1,2,2
3,5,5,48,0.8,1,3,1,1,1,207.2,1,8,3,1,3,1,18,3,1,1,3
3,5,5,49,0.8,1,3,1,1,1,249.01,1,3,3,1,3,1,17,1,3,3,1
3,5,5,50,0.05,2,1,2,2,1,340.52,0,19,1,1,2,2,20,1,3,1,3
3,5,5,51,0.1,1,3,1,1,1,262.91,1,18,3,1,3,1,8,3,3,1,1
3,5,5,52,0.4,3,3,2,2,1,267.28,1,14,1,1,3,3,11,1,3,3,1
3,5,5,53,0.8,3,3,2,2,1,235.67,1,7,1,3,3,1,20,1,3,3,1
3,5,5,54,0.05,2,2,2,1,0,288.56,1,12,3,1,2,2,2,1,1,2,2
3,5,5,55,0.1,1,2,1,1,1,264.97,1,20,1,1,1,1,9,1,3,2,2
3,5,5,56,1.8,3,3,NaN,NaN,NaN,NaN,NaN,17,1,1,3,3,18,3,3,1,1
3,5,5,57,0.1,1,1,1,1,1,294,1,13,1,1,1,1,12,1,3,1,3
3,5,5,58,0.2,1,2,1,1,1,264.5,1,9,1,3,1,3,14,1,3,2,2
3,5,5,59,1.8,1,1,1,1,1,212.01,1,20,3,3,3,3,4,3,3,3,3
3,5,5,60,0.8,1,1,1,1,1,257.58,1,13,1,1,1,1,1,1,1,1,1
3,5,5,61,0.8,1,2,1,1,1,280.19,1,18,3,1,3,1,9,3,1,2,2
3,5,5,62,0.05,1,1,1,1,1,325.49,0,14,3,1,3,1,18,3,3,3,3
3,5,5,63,0.4,1,3,1,1,1,219.69,1,19,1,1,1,1,4,1,3,3,1
3,5,5,64,1.8,1,3,1,1,1,222.18,1,20,1,1,1,1,16,3,3,1,1
3,5,5,65,0.4,2,2,2,1,0,253.79,1,1,3,1,2,2,6,1,3,2,2
3,5,5,66,0.8,3,1,2,2,1,234.58,1,9,3,1,1,3,8,3,1,3,1
3,5,5,67,0.2,2,2,2,1,0,212.54,1,12,3,3,2,2,19,1,1,2,2
3,5,5,68,1.8,3,2,NaN,NaN,NaN,NaN,NaN,9,3,3,1,1,1,1,3,2,2
3,5,5,69,1.8,1,3,1,1,1,284.41,1,16,3,3,3,3,10,1,3,3,1
3,5,5,70,0.1,2,3,2,2,1,336.98,0,14,1,1,2,2,5,3,3,1,1
3,5,5,71,1.8,2,2,NaN,NaN,NaN,NaN,NaN,11,3,1,2,2,13,3,3,2,2
3,5,5,72,0.8,1,3,1,1,1,248.22,1,1,1,3,1,3,13,3,1,1,3
3,5,5,73,0.1,1,3,1,1,1,264.84,1,5,1,3,1,3,8,1,3,3,1
3,5,5,74,0.1,1,3,1,1,1,293.33,1,7,3,1,3,1,17,3,1,1,3
3,5,5,75,1.8,3,1,2,2,1,304.57,0,5,3,3,1,1,17,3,3,3,3
3,5,5,76,0.2,3,3,2,2,1,360.08,0,11,1,1,3,3,14,1,3,3,1
3,5,5,77,0.2,3,3,2,2,1,162.07,1,10,1,1,3,3,1,3,1,1,3
3,5,5,78,0.05,1,1,1,1,1,279.34,1,7,3,3,3,3,3,3,3,3,3
3,5,6,1,0.05,2,2,2,2,1,322.28,0,6,3,3,2,2,7,3,1,2,2
3,5,6,2,0.4,2,3,2,2,1,463.87,0,3,1,3,2,2,6,3,3,1,1
3,5,6,3,0.2,1,1,1,1,1,216.04,1,2,1,1,1,1,18,1,3,1,3
3,5,6,4,1.8,1,1,NaN,NaN,NaN,NaN,NaN,14,1,1,1,1,12,1,1,1,1
3,5,6,5,0.2,3,1,2,2,1,277.23,1,20,1,1,3,3,16,3,1,3,1
3,5,6,6,0.8,1,1,1,1,1,220.97,1,20,3,3,3,3,16,3,3,3,3
3,5,6,7,1.8,1,1,1,1,1,221.33,1,2,3,1,3,1,13,3,3,3,3
3,5,6,8,0.8,1,1,1,1,1,215.69,1,2,1,1,1,1,15,1,3,1,3
3,5,6,9,0.1,2,2,2,2,1,322.07,0,4,3,1,2,2,16,1,1,2,2
3,5,6,10,0.1,1,3,1,1,1,177.73,1,18,3,3,3,3,18,1,3,3,1
3,5,6,11,0.2,1,1,1,1,1,51.434,2,17,3,1,3,1,3,1,1,1,1
3,5,6,12,0.4,1,1,1,1,1,237.91,1,7,3,3,3,3,1,1,3,1,3
3,5,6,13,0.4,1,1,1,1,1,261.34,1,14,3,3,3,3,20,1,1,1,1
3,5,6,14,0.05,1,1,1,2,0,274.65,1,4,1,1,1,1,5,1,3,1,3
3,5,6,15,0.4,1,3,NaN,NaN,NaN,NaN,NaN,17,3,3,3,3,3,1,1,3,3
3,5,6,16,0.8,1,1,1,1,1,212.5,1,18,1,1,1,1,14,3,3,3,3
3,5,6,17,0.05,3,3,2,2,1,218.45,1,14,3,3,1,1,8,3,1,1,3
3,5,6,18,0.8,1,1,1,1,1,238.21,1,13,3,3,3,3,12,1,1,1,1
3,5,6,19,1.8,1,2,1,1,1,267.01,1,9,1,3,1,3,18,1,3,2,2
3,5,6,20,0.1,1,3,1,1,1,301.05,0,14,1,1,1,1,1,3,3,1,1
3,5,6,21,0.8,1,3,1,1,1,28.138,2,17,1,1,1,1,12,3,1,1,3
3,5,6,22,1.8,1,2,1,1,1,227.68,1,20,1,3,1,3,3,3,1,2,2
3,5,6,23,0.1,1,1,1,1,1,274.69,1,5,1,3,1,3,11,3,3,3,3
3,5,6,24,0.4,2,3,2,2,1,214.55,1,14,1,3,2,2,17,1,3,3,1
3,5,6,25,0.1,2,1,2,1,0,301.98,0,8,1,1,2,2,2,3,3,3,3
3,5,6,26,1.8,1,2,1,1,1,206.8,1,7,1,1,1,1,3,3,1,2,2
3,5,6,27,0.1,1,2,1,1,1,267.48,1,10,3,3,3,3,10,1,3,2,2
3,5,6,28,0.4,1,3,1,1,1,360.17,0,14,1,3,1,3,15,3,3,1,1
3,5,6,29,0.2,2,3,2,2,1,228.99,1,8,1,3,2,2,12,3,3,1,1
3,5,6,30,1.8,2,1,2,2,1,220.89,1,13,3,3,2,2,6,1,1,1,1
3,5,6,31,0.2,1,1,1,1,1,195.36,1,1,1,3,1,3,7,3,3,3,3
3,5,6,32,0.1,3,2,2,2,1,270.21,1,5,1,1,3,3,18,3,3,2,2
3,5,6,33,0.8,1,1,1,1,1,248.13,1,9,3,3,3,3,13,3,3,3,3
3,5,6,34,1.8,1,1,1,1,1,236.79,1,13,1,1,1,1,10,3,3,3,3
3,5,6,35,0.4,1,1,1,1,1,251.56,1,3,1,1,1,1,2,1,3,1,3
3,5,6,36,0.1,3,3,2,2,1,271.47,1,18,1,1,3,3,13,3,3,1,1
3,5,6,37,0.1,3,2,2,2,1,234.11,1,19,1,1,3,3,2,1,1,2,2
3,5,6,38,0.4,2,3,2,2,1,261.02,1,20,1,3,2,2,18,1,1,3,3
3,5,6,39,0.8,2,2,2,2,1,220.23,1,8,1,3,2,2,13,3,1,2,2
3,5,6,40,1.8,1,1,1,1,1,273.23,1,3,3,1,3,1,16,3,1,3,1
3,5,6,41,0.4,1,1,1,1,1,224.57,1,7,3,1,3,1,6,3,1,3,1
3,5,6,42,0.2,2,2,2,2,1,215.92,1,5,1,1,2,2,3,1,1,2,2
3,5,6,43,0.8,1,1,1,1,1,244.88,1,14,3,3,3,3,13,3,1,3,1
3,5,6,44,0.05,1,1,1,1,1,333.23,0,20,1,1,1,1,5,3,1,3,1
3,5,6,45,0.8,2,1,2,1,0,246.4,1,1,1,1,2,2,2,3,3,3,3
3,5,6,46,0.2,1,3,1,1,1,277.28,1,4,3,3,3,3,9,1,1,3,3
3,5,6,47,0.2,1,3,1,1,1,281.7,1,11,1,3,1,3,17,3,3,1,1
3,5,6,48,0.8,1,1,1,1,1,225.34,1,6,1,1,1,1,5,3,3,3,3
3,5,6,49,0.8,1,1,1,2,0,252.66,1,19,3,3,3,3,17,3,1,3,1
3,5,6,50,0.2,3,1,2,2,1,135.32,1,6,3,3,1,1,6,1,1,1,1
3,5,6,51,1.8,3,2,2,2,1,209.91,1,14,1,1,3,3,17,1,1,2,2
3,5,6,52,1.8,1,1,1,1,1,238.51,1,17,3,1,3,1,8,1,1,1,1
3,5,6,53,0.05,3,3,2,2,1,279.44,1,9,3,1,1,3,17,3,3,1,1
3,5,6,54,0.4,1,3,NaN,NaN,NaN,NaN,NaN,18,3,1,3,1,8,1,3,3,1
3,5,6,55,1.8,1,2,1,1,1,217.76,1,1,1,3,1,3,19,1,1,2,2
3,5,6,56,0.05,2,1,2,2,1,340.24,0,2,1,3,2,2,20,1,1,1,1
3,5,6,57,0.2,2,2,2,2,1,273.84,1,19,3,1,2,2,1,3,1,2,2
3,5,6,58,0.05,2,2,2,2,1,299.5,1,1,3,1,2,2,4,1,3,2,2
3,5,6,59,0.1,3,2,2,2,1,271.16,1,16,3,1,1,3,20,1,1,2,2
3,5,6,60,1.8,1,2,1,1,1,222.31,1,7,1,1,1,1,7,3,3,2,2
3,5,6,61,1.8,1,2,1,1,1,215.73,1,10,1,1,1,1,2,3,3,2,2
3,5,6,62,0.4,2,2,2,2,1,262.21,1,11,3,1,2,2,16,3,1,2,2
3,5,6,63,0.05,2,2,2,2,1,352.3,0,9,3,3,2,2,16,3,3,2,2
3,5,6,64,0.05,1,2,1,1,1,262.06,1,16,3,3,3,3,1,3,1,2,2
3,5,6,65,0.1,2,3,2,2,1,235.39,1,17,3,1,2,2,8,1,1,3,3
3,5,6,66,0.05,2,1,2,1,0,471.89,0,8,3,1,2,2,20,1,3,1,3
3,5,6,67,0.4,1,1,1,1,1,231.21,1,6,1,3,1,3,2,1,1,1,1
3,5,6,68,0.4,2,3,2,2,1,217.78,1,8,1,3,2,2,20,3,3,1,1
3,5,6,69,0.2,3,1,2,2,1,232.63,1,16,1,3,3,1,1,1,1,1,1
3,5,6,70,0.05,3,2,2,2,1,283.18,1,13,3,3,1,1,1,1,1,2,2
3,5,6,71,0.8,3,1,2,2,1,199.31,1,20,1,3,3,1,6,3,1,3,1
3,5,6,72,0.1,1,2,1,1,1,215.38,1,12,3,1,3,1,12,3,1,2,2
3,5,6,73,0.8,3,3,2,2,1,220.38,1,2,1,1,3,3,17,1,1,3,3
3,5,6,74,0.05,3,3,2,2,1,293.77,1,18,3,1,1,3,3,3,3,1,1
3,5,6,75,0.2,2,2,2,1,0,304.8,0,13,3,3,2,2,13,1,1,2,2
3,5,6,76,0.1,1,3,1,1,1,242.57,1,13,3,1,3,1,6,1,3,3,1
3,5,6,77,0.05,3,1,2,2,1,261.18,1,3,3,1,1,3,4,1,1,1,1
3,5,6,78,0.2,2,2,2,1,0,206.05,1,1,3,3,2,2,2,1,1,2,2
3,5,7,1,0.4,2,2,2,2,1,243.69,1,1,3,1,2,2,5,3,3,2,2
3,5,7,2,0.8,1,3,1,1,1,229.18,1,3,3,3,3,3,2,3,3,1,1
3,5,7,3,0.8,1,3,1,1,1,226.18,1,8,3,3,3,3,4,3,1,1,3
3,5,7,4,0.2,2,3,2,1,0,261.69,1,17,1,1,2,2,15,1,3,3,1
3,5,7,5,0.8,2,3,NaN,NaN,NaN,NaN,NaN,5,3,1,2,2,5,3,3,1,1
3,5,7,6,0.05,1,3,1,1,1,369.12,0,19,1,1,1,1,9,1,1,3,3
3,5,7,7,0.8,2,1,NaN,NaN,NaN,NaN,NaN,16,1,1,2,2,10,1,1,1,1
3,5,7,8,0.8,2,1,2,2,1,263.48,1,13,3,1,2,2,3,1,3,1,3
3,5,7,9,0.4,1,2,1,1,1,264.15,1,1,3,1,3,1,16,1,3,2,2
3,5,7,10,0.05,1,3,1,1,1,261.18,1,6,1,1,1,1,14,1,1,3,3
3,5,7,11,0.2,2,3,2,1,0,84.392,2,16,3,1,2,2,3,3,1,1,3
3,5,7,12,0.8,1,3,NaN,NaN,NaN,NaN,NaN,16,1,3,1,3,20,1,1,3,3
3,5,7,13,0.1,3,2,2,2,1,494.54,0,7,3,3,1,1,18,1,1,2,2
3,5,7,14,0.1,1,2,1,1,1,200.61,1,7,1,3,1,3,18,1,3,2,2
3,5,7,15,0.4,2,1,2,1,0,429.06,0,1,1,1,2,2,2,3,3,3,3
3,5,7,16,0.2,1,3,1,1,1,224.85,1,20,3,1,3,1,8,3,1,1,3
3,5,7,17,0.2,1,1,1,1,1,233.92,1,16,3,1,3,1,2,3,1,3,1
3,5,7,18,0.1,3,2,2,2,1,260.08,1,3,1,1,3,3,15,1,1,2,2
3,5,7,19,1.8,2,1,2,2,1,231.81,1,15,1,3,2,2,1,3,3,3,3
3,5,7,20,0.2,1,1,1,1,1,205.95,1,13,1,3,1,3,19,1,3,1,3
3,5,7,21,0.05,1,3,1,1,1,278.47,1,17,3,1,3,1,5,1,1,3,3
3,5,7,22,0.05,3,1,2,2,1,299.21,1,6,3,3,1,1,17,1,3,1,3
3,5,7,23,0.4,3,2,2,2,1,350.96,0,8,3,3,1,1,13,3,1,2,2
3,5,7,24,0.1,3,1,2,2,1,287.15,1,8,3,1,1,3,4,3,1,3,1
3,5,7,25,0.05,1,1,1,1,1,276.84,1,7,1,1,1,1,18,1,3,1,3
3,5,7,26,1.8,1,3,NaN,NaN,NaN,NaN,NaN,14,1,3,1,3,19,1,1,3,3
3,5,7,27,0.8,2,1,2,2,1,244.48,1,11,3,3,2,2,10,1,1,1,1
3,5,7,28,0.05,1,2,1,1,1,293.42,1,20,1,3,1,3,7,1,3,2,2
3,5,7,29,0.4,3,3,2,2,1,215.11,1,18,1,1,3,3,12,1,3,3,1
3,5,7,30,0.1,1,1,1,1,1,255.24,1,4,3,3,3,3,10,3,3,3,3
3,5,7,31,0.05,1,3,1,1,1,332.79,0,14,3,1,3,1,19,3,1,1,3
3,5,7,32,1.8,1,1,NaN,NaN,NaN,NaN,NaN,3,3,1,3,1,5,3,3,3,3
3,5,7,33,0.8,1,1,1,1,1,282.42,1,19,1,1,1,1,14,3,1,3,1
3,5,7,34,0.05,2,3,2,2,1,331.34,0,14,1,1,2,2,2,1,1,3,3
3,5,7,35,0.2,3,3,2,2,1,259.09,1,18,3,1,1,3,3,1,1,3,3
3,5,7,36,0.8,2,2,2,1,0,241.25,1,1,3,3,2,2,4,3,3,2,2
3,5,7,37,0.4,2,3,2,2,1,205.85,1,14,3,1,2,2,1,1,3,3,1
3,5,7,38,0.1,3,1,2,1,0,260.41,1,1,1,1,3,3,3,1,1,1,1
3,5,7,39,0.1,1,3,1,1,1,279.42,1,6,1,3,1,3,20,3,3,1,1
3,5,7,40,0.1,2,2,2,1,0,281.55,1,11,3,1,2,2,12,3,3,2,2
3,5,7,41,1.8,1,1,1,1,1,215.47,1,17,1,3,1,3,12,3,3,3,3
3,5,7,42,0.2,3,2,2,2,1,154.48,1,6,3,1,1,3,16,1,1,2,2
3,5,7,43,0.8,1,3,1,1,1,238.64,1,11,1,3,1,3,11,1,1,3,3
3,5,7,44,1.8,2,1,2,2,1,216.16,1,13,1,3,2,2,14,1,1,1,1
3,5,7,45,0.4,3,2,2,2,1,233.61,1,7,3,1,1,3,15,1,1,2,2
3,5,7,46,1.8,2,3,NaN,NaN,NaN,NaN,NaN,4,3,1,2,2,18,1,1,3,3
3,5,7,47,1.8,1,1,1,1,1,226.93,1,13,3,3,3,3,17,3,1,3,1
3,5,7,48,0.1,3,1,2,2,1,299.13,1,10,3,1,1,3,12,1,1,1,1
3,5,7,49,1.8,3,1,2,2,1,238.7,1,9,3,1,1,3,11,1,1,1,1
3,5,7,50,0.4,3,3,2,2,1,238.16,1,11,1,3,3,1,15,3,3,1,1
3,5,7,51,1.8,3,1,2,2,1,206.88,1,11,1,3,3,1,16,1,3,1,3
3,5,7,52,0.2,1,1,1,1,1,448.1,0,2,3,1,3,1,11,3,1,3,1
3,5,7,53,0.4,2,3,2,2,1,258.36,1,20,1,1,2,2,10,1,1,3,3
3,5,7,54,0.2,3,3,2,2,1,187.92,1,9,3,1,1,3,8,1,1,3,3
3,5,7,55,0.8,3,3,2,2,1,240.68,1,13,3,1,1,3,1,3,1,1,3
3,5,7,56,0.8,1,2,NaN,NaN,NaN,NaN,NaN,7,3,1,3,1,17,3,3,2,2
3,5,7,57,0.05,1,1,1,1,1,354.98,0,14,1,3,1,3,10,1,1,1,1
3,5,7,58,1.8,3,1,2,2,1,183.2,1,4,1,1,3,3,12,1,3,1,3
3,5,7,59,0.05,1,1,1,1,1,332.23,0,6,1,1,1,1,3,1,1,1,1
3,5,7,60,0.1,1,1,1,1,1,178.61,1,1,3,1,3,1,13,1,1,1,1
3,5,7,61,0.2,1,3,1,1,1,271.52,1,13,1,3,1,3,4,1,3,3,1
3,5,7,62,0.2,2,2,2,2,1,261.63,1,11,1,3,2,2,18,1,3,2,2
3,5,7,63,0.1,1,3,1,1,1,210.04,1,7,3,3,3,3,16,3,3,1,1
3,5,7,64,0.1,1,1,1,1,1,234.08,1,2,1,3,1,3,15,1,3,1,3
3,5,7,65,0.2,3,1,2,2,1,175.02,1,17,1,1,3,3,8,1,1,1,1
3,5,7,66,0.4,3,3,2,2,1,-6.5682,2,10,3,1,1,3,7,3,3,1,1
3,5,7,67,0.4,3,3,2,2,1,196.49,1,14,3,3,1,1,9,3,1,1,3
3,5,7,68,1.8,3,3,2,2,1,248.39,1,1,1,1,3,3,15,1,3,3,1
3,5,7,69,0.2,3,1,2,2,1,122.43,1,10,1,1,3,3,8,3,3,3,3
3,5,7,70,0.05,2,3,2,2,1,359.75,0,2,1,1,2,2,17,3,1,1,3
3,5,7,71,0.1,1,1,1,1,1,264.79,1,18,1,1,1,1,15,1,1,1,1
3,5,7,72,0.05,1,3,1,2,0,268.74,1,15,1,3,1,3,17,1,1,3,3
3,5,7,73,0.8,2,1,2,1,0,243.32,1,12,3,1,2,2,18,3,1,3,1
3,5,7,74,0.05,2,1,2,1,0,303.26,0,16,3,3,2,2,3,3,1,3,1
3,5,7,75,1.8,2,2,NaN,NaN,NaN,NaN,NaN,15,3,1,2,2,10,1,3,2,2
3,5,7,76,0.4,1,3,1,1,1,420.08,0,19,1,1,1,1,11,1,3,3,1
3,5,7,77,1.8,3,3,2,2,1,254.97,1,20,1,3,3,1,2,1,1,3,3
3,5,7,78,0.4,1,3,1,1,1,218.98,1,1,3,1,3,1,2,3,1,1,3
3,5,8,1,1.8,1,1,1,1,1,248.34,1,18,1,1,1,1,11,1,3,1,3
3,5,8,2,0.8,1,3,1,1,1,244.51,1,13,3,1,3,1,10,3,1,1,3
3,5,8,3,0.2,1,2,1,1,1,230.15,1,6,3,3,3,3,20,3,1,2,2
3,5,8,4,0.2,1,2,1,1,1,260.72,1,20,3,1,3,1,10,3,3,2,2
3,5,8,5,0.1,1,2,1,1,1,256.81,1,4,3,3,3,3,15,1,3,2,2
3,5,8,6,0.05,1,2,1,1,1,269.96,1,2,1,1,1,1,17,1,3,2,2
3,5,8,7,0.2,1,1,1,1,1,59.712,2,14,1,3,1,3,11,3,1,3,1
3,5,8,8,0.2,1,2,1,1,1,238.76,1,5,1,1,1,1,8,3,1,2,2
3,5,8,9,0.05,1,2,1,1,1,231.86,1,10,1,3,1,3,15,1,3,2,2
3,5,8,10,0.05,1,1,1,1,1,250.14,1,12,3,3,3,3,4,1,3,1,3
3,5,8,11,0.2,1,2,1,1,1,245.46,1,8,3,3,3,3,14,1,3,2,2
3,5,8,12,0.1,2,3,2,2,1,280.74,1,5,3,1,2,2,7,1,1,3,3
3,5,8,13,0.2,1,1,1,1,1,288.28,1,2,3,1,3,1,16,3,3,3,3
3,5,8,14,0.1,2,1,2,1,0,301.32,0,18,3,3,2,2,10,3,3,3,3
3,5,8,15,0.1,1,1,1,2,0,236.55,1,4,3,3,3,3,19,1,3,1,3
3,5,8,16,0.2,2,1,2,2,1,335.25,0,18,3,1,2,2,2,1,3,1,3
3,5,8,17,0.05,1,3,1,1,1,257.5,1,12,1,1,1,1,6,3,1,1,3
3,5,8,18,0.8,1,3,1,1,1,231.64,1,5,1,3,1,3,7,3,3,1,1
3,5,8,19,0.4,1,2,1,1,1,211.99,1,19,1,1,1,1,4,1,3,2,2
3,5,8,20,0.8,1,1,1,1,1,225.45,1,10,3,1,3,1,16,1,3,1,3
3,5,8,21,0.4,3,1,2,2,1,210.35,1,19,3,1,1,3,11,1,1,1,1
3,5,8,22,0.4,2,2,2,1,0,210.99,1,20,1,3,2,2,11,3,1,2,2
3,5,8,23,0.1,1,3,1,1,1,197.37,1,16,3,3,3,3,5,3,3,1,1
3,5,8,24,0.8,2,2,2,2,1,258.82,1,16,1,3,2,2,4,1,1,2,2
3,5,8,25,1.8,2,2,NaN,NaN,NaN,NaN,NaN,6,1,1,2,2,18,1,3,2,2
3,5,8,26,1.8,1,1,1,1,1,231.53,1,4,3,3,3,3,9,1,3,1,3
3,5,8,27,0.4,1,3,1,1,1,249.22,1,15,1,1,1,1,8,3,3,1,1
3,5,8,28,0.4,3,1,2,2,1,219.54,1,13,1,1,3,3,2,1,3,1,3
3,5,8,29,0.05,2,3,2,2,1,300.43,0,16,3,1,2,2,16,3,3,1,1
3,5,8,30,0.2,1,2,1,1,1,87.973,2,5,3,1,3,1,6,3,1,2,2
3,5,8,31,0.05,1,3,1,1,1,290.22,1,17,1,3,1,3,19,3,3,1,1
3,5,8,32,0.1,1,2,1,1,1,212.09,1,5,1,1,1,1,16,3,1,2,2
3,5,8,33,0.05,1,2,1,1,1,236.89,1,14,3,3,3,3,19,3,1,2,2
3,5,8,34,1.8,2,3,2,2,1,204.84,1,7,3,1,2,2,8,3,1,1,3
3,5,8,35,0.05,1,3,1,1,1,265.7,1,20,3,3,3,3,9,1,3,3,1
3,5,8,36,0.05,3,3,2,2,1,340.6,0,10,3,3,1,1,1,3,1,1,3
3,5,8,37,0.1,1,3,1,1,1,283.12,1,3,1,1,1,1,10,3,1,1,3
3,5,8,38,0.8,2,1,2,2,1,197.3,1,11,3,1,2,2,20,3,3,3,3
3,5,8,39,0.1,2,3,2,1,0,344.17,0,20,3,3,2,2,9,3,3,1,1
3,5,8,40,0.8,1,3,1,1,1,245.72,1,3,3,1,3,1,16,1,3,3,1
3,5,8,41,0.8,2,3,2,1,0,226.14,1,3,3,1,2,2,19,3,1,1,3
3,5,8,42,1.8,2,2,2,1,0,239.05,1,12,3,1,2,2,10,3,3,2,2
3,5,8,43,0.8,2,3,2,2,1,252.98,1,16,1,1,2,2,3,1,3,3,1
3,5,8,44,0.2,3,3,2,2,1,303.65,0,12,3,1,1,3,15,1,3,3,1
3,5,8,45,0.8,3,3,2,2,1,247.47,1,7,1,1,3,3,18,3,1,1,3
3,5,8,46,1.8,2,3,2,2,1,209.47,1,9,1,1,2,2,11,3,1,1,3
3,5,8,47,0.4,1,1,1,1,1,255.03,1,14,1,3,1,3,2,1,1,1,1
3,5,8,48,0.4,1,3,1,1,1,228.12,1,13,1,1,1,1,13,3,3,1,1
3,5,8,49,1.8,3,3,2,2,1,231.05,1,5,3,1,1,3,14,3,3,1,1
3,5,8,50,0.4,1,2,1,1,1,277.26,1,9,3,3,3,3,9,1,1,2,2
3,5,8,51,0.4,1,2,1,1,1,260.1,1,4,3,3,3,3,15,1,1,2,2
3,5,8,52,0.8,1,3,1,2,0,271.38,1,6,3,3,3,3,11,3,1,1,3
3,5,8,53,0.4,1,2,NaN,NaN,NaN,NaN,NaN,2,3,3,3,3,17,3,1,2,2
3,5,8,54,0.4,1,1,1,1,1,286.14,1,19,3,3,3,3,15,3,3,3,3
3,5,8,55,0.1,2,2,2,2,1,311.87,0,13,1,1,2,2,5,3,3,2,2
3,5,8,56,1.8,2,3,2,2,1,204.09,1,14,3,3,2,2,12,1,1,3,3
3,5,8,57,0.1,1,1,1,1,1,238.48,1,1,3,1,3,1,7,3,3,3,3
3,5,8,58,0.05,1,3,1,1,1,262.7,1,17,1,3,1,3,14,3,3,1,1
3,5,8,59,0.4,3,2,2,2,1,238.35,1,13,1,3,3,1,5,3,1,2,2
3,5,8,60,0.2,1,3,1,1,1,186.48,1,18,1,1,1,1,2,1,3,3,1
3,5,8,61,1.8,2,1,2,2,1,219.41,1,3,1,1,2,2,7,1,1,1,1
3,5,8,62,0.4,3,2,2,2,1,353.29,0,18,3,3,1,1,3,3,1,2,2
3,5,8,63,0.2,1,3,1,1,1,212.81,1,2,3,1,3,1,2,3,1,1,3
3,5,8,64,0.1,1,2,1,1,1,267.12,1,1,3,3,3,3,2,3,3,2,2
3,5,8,65,1.8,3,2,2,2,1,223.39,1,9,1,1,3,3,5,3,1,2,2
3,5,8,66,0.05,1,1,1,1,1,220.6,1,15,1,1,1,1,2,1,1,1,1
3,5,8,67,0.05,1,2,1,1,1,227.78,1,2,3,3,3,3,3,1,3,2,2
3,5,8,68,1.8,1,1,1,1,1,211.04,1,14,1,3,1,3,3,1,3,1,3
3,5,8,69,0.8,1,2,1,1,1,221.51,1,17,1,3,1,3,16,1,3,2,2
3,5,8,70,0.1,2,2,2,2,1,267.4,1,20,1,1,2,2,4,1,1,2,2
3,5,8,71,0.2,1,3,1,1,1,217.7,1,16,1,3,1,3,3,3,1,1,3
3,5,8,72,0.8,1,1,1,1,1,237.96,1,10,1,1,1,1,9,1,3,1,3
3,5,8,73,0.2,2,2,2,2,1,280.79,1,8,1,3,2,2,17,3,3,2,2
3,5,8,74,0.05,1,1,1,1,1,279.21,1,13,3,1,3,1,7,1,1,1,1
3,5,8,75,1.8,3,1,2,2,1,229.22,1,5,1,1,3,3,19,3,3,3,3
3,5,8,76,1.8,1,1,NaN,NaN,NaN,NaN,NaN,16,1,3,1,3,18,1,1,1,1
3,5,8,77,0.1,1,3,1,1,1,277.08,1,12,1,1,1,1,15,3,1,1,3
3,5,8,78,0.8,1,2,1,1,1,251.61,1,8,3,3,3,3,8,1,1,2,2
3,5,9,1,1.8,1,3,1,1,1,212.99,1,20,1,3,1,3,15,3,3,1,1
3,5,9,2,0.8,1,1,1,1,1,233.72,1,19,3,1,3,1,1,1,1,1,1
3,5,9,3,0.1,3,3,2,1,0,234.29,1,4,3,3,1,1,15,3,3,1,1
3,5,9,4,0.05,2,2,2,1,0,243.2,1,13,3,1,2,2,7,1,1,2,2
3,5,9,5,1.8,1,2,1,1,1,211.04,1,4,1,3,1,3,8,1,1,2,2
3,5,9,6,0.8,3,2,2,2,1,194.66,1,4,1,1,3,3,13,3,3,2,2
3,5,9,7,0.8,1,2,1,1,1,241.14,1,8,1,1,1,1,19,1,3,2,2
3,5,9,8,0.1,1,3,1,1,1,233.17,1,19,1,1,1,1,1,1,3,3,1
3,5,9,9,0.05,2,3,2,2,1,381.44,0,3,1,1,2,2,8,3,3,1,1
3,5,9,10,0.2,1,3,1,1,1,236.39,1,20,1,1,1,1,15,1,3,3,1
3,5,9,11,1.8,1,1,1,1,1,195.64,1,12,3,3,3,3,1,1,3,1,3
3,5,9,12,0.8,3,1,NaN,NaN,NaN,NaN,NaN,7,1,1,3,3,16,3,1,3,1
3,5,9,13,0.2,1,3,1,1,1,278.4,1,4,3,3,3,3,7,3,1,1,3
3,5,9,14,0.05,3,3,2,2,1,336.42,0,13,1,1,3,3,1,1,3,3,1
3,5,9,15,0.4,3,2,2,2,1,226.59,1,11,1,3,3,1,9,3,1,2,2
3,5,9,16,1.8,3,2,2,2,1,257.55,1,7,3,1,1,3,2,1,3,2,2
3,5,9,17,0.4,1,3,1,1,1,268.02,1,15,3,1,3,1,17,3,1,1,3
3,5,9,18,0.1,2,1,2,1,0,292.71,1,10,1,1,2,2,4,1,3,1,3
3,5,9,19,0.4,1,2,1,1,1,240.51,1,15,3,1,3,1,12,1,3,2,2
3,5,9,20,0.05,1,1,1,1,1,276.55,1,12,1,3,1,3,11,3,3,3,3
3,5,9,21,0.8,3,1,2,2,1,269.35,1,15,3,3,1,1,20,1,1,1,1
3,5,9,22,0.2,2,2,2,2,1,318.67,0,14,1,3,2,2,15,3,3,2,2
3,5,9,23,0.2,2,1,2,2,1,278.9,1,18,3,1,2,2,14,1,3,1,3
3,5,9,24,1.8,3,2,NaN,NaN,NaN,NaN,NaN,1,3,1,1,3,7,3,3,2,2
3,5,9,25,0.4,2,3,2,2,1,287.15,1,2,1,1,2,2,17,1,1,3,3
3,5,9,26,1.8,1,3,NaN,NaN,NaN,NaN,NaN,18,3,3,3,3,9,3,3,1,1
3,5,9,27,0.1,1,1,1,1,1,231.02,1,12,3,3,3,3,13,3,3,3,3
3,5,9,28,0.05,2,2,2,1,0,395.09,0,18,3,1,2,2,19,1,1,2,2
3,5,9,29,1.8,1,2,1,1,1,241.51,1,4,3,1,3,1,20,3,1,2,2
3,5,9,30,0.2,1,2,1,1,1,244.38,1,1,3,3,3,3,6,1,3,2,2
3,5,9,31,1.8,2,2,2,2,1,242.79,1,9,1,1,2,2,5,1,1,2,2
3,5,9,32,0.4,3,2,2,2,1,251.08,1,13,3,1,1,3,16,3,1,2,2
3,5,9,33,0.1,2,2,2,1,0,373.73,0,7,3,3,2,2,19,1,1,2,2
3,5,9,34,0.1,1,2,1,1,1,291.67,1,13,1,3,1,3,17,3,1,2,2
3,5,9,35,0.05,2,3,2,2,1,248.42,1,7,1,3,2,2,20,1,1,3,3
3,5,9,36,0.8,2,3,2,2,1,268.6,1,9,1,3,2,2,10,3,3,1,1
3,5,9,37,1.8,1,3,1,1,1,280.28,1,3,1,3,1,3,5,3,3,1,1
3,5,9,38,0.1,2,2,2,2,1,415.87,0,10,1,3,2,2,5,1,1,2,2
3,5,9,39,0.05,1,1,1,1,1,243.33,1,17,3,3,3,3,2,3,3,3,3
3,5,9,40,0.2,1,3,1,2,0,299.29,1,13,1,1,1,1,20,3,3,1,1
3,5,9,41,0.8,2,3,2,1,0,223.52,1,1,1,1,2,2,10,3,3,1,1
3,5,9,42,0.05,2,1,2,2,1,350.4,0,15,3,3,2,2,3,3,3,3,3
3,5,9,43,0.4,1,1,1,1,1,207.81,1,15,3,3,3,3,19,1,3,1,3
3,5,9,44,0.05,1,3,1,1,1,278.55,1,9,1,3,1,3,4,3,1,1,3
3,5,9,45,1.8,2,3,2,2,1,200.59,1,20,3,3,2,2,2,3,3,1,1
3,5,9,46,0.8,1,3,NaN,NaN,NaN,NaN,NaN,6,3,1,3,1,20,1,3,3,1
3,5,9,47,0.2,3,3,2,2,1,253.51,1,2,3,1,1,3,1,1,1,3,3
3,5,9,48,1.8,1,1,1,1,1,252.02,1,15,3,1,3,1,9,1,1,1,1
3,5,9,49,0.4,1,1,1,1,1,10.89,2,19,3,3,3,3,15,1,1,1,1
3,5,9,50,0.1,3,1,2,2,1,272.75,1,3,1,3,3,1,18,1,3,1,3
3,5,9,51,0.4,1,2,1,1,1,367.97,0,3,1,3,1,3,6,1,1,2,2
3,5,9,52,0.1,2,2,2,2,1,204.23,1,6,1,1,2,2,20,3,1,2,2
3,5,9,53,0.2,3,2,2,2,1,279.08,1,9,1,1,3,3,9,1,1,2,2
3,5,9,54,0.8,2,1,2,1,0,377.5,0,11,1,1,2,2,19,3,3,3,3
3,5,9,55,0.8,1,1,NaN,NaN,NaN,NaN,NaN,12,3,1,3,1,10,1,1,1,1
3,5,9,56,0.8,1,3,1,1,1,219.48,1,17,3,3,3,3,6,1,3,3,1
3,5,9,57,0.1,1,1,1,1,1,236.62,1,2,1,3,1,3,1,1,3,1,3
3,5,9,58,0.2,1,2,1,1,1,230.67,1,6,1,3,1,3,11,1,1,2,2
3,5,9,59,0.8,2,3,2,2,1,221.38,1,2,3,3,2,2,4,3,3,1,1
3,5,9,60,0.4,1,2,1,1,1,277.34,1,5,3,3,3,3,7,3,3,2,2
3,5,9,61,0.4,1,2,1,1,1,262.5,1,5,3,3,3,3,14,1,3,2,2
3,5,9,62,0.2,2,2,2,2,1,283.98,1,4,1,1,2,2,13,3,1,2,2
3,5,9,63,0.1,2,2,2,1,0,330.56,0,10,1,3,2,2,4,3,1,2,2
3,5,9,64,1.8,1,1,1,1,1,260.77,1,13,3,3,3,3,14,3,1,3,1
3,5,9,65,0.4,3,1,2,2,1,278.5,1,19,3,3,1,1,7,1,1,1,1
3,5,9,66,0.05,3,3,2,2,1,284.39,1,14,1,3,3,1,14,3,3,1,1
3,5,9,67,0.4,1,1,1,1,1,397.15,0,8,1,1,1,1,17,1,1,1,1
3,5,9,68,0.2,3,2,2,2,1,267,1,15,1,1,3,3,4,1,3,2,2
3,5,9,69,0.8,2,3,NaN,NaN,NaN,NaN,NaN,17,1,1,2,2,16,3,3,1,1
3,5,9,70,0.05,1,1,1,1,1,304,0,8,1,3,1,3,11,3,3,3,3
3,5,9,71,0.05,3,2,2,2,1,260.88,1,1,1,1,3,3,5,1,1,2,2
3,5,9,72,1.8,3,1,2,2,1,216.89,1,6,1,1,3,3,6,1,1,1,1
3,5,9,73,0.1,1,2,1,1,1,287.74,1,4,3,3,3,3,12,1,1,2,2
3,5,9,74,0.2,1,3,1,1,1,297.24,1,7,3,1,3,1,8,3,3,1,1
3,5,9,75,0.1,1,3,1,1,1,284.1,1,1,3,3,3,3,17,1,3,3,1
3,5,9,76,0.2,1,1,1,1,1,234.68,1,18,1,3,1,3,8,3,3,3,3
3,5,9,77,0.4,1,3,1,1,1,224.46,1,9,1,1,1,1,14,3,1,1,3
3,5,9,78,0.05,2,3,2,2,1,326.83,0,10,3,3,2,2,12,1,3,3,1
3,5,10,1,1.8,3,1,2,2,1,264.09,1,3,3,1,1,3,7,1,3,1,3
3,5,10,2,0.05,2,3,2,1,0,289.69,1,15,3,3,2,2,7,3,3,1,1
3,5,10,3,0.1,3,2,2,2,1,339.09,0,3,3,1,1,3,2,3,1,2,2
3,5,10,4,0.1,1,1,1,1,1,197.09,1,3,3,3,3,3,2,1,3,1,3
3,5,10,5,0.4,3,1,2,2,1,242.82,1,4,3,1,1,3,11,3,3,3,3
3,5,10,6,1.8,2,2,2,2,1,363.62,0,11,3,1,2,2,1,3,1,2,2
3,5,10,7,0.4,1,3,1,1,1,221.76,1,16,3,3,3,3,16,1,3,3,1
3,5,10,8,0.8,1,2,1,1,1,293.52,1,11,1,1,1,1,1,1,3,2,2
3,5,10,9,0.05,1,2,1,1,1,230.67,1,9,1,1,1,1,4,3,1,2,2
3,5,10,10,1.8,1,1,NaN,NaN,NaN,NaN,NaN,6,3,3,3,3,14,1,3,1,3
3,5,10,11,0.05,1,2,1,1,1,261.07,1,12,3,3,3,3,12,3,1,2,2
3,5,10,12,0.1,1,3,1,1,1,272.18,1,14,3,3,3,3,14,3,3,1,1
3,5,10,13,0.05,3,3,2,2,1,334.58,0,14,1,1,3,3,13,1,1,3,3
3,5,10,14,1.8,1,1,1,1,1,241.33,1,12,1,1,1,1,15,3,1,3,1
3,5,10,15,0.2,3,1,2,2,1,233,1,18,3,1,1,3,8,3,1,3,1
3,5,10,16,1.8,1,3,1,1,1,222.57,1,12,1,1,1,1,20,3,3,1,1
3,5,10,17,0.8,1,1,1,1,1,202.72,1,4,1,1,1,1,12,1,1,1,1
3,5,10,18,0.8,1,2,1,1,1,234.4,1,3,1,3,1,3,1,1,1,2,2
3,5,10,19,0.05,1,1,1,1,1,248.59,1,7,1,3,1,3,5,1,1,1,1
3,5,10,20,0.8,2,2,2,1,0,222.36,1,3,3,1,2,2,9,1,3,2,2
3,5,10,21,0.8,2,2,2,1,0,236.29,1,12,1,1,2,2,12,3,1,2,2
3,5,10,22,0.1,3,3,2,2,1,308.77,0,10,1,1,3,3,17,3,1,1,3
3,5,10,23,0.4,1,1,1,1,1,371.17,0,11,3,3,3,3,10,1,3,1,3
3,5,10,24,0.1,2,3,2,1,0,228.35,1,12,1,3,2,2,16,1,3,3,1
3,5,10,25,1.8,3,1,2,2,1,204.01,1,17,1,3,3,1,5,3,3,3,3
3,5,10,26,1.8,2,1,2,2,1,177.73,1,2,1,3,2,2,15,1,3,1,3
3,5,10,27,0.2,3,1,2,2,1,197.81,1,3,3,3,1,1,20,1,3,1,3
3,5,10,28,0.2,3,1,2,2,1,241.67,1,14,3,3,1,1,19,1,3,1,3
3,5,10,29,0.4,3,1,2,2,1,220.83,1,13,1,3,3,1,9,1,1,1,1
3,5,10,30,0.8,2,3,NaN,NaN,NaN,NaN,NaN,20,1,3,2,2,10,1,1,3,3
3,5,10,31,0.8,1,3,1,1,1,227.02,1,15,3,3,3,3,2,3,1,1,3
3,5,10,32,0.1,3,2,2,2,1,299.81,1,11,3,3,1,1,19,3,3,2,2
3,5,10,33,1.8,3,3,2,2,1,236.54,1,15,1,3,3,1,9,3,3,1,1
3,5,10,34,0.05,1,1,1,1,1,301.26,0,17,1,1,1,1,13,3,1,3,1
3,5,10,35,0.1,1,1,1,1,1,323.78,0,19,3,3,3,3,4,3,3,3,3
3,5,10,36,0.05,1,1,1,1,1,283.46,1,6,3,3,3,3,15,1,3,1,3
3,5,10,37,0.05,1,2,1,1,1,245.39,1,17,3,3,3,3,7,3,1,2,2
3,5,10,38,0.8,1,3,1,1,1,239.28,1,15,1,1,1,1,10,3,1,1,3
3,5,10,39,1.8,1,2,NaN,NaN,NaN,NaN,NaN,2,1,1,1,1,9,3,3,2,2
3,5,10,40,0.05,1,3,1,1,1,292.13,1,14,3,3,3,3,4,1,3,3,1
3,5,10,41,0.2,1,2,1,1,1,276.15,1,18,1,3,1,3,10,1,1,2,2
3,5,10,42,0.2,2,1,2,2,1,269.6,1,14,1,3,2,2,20,1,3,1,3
3,5,10,43,0.8,1,2,1,2,0,225.95,1,11,1,3,1,3,16,1,1,2,2
3,5,10,44,1.8,1,1,1,1,1,297.78,1,1,1,1,1,1,2,3,1,3,1
3,5,10,45,0.4,2,1,2,2,1,340.39,0,16,3,1,2,2,11,1,3,1,3
3,5,10,46,1.8,1,2,1,2,0,212.71,1,6,3,1,3,1,18,3,1,2,2
3,5,10,47,0.8,3,3,2,2,1,232.6,1,8,3,3,1,1,5,1,3,3,1
3,5,10,48,0.1,2,1,2,1,0,232.55,1,10,1,1,2,2,4,3,3,3,3
3,5,10,49,0.4,3,3,2,2,1,257.2,1,18,3,3,1,1,17,3,1,1,3
3,5,10,50,0.1,1,3,1,1,1,378.7,0,13,1,3,1,3,15,3,3,1,1
3,5,10,51,0.4,3,3,2,2,1,220.29,1,11,1,1,3,3,1,3,3,1,1
3,5,10,52,0.1,3,2,2,2,1,381.44,0,10,1,1,3,3,5,3,1,2,2
3,5,10,53,0.05,1,2,1,1,1,227.62,1,9,1,3,1,3,13,1,3,2,2
3,5,10,54,0.8,1,2,1,1,1,264.02,1,19,3,1,3,1,15,3,1,2,2
3,5,10,55,0.2,3,2,2,2,1,230.55,1,7,1,3,3,1,2,1,3,2,2
3,5,10,56,0.05,2,3,2,2,1,271.05,1,5,3,3,2,2,18,1,1,3,3
3,5,10,57,0.4,1,3,1,1,1,215.63,1,5,3,3,3,3,6,1,3,3,1
3,5,10,58,0.05,1,3,1,1,1,261.74,1,1,3,3,3,3,15,1,3,3,1
3,5,10,59,1.8,2,3,NaN,NaN,NaN,NaN,NaN,17,1,1,2,2,11,3,1,1,3
3,5,10,60,0.2,2,2,2,2,1,242.61,1,3,3,1,2,2,13,1,1,2,2
3,5,10,61,0.2,1,2,1,1,1,196.93,1,6,1,1,1,1,11,1,3,2,2
3,5,10,62,0.1,3,2,2,2,1,221.17,1,3,1,1,3,3,8,3,1,2,2
3,5,10,63,0.4,3,1,2,2,1,200.23,1,11,1,3,3,1,5,3,1,3,1
3,5,10,64,0.1,1,2,1,1,1,290.37,1,6,3,3,3,3,14,1,3,2,2
3,5,10,65,1.8,1,3,1,1,1,213.2,1,10,3,1,3,1,4,1,3,3,1
3,5,10,66,0.2,3,3,2,2,1,293.27,1,18,1,3,3,1,13,3,1,1,3
3,5,10,67,0.2,1,2,1,1,1,252.5,1,4,3,1,3,1,16,3,1,2,2
3,5,10,68,0.2,2,1,2,1,0,237.48,1,16,3,3,2,2,9,1,3,1,3
3,5,10,69,0.4,1,3,1,1,1,218.46,1,6,1,1,1,1,4,3,1,1,3
3,5,10,70,0.8,2,2,2,2,1,211.13,1,1,3,1,2,2,19,1,3,2,2
3,5,10,71,0.2,3,3,2,2,1,192.38,1,3,1,3,3,1,13,3,3,1,1
3,5,10,72,0.2,2,2,2,2,1,168.51,1,14,3,3,2,2,19,1,3,2,2
3,5,10,73,0.05,2,1,2,2,1,272.75,1,7,1,1,2,2,1,1,1,1,1
3,5,10,74,0.1,1,3,1,1,1,241.89,1,5,1,1,1,1,8,3,3,1,1
3,5,10,75,0.4,2,2,2,2,1,259.06,1,17,3,1,2,2,14,1,3,2,2
3,5,10,76,0.8,1,3,1,1,1,212.09,1,2,1,3,1,3,5,1,3,3,1
3,5,10,77,0.4,3,2,2,2,1,251.09,1,10,1,1,3,3,12,3,3,2,2
3,5,10,78,0.4,1,1,1,1,1,223.32,1,7,3,3,3,3,3,1,3,1,3
