2,15,1,1,0.1,2,1,2,2,1,184.36,1,5,3,3,2,2,17,1,1,1,1
2,15,1,2,0.4,1,1,1,1,1,216.65,1,3,3,3,3,3,20,1,3,1,3
2,15,1,3,0.8,1,1,1,1,1,235.57,1,20,3,1,3,1,16,3,1,3,1
2,15,1,4,0.2,3,2,2,2,1,186.58,1,20,1,1,3,3,17,3,1,2,2
2,15,1,5,0.4,3,1,2,2,1,192.32,1,17,3,1,1,3,18,1,3,1,3
2,15,1,6,0.8,3,1,2,2,1,217.07,1,9,3,3,1,1,14,3,1,3,1
2,15,1,7,0.05,1,1,1,1,1,241.34,1,14,1,1,1,1,18,1,1,1,1
2,15,1,8,1.8,1,2,1,1,1,204.83,1,2,1,3,1,3,10,3,1,2,2
2,15,1,9,0.1,2,3,2,2,1,284.97,1,9,1,1,2,2,17,3,1,1,3
2,15,1,10,0.4,1,2,1,1,1,198.19,1,19,1,1,1,1,17,3,1,2,2
2,15,1,11,1.8,1,3,1,1,1,219.96,1,2,1,3,1,3,19,3,1,1,3
2,15,1,12,1.8,2,3,2,2,1,188.72,1,7,3,3,2,2,10,3,1,1,3
2,15,1,13,0.4,3,3,2,2,1,213.11,1,5,1,1,3,3,13,3,1,1,3
2,15,1,14,0.05,2,3,2,2,1,328.54,0,2,3,3,2,2,2,3,3,1,1
2,15,1,15,0.8,2,3,2,2,1,211.36,1,9,1,3,2,2,19,3,1,1,3
2,15,1,16,1.8,2,2,2,2,1,197.25,1,17,3,1,2,2,13,1,1,2,2
2,15,1,17,0.1,2,3,2,1,0,250.69,1,18,3,3,2,2,6,1,3,3,1
2,15,1,18,0.8,1,2,1,1,1,173.3,1,2,1,3,1,3,4,3,1,2,2
2,15,1,19,0.4,1,1,1,1,1,227.87,1,2,3,3,3,3,3,1,1,1,1
2,15,1,20,0.2,3,2,2,2,1,202.45,1,6,3,1,1,3,16,3,3,2,2
2,15,1,21,1.8,1,3,1,1,1,204.74,1,4,3,3,3,3,9,3,3,1,1
2,15,1,22,0.05,2,3,2,1,0,338.28,0,15,3,1,2,2,13,1,1,3,3
2,15,1,23,0.2,2,1,2,2,1,199.41,1,8,3,3,2,2,9,1,1,1,1
2,15,1,24,0.4,1,3,1,2,0,295.96,1,2,3,1,3,1,10,3,1,1,3
2,15,1,25,0.05,3,2,2,2,1,316.46,0,1,1,1,3,3,17,3,3,2,2
2,15,1,26,0.4,1,1,1,1,1,251.33,1,18,1,3,1,3,17,1,1,1,1
2,15,1,27,0.1,2,1,2,1,0,283.7,1,10,3,1,2,2,2,3,1,3,1
2,15,1,28,0.2,3,2,2,2,1,258.41,1,7,1,3,3,1,2,1,3,2,2
2,15,1,29,0.4,3,2,2,2,1,272.7,1,13,3,3,1,1,19,3,1,2,2
2,15,1,30,0.05,1,1,1,1,1,265.66,1,7,3,3,3,3,7,3,1,3,1
2,15,1,31,0.05,2,1,2,2,1,352.17,0,3,1,1,2,2,7,1,3,1,3
2,15,1,32,0.4,3,2,2,2,1,242,1,5,1,1,3,3,10,1,1,2,2
2,15,1,33,0.05,3,2,2,2,1,297.45,1,13,3,1,1,3,4,3,3,2,2
2,15,1,34,0.8,1,3,1,1,1,240.67,1,9,3,1,3,1,4,3,1,1,3
2,15,1,35,1.8,1,2,1,1,1,204.03,1,6,3,3,3,3,7,1,3,2,2
2,15,1,36,0.2,2,3,2,1,0,216.14,1,18,1,3,2,2,6,1,3,3,1
2,15,1,37,0.1,3,2,2,2,1,241.13,1,10,1,3,3,1,4,3,3,2,2
2,15,1,38,0.8,2,3,2,2,1,201.28,1,4,1,3,2,2,1,3,1,1,3
2,15,1,39,0.2,1,3,1,2,0,273.43,1,15,3,1,3,1,12,1,3,3,1
2,15,1,40,0.2,1,1,1,1,1,174.08,1,12,3,1,3,1,4,1,3,1,3
2,15,1,41,0.1,3,1,2,1,0,345.29,0,7,3,3,1,1,7,1,1,1,1
2,15,1,42,0.8,1,2,1,1,1,291.16,1,12,3,1,3,1,1,3,3,2,2
2,15,1,43,1.8,1,3,NaN,NaN,NaN,NaN,NaN,7,3,3,3,3,7,3,3,1,1
2,15,1,44,0.2,1,1,1,1,1,264.66,1,6,3,1,3,1,19,1,3,1,3
2,15,1,45,1.8,3,3,2,2,1,204.94,1,5,3,1,1,3,4,1,3,3,1
2,15,1,46,0.05,2,1,2,2,1,421.92,0,19,3,3,2,2,8,1,3,1,3
2,15,1,47,0.2,3,2,2,2,1,403.73,0,3,3,1,1,3,4,1,3,2,2
2,15,1,48,0.4,2,1,2,2,1,255.64,1,3,3,1,2,2,19,1,3,1,3
2,15,1,49,0.1,1,3,1,2,0,491.18,0,15,3,1,3,1,6,1,1,3,3
2,15,1,50,0.2,3,2,2,2,1,290.81,1,10,1,3,3,1,16,1,1,2,2
2,15,1,51,0.2,2,1,2,1,0,238.52,1,11,3,1,2,2,18,3,3,3,3
2,15,1,52,0.8,1,3,1,1,1,208.07,1,14,3,1,3,1,12,3,3,1,1
2,15,1,53,0.1,1,3,1,1,1,315.85,0,20,1,3,1,3,12,1,1,3,3
2,15,1,54,0.05,3,2,2,2,1,266.41,1,17,1,1,3,3,16,3,1,2,2
2,15,1,55,1.8,3,2,2,2,1,192.41,1,18,3,3,1,1,4,1,1,2,2
2,15,1,56,0.4,1,3,1,1,1,263.66,1,19,1,3,1,3,3,3,1,1,3
2,15,1,57,0.2,1,1,1,1,1,246.41,1,10,1,3,1,3,6,3,3,3,3
2,15,1,58,0.1,3,1,2,2,1,281.58,1,2,1,1,3,3,14,1,1,1,1
2,15,1,59,1.8,1,3,1,1,1,228.5,1,3,3,1,3,1,7,1,3,3,1
2,15,1,60,1.8,3,3,2,2,1,206.66,1,18,3,1,1,3,2,3,3,1,1
2,15,1,61,0.8,1,2,1,1,1,214.95,1,11,3,1,3,1,3,3,1,2,2
2,15,1,62,1.8,3,1,2,2,1,177.23,1,14,3,3,1,1,18,3,1,3,1
2,15,1,63,0.2,2,1,2,2,1,300.37,0,3,1,3,2,2,2,1,3,1,3
2,15,1,64,0.8,2,2,2,2,1,227.48,1,14,1,3,2,2,13,1,1,2,2
2,15,1,65,0.05,2,2,2,2,1,349.59,0,7,1,3,2,2,20,3,1,2,2
2,15,1,66,0.1,3,2,2,2,1,265.12,1,10,3,3,1,1,14,3,1,2,2
2,15,1,67,0.8,1,3,1,1,1,213.43,1,9,3,3,3,3,15,3,3,1,1
2,15,1,68,0.4,1,2,1,1,1,245.98,1,8,3,1,3,1,1,3,1,2,2
2,15,1,69,0.05,2,3,2,2,1,327.36,0,17,3,1,2,2,4,1,3,3,1
2,15,1,70,0.8,1,3,1,1,1,212.99,1,13,3,3,3,3,20,1,1,3,3
2,15,1,71,0.05,3,2,2,2,1,354.36,0,12,3,3,1,1,11,1,1,2,2
2,15,1,72,0.8,2,1,2,2,1,209.25,1,6,1,1,2,2,16,1,1,1,1
2,15,1,73,0.1,1,1,1,2,0,1125.3,0,2,1,1,1,1,9,3,1,3,1
2,15,1,74,0.4,1,2,1,1,1,244.52,1,14,1,1,1,1,14,1,3,2,2
2,15,1,75,0.05,1,1,1,2,0,249.34,1,10,3,3,3,3,7,3,3,3,3
2,15,1,76,0.1,1,2,1,1,1,254.12,1,19,3,1,3,1,8,1,1,2,2
2,15,1,77,1.8,2,1,2,2,1,224,1,7,1,3,2,2,13,1,1,1,1
2,15,1,78,0.1,2,2,2,1,0,246.53,1,4,3,1,2,2,17,3,3,2,2
2,15,2,1,0.2,1,2,1,1,1,222.44,1,19,1,1,1,1,3,3,3,2,2
2,15,2,2,0.4,1,3,1,1,1,193.81,1,15,3,1,3,1,14,1,3,3,1
2,15,2,3,0.4,1,2,1,2,0,244.85,1,16,1,3,1,3,12,1,1,2,2
2,15,2,4,0.4,1,3,1,1,1,234.4,1,5,1,3,1,3,19,3,3,1,1
2,15,2,5,0.8,2,1,2,2,1,257.37,1,2,3,3,2,2,12,3,1,3,1
2,15,2,6,0.1,1,2,1,1,1,180.71,1,11,3,1,3,1,1,1,1,2,2
2,15,2,7,1.8,1,3,1,1,1,150.44,1,11,1,1,1,1,11,1,1,3,3
2,15,2,8,0.1,3,2,2,2,1,229.67,1,13,3,1,1,3,12,1,1,2,2
2,15,2,9,0.2,3,3,2,2,1,238.35,1,20,1,1,3,3,19,3,1,1,3
2,15,2,10,0.2,3,1,2,2,1,224.38,1,20,1,3,3,1,4,3,3,3,3
2,15,2,11,0.2,2,3,2,2,1,233.65,1,5,3,3,2,2,12,3,3,1,1
2,15,2,12,0.1,1,2,1,1,1,272.21,1,18,1,1,1,1,18,1,1,2,2
2,15,2,13,0.8,1,1,NaN,NaN,NaN,NaN,NaN,7,1,3,1,3,3,3,1,3,1
2,15,2,14,0.2,2,2,2,2,1,263.25,1,14,1,1,2,2,11,3,1,2,2
2,15,2,15,0.05,1,2,1,1,1,318.92,0,20,1,1,1,1,6,1,1,2,2
2,15,2,16,0.4,1,3,1,2,0,258.01,1,13,3,3,3,3,13,1,3,3,1
2,15,2,17,0.1,1,2,1,1,1,238.76,1,14,3,3,3,3,20,1,3,2,2
2,15,2,18,0.05,3,3,2,2,1,294.72,1,10,3,1,1,3,18,3,3,1,1
2,15,2,19,0.1,3,1,2,2,1,262.51,1,19,1,3,3,1,17,1,3,1,3
2,15,2,20,0.05,1,3,1,2,0,328.36,0,6,1,3,1,3,14,1,1,3,3
2,15,2,21,0.8,1,1,1,1,1,190.49,1,19,1,3,1,3,16,3,1,3,1
2,15,2,22,0.1,1,3,1,1,1,215.07,1,15,3,1,3,1,2,1,3,3,1
2,15,2,23,0.4,1,3,1,1,1,202.85,1,16,1,3,1,3,5,1,1,3,3
2,15,2,24,0.8,3,3,2,2,1,257.17,1,17,3,1,1,3,1,3,3,1,1
2,15,2,25,0.4,3,3,2,2,1,262.46,1,2,1,3,3,1,13,1,3,3,1
2,15,2,26,0.05,1,2,1,1,1,296.38,1,13,1,3,1,3,14,3,1,2,2
2,15,2,27,0.8,1,3,1,2,0,244.92,1,10,1,3,1,3,3,3,1,1,3
2,15,2,28,0.1,3,3,2,1,0,203.54,1,12,3,3,1,1,1,3,3,1,1
2,15,2,29,1.8,1,3,NaN,NaN,NaN,NaN,NaN,14,1,1,1,1,20,1,3,3,1
2,15,2,30,0.4,3,1,2,2,1,241.63,1,10,1,1,3,3,18,1,1,1,1
2,15,2,31,1.8,2,2,2,2,1,220.05,1,16,3,3,2,2,1,3,3,2,2
2,15,2,32,0.8,1,3,1,1,1,265.06,1,9,3,3,3,3,1,1,1,3,3
2,15,2,33,1.8,2,3,2,2,1,216.61,1,11,3,3,2,2,7,3,3,1,1
2,15,2,34,0.2,2,3,2,2,1,247.82,1,15,3,3,2,2,2,3,3,1,1
2,15,2,35,1.8,1,3,1,2,0,236.57,1,2,3,1,3,1,12,3,3,1,1
2,15,2,36,1.8,3,2,2,2,1,200.71,1,20,1,3,3,1,7,3,3,2,2
2,15,2,37,1.8,1,1,1,1,1,219.36,1,10,3,1,3,1,17,3,1,3,1
2,15,2,38,0.1,3,2,2,2,1,283.27,1,8,3,3,1,1,12,3,3,2,2
2,15,2,39,0.2,2,1,2,2,1,270.44,1,10,3,3,2,2,16,1,3,1,3
2,15,2,40,0.1,2,1,2,1,0,330.96,0,4,3,3,2,2,11,3,1,3,1
2,15,2,41,0.05,2,1,2,2,1,276.9,1,5,1,3,2,2,6,1,1,1,1
2,15,2,42,0.1,1,1,1,1,1,137.29,1,8,1,1,1,1,11,1,1,1,1
2,15,2,43,0.4,2,2,2,1,0,248.07,1,12,1,3,2,2,4,3,1,2,2
2,15,2,44,0.8,2,1,2,2,1,220.01,1,16,3,1,2,2,5,1,3,1,3
2,15,2,45,0.1,1,3,1,1,1,340.48,0,4,3,1,3,1,9,3,1,1,3
2,15,2,46,1.8,1,3,1,2,0,207.75,1,10,3,3,3,3,13,1,1,3,3
2,15,2,47,0.2,3,1,2,2,1,260.74,1,14,1,1,3,3,12,3,3,3,3
2,15,2,48,1.8,1,3,1,1,1,194.16,1,19,1,1,1,1,7,3,1,1,3
2,15,2,49,0.8,1,3,1,1,1,245.53,1,6,1,1,1,1,10,3,3,1,1
2,15,2,50,0.05,3,1,2,2,1,314.08,0,4,3,3,1,1,13,3,3,3,3
2,15,2,51,0.2,3,1,2,2,1,250.1,1,16,1,3,3,1,19,1,3,1,3
2,15,2,52,0.2,3,1,2,2,1,259.12,1,9,3,3,1,1,17,3,1,3,1
2,15,2,53,0.1,1,3,1,2,0,267.16,1,2,3,1,3,1,14,3,3,1,1
2,15,2,54,0.2,1,1,1,1,1,286.67,1,2,1,1,1,1,14,1,3,1,3
2,15,2,55,0.4,1,3,1,1,1,270.76,1,5,3,3,3,3,10,3,1,1,3
2,15,2,56,0.05,1,1,1,2,0,362.26,0,7,1,1,1,1,5,1,1,1,1
2,15,2,57,0.05,1,1,1,1,1,324.68,0,14,3,1,3,1,13,3,3,3,3
2,15,2,58,1.8,1,2,1,1,1,227.68,1,14,1,1,1,1,15,1,1,2,2
2,15,2,59,0.05,1,3,1,2,0,309.15,0,9,3,3,3,3,13,1,3,3,1
2,15,2,60,1.8,1,2,1,1,1,196.96,1,15,1,1,1,1,2,1,1,2,2
2,15,2,61,0.8,1,1,1,1,1,200.2,1,17,3,3,3,3,2,3,1,3,1
2,15,2,62,0.2,3,3,2,2,1,251.99,1,1,1,1,3,3,16,3,1,1,3
2,15,2,63,0.05,3,2,2,2,1,299.01,1,13,1,1,3,3,20,3,3,2,2
2,15,2,64,1.8,1,2,1,2,0,246.23,1,8,1,1,1,1,3,3,1,2,2
2,15,2,65,0.4,1,1,1,1,1,261.25,1,12,3,1,3,1,7,1,3,1,3
2,15,2,66,0.8,2,1,2,2,1,224.8,1,2,1,1,2,2,10,3,3,3,3
2,15,2,67,0.4,2,3,2,2,1,220.51,1,2,1,1,2,2,5,3,1,1,3
2,15,2,68,0.05,2,2,2,2,1,353.73,0,2,1,3,2,2,1,3,1,2,2
2,15,2,69,0.8,2,3,2,2,1,238.44,1,19,1,1,2,2,9,3,1,1,3
2,15,2,70,0.2,1,3,1,1,1,253.17,1,5,1,3,1,3,5,3,3,1,1
2,15,2,71,0.05,3,3,2,2,1,297.64,1,8,3,3,1,1,2,3,3,1,1
2,15,2,72,0.1,1,1,1,1,1,288.61,1,5,1,1,1,1,7,1,3,1,3
2,15,2,73,0.8,1,1,1,1,1,248.76,1,10,3,1,3,1,16,3,3,3,3
2,15,2,74,1.8,1,1,1,1,1,209.27,1,1,3,1,3,1,7,3,3,3,3
2,15,2,75,0.4,1,3,1,1,1,205.14,1,6,1,1,1,1,13,1,3,3,1
2,15,2,76,0.05,2,1,2,2,1,320.66,0,8,3,1,2,2,17,3,3,3,3
2,15,2,77,0.8,2,3,2,2,1,223.68,1,3,3,3,2,2,16,1,3,3,1
2,15,2,78,0.4,3,1,2,2,1,209.33,1,5,3,1,1,3,17,1,3,1,3
2,15,3,1,0.2,2,1,2,2,1,245.74,1,3,1,1,2,2,7,3,1,3,1
2,15,3,2,0.8,3,2,2,2,1,222.52,1,11,3,1,1,3,15,3,3,2,2
2,15,3,3,0.05,2,3,2,2,1,272.55,1,20,1,3,2,2,1,3,1,1,3
2,15,3,4,0.8,2,1,2,2,1,214.42,1,13,3,3,2,2,12,1,1,1,1
2,15,3,5,0.05,3,3,2,2,1,293.72,1,13,3,1,1,3,11,3,1,1,3
2,15,3,6,0.8,3,3,2,1,0,213.9,1,12,3,3,1,1,14,1,1,3,3
2,15,3,7,0.2,2,1,2,2,1,225.21,1,8,3,3,2,2,7,3,3,3,3
2,15,3,8,0.05,2,1,2,2,1,329.81,0,17,1,1,2,2,14,3,1,3,1
2,15,3,9,0.05,1,1,1,2,0,280.43,1,9,1,1,1,1,13,3,1,3,1
2,15,3,10,0.1,1,3,1,1,1,205.39,1,4,3,1,3,1,2,3,1,1,3
2,15,3,11,0.8,3,3,2,2,1,207.47,1,12,1,3,3,1,11,1,3,3,1
2,15,3,12,0.4,2,3,2,2,1,212.22,1,11,1,1,2,2,17,3,1,1,3
2,15,3,13,0.4,3,2,2,2,1,247.25,1,13,3,3,1,1,8,3,3,2,2
2,15,3,14,0.1,2,2,2,2,1,287.75,1,16,3,1,2,2,1,1,3,2,2
2,15,3,15,1.8,2,1,2,2,1,198.47,1,20,1,3,2,2,14,3,3,3,3
2,15,3,16,0.1,1,1,1,1,1,267.72,1,7,1,3,1,3,19,3,3,3,3
2,15,3,17,0.1,2,3,2,2,1,316.14,0,6,3,3,2,2,5,1,1,3,3
2,15,3,18,1.8,2,3,2,2,1,232.94,1,19,1,1,2,2,10,3,3,1,1
2,15,3,19,0.2,1,3,1,1,1,230.27,1,6,1,1,1,1,1,1,3,3,1
2,15,3,20,0.4,1,1,1,2,0,321.46,0,13,3,1,3,1,7,1,1,1,1
2,15,3,21,0.8,2,2,2,2,1,219.42,1,3,1,3,2,2,6,1,1,2,2
2,15,3,22,0.8,3,3,2,2,1,251.53,1,14,3,3,1,1,2,3,3,1,1
2,15,3,23,0.1,1,2,1,1,1,264.23,1,19,1,1,1,1,15,3,1,2,2
2,15,3,24,1.8,3,3,2,2,1,218.66,1,1,1,1,3,3,3,3,1,1,3
2,15,3,25,0.4,1,2,NaN,NaN,NaN,NaN,NaN,18,3,1,3,1,12,1,3,2,2
2,15,3,26,0.2,2,1,2,2,1,249.53,1,13,1,1,2,2,13,1,3,1,3
2,15,3,27,0.1,1,1,1,1,1,295.62,1,2,3,1,3,1,1,1,3,1,3
2,15,3,28,0.05,2,1,2,2,1,446.99,0,15,1,1,2,2,18,1,1,1,1
2,15,3,29,0.2,2,2,2,2,1,264.28,1,18,3,3,2,2,5,3,3,2,2
2,15,3,30,0.1,1,3,1,1,1,274.01,1,5,3,1,3,1,3,3,3,1,1
2,15,3,31,0.8,3,1,2,2,1,258.5,1,3,1,3,3,1,5,1,3,1,3
2,15,3,32,0.05,1,2,1,2,0,310.2,0,11,3,1,3,1,8,3,1,2,2
2,15,3,33,0.1,2,3,2,2,1,279.36,1,20,3,3,2,2,12,3,1,1,3
2,15,3,34,0.4,2,2,2,2,1,235.09,1,8,3,3,2,2,7,3,1,2,2
2,15,3,35,1.8,3,2,2,2,1,212.03,1,13,3,1,1,3,11,3,1,2,2
2,15,3,36,0.1,1,2,1,1,1,292.14,1,17,1,1,1,1,18,3,1,2,2
2,15,3,37,1.8,1,3,1,1,1,218.22,1,7,3,1,3,1,14,1,3,3,1
2,15,3,38,0.05,3,2,2,1,0,288.83,1,15,3,1,1,3,18,1,3,2,2
2,15,3,39,0.2,2,3,2,2,1,298.15,1,9,1,3,2,2,16,3,3,1,1
2,15,3,40,0.2,3,1,2,2,1,303.42,0,14,3,3,1,1,5,3,3,3,3
2,15,3,41,1.8,2,2,2,2,1,215.85,1,13,3,1,2,2,5,3,1,2,2
2,15,3,42,1.8,1,1,1,1,1,236.7,1,2,1,3,1,3,13,1,1,1,1
2,15,3,43,1.8,2,2,2,2,1,257.41,1,14,1,3,2,2,6,3,3,2,2
2,15,3,44,0.4,1,2,1,2,0,246.69,1,2,1,3,1,3,5,1,1,2,2
2,15,3,45,0.8,3,1,2,2,1,266.57,1,8,1,3,3,1,19,1,3,1,3
2,15,3,46,0.4,3,2,2,2,1,237.78,1,5,1,1,3,3,13,1,3,2,2
2,15,3,47,0.1,2,1,2,2,1,310.03,0,17,1,3,2,2,12,3,1,3,1
2,15,3,48,0.4,2,1,2,2,1,281.28,1,9,1,1,2,2,17,3,3,3,3
2,15,3,49,0.05,3,1,2,2,1,319.68,0,1,1,3,3,1,9,1,3,1,3
2,15,3,50,1.8,1,2,1,1,1,220.42,1,7,3,1,3,1,14,1,3,2,2
2,15,3,51,0.2,1,1,1,1,1,269.9,1,10,3,1,3,1,11,3,1,3,1
2,15,3,52,0.05,3,1,2,2,1,309.04,0,13,3,3,1,1,13,1,1,1,1
2,15,3,53,0.4,1,1,1,1,1,272.36,1,15,1,1,1,1,16,1,1,1,1
2,15,3,54,0.1,2,3,2,2,1,273.84,1,3,1,1,2,2,4,3,3,1,1
2,15,3,55,0.1,1,2,1,1,1,272.59,1,10,1,1,1,1,18,1,1,2,2
2,15,3,56,0.2,3,3,2,2,1,311.53,0,6,1,3,3,1,7,3,3,1,1
2,15,3,57,0.05,3,1,2,2,1,270.55,1,8,1,1,3,3,3,3,3,3,3
2,15,3,58,0.1,1,3,1,1,1,251.74,1,18,3,3,3,3,7,1,1,3,3
2,15,3,59,0.4,1,2,1,1,1,269.95,1,10,3,1,3,1,16,1,1,2,2
2,15,3,60,0.05,3,1,2,2,1,275.71,1,14,1,3,3,1,7,3,1,3,1
2,15,3,61,0.2,1,1,1,1,1,189.12,1,8,3,3,3,3,15,1,3,1,3
2,15,3,62,0.4,2,2,2,2,1,261.69,1,14,1,1,2,2,19,1,1,2,2
2,15,3,63,0.4,1,2,1,1,1,260.39,1,1,1,1,1,1,9,1,1,2,2
2,15,3,64,0.8,2,2,2,2,1,205.39,1,4,1,3,2,2,20,1,3,2,2
2,15,3,65,0.05,1,1,1,2,0,1628,0,18,1,1,1,1,7,1,3,1,3
2,15,3,66,0.05,1,3,1,1,1,249.2,1,8,3,1,3,1,9,1,1,3,3
2,15,3,67,0.8,1,3,1,2,0,233.59,1,14,3,1,3,1,2,3,3,1,1
2,15,3,68,0.8,1,3,1,1,1,204.33,1,3,1,1,1,1,13,1,1,3,3
2,15,3,69,0.4,3,2,2,2,1,263.45,1,12,1,3,3,1,3,1,1,2,2
2,15,3,70,0.2,2,3,2,2,1,253.33,1,13,3,3,2,2,15,1,3,3,1
2,15,3,71,0.8,1,1,NaN,NaN,NaN,NaN,NaN,5,3,3,3,3,8,3,1,3,1
2,15,3,72,0.2,2,2,2,1,0,271.23,1,12,1,1,2,2,15,1,1,2,2
2,15,3,73,0.2,1,3,1,1,1,200.38,1,13,3,3,3,3,13,3,3,1,1
2,15,3,74,1.8,2,1,2,2,1,310.99,0,15,3,3,2,2,2,1,1,1,1
2,15,3,75,0.8,3,2,2,2,1,187.9,1,18,3,3,1,1,3,3,3,2,2
2,15,3,76,1.8,3,3,2,2,1,193.97,1,5,1,1,3,3,2,3,3,1,1
2,15,3,77,1.8,2,1,2,1,0,192.32,1,15,3,1,2,2,13,1,3,1,3
2,15,3,78,1.8,3,1,2,2,1,204.85,1,9,3,1,1,3,10,3,1,3,1
2,15,4,1,0.1,2,1,2,2,1,292.28,1,6,3,1,2,2,8,1,3,1,3
2,15,4,2,0.8,1,2,1,1,1,200.52,1,6,1,3,1,3,15,1,3,2,2
2,15,4,3,0.1,3,2,2,2,1,267.48,1,4,1,3,3,1,16,1,3,2,2
2,15,4,4,1.8,2,2,2,2,1,213.73,1,9,1,1,2,2,4,1,1,2,2
2,15,4,5,0.8,1,3,1,1,1,222.03,1,3,1,3,1,3,13,3,3,1,1
2,15,4,6,0.8,1,1,1,1,1,252.59,1,3,1,3,1,3,10,3,3,3,3
2,15,4,7,0.1,1,1,1,2,0,254.64,1,13,3,1,3,1,9,3,1,3,1
2,15,4,8,0.4,1,3,1,2,0,227.68,1,7,1,3,1,3,6,1,1,3,3
2,15,4,9,0.05,3,2,2,2,1,352.64,0,18,3,3,1,1,11,3,3,2,2
2,15,4,10,0.1,2,3,2,2,1,261.76,1,2,1,3,2,2,10,3,3,1,1
2,15,4,11,1.8,2,3,NaN,NaN,NaN,NaN,NaN,2,1,1,2,2,13,1,1,3,3
2,15,4,12,0.2,2,3,2,1,0,251.41,1,2,3,3,2,2,14,3,3,1,1
2,15,4,13,0.1,3,2,2,2,1,209.91,1,3,3,3,1,1,20,3,3,2,2
2,15,4,14,0.8,2,2,2,1,0,238.29,1,17,3,1,2,2,4,1,3,2,2
2,15,4,15,1.8,1,3,1,1,1,212.07,1,2,1,1,1,1,7,1,3,3,1
2,15,4,16,0.8,2,1,2,2,1,203.08,1,18,3,1,2,2,19,3,1,3,1
2,15,4,17,0.4,3,3,2,2,1,259.59,1,6,1,3,3,1,17,3,3,1,1
2,15,4,18,0.05,1,3,1,2,0,353.7,0,7,1,3,1,3,19,3,1,1,3
2,15,4,19,0.8,2,1,2,2,1,237.93,1,11,1,1,2,2,14,1,3,1,3
2,15,4,20,0.2,1,3,1,1,1,287.36,1,14,3,3,3,3,7,1,1,3,3
2,15,4,21,1.8,1,1,1,1,1,215.16,1,9,1,3,1,3,9,3,3,3,3
2,15,4,22,0.4,1,3,1,2,0,247.53,1,17,1,3,1,3,17,1,3,3,1
2,15,4,23,0.05,1,1,1,2,0,263.76,1,10,1,1,1,1,11,3,3,3,3
2,15,4,24,0.1,2,3,2,2,1,261.06,1,9,3,1,2,2,8,3,3,1,1
2,15,4,25,0.2,2,3,2,1,0,257.24,1,3,1,1,2,2,8,1,3,3,1
2,15,4,26,0.05,1,2,1,1,1,273.48,1,7,1,1,1,1,17,3,1,2,2
2,15,4,27,1.8,3,3,NaN,NaN,NaN,NaN,NaN,3,1,3,3,1,8,1,3,3,1
2,15,4,28,0.1,1,1,1,1,1,196.94,1,5,3,3,3,3,2,1,3,1,3
2,15,4,29,0.05,1,2,1,1,1,277.46,1,16,1,1,1,1,14,1,3,2,2
2,15,4,30,0.4,3,1,2,2,1,299.03,1,6,1,1,3,3,17,1,1,1,1
2,15,4,31,0.2,1,3,1,1,1,223.87,1,5,1,3,1,3,8,1,1,3,3
2,15,4,32,0.4,1,3,1,1,1,192.14,1,2,1,3,1,3,3,1,1,3,3
2,15,4,33,0.2,1,2,1,1,1,277.05,1,9,1,1,1,1,7,3,3,2,2
2,15,4,34,0.05,1,3,1,1,1,280.26,1,19,1,3,1,3,17,1,1,3,3
2,15,4,35,0.4,2,3,2,2,1,274.63,1,3,3,3,2,2,14,1,1,3,3
2,15,4,36,0.2,2,3,2,2,1,262.27,1,13,3,1,2,2,9,1,3,3,1
2,15,4,37,1.8,1,2,1,1,1,210.92,1,15,3,1,3,1,14,3,1,2,2
2,15,4,38,0.05,1,3,1,2,0,288.31,1,15,1,3,1,3,3,3,3,1,1
2,15,4,39,0.05,1,2,1,1,1,261.89,1,17,3,3,3,3,17,1,1,2,2
2,15,4,40,0.2,3,2,2,2,1,354.86,0,6,3,3,1,1,4,3,1,2,2
2,15,4,41,0.2,1,2,1,1,1,243.48,1,14,1,3,1,3,11,1,3,2,2
2,15,4,42,0.8,1,3,1,1,1,220.78,1,13,3,3,3,3,2,1,3,3,1
2,15,4,43,0.05,3,1,2,2,1,958.97,0,4,1,1,3,3,5,1,3,1,3
2,15,4,44,1.8,1,3,NaN,NaN,NaN,NaN,NaN,12,1,3,1,3,13,3,1,1,3
2,15,4,45,0.05,3,2,2,1,0,286.82,1,12,1,1,3,3,12,1,3,2,2
2,15,4,46,0.2,2,1,2,2,1,273.74,1,11,3,3,2,2,9,1,1,1,1
2,15,4,47,0.4,2,2,2,2,1,213.42,1,15,3,3,2,2,17,1,1,2,2
2,15,4,48,0.4,2,3,2,2,1,263.79,1,10,1,3,2,2,14,3,1,1,3
2,15,4,49,0.05,1,1,1,1,1,283.22,1,1,1,1,1,1,5,1,3,1,3
2,15,4,50,0.2,3,2,2,2,1,172.83,1,8,1,1,3,3,16,1,3,2,2
2,15,4,51,0.2,3,3,2,2,1,268.96,1,8,3,1,1,3,16,1,3,3,1
2,15,4,52,0.1,1,3,1,2,0,279.67,1,2,1,3,1,3,20,1,3,3,1
2,15,4,53,0.1,1,1,1,1,1,198.04,1,18,3,3,3,3,2,1,1,1,1
2,15,4,54,0.8,1,2,1,1,1,212.02,1,12,1,1,1,1,20,1,1,2,2
2,15,4,55,0.2,3,3,2,2,1,269.98,1,5,3,1,1,3,1,1,1,3,3
2,15,4,56,0.05,2,1,2,1,0,231.51,1,3,3,3,2,2,18,3,1,3,1
2,15,4,57,0.8,1,3,1,1,1,257.89,1,17,1,3,1,3,6,1,1,3,3
2,15,4,58,1.8,1,2,1,1,1,250.56,1,2,1,1,1,1,10,3,1,2,2
2,15,4,59,1.8,3,3,2,2,1,218.52,1,9,1,1,3,3,7,1,1,3,3
2,15,4,60,1.8,1,3,NaN,NaN,NaN,NaN,NaN,15,1,1,1,1,16,1,3,3,1
2,15,4,61,0.8,2,2,2,1,0,249.37,1,2,1,3,2,2,10,3,3,2,2
2,15,4,62,0.4,2,2,2,2,1,261.1,1,7,1,1,2,2,13,1,1,2,2
2,15,4,63,1.8,2,2,2,1,0,218.1,1,2,1,1,2,2,14,1,1,2,2
2,15,4,64,0.8,1,1,1,1,1,225.79,1,15,1,1,1,1,8,1,1,1,1
2,15,4,65,0.1,1,1,1,1,1,304.1,0,15,1,1,1,1,19,3,3,3,3
2,15,4,66,1.8,1,1,1,1,1,207.61,1,13,3,3,3,3,3,1,1,1,1
2,15,4,67,0.1,1,3,1,2,0,343.78,0,8,1,1,1,1,19,1,3,3,1
2,15,4,68,1.8,1,2,1,1,1,205.38,1,13,1,3,1,3,12,1,1,2,2
2,15,4,69,0.4,2,1,2,1,0,256.71,1,20,3,3,2,2,14,3,1,3,1
2,15,4,70,0.8,2,3,2,2,1,242.78,1,16,3,1,2,2,13,3,3,1,1
2,15,4,71,0.4,3,3,2,2,1,250.32,1,12,1,3,3,1,16,3,1,1,3
2,15,4,72,0.1,2,3,2,2,1,283.33,1,11,3,3,2,2,14,3,1,1,3
2,15,4,73,0.8,2,1,2,2,1,232.11,1,12,3,1,2,2,2,3,1,3,1
2,15,4,74,0.1,1,3,1,1,1,280.85,1,12,1,1,1,1,9,3,1,1,3
2,15,4,75,0.4,3,2,2,2,1,260.75,1,6,1,1,3,3,16,1,1,2,2
2,15,4,76,0.2,2,3,2,2,1,281.4,1,7,1,3,2,2,2,3,3,1,1
2,15,4,77,0.05,1,3,1,1,1,301.68,0,7,1,1,1,1,12,1,3,3,1
2,15,4,78,0.4,2,2,2,2,1,277.52,1,7,3,1,2,2,18,3,1,2,2
2,15,5,1,0.1,3,3,2,2,1,281.76,1,1,1,1,3,3,17,3,3,1,1
2,15,5,2,0.1,1,2,1,1,1,255.02,1,2,1,3,1,3,5,3,3,2,2
2,15,5,3,0.05,1,2,1,1,1,274.81,1,10,1,1,1,1,1,3,3,2,2
2,15,5,4,0.05,1,1,1,1,1,270.89,1,14,1,1,1,1,5,3,3,3,3
2,15,5,5,0.4,1,1,1,1,1,239.26,1,5,3,1,3,1,14,1,3,1,3
2,15,5,6,0.4,1,2,1,1,1,228.68,1,8,1,3,1,3,6,3,3,2,2
2,15,5,7,1.8,1,2,1,1,1,191.5,1,2,3,1,3,1,7,1,3,2,2
2,15,5,8,0.05,1,1,1,1,1,244.35,1,12,1,3,1,3,6,1,1,1,1
2,15,5,9,1.8,1,1,1,1,1,19.882,2,7,1,3,1,3,1,3,3,3,3
2,15,5,10,0.05,2,2,2,2,1,272.38,1,11,3,1,2,2,19,1,3,2,2
2,15,5,11,0.4,1,1,1,1,1,263.86,1,14,1,1,1,1,20,3,1,3,1
2,15,5,12,0.4,2,1,2,2,1,325.54,0,4,1,1,2,2,18,3,1,3,1
2,15,5,13,0.05,2,2,2,1,0,222.17,1,9,1,3,2,2,20,1,3,2,2
2,15,5,14,0.2,1,2,1,1,1,305,0,6,1,3,1,3,8,3,1,2,2
2,15,5,15,0.05,3,1,2,2,1,271.8,1,1,1,1,3,3,14,1,1,1,1
2,15,5,16,0.4,2,3,2,1,0,277.47,1,19,3,3,2,2,17,1,3,3,1
2,15,5,17,0.05,1,1,1,1,1,300.16,0,3,1,1,1,1,3,3,3,3,3
2,15,5,18,0.4,3,2,2,2,1,177.77,1,17,3,3,1,1,10,3,3,2,2
2,15,5,19,1.8,1,2,1,1,1,219.51,1,13,3,3,3,3,12,1,1,2,2
2,15,5,20,1.8,2,3,2,2,1,142.97,1,15,3,1,2,2,19,3,3,1,1
2,15,5,21,0.1,2,3,2,1,0,295.17,1,20,1,1,2,2,8,3,1,1,3
2,15,5,22,0.2,2,1,2,1,0,254.08,1,7,3,3,2,2,1,3,3,3,3
2,15,5,23,0.2,1,1,1,1,1,225.08,1,13,1,1,1,1,5,3,1,3,1
2,15,5,24,0.4,1,3,1,1,1,262.65,1,20,3,1,3,1,6,1,3,3,1
2,15,5,25,0.1,3,3,2,2,1,219.69,1,11,1,3,3,1,4,1,1,3,3
2,15,5,26,1.8,1,2,NaN,NaN,NaN,NaN,NaN,1,1,1,1,1,15,3,1,2,2
2,15,5,27,0.1,3,3,2,2,1,200.69,1,5,3,1,1,3,13,1,3,3,1
2,15,5,28,0.1,1,1,1,1,1,248.1,1,10,1,1,1,1,18,3,3,3,3
2,15,5,29,0.8,1,2,1,1,1,212.57,1,10,3,1,3,1,11,1,3,2,2
2,15,5,30,0.8,2,2,2,2,1,216.56,1,20,3,1,2,2,18,3,3,2,2
2,15,5,31,0.8,3,3,NaN,NaN,NaN,NaN,NaN,20,3,1,1,3,8,1,3,3,1
2,15,5,32,0.8,1,2,1,1,1,273.68,1,18,1,1,1,1,17,1,3,2,2
2,15,5,33,0.2,1,3,1,1,1,272.96,1,2,3,1,3,1,7,1,1,3,3
2,15,5,34,0.4,1,2,1,1,1,277.78,1,6,3,1,3,1,14,1,1,2,2
2,15,5,35,0.1,2,3,2,2,1,277.53,1,11,3,1,2,2,16,3,1,1,3
2,15,5,36,0.1,3,3,2,2,1,320.4,0,2,3,3,1,1,14,1,3,3,1
2,15,5,37,0.4,1,2,1,1,1,257.05,1,18,3,1,3,1,15,3,3,2,2
2,15,5,38,0.2,2,2,2,2,1,300.41,0,4,3,3,2,2,13,1,3,2,2
2,15,5,39,1.8,3,1,2,2,1,207.48,1,9,3,3,1,1,12,3,1,3,1
2,15,5,40,1.8,1,2,1,1,1,226.05,1,2,3,3,3,3,7,1,3,2,2
2,15,5,41,0.1,1,2,1,1,1,221.9,1,14,1,1,1,1,10,1,3,2,2
2,15,5,42,0.05,1,1,1,1,1,220.47,1,12,3,1,3,1,18,1,1,1,1
2,15,5,43,1.8,1,1,1,2,0,222.39,1,18,3,3,3,3,15,1,3,1,3
2,15,5,44,0.4,1,3,1,1,1,201.96,1,2,1,1,1,1,9,3,3,1,1
2,15,5,45,0.1,1,1,1,2,0,306.96,0,18,3,1,3,1,2,3,1,3,1
2,15,5,46,0.8,1,3,NaN,NaN,NaN,NaN,NaN,3,3,1,3,1,19,3,3,1,1
2,15,5,47,0.4,1,1,NaN,NaN,NaN,NaN,NaN,6,1,1,1,1,13,3,3,3,3
2,15,5,48,0.8,2,2,2,2,1,231.36,1,7,1,1,2,2,17,3,3,2,2
2,15,5,49,0.2,1,3,1,1,1,288.24,1,17,3,3,3,3,15,3,1,1,3
2,15,5,50,0.1,3,2,2,2,1,266.16,1,11,1,3,3,1,4,1,1,2,2
2,15,5,51,0.8,2,1,2,1,0,293.56,1,4,3,1,2,2,18,1,3,1,3
2,15,5,52,0.8,1,2,1,1,1,216.67,1,2,3,3,3,3,5,1,3,2,2
2,15,5,53,0.05,3,1,2,2,1,390.45,0,9,1,1,3,3,15,1,3,1,3
2,15,5,54,0.4,2,1,NaN,NaN,NaN,NaN,NaN,4,1,3,2,2,2,1,3,1,3
2,15,5,55,0.2,3,1,2,2,1,259.72,1,6,3,3,1,1,14,1,1,1,1
2,15,5,56,0.8,1,3,1,1,1,258.49,1,19,1,3,1,3,8,3,1,1,3
2,15,5,57,1.8,1,1,1,1,1,314.92,0,15,3,1,3,1,12,3,1,3,1
2,15,5,58,0.2,1,3,1,1,1,264.51,1,1,1,1,1,1,15,3,3,1,1
2,15,5,59,0.2,1,1,1,1,1,197.57,1,6,3,1,3,1,4,1,3,1,3
2,15,5,60,0.2,1,1,1,1,1,362.67,0,5,1,1,1,1,10,3,3,3,3
2,15,5,61,0.05,3,3,2,2,1,266.33,1,5,3,3,1,1,1,3,1,1,3
2,15,5,62,0.4,1,1,1,1,1,246.71,1,16,3,3,3,3,13,3,3,3,3
2,15,5,63,0.05,1,3,1,1,1,312.24,0,19,3,3,3,3,9,1,3,3,1
2,15,5,64,0.2,1,1,1,1,1,241.64,1,17,1,1,1,1,7,3,1,3,1
2,15,5,65,1.8,3,3,2,2,1,190.15,1,15,3,3,1,1,13,3,3,1,1
2,15,5,66,0.1,1,2,1,1,1,263.82,1,19,1,3,1,3,20,3,1,2,2
2,15,5,67,0.8,2,1,2,1,0,213.42,1,13,1,3,2,2,5,1,1,1,1
2,15,5,68,0.05,1,2,1,1,1,395.68,0,19,3,1,3,1,10,1,1,2,2
2,15,5,69,0.1,3,2,2,2,1,230.4,1,8,3,3,1,1,5,3,3,2,2
2,15,5,70,0.05,2,3,2,2,1,266.87,1,14,1,3,2,2,5,3,1,1,3
2,15,5,71,0.8,1,3,1,1,1,207.07,1,8,3,1,3,1,11,1,1,3,3
2,15,5,72,1.8,1,1,1,1,1,219.13,1,15,1,1,1,1,10,1,1,1,1
2,15,5,73,1.8,3,2,NaN,NaN,NaN,NaN,NaN,19,1,3,3,1,1,3,3,2,2
2,15,5,74,0.2,3,2,2,2,1,267.7,1,1,1,3,3,1,4,1,1,2,2
2,15,5,75,1.8,2,2,NaN,NaN,NaN,NaN,NaN,12,1,3,2,2,14,3,1,2,2
2,15,5,76,0.2,1,3,1,1,1,185.03,1,11,1,3,1,3,11,1,3,3,1
2,15,5,77,0.8,1,2,1,1,1,256.6,1,15,3,3,3,3,2,1,3,2,2
2,15,5,78,0.8,1,2,1,1,1,258.56,1,18,3,1,3,1,10,3,1,2,2
2,15,6,1,0.1,2,1,2,1,0,244.71,1,2,1,1,2,2,20,3,3,3,3
2,15,6,2,0.05,1,3,1,1,1,253.79,1,6,1,3,1,3,2,3,1,1,3
2,15,6,3,0.4,1,1,1,1,1,182.8,1,12,3,3,3,3,1,1,3,1,3
2,15,6,4,0.4,2,3,2,1,0,292.65,1,2,3,3,2,2,8,1,3,3,1
2,15,6,5,0.1,1,3,1,1,1,227.63,1,18,1,3,1,3,11,1,3,3,1
2,15,6,6,0.4,1,1,1,1,1,225.07,1,17,3,1,3,1,14,1,3,1,3
2,15,6,7,0.05,1,2,1,1,1,326.15,0,10,3,1,3,1,7,3,1,2,2
2,15,6,8,0.8,1,2,1,1,1,245.16,1,7,1,3,1,3,11,1,3,2,2
2,15,6,9,1.8,1,3,1,1,1,223.28,1,4,3,3,3,3,15,1,3,3,1
2,15,6,10,0.8,1,1,NaN,NaN,NaN,NaN,NaN,7,1,3,1,3,5,1,1,1,1
2,15,6,11,0.8,3,1,2,2,1,203.82,1,9,3,1,1,3,2,3,3,3,3
2,15,6,12,0.8,1,3,1,1,1,218.87,1,3,1,1,1,1,5,1,1,3,3
2,15,6,13,1.8,2,1,2,2,1,187.37,1,3,1,1,2,2,5,1,1,1,1
2,15,6,14,0.8,3,2,NaN,NaN,NaN,NaN,NaN,4,3,1,1,3,2,1,1,2,2
2,15,6,15,0.1,2,2,2,1,0,257.43,1,9,3,1,2,2,2,3,1,2,2
2,15,6,16,1.8,3,1,2,2,1,206.91,1,6,1,3,3,1,10,3,1,3,1
2,15,6,17,1.8,2,3,2,1,0,234.77,1,3,1,3,2,2,2,3,1,1,3
2,15,6,18,1.8,1,1,1,1,1,243.02,1,10,3,1,3,1,17,1,3,1,3
2,15,6,19,0.4,1,1,1,1,1,313.31,0,12,1,3,1,3,15,3,3,3,3
2,15,6,20,0.2,2,1,2,2,1,215.37,1,14,3,1,2,2,3,3,3,3,3
2,15,6,21,0.4,2,1,2,2,1,257.7,1,18,1,3,2,2,5,3,1,3,1
2,15,6,22,0.2,1,2,1,1,1,247.3,1,8,1,3,1,3,5,3,1,2,2
2,15,6,23,0.4,2,2,2,2,1,294.09,1,1,1,3,2,2,20,3,3,2,2
2,15,6,24,0.05,2,2,2,2,1,479.44,0,11,1,3,2,2,8,1,1,2,2
2,15,6,25,0.1,1,1,1,1,1,262.98,1,6,3,1,3,1,1,1,3,1,3
2,15,6,26,0.05,2,3,2,2,1,306.46,0,19,3,1,2,2,8,1,1,3,3
2,15,6,27,0.05,1,2,1,1,1,312.37,0,7,1,3,1,3,17,3,1,2,2
2,15,6,28,0.8,2,2,2,1,0,214.67,1,6,3,1,2,2,8,1,1,2,2
2,15,6,29,0.2,1,2,1,1,1,262.91,1,15,1,3,1,3,1,3,3,2,2
2,15,6,30,0.05,1,1,1,1,1,293.22,1,4,1,1,1,1,17,1,3,1,3
2,15,6,31,0.4,3,1,2,2,1,200.24,1,6,3,1,1,3,12,1,3,1,3
2,15,6,32,0.2,2,2,2,1,0,231.82,1,4,1,1,2,2,13,3,3,2,2
2,15,6,33,0.1,1,1,1,1,1,255.51,1,8,1,3,1,3,20,1,1,1,1
2,15,6,34,0.1,2,2,2,1,0,263.32,1,12,1,1,2,2,9,3,3,2,2
2,15,6,35,0.8,3,3,2,2,1,233.36,1,11,3,3,1,1,11,1,1,3,3
2,15,6,36,0.8,1,1,1,1,1,247.66,1,8,1,1,1,1,1,1,1,1,1
2,15,6,37,0.4,1,1,1,1,1,247.05,1,7,3,1,3,1,13,3,1,3,1
2,15,6,38,1.8,2,2,2,2,1,252.08,1,14,1,1,2,2,11,3,1,2,2
2,15,6,39,0.8,2,1,2,1,0,226.51,1,14,1,1,2,2,1,1,3,1,3
2,15,6,40,0.4,1,2,1,2,0,303,0,3,1,1,1,1,12,3,1,2,2
2,15,6,41,0.1,2,3,2,2,1,389.61,0,16,3,3,2,2,10,1,3,3,1
2,15,6,42,1.8,1,1,1,1,1,216.03,1,16,1,1,1,1,9,3,1,3,1
2,15,6,43,0.05,3,1,2,2,1,266.79,1,11,1,1,3,3,14,1,1,1,1
2,15,6,44,0.8,3,2,NaN,NaN,NaN,NaN,NaN,11,3,1,1,3,10,3,3,2,2
2,15,6,45,0.1,3,2,2,2,1,306.91,0,1,3,3,1,1,7,1,1,2,2
2,15,6,46,0.2,1,2,1,1,1,480.51,0,5,1,1,1,1,19,1,1,2,2
2,15,6,47,0.2,2,1,2,2,1,231.1,1,14,3,3,2,2,14,3,3,3,3
2,15,6,48,0.05,3,3,2,2,1,291.82,1,17,3,1,1,3,1,3,3,1,1
2,15,6,49,1.8,1,3,1,1,1,237.91,1,10,3,3,3,3,9,1,1,3,3
2,15,6,50,0.2,2,2,2,2,1,257.15,1,3,3,1,2,2,7,3,3,2,2
2,15,6,51,0.1,1,1,1,1,1,297.24,1,19,1,3,1,3,5,1,3,1,3
2,15,6,52,0.05,2,3,2,2,1,932.26,0,14,3,3,2,2,8,3,3,1,1
2,15,6,53,0.2,2,1,2,2,1,263.69,1,3,1,1,2,2,7,3,1,3,1
2,15,6,54,0.8,2,1,2,1,0,221.74,1,18,3,3,2,2,8,3,1,3,1
2,15,6,55,0.1,3,2,2,2,1,254.33,1,18,1,1,3,3,12,1,1,2,2
2,15,6,56,0.2,2,1,2,1,0,253.67,1,1,1,1,2,2,11,3,3,3,3
2,15,6,57,0.1,1,2,1,1,1,240.92,1,7,1,3,1,3,7,3,1,2,2
2,15,6,58,0.4,2,2,2,1,0,282.81,1,12,1,3,2,2,6,3,1,2,2
2,15,6,59,0.2,3,3,2,2,1,239.46,1,12,1,3,3,1,10,1,3,3,1
2,15,6,60,1.8,1,1,1,1,1,198.7,1,18,1,3,1,3,18,3,3,3,3
2,15,6,61,1.8,1,1,1,1,1,202.25,1,10,1,1,1,1,6,1,1,1,1
2,15,6,62,0.4,1,3,1,1,1,281.49,1,5,1,1,1,1,7,3,1,1,3
2,15,6,63,1.8,1,2,1,1,1,199.76,1,14,1,3,1,3,15,1,1,2,2
2,15,6,64,0.05,1,2,1,1,1,261.89,1,19,1,3,1,3,4,1,1,2,2
2,15,6,65,0.4,2,1,2,1,0,193.22,1,19,1,3,2,2,9,3,3,3,3
2,15,6,66,0.4,3,1,2,2,1,239.54,1,2,1,1,3,3,19,3,1,3,1
2,15,6,67,0.2,1,3,1,1,1,248.15,1,18,3,3,3,3,2,3,3,1,1
2,15,6,68,0.2,3,1,2,2,1,206.08,1,11,1,3,3,1,11,1,3,1,3
2,15,6,69,0.2,2,2,2,1,0,248.25,1,11,3,1,2,2,5,1,1,2,2
2,15,6,70,1.8,1,2,1,1,1,202.42,1,19,1,1,1,1,18,1,1,2,2
2,15,6,71,0.05,1,2,1,1,1,263.7,1,14,3,1,3,1,6,1,1,2,2
2,15,6,72,0.05,1,1,1,1,1,289.48,1,11,3,3,3,3,11,1,1,1,1
2,15,6,73,1.8,2,1,2,2,1,240.59,1,19,3,1,2,2,17,1,1,1,1
2,15,6,74,0.05,3,1,2,2,1,329.14,0,20,1,1,3,3,19,1,3,1,3
2,15,6,75,0.1,2,2,2,1,0,275.86,1,2,3,1,2,2,10,1,3,2,2
2,15,6,76,0.1,1,1,1,1,1,249.25,1,15,1,3,1,3,10,3,3,3,3
2,15,6,77,0.8,1,1,1,1,1,203.03,1,7,3,3,3,3,1,3,3,3,3
2,15,6,78,0.8,2,3,2,1,0,249.22,1,12,3,1,2,2,18,1,1,3,3
2,15,7,1,0.1,1,2,1,1,1,262.82,1,7,3,3,3,3,18,1,3,2,2
2,15,7,2,1.8,3,2,2,2,1,220.58,1,17,3,1,1,3,4,3,3,2,2
2,15,7,3,0.8,2,1,2,2,1,182.91,1,16,3,3,2,2,12,1,3,1,3
2,15,7,4,0.05,1,1,1,1,1,262.84,1,4,3,3,3,3,19,1,3,1,3
2,15,7,5,0.2,3,1,2,2,1,188.47,1,7,1,1,3,3,17,3,1,3,1
2,15,7,6,0.4,3,2,2,2,1,221.95,1,7,1,3,3,1,18,1,1,2,2
2,15,7,7,0.1,1,1,1,1,1,165.22,1,13,3,1,3,1,10,3,1,3,1
2,15,7,8,1.8,1,3,1,1,1,188.09,1,17,3,1,3,1,12,1,3,3,1
2,15,7,9,0.8,3,3,2,2,1,134.79,1,6,3,3,1,1,8,1,3,3,1
2,15,7,10,0.05,3,3,2,2,1,326.59,0,16,1,3,3,1,1,1,3,3,1
2,15,7,11,0.05,3,3,2,2,1,284.14,1,3,1,3,3,1,9,3,1,1,3
2,15,7,12,0.05,2,3,2,2,1,204.46,1,1,1,3,2,2,20,1,1,3,3
2,15,7,13,1.8,1,2,NaN,NaN,NaN,NaN,NaN,16,3,3,3,3,7,1,3,2,2
2,15,7,14,0.4,1,1,1,1,1,245.81,1,20,3,3,3,3,1,1,1,1,1
2,15,7,15,0.1,3,2,2,2,1,288.31,1,16,1,3,3,1,19,1,1,2,2
2,15,7,16,0.4,1,2,1,1,1,252.54,1,4,1,3,1,3,5,3,1,2,2
2,15,7,17,0.1,1,1,1,1,1,280.89,1,15,1,1,1,1,19,3,3,3,3
2,15,7,18,1.8,2,2,2,1,0,214.6,1,5,1,3,2,2,14,1,3,2,2
2,15,7,19,0.4,3,1,2,2,1,240.63,1,1,3,3,1,1,14,1,3,1,3
2,15,7,20,0.8,2,1,2,2,1,194.31,1,17,3,1,2,2,6,1,3,1,3
2,15,7,21,0.05,3,2,2,2,1,280.55,1,16,1,3,3,1,9,1,1,2,2
2,15,7,22,0.8,2,1,2,2,1,228.59,1,19,1,1,2,2,20,1,3,1,3
2,15,7,23,0.2,3,3,2,2,1,257.78,1,6,1,1,3,3,17,3,3,1,1
2,15,7,24,0.4,1,3,1,1,1,206.08,1,2,1,1,1,1,1,1,3,3,1
2,15,7,25,0.8,2,3,2,2,1,262.78,1,8,1,1,2,2,8,3,3,1,1
2,15,7,26,0.8,1,1,1,1,1,210.11,1,12,3,3,3,3,16,1,1,1,1
2,15,7,27,0.8,1,1,1,1,1,216.91,1,12,3,1,3,1,15,3,3,3,3
2,15,7,28,1.8,3,3,2,2,1,190.98,1,5,3,1,1,3,2,3,3,1,1
2,15,7,29,0.2,1,3,1,2,0,252.87,1,6,3,3,3,3,9,1,1,3,3
2,15,7,30,1.8,3,3,NaN,NaN,NaN,NaN,NaN,17,1,1,3,3,10,3,3,1,1
2,15,7,31,0.1,1,3,1,1,1,253.85,1,18,1,1,1,1,9,3,3,1,1
2,15,7,32,0.1,2,2,2,1,0,273.34,1,1,3,1,2,2,13,3,3,2,2
2,15,7,33,0.1,1,3,1,1,1,228.75,1,10,1,1,1,1,11,3,3,1,1
2,15,7,34,0.8,3,2,2,2,1,193.25,1,13,1,3,3,1,13,3,3,2,2
2,15,7,35,0.05,3,1,2,2,1,498.76,0,10,3,3,1,1,15,3,3,3,3
2,15,7,36,0.8,3,1,2,2,1,203.2,1,6,3,1,1,3,16,1,3,1,3
2,15,7,37,0.4,1,2,1,1,1,238.29,1,7,1,1,1,1,5,3,1,2,2
2,15,7,38,0.4,2,3,2,2,1,229.73,1,18,1,3,2,2,7,1,1,3,3
2,15,7,39,0.1,1,2,1,1,1,234.69,1,5,3,1,3,1,18,1,1,2,2
2,15,7,40,0.2,2,3,2,1,0,243.79,1,12,1,1,2,2,13,1,1,3,3
2,15,7,41,0.4,3,3,2,2,1,271.86,1,18,1,3,3,1,10,3,3,1,1
2,15,7,42,0.4,3,3,2,2,1,300.54,0,13,1,1,3,3,20,1,1,3,3
2,15,7,43,0.4,1,2,1,1,1,250.33,1,10,3,1,3,1,13,1,3,2,2
2,15,7,44,0.2,3,1,2,1,0,184.18,1,12,1,1,3,3,18,1,3,1,3
2,15,7,45,0.2,1,1,1,1,1,251.26,1,9,3,1,3,1,19,1,1,1,1
2,15,7,46,0.1,2,2,2,1,0,247.17,1,10,1,3,2,2,8,3,1,2,2
2,15,7,47,0.4,1,1,NaN,NaN,NaN,NaN,NaN,12,3,3,3,3,1,3,1,3,1
2,15,7,48,0.05,1,1,1,1,1,272.56,1,1,3,3,3,3,3,1,1,1,1
2,15,7,49,0.1,1,2,1,1,1,294.06,1,2,3,3,3,3,8,3,3,2,2
2,15,7,50,0.8,1,1,1,1,1,259.45,1,11,3,1,3,1,9,1,3,1,3
2,15,7,51,1.8,2,1,2,2,1,264.26,1,18,1,1,2,2,9,1,1,1,1
2,15,7,52,0.2,1,1,1,1,1,202.5,1,4,3,3,3,3,16,3,3,3,3
2,15,7,53,0.2,3,1,2,2,1,242.83,1,19,3,1,1,3,20,1,1,1,1
2,15,7,54,0.2,2,3,2,1,0,126.96,1,12,3,1,2,2,14,3,3,1,1
2,15,7,55,0.05,3,1,2,1,0,254.49,1,4,1,1,3,3,17,3,3,3,3
2,15,7,56,0.1,1,2,1,1,1,267.03,1,2,1,1,1,1,10,3,1,2,2
2,15,7,57,0.05,2,1,2,1,0,304.79,0,9,1,3,2,2,11,3,3,3,3
2,15,7,58,0.8,2,2,2,2,1,215.81,1,9,1,1,2,2,4,1,3,2,2
2,15,7,59,1.8,1,2,1,1,1,222.52,1,8,3,3,3,3,20,1,1,2,2
2,15,7,60,0.05,2,1,2,2,1,284.85,1,9,1,1,2,2,3,3,1,3,1
2,15,7,61,0.4,1,1,NaN,NaN,NaN,NaN,NaN,5,3,3,3,3,2,1,3,1,3
2,15,7,62,0.8,3,2,2,2,1,232.64,1,16,3,1,1,3,14,3,1,2,2
2,15,7,63,0.2,2,1,2,2,1,274.31,1,11,1,1,2,2,3,3,1,3,1
2,15,7,64,0.2,1,2,1,1,1,294.03,1,4,3,3,3,3,8,1,1,2,2
2,15,7,65,0.4,1,3,1,1,1,270.22,1,13,3,1,3,1,17,3,3,1,1
2,15,7,66,1.8,2,1,2,1,0,191.72,1,7,1,3,2,2,6,1,3,1,3
2,15,7,67,1.8,1,1,NaN,NaN,NaN,NaN,NaN,18,3,1,3,1,1,1,3,1,3
2,15,7,68,1.8,3,3,2,2,1,179.66,1,10,1,1,3,3,14,1,3,3,1
2,15,7,69,0.2,2,1,2,1,0,226.96,1,17,1,1,2,2,7,3,3,3,3
2,15,7,70,0.05,1,1,1,2,0,352.42,0,18,3,1,3,1,9,3,1,3,1
2,15,7,71,0.1,1,2,1,1,1,254.08,1,16,1,3,1,3,16,1,3,2,2
2,15,7,72,0.2,2,1,2,2,1,281.11,1,7,1,1,2,2,15,1,3,1,3
2,15,7,73,1.8,1,2,1,1,1,250.22,1,18,1,3,1,3,16,3,3,2,2
2,15,7,74,0.05,3,2,2,2,1,297.11,1,3,3,1,1,3,15,3,1,2,2
2,15,7,75,0.8,2,1,2,2,1,247.51,1,19,1,1,2,2,17,1,1,1,1
2,15,7,76,0.1,1,1,1,1,1,199.63,1,7,3,1,3,1,16,3,3,3,3
2,15,7,77,0.05,1,3,1,1,1,257.96,1,2,1,1,1,1,4,1,3,3,1
2,15,7,78,1.8,2,3,2,2,1,189.42,1,2,3,1,2,2,18,3,3,1,1
2,15,8,1,0.1,1,2,1,1,1,220.07,1,19,1,3,1,3,4,1,1,2,2
2,15,8,2,0.2,3,3,2,2,1,224.23,1,16,1,3,3,1,5,1,1,3,3
2,15,8,3,0.05,1,1,1,2,0,318.33,0,20,1,1,1,1,3,3,1,3,1
2,15,8,4,0.2,2,1,2,1,0,265.26,1,2,3,1,2,2,1,1,3,1,3
2,15,8,5,1.8,1,3,1,1,1,222.25,1,18,1,1,1,1,7,3,1,1,3
2,15,8,6,0.4,1,1,1,1,1,212.52,1,5,3,1,3,1,8,1,3,1,3
2,15,8,7,0.2,1,2,1,1,1,280.26,1,9,3,3,3,3,18,1,3,2,2
2,15,8,8,0.1,1,3,1,1,1,212.7,1,5,1,1,1,1,9,3,1,1,3
2,15,8,9,0.05,2,3,2,1,0,268.62,1,18,1,3,2,2,16,3,1,1,3
2,15,8,10,0.2,1,1,1,1,1,184.65,1,9,1,1,1,1,5,3,3,3,3
2,15,8,11,0.1,2,3,2,1,0,212.84,1,18,1,1,2,2,14,3,1,1,3
2,15,8,12,0.05,3,2,2,2,1,285.77,1,2,3,3,1,1,10,1,3,2,2
2,15,8,13,0.2,3,1,2,2,1,330.39,0,19,3,3,1,1,6,3,3,3,3
2,15,8,14,0.8,1,1,1,1,1,219.83,1,18,1,3,1,3,9,3,1,3,1
2,15,8,15,0.05,1,1,1,1,1,252.58,1,1,3,3,3,3,13,1,1,1,1
2,15,8,16,0.4,1,3,1,1,1,260.12,1,15,1,3,1,3,13,3,3,1,1
2,15,8,17,0.1,1,2,1,1,1,259.12,1,8,1,1,1,1,4,1,3,2,2
2,15,8,18,0.4,3,3,2,2,1,239.45,1,12,1,3,3,1,4,1,3,3,1
2,15,8,19,0.8,3,3,2,2,1,207.18,1,16,1,1,3,3,3,1,1,3,3
2,15,8,20,1.8,3,1,2,2,1,218.38,1,18,1,1,3,3,20,1,1,1,1
2,15,8,21,0.8,3,3,2,2,1,197.86,1,8,3,3,1,1,15,3,3,1,1
2,15,8,22,0.2,1,2,1,1,1,210.21,1,1,1,1,1,1,1,3,1,2,2
2,15,8,23,0.8,2,2,2,1,0,224.87,1,5,3,3,2,2,15,1,3,2,2
2,15,8,24,0.4,1,1,1,1,1,252.9,1,6,1,3,1,3,16,1,3,1,3
2,15,8,25,0.1,3,2,2,2,1,252.94,1,19,3,3,1,1,10,1,1,2,2
2,15,8,26,0.8,1,1,1,1,1,208.28,1,8,3,3,3,3,12,3,1,3,1
2,15,8,27,1.8,1,1,1,1,1,218.88,1,7,3,3,3,3,17,1,1,1,1
2,15,8,28,1.8,1,1,1,2,0,217.09,1,18,3,1,3,1,3,3,3,3,3
2,15,8,29,0.4,1,1,NaN,NaN,NaN,NaN,NaN,15,3,3,3,3,4,1,3,1,3
2,15,8,30,1.8,1,3,1,1,1,254.99,1,14,3,3,3,3,13,3,1,1,3
2,15,8,31,0.2,1,2,1,1,1,273.1,1,12,1,3,1,3,18,3,3,2,2
2,15,8,32,0.8,2,2,2,2,1,287.78,1,16,3,3,2,2,17,1,1,2,2
2,15,8,33,1.8,1,2,NaN,NaN,NaN,NaN,NaN,12,3,3,3,3,2,3,3,2,2
2,15,8,34,0.05,1,1,1,2,0,369.73,0,1,1,1,1,1,19,1,3,1,3
2,15,8,35,0.4,3,2,2,2,1,270.13,1,3,1,3,3,1,12,1,1,2,2
2,15,8,36,0.05,1,2,1,1,1,305.42,0,17,1,1,1,1,12,1,1,2,2
2,15,8,37,0.2,3,1,2,2,1,179.5,1,4,1,3,3,1,19,1,3,1,3
2,15,8,38,0.1,1,1,1,1,1,246.02,1,11,3,3,3,3,12,3,1,3,1
2,15,8,39,0.4,1,3,1,1,1,241.05,1,20,3,3,3,3,6,3,1,1,3
2,15,8,40,0.05,2,2,2,2,1,292.03,1,14,3,1,2,2,4,1,3,2,2
2,15,8,41,0.8,2,3,NaN,NaN,NaN,NaN,NaN,18,3,1,2,2,11,3,1,1,3
2,15,8,42,0.05,2,1,2,1,0,283.56,1,3,3,1,2,2,1,1,1,1,1
2,15,8,43,0.1,3,3,2,2,1,226.86,1,9,3,3,1,1,4,1,3,3,1
2,15,8,44,0.2,1,2,1,1,1,240.58,1,18,1,1,1,1,17,3,1,2,2
2,15,8,45,0.4,1,2,1,1,1,263.34,1,12,3,1,3,1,19,1,1,2,2
2,15,8,46,1.8,1,3,1,1,1,217.75,1,7,1,3,1,3,8,1,1,3,3
2,15,8,47,0.2,3,3,2,2,1,195.07,1,9,3,1,1,3,6,1,1,3,3
2,15,8,48,0.1,1,3,1,1,1,305.68,0,12,1,3,1,3,5,3,1,1,3
2,15,8,49,0.05,3,1,2,2,1,312.92,0,6,1,3,3,1,20,3,1,3,1
2,15,8,50,1.8,1,1,1,1,1,198.25,1,6,3,1,3,1,15,1,1,1,1
2,15,8,51,0.8,2,2,2,2,1,206.51,1,10,3,3,2,2,14,3,1,2,2
2,15,8,52,0.4,3,3,2,2,1,204.28,1,12,3,3,1,1,17,3,3,1,1
2,15,8,53,0.4,3,2,2,2,1,251.99,1,1,3,3,1,1,17,3,3,2,2
2,15,8,54,1.8,2,2,2,1,0,213.99,1,11,3,1,2,2,19,3,3,2,2
2,15,8,55,0.8,2,1,2,2,1,246.67,1,16,3,1,2,2,13,3,3,3,3
2,15,8,56,0.05,3,1,2,2,1,328.49,0,15,1,3,3,1,11,3,3,3,3
2,15,8,57,0.05,3,2,2,2,1,228.11,1,2,3,3,1,1,5,3,3,2,2
2,15,8,58,1.8,1,2,1,1,1,194.15,1,4,3,3,3,3,11,1,3,2,2
2,15,8,59,1.8,1,3,1,1,1,198.35,1,8,1,3,1,3,18,1,3,3,1
2,15,8,60,0.4,3,2,2,2,1,246.16,1,13,1,3,3,1,10,3,3,2,2
2,15,8,61,0.1,1,1,1,1,1,270.79,1,2,3,3,3,3,12,1,1,1,1
2,15,8,62,0.05,1,1,1,1,1,292.03,1,19,3,3,3,3,1,3,1,3,1
2,15,8,63,0.2,2,3,2,2,1,252.94,1,2,1,3,2,2,2,1,1,3,3
2,15,8,64,1.8,1,3,NaN,NaN,NaN,NaN,NaN,8,1,1,1,1,6,1,3,3,1
2,15,8,65,0.8,1,3,1,1,1,235.73,1,12,3,1,3,1,6,1,3,3,1
2,15,8,66,0.8,3,3,2,2,1,237.99,1,6,1,1,3,3,17,3,3,1,1
2,15,8,67,0.4,1,2,1,1,1,263.88,1,2,3,1,3,1,2,1,1,2,2
2,15,8,68,0.2,3,1,2,2,1,260.2,1,9,3,3,1,1,16,3,1,3,1
2,15,8,69,0.1,3,3,2,2,1,274.17,1,11,3,3,1,1,3,3,1,1,3
2,15,8,70,0.1,2,3,2,2,1,261.29,1,8,3,1,2,2,18,3,1,1,3
2,15,8,71,0.8,1,1,1,1,1,217.94,1,3,1,3,1,3,19,1,1,1,1
2,15,8,72,1.8,2,1,NaN,NaN,NaN,NaN,NaN,2,1,1,2,2,13,3,1,3,1
2,15,8,73,0.8,3,3,2,2,1,262.86,1,4,3,3,1,1,1,3,1,1,3
2,15,8,74,0.05,1,2,1,1,1,289.53,1,5,1,3,1,3,15,1,3,2,2
2,15,8,75,0.1,2,2,2,2,1,364.04,0,11,1,3,2,2,4,3,3,2,2
2,15,8,76,0.4,1,2,1,1,1,247.84,1,12,3,1,3,1,5,3,1,2,2
2,15,8,77,0.2,2,1,2,2,1,262.69,1,6,3,3,2,2,13,3,1,3,1
2,15,8,78,0.1,2,1,2,2,1,344.15,0,10,1,3,2,2,14,1,1,1,1
2,15,9,1,0.1,1,1,1,1,1,294.16,1,15,3,1,3,1,15,3,3,3,3
2,15,9,2,0.2,2,1,2,2,1,249.84,1,1,1,3,2,2,9,3,1,3,1
2,15,9,3,0.2,2,1,2,2,1,245.18,1,20,1,3,2,2,11,3,3,3,3
2,15,9,4,0.4,2,3,2,1,0,203.69,1,3,1,3,2,2,14,3,1,1,3
2,15,9,5,1.8,2,3,NaN,NaN,NaN,NaN,NaN,5,1,3,2,2,12,3,1,1,3
2,15,9,6,0.4,1,2,1,1,1,288.29,1,10,1,1,1,1,11,3,1,2,2
2,15,9,7,0.4,3,3,2,2,1,246.26,1,18,3,1,1,3,14,1,3,3,1
2,15,9,8,0.05,1,2,1,1,1,251.23,1,3,1,3,1,3,18,3,1,2,2
2,15,9,9,0.1,1,3,1,1,1,225.18,1,15,3,1,3,1,16,1,1,3,3
2,15,9,10,1.8,3,3,NaN,NaN,NaN,NaN,NaN,5,1,1,3,3,8,1,3,3,1
2,15,9,11,0.05,1,3,1,1,1,279.85,1,7,3,1,3,1,20,3,3,1,1
2,15,9,12,0.8,1,1,1,2,0,259.63,1,20,3,1,3,1,19,3,1,3,1
2,15,9,13,1.8,1,3,1,1,1,221.03,1,15,3,1,3,1,13,1,1,3,3
2,15,9,14,0.05,3,2,2,2,1,319.81,0,15,3,3,1,1,20,3,1,2,2
2,15,9,15,0.1,2,1,2,2,1,402.76,0,6,1,3,2,2,11,1,3,1,3
2,15,9,16,1.8,2,2,2,2,1,183.24,1,7,1,1,2,2,12,1,3,2,2
2,15,9,17,1.8,3,2,2,2,1,199.23,1,11,3,3,1,1,5,3,3,2,2
2,15,9,18,1.8,1,3,1,2,0,202.05,1,15,3,3,3,3,12,1,3,3,1
2,15,9,19,0.1,1,3,1,1,1,223.43,1,5,3,1,3,1,3,3,1,1,3
2,15,9,20,0.4,1,1,1,1,1,233.55,1,13,3,1,3,1,1,1,3,1,3
2,15,9,21,0.8,2,3,2,2,1,249.94,1,2,1,3,2,2,10,1,3,3,1
2,15,9,22,1.8,1,1,1,1,1,264.89,1,12,1,3,1,3,1,1,1,1,1
2,15,9,23,0.2,3,2,2,2,1,270.4,1,3,1,3,3,1,18,1,3,2,2
2,15,9,24,0.8,3,2,2,2,1,262.68,1,19,3,1,1,3,10,3,1,2,2
2,15,9,25,0.4,2,3,2,1,0,194.72,1,12,1,3,2,2,13,3,3,1,1
2,15,9,26,0.2,3,3,2,2,1,250.64,1,16,1,3,3,1,12,3,3,1,1
2,15,9,27,0.2,1,1,1,1,1,294.71,1,8,1,1,1,1,20,1,3,1,3
2,15,9,28,1.8,1,2,1,1,1,196.39,1,3,3,1,3,1,12,3,1,2,2
2,15,9,29,0.4,3,1,2,2,1,273.01,1,15,3,1,1,3,3,3,3,3,3
2,15,9,30,0.4,2,3,2,2,1,261.6,1,9,3,1,2,2,20,1,1,3,3
2,15,9,31,0.2,1,2,1,1,1,273.46,1,7,3,1,3,1,18,1,1,2,2
2,15,9,32,0.1,1,2,1,1,1,253.13,1,1,3,3,3,3,5,1,3,2,2
2,15,9,33,1.8,2,3,2,1,0,217.98,1,5,3,3,2,2,7,3,1,1,3
2,15,9,34,0.05,3,2,2,2,1,293.56,1,3,3,3,1,1,10,3,1,2,2
2,15,9,35,0.05,1,2,1,1,1,296.21,1,8,3,3,3,3,14,3,1,2,2
2,15,9,36,0.2,1,2,1,1,1,273.74,1,12,1,1,1,1,5,3,1,2,2
2,15,9,37,0.1,1,2,1,1,1,248.87,1,4,3,1,3,1,12,3,3,2,2
2,15,9,38,0.1,3,3,2,2,1,231.91,1,1,1,1,3,3,16,3,3,1,1
2,15,9,39,0.4,2,2,NaN,NaN,NaN,NaN,NaN,5,3,1,2,2,19,1,3,2,2
2,15,9,40,0.4,3,1,2,2,1,268.35,1,7,3,3,1,1,6,3,3,3,3
2,15,9,41,0.1,2,1,2,1,0,290.27,1,14,1,1,2,2,19,3,3,3,3
2,15,9,42,0.1,1,3,1,1,1,248.85,1,1,1,1,1,1,14,3,1,1,3
2,15,9,43,1.8,3,1,2,2,1,237.88,1,12,3,1,1,3,1,1,3,1,3
2,15,9,44,0.1,1,1,1,1,1,253.31,1,14,1,1,1,1,8,3,3,3,3
2,15,9,45,0.05,2,3,2,1,0,248.53,1,17,3,3,2,2,10,1,3,3,1
2,15,9,46,0.2,2,1,2,1,0,242.99,1,5,1,3,2,2,2,3,3,3,3
2,15,9,47,0.8,1,1,1,1,1,208.89,1,13,1,3,1,3,18,3,1,3,1
2,15,9,48,0.8,2,2,2,1,0,242.74,1,20,1,3,2,2,5,1,1,2,2
2,15,9,49,0.05,2,3,2,2,1,290.76,1,8,3,3,2,2,5,3,1,1,3
2,15,9,50,0.2,3,2,2,2,1,240.34,1,10,3,3,1,1,18,3,1,2,2
2,15,9,51,0.8,2,2,2,1,0,201.64,1,12,1,1,2,2,14,1,3,2,2
2,15,9,52,0.8,3,1,2,2,1,250.75,1,19,1,1,3,3,1,3,1,3,1
2,15,9,53,0.05,1,2,1,1,1,255.24,1,3,1,1,1,1,16,3,3,2,2
2,15,9,54,0.8,3,1,2,2,1,231.97,1,10,3,3,1,1,18,1,3,1,3
2,15,9,55,0.8,2,1,2,1,0,229.87,1,12,1,1,2,2,16,3,3,3,3
2,15,9,56,0.05,2,2,2,2,1,272.99,1,16,3,1,2,2,3,1,3,2,2
2,15,9,57,0.4,1,1,1,1,1,231.56,1,16,1,1,1,1,19,1,3,1,3
2,15,9,58,0.1,1,2,1,1,1,246.24,1,17,3,1,3,1,19,1,3,2,2
2,15,9,59,0.05,2,1,2,2,1,359.17,0,15,3,3,2,2,17,3,3,3,3
2,15,9,60,0.1,1,2,1,1,1,244.38,1,12,3,1,3,1,9,3,3,2,2
2,15,9,61,0.8,3,3,2,2,1,226.05,1,2,1,3,3,1,6,3,3,1,1
2,15,9,62,0.1,1,3,1,1,1,148.7,1,20,3,1,3,1,20,3,1,1,3
2,15,9,63,0.2,1,1,1,1,1,208.63,1,1,3,3,3,3,16,3,3,3,3
2,15,9,64,0.8,1,1,1,1,1,253.88,1,1,3,1,3,1,15,3,1,3,1
2,15,9,65,0.05,3,3,2,2,1,329.5,0,5,1,3,3,1,14,1,1,3,3
2,15,9,66,0.4,3,1,2,2,1,289.07,1,20,1,3,3,1,7,3,1,3,1
2,15,9,67,1.8,2,2,2,1,0,205.62,1,12,3,3,2,2,18,3,3,2,2
2,15,9,68,0.05,1,2,1,1,1,282.91,1,3,1,1,1,1,18,3,3,2,2
2,15,9,69,0.2,2,1,2,1,0,248.29,1,15,1,1,2,2,19,1,3,1,3
2,15,9,70,0.8,1,1,1,1,1,274.96,1,18,1,3,1,3,18,1,3,1,3
2,15,9,71,0.4,1,3,1,2,0,226.84,1,9,3,1,3,1,6,3,3,1,1
2,15,9,72,0.2,1,3,1,1,1,212.06,1,9,3,3,3,3,15,3,3,1,1
2,15,9,73,1.8,1,1,1,2,0,219.94,1,19,3,3,3,3,16,3,1,3,1
2,15,9,74,0.05,1,3,1,1,1,265.79,1,5,1,1,1,1,18,1,1,3,3
2,15,9,75,0.8,3,1,2,2,1,249.6,1,7,1,1,3,3,10,3,1,3,1
2,15,9,76,0.4,2,1,2,2,1,269.64,1,18,1,1,2,2,11,3,3,3,3
2,15,9,77,1.8,1,3,1,1,1,205.74,1,4,1,1,1,1,8,3,3,1,1
2,15,9,78,0.2,1,3,1,1,1,259.41,1,14,3,3,3,3,10,1,3,3,1
2,15,10,1,0.4,1,3,1,2,0,245.8,1,18,3,1,3,1,20,1,1,3,3
2,15,10,2,1.8,3,1,2,2,1,166.45,1,2,1,3,3,1,17,1,1,1,1
2,15,10,3,0.05,2,2,2,1,0,250.46,1,4,1,3,2,2,17,1,1,2,2
2,15,10,4,0.1,1,1,1,1,1,208.78,1,12,1,3,1,3,19,1,1,1,1
2,15,10,5,0.4,3,3,2,2,1,193.81,1,20,1,1,3,3,11,3,1,1,3
2,15,10,6,0.2,2,1,2,2,1,205.7,1,5,3,3,2,2,9,1,1,1,1
2,15,10,7,0.4,1,3,1,2,0,267.27,1,13,1,1,1,1,16,3,1,1,3
2,15,10,8,1.8,1,1,1,1,1,200.7,1,19,3,3,3,3,11,3,3,3,3
2,15,10,9,0.05,2,1,2,2,1,307.26,0,18,3,3,2,2,15,3,3,3,3
2,15,10,10,0.8,3,3,NaN,NaN,NaN,NaN,NaN,12,3,1,1,3,15,1,1,3,3
2,15,10,11,1.8,1,3,1,2,0,192.12,1,18,3,1,3,1,17,3,1,1,3
2,15,10,12,0.8,2,1,2,1,0,207.09,1,5,3,3,2,2,15,1,1,1,1
2,15,10,13,0.4,3,2,2,2,1,198.47,1,4,3,3,1,1,14,1,3,2,2
2,15,10,14,0.2,2,1,2,2,1,263.77,1,14,1,3,2,2,15,3,1,3,1
2,15,10,15,1.8,3,2,NaN,NaN,NaN,NaN,NaN,18,3,3,1,1,11,3,1,2,2
2,15,10,16,0.8,3,2,2,2,1,284.42,1,13,3,1,1,3,7,1,1,2,2
2,15,10,17,0.1,1,2,1,1,1,245.19,1,2,1,1,1,1,19,1,3,2,2
2,15,10,18,0.05,3,3,2,2,1,328.27,0,3,1,1,3,3,20,1,1,3,3
2,15,10,19,0.1,2,1,2,1,0,245.43,1,4,1,3,2,2,12,1,3,1,3
2,15,10,20,0.1,1,1,1,2,0,287.61,1,5,3,1,3,1,19,1,3,1,3
2,15,10,21,0.1,1,3,1,1,1,272.89,1,8,1,3,1,3,17,3,1,1,3
2,15,10,22,1.8,2,2,2,2,1,187.78,1,12,3,1,2,2,11,3,3,2,2
2,15,10,23,0.05,1,1,1,1,1,234.19,1,16,1,1,1,1,20,1,3,1,3
2,15,10,24,0.8,1,3,1,1,1,245.32,1,18,1,3,1,3,6,1,1,3,3
2,15,10,25,0.05,2,1,2,2,1,310.52,0,10,3,3,2,2,8,1,1,1,1
2,15,10,26,0.2,1,2,1,1,1,285.86,1,17,1,1,1,1,1,3,1,2,2
2,15,10,27,0.4,1,1,1,1,1,315.88,0,11,3,3,3,3,18,3,3,3,3
2,15,10,28,0.05,1,2,1,1,1,261.32,1,13,3,1,3,1,2,3,3,2,2
2,15,10,29,0.4,1,3,1,1,1,248.96,1,12,1,1,1,1,11,3,3,1,1
2,15,10,30,0.05,1,2,1,2,0,299.31,1,9,1,3,1,3,12,3,1,2,2
2,15,10,31,0.4,3,2,2,2,1,216.23,1,18,3,1,1,3,3,3,3,2,2
2,15,10,32,1.8,1,1,NaN,NaN,NaN,NaN,NaN,6,1,1,1,1,12,1,3,1,3
2,15,10,33,0.4,1,2,1,1,1,183.87,1,3,1,3,1,3,4,3,1,2,2
2,15,10,34,0.2,3,1,2,2,1,190.97,1,10,3,3,1,1,8,1,1,1,1
2,15,10,35,0.05,1,2,1,2,0,882.44,0,6,3,3,3,3,3,1,1,2,2
2,15,10,36,0.05,1,2,1,1,1,235.18,1,15,3,1,3,1,10,3,3,2,2
2,15,10,37,0.8,1,3,1,1,1,206.33,1,6,3,3,3,3,2,3,1,1,3
2,15,10,38,1.8,3,2,2,2,1,190.96,1,11,1,1,3,3,11,3,1,2,2
2,15,10,39,0.1,2,2,2,1,0,280.57,1,17,3,1,2,2,16,3,1,2,2
2,15,10,40,0.4,3,1,2,2,1,197.69,1,17,3,1,1,3,9,3,1,3,1
2,15,10,41,0.4,2,2,2,2,1,222.01,1,16,1,3,2,2,20,3,1,2,2
2,15,10,42,0.2,1,3,1,1,1,269.16,1,5,1,3,1,3,7,1,1,3,3
2,15,10,43,0.1,1,3,1,1,1,214.02,1,8,3,3,3,3,3,1,3,3,1
2,15,10,44,0.2,2,1,2,2,1,261.95,1,13,3,3,2,2,5,3,1,3,1
2,15,10,45,0.1,1,2,1,1,1,189.64,1,20,1,1,1,1,11,1,3,2,2
2,15,10,46,1.8,2,3,NaN,NaN,NaN,NaN,NaN,5,1,1,2,2,2,3,3,1,1
2,15,10,47,0.1,1,3,1,1,1,223.38,1,12,1,3,1,3,11,1,1,3,3
2,15,10,48,0.05,1,1,1,2,0,334.56,0,18,1,1,1,1,11,1,1,1,1
2,15,10,49,0.2,1,1,1,1,1,275.41,1,14,3,3,3,3,4,1,3,1,3
2,15,10,50,0.1,1,3,1,1,1,278.26,1,8,1,1,1,1,14,3,1,1,3
2,15,10,51,1.8,1,2,NaN,NaN,NaN,NaN,NaN,15,3,3,3,3,15,1,3,2,2
2,15,10,52,0.2,1,1,1,1,1,279.21,1,5,3,3,3,3,18,1,3,1,3
2,15,10,53,0.05,2,3,2,1,0,286.04,1,14,3,3,2,2,3,3,1,1,3
2,15,10,54,0.8,1,2,1,1,1,177.91,1,9,3,3,3,3,13,3,3,2,2
2,15,10,55,0.8,2,3,2,1,0,198.1,1,5,3,1,2,2,13,3,1,1,3
2,15,10,56,0.1,1,3,1,2,0,359.01,0,13,3,1,3,1,9,3,1,1,3
2,15,10,57,0.8,1,1,1,1,1,186.64,1,3,1,1,1,1,17,1,1,1,1
2,15,10,58,0.2,1,1,1,1,1,240.27,1,6,3,1,3,1,7,3,1,3,1
2,15,10,59,0.8,1,2,1,1,1,208.58,1,14,3,3,3,3,18,3,1,2,2
2,15,10,60,0.1,3,2,2,2,1,294.32,1,14,1,3,3,1,17,1,3,2,2
2,15,10,61,0.8,3,3,2,2,1,209.75,1,5,1,3,3,1,5,3,1,1,3
2,15,10,62,0.2,3,3,2,2,1,278.88,1,20,3,1,1,3,15,1,3,3,1
2,15,10,63,0.8,2,3,2,2,1,236.78,1,14,1,1,2,2,4,1,3,3,1
2,15,10,64,0.2,2,1,2,2,1,265.5,1,14,3,1,2,2,6,1,1,1,1
2,15,10,65,1.8,2,2,2,2,1,204.07,1,13,1,3,2,2,16,1,1,2,2
2,15,10,66,0.4,1,3,1,2,0,275.72,1,2,3,3,3,3,8,1,1,3,3
2,15,10,67,0.05,3,3,2,2,1,312.16,0,9,3,3,1,1,7,3,3,1,1
2,15,10,68,0.8,2,3,2,1,0,250.57,1,2,1,1,2,2,2,3,3,1,1
2,15,10,69,0.05,2,3,2,1,0,300.95,0,15,1,1,2,2,18,3,3,1,1
2,15,10,70,0.2,3,1,2,2,1,245.97,1,5,1,3,3,1,20,1,3,1,3
2,15,10,71,0.2,1,2,1,1,1,169.9,1,19,3,1,3,1,1,1,3,2,2
2,15,10,72,0.1,2,3,2,2,1,325.58,0,16,3,3,2,2,10,3,3,1,1
2,15,10,73,1.8,1,3,1,1,1,194.18,1,17,1,1,1,1,20,1,1,3,3
2,15,10,74,0.4,1,1,NaN,NaN,NaN,NaN,NaN,11,3,1,3,1,3,3,3,3,3
2,15,10,75,1.8,3,1,2,2,1,163.08,1,10,3,3,1,1,10,3,3,3,3
2,15,10,76,1.8,3,3,2,2,1,210.3,1,13,1,3,3,1,13,1,3,3,1
2,15,10,77,0.4,2,2,2,1,0,249.56,1,12,1,1,2,2,9,1,1,2,2
2,15,10,78,0.8,3,2,2,2,1,200.9,1,3,1,3,3,1,16,1,1,2,2
