4,11,1,1,0.2,1,2,1,1,1,204.52,1,5,1,1,1,1,14,3,1,2,2
4,11,1,2,0.8,3,1,2,2,1,220.67,1,20,1,3,3,1,16,1,1,1,1
4,11,1,3,0.1,1,3,1,1,1,218.07,1,12,1,1,1,1,16,3,1,1,3
4,11,1,4,0.8,3,1,2,2,1,204.7,1,6,1,3,3,1,16,3,3,3,3
4,11,1,5,0.8,1,2,1,1,1,188.93,1,9,1,3,1,3,4,3,3,2,2
4,11,1,6,0.1,2,1,2,2,1,215.2,1,7,1,1,2,2,10,3,3,3,3
4,11,1,7,0.05,2,3,2,1,0,267.79,1,15,1,3,2,2,18,1,3,3,1
4,11,1,8,0.05,1,1,1,1,1,227.15,1,4,3,3,3,3,17,1,1,1,1
4,11,1,9,0.2,2,3,2,2,1,236.62,1,18,3,1,2,2,8,1,3,3,1
4,11,1,10,1.8,1,3,1,1,1,216.28,1,11,1,1,1,1,15,3,3,1,1
4,11,1,11,0.8,1,2,1,1,1,205.07,1,15,1,1,1,1,17,3,1,2,2
4,11,1,12,0.4,3,3,2,2,1,236.76,1,11,1,1,3,3,2,3,3,1,1
4,11,1,13,0.4,3,3,2,2,1,8.09,2,15,1,3,3,1,1,3,1,1,3
4,11,1,14,0.1,3,2,2,2,1,424.51,0,17,3,3,1,1,12,3,3,2,2
4,11,1,15,0.2,3,1,2,2,1,191.93,1,15,3,3,1,1,20,3,3,3,3
4,11,1,16,0.4,3,3,2,2,1,229.45,1,5,1,1,3,3,6,1,3,3,1
4,11,1,17,0.1,2,3,2,1,0,239.34,1,15,3,1,2,2,15,3,3,1,1
4,11,1,18,0.4,1,3,1,1,1,204.03,1,5,1,1,1,1,17,1,3,3,1
4,11,1,19,1.8,1,2,1,1,1,197.8,1,4,3,3,3,3,11,1,1,2,2
4,11,1,20,0.1,1,1,1,1,1,221.88,1,2,3,3,3,3,14,1,1,1,1
4,11,1,21,0.1,1,2,1,1,1,223.06,1,9,1,1,1,1,15,3,1,2,2
4,11,1,22,1.8,2,2,2,2,1,238.18,1,1,1,1,2,2,18,3,1,2,2
4,11,1,23,1.8,3,2,2,1,0,200.46,1,3,1,3,3,1,11,3,1,2,2
4,11,1,24,0.1,1,3,1,1,1,246.58,1,14,1,3,1,3,18,3,3,1,1
4,11,1,25,0.1,1,2,1,1,1,264.13,1,1,3,3,3,3,17,1,3,2,2
4,11,1,26,0.05,3,1,2,2,1,297.24,1,2,3,3,1,1,11,3,1,3,1
4,11,1,27,0.4,1,1,1,1,1,260.67,1,19,3,3,3,3,20,3,1,3,1
4,11,1,28,0.8,3,1,2,2,1,224.87,1,18,1,3,3,1,13,3,3,3,3
4,11,1,29,1.8,1,2,1,1,1,248.61,1,6,3,3,3,3,18,1,3,2,2
4,11,1,30,1.8,3,2,2,2,1,221.32,1,17,1,1,3,3,8,3,3,2,2
4,11,1,31,0.2,3,3,2,2,1,246.6,1,15,3,1,1,3,7,3,1,1,3
4,11,1,32,0.05,2,1,2,1,0,250.73,1,5,3,1,2,2,13,1,1,1,1
4,11,1,33,0.8,2,2,2,2,1,215,1,7,3,3,2,2,1,1,3,2,2
4,11,1,34,0.05,1,1,1,1,1,256.03,1,18,3,1,3,1,6,3,3,3,3
4,11,1,35,0.2,3,3,2,2,1,250.44,1,20,1,3,3,1,1,1,3,3,1
4,11,1,36,0.2,1,1,1,1,1,159.99,1,15,1,1,1,1,8,3,3,3,3
4,11,1,37,0.1,3,2,2,2,1,286.12,1,14,1,1,3,3,18,1,1,2,2
4,11,1,38,0.2,1,2,1,1,1,222.57,1,18,3,1,3,1,12,1,3,2,2
4,11,1,39,0.8,2,3,2,2,1,237.85,1,6,3,3,2,2,13,3,1,1,3
4,11,1,40,0.05,3,1,2,1,0,326.52,0,20,1,3,3,1,1,3,1,3,1
4,11,1,41,0.2,1,3,1,1,1,187.49,1,2,3,3,3,3,13,3,3,1,1
4,11,1,42,0.1,2,2,2,1,0,280.42,1,4,3,1,2,2,19,1,3,2,2
4,11,1,43,0.8,1,3,1,1,1,223.37,1,6,3,1,3,1,4,3,1,1,3
4,11,1,44,0.4,1,1,1,1,1,215.19,1,16,1,3,1,3,15,1,3,1,3
4,11,1,45,0.2,1,3,1,1,1,205.78,1,12,3,1,3,1,11,1,1,3,3
4,11,1,46,1.8,1,2,1,1,1,207.28,1,12,1,3,1,3,5,3,1,2,2
4,11,1,47,0.2,3,1,2,2,1,209.73,1,18,1,3,3,1,4,1,3,1,3
4,11,1,48,1.8,2,1,2,2,1,232.27,1,6,1,3,2,2,5,1,3,1,3
4,11,1,49,0.4,1,2,1,1,1,235.63,1,14,1,1,1,1,12,3,1,2,2
4,11,1,50,0.1,1,1,1,1,1,253.09,1,13,1,3,1,3,12,1,3,1,3
4,11,1,51,0.8,2,3,2,2,1,210.14,1,2,1,3,2,2,20,3,1,1,3
4,11,1,52,0.1,1,3,1,1,1,251.66,1,15,1,3,1,3,3,3,3,1,1
4,11,1,53,0.05,2,2,2,2,1,334.3,0,8,3,3,2,2,14,1,3,2,2
4,11,1,54,1.8,3,3,2,2,1,219.31,1,18,1,3,3,1,19,3,1,1,3
4,11,1,55,0.2,1,3,1,1,1,218.33,1,3,3,1,3,1,6,1,3,3,1
4,11,1,56,0.05,2,3,2,1,0,221.5,1,12,1,1,2,2,5,1,1,3,3
4,11,1,57,0.8,1,1,1,1,1,221.47,1,17,1,1,1,1,11,3,1,3,1
4,11,1,58,1.8,2,2,2,2,1,192.4,1,1,3,3,2,2,11,3,1,2,2
4,11,1,59,1.8,1,2,1,1,1,203.11,1,20,1,3,1,3,1,3,1,2,2
4,11,1,60,0.2,1,2,1,1,1,198.22,1,16,3,3,3,3,12,3,1,2,2
4,11,1,61,0.8,1,1,1,1,1,211.46,1,19,1,3,1,3,12,1,3,1,3
4,11,1,62,0.05,1,3,1,1,1,281.14,1,10,3,1,3,1,9,3,3,1,1
4,11,1,63,1.8,1,2,1,1,1,227.05,1,13,1,1,1,1,18,3,1,2,2
4,11,1,64,0.1,2,3,2,1,0,247.39,1,20,3,1,2,2,13,1,1,3,3
4,11,1,65,1.8,1,2,1,2,0,218.87,1,5,1,1,1,1,16,3,3,2,2
4,11,1,66,0.05,1,1,1,1,1,266.01,1,20,3,3,3,3,9,3,1,3,1
4,11,1,67,0.8,2,1,2,2,1,247.86,1,18,1,1,2,2,18,3,3,3,3
4,11,1,68,0.05,3,2,2,2,1,328.25,0,19,3,1,1,3,14,3,3,2,2
4,11,1,69,0.4,1,1,1,1,1,228.64,1,17,3,3,3,3,18,1,3,1,3
4,11,1,70,0.4,1,1,1,1,1,198.13,1,15,1,3,1,3,6,3,3,3,3
4,11,1,71,0.4,2,3,2,1,0,233.91,1,18,1,3,2,2,6,1,1,3,3
4,11,1,72,0.4,2,3,2,1,0,203.08,1,20,3,1,2,2,5,3,3,1,1
4,11,1,73,0.8,3,2,2,2,1,227.13,1,19,1,3,3,1,1,3,1,2,2
4,11,1,74,0.05,3,1,2,1,0,284.74,1,1,3,3,1,1,17,3,1,3,1
4,11,1,75,0.4,1,1,1,1,1,-12.352,2,7,3,1,3,1,3,1,3,1,3
4,11,1,76,0.4,1,2,1,1,1,213.47,1,9,3,1,3,1,3,1,3,2,2
4,11,1,77,0.05,1,2,1,1,1,262.36,1,1,1,3,1,3,18,3,3,2,2
4,11,1,78,0.2,1,2,1,1,1,214.09,1,15,3,1,3,1,18,1,3,2,2
4,11,2,1,0.1,1,3,1,1,1,229.75,1,3,1,3,1,3,10,3,3,1,1
4,11,2,2,0.1,1,3,1,1,1,186.12,1,14,1,1,1,1,4,1,1,3,3
4,11,2,3,0.1,2,3,2,2,1,379.56,0,13,1,1,2,2,11,1,3,3,1
4,11,2,4,0.2,1,2,1,1,1,372.36,0,16,1,1,1,1,16,1,1,2,2
4,11,2,5,1.8,2,3,2,2,1,218.33,1,13,1,1,2,2,7,1,3,3,1
4,11,2,6,0.8,3,2,2,2,1,235.82,1,10,3,3,1,1,3,3,3,2,2
4,11,2,7,0.1,3,3,2,1,0,239.21,1,6,1,3,3,1,2,1,1,3,3
4,11,2,8,1.8,3,2,2,2,1,220.71,1,10,3,1,1,3,15,3,1,2,2
4,11,2,9,0.05,2,1,2,1,0,246.87,1,8,3,1,2,2,17,3,3,3,3
4,11,2,10,0.2,1,1,1,1,1,262.04,1,20,1,1,1,1,1,3,1,3,1
4,11,2,11,0.4,2,3,2,2,1,242.09,1,6,1,1,2,2,19,3,1,1,3
4,11,2,12,0.4,3,1,2,2,1,391.88,0,10,1,1,3,3,13,3,1,3,1
4,11,2,13,1.8,1,1,1,1,1,199.82,1,14,3,1,3,1,2,1,3,1,3
4,11,2,14,0.4,1,3,1,1,1,237.87,1,16,1,1,1,1,4,1,3,3,1
4,11,2,15,0.4,1,1,1,1,1,248.91,1,6,3,1,3,1,8,1,1,1,1
4,11,2,16,1.8,3,1,2,2,1,211.49,1,12,3,1,1,3,1,3,1,3,1
4,11,2,17,0.05,1,2,1,1,1,278.28,1,11,3,3,3,3,8,3,1,2,2
4,11,2,18,0.2,1,3,1,1,1,276.18,1,12,1,1,1,1,14,1,3,3,1
4,11,2,19,0.8,1,1,1,1,1,257.05,1,12,1,3,1,3,16,1,1,1,1
4,11,2,20,0.1,1,1,1,1,1,305.2,0,11,1,3,1,3,11,1,1,1,1
4,11,2,21,0.05,2,3,2,2,1,295.16,1,2,3,1,2,2,12,3,3,1,1
4,11,2,22,0.8,3,2,2,2,1,224.61,1,13,3,1,1,3,13,3,1,2,2
4,11,2,23,0.1,1,1,1,1,1,225.57,1,12,1,3,1,3,10,3,1,3,1
4,11,2,24,0.4,2,2,2,1,0,215.42,1,4,1,3,2,2,16,3,3,2,2
4,11,2,25,0.8,1,3,1,1,1,226.23,1,4,1,3,1,3,8,1,3,3,1
4,11,2,26,0.2,1,3,1,1,1,213.62,1,15,1,3,1,3,20,1,3,3,1
4,11,2,27,1.8,2,1,2,2,1,230.73,1,18,3,1,2,2,7,1,1,1,1
4,11,2,28,0.2,1,3,1,1,1,213.44,1,11,3,1,3,1,20,3,3,1,1
4,11,2,29,0.05,1,3,1,1,1,272.79,1,11,3,1,3,1,12,1,3,3,1
4,11,2,30,0.8,2,2,2,1,0,259.37,1,12,1,1,2,2,13,3,1,2,2
4,11,2,31,0.05,1,2,1,1,1,276.71,1,5,1,3,1,3,19,3,3,2,2
4,11,2,32,0.1,1,3,1,1,1,241.36,1,15,3,1,3,1,12,1,3,3,1
4,11,2,33,0.4,1,1,1,1,1,249.74,1,9,3,1,3,1,19,3,3,3,3
4,11,2,34,0.8,3,3,2,2,1,199.97,1,11,1,1,3,3,11,3,1,1,3
4,11,2,35,0.2,2,1,2,2,1,262.3,1,14,1,1,2,2,9,1,3,1,3
4,11,2,36,0.2,3,3,2,2,1,214.81,1,13,3,1,1,3,2,3,1,1,3
4,11,2,37,0.2,1,2,1,1,1,220.87,1,20,1,3,1,3,9,1,1,2,2
4,11,2,38,0.1,1,1,1,1,1,243.5,1,11,1,1,1,1,19,1,3,1,3
4,11,2,39,0.2,1,3,1,1,1,191.4,1,2,1,1,1,1,8,1,1,3,3
4,11,2,40,0.1,1,1,1,1,1,246.51,1,2,1,3,1,3,17,3,3,3,3
4,11,2,41,0.05,1,1,1,1,1,258.34,1,8,1,1,1,1,9,1,3,1,3
4,11,2,42,0.8,1,2,1,1,1,261.82,1,3,1,3,1,3,5,3,3,2,2
4,11,2,43,1.8,2,2,2,2,1,205.33,1,8,3,1,2,2,3,1,1,2,2
4,11,2,44,0.2,3,3,2,2,1,258.51,1,14,1,3,3,1,3,1,3,3,1
4,11,2,45,0.05,3,2,2,2,1,325.17,0,15,1,1,3,3,5,3,1,2,2
4,11,2,46,0.4,2,3,2,2,1,225.32,1,14,3,1,2,2,7,1,3,3,1
4,11,2,47,0.1,1,1,1,1,1,218.9,1,11,3,3,3,3,7,3,3,3,3
4,11,2,48,0.05,3,2,2,2,1,327.3,0,19,1,3,3,1,3,1,1,2,2
4,11,2,49,0.8,1,2,1,1,1,225.9,1,8,1,1,1,1,7,1,3,2,2
4,11,2,50,0.2,3,3,2,2,1,197.95,1,20,3,3,1,1,17,3,1,1,3
4,11,2,51,0.05,3,1,2,2,1,286.03,1,8,1,1,3,3,4,1,1,1,1
4,11,2,52,1.8,3,3,2,2,1,187.99,1,7,1,1,3,3,15,1,1,3,3
4,11,2,53,0.05,1,1,1,1,1,289.52,1,1,1,3,1,3,5,1,1,1,1
4,11,2,54,0.1,1,3,1,1,1,257.01,1,6,3,3,3,3,12,3,3,1,1
4,11,2,55,0.05,2,3,2,2,1,283.93,1,9,1,1,2,2,7,1,3,3,1
4,11,2,56,1.8,1,2,NaN,NaN,NaN,NaN,NaN,17,3,3,3,3,13,3,3,2,2
4,11,2,57,0.8,1,2,1,1,1,223.05,1,6,1,3,1,3,2,3,3,2,2
4,11,2,58,1.8,1,2,1,1,1,205.72,1,17,1,3,1,3,19,3,1,2,2
4,11,2,59,0.8,2,2,2,1,0,219.17,1,8,1,3,2,2,7,3,1,2,2
4,11,2,60,0.1,1,3,1,1,1,281.51,1,15,1,1,1,1,3,3,3,1,1
4,11,2,61,1.8,1,2,1,1,1,238.85,1,13,1,3,1,3,1,1,3,2,2
4,11,2,62,0.8,3,2,NaN,NaN,NaN,NaN,NaN,2,3,1,1,3,10,1,3,2,2
4,11,2,63,0.4,1,2,1,1,1,259.33,1,18,1,3,1,3,14,3,3,2,2
4,11,2,64,0.1,3,2,2,2,1,294.85,1,2,1,1,3,3,1,3,3,2,2
4,11,2,65,1.8,2,2,2,2,1,209.37,1,2,1,3,2,2,12,3,1,2,2
4,11,2,66,0.4,1,3,1,1,1,242.48,1,1,1,1,1,1,1,1,3,3,1
4,11,2,67,1.8,2,1,2,2,1,195.98,1,1,3,1,2,2,17,3,3,3,3
4,11,2,68,0.4,1,1,1,1,1,236.94,1,13,3,3,3,3,4,1,3,1,3
4,11,2,69,0.2,3,1,2,2,1,228.29,1,14,3,3,1,1,9,1,3,1,3
4,11,2,70,0.8,1,1,NaN,NaN,NaN,NaN,NaN,11,3,3,3,3,10,3,3,3,3
4,11,2,71,0.05,3,2,2,2,1,502.94,0,20,3,3,1,1,13,1,3,2,2
4,11,2,72,0.4,2,3,2,2,1,246.3,1,16,3,3,2,2,12,1,1,3,3
4,11,2,73,0.4,2,3,2,1,0,247.97,1,12,1,1,2,2,4,3,3,1,1
4,11,2,74,0.05,3,1,2,2,1,331.02,0,7,3,1,1,3,12,1,1,1,1
4,11,2,75,0.8,3,1,2,2,1,213.72,1,10,1,1,3,3,17,1,1,1,1
4,11,2,76,0.4,2,3,2,2,1,238.72,1,12,1,3,2,2,7,1,1,3,3
4,11,2,77,1.8,2,2,2,2,1,251.69,1,14,3,1,2,2,17,1,3,2,2
4,11,2,78,0.2,1,3,1,1,1,212.12,1,7,3,3,3,3,10,3,3,1,1
4,11,3,1,0.8,2,1,2,1,0,235.22,1,12,1,1,2,2,11,1,1,1,1
4,11,3,2,1.8,2,1,2,1,0,228.54,1,12,1,1,2,2,12,3,3,3,3
4,11,3,3,0.1,1,1,1,1,1,261.83,1,2,3,3,3,3,6,3,3,3,3
4,11,3,4,0.1,2,1,2,2,1,246.03,1,6,3,3,2,2,7,1,3,1,3
4,11,3,5,0.05,2,2,2,1,0,277.2,1,11,1,3,2,2,6,3,1,2,2
4,11,3,6,0.05,1,2,1,1,1,201.81,1,1,1,1,1,1,15,1,3,2,2
4,11,3,7,0.05,1,2,1,1,1,248.42,1,1,3,1,3,1,2,3,3,2,2
4,11,3,8,0.4,1,2,1,1,1,212.69,1,9,3,3,3,3,15,3,3,2,2
4,11,3,9,0.4,3,3,2,2,1,388.72,0,2,3,1,1,3,10,1,1,3,3
4,11,3,10,0.2,3,1,2,2,1,206.04,1,14,1,3,3,1,12,3,3,3,3
4,11,3,11,0.8,1,2,1,1,1,202.85,1,10,1,3,1,3,15,1,1,2,2
4,11,3,12,0.1,3,3,2,2,1,260.71,1,2,1,1,3,3,15,3,1,1,3
4,11,3,13,0.4,3,1,2,2,1,222.44,1,15,3,3,1,1,4,3,3,3,3
4,11,3,14,0.2,3,3,2,2,1,223.91,1,5,1,3,3,1,12,1,1,3,3
4,11,3,15,0.1,1,2,1,1,1,244.14,1,8,3,3,3,3,16,1,1,2,2
4,11,3,16,1.8,2,1,2,2,1,70.985,2,2,1,1,2,2,2,1,3,1,3
4,11,3,17,1.8,1,1,1,1,1,210.24,1,4,3,3,3,3,1,1,3,1,3
4,11,3,18,0.8,1,3,1,1,1,245.2,1,5,1,3,1,3,3,1,1,3,3
4,11,3,19,0.05,2,3,2,1,0,265.35,1,5,1,3,2,2,3,3,3,1,1
4,11,3,20,0.1,2,3,2,2,1,254.69,1,20,3,3,2,2,4,1,1,3,3
4,11,3,21,0.8,1,1,1,1,1,230.74,1,19,3,1,3,1,14,1,1,1,1
4,11,3,22,0.8,3,2,2,2,1,219.5,1,13,3,3,1,1,14,3,1,2,2
4,11,3,23,0.4,3,2,2,2,1,247.31,1,7,1,1,3,3,14,1,3,2,2
4,11,3,24,0.8,3,3,2,2,1,229.52,1,10,1,3,3,1,8,1,3,3,1
4,11,3,25,0.8,1,1,1,1,1,269.33,1,2,3,3,3,3,10,3,3,3,3
4,11,3,26,1.8,1,1,1,1,1,227.41,1,15,1,3,1,3,19,3,3,3,3
4,11,3,27,1.8,3,3,2,2,1,250.07,1,16,1,1,3,3,15,3,1,1,3
4,11,3,28,0.2,1,1,1,1,1,244.16,1,4,1,3,1,3,6,1,1,1,1
4,11,3,29,0.4,3,3,2,2,1,410.66,0,1,1,3,3,1,7,3,1,1,3
4,11,3,30,0.8,2,1,2,2,1,219.24,1,2,1,3,2,2,2,3,1,3,1
4,11,3,31,0.2,3,2,2,2,1,214.7,1,5,1,3,3,1,2,3,3,2,2
4,11,3,32,0.1,1,2,1,1,1,270.24,1,11,1,1,1,1,6,3,1,2,2
4,11,3,33,0.1,1,2,1,1,1,241.49,1,15,1,3,1,3,3,1,3,2,2
4,11,3,34,0.4,2,3,2,2,1,252.4,1,3,1,1,2,2,11,1,1,3,3
4,11,3,35,0.2,3,3,2,2,1,245.96,1,8,1,1,3,3,18,3,3,1,1
4,11,3,36,0.8,3,1,2,2,1,222.24,1,5,3,1,1,3,5,1,3,1,3
4,11,3,37,1.8,1,3,1,1,1,258.55,1,16,1,1,1,1,11,1,1,3,3
4,11,3,38,0.05,1,3,1,1,1,296.55,1,9,3,3,3,3,18,1,1,3,3
4,11,3,39,0.4,3,1,2,2,1,235.67,1,19,1,1,3,3,7,1,3,1,3
4,11,3,40,0.2,1,1,1,1,1,250.44,1,2,3,3,3,3,11,1,3,1,3
4,11,3,41,1.8,1,1,1,1,1,210.44,1,12,3,3,3,3,3,3,1,3,1
4,11,3,42,0.05,1,2,1,1,1,288.56,1,2,3,1,3,1,11,3,1,2,2
4,11,3,43,0.8,1,3,1,1,1,219.46,1,8,3,1,3,1,9,3,1,1,3
4,11,3,44,1.8,1,3,1,1,1,212.03,1,18,1,3,1,3,11,1,3,3,1
4,11,3,45,0.2,3,3,2,2,1,253.83,1,16,1,1,3,3,19,3,3,1,1
4,11,3,46,0.2,2,3,2,2,1,227.78,1,8,1,1,2,2,9,1,1,3,3
4,11,3,47,0.4,1,2,1,1,1,482.33,0,9,3,1,3,1,20,1,3,2,2
4,11,3,48,0.2,2,2,2,1,0,270.1,1,13,1,1,2,2,12,3,3,2,2
4,11,3,49,0.05,2,2,2,1,0,304.67,0,7,1,1,2,2,8,1,1,2,2
4,11,3,50,1.8,1,3,1,1,1,246.62,1,3,3,3,3,3,5,1,1,3,3
4,11,3,51,0.4,3,3,2,2,1,225.69,1,13,3,3,1,1,5,3,1,1,3
4,11,3,52,0.4,1,2,1,1,1,279.62,1,7,1,1,1,1,18,3,1,2,2
4,11,3,53,0.8,2,2,2,2,1,219.25,1,15,1,1,2,2,6,3,3,2,2
4,11,3,54,0.05,2,1,2,2,1,299.54,1,4,1,3,2,2,10,3,3,3,3
4,11,3,55,0.05,1,1,1,1,1,308.74,0,6,3,1,3,1,20,1,3,1,3
4,11,3,56,0.05,1,2,1,1,1,257.29,1,16,1,1,1,1,17,1,3,2,2
4,11,3,57,1.8,3,2,2,2,1,208.49,1,18,3,1,1,3,16,3,1,2,2
4,11,3,58,1.8,3,2,2,2,1,206.65,1,14,3,3,1,1,11,3,3,2,2
4,11,3,59,0.2,1,2,1,1,1,271.98,1,7,1,1,1,1,19,1,3,2,2
4,11,3,60,0.05,1,2,1,1,1,321.75,0,1,3,3,3,3,18,3,3,2,2
4,11,3,61,0.1,2,3,2,1,0,250.7,1,19,1,3,2,2,8,1,1,3,3
4,11,3,62,0.4,3,3,2,2,1,203.74,1,17,3,1,1,3,6,3,3,1,1
4,11,3,63,0.1,1,3,1,1,1,281.75,1,3,3,3,3,3,15,3,3,1,1
4,11,3,64,0.1,3,3,2,1,0,251.56,1,16,1,1,3,3,8,3,1,1,3
4,11,3,65,0.4,2,1,2,1,0,247.02,1,5,1,3,2,2,7,3,3,3,3
4,11,3,66,1.8,1,2,1,1,1,215.26,1,17,3,3,3,3,7,3,3,2,2
4,11,3,67,1.8,1,2,1,1,1,225.1,1,2,1,1,1,1,16,3,3,2,2
4,11,3,68,0.2,1,1,1,1,1,213.36,1,19,3,1,3,1,7,3,1,3,1
4,11,3,69,0.1,1,3,1,1,1,223.84,1,7,3,1,3,1,10,1,1,3,3
4,11,3,70,0.1,1,1,1,1,1,233.04,1,12,3,1,3,1,10,3,3,3,3
4,11,3,71,0.4,3,3,2,2,1,58.514,2,9,3,3,1,1,5,1,3,3,1
4,11,3,72,0.1,3,2,2,2,1,272.78,1,20,1,3,3,1,2,3,1,2,2
4,11,3,73,0.8,1,2,1,1,1,224.76,1,18,3,3,3,3,6,1,1,2,2
4,11,3,74,0.8,1,1,1,1,1,231.73,1,19,3,3,3,3,16,1,3,1,3
4,11,3,75,0.05,1,3,1,1,1,345.77,0,1,1,3,1,3,10,3,1,1,3
4,11,3,76,0.2,1,3,1,1,1,212.21,1,13,1,1,1,1,15,3,1,1,3
4,11,3,77,0.05,2,2,2,1,0,285.69,1,18,1,3,2,2,4,3,1,2,2
4,11,3,78,0.2,2,2,2,2,1,282.42,1,12,1,1,2,2,15,1,1,2,2
4,11,4,1,1.8,2,2,2,1,0,222.4,1,10,1,1,2,2,11,1,1,2,2
4,11,4,2,0.4,1,1,1,1,1,253.99,1,5,3,1,3,1,20,3,1,3,1
4,11,4,3,0.2,1,1,1,1,1,217.63,1,16,1,1,1,1,16,1,1,1,1
4,11,4,4,1.8,2,3,2,2,1,247.45,1,9,1,1,2,2,17,1,1,3,3
4,11,4,5,0.8,3,3,2,2,1,236.03,1,18,3,3,1,1,4,3,1,1,3
4,11,4,6,0.2,1,2,1,1,1,246.15,1,8,1,1,1,1,19,3,3,2,2
4,11,4,7,0.4,2,1,2,2,1,288.57,1,19,1,1,2,2,3,3,1,3,1
4,11,4,8,0.05,3,1,2,1,0,307.13,0,10,3,1,1,3,4,1,1,1,1
4,11,4,9,0.8,1,2,NaN,NaN,NaN,NaN,NaN,11,1,3,1,3,18,1,3,2,2
4,11,4,10,0.4,2,2,2,2,1,240.33,1,14,1,1,2,2,4,1,1,2,2
4,11,4,11,0.4,1,2,1,2,0,227.71,1,4,1,1,1,1,14,3,3,2,2
4,11,4,12,0.1,1,2,1,1,1,264.27,1,13,3,3,3,3,12,1,3,2,2
4,11,4,13,0.8,3,1,2,2,1,205.29,1,18,1,3,3,1,18,1,3,1,3
4,11,4,14,0.1,1,3,1,1,1,315.75,0,18,1,3,1,3,19,1,3,3,1
4,11,4,15,0.05,3,2,2,2,1,336.1,0,12,3,1,1,3,6,3,1,2,2
4,11,4,16,1.8,1,2,1,1,1,413.63,0,6,3,1,3,1,12,3,1,2,2
4,11,4,17,0.4,1,2,1,1,1,200.85,1,19,3,1,3,1,2,3,1,2,2
4,11,4,18,0.2,2,3,2,2,1,217.92,1,2,1,3,2,2,19,3,3,1,1
4,11,4,19,0.05,1,3,1,1,1,296.98,1,11,1,3,1,3,3,3,1,1,3
4,11,4,20,1.8,1,3,1,2,0,218.58,1,7,3,3,3,3,16,1,3,3,1
4,11,4,21,1.8,1,1,1,1,1,188.81,1,5,1,1,1,1,7,3,3,3,3
4,11,4,22,0.8,1,3,1,1,1,238.79,1,10,1,1,1,1,11,3,3,1,1
4,11,4,23,0.05,1,2,1,1,1,237.72,1,13,3,3,3,3,19,1,1,2,2
4,11,4,24,0.8,2,1,2,2,1,243,1,16,1,3,2,2,10,3,3,3,3
4,11,4,25,0.1,3,3,2,2,1,217.39,1,5,3,3,1,1,13,3,3,1,1
4,11,4,26,0.4,2,3,2,2,1,216.59,1,20,3,3,2,2,19,3,3,1,1
4,11,4,27,0.2,2,3,2,1,0,258.24,1,1,1,1,2,2,12,1,3,3,1
4,11,4,28,1.8,2,3,2,2,1,221.43,1,7,1,1,2,2,6,1,1,3,3
4,11,4,29,0.05,1,3,1,1,1,280.8,1,15,3,1,3,1,20,3,3,1,1
4,11,4,30,0.8,3,2,2,2,1,226.53,1,9,1,3,3,1,18,1,3,2,2
4,11,4,31,0.2,2,1,2,2,1,278.73,1,16,3,1,2,2,20,1,3,1,3
4,11,4,32,0.2,2,1,2,2,1,252.77,1,6,1,3,2,2,17,3,3,3,3
4,11,4,33,1.8,2,1,2,2,1,251.69,1,15,1,3,2,2,16,1,3,1,3
4,11,4,34,0.05,1,3,1,1,1,266.21,1,1,3,3,3,3,20,3,3,1,1
4,11,4,35,1.8,1,3,1,1,1,220.17,1,19,3,3,3,3,14,3,1,1,3
4,11,4,36,0.05,2,2,2,1,0,288.26,1,14,1,1,2,2,9,3,1,2,2
4,11,4,37,0.1,1,2,1,1,1,256.12,1,10,3,3,3,3,16,1,1,2,2
4,11,4,38,0.8,3,3,2,2,1,234.22,1,7,1,3,3,1,11,3,3,1,1
4,11,4,39,0.8,1,1,1,1,1,241.2,1,2,1,3,1,3,17,1,3,1,3
4,11,4,40,0.1,2,2,2,1,0,263.48,1,1,3,3,2,2,1,3,3,2,2
4,11,4,41,0.05,1,2,1,1,1,280.96,1,15,3,3,3,3,9,3,1,2,2
4,11,4,42,0.4,1,1,1,1,1,260.34,1,20,1,3,1,3,17,3,3,3,3
4,11,4,43,0.2,3,1,2,2,1,238.91,1,10,3,1,1,3,19,3,1,3,1
4,11,4,44,0.4,2,2,2,1,0,312.32,0,7,3,3,2,2,4,1,1,2,2
4,11,4,45,0.2,2,3,2,2,1,286.96,1,3,1,1,2,2,12,1,1,3,3
4,11,4,46,1.8,1,1,1,2,0,240.49,1,3,1,1,1,1,10,3,3,3,3
4,11,4,47,0.1,1,1,1,1,1,262.81,1,1,3,1,3,1,10,1,3,1,3
4,11,4,48,0.2,1,3,1,1,1,224.64,1,2,3,3,3,3,12,3,1,1,3
4,11,4,49,0.05,1,3,1,1,1,322.16,0,4,3,1,3,1,14,3,3,1,1
4,11,4,50,0.1,1,2,1,1,1,430.4,0,1,3,1,3,1,12,3,3,2,2
4,11,4,51,0.1,2,1,2,2,1,290.38,1,14,3,3,2,2,2,3,1,3,1
4,11,4,52,0.2,3,3,2,2,1,404.41,0,1,3,1,1,3,19,3,1,1,3
4,11,4,53,0.05,1,2,1,1,1,230.51,1,6,1,1,1,1,20,1,1,2,2
4,11,4,54,1.8,1,2,NaN,NaN,NaN,NaN,NaN,15,3,3,3,3,2,3,3,2,2
4,11,4,55,0.1,1,2,1,1,1,257.07,1,11,3,1,3,1,6,3,1,2,2
4,11,4,56,1.8,3,3,2,2,1,228.21,1,3,1,3,3,1,8,3,1,1,3
4,11,4,57,0.4,2,3,2,2,1,229.78,1,11,1,3,2,2,2,1,1,3,3
4,11,4,58,0.1,1,2,1,1,1,246.22,1,15,1,3,1,3,19,1,1,2,2
4,11,4,59,0.8,1,1,1,1,1,221.05,1,13,1,3,1,3,7,3,1,3,1
4,11,4,60,0.8,1,3,1,1,1,212.09,1,4,3,3,3,3,19,3,3,1,1
4,11,4,61,0.4,2,3,2,1,0,224.61,1,4,1,3,2,2,10,3,3,1,1
4,11,4,62,0.1,1,2,1,1,1,293.82,1,14,1,3,1,3,16,3,1,2,2
4,11,4,63,0.1,3,2,2,2,1,297.91,1,18,3,3,1,1,3,1,1,2,2
4,11,4,64,0.2,2,3,2,2,1,220.36,1,16,1,3,2,2,1,3,1,1,3
4,11,4,65,1.8,1,2,1,1,1,245.84,1,18,1,1,1,1,9,1,3,2,2
4,11,4,66,0.1,2,2,2,1,0,263.99,1,2,1,3,2,2,3,1,3,2,2
4,11,4,67,0.05,1,1,1,1,1,288.71,1,5,1,1,1,1,14,1,1,1,1
4,11,4,68,0.4,1,1,1,1,1,234,1,4,3,3,3,3,19,3,3,3,3
4,11,4,69,0.05,1,3,1,1,1,284.11,1,16,3,1,3,1,9,1,3,3,1
4,11,4,70,0.4,3,3,2,2,1,207.19,1,8,3,3,1,1,13,1,1,3,3
4,11,4,71,0.05,3,3,2,2,1,371.71,0,5,3,1,1,3,11,3,3,1,1
4,11,4,72,0.8,1,2,1,1,1,238.1,1,14,3,1,3,1,14,3,3,2,2
4,11,4,73,0.4,1,3,1,2,0,210.14,1,16,1,3,1,3,11,3,1,1,3
4,11,4,74,0.8,1,3,1,1,1,229.93,1,19,1,1,1,1,5,3,3,1,1
4,11,4,75,1.8,1,2,1,1,1,237.48,1,11,3,3,3,3,12,1,1,2,2
4,11,4,76,0.8,2,1,2,1,0,211.86,1,4,1,3,2,2,12,1,1,1,1
4,11,4,77,0.2,1,1,1,1,1,247.18,1,12,1,1,1,1,2,1,3,1,3
4,11,4,78,0.2,1,3,1,1,1,223.57,1,7,3,1,3,1,5,1,1,3,3
4,11,5,1,0.05,1,2,1,1,1,295.06,1,17,3,1,3,1,15,3,3,2,2
4,11,5,2,0.8,1,1,1,1,1,205.42,1,10,1,3,1,3,7,3,3,3,3
4,11,5,3,1.8,1,3,1,1,1,223.19,1,1,1,3,1,3,16,3,3,1,1
4,11,5,4,0.4,1,1,1,1,1,226.28,1,2,1,3,1,3,16,1,3,1,3
4,11,5,5,0.8,3,2,2,2,1,227.22,1,4,1,3,3,1,3,3,3,2,2
4,11,5,6,0.05,1,1,1,1,1,272.86,1,5,1,1,1,1,13,1,3,1,3
4,11,5,7,0.8,2,3,2,2,1,291.78,1,18,1,1,2,2,3,1,1,3,3
4,11,5,8,0.05,1,2,1,1,1,506.61,0,20,1,3,1,3,16,1,3,2,2
4,11,5,9,0.4,1,3,1,1,1,250.31,1,4,1,1,1,1,10,3,1,1,3
4,11,5,10,0.1,1,1,1,1,1,323.67,0,13,3,1,3,1,3,1,1,1,1
4,11,5,11,0.2,2,1,2,2,1,252.65,1,11,1,3,2,2,8,3,3,3,3
4,11,5,12,0.8,1,2,NaN,NaN,NaN,NaN,NaN,7,1,1,1,1,5,1,1,2,2
4,11,5,13,0.1,3,1,2,2,1,287.63,1,20,1,1,3,3,12,1,3,1,3
4,11,5,14,1.8,2,3,2,2,1,232.09,1,9,3,1,2,2,17,1,3,3,1
4,11,5,15,0.05,1,3,1,1,1,261.12,1,10,3,1,3,1,4,3,1,1,3
4,11,5,16,0.05,1,3,1,1,1,242.27,1,5,1,3,1,3,11,1,3,3,1
4,11,5,17,0.05,1,1,1,1,1,316.47,0,19,3,3,3,3,12,3,3,3,3
4,11,5,18,1.8,2,2,2,2,1,208.28,1,13,1,3,2,2,10,1,3,2,2
4,11,5,19,0.4,2,1,2,1,0,238.27,1,5,3,1,2,2,3,1,3,1,3
4,11,5,20,1.8,1,1,1,1,1,210.21,1,17,3,3,3,3,2,3,3,3,3
4,11,5,21,0.4,2,3,2,2,1,277.87,1,9,1,3,2,2,9,3,3,1,1
4,11,5,22,0.8,3,2,2,2,1,213.23,1,18,1,3,3,1,5,1,3,2,2
4,11,5,23,0.8,2,2,2,2,1,227.24,1,20,3,3,2,2,13,3,3,2,2
4,11,5,24,0.05,1,2,1,1,1,277.39,1,9,1,1,1,1,3,3,3,2,2
4,11,5,25,1.8,1,1,1,1,1,215.92,1,17,3,3,3,3,17,3,1,3,1
4,11,5,26,1.8,3,2,2,2,1,221.01,1,10,3,3,1,1,17,1,3,2,2
4,11,5,27,0.1,1,1,1,1,1,282.05,1,18,3,3,3,3,4,1,1,1,1
4,11,5,28,1.8,3,1,2,2,1,229.26,1,4,1,3,3,1,19,3,1,3,1
4,11,5,29,0.05,3,3,2,2,1,247.59,1,3,1,3,3,1,1,3,1,1,3
4,11,5,30,0.05,3,3,2,1,0,322.58,0,12,1,3,3,1,18,3,1,1,3
4,11,5,31,0.1,1,2,1,1,1,249.22,1,9,3,3,3,3,1,1,3,2,2
4,11,5,32,0.2,1,3,1,1,1,238.41,1,19,3,3,3,3,14,1,1,3,3
4,11,5,33,0.05,1,3,1,1,1,309.16,0,4,1,3,1,3,3,1,1,3,3
4,11,5,34,0.2,1,3,1,1,1,213.75,1,5,3,1,3,1,6,1,3,3,1
4,11,5,35,0.1,2,1,2,2,1,294.06,1,18,1,1,2,2,14,1,3,1,3
4,11,5,36,0.4,3,2,2,2,1,234.9,1,17,3,3,1,1,15,1,3,2,2
4,11,5,37,1.8,2,3,2,2,1,209.89,1,6,3,3,2,2,19,1,3,3,1
4,11,5,38,0.1,3,2,2,2,1,307.37,0,10,3,1,1,3,8,1,1,2,2
4,11,5,39,0.2,2,3,2,2,1,229.21,1,11,1,3,2,2,10,1,3,3,1
4,11,5,40,0.8,2,1,2,2,1,215.97,1,19,3,1,2,2,6,3,3,3,3
4,11,5,41,0.1,2,3,2,2,1,440.06,0,15,3,1,2,2,5,1,3,3,1
4,11,5,42,0.2,1,3,1,1,1,225.43,1,6,3,1,3,1,14,1,1,3,3
4,11,5,43,0.4,1,2,1,2,0,219.48,1,2,1,1,1,1,2,3,1,2,2
4,11,5,44,0.2,3,2,2,2,1,224.48,1,5,3,1,1,3,4,3,1,2,2
4,11,5,45,0.2,1,1,1,1,1,222.42,1,14,3,3,3,3,2,3,1,3,1
4,11,5,46,0.1,1,1,1,1,1,238.74,1,9,3,1,3,1,20,1,1,1,1
4,11,5,47,0.2,1,2,1,1,1,202.3,1,11,1,1,1,1,15,1,1,2,2
4,11,5,48,1.8,2,2,2,2,1,222.81,1,13,3,3,2,2,7,3,1,2,2
4,11,5,49,0.05,1,1,1,1,1,259.86,1,10,3,1,3,1,18,3,3,3,3
4,11,5,50,0.4,1,3,1,1,1,244.66,1,19,3,1,3,1,11,3,1,1,3
4,11,5,51,0.8,1,3,1,1,1,212.23,1,8,3,1,3,1,14,3,3,1,1
4,11,5,52,0.1,1,3,1,1,1,221.07,1,20,3,3,3,3,14,1,3,3,1
4,11,5,53,0.1,1,1,1,1,1,246.98,1,9,3,3,3,3,3,1,1,1,1
4,11,5,54,1.8,1,1,1,1,1,381.3,0,1,3,3,3,3,20,1,3,1,3
4,11,5,55,0.4,3,3,2,2,1,225.56,1,10,3,1,1,3,20,1,1,3,3
4,11,5,56,0.1,2,3,2,1,0,301.13,0,6,1,1,2,2,19,1,3,3,1
4,11,5,57,0.4,1,2,1,1,1,217.44,1,5,3,3,3,3,13,1,1,2,2
4,11,5,58,0.8,1,3,1,1,1,229.11,1,12,3,1,3,1,19,3,1,1,3
4,11,5,59,1.8,1,2,1,1,1,206.8,1,14,1,1,1,1,9,3,3,2,2
4,11,5,60,0.8,2,3,2,1,0,256.44,1,3,3,1,2,2,15,3,1,1,3
4,11,5,61,1.8,2,2,NaN,NaN,NaN,NaN,NaN,18,1,1,2,2,1,3,1,2,2
4,11,5,62,0.1,3,2,2,2,1,308.43,0,1,3,3,1,1,18,3,3,2,2
4,11,5,63,0.4,3,1,2,2,1,219.35,1,12,1,3,3,1,3,3,1,3,1
4,11,5,64,0.2,3,3,2,1,0,259.98,1,12,1,1,3,3,2,3,1,1,3
4,11,5,65,0.4,1,1,1,1,1,243.24,1,16,3,1,3,1,7,1,1,1,1
4,11,5,66,0.8,1,3,1,1,1,217.42,1,2,3,1,3,1,15,3,3,1,1
4,11,5,67,0.1,1,2,1,1,1,232.71,1,17,1,1,1,1,20,3,1,2,2
4,11,5,68,0.05,1,1,1,1,1,264.71,1,1,3,3,3,3,15,3,3,3,3
4,11,5,69,0.4,2,3,2,2,1,230.65,1,12,3,3,2,2,12,1,3,3,1
4,11,5,70,0.8,3,3,2,2,1,237.73,1,6,1,3,3,1,15,1,1,3,3
4,11,5,71,0.2,2,2,2,1,0,218.71,1,3,3,1,2,2,15,1,1,2,2
4,11,5,72,0.2,2,2,2,2,1,209.5,1,19,1,1,2,2,9,1,1,2,2
4,11,5,73,0.05,3,3,2,2,1,277.6,1,19,3,1,1,3,3,1,3,3,1
4,11,5,74,0.4,1,3,1,1,1,210.83,1,12,3,3,3,3,20,1,3,3,1
4,11,5,75,0.2,2,3,2,2,1,256.97,1,11,1,3,2,2,11,1,1,3,3
4,11,5,76,0.2,1,1,1,1,1,227.88,1,19,1,1,1,1,17,3,3,3,3
4,11,5,77,0.8,3,3,2,2,1,218.91,1,3,1,1,3,3,3,3,1,1,3
4,11,5,78,1.8,1,3,1,1,1,258.63,1,1,1,1,1,1,10,3,1,1,3
4,11,6,1,0.2,2,2,2,2,1,271.19,1,17,3,3,2,2,12,3,1,2,2
4,11,6,2,0.1,1,2,1,1,1,224.61,1,6,3,1,3,1,3,3,3,2,2
4,11,6,3,0.8,3,2,2,2,1,227.73,1,5,1,1,3,3,13,1,3,2,2
4,11,6,4,0.4,2,1,2,2,1,224.06,1,6,3,3,2,2,7,3,3,3,3
4,11,6,5,0.1,1,3,1,1,1,251.76,1,15,3,1,3,1,3,1,3,3,1
4,11,6,6,0.8,1,2,1,1,1,243.49,1,14,3,3,3,3,3,1,3,2,2
4,11,6,7,0.1,2,1,2,1,0,271.27,1,8,1,3,2,2,7,3,1,3,1
4,11,6,8,0.8,1,2,NaN,NaN,NaN,NaN,NaN,18,3,3,3,3,19,1,1,2,2
4,11,6,9,0.8,3,2,2,2,1,226.93,1,20,1,3,3,1,10,3,3,2,2
4,11,6,10,0.1,1,1,1,1,1,273.98,1,2,3,1,3,1,17,1,3,1,3
4,11,6,11,0.05,1,2,1,1,1,260.89,1,9,3,3,3,3,16,3,1,2,2
4,11,6,12,0.4,2,2,2,2,1,243.87,1,18,1,1,2,2,9,3,1,2,2
4,11,6,13,0.4,2,1,2,2,1,236.53,1,8,3,3,2,2,9,3,1,3,1
4,11,6,14,0.1,1,2,1,1,1,273.37,1,9,1,3,1,3,7,3,3,2,2
4,11,6,15,0.05,3,2,2,2,1,315.09,0,1,3,1,1,3,8,1,1,2,2
4,11,6,16,1.8,2,2,2,2,1,222.13,1,8,1,3,2,2,5,3,1,2,2
4,11,6,17,0.2,1,2,1,1,1,264.06,1,20,3,3,3,3,15,1,1,2,2
4,11,6,18,0.2,1,2,1,1,1,214.01,1,9,1,3,1,3,17,3,1,2,2
4,11,6,19,0.2,3,1,2,2,1,252.99,1,6,1,3,3,1,5,1,3,1,3
4,11,6,20,1.8,1,1,1,1,1,198.8,1,4,3,3,3,3,13,3,3,3,3
4,11,6,21,0.4,1,2,1,1,1,291.09,1,18,1,3,1,3,8,1,1,2,2
4,11,6,22,0.1,3,3,2,2,1,688.93,0,11,1,1,3,3,3,1,1,3,3
4,11,6,23,1.8,2,1,2,2,1,187.38,1,9,1,3,2,2,1,3,1,3,1
4,11,6,24,1.8,3,1,2,2,1,218.86,1,2,1,1,3,3,6,1,3,1,3
4,11,6,25,0.8,2,1,2,2,1,209.74,1,15,1,1,2,2,15,3,3,3,3
4,11,6,26,0.2,1,3,1,1,1,236.99,1,16,3,1,3,1,18,3,3,1,1
4,11,6,27,0.2,2,3,2,2,1,255.8,1,8,3,3,2,2,16,1,1,3,3
4,11,6,28,0.1,1,2,1,1,1,271.21,1,15,3,3,3,3,10,1,1,2,2
4,11,6,29,0.8,1,1,1,1,1,228.42,1,9,1,1,1,1,7,3,3,3,3
4,11,6,30,0.8,2,1,2,2,1,255.63,1,5,1,1,2,2,7,1,1,1,1
4,11,6,31,1.8,1,2,1,1,1,242.9,1,4,3,3,3,3,16,3,1,2,2
4,11,6,32,1.8,1,3,1,1,1,237.27,1,15,3,3,3,3,8,1,3,3,1
4,11,6,33,0.8,2,3,2,2,1,244.6,1,10,1,1,2,2,3,1,3,3,1
4,11,6,34,0.4,1,3,1,1,1,284.01,1,6,3,1,3,1,11,1,1,3,3
4,11,6,35,1.8,1,2,1,1,1,264.9,1,12,1,3,1,3,6,1,3,2,2
4,11,6,36,0.2,2,2,2,2,1,270.87,1,15,3,3,2,2,20,1,1,2,2
4,11,6,37,0.4,3,3,2,2,1,200.85,1,19,1,3,3,1,3,1,1,3,3
4,11,6,38,1.8,1,3,1,1,1,242.35,1,9,3,1,3,1,9,1,3,3,1
4,11,6,39,0.05,2,2,2,1,0,333.16,0,5,3,3,2,2,4,3,3,2,2
4,11,6,40,0.2,1,1,1,1,1,283.12,1,19,1,1,1,1,6,1,1,1,1
4,11,6,41,0.2,3,1,2,2,1,194.16,1,11,3,3,1,1,10,3,3,3,3
4,11,6,42,0.05,1,3,1,1,1,319.93,0,12,3,1,3,1,5,3,1,1,3
4,11,6,43,0.8,1,1,1,1,1,259.33,1,4,3,1,3,1,14,3,1,3,1
4,11,6,44,1.8,1,1,1,1,1,258.86,1,10,1,3,1,3,14,1,3,1,3
4,11,6,45,0.2,3,3,2,2,1,249.8,1,17,1,3,3,1,18,3,1,1,3
4,11,6,46,0.1,2,1,2,2,1,300.62,0,8,3,1,2,2,19,1,3,1,3
4,11,6,47,1.8,3,2,2,2,1,234.34,1,4,3,1,1,3,5,1,3,2,2
4,11,6,48,0.8,2,2,2,2,1,242.25,1,13,3,1,2,2,18,3,1,2,2
4,11,6,49,0.4,2,2,2,2,1,221.02,1,3,1,1,2,2,4,1,1,2,2
4,11,6,50,0.05,1,3,1,1,1,259.62,1,14,1,3,1,3,4,3,3,1,1
4,11,6,51,0.05,1,2,1,1,1,269.84,1,7,3,1,3,1,19,1,3,2,2
4,11,6,52,0.2,2,3,2,2,1,233.4,1,9,1,1,2,2,7,3,1,1,3
4,11,6,53,0.05,1,2,1,1,1,444.79,0,16,3,1,3,1,4,1,1,2,2
4,11,6,54,1.8,2,3,2,2,1,203.06,1,15,3,3,2,2,9,3,3,1,1
4,11,6,55,0.1,3,1,2,2,1,277.82,1,13,1,3,3,1,1,1,3,1,3
4,11,6,56,0.1,1,1,1,1,1,237.89,1,18,3,1,3,1,7,1,1,1,1
4,11,6,57,0.8,3,2,2,2,1,226.88,1,17,3,1,1,3,19,3,1,2,2
4,11,6,58,0.4,1,3,1,1,1,453.07,0,14,3,3,3,3,12,3,1,1,3
4,11,6,59,0.4,2,3,2,2,1,234,1,9,1,1,2,2,12,3,3,1,1
4,11,6,60,0.1,3,3,2,2,1,239.41,1,9,3,1,1,3,1,1,1,3,3
4,11,6,61,0.8,3,3,2,2,1,242.57,1,11,3,3,1,1,20,3,1,1,3
4,11,6,62,0.2,1,2,1,1,1,252.47,1,14,1,1,1,1,2,3,3,2,2
4,11,6,63,0.8,1,3,1,1,1,262.75,1,13,1,1,1,1,20,3,3,1,1
4,11,6,64,0.4,3,1,2,2,1,228.08,1,12,1,1,3,3,8,3,3,3,3
4,11,6,65,0.1,3,2,2,2,1,233.17,1,11,1,1,3,3,14,3,1,2,2
4,11,6,66,0.05,1,2,1,1,1,261.76,1,12,1,3,1,3,6,3,1,2,2
4,11,6,67,0.05,3,1,2,2,1,334.32,0,4,1,3,3,1,7,1,3,1,3
4,11,6,68,0.1,2,1,2,2,1,254.31,1,11,1,3,2,2,6,3,1,3,1
4,11,6,69,0.05,2,3,2,2,1,296.49,1,10,1,3,2,2,5,1,1,3,3
4,11,6,70,0.05,3,1,2,2,1,270.74,1,13,3,3,1,1,19,3,1,3,1
4,11,6,71,0.4,2,3,2,2,1,230.67,1,12,3,1,2,2,12,1,1,3,3
4,11,6,72,0.05,2,3,2,2,1,277.96,1,16,3,1,2,2,18,1,1,3,3
4,11,6,73,0.2,3,1,2,2,1,213.6,1,9,3,3,1,1,19,3,1,3,1
4,11,6,74,0.4,1,2,1,1,1,223.54,1,16,1,1,1,1,7,3,3,2,2
4,11,6,75,1.8,1,1,1,1,1,229.63,1,14,1,3,1,3,11,3,3,3,3
4,11,6,76,1.8,1,1,1,1,1,242.73,1,11,3,1,3,1,20,1,1,1,1
4,11,6,77,0.4,1,2,1,1,1,210.22,1,16,3,1,3,1,3,3,3,2,2
4,11,6,78,0.05,3,2,2,2,1,283.76,1,8,3,3,1,1,18,3,3,2,2
4,11,7,1,0.05,1,2,1,1,1,283.37,1,16,3,3,3,3,11,1,3,2,2
4,11,7,2,1.8,2,3,2,2,1,229.66,1,8,3,3,2,2,13,1,3,3,1
4,11,7,3,1.8,1,2,1,1,1,226.74,1,1,3,1,3,1,6,1,1,2,2
4,11,7,4,0.4,1,3,1,1,1,220.93,1,18,3,1,3,1,20,1,3,3,1
4,11,7,5,0.05,3,3,2,2,1,216.9,1,8,3,3,1,1,19,1,1,3,3
4,11,7,6,0.8,1,3,1,1,1,243.97,1,16,1,3,1,3,9,1,1,3,3
4,11,7,7,0.2,1,2,1,1,1,223.82,1,6,1,3,1,3,18,3,1,2,2
4,11,7,8,0.8,1,1,1,1,1,248.23,1,4,1,3,1,3,18,1,1,1,1
4,11,7,9,1.8,2,2,2,2,1,208.26,1,14,3,1,2,2,12,3,3,2,2
4,11,7,10,0.8,3,3,2,2,1,251.16,1,6,1,3,3,1,18,1,1,3,3
4,11,7,11,0.2,2,3,2,1,0,266.54,1,1,1,1,2,2,17,3,1,1,3
4,11,7,12,0.1,1,2,1,2,0,268.72,1,4,3,3,3,3,15,1,3,2,2
4,11,7,13,0.4,1,1,1,1,1,232.02,1,17,1,3,1,3,3,1,1,1,1
4,11,7,14,0.8,1,3,1,1,1,213.17,1,14,1,3,1,3,4,3,3,1,1
4,11,7,15,0.05,1,2,1,1,1,232.88,1,10,1,1,1,1,17,3,3,2,2
4,11,7,16,0.1,3,1,2,2,1,244.72,1,17,3,1,1,3,6,3,3,3,3
4,11,7,17,0.2,1,3,1,1,1,207.07,1,15,3,1,3,1,12,1,3,3,1
4,11,7,18,0.1,1,3,1,1,1,214.76,1,2,3,3,3,3,17,1,1,3,3
4,11,7,19,1.8,3,3,2,2,1,199.59,1,16,1,1,3,3,7,3,1,1,3
4,11,7,20,0.4,3,2,2,2,1,213.23,1,11,1,1,3,3,17,3,1,2,2
4,11,7,21,0.4,3,1,2,2,1,230.48,1,15,1,1,3,3,18,1,3,1,3
4,11,7,22,0.2,1,2,1,1,1,242.1,1,13,3,1,3,1,16,1,1,2,2
4,11,7,23,1.8,1,1,NaN,NaN,NaN,NaN,NaN,5,1,1,1,1,2,3,3,3,3
4,11,7,24,0.2,3,1,2,2,1,244.8,1,6,1,1,3,3,19,3,3,3,3
4,11,7,25,0.05,2,2,2,1,0,295.53,1,5,1,3,2,2,9,3,3,2,2
4,11,7,26,0.4,1,2,1,1,1,256.75,1,19,3,1,3,1,4,1,3,2,2
4,11,7,27,0.2,3,2,2,2,1,168.56,1,2,1,3,3,1,15,3,3,2,2
4,11,7,28,0.4,1,1,1,1,1,226.79,1,15,3,3,3,3,2,1,3,1,3
4,11,7,29,0.8,1,2,1,1,1,242.83,1,16,1,3,1,3,14,3,3,2,2
4,11,7,30,1.8,1,2,1,1,1,222.59,1,10,3,1,3,1,3,1,1,2,2
4,11,7,31,0.2,3,1,2,2,1,198.24,1,4,1,3,3,1,12,1,3,1,3
4,11,7,32,0.1,1,2,1,1,1,272.93,1,8,3,3,3,3,19,1,3,2,2
4,11,7,33,0.4,1,1,1,1,1,421.99,0,16,3,3,3,3,2,1,3,1,3
4,11,7,34,0.05,2,1,2,1,0,296.5,1,12,1,3,2,2,2,1,3,1,3
4,11,7,35,0.4,1,1,1,1,1,232.91,1,5,3,3,3,3,9,3,3,3,3
4,11,7,36,0.05,3,1,2,2,1,275.86,1,11,1,3,3,1,15,3,3,3,3
4,11,7,37,0.4,1,1,1,1,1,11.731,2,7,1,1,1,1,14,1,1,1,1
4,11,7,38,0.8,2,2,2,2,1,160.22,1,13,1,3,2,2,12,1,1,2,2
4,11,7,39,0.2,2,3,2,2,1,200.15,1,12,3,3,2,2,6,1,3,3,1
4,11,7,40,0.2,1,2,1,1,1,219.03,1,9,3,3,3,3,9,3,1,2,2
4,11,7,41,0.1,1,2,1,1,1,292.76,1,19,1,3,1,3,4,3,3,2,2
4,11,7,42,1.8,1,3,NaN,NaN,NaN,NaN,NaN,5,3,1,3,1,1,1,1,3,3
4,11,7,43,0.4,2,1,2,1,0,236.22,1,4,3,3,2,2,12,1,3,1,3
4,11,7,44,0.1,2,2,2,2,1,283.75,1,12,1,3,2,2,10,3,1,2,2
4,11,7,45,0.1,2,1,2,2,1,266.99,1,8,3,3,2,2,6,3,1,3,1
4,11,7,46,0.4,1,1,1,1,1,209.21,1,14,3,1,3,1,12,3,1,3,1
4,11,7,47,0.1,1,1,1,1,1,231.69,1,18,1,3,1,3,16,1,3,1,3
4,11,7,48,1.8,2,1,2,2,1,215.47,1,16,1,1,2,2,10,1,1,1,1
4,11,7,49,1.8,1,3,1,1,1,223.4,1,12,3,3,3,3,7,3,3,1,1
4,11,7,50,0.2,2,2,2,1,0,242.3,1,8,1,3,2,2,1,1,3,2,2
4,11,7,51,0.05,2,1,2,1,0,281.19,1,10,1,3,2,2,5,3,1,3,1
4,11,7,52,0.05,1,3,1,1,1,274.84,1,17,3,1,3,1,4,1,3,3,1
4,11,7,53,0.1,1,2,1,1,1,255.04,1,7,1,1,1,1,18,3,3,2,2
4,11,7,54,1.8,3,1,2,2,1,219.85,1,11,3,3,1,1,20,1,3,1,3
4,11,7,55,0.05,2,3,2,1,0,264.71,1,13,1,3,2,2,11,3,3,1,1
4,11,7,56,0.8,2,3,2,2,1,233.62,1,7,3,1,2,2,2,3,3,1,1
4,11,7,57,0.4,1,1,1,1,1,249.52,1,9,1,3,1,3,17,1,1,1,1
4,11,7,58,1.8,1,2,1,1,1,231.35,1,2,1,1,1,1,18,1,3,2,2
4,11,7,59,0.1,3,1,2,2,1,330.49,0,5,3,3,1,1,5,1,3,1,3
4,11,7,60,0.4,1,1,1,1,1,223.91,1,12,3,1,3,1,10,1,1,1,1
4,11,7,61,0.1,1,2,1,1,1,277.01,1,6,1,3,1,3,9,1,3,2,2
4,11,7,62,0.1,3,3,2,2,1,272.51,1,5,1,1,3,3,10,1,3,3,1
4,11,7,63,0.8,2,3,2,2,1,212.15,1,5,1,1,2,2,14,3,1,1,3
4,11,7,64,0.05,1,3,1,1,1,292.81,1,7,3,3,3,3,7,3,1,1,3
4,11,7,65,0.2,2,3,2,1,0,274.51,1,9,1,3,2,2,19,3,1,1,3
4,11,7,66,0.2,3,2,2,2,1,241.94,1,15,1,3,3,1,9,3,1,2,2
4,11,7,67,1.8,2,1,2,1,0,239.42,1,11,1,1,2,2,2,1,1,1,1
4,11,7,68,0.05,3,2,2,2,1,304.72,0,3,3,3,1,1,11,3,1,2,2
4,11,7,69,0.8,3,2,2,2,1,234.82,1,19,1,1,3,3,1,3,1,2,2
4,11,7,70,0.8,3,3,2,2,1,203.07,1,14,3,1,1,3,5,1,1,3,3
4,11,7,71,0.05,1,1,1,1,1,278.5,1,11,1,1,1,1,2,3,3,3,3
4,11,7,72,0.8,1,2,1,1,1,216.49,1,2,1,3,1,3,12,3,3,2,2
4,11,7,73,0.05,3,3,2,1,0,259.76,1,10,3,3,1,1,8,3,1,1,3
4,11,7,74,0.1,1,3,1,1,1,227.17,1,7,3,1,3,1,16,1,1,3,3
4,11,7,75,1.8,2,1,2,2,1,214.95,1,8,1,1,2,2,6,1,3,1,3
4,11,7,76,0.8,1,3,1,1,1,217.53,1,20,1,3,1,3,9,3,1,1,3
4,11,7,77,0.8,1,2,1,1,1,224.37,1,8,1,1,1,1,14,3,3,2,2
4,11,7,78,0.2,1,3,1,1,1,260.61,1,20,3,1,3,1,2,1,3,3,1
4,11,8,1,0.1,3,2,2,1,0,284.73,1,20,3,1,1,3,9,3,3,2,2
4,11,8,2,0.2,2,3,2,2,1,277.83,1,19,1,1,2,2,1,3,1,1,3
4,11,8,3,1.8,1,3,1,1,1,199.75,1,20,1,3,1,3,2,1,3,3,1
4,11,8,4,0.1,1,1,1,1,1,236.43,1,7,1,3,1,3,14,1,3,1,3
4,11,8,5,0.4,3,3,2,2,1,226.89,1,10,3,3,1,1,6,1,1,3,3
4,11,8,6,0.1,2,1,2,2,1,312.69,0,16,1,3,2,2,6,3,3,3,3
4,11,8,7,0.4,2,3,2,1,0,218.51,1,11,3,1,2,2,8,1,1,3,3
4,11,8,8,0.8,3,1,2,2,1,198.89,1,1,3,3,1,1,4,1,1,1,1
4,11,8,9,1.8,3,1,2,2,1,198.37,1,19,3,3,1,1,19,1,1,1,1
4,11,8,10,0.2,1,3,1,1,1,268.4,1,5,1,3,1,3,1,1,3,3,1
4,11,8,11,0.1,3,2,2,2,1,262.14,1,7,3,1,1,3,8,3,1,2,2
4,11,8,12,0.8,1,1,1,1,1,226.35,1,2,1,3,1,3,5,3,1,3,1
4,11,8,13,0.05,1,3,1,1,1,306.65,0,4,3,1,3,1,19,3,1,1,3
4,11,8,14,0.8,1,2,1,1,1,217.78,1,5,3,3,3,3,13,1,1,2,2
4,11,8,15,0.4,1,1,1,1,1,255.43,1,16,1,1,1,1,3,1,1,1,1
4,11,8,16,0.1,1,1,1,1,1,254.83,1,20,3,1,3,1,2,3,3,3,3
4,11,8,17,0.05,3,1,2,2,1,274.22,1,2,1,1,3,3,17,1,3,1,3
4,11,8,18,0.8,1,2,1,1,1,239.08,1,7,1,3,1,3,14,1,1,2,2
4,11,8,19,0.2,1,3,1,1,1,85.224,2,6,3,3,3,3,3,3,1,1,3
4,11,8,20,1.8,2,1,2,2,1,230.26,1,3,3,1,2,2,7,1,3,1,3
4,11,8,21,0.1,1,1,1,1,1,216.99,1,17,1,1,1,1,14,1,3,1,3
4,11,8,22,1.8,1,3,1,1,1,223.07,1,7,3,1,3,1,17,1,1,3,3
4,11,8,23,0.05,2,2,2,2,1,375.51,0,17,3,3,2,2,16,1,1,2,2
4,11,8,24,0.8,1,2,1,1,1,206.04,1,14,1,1,1,1,7,1,1,2,2
4,11,8,25,0.8,1,1,NaN,NaN,NaN,NaN,NaN,16,3,1,3,1,7,3,1,3,1
4,11,8,26,0.4,1,1,1,1,1,234.05,1,18,1,3,1,3,8,3,3,3,3
4,11,8,27,0.05,3,2,2,2,1,302.04,0,4,1,1,3,3,12,1,1,2,2
4,11,8,28,0.1,1,2,1,1,1,248.96,1,11,1,1,1,1,3,3,3,2,2
4,11,8,29,0.2,1,3,1,1,1,209.13,1,19,1,1,1,1,6,3,1,1,3
4,11,8,30,1.8,1,2,1,1,1,222.78,1,15,3,3,3,3,18,3,1,2,2
4,11,8,31,0.4,1,3,1,1,1,213.4,1,18,3,1,3,1,19,3,1,1,3
4,11,8,32,1.8,1,2,1,2,0,208,1,8,3,3,3,3,16,1,3,2,2
4,11,8,33,0.4,1,2,1,1,1,218.29,1,12,3,1,3,1,16,3,3,2,2
4,11,8,34,0.05,1,1,1,1,1,254.74,1,12,1,3,1,3,15,3,3,3,3
4,11,8,35,0.2,1,2,1,1,1,226.28,1,18,3,1,3,1,12,3,1,2,2
4,11,8,36,0.2,3,2,2,2,1,205.16,1,7,3,1,1,3,1,1,1,2,2
4,11,8,37,0.4,2,2,2,2,1,230.9,1,1,1,3,2,2,14,1,3,2,2
4,11,8,38,0.4,1,2,1,1,1,288.08,1,2,3,1,3,1,1,1,1,2,2
4,11,8,39,0.8,1,1,1,1,1,216.28,1,13,3,1,3,1,20,3,3,3,3
4,11,8,40,0.4,3,1,2,2,1,212.45,1,20,1,3,3,1,16,1,3,1,3
4,11,8,41,0.05,1,1,1,1,1,277.96,1,13,3,1,3,1,9,3,3,3,3
4,11,8,42,1.8,1,3,1,1,1,201.89,1,18,1,3,1,3,14,3,3,1,1
4,11,8,43,0.8,2,3,2,2,1,229.52,1,18,3,3,2,2,6,1,1,3,3
4,11,8,44,0.2,1,3,1,1,1,231.37,1,16,3,3,3,3,18,3,1,1,3
4,11,8,45,1.8,1,3,1,1,1,219.93,1,5,1,3,1,3,15,3,1,1,3
4,11,8,46,0.2,1,2,1,1,1,222.44,1,3,1,1,1,1,17,1,1,2,2
4,11,8,47,0.05,1,3,1,1,1,237.7,1,17,3,3,3,3,16,3,3,1,1
4,11,8,48,1.8,2,3,2,2,1,229.17,1,18,3,1,2,2,11,3,1,1,3
4,11,8,49,0.2,1,2,1,2,0,229.81,1,15,3,1,3,1,3,1,3,2,2
4,11,8,50,0.4,1,2,1,1,1,221.99,1,16,1,3,1,3,19,3,3,2,2
4,11,8,51,0.8,1,3,1,1,1,256.56,1,3,3,1,3,1,5,1,3,3,1
4,11,8,52,0.4,3,3,2,2,1,212.26,1,17,1,1,3,3,19,3,1,1,3
4,11,8,53,0.8,1,3,NaN,NaN,NaN,NaN,NaN,4,1,3,1,3,2,3,3,1,1
4,11,8,54,0.4,1,3,1,1,1,220.68,1,13,1,1,1,1,3,1,3,3,1
4,11,8,55,1.8,2,3,2,1,0,214.39,1,18,1,3,2,2,15,1,3,3,1
4,11,8,56,1.8,2,3,2,2,1,196.62,1,2,1,3,2,2,19,1,1,3,3
4,11,8,57,0.05,2,1,2,1,0,265.35,1,3,3,1,2,2,13,3,3,3,3
4,11,8,58,0.05,1,1,1,1,1,237.67,1,14,3,3,3,3,8,1,1,1,1
4,11,8,59,0.8,1,2,1,1,1,218.41,1,13,3,1,3,1,14,1,1,2,2
4,11,8,60,0.05,3,3,2,2,1,251.1,1,15,1,3,3,1,16,1,3,3,1
4,11,8,61,0.1,3,2,2,2,1,277.27,1,3,1,3,3,1,17,3,1,2,2
4,11,8,62,1.8,1,3,1,1,1,220.07,1,10,3,1,3,1,19,3,3,1,1
4,11,8,63,0.1,2,1,2,1,0,250.23,1,9,1,3,2,2,6,1,1,1,1
4,11,8,64,0.2,3,2,2,2,1,273.23,1,10,3,3,1,1,17,3,1,2,2
4,11,8,65,0.8,1,3,1,1,1,214.5,1,9,1,3,1,3,3,1,1,3,3
4,11,8,66,0.4,1,2,1,2,0,226.95,1,4,1,3,1,3,1,1,1,2,2
4,11,8,67,0.05,1,2,1,2,0,268.6,1,7,3,1,3,1,6,1,1,2,2
4,11,8,68,0.05,1,2,1,1,1,264.33,1,14,3,1,3,1,11,3,1,2,2
4,11,8,69,1.8,2,1,2,2,1,18.943,2,1,3,1,2,2,15,3,1,3,1
4,11,8,70,0.1,1,1,1,1,1,234.39,1,4,1,3,1,3,5,1,3,1,3
4,11,8,71,0.1,2,1,2,1,0,235.92,1,10,3,1,2,2,8,3,3,3,3
4,11,8,72,0.2,3,1,2,2,1,257.83,1,17,3,3,1,1,10,1,1,1,1
4,11,8,73,0.05,1,2,1,1,1,243.11,1,8,3,3,3,3,4,1,1,2,2
4,11,8,74,0.8,2,2,2,1,0,240.63,1,8,1,3,2,2,8,1,3,2,2
4,11,8,75,0.2,2,1,2,2,1,229.55,1,14,1,3,2,2,9,1,3,1,3
4,11,8,76,0.2,2,3,2,2,1,259.62,1,14,3,1,2,2,10,3,1,1,3
4,11,8,77,0.1,1,1,1,1,1,225.5,1,18,1,1,1,1,12,1,3,1,3
4,11,8,78,0.1,1,2,1,1,1,223.31,1,15,3,1,3,1,9,3,1,2,2
4,11,9,1,0.8,2,1,2,1,0,237,1,20,1,3,2,2,13,3,3,3,3
4,11,9,2,0.2,1,2,1,1,1,222.13,1,19,1,1,1,1,5,1,3,2,2
4,11,9,3,1.8,1,3,1,1,1,231.98,1,19,1,1,1,1,9,1,1,3,3
4,11,9,4,0.4,3,3,2,2,1,215.91,1,13,3,1,1,3,13,3,3,1,1
4,11,9,5,0.1,2,1,2,1,0,246.77,1,18,3,3,2,2,6,3,3,3,3
4,11,9,6,0.8,2,3,2,2,1,212.28,1,1,1,1,2,2,6,3,3,1,1
4,11,9,7,0.4,2,3,2,2,1,249.84,1,5,3,1,2,2,3,1,3,3,1
4,11,9,8,1.8,1,2,1,1,1,219.84,1,9,3,3,3,3,13,3,1,2,2
4,11,9,9,0.1,2,2,2,1,0,249.14,1,12,1,1,2,2,17,1,3,2,2
4,11,9,10,0.2,2,2,2,2,1,226.61,1,10,3,1,2,2,12,1,3,2,2
4,11,9,11,0.4,1,1,1,1,1,426.61,0,20,3,1,3,1,1,1,1,1,1
4,11,9,12,1.8,3,2,2,2,1,193.32,1,1,1,1,3,3,8,3,3,2,2
4,11,9,13,0.2,1,2,1,1,1,174.02,1,12,1,1,1,1,16,1,1,2,2
4,11,9,14,0.1,1,2,1,1,1,246.83,1,17,3,3,3,3,14,1,3,2,2
4,11,9,15,0.4,1,3,1,1,1,247.92,1,10,1,3,1,3,3,3,1,1,3
4,11,9,16,1.8,1,3,1,1,1,125.12,1,3,1,3,1,3,9,3,3,1,1
4,11,9,17,0.2,3,2,2,2,1,208.91,1,1,1,1,3,3,11,3,3,2,2
4,11,9,18,0.8,3,1,2,2,1,208.53,1,13,3,3,1,1,4,3,3,3,3
4,11,9,19,0.1,3,1,2,2,1,262.02,1,15,1,3,3,1,12,3,1,3,1
4,11,9,20,0.1,3,2,2,1,0,261.1,1,20,3,1,1,3,18,1,3,2,2
4,11,9,21,0.05,1,2,1,1,1,258.09,1,5,1,1,1,1,7,1,1,2,2
4,11,9,22,1.8,1,3,1,1,1,216.37,1,17,3,1,3,1,12,1,3,3,1
4,11,9,23,0.2,1,2,1,1,1,354.93,0,20,3,3,3,3,12,1,3,2,2
4,11,9,24,0.4,1,3,1,1,1,219.15,1,18,3,1,3,1,13,3,3,1,1
4,11,9,25,0.2,3,2,2,2,1,210.22,1,18,1,3,3,1,4,3,1,2,2
4,11,9,26,0.8,3,3,NaN,NaN,NaN,NaN,NaN,20,3,1,1,3,8,3,3,1,1
4,11,9,27,0.4,1,2,1,1,1,227.38,1,13,1,3,1,3,3,3,3,2,2
4,11,9,28,0.8,1,3,1,1,1,243.86,1,12,1,3,1,3,18,1,3,3,1
4,11,9,29,0.8,2,2,2,1,0,237.61,1,2,1,1,2,2,4,3,3,2,2
4,11,9,30,0.4,1,1,1,1,1,226.48,1,13,3,3,3,3,13,3,1,3,1
4,11,9,31,0.1,1,2,1,1,1,241.03,1,4,1,1,1,1,19,3,1,2,2
4,11,9,32,1.8,3,1,NaN,NaN,NaN,NaN,NaN,19,3,3,1,1,9,1,1,1,1
4,11,9,33,0.4,1,1,1,1,1,243,1,17,3,1,3,1,8,1,3,1,3
4,11,9,34,1.8,1,2,1,1,1,203.3,1,18,1,1,1,1,9,3,3,2,2
4,11,9,35,0.1,2,1,2,2,1,213.84,1,1,1,3,2,2,14,3,1,3,1
4,11,9,36,0.05,3,2,2,2,1,276.17,1,5,1,3,3,1,20,1,1,2,2
4,11,9,37,0.05,1,3,1,1,1,279.77,1,13,1,3,1,3,5,1,1,3,3
4,11,9,38,0.4,1,3,1,1,1,189.23,1,17,3,3,3,3,20,3,1,1,3
4,11,9,39,0.1,1,1,1,1,1,242.4,1,19,1,3,1,3,20,1,1,1,1
4,11,9,40,1.8,1,2,NaN,NaN,NaN,NaN,NaN,9,1,1,1,1,1,1,3,2,2
4,11,9,41,0.2,1,3,1,1,1,240.94,1,12,1,3,1,3,18,3,1,1,3
4,11,9,42,0.1,1,3,1,1,1,243.08,1,5,1,3,1,3,6,1,3,3,1
4,11,9,43,0.05,1,2,1,1,1,265.83,1,20,3,1,3,1,17,1,3,2,2
4,11,9,44,0.05,2,1,2,1,0,267.45,1,3,1,1,2,2,9,1,1,1,1
4,11,9,45,1.8,2,3,2,2,1,218.25,1,18,1,3,2,2,15,1,3,3,1
4,11,9,46,0.05,3,2,2,2,1,303.18,0,16,1,3,3,1,20,1,3,2,2
4,11,9,47,0.1,1,2,1,1,1,245.31,1,6,1,1,1,1,16,1,3,2,2
4,11,9,48,1.8,1,1,1,1,1,221.19,1,7,3,3,3,3,8,1,3,1,3
4,11,9,49,0.2,2,3,2,2,1,220.17,1,3,1,1,2,2,8,1,1,3,3
4,11,9,50,0.05,2,2,2,1,0,236.55,1,11,1,1,2,2,4,3,1,2,2
4,11,9,51,0.05,3,3,2,1,0,290.17,1,12,1,3,3,1,4,3,3,1,1
4,11,9,52,0.4,3,3,2,2,1,238.58,1,6,3,1,1,3,2,3,1,1,3
4,11,9,53,0.8,1,3,1,1,1,225.52,1,8,3,1,3,1,7,1,1,3,3
4,11,9,54,0.8,3,1,2,2,1,228.69,1,18,3,3,1,1,18,3,1,3,1
4,11,9,55,0.1,1,2,1,2,0,251.17,1,15,1,1,1,1,11,3,1,2,2
4,11,9,56,0.05,3,1,2,1,0,263.85,1,18,1,3,3,1,3,1,1,1,1
4,11,9,57,0.2,3,2,2,2,1,220.15,1,13,3,3,1,1,1,1,3,2,2
4,11,9,58,0.4,1,3,1,1,1,187.59,1,20,3,3,3,3,7,3,3,1,1
4,11,9,59,0.2,3,2,2,2,1,217.45,1,15,1,1,3,3,17,3,1,2,2
4,11,9,60,1.8,1,3,1,1,1,369.17,0,5,1,3,1,3,15,3,1,1,3
4,11,9,61,0.4,2,2,2,2,1,206.15,1,18,3,3,2,2,15,3,3,2,2
4,11,9,62,0.05,3,2,2,1,0,276.81,1,15,3,3,1,1,20,3,1,2,2
4,11,9,63,0.2,2,2,2,2,1,238.35,1,1,1,3,2,2,15,3,3,2,2
4,11,9,64,0.8,2,1,2,2,1,217.13,1,4,3,1,2,2,10,3,3,3,3
4,11,9,65,0.8,1,1,1,1,1,343.83,0,3,3,1,3,1,5,1,1,1,1
4,11,9,66,0.2,2,3,2,1,0,255.84,1,17,3,1,2,2,2,3,3,1,1
4,11,9,67,0.1,2,1,2,1,0,241.1,1,18,1,1,2,2,17,3,3,3,3
4,11,9,68,0.05,1,3,1,1,1,258.34,1,18,1,3,1,3,8,1,1,3,3
4,11,9,69,1.8,2,1,2,2,1,207.38,1,18,3,1,2,2,5,3,1,3,1
4,11,9,70,0.8,3,3,2,2,1,226.58,1,2,3,1,1,3,15,1,3,3,1
4,11,9,71,0.05,1,2,1,1,1,259.25,1,17,1,3,1,3,17,1,1,2,2
4,11,9,72,0.4,2,3,2,1,0,270.1,1,19,3,1,2,2,18,3,1,1,3
4,11,9,73,0.1,2,3,2,2,1,388.46,0,17,1,3,2,2,18,3,1,1,3
4,11,9,74,0.8,1,1,1,1,1,227.93,1,4,3,3,3,3,2,1,1,1,1
4,11,9,75,0.8,1,2,1,1,1,226.93,1,18,1,3,1,3,11,3,3,2,2
4,11,9,76,0.2,1,3,1,1,1,249.6,1,14,3,3,3,3,7,3,3,1,1
4,11,9,77,0.05,1,3,1,1,1,261.85,1,4,3,3,3,3,4,1,1,3,3
4,11,9,78,1.8,3,2,2,2,1,193.29,1,20,3,1,1,3,1,3,1,2,2
4,11,10,1,0.2,3,1,2,2,1,236.05,1,2,1,1,3,3,8,1,1,1,1
4,11,10,2,0.2,1,1,1,1,1,258.09,1,20,1,1,1,1,2,3,1,3,1
4,11,10,3,0.8,1,1,1,1,1,197.72,1,19,3,1,3,1,13,3,3,3,3
4,11,10,4,1.8,1,2,1,1,1,169.47,1,1,1,1,1,1,14,3,3,2,2
4,11,10,5,0.2,2,3,2,2,1,232.22,1,3,3,1,2,2,20,1,1,3,3
4,11,10,6,0.05,1,3,1,1,1,239.71,1,16,3,3,3,3,3,3,3,1,1
4,11,10,7,0.1,1,3,1,1,1,244.41,1,12,1,3,1,3,16,1,3,3,1
4,11,10,8,1.8,1,3,1,1,1,225.71,1,10,1,3,1,3,13,1,1,3,3
4,11,10,9,0.2,1,1,1,1,1,262.16,1,7,3,3,3,3,10,3,1,3,1
4,11,10,10,1.8,2,2,2,1,0,223.74,1,4,3,1,2,2,12,3,3,2,2
4,11,10,11,0.8,2,1,2,2,1,259.18,1,11,1,1,2,2,3,3,3,3,3
4,11,10,12,0.05,1,3,1,1,1,293.12,1,3,1,3,1,3,4,1,1,3,3
4,11,10,13,0.8,1,1,1,1,1,221.55,1,20,1,1,1,1,18,3,1,3,1
4,11,10,14,0.1,2,2,2,1,0,318.12,0,15,1,1,2,2,8,3,1,2,2
4,11,10,15,0.2,2,3,2,2,1,254.03,1,19,3,3,2,2,4,1,3,3,1
4,11,10,16,0.05,1,2,1,1,1,269.48,1,1,1,3,1,3,4,1,1,2,2
4,11,10,17,0.4,3,1,2,2,1,221.5,1,20,3,1,1,3,11,1,3,1,3
4,11,10,18,1.8,1,3,1,1,1,212.05,1,16,1,1,1,1,15,1,1,3,3
4,11,10,19,0.2,2,2,2,1,0,254.08,1,20,3,1,2,2,19,1,3,2,2
4,11,10,20,0.1,2,1,2,2,1,352.56,0,6,1,3,2,2,18,3,1,3,1
4,11,10,21,1.8,3,3,2,2,1,217.86,1,13,3,3,1,1,20,1,3,3,1
4,11,10,22,0.4,2,2,2,2,1,250.52,1,6,1,1,2,2,8,3,3,2,2
4,11,10,23,0.2,2,3,2,2,1,218.57,1,6,3,3,2,2,17,1,3,3,1
4,11,10,24,0.8,2,3,2,1,0,250.77,1,12,1,1,2,2,12,1,3,3,1
4,11,10,25,0.4,3,3,2,2,1,251.74,1,16,3,3,1,1,7,3,1,1,3
4,11,10,26,0.2,1,1,1,1,1,455.61,0,18,1,1,1,1,8,3,1,3,1
4,11,10,27,0.4,1,3,1,1,1,189.73,1,18,1,1,1,1,8,3,1,1,3
4,11,10,28,1.8,2,3,2,2,1,209.47,1,19,3,3,2,2,2,1,1,3,3
4,11,10,29,1.8,1,2,1,1,1,227.18,1,20,3,1,3,1,19,1,3,2,2
4,11,10,30,0.05,3,1,2,2,1,318.52,0,7,1,1,3,3,9,1,3,1,3
4,11,10,31,1.8,1,2,1,1,1,231.09,1,5,1,1,1,1,1,1,1,2,2
4,11,10,32,0.1,1,2,1,1,1,234.95,1,13,3,3,3,3,11,3,1,2,2
4,11,10,33,0.2,2,2,2,1,0,273.9,1,17,3,3,2,2,7,1,1,2,2
4,11,10,34,0.4,1,3,1,1,1,223.22,1,6,3,1,3,1,18,1,3,3,1
4,11,10,35,0.05,2,3,2,1,0,312.24,0,15,3,3,2,2,16,1,3,3,1
4,11,10,36,0.05,1,3,1,1,1,296.22,1,17,3,3,3,3,18,1,1,3,3
4,11,10,37,0.4,2,3,2,2,1,210.49,1,5,1,1,2,2,18,3,1,1,3
4,11,10,38,0.4,3,1,2,2,1,218.36,1,12,1,1,3,3,10,3,1,3,1
4,11,10,39,1.8,3,1,2,2,1,224.29,1,12,3,3,1,1,6,3,1,3,1
4,11,10,40,0.1,2,3,2,2,1,259.9,1,15,1,3,2,2,10,1,1,3,3
4,11,10,41,0.05,3,2,2,2,1,285.31,1,17,1,3,3,1,13,1,3,2,2
4,11,10,42,1.8,1,3,1,1,1,264.43,1,3,3,1,3,1,10,1,3,3,1
4,11,10,43,0.4,1,1,1,1,1,216.82,1,2,1,1,1,1,11,3,3,3,3
4,11,10,44,0.1,1,1,1,1,1,281.57,1,14,3,3,3,3,15,1,1,1,1
4,11,10,45,0.8,1,3,1,1,1,225.14,1,5,3,3,3,3,7,3,3,1,1
4,11,10,46,0.4,1,2,1,1,1,195.78,1,12,1,3,1,3,1,1,1,2,2
4,11,10,47,0.1,3,3,2,2,1,237.5,1,19,1,1,3,3,1,3,3,1,1
4,11,10,48,0.1,2,2,2,2,1,263.79,1,14,3,1,2,2,6,1,1,2,2
4,11,10,49,0.1,1,3,1,1,1,328.9,0,1,3,1,3,1,13,3,1,1,3
4,11,10,50,0.4,3,3,2,2,1,210.53,1,19,1,1,3,3,1,1,1,3,3
4,11,10,51,0.2,1,1,1,1,1,171.96,1,10,1,3,1,3,19,3,1,3,1
4,11,10,52,0.8,1,1,1,1,1,210.05,1,11,3,3,3,3,11,1,1,1,1
4,11,10,53,0.05,2,2,2,2,1,297.89,1,15,3,3,2,2,10,3,1,2,2
4,11,10,54,0.1,3,2,2,2,1,258.93,1,8,3,1,1,3,12,1,1,2,2
4,11,10,55,1.8,1,1,1,1,1,197.17,1,17,1,3,1,3,2,3,3,3,3
4,11,10,56,0.1,1,2,1,1,1,186.05,1,12,1,3,1,3,9,1,1,2,2
4,11,10,57,0.2,3,1,2,2,1,228.98,1,8,3,1,1,3,15,1,1,1,1
4,11,10,58,0.4,3,1,2,2,1,233.88,1,4,1,3,3,1,1,1,3,1,3
4,11,10,59,0.8,2,3,2,2,1,263.97,1,4,1,1,2,2,20,1,3,3,1
4,11,10,60,0.1,2,3,2,2,1,281.87,1,19,1,1,2,2,5,3,1,1,3
4,11,10,61,0.2,1,2,1,1,1,137.24,1,4,3,1,3,1,8,1,1,2,2
4,11,10,62,1.8,2,1,NaN,NaN,NaN,NaN,NaN,4,1,3,2,2,20,1,1,1,1
4,11,10,63,0.2,1,1,1,1,1,248.59,1,11,3,1,3,1,12,1,3,1,3
4,11,10,64,0.8,1,1,1,2,0,218.05,1,6,3,1,3,1,2,1,3,1,3
4,11,10,65,0.8,1,3,1,1,1,250.88,1,5,1,3,1,3,11,3,3,1,1
4,11,10,66,0.1,3,3,2,2,1,243.58,1,9,1,1,3,3,7,3,1,1,3
4,11,10,67,0.05,3,1,2,2,1,283.11,1,5,1,1,3,3,10,1,3,1,3
4,11,10,68,0.05,1,3,1,1,1,231.15,1,12,3,1,3,1,18,1,1,3,3
4,11,10,69,0.05,3,3,2,2,1,290.17,1,11,1,1,3,3,3,1,3,3,1
4,11,10,70,0.05,2,1,2,1,0,273.93,1,4,3,1,2,2,17,1,3,1,3
4,11,10,71,0.4,1,1,1,1,1,229.74,1,4,1,3,1,3,4,3,1,3,1
4,11,10,72,0.4,1,2,1,1,1,274.15,1,6,3,3,3,3,12,1,1,2,2
4,11,10,73,0.05,2,2,2,2,1,289.37,1,19,3,3,2,2,16,3,1,2,2
4,11,10,74,0.8,3,2,2,2,1,237.16,1,17,1,1,3,3,12,1,1,2,2
4,11,10,75,0.8,2,1,2,2,1,200,1,8,3,3,2,2,5,1,3,1,3
4,11,10,76,1.8,3,3,2,2,1,218.6,1,20,1,1,3,3,5,3,3,1,1
4,11,10,77,0.8,3,3,2,2,1,234.45,1,2,3,1,1,3,10,3,3,1,1
4,11,10,78,0.8,1,2,1,1,1,221.25,1,13,1,1,1,1,13,3,1,2,2
