2,12,1,1,0.8,2,3,NaN,NaN,NaN,NaN,NaN,7,1,1,2,2,3,1,3,3,1
2,12,1,2,0.4,1,1,1,1,1,267.07,1,6,3,3,3,3,7,1,3,1,3
2,12,1,3,0.05,2,2,2,2,1,309.89,0,11,3,3,2,2,8,1,3,2,2
2,12,1,4,0.8,3,2,2,2,1,265.1,1,19,3,1,1,3,20,3,3,2,2
2,12,1,5,1.8,1,1,1,1,1,216.57,1,1,3,1,3,1,19,3,3,3,3
2,12,1,6,1.8,1,3,1,1,1,251.73,1,20,1,3,1,3,15,1,1,3,3
2,12,1,7,0.8,3,3,NaN,NaN,NaN,NaN,NaN,5,3,1,1,3,15,1,3,3,1
2,12,1,8,0.05,2,3,2,2,1,283.04,1,19,3,3,2,2,8,1,1,3,3
2,12,1,9,0.2,3,1,2,2,1,235.92,1,13,1,3,3,1,10,3,3,3,3
2,12,1,10,0.2,2,1,2,2,1,259.41,1,11,1,1,2,2,3,1,1,1,1
2,12,1,11,0.1,1,2,1,2,0,308.72,0,17,3,1,3,1,1,1,3,2,2
2,12,1,12,0.8,2,2,2,2,1,244.38,1,12,1,3,2,2,17,3,3,2,2
2,12,1,13,1.8,3,3,2,2,1,314.52,0,14,3,3,1,1,10,3,1,1,3
2,12,1,14,1.8,1,3,NaN,NaN,NaN,NaN,NaN,11,1,1,1,1,19,1,1,3,3
2,12,1,15,0.4,1,1,1,1,1,272.18,1,7,3,3,3,3,19,3,3,3,3
2,12,1,16,1.8,3,2,2,2,1,286.92,1,12,1,3,3,1,11,1,1,2,2
2,12,1,17,0.05,1,2,1,2,0,299.38,1,3,3,3,3,3,15,1,1,2,2
2,12,1,18,0.2,1,1,1,1,1,304.27,0,15,3,3,3,3,9,1,1,1,1
2,12,1,19,0.4,2,1,2,2,1,361.01,0,19,3,1,2,2,4,1,1,1,1
2,12,1,20,0.1,1,3,1,1,1,258.08,1,19,1,1,1,1,8,1,1,3,3
2,12,1,21,0.2,1,1,1,1,1,252.82,1,20,3,1,3,1,3,1,1,1,1
2,12,1,22,0.4,3,3,2,2,1,242.48,1,20,3,3,1,1,8,3,1,1,3
2,12,1,23,0.8,2,1,NaN,NaN,NaN,NaN,NaN,5,1,3,2,2,10,1,3,1,3
2,12,1,24,0.1,1,3,1,1,1,318.3,0,14,1,1,1,1,17,1,3,3,1
2,12,1,25,0.4,1,3,1,2,0,333.57,0,16,1,1,1,1,5,1,3,3,1
2,12,1,26,0.8,1,1,1,1,1,241.05,1,8,3,3,3,3,18,3,1,3,1
2,12,1,27,0.8,2,2,2,2,1,250.05,1,20,3,3,2,2,2,3,3,2,2
2,12,1,28,0.1,3,1,2,2,1,287.23,1,1,1,3,3,1,1,3,1,3,1
2,12,1,29,0.1,2,3,2,2,1,211.58,1,5,3,3,2,2,8,1,3,3,1
2,12,1,30,0.05,2,2,2,2,1,296.23,1,11,1,3,2,2,14,1,3,2,2
2,12,1,31,0.2,3,3,2,2,1,514.65,0,16,1,3,3,1,9,3,3,1,1
2,12,1,32,0.05,3,2,2,2,1,268.27,1,19,3,1,1,3,14,1,3,2,2
2,12,1,33,0.8,1,3,1,2,0,198.49,1,16,1,3,1,3,19,1,1,3,3
2,12,1,34,0.05,2,2,2,2,1,305.39,0,6,3,1,2,2,8,1,1,2,2
2,12,1,35,1.8,1,1,1,1,1,193.16,1,2,1,1,1,1,15,1,3,1,3
2,12,1,36,0.1,3,1,2,2,1,260.19,1,4,3,1,1,3,20,1,1,1,1
2,12,1,37,0.1,2,2,2,2,1,262.41,1,11,3,1,2,2,11,1,3,2,2
2,12,1,38,0.05,1,1,1,1,1,288.47,1,2,1,1,1,1,4,1,1,1,1
2,12,1,39,0.1,1,1,1,1,1,272.04,1,15,3,1,3,1,19,3,1,3,1
2,12,1,40,1.8,1,3,1,1,1,218.34,1,1,3,1,3,1,6,3,1,1,3
2,12,1,41,0.2,3,2,2,2,1,252.59,1,15,1,3,3,1,3,3,3,2,2
2,12,1,42,0.05,1,1,1,1,1,305.19,0,8,3,1,3,1,19,1,1,1,1
2,12,1,43,0.05,1,1,1,1,1,274.81,1,7,1,3,1,3,16,1,1,1,1
2,12,1,44,0.8,1,2,1,1,1,229.12,1,17,3,1,3,1,13,3,3,2,2
2,12,1,45,0.4,1,2,1,1,1,213.95,1,6,3,1,3,1,5,3,3,2,2
2,12,1,46,0.4,3,1,2,2,1,235.39,1,2,1,3,3,1,5,1,3,1,3
2,12,1,47,1.8,1,1,1,1,1,231.04,1,17,1,1,1,1,12,1,1,1,1
2,12,1,48,0.05,2,3,2,2,1,286.06,1,4,1,1,2,2,14,3,1,1,3
2,12,1,49,0.2,2,2,2,2,1,336.54,0,8,1,1,2,2,4,1,3,2,2
2,12,1,50,0.4,1,1,1,1,1,285.95,1,19,1,3,1,3,10,1,1,1,1
2,12,1,51,1.8,3,1,2,2,1,209.89,1,7,1,3,3,1,14,1,1,1,1
2,12,1,52,1.8,3,2,2,2,1,189.95,1,7,1,1,3,3,5,1,1,2,2
2,12,1,53,0.2,1,3,1,2,0,329.79,0,14,3,3,3,3,3,1,1,3,3
2,12,1,54,0.8,2,3,2,1,0,268.77,1,5,3,1,2,2,16,1,3,3,1
2,12,1,55,0.4,1,1,1,1,1,300.69,0,20,1,3,1,3,14,3,3,3,3
2,12,1,56,0.8,3,2,2,2,1,205.1,1,14,3,1,1,3,14,1,3,2,2
2,12,1,57,1.8,1,3,1,1,1,237.07,1,8,1,1,1,1,13,3,3,1,1
2,12,1,58,0.8,1,3,1,1,1,203.03,1,7,3,3,3,3,5,1,1,3,3
2,12,1,59,0.8,1,2,1,1,1,226.16,1,6,1,3,1,3,12,3,1,2,2
2,12,1,60,1.8,2,3,2,2,1,219.41,1,9,1,3,2,2,6,1,3,3,1
2,12,1,61,1.8,1,1,1,1,1,280.7,1,15,3,3,3,3,5,3,1,3,1
2,12,1,62,0.4,1,2,1,1,1,264.5,1,2,3,3,3,3,16,1,1,2,2
2,12,1,63,0.2,2,2,2,2,1,297.93,1,9,1,1,2,2,4,3,1,2,2
2,12,1,64,0.05,1,1,1,1,1,288.85,1,3,3,1,3,1,8,1,1,1,1
2,12,1,65,0.1,3,2,2,2,1,301.68,0,10,3,1,1,3,13,3,1,2,2
2,12,1,66,0.1,1,1,1,1,1,290.33,1,16,1,3,1,3,5,1,1,1,1
2,12,1,67,0.2,2,1,2,2,1,228.25,1,19,1,1,2,2,19,1,3,1,3
2,12,1,68,0.05,1,3,1,1,1,280.78,1,1,1,3,1,3,15,1,3,3,1
2,12,1,69,0.1,2,2,2,2,1,320.91,0,16,1,1,2,2,2,1,1,2,2
2,12,1,70,0.2,2,1,2,2,1,248.2,1,3,3,3,2,2,20,1,1,1,1
2,12,1,71,0.05,1,2,1,1,1,312.1,0,1,3,3,3,3,17,1,3,2,2
2,12,1,72,0.1,3,3,2,2,1,237.72,1,18,3,1,1,3,1,1,3,3,1
2,12,1,73,0.2,2,2,2,2,1,248.63,1,8,3,3,2,2,11,1,3,2,2
2,12,1,74,0.2,1,3,1,1,1,213.28,1,7,1,1,1,1,9,3,3,1,1
2,12,1,75,0.4,2,3,2,2,1,203.61,1,20,1,1,2,2,2,3,1,1,3
2,12,1,76,0.1,3,2,2,2,1,280.06,1,8,3,3,1,1,20,3,3,2,2
2,12,1,77,0.4,1,3,1,1,1,271.61,1,9,3,3,3,3,12,3,1,1,3
2,12,1,78,0.4,3,3,2,2,1,259.97,1,14,3,3,1,1,2,3,3,1,1
2,12,2,1,0.4,1,3,1,1,1,242.14,1,16,1,3,1,3,18,1,1,3,3
2,12,2,2,0.1,1,3,1,1,1,215.06,1,16,1,1,1,1,19,1,1,3,3
2,12,2,3,0.05,3,3,2,2,1,347.02,0,17,3,1,1,3,1,3,3,1,1
2,12,2,4,0.4,2,3,2,2,1,179.34,1,10,1,1,2,2,2,3,1,1,3
2,12,2,5,1.8,1,2,1,1,1,185.82,1,16,3,1,3,1,13,1,3,2,2
2,12,2,6,0.2,1,1,1,1,1,213.91,1,12,1,1,1,1,4,1,1,1,1
2,12,2,7,0.8,1,3,1,2,0,212.27,1,17,1,3,1,3,15,1,1,3,3
2,12,2,8,0.2,3,1,2,2,1,266.33,1,15,1,3,3,1,15,1,1,1,1
2,12,2,9,1.8,1,2,1,1,1,226.3,1,19,1,1,1,1,5,3,1,2,2
2,12,2,10,0.4,1,3,1,1,1,228.14,1,13,1,3,1,3,5,1,3,3,1
2,12,2,11,0.4,1,3,1,1,1,271.2,1,19,1,1,1,1,6,1,1,3,3
2,12,2,12,0.1,1,1,1,1,1,278.41,1,3,3,1,3,1,1,1,1,1,1
2,12,2,13,0.05,2,3,2,2,1,322.21,0,19,3,1,2,2,11,3,1,1,3
2,12,2,14,0.05,1,1,1,1,1,263.19,1,19,3,1,3,1,17,3,3,3,3
2,12,2,15,0.2,2,3,2,2,1,294.18,1,11,1,1,2,2,18,3,1,1,3
2,12,2,16,0.4,2,3,2,2,1,309.58,0,4,1,3,2,2,4,1,3,3,1
2,12,2,17,1.8,1,1,1,2,0,204.24,1,10,1,3,1,3,8,1,1,1,1
2,12,2,18,0.1,3,1,2,2,1,239.98,1,11,1,3,3,1,13,1,1,1,1
2,12,2,19,0.2,2,2,2,2,1,257.71,1,9,3,1,2,2,5,1,1,2,2
2,12,2,20,0.2,3,2,2,2,1,255.77,1,14,3,3,1,1,3,3,1,2,2
2,12,2,21,0.1,2,3,2,2,1,291.55,1,1,1,1,2,2,2,3,1,1,3
2,12,2,22,0.8,1,2,1,2,0,248.7,1,19,3,3,3,3,16,3,1,2,2
2,12,2,23,0.4,1,2,1,1,1,287.35,1,16,1,1,1,1,20,1,3,2,2
2,12,2,24,1.8,1,1,1,1,1,237.09,1,16,3,3,3,3,4,1,3,1,3
2,12,2,25,0.05,1,2,1,2,0,276.81,1,6,1,3,1,3,16,3,3,2,2
2,12,2,26,1.8,3,2,2,2,1,210.99,1,7,1,1,3,3,3,1,1,2,2
2,12,2,27,1.8,1,3,1,1,1,207.65,1,19,1,1,1,1,4,3,3,1,1
2,12,2,28,0.1,1,2,1,2,0,277.8,1,18,3,1,3,1,15,1,3,2,2
2,12,2,29,0.8,1,1,NaN,NaN,NaN,NaN,NaN,1,3,1,3,1,19,3,3,3,3
2,12,2,30,0.2,1,3,1,1,1,812.44,0,14,1,1,1,1,2,3,3,1,1
2,12,2,31,0.8,2,2,2,2,1,259.74,1,11,3,1,2,2,3,1,1,2,2
2,12,2,32,0.1,2,3,2,2,1,268.53,1,3,1,1,2,2,11,1,1,3,3
2,12,2,33,0.8,1,2,1,1,1,256.9,1,14,1,3,1,3,1,1,3,2,2
2,12,2,34,0.8,2,2,2,2,1,263.59,1,14,3,1,2,2,1,3,1,2,2
2,12,2,35,0.2,3,1,2,2,1,255.31,1,6,3,1,1,3,2,1,3,1,3
2,12,2,36,0.4,1,1,1,2,0,286.3,1,13,1,1,1,1,5,3,3,3,3
2,12,2,37,1.8,1,2,1,1,1,224.75,1,10,1,1,1,1,7,1,1,2,2
2,12,2,38,0.4,2,1,2,2,1,307.1,0,13,3,3,2,2,10,3,3,3,3
2,12,2,39,0.05,1,3,1,2,0,334.21,0,5,1,1,1,1,7,1,1,3,3
2,12,2,40,0.2,1,2,1,1,1,238,1,5,1,3,1,3,13,3,1,2,2
2,12,2,41,0.1,1,1,1,1,1,296.39,1,16,1,1,1,1,4,3,1,3,1
2,12,2,42,0.05,2,3,2,2,1,324.47,0,6,3,1,2,2,3,1,1,3,3
2,12,2,43,0.05,1,1,1,2,0,322.83,0,10,1,3,1,3,5,3,3,3,3
2,12,2,44,0.2,1,3,1,1,1,277.05,1,17,1,1,1,1,19,3,3,1,1
2,12,2,45,0.2,3,1,2,2,1,217.48,1,11,1,1,3,3,18,3,3,3,3
2,12,2,46,1.8,2,2,2,2,1,216.02,1,5,1,3,2,2,20,1,3,2,2
2,12,2,47,0.05,3,1,2,2,1,305.23,0,7,1,1,3,3,11,1,1,1,1
2,12,2,48,0.8,1,1,1,1,1,202.72,1,20,1,1,1,1,13,1,1,1,1
2,12,2,49,0.8,3,1,2,2,1,230.25,1,3,3,3,1,1,4,1,1,1,1
2,12,2,50,0.1,2,3,2,2,1,302.28,0,3,1,3,2,2,19,3,1,1,3
2,12,2,51,0.1,2,3,2,2,1,290.57,1,13,1,1,2,2,15,3,3,1,1
2,12,2,52,0.8,3,1,2,2,1,246.78,1,18,1,1,3,3,19,3,1,3,1
2,12,2,53,0.8,1,2,1,1,1,256.76,1,20,3,1,3,1,16,3,1,2,2
2,12,2,54,0.8,2,2,2,2,1,268.9,1,13,3,1,2,2,20,1,3,2,2
2,12,2,55,0.1,2,1,2,2,1,314.98,0,19,3,3,2,2,3,3,3,3,3
2,12,2,56,0.1,3,3,2,2,1,321.28,0,2,3,3,1,1,17,3,1,1,3
2,12,2,57,0.05,3,1,2,2,1,322.22,0,10,3,3,1,1,5,3,1,3,1
2,12,2,58,0.1,1,3,1,2,0,1102.1,0,13,1,1,1,1,20,1,3,3,1
2,12,2,59,0.1,3,3,2,2,1,228.39,1,9,1,3,3,1,4,1,1,3,3
2,12,2,60,0.4,1,2,1,1,1,241.61,1,13,3,3,3,3,4,1,3,2,2
2,12,2,61,1.8,1,3,1,1,1,227.43,1,4,1,3,1,3,16,1,3,3,1
2,12,2,62,0.05,3,2,2,2,1,292.36,1,10,3,1,1,3,15,1,3,2,2
2,12,2,63,0.05,1,3,1,2,0,319.01,0,7,1,1,1,1,9,1,3,3,1
2,12,2,64,0.4,3,1,2,2,1,207.43,1,10,1,1,3,3,19,1,1,1,1
2,12,2,65,1.8,3,3,2,2,1,209.13,1,6,1,3,3,1,18,3,1,1,3
2,12,2,66,0.2,3,1,2,1,0,288.89,1,5,3,1,1,3,12,1,1,1,1
2,12,2,67,0.05,3,2,2,2,1,284.38,1,6,1,3,3,1,13,3,1,2,2
2,12,2,68,0.4,1,2,1,1,1,228.21,1,13,3,1,3,1,19,3,1,2,2
2,12,2,69,1.8,2,3,2,1,0,187.98,1,1,1,1,2,2,14,3,3,1,1
2,12,2,70,0.8,1,2,1,2,0,221.24,1,7,3,3,3,3,14,3,3,2,2
2,12,2,71,0.4,2,1,2,2,1,303.7,0,14,1,3,2,2,5,1,1,1,1
2,12,2,72,0.4,1,3,1,1,1,378.32,0,1,3,3,3,3,3,1,3,3,1
2,12,2,73,0.8,2,3,2,2,1,342.71,0,19,1,1,2,2,13,3,3,1,1
2,12,2,74,0.2,1,2,1,1,1,242.3,1,14,3,3,3,3,7,1,3,2,2
2,12,2,75,0.2,2,2,2,1,0,265.66,1,15,3,1,2,2,8,3,3,2,2
2,12,2,76,0.05,2,1,2,1,0,303.58,0,17,1,1,2,2,18,3,3,3,3
2,12,2,77,1.8,2,2,2,2,1,192.22,1,18,3,3,2,2,6,3,3,2,2
2,12,2,78,1.8,3,1,2,2,1,161.1,1,20,3,3,1,1,19,3,1,3,1
2,12,3,1,0.8,1,2,1,1,1,219.92,1,11,3,3,3,3,6,1,1,2,2
2,12,3,2,0.4,2,2,2,2,1,231.64,1,11,1,3,2,2,2,1,3,2,2
2,12,3,3,0.1,2,3,2,1,0,265.55,1,20,1,3,2,2,16,3,3,1,1
2,12,3,4,0.8,1,2,1,1,1,198.67,1,4,1,1,1,1,6,1,1,2,2
2,12,3,5,0.05,1,1,1,1,1,293.99,1,17,1,1,1,1,11,3,1,3,1
2,12,3,6,0.4,1,1,1,1,1,251.64,1,2,3,3,3,3,13,3,1,3,1
2,12,3,7,1.8,1,3,1,1,1,200.2,1,18,1,3,1,3,6,3,3,1,1
2,12,3,8,0.2,2,1,2,2,1,271.61,1,12,1,3,2,2,7,1,3,1,3
2,12,3,9,0.05,2,3,2,2,1,277.93,1,14,3,3,2,2,20,1,1,3,3
2,12,3,10,0.2,2,2,2,2,1,296.38,1,12,1,3,2,2,5,1,1,2,2
2,12,3,11,0.05,3,1,2,2,1,271.82,1,18,3,1,1,3,6,3,3,3,3
2,12,3,12,0.8,1,3,1,1,1,213.01,1,9,3,3,3,3,3,3,3,1,1
2,12,3,13,0.1,2,1,2,2,1,330.32,0,9,3,1,2,2,19,1,3,1,3
2,12,3,14,0.05,1,2,1,1,1,335.36,0,13,1,1,1,1,8,3,1,2,2
2,12,3,15,0.2,1,2,1,2,0,255.64,1,19,3,3,3,3,4,3,1,2,2
2,12,3,16,1.8,3,1,NaN,NaN,NaN,NaN,NaN,14,3,3,1,1,16,3,1,3,1
2,12,3,17,0.2,2,1,2,2,1,247.32,1,11,3,3,2,2,3,3,3,3,3
2,12,3,18,0.2,1,2,1,1,1,290.88,1,10,1,1,1,1,8,1,1,2,2
2,12,3,19,0.1,1,2,1,1,1,283.85,1,9,1,3,1,3,6,1,1,2,2
2,12,3,20,0.8,3,2,2,2,1,269.64,1,7,1,1,3,3,18,1,3,2,2
2,12,3,21,0.05,1,3,1,1,1,206.12,1,20,1,1,1,1,11,3,1,1,3
2,12,3,22,1.8,3,3,2,2,1,187.31,1,16,1,3,3,1,10,3,3,1,1
2,12,3,23,0.1,1,2,1,1,1,291.46,1,9,1,1,1,1,12,1,3,2,2
2,12,3,24,1.8,3,2,2,2,1,215.36,1,19,3,1,1,3,20,3,3,2,2
2,12,3,25,0.05,3,2,2,2,1,312.16,0,4,3,3,1,1,4,1,1,2,2
2,12,3,26,0.1,2,3,2,2,1,232.19,1,11,3,3,2,2,12,1,3,3,1
2,12,3,27,0.4,1,3,1,1,1,260.02,1,11,3,1,3,1,14,1,3,3,1
2,12,3,28,0.1,3,2,2,2,1,252.21,1,14,3,1,1,3,2,1,1,2,2
2,12,3,29,0.2,1,2,1,1,1,294.91,1,17,1,3,1,3,16,3,1,2,2
2,12,3,30,0.1,3,3,2,2,1,251.07,1,17,3,1,1,3,16,1,3,3,1
2,12,3,31,0.05,3,3,2,2,1,279.05,1,20,1,1,3,3,3,3,1,1,3
2,12,3,32,0.2,3,3,2,2,1,330.5,0,2,1,1,3,3,20,3,3,1,1
2,12,3,33,1.8,2,1,2,1,0,188.01,1,9,3,1,2,2,5,3,1,3,1
2,12,3,34,1.8,1,1,1,1,1,200.34,1,4,3,1,3,1,6,1,1,1,1
2,12,3,35,0.8,1,1,1,1,1,223.82,1,13,3,3,3,3,17,3,3,3,3
2,12,3,36,0.4,1,3,1,1,1,253.93,1,11,1,1,1,1,12,3,1,1,3
2,12,3,37,1.8,1,2,1,1,1,220.38,1,2,3,3,3,3,2,3,3,2,2
2,12,3,38,1.8,3,1,2,2,1,205.6,1,2,1,3,3,1,14,1,3,1,3
2,12,3,39,1.8,3,2,2,2,1,231.31,1,15,1,1,3,3,7,3,3,2,2
2,12,3,40,0.2,2,1,2,1,0,333.87,0,20,1,3,2,2,6,3,3,3,3
2,12,3,41,0.8,3,2,2,2,1,202.75,1,17,3,3,1,1,20,1,3,2,2
2,12,3,42,0.8,3,3,2,2,1,220.15,1,17,3,3,1,1,11,3,3,1,1
2,12,3,43,0.2,1,3,1,1,1,254.56,1,15,3,3,3,3,19,3,3,1,1
2,12,3,44,0.1,1,2,1,2,0,287.32,1,10,3,3,3,3,4,1,3,2,2
2,12,3,45,0.2,1,3,1,2,0,310.53,0,20,1,3,1,3,1,3,3,1,1
2,12,3,46,1.8,3,2,2,2,1,186.27,1,16,1,1,3,3,20,1,3,2,2
2,12,3,47,0.4,3,1,2,2,1,195.63,1,6,3,1,1,3,7,1,3,1,3
2,12,3,48,0.8,2,3,2,1,0,195.24,1,20,1,3,2,2,12,3,3,1,1
2,12,3,49,0.4,1,3,1,1,1,218.09,1,16,3,3,3,3,20,3,3,1,1
2,12,3,50,0.05,3,3,2,2,1,292.84,1,15,1,3,3,1,9,1,1,3,3
2,12,3,51,0.05,2,1,2,1,0,318.94,0,13,3,3,2,2,8,1,1,1,1
2,12,3,52,0.4,1,3,1,1,1,257.03,1,13,1,3,1,3,14,3,1,1,3
2,12,3,53,1.8,1,2,1,1,1,189.36,1,7,1,3,1,3,1,1,3,2,2
2,12,3,54,0.4,1,2,1,1,1,206.12,1,9,1,1,1,1,4,3,1,2,2
2,12,3,55,0.1,3,3,2,2,1,262.31,1,5,1,3,3,1,4,3,1,1,3
2,12,3,56,0.05,3,2,2,2,1,348.42,0,7,1,1,3,3,3,1,3,2,2
2,12,3,57,0.8,1,2,1,1,1,214.38,1,17,1,3,1,3,20,1,3,2,2
2,12,3,58,0.8,1,2,1,2,0,202.65,1,16,1,1,1,1,8,3,3,2,2
2,12,3,59,0.2,3,2,2,2,1,271.48,1,18,3,1,1,3,6,1,1,2,2
2,12,3,60,0.8,3,3,2,2,1,218.31,1,18,3,1,1,3,12,3,3,1,1
2,12,3,61,0.05,2,2,2,2,1,317.71,0,14,3,3,2,2,6,3,1,2,2
2,12,3,62,0.2,1,1,1,2,0,265.49,1,13,3,1,3,1,1,3,3,3,3
2,12,3,63,0.1,2,1,2,2,1,264.21,1,6,3,1,2,2,17,1,3,1,3
2,12,3,64,0.05,1,3,1,2,0,353.96,0,8,1,1,1,1,9,1,1,3,3
2,12,3,65,0.8,1,3,1,1,1,208.62,1,13,3,1,3,1,19,3,1,1,3
2,12,3,66,0.4,3,3,2,2,1,234.69,1,10,1,3,3,1,13,1,3,3,1
2,12,3,67,0.2,2,3,2,2,1,236.39,1,11,3,3,2,2,2,3,1,1,3
2,12,3,68,0.1,1,3,1,2,0,265.12,1,3,3,1,3,1,6,3,1,1,3
2,12,3,69,0.4,1,1,1,1,1,220.11,1,6,3,3,3,3,13,1,3,1,3
2,12,3,70,1.8,1,3,1,1,1,218.7,1,17,3,1,3,1,8,3,1,1,3
2,12,3,71,0.1,1,3,1,2,0,321.57,0,14,1,1,1,1,15,1,3,3,1
2,12,3,72,0.05,1,1,1,1,1,278.64,1,18,1,3,1,3,3,1,1,1,1
2,12,3,73,0.8,2,3,2,1,0,226.33,1,12,1,3,2,2,10,1,3,3,1
2,12,3,74,0.4,3,2,2,2,1,285.11,1,1,1,1,3,3,12,3,1,2,2
2,12,3,75,0.4,1,1,1,1,1,227.45,1,3,3,3,3,3,20,1,1,1,1
2,12,3,76,1.8,1,1,1,2,0,207.68,1,5,3,3,3,3,13,1,1,1,1
2,12,3,77,0.4,2,3,2,2,1,264,1,5,1,1,2,2,14,1,3,3,1
2,12,3,78,0.1,3,2,2,2,1,272.1,1,18,1,1,3,3,12,1,1,2,2
2,12,4,1,0.8,3,1,2,2,1,216.5,1,2,1,3,3,1,8,3,1,3,1
2,12,4,2,1.8,1,2,1,1,1,215.25,1,4,3,3,3,3,8,3,3,2,2
2,12,4,3,0.1,2,3,2,1,0,269.32,1,15,1,1,2,2,1,3,1,1,3
2,12,4,4,0.2,2,2,2,2,1,200.13,1,20,3,1,2,2,18,3,3,2,2
2,12,4,5,0.8,3,2,2,2,1,205.51,1,16,3,1,1,3,7,3,3,2,2
2,12,4,6,0.4,3,1,2,2,1,255.82,1,4,3,1,1,3,20,1,1,1,1
2,12,4,7,0.2,1,2,1,2,0,219.59,1,13,1,1,1,1,2,1,1,2,2
2,12,4,8,0.4,1,2,1,1,1,245.2,1,19,1,3,1,3,16,3,3,2,2
2,12,4,9,0.1,1,1,1,1,1,233.5,1,6,1,3,1,3,18,3,3,3,3
2,12,4,10,0.2,3,2,2,2,1,274.32,1,7,1,3,3,1,8,1,1,2,2
2,12,4,11,0.2,2,1,2,2,1,324.26,0,11,3,1,2,2,10,1,3,1,3
2,12,4,12,0.8,3,3,2,2,1,198.62,1,7,3,1,1,3,7,3,1,1,3
2,12,4,13,0.4,1,2,1,1,1,278.09,1,9,1,1,1,1,5,1,3,2,2
2,12,4,14,1.8,3,1,2,2,1,214.54,1,16,1,1,3,3,3,3,1,3,1
2,12,4,15,0.4,1,2,1,1,1,261.43,1,5,1,3,1,3,17,1,1,2,2
2,12,4,16,0.2,1,3,1,2,0,288.57,1,12,3,1,3,1,14,1,3,3,1
2,12,4,17,0.05,2,2,2,2,1,332.95,0,8,3,1,2,2,2,1,1,2,2
2,12,4,18,0.2,1,3,1,1,1,237.72,1,18,1,3,1,3,7,1,1,3,3
2,12,4,19,0.05,3,2,2,2,1,287.93,1,3,1,1,3,3,9,1,3,2,2
2,12,4,20,0.4,1,1,1,1,1,253.13,1,20,1,1,1,1,5,1,3,1,3
2,12,4,21,0.4,2,3,2,2,1,264.33,1,1,1,3,2,2,19,1,1,3,3
2,12,4,22,0.1,2,3,2,2,1,357.03,0,16,1,1,2,2,13,1,3,3,1
2,12,4,23,0.1,1,2,1,1,1,262.06,1,15,3,1,3,1,12,3,1,2,2
2,12,4,24,1.8,1,3,1,1,1,211.02,1,11,1,3,1,3,13,3,3,1,1
2,12,4,25,1.8,1,1,1,1,1,220.74,1,4,1,3,1,3,13,3,3,3,3
2,12,4,26,0.8,1,1,1,1,1,224.46,1,8,3,3,3,3,17,1,3,1,3
2,12,4,27,0.05,2,3,2,2,1,304.7,0,1,1,3,2,2,7,1,1,3,3
2,12,4,28,0.05,2,2,2,2,1,342.87,0,7,1,1,2,2,17,3,1,2,2
2,12,4,29,0.2,2,2,2,2,1,254.48,1,5,1,3,2,2,16,1,3,2,2
2,12,4,30,1.8,3,3,2,2,1,247.72,1,17,1,1,3,3,13,3,3,1,1
2,12,4,31,0.05,3,1,2,2,1,240.6,1,3,3,3,1,1,6,1,1,1,1
2,12,4,32,1.8,2,3,2,1,0,211.33,1,18,3,3,2,2,2,1,1,3,3
2,12,4,33,1.8,1,2,NaN,NaN,NaN,NaN,NaN,17,3,1,3,1,6,1,3,2,2
2,12,4,34,0.1,2,1,2,1,0,266.61,1,17,1,3,2,2,1,3,3,3,3
2,12,4,35,1.8,2,2,2,2,1,254.38,1,17,1,3,2,2,6,3,3,2,2
2,12,4,36,1.8,2,2,2,2,1,219.75,1,5,1,1,2,2,13,1,1,2,2
2,12,4,37,0.4,3,3,2,2,1,258.66,1,14,1,1,3,3,12,3,1,1,3
2,12,4,38,0.05,1,2,1,2,0,339.68,0,15,1,1,1,1,15,3,3,2,2
2,12,4,39,0.4,1,3,1,1,1,282.04,1,16,1,1,1,1,9,3,1,1,3
2,12,4,40,1.8,2,2,2,2,1,214.56,1,7,3,3,2,2,3,3,1,2,2
2,12,4,41,0.05,1,1,1,1,1,278.63,1,10,3,1,3,1,5,1,1,1,1
2,12,4,42,0.4,3,3,2,2,1,303.68,0,2,3,3,1,1,9,3,3,1,1
2,12,4,43,0.1,3,3,2,2,1,267.99,1,5,3,1,1,3,2,3,3,1,1
2,12,4,44,0.8,1,2,1,1,1,314.17,0,3,1,3,1,3,16,3,1,2,2
2,12,4,45,1.8,1,2,1,1,1,228.56,1,8,3,3,3,3,8,1,3,2,2
2,12,4,46,0.05,3,1,2,2,1,308.9,0,2,1,1,3,3,13,1,1,1,1
2,12,4,47,0.2,2,1,2,2,1,205.94,1,16,1,1,2,2,4,3,1,3,1
2,12,4,48,0.1,1,3,1,1,1,241.79,1,1,1,3,1,3,6,3,1,1,3
2,12,4,49,0.8,2,2,2,2,1,270.44,1,5,1,3,2,2,8,3,1,2,2
2,12,4,50,0.8,1,1,1,1,1,253.58,1,16,1,3,1,3,17,3,1,3,1
2,12,4,51,1.8,2,1,2,2,1,215.07,1,10,1,1,2,2,6,3,3,3,3
2,12,4,52,0.1,1,3,1,1,1,284.2,1,20,3,3,3,3,14,1,3,3,1
2,12,4,53,0.1,1,3,1,1,1,314.86,0,9,1,3,1,3,17,3,1,1,3
2,12,4,54,0.2,2,1,2,2,1,286.32,1,10,1,3,2,2,18,1,1,1,1
2,12,4,55,0.8,1,2,1,1,1,247.34,1,5,1,1,1,1,9,3,1,2,2
2,12,4,56,0.4,1,3,1,1,1,220.64,1,18,1,3,1,3,16,3,1,1,3
2,12,4,57,0.8,3,3,2,2,1,208.69,1,4,3,1,1,3,5,1,1,3,3
2,12,4,58,0.1,3,1,2,2,1,278.59,1,6,3,1,1,3,9,1,3,1,3
2,12,4,59,0.8,1,1,1,1,1,221.09,1,6,3,1,3,1,3,1,3,1,3
2,12,4,60,0.05,1,1,1,1,1,292.06,1,7,3,3,3,3,9,1,3,1,3
2,12,4,61,0.05,1,1,1,1,1,300.78,0,10,1,3,1,3,7,3,3,3,3
2,12,4,62,0.1,1,2,1,1,1,263.37,1,19,3,1,3,1,3,1,1,2,2
2,12,4,63,0.1,2,1,2,1,0,277.65,1,13,3,1,2,2,7,1,1,1,1
2,12,4,64,0.8,3,1,2,2,1,255.3,1,18,1,1,3,3,4,3,3,3,3
2,12,4,65,0.05,2,2,2,2,1,282.8,1,12,1,1,2,2,5,1,1,2,2
2,12,4,66,0.2,2,2,2,2,1,282.48,1,2,3,1,2,2,17,3,3,2,2
2,12,4,67,0.2,2,1,2,2,1,326.31,0,9,1,1,2,2,3,1,3,1,3
2,12,4,68,0.4,2,1,2,2,1,302.24,0,7,1,3,2,2,11,1,1,1,1
2,12,4,69,0.1,1,2,1,1,1,254.8,1,9,3,3,3,3,4,3,1,2,2
2,12,4,70,0.4,2,3,2,2,1,271.02,1,5,3,1,2,2,20,1,3,3,1
2,12,4,71,0.2,1,3,1,1,1,201.7,1,12,1,1,1,1,12,1,1,3,3
2,12,4,72,1.8,1,2,1,1,1,208.81,1,10,3,3,3,3,16,1,3,2,2
2,12,4,73,0.2,1,1,1,1,1,251.87,1,20,1,3,1,3,13,3,1,3,1
2,12,4,74,0.05,2,2,2,2,1,299.39,1,8,3,3,2,2,16,1,1,2,2
2,12,4,75,0.05,2,3,2,2,1,287.78,1,9,1,1,2,2,14,1,3,3,1
2,12,4,76,0.4,2,3,2,1,0,246.64,1,8,3,1,2,2,17,1,1,3,3
2,12,4,77,0.8,3,2,2,2,1,220.61,1,9,1,1,3,3,9,1,1,2,2
2,12,4,78,0.8,1,2,1,1,1,250.38,1,4,1,1,1,1,2,3,3,2,2
2,12,5,1,0.2,2,1,2,1,0,301.75,0,8,1,1,2,2,6,3,3,3,3
2,12,5,2,0.1,1,1,1,2,0,297.19,1,16,1,1,1,1,3,3,1,3,1
2,12,5,3,0.05,1,2,1,1,1,242.79,1,8,3,3,3,3,16,1,3,2,2
2,12,5,4,0.1,3,2,2,2,1,208.89,1,14,3,3,1,1,9,1,1,2,2
2,12,5,5,0.05,1,2,1,1,1,279.46,1,7,1,1,1,1,6,3,3,2,2
2,12,5,6,0.8,2,1,2,1,0,202.96,1,3,3,1,2,2,9,3,3,3,3
2,12,5,7,0.2,1,3,1,1,1,254.08,1,9,3,3,3,3,20,1,3,3,1
2,12,5,8,1.8,3,2,2,2,1,231.61,1,16,3,3,1,1,13,1,1,2,2
2,12,5,9,0.1,3,1,2,2,1,261.68,1,1,1,1,3,3,6,1,1,1,1
2,12,5,10,0.4,1,3,1,2,0,225.03,1,14,3,3,3,3,8,1,1,3,3
2,12,5,11,1.8,3,1,2,2,1,204.58,1,5,1,3,3,1,16,1,1,1,1
2,12,5,12,0.8,2,2,2,2,1,241.21,1,3,1,1,2,2,3,3,1,2,2
2,12,5,13,0.8,3,3,2,2,1,205.59,1,4,3,3,1,1,7,1,3,3,1
2,12,5,14,0.4,1,3,1,1,1,229.8,1,12,1,3,1,3,11,1,1,3,3
2,12,5,15,0.1,2,2,2,2,1,295.88,1,14,1,3,2,2,10,1,1,2,2
2,12,5,16,1.8,1,1,1,1,1,202.53,1,19,3,3,3,3,10,3,1,3,1
2,12,5,17,1.8,2,1,2,2,1,201.93,1,6,3,1,2,2,4,1,1,1,1
2,12,5,18,0.05,3,2,2,2,1,278.82,1,16,1,1,3,3,6,1,1,2,2
2,12,5,19,1.8,1,3,1,1,1,207.66,1,15,1,1,1,1,2,3,1,1,3
2,12,5,20,0.8,2,2,2,2,1,259.55,1,15,3,3,2,2,7,3,1,2,2
2,12,5,21,0.1,1,3,1,2,0,268.01,1,7,1,3,1,3,10,1,1,3,3
2,12,5,22,0.1,3,2,2,2,1,257.36,1,13,1,3,3,1,6,1,1,2,2
2,12,5,23,0.1,3,3,2,2,1,261.99,1,18,3,1,1,3,15,3,3,1,1
2,12,5,24,0.4,2,1,2,2,1,237.03,1,7,3,3,2,2,17,1,3,1,3
2,12,5,25,0.1,1,3,1,1,1,297.28,1,7,3,3,3,3,16,3,1,1,3
2,12,5,26,0.4,3,2,2,2,1,255.15,1,9,1,3,3,1,18,3,3,2,2
2,12,5,27,0.4,1,3,1,1,1,326.1,0,20,3,1,3,1,17,3,3,1,1
2,12,5,28,0.05,3,3,2,2,1,299.27,1,2,1,1,3,3,4,1,3,3,1
2,12,5,29,0.8,1,3,1,1,1,224.8,1,11,1,1,1,1,14,3,3,1,1
2,12,5,30,0.05,1,2,1,1,1,303.5,0,20,3,3,3,3,5,3,3,2,2
2,12,5,31,0.1,2,2,2,2,1,229.76,1,18,3,1,2,2,4,3,1,2,2
2,12,5,32,1.8,1,3,1,1,1,229.86,1,13,3,1,3,1,11,3,3,1,1
2,12,5,33,0.1,2,3,2,2,1,249.76,1,8,3,1,2,2,3,1,1,3,3
2,12,5,34,0.05,3,1,2,2,1,287.05,1,1,3,3,1,1,7,3,3,3,3
2,12,5,35,0.8,2,2,2,1,0,233.14,1,12,1,3,2,2,1,3,1,2,2
2,12,5,36,0.2,1,3,1,1,1,140.29,1,1,1,3,1,3,9,1,3,3,1
2,12,5,37,0.2,1,1,1,2,0,296.72,1,2,3,1,3,1,20,3,1,3,1
2,12,5,38,0.4,1,1,1,1,1,287.28,1,4,3,1,3,1,11,3,1,3,1
2,12,5,39,1.8,1,1,1,1,1,225.46,1,7,1,3,1,3,1,1,1,1,1
2,12,5,40,0.2,2,2,2,2,1,270.1,1,2,3,1,2,2,20,3,1,2,2
2,12,5,41,0.4,1,1,1,1,1,255.44,1,10,1,3,1,3,20,1,1,1,1
2,12,5,42,1.8,1,3,1,1,1,237.39,1,18,1,1,1,1,2,1,3,3,1
2,12,5,43,0.05,1,3,1,1,1,321.78,0,15,3,3,3,3,5,1,1,3,3
2,12,5,44,1.8,1,2,1,1,1,209.87,1,7,1,3,1,3,13,1,3,2,2
2,12,5,45,0.1,1,2,1,2,0,270.43,1,12,1,1,1,1,2,1,1,2,2
2,12,5,46,0.2,3,2,2,2,1,273.72,1,19,3,1,1,3,15,1,1,2,2
2,12,5,47,0.05,1,1,1,2,0,304.16,0,15,3,3,3,3,16,3,3,3,3
2,12,5,48,0.05,1,1,1,1,1,305.32,0,14,3,1,3,1,1,3,1,3,1
2,12,5,49,0.05,1,1,1,1,1,274.19,1,12,3,3,3,3,11,3,1,3,1
2,12,5,50,0.4,2,2,2,2,1,283.87,1,18,3,1,2,2,19,1,1,2,2
2,12,5,51,0.8,2,3,2,2,1,245.98,1,3,1,3,2,2,13,1,3,3,1
2,12,5,52,0.8,2,3,2,2,1,216.84,1,13,3,1,2,2,16,1,1,3,3
2,12,5,53,0.2,1,3,1,1,1,238.07,1,6,1,1,1,1,16,3,1,1,3
2,12,5,54,1.8,1,2,1,1,1,211.09,1,15,3,3,3,3,19,3,1,2,2
2,12,5,55,0.1,1,3,1,1,1,365.18,0,6,3,1,3,1,8,1,1,3,3
2,12,5,56,0.2,2,1,2,2,1,290.25,1,4,3,1,2,2,16,1,1,1,1
2,12,5,57,0.05,1,1,1,1,1,280.13,1,19,3,1,3,1,5,1,3,1,3
2,12,5,58,0.2,1,1,1,1,1,293.29,1,16,1,1,1,1,13,1,1,1,1
2,12,5,59,0.4,1,1,1,1,1,224.81,1,10,1,1,1,1,6,3,1,3,1
2,12,5,60,0.8,2,2,NaN,NaN,NaN,NaN,NaN,14,3,1,2,2,5,1,1,2,2
2,12,5,61,0.8,3,3,2,2,1,212.6,1,11,1,1,3,3,16,1,1,3,3
2,12,5,62,0.8,3,3,2,2,1,238.05,1,6,3,1,1,3,8,1,3,3,1
2,12,5,63,1.8,2,2,2,2,1,214.83,1,13,1,1,2,2,6,3,3,2,2
2,12,5,64,0.05,1,1,1,1,1,293.04,1,6,1,1,1,1,4,1,3,1,3
2,12,5,65,0.05,2,3,2,2,1,275.73,1,5,1,3,2,2,6,1,1,3,3
2,12,5,66,0.4,1,2,1,1,1,251.13,1,4,3,1,3,1,15,1,1,2,2
2,12,5,67,0.2,1,3,1,1,1,273.37,1,11,3,3,3,3,1,1,3,3,1
2,12,5,68,0.1,3,1,2,2,1,257.69,1,10,1,3,3,1,1,1,1,1,1
2,12,5,69,1.8,3,2,2,2,1,298.34,1,4,3,3,1,1,2,1,3,2,2
2,12,5,70,0.2,2,2,2,2,1,268.63,1,5,1,1,2,2,8,3,3,2,2
2,12,5,71,0.8,3,3,2,2,1,216.65,1,14,1,1,3,3,18,3,3,1,1
2,12,5,72,0.2,3,3,2,2,1,286.82,1,14,3,3,1,1,2,1,3,3,1
2,12,5,73,0.8,1,2,1,1,1,247.54,1,17,3,1,3,1,17,3,1,2,2
2,12,5,74,0.2,2,3,2,2,1,270.16,1,6,3,3,2,2,17,1,1,3,3
2,12,5,75,0.4,1,3,1,1,1,286.14,1,11,1,3,1,3,13,3,3,1,1
2,12,5,76,0.4,1,3,1,1,1,292.76,1,15,1,3,1,3,3,1,3,3,1
2,12,5,77,1.8,2,3,2,2,1,233.58,1,11,3,3,2,2,4,1,3,3,1
2,12,5,78,0.4,1,3,1,1,1,282.91,1,7,3,3,3,3,17,3,1,1,3
2,12,6,1,0.8,1,1,1,2,0,294.15,1,6,3,1,3,1,16,1,3,1,3
2,12,6,2,1.8,1,2,1,1,1,222.06,1,7,1,3,1,3,18,3,3,2,2
2,12,6,3,1.8,2,2,2,1,0,207.83,1,20,1,3,2,2,15,1,3,2,2
2,12,6,4,1.8,1,3,1,1,1,215.79,1,20,3,1,3,1,15,3,3,1,1
2,12,6,5,0.4,2,2,2,1,0,301.87,0,4,1,1,2,2,16,3,1,2,2
2,12,6,6,0.1,3,3,2,2,1,273.12,1,18,3,3,1,1,14,3,1,1,3
2,12,6,7,0.4,1,1,1,1,1,228.13,1,8,1,1,1,1,19,1,3,1,3
2,12,6,8,0.2,1,1,1,1,1,237.78,1,20,3,1,3,1,4,1,3,1,3
2,12,6,9,0.05,1,2,1,1,1,275.35,1,3,3,3,3,3,14,1,3,2,2
2,12,6,10,0.05,2,3,2,2,1,350.69,0,4,1,1,2,2,10,1,3,3,1
2,12,6,11,1.8,2,3,2,2,1,230.54,1,10,1,3,2,2,12,1,1,3,3
2,12,6,12,0.4,1,1,1,1,1,294.82,1,10,1,3,1,3,3,3,1,3,1
2,12,6,13,0.8,1,3,1,1,1,239.78,1,6,1,1,1,1,17,3,3,1,1
2,12,6,14,0.4,1,2,1,1,1,309.13,0,11,3,3,3,3,14,1,3,2,2
2,12,6,15,0.1,2,2,2,2,1,281.95,1,14,1,3,2,2,19,3,3,2,2
2,12,6,16,0.1,2,3,2,2,1,273.76,1,13,3,3,2,2,13,3,3,1,1
2,12,6,17,0.05,1,3,1,1,1,286.22,1,17,3,3,3,3,2,1,1,3,3
2,12,6,18,1.8,1,1,1,1,1,201.62,1,18,3,3,3,3,4,1,1,1,1
2,12,6,19,0.1,2,2,2,1,0,262.29,1,18,1,3,2,2,16,3,3,2,2
2,12,6,20,0.2,1,2,1,1,1,213.9,1,1,3,1,3,1,2,1,3,2,2
2,12,6,21,0.8,2,1,2,2,1,274.14,1,2,1,3,2,2,20,3,3,3,3
2,12,6,22,0.8,3,2,2,2,1,208.77,1,19,3,1,1,3,16,3,1,2,2
2,12,6,23,1.8,1,1,1,1,1,219.65,1,20,3,3,3,3,2,1,1,1,1
2,12,6,24,0.2,1,3,1,1,1,221.67,1,12,3,1,3,1,18,3,1,1,3
2,12,6,25,0.4,1,1,1,1,1,241.29,1,6,1,1,1,1,12,1,1,1,1
2,12,6,26,1.8,1,3,1,1,1,224.71,1,17,1,1,1,1,16,3,1,1,3
2,12,6,27,0.05,1,2,1,1,1,374.92,0,14,3,3,3,3,1,1,3,2,2
2,12,6,28,0.8,2,1,2,2,1,214.91,1,16,3,3,2,2,17,3,1,3,1
2,12,6,29,0.05,1,3,1,2,0,322.82,0,18,3,1,3,1,6,1,3,3,1
2,12,6,30,0.4,1,2,1,1,1,202.33,1,2,3,1,3,1,10,3,3,2,2
2,12,6,31,0.1,1,1,1,1,1,290.9,1,3,3,3,3,3,17,3,3,3,3
2,12,6,32,0.2,1,2,1,1,1,275.35,1,6,3,3,3,3,16,3,1,2,2
2,12,6,33,1.8,3,3,2,2,1,268.98,1,6,1,1,3,3,2,1,3,3,1
2,12,6,34,0.8,2,2,2,2,1,268.42,1,3,3,3,2,2,6,1,3,2,2
2,12,6,35,0.4,1,2,1,1,1,230.78,1,5,3,3,3,3,17,3,1,2,2
2,12,6,36,0.1,1,2,1,2,0,350.26,0,12,3,3,3,3,12,3,1,2,2
2,12,6,37,1.8,3,1,2,2,1,208.11,1,6,1,1,3,3,5,1,3,1,3
2,12,6,38,0.1,2,3,2,2,1,275.6,1,11,1,1,2,2,13,1,1,3,3
2,12,6,39,0.4,1,3,1,1,1,253.53,1,20,1,3,1,3,5,1,1,3,3
2,12,6,40,0.05,1,3,1,1,1,376.23,0,20,3,3,3,3,20,1,1,3,3
2,12,6,41,0.2,1,1,1,1,1,290.18,1,2,3,3,3,3,7,1,1,1,1
2,12,6,42,0.1,1,1,1,1,1,305.92,0,14,3,3,3,3,8,3,3,3,3
2,12,6,43,0.05,1,3,1,2,0,309.09,0,19,3,1,3,1,15,1,3,3,1
2,12,6,44,0.4,3,1,2,2,1,297.82,1,9,3,1,1,3,19,1,1,1,1
2,12,6,45,0.8,1,2,1,1,1,241.37,1,15,3,1,3,1,19,1,1,2,2
2,12,6,46,0.05,2,1,2,2,1,283.3,1,15,1,1,2,2,13,1,1,1,1
2,12,6,47,0.05,2,3,2,1,0,295.24,1,10,3,1,2,2,18,1,3,3,1
2,12,6,48,0.2,2,2,2,1,0,266.27,1,15,3,1,2,2,9,1,1,2,2
2,12,6,49,0.05,1,2,1,1,1,308.54,0,8,3,1,3,1,6,3,3,2,2
2,12,6,50,0.2,3,1,2,2,1,218.87,1,10,1,3,3,1,5,1,1,1,1
2,12,6,51,0.4,2,1,2,2,1,250.77,1,7,1,1,2,2,1,3,1,3,1
2,12,6,52,0.4,3,1,2,2,1,233.73,1,18,1,3,3,1,13,1,3,1,3
2,12,6,53,0.1,1,2,1,1,1,308.55,0,19,1,1,1,1,8,3,3,2,2
2,12,6,54,0.8,1,1,1,1,1,244.48,1,13,1,3,1,3,15,1,3,1,3
2,12,6,55,0.1,3,1,2,2,1,299.38,1,16,1,1,3,3,11,3,3,3,3
2,12,6,56,0.05,2,2,2,1,0,374.36,0,6,3,1,2,2,3,1,3,2,2
2,12,6,57,0.2,3,2,2,2,1,244.86,1,14,1,1,3,3,19,1,1,2,2
2,12,6,58,1.8,1,3,1,1,1,212.94,1,12,1,1,1,1,14,1,3,3,1
2,12,6,59,0.8,2,3,2,2,1,240.69,1,13,1,3,2,2,13,3,1,1,3
2,12,6,60,0.2,2,1,2,1,0,357.45,0,17,1,1,2,2,17,1,3,1,3
2,12,6,61,0.05,1,3,1,1,1,290.95,1,20,1,1,1,1,15,1,1,3,3
2,12,6,62,0.4,1,1,1,1,1,243.99,1,20,1,1,1,1,2,3,1,3,1
2,12,6,63,0.1,3,3,2,2,1,263.22,1,5,1,1,3,3,4,3,3,1,1
2,12,6,64,0.2,1,1,1,1,1,241.17,1,15,1,3,1,3,9,1,1,1,1
2,12,6,65,0.1,2,1,2,2,1,263.57,1,6,3,1,2,2,2,1,1,1,1
2,12,6,66,0.2,3,3,2,1,0,358.98,0,12,1,1,3,3,8,1,3,3,1
2,12,6,67,1.8,2,1,2,1,0,223.45,1,3,1,1,2,2,9,3,1,3,1
2,12,6,68,0.8,2,3,2,2,1,211.34,1,7,1,3,2,2,2,3,3,1,1
2,12,6,69,0.2,3,3,2,2,1,260.69,1,16,3,3,1,1,2,1,3,3,1
2,12,6,70,0.05,3,2,2,2,1,265.25,1,9,3,3,1,1,13,3,1,2,2
2,12,6,71,0.2,1,3,1,1,1,260.2,1,17,3,1,3,1,15,3,1,1,3
2,12,6,72,0.1,1,3,1,1,1,312.87,0,15,1,1,1,1,13,3,3,1,1
2,12,6,73,0.8,2,1,2,2,1,249.41,1,9,3,1,2,2,2,1,3,1,3
2,12,6,74,1.8,1,2,1,1,1,198.43,1,5,1,1,1,1,18,1,1,2,2
2,12,6,75,0.8,2,1,2,2,1,215.27,1,7,1,3,2,2,12,1,1,1,1
2,12,6,76,0.8,1,1,1,1,1,210.17,1,2,3,1,3,1,19,1,3,1,3
2,12,6,77,1.8,2,2,2,2,1,185.36,1,17,3,3,2,2,3,1,3,2,2
2,12,6,78,0.4,3,2,2,2,1,209.6,1,16,1,1,3,3,15,3,3,2,2
2,12,7,1,0.05,3,3,2,2,1,257.18,1,15,3,1,1,3,7,1,3,3,1
2,12,7,2,0.1,3,3,2,1,0,254.12,1,10,1,1,3,3,1,3,1,1,3
2,12,7,3,0.2,2,1,2,2,1,531.16,0,10,1,1,2,2,11,3,3,3,3
2,12,7,4,1.8,2,3,NaN,NaN,NaN,NaN,NaN,5,3,3,2,2,12,1,3,3,1
2,12,7,5,0.8,2,3,2,2,1,210.42,1,1,3,3,2,2,11,1,1,3,3
2,12,7,6,0.8,1,3,1,1,1,217.69,1,14,3,3,3,3,2,1,1,3,3
2,12,7,7,0.8,1,3,1,1,1,237.62,1,17,3,3,3,3,18,1,1,3,3
2,12,7,8,0.05,2,2,2,2,1,259.22,1,16,1,3,2,2,16,3,3,2,2
2,12,7,9,0.05,3,1,2,2,1,207.34,1,16,3,1,1,3,10,3,1,3,1
2,12,7,10,0.8,2,2,2,2,1,205.57,1,11,3,1,2,2,1,3,1,2,2
2,12,7,11,0.2,2,1,2,2,1,251.01,1,5,3,3,2,2,1,1,3,1,3
2,12,7,12,0.2,2,3,2,2,1,245.86,1,5,3,1,2,2,17,3,1,1,3
2,12,7,13,0.05,1,1,1,1,1,289.18,1,17,3,1,3,1,7,1,1,1,1
2,12,7,14,0.2,3,1,2,2,1,260.4,1,11,1,1,3,3,15,1,3,1,3
2,12,7,15,0.05,1,2,1,1,1,282.18,1,2,1,3,1,3,18,3,1,2,2
2,12,7,16,0.8,3,3,2,2,1,252.02,1,20,3,1,1,3,1,3,1,1,3
2,12,7,17,0.2,1,1,1,2,0,260.03,1,12,1,3,1,3,4,3,3,3,3
2,12,7,18,0.05,2,1,2,2,1,242.94,1,16,1,3,2,2,19,1,1,1,1
2,12,7,19,0.4,3,2,2,2,1,304.62,0,10,3,1,1,3,8,3,3,2,2
2,12,7,20,0.8,1,3,1,1,1,268.01,1,7,1,3,1,3,9,3,1,1,3
2,12,7,21,1.8,2,2,2,2,1,219.34,1,8,3,3,2,2,10,1,1,2,2
2,12,7,22,1.8,1,3,1,1,1,246.66,1,19,3,1,3,1,7,3,3,1,1
2,12,7,23,0.05,1,1,1,1,1,293.66,1,5,3,1,3,1,9,1,1,1,1
2,12,7,24,0.1,3,2,2,2,1,247,1,10,3,1,1,3,17,3,1,2,2
2,12,7,25,0.05,3,1,2,2,1,293.49,1,10,1,3,3,1,13,3,1,3,1
2,12,7,26,1.8,2,3,2,2,1,207.1,1,7,1,3,2,2,13,1,3,3,1
2,12,7,27,1.8,1,1,1,1,1,259.72,1,10,3,3,3,3,16,1,1,1,1
2,12,7,28,0.4,2,3,2,2,1,250.23,1,6,1,3,2,2,12,1,1,3,3
2,12,7,29,0.05,3,1,2,2,1,260.15,1,9,1,1,3,3,8,3,1,3,1
2,12,7,30,1.8,1,2,1,1,1,228.19,1,17,3,3,3,3,17,3,3,2,2
2,12,7,31,0.2,1,2,1,2,0,182.61,1,20,1,3,1,3,12,3,3,2,2
2,12,7,32,0.4,2,2,2,2,1,257.53,1,19,3,3,2,2,6,3,3,2,2
2,12,7,33,0.4,1,1,1,1,1,254.11,1,19,3,1,3,1,19,1,3,1,3
2,12,7,34,0.4,3,2,2,2,1,258.35,1,19,1,1,3,3,7,3,1,2,2
2,12,7,35,0.8,1,3,1,1,1,239.89,1,11,3,1,3,1,17,1,3,3,1
2,12,7,36,0.4,1,3,1,1,1,275.63,1,20,1,1,1,1,12,1,3,3,1
2,12,7,37,0.1,1,2,1,1,1,298.03,1,2,1,1,1,1,20,1,3,2,2
2,12,7,38,0.1,1,1,1,2,0,326.88,0,6,3,3,3,3,7,1,3,1,3
2,12,7,39,0.1,3,2,2,1,0,269.36,1,17,1,1,3,3,7,3,1,2,2
2,12,7,40,0.2,3,3,2,2,1,258.61,1,14,3,3,1,1,13,1,3,3,1
2,12,7,41,1.8,3,3,2,2,1,199,1,8,1,1,3,3,3,3,3,1,1
2,12,7,42,0.1,1,1,1,1,1,268.95,1,13,3,1,3,1,3,3,3,3,3
2,12,7,43,0.1,3,1,2,2,1,338.5,0,16,1,3,3,1,11,3,3,3,3
2,12,7,44,0.2,1,3,1,1,1,288.49,1,5,3,3,3,3,1,3,3,1,1
2,12,7,45,0.4,2,2,2,2,1,271.93,1,13,3,1,2,2,8,3,1,2,2
2,12,7,46,0.05,1,2,1,1,1,280.76,1,10,1,3,1,3,2,1,1,2,2
2,12,7,47,0.4,1,1,1,1,1,229.56,1,13,3,1,3,1,18,3,1,3,1
2,12,7,48,1.8,3,1,2,2,1,273.4,1,20,3,1,1,3,9,3,1,3,1
2,12,7,49,0.8,3,2,2,2,1,231.39,1,17,1,3,3,1,20,1,1,2,2
2,12,7,50,0.4,1,1,1,1,1,242.54,1,20,1,1,1,1,1,1,3,1,3
2,12,7,51,0.4,1,2,1,1,1,260.83,1,12,3,1,3,1,19,1,3,2,2
2,12,7,52,0.2,1,2,1,1,1,304.66,0,2,1,3,1,3,2,3,3,2,2
2,12,7,53,0.1,1,3,1,1,1,270.1,1,7,3,3,3,3,1,1,1,3,3
2,12,7,54,1.8,2,2,2,2,1,222.13,1,16,1,3,2,2,3,3,1,2,2
2,12,7,55,0.05,2,2,2,1,0,310.76,0,11,3,1,2,2,13,1,1,2,2
2,12,7,56,0.1,1,1,1,1,1,313.07,0,1,3,1,3,1,16,1,1,1,1
2,12,7,57,0.1,2,2,2,2,1,263.79,1,5,1,1,2,2,13,1,1,2,2
2,12,7,58,0.1,3,2,2,2,1,267.41,1,8,1,1,3,3,1,1,1,2,2
2,12,7,59,0.1,1,1,1,2,0,277.86,1,3,1,3,1,3,18,3,3,3,3
2,12,7,60,0.1,1,1,1,1,1,256.99,1,9,1,3,1,3,1,1,3,1,3
2,12,7,61,0.4,1,2,1,1,1,298.69,1,16,3,1,3,1,5,3,1,2,2
2,12,7,62,1.8,1,3,1,1,1,210.7,1,2,1,3,1,3,10,3,1,1,3
2,12,7,63,0.05,2,1,2,2,1,263.28,1,6,1,3,2,2,6,1,3,1,3
2,12,7,64,0.2,1,2,1,1,1,234.85,1,5,1,1,1,1,18,1,3,2,2
2,12,7,65,0.4,1,3,1,2,0,300.6,0,20,3,3,3,3,20,1,1,3,3
2,12,7,66,0.2,1,3,1,1,1,256.57,1,9,1,3,1,3,6,1,1,3,3
2,12,7,67,1.8,1,1,1,1,1,225.86,1,1,3,1,3,1,11,3,1,3,1
2,12,7,68,0.4,3,3,2,2,1,268.81,1,17,1,1,3,3,2,1,3,3,1
2,12,7,69,0.2,2,2,2,1,0,307.05,0,17,3,1,2,2,6,3,1,2,2
2,12,7,70,1.8,1,3,1,1,1,213.16,1,2,1,1,1,1,8,1,1,3,3
2,12,7,71,0.8,2,1,2,2,1,216.97,1,18,1,3,2,2,1,1,1,1,1
2,12,7,72,0.8,2,1,2,2,1,190.07,1,2,3,3,2,2,6,1,3,1,3
2,12,7,73,1.8,1,2,1,1,1,223.52,1,7,1,3,1,3,1,3,3,2,2
2,12,7,74,0.2,2,3,2,1,0,321.34,0,18,3,3,2,2,16,3,1,1,3
2,12,7,75,0.8,1,3,1,1,1,205.94,1,14,1,1,1,1,3,3,1,1,3
2,12,7,76,0.8,1,3,1,1,1,267.85,1,18,1,3,1,3,16,3,1,1,3
2,12,7,77,0.05,2,2,2,1,0,300.58,0,19,1,1,2,2,10,3,1,2,2
2,12,7,78,0.8,2,2,2,2,1,216.65,1,11,3,3,2,2,14,3,3,2,2
2,12,8,1,0.2,1,3,1,1,1,244.11,1,20,1,3,1,3,3,3,1,1,3
2,12,8,2,1.8,1,1,1,1,1,202.7,1,3,1,3,1,3,2,3,1,3,1
2,12,8,3,0.8,3,3,2,2,1,241.11,1,14,3,1,1,3,3,1,3,3,1
2,12,8,4,0.2,3,2,2,2,1,222.06,1,16,1,1,3,3,13,1,1,2,2
2,12,8,5,0.1,1,1,1,1,1,249.84,1,11,3,1,3,1,6,3,1,3,1
2,12,8,6,1.8,1,1,1,1,1,198.23,1,14,3,1,3,1,2,3,3,3,3
2,12,8,7,0.4,1,2,1,1,1,265.38,1,2,3,1,3,1,5,1,1,2,2
2,12,8,8,0.1,1,3,1,1,1,255.48,1,16,3,3,3,3,13,3,1,1,3
2,12,8,9,1.8,2,3,2,1,0,218.68,1,9,3,1,2,2,17,1,1,3,3
2,12,8,10,1.8,2,1,2,1,0,198.95,1,8,1,1,2,2,1,1,1,1,1
2,12,8,11,0.4,1,3,1,1,1,219.18,1,3,3,1,3,1,16,3,1,1,3
2,12,8,12,1.8,1,1,1,1,1,320.19,0,6,3,1,3,1,10,1,1,1,1
2,12,8,13,0.05,1,2,1,2,0,339.34,0,15,1,1,1,1,20,1,1,2,2
2,12,8,14,0.1,1,3,1,1,1,273.58,1,11,3,1,3,1,14,3,1,1,3
2,12,8,15,0.2,3,3,2,2,1,202.46,1,20,1,3,3,1,19,1,3,3,1
2,12,8,16,0.4,1,2,1,1,1,219.51,1,20,1,1,1,1,20,3,1,2,2
2,12,8,17,0.2,1,3,1,1,1,240.72,1,11,1,1,1,1,18,3,1,1,3
2,12,8,18,0.1,1,1,1,1,1,285.87,1,13,3,1,3,1,17,1,3,1,3
2,12,8,19,0.8,1,1,1,1,1,262.32,1,14,1,1,1,1,19,3,3,3,3
2,12,8,20,0.2,1,2,1,1,1,162.71,1,6,1,1,1,1,3,1,1,2,2
2,12,8,21,0.2,1,1,1,1,1,234,1,6,3,1,3,1,4,1,3,1,3
2,12,8,22,0.4,1,1,1,1,1,255.68,1,19,3,3,3,3,7,1,3,1,3
2,12,8,23,0.2,1,2,1,2,0,264.05,1,11,3,3,3,3,10,1,3,2,2
2,12,8,24,0.4,2,2,2,2,1,251.67,1,6,3,1,2,2,10,1,3,2,2
2,12,8,25,0.8,2,1,2,2,1,223.23,1,14,1,3,2,2,3,3,1,3,1
2,12,8,26,0.8,2,3,2,2,1,215.63,1,10,3,1,2,2,9,1,3,3,1
2,12,8,27,0.1,2,3,2,1,0,300.69,0,20,1,1,2,2,11,1,3,3,1
2,12,8,28,0.1,2,2,2,2,1,327.01,0,7,1,1,2,2,18,3,1,2,2
2,12,8,29,0.4,1,2,1,1,1,225.78,1,15,3,3,3,3,15,1,1,2,2
2,12,8,30,0.2,1,3,1,1,1,225.37,1,16,3,1,3,1,20,3,3,1,1
2,12,8,31,0.2,2,2,2,2,1,254.43,1,13,3,1,2,2,6,3,3,2,2
2,12,8,32,0.05,1,1,1,1,1,303.85,0,17,3,1,3,1,8,3,3,3,3
2,12,8,33,0.8,1,1,1,1,1,224.67,1,11,1,3,1,3,18,3,1,3,1
2,12,8,34,1.8,3,1,2,2,1,204.07,1,4,3,3,1,1,3,3,1,3,1
2,12,8,35,0.05,3,3,2,2,1,306.18,0,10,1,1,3,3,12,3,3,1,1
2,12,8,36,0.05,3,2,2,2,1,262.45,1,2,3,3,1,1,9,3,3,2,2
2,12,8,37,0.8,1,2,NaN,NaN,NaN,NaN,NaN,10,3,1,3,1,10,1,1,2,2
2,12,8,38,0.8,2,1,2,2,1,222.49,1,18,1,3,2,2,14,3,3,3,3
2,12,8,39,0.8,1,2,1,1,1,291.19,1,4,1,3,1,3,18,3,1,2,2
2,12,8,40,0.4,2,2,2,2,1,353.27,0,11,1,3,2,2,5,3,3,2,2
2,12,8,41,0.1,1,3,1,1,1,309.27,0,8,3,1,3,1,10,3,1,1,3
2,12,8,42,0.05,2,3,2,2,1,254.24,1,16,3,1,2,2,5,3,1,1,3
2,12,8,43,0.1,3,1,2,2,1,219.18,1,18,1,3,3,1,4,3,1,3,1
2,12,8,44,1.8,1,1,1,1,1,207.28,1,3,3,1,3,1,10,1,3,1,3
2,12,8,45,1.8,3,3,2,2,1,198.38,1,9,1,1,3,3,2,3,3,1,1
2,12,8,46,0.1,3,3,2,2,1,222.16,1,11,3,1,1,3,3,3,3,1,1
2,12,8,47,1.8,2,3,2,2,1,251.91,1,19,3,1,2,2,3,3,1,1,3
2,12,8,48,0.4,2,3,2,2,1,289.1,1,2,1,3,2,2,3,1,3,3,1
2,12,8,49,0.1,3,1,2,2,1,238.65,1,10,3,3,1,1,17,3,1,3,1
2,12,8,50,0.2,1,2,1,1,1,255.15,1,17,3,1,3,1,14,3,1,2,2
2,12,8,51,0.4,3,1,2,2,1,211.73,1,1,3,3,1,1,17,3,1,3,1
2,12,8,52,0.4,1,2,1,1,1,229.92,1,5,1,1,1,1,13,1,1,2,2
2,12,8,53,0.1,1,2,1,1,1,301.11,0,9,3,3,3,3,4,3,3,2,2
2,12,8,54,0.2,2,2,2,1,0,279.96,1,2,1,3,2,2,20,3,3,2,2
2,12,8,55,0.2,3,3,2,2,1,254.36,1,3,3,3,1,1,5,3,3,1,1
2,12,8,56,0.05,1,1,1,1,1,278.47,1,4,3,3,3,3,19,3,1,3,1
2,12,8,57,0.8,1,2,1,1,1,303.47,0,16,1,3,1,3,18,3,3,2,2
2,12,8,58,0.2,1,2,1,1,1,194.17,1,1,1,3,1,3,16,1,3,2,2
2,12,8,59,0.4,2,3,2,2,1,249.49,1,19,3,1,2,2,6,3,1,1,3
2,12,8,60,0.8,1,3,1,1,1,232.84,1,7,1,1,1,1,11,3,3,1,1
2,12,8,61,0.8,1,1,1,1,1,201.71,1,19,1,1,1,1,2,1,1,1,1
2,12,8,62,0.05,3,2,2,2,1,297.89,1,7,1,3,3,1,3,1,1,2,2
2,12,8,63,0.05,3,1,2,2,1,269.64,1,6,3,3,1,1,5,1,3,1,3
2,12,8,64,0.05,3,2,2,2,1,269.95,1,8,1,1,3,3,15,1,3,2,2
2,12,8,65,1.8,2,3,2,1,0,238.54,1,18,1,1,2,2,14,3,1,1,3
2,12,8,66,0.1,1,2,1,2,0,294.42,1,5,1,1,1,1,17,1,1,2,2
2,12,8,67,0.8,1,2,1,1,1,234.85,1,19,3,3,3,3,13,1,1,2,2
2,12,8,68,0.05,3,3,2,2,1,277.73,1,19,1,3,3,1,4,1,3,3,1
2,12,8,69,0.05,1,1,1,1,1,255.46,1,9,3,3,3,3,9,1,1,1,1
2,12,8,70,0.05,1,3,1,1,1,243.99,1,2,3,3,3,3,15,1,3,3,1
2,12,8,71,0.4,2,3,2,2,1,239.77,1,16,1,1,2,2,4,1,1,3,3
2,12,8,72,0.05,3,3,2,2,1,298.88,1,9,3,1,1,3,18,3,3,1,1
2,12,8,73,0.4,3,2,2,2,1,199.75,1,2,1,1,3,3,9,1,1,2,2
2,12,8,74,1.8,1,3,1,1,1,195.63,1,9,1,3,1,3,1,1,1,3,3
2,12,8,75,1.8,1,1,1,1,1,201.17,1,5,3,1,3,1,8,3,1,3,1
2,12,8,76,0.8,1,3,1,1,1,185.91,1,20,3,3,3,3,8,3,3,1,1
2,12,8,77,1.8,1,1,1,1,1,211.74,1,13,3,1,3,1,8,3,1,3,1
2,12,8,78,0.1,1,2,1,1,1,266.73,1,11,3,3,3,3,4,3,1,2,2
2,12,9,1,0.1,1,2,1,1,1,179.03,1,13,3,3,3,3,15,1,1,2,2
2,12,9,2,0.8,2,1,2,1,0,205.22,1,10,1,1,2,2,15,3,1,3,1
2,12,9,3,1.8,2,2,2,2,1,221.02,1,6,1,3,2,2,11,3,3,2,2
2,12,9,4,0.2,2,1,2,1,0,286.06,1,3,3,1,2,2,15,3,1,3,1
2,12,9,5,0.05,2,2,2,1,0,275.42,1,12,1,1,2,2,15,3,1,2,2
2,12,9,6,0.8,1,3,1,1,1,265.87,1,4,1,3,1,3,19,1,3,3,1
2,12,9,7,0.2,3,2,2,2,1,229.6,1,9,1,1,3,3,12,3,1,2,2
2,12,9,8,1.8,2,1,2,2,1,208.66,1,10,1,3,2,2,4,3,3,3,3
2,12,9,9,0.2,1,3,1,1,1,267.08,1,8,3,3,3,3,12,3,3,1,1
2,12,9,10,0.8,1,2,1,1,1,268.87,1,2,1,1,1,1,18,1,3,2,2
2,12,9,11,0.8,3,1,2,2,1,254.72,1,20,3,3,1,1,3,3,1,3,1
2,12,9,12,0.8,1,3,1,1,1,239.02,1,18,1,1,1,1,18,3,1,1,3
2,12,9,13,0.05,1,1,1,1,1,338.85,0,16,3,3,3,3,16,3,1,3,1
2,12,9,14,0.1,3,2,2,2,1,266.54,1,15,1,3,3,1,11,3,1,2,2
2,12,9,15,1.8,1,3,1,1,1,287.39,1,4,1,1,1,1,6,3,1,1,3
2,12,9,16,0.2,3,3,2,2,1,285.6,1,19,1,1,3,3,6,1,3,3,1
2,12,9,17,0.4,1,1,1,1,1,278.92,1,5,1,1,1,1,17,3,1,3,1
2,12,9,18,0.1,3,2,2,2,1,255.55,1,16,1,1,3,3,9,1,1,2,2
2,12,9,19,1.8,3,3,2,2,1,215.45,1,11,3,1,1,3,9,1,1,3,3
2,12,9,20,0.05,3,1,2,2,1,304.33,0,8,3,1,1,3,5,3,3,3,3
2,12,9,21,1.8,3,2,2,2,1,193.29,1,20,3,1,1,3,5,3,3,2,2
2,12,9,22,0.2,1,3,1,1,1,245.35,1,17,3,1,3,1,5,1,3,3,1
2,12,9,23,0.05,1,2,1,1,1,297.7,1,3,3,3,3,3,11,3,1,2,2
2,12,9,24,0.05,1,2,1,1,1,269.05,1,14,1,1,1,1,12,1,1,2,2
2,12,9,25,1.8,1,2,1,2,0,201.11,1,14,1,1,1,1,15,1,3,2,2
2,12,9,26,0.05,1,3,1,1,1,289.67,1,16,3,3,3,3,2,1,3,3,1
2,12,9,27,0.4,1,1,1,1,1,241.73,1,4,1,3,1,3,13,1,3,1,3
2,12,9,28,0.8,3,2,2,2,1,220.03,1,19,3,1,1,3,2,1,1,2,2
2,12,9,29,1.8,1,3,1,1,1,220.61,1,18,3,3,3,3,2,1,3,3,1
2,12,9,30,1.8,1,3,1,1,1,211.53,1,1,1,3,1,3,13,1,1,3,3
2,12,9,31,0.1,1,1,1,1,1,253.33,1,6,1,3,1,3,6,3,1,3,1
2,12,9,32,0.8,1,3,1,1,1,216.03,1,15,1,3,1,3,3,1,3,3,1
2,12,9,33,0.2,1,2,1,1,1,266.67,1,18,1,1,1,1,2,1,3,2,2
2,12,9,34,0.8,2,3,2,2,1,232.94,1,6,1,1,2,2,14,3,1,1,3
2,12,9,35,0.8,1,1,1,1,1,226.8,1,7,3,3,3,3,6,3,3,3,3
2,12,9,36,0.05,1,3,1,1,1,323.36,0,19,1,3,1,3,14,1,3,3,1
2,12,9,37,0.1,3,2,2,2,1,294.63,1,11,3,1,1,3,17,3,3,2,2
2,12,9,38,0.05,1,2,1,1,1,466.97,0,14,3,3,3,3,4,3,3,2,2
2,12,9,39,0.1,1,3,1,1,1,294.59,1,6,3,3,3,3,10,3,3,1,1
2,12,9,40,0.4,1,2,1,1,1,263.86,1,17,3,3,3,3,7,1,1,2,2
2,12,9,41,0.4,1,1,1,1,1,227.08,1,18,3,3,3,3,17,1,3,1,3
2,12,9,42,0.05,3,3,2,2,1,260.52,1,5,1,1,3,3,16,3,1,1,3
2,12,9,43,0.1,1,1,1,1,1,282.54,1,9,1,3,1,3,6,1,3,1,3
2,12,9,44,0.4,1,2,1,1,1,245.48,1,8,1,3,1,3,3,1,3,2,2
2,12,9,45,0.8,3,2,2,2,1,1828,0,17,3,1,1,3,14,3,1,2,2
2,12,9,46,0.1,2,3,2,2,1,284.33,1,10,1,3,2,2,14,3,3,1,1
2,12,9,47,0.4,1,3,1,1,1,223.64,1,2,1,1,1,1,4,1,3,3,1
2,12,9,48,1.8,3,1,2,2,1,240.99,1,13,1,1,3,3,3,1,3,1,3
2,12,9,49,0.1,1,3,1,1,1,278.62,1,19,1,1,1,1,4,1,3,3,1
2,12,9,50,0.4,1,3,1,1,1,210.5,1,12,1,3,1,3,4,3,1,1,3
2,12,9,51,0.1,1,2,1,1,1,289.96,1,1,3,3,3,3,20,1,1,2,2
2,12,9,52,0.2,1,2,1,1,1,261.19,1,2,3,1,3,1,6,3,1,2,2
2,12,9,53,0.1,1,3,1,1,1,252.01,1,14,3,3,3,3,17,1,1,3,3
2,12,9,54,0.05,1,2,1,2,0,333.21,0,4,1,1,1,1,12,1,1,2,2
2,12,9,55,0.2,1,3,1,1,1,188.83,1,1,1,1,1,1,2,3,3,1,1
2,12,9,56,0.4,1,2,1,1,1,238.08,1,17,3,3,3,3,6,1,1,2,2
2,12,9,57,0.05,2,3,2,2,1,286.18,1,3,3,3,2,2,12,1,1,3,3
2,12,9,58,0.4,3,3,2,2,1,278.81,1,4,3,3,1,1,11,3,3,1,1
2,12,9,59,0.2,1,3,1,1,1,279.22,1,14,3,1,3,1,12,1,1,3,3
2,12,9,60,0.8,2,2,2,2,1,218.51,1,17,3,3,2,2,15,1,3,2,2
2,12,9,61,0.2,1,2,1,1,1,238.49,1,4,1,3,1,3,2,3,3,2,2
2,12,9,62,0.4,1,3,1,1,1,209.24,1,4,1,3,1,3,15,3,1,1,3
2,12,9,63,1.8,2,2,2,2,1,222.21,1,6,1,1,2,2,18,3,3,2,2
2,12,9,64,0.4,3,1,2,2,1,240.74,1,5,3,1,1,3,1,3,3,3,3
2,12,9,65,0.05,3,1,2,2,1,302.07,0,9,1,1,3,3,7,3,3,3,3
2,12,9,66,0.1,1,1,1,1,1,333.69,0,10,1,3,1,3,18,3,3,3,3
2,12,9,67,0.2,2,3,2,1,0,258.39,1,12,1,1,2,2,10,3,1,1,3
2,12,9,68,0.2,2,1,2,2,1,269.08,1,14,3,3,2,2,17,1,1,1,1
2,12,9,69,0.2,2,3,2,2,1,260.45,1,6,3,1,2,2,4,3,1,1,3
2,12,9,70,0.1,3,3,2,2,1,221.9,1,2,1,3,3,1,18,3,1,1,3
2,12,9,71,1.8,1,2,1,1,1,229.35,1,15,1,1,1,1,8,3,3,2,2
2,12,9,72,0.4,1,1,1,1,1,315.74,0,5,3,3,3,3,19,1,1,1,1
2,12,9,73,0.4,1,1,1,1,1,240.74,1,10,1,3,1,3,12,3,1,3,1
2,12,9,74,1.8,1,1,1,1,1,248.86,1,7,1,1,1,1,12,1,1,1,1
2,12,9,75,1.8,2,2,NaN,NaN,NaN,NaN,NaN,17,1,3,2,2,19,1,3,2,2
2,12,9,76,0.8,1,1,1,1,1,201.74,1,10,1,3,1,3,17,3,3,3,3
2,12,9,77,0.8,1,2,1,1,1,268.16,1,14,3,3,3,3,15,1,1,2,2
2,12,9,78,0.05,3,3,2,2,1,307.22,0,4,3,3,1,1,20,1,3,3,1
2,12,10,1,1.8,2,1,2,1,0,228.02,1,12,1,1,2,2,6,1,3,1,3
2,12,10,2,0.4,1,3,NaN,NaN,NaN,NaN,NaN,20,1,3,1,3,2,3,1,1,3
2,12,10,3,0.1,2,2,2,2,1,247.49,1,16,3,1,2,2,6,3,1,2,2
2,12,10,4,0.1,1,3,1,1,1,262.33,1,10,3,3,3,3,1,3,3,1,1
2,12,10,5,1.8,3,2,2,2,1,198.1,1,7,1,3,3,1,17,3,1,2,2
2,12,10,6,0.05,2,3,2,1,0,259.33,1,17,3,1,2,2,20,3,3,1,1
2,12,10,7,0.4,2,1,2,1,0,278.97,1,12,1,3,2,2,7,1,1,1,1
2,12,10,8,0.05,2,1,2,1,0,260.28,1,1,3,1,2,2,11,3,1,3,1
2,12,10,9,0.4,1,2,NaN,NaN,NaN,NaN,NaN,9,3,1,3,1,20,3,3,2,2
2,12,10,10,0.1,1,3,1,2,0,322.75,0,6,3,1,3,1,9,3,3,1,1
2,12,10,11,0.8,3,2,2,2,1,206.18,1,11,3,3,1,1,14,3,3,2,2
2,12,10,12,0.4,1,3,1,1,1,242.71,1,17,3,3,3,3,19,3,3,1,1
2,12,10,13,0.05,3,2,2,2,1,277.89,1,6,1,3,3,1,20,3,3,2,2
2,12,10,14,1.8,2,2,2,2,1,200.31,1,17,3,1,2,2,16,1,3,2,2
2,12,10,15,1.8,2,2,2,2,1,213.97,1,12,3,3,2,2,20,3,3,2,2
2,12,10,16,0.1,3,3,2,2,1,312,0,18,1,1,3,3,18,1,1,3,3
2,12,10,17,1.8,1,1,1,1,1,262.91,1,10,3,3,3,3,11,3,1,3,1
2,12,10,18,1.8,2,3,2,2,1,198.06,1,4,1,3,2,2,12,1,1,3,3
2,12,10,19,0.1,1,2,1,1,1,295,1,14,1,3,1,3,20,3,1,2,2
2,12,10,20,0.05,1,2,1,1,1,371,0,18,1,3,1,3,2,3,3,2,2
2,12,10,21,0.8,3,3,2,2,1,248.67,1,4,3,1,1,3,3,3,3,1,1
2,12,10,22,0.05,2,1,2,2,1,315.51,0,3,1,1,2,2,19,3,3,3,3
2,12,10,23,0.05,1,2,1,1,1,242.23,1,1,1,1,1,1,3,1,1,2,2
2,12,10,24,0.05,3,2,2,2,1,227.32,1,8,3,1,1,3,1,3,3,2,2
2,12,10,25,0.1,3,1,2,2,1,274.42,1,4,3,3,1,1,2,1,1,1,1
2,12,10,26,0.8,2,3,2,1,0,232.12,1,3,3,1,2,2,12,3,3,1,1
2,12,10,27,1.8,2,3,2,2,1,249.39,1,8,1,3,2,2,20,3,1,1,3
2,12,10,28,0.8,3,2,2,2,1,248.74,1,4,3,3,1,1,1,3,1,2,2
2,12,10,29,0.4,2,3,2,2,1,272.44,1,20,3,1,2,2,5,3,3,1,1
2,12,10,30,0.2,1,2,1,1,1,241.26,1,17,3,3,3,3,4,1,1,2,2
2,12,10,31,0.05,1,3,1,1,1,289.59,1,3,3,1,3,1,20,1,3,3,1
2,12,10,32,0.1,1,3,1,1,1,276.94,1,10,1,1,1,1,7,1,3,3,1
2,12,10,33,0.2,3,1,2,2,1,272.64,1,18,1,1,3,3,17,1,1,1,1
2,12,10,34,1.8,3,2,2,2,1,238.46,1,10,1,1,3,3,3,3,1,2,2
2,12,10,35,0.2,2,1,2,2,1,258.6,1,11,1,1,2,2,1,1,1,1,1
2,12,10,36,0.8,1,1,1,2,0,222.18,1,12,1,1,1,1,7,3,1,3,1
2,12,10,37,0.8,2,3,2,2,1,252.15,1,13,3,1,2,2,17,3,3,1,1
2,12,10,38,0.2,1,2,1,1,1,240.57,1,1,3,1,3,1,16,1,3,2,2
2,12,10,39,0.2,3,3,2,2,1,272.51,1,18,3,3,1,1,11,1,1,3,3
2,12,10,40,1.8,3,2,2,2,1,352.86,0,10,3,3,1,1,8,1,1,2,2
2,12,10,41,0.4,2,3,2,2,1,239.99,1,5,1,3,2,2,15,3,3,1,1
2,12,10,42,0.8,3,2,2,2,1,184.44,1,5,3,1,1,3,17,1,3,2,2
2,12,10,43,0.4,2,1,2,2,1,258.75,1,7,3,3,2,2,20,1,1,1,1
2,12,10,44,0.4,2,3,2,2,1,298,1,15,1,3,2,2,15,1,3,3,1
2,12,10,45,0.2,1,3,1,1,1,234.45,1,18,1,3,1,3,18,1,3,3,1
2,12,10,46,0.2,2,1,2,1,0,274.78,1,3,1,3,2,2,9,1,1,1,1
2,12,10,47,0.1,1,3,1,2,0,354.25,0,9,1,3,1,3,10,3,1,1,3
2,12,10,48,0.2,3,2,2,2,1,187.36,1,19,1,3,3,1,2,1,1,2,2
2,12,10,49,0.8,1,3,1,1,1,229.68,1,1,1,1,1,1,8,3,3,1,1
2,12,10,50,0.8,1,2,1,1,1,271.58,1,14,3,1,3,1,18,3,3,2,2
2,12,10,51,0.1,1,3,1,1,1,309.74,0,2,1,3,1,3,1,3,1,1,3
2,12,10,52,0.4,1,3,1,1,1,295.66,1,13,1,1,1,1,12,1,3,3,1
2,12,10,53,0.1,3,2,2,2,1,248.29,1,13,3,1,1,3,1,3,1,2,2
2,12,10,54,0.05,1,2,1,1,1,266.47,1,14,3,3,3,3,5,1,1,2,2
2,12,10,55,0.4,2,2,2,2,1,219.08,1,19,1,1,2,2,6,1,3,2,2
2,12,10,56,0.4,1,3,1,1,1,298.23,1,11,1,3,1,3,16,1,1,3,3
2,12,10,57,0.8,3,3,2,2,1,221.93,1,11,3,3,1,1,20,1,3,3,1
2,12,10,58,0.2,1,2,1,1,1,146,1,16,3,3,3,3,4,3,3,2,2
2,12,10,59,0.2,2,1,2,2,1,231.83,1,7,3,3,2,2,20,1,1,1,1
2,12,10,60,0.2,1,2,1,1,1,209.57,1,6,1,3,1,3,12,1,3,2,2
2,12,10,61,0.05,1,1,1,2,0,270.83,1,13,3,1,3,1,5,1,3,1,3
2,12,10,62,0.8,1,1,1,1,1,223.37,1,6,3,1,3,1,18,3,3,3,3
2,12,10,63,1.8,3,3,2,2,1,211.63,1,16,1,1,3,3,1,1,3,3,1
2,12,10,64,0.05,1,3,1,1,1,213.55,1,13,3,1,3,1,7,3,3,1,1
2,12,10,65,0.2,2,2,2,1,0,235.67,1,16,1,1,2,2,12,3,3,2,2
2,12,10,66,0.05,2,1,2,1,0,287.51,1,18,1,1,2,2,8,1,1,1,1
2,12,10,67,0.4,1,3,1,2,0,305.63,0,10,3,3,3,3,13,3,3,1,1
2,12,10,68,0.2,3,1,2,2,1,293.33,1,3,3,3,1,1,7,1,1,1,1
2,12,10,69,0.1,2,2,2,1,0,330.13,0,17,3,3,2,2,11,3,3,2,2
2,12,10,70,1.8,3,2,2,2,1,250.35,1,20,3,3,1,1,4,3,1,2,2
2,12,10,71,0.8,3,2,2,2,1,240.01,1,3,1,1,3,3,16,1,1,2,2
2,12,10,72,1.8,1,2,1,1,1,232.92,1,1,3,3,3,3,9,1,3,2,2
2,12,10,73,0.1,3,1,2,2,1,240.65,1,20,3,1,1,3,15,1,1,1,1
2,12,10,74,1.8,2,2,2,1,0,233.83,1,1,1,1,2,2,15,1,3,2,2
2,12,10,75,0.1,2,2,2,1,0,248.03,1,15,1,3,2,2,4,3,3,2,2
2,12,10,76,0.8,3,2,2,2,1,218.45,1,11,1,1,3,3,16,1,3,2,2
2,12,10,77,0.05,1,3,1,1,1,335.01,0,18,3,1,3,1,5,1,3,3,1
2,12,10,78,0.4,3,1,2,2,1,268.63,1,15,3,3,1,1,20,3,1,3,1
