3,7,1,1,0.1,1,1,1,1,1,241.24,1,5,3,1,3,1,5,3,3,3,3
3,7,1,2,0.1,2,3,2,2,1,274.14,1,15,3,1,2,2,8,1,1,3,3
3,7,1,3,0.2,3,2,2,2,1,58.151,2,1,3,1,1,3,6,3,1,2,2
3,7,1,4,0.8,3,1,2,2,1,204.94,1,20,1,1,3,3,15,3,3,3,3
3,7,1,5,0.4,2,2,NaN,NaN,NaN,NaN,NaN,14,3,1,2,2,17,1,3,2,2
3,7,1,6,1.8,3,1,2,2,1,210.57,1,18,1,3,3,1,13,3,3,3,3
3,7,1,7,0.1,1,1,1,1,1,304.14,0,6,3,3,3,3,2,3,1,3,1
3,7,1,8,0.8,2,1,2,1,0,209.29,1,3,3,1,2,2,17,1,3,1,3
3,7,1,9,0.4,3,3,2,2,1,219.73,1,20,1,1,3,3,3,3,3,1,1
3,7,1,10,0.8,1,2,1,1,1,244.97,1,18,1,1,1,1,14,3,3,2,2
3,7,1,11,0.2,1,2,1,1,1,276.59,1,16,1,1,1,1,11,1,3,2,2
3,7,1,12,1.8,1,1,1,1,1,220.34,1,12,3,3,3,3,16,3,1,3,1
3,7,1,13,0.4,1,2,1,1,1,226.36,1,12,1,1,1,1,10,1,3,2,2
3,7,1,14,0.8,3,1,2,2,1,216.57,1,14,1,1,3,3,9,3,1,3,1
3,7,1,15,0.8,1,2,1,1,1,226.56,1,5,3,1,3,1,19,3,3,2,2
3,7,1,16,0.05,3,3,2,2,1,309.11,0,4,3,3,1,1,16,3,1,1,3
3,7,1,17,1.8,3,2,2,2,1,211.95,1,2,3,1,1,3,6,3,3,2,2
3,7,1,18,0.05,3,2,2,2,1,321.36,0,9,3,1,1,3,12,1,1,2,2
3,7,1,19,1.8,1,2,1,1,1,203.07,1,3,3,3,3,3,9,1,3,2,2
3,7,1,20,0.05,1,2,1,2,0,313.69,0,2,3,1,3,1,19,3,3,2,2
3,7,1,21,0.1,2,3,2,2,1,285.76,1,16,1,3,2,2,9,1,3,3,1
3,7,1,22,1.8,2,2,2,2,1,243.41,1,17,1,3,2,2,11,3,3,2,2
3,7,1,23,0.4,3,2,2,2,1,282.18,1,14,1,3,3,1,14,1,3,2,2
3,7,1,24,0.4,1,1,1,1,1,283.88,1,17,3,1,3,1,17,1,3,1,3
3,7,1,25,0.2,1,2,1,1,1,269.51,1,10,1,1,1,1,9,1,3,2,2
3,7,1,26,1.8,1,1,1,1,1,245.72,1,8,1,1,1,1,3,3,3,3,3
3,7,1,27,0.2,1,2,1,1,1,298.05,1,19,3,3,3,3,5,3,3,2,2
3,7,1,28,0.05,3,1,2,2,1,290.49,1,20,3,1,1,3,18,1,1,1,1
3,7,1,29,0.05,1,2,1,1,1,237.31,1,2,1,1,1,1,18,3,3,2,2
3,7,1,30,0.1,1,1,1,1,1,253.86,1,15,3,3,3,3,19,1,1,1,1
3,7,1,31,0.4,3,1,2,2,1,234.14,1,16,3,3,1,1,16,3,3,3,3
3,7,1,32,0.8,1,3,1,1,1,237.94,1,18,1,3,1,3,4,3,1,1,3
3,7,1,33,0.1,2,2,2,1,0,253.06,1,10,1,1,2,2,12,1,1,2,2
3,7,1,34,0.4,3,1,2,2,1,265.78,1,7,1,1,3,3,14,3,1,3,1
3,7,1,35,0.05,3,2,2,2,1,307.37,0,17,3,3,1,1,13,3,1,2,2
3,7,1,36,0.8,2,3,2,2,1,264.81,1,19,3,3,2,2,20,1,1,3,3
3,7,1,37,0.8,3,2,2,2,1,212.53,1,20,1,1,3,3,17,1,1,2,2
3,7,1,38,1.8,1,3,1,1,1,213.27,1,9,1,3,1,3,15,1,1,3,3
3,7,1,39,0.4,3,1,2,2,1,235.75,1,11,1,1,3,3,17,1,3,1,3
3,7,1,40,0.8,1,2,1,1,1,502.7,0,9,1,1,1,1,14,3,3,2,2
3,7,1,41,0.4,1,2,1,1,1,240.15,1,17,1,1,1,1,17,3,1,2,2
3,7,1,42,0.8,1,3,1,1,1,214.2,1,5,1,1,1,1,17,3,3,1,1
3,7,1,43,0.1,2,1,2,2,1,308.47,0,13,3,3,2,2,9,1,1,1,1
3,7,1,44,0.4,3,2,2,2,1,198.2,1,17,1,1,3,3,16,3,1,2,2
3,7,1,45,0.1,2,1,2,1,0,295.81,1,19,1,3,2,2,12,1,3,1,3
3,7,1,46,1.8,1,3,1,1,1,229.73,1,6,1,3,1,3,15,1,1,3,3
3,7,1,47,0.4,1,3,1,1,1,269.87,1,3,1,1,1,1,8,1,3,3,1
3,7,1,48,0.05,1,1,1,1,1,350.98,0,2,3,1,3,1,4,1,1,1,1
3,7,1,49,0.2,3,1,2,2,1,239.72,1,6,3,3,1,1,8,1,3,1,3
3,7,1,50,0.05,3,2,2,2,1,292.81,1,16,1,3,3,1,2,1,3,2,2
3,7,1,51,0.8,1,2,1,1,1,252.18,1,15,1,3,1,3,7,3,3,2,2
3,7,1,52,1.8,1,2,1,1,1,211.89,1,13,1,3,1,3,8,1,1,2,2
3,7,1,53,0.4,3,2,2,2,1,234.64,1,6,3,1,1,3,2,1,3,2,2
3,7,1,54,0.05,1,1,1,1,1,291.74,1,12,3,3,3,3,10,1,1,1,1
3,7,1,55,1.8,2,1,2,1,0,234.08,1,11,1,1,2,2,9,3,3,3,3
3,7,1,56,0.1,1,3,1,1,1,327.75,0,17,1,3,1,3,10,1,1,3,3
3,7,1,57,0.2,3,3,2,2,1,226.08,1,1,1,3,3,1,11,1,3,3,1
3,7,1,58,1.8,3,1,2,2,1,252.77,1,19,1,1,3,3,20,1,3,1,3
3,7,1,59,0.8,2,2,2,2,1,265.55,1,1,3,1,2,2,9,3,3,2,2
3,7,1,60,0.2,1,1,1,1,1,284.9,1,10,1,1,1,1,16,3,3,3,3
3,7,1,61,0.1,1,1,1,1,1,235.12,1,13,3,1,3,1,5,1,3,1,3
3,7,1,62,0.2,1,1,1,2,0,287.85,1,2,1,3,1,3,8,3,1,3,1
3,7,1,63,1.8,2,2,2,2,1,223.73,1,19,3,1,2,2,11,3,1,2,2
3,7,1,64,0.1,2,1,2,1,0,347.99,0,13,3,1,2,2,17,1,3,1,3
3,7,1,65,0.05,1,1,1,1,1,304.75,0,19,3,1,3,1,3,3,1,3,1
3,7,1,66,0.2,3,2,2,2,1,215.29,1,20,1,1,3,3,9,1,3,2,2
3,7,1,67,0.4,1,1,1,1,1,281.92,1,9,3,3,3,3,5,3,3,3,3
3,7,1,68,0.1,1,2,1,1,1,308.4,0,2,1,1,1,1,6,1,3,2,2
3,7,1,69,0.2,2,2,2,2,1,215.96,1,11,1,3,2,2,20,3,3,2,2
3,7,1,70,0.05,1,3,1,1,1,268.55,1,5,3,1,3,1,17,3,3,1,1
3,7,1,71,0.1,2,3,2,2,1,327.01,0,16,3,3,2,2,16,1,3,3,1
3,7,1,72,1.8,1,3,1,1,1,242.61,1,4,1,3,1,3,1,1,3,3,1
3,7,1,73,0.2,1,1,1,1,1,222.22,1,15,1,1,1,1,9,1,1,1,1
3,7,1,74,0.2,2,2,2,2,1,263.31,1,17,3,1,2,2,11,3,3,2,2
3,7,1,75,0.05,3,3,2,2,1,289.29,1,17,3,3,1,1,1,3,1,1,3
3,7,1,76,0.05,1,3,1,1,1,254.97,1,17,1,1,1,1,5,3,1,1,3
3,7,1,77,0.2,3,1,2,2,1,264.6,1,15,1,3,3,1,13,3,3,3,3
3,7,1,78,0.8,2,3,2,2,1,230.99,1,18,3,1,2,2,7,3,1,1,3
3,7,2,1,0.2,1,3,1,2,0,302.6,0,20,3,3,3,3,16,1,3,3,1
3,7,2,2,0.05,3,3,2,1,0,371.56,0,10,1,1,3,3,15,1,1,3,3
3,7,2,3,0.2,1,2,1,1,1,214.56,1,2,3,1,3,1,9,3,1,2,2
3,7,2,4,1.8,2,2,2,2,1,207.45,1,2,3,3,2,2,10,1,1,2,2
3,7,2,5,0.2,3,2,2,2,1,245.6,1,10,3,1,1,3,17,3,3,2,2
3,7,2,6,0.2,3,2,2,2,1,238.33,1,13,1,1,3,3,17,3,3,2,2
3,7,2,7,0.2,1,2,1,1,1,280.58,1,6,3,3,3,3,7,3,1,2,2
3,7,2,8,0.4,1,1,1,1,1,272.11,1,11,1,3,1,3,4,1,1,1,1
3,7,2,9,0.05,1,1,1,1,1,360.39,0,10,3,3,3,3,19,1,1,1,1
3,7,2,10,0.4,3,2,2,2,1,227.57,1,6,3,1,1,3,18,1,1,2,2
3,7,2,11,0.8,3,1,2,2,1,251.09,1,6,1,1,3,3,7,3,3,3,3
3,7,2,12,0.05,1,2,1,1,1,299.86,1,14,3,1,3,1,9,1,3,2,2
3,7,2,13,0.1,3,1,2,2,1,257.54,1,18,1,3,3,1,9,1,3,1,3
3,7,2,14,0.05,1,3,1,2,0,283.2,1,12,1,1,1,1,16,3,3,1,1
3,7,2,15,1.8,1,1,1,1,1,234.68,1,13,3,1,3,1,4,3,1,3,1
3,7,2,16,0.1,1,2,1,1,1,177.41,1,4,1,1,1,1,11,1,1,2,2
3,7,2,17,0.8,3,3,2,2,1,237.09,1,5,1,1,3,3,1,1,1,3,3
3,7,2,18,0.8,3,3,2,2,1,275.53,1,6,3,3,1,1,15,1,1,3,3
3,7,2,19,0.4,1,2,1,1,1,225.86,1,1,3,1,3,1,14,3,1,2,2
3,7,2,20,0.05,2,3,2,2,1,273.89,1,6,1,3,2,2,8,1,1,3,3
3,7,2,21,0.1,3,1,2,2,1,222.38,1,6,1,3,3,1,10,1,3,1,3
3,7,2,22,0.8,1,3,1,1,1,246.41,1,5,1,3,1,3,7,1,1,3,3
3,7,2,23,1.8,3,2,2,2,1,197.83,1,8,1,3,3,1,7,1,1,2,2
3,7,2,24,1.8,3,3,2,2,1,214.22,1,11,1,3,3,1,12,1,3,3,1
3,7,2,25,0.1,1,2,1,1,1,310.18,0,13,3,1,3,1,1,3,1,2,2
3,7,2,26,0.4,3,3,2,2,1,245.41,1,14,1,3,3,1,12,3,3,1,1
3,7,2,27,0.1,2,3,2,2,1,289.73,1,7,1,3,2,2,20,3,3,1,1
3,7,2,28,0.05,1,3,1,1,1,319.72,0,6,1,1,1,1,3,1,1,3,3
3,7,2,29,0.05,2,1,2,2,1,233.9,1,5,3,3,2,2,2,3,1,3,1
3,7,2,30,0.8,3,1,2,2,1,261.74,1,14,1,1,3,3,3,1,3,1,3
3,7,2,31,0.1,3,2,2,2,1,316.86,0,18,1,3,3,1,4,1,1,2,2
3,7,2,32,1.8,1,3,1,1,1,184.63,1,13,1,3,1,3,1,3,3,1,1
3,7,2,33,0.8,2,2,NaN,NaN,NaN,NaN,NaN,17,1,1,2,2,17,1,1,2,2
3,7,2,34,1.8,1,3,1,1,1,247.49,1,14,3,3,3,3,16,1,3,3,1
3,7,2,35,0.8,2,1,2,2,1,235.25,1,13,1,1,2,2,16,1,3,1,3
3,7,2,36,0.2,1,3,1,1,1,265.88,1,9,3,3,3,3,8,1,3,3,1
3,7,2,37,1.8,1,1,1,1,1,208.89,1,19,1,3,1,3,15,3,3,3,3
3,7,2,38,0.8,3,3,2,2,1,258.35,1,9,3,3,1,1,13,3,3,1,1
3,7,2,39,0.05,1,1,1,1,1,285.06,1,14,1,1,1,1,19,1,3,1,3
3,7,2,40,0.05,1,3,1,1,1,288.24,1,8,1,3,1,3,15,1,3,3,1
3,7,2,41,0.1,1,1,1,1,1,229.29,1,13,1,3,1,3,6,3,3,3,3
3,7,2,42,0.8,2,2,2,2,1,243.21,1,3,3,1,2,2,2,1,3,2,2
3,7,2,43,0.05,1,2,1,1,1,222.32,1,19,1,1,1,1,16,1,3,2,2
3,7,2,44,1.8,2,2,2,2,1,254,1,11,3,3,2,2,7,3,3,2,2
3,7,2,45,1.8,2,1,2,2,1,235.49,1,14,3,1,2,2,4,1,3,1,3
3,7,2,46,0.1,1,3,1,1,1,254.29,1,14,3,3,3,3,11,1,1,3,3
3,7,2,47,1.8,1,2,1,1,1,235.87,1,4,1,3,1,3,3,1,3,2,2
3,7,2,48,0.4,1,1,1,1,1,267.79,1,2,3,1,3,1,8,1,1,1,1
3,7,2,49,1.8,3,2,2,2,1,270.56,1,19,3,1,1,3,4,3,3,2,2
3,7,2,50,0.1,1,2,1,1,1,277.09,1,12,1,1,1,1,4,3,1,2,2
3,7,2,51,0.2,1,1,1,1,1,211.77,1,12,3,3,3,3,4,1,1,1,1
3,7,2,52,0.4,1,3,1,1,1,199.89,1,10,1,3,1,3,18,1,1,3,3
3,7,2,53,0.4,3,1,2,2,1,250.51,1,10,1,3,3,1,8,1,1,1,1
3,7,2,54,0.8,3,1,2,2,1,239.39,1,5,3,3,1,1,13,1,1,1,1
3,7,2,55,0.1,2,1,2,2,1,316.28,0,14,3,1,2,2,20,1,3,1,3
3,7,2,56,0.4,1,1,1,1,1,239.21,1,14,1,3,1,3,18,1,3,1,3
3,7,2,57,0.2,3,1,2,2,1,127.65,1,8,3,3,1,1,16,1,1,1,1
3,7,2,58,0.2,2,2,2,2,1,266.78,1,8,3,3,2,2,6,1,3,2,2
3,7,2,59,0.05,1,1,1,1,1,288.02,1,19,1,3,1,3,7,3,1,3,1
3,7,2,60,0.4,3,2,2,2,1,233.46,1,5,3,1,1,3,13,3,1,2,2
3,7,2,61,0.2,1,3,1,1,1,271.21,1,1,1,3,1,3,20,1,1,3,3
3,7,2,62,0.8,2,1,2,2,1,269.69,1,7,3,1,2,2,15,3,1,3,1
3,7,2,63,0.8,2,2,2,2,1,239.24,1,2,1,3,2,2,12,3,1,2,2
3,7,2,64,1.8,2,3,2,2,1,194.22,1,4,1,1,2,2,19,1,1,3,3
3,7,2,65,0.2,2,1,2,1,0,273.24,1,20,3,1,2,2,9,1,3,1,3
3,7,2,66,1.8,2,3,2,1,0,211.36,1,12,1,1,2,2,1,3,1,1,3
3,7,2,67,0.4,2,3,2,2,1,265.35,1,8,3,3,2,2,5,3,3,1,1
3,7,2,68,0.4,2,1,2,2,1,234.27,1,10,3,1,2,2,20,3,3,3,3
3,7,2,69,0.1,1,1,1,1,1,271.35,1,17,3,1,3,1,20,1,3,1,3
3,7,2,70,0.1,2,2,2,1,0,192.8,1,2,3,1,2,2,5,3,3,2,2
3,7,2,71,0.1,2,1,2,2,1,296.29,1,2,1,3,2,2,13,1,1,1,1
3,7,2,72,0.4,1,1,1,1,1,230.54,1,6,3,3,3,3,2,1,1,1,1
3,7,2,73,0.2,1,2,1,1,1,253.41,1,4,1,1,1,1,10,1,1,2,2
3,7,2,74,0.8,3,1,2,2,1,260.89,1,19,3,3,1,1,15,3,3,3,3
3,7,2,75,0.4,2,1,2,2,1,263.7,1,13,1,1,2,2,14,1,3,1,3
3,7,2,76,0.05,2,3,2,1,0,316.19,0,5,3,3,2,2,5,1,1,3,3
3,7,2,77,0.2,1,1,1,1,1,241.7,1,1,3,3,3,3,18,1,1,1,1
3,7,2,78,0.05,3,2,2,2,1,344.08,0,1,1,3,3,1,16,1,3,2,2
3,7,3,1,0.8,1,1,1,1,1,223.38,1,13,3,3,3,3,12,1,1,1,1
3,7,3,2,1.8,1,1,NaN,NaN,NaN,NaN,NaN,13,1,3,1,3,2,1,1,1,1
3,7,3,3,1.8,2,3,2,1,0,235.47,1,1,1,3,2,2,9,1,1,3,3
3,7,3,4,0.4,3,2,2,2,1,228.48,1,14,1,3,3,1,11,1,1,2,2
3,7,3,5,0.8,1,3,1,1,1,245.46,1,13,3,1,3,1,18,3,3,1,1
3,7,3,6,0.1,1,3,1,1,1,294.45,1,17,3,1,3,1,18,3,3,1,1
3,7,3,7,0.1,2,2,2,2,1,323.43,0,19,1,1,2,2,4,1,3,2,2
3,7,3,8,0.2,1,3,1,1,1,236.64,1,4,1,3,1,3,20,3,1,1,3
3,7,3,9,0.1,1,2,1,1,1,286.12,1,18,1,3,1,3,7,1,1,2,2
3,7,3,10,0.2,2,3,2,2,1,188.04,1,13,1,1,2,2,5,1,1,3,3
3,7,3,11,0.8,2,3,2,2,1,216.87,1,5,1,1,2,2,18,3,1,1,3
3,7,3,12,0.1,3,2,2,2,1,294.5,1,14,1,1,3,3,2,3,3,2,2
3,7,3,13,0.4,3,1,2,2,1,243.26,1,6,1,3,3,1,10,3,1,3,1
3,7,3,14,0.05,1,3,1,1,1,310.49,0,8,3,3,3,3,9,3,1,1,3
3,7,3,15,1.8,1,3,1,1,1,238.23,1,1,1,1,1,1,16,3,1,1,3
3,7,3,16,0.4,3,2,2,2,1,239.18,1,18,3,3,1,1,20,1,3,2,2
3,7,3,17,0.1,1,3,1,2,0,295.97,1,4,3,3,3,3,6,1,3,3,1
3,7,3,18,0.1,3,1,2,2,1,223.82,1,16,3,3,1,1,13,3,3,3,3
3,7,3,19,1.8,2,1,2,1,0,238.31,1,20,1,3,2,2,19,1,3,1,3
3,7,3,20,0.8,1,1,1,1,1,260.87,1,17,1,3,1,3,5,3,1,3,1
3,7,3,21,0.8,1,1,1,1,1,251.32,1,8,1,1,1,1,19,1,1,1,1
3,7,3,22,1.8,3,1,NaN,NaN,NaN,NaN,NaN,8,1,1,3,3,7,3,1,3,1
3,7,3,23,0.4,3,3,2,2,1,263.24,1,7,1,1,3,3,11,3,3,1,1
3,7,3,24,0.1,1,3,1,1,1,393.25,0,16,3,1,3,1,15,3,1,1,3
3,7,3,25,0.05,1,3,1,2,0,283.67,1,20,1,3,1,3,19,1,1,3,3
3,7,3,26,1.8,3,1,2,2,1,231.41,1,19,3,1,1,3,18,3,3,3,3
3,7,3,27,0.05,1,3,1,2,0,286.99,1,7,1,1,1,1,4,1,3,3,1
3,7,3,28,0.2,3,2,2,2,1,292.72,1,17,3,3,1,1,17,1,1,2,2
3,7,3,29,0.2,1,2,1,1,1,289.54,1,18,3,3,3,3,12,3,1,2,2
3,7,3,30,0.4,1,3,1,1,1,279.7,1,8,3,3,3,3,9,1,1,3,3
3,7,3,31,0.8,1,3,1,1,1,202.83,1,1,3,1,3,1,19,1,1,3,3
3,7,3,32,0.2,2,1,2,1,0,290.8,1,17,1,1,2,2,15,3,3,3,3
3,7,3,33,0.1,1,3,1,1,1,293.44,1,4,3,1,3,1,7,3,1,1,3
3,7,3,34,0.2,2,2,2,2,1,224.89,1,5,3,3,2,2,8,1,1,2,2
3,7,3,35,0.1,2,1,2,1,0,281.15,1,14,1,1,2,2,10,3,1,3,1
3,7,3,36,0.8,1,2,1,1,1,309.01,0,14,3,1,3,1,19,3,1,2,2
3,7,3,37,0.2,1,1,1,1,1,274.5,1,16,1,1,1,1,18,1,1,1,1
3,7,3,38,0.1,2,2,2,1,0,322.95,0,18,1,3,2,2,14,1,3,2,2
3,7,3,39,1.8,2,1,2,1,0,220.98,1,20,1,3,2,2,18,1,3,1,3
3,7,3,40,1.8,1,2,1,1,1,235.35,1,6,3,1,3,1,6,1,1,2,2
3,7,3,41,0.1,1,1,1,1,1,275.9,1,20,3,1,3,1,20,1,1,1,1
3,7,3,42,1.8,2,3,2,2,1,258.15,1,16,1,1,2,2,7,1,1,3,3
3,7,3,43,0.4,2,1,2,2,1,244.51,1,8,3,3,2,2,17,3,1,3,1
3,7,3,44,0.2,1,3,1,1,1,421.26,0,10,3,1,3,1,5,3,3,1,1
3,7,3,45,0.8,2,3,2,2,1,241.7,1,16,1,3,2,2,12,1,1,3,3
3,7,3,46,0.8,2,3,2,2,1,285,1,15,1,3,2,2,6,3,3,1,1
3,7,3,47,0.05,3,1,2,2,1,304.42,0,16,1,3,3,1,9,1,1,1,1
3,7,3,48,0.05,1,2,1,1,1,291.17,1,9,1,1,1,1,18,1,1,2,2
3,7,3,49,0.2,1,2,1,2,0,99.324,2,6,3,3,3,3,4,1,1,2,2
3,7,3,50,0.4,3,2,2,2,1,238.1,1,18,1,1,3,3,13,1,3,2,2
3,7,3,51,0.4,1,3,1,1,1,200.45,1,3,3,3,3,3,2,3,1,1,3
3,7,3,52,1.8,1,2,1,1,1,213.42,1,19,3,3,3,3,6,1,3,2,2
3,7,3,53,0.4,1,2,1,1,1,220.54,1,2,3,1,3,1,1,3,3,2,2
3,7,3,54,0.4,2,1,2,2,1,202.04,1,2,1,3,2,2,2,3,1,3,1
3,7,3,55,0.4,1,2,1,1,1,221.68,1,3,3,3,3,3,3,3,1,2,2
3,7,3,56,0.05,2,1,2,2,1,351.64,0,15,1,1,2,2,14,1,3,1,3
3,7,3,57,0.8,1,2,1,1,1,252.44,1,14,1,3,1,3,13,1,1,2,2
3,7,3,58,0.1,2,2,2,2,1,264.37,1,17,1,3,2,2,17,3,1,2,2
3,7,3,59,0.2,3,2,2,2,1,258.53,1,13,3,3,1,1,5,3,3,2,2
3,7,3,60,0.05,1,3,1,1,1,317.8,0,12,3,1,3,1,13,3,1,1,3
3,7,3,61,0.4,2,2,2,1,0,255.41,1,3,3,1,2,2,10,3,1,2,2
3,7,3,62,0.2,1,2,1,1,1,232.22,1,20,3,1,3,1,7,1,3,2,2
3,7,3,63,0.2,2,2,2,2,1,203.24,1,8,1,1,2,2,4,3,1,2,2
3,7,3,64,1.8,2,2,NaN,NaN,NaN,NaN,NaN,11,3,1,2,2,2,1,1,2,2
3,7,3,65,0.05,1,2,1,1,1,284.21,1,16,1,3,1,3,15,1,3,2,2
3,7,3,66,0.1,1,2,1,1,1,241.76,1,14,1,3,1,3,5,3,3,2,2
3,7,3,67,0.8,2,3,NaN,NaN,NaN,NaN,NaN,16,3,1,2,2,7,3,3,1,1
3,7,3,68,0.05,1,1,1,1,1,245.91,1,10,1,3,1,3,4,3,3,3,3
3,7,3,69,0.2,1,1,1,1,1,242.03,1,16,3,3,3,3,20,3,1,3,1
3,7,3,70,0.05,2,2,2,2,1,426.53,0,11,1,3,2,2,5,3,1,2,2
3,7,3,71,0.8,2,1,2,2,1,220.85,1,6,1,3,2,2,1,3,3,3,3
3,7,3,72,0.05,3,3,2,2,1,280.97,1,10,1,1,3,3,3,1,3,3,1
3,7,3,73,0.05,1,1,1,1,1,270.72,1,8,1,1,1,1,11,3,1,3,1
3,7,3,74,0.4,1,2,1,1,1,225.87,1,10,1,1,1,1,2,1,3,2,2
3,7,3,75,1.8,3,1,NaN,NaN,NaN,NaN,NaN,18,3,3,1,1,2,3,3,3,3
3,7,3,76,1.8,3,1,2,2,1,248.66,1,3,3,3,1,1,12,1,1,1,1
3,7,3,77,0.05,1,3,1,1,1,303.6,0,1,1,3,1,3,11,1,1,3,3
3,7,3,78,0.8,2,1,2,2,1,269.13,1,11,3,3,2,2,19,1,1,1,1
3,7,4,1,0.1,1,1,1,1,1,265.82,1,4,1,1,1,1,13,3,3,3,3
3,7,4,2,1.8,3,3,2,2,1,223.73,1,20,1,1,3,3,2,1,3,3,1
3,7,4,3,0.2,3,1,2,2,1,270.69,1,12,1,3,3,1,3,1,3,1,3
3,7,4,4,0.05,2,3,2,1,0,337.59,0,19,1,3,2,2,6,1,3,3,1
3,7,4,5,0.05,3,3,2,2,1,294.55,1,5,3,1,1,3,15,1,3,3,1
3,7,4,6,0.2,2,2,2,2,1,217.26,1,3,3,3,2,2,7,1,1,2,2
3,7,4,7,0.2,2,3,2,2,1,263.86,1,16,3,3,2,2,6,3,1,1,3
3,7,4,8,1.8,2,2,2,2,1,209.14,1,16,3,3,2,2,19,1,1,2,2
3,7,4,9,1.8,1,3,1,1,1,259.94,1,12,3,1,3,1,6,1,3,3,1
3,7,4,10,1.8,3,3,2,2,1,235.48,1,13,3,3,1,1,7,3,1,1,3
3,7,4,11,0.8,1,3,1,2,0,231.81,1,16,3,1,3,1,18,1,3,3,1
3,7,4,12,1.8,2,2,2,2,1,184.84,1,4,3,3,2,2,14,1,1,2,2
3,7,4,13,0.8,1,1,1,2,0,217.92,1,13,3,1,3,1,15,1,1,1,1
3,7,4,14,0.1,1,3,1,1,1,290.71,1,10,1,1,1,1,13,3,3,1,1
3,7,4,15,0.05,1,1,1,1,1,270.9,1,1,1,1,1,1,8,3,1,3,1
3,7,4,16,1.8,1,2,1,1,1,264.71,1,5,3,3,3,3,1,3,1,2,2
3,7,4,17,0.8,1,1,1,1,1,239.41,1,11,3,1,3,1,13,3,3,3,3
3,7,4,18,0.4,3,1,2,2,1,264.81,1,6,3,1,1,3,1,1,3,1,3
3,7,4,19,0.8,1,2,1,1,1,217.43,1,8,3,3,3,3,18,1,1,2,2
3,7,4,20,0.4,2,1,2,2,1,248.83,1,6,3,3,2,2,1,3,1,3,1
3,7,4,21,0.4,1,1,1,1,1,243.2,1,18,1,3,1,3,11,3,3,3,3
3,7,4,22,0.2,1,2,1,1,1,264.39,1,17,1,3,1,3,15,3,1,2,2
3,7,4,23,0.05,2,3,2,2,1,372.51,0,11,1,1,2,2,12,3,1,1,3
3,7,4,24,0.05,1,3,1,2,0,322.76,0,14,3,1,3,1,16,1,3,3,1
3,7,4,25,0.4,1,2,NaN,NaN,NaN,NaN,NaN,16,1,3,1,3,14,1,1,2,2
3,7,4,26,1.8,3,3,2,2,1,45.061,2,7,1,3,3,1,5,3,1,1,3
3,7,4,27,0.1,1,2,1,1,1,279.27,1,9,1,3,1,3,10,1,3,2,2
3,7,4,28,0.2,2,2,2,1,0,232.64,1,11,1,3,2,2,13,1,1,2,2
3,7,4,29,0.1,3,1,2,2,1,293.22,1,8,1,3,3,1,10,1,3,1,3
3,7,4,30,0.4,1,3,1,1,1,230.6,1,17,1,1,1,1,17,3,3,1,1
3,7,4,31,0.4,3,3,2,2,1,249.76,1,6,3,3,1,1,17,3,3,1,1
3,7,4,32,0.8,2,3,2,2,1,220.28,1,17,1,3,2,2,18,3,1,1,3
3,7,4,33,0.8,3,2,2,2,1,265.67,1,2,3,1,1,3,20,1,1,2,2
3,7,4,34,0.2,1,2,1,1,1,317.92,0,9,3,1,3,1,9,3,1,2,2
3,7,4,35,0.1,1,3,1,2,0,326.53,0,18,3,3,3,3,18,1,1,3,3
3,7,4,36,1.8,2,1,2,2,1,216.21,1,9,3,1,2,2,6,3,1,3,1
3,7,4,37,1.8,1,2,1,1,1,238.34,1,6,1,3,1,3,20,1,1,2,2
3,7,4,38,0.05,3,1,2,2,1,334.37,0,3,1,1,3,3,9,1,3,1,3
3,7,4,39,0.4,2,3,2,2,1,251.97,1,14,3,1,2,2,3,3,1,1,3
3,7,4,40,0.8,3,1,2,2,1,249.19,1,13,1,3,3,1,13,1,3,1,3
3,7,4,41,0.1,1,2,1,2,0,298.09,1,5,3,1,3,1,20,1,3,2,2
3,7,4,42,0.4,1,3,1,1,1,256.43,1,14,1,1,1,1,1,1,3,3,1
3,7,4,43,0.05,1,1,1,1,1,261.52,1,11,1,1,1,1,16,1,1,1,1
3,7,4,44,1.8,2,3,2,2,1,241.36,1,4,1,1,2,2,15,1,1,3,3
3,7,4,45,0.1,1,2,1,1,1,218.78,1,8,3,1,3,1,19,3,1,2,2
3,7,4,46,0.1,1,2,1,1,1,306.56,0,20,1,3,1,3,20,1,3,2,2
3,7,4,47,0.8,1,3,1,1,1,247.46,1,19,1,1,1,1,13,3,3,1,1
3,7,4,48,0.8,1,3,1,2,0,299.41,1,3,1,1,1,1,16,3,3,1,1
3,7,4,49,0.2,2,3,2,2,1,276.58,1,9,1,1,2,2,14,3,1,1,3
3,7,4,50,0.05,1,3,1,1,1,327.93,0,13,3,1,3,1,19,1,1,3,3
3,7,4,51,0.2,2,2,2,2,1,231.51,1,8,3,3,2,2,13,1,1,2,2
3,7,4,52,1.8,2,3,2,1,0,261.61,1,16,3,3,2,2,3,3,3,1,1
3,7,4,53,0.8,1,2,NaN,NaN,NaN,NaN,NaN,16,3,3,3,3,20,3,3,2,2
3,7,4,54,0.2,3,3,2,2,1,189.74,1,8,3,1,1,3,8,3,3,1,1
3,7,4,55,0.1,1,1,1,1,1,284.81,1,1,3,1,3,1,17,3,3,3,3
3,7,4,56,0.4,2,2,2,1,0,291.42,1,4,1,3,2,2,20,1,1,2,2
3,7,4,57,0.2,1,3,1,1,1,237.46,1,1,1,3,1,3,3,1,1,3,3
3,7,4,58,0.1,2,2,2,1,0,290.32,1,7,3,1,2,2,4,1,1,2,2
3,7,4,59,0.4,3,1,2,2,1,249.4,1,10,3,3,1,1,14,1,1,1,1
3,7,4,60,0.05,2,3,2,2,1,374.83,0,20,3,3,2,2,1,3,1,1,3
3,7,4,61,0.1,2,1,2,2,1,336.59,0,5,3,3,2,2,1,1,1,1,1
3,7,4,62,0.4,1,2,1,1,1,209.02,1,15,1,1,1,1,12,3,3,2,2
3,7,4,63,1.8,1,2,1,1,1,253.37,1,11,1,3,1,3,7,3,3,2,2
3,7,4,64,0.8,3,3,2,2,1,242.01,1,5,3,3,1,1,10,3,3,1,1
3,7,4,65,0.8,1,1,1,1,1,247.36,1,5,1,3,1,3,8,1,1,1,1
3,7,4,66,0.05,1,1,1,1,1,254.58,1,2,3,1,3,1,10,3,3,3,3
3,7,4,67,0.1,1,2,1,1,1,275.23,1,19,1,3,1,3,6,3,3,2,2
3,7,4,68,0.1,1,3,1,1,1,219.62,1,19,3,1,3,1,12,3,3,1,1
3,7,4,69,0.2,1,2,1,1,1,197.51,1,4,3,3,3,3,6,3,1,2,2
3,7,4,70,0.4,3,1,2,2,1,218.07,1,4,3,1,1,3,9,1,3,1,3
3,7,4,71,0.4,1,3,1,1,1,249.06,1,9,3,3,3,3,9,3,1,1,3
3,7,4,72,0.2,1,1,1,1,1,208.01,1,3,1,3,1,3,5,1,1,1,1
3,7,4,73,0.2,3,2,2,2,1,257.92,1,1,3,3,1,1,17,3,1,2,2
3,7,4,74,0.05,3,1,2,1,0,271.06,1,12,1,3,3,1,11,1,1,1,1
3,7,4,75,0.05,1,2,1,1,1,298.04,1,15,3,1,3,1,1,3,1,2,2
3,7,4,76,0.05,3,1,2,2,1,302.38,0,11,1,3,3,1,15,1,1,1,1
3,7,4,77,0.8,1,3,1,1,1,259.32,1,10,3,3,3,3,10,3,1,1,3
3,7,4,78,1.8,1,2,1,2,0,214.77,1,10,1,3,1,3,2,1,1,2,2
3,7,5,1,0.1,1,3,1,1,1,232.48,1,12,3,1,3,1,1,1,1,3,3
3,7,5,2,0.05,1,2,1,1,1,248.96,1,3,3,3,3,3,9,1,1,2,2
3,7,5,3,0.8,1,2,1,1,1,247.5,1,20,1,1,1,1,7,1,1,2,2
3,7,5,4,0.8,3,1,2,2,1,255.57,1,7,3,3,1,1,2,1,3,1,3
3,7,5,5,0.4,1,3,1,1,1,215.48,1,15,1,1,1,1,9,3,3,1,1
3,7,5,6,1.8,1,3,1,1,1,192.3,1,2,1,3,1,3,13,1,1,3,3
3,7,5,7,0.1,1,1,1,1,1,310.15,0,18,3,3,3,3,5,1,1,1,1
3,7,5,8,0.4,3,1,2,2,1,162.3,1,10,3,3,1,1,2,1,1,1,1
3,7,5,9,1.8,3,3,2,2,1,250.03,1,19,1,3,3,1,8,1,1,3,3
3,7,5,10,0.1,1,1,1,1,1,306.02,0,3,1,3,1,3,13,3,3,3,3
3,7,5,11,0.4,3,3,2,2,1,251.32,1,8,1,1,3,3,3,1,1,3,3
3,7,5,12,0.1,2,3,2,2,1,291.24,1,16,3,3,2,2,13,3,3,1,1
3,7,5,13,0.2,1,2,1,1,1,203.42,1,3,3,3,3,3,10,1,3,2,2
3,7,5,14,0.1,1,3,1,2,0,314.65,0,12,1,1,1,1,6,3,3,1,1
3,7,5,15,0.05,1,3,1,1,1,274.21,1,2,1,3,1,3,13,3,1,1,3
3,7,5,16,0.4,1,2,1,1,1,247.77,1,7,1,1,1,1,20,1,1,2,2
3,7,5,17,1.8,2,2,2,2,1,214.17,1,20,3,1,2,2,13,3,1,2,2
3,7,5,18,0.2,3,3,2,2,1,288.61,1,13,3,1,1,3,8,1,3,3,1
3,7,5,19,0.05,2,3,2,1,0,262.65,1,19,1,3,2,2,3,3,1,1,3
3,7,5,20,0.2,1,1,1,1,1,171.96,1,7,1,1,1,1,3,3,3,3,3
3,7,5,21,0.4,1,1,NaN,NaN,NaN,NaN,NaN,6,3,3,3,3,12,1,3,1,3
3,7,5,22,0.05,2,1,2,2,1,719.78,0,19,3,3,2,2,13,1,3,1,3
3,7,5,23,0.4,3,1,2,2,1,259.97,1,19,1,1,3,3,2,1,1,1,1
3,7,5,24,1.8,1,3,NaN,NaN,NaN,NaN,NaN,17,3,1,3,1,5,1,1,3,3
3,7,5,25,0.2,1,3,1,1,1,298.06,1,18,3,3,3,3,10,3,1,1,3
3,7,5,26,0.2,1,3,1,1,1,254.49,1,19,1,1,1,1,7,1,1,3,3
3,7,5,27,0.2,3,1,2,2,1,217.81,1,5,1,1,3,3,10,1,3,1,3
3,7,5,28,0.1,1,1,1,1,1,272.3,1,6,1,3,1,3,16,1,1,1,1
3,7,5,29,0.4,2,3,2,2,1,260.58,1,16,3,1,2,2,16,3,3,1,1
3,7,5,30,0.1,3,2,2,2,1,249.19,1,1,1,1,3,3,7,1,3,2,2
3,7,5,31,0.4,3,2,2,2,1,212.75,1,11,1,3,3,1,10,3,3,2,2
3,7,5,32,0.2,1,1,1,1,1,230.53,1,2,3,3,3,3,4,1,3,1,3
3,7,5,33,0.4,3,3,2,2,1,184.1,1,12,3,3,1,1,20,3,1,1,3
3,7,5,34,0.05,1,2,1,1,1,290.95,1,9,3,3,3,3,6,1,1,2,2
3,7,5,35,0.4,1,3,1,2,0,224.6,1,14,1,3,1,3,8,3,3,1,1
3,7,5,36,1.8,3,3,2,2,1,239.95,1,19,3,1,1,3,2,3,1,1,3
3,7,5,37,0.05,1,3,1,1,1,251.39,1,8,3,3,3,3,5,1,3,3,1
3,7,5,38,0.1,2,3,2,2,1,278.07,1,15,1,3,2,2,1,1,1,3,3
3,7,5,39,1.8,1,1,1,1,1,248.58,1,18,1,3,1,3,9,1,3,1,3
3,7,5,40,1.8,2,2,2,1,0,230.61,1,12,3,1,2,2,5,3,3,2,2
3,7,5,41,0.8,1,2,1,1,1,219.14,1,20,3,3,3,3,3,3,1,2,2
3,7,5,42,1.8,3,1,NaN,NaN,NaN,NaN,NaN,14,3,1,1,3,9,1,3,1,3
3,7,5,43,1.8,2,1,2,2,1,251.77,1,5,1,3,2,2,1,1,3,1,3
3,7,5,44,0.05,2,1,2,1,0,308.02,0,7,1,1,2,2,5,1,3,1,3
3,7,5,45,0.1,3,1,2,2,1,294.84,1,3,3,3,1,1,1,1,3,1,3
3,7,5,46,0.8,1,3,1,1,1,298.96,1,7,1,3,1,3,5,3,3,1,1
3,7,5,47,1.8,2,3,2,2,1,246,1,3,3,3,2,2,15,3,1,1,3
3,7,5,48,0.8,1,2,NaN,NaN,NaN,NaN,NaN,16,1,1,1,1,1,3,3,2,2
3,7,5,49,0.8,3,3,2,2,1,292.45,1,8,3,1,1,3,6,1,3,3,1
3,7,5,50,0.4,3,2,2,2,1,244.44,1,20,1,1,3,3,5,3,3,2,2
3,7,5,51,1.8,3,2,2,2,1,239.79,1,7,1,3,3,1,11,1,1,2,2
3,7,5,52,0.8,3,1,2,2,1,249.17,1,2,1,1,3,3,1,3,1,3,1
3,7,5,53,0.1,2,2,2,2,1,344.14,0,13,3,3,2,2,3,1,3,2,2
3,7,5,54,0.8,2,3,2,1,0,265.79,1,12,1,1,2,2,16,3,3,1,1
3,7,5,55,0.05,3,2,2,1,0,378.53,0,12,3,3,1,1,6,1,1,2,2
3,7,5,56,0.2,2,2,2,2,1,297.67,1,1,3,1,2,2,15,3,1,2,2
3,7,5,57,0.1,2,1,2,1,0,260.76,1,13,1,1,2,2,12,3,3,3,3
3,7,5,58,0.8,1,3,1,1,1,257.97,1,5,3,3,3,3,9,1,1,3,3
3,7,5,59,0.4,1,3,1,1,1,414.5,0,19,3,1,3,1,12,1,3,3,1
3,7,5,60,1.8,3,1,2,2,1,232.96,1,3,3,1,1,3,10,1,3,1,3
3,7,5,61,0.05,1,1,1,1,1,260.65,1,6,1,1,1,1,6,3,1,3,1
3,7,5,62,0.2,3,1,2,2,1,248.78,1,16,3,3,1,1,12,1,1,1,1
3,7,5,63,0.2,1,1,1,1,1,327.37,0,12,3,1,3,1,9,3,3,3,3
3,7,5,64,0.2,1,1,1,1,1,177.49,1,18,1,3,1,3,2,1,3,1,3
3,7,5,65,0.8,1,1,NaN,NaN,NaN,NaN,NaN,20,1,3,1,3,5,3,3,3,3
3,7,5,66,0.2,1,1,1,1,1,275.29,1,20,3,1,3,1,15,3,3,3,3
3,7,5,67,0.05,2,3,2,2,1,316.6,0,19,1,3,2,2,7,3,1,1,3
3,7,5,68,0.8,1,3,1,1,1,227.26,1,10,3,1,3,1,18,1,1,3,3
3,7,5,69,1.8,1,2,1,1,1,210.07,1,7,1,1,1,1,9,3,3,2,2
3,7,5,70,0.2,3,3,2,2,1,271.03,1,16,1,3,3,1,14,1,3,3,1
3,7,5,71,0.05,2,2,2,1,0,402.53,0,14,1,3,2,2,8,1,3,2,2
3,7,5,72,0.8,3,3,2,2,1,251.43,1,15,1,3,3,1,1,1,3,3,1
3,7,5,73,0.4,1,1,1,1,1,254.14,1,14,1,3,1,3,20,3,1,3,1
3,7,5,74,0.8,1,2,1,1,1,244.28,1,4,1,3,1,3,20,1,3,2,2
3,7,5,75,0.1,2,2,2,1,0,203,1,18,3,3,2,2,17,1,1,2,2
3,7,5,76,0.1,1,2,1,1,1,345.4,0,19,3,1,3,1,9,1,3,2,2
3,7,5,77,0.05,2,3,2,1,0,196.84,1,20,3,3,2,2,9,1,3,3,1
3,7,5,78,0.05,1,3,1,2,0,303.66,0,4,3,3,3,3,16,1,3,3,1
3,7,6,1,0.8,1,3,1,1,1,246.71,1,13,1,3,1,3,13,1,1,3,3
3,7,6,2,0.4,3,2,2,2,1,206.24,1,19,3,1,1,3,16,1,1,2,2
3,7,6,3,0.4,3,1,2,2,1,239.11,1,13,1,3,3,1,19,3,1,3,1
3,7,6,4,0.8,1,1,1,1,1,248.9,1,3,1,3,1,3,15,1,1,1,1
3,7,6,5,0.2,1,1,1,1,1,244.17,1,14,3,3,3,3,9,3,1,3,1
3,7,6,6,0.2,3,3,2,2,1,247.7,1,16,3,3,1,1,20,1,3,3,1
3,7,6,7,0.05,3,1,2,2,1,331.7,0,15,3,1,1,3,11,1,3,1,3
3,7,6,8,0.8,3,2,2,2,1,216.45,1,6,3,1,1,3,14,1,1,2,2
3,7,6,9,0.4,2,3,2,2,1,184.86,1,11,1,3,2,2,13,3,1,1,3
3,7,6,10,0.1,3,2,2,2,1,244.58,1,4,3,3,1,1,3,3,1,2,2
3,7,6,11,0.2,1,1,1,1,1,450.03,0,15,3,1,3,1,20,3,1,3,1
3,7,6,12,0.2,2,3,2,2,1,210.19,1,17,1,1,2,2,11,3,1,1,3
3,7,6,13,0.4,3,2,2,2,1,237.97,1,14,3,1,1,3,5,1,1,2,2
3,7,6,14,0.2,1,2,1,1,1,224.55,1,15,1,1,1,1,17,1,1,2,2
3,7,6,15,0.4,1,1,1,1,1,254.73,1,5,3,1,3,1,10,3,1,3,1
3,7,6,16,0.8,1,3,1,2,0,249.24,1,2,3,3,3,3,8,3,3,1,1
3,7,6,17,1.8,3,2,2,2,1,211.78,1,13,1,1,3,3,19,3,3,2,2
3,7,6,18,0.1,1,2,1,1,1,261.16,1,10,3,3,3,3,3,3,1,2,2
3,7,6,19,0.05,3,1,2,2,1,293.89,1,5,1,1,3,3,11,3,3,3,3
3,7,6,20,0.1,1,2,1,1,1,232.91,1,17,3,3,3,3,18,1,1,2,2
3,7,6,21,0.1,1,3,1,1,1,195.77,1,5,3,1,3,1,9,3,1,1,3
3,7,6,22,0.05,2,3,2,1,0,263.32,1,7,1,3,2,2,16,1,3,3,1
3,7,6,23,0.4,1,3,1,1,1,379.89,0,1,3,3,3,3,10,1,3,3,1
3,7,6,24,1.8,3,1,2,2,1,253.91,1,4,3,1,1,3,15,3,1,3,1
3,7,6,25,0.4,1,1,1,1,1,266.95,1,2,3,3,3,3,10,1,1,1,1
3,7,6,26,0.8,1,2,1,1,1,285.05,1,17,1,1,1,1,14,1,3,2,2
3,7,6,27,0.05,2,3,2,2,1,371.76,0,17,1,3,2,2,6,3,1,1,3
3,7,6,28,0.05,1,3,1,1,1,300.19,0,20,3,1,3,1,1,3,3,1,1
3,7,6,29,1.8,1,1,1,1,1,226.92,1,18,1,1,1,1,16,3,3,3,3
3,7,6,30,0.8,3,1,NaN,NaN,NaN,NaN,NaN,1,3,3,1,1,20,3,3,3,3
3,7,6,31,0.1,2,2,2,2,1,285.35,1,1,3,3,2,2,13,3,1,2,2
3,7,6,32,0.1,2,3,2,1,0,319.6,0,15,3,3,2,2,18,1,3,3,1
3,7,6,33,0.4,3,2,2,2,1,215.84,1,2,3,1,1,3,20,1,3,2,2
3,7,6,34,0.1,2,2,2,2,1,252.42,1,13,3,3,2,2,16,1,1,2,2
3,7,6,35,0.05,1,1,1,1,1,424.46,0,2,3,3,3,3,15,3,1,3,1
3,7,6,36,0.1,1,2,1,1,1,288.8,1,13,3,3,3,3,7,3,1,2,2
3,7,6,37,0.2,2,1,2,2,1,163.91,1,12,3,3,2,2,6,1,1,1,1
3,7,6,38,0.1,3,3,2,2,1,261.68,1,4,3,3,1,1,1,1,1,3,3
3,7,6,39,0.8,1,3,NaN,NaN,NaN,NaN,NaN,5,1,3,1,3,1,1,1,3,3
3,7,6,40,0.2,2,2,2,1,0,289.29,1,12,1,3,2,2,17,3,1,2,2
3,7,6,41,1.8,1,1,NaN,NaN,NaN,NaN,NaN,14,1,3,1,3,7,3,3,3,3
3,7,6,42,0.4,1,3,1,1,1,281.2,1,19,3,1,3,1,2,1,1,3,3
3,7,6,43,1.8,1,3,1,1,1,208.44,1,19,3,3,3,3,7,3,1,1,3
3,7,6,44,0.05,2,2,2,1,0,284.61,1,17,3,1,2,2,4,1,1,2,2
3,7,6,45,0.8,3,2,2,2,1,209.57,1,12,1,1,3,3,4,3,1,2,2
3,7,6,46,1.8,2,1,2,2,1,217.65,1,20,3,1,2,2,16,3,1,3,1
3,7,6,47,1.8,2,3,2,1,0,251.45,1,8,3,1,2,2,4,3,1,1,3
3,7,6,48,0.4,1,2,1,1,1,387,0,18,1,1,1,1,13,3,1,2,2
3,7,6,49,1.8,1,2,1,1,1,245.26,1,11,3,1,3,1,8,1,1,2,2
3,7,6,50,0.4,3,1,2,2,1,279.26,1,6,1,1,3,3,11,3,1,3,1
3,7,6,51,0.05,2,2,2,2,1,310.28,0,1,3,1,2,2,14,1,3,2,2
3,7,6,52,0.4,3,2,2,2,1,403.72,0,11,1,1,3,3,20,3,1,2,2
3,7,6,53,0.2,1,3,1,1,1,237.86,1,10,1,1,1,1,6,1,3,3,1
3,7,6,54,1.8,3,3,2,2,1,245.88,1,1,1,1,3,3,8,3,1,1,3
3,7,6,55,1.8,1,2,1,1,1,258.14,1,13,1,3,1,3,5,1,1,2,2
3,7,6,56,0.05,3,2,2,2,1,268.88,1,13,1,1,3,3,4,1,3,2,2
3,7,6,57,0.2,1,2,1,1,1,210.97,1,16,3,3,3,3,19,1,3,2,2
3,7,6,58,0.2,2,3,2,2,1,273.35,1,8,3,3,2,2,4,1,3,3,1
3,7,6,59,1.8,1,3,1,1,1,212.84,1,1,1,1,1,1,17,3,1,1,3
3,7,6,60,0.1,2,2,2,2,1,319.57,0,18,3,1,2,2,15,1,1,2,2
3,7,6,61,0.8,1,3,1,2,0,283.13,1,8,3,3,3,3,20,3,3,1,1
3,7,6,62,0.4,1,1,1,1,1,278.77,1,2,3,1,3,1,5,1,1,1,1
3,7,6,63,0.8,1,1,1,1,1,278.11,1,4,1,1,1,1,11,1,3,1,3
3,7,6,64,0.8,3,3,2,2,1,249.04,1,10,3,3,1,1,7,3,1,1,3
3,7,6,65,0.2,2,1,2,2,1,246.51,1,10,3,3,2,2,19,1,3,1,3
3,7,6,66,0.1,1,1,1,1,1,311.12,0,7,1,1,1,1,17,1,1,1,1
3,7,6,67,0.8,1,2,1,1,1,238.06,1,3,1,1,1,1,12,1,1,2,2
3,7,6,68,0.8,1,1,1,1,1,230.67,1,7,1,3,1,3,6,1,1,1,1
3,7,6,69,1.8,2,2,2,2,1,225.23,1,20,1,3,2,2,3,1,1,2,2
3,7,6,70,0.05,1,1,1,1,1,265.4,1,9,3,1,3,1,18,1,3,1,3
3,7,6,71,0.05,1,1,1,2,0,294.49,1,13,3,3,3,3,2,1,3,1,3
3,7,6,72,0.05,1,2,1,1,1,264.87,1,1,3,3,3,3,13,3,1,2,2
3,7,6,73,0.2,3,2,2,1,0,259.46,1,15,3,3,1,1,19,1,1,2,2
3,7,6,74,1.8,2,3,2,1,0,228.85,1,10,3,3,2,2,12,1,1,3,3
3,7,6,75,0.2,1,2,1,1,1,246.59,1,20,1,1,1,1,17,3,1,2,2
3,7,6,76,0.1,3,3,2,2,1,260.57,1,18,3,1,1,3,15,3,1,1,3
3,7,6,77,0.05,1,1,1,2,0,292.65,1,16,3,3,3,3,19,1,1,1,1
3,7,6,78,0.1,3,2,2,2,1,261.38,1,18,1,3,3,1,13,3,1,2,2
3,7,7,1,0.05,1,3,1,1,1,293.11,1,14,3,3,3,3,3,1,3,3,1
3,7,7,2,0.05,3,2,2,2,1,287.79,1,1,3,1,1,3,20,3,3,2,2
3,7,7,3,0.1,1,1,1,1,1,176.84,1,1,1,3,1,3,5,1,3,1,3
3,7,7,4,0.05,1,1,1,2,0,252.26,1,6,3,3,3,3,5,1,1,1,1
3,7,7,5,1.8,3,2,2,2,1,215.17,1,14,1,1,3,3,4,3,1,2,2
3,7,7,6,0.2,3,2,2,2,1,276.48,1,18,3,1,1,3,2,3,1,2,2
3,7,7,7,0.1,1,3,1,1,1,259.35,1,14,3,1,3,1,6,1,1,3,3
3,7,7,8,0.1,1,2,1,1,1,211.23,1,5,3,3,3,3,8,3,1,2,2
3,7,7,9,0.4,1,2,1,1,1,219.93,1,12,1,1,1,1,5,1,1,2,2
3,7,7,10,1.8,2,2,NaN,NaN,NaN,NaN,NaN,3,3,1,2,2,5,3,3,2,2
3,7,7,11,0.2,1,3,1,1,1,339.64,0,14,1,1,1,1,19,1,3,3,1
3,7,7,12,1.8,1,2,1,1,1,224.03,1,12,3,3,3,3,16,1,1,2,2
3,7,7,13,1.8,1,2,NaN,NaN,NaN,NaN,NaN,5,3,1,3,1,9,1,1,2,2
3,7,7,14,0.1,3,3,2,2,1,285.92,1,4,1,1,3,3,12,3,1,1,3
3,7,7,15,0.2,1,3,1,1,1,265.8,1,8,1,1,1,1,14,3,1,1,3
3,7,7,16,0.1,3,2,2,2,1,267.02,1,13,3,1,1,3,3,3,1,2,2
3,7,7,17,0.2,1,3,1,1,1,257.2,1,8,1,3,1,3,12,3,3,1,1
3,7,7,18,0.1,2,2,2,2,1,235.39,1,5,1,3,2,2,15,3,3,2,2
3,7,7,19,0.4,2,3,2,2,1,223.12,1,4,3,1,2,2,3,1,3,3,1
3,7,7,20,1.8,3,1,NaN,NaN,NaN,NaN,NaN,4,1,3,3,1,5,3,1,3,1
3,7,7,21,0.4,2,3,2,1,0,264.67,1,7,3,3,2,2,18,1,3,3,1
3,7,7,22,0.4,1,2,1,1,1,241.17,1,17,3,3,3,3,12,3,3,2,2
3,7,7,23,0.05,2,2,2,1,0,433.99,0,20,1,3,2,2,9,3,1,2,2
3,7,7,24,0.8,3,3,2,2,1,213.17,1,19,3,1,1,3,18,3,3,1,1
3,7,7,25,1.8,3,3,2,2,1,217.24,1,9,3,3,1,1,15,3,1,1,3
3,7,7,26,0.4,1,2,1,1,1,269.9,1,4,1,3,1,3,9,1,3,2,2
3,7,7,27,0.4,3,1,2,2,1,267.12,1,1,1,1,3,3,1,1,1,1,1
3,7,7,28,0.05,1,2,1,1,1,316.19,0,6,1,3,1,3,15,3,1,2,2
3,7,7,29,0.2,1,3,1,1,1,239.65,1,8,1,1,1,1,2,3,3,1,1
3,7,7,30,0.05,1,2,1,1,1,284.17,1,18,1,1,1,1,9,1,1,2,2
3,7,7,31,0.1,1,1,1,1,1,235.56,1,18,1,3,1,3,4,1,3,1,3
3,7,7,32,1.8,1,1,1,1,1,240.89,1,9,1,1,1,1,14,3,1,3,1
3,7,7,33,1.8,1,2,1,1,1,263.94,1,2,1,3,1,3,5,1,1,2,2
3,7,7,34,0.2,1,1,1,1,1,276.8,1,19,3,3,3,3,11,1,1,1,1
3,7,7,35,0.8,1,2,1,1,1,264.05,1,1,3,1,3,1,14,1,3,2,2
3,7,7,36,0.05,3,2,2,2,1,330.25,0,10,3,1,1,3,13,3,3,2,2
3,7,7,37,0.2,1,3,1,1,1,226.35,1,7,3,3,3,3,1,3,3,1,1
3,7,7,38,1.8,1,2,1,1,1,211.12,1,14,1,3,1,3,20,3,1,2,2
3,7,7,39,0.05,3,1,2,2,1,293.64,1,11,1,1,3,3,8,1,3,1,3
3,7,7,40,0.8,1,3,1,1,1,284.29,1,18,3,1,3,1,15,3,1,1,3
3,7,7,41,1.8,3,1,2,2,1,229.5,1,16,1,1,3,3,16,3,1,3,1
3,7,7,42,0.05,3,2,2,1,0,268.96,1,3,1,3,3,1,15,3,1,2,2
3,7,7,43,0.8,2,2,2,1,0,244.84,1,18,1,3,2,2,16,1,1,2,2
3,7,7,44,0.2,2,1,2,2,1,278.7,1,13,1,1,2,2,14,1,3,1,3
3,7,7,45,0.1,3,2,2,2,1,237.96,1,8,1,1,3,3,18,1,1,2,2
3,7,7,46,0.4,2,1,2,1,0,215.02,1,20,1,1,2,2,9,1,3,1,3
3,7,7,47,0.05,3,1,2,2,1,285.63,1,8,3,3,1,1,16,3,1,3,1
3,7,7,48,0.4,2,1,2,1,0,254.59,1,20,1,3,2,2,13,3,1,3,1
3,7,7,49,0.05,1,3,1,1,1,248.3,1,14,1,1,1,1,12,1,3,3,1
3,7,7,50,0.2,1,2,1,1,1,251.04,1,20,1,1,1,1,18,3,3,2,2
3,7,7,51,1.8,1,1,1,1,1,285.71,1,19,1,3,1,3,9,3,3,3,3
3,7,7,52,0.05,1,2,1,1,1,268.45,1,20,1,1,1,1,6,1,3,2,2
3,7,7,53,0.4,2,3,2,1,0,380.81,0,15,3,1,2,2,13,3,3,1,1
3,7,7,54,0.8,1,3,NaN,NaN,NaN,NaN,NaN,7,3,3,3,3,20,1,1,3,3
3,7,7,55,0.8,1,1,1,1,1,224.85,1,4,1,3,1,3,8,3,1,3,1
3,7,7,56,0.8,2,1,2,1,0,282.06,1,11,3,3,2,2,20,1,1,1,1
3,7,7,57,1.8,2,3,2,1,0,247.61,1,20,3,3,2,2,4,3,1,1,3
3,7,7,58,0.4,1,1,1,1,1,275.15,1,13,1,1,1,1,5,1,1,1,1
3,7,7,59,0.8,1,1,1,1,1,280.99,1,19,3,1,3,1,16,3,1,3,1
3,7,7,60,0.2,1,2,1,1,1,257.1,1,18,3,1,3,1,18,3,1,2,2
3,7,7,61,0.8,1,1,1,1,1,245.73,1,9,3,1,3,1,19,3,1,3,1
3,7,7,62,0.8,1,3,1,1,1,231.18,1,13,3,3,3,3,16,3,3,1,1
3,7,7,63,0.1,2,2,2,2,1,324.01,0,16,1,1,2,2,18,1,3,2,2
3,7,7,64,0.1,1,3,1,1,1,219.3,1,14,1,1,1,1,4,3,3,1,1
3,7,7,65,0.8,1,1,1,1,1,226.93,1,17,1,1,1,1,17,3,1,3,1
3,7,7,66,0.4,1,3,1,1,1,258.81,1,8,3,1,3,1,7,3,1,1,3
3,7,7,67,0.1,1,3,1,1,1,276.75,1,11,3,1,3,1,9,1,1,3,3
3,7,7,68,0.1,3,2,2,2,1,314.66,0,1,3,1,1,3,14,1,1,2,2
3,7,7,69,0.1,3,1,2,2,1,282.88,1,14,1,3,3,1,3,3,1,3,1
3,7,7,70,0.2,1,3,1,1,1,247.45,1,13,3,1,3,1,13,1,1,3,3
3,7,7,71,1.8,1,2,1,1,1,241.67,1,1,3,3,3,3,14,1,3,2,2
3,7,7,72,0.4,3,3,2,2,1,298.32,1,1,1,1,3,3,18,1,1,3,3
3,7,7,73,0.8,1,1,1,1,1,264.58,1,16,3,3,3,3,16,1,3,1,3
3,7,7,74,0.8,2,3,2,1,0,295.22,1,14,1,1,2,2,20,1,1,3,3
3,7,7,75,0.2,1,1,1,1,1,252.01,1,6,3,1,3,1,17,3,3,3,3
3,7,7,76,0.05,3,2,2,2,1,306.66,0,3,1,3,3,1,19,3,3,2,2
3,7,7,77,0.4,1,3,1,1,1,220.06,1,17,3,1,3,1,9,3,3,1,1
3,7,7,78,0.2,3,2,2,2,1,334.78,0,3,1,3,3,1,15,1,1,2,2
3,7,8,1,1.8,3,2,2,2,1,292.65,1,8,3,1,1,3,10,1,3,2,2
3,7,8,2,0.2,2,2,2,2,1,267.07,1,5,1,3,2,2,1,3,3,2,2
3,7,8,3,1.8,1,2,1,1,1,205.19,1,17,3,3,3,3,16,3,1,2,2
3,7,8,4,1.8,1,2,1,1,1,247.86,1,16,1,1,1,1,1,1,1,2,2
3,7,8,5,0.4,3,3,2,2,1,233.29,1,12,3,1,1,3,19,3,3,1,1
3,7,8,6,0.1,1,1,1,1,1,293.84,1,3,3,3,3,3,6,3,3,3,3
3,7,8,7,0.4,3,2,2,2,1,273.72,1,19,3,3,1,1,10,1,1,2,2
3,7,8,8,0.1,3,1,2,2,1,284.34,1,13,3,1,1,3,12,1,3,1,3
3,7,8,9,0.4,1,3,1,1,1,289.77,1,20,3,3,3,3,1,1,3,3,1
3,7,8,10,1.8,1,3,1,1,1,255.16,1,5,3,3,3,3,11,3,3,1,1
3,7,8,11,0.4,3,2,2,2,1,270.93,1,2,1,1,3,3,3,1,3,2,2
3,7,8,12,0.05,2,1,2,2,1,387.14,0,15,3,1,2,2,17,1,3,1,3
3,7,8,13,1.8,1,2,1,1,1,249.56,1,2,1,3,1,3,1,3,1,2,2
3,7,8,14,0.05,3,2,2,2,1,282.41,1,18,1,1,3,3,8,3,3,2,2
3,7,8,15,0.8,3,2,NaN,NaN,NaN,NaN,NaN,8,3,3,1,1,5,1,1,2,2
3,7,8,16,0.4,3,3,2,2,1,216.72,1,1,1,1,3,3,11,1,3,3,1
3,7,8,17,0.1,1,3,1,1,1,377.98,0,16,3,3,3,3,5,1,3,3,1
3,7,8,18,0.8,3,2,NaN,NaN,NaN,NaN,NaN,16,3,3,1,1,20,3,1,2,2
3,7,8,19,0.05,2,3,2,2,1,400.54,0,9,3,1,2,2,14,1,3,3,1
3,7,8,20,1.8,1,2,1,1,1,222.74,1,20,1,1,1,1,2,3,1,2,2
3,7,8,21,0.05,1,2,1,2,0,312.58,0,13,3,1,3,1,15,1,1,2,2
3,7,8,22,0.2,3,1,2,2,1,226.11,1,10,3,3,1,1,2,1,1,1,1
3,7,8,23,1.8,1,2,1,1,1,205.25,1,8,3,1,3,1,4,1,3,2,2
3,7,8,24,0.1,1,2,1,1,1,261.92,1,15,1,1,1,1,5,1,1,2,2
3,7,8,25,0.1,1,3,1,1,1,178.85,1,10,1,3,1,3,19,3,1,1,3
3,7,8,26,0.4,1,1,1,1,1,235.09,1,17,1,3,1,3,16,3,3,3,3
3,7,8,27,0.8,1,3,1,1,1,212.96,1,4,1,3,1,3,7,1,3,3,1
3,7,8,28,0.8,2,3,2,2,1,236.59,1,7,3,1,2,2,17,1,3,3,1
3,7,8,29,0.4,1,2,1,1,1,405.61,0,16,1,3,1,3,11,1,3,2,2
3,7,8,30,0.8,3,1,2,2,1,250.06,1,4,1,1,3,3,15,1,1,1,1
3,7,8,31,0.2,2,1,2,2,1,263.57,1,3,1,1,2,2,3,1,1,1,1
3,7,8,32,0.1,1,3,1,2,0,193.53,1,19,3,1,3,1,8,1,1,3,3
3,7,8,33,1.8,1,2,1,1,1,278.21,1,3,1,3,1,3,17,1,3,2,2
3,7,8,34,0.05,1,3,1,1,1,252.41,1,3,3,3,3,3,9,1,1,3,3
3,7,8,35,0.8,2,2,2,2,1,220.4,1,17,3,3,2,2,8,3,3,2,2
3,7,8,36,0.2,2,2,2,2,1,232.47,1,7,1,1,2,2,11,1,1,2,2
3,7,8,37,0.1,1,1,1,1,1,287.92,1,14,1,3,1,3,5,1,1,1,1
3,7,8,38,0.1,1,1,1,1,1,293.38,1,19,3,3,3,3,6,3,3,3,3
3,7,8,39,0.05,2,1,2,1,0,243.41,1,1,1,1,2,2,12,3,1,3,1
3,7,8,40,0.05,2,2,2,1,0,233.56,1,15,1,3,2,2,13,1,1,2,2
3,7,8,41,0.8,2,2,2,2,1,310.46,0,13,3,3,2,2,5,1,1,2,2
3,7,8,42,0.1,3,3,2,2,1,261.63,1,1,1,1,3,3,5,1,1,3,3
3,7,8,43,0.2,1,3,1,1,1,238.03,1,10,3,3,3,3,9,1,1,3,3
3,7,8,44,1.8,1,1,1,1,1,232.84,1,12,1,3,1,3,10,1,1,1,1
3,7,8,45,0.4,3,1,2,2,1,42.45,2,17,3,1,1,3,15,3,1,3,1
3,7,8,46,0.2,2,1,2,2,1,261.91,1,14,1,1,2,2,7,3,1,3,1
3,7,8,47,0.4,2,3,2,1,0,220.94,1,20,1,3,2,2,7,3,1,1,3
3,7,8,48,1.8,3,3,2,2,1,214.13,1,4,1,1,3,3,18,1,1,3,3
3,7,8,49,0.4,2,1,2,2,1,306.98,0,5,1,3,2,2,12,1,1,1,1
3,7,8,50,0.1,2,3,2,2,1,292.12,1,9,3,1,2,2,17,3,3,1,1
3,7,8,51,0.8,1,2,NaN,NaN,NaN,NaN,NaN,3,3,1,3,1,13,1,1,2,2
3,7,8,52,0.2,3,1,2,2,1,284.13,1,6,1,3,3,1,1,1,3,1,3
3,7,8,53,0.05,3,1,2,2,1,296.16,1,5,3,3,1,1,5,1,3,1,3
3,7,8,54,0.05,1,3,1,1,1,283.53,1,9,3,3,3,3,13,1,1,3,3
3,7,8,55,0.05,2,2,2,1,0,301.97,0,17,1,1,2,2,8,3,3,2,2
3,7,8,56,0.4,1,2,1,1,1,221.52,1,16,1,1,1,1,8,1,3,2,2
3,7,8,57,0.8,2,2,2,1,0,192.6,1,10,1,1,2,2,5,1,3,2,2
3,7,8,58,0.8,3,3,2,2,1,269.39,1,15,3,3,1,1,7,1,3,3,1
3,7,8,59,1.8,2,2,2,1,0,269.67,1,12,1,1,2,2,8,3,3,2,2
3,7,8,60,0.4,1,3,1,1,1,248.33,1,17,1,3,1,3,5,3,3,1,1
3,7,8,61,0.8,1,1,1,1,1,256.87,1,6,3,1,3,1,7,3,1,3,1
3,7,8,62,0.1,2,2,2,1,0,249.99,1,19,1,3,2,2,10,3,3,2,2
3,7,8,63,0.8,1,1,1,1,1,220.53,1,9,3,3,3,3,2,3,3,3,3
3,7,8,64,0.2,3,2,2,2,1,201.89,1,9,3,3,1,1,6,3,3,2,2
3,7,8,65,0.2,3,1,2,2,1,290,1,6,3,3,1,1,11,3,1,3,1
3,7,8,66,0.1,2,2,2,2,1,347.39,0,5,1,3,2,2,4,3,3,2,2
3,7,8,67,0.05,2,1,2,2,1,287.78,1,17,1,1,2,2,16,1,1,1,1
3,7,8,68,0.4,1,3,1,1,1,231.36,1,7,1,1,1,1,9,3,3,1,1
3,7,8,69,0.2,1,3,1,1,1,246.52,1,9,1,1,1,1,20,3,3,1,1
3,7,8,70,0.2,3,1,2,2,1,216.22,1,10,1,1,3,3,18,1,3,1,3
3,7,8,71,1.8,2,3,2,1,0,240.26,1,12,3,1,2,2,16,3,1,1,3
3,7,8,72,0.8,1,3,1,1,1,262.47,1,15,1,1,1,1,7,1,3,3,1
3,7,8,73,0.05,1,1,1,1,1,288.51,1,13,1,3,1,3,3,1,1,1,1
3,7,8,74,1.8,2,1,2,1,0,264.88,1,1,1,1,2,2,7,3,3,3,3
3,7,8,75,0.1,1,1,1,1,1,202.5,1,3,1,1,1,1,5,3,1,3,1
3,7,8,76,0.2,2,1,2,2,1,384.24,0,12,3,3,2,2,20,1,3,1,3
3,7,8,77,0.05,3,1,2,2,1,290.87,1,11,1,3,3,1,20,1,3,1,3
3,7,8,78,0.2,1,1,1,1,1,89.154,2,16,3,3,3,3,15,1,1,1,1
3,7,9,1,0.1,1,2,1,1,1,246.52,1,16,3,3,3,3,6,1,3,2,2
3,7,9,2,0.4,2,1,2,2,1,232.19,1,20,3,3,2,2,6,3,3,3,3
3,7,9,3,0.05,1,2,1,1,1,257.11,1,16,1,3,1,3,19,3,3,2,2
3,7,9,4,0.2,1,2,1,1,1,65.641,2,18,3,3,3,3,19,3,3,2,2
3,7,9,5,0.2,3,3,2,2,1,187.12,1,17,1,3,3,1,20,1,3,3,1
3,7,9,6,0.8,3,3,NaN,NaN,NaN,NaN,NaN,10,3,1,1,3,5,3,1,1,3
3,7,9,7,0.05,1,1,1,2,0,282.98,1,1,1,1,1,1,4,1,1,1,1
3,7,9,8,0.2,1,2,1,1,1,240.72,1,4,3,3,3,3,10,1,3,2,2
3,7,9,9,1.8,1,2,NaN,NaN,NaN,NaN,NaN,20,1,1,1,1,6,1,3,2,2
3,7,9,10,0.05,3,3,2,2,1,340.57,0,16,3,1,1,3,12,3,1,1,3
3,7,9,11,1.8,3,2,2,2,1,187.17,1,10,3,3,1,1,14,3,3,2,2
3,7,9,12,0.4,3,2,2,2,1,9.3546,2,9,1,1,3,3,8,3,1,2,2
3,7,9,13,0.8,3,1,2,2,1,259.81,1,3,1,1,3,3,11,3,1,3,1
3,7,9,14,1.8,2,2,2,2,1,219.59,1,9,1,1,2,2,20,3,1,2,2
3,7,9,15,0.4,3,1,2,2,1,262.91,1,11,3,3,1,1,17,3,1,3,1
3,7,9,16,0.4,2,1,2,2,1,278.61,1,19,1,3,2,2,9,1,1,1,1
3,7,9,17,0.8,2,3,2,2,1,241.64,1,16,3,1,2,2,5,3,3,1,1
3,7,9,18,0.05,1,3,1,1,1,310.78,0,1,3,3,3,3,10,1,3,3,1
3,7,9,19,0.05,3,3,2,2,1,269.54,1,11,1,1,3,3,11,3,3,1,1
3,7,9,20,0.05,1,3,1,2,0,318.5,0,9,1,1,1,1,1,3,1,1,3
3,7,9,21,0.1,1,1,1,2,0,321.04,0,15,1,3,1,3,20,1,1,1,1
3,7,9,22,1.8,2,2,NaN,NaN,NaN,NaN,NaN,5,1,1,2,2,14,3,1,2,2
3,7,9,23,0.05,1,2,1,1,1,343.2,0,7,3,1,3,1,18,1,1,2,2
3,7,9,24,1.8,1,1,1,1,1,233.91,1,14,3,3,3,3,14,1,1,1,1
3,7,9,25,0.2,3,2,2,2,1,290.61,1,19,1,1,3,3,7,1,1,2,2
3,7,9,26,0.05,3,3,2,2,1,336.63,0,4,1,3,3,1,10,3,1,1,3
3,7,9,27,1.8,1,1,1,1,1,245.25,1,20,3,3,3,3,7,1,1,1,1
3,7,9,28,0.4,3,2,2,2,1,243.79,1,9,1,3,3,1,2,1,1,2,2
3,7,9,29,1.8,3,2,2,2,1,237.76,1,17,3,1,1,3,7,1,1,2,2
3,7,9,30,0.05,3,3,2,2,1,315.75,0,11,1,3,3,1,19,3,1,1,3
3,7,9,31,0.2,3,3,2,2,1,268.64,1,20,1,1,3,3,19,3,1,1,3
3,7,9,32,0.2,3,3,2,2,1,224.2,1,1,1,3,3,1,16,1,3,3,1
3,7,9,33,0.4,1,3,1,2,0,276.46,1,19,1,3,1,3,12,1,3,3,1
3,7,9,34,0.05,2,1,2,2,1,314.32,0,18,3,1,2,2,16,3,3,3,3
3,7,9,35,0.05,2,2,2,2,1,283.03,1,12,3,3,2,2,17,3,3,2,2
3,7,9,36,0.2,3,3,2,2,1,152.51,1,1,1,3,3,1,5,1,3,3,1
3,7,9,37,0.4,3,2,2,1,0,296.85,1,20,1,3,3,1,3,1,3,2,2
3,7,9,38,0.05,1,1,1,1,1,332.42,0,7,3,1,3,1,10,1,1,1,1
3,7,9,39,0.1,3,2,2,2,1,288.78,1,20,1,3,3,1,17,1,3,2,2
3,7,9,40,1.8,2,1,NaN,NaN,NaN,NaN,NaN,8,3,3,2,2,7,3,3,3,3
3,7,9,41,0.1,2,2,2,1,0,288.71,1,15,3,1,2,2,17,1,3,2,2
3,7,9,42,0.4,1,2,1,1,1,247.75,1,8,1,1,1,1,14,3,3,2,2
3,7,9,43,1.8,1,1,1,1,1,220.41,1,15,1,3,1,3,17,3,1,3,1
3,7,9,44,0.4,1,1,1,1,1,197.96,1,15,1,3,1,3,15,1,1,1,1
3,7,9,45,0.4,2,1,2,2,1,210.29,1,11,1,3,2,2,4,1,1,1,1
3,7,9,46,0.8,1,2,1,1,1,242.48,1,4,1,1,1,1,2,1,3,2,2
3,7,9,47,1.8,1,2,1,1,1,219.06,1,13,1,3,1,3,4,1,1,2,2
3,7,9,48,0.8,3,2,2,2,1,227.65,1,6,3,3,1,1,10,3,1,2,2
3,7,9,49,0.2,2,1,2,1,0,226.31,1,5,1,3,2,2,14,3,1,3,1
3,7,9,50,0.4,2,3,2,2,1,209.66,1,18,1,1,2,2,10,3,3,1,1
3,7,9,51,0.2,1,1,1,1,1,265.21,1,2,3,3,3,3,12,3,3,3,3
3,7,9,52,0.8,3,2,2,2,1,255.56,1,11,3,3,1,1,16,1,3,2,2
3,7,9,53,0.4,2,2,2,1,0,203.42,1,17,3,1,2,2,11,3,3,2,2
3,7,9,54,0.1,3,3,2,2,1,288.04,1,6,1,3,3,1,15,1,1,3,3
3,7,9,55,0.8,1,2,NaN,NaN,NaN,NaN,NaN,16,1,3,1,3,1,3,3,2,2
3,7,9,56,0.8,2,2,2,2,1,250.84,1,14,3,1,2,2,16,1,1,2,2
3,7,9,57,0.1,2,2,2,2,1,206.99,1,15,1,3,2,2,12,1,3,2,2
3,7,9,58,0.8,2,1,2,2,1,217.6,1,8,1,1,2,2,11,3,1,3,1
3,7,9,59,0.1,1,2,1,1,1,269.96,1,1,3,1,3,1,20,1,1,2,2
3,7,9,60,0.2,3,2,2,2,1,109.53,1,6,3,3,1,1,11,1,3,2,2
3,7,9,61,1.8,1,2,1,1,1,210.24,1,19,3,3,3,3,2,3,3,2,2
3,7,9,62,0.05,1,3,1,1,1,366.72,0,17,1,3,1,3,14,1,1,3,3
3,7,9,63,0.1,1,3,1,1,1,227.67,1,16,1,3,1,3,12,3,1,1,3
3,7,9,64,0.1,1,3,1,1,1,253.49,1,11,1,3,1,3,13,1,1,3,3
3,7,9,65,0.1,1,2,1,1,1,220.06,1,11,1,1,1,1,1,3,1,2,2
3,7,9,66,0.2,1,1,1,1,1,195.17,1,2,1,1,1,1,17,1,1,1,1
3,7,9,67,0.2,1,2,1,1,1,292.39,1,9,3,3,3,3,1,3,1,2,2
3,7,9,68,0.8,1,1,1,1,1,206.12,1,20,3,3,3,3,17,3,3,3,3
3,7,9,69,0.4,1,3,1,1,1,219.96,1,11,3,1,3,1,19,3,1,1,3
3,7,9,70,0.1,1,2,1,1,1,200.39,1,14,3,3,3,3,4,1,3,2,2
3,7,9,71,0.1,3,1,2,2,1,298.74,1,18,3,3,1,1,9,3,1,3,1
3,7,9,72,0.1,3,1,2,2,1,316.44,0,11,1,3,3,1,12,1,3,1,3
3,7,9,73,1.8,1,3,NaN,NaN,NaN,NaN,NaN,1,3,3,3,3,19,1,1,3,3
3,7,9,74,0.8,1,2,1,1,1,249.74,1,5,1,3,1,3,15,3,1,2,2
3,7,9,75,0.8,2,3,NaN,NaN,NaN,NaN,NaN,14,3,1,2,2,6,3,1,1,3
3,7,9,76,1.8,3,2,2,2,1,208,1,12,3,3,1,1,5,3,1,2,2
3,7,9,77,0.2,3,3,2,2,1,198.99,1,11,1,3,3,1,8,1,3,3,1
3,7,9,78,0.8,1,2,1,1,1,267.96,1,18,3,3,3,3,7,1,3,2,2
3,7,10,1,0.05,3,3,2,1,0,296.74,1,7,3,3,1,1,6,1,3,3,1
3,7,10,2,0.2,3,1,2,2,1,272.43,1,1,3,3,1,1,10,1,3,1,3
3,7,10,3,0.8,2,1,2,1,0,257.85,1,6,3,1,2,2,1,1,3,1,3
3,7,10,4,0.1,1,3,1,1,1,248.45,1,10,1,1,1,1,1,3,3,1,1
3,7,10,5,1.8,2,3,2,2,1,245.71,1,3,3,3,2,2,16,1,3,3,1
3,7,10,6,0.4,1,1,1,1,1,237.99,1,12,1,3,1,3,20,3,3,3,3
3,7,10,7,1.8,1,3,1,1,1,254.35,1,4,3,3,3,3,10,3,1,1,3
3,7,10,8,0.4,2,3,2,1,0,296.63,1,10,1,1,2,2,9,1,1,3,3
3,7,10,9,0.05,3,1,2,2,1,374.86,0,1,1,3,3,1,4,1,1,1,1
3,7,10,10,1.8,2,1,2,2,1,266.69,1,13,1,3,2,2,3,1,1,1,1
3,7,10,11,0.05,3,3,2,2,1,289.23,1,18,3,1,1,3,17,3,1,1,3
3,7,10,12,1.8,3,1,NaN,NaN,NaN,NaN,NaN,4,1,3,3,1,13,1,1,1,1
3,7,10,13,0.2,1,3,1,1,1,274.1,1,1,1,3,1,3,5,3,1,1,3
3,7,10,14,0.1,1,2,1,1,1,243.04,1,11,1,3,1,3,17,3,1,2,2
3,7,10,15,1.8,1,2,1,1,1,246.47,1,3,1,1,1,1,17,1,1,2,2
3,7,10,16,0.2,1,2,1,1,1,305.87,0,4,3,1,3,1,7,3,3,2,2
3,7,10,17,0.8,2,3,2,2,1,262.91,1,6,1,3,2,2,20,3,1,1,3
3,7,10,18,1.8,2,2,2,2,1,219.32,1,18,3,1,2,2,19,3,1,2,2
3,7,10,19,0.4,2,1,2,1,0,253.86,1,7,3,3,2,2,19,3,1,3,1
3,7,10,20,0.05,3,3,2,2,1,292.72,1,14,3,1,1,3,15,1,3,3,1
3,7,10,21,0.1,1,3,1,1,1,255.51,1,15,3,1,3,1,17,3,1,1,3
3,7,10,22,0.8,1,2,1,1,1,269.37,1,3,3,1,3,1,11,1,1,2,2
3,7,10,23,0.4,2,2,2,2,1,236.15,1,14,3,1,2,2,4,1,1,2,2
3,7,10,24,1.8,1,3,1,1,1,250.4,1,5,3,3,3,3,5,1,1,3,3
3,7,10,25,0.4,2,1,2,2,1,287.84,1,17,1,3,2,2,3,1,1,1,1
3,7,10,26,0.05,1,1,1,1,1,326.05,0,17,3,3,3,3,17,3,1,3,1
3,7,10,27,0.1,1,2,1,1,1,204.15,1,12,3,3,3,3,16,3,1,2,2
3,7,10,28,0.1,2,2,2,1,0,249.51,1,16,3,1,2,2,17,1,1,2,2
3,7,10,29,0.4,2,1,2,1,0,221.57,1,18,3,3,2,2,3,3,3,3,3
3,7,10,30,0.4,2,2,2,1,0,248.05,1,8,3,1,2,2,13,3,3,2,2
3,7,10,31,0.2,1,3,1,1,1,236.94,1,19,3,3,3,3,10,3,3,1,1
3,7,10,32,0.1,3,3,2,2,1,282.95,1,16,3,1,1,3,14,3,1,1,3
3,7,10,33,0.2,3,3,2,2,1,199.39,1,5,3,3,1,1,8,3,1,1,3
3,7,10,34,1.8,1,2,NaN,NaN,NaN,NaN,NaN,6,3,3,3,3,17,1,3,2,2
3,7,10,35,0.1,1,2,1,1,1,310.01,0,19,3,1,3,1,20,1,3,2,2
3,7,10,36,0.4,1,3,1,1,1,244.76,1,13,1,1,1,1,4,1,3,3,1
3,7,10,37,0.8,1,3,NaN,NaN,NaN,NaN,NaN,20,3,3,3,3,18,3,1,1,3
3,7,10,38,0.2,1,1,1,1,1,224.61,1,1,1,3,1,3,7,3,1,3,1
3,7,10,39,0.2,3,2,2,2,1,280.28,1,18,1,1,3,3,8,1,3,2,2
3,7,10,40,1.8,1,3,1,1,1,234.56,1,19,3,1,3,1,4,3,3,1,1
3,7,10,41,0.05,2,2,2,1,0,300.29,0,6,3,3,2,2,20,3,1,2,2
3,7,10,42,0.8,1,3,1,1,1,252.84,1,6,3,1,3,1,17,1,3,3,1
3,7,10,43,0.8,2,3,2,2,1,235.49,1,8,1,1,2,2,9,1,3,3,1
3,7,10,44,1.8,2,3,2,1,0,241.6,1,12,1,1,2,2,10,1,1,3,3
3,7,10,45,0.8,1,1,1,1,1,240.74,1,19,1,1,1,1,16,1,3,1,3
3,7,10,46,0.2,2,2,2,2,1,269.58,1,5,3,3,2,2,15,3,1,2,2
3,7,10,47,0.2,1,1,1,1,1,245.88,1,20,3,3,3,3,19,1,1,1,1
3,7,10,48,0.8,1,1,1,1,1,220.1,1,16,1,1,1,1,12,1,3,1,3
3,7,10,49,0.4,2,1,2,2,1,-3.3166,2,8,3,1,2,2,8,3,1,3,1
3,7,10,50,0.1,1,3,1,1,1,301.93,0,18,3,3,3,3,1,1,3,3,1
3,7,10,51,0.1,1,1,1,1,1,263.66,1,6,1,3,1,3,5,1,3,1,3
3,7,10,52,0.8,1,3,1,1,1,231.52,1,19,1,3,1,3,19,1,1,3,3
3,7,10,53,1.8,3,3,2,2,1,215.41,1,10,1,3,3,1,15,3,3,1,1
3,7,10,54,0.05,1,2,1,1,1,270.24,1,6,3,3,3,3,15,3,1,2,2
3,7,10,55,0.8,3,2,NaN,NaN,NaN,NaN,NaN,2,1,1,3,3,4,3,1,2,2
3,7,10,56,0.1,2,1,2,2,1,323.18,0,9,3,3,2,2,19,1,1,1,1
3,7,10,57,0.2,3,1,2,2,1,249.87,1,4,1,1,3,3,9,1,3,1,3
3,7,10,58,0.05,1,2,1,2,0,328.21,0,18,3,3,3,3,9,3,1,2,2
3,7,10,59,1.8,2,2,2,2,1,230.68,1,16,1,3,2,2,17,1,1,2,2
3,7,10,60,0.4,1,1,1,1,1,205.47,1,15,3,3,3,3,16,3,3,3,3
3,7,10,61,0.1,2,3,2,2,1,325.95,0,14,1,1,2,2,17,1,1,3,3
3,7,10,62,0.8,2,3,2,1,0,220.91,1,17,3,1,2,2,13,3,1,1,3
3,7,10,63,0.2,1,2,1,1,1,242.55,1,12,1,1,1,1,7,1,3,2,2
3,7,10,64,0.05,1,1,1,2,0,271.75,1,13,3,1,3,1,6,1,1,1,1
3,7,10,65,0.05,3,2,2,1,0,231.97,1,4,3,1,1,3,16,1,3,2,2
3,7,10,66,0.2,1,3,1,1,1,65.706,2,8,3,1,3,1,6,1,1,3,3
3,7,10,67,0.4,1,2,1,1,1,219.52,1,17,3,1,3,1,17,1,1,2,2
3,7,10,68,0.05,1,2,1,1,1,225.72,1,6,3,3,3,3,14,3,3,2,2
3,7,10,69,0.1,2,1,2,2,1,263.15,1,13,3,1,2,2,17,3,1,3,1
3,7,10,70,0.1,1,1,1,1,1,198.75,1,19,3,1,3,1,13,3,1,3,1
3,7,10,71,0.4,1,3,NaN,NaN,NaN,NaN,NaN,12,1,3,1,3,20,3,1,1,3
3,7,10,72,0.2,1,2,1,1,1,205.36,1,12,1,3,1,3,1,1,1,2,2
3,7,10,73,0.8,2,3,NaN,NaN,NaN,NaN,NaN,20,3,1,2,2,9,3,1,1,3
3,7,10,74,0.05,2,1,2,1,0,273.32,1,17,3,1,2,2,12,3,1,3,1
3,7,10,75,0.4,1,3,1,1,1,240.69,1,12,3,1,3,1,6,1,1,3,3
3,7,10,76,1.8,1,2,1,1,1,216.01,1,13,3,3,3,3,12,3,1,2,2
3,7,10,77,0.05,3,2,2,1,0,162.68,1,3,3,1,1,3,4,3,1,2,2
3,7,10,78,0.8,3,1,2,2,1,273.85,1,4,3,1,1,3,6,3,3,3,3
