4,14,1,1,0.05,2,3,2,1,0,237.58,1,18,3,1,2,2,15,1,3,3,1
4,14,1,2,0.4,3,1,2,2,1,230.53,1,11,3,3,1,1,16,1,3,1,3
4,14,1,3,0.4,1,1,1,1,1,215.2,1,2,1,3,1,3,17,3,3,3,3
4,14,1,4,0.1,3,3,2,2,1,217.6,1,9,3,1,1,3,11,3,1,1,3
4,14,1,5,1.8,2,3,2,2,1,214.28,1,15,1,3,2,2,18,3,3,1,1
4,14,1,6,0.8,1,3,1,1,1,208.87,1,3,1,3,1,3,9,3,3,1,1
4,14,1,7,0.8,2,2,2,2,1,211.83,1,3,1,1,2,2,1,1,1,2,2
4,14,1,8,0.2,3,1,2,2,1,176.28,1,19,1,1,3,3,18,1,1,1,1
4,14,1,9,0.4,1,1,1,1,1,230.98,1,19,1,3,1,3,14,1,3,1,3
4,14,1,10,1.8,3,3,2,2,1,220.67,1,7,1,1,3,3,4,1,1,3,3
4,14,1,11,0.05,3,1,2,2,1,295.93,1,18,1,1,3,3,18,1,1,1,1
4,14,1,12,0.4,3,2,2,2,1,240.1,1,3,1,3,3,1,17,1,3,2,2
4,14,1,13,0.05,2,2,2,2,1,481.8,0,7,3,3,2,2,17,1,3,2,2
4,14,1,14,0.05,2,3,2,2,1,261.05,1,15,3,3,2,2,7,3,1,1,3
4,14,1,15,1.8,1,2,1,1,1,208.24,1,13,1,1,1,1,18,1,1,2,2
4,14,1,16,0.4,3,1,2,2,1,228.12,1,5,1,3,3,1,12,1,3,1,3
4,14,1,17,0.4,1,3,1,1,1,269.42,1,8,3,3,3,3,12,1,3,3,1
4,14,1,18,1.8,3,2,2,2,1,204.49,1,17,1,1,3,3,13,1,1,2,2
4,14,1,19,0.1,1,3,1,1,1,227.53,1,20,3,1,3,1,14,1,1,3,3
4,14,1,20,0.1,2,3,2,2,1,227.92,1,18,1,1,2,2,9,1,1,3,3
4,14,1,21,0.1,2,1,2,1,0,273.33,1,12,3,1,2,2,18,1,3,1,3
4,14,1,22,0.2,1,2,1,1,1,207.35,1,14,3,1,3,1,12,1,1,2,2
4,14,1,23,0.05,1,2,1,2,0,303.6,0,5,1,3,1,3,3,1,1,2,2
4,14,1,24,0.05,2,3,2,2,1,425.7,0,20,3,3,2,2,17,3,1,1,3
4,14,1,25,0.8,2,3,2,2,1,231.77,1,16,3,3,2,2,8,1,1,3,3
4,14,1,26,0.2,2,3,2,2,1,209.16,1,3,1,1,2,2,3,3,1,1,3
4,14,1,27,0.8,3,2,2,2,1,213.71,1,12,3,3,1,1,8,1,3,2,2
4,14,1,28,0.05,3,3,2,1,0,289.51,1,15,3,1,1,3,15,1,3,3,1
4,14,1,29,1.8,1,3,1,1,1,208.74,1,7,3,1,3,1,11,1,3,3,1
4,14,1,30,0.2,3,2,2,2,1,156.87,1,3,1,1,3,3,9,3,3,2,2
4,14,1,31,0.8,3,1,2,2,1,233.58,1,18,1,3,3,1,6,3,3,3,3
4,14,1,32,0.1,1,2,1,1,1,240.19,1,11,1,1,1,1,3,3,1,2,2
4,14,1,33,0.1,1,2,1,1,1,276.05,1,7,3,1,3,1,17,1,3,2,2
4,14,1,34,0.1,2,3,2,2,1,249.24,1,8,1,1,2,2,14,1,3,3,1
4,14,1,35,0.05,2,3,2,2,1,304.6,0,3,3,1,2,2,14,1,3,3,1
4,14,1,36,1.8,3,2,2,2,1,89.186,2,7,1,1,3,3,8,3,1,2,2
4,14,1,37,0.8,2,1,2,2,1,231.6,1,7,3,1,2,2,5,3,3,3,3
4,14,1,38,0.4,1,3,1,1,1,232.31,1,1,1,1,1,1,9,3,1,1,3
4,14,1,39,0.8,2,3,2,2,1,236.83,1,10,1,1,2,2,16,1,3,3,1
4,14,1,40,0.4,3,3,2,2,1,235.62,1,2,1,1,3,3,2,3,1,1,3
4,14,1,41,1.8,3,2,2,2,1,246.3,1,17,3,1,1,3,14,3,3,2,2
4,14,1,42,0.2,1,3,1,1,1,200.67,1,5,3,3,3,3,4,3,1,1,3
4,14,1,43,1.8,1,1,1,1,1,247.73,1,20,3,1,3,1,12,3,1,3,1
4,14,1,44,0.8,2,2,2,2,1,251.44,1,19,3,1,2,2,14,1,1,2,2
4,14,1,45,0.05,3,3,2,2,1,366.07,0,14,1,1,3,3,2,1,1,3,3
4,14,1,46,0.2,1,1,1,1,1,218.43,1,10,3,3,3,3,8,3,3,3,3
4,14,1,47,0.2,2,1,2,2,1,277.4,1,7,1,1,2,2,6,3,1,3,1
4,14,1,48,1.8,3,3,2,2,1,246.41,1,16,1,1,3,3,16,1,3,3,1
4,14,1,49,0.05,1,2,1,1,1,217.71,1,8,3,3,3,3,15,3,1,2,2
4,14,1,50,0.05,2,1,2,1,0,300.52,0,3,1,3,2,2,4,1,1,1,1
4,14,1,51,0.8,1,2,1,1,1,219.97,1,2,3,1,3,1,7,1,3,2,2
4,14,1,52,0.2,3,2,2,2,1,235.6,1,12,1,3,3,1,5,3,1,2,2
4,14,1,53,0.1,3,2,2,2,1,337.88,0,16,1,3,3,1,13,3,3,2,2
4,14,1,54,0.05,2,2,2,1,0,290.38,1,3,3,1,2,2,17,1,1,2,2
4,14,1,55,0.4,1,1,1,1,1,239.53,1,6,1,1,1,1,16,3,3,3,3
4,14,1,56,0.2,1,1,1,1,1,236.37,1,4,1,1,1,1,14,3,3,3,3
4,14,1,57,0.05,1,1,1,1,1,290.97,1,6,3,1,3,1,5,1,3,1,3
4,14,1,58,1.8,1,3,1,1,1,213.72,1,16,1,3,1,3,14,1,3,3,1
4,14,1,59,0.4,3,2,2,2,1,253.16,1,2,1,1,3,3,7,1,3,2,2
4,14,1,60,1.8,1,2,1,1,1,229.5,1,20,3,1,3,1,16,3,3,2,2
4,14,1,61,0.1,1,2,1,1,1,304.97,0,16,1,3,1,3,19,3,3,2,2
4,14,1,62,0.8,1,3,1,1,1,229.14,1,8,1,1,1,1,5,3,3,1,1
4,14,1,63,0.2,2,3,2,2,1,238.91,1,16,3,1,2,2,16,1,3,3,1
4,14,1,64,0.2,1,1,1,1,1,248.6,1,2,3,1,3,1,4,1,1,1,1
4,14,1,65,0.8,1,2,1,1,1,192.34,1,8,3,1,3,1,11,1,3,2,2
4,14,1,66,0.2,3,3,2,1,0,288.33,1,20,3,1,1,3,1,3,1,1,3
4,14,1,67,0.1,1,2,1,1,1,303.51,0,2,3,1,3,1,4,3,3,2,2
4,14,1,68,0.2,2,3,2,2,1,282.72,1,9,1,1,2,2,16,1,3,3,1
4,14,1,69,0.1,2,1,2,2,1,292.39,1,5,1,3,2,2,4,1,3,1,3
4,14,1,70,0.1,2,3,2,1,0,242.07,1,20,3,1,2,2,1,1,3,3,1
4,14,1,71,0.8,2,2,2,2,1,256.75,1,9,3,1,2,2,11,1,3,2,2
4,14,1,72,0.4,1,2,1,1,1,245.76,1,20,1,3,1,3,3,3,1,2,2
4,14,1,73,1.8,1,1,1,1,1,206.22,1,11,1,3,1,3,8,3,3,3,3
4,14,1,74,1.8,1,2,1,1,1,225.59,1,11,3,1,3,1,11,3,3,2,2
4,14,1,75,0.1,2,3,2,2,1,385.9,0,6,3,1,2,2,16,1,3,3,1
4,14,1,76,0.4,1,2,1,1,1,249.97,1,1,3,3,3,3,6,3,1,2,2
4,14,1,77,0.4,1,1,1,1,1,220.65,1,15,3,1,3,1,7,3,1,3,1
4,14,1,78,0.8,2,2,2,1,0,212.48,1,1,3,1,2,2,16,3,1,2,2
4,14,2,1,0.05,2,2,2,2,1,275.28,1,13,3,3,2,2,19,3,1,2,2
4,14,2,2,0.05,1,1,1,1,1,260.57,1,17,1,1,1,1,15,3,1,3,1
4,14,2,3,0.1,1,3,1,1,1,255.27,1,13,1,3,1,3,19,1,3,3,1
4,14,2,4,0.4,2,2,2,1,0,216.52,1,1,1,3,2,2,7,1,3,2,2
4,14,2,5,0.4,1,1,1,2,0,455.68,0,17,3,3,3,3,9,1,1,1,1
4,14,2,6,0.8,1,2,1,1,1,204.12,1,19,1,1,1,1,15,1,1,2,2
4,14,2,7,1.8,1,3,NaN,NaN,NaN,NaN,NaN,11,3,3,3,3,19,3,1,1,3
4,14,2,8,1.8,1,2,1,1,1,214.83,1,11,3,3,3,3,6,3,3,2,2
4,14,2,9,0.1,1,1,1,1,1,269.83,1,3,1,1,1,1,12,3,1,3,1
4,14,2,10,0.2,3,1,2,2,1,490.04,0,15,3,3,1,1,18,1,3,1,3
4,14,2,11,0.4,3,3,2,2,1,246.75,1,1,3,3,1,1,7,3,3,1,1
4,14,2,12,0.2,1,1,1,1,1,225.56,1,4,1,3,1,3,7,3,1,3,1
4,14,2,13,0.05,1,1,1,1,1,366.8,0,15,1,1,1,1,9,1,3,1,3
4,14,2,14,0.1,1,3,1,1,1,233.26,1,9,3,3,3,3,2,1,3,3,1
4,14,2,15,0.4,1,3,1,1,1,193,1,18,1,1,1,1,5,3,3,1,1
4,14,2,16,0.05,1,2,1,1,1,278.51,1,13,1,3,1,3,20,1,3,2,2
4,14,2,17,1.8,2,2,2,1,0,236.8,1,7,3,3,2,2,17,1,3,2,2
4,14,2,18,0.1,1,2,1,1,1,277.28,1,11,1,3,1,3,20,3,3,2,2
4,14,2,19,0.8,3,3,2,2,1,226.58,1,15,3,3,1,1,8,3,1,1,3
4,14,2,20,1.8,3,2,2,2,1,226.23,1,6,1,1,3,3,6,3,1,2,2
4,14,2,21,0.2,1,3,1,1,1,220.16,1,9,3,1,3,1,20,3,1,1,3
4,14,2,22,0.8,2,1,2,2,1,237.95,1,8,3,1,2,2,4,1,1,1,1
4,14,2,23,0.8,2,2,2,2,1,242.31,1,15,1,3,2,2,6,3,1,2,2
4,14,2,24,0.05,1,3,1,2,0,482.39,0,7,3,3,3,3,3,3,1,1,3
4,14,2,25,1.8,2,2,2,2,1,202.67,1,6,3,3,2,2,13,3,1,2,2
4,14,2,26,0.2,1,3,1,1,1,207.4,1,2,1,3,1,3,9,1,1,3,3
4,14,2,27,0.2,1,1,1,1,1,209.13,1,12,3,3,3,3,4,3,1,3,1
4,14,2,28,0.4,2,3,2,1,0,236.36,1,20,1,3,2,2,19,3,3,1,1
4,14,2,29,0.2,1,3,1,1,1,246.52,1,8,1,1,1,1,4,3,1,1,3
4,14,2,30,1.8,1,2,1,1,1,225.56,1,12,3,3,3,3,3,3,3,2,2
4,14,2,31,0.05,1,3,1,1,1,337.11,0,16,1,3,1,3,13,1,3,3,1
4,14,2,32,0.2,1,2,1,1,1,246.08,1,4,1,1,1,1,16,1,3,2,2
4,14,2,33,0.2,2,2,2,2,1,261.55,1,15,1,3,2,2,5,3,1,2,2
4,14,2,34,0.2,1,2,1,1,1,196.21,1,13,1,1,1,1,14,3,1,2,2
4,14,2,35,0.4,1,3,1,1,1,219.31,1,6,1,1,1,1,8,1,1,3,3
4,14,2,36,0.1,2,3,2,2,1,413.91,0,14,3,3,2,2,13,1,3,3,1
4,14,2,37,0.8,1,1,1,1,1,212.63,1,11,1,3,1,3,2,3,1,3,1
4,14,2,38,0.4,3,2,2,2,1,261.84,1,4,3,1,1,3,12,1,3,2,2
4,14,2,39,0.4,2,2,2,2,1,260.94,1,13,1,1,2,2,8,1,3,2,2
4,14,2,40,0.1,3,3,2,2,1,314.04,0,8,1,1,3,3,13,1,1,3,3
4,14,2,41,1.8,1,1,1,1,1,245.15,1,13,3,1,3,1,20,1,1,1,1
4,14,2,42,0.4,1,2,1,1,1,241.92,1,18,1,3,1,3,6,1,1,2,2
4,14,2,43,0.05,2,1,2,1,0,342.07,0,7,3,1,2,2,6,1,1,1,1
4,14,2,44,0.1,3,1,2,2,1,267.13,1,17,1,3,3,1,9,1,3,1,3
4,14,2,45,0.4,1,3,1,1,1,198.12,1,8,3,1,3,1,8,3,1,1,3
4,14,2,46,1.8,1,2,1,1,1,270.42,1,2,1,3,1,3,6,3,1,2,2
4,14,2,47,0.1,1,1,1,1,1,240.21,1,2,3,3,3,3,4,1,1,1,1
4,14,2,48,0.1,1,3,1,1,1,249.11,1,3,1,1,1,1,14,3,1,1,3
4,14,2,49,0.05,1,1,1,1,1,287.21,1,11,1,3,1,3,11,3,3,3,3
4,14,2,50,0.2,3,3,2,2,1,248.79,1,6,1,3,3,1,12,3,3,1,1
4,14,2,51,0.1,3,1,2,2,1,311.02,0,16,1,1,3,3,12,3,1,3,1
4,14,2,52,1.8,2,1,2,1,0,236.6,1,19,1,3,2,2,8,3,1,3,1
4,14,2,53,1.8,1,1,1,1,1,224.33,1,1,1,3,1,3,15,1,1,1,1
4,14,2,54,0.8,2,1,2,1,0,196.1,1,12,3,3,2,2,9,1,1,1,1
4,14,2,55,0.8,1,2,1,1,1,264.9,1,17,1,1,1,1,2,3,3,2,2
4,14,2,56,0.1,3,2,2,2,1,213.66,1,7,3,1,1,3,13,3,1,2,2
4,14,2,57,0.2,2,3,2,2,1,245.01,1,5,1,1,2,2,9,3,3,1,1
4,14,2,58,1.8,1,3,NaN,NaN,NaN,NaN,NaN,9,1,1,1,1,14,1,1,3,3
4,14,2,59,0.8,1,3,1,1,1,208.38,1,2,1,1,1,1,4,3,1,1,3
4,14,2,60,0.8,1,1,1,1,1,223.91,1,4,1,1,1,1,6,1,3,1,3
4,14,2,61,0.05,1,1,1,1,1,315.27,0,15,1,3,1,3,8,1,3,1,3
4,14,2,62,0.8,1,2,1,1,1,247.47,1,15,3,1,3,1,5,3,1,2,2
4,14,2,63,0.8,1,1,1,1,1,203.98,1,14,3,1,3,1,13,1,3,1,3
4,14,2,64,0.4,1,3,1,1,1,232.81,1,7,3,1,3,1,10,1,3,3,1
4,14,2,65,1.8,3,3,NaN,NaN,NaN,NaN,NaN,3,3,1,1,3,6,3,1,1,3
4,14,2,66,0.8,1,3,1,1,1,223.71,1,13,1,1,1,1,1,3,3,1,1
4,14,2,67,0.05,1,3,1,1,1,258.23,1,12,3,3,3,3,11,3,1,1,3
4,14,2,68,0.05,3,2,2,2,1,506.33,0,2,3,3,1,1,3,3,1,2,2
4,14,2,69,0.05,3,2,2,1,0,293.03,1,11,1,3,3,1,2,1,1,2,2
4,14,2,70,0.05,1,1,1,1,1,241.9,1,5,1,1,1,1,4,1,3,1,3
4,14,2,71,0.2,2,1,2,1,0,250.22,1,20,3,1,2,2,4,1,1,1,1
4,14,2,72,0.8,2,2,2,2,1,235.81,1,12,3,1,2,2,13,3,1,2,2
4,14,2,73,0.4,1,1,1,2,0,241.57,1,7,1,1,1,1,4,1,1,1,1
4,14,2,74,0.2,1,2,1,1,1,209,1,11,3,3,3,3,9,3,1,2,2
4,14,2,75,1.8,1,3,1,2,0,233.09,1,15,1,3,1,3,7,1,3,3,1
4,14,2,76,0.1,1,2,1,1,1,238.86,1,17,1,1,1,1,13,3,1,2,2
4,14,2,77,0.4,1,1,1,1,1,5.9767,2,15,1,1,1,1,4,3,1,3,1
4,14,2,78,0.1,1,2,1,1,1,275.28,1,14,1,1,1,1,2,1,3,2,2
4,14,3,1,0.4,3,3,2,2,1,266.6,1,6,3,1,1,3,6,1,1,3,3
4,14,3,2,1.8,2,2,2,2,1,236.21,1,17,3,1,2,2,13,3,1,2,2
4,14,3,3,0.2,2,2,2,1,0,242.58,1,15,3,3,2,2,1,3,3,2,2
4,14,3,4,0.8,3,1,2,2,1,238.13,1,15,3,1,1,3,15,3,3,3,3
4,14,3,5,0.1,1,2,1,1,1,213.18,1,17,3,1,3,1,11,1,3,2,2
4,14,3,6,0.05,2,3,2,1,0,301.16,0,15,3,3,2,2,12,3,3,1,1
4,14,3,7,0.2,2,2,2,1,0,240.97,1,12,1,1,2,2,1,3,3,2,2
4,14,3,8,0.05,2,3,2,1,0,804.66,0,14,1,3,2,2,20,1,3,3,1
4,14,3,9,0.4,1,1,1,1,1,226.65,1,10,1,3,1,3,3,1,1,1,1
4,14,3,10,0.2,1,2,1,1,1,227.05,1,19,3,1,3,1,18,1,3,2,2
4,14,3,11,0.1,1,2,1,1,1,236.61,1,12,3,1,3,1,13,1,3,2,2
4,14,3,12,0.2,1,1,1,1,1,243.37,1,4,3,1,3,1,18,1,3,1,3
4,14,3,13,1.8,3,1,2,2,1,249.22,1,16,3,3,1,1,13,3,1,3,1
4,14,3,14,0.1,3,2,2,2,1,288.21,1,6,3,3,1,1,1,1,3,2,2
4,14,3,15,0.8,1,3,1,1,1,229.85,1,12,3,1,3,1,12,3,3,1,1
4,14,3,16,0.2,1,2,1,2,0,585.55,0,17,3,3,3,3,6,1,1,2,2
4,14,3,17,1.8,2,1,2,2,1,274.13,1,14,1,1,2,2,11,3,1,3,1
4,14,3,18,1.8,2,1,2,2,1,269.96,1,6,3,1,2,2,6,1,1,1,1
4,14,3,19,0.4,2,1,2,2,1,545.26,0,13,3,1,2,2,2,1,1,1,1
4,14,3,20,0.1,1,3,1,1,1,247.72,1,20,1,1,1,1,14,3,1,1,3
4,14,3,21,0.05,3,3,2,2,1,345.25,0,19,3,3,1,1,9,1,3,3,1
4,14,3,22,0.1,3,3,2,2,1,276.45,1,10,1,3,3,1,8,3,1,1,3
4,14,3,23,0.4,3,3,2,2,1,266.32,1,1,3,3,1,1,6,1,3,3,1
4,14,3,24,1.8,2,3,2,2,1,215.13,1,16,3,3,2,2,6,1,3,3,1
4,14,3,25,0.4,3,2,2,2,1,263.25,1,4,1,1,3,3,6,1,1,2,2
4,14,3,26,0.4,1,3,1,1,1,239.22,1,10,3,3,3,3,1,1,3,3,1
4,14,3,27,0.1,3,2,2,2,1,343.63,0,4,3,1,1,3,1,3,1,2,2
4,14,3,28,0.8,2,2,2,2,1,276.36,1,12,1,3,2,2,17,3,1,2,2
4,14,3,29,1.8,1,2,1,1,1,207.87,1,6,1,3,1,3,16,1,3,2,2
4,14,3,30,1.8,3,1,NaN,NaN,NaN,NaN,NaN,6,1,1,3,3,17,3,3,3,3
4,14,3,31,0.4,2,2,2,2,1,271.74,1,16,1,1,2,2,6,1,1,2,2
4,14,3,32,0.1,3,3,2,2,1,329.78,0,9,1,1,3,3,19,3,3,1,1
4,14,3,33,0.05,1,3,1,1,1,282.36,1,6,1,1,1,1,13,1,3,3,1
4,14,3,34,0.8,3,2,2,2,1,243.97,1,16,3,1,1,3,12,3,3,2,2
4,14,3,35,0.8,2,3,2,2,1,260.83,1,15,1,1,2,2,14,3,3,1,1
4,14,3,36,0.8,3,3,2,2,1,259.74,1,2,3,3,1,1,7,1,1,3,3
4,14,3,37,0.2,1,1,1,1,1,250.14,1,17,1,1,1,1,1,1,3,1,3
4,14,3,38,0.8,3,2,2,2,1,262.62,1,11,1,1,3,3,13,1,1,2,2
4,14,3,39,0.1,1,2,1,1,1,250.57,1,2,3,3,3,3,15,3,3,2,2
4,14,3,40,1.8,3,3,2,2,1,402.91,0,12,1,1,3,3,20,1,1,3,3
4,14,3,41,1.8,3,2,2,2,1,252.32,1,14,1,1,3,3,6,3,1,2,2
4,14,3,42,0.4,3,3,2,2,1,230.32,1,9,1,3,3,1,16,1,3,3,1
4,14,3,43,0.2,1,3,1,1,1,221.46,1,12,3,3,3,3,17,1,1,3,3
4,14,3,44,0.4,1,2,1,1,1,286.38,1,10,3,1,3,1,15,3,1,2,2
4,14,3,45,0.1,3,2,2,2,1,285.6,1,18,3,1,1,3,12,3,3,2,2
4,14,3,46,0.05,1,1,1,1,1,293.07,1,11,1,1,1,1,10,1,3,1,3
4,14,3,47,0.2,1,2,1,1,1,205.28,1,11,1,3,1,3,2,1,1,2,2
4,14,3,48,0.05,3,2,2,2,1,300.86,0,17,1,1,3,3,1,3,3,2,2
4,14,3,49,0.2,3,2,2,2,1,243.19,1,13,3,1,1,3,8,3,1,2,2
4,14,3,50,0.4,1,2,1,1,1,223.03,1,8,1,1,1,1,9,3,1,2,2
4,14,3,51,0.1,1,1,1,1,1,264.13,1,12,3,3,3,3,20,1,1,1,1
4,14,3,52,0.05,3,2,2,2,1,329.85,0,18,1,3,3,1,7,3,3,2,2
4,14,3,53,0.2,2,2,2,1,0,201.42,1,4,1,3,2,2,6,1,3,2,2
4,14,3,54,0.05,1,2,1,1,1,270.46,1,1,1,3,1,3,7,3,3,2,2
4,14,3,55,0.05,1,3,1,1,1,256.57,1,13,3,1,3,1,14,1,3,3,1
4,14,3,56,0.8,2,2,2,2,1,254.72,1,20,3,3,2,2,2,3,3,2,2
4,14,3,57,0.8,3,2,2,2,1,242.73,1,16,3,3,1,1,3,1,3,2,2
4,14,3,58,0.1,3,3,2,2,1,330.41,0,8,1,1,3,3,17,3,3,1,1
4,14,3,59,0.4,2,2,2,2,1,249.28,1,16,1,3,2,2,17,1,1,2,2
4,14,3,60,0.2,3,2,2,2,1,299.58,1,17,3,3,1,1,19,3,1,2,2
4,14,3,61,1.8,2,3,2,2,1,245.89,1,4,3,1,2,2,6,1,3,3,1
4,14,3,62,0.4,1,3,1,1,1,176.35,1,11,3,1,3,1,14,3,3,1,1
4,14,3,63,0.2,3,2,2,2,1,261.45,1,17,1,3,3,1,11,1,1,2,2
4,14,3,64,0.8,1,1,1,1,1,221.2,1,9,3,1,3,1,19,3,3,3,3
4,14,3,65,0.05,2,2,2,1,0,296.42,1,18,1,1,2,2,20,3,1,2,2
4,14,3,66,1.8,3,1,2,2,1,212.49,1,4,3,3,1,1,16,1,3,1,3
4,14,3,67,0.4,2,1,2,2,1,251.65,1,14,3,1,2,2,16,1,1,1,1
4,14,3,68,0.05,1,3,1,1,1,290.32,1,17,3,1,3,1,13,1,1,3,3
4,14,3,69,0.1,3,1,2,2,1,286.52,1,17,1,1,3,3,12,1,1,1,1
4,14,3,70,0.05,1,2,1,1,1,261.76,1,12,1,3,1,3,14,1,1,2,2
4,14,3,71,0.8,3,2,2,2,1,243.45,1,6,1,3,3,1,14,1,1,2,2
4,14,3,72,0.05,3,1,2,2,1,323.23,0,4,1,1,3,3,3,3,1,3,1
4,14,3,73,1.8,1,1,1,1,1,228.5,1,4,1,1,1,1,20,1,3,1,3
4,14,3,74,0.8,2,3,2,2,1,264.25,1,10,3,1,2,2,17,1,1,3,3
4,14,3,75,1.8,1,3,1,1,1,229.83,1,7,1,3,1,3,9,1,1,3,3
4,14,3,76,0.1,3,1,2,1,0,318.87,0,11,1,3,3,1,7,3,3,3,3
4,14,3,77,0.2,1,3,NaN,NaN,NaN,NaN,NaN,17,3,1,3,1,3,1,1,3,3
4,14,3,78,0.8,3,3,2,2,1,263.77,1,11,3,1,1,3,15,3,1,1,3
4,14,4,1,0.2,3,2,2,2,1,248.55,1,14,3,1,1,3,17,3,3,2,2
4,14,4,2,0.2,1,3,1,1,1,228.94,1,2,1,3,1,3,8,1,1,3,3
4,14,4,3,0.8,2,1,2,1,0,233.24,1,20,1,3,2,2,1,1,1,1,1
4,14,4,4,0.05,2,2,2,1,0,280.33,1,11,3,1,2,2,4,3,3,2,2
4,14,4,5,0.1,1,3,1,1,1,224.56,1,5,3,1,3,1,7,3,1,1,3
4,14,4,6,0.1,1,2,1,1,1,233.42,1,20,1,1,1,1,9,3,1,2,2
4,14,4,7,0.05,1,2,1,1,1,226.47,1,9,1,1,1,1,5,3,3,2,2
4,14,4,8,0.8,1,2,1,1,1,238.71,1,13,3,1,3,1,19,3,3,2,2
4,14,4,9,0.2,3,3,2,2,1,246.85,1,18,3,1,1,3,9,1,3,3,1
4,14,4,10,0.4,3,2,2,2,1,278.6,1,10,3,3,1,1,14,3,1,2,2
4,14,4,11,0.4,1,2,1,1,1,238.59,1,1,1,3,1,3,20,1,3,2,2
4,14,4,12,1.8,2,1,2,1,0,202.48,1,19,1,3,2,2,18,1,1,1,1
4,14,4,13,1.8,1,2,1,1,1,226.61,1,13,1,1,1,1,5,1,1,2,2
4,14,4,14,0.05,2,3,2,2,1,433.65,0,5,3,3,2,2,13,3,1,1,3
4,14,4,15,1.8,3,2,2,2,1,269.86,1,16,3,1,1,3,15,3,3,2,2
4,14,4,16,0.1,1,2,1,1,1,317.37,0,4,3,3,3,3,19,1,3,2,2
4,14,4,17,1.8,2,2,2,2,1,218.39,1,4,1,3,2,2,5,1,3,2,2
4,14,4,18,0.2,1,3,1,1,1,234.25,1,15,3,1,3,1,16,3,1,1,3
4,14,4,19,0.05,1,2,1,1,1,225.03,1,1,1,1,1,1,8,1,1,2,2
4,14,4,20,0.1,1,3,1,1,1,219.46,1,10,1,3,1,3,1,3,3,1,1
4,14,4,21,0.1,3,2,2,2,1,312.37,0,17,3,3,1,1,13,3,3,2,2
4,14,4,22,0.1,1,2,1,1,1,277.34,1,13,3,1,3,1,12,1,1,2,2
4,14,4,23,0.8,3,1,2,2,1,263.78,1,18,1,3,3,1,16,3,3,3,3
4,14,4,24,0.05,1,1,1,1,1,253.54,1,2,1,1,1,1,17,1,3,1,3
4,14,4,25,0.2,1,1,1,1,1,245.18,1,3,1,3,1,3,12,1,3,1,3
4,14,4,26,0.2,2,2,2,2,1,275.07,1,20,1,1,2,2,18,3,1,2,2
4,14,4,27,0.8,1,2,1,1,1,214.21,1,1,3,1,3,1,10,1,3,2,2
4,14,4,28,0.4,1,1,1,1,1,230.58,1,15,1,1,1,1,15,3,3,3,3
4,14,4,29,1.8,1,2,1,1,1,237.95,1,16,3,3,3,3,3,3,3,2,2
4,14,4,30,1.8,3,2,2,2,1,283.43,1,11,1,3,3,1,18,1,3,2,2
4,14,4,31,0.4,2,3,2,2,1,197.47,1,4,3,1,2,2,8,1,1,3,3
4,14,4,32,0.4,1,3,1,1,1,295.97,1,19,3,3,3,3,7,1,3,3,1
4,14,4,33,1.8,1,2,1,1,1,227.08,1,16,3,1,3,1,7,3,1,2,2
4,14,4,34,0.2,3,2,2,2,1,322.78,0,12,1,1,3,3,14,1,3,2,2
4,14,4,35,0.4,2,2,2,1,0,285.37,1,12,3,3,2,2,13,3,1,2,2
4,14,4,36,0.8,3,3,2,2,1,212.15,1,12,1,1,3,3,16,1,1,3,3
4,14,4,37,0.1,3,3,2,2,1,306.85,0,13,1,3,3,1,3,3,3,1,1
4,14,4,38,0.2,3,1,2,2,1,246.39,1,6,1,3,3,1,4,3,3,3,3
4,14,4,39,0.8,1,1,1,1,1,203.37,1,13,1,1,1,1,7,3,1,3,1
4,14,4,40,0.1,1,1,1,1,1,254.49,1,8,3,1,3,1,10,3,1,3,1
4,14,4,41,0.2,1,2,1,1,1,274.75,1,14,3,3,3,3,10,1,1,2,2
4,14,4,42,0.05,2,2,2,1,0,594.91,0,4,1,1,2,2,9,1,1,2,2
4,14,4,43,1.8,2,2,NaN,NaN,NaN,NaN,NaN,19,1,3,2,2,7,1,3,2,2
4,14,4,44,0.05,1,1,1,2,0,341.06,0,15,1,3,1,3,13,3,3,3,3
4,14,4,45,0.8,2,2,2,1,0,239.83,1,12,1,1,2,2,20,1,1,2,2
4,14,4,46,0.8,1,1,1,1,1,218.95,1,9,3,3,3,3,20,3,1,3,1
4,14,4,47,0.1,1,1,1,1,1,212.74,1,6,1,3,1,3,6,1,1,1,1
4,14,4,48,0.2,1,2,1,1,1,236.64,1,14,1,3,1,3,9,3,1,2,2
4,14,4,49,0.05,2,2,2,1,0,369.42,0,6,3,3,2,2,17,1,3,2,2
4,14,4,50,0.05,1,1,1,1,1,268.7,1,11,3,3,3,3,13,1,1,1,1
4,14,4,51,0.8,1,2,1,1,1,250.9,1,1,3,3,3,3,19,3,3,2,2
4,14,4,52,0.2,3,3,2,2,1,263.38,1,2,3,1,1,3,2,3,3,1,1
4,14,4,53,0.1,1,2,1,1,1,339.42,0,1,3,3,3,3,7,1,3,2,2
4,14,4,54,0.05,3,1,2,2,1,310.96,0,11,3,3,1,1,5,3,3,3,3
4,14,4,55,0.4,1,2,1,1,1,305.79,0,5,1,1,1,1,2,3,1,2,2
4,14,4,56,0.8,3,1,2,2,1,266.35,1,17,1,1,3,3,17,1,1,1,1
4,14,4,57,0.05,2,2,2,1,0,242.63,1,7,3,3,2,2,13,3,1,2,2
4,14,4,58,0.4,3,1,2,2,1,234.2,1,13,1,3,3,1,2,3,3,3,3
4,14,4,59,1.8,1,1,1,1,1,242.1,1,18,3,3,3,3,14,3,3,3,3
4,14,4,60,0.4,2,1,2,2,1,250.52,1,6,3,1,2,2,15,1,3,1,3
4,14,4,61,1.8,1,2,NaN,NaN,NaN,NaN,NaN,10,1,1,1,1,12,1,1,2,2
4,14,4,62,0.8,1,1,1,1,1,213.75,1,18,3,1,3,1,6,1,1,1,1
4,14,4,63,0.05,1,2,1,1,1,250.79,1,17,1,1,1,1,5,1,1,2,2
4,14,4,64,0.8,1,2,1,1,1,227.9,1,6,1,3,1,3,14,1,1,2,2
4,14,4,65,0.4,1,3,1,1,1,264,1,11,3,3,3,3,2,3,3,1,1
4,14,4,66,0.05,1,3,1,1,1,310.73,0,17,1,1,1,1,2,3,3,1,1
4,14,4,67,0.4,2,3,2,2,1,233.4,1,8,3,3,2,2,9,1,3,3,1
4,14,4,68,0.1,3,3,2,2,1,260.64,1,19,1,3,3,1,11,1,1,3,3
4,14,4,69,1.8,2,1,2,2,1,212.56,1,2,1,1,2,2,8,3,3,3,3
4,14,4,70,0.4,1,1,1,1,1,241.58,1,13,1,1,1,1,12,3,1,3,1
4,14,4,71,0.4,2,2,2,2,1,246.76,1,18,3,1,2,2,1,1,3,2,2
4,14,4,72,0.2,1,2,1,1,1,190.9,1,16,3,3,3,3,17,3,1,2,2
4,14,4,73,0.2,1,2,1,1,1,242.6,1,19,3,1,3,1,16,1,1,2,2
4,14,4,74,0.8,1,1,1,1,1,203.83,1,5,3,3,3,3,12,1,1,1,1
4,14,4,75,1.8,1,3,1,1,1,237.02,1,14,1,3,1,3,13,1,1,3,3
4,14,4,76,0.1,1,1,1,1,1,248.62,1,16,1,3,1,3,1,3,3,3,3
4,14,4,77,1.8,1,2,1,1,1,220.74,1,16,1,3,1,3,6,1,1,2,2
4,14,4,78,0.1,1,2,1,1,1,310.79,0,20,1,3,1,3,1,1,3,2,2
4,14,5,1,0.4,1,3,1,1,1,254.17,1,5,3,3,3,3,19,3,3,1,1
4,14,5,2,0.4,3,1,2,2,1,251.35,1,18,3,1,1,3,1,3,1,3,1
4,14,5,3,0.4,1,2,1,1,1,420.36,0,16,1,3,1,3,5,3,1,2,2
4,14,5,4,0.1,1,1,1,1,1,235.36,1,17,1,1,1,1,2,3,1,3,1
4,14,5,5,0.05,1,3,1,1,1,272.23,1,19,3,1,3,1,1,3,3,1,1
4,14,5,6,1.8,2,3,2,2,1,233.12,1,16,1,3,2,2,18,3,1,1,3
4,14,5,7,0.1,3,3,2,1,0,228.38,1,12,1,1,3,3,9,3,3,1,1
4,14,5,8,1.8,1,3,1,1,1,221.6,1,14,1,3,1,3,17,3,1,1,3
4,14,5,9,0.05,1,1,1,1,1,273.23,1,15,3,3,3,3,2,3,1,3,1
4,14,5,10,1.8,1,3,1,1,1,222.29,1,20,1,1,1,1,8,3,3,1,1
4,14,5,11,0.8,1,2,1,2,0,234.48,1,13,1,1,1,1,12,3,1,2,2
4,14,5,12,0.1,1,2,1,1,1,220.72,1,1,3,3,3,3,11,1,3,2,2
4,14,5,13,0.8,2,1,2,2,1,241.73,1,15,1,3,2,2,5,1,1,1,1
4,14,5,14,0.4,1,1,1,1,1,205.06,1,15,1,1,1,1,11,1,1,1,1
4,14,5,15,0.8,3,3,2,2,1,245.38,1,9,1,1,3,3,15,3,3,1,1
4,14,5,16,0.4,1,2,1,1,1,266.3,1,12,3,3,3,3,20,3,3,2,2
4,14,5,17,0.1,1,2,1,1,1,259.9,1,11,3,1,3,1,12,3,3,2,2
4,14,5,18,0.1,1,3,1,1,1,266.75,1,9,3,1,3,1,7,1,3,3,1
4,14,5,19,0.05,2,1,2,1,0,332.83,0,14,1,3,2,2,15,3,1,3,1
4,14,5,20,0.05,1,2,1,1,1,262.77,1,16,3,1,3,1,17,1,3,2,2
4,14,5,21,0.8,2,3,2,2,1,249.6,1,7,3,1,2,2,20,3,3,1,1
4,14,5,22,0.2,2,1,2,2,1,260.56,1,5,3,3,2,2,13,3,3,3,3
4,14,5,23,1.8,1,1,1,1,1,243.27,1,17,3,3,3,3,2,3,3,3,3
4,14,5,24,0.2,2,3,2,2,1,305.8,0,13,1,3,2,2,5,1,1,3,3
4,14,5,25,0.05,1,2,1,1,1,308.21,0,4,3,1,3,1,2,1,3,2,2
4,14,5,26,1.8,1,2,1,1,1,221.38,1,2,1,1,1,1,17,1,1,2,2
4,14,5,27,0.1,1,1,1,1,1,223.89,1,7,1,3,1,3,8,1,3,1,3
4,14,5,28,0.8,1,2,1,1,1,226.07,1,16,3,1,3,1,2,1,3,2,2
4,14,5,29,1.8,1,3,1,1,1,216.35,1,16,1,1,1,1,10,1,3,3,1
4,14,5,30,0.2,1,2,1,1,1,279.67,1,8,1,1,1,1,17,1,3,2,2
4,14,5,31,1.8,1,1,1,1,1,223.57,1,2,3,3,3,3,4,1,3,1,3
4,14,5,32,0.4,3,2,2,2,1,261.07,1,13,3,1,1,3,7,3,3,2,2
4,14,5,33,0.1,2,1,2,1,0,309.76,0,16,3,3,2,2,16,1,3,1,3
4,14,5,34,1.8,1,1,1,1,1,253.98,1,10,3,3,3,3,7,1,1,1,1
4,14,5,35,0.05,1,2,1,2,0,369.11,0,8,3,3,3,3,13,3,3,2,2
4,14,5,36,0.1,1,1,1,1,1,262.21,1,14,3,3,3,3,16,3,3,3,3
4,14,5,37,0.1,1,1,1,1,1,244.45,1,20,3,3,3,3,17,1,1,1,1
4,14,5,38,0.1,1,2,1,1,1,212.78,1,2,3,3,3,3,12,1,1,2,2
4,14,5,39,0.4,3,3,2,2,1,380.25,0,4,3,1,1,3,16,3,3,1,1
4,14,5,40,0.05,1,2,1,1,1,260.67,1,12,3,1,3,1,14,3,3,2,2
4,14,5,41,0.05,2,3,2,2,1,309.17,0,9,1,1,2,2,17,1,1,3,3
4,14,5,42,0.4,3,2,2,2,1,268.67,1,3,1,3,3,1,3,1,1,2,2
4,14,5,43,0.4,1,3,1,1,1,216.92,1,15,3,1,3,1,11,3,3,1,1
4,14,5,44,0.2,1,2,1,1,1,162.02,1,10,1,1,1,1,12,3,1,2,2
4,14,5,45,0.4,2,3,2,1,0,278.77,1,3,1,3,2,2,3,1,1,3,3
4,14,5,46,0.2,1,2,1,1,1,230.9,1,16,1,1,1,1,1,1,1,2,2
4,14,5,47,0.8,3,2,2,2,1,273.1,1,8,1,1,3,3,13,3,1,2,2
4,14,5,48,0.05,3,2,2,2,1,334.72,0,2,1,1,3,3,17,3,1,2,2
4,14,5,49,0.05,1,2,1,1,1,274.9,1,13,1,1,1,1,18,1,1,2,2
4,14,5,50,0.2,1,1,1,1,1,211.23,1,3,1,3,1,3,15,1,1,1,1
4,14,5,51,0.1,1,3,1,1,1,255.57,1,13,3,1,3,1,3,1,3,3,1
4,14,5,52,1.8,1,3,NaN,NaN,NaN,NaN,NaN,20,3,3,3,3,7,3,1,1,3
4,14,5,53,0.8,2,1,2,2,1,233.91,1,6,1,3,2,2,11,3,1,3,1
4,14,5,54,0.8,1,2,1,1,1,227.29,1,3,3,3,3,3,17,3,3,2,2
4,14,5,55,0.1,2,2,2,1,0,269.4,1,20,1,3,2,2,4,1,1,2,2
4,14,5,56,0.05,1,2,1,1,1,240.33,1,11,1,3,1,3,16,3,3,2,2
4,14,5,57,0.8,3,2,2,2,1,255.5,1,6,3,1,1,3,6,1,3,2,2
4,14,5,58,1.8,1,2,1,2,0,237.58,1,9,3,3,3,3,15,3,1,2,2
4,14,5,59,0.05,2,1,2,1,0,273.83,1,20,1,3,2,2,13,1,3,1,3
4,14,5,60,1.8,3,1,2,2,1,237.52,1,8,1,3,3,1,13,3,1,3,1
4,14,5,61,0.8,1,1,1,1,1,207.42,1,20,3,1,3,1,11,3,1,3,1
4,14,5,62,1.8,2,3,2,2,1,246.38,1,10,3,3,2,2,19,3,3,1,1
4,14,5,63,1.8,3,3,2,2,1,237.59,1,6,3,3,1,1,20,3,1,1,3
4,14,5,64,0.2,1,1,1,1,1,219.93,1,10,3,3,3,3,12,1,1,1,1
4,14,5,65,0.8,3,3,2,2,1,250.95,1,2,3,3,1,1,20,1,3,3,1
4,14,5,66,0.4,2,1,2,2,1,271.44,1,13,3,3,2,2,6,3,1,3,1
4,14,5,67,0.05,3,3,2,2,1,323.06,0,19,3,3,1,1,8,1,3,3,1
4,14,5,68,0.4,1,2,1,1,1,252.17,1,15,1,1,1,1,6,1,3,2,2
4,14,5,69,0.2,3,2,2,2,1,255.23,1,15,3,3,1,1,4,1,1,2,2
4,14,5,70,0.8,1,3,1,1,1,265.45,1,4,1,1,1,1,11,1,3,3,1
4,14,5,71,0.2,3,1,2,1,0,241.3,1,12,1,3,3,1,10,3,3,3,3
4,14,5,72,0.2,3,3,2,2,1,232.51,1,9,3,3,1,1,2,1,3,3,1
4,14,5,73,0.2,1,3,1,1,1,221.98,1,17,3,3,3,3,13,1,1,3,3
4,14,5,74,0.8,3,1,2,2,1,237.07,1,6,1,3,3,1,4,1,1,1,1
4,14,5,75,0.4,2,1,2,2,1,257.12,1,13,3,3,2,2,7,1,1,1,1
4,14,5,76,0.2,1,1,1,1,1,129.36,1,12,1,3,1,3,5,3,3,3,3
4,14,5,77,0.1,1,1,1,1,1,252.82,1,6,1,1,1,1,10,1,3,1,3
4,14,5,78,0.2,1,3,1,1,1,266.7,1,6,1,1,1,1,16,1,1,3,3
4,14,6,1,0.1,3,2,2,2,1,271.56,1,20,3,3,1,1,9,1,1,2,2
4,14,6,2,0.05,3,2,2,1,0,249.53,1,20,1,1,3,3,2,1,3,2,2
4,14,6,3,0.1,2,3,2,1,0,258.32,1,3,1,1,2,2,17,3,3,1,1
4,14,6,4,0.2,3,2,2,2,1,218.03,1,18,1,3,3,1,5,3,1,2,2
4,14,6,5,0.05,1,1,1,1,1,287.28,1,10,1,3,1,3,15,1,1,1,1
4,14,6,6,0.4,1,2,1,1,1,244.36,1,20,1,3,1,3,13,1,3,2,2
4,14,6,7,1.8,2,1,2,2,1,236.78,1,7,1,3,2,2,1,3,1,3,1
4,14,6,8,0.8,1,3,1,1,1,235.26,1,14,3,1,3,1,3,3,3,1,1
4,14,6,9,0.05,1,1,1,1,1,258.84,1,11,3,3,3,3,17,3,1,3,1
4,14,6,10,0.4,3,3,2,2,1,247.83,1,3,3,3,1,1,9,1,3,3,1
4,14,6,11,1.8,1,3,1,1,1,115.36,1,2,1,3,1,3,6,1,1,3,3
4,14,6,12,1.8,1,1,NaN,NaN,NaN,NaN,NaN,10,1,3,1,3,9,3,1,3,1
4,14,6,13,0.8,2,2,2,2,1,241.26,1,8,3,1,2,2,13,1,3,2,2
4,14,6,14,0.2,2,1,2,2,1,258.09,1,14,1,3,2,2,17,1,1,1,1
4,14,6,15,0.05,2,2,2,1,0,322.02,0,12,3,1,2,2,4,1,3,2,2
4,14,6,16,0.2,2,1,2,2,1,295.01,1,4,3,1,2,2,4,1,3,1,3
4,14,6,17,1.8,1,2,1,1,1,259.6,1,3,3,3,3,3,7,3,3,2,2
4,14,6,18,0.1,1,2,1,1,1,229.75,1,12,3,3,3,3,17,3,1,2,2
4,14,6,19,1.8,1,2,1,1,1,217.17,1,19,1,3,1,3,14,1,3,2,2
4,14,6,20,0.8,2,3,2,2,1,286.07,1,6,1,1,2,2,18,3,1,1,3
4,14,6,21,0.1,3,3,2,2,1,350.23,0,10,1,3,3,1,11,3,1,1,3
4,14,6,22,0.8,1,2,1,1,1,230.36,1,17,3,3,3,3,12,1,3,2,2
4,14,6,23,0.05,2,1,2,1,0,230.8,1,14,1,1,2,2,14,3,3,3,3
4,14,6,24,0.05,1,2,1,1,1,248.42,1,11,1,1,1,1,18,1,1,2,2
4,14,6,25,0.05,2,3,2,2,1,366.17,0,7,3,1,2,2,11,3,3,1,1
4,14,6,26,1.8,1,3,1,1,1,264.12,1,11,3,3,3,3,20,1,3,3,1
4,14,6,27,0.05,3,2,2,1,0,321.03,0,1,3,1,1,3,14,3,1,2,2
4,14,6,28,0.1,1,2,1,1,1,275.45,1,6,1,3,1,3,4,3,3,2,2
4,14,6,29,0.1,1,1,1,1,1,226.14,1,9,3,1,3,1,14,1,1,1,1
4,14,6,30,0.05,1,2,1,1,1,246.71,1,5,3,3,3,3,6,1,1,2,2
4,14,6,31,0.8,3,3,2,2,1,211.29,1,9,3,1,1,3,14,3,1,1,3
4,14,6,32,0.2,1,3,1,1,1,255.54,1,6,3,1,3,1,14,3,1,1,3
4,14,6,33,1.8,2,2,2,2,1,220.68,1,7,3,1,2,2,9,3,1,2,2
4,14,6,34,0.2,1,3,1,1,1,224.88,1,9,1,1,1,1,9,1,3,3,1
4,14,6,35,0.4,3,2,2,2,1,240.68,1,18,3,3,1,1,3,3,1,2,2
4,14,6,36,0.4,2,1,2,2,1,246.58,1,17,1,3,2,2,18,1,3,1,3
4,14,6,37,0.1,3,3,2,2,1,281.36,1,20,1,1,3,3,16,1,3,3,1
4,14,6,38,0.1,1,3,1,1,1,271.34,1,6,1,3,1,3,18,3,1,1,3
4,14,6,39,0.05,1,2,1,1,1,250.43,1,5,1,1,1,1,5,3,3,2,2
4,14,6,40,1.8,2,1,2,2,1,259.4,1,4,1,1,2,2,5,3,3,3,3
4,14,6,41,0.8,1,1,1,1,1,230.56,1,1,3,1,3,1,17,1,1,1,1
4,14,6,42,0.8,1,1,1,1,1,228.9,1,17,3,1,3,1,3,1,1,1,1
4,14,6,43,0.2,1,2,1,1,1,251.52,1,5,3,1,3,1,15,1,3,2,2
4,14,6,44,0.2,1,2,1,1,1,309.77,0,20,3,3,3,3,10,1,1,2,2
4,14,6,45,0.8,2,3,2,2,1,289.96,1,2,1,3,2,2,10,3,1,1,3
4,14,6,46,0.05,3,2,2,2,1,317.61,0,19,3,1,1,3,15,1,1,2,2
4,14,6,47,0.4,1,1,1,1,1,239.42,1,3,3,3,3,3,10,1,1,1,1
4,14,6,48,0.05,1,1,1,1,1,269.5,1,13,3,3,3,3,19,1,3,1,3
4,14,6,49,0.2,3,1,2,2,1,260.6,1,14,1,1,3,3,11,1,3,1,3
4,14,6,50,1.8,2,1,2,2,1,233.33,1,20,1,3,2,2,17,1,3,1,3
4,14,6,51,0.2,1,2,1,1,1,216.88,1,11,3,3,3,3,12,1,3,2,2
4,14,6,52,0.8,1,1,1,1,1,268.31,1,1,1,3,1,3,10,1,3,1,3
4,14,6,53,0.8,1,1,1,1,1,268.5,1,20,3,1,3,1,12,1,1,1,1
4,14,6,54,0.4,3,1,2,2,1,251.37,1,15,3,1,1,3,10,1,1,1,1
4,14,6,55,0.4,1,1,1,1,1,233.13,1,3,3,3,3,3,10,3,1,3,1
4,14,6,56,0.1,3,3,2,2,1,301.13,0,14,1,3,3,1,1,3,3,1,1
4,14,6,57,0.4,3,1,2,2,1,271.36,1,9,1,1,3,3,15,3,1,3,1
4,14,6,58,0.2,2,2,2,2,1,327.23,0,9,1,3,2,2,8,1,3,2,2
4,14,6,59,0.8,3,3,2,2,1,245.29,1,13,1,3,3,1,13,3,3,1,1
4,14,6,60,0.05,2,3,2,1,0,258.33,1,17,3,1,2,2,4,3,1,1,3
4,14,6,61,1.8,3,3,2,2,1,240.59,1,2,1,3,3,1,7,1,1,3,3
4,14,6,62,0.8,1,2,1,1,1,476.87,0,3,1,1,1,1,2,1,3,2,2
4,14,6,63,0.4,1,2,NaN,NaN,NaN,NaN,NaN,20,3,3,3,3,4,1,3,2,2
4,14,6,64,0.4,1,2,1,1,1,226.83,1,12,3,3,3,3,14,1,3,2,2
4,14,6,65,1.8,1,1,1,1,1,239.88,1,16,3,3,3,3,11,1,1,1,1
4,14,6,66,0.2,1,2,1,1,1,254.01,1,13,1,1,1,1,12,3,1,2,2
4,14,6,67,0.2,1,3,1,1,1,231.89,1,17,3,1,3,1,10,3,3,1,1
4,14,6,68,0.1,1,2,1,1,1,262.07,1,13,1,1,1,1,19,3,1,2,2
4,14,6,69,0.4,3,2,2,2,1,220.9,1,2,3,1,1,3,20,1,1,2,2
4,14,6,70,0.2,1,3,1,1,1,280.41,1,17,3,1,3,1,13,3,3,1,1
4,14,6,71,0.1,1,2,1,1,1,231.15,1,11,3,3,3,3,19,3,1,2,2
4,14,6,72,0.4,1,3,1,1,1,222.9,1,4,1,3,1,3,12,1,1,3,3
4,14,6,73,0.1,2,2,2,2,1,328.49,0,16,3,3,2,2,6,1,3,2,2
4,14,6,74,1.8,2,2,2,2,1,258.77,1,11,1,3,2,2,4,3,1,2,2
4,14,6,75,0.1,2,1,2,2,1,313.21,0,17,3,3,2,2,20,1,1,1,1
4,14,6,76,0.4,1,3,1,1,1,263.75,1,9,3,1,3,1,18,1,3,3,1
4,14,6,77,0.8,1,1,NaN,NaN,NaN,NaN,NaN,16,3,3,3,3,7,3,1,3,1
4,14,6,78,1.8,1,3,1,1,1,234.26,1,10,1,1,1,1,1,3,3,1,1
4,14,7,1,0.2,1,1,1,1,1,236.54,1,5,1,1,1,1,7,1,3,1,3
4,14,7,2,0.05,1,3,1,1,1,293.28,1,3,3,1,3,1,7,3,3,1,1
4,14,7,3,0.4,2,3,2,1,0,228.2,1,6,1,3,2,2,9,1,3,3,1
4,14,7,4,1.8,3,3,2,2,1,206.66,1,8,3,3,1,1,4,1,1,3,3
4,14,7,5,0.8,1,3,1,1,1,237.48,1,14,3,1,3,1,13,3,1,1,3
4,14,7,6,0.1,1,3,1,1,1,290.05,1,8,3,3,3,3,7,3,3,1,1
4,14,7,7,0.1,2,1,2,1,0,207.4,1,3,1,1,2,2,20,3,1,3,1
4,14,7,8,0.1,1,3,1,1,1,253.25,1,5,3,3,3,3,14,1,1,3,3
4,14,7,9,0.05,1,2,1,1,1,236.48,1,16,3,1,3,1,11,1,3,2,2
4,14,7,10,0.4,3,1,2,2,1,252.28,1,14,1,1,3,3,5,3,3,3,3
4,14,7,11,0.1,3,1,2,2,1,473.58,0,13,1,1,3,3,11,1,1,1,1
4,14,7,12,1.8,1,3,1,1,1,210.46,1,20,1,1,1,1,3,3,3,1,1
4,14,7,13,0.4,2,3,2,1,0,265.46,1,10,3,3,2,2,14,1,1,3,3
4,14,7,14,0.8,3,3,2,2,1,246.3,1,2,1,1,3,3,17,1,1,3,3
4,14,7,15,0.8,1,3,NaN,NaN,NaN,NaN,NaN,19,1,1,1,1,17,1,3,3,1
4,14,7,16,1.8,1,1,1,2,0,237.18,1,2,3,3,3,3,1,3,3,3,3
4,14,7,17,0.2,2,3,2,2,1,305.27,0,9,3,1,2,2,5,1,1,3,3
4,14,7,18,0.1,2,1,2,2,1,259.08,1,17,1,1,2,2,7,3,3,3,3
4,14,7,19,0.05,2,3,2,1,0,303.73,0,17,3,3,2,2,10,1,3,3,1
4,14,7,20,0.1,3,1,2,2,1,331.78,0,10,3,3,1,1,13,3,1,3,1
4,14,7,21,0.1,3,1,2,2,1,282.92,1,11,1,1,3,3,1,1,1,1,1
4,14,7,22,0.05,1,1,1,1,1,237.14,1,11,1,3,1,3,6,3,3,3,3
4,14,7,23,0.1,2,1,2,2,1,220.15,1,19,3,1,2,2,13,1,1,1,1
4,14,7,24,0.8,3,2,NaN,NaN,NaN,NaN,NaN,17,1,1,3,3,7,3,1,2,2
4,14,7,25,0.8,3,1,2,2,1,433.28,0,13,3,3,1,1,17,1,3,1,3
4,14,7,26,1.8,2,1,2,2,1,248.22,1,13,1,1,2,2,4,3,1,3,1
4,14,7,27,1.8,1,1,NaN,NaN,NaN,NaN,NaN,7,1,1,1,1,6,3,3,3,3
4,14,7,28,0.2,3,1,2,2,1,261.69,1,10,3,3,1,1,6,1,1,1,1
4,14,7,29,0.05,3,1,2,2,1,246.73,1,4,3,1,1,3,8,1,1,1,1
4,14,7,30,0.1,3,3,2,2,1,298.56,1,7,1,3,3,1,4,3,1,1,3
4,14,7,31,0.8,3,2,2,2,1,393.04,0,10,1,3,3,1,5,3,3,2,2
4,14,7,32,0.2,3,3,2,2,1,211.88,1,16,1,3,3,1,3,3,1,1,3
4,14,7,33,0.4,3,1,2,2,1,224.36,1,4,3,3,1,1,13,1,1,1,1
4,14,7,34,0.05,2,1,2,2,1,339.39,0,17,3,1,2,2,9,1,3,1,3
4,14,7,35,0.4,1,3,1,1,1,241.87,1,9,3,1,3,1,1,3,1,1,3
4,14,7,36,0.2,1,3,1,1,1,253.94,1,18,1,3,1,3,2,3,1,1,3
4,14,7,37,1.8,1,2,1,1,1,212.46,1,9,3,3,3,3,7,3,1,2,2
4,14,7,38,0.1,1,2,1,1,1,278.52,1,18,3,3,3,3,19,3,3,2,2
4,14,7,39,0.8,1,3,1,1,1,234.44,1,8,3,1,3,1,13,3,1,1,3
4,14,7,40,0.4,2,1,2,2,1,254.09,1,3,3,1,2,2,16,3,1,3,1
4,14,7,41,0.05,1,1,1,1,1,288.26,1,16,3,3,3,3,14,3,1,3,1
4,14,7,42,0.05,2,3,2,1,0,358.85,0,13,1,3,2,2,7,1,1,3,3
4,14,7,43,0.2,3,2,2,2,1,227.69,1,12,1,3,3,1,14,3,1,2,2
4,14,7,44,0.05,3,3,2,2,1,299.54,1,5,1,1,3,3,12,3,3,1,1
4,14,7,45,1.8,3,1,NaN,NaN,NaN,NaN,NaN,10,3,3,1,1,3,3,1,3,1
4,14,7,46,0.1,1,1,1,1,1,280.82,1,5,1,1,1,1,12,3,1,3,1
4,14,7,47,0.8,1,3,1,1,1,254.28,1,14,3,3,3,3,19,1,1,3,3
4,14,7,48,0.8,1,2,1,1,1,271.69,1,14,1,1,1,1,20,3,3,2,2
4,14,7,49,0.4,2,3,2,2,1,227.23,1,6,3,3,2,2,17,1,1,3,3
4,14,7,50,0.8,2,3,2,2,1,251.98,1,15,1,1,2,2,19,1,3,3,1
4,14,7,51,1.8,2,2,2,1,0,210.99,1,10,1,3,2,2,16,1,3,2,2
4,14,7,52,0.4,1,2,1,1,1,123.81,1,11,1,1,1,1,19,1,1,2,2
4,14,7,53,0.4,1,3,1,1,1,274.51,1,8,1,1,1,1,3,3,3,1,1
4,14,7,54,0.8,3,1,2,2,1,250.47,1,12,3,3,1,1,4,1,1,1,1
4,14,7,55,0.2,1,1,1,1,1,246.67,1,11,1,3,1,3,5,3,1,3,1
4,14,7,56,0.05,3,3,2,2,1,335.54,0,15,3,1,1,3,16,3,1,1,3
4,14,7,57,0.2,3,2,2,2,1,240.17,1,17,3,1,1,3,19,3,1,2,2
4,14,7,58,0.2,1,3,1,1,1,243.96,1,12,1,1,1,1,6,1,3,3,1
4,14,7,59,0.2,1,1,1,1,1,216.91,1,9,3,3,3,3,3,1,3,1,3
4,14,7,60,1.8,1,1,1,1,1,210.6,1,9,3,3,3,3,15,1,3,1,3
4,14,7,61,1.8,1,3,1,1,1,227.26,1,11,1,3,1,3,10,3,3,1,1
4,14,7,62,0.8,2,3,2,2,1,250.82,1,14,3,3,2,2,13,3,3,1,1
4,14,7,63,0.2,3,1,2,2,1,261.24,1,1,3,3,1,1,11,1,1,1,1
4,14,7,64,1.8,2,3,2,2,1,264.11,1,13,1,3,2,2,6,1,1,3,3
4,14,7,65,0.1,3,1,2,2,1,234.7,1,2,3,3,1,1,4,3,3,3,3
4,14,7,66,0.4,3,1,2,2,1,231.91,1,18,3,3,1,1,17,3,1,3,1
4,14,7,67,0.2,1,1,1,1,1,223.43,1,1,1,1,1,1,14,1,3,1,3
4,14,7,68,0.4,1,1,1,1,1,134.41,1,5,3,1,3,1,10,1,3,1,3
4,14,7,69,0.4,3,3,2,2,1,279.09,1,16,1,1,3,3,14,1,1,3,3
4,14,7,70,0.4,1,3,1,1,1,224.92,1,7,1,1,1,1,6,3,3,1,1
4,14,7,71,0.05,1,2,1,1,1,252.57,1,9,1,3,1,3,3,3,1,2,2
4,14,7,72,0.05,2,1,2,1,0,298.67,1,4,3,1,2,2,2,3,1,3,1
4,14,7,73,0.1,1,1,1,1,1,212.54,1,10,1,3,1,3,3,3,3,3,3
4,14,7,74,0.05,1,3,1,1,1,311.88,0,9,3,3,3,3,19,3,3,1,1
4,14,7,75,1.8,1,2,1,1,1,257.7,1,14,1,1,1,1,17,3,1,2,2
4,14,7,76,0.8,1,3,1,1,1,221.1,1,11,3,1,3,1,13,1,3,3,1
4,14,7,77,1.8,2,2,2,2,1,257.86,1,16,3,3,2,2,3,3,1,2,2
4,14,7,78,0.2,2,2,2,2,1,288.53,1,3,1,3,2,2,1,1,3,2,2
4,14,8,1,0.8,1,1,1,1,1,235.41,1,19,1,1,1,1,11,1,1,1,1
4,14,8,2,1.8,2,1,2,1,0,489.14,0,3,3,1,2,2,8,1,3,1,3
4,14,8,3,0.4,1,2,1,1,1,245.35,1,4,1,1,1,1,8,1,3,2,2
4,14,8,4,0.2,2,2,2,2,1,252.66,1,8,1,1,2,2,5,1,1,2,2
4,14,8,5,0.8,1,2,1,1,1,249.09,1,8,3,3,3,3,8,1,3,2,2
4,14,8,6,0.1,3,3,2,2,1,242.77,1,4,3,3,1,1,20,3,1,1,3
4,14,8,7,0.05,1,1,1,1,1,298.93,1,2,3,3,3,3,9,3,1,3,1
4,14,8,8,0.8,1,3,1,1,1,207.96,1,2,3,3,3,3,14,1,3,3,1
4,14,8,9,0.4,1,3,1,1,1,231.13,1,14,1,1,1,1,5,3,3,1,1
4,14,8,10,0.1,1,1,1,1,1,200.34,1,2,1,3,1,3,19,1,3,1,3
4,14,8,11,0.05,1,1,1,1,1,270.65,1,4,3,3,3,3,8,1,1,1,1
4,14,8,12,0.1,2,3,2,2,1,270.14,1,17,3,3,2,2,11,1,1,3,3
4,14,8,13,0.4,1,1,1,1,1,273.17,1,2,3,1,3,1,11,3,1,3,1
4,14,8,14,0.8,1,1,1,1,1,245.25,1,14,3,3,3,3,18,1,3,1,3
4,14,8,15,1.8,1,2,1,1,1,221.45,1,9,1,1,1,1,20,1,3,2,2
4,14,8,16,0.1,1,2,1,1,1,247.55,1,5,1,1,1,1,11,1,1,2,2
4,14,8,17,0.8,3,3,2,2,1,240.14,1,1,3,3,1,1,11,3,3,1,1
4,14,8,18,0.1,2,2,2,2,1,282.7,1,10,3,1,2,2,7,3,3,2,2
4,14,8,19,0.2,3,3,2,2,1,218.08,1,13,3,1,1,3,13,1,3,3,1
4,14,8,20,0.2,1,3,1,2,0,257.19,1,12,1,1,1,1,10,3,3,1,1
4,14,8,21,1.8,2,2,2,2,1,239.81,1,12,3,3,2,2,16,3,3,2,2
4,14,8,22,0.1,3,3,2,2,1,270.41,1,10,1,3,3,1,18,3,3,1,1
4,14,8,23,0.4,2,2,2,2,1,261.47,1,7,1,1,2,2,19,3,3,2,2
4,14,8,24,1.8,2,3,2,2,1,271.67,1,16,1,1,2,2,14,1,1,3,3
4,14,8,25,0.4,3,2,2,2,1,263.68,1,17,1,1,3,3,11,1,1,2,2
4,14,8,26,0.2,3,2,2,2,1,279.15,1,7,3,3,1,1,17,1,3,2,2
4,14,8,27,0.4,2,1,2,2,1,232.16,1,20,1,3,2,2,11,3,3,3,3
4,14,8,28,0.2,1,3,1,1,1,221.98,1,14,1,1,1,1,8,1,1,3,3
4,14,8,29,0.1,1,1,1,1,1,254.79,1,4,1,1,1,1,4,1,3,1,3
4,14,8,30,0.2,1,2,1,1,1,245.97,1,13,3,3,3,3,2,3,1,2,2
4,14,8,31,0.8,1,3,1,1,1,281.12,1,4,1,3,1,3,9,3,3,1,1
4,14,8,32,0.05,2,2,2,2,1,280.79,1,20,3,1,2,2,19,3,3,2,2
4,14,8,33,0.8,1,2,1,1,1,244.19,1,1,1,1,1,1,3,1,3,2,2
4,14,8,34,1.8,3,1,2,2,1,237.37,1,9,3,3,1,1,17,1,1,1,1
4,14,8,35,1.8,3,3,2,2,1,247.15,1,10,3,1,1,3,19,3,1,1,3
4,14,8,36,1.8,2,3,2,2,1,267.99,1,16,3,1,2,2,5,1,3,3,1
4,14,8,37,0.05,1,1,1,1,1,250.6,1,9,1,1,1,1,12,1,1,1,1
4,14,8,38,0.05,2,1,2,1,0,506.24,0,10,1,1,2,2,17,3,1,3,1
4,14,8,39,0.8,1,1,1,1,1,253.89,1,4,3,3,3,3,1,3,3,3,3
4,14,8,40,1.8,1,2,NaN,NaN,NaN,NaN,NaN,12,1,3,1,3,5,3,1,2,2
4,14,8,41,0.8,3,1,2,2,1,241.41,1,7,3,1,1,3,18,1,1,1,1
4,14,8,42,0.05,3,3,2,2,1,321.18,0,18,3,3,1,1,3,1,3,3,1
4,14,8,43,1.8,1,3,1,1,1,241.52,1,8,1,1,1,1,13,1,1,3,3
4,14,8,44,0.05,3,2,2,2,1,295.04,1,17,3,3,1,1,2,1,3,2,2
4,14,8,45,0.4,1,1,1,1,1,266.74,1,3,1,1,1,1,18,1,3,1,3
4,14,8,46,0.1,3,1,2,2,1,254.13,1,11,1,1,3,3,14,1,3,1,3
4,14,8,47,0.4,1,1,1,1,1,256.65,1,2,1,1,1,1,8,1,1,1,1
4,14,8,48,0.05,2,2,2,2,1,280.1,1,9,1,1,2,2,15,1,3,2,2
4,14,8,49,0.1,1,2,1,1,1,237.74,1,3,1,3,1,3,3,1,1,2,2
4,14,8,50,1.8,1,3,1,2,0,231.82,1,7,3,3,3,3,20,1,1,3,3
4,14,8,51,0.2,1,2,1,1,1,228.79,1,3,3,3,3,3,20,3,3,2,2
4,14,8,52,0.1,3,3,2,2,1,280.94,1,20,3,3,1,1,20,1,3,3,1
4,14,8,53,0.8,1,1,1,1,1,249.85,1,12,3,1,3,1,8,3,1,3,1
4,14,8,54,0.2,1,1,1,1,1,216.45,1,16,3,3,3,3,7,3,3,3,3
4,14,8,55,0.2,1,2,1,1,1,243.64,1,11,1,1,1,1,7,3,3,2,2
4,14,8,56,0.05,1,1,1,1,1,324.68,0,2,3,1,3,1,5,3,3,3,3
4,14,8,57,0.2,2,3,2,1,0,305.89,0,13,3,1,2,2,10,1,3,3,1
4,14,8,58,0.8,2,2,2,2,1,242.05,1,15,3,1,2,2,19,3,3,2,2
4,14,8,59,0.05,1,3,1,1,1,285.72,1,9,3,3,3,3,18,3,1,1,3
4,14,8,60,0.8,3,1,NaN,NaN,NaN,NaN,NaN,14,1,1,3,3,10,1,3,1,3
4,14,8,61,0.1,1,3,1,1,1,268.02,1,4,1,1,1,1,12,3,3,1,1
4,14,8,62,0.4,3,1,2,2,1,243.79,1,18,1,1,3,3,9,1,3,1,3
4,14,8,63,1.8,1,3,1,1,1,236.31,1,12,3,1,3,1,1,3,3,1,1
4,14,8,64,0.4,1,2,1,1,1,270.43,1,18,3,3,3,3,11,1,1,2,2
4,14,8,65,0.4,1,2,1,1,1,248.46,1,16,1,3,1,3,7,1,3,2,2
4,14,8,66,1.8,2,3,2,2,1,229.19,1,5,3,1,2,2,5,3,3,1,1
4,14,8,67,0.4,1,2,1,1,1,265.83,1,18,1,1,1,1,10,3,3,2,2
4,14,8,68,0.05,3,3,2,2,1,311.97,0,1,3,1,1,3,2,3,3,1,1
4,14,8,69,1.8,2,1,2,2,1,257.38,1,13,3,3,2,2,19,1,1,1,1
4,14,8,70,0.2,1,2,1,1,1,298.31,1,4,1,1,1,1,11,1,3,2,2
4,14,8,71,0.1,1,2,1,1,1,260.19,1,19,1,1,1,1,4,1,1,2,2
4,14,8,72,0.1,2,1,2,2,1,322.71,0,1,1,1,2,2,12,3,1,3,1
4,14,8,73,0.8,3,3,2,2,1,269.27,1,12,1,1,3,3,6,3,1,1,3
4,14,8,74,0.2,1,2,1,1,1,271.37,1,5,1,3,1,3,3,3,3,2,2
4,14,8,75,0.4,1,3,1,1,1,280.49,1,4,3,3,3,3,11,3,1,1,3
4,14,8,76,0.05,3,1,2,2,1,355.79,0,10,1,1,3,3,15,3,3,3,3
4,14,8,77,0.2,2,2,2,2,1,239.62,1,5,1,3,2,2,10,1,1,2,2
4,14,8,78,0.05,1,1,1,1,1,239.7,1,7,1,1,1,1,8,1,1,1,1
4,14,9,1,0.1,1,2,1,1,1,192.61,1,7,1,1,1,1,1,1,3,2,2
4,14,9,2,0.2,1,2,1,1,1,224.54,1,18,1,1,1,1,4,3,3,2,2
4,14,9,3,0.1,1,1,1,1,1,271.07,1,10,1,1,1,1,11,3,3,3,3
4,14,9,4,0.8,2,2,2,2,1,246.49,1,14,3,3,2,2,10,3,3,2,2
4,14,9,5,0.8,1,2,1,1,1,238.44,1,5,1,1,1,1,12,1,1,2,2
4,14,9,6,0.8,2,1,2,2,1,250.45,1,17,1,3,2,2,13,1,3,1,3
4,14,9,7,0.05,1,1,1,1,1,253.73,1,4,3,1,3,1,12,1,1,1,1
4,14,9,8,0.1,1,3,1,1,1,206.11,1,2,1,3,1,3,12,3,1,1,3
4,14,9,9,0.4,2,3,2,2,1,247.27,1,3,1,1,2,2,15,1,1,3,3
4,14,9,10,0.8,1,1,1,1,1,227.5,1,10,1,3,1,3,19,1,3,1,3
4,14,9,11,0.2,2,3,2,2,1,259.91,1,6,3,3,2,2,8,3,1,1,3
4,14,9,12,0.4,1,2,1,1,1,270.74,1,10,3,3,3,3,17,3,3,2,2
4,14,9,13,0.05,1,2,1,1,1,306.55,0,18,3,3,3,3,2,1,1,2,2
4,14,9,14,0.2,2,3,2,1,0,258.73,1,19,1,3,2,2,20,3,1,1,3
4,14,9,15,0.05,1,1,1,1,1,281.35,1,11,3,1,3,1,13,1,3,1,3
4,14,9,16,0.4,2,1,2,2,1,253.03,1,6,3,3,2,2,11,1,1,1,1
4,14,9,17,0.8,1,1,1,1,1,220.14,1,4,3,1,3,1,16,1,3,1,3
4,14,9,18,0.8,3,3,2,2,1,236.25,1,10,1,1,3,3,17,3,3,1,1
4,14,9,19,0.8,1,1,NaN,NaN,NaN,NaN,NaN,11,1,1,1,1,2,3,1,3,1
4,14,9,20,1.8,3,3,2,2,1,244.86,1,2,3,1,1,3,9,3,3,1,1
4,14,9,21,1.8,1,1,1,1,1,251.42,1,9,3,1,3,1,14,3,3,3,3
4,14,9,22,0.2,2,1,2,2,1,271.2,1,2,3,3,2,2,4,1,3,1,3
4,14,9,23,0.2,1,3,1,1,1,237.09,1,7,1,3,1,3,2,1,1,3,3
4,14,9,24,0.4,1,2,1,1,1,259.49,1,8,3,1,3,1,9,1,3,2,2
4,14,9,25,0.05,1,2,1,1,1,299.37,1,20,3,3,3,3,2,3,3,2,2
4,14,9,26,1.8,1,1,1,1,1,246.86,1,7,1,3,1,3,3,3,3,3,3
4,14,9,27,0.2,2,2,2,2,1,284.88,1,11,1,1,2,2,5,3,3,2,2
4,14,9,28,0.4,3,3,2,2,1,281.65,1,16,1,1,3,3,19,1,1,3,3
4,14,9,29,1.8,2,1,2,2,1,240.85,1,10,3,3,2,2,4,3,3,3,3
4,14,9,30,0.4,1,2,1,1,1,282.16,1,7,1,3,1,3,19,3,1,2,2
4,14,9,31,0.1,1,3,1,1,1,267.88,1,12,3,1,3,1,2,1,1,3,3
4,14,9,32,0.8,1,3,1,1,1,260.98,1,5,1,1,1,1,17,1,1,3,3
4,14,9,33,0.2,1,3,1,1,1,259.95,1,13,3,1,3,1,17,1,3,3,1
4,14,9,34,0.2,3,3,2,2,1,266.99,1,4,3,3,1,1,1,3,1,1,3
4,14,9,35,0.2,1,1,1,1,1,299.09,1,1,3,3,3,3,2,3,3,3,3
4,14,9,36,0.1,3,1,2,2,1,326.52,0,16,3,1,1,3,14,1,3,1,3
4,14,9,37,0.1,3,2,2,2,1,299.73,1,6,3,3,1,1,17,3,1,2,2
4,14,9,38,0.8,1,3,1,1,1,248.87,1,6,3,3,3,3,20,1,1,3,3
4,14,9,39,0.05,1,2,1,1,1,276.97,1,19,1,1,1,1,16,1,3,2,2
4,14,9,40,1.8,2,1,2,2,1,268.57,1,19,1,1,2,2,7,1,3,1,3
4,14,9,41,0.05,1,3,1,1,1,252.2,1,19,1,1,1,1,17,1,1,3,3
4,14,9,42,0.1,2,2,2,2,1,398.74,0,12,1,1,2,2,7,3,3,2,2
4,14,9,43,0.1,1,1,1,1,1,447.66,0,5,3,3,3,3,12,3,3,3,3
4,14,9,44,0.1,2,2,2,1,0,247.35,1,2,3,1,2,2,5,1,3,2,2
4,14,9,45,0.8,3,1,2,2,1,234.09,1,13,1,3,3,1,11,3,3,3,3
4,14,9,46,0.2,3,1,2,2,1,239.9,1,3,1,3,3,1,12,3,3,3,3
4,14,9,47,0.4,1,1,1,1,1,234.34,1,17,3,1,3,1,8,1,3,1,3
4,14,9,48,0.05,1,1,1,1,1,281.03,1,6,3,1,3,1,2,1,3,1,3
4,14,9,49,0.05,1,2,1,1,1,283.55,1,3,1,1,1,1,2,3,3,2,2
4,14,9,50,0.2,2,2,2,2,1,289.23,1,1,1,3,2,2,20,1,1,2,2
4,14,9,51,1.8,2,1,2,2,1,230.27,1,1,3,1,2,2,3,1,3,1,3
4,14,9,52,0.2,1,2,1,1,1,223.02,1,6,3,1,3,1,1,3,1,2,2
4,14,9,53,0.1,3,2,2,2,1,296.13,1,2,1,3,3,1,13,3,1,2,2
4,14,9,54,0.05,3,3,2,2,1,305.19,0,19,3,1,1,3,17,1,3,3,1
4,14,9,55,0.8,1,1,1,1,1,229.04,1,17,3,3,3,3,13,1,1,1,1
4,14,9,56,0.4,1,1,1,1,1,250.58,1,17,1,3,1,3,5,1,1,1,1
4,14,9,57,1.8,2,2,2,2,1,248.96,1,14,3,3,2,2,14,3,1,2,2
4,14,9,58,0.4,2,3,2,2,1,278.95,1,16,1,1,2,2,5,3,1,1,3
4,14,9,59,0.4,2,3,2,2,1,245.02,1,19,1,1,2,2,16,3,3,1,1
4,14,9,60,0.4,3,3,2,2,1,228.05,1,12,3,3,1,1,2,3,1,1,3
4,14,9,61,0.1,1,2,1,1,1,247.95,1,18,1,3,1,3,10,1,1,2,2
4,14,9,62,1.8,1,3,1,1,1,246.35,1,13,3,1,3,1,20,3,3,1,1
4,14,9,63,0.4,1,1,1,1,1,217.41,1,13,1,1,1,1,19,3,3,3,3
4,14,9,64,0.05,3,3,2,2,1,333.21,0,16,3,1,1,3,15,1,1,3,3
4,14,9,65,0.4,1,1,1,1,1,292.4,1,1,1,3,1,3,5,1,1,1,1
4,14,9,66,0.8,1,2,1,1,1,249.98,1,12,3,1,3,1,13,3,1,2,2
4,14,9,67,0.1,3,2,2,2,1,309.42,0,12,1,3,3,1,10,1,1,2,2
4,14,9,68,1.8,1,1,1,1,1,244.52,1,5,1,1,1,1,8,1,3,1,3
4,14,9,69,0.05,2,1,2,2,1,287.94,1,19,1,1,2,2,3,3,1,3,1
4,14,9,70,1.8,1,3,1,1,1,232.8,1,12,1,3,1,3,19,1,3,3,1
4,14,9,71,1.8,1,2,1,1,1,251.66,1,15,1,3,1,3,13,3,1,2,2
4,14,9,72,1.8,2,3,2,2,1,242.7,1,6,1,1,2,2,15,1,3,3,1
4,14,9,73,0.05,3,3,2,2,1,311.07,0,19,3,3,1,1,5,1,3,3,1
4,14,9,74,0.2,3,2,2,2,1,248.18,1,4,1,3,3,1,7,3,1,2,2
4,14,9,75,0.8,2,3,2,2,1,241.45,1,11,3,1,2,2,19,3,3,1,1
4,14,9,76,0.1,2,2,2,2,1,261.07,1,7,1,1,2,2,3,1,3,2,2
4,14,9,77,0.05,3,1,2,2,1,292.42,1,18,3,1,1,3,20,1,1,1,1
4,14,9,78,1.8,1,2,1,1,1,264.54,1,4,1,1,1,1,16,1,3,2,2
4,14,10,1,0.8,3,3,2,2,1,247.84,1,14,1,3,3,1,11,1,1,3,3
4,14,10,2,0.1,2,3,2,1,0,240.96,1,16,1,1,2,2,1,3,3,1,1
4,14,10,3,0.05,2,3,2,1,0,311.51,0,19,3,1,2,2,11,1,1,3,3
4,14,10,4,0.2,1,1,1,1,1,218.76,1,5,3,1,3,1,17,3,3,3,3
4,14,10,5,0.2,1,1,1,1,1,208.27,1,3,1,3,1,3,13,3,1,3,1
4,14,10,6,0.1,1,1,1,1,1,198.63,1,3,3,3,3,3,6,1,1,1,1
4,14,10,7,1.8,3,1,2,2,1,221.76,1,4,3,1,1,3,4,3,1,3,1
4,14,10,8,0.1,3,3,2,2,1,254.53,1,16,3,1,1,3,11,3,3,1,1
4,14,10,9,0.2,1,2,1,1,1,210.91,1,9,3,1,3,1,17,1,3,2,2
4,14,10,10,0.05,3,2,2,2,1,404.59,0,20,3,1,1,3,18,3,1,2,2
4,14,10,11,1.8,1,3,1,1,1,240.1,1,19,3,3,3,3,13,3,3,1,1
4,14,10,12,0.1,1,2,1,1,1,163.39,1,7,1,1,1,1,16,1,3,2,2
4,14,10,13,0.4,1,3,1,1,1,258.14,1,7,3,3,3,3,18,3,3,1,1
4,14,10,14,0.8,3,2,2,2,1,261.33,1,1,1,1,3,3,4,1,1,2,2
4,14,10,15,0.05,3,2,2,2,1,327.42,0,12,3,1,1,3,5,3,1,2,2
4,14,10,16,0.8,3,2,2,2,1,246.76,1,17,1,3,3,1,20,1,1,2,2
4,14,10,17,0.8,1,3,1,1,1,229.11,1,8,3,3,3,3,11,1,3,3,1
4,14,10,18,0.2,2,2,2,2,1,250.63,1,17,3,3,2,2,7,1,1,2,2
4,14,10,19,0.05,3,1,2,2,1,368.16,0,3,1,3,3,1,18,3,3,3,3
4,14,10,20,0.1,1,2,1,1,1,223.16,1,1,3,1,3,1,6,3,1,2,2
4,14,10,21,0.8,3,1,2,2,1,263.8,1,2,3,1,1,3,3,3,1,3,1
4,14,10,22,1.8,3,3,2,2,1,248.9,1,7,1,3,3,1,8,1,1,3,3
4,14,10,23,0.4,3,2,2,2,1,249.83,1,1,1,3,3,1,3,3,1,2,2
4,14,10,24,0.8,3,1,2,2,1,492.42,0,8,3,3,1,1,19,3,1,3,1
4,14,10,25,0.2,1,2,1,1,1,240.25,1,19,3,3,3,3,12,3,3,2,2
4,14,10,26,0.8,2,2,2,2,1,391.26,0,15,1,3,2,2,7,1,3,2,2
4,14,10,27,0.8,1,1,1,1,1,228.69,1,7,3,1,3,1,18,3,3,3,3
4,14,10,28,0.2,3,2,2,2,1,238.8,1,18,1,1,3,3,20,3,3,2,2
4,14,10,29,0.2,2,1,2,1,0,267.71,1,4,1,3,2,2,1,3,1,3,1
4,14,10,30,1.8,1,1,1,1,1,252.19,1,1,1,3,1,3,19,3,1,3,1
4,14,10,31,0.2,2,1,2,1,0,296.1,1,18,1,1,2,2,9,1,1,1,1
4,14,10,32,0.2,1,3,1,1,1,228.97,1,7,1,1,1,1,9,1,1,3,3
4,14,10,33,0.4,1,2,1,1,1,287.44,1,3,1,3,1,3,8,3,1,2,2
4,14,10,34,0.1,1,2,1,1,1,245.89,1,15,3,3,3,3,14,1,1,2,2
4,14,10,35,1.8,3,3,2,2,1,263.37,1,7,1,1,3,3,16,3,1,1,3
4,14,10,36,0.05,3,2,2,2,1,273.32,1,20,1,1,3,3,15,3,3,2,2
4,14,10,37,0.4,2,1,2,2,1,298.2,1,11,1,1,2,2,4,1,1,1,1
4,14,10,38,0.4,1,1,1,1,1,242.22,1,10,1,1,1,1,20,3,1,3,1
4,14,10,39,0.05,1,3,1,1,1,313.22,0,17,1,3,1,3,18,3,1,1,3
4,14,10,40,0.4,2,1,2,1,0,436.92,0,12,3,3,2,2,13,3,3,3,3
4,14,10,41,1.8,2,2,NaN,NaN,NaN,NaN,NaN,7,1,1,2,2,12,1,1,2,2
4,14,10,42,0.2,3,1,2,2,1,279.11,1,10,3,3,1,1,13,3,3,3,3
4,14,10,43,1.8,2,1,2,2,1,243.78,1,7,1,1,2,2,9,3,1,3,1
4,14,10,44,1.8,1,1,1,1,1,228.26,1,3,3,3,3,3,7,1,3,1,3
4,14,10,45,0.8,1,3,NaN,NaN,NaN,NaN,NaN,18,3,1,3,1,16,3,3,1,1
4,14,10,46,0.4,1,2,1,1,1,242.99,1,9,1,3,1,3,16,1,1,2,2
4,14,10,47,0.05,1,2,1,1,1,277.32,1,4,3,3,3,3,9,1,3,2,2
4,14,10,48,0.1,1,1,1,1,1,238.75,1,11,1,3,1,3,9,3,3,3,3
4,14,10,49,0.05,2,3,2,1,0,266.09,1,12,1,3,2,2,15,1,3,3,1
4,14,10,50,0.4,2,1,2,2,1,255.71,1,20,1,1,2,2,1,3,3,3,3
4,14,10,51,1.8,3,2,2,2,1,228.88,1,8,1,1,3,3,3,1,3,2,2
4,14,10,52,0.1,3,1,2,2,1,284.86,1,1,3,3,1,1,18,1,1,1,1
4,14,10,53,0.1,1,3,1,1,1,271.74,1,13,3,3,3,3,2,1,3,3,1
4,14,10,54,0.05,1,2,1,1,1,280.62,1,9,3,3,3,3,17,3,1,2,2
4,14,10,55,0.1,1,2,1,1,1,214.19,1,2,3,3,3,3,1,3,1,2,2
4,14,10,56,1.8,1,1,1,1,1,247.02,1,13,3,1,3,1,10,3,3,3,3
4,14,10,57,0.05,1,3,1,1,1,284.58,1,19,1,3,1,3,11,1,3,3,1
4,14,10,58,0.4,1,1,1,1,1,244.12,1,9,3,1,3,1,15,1,3,1,3
4,14,10,59,0.1,1,3,1,1,1,274.72,1,10,3,1,3,1,15,3,3,1,1
4,14,10,60,0.4,2,3,2,2,1,257.29,1,20,3,3,2,2,12,1,1,3,3
4,14,10,61,0.1,1,2,1,1,1,284.65,1,8,1,1,1,1,15,1,1,2,2
4,14,10,62,0.8,3,2,2,2,1,255.9,1,18,3,1,1,3,18,3,1,2,2
4,14,10,63,0.4,2,3,2,2,1,290.58,1,6,1,3,2,2,4,1,1,3,3
4,14,10,64,0.05,1,2,1,1,1,269.93,1,12,1,3,1,3,3,1,1,2,2
4,14,10,65,0.2,1,1,1,1,1,278.72,1,8,3,3,3,3,16,3,1,3,1
4,14,10,66,0.05,1,1,1,1,1,264.08,1,13,3,1,3,1,6,3,3,3,3
4,14,10,67,0.8,1,3,1,1,1,229.2,1,12,1,3,1,3,9,3,1,1,3
4,14,10,68,1.8,1,3,1,1,1,208.46,1,11,1,1,1,1,5,1,1,3,3
4,14,10,69,0.2,1,2,1,1,1,238.21,1,5,3,1,3,1,2,3,3,2,2
4,14,10,70,0.8,2,2,2,2,1,243.43,1,6,3,1,2,2,8,1,3,2,2
4,14,10,71,1.8,3,3,NaN,NaN,NaN,NaN,NaN,18,1,3,3,1,20,3,3,1,1
4,14,10,72,0.1,2,2,2,2,1,309.33,0,10,3,3,2,2,9,1,1,2,2
4,14,10,73,1.8,3,2,2,2,1,261.64,1,6,1,3,3,1,10,3,1,2,2
4,14,10,74,0.2,2,3,2,2,1,424.77,0,1,3,1,2,2,8,1,1,3,3
4,14,10,75,0.8,1,2,1,1,1,240.56,1,4,3,3,3,3,11,3,3,2,2
4,14,10,76,0.4,3,1,2,2,1,249.64,1,16,3,3,1,1,2,3,3,3,3
4,14,10,77,0.4,3,2,2,2,1,236.9,1,6,1,1,3,3,12,3,3,2,2
4,14,10,78,0.05,1,1,1,1,1,278.47,1,1,1,1,1,1,2,3,3,3,3
