3,3,1,1,0.2,1,1,1,1,1,261.98,1,4,1,1,1,1,10,1,3,1,3
3,3,1,2,0.2,1,2,1,1,1,189.65,1,17,1,3,1,3,10,1,1,2,2
3,3,1,3,0.8,2,3,2,2,1,209.58,1,9,1,1,2,2,20,1,1,3,3
3,3,1,4,1.8,1,1,1,1,1,177.08,1,10,3,3,3,3,2,3,1,3,1
3,3,1,5,0.8,1,1,1,1,1,228.08,1,15,1,1,1,1,19,1,1,1,1
3,3,1,6,0.05,1,3,1,1,1,333.23,0,17,3,3,3,3,18,1,3,3,1
3,3,1,7,0.8,2,2,2,2,1,239.14,1,2,3,3,2,2,4,1,3,2,2
3,3,1,8,0.1,3,2,2,2,1,335.27,0,14,1,1,3,3,12,1,1,2,2
3,3,1,9,0.4,2,2,2,1,0,239.8,1,1,3,1,2,2,12,3,1,2,2
3,3,1,10,0.2,2,2,2,2,1,195.85,1,19,3,1,2,2,18,1,3,2,2
3,3,1,11,1.8,2,3,NaN,NaN,NaN,NaN,NaN,5,3,3,2,2,14,1,3,3,1
3,3,1,12,0.4,1,1,1,1,1,260.08,1,3,1,1,1,1,16,3,1,3,1
3,3,1,13,0.8,1,3,1,1,1,217.33,1,8,1,3,1,3,12,1,3,3,1
3,3,1,14,0.05,1,3,1,1,1,312.62,0,17,3,3,3,3,12,1,1,3,3
3,3,1,15,0.2,3,2,2,2,1,290.16,1,15,3,3,1,1,2,1,1,2,2
3,3,1,16,0.8,1,3,1,1,1,269.82,1,13,3,1,3,1,3,1,1,3,3
3,3,1,17,0.8,1,3,1,1,1,218.01,1,14,3,1,3,1,18,1,1,3,3
3,3,1,18,0.2,1,2,1,1,1,240.91,1,8,3,3,3,3,13,3,3,2,2
3,3,1,19,0.1,3,1,2,2,1,332.54,0,19,3,1,1,3,9,1,3,1,3
3,3,1,20,0.8,1,1,1,1,1,225.03,1,17,3,3,3,3,8,1,1,1,1
3,3,1,21,1.8,1,3,NaN,NaN,NaN,NaN,NaN,14,1,1,1,1,5,1,1,3,3
3,3,1,22,0.4,2,1,2,2,1,273.36,1,10,1,3,2,2,14,3,1,3,1
3,3,1,23,0.2,3,1,2,2,1,256.87,1,9,3,3,1,1,3,3,1,3,1
3,3,1,24,0.4,1,3,1,1,1,241.59,1,11,3,1,3,1,17,1,3,3,1
3,3,1,25,0.1,1,2,1,1,1,272.53,1,19,3,3,3,3,13,3,1,2,2
3,3,1,26,0.2,1,2,1,1,1,206.08,1,15,1,3,1,3,18,3,3,2,2
3,3,1,27,0.05,1,3,1,2,0,249.56,1,5,3,1,3,1,19,1,3,3,1
3,3,1,28,0.1,1,2,1,1,1,190.65,1,3,3,3,3,3,16,1,3,2,2
3,3,1,29,0.05,1,2,1,1,1,248.65,1,5,3,3,3,3,15,1,3,2,2
3,3,1,30,0.1,1,3,1,1,1,182.39,1,16,1,3,1,3,14,1,1,3,3
3,3,1,31,0.8,3,1,NaN,NaN,NaN,NaN,NaN,19,1,1,3,3,15,3,3,3,3
3,3,1,32,0.4,3,2,2,2,1,224.42,1,5,1,3,3,1,6,1,3,2,2
3,3,1,33,0.05,2,2,2,2,1,269,1,5,3,3,2,2,12,3,3,2,2
3,3,1,34,0.1,2,1,2,2,1,323.69,0,4,3,1,2,2,19,3,1,3,1
3,3,1,35,1.8,1,3,1,1,1,230.09,1,8,1,3,1,3,4,1,3,3,1
3,3,1,36,0.05,1,2,1,1,1,302.93,0,8,1,3,1,3,12,1,1,2,2
3,3,1,37,0.2,1,1,1,1,1,89.21,2,17,3,3,3,3,2,3,1,3,1
3,3,1,38,0.05,3,3,2,1,0,314.76,0,12,1,1,3,3,3,1,1,3,3
3,3,1,39,0.1,3,1,2,2,1,252.96,1,11,3,3,1,1,7,3,3,3,3
3,3,1,40,1.8,1,3,1,1,1,199.46,1,17,1,3,1,3,13,1,1,3,3
3,3,1,41,0.4,2,1,2,2,1,252.39,1,1,3,3,2,2,16,3,1,3,1
3,3,1,42,1.8,3,1,2,2,1,199.87,1,4,3,3,1,1,11,1,3,1,3
3,3,1,43,0.4,2,1,2,2,1,208.62,1,6,1,3,2,2,19,3,3,3,3
3,3,1,44,0.05,3,3,2,2,1,334.86,0,15,1,3,3,1,6,3,1,1,3
3,3,1,45,0.05,2,1,2,2,1,313.81,0,19,3,1,2,2,16,1,3,1,3
3,3,1,46,1.8,1,3,1,1,1,237.8,1,4,1,3,1,3,8,1,1,3,3
3,3,1,47,0.2,3,2,2,2,1,285.91,1,16,1,1,3,3,3,1,3,2,2
3,3,1,48,1.8,1,3,1,1,1,222.82,1,10,3,1,3,1,1,3,3,1,1
3,3,1,49,0.1,3,2,2,2,1,264.22,1,7,3,3,1,1,3,1,1,2,2
3,3,1,50,0.4,1,1,1,1,1,261.02,1,20,3,1,3,1,4,3,1,3,1
3,3,1,51,0.2,1,3,1,1,1,256.69,1,18,1,1,1,1,18,3,1,1,3
3,3,1,52,1.8,1,1,1,1,1,243.54,1,18,3,1,3,1,14,3,3,3,3
3,3,1,53,0.4,3,1,2,2,1,187.89,1,7,3,3,1,1,8,3,1,3,1
3,3,1,54,0.1,1,1,1,1,1,230.1,1,7,3,1,3,1,17,3,1,3,1
3,3,1,55,0.8,2,1,2,2,1,241.35,1,6,3,3,2,2,12,1,3,1,3
3,3,1,56,0.4,1,1,1,1,1,227.47,1,8,1,1,1,1,19,1,3,1,3
3,3,1,57,0.05,3,2,2,2,1,298.01,1,7,1,1,3,3,7,1,1,2,2
3,3,1,58,0.05,3,2,2,1,0,294.21,1,12,3,1,1,3,4,3,3,2,2
3,3,1,59,0.4,1,1,NaN,NaN,NaN,NaN,NaN,17,1,1,1,1,14,3,3,3,3
3,3,1,60,0.1,1,2,1,1,1,219.9,1,5,3,3,3,3,14,1,1,2,2
3,3,1,61,0.8,1,1,1,1,1,242.61,1,10,1,3,1,3,9,1,1,1,1
3,3,1,62,0.1,1,3,1,1,1,206.76,1,1,1,3,1,3,17,1,1,3,3
3,3,1,63,0.2,1,1,1,1,1,271.29,1,15,3,1,3,1,11,3,3,3,3
3,3,1,64,0.8,1,1,1,1,1,289.97,1,11,1,1,1,1,3,1,1,1,1
3,3,1,65,1.8,1,3,1,1,1,226.49,1,9,3,1,3,1,4,3,1,1,3
3,3,1,66,1.8,3,2,2,2,1,274.14,1,10,3,3,1,1,19,1,3,2,2
3,3,1,67,0.8,1,1,1,1,1,248.45,1,19,1,3,1,3,19,3,1,3,1
3,3,1,68,0.2,1,3,1,1,1,228.47,1,9,3,3,3,3,7,3,3,1,1
3,3,1,69,0.05,1,1,1,1,1,257.65,1,17,3,1,3,1,19,3,3,3,3
3,3,1,70,0.05,2,2,2,2,1,275.12,1,16,1,1,2,2,11,3,3,2,2
3,3,1,71,0.1,2,3,2,1,0,286.01,1,12,3,1,2,2,19,1,1,3,3
3,3,1,72,0.8,3,1,2,2,1,267.37,1,8,1,3,3,1,3,3,1,3,1
3,3,1,73,0.2,3,3,2,2,1,234.93,1,20,3,3,1,1,6,3,1,1,3
3,3,1,74,1.8,2,1,2,2,1,234.95,1,14,3,3,2,2,2,1,1,1,1
3,3,1,75,0.4,1,3,1,1,1,241.53,1,13,1,1,1,1,12,3,3,1,1
3,3,1,76,0.4,2,1,2,1,0,271.65,1,7,3,3,2,2,10,3,1,3,1
3,3,1,77,1.8,3,2,2,1,0,242.88,1,10,3,3,1,1,2,1,3,2,2
3,3,1,78,0.1,1,1,1,1,1,260.07,1,13,1,3,1,3,4,1,3,1,3
3,3,2,1,0.1,1,2,1,1,1,279.67,1,17,1,1,1,1,3,3,3,2,2
3,3,2,2,0.05,2,1,2,2,1,304.28,0,18,3,3,2,2,19,1,1,1,1
3,3,2,3,0.05,1,2,1,1,1,232.21,1,5,1,3,1,3,8,1,3,2,2
3,3,2,4,0.8,2,3,NaN,NaN,NaN,NaN,NaN,12,3,1,2,2,9,3,3,1,1
3,3,2,5,0.1,2,3,2,2,1,239.45,1,20,1,3,2,2,16,1,3,3,1
3,3,2,6,0.8,1,3,1,1,1,186.53,1,14,1,1,1,1,2,3,3,1,1
3,3,2,7,0.8,2,2,2,2,1,208.71,1,18,3,1,2,2,20,1,1,2,2
3,3,2,8,1.8,2,1,2,2,1,209.45,1,7,3,1,2,2,13,3,3,3,3
3,3,2,9,0.1,1,3,1,1,1,263.3,1,16,3,1,3,1,18,1,1,3,3
3,3,2,10,1.8,1,2,1,1,1,213.16,1,6,3,3,3,3,6,3,3,2,2
3,3,2,11,0.4,1,2,1,1,1,289.47,1,19,1,3,1,3,16,3,1,2,2
3,3,2,12,0.8,1,2,1,1,1,221.4,1,5,1,1,1,1,13,1,3,2,2
3,3,2,13,0.2,3,3,2,2,1,255.33,1,5,3,3,1,1,20,1,3,3,1
3,3,2,14,0.2,3,2,2,2,1,76.153,2,6,1,3,3,1,6,1,3,2,2
3,3,2,15,0.8,1,2,NaN,NaN,NaN,NaN,NaN,5,3,1,3,1,12,3,1,2,2
3,3,2,16,0.05,1,3,1,2,0,282.28,1,6,3,3,3,3,6,3,1,1,3
3,3,2,17,0.05,1,1,1,1,1,236.47,1,14,1,3,1,3,1,3,3,3,3
3,3,2,18,0.8,1,3,1,1,1,222.81,1,16,1,3,1,3,7,3,1,1,3
3,3,2,19,0.4,1,1,1,1,1,274.84,1,18,3,3,3,3,16,1,1,1,1
3,3,2,20,0.2,2,3,2,2,1,307.31,0,7,3,1,2,2,19,1,1,3,3
3,3,2,21,0.2,1,1,1,1,1,298.35,1,5,1,1,1,1,16,1,1,1,1
3,3,2,22,0.05,1,1,1,1,1,279.28,1,2,1,3,1,3,4,3,1,3,1
3,3,2,23,0.8,3,1,NaN,NaN,NaN,NaN,NaN,17,3,1,1,3,7,1,1,1,1
3,3,2,24,0.4,3,2,2,2,1,255.44,1,13,1,3,3,1,16,1,3,2,2
3,3,2,25,0.8,3,1,2,2,1,225.93,1,7,1,3,3,1,1,3,3,3,3
3,3,2,26,1.8,1,3,1,1,1,259.3,1,6,3,3,3,3,13,1,3,3,1
3,3,2,27,0.4,1,1,1,1,1,265.08,1,16,3,1,3,1,16,1,3,1,3
3,3,2,28,0.2,3,1,2,2,1,258.47,1,1,3,1,1,3,19,3,1,3,1
3,3,2,29,0.1,1,1,1,2,0,223.83,1,17,3,3,3,3,20,3,3,3,3
3,3,2,30,0.4,1,2,1,1,1,201.33,1,19,3,3,3,3,7,3,3,2,2
3,3,2,31,0.2,2,3,2,2,1,265.86,1,2,1,3,2,2,13,3,1,1,3
3,3,2,32,1.8,1,3,1,1,1,241.07,1,14,3,1,3,1,6,3,3,1,1
3,3,2,33,1.8,3,2,2,2,1,212.61,1,11,3,1,1,3,13,1,1,2,2
3,3,2,34,0.4,3,1,2,2,1,216.96,1,6,1,1,3,3,6,1,3,1,3
3,3,2,35,0.8,1,2,1,2,0,256.36,1,8,3,3,3,3,10,3,3,2,2
3,3,2,36,0.8,3,2,2,2,1,279.62,1,16,1,3,3,1,6,1,3,2,2
3,3,2,37,1.8,2,1,2,2,1,230.36,1,6,3,3,2,2,14,1,3,1,3
3,3,2,38,1.8,1,3,1,1,1,276.26,1,11,1,3,1,3,1,1,3,3,1
3,3,2,39,0.1,1,3,1,1,1,267.39,1,4,3,3,3,3,6,1,1,3,3
3,3,2,40,0.2,1,2,1,1,1,242.09,1,8,1,1,1,1,15,1,3,2,2
3,3,2,41,0.2,2,3,2,2,1,251.19,1,18,3,1,2,2,4,1,1,3,3
3,3,2,42,0.05,3,1,2,2,1,291.22,1,18,3,1,1,3,18,1,3,1,3
3,3,2,43,0.05,1,1,1,1,1,265.77,1,12,3,1,3,1,14,1,1,1,1
3,3,2,44,0.1,3,3,2,2,1,296.31,1,14,1,1,3,3,6,1,3,3,1
3,3,2,45,0.1,1,3,1,2,0,338.92,0,11,1,3,1,3,16,1,3,3,1
3,3,2,46,0.2,1,3,1,1,1,233.01,1,11,1,3,1,3,13,3,1,1,3
3,3,2,47,0.1,2,2,2,1,0,409.76,0,1,3,1,2,2,3,3,1,2,2
3,3,2,48,0.2,1,1,1,1,1,531.71,0,20,1,3,1,3,6,1,1,1,1
3,3,2,49,0.1,3,2,2,1,0,132.22,1,4,1,1,3,3,4,3,3,2,2
3,3,2,50,0.05,2,3,2,2,1,303.73,0,3,1,1,2,2,7,1,3,3,1
3,3,2,51,0.4,1,2,1,1,1,205.66,1,19,1,1,1,1,7,3,3,2,2
3,3,2,52,0.05,1,1,1,2,0,366.69,0,15,1,3,1,3,17,1,1,1,1
3,3,2,53,0.4,1,1,1,1,1,151.4,1,14,1,1,1,1,6,3,3,3,3
3,3,2,54,0.8,1,1,1,1,1,278.73,1,9,1,1,1,1,12,3,1,3,1
3,3,2,55,1.8,3,1,NaN,NaN,NaN,NaN,NaN,3,1,3,3,1,1,3,1,3,1
3,3,2,56,0.1,1,3,1,1,1,290.84,1,10,1,3,1,3,8,3,1,1,3
3,3,2,57,0.05,1,1,1,1,1,224.75,1,14,1,1,1,1,1,1,3,1,3
3,3,2,58,0.05,1,3,1,1,1,223.75,1,5,1,3,1,3,14,1,1,3,3
3,3,2,59,0.2,2,1,2,1,0,214.94,1,19,1,3,2,2,20,3,3,3,3
3,3,2,60,0.05,3,3,2,2,1,347.28,0,4,3,3,1,1,4,1,3,3,1
3,3,2,61,0.8,1,2,1,1,1,224.94,1,7,3,3,3,3,9,3,1,2,2
3,3,2,62,0.4,3,1,NaN,NaN,NaN,NaN,NaN,2,1,3,3,1,6,1,3,1,3
3,3,2,63,1.8,3,3,2,2,1,208.07,1,2,1,1,3,3,10,3,3,1,1
3,3,2,64,1.8,1,1,1,1,1,255.92,1,7,3,1,3,1,13,1,3,1,3
3,3,2,65,0.2,1,2,1,1,1,286.62,1,5,3,1,3,1,13,1,1,2,2
3,3,2,66,0.2,1,3,1,1,1,253.42,1,17,1,3,1,3,4,3,1,1,3
3,3,2,67,0.4,1,1,1,1,1,253.01,1,11,1,3,1,3,4,3,3,3,3
3,3,2,68,0.8,3,3,2,1,0,262.83,1,12,3,1,1,3,3,1,3,3,1
3,3,2,69,0.4,1,3,1,1,1,238.85,1,2,1,1,1,1,5,1,3,3,1
3,3,2,70,1.8,2,1,2,2,1,197.99,1,1,1,3,2,2,15,1,3,1,3
3,3,2,71,1.8,1,1,1,1,1,208.02,1,10,3,3,3,3,14,3,3,3,3
3,3,2,72,1.8,2,3,2,2,1,205.3,1,18,3,1,2,2,7,1,1,3,3
3,3,2,73,0.4,1,3,1,1,1,236.46,1,17,1,3,1,3,18,3,3,1,1
3,3,2,74,0.4,2,2,2,2,1,289.13,1,19,1,1,2,2,7,1,1,2,2
3,3,2,75,0.1,1,1,1,1,1,255.23,1,8,3,3,3,3,13,3,1,3,1
3,3,2,76,0.05,1,3,1,1,1,283.05,1,2,3,3,3,3,4,1,3,3,1
3,3,2,77,0.1,3,3,2,2,1,264.86,1,10,3,1,1,3,6,1,1,3,3
3,3,2,78,0.1,2,1,2,2,1,243.36,1,8,3,3,2,2,9,1,1,1,1
3,3,3,1,1.8,1,2,1,1,1,275.39,1,11,3,3,3,3,1,3,1,2,2
3,3,3,2,0.1,2,3,2,1,0,284.91,1,19,1,3,2,2,5,1,1,3,3
3,3,3,3,1.8,1,3,1,1,1,230.71,1,2,1,3,1,3,20,1,3,3,1
3,3,3,4,0.8,3,2,NaN,NaN,NaN,NaN,NaN,7,1,3,3,1,11,3,1,2,2
3,3,3,5,0.8,1,2,1,1,1,258.46,1,9,1,3,1,3,2,3,3,2,2
3,3,3,6,0.05,2,3,2,2,1,334.06,0,16,1,1,2,2,17,1,3,3,1
3,3,3,7,0.2,1,3,1,1,1,272.72,1,9,3,3,3,3,14,3,3,1,1
3,3,3,8,0.8,3,2,2,2,1,222.62,1,15,3,3,1,1,16,1,1,2,2
3,3,3,9,0.4,1,2,1,1,1,262.79,1,3,3,3,3,3,5,3,3,2,2
3,3,3,10,0.1,2,2,2,2,1,206.15,1,15,1,3,2,2,15,1,3,2,2
3,3,3,11,0.1,3,2,2,2,1,320.94,0,20,1,3,3,1,3,3,1,2,2
3,3,3,12,0.4,1,2,1,1,1,257.93,1,8,1,1,1,1,11,3,1,2,2
3,3,3,13,0.8,1,2,1,1,1,283.62,1,20,3,1,3,1,14,1,1,2,2
3,3,3,14,0.2,3,3,2,2,1,287.82,1,13,1,3,3,1,13,3,1,1,3
3,3,3,15,0.2,1,2,1,1,1,237.11,1,13,3,3,3,3,6,1,1,2,2
3,3,3,16,0.05,3,2,2,2,1,293.61,1,2,1,3,3,1,3,1,3,2,2
3,3,3,17,0.2,3,2,2,2,1,310.27,0,1,3,1,1,3,9,3,1,2,2
3,3,3,18,0.2,1,3,1,1,1,60.952,2,16,1,1,1,1,15,1,1,3,3
3,3,3,19,0.1,1,1,1,1,1,262.67,1,9,3,3,3,3,20,3,1,3,1
3,3,3,20,0.8,3,1,NaN,NaN,NaN,NaN,NaN,7,1,3,3,1,15,1,1,1,1
3,3,3,21,0.4,1,2,1,1,1,276.76,1,14,3,3,3,3,16,3,3,2,2
3,3,3,22,0.2,1,3,1,1,1,236.23,1,2,3,1,3,1,2,1,1,3,3
3,3,3,23,1.8,1,2,1,1,1,256.25,1,8,1,1,1,1,5,3,1,2,2
3,3,3,24,0.05,2,1,2,2,1,383.68,0,1,3,3,2,2,5,1,1,1,1
3,3,3,25,0.1,1,2,1,1,1,292.76,1,18,3,1,3,1,9,1,3,2,2
3,3,3,26,0.4,1,2,1,1,1,275.15,1,16,3,1,3,1,14,1,1,2,2
3,3,3,27,0.2,2,2,2,1,0,267.46,1,17,1,1,2,2,8,1,1,2,2
3,3,3,28,0.1,2,1,2,2,1,387.66,0,20,3,1,2,2,7,3,1,3,1
3,3,3,29,1.8,2,3,NaN,NaN,NaN,NaN,NaN,2,1,3,2,2,5,1,3,3,1
3,3,3,30,0.8,1,1,1,1,1,229.8,1,15,3,1,3,1,19,1,1,1,1
3,3,3,31,0.05,3,1,2,2,1,273.82,1,11,3,1,1,3,4,1,3,1,3
3,3,3,32,0.2,3,3,2,2,1,252.24,1,13,1,1,3,3,13,1,3,3,1
3,3,3,33,0.05,1,3,1,1,1,277.58,1,18,3,1,3,1,16,1,3,3,1
3,3,3,34,1.8,1,2,1,1,1,229.52,1,11,1,3,1,3,9,3,1,2,2
3,3,3,35,1.8,1,3,1,1,1,215.53,1,20,3,3,3,3,13,1,3,3,1
3,3,3,36,0.1,1,3,1,1,1,292.95,1,6,1,3,1,3,13,1,3,3,1
3,3,3,37,1.8,3,2,2,2,1,236.13,1,9,3,3,1,1,6,3,3,2,2
3,3,3,38,0.4,1,3,1,1,1,308.56,0,4,1,3,1,3,16,3,3,1,1
3,3,3,39,0.8,2,1,2,2,1,246.44,1,9,3,1,2,2,13,1,1,1,1
3,3,3,40,0.8,3,1,2,2,1,316.06,0,8,3,1,1,3,15,3,3,3,3
3,3,3,41,0.8,1,2,1,1,1,239.99,1,19,3,1,3,1,12,1,1,2,2
3,3,3,42,1.8,3,2,2,2,1,220.07,1,20,3,3,1,1,15,1,3,2,2
3,3,3,43,0.8,1,1,1,1,1,315.55,0,20,1,3,1,3,17,3,3,3,3
3,3,3,44,0.1,2,2,2,2,1,325.18,0,11,1,1,2,2,14,3,3,2,2
3,3,3,45,0.4,3,2,2,2,1,317.67,0,20,3,1,1,3,4,1,3,2,2
3,3,3,46,0.2,1,1,1,1,1,121.74,1,14,1,1,1,1,17,1,1,1,1
3,3,3,47,0.1,3,1,2,2,1,267.82,1,8,1,3,3,1,19,3,3,3,3
3,3,3,48,0.8,1,2,1,1,1,274.88,1,18,3,3,3,3,20,3,1,2,2
3,3,3,49,0.1,1,2,1,1,1,225.61,1,17,3,1,3,1,18,3,1,2,2
3,3,3,50,0.2,2,2,2,2,1,285.97,1,20,3,1,2,2,8,3,3,2,2
3,3,3,51,0.4,3,2,2,2,1,302.95,0,1,3,3,1,1,12,1,1,2,2
3,3,3,52,1.8,1,1,NaN,NaN,NaN,NaN,NaN,6,3,1,3,1,15,1,1,1,1
3,3,3,53,0.05,3,3,2,2,1,535.39,0,3,1,1,3,3,19,1,1,3,3
3,3,3,54,0.4,1,1,1,1,1,276.48,1,17,1,3,1,3,4,3,3,3,3
3,3,3,55,0.05,1,3,1,1,1,278.01,1,16,1,1,1,1,11,3,3,1,1
3,3,3,56,0.1,2,3,2,2,1,260.98,1,9,1,1,2,2,5,3,3,1,1
3,3,3,57,0.05,3,2,2,2,1,322.45,0,20,3,1,1,3,12,3,1,2,2
3,3,3,58,0.05,2,2,2,1,0,229.41,1,1,1,1,2,2,15,3,1,2,2
3,3,3,59,1.8,1,3,1,1,1,223.52,1,3,1,1,1,1,18,3,3,1,1
3,3,3,60,0.1,1,1,1,1,1,239.64,1,1,1,1,1,1,3,3,3,3,3
3,3,3,61,0.2,1,2,1,1,1,259.92,1,1,1,1,1,1,2,3,3,2,2
3,3,3,62,0.05,1,3,NaN,NaN,NaN,NaN,NaN,14,3,3,3,3,4,1,1,3,3
3,3,3,63,0.1,2,1,2,2,1,310.68,0,3,3,3,2,2,10,3,3,3,3
3,3,3,64,0.4,1,2,1,2,0,359.55,0,11,1,3,1,3,16,3,3,2,2
3,3,3,65,0.2,3,1,2,1,0,99.86,2,17,3,1,1,3,1,1,1,1,1
3,3,3,66,1.8,1,2,1,1,1,271.47,1,19,1,3,1,3,2,3,3,2,2
3,3,3,67,0.05,1,3,1,1,1,270.37,1,8,3,3,3,3,20,1,1,3,3
3,3,3,68,0.05,3,2,2,1,0,243.3,1,14,3,3,1,1,12,3,1,2,2
3,3,3,69,1.8,2,1,2,2,1,205.86,1,20,1,1,2,2,8,1,1,1,1
3,3,3,70,0.2,2,2,2,2,1,302.84,0,18,3,1,2,2,14,3,3,2,2
3,3,3,71,0.8,2,1,2,2,1,244.85,1,9,3,3,2,2,15,3,3,3,3
3,3,3,72,0.4,2,2,2,1,0,380.93,0,1,1,1,2,2,6,3,1,2,2
3,3,3,73,0.4,3,2,2,2,1,319.8,0,18,1,1,3,3,15,3,1,2,2
3,3,3,74,0.4,1,3,1,1,1,239.35,1,16,3,3,3,3,10,3,1,1,3
3,3,3,75,0.8,3,1,NaN,NaN,NaN,NaN,NaN,19,1,3,3,1,12,1,1,1,1
3,3,3,76,0.4,1,2,1,1,1,267.58,1,14,1,1,1,1,1,3,1,2,2
3,3,3,77,0.05,2,3,2,2,1,225.26,1,10,1,1,2,2,8,3,1,1,3
3,3,3,78,1.8,2,1,2,2,1,214.46,1,15,1,1,2,2,2,1,3,1,3
3,3,4,1,0.05,3,1,2,2,1,293.03,1,7,3,1,1,3,15,1,1,1,1
3,3,4,2,0.8,1,3,1,1,1,270.47,1,20,3,3,3,3,20,1,1,3,3
3,3,4,3,0.1,1,2,1,1,1,276.49,1,9,3,1,3,1,13,3,1,2,2
3,3,4,4,0.4,2,2,2,1,0,351.12,0,2,1,1,2,2,10,1,3,2,2
3,3,4,5,0.8,3,1,2,2,1,238.03,1,9,3,3,1,1,1,3,3,3,3
3,3,4,6,0.4,1,1,1,1,1,260.35,1,7,1,3,1,3,16,3,1,3,1
3,3,4,7,0.4,1,2,1,1,1,233.35,1,4,3,1,3,1,5,1,3,2,2
3,3,4,8,0.8,1,2,1,1,1,240.87,1,18,1,1,1,1,11,3,3,2,2
3,3,4,9,0.05,1,2,1,1,1,267.05,1,5,3,3,3,3,6,3,1,2,2
3,3,4,10,0.8,1,2,1,1,1,206.93,1,3,1,1,1,1,12,1,1,2,2
3,3,4,11,0.2,1,3,1,1,1,227.01,1,16,3,3,3,3,16,1,3,3,1
3,3,4,12,0.1,1,2,1,1,1,230.67,1,15,3,1,3,1,13,3,1,2,2
3,3,4,13,1.8,1,3,NaN,NaN,NaN,NaN,NaN,13,3,3,3,3,7,1,3,3,1
3,3,4,14,1.8,1,1,1,1,1,253.32,1,15,1,1,1,1,4,3,1,3,1
3,3,4,15,0.1,3,1,2,2,1,297.15,1,5,1,3,3,1,6,3,3,3,3
3,3,4,16,0.05,2,2,2,2,1,318.09,0,18,3,3,2,2,16,1,3,2,2
3,3,4,17,0.05,2,1,2,2,1,344.89,0,7,3,1,2,2,20,3,3,3,3
3,3,4,18,0.05,2,1,2,2,1,306.17,0,1,3,3,2,2,1,1,3,1,3
3,3,4,19,0.2,1,2,1,1,1,230.79,1,11,3,1,3,1,13,3,1,2,2
3,3,4,20,0.05,1,1,1,1,1,294.62,1,11,1,3,1,3,18,1,1,1,1
3,3,4,21,0.4,1,3,1,1,1,297.79,1,5,1,3,1,3,11,3,3,1,1
3,3,4,22,0.2,2,1,2,2,1,171.36,1,6,1,3,2,2,1,3,3,3,3
3,3,4,23,0.4,2,1,2,2,1,246.52,1,1,3,3,2,2,8,3,3,3,3
3,3,4,24,0.8,1,1,1,1,1,247.13,1,12,1,1,1,1,11,3,1,3,1
3,3,4,25,0.2,2,3,2,1,0,337.32,0,4,3,3,2,2,8,3,3,1,1
3,3,4,26,0.1,1,3,1,1,1,290.32,1,4,3,1,3,1,6,3,3,1,1
3,3,4,27,0.4,1,2,NaN,NaN,NaN,NaN,NaN,13,3,1,3,1,12,1,1,2,2
3,3,4,28,0.2,1,2,1,1,1,265.37,1,2,3,3,3,3,1,1,3,2,2
3,3,4,29,0.05,3,2,2,1,0,395.86,0,12,3,1,1,3,17,1,3,2,2
3,3,4,30,0.4,1,2,1,1,1,247.22,1,16,3,3,3,3,14,1,1,2,2
3,3,4,31,1.8,3,3,2,2,1,228.85,1,16,1,3,3,1,6,3,1,1,3
3,3,4,32,0.4,2,2,2,2,1,283.74,1,20,1,3,2,2,20,3,1,2,2
3,3,4,33,0.4,1,2,1,1,1,298.91,1,7,1,1,1,1,17,1,3,2,2
3,3,4,34,1.8,1,3,1,1,1,239.44,1,16,3,1,3,1,1,1,1,3,3
3,3,4,35,0.1,2,3,2,2,1,299.75,1,2,3,1,2,2,18,3,3,1,1
3,3,4,36,1.8,2,3,2,2,1,269.91,1,15,1,3,2,2,14,3,3,1,1
3,3,4,37,0.1,2,3,2,2,1,356.1,0,20,1,3,2,2,8,3,3,1,1
3,3,4,38,1.8,1,1,1,1,1,235.33,1,2,1,3,1,3,7,1,1,1,1
3,3,4,39,0.4,1,1,1,1,1,306.15,0,20,3,1,3,1,10,1,3,1,3
3,3,4,40,0.2,3,2,2,2,1,314.38,0,18,1,3,3,1,4,1,1,2,2
3,3,4,41,0.8,1,2,1,1,1,267.58,1,10,3,3,3,3,9,3,3,2,2
3,3,4,42,1.8,1,1,1,1,1,213.45,1,15,1,1,1,1,7,3,1,3,1
3,3,4,43,0.05,2,3,2,2,1,407.33,0,13,1,1,2,2,6,3,3,1,1
3,3,4,44,0.4,3,3,2,2,1,340.67,0,16,3,3,1,1,20,1,3,3,1
3,3,4,45,0.8,2,3,2,2,1,257.72,1,5,3,1,2,2,13,1,3,3,1
3,3,4,46,0.1,2,3,2,2,1,305.69,0,14,1,3,2,2,6,3,3,1,1
3,3,4,47,0.8,3,3,2,2,1,255.2,1,14,3,1,1,3,1,3,3,1,1
3,3,4,48,0.2,1,2,1,2,0,257.85,1,10,3,3,3,3,18,1,1,2,2
3,3,4,49,0.4,3,3,2,2,1,233.94,1,14,3,1,1,3,5,3,1,1,3
3,3,4,50,0.8,3,2,2,2,1,305.23,0,17,3,3,1,1,5,1,3,2,2
3,3,4,51,0.1,2,2,2,2,1,347.34,0,6,3,3,2,2,10,3,3,2,2
3,3,4,52,0.4,2,2,2,2,1,272.43,1,14,3,1,2,2,9,3,1,2,2
3,3,4,53,0.05,1,1,1,1,1,332.25,0,9,1,3,1,3,14,1,1,1,1
3,3,4,54,1.8,1,1,1,1,1,241.84,1,3,1,3,1,3,13,3,1,3,1
3,3,4,55,0.2,1,1,1,1,1,331.89,0,9,3,3,3,3,7,3,3,3,3
3,3,4,56,0.2,1,2,1,1,1,275.84,1,3,1,3,1,3,6,1,1,2,2
3,3,4,57,0.8,1,1,1,1,1,273.24,1,15,1,3,1,3,16,3,3,3,3
3,3,4,58,1.8,1,1,1,1,1,280.65,1,12,1,3,1,3,14,1,3,1,3
3,3,4,59,0.8,1,1,1,1,1,282.07,1,15,3,3,3,3,12,1,3,1,3
3,3,4,60,0.2,1,2,1,2,0,358.15,0,5,1,1,1,1,15,3,1,2,2
3,3,4,61,1.8,1,1,1,1,1,232.55,1,6,3,1,3,1,15,3,1,3,1
3,3,4,62,0.2,1,3,1,1,1,260.36,1,8,3,1,3,1,3,3,3,1,1
3,3,4,63,0.8,1,1,1,1,1,301.95,0,15,1,1,1,1,10,3,1,3,1
3,3,4,64,1.8,1,1,1,1,1,223.71,1,5,1,3,1,3,10,1,3,1,3
3,3,4,65,0.8,3,2,2,1,0,331.4,0,14,3,3,1,1,20,1,1,2,2
3,3,4,66,0.05,1,1,1,1,1,284.18,1,15,3,1,3,1,11,3,1,3,1
3,3,4,67,0.2,1,2,1,1,1,228.38,1,20,3,3,3,3,18,1,3,2,2
3,3,4,68,1.8,1,2,1,1,1,267.41,1,10,1,1,1,1,6,3,3,2,2
3,3,4,69,0.1,3,3,2,2,1,334.99,0,19,3,3,1,1,20,1,1,3,3
3,3,4,70,0.05,1,1,1,1,1,290.79,1,6,1,1,1,1,3,1,3,1,3
3,3,4,71,0.1,1,1,1,1,1,316.02,0,19,1,1,1,1,8,3,3,3,3
3,3,4,72,1.8,2,3,2,2,1,262.21,1,8,1,3,2,2,8,3,1,1,3
3,3,4,73,0.05,1,3,1,1,1,244.62,1,3,1,1,1,1,20,1,1,3,3
3,3,4,74,0.1,2,3,2,1,0,305.56,0,20,1,3,2,2,10,3,1,1,3
3,3,4,75,0.1,1,1,1,1,1,265.9,1,16,3,3,3,3,8,3,1,3,1
3,3,4,76,0.2,2,1,2,2,1,271.79,1,6,3,3,2,2,16,3,3,3,3
3,3,4,77,0.05,1,1,1,1,1,255.19,1,7,1,3,1,3,7,1,1,1,1
3,3,4,78,0.1,2,3,2,1,0,244.52,1,10,3,3,2,2,12,1,1,3,3
3,3,5,1,0.1,2,2,2,2,1,241.88,1,6,1,3,2,2,12,1,3,2,2
3,3,5,2,0.05,1,3,1,1,1,202.78,1,2,1,1,1,1,18,1,1,3,3
3,3,5,3,0.05,3,2,2,2,1,497.42,0,3,1,3,3,1,18,3,3,2,2
3,3,5,4,1.8,1,1,NaN,NaN,NaN,NaN,NaN,20,1,1,1,1,7,1,1,1,1
3,3,5,5,0.4,3,2,2,2,1,233.43,1,14,1,3,3,1,18,3,1,2,2
3,3,5,6,0.8,1,2,1,1,1,254.4,1,5,1,3,1,3,8,1,1,2,2
3,3,5,7,1.8,2,1,2,2,1,267.18,1,5,1,1,2,2,10,3,3,3,3
3,3,5,8,0.1,1,3,1,1,1,286.99,1,14,1,3,1,3,4,1,1,3,3
3,3,5,9,0.8,3,3,2,2,1,285.86,1,16,1,1,3,3,10,3,3,1,1
3,3,5,10,0.8,1,1,1,1,1,291.05,1,9,1,3,1,3,12,1,3,1,3
3,3,5,11,1.8,3,2,2,2,1,201.35,1,16,1,1,3,3,5,1,1,2,2
3,3,5,12,0.1,3,2,2,1,0,354.59,0,10,3,3,1,1,13,3,1,2,2
3,3,5,13,0.05,1,3,1,1,1,301.47,0,12,1,3,1,3,9,3,3,1,1
3,3,5,14,1.8,1,3,1,1,1,242.58,1,18,3,1,3,1,2,3,3,1,1
3,3,5,15,0.4,1,1,1,1,1,356.66,0,19,1,3,1,3,14,3,3,3,3
3,3,5,16,0.4,1,2,1,1,1,269.81,1,3,3,3,3,3,12,1,3,2,2
3,3,5,17,0.2,3,3,2,2,1,210.56,1,14,3,3,1,1,4,1,1,3,3
3,3,5,18,1.8,3,2,2,2,1,257.71,1,18,3,3,1,1,11,3,1,2,2
3,3,5,19,0.2,3,2,2,1,0,324.85,0,12,1,1,3,3,3,1,3,2,2
3,3,5,20,0.8,2,1,2,2,1,213.92,1,20,1,3,2,2,1,1,1,1,1
3,3,5,21,0.05,2,1,2,1,0,296.56,1,3,3,1,2,2,18,1,3,1,3
3,3,5,22,0.2,1,3,1,1,1,283.71,1,5,1,3,1,3,3,1,1,3,3
3,3,5,23,0.2,2,1,2,2,1,282.51,1,14,1,1,2,2,20,3,1,3,1
3,3,5,24,0.4,2,3,2,2,1,308.29,0,15,3,3,2,2,18,1,3,3,1
3,3,5,25,0.05,3,1,2,2,1,272.02,1,13,3,3,1,1,18,1,3,1,3
3,3,5,26,1.8,1,2,1,1,1,247.61,1,15,3,1,3,1,5,3,1,2,2
3,3,5,27,0.05,1,1,1,1,1,237.61,1,18,3,1,3,1,15,1,1,1,1
3,3,5,28,1.8,3,2,NaN,NaN,NaN,NaN,NaN,13,1,3,3,1,9,3,1,2,2
3,3,5,29,0.8,3,1,2,2,1,298.55,1,6,3,3,1,1,12,3,3,3,3
3,3,5,30,0.1,1,2,1,1,1,273.57,1,20,3,1,3,1,6,3,1,2,2
3,3,5,31,1.8,3,3,2,2,1,242.33,1,15,1,3,3,1,9,1,3,3,1
3,3,5,32,0.8,2,1,2,2,1,307.26,0,13,3,3,2,2,16,3,3,3,3
3,3,5,33,0.4,1,2,1,1,1,363.3,0,19,3,3,3,3,9,1,1,2,2
3,3,5,34,0.2,2,1,2,2,1,323.64,0,7,1,1,2,2,6,3,1,3,1
3,3,5,35,0.1,1,1,1,1,1,190.81,1,12,3,1,3,1,4,3,3,3,3
3,3,5,36,0.05,2,3,2,1,0,289.83,1,16,3,3,2,2,19,1,1,3,3
3,3,5,37,0.8,2,2,2,2,1,260.15,1,14,1,1,2,2,16,1,1,2,2
3,3,5,38,0.2,3,3,2,2,1,208.86,1,5,1,3,3,1,20,1,1,3,3
3,3,5,39,0.05,1,3,1,1,1,278.12,1,17,3,3,3,3,20,3,3,1,1
3,3,5,40,0.1,2,2,2,2,1,247.16,1,5,1,1,2,2,11,1,3,2,2
3,3,5,41,0.05,1,2,1,1,1,331.7,0,14,3,3,3,3,13,1,1,2,2
3,3,5,42,0.4,3,1,2,2,1,278.5,1,10,3,3,1,1,19,1,1,1,1
3,3,5,43,1.8,3,2,2,2,1,216.75,1,9,1,1,3,3,8,3,1,2,2
3,3,5,44,0.1,1,1,1,1,1,304.88,0,2,1,3,1,3,16,1,3,1,3
3,3,5,45,0.8,2,3,2,2,1,252.74,1,14,3,1,2,2,16,1,1,3,3
3,3,5,46,0.4,1,3,1,1,1,288.85,1,5,3,1,3,1,13,3,1,1,3
3,3,5,47,0.8,1,2,1,1,1,249.73,1,2,1,3,1,3,1,3,1,2,2
3,3,5,48,0.1,2,1,2,2,1,338.44,0,16,3,1,2,2,15,3,3,3,3
3,3,5,49,1.8,1,1,1,1,1,250.08,1,16,3,1,3,1,1,3,3,3,3
3,3,5,50,0.05,3,1,2,2,1,278.45,1,13,3,1,1,3,1,1,3,1,3
3,3,5,51,0.2,1,2,1,1,1,233.54,1,1,3,1,3,1,1,1,1,2,2
3,3,5,52,0.8,1,1,1,1,1,289.38,1,17,3,3,3,3,17,1,3,1,3
3,3,5,53,0.4,1,2,1,1,1,259.47,1,12,1,1,1,1,20,1,3,2,2
3,3,5,54,0.2,1,2,1,1,1,294.76,1,6,1,3,1,3,16,3,1,2,2
3,3,5,55,1.8,1,3,1,1,1,237.03,1,17,3,3,3,3,14,1,1,3,3
3,3,5,56,0.05,2,2,2,1,0,317.77,0,8,3,1,2,2,5,1,3,2,2
3,3,5,57,0.1,1,2,1,1,1,215.82,1,18,3,3,3,3,2,3,3,2,2
3,3,5,58,0.1,2,2,2,1,0,285.74,1,1,1,1,2,2,3,1,3,2,2
3,3,5,59,0.2,1,1,1,1,1,246.99,1,1,1,3,1,3,6,1,1,1,1
3,3,5,60,0.1,1,2,1,1,1,322.57,0,7,1,1,1,1,1,3,1,2,2
3,3,5,61,0.1,2,3,2,1,0,260.49,1,1,1,1,2,2,4,1,3,3,1
3,3,5,62,1.8,1,2,1,1,1,253.25,1,10,3,3,3,3,3,1,1,2,2
3,3,5,63,0.1,3,1,2,2,1,216.38,1,8,3,1,1,3,19,3,1,3,1
3,3,5,64,0.4,1,1,1,1,1,261.4,1,10,1,3,1,3,18,3,3,3,3
3,3,5,65,0.8,1,2,1,1,1,284.2,1,2,1,1,1,1,1,3,3,2,2
3,3,5,66,0.4,2,1,2,2,1,211.56,1,8,3,1,2,2,11,3,3,3,3
3,3,5,67,0.4,3,2,2,2,1,247.35,1,14,1,1,3,3,2,3,1,2,2
3,3,5,68,0.4,1,1,NaN,NaN,NaN,NaN,NaN,2,3,3,3,3,7,3,3,3,3
3,3,5,69,0.8,2,2,2,2,1,253.42,1,13,1,3,2,2,15,1,1,2,2
3,3,5,70,1.8,3,2,2,2,1,259.78,1,19,3,3,1,1,18,1,3,2,2
3,3,5,71,0.05,1,3,1,1,1,326.77,0,18,1,3,1,3,8,3,3,1,1
3,3,5,72,0.2,3,2,2,2,1,269.72,1,11,3,3,1,1,2,3,3,2,2
3,3,5,73,0.4,3,2,NaN,NaN,NaN,NaN,NaN,18,1,1,3,3,20,1,1,2,2
3,3,5,74,0.2,1,3,1,1,1,301.73,0,17,3,1,3,1,2,3,3,1,1
3,3,5,75,0.05,1,3,1,1,1,314.04,0,14,1,3,1,3,6,3,1,1,3
3,3,5,76,0.2,2,1,2,2,1,235.9,1,14,3,1,2,2,6,1,3,1,3
3,3,5,77,0.8,3,2,2,2,1,255.99,1,15,3,1,1,3,2,3,3,2,2
3,3,5,78,0.2,1,1,1,1,1,227.22,1,1,1,1,1,1,7,3,1,3,1
3,3,6,1,0.1,1,2,1,1,1,247.26,1,3,1,3,1,3,12,1,3,2,2
3,3,6,2,0.1,2,1,2,2,1,182.29,1,14,3,1,2,2,18,3,1,3,1
3,3,6,3,1.8,1,1,1,1,1,222.94,1,1,3,1,3,1,9,1,1,1,1
3,3,6,4,0.05,1,1,1,1,1,251.68,1,13,3,1,3,1,19,1,1,1,1
3,3,6,5,0.8,3,3,2,2,1,233.57,1,18,1,1,3,3,13,3,3,1,1
3,3,6,6,0.05,2,1,2,1,0,265.62,1,16,3,3,2,2,20,1,1,1,1
3,3,6,7,1.8,1,1,1,1,1,248.56,1,1,1,3,1,3,4,1,1,1,1
3,3,6,8,0.05,3,3,2,2,1,278.88,1,13,3,3,1,1,13,3,1,1,3
3,3,6,9,0.2,3,3,2,2,1,300.34,0,19,1,1,3,3,13,3,3,1,1
3,3,6,10,0.2,1,2,1,1,1,237.16,1,2,1,3,1,3,15,1,3,2,2
3,3,6,11,1.8,1,1,1,1,1,237.05,1,18,1,3,1,3,1,3,1,3,1
3,3,6,12,1.8,2,2,2,2,1,195.05,1,8,3,1,2,2,7,3,3,2,2
3,3,6,13,0.8,1,2,1,1,1,238.4,1,6,3,3,3,3,20,1,1,2,2
3,3,6,14,0.8,3,3,2,2,1,622.77,0,7,1,1,3,3,20,3,1,1,3
3,3,6,15,0.8,3,2,2,2,1,250.3,1,15,3,3,1,1,17,1,3,2,2
3,3,6,16,0.2,1,3,1,1,1,243.74,1,2,1,3,1,3,19,1,3,3,1
3,3,6,17,0.2,1,1,1,1,1,198.04,1,1,3,1,3,1,20,1,1,1,1
3,3,6,18,0.8,2,1,2,2,1,232.71,1,9,3,1,2,2,11,3,3,3,3
3,3,6,19,0.8,3,2,NaN,NaN,NaN,NaN,NaN,20,3,3,1,1,9,1,3,2,2
3,3,6,20,0.4,3,1,2,2,1,260.5,1,1,3,1,1,3,11,3,3,3,3
3,3,6,21,0.1,1,1,1,1,1,273.85,1,12,3,1,3,1,19,1,3,1,3
3,3,6,22,0.05,1,2,1,1,1,293.22,1,6,1,1,1,1,12,3,3,2,2
3,3,6,23,1.8,2,3,2,2,1,234.83,1,5,3,3,2,2,14,1,1,3,3
3,3,6,24,1.8,1,2,1,1,1,241.69,1,6,3,3,3,3,18,1,3,2,2
3,3,6,25,0.4,2,2,2,2,1,338.84,0,10,3,3,2,2,3,1,3,2,2
3,3,6,26,0.8,3,3,2,2,1,242.12,1,5,3,1,1,3,1,1,3,3,1
3,3,6,27,1.8,3,1,2,2,1,221.13,1,12,1,3,3,1,18,1,1,1,1
3,3,6,28,0.1,2,2,2,2,1,315.36,0,8,3,3,2,2,5,1,3,2,2
3,3,6,29,0.4,1,3,1,1,1,260.01,1,9,1,3,1,3,16,3,3,1,1
3,3,6,30,0.4,3,1,2,2,1,263.81,1,3,1,1,3,3,16,3,1,3,1
3,3,6,31,0.4,1,1,1,1,1,218.85,1,2,3,1,3,1,9,3,3,3,3
3,3,6,32,0.05,1,1,1,1,1,292.85,1,16,1,3,1,3,4,1,3,1,3
3,3,6,33,0.05,1,3,1,2,0,385.92,0,7,3,3,3,3,2,3,3,1,1
3,3,6,34,0.05,3,2,2,2,1,284.29,1,2,1,3,3,1,6,1,1,2,2
3,3,6,35,0.4,2,3,NaN,NaN,NaN,NaN,NaN,7,3,3,2,2,7,1,3,3,1
3,3,6,36,1.8,1,3,1,1,1,290.9,1,11,1,3,1,3,9,1,3,3,1
3,3,6,37,0.1,1,1,1,1,1,257.51,1,8,3,3,3,3,14,1,1,1,1
3,3,6,38,0.1,1,2,1,1,1,269.04,1,15,3,3,3,3,9,1,3,2,2
3,3,6,39,0.1,1,3,1,1,1,201.89,1,12,1,1,1,1,7,1,1,3,3
3,3,6,40,0.1,2,2,2,2,1,271.97,1,18,3,1,2,2,6,1,3,2,2
3,3,6,41,0.2,3,3,2,2,1,210.7,1,10,3,3,1,1,20,1,1,3,3
3,3,6,42,0.05,3,1,2,2,1,273,1,14,1,3,3,1,20,1,3,1,3
3,3,6,43,0.1,1,3,1,1,1,222.59,1,8,1,1,1,1,15,1,3,3,1
3,3,6,44,0.4,1,2,1,1,1,-3.8784,2,7,3,3,3,3,15,1,1,2,2
3,3,6,45,0.4,1,3,1,1,1,96.525,2,5,1,1,1,1,17,1,1,3,3
3,3,6,46,0.4,1,3,1,1,1,272.11,1,9,1,1,1,1,14,1,3,3,1
3,3,6,47,0.05,1,2,1,1,1,265.42,1,14,3,1,3,1,20,3,1,2,2
3,3,6,48,0.8,1,1,1,1,1,251.36,1,12,3,1,3,1,14,1,1,1,1
3,3,6,49,0.4,1,2,1,1,1,266.48,1,19,3,1,3,1,1,3,3,2,2
3,3,6,50,0.2,2,1,2,1,0,325.3,0,7,1,1,2,2,9,1,3,1,3
3,3,6,51,1.8,1,1,1,1,1,244.54,1,13,3,3,3,3,17,3,3,3,3
3,3,6,52,0.8,2,2,2,2,1,241.28,1,18,3,3,2,2,12,1,3,2,2
3,3,6,53,0.2,1,3,1,1,1,290.57,1,19,1,3,1,3,20,3,1,1,3
3,3,6,54,1.8,2,2,2,2,1,227.72,1,14,3,3,2,2,11,1,1,2,2
3,3,6,55,0.8,1,1,1,1,1,282.24,1,8,3,1,3,1,17,1,1,1,1
3,3,6,56,0.05,2,1,2,2,1,267.13,1,5,1,3,2,2,16,1,3,1,3
3,3,6,57,0.8,1,3,1,1,1,282.55,1,11,3,3,3,3,17,1,1,3,3
3,3,6,58,0.8,2,2,2,1,0,410.54,0,12,1,3,2,2,5,1,3,2,2
3,3,6,59,0.2,1,2,1,1,1,310.77,0,14,1,1,1,1,12,3,3,2,2
3,3,6,60,0.05,2,1,2,2,1,315.21,0,3,3,3,2,2,12,3,1,3,1
3,3,6,61,1.8,3,2,2,2,1,207.5,1,8,1,1,3,3,9,3,1,2,2
3,3,6,62,0.4,2,1,2,1,0,251.38,1,6,3,1,2,2,18,1,3,1,3
3,3,6,63,0.4,1,3,1,1,1,217.07,1,13,3,1,3,1,18,3,3,1,1
3,3,6,64,0.2,3,3,2,2,1,289.52,1,10,3,1,1,3,13,3,1,1,3
3,3,6,65,0.05,3,3,2,2,1,297.78,1,11,3,3,1,1,8,1,1,3,3
3,3,6,66,0.1,2,3,2,2,1,424.79,0,4,1,3,2,2,11,1,1,3,3
3,3,6,67,0.2,1,2,1,1,1,290.87,1,9,1,3,1,3,7,3,3,2,2
3,3,6,68,0.2,1,1,1,1,1,285.26,1,18,1,3,1,3,7,1,3,1,3
3,3,6,69,0.1,1,3,1,1,1,289.78,1,16,1,1,1,1,2,1,3,3,1
3,3,6,70,0.4,2,2,NaN,NaN,NaN,NaN,NaN,1,3,1,2,2,15,3,3,2,2
3,3,6,71,0.8,1,3,1,1,1,246.66,1,4,1,3,1,3,17,1,1,3,3
3,3,6,72,0.2,1,3,1,1,1,264.15,1,13,1,1,1,1,3,1,1,3,3
3,3,6,73,0.2,2,3,2,2,1,332.34,0,4,3,3,2,2,14,3,3,1,1
3,3,6,74,0.05,2,1,2,2,1,354.85,0,16,1,3,2,2,12,3,1,3,1
3,3,6,75,0.1,2,1,2,2,1,356.82,0,11,3,3,2,2,4,1,1,1,1
3,3,6,76,0.1,3,2,2,2,1,296.66,1,13,3,1,1,3,9,3,3,2,2
3,3,6,77,1.8,1,1,1,1,1,272.81,1,18,3,1,3,1,6,3,1,3,1
3,3,6,78,1.8,3,1,2,2,1,227.84,1,15,1,3,3,1,13,1,1,1,1
3,3,7,1,0.05,1,3,1,1,1,275.23,1,17,3,3,3,3,16,3,1,1,3
3,3,7,2,0.4,1,3,1,1,1,253.17,1,7,1,3,1,3,16,1,3,3,1
3,3,7,3,0.2,2,2,2,1,0,300.81,0,16,3,1,2,2,3,1,1,2,2
3,3,7,4,0.8,3,1,2,2,1,279.33,1,17,3,3,1,1,12,1,3,1,3
3,3,7,5,0.2,3,3,2,2,1,338.61,0,3,3,1,1,3,14,3,3,1,1
3,3,7,6,0.05,3,1,2,2,1,291.92,1,11,1,1,3,3,10,1,3,1,3
3,3,7,7,0.4,2,3,2,2,1,276.54,1,11,3,1,2,2,19,3,1,1,3
3,3,7,8,0.2,1,1,1,1,1,292.15,1,15,1,3,1,3,13,3,3,3,3
3,3,7,9,0.8,1,1,1,1,1,237.77,1,20,3,1,3,1,4,3,1,3,1
3,3,7,10,0.8,3,1,2,2,1,289.5,1,3,1,1,3,3,17,1,3,1,3
3,3,7,11,0.1,1,3,1,1,1,261.7,1,9,3,1,3,1,4,3,3,1,1
3,3,7,12,0.4,1,1,1,1,1,265.62,1,4,3,3,3,3,11,1,3,1,3
3,3,7,13,0.1,3,2,2,2,1,290.27,1,13,3,3,1,1,5,1,1,2,2
3,3,7,14,1.8,1,2,1,1,1,258.43,1,2,1,1,1,1,8,3,1,2,2
3,3,7,15,0.05,3,3,2,2,1,274.67,1,14,3,3,1,1,20,3,3,1,1
3,3,7,16,0.1,1,2,1,1,1,245.02,1,11,1,1,1,1,4,3,3,2,2
3,3,7,17,0.1,1,2,1,1,1,261.66,1,1,3,3,3,3,2,1,3,2,2
3,3,7,18,0.4,1,1,1,1,1,249.28,1,13,1,1,1,1,6,3,3,3,3
3,3,7,19,0.05,1,2,1,1,1,296.99,1,2,1,3,1,3,11,1,3,2,2
3,3,7,20,1.8,1,3,1,1,1,219.97,1,2,1,3,1,3,12,3,1,1,3
3,3,7,21,0.2,3,2,2,2,1,112.77,1,4,1,1,3,3,19,1,3,2,2
3,3,7,22,0.8,3,2,2,2,1,277.35,1,13,3,1,1,3,6,1,3,2,2
3,3,7,23,0.2,2,3,2,2,1,242.8,1,5,3,3,2,2,20,3,3,1,1
3,3,7,24,0.8,1,1,1,1,1,267.94,1,3,3,1,3,1,9,1,1,1,1
3,3,7,25,1.8,2,1,NaN,NaN,NaN,NaN,NaN,14,3,3,2,2,3,3,3,3,3
3,3,7,26,0.1,1,1,1,1,1,280.54,1,4,1,1,1,1,2,3,3,3,3
3,3,7,27,0.05,3,1,2,2,1,315.01,0,18,1,1,3,3,1,3,1,3,1
3,3,7,28,0.05,2,1,2,2,1,338.52,0,13,3,1,2,2,9,1,1,1,1
3,3,7,29,1.8,1,1,1,1,1,290.66,1,16,1,1,1,1,5,1,3,1,3
3,3,7,30,0.2,2,2,2,2,1,310.51,0,9,3,1,2,2,15,1,3,2,2
3,3,7,31,0.1,1,2,1,1,1,251.68,1,3,3,1,3,1,14,3,1,2,2
3,3,7,32,1.8,3,3,2,2,1,216.59,1,17,3,1,1,3,10,3,1,1,3
3,3,7,33,0.1,2,2,2,2,1,311.52,0,6,1,3,2,2,9,1,3,2,2
3,3,7,34,0.2,1,2,1,1,1,379.37,0,20,3,3,3,3,12,3,1,2,2
3,3,7,35,0.2,2,1,2,2,1,224.72,1,20,3,1,2,2,8,1,1,1,1
3,3,7,36,0.2,1,1,1,1,1,257.91,1,16,3,3,3,3,2,1,3,1,3
3,3,7,37,0.8,3,3,2,2,1,228.68,1,20,3,3,1,1,18,3,3,1,1
3,3,7,38,0.4,3,1,2,2,1,248.38,1,17,1,1,3,3,14,1,3,1,3
3,3,7,39,1.8,1,2,1,1,1,206.2,1,1,3,1,3,1,19,3,3,2,2
3,3,7,40,0.1,1,1,1,1,1,295.61,1,12,1,3,1,3,9,3,3,3,3
3,3,7,41,1.8,1,1,1,1,1,295.55,1,8,3,1,3,1,7,1,3,1,3
3,3,7,42,0.05,1,3,1,1,1,319.96,0,14,1,1,1,1,19,3,1,1,3
3,3,7,43,1.8,2,3,NaN,NaN,NaN,NaN,NaN,15,3,3,2,2,4,3,3,1,1
3,3,7,44,0.1,1,3,1,1,1,272.7,1,8,3,1,3,1,2,3,3,1,1
3,3,7,45,1.8,2,1,2,1,0,261.02,1,12,1,1,2,2,4,1,1,1,1
3,3,7,46,0.4,3,1,2,2,1,294.12,1,11,1,1,3,3,10,3,1,3,1
3,3,7,47,0.8,3,1,2,1,0,414.49,0,2,1,1,3,3,5,3,1,3,1
3,3,7,48,0.05,2,1,2,1,0,277.87,1,9,3,3,2,2,1,3,3,3,3
3,3,7,49,1.8,1,3,1,1,1,282.56,1,1,3,1,3,1,17,3,1,1,3
3,3,7,50,0.1,3,2,2,2,1,325.22,0,15,1,1,3,3,14,3,3,2,2
3,3,7,51,0.4,1,2,1,1,1,314.89,0,7,1,3,1,3,7,1,1,2,2
3,3,7,52,0.4,1,3,1,1,1,319.28,0,18,3,1,3,1,13,3,1,1,3
3,3,7,53,1.8,2,3,2,2,1,259.74,1,6,3,1,2,2,12,3,1,1,3
3,3,7,54,0.8,1,2,1,1,1,288.33,1,5,3,1,3,1,5,3,3,2,2
3,3,7,55,0.4,3,1,2,2,1,256.88,1,7,1,1,3,3,5,1,1,1,1
3,3,7,56,0.4,3,1,2,2,1,264.48,1,18,3,3,1,1,1,3,3,3,3
3,3,7,57,0.05,1,3,1,2,0,333.07,0,4,3,3,3,3,11,1,1,3,3
3,3,7,58,0.1,3,1,2,2,1,296.92,1,15,3,3,1,1,20,3,1,3,1
3,3,7,59,0.8,3,2,2,2,1,249.05,1,16,1,3,3,1,7,1,3,2,2
3,3,7,60,0.2,1,3,1,1,1,257.08,1,8,1,1,1,1,12,3,3,1,1
3,3,7,61,0.8,1,3,1,1,1,249.78,1,1,3,3,3,3,6,3,1,1,3
3,3,7,62,0.05,1,1,1,1,1,358.9,0,20,3,3,3,3,11,3,3,3,3
3,3,7,63,0.8,3,1,2,2,1,274.68,1,3,3,1,1,3,7,1,3,1,3
3,3,7,64,0.4,2,1,2,2,1,224.44,1,9,1,3,2,2,14,3,1,3,1
3,3,7,65,0.8,1,2,1,1,1,251.09,1,12,3,3,3,3,6,3,3,2,2
3,3,7,66,0.2,1,2,1,1,1,370.12,0,15,1,1,1,1,13,1,3,2,2
3,3,7,67,1.8,1,1,1,1,1,261.42,1,6,3,1,3,1,18,3,3,3,3
3,3,7,68,0.4,2,3,2,2,1,303,0,9,1,1,2,2,20,1,3,3,1
3,3,7,69,0.2,1,3,1,1,1,285.12,1,17,3,3,3,3,8,3,1,1,3
3,3,7,70,0.1,1,2,1,1,1,325.48,0,4,1,3,1,3,15,3,3,2,2
3,3,7,71,1.8,3,3,2,2,1,233.44,1,16,3,3,1,1,16,3,3,1,1
3,3,7,72,0.05,2,1,2,2,1,359.24,0,9,3,1,2,2,16,1,3,1,3
3,3,7,73,0.4,2,3,2,2,1,473.5,0,7,1,1,2,2,2,3,3,1,1
3,3,7,74,0.8,1,1,1,1,1,255.32,1,6,3,1,3,1,1,3,1,3,1
3,3,7,75,0.05,1,2,1,1,1,318.88,0,20,3,3,3,3,15,1,3,2,2
3,3,7,76,0.1,3,2,2,2,1,266.25,1,10,1,3,3,1,14,1,3,2,2
3,3,7,77,0.05,1,2,1,1,1,260.45,1,20,1,3,1,3,15,1,1,2,2
3,3,7,78,0.2,1,1,1,1,1,110.25,1,8,1,1,1,1,2,1,1,1,1
3,3,8,1,0.1,1,3,1,1,1,224.2,1,3,3,1,3,1,5,1,3,3,1
3,3,8,2,0.1,3,2,2,2,1,304.74,0,8,1,3,3,1,4,1,3,2,2
3,3,8,3,0.8,1,2,1,1,1,239.69,1,20,3,1,3,1,5,3,1,2,2
3,3,8,4,1.8,2,1,2,2,1,218.43,1,8,3,3,2,2,6,3,3,3,3
3,3,8,5,0.05,3,2,2,2,1,314.89,0,8,3,1,1,3,4,1,1,2,2
3,3,8,6,0.05,2,2,2,1,0,298.36,1,6,3,1,2,2,10,3,1,2,2
3,3,8,7,0.4,1,1,1,1,1,343.3,0,6,3,3,3,3,14,3,3,3,3
3,3,8,8,0.1,1,1,1,1,1,321.82,0,10,1,3,1,3,11,3,1,3,1
3,3,8,9,0.4,2,1,2,1,0,239.71,1,1,1,1,2,2,12,1,1,1,1
3,3,8,10,0.2,1,1,1,1,1,236.23,1,10,1,1,1,1,20,3,3,3,3
3,3,8,11,0.2,1,3,1,1,1,285.24,1,7,3,3,3,3,7,3,1,1,3
3,3,8,12,0.05,3,3,2,2,1,243.96,1,10,1,1,3,3,1,1,3,3,1
3,3,8,13,0.2,2,2,2,2,1,296.18,1,10,1,3,2,2,10,1,3,2,2
3,3,8,14,0.8,1,3,1,1,1,234.5,1,18,1,1,1,1,12,1,1,3,3
3,3,8,15,0.4,2,2,2,2,1,251.46,1,6,1,1,2,2,6,1,3,2,2
3,3,8,16,0.05,1,2,1,1,1,320.53,0,12,3,1,3,1,2,1,3,2,2
3,3,8,17,0.8,1,3,1,1,1,239.38,1,3,3,1,3,1,8,1,1,3,3
3,3,8,18,1.8,1,2,1,1,1,279.65,1,2,1,1,1,1,1,3,3,2,2
3,3,8,19,0.05,1,3,1,1,1,352.69,0,8,1,1,1,1,3,3,3,1,1
3,3,8,20,0.8,2,1,2,2,1,241.86,1,19,1,3,2,2,10,3,3,3,3
3,3,8,21,0.2,1,1,1,1,1,301.8,0,15,1,1,1,1,12,1,3,1,3
3,3,8,22,0.05,1,2,1,1,1,254.02,1,1,3,3,3,3,6,1,1,2,2
3,3,8,23,0.2,2,2,2,2,1,279.42,1,3,1,1,2,2,10,3,1,2,2
3,3,8,24,1.8,2,1,2,2,1,227.61,1,10,3,1,2,2,7,3,1,3,1
3,3,8,25,0.2,1,1,1,1,1,264.51,1,8,1,1,1,1,1,3,3,3,3
3,3,8,26,1.8,2,1,2,2,1,273.67,1,19,3,1,2,2,8,3,1,3,1
3,3,8,27,0.1,2,2,2,1,0,303.02,0,3,1,3,2,2,2,3,3,2,2
3,3,8,28,0.1,3,2,2,2,1,372.56,0,1,3,1,1,3,3,3,3,2,2
3,3,8,29,1.8,1,1,1,1,1,228.31,1,19,3,1,3,1,4,3,3,3,3
3,3,8,30,0.05,2,1,2,2,1,330.85,0,1,3,3,2,2,18,1,3,1,3
3,3,8,31,0.1,2,2,2,1,0,276.92,1,5,3,1,2,2,1,1,3,2,2
3,3,8,32,0.4,1,1,1,2,0,220.93,1,5,3,1,3,1,4,1,1,1,1
3,3,8,33,0.05,1,2,1,1,1,343.65,0,12,3,3,3,3,16,3,1,2,2
3,3,8,34,1.8,3,3,2,2,1,229.88,1,6,3,3,1,1,2,3,1,1,3
3,3,8,35,1.8,1,2,1,1,1,225.56,1,14,1,1,1,1,7,3,3,2,2
3,3,8,36,0.1,1,1,1,1,1,259.91,1,16,3,1,3,1,5,1,3,1,3
3,3,8,37,0.05,2,3,2,2,1,282.15,1,5,1,1,2,2,3,1,1,3,3
3,3,8,38,0.4,3,2,2,2,1,268.83,1,2,1,3,3,1,18,3,3,2,2
3,3,8,39,0.1,2,3,2,2,1,290.96,1,19,1,3,2,2,5,1,3,3,1
3,3,8,40,0.8,2,1,2,2,1,254.28,1,13,1,3,2,2,20,1,1,1,1
3,3,8,41,0.8,1,3,NaN,NaN,NaN,NaN,NaN,15,1,3,1,3,8,3,1,1,3
3,3,8,42,0.1,1,2,1,2,0,351.47,0,6,3,1,3,1,2,1,1,2,2
3,3,8,43,0.4,2,3,2,2,1,319.77,0,1,3,3,2,2,7,1,3,3,1
3,3,8,44,0.2,1,3,1,1,1,264.71,1,18,1,3,1,3,20,1,3,3,1
3,3,8,45,0.05,1,1,1,1,1,296.72,1,17,1,1,1,1,6,1,1,1,1
3,3,8,46,0.2,1,3,1,1,1,285.92,1,5,1,1,1,1,19,1,1,3,3
3,3,8,47,0.4,2,3,2,2,1,277.7,1,10,3,1,2,2,19,1,3,3,1
3,3,8,48,0.1,1,3,1,1,1,223.24,1,19,1,3,1,3,19,1,3,3,1
3,3,8,49,0.8,2,1,2,2,1,254.16,1,20,1,1,2,2,3,1,1,1,1
3,3,8,50,0.2,1,1,1,1,1,267.9,1,8,3,1,3,1,7,1,3,1,3
3,3,8,51,1.8,1,2,1,1,1,274.9,1,4,3,3,3,3,13,3,3,2,2
3,3,8,52,1.8,3,2,2,2,1,281.66,1,4,3,1,1,3,5,1,3,2,2
3,3,8,53,1.8,2,1,2,2,1,252.76,1,2,1,1,2,2,13,1,3,1,3
3,3,8,54,0.1,1,1,1,1,1,284.5,1,11,1,1,1,1,6,1,1,1,1
3,3,8,55,0.2,2,2,2,2,1,310.07,0,6,3,1,2,2,11,3,1,2,2
3,3,8,56,0.8,2,1,2,2,1,291.58,1,7,1,3,2,2,10,3,3,3,3
3,3,8,57,1.8,3,2,2,2,1,293.08,1,13,3,3,1,1,18,3,1,2,2
3,3,8,58,0.8,1,2,1,1,1,251.37,1,18,3,1,3,1,19,1,1,2,2
3,3,8,59,0.4,2,2,2,2,1,254.66,1,19,3,1,2,2,20,1,3,2,2
3,3,8,60,0.2,2,3,2,1,0,147.57,1,1,3,3,2,2,9,3,1,1,3
3,3,8,61,0.2,3,2,2,2,1,313.96,0,19,3,3,1,1,16,1,3,2,2
3,3,8,62,0.05,3,3,2,2,1,281.64,1,10,1,3,3,1,20,3,1,1,3
3,3,8,63,1.8,1,3,1,1,1,296.71,1,7,1,3,1,3,4,3,1,1,3
3,3,8,64,0.4,2,1,2,2,1,370.48,0,19,1,3,2,2,16,3,1,3,1
3,3,8,65,0.8,1,1,1,1,1,266.26,1,2,3,3,3,3,10,3,1,3,1
3,3,8,66,0.05,1,1,1,1,1,270.65,1,14,3,3,3,3,2,1,3,1,3
3,3,8,67,0.8,2,2,2,2,1,251.06,1,11,1,1,2,2,6,3,3,2,2
3,3,8,68,0.1,3,3,2,2,1,370.13,0,13,3,1,1,3,15,3,1,1,3
3,3,8,69,0.8,3,1,2,2,1,259.24,1,17,3,1,1,3,14,3,1,3,1
3,3,8,70,0.4,3,1,2,2,1,294.95,1,6,3,1,1,3,3,1,3,1,3
3,3,8,71,1.8,2,3,2,2,1,243.52,1,2,1,3,2,2,11,3,3,1,1
3,3,8,72,0.2,1,2,1,2,0,324.36,0,12,1,1,1,1,16,3,1,2,2
3,3,8,73,0.4,1,3,1,2,0,277.74,1,11,3,3,3,3,13,3,3,1,1
3,3,8,74,0.05,2,1,2,1,0,275.24,1,12,1,1,2,2,5,3,3,3,3
3,3,8,75,0.4,3,3,2,2,1,268.88,1,9,1,3,3,1,4,1,3,3,1
3,3,8,76,0.1,2,2,2,1,0,319.61,0,12,1,3,2,2,3,3,1,2,2
3,3,8,77,0.8,1,1,1,1,1,236.12,1,6,3,3,3,3,4,1,1,1,1
3,3,8,78,0.4,2,1,2,2,1,325.55,0,17,3,3,2,2,3,3,1,3,1
3,3,9,1,0.05,2,2,2,1,0,275.1,1,13,3,3,2,2,15,3,3,2,2
3,3,9,2,0.1,2,1,2,2,1,265.7,1,1,1,3,2,2,20,3,3,3,3
3,3,9,3,0.1,3,3,2,2,1,219.53,1,16,1,1,3,3,7,1,1,3,3
3,3,9,4,1.8,3,3,2,2,1,205.85,1,7,3,1,1,3,5,3,1,1,3
3,3,9,5,0.2,2,1,2,2,1,403.02,0,11,3,3,2,2,10,3,3,3,3
3,3,9,6,0.4,1,3,1,1,1,263.23,1,11,1,3,1,3,9,3,1,1,3
3,3,9,7,0.4,1,1,1,1,1,269.87,1,4,1,1,1,1,7,3,1,3,1
3,3,9,8,0.2,3,2,2,2,1,287.8,1,10,3,3,1,1,17,1,3,2,2
3,3,9,9,1.8,2,3,2,1,0,247.48,1,4,3,3,2,2,7,3,3,1,1
3,3,9,10,1.8,3,3,2,2,1,260.74,1,12,3,3,1,1,19,1,3,3,1
3,3,9,11,0.8,2,2,2,2,1,248.84,1,7,1,3,2,2,15,3,3,2,2
3,3,9,12,0.8,2,2,2,2,1,288.12,1,4,3,3,2,2,14,3,3,2,2
3,3,9,13,0.4,2,3,2,1,0,196.54,1,2,3,1,2,2,2,1,1,3,3
3,3,9,14,0.05,2,1,2,2,1,391.2,0,3,1,1,2,2,18,1,3,1,3
3,3,9,15,0.05,1,2,1,1,1,305.36,0,18,3,1,3,1,9,3,1,2,2
3,3,9,16,0.4,1,1,1,1,1,231.45,1,13,3,3,3,3,13,1,1,1,1
3,3,9,17,0.8,3,1,2,2,1,285.98,1,19,1,1,3,3,9,1,1,1,1
3,3,9,18,0.1,3,2,2,2,1,444.59,0,12,3,1,1,3,8,3,1,2,2
3,3,9,19,0.8,1,2,1,1,1,251.1,1,18,3,3,3,3,10,1,3,2,2
3,3,9,20,0.05,3,2,2,2,1,298.65,1,7,3,1,1,3,6,1,3,2,2
3,3,9,21,0.1,3,3,2,2,1,248.65,1,12,3,1,1,3,14,3,1,1,3
3,3,9,22,0.1,3,1,2,1,0,278.91,1,20,3,1,1,3,7,3,1,3,1
3,3,9,23,0.2,3,2,2,2,1,312.12,0,13,3,3,1,1,6,3,1,2,2
3,3,9,24,0.05,2,1,2,2,1,335.6,0,13,3,1,2,2,17,1,3,1,3
3,3,9,25,0.4,1,3,1,1,1,251.92,1,4,1,3,1,3,16,1,1,3,3
3,3,9,26,0.05,1,2,1,1,1,330.51,0,16,1,3,1,3,13,1,1,2,2
3,3,9,27,0.8,2,1,2,2,1,202.56,1,14,3,3,2,2,5,3,1,3,1
3,3,9,28,0.2,2,1,2,2,1,202.7,1,3,1,3,2,2,1,3,1,3,1
3,3,9,29,0.8,1,3,1,2,0,259.84,1,20,1,1,1,1,9,3,3,1,1
3,3,9,30,1.8,2,1,2,2,1,255.18,1,4,1,3,2,2,10,1,3,1,3
3,3,9,31,1.8,3,3,2,2,1,261.02,1,6,1,1,3,3,18,3,3,1,1
3,3,9,32,0.8,1,2,NaN,NaN,NaN,NaN,NaN,9,1,3,1,3,2,3,3,2,2
3,3,9,33,0.4,1,3,1,1,1,297.98,1,5,1,3,1,3,18,1,1,3,3
3,3,9,34,0.8,3,1,2,2,1,242.39,1,6,1,1,3,3,18,3,3,3,3
3,3,9,35,0.2,2,3,2,2,1,382.87,0,8,3,1,2,2,8,1,3,3,1
3,3,9,36,1.8,1,2,NaN,NaN,NaN,NaN,NaN,3,3,1,3,1,12,1,3,2,2
3,3,9,37,0.2,1,3,1,1,1,266.25,1,15,3,1,3,1,13,3,3,1,1
3,3,9,38,1.8,1,3,1,1,1,265.23,1,10,1,1,1,1,7,3,3,1,1
3,3,9,39,1.8,1,2,1,1,1,208.2,1,3,1,3,1,3,7,1,3,2,2
3,3,9,40,0.05,1,3,1,2,0,393.48,0,4,3,1,3,1,12,1,1,3,3
3,3,9,41,1.8,3,1,2,2,1,226.09,1,5,3,3,1,1,8,1,1,1,1
3,3,9,42,0.1,2,2,2,1,0,308.43,0,15,3,3,2,2,15,3,3,2,2
3,3,9,43,0.8,2,3,2,2,1,255.44,1,20,3,1,2,2,13,1,3,3,1
3,3,9,44,0.4,1,3,1,1,1,269.71,1,3,1,3,1,3,17,3,3,1,1
3,3,9,45,1.8,1,3,1,1,1,254.3,1,8,1,3,1,3,12,1,1,3,3
3,3,9,46,0.8,1,2,1,1,1,297.62,1,10,1,3,1,3,19,1,3,2,2
3,3,9,47,0.05,3,3,2,2,1,311.63,0,19,3,3,1,1,12,1,3,3,1
3,3,9,48,0.05,1,3,1,1,1,290.5,1,16,1,1,1,1,20,1,1,3,3
3,3,9,49,1.8,2,1,2,2,1,231.38,1,12,1,1,2,2,16,3,1,3,1
3,3,9,50,0.2,1,2,1,1,1,357.2,0,5,1,1,1,1,6,3,1,2,2
3,3,9,51,0.1,1,2,1,1,1,278.26,1,4,3,3,3,3,8,3,3,2,2
3,3,9,52,0.8,2,3,NaN,NaN,NaN,NaN,NaN,5,3,3,2,2,17,1,3,3,1
3,3,9,53,0.1,1,1,1,1,1,287,1,12,3,1,3,1,18,3,1,3,1
3,3,9,54,0.2,1,1,1,1,1,252.03,1,11,1,3,1,3,15,3,1,3,1
3,3,9,55,0.8,3,3,2,2,1,225.94,1,3,1,3,3,1,9,3,1,1,3
3,3,9,56,0.1,2,2,2,2,1,254.3,1,7,3,1,2,2,13,1,1,2,2
3,3,9,57,0.4,1,1,1,1,1,284.69,1,13,1,1,1,1,12,3,3,3,3
3,3,9,58,0.4,1,2,1,1,1,244.96,1,12,3,1,3,1,7,1,1,2,2
3,3,9,59,0.05,3,3,2,2,1,299.91,1,17,3,1,1,3,9,1,3,3,1
3,3,9,60,1.8,1,1,1,1,1,213.18,1,6,1,1,1,1,9,3,3,3,3
3,3,9,61,0.2,2,2,2,1,0,271.6,1,15,3,3,2,2,20,3,1,2,2
3,3,9,62,0.4,3,2,2,2,1,270.11,1,20,1,1,3,3,7,1,1,2,2
3,3,9,63,1.8,1,1,1,1,1,248.54,1,8,3,1,3,1,14,1,3,1,3
3,3,9,64,0.8,1,2,1,1,1,241.22,1,9,1,1,1,1,6,3,3,2,2
3,3,9,65,0.05,1,2,1,1,1,311.63,0,2,1,1,1,1,4,3,3,2,2
3,3,9,66,0.05,1,1,1,1,1,298.71,1,10,3,3,3,3,16,1,1,1,1
3,3,9,67,0.1,1,1,1,1,1,279.3,1,14,3,3,3,3,8,3,3,3,3
3,3,9,68,0.05,3,3,2,2,1,263.74,1,11,1,3,3,1,2,3,3,1,1
3,3,9,69,0.4,1,1,1,1,1,242.39,1,4,1,1,1,1,6,1,3,1,3
3,3,9,70,0.2,1,1,1,1,1,230.8,1,12,3,3,3,3,12,3,3,3,3
3,3,9,71,0.2,1,1,1,1,1,228.93,1,13,3,1,3,1,14,1,1,1,1
3,3,9,72,0.2,1,2,1,1,1,268.35,1,2,3,1,3,1,13,1,1,2,2
3,3,9,73,0.4,1,3,1,1,1,265.15,1,6,3,3,3,3,10,1,3,3,1
3,3,9,74,0.4,3,1,2,2,1,231.43,1,6,3,1,1,3,14,3,1,3,1
3,3,9,75,0.1,3,2,2,2,1,342.46,0,7,1,1,3,3,12,1,1,2,2
3,3,9,76,0.2,1,1,1,1,1,245.81,1,6,3,3,3,3,20,3,3,3,3
3,3,9,77,0.1,1,3,1,2,0,336.35,0,10,1,3,1,3,6,3,1,1,3
3,3,9,78,0.1,3,1,2,2,1,292.38,1,9,1,3,3,1,18,3,3,3,3
3,3,10,1,0.2,1,3,1,1,1,190.71,1,2,3,1,3,1,3,3,3,1,1
3,3,10,2,0.4,1,2,1,1,1,258.97,1,15,3,3,3,3,8,3,1,2,2
3,3,10,3,0.2,1,1,1,1,1,322.73,0,6,1,3,1,3,15,3,3,3,3
3,3,10,4,0.05,3,1,2,2,1,286.27,1,14,1,3,3,1,8,1,3,1,3
3,3,10,5,0.8,3,3,2,2,1,274.79,1,11,3,3,1,1,11,1,1,3,3
3,3,10,6,0.8,3,1,2,2,1,253.71,1,14,3,3,1,1,12,3,3,3,3
3,3,10,7,0.8,3,1,2,2,1,227.45,1,12,3,1,1,3,7,3,3,3,3
3,3,10,8,1.8,1,3,1,1,1,229.88,1,17,1,1,1,1,15,1,1,3,3
3,3,10,9,0.4,3,2,2,2,1,280.07,1,18,1,1,3,3,20,1,1,2,2
3,3,10,10,0.1,1,3,1,1,1,270.03,1,16,3,3,3,3,20,1,1,3,3
3,3,10,11,0.1,1,2,1,1,1,346.03,0,9,1,3,1,3,3,3,1,2,2
3,3,10,12,0.2,1,2,1,1,1,272.87,1,1,1,1,1,1,9,1,3,2,2
3,3,10,13,0.2,1,3,1,1,1,264.37,1,6,3,1,3,1,10,1,1,3,3
3,3,10,14,0.05,3,2,2,2,1,273.96,1,14,3,1,1,3,17,3,3,2,2
3,3,10,15,0.1,1,1,1,1,1,244.79,1,4,3,3,3,3,8,3,1,3,1
3,3,10,16,0.8,1,3,1,1,1,240.8,1,3,1,1,1,1,9,3,1,1,3
3,3,10,17,0.8,1,1,NaN,NaN,NaN,NaN,NaN,17,3,3,3,3,5,3,1,3,1
3,3,10,18,0.2,3,1,2,2,1,282.24,1,14,3,1,1,3,11,1,1,1,1
3,3,10,19,0.05,1,2,1,1,1,298.44,1,7,1,3,1,3,8,1,1,2,2
3,3,10,20,1.8,1,2,NaN,NaN,NaN,NaN,NaN,18,1,1,1,1,19,1,1,2,2
3,3,10,21,0.1,1,3,1,1,1,300.08,0,16,3,1,3,1,7,1,1,3,3
3,3,10,22,1.8,2,2,2,2,1,199.18,1,17,1,3,2,2,17,1,3,2,2
3,3,10,23,0.1,3,2,2,2,1,303.61,0,19,3,3,1,1,14,3,1,2,2
3,3,10,24,1.8,3,1,2,2,1,233.76,1,11,1,3,3,1,10,1,3,1,3
3,3,10,25,0.2,3,3,2,2,1,262.55,1,13,1,1,3,3,9,3,3,1,1
3,3,10,26,0.4,3,3,NaN,NaN,NaN,NaN,NaN,8,1,1,3,3,9,3,1,1,3
3,3,10,27,1.8,1,1,1,1,1,225.66,1,5,1,1,1,1,20,3,1,3,1
3,3,10,28,0.8,2,1,2,2,1,263.14,1,4,1,3,2,2,20,3,3,3,3
3,3,10,29,0.2,2,1,2,2,1,318.62,0,19,3,3,2,2,1,1,1,1,1
3,3,10,30,0.8,1,2,NaN,NaN,NaN,NaN,NaN,5,1,3,1,3,15,3,3,2,2
3,3,10,31,0.1,3,3,2,2,1,361.58,0,14,3,1,1,3,4,1,3,3,1
3,3,10,32,1.8,2,2,NaN,NaN,NaN,NaN,NaN,9,3,3,2,2,18,1,1,2,2
3,3,10,33,0.4,1,3,1,1,1,297.8,1,7,1,1,1,1,13,1,3,3,1
3,3,10,34,0.8,1,2,1,1,1,226.73,1,8,1,3,1,3,7,1,1,2,2
3,3,10,35,1.8,1,1,1,1,1,272.36,1,9,3,1,3,1,15,1,3,1,3
3,3,10,36,0.4,1,3,1,1,1,264.92,1,18,3,1,3,1,2,1,1,3,3
3,3,10,37,0.2,3,3,2,2,1,346.61,0,12,3,3,1,1,4,3,1,1,3
3,3,10,38,0.4,1,3,1,1,1,-8.1549,2,9,3,1,3,1,11,1,3,3,1
3,3,10,39,0.2,3,3,2,2,1,312.03,0,10,1,3,3,1,6,3,3,1,1
3,3,10,40,0.05,1,3,1,1,1,309.56,0,3,1,3,1,3,15,3,1,1,3
3,3,10,41,0.2,2,1,2,2,1,276.92,1,7,3,1,2,2,18,1,1,1,1
3,3,10,42,1.8,1,2,1,1,1,265.23,1,4,3,3,3,3,6,3,1,2,2
3,3,10,43,0.05,2,2,2,2,1,321.48,0,2,3,3,2,2,13,1,1,2,2
3,3,10,44,0.4,2,1,2,2,1,272.32,1,4,1,1,2,2,20,3,1,3,1
3,3,10,45,0.8,1,3,1,1,1,254.87,1,17,3,1,3,1,9,1,3,3,1
3,3,10,46,0.1,3,1,2,2,1,325.5,0,7,3,3,1,1,18,3,3,3,3
3,3,10,47,1.8,3,1,2,2,1,210.65,1,3,3,1,1,3,4,3,3,3,3
3,3,10,48,0.4,1,1,1,1,1,254.84,1,7,1,3,1,3,17,3,3,3,3
3,3,10,49,0.05,1,1,1,1,1,326.67,0,9,1,3,1,3,3,1,3,1,3
3,3,10,50,0.1,3,3,2,2,1,284.49,1,13,1,1,3,3,14,3,1,1,3
3,3,10,51,0.1,1,2,1,1,1,292.89,1,20,3,3,3,3,10,3,3,2,2
3,3,10,52,0.05,2,3,2,1,0,364.47,0,10,1,3,2,2,19,3,3,1,1
3,3,10,53,0.2,2,1,2,2,1,302.57,0,3,1,3,2,2,9,3,3,3,3
3,3,10,54,0.05,1,2,1,1,1,322.22,0,3,1,3,1,3,19,1,3,2,2
3,3,10,55,0.4,3,2,2,2,1,295.18,1,1,1,1,3,3,12,3,1,2,2
3,3,10,56,0.05,2,3,2,2,1,285.19,1,14,1,1,2,2,18,3,1,1,3
3,3,10,57,0.4,3,3,2,2,1,218.53,1,10,3,1,1,3,14,3,1,1,3
3,3,10,58,0.1,3,3,2,2,1,293.31,1,17,3,1,1,3,20,1,3,3,1
3,3,10,59,1.8,1,1,1,1,1,314.42,0,12,3,1,3,1,17,3,3,3,3
3,3,10,60,0.8,2,3,2,2,1,265.76,1,4,3,3,2,2,14,3,1,1,3
3,3,10,61,0.8,2,1,2,2,1,250.46,1,16,1,1,2,2,8,1,3,1,3
3,3,10,62,0.05,3,1,2,2,1,323.18,0,3,3,1,1,3,17,1,3,1,3
3,3,10,63,1.8,1,3,1,1,1,271.32,1,19,3,3,3,3,8,1,3,3,1
3,3,10,64,0.2,1,2,1,1,1,281.37,1,2,1,1,1,1,7,1,3,2,2
3,3,10,65,0.8,2,3,2,2,1,239.06,1,9,1,3,2,2,10,1,1,3,3
3,3,10,66,1.8,1,3,1,1,1,257.63,1,20,3,3,3,3,2,3,3,1,1
3,3,10,67,0.4,2,1,2,2,1,215.4,1,13,3,1,2,2,11,3,3,3,3
3,3,10,68,0.05,3,3,2,2,1,338.2,0,2,1,3,3,1,20,3,1,1,3
3,3,10,69,0.8,3,2,2,2,1,252.87,1,3,3,1,1,3,15,3,3,2,2
3,3,10,70,0.1,3,2,2,2,1,259.48,1,15,3,1,1,3,8,3,3,2,2
3,3,10,71,0.4,2,1,2,2,1,306.09,0,16,3,3,2,2,19,1,3,1,3
3,3,10,72,1.8,1,3,1,1,1,219.11,1,17,3,1,3,1,11,1,3,3,1
3,3,10,73,0.05,1,3,1,2,0,266.62,1,1,1,3,1,3,7,1,1,3,3
3,3,10,74,0.1,2,2,2,1,0,254.75,1,2,1,1,2,2,13,1,1,2,2
3,3,10,75,0.05,1,3,1,1,1,247.95,1,15,3,1,3,1,10,3,3,1,1
3,3,10,76,0.4,1,2,1,1,1,250.6,1,8,3,1,3,1,16,1,1,2,2
3,3,10,77,0.2,3,3,2,2,1,292.21,1,3,3,1,1,3,20,3,3,1,1
3,3,10,78,0.1,1,3,1,1,1,314.06,0,3,1,1,1,1,9,3,1,1,3
