4,10,1,1,0.1,1,1,1,1,1,226.02,1,3,1,3,1,3,3,1,3,1,3
4,10,1,2,0.4,2,3,2,1,0,244.45,1,8,3,1,2,2,4,3,3,1,1
4,10,1,3,0.1,2,2,2,1,0,257.32,1,6,3,1,2,2,20,3,1,2,2
4,10,1,4,0.8,3,2,2,2,1,222.79,1,7,1,1,3,3,17,3,1,2,2
4,10,1,5,0.05,2,2,2,1,0,238.79,1,13,3,1,2,2,15,3,1,2,2
4,10,1,6,0.4,1,2,1,1,1,256.94,1,15,3,3,3,3,8,3,3,2,2
4,10,1,7,1.8,1,1,1,1,1,221.5,1,7,3,3,3,3,9,1,3,1,3
4,10,1,8,0.05,3,2,2,2,1,321.87,0,12,3,1,1,3,8,3,1,2,2
4,10,1,9,0.8,2,3,NaN,NaN,NaN,NaN,NaN,3,1,3,2,2,3,1,3,3,1
4,10,1,10,0.2,1,1,1,1,1,233.24,1,2,3,3,3,3,7,1,1,1,1
4,10,1,11,0.2,1,1,1,2,0,268.89,1,2,3,3,3,3,15,3,1,3,1
4,10,1,12,0.8,1,1,1,1,1,239.32,1,17,3,3,3,3,19,3,3,3,3
4,10,1,13,0.1,2,1,2,2,1,305.4,0,14,3,3,2,2,5,3,1,3,1
4,10,1,14,0.2,1,3,1,1,1,264.66,1,5,3,1,3,1,3,3,1,1,3
4,10,1,15,0.1,2,3,2,2,1,277.32,1,18,3,1,2,2,15,1,3,3,1
4,10,1,16,1.8,2,1,2,2,1,261.29,1,18,3,1,2,2,8,3,3,3,3
4,10,1,17,0.8,2,1,2,2,1,448.91,0,7,1,3,2,2,18,3,1,3,1
4,10,1,18,0.2,2,3,2,2,1,218.2,1,6,3,3,2,2,5,3,1,1,3
4,10,1,19,0.8,3,2,2,2,1,232.43,1,2,3,1,1,3,4,3,1,2,2
4,10,1,20,0.1,1,1,1,1,1,259.77,1,2,1,1,1,1,9,3,1,3,1
4,10,1,21,0.8,3,2,2,2,1,221.65,1,11,3,3,1,1,1,1,1,2,2
4,10,1,22,1.8,2,3,2,2,1,213.84,1,6,1,1,2,2,5,1,3,3,1
4,10,1,23,0.8,1,1,1,1,1,249.78,1,3,3,3,3,3,16,3,3,3,3
4,10,1,24,1.8,1,1,1,1,1,248.27,1,2,1,3,1,3,13,3,1,3,1
4,10,1,25,0.4,3,3,2,2,1,245.94,1,15,3,3,1,1,15,1,3,3,1
4,10,1,26,0.8,1,2,1,1,1,226.68,1,9,3,1,3,1,14,3,1,2,2
4,10,1,27,0.8,1,3,1,1,1,232.54,1,2,3,1,3,1,10,1,3,3,1
4,10,1,28,0.8,1,1,1,1,1,244.95,1,10,3,3,3,3,15,3,1,3,1
4,10,1,29,0.05,1,2,1,1,1,346.17,0,9,3,1,3,1,18,1,3,2,2
4,10,1,30,0.4,3,3,2,2,1,260.46,1,14,3,3,1,1,2,3,3,1,1
4,10,1,31,1.8,1,1,1,2,0,244.83,1,9,1,1,1,1,15,3,3,3,3
4,10,1,32,0.2,1,2,1,1,1,193.06,1,19,1,1,1,1,14,1,1,2,2
4,10,1,33,0.2,1,2,1,1,1,207.86,1,1,1,3,1,3,2,1,3,2,2
4,10,1,34,0.2,1,3,1,1,1,217.71,1,18,3,3,3,3,2,1,1,3,3
4,10,1,35,1.8,3,2,2,2,1,282.13,1,6,3,3,1,1,5,1,3,2,2
4,10,1,36,0.8,2,3,2,2,1,228.32,1,11,1,1,2,2,10,3,3,1,1
4,10,1,37,0.4,1,1,1,2,0,241.87,1,3,1,3,1,3,6,1,3,1,3
4,10,1,38,1.8,3,1,2,2,1,251.69,1,14,1,3,3,1,16,1,3,1,3
4,10,1,39,0.05,1,3,1,1,1,286.06,1,4,1,3,1,3,16,3,1,1,3
4,10,1,40,0.05,2,3,2,1,0,299.04,1,8,1,3,2,2,8,3,3,1,1
4,10,1,41,1.8,1,2,1,1,1,244.73,1,8,1,1,1,1,14,3,3,2,2
4,10,1,42,0.1,2,3,2,2,1,309.11,0,9,1,3,2,2,14,1,1,3,3
4,10,1,43,0.05,3,2,2,1,0,310.68,0,12,1,1,3,3,20,1,1,2,2
4,10,1,44,0.05,1,2,1,1,1,264.69,1,11,3,3,3,3,6,1,3,2,2
4,10,1,45,1.8,2,2,2,1,0,245.88,1,18,1,1,2,2,4,1,3,2,2
4,10,1,46,0.8,1,1,1,1,1,209.02,1,14,3,3,3,3,20,1,1,1,1
4,10,1,47,0.1,1,2,1,2,0,334,0,12,1,3,1,3,1,3,1,2,2
4,10,1,48,0.1,1,2,1,1,1,271.47,1,5,3,3,3,3,15,1,1,2,2
4,10,1,49,0.1,1,3,1,1,1,290.3,1,20,1,1,1,1,17,1,3,3,1
4,10,1,50,0.4,2,1,2,2,1,268.63,1,3,1,1,2,2,3,1,1,1,1
4,10,1,51,0.4,1,2,1,1,1,228.84,1,15,1,3,1,3,9,3,3,2,2
4,10,1,52,1.8,1,1,1,1,1,243.94,1,13,3,1,3,1,18,3,1,3,1
4,10,1,53,0.4,1,2,1,1,1,241.77,1,10,3,1,3,1,8,1,3,2,2
4,10,1,54,0.4,2,2,2,1,0,202.47,1,2,1,3,2,2,1,3,1,2,2
4,10,1,55,0.8,2,3,2,2,1,252.48,1,13,3,3,2,2,8,1,1,3,3
4,10,1,56,0.1,2,3,2,1,0,310.68,0,20,1,3,2,2,1,1,1,3,3
4,10,1,57,0.2,2,1,2,1,0,239.86,1,15,3,3,2,2,5,3,1,3,1
4,10,1,58,0.2,1,1,1,1,1,273.13,1,20,3,1,3,1,16,1,1,1,1
4,10,1,59,0.05,1,2,1,1,1,293.82,1,18,1,1,1,1,7,1,1,2,2
4,10,1,60,0.2,3,1,2,2,1,287.37,1,8,3,3,1,1,6,3,3,3,3
4,10,1,61,0.1,2,2,2,2,1,293.13,1,18,1,3,2,2,9,1,1,2,2
4,10,1,62,0.4,1,1,1,2,0,280.93,1,14,1,3,1,3,5,1,3,1,3
4,10,1,63,1.8,1,1,1,1,1,240.38,1,20,1,3,1,3,6,1,3,1,3
4,10,1,64,0.1,2,1,2,2,1,327.62,0,16,3,1,2,2,8,1,1,1,1
4,10,1,65,0.05,1,2,1,1,1,300.47,0,20,3,3,3,3,6,1,1,2,2
4,10,1,66,0.2,2,2,2,1,0,225.19,1,2,1,3,2,2,16,3,1,2,2
4,10,1,67,0.05,3,3,2,2,1,395.46,0,13,3,1,1,3,1,3,1,1,3
4,10,1,68,1.8,3,2,2,2,1,238.63,1,16,3,3,1,1,15,1,3,2,2
4,10,1,69,0.1,2,1,2,2,1,262.57,1,1,3,3,2,2,15,1,1,1,1
4,10,1,70,1.8,3,2,2,2,1,254.92,1,19,3,1,1,3,1,1,1,2,2
4,10,1,71,0.05,2,1,2,1,0,348.43,0,15,3,1,2,2,11,3,1,3,1
4,10,1,72,0.2,3,3,2,2,1,219.63,1,20,3,3,1,1,19,1,1,3,3
4,10,1,73,0.4,1,3,1,1,1,213.34,1,14,3,3,3,3,18,3,3,1,1
4,10,1,74,0.05,1,3,1,2,0,366.75,0,12,1,1,1,1,13,1,3,3,1
4,10,1,75,0.4,1,2,1,1,1,224.43,1,3,3,1,3,1,12,1,1,2,2
4,10,1,76,0.4,3,3,2,2,1,255.06,1,17,3,3,1,1,20,3,1,1,3
4,10,1,77,0.05,1,2,1,1,1,298.09,1,9,3,3,3,3,13,3,1,2,2
4,10,1,78,0.2,1,3,1,1,1,231.38,1,10,1,1,1,1,20,3,1,1,3
4,10,2,1,1.8,3,1,2,2,1,261.17,1,16,3,3,1,1,13,1,1,1,1
4,10,2,2,0.8,3,1,2,2,1,278.97,1,18,3,1,1,3,3,1,3,1,3
4,10,2,3,0.4,2,2,2,2,1,238.42,1,10,1,1,2,2,15,3,1,2,2
4,10,2,4,1.8,3,2,2,2,1,230.31,1,11,3,3,1,1,19,1,1,2,2
4,10,2,5,1.8,3,1,2,2,1,229.69,1,8,3,3,1,1,11,3,1,3,1
4,10,2,6,0.2,3,2,2,2,1,332.81,0,20,3,1,1,3,20,3,1,2,2
4,10,2,7,0.8,1,2,1,1,1,240.31,1,13,3,1,3,1,4,1,1,2,2
4,10,2,8,0.4,3,3,2,2,1,232.37,1,11,1,1,3,3,8,1,1,3,3
4,10,2,9,0.1,3,1,2,2,1,306.82,0,13,1,1,3,3,7,3,1,3,1
4,10,2,10,0.1,1,3,1,1,1,298.53,1,12,1,1,1,1,15,3,1,1,3
4,10,2,11,0.05,1,2,1,1,1,293.3,1,19,1,3,1,3,1,3,1,2,2
4,10,2,12,0.2,1,3,1,1,1,217.37,1,5,3,3,3,3,18,1,1,3,3
4,10,2,13,0.05,3,1,2,2,1,325.03,0,11,3,1,1,3,15,3,1,3,1
4,10,2,14,0.8,1,1,1,1,1,275.3,1,4,3,1,3,1,11,3,1,3,1
4,10,2,15,0.05,1,2,1,1,1,343.23,0,17,1,1,1,1,6,1,1,2,2
4,10,2,16,0.4,3,2,2,2,1,286.26,1,19,1,3,3,1,16,1,1,2,2
4,10,2,17,0.05,1,3,1,2,0,354.69,0,20,1,3,1,3,4,3,1,1,3
4,10,2,18,0.4,1,3,1,1,1,216.44,1,10,3,3,3,3,18,3,3,1,1
4,10,2,19,0.05,1,2,1,1,1,323.13,0,2,3,1,3,1,20,1,3,2,2
4,10,2,20,0.4,1,1,1,1,1,238.96,1,6,3,3,3,3,13,3,3,3,3
4,10,2,21,1.8,3,1,2,2,1,253.23,1,18,3,1,1,3,10,1,3,1,3
4,10,2,22,0.2,2,3,2,1,0,268.02,1,4,1,3,2,2,6,3,3,1,1
4,10,2,23,0.05,1,1,1,1,1,294.6,1,4,1,1,1,1,20,3,3,3,3
4,10,2,24,0.4,2,2,2,2,1,270.67,1,4,1,1,2,2,3,1,1,2,2
4,10,2,25,0.4,1,3,1,1,1,229.16,1,15,3,3,3,3,8,3,3,1,1
4,10,2,26,0.8,2,2,2,2,1,240.91,1,12,1,3,2,2,11,1,3,2,2
4,10,2,27,0.05,1,1,1,1,1,286.24,1,17,3,1,3,1,20,1,1,1,1
4,10,2,28,0.1,2,3,2,2,1,584.43,0,8,3,1,2,2,3,1,1,3,3
4,10,2,29,0.05,3,3,2,2,1,399.99,0,12,1,3,3,1,18,3,3,1,1
4,10,2,30,0.05,1,1,1,1,1,290.51,1,9,3,3,3,3,19,1,3,1,3
4,10,2,31,0.8,3,1,2,2,1,210.3,1,3,3,1,1,3,1,3,1,3,1
4,10,2,32,0.8,3,3,2,2,1,247.12,1,5,3,3,1,1,9,3,3,1,1
4,10,2,33,1.8,3,2,2,2,1,273.13,1,20,3,1,1,3,20,1,3,2,2
4,10,2,34,0.2,3,1,2,2,1,240.82,1,17,1,1,3,3,5,3,1,3,1
4,10,2,35,0.2,1,1,1,1,1,223.35,1,17,1,3,1,3,7,3,1,3,1
4,10,2,36,0.1,3,1,2,2,1,294.01,1,18,3,1,1,3,10,1,3,1,3
4,10,2,37,0.1,1,2,1,2,0,356.52,0,19,3,3,3,3,3,3,1,2,2
4,10,2,38,0.05,3,3,2,2,1,492.9,0,4,3,3,1,1,15,3,1,1,3
4,10,2,39,0.8,1,2,1,1,1,258.09,1,19,3,1,3,1,17,3,3,2,2
4,10,2,40,1.8,1,2,1,1,1,226.89,1,7,1,3,1,3,10,3,1,2,2
4,10,2,41,1.8,1,3,1,1,1,216.68,1,14,3,3,3,3,14,3,3,1,1
4,10,2,42,0.2,2,1,2,2,1,254.01,1,5,3,3,2,2,8,1,1,1,1
4,10,2,43,0.8,1,1,1,1,1,229.69,1,3,3,3,3,3,7,3,1,3,1
4,10,2,44,0.05,1,2,1,1,1,314.86,0,14,3,1,3,1,12,1,3,2,2
4,10,2,45,0.4,1,1,1,1,1,219.35,1,6,1,3,1,3,7,3,3,3,3
4,10,2,46,1.8,3,1,2,2,1,254.86,1,16,1,3,3,1,18,1,3,1,3
4,10,2,47,0.8,1,3,1,1,1,222.79,1,5,3,1,3,1,20,1,3,3,1
4,10,2,48,0.2,2,2,2,1,0,231.16,1,15,3,3,2,2,3,1,3,2,2
4,10,2,49,0.4,1,3,1,1,1,237.32,1,17,1,3,1,3,13,1,1,3,3
4,10,2,50,0.1,1,2,1,1,1,258.53,1,13,1,3,1,3,3,3,3,2,2
4,10,2,51,0.8,1,2,1,2,0,234.25,1,12,1,1,1,1,3,1,3,2,2
4,10,2,52,0.1,1,3,1,1,1,266.58,1,8,3,1,3,1,12,3,1,1,3
4,10,2,53,0.4,2,3,2,2,1,265.58,1,15,1,3,2,2,4,1,1,3,3
4,10,2,54,0.2,1,1,1,1,1,247,1,9,1,1,1,1,14,1,3,1,3
4,10,2,55,0.2,2,3,2,2,1,266.96,1,14,1,1,2,2,4,3,1,1,3
4,10,2,56,0.8,1,1,1,1,1,255.77,1,16,3,3,3,3,3,3,1,3,1
4,10,2,57,0.1,1,2,1,1,1,306.05,0,10,1,3,1,3,4,1,1,2,2
4,10,2,58,0.4,1,3,1,1,1,68.387,2,4,3,3,3,3,2,3,1,1,3
4,10,2,59,0.05,1,2,1,1,1,287.9,1,17,1,1,1,1,5,3,1,2,2
4,10,2,60,0.1,1,1,1,1,1,316.98,0,1,3,3,3,3,4,1,1,1,1
4,10,2,61,0.1,2,1,2,2,1,292.33,1,14,1,3,2,2,16,1,1,1,1
4,10,2,62,0.8,3,3,2,2,1,258.56,1,14,3,3,1,1,9,1,1,3,3
4,10,2,63,0.2,2,1,2,2,1,327.59,0,4,3,3,2,2,15,3,1,3,1
4,10,2,64,0.2,1,1,1,1,1,234.06,1,17,3,3,3,3,14,3,3,3,3
4,10,2,65,0.8,1,3,1,1,1,234.23,1,17,3,1,3,1,5,1,1,3,3
4,10,2,66,1.8,3,1,2,2,1,233.51,1,17,1,3,3,1,6,3,1,3,1
4,10,2,67,0.4,3,2,2,2,1,261.84,1,20,3,3,1,1,11,1,3,2,2
4,10,2,68,1.8,2,3,2,2,1,273.25,1,1,1,3,2,2,19,1,1,3,3
4,10,2,69,0.1,1,1,1,1,1,268.45,1,15,1,3,1,3,13,1,1,1,1
4,10,2,70,0.4,2,3,2,2,1,243.27,1,14,3,1,2,2,9,1,3,3,1
4,10,2,71,1.8,2,3,2,2,1,223.3,1,9,3,3,2,2,15,1,1,3,3
4,10,2,72,1.8,1,2,1,1,1,252.36,1,16,3,3,3,3,20,1,3,2,2
4,10,2,73,0.05,2,1,2,2,1,331.32,0,16,1,1,2,2,5,3,3,3,3
4,10,2,74,0.1,2,1,2,2,1,335.71,0,3,1,1,2,2,5,1,1,1,1
4,10,2,75,1.8,1,3,1,1,1,269.23,1,13,3,3,3,3,18,3,1,1,3
4,10,2,76,0.2,3,1,2,2,1,263.45,1,3,1,1,3,3,19,3,3,3,3
4,10,2,77,0.1,1,1,1,1,1,297.43,1,3,3,3,3,3,7,1,3,1,3
4,10,2,78,0.2,1,1,1,1,1,243.8,1,16,1,1,1,1,18,3,3,3,3
4,10,3,1,0.4,3,2,2,2,1,251.01,1,18,3,1,1,3,20,1,1,2,2
4,10,3,2,0.8,1,2,1,1,1,258.28,1,17,1,3,1,3,7,3,3,2,2
4,10,3,3,0.1,2,2,2,1,0,239.33,1,4,3,1,2,2,3,3,1,2,2
4,10,3,4,0.4,2,2,2,2,1,264.3,1,20,1,3,2,2,10,1,3,2,2
4,10,3,5,1.8,1,1,1,1,1,224.33,1,14,1,3,1,3,20,3,1,3,1
4,10,3,6,0.1,3,2,2,2,1,558.69,0,20,3,3,1,1,10,3,3,2,2
4,10,3,7,0.05,3,2,2,1,0,346.57,0,12,1,1,3,3,5,3,3,2,2
4,10,3,8,0.2,1,3,1,1,1,109.29,1,20,3,1,3,1,17,1,3,3,1
4,10,3,9,0.1,1,1,1,1,1,270.29,1,8,3,1,3,1,6,3,1,3,1
4,10,3,10,0.8,2,2,2,2,1,274.89,1,10,3,1,2,2,8,1,3,2,2
4,10,3,11,1.8,1,3,1,1,1,245.58,1,12,1,1,1,1,6,1,3,3,1
4,10,3,12,0.05,1,3,1,1,1,311.36,0,13,1,3,1,3,9,1,1,3,3
4,10,3,13,0.4,1,1,1,1,1,221.47,1,4,1,3,1,3,9,3,1,3,1
4,10,3,14,0.1,2,1,2,2,1,414.65,0,17,1,3,2,2,16,1,1,1,1
4,10,3,15,0.4,1,2,1,1,1,254.4,1,17,1,1,1,1,7,3,1,2,2
4,10,3,16,1.8,1,3,NaN,NaN,NaN,NaN,NaN,19,3,3,3,3,16,3,3,1,1
4,10,3,17,0.05,1,3,1,1,1,294.2,1,16,1,1,1,1,15,1,3,3,1
4,10,3,18,0.8,3,3,2,2,1,280.7,1,12,3,3,1,1,15,3,3,1,1
4,10,3,19,0.1,1,3,1,1,1,398.29,0,7,1,1,1,1,14,1,1,3,3
4,10,3,20,0.8,3,2,2,2,1,301.06,0,18,3,1,1,3,2,3,3,2,2
4,10,3,21,0.05,3,2,2,2,1,334.33,0,18,3,1,1,3,12,1,1,2,2
4,10,3,22,0.2,1,3,1,1,1,232.36,1,12,1,1,1,1,15,1,1,3,3
4,10,3,23,0.05,2,3,2,1,0,301.57,0,6,1,3,2,2,15,3,1,1,3
4,10,3,24,0.8,2,3,2,2,1,235.37,1,18,1,3,2,2,2,3,1,1,3
4,10,3,25,0.4,3,3,2,2,1,230.81,1,16,3,1,1,3,18,3,3,1,1
4,10,3,26,0.8,1,3,1,1,1,246.44,1,18,3,1,3,1,12,1,1,3,3
4,10,3,27,0.8,2,1,2,2,1,260.98,1,12,1,3,2,2,15,3,3,3,3
4,10,3,28,0.2,3,3,2,2,1,246.07,1,16,3,3,1,1,9,3,3,1,1
4,10,3,29,1.8,3,2,2,2,1,256.59,1,18,3,1,1,3,4,3,1,2,2
4,10,3,30,1.8,1,1,1,1,1,242.15,1,14,3,3,3,3,8,3,1,3,1
4,10,3,31,0.05,2,3,2,2,1,410.19,0,17,3,3,2,2,18,3,1,1,3
4,10,3,32,0.2,1,1,1,1,1,246.06,1,16,1,1,1,1,13,1,3,1,3
4,10,3,33,0.4,1,2,1,2,0,286,1,15,3,1,3,1,14,1,3,2,2
4,10,3,34,0.2,3,3,2,2,1,289.5,1,2,1,3,3,1,12,1,3,3,1
4,10,3,35,0.2,1,2,1,1,1,292.13,1,20,3,1,3,1,17,3,3,2,2
4,10,3,36,0.8,1,1,1,2,0,264.43,1,19,3,1,3,1,13,3,1,3,1
4,10,3,37,0.4,1,2,NaN,NaN,NaN,NaN,NaN,10,1,3,1,3,18,1,3,2,2
4,10,3,38,0.4,1,1,1,1,1,225.72,1,6,1,1,1,1,8,1,3,1,3
4,10,3,39,0.05,1,3,1,1,1,277.7,1,1,3,1,3,1,5,3,3,1,1
4,10,3,40,0.2,3,1,2,2,1,240.79,1,2,3,1,1,3,1,1,1,1,1
4,10,3,41,0.4,1,3,1,1,1,257.49,1,2,1,1,1,1,14,1,1,3,3
4,10,3,42,0.2,3,3,2,2,1,291.1,1,12,3,3,1,1,16,3,3,1,1
4,10,3,43,0.1,1,1,1,1,1,298.59,1,9,3,1,3,1,4,1,1,1,1
4,10,3,44,1.8,1,2,1,1,1,247.31,1,14,1,1,1,1,3,1,1,2,2
4,10,3,45,0.1,2,3,2,2,1,368.56,0,13,1,1,2,2,8,3,1,1,3
4,10,3,46,0.05,1,3,1,1,1,398.98,0,10,3,3,3,3,8,1,3,3,1
4,10,3,47,0.4,2,1,2,2,1,293.43,1,13,3,1,2,2,9,1,3,1,3
4,10,3,48,0.8,1,3,1,1,1,242.13,1,6,3,3,3,3,8,3,3,1,1
4,10,3,49,0.05,1,3,1,1,1,325.59,0,5,3,1,3,1,3,1,1,3,3
4,10,3,50,0.05,1,1,1,1,1,280.09,1,16,3,3,3,3,10,1,3,1,3
4,10,3,51,0.1,2,2,2,1,0,337.91,0,7,1,3,2,2,18,1,3,2,2
4,10,3,52,1.8,1,2,1,1,1,246.76,1,1,1,1,1,1,1,3,1,2,2
4,10,3,53,0.4,1,2,1,1,1,270.98,1,14,3,3,3,3,14,3,1,2,2
4,10,3,54,1.8,1,2,1,1,1,236.05,1,15,1,1,1,1,10,3,1,2,2
4,10,3,55,0.4,2,1,2,2,1,269.37,1,2,1,3,2,2,6,1,3,1,3
4,10,3,56,0.8,1,3,1,1,1,316.85,0,20,3,1,3,1,19,3,1,1,3
4,10,3,57,0.2,2,3,2,2,1,250.19,1,18,1,1,2,2,6,3,1,1,3
4,10,3,58,1.8,3,1,2,2,1,299.82,1,17,1,1,3,3,14,1,3,1,3
4,10,3,59,0.1,1,3,1,1,1,298,1,11,1,1,1,1,5,3,1,1,3
4,10,3,60,0.4,3,2,2,2,1,250.67,1,16,1,1,3,3,19,3,1,2,2
4,10,3,61,0.8,2,1,2,2,1,263.66,1,12,1,3,2,2,5,1,3,1,3
4,10,3,62,0.2,3,1,2,2,1,343.61,0,12,3,1,1,3,4,1,3,1,3
4,10,3,63,0.1,2,1,2,2,1,364.64,0,7,3,1,2,2,19,1,1,1,1
4,10,3,64,0.8,2,2,2,1,0,236.5,1,19,1,3,2,2,12,3,1,2,2
4,10,3,65,0.1,3,2,2,1,0,318.4,0,7,1,1,3,3,6,3,1,2,2
4,10,3,66,0.2,2,3,2,2,1,300.81,0,1,3,1,2,2,5,1,3,3,1
4,10,3,67,0.8,2,2,2,2,1,217.45,1,3,3,3,2,2,9,3,1,2,2
4,10,3,68,1.8,3,3,NaN,NaN,NaN,NaN,NaN,14,1,3,3,1,1,1,1,3,3
4,10,3,69,0.05,1,1,1,1,1,428.77,0,9,1,3,1,3,19,1,1,1,1
4,10,3,70,0.1,1,1,1,1,1,296.75,1,8,1,3,1,3,8,3,1,3,1
4,10,3,71,1.8,1,1,1,1,1,239.5,1,18,3,3,3,3,8,3,1,3,1
4,10,3,72,0.05,2,1,2,1,0,325.82,0,13,3,1,2,2,10,3,3,3,3
4,10,3,73,1.8,1,3,1,1,1,257.68,1,1,1,3,1,3,3,1,1,3,3
4,10,3,74,0.05,3,3,2,2,1,388.27,0,15,1,1,3,3,11,1,1,3,3
4,10,3,75,1.8,2,3,2,2,1,268.44,1,20,1,3,2,2,16,1,3,3,1
4,10,3,76,0.2,2,1,2,2,1,250.4,1,11,3,3,2,2,6,1,1,1,1
4,10,3,77,0.2,3,1,2,2,1,259.36,1,18,1,1,3,3,1,3,3,3,3
4,10,3,78,0.1,1,2,1,1,1,262.05,1,2,1,1,1,1,13,1,1,2,2
4,10,4,1,0.4,1,1,1,1,1,241.24,1,13,3,1,3,1,10,3,1,3,1
4,10,4,2,0.05,3,2,2,2,1,348.97,0,6,1,1,3,3,7,3,3,2,2
4,10,4,3,0.2,3,2,2,2,1,247.92,1,6,1,3,3,1,8,1,3,2,2
4,10,4,4,0.2,2,2,2,2,1,251.58,1,14,3,3,2,2,19,1,1,2,2
4,10,4,5,0.05,1,2,1,1,1,243.92,1,16,1,1,1,1,11,3,1,2,2
4,10,4,6,0.1,1,2,1,1,1,219.16,1,17,3,1,3,1,6,1,3,2,2
4,10,4,7,1.8,1,1,1,1,1,247.36,1,20,3,3,3,3,13,1,3,1,3
4,10,4,8,0.2,1,2,1,1,1,275.6,1,12,3,1,3,1,6,3,1,2,2
4,10,4,9,1.8,1,1,1,1,1,281.93,1,17,1,3,1,3,14,3,1,3,1
4,10,4,10,0.1,3,2,2,2,1,376.23,0,20,3,3,1,1,18,1,3,2,2
4,10,4,11,0.2,2,3,2,2,1,278.79,1,9,1,3,2,2,1,1,1,3,3
4,10,4,12,0.05,1,2,1,1,1,267.66,1,17,3,1,3,1,8,1,3,2,2
4,10,4,13,0.4,2,1,2,2,1,232.8,1,10,1,3,2,2,10,1,1,1,1
4,10,4,14,1.8,2,1,2,2,1,259.71,1,15,1,1,2,2,5,1,1,1,1
4,10,4,15,0.05,1,2,1,1,1,287.89,1,19,3,1,3,1,13,3,1,2,2
4,10,4,16,0.2,3,1,2,2,1,272.32,1,18,3,3,1,1,13,1,1,1,1
4,10,4,17,0.8,1,2,1,1,1,267.68,1,20,3,1,3,1,18,3,1,2,2
4,10,4,18,0.8,2,1,2,2,1,243.08,1,13,3,1,2,2,15,1,1,1,1
4,10,4,19,0.2,1,3,1,1,1,290.61,1,16,1,3,1,3,19,3,3,1,1
4,10,4,20,0.4,1,2,1,1,1,254.45,1,5,1,3,1,3,3,3,1,2,2
4,10,4,21,0.8,1,3,1,1,1,243.06,1,18,1,1,1,1,15,3,1,1,3
4,10,4,22,0.1,3,2,2,1,0,262.33,1,7,1,1,3,3,9,1,3,2,2
4,10,4,23,0.05,3,2,2,1,0,297.03,1,12,1,3,3,1,16,1,1,2,2
4,10,4,24,0.4,2,2,2,2,1,262.47,1,5,3,3,2,2,8,1,3,2,2
4,10,4,25,0.8,1,1,1,1,1,237.26,1,20,1,3,1,3,8,3,1,3,1
4,10,4,26,0.4,1,2,1,1,1,229.26,1,16,1,3,1,3,12,1,3,2,2
4,10,4,27,0.4,1,3,1,1,1,240.07,1,2,1,1,1,1,18,1,3,3,1
4,10,4,28,1.8,1,3,1,1,1,209.4,1,15,3,1,3,1,19,1,1,3,3
4,10,4,29,0.1,2,1,2,2,1,288.27,1,3,1,1,2,2,3,1,1,1,1
4,10,4,30,0.8,2,3,2,2,1,233.6,1,20,3,3,2,2,18,1,3,3,1
4,10,4,31,0.1,2,1,2,2,1,317.72,0,9,3,1,2,2,11,1,3,1,3
4,10,4,32,0.8,1,2,1,2,0,248.25,1,6,3,1,3,1,14,3,1,2,2
4,10,4,33,0.4,2,2,2,2,1,264.01,1,9,3,3,2,2,13,3,1,2,2
4,10,4,34,0.05,1,2,1,2,0,411.12,0,1,1,3,1,3,2,3,3,2,2
4,10,4,35,0.2,1,3,1,1,1,217.84,1,17,1,3,1,3,16,1,1,3,3
4,10,4,36,0.1,1,2,1,1,1,241.7,1,19,3,1,3,1,20,3,1,2,2
4,10,4,37,0.05,1,3,1,1,1,348.4,0,1,1,3,1,3,17,1,3,3,1
4,10,4,38,0.05,1,2,1,1,1,271.99,1,8,3,3,3,3,13,3,3,2,2
4,10,4,39,0.4,1,2,1,1,1,206.24,1,4,3,1,3,1,15,3,3,2,2
4,10,4,40,0.2,1,1,1,1,1,246.68,1,4,3,1,3,1,11,1,1,1,1
4,10,4,41,0.8,1,1,1,1,1,237.69,1,6,3,1,3,1,10,3,3,3,3
4,10,4,42,0.4,3,2,2,2,1,245.07,1,4,1,1,3,3,8,1,1,2,2
4,10,4,43,1.8,1,2,1,1,1,224.54,1,19,3,3,3,3,10,1,3,2,2
4,10,4,44,0.1,3,1,2,2,1,278.44,1,16,1,1,3,3,18,3,3,3,3
4,10,4,45,0.8,3,1,2,2,1,303.96,0,18,1,3,3,1,12,3,3,3,3
4,10,4,46,0.4,3,3,2,2,1,248.43,1,2,1,3,3,1,8,3,1,1,3
4,10,4,47,1.8,1,3,1,1,1,292.22,1,1,3,1,3,1,2,3,1,1,3
4,10,4,48,0.2,2,1,2,1,0,293.91,1,8,1,1,2,2,16,3,1,3,1
4,10,4,49,0.8,3,1,2,2,1,300.61,0,20,3,1,1,3,12,3,3,3,3
4,10,4,50,0.8,1,1,1,1,1,238.19,1,18,3,1,3,1,9,3,3,3,3
4,10,4,51,0.1,1,2,1,1,1,260.37,1,18,3,1,3,1,4,3,3,2,2
4,10,4,52,0.4,2,2,2,2,1,230.36,1,17,1,3,2,2,20,3,3,2,2
4,10,4,53,0.1,2,1,2,2,1,341.58,0,10,3,1,2,2,12,3,3,3,3
4,10,4,54,1.8,3,1,2,2,1,266.05,1,3,3,1,1,3,14,3,1,3,1
4,10,4,55,0.8,1,2,1,1,1,253.59,1,17,3,3,3,3,15,1,3,2,2
4,10,4,56,0.05,1,1,1,1,1,282.55,1,11,3,3,3,3,12,3,1,3,1
4,10,4,57,0.05,1,2,1,1,1,300.72,0,7,3,1,3,1,13,3,3,2,2
4,10,4,58,1.8,1,3,1,1,1,239.99,1,8,1,1,1,1,4,3,1,1,3
4,10,4,59,1.8,3,3,2,2,1,270.42,1,1,1,1,3,3,11,3,1,1,3
4,10,4,60,0.1,2,2,2,2,1,395.88,0,2,1,1,2,2,7,1,3,2,2
4,10,4,61,0.05,3,2,2,2,1,334.31,0,11,3,3,1,1,5,3,1,2,2
4,10,4,62,0.8,1,3,1,1,1,209.55,1,1,1,1,1,1,6,3,1,1,3
4,10,4,63,0.1,2,1,2,2,1,426.96,0,14,3,3,2,2,15,1,3,1,3
4,10,4,64,0.05,3,2,2,2,1,406.89,0,2,1,3,3,1,11,1,3,2,2
4,10,4,65,0.2,2,3,2,1,0,213.45,1,7,3,3,2,2,3,3,3,1,1
4,10,4,66,0.2,2,1,2,2,1,339.11,0,18,1,1,2,2,20,3,1,3,1
4,10,4,67,1.8,2,2,2,2,1,254.36,1,19,3,3,2,2,2,1,3,2,2
4,10,4,68,0.4,3,2,2,2,1,399.92,0,11,3,1,1,3,19,1,1,2,2
4,10,4,69,1.8,1,2,1,1,1,250.5,1,6,1,1,1,1,9,3,3,2,2
4,10,4,70,0.1,3,2,2,2,1,274.47,1,9,1,1,3,3,16,3,1,2,2
4,10,4,71,1.8,3,2,2,2,1,240.21,1,10,1,3,3,1,15,1,3,2,2
4,10,4,72,0.8,1,2,1,1,1,259.53,1,2,1,1,1,1,7,1,1,2,2
4,10,4,73,0.2,2,1,2,2,1,295.78,1,8,1,1,2,2,10,3,3,3,3
4,10,4,74,0.2,3,3,2,2,1,245.04,1,19,1,1,3,3,10,3,3,1,1
4,10,4,75,0.1,1,1,1,1,1,284.17,1,6,3,3,3,3,11,3,1,3,1
4,10,4,76,0.4,2,3,2,2,1,269.49,1,9,1,1,2,2,1,3,1,1,3
4,10,4,77,0.05,1,3,1,1,1,325.25,0,10,1,1,1,1,13,1,1,3,3
4,10,4,78,1.8,2,2,2,1,0,257.57,1,12,3,1,2,2,1,1,1,2,2
4,10,5,1,0.1,3,3,2,2,1,287.35,1,5,1,1,3,3,7,3,1,1,3
4,10,5,2,0.05,2,3,2,2,1,353.71,0,2,3,3,2,2,12,3,3,1,1
4,10,5,3,0.8,1,2,1,1,1,227.85,1,12,1,1,1,1,18,3,1,2,2
4,10,5,4,0.4,2,1,2,1,0,225.74,1,2,1,3,2,2,14,3,1,3,1
4,10,5,5,0.8,2,1,2,2,1,212.82,1,16,3,1,2,2,15,3,3,3,3
4,10,5,6,1.8,1,2,1,1,1,265.69,1,2,1,1,1,1,12,3,3,2,2
4,10,5,7,0.8,3,2,2,2,1,284.89,1,14,1,1,3,3,10,3,3,2,2
4,10,5,8,0.4,3,2,2,2,1,283.73,1,11,1,3,3,1,5,3,3,2,2
4,10,5,9,1.8,2,1,NaN,NaN,NaN,NaN,NaN,3,1,1,2,2,16,1,3,1,3
4,10,5,10,1.8,1,1,1,1,1,218.45,1,9,1,3,1,3,3,1,1,1,1
4,10,5,11,0.1,2,3,2,2,1,348.67,0,5,3,1,2,2,8,3,3,1,1
4,10,5,12,0.05,2,2,2,1,0,287.11,1,12,1,1,2,2,10,3,3,2,2
4,10,5,13,0.4,1,3,1,1,1,199.1,1,9,3,3,3,3,9,3,3,1,1
4,10,5,14,0.2,2,3,2,1,0,226.98,1,7,3,1,2,2,20,1,3,3,1
4,10,5,15,0.8,3,1,2,2,1,242.44,1,12,3,1,1,3,3,3,3,3,3
4,10,5,16,0.4,1,3,1,1,1,256.17,1,12,3,3,3,3,3,3,3,1,1
4,10,5,17,1.8,1,2,1,1,1,273.55,1,8,1,1,1,1,5,1,1,2,2
4,10,5,18,0.05,1,2,1,1,1,328.56,0,3,1,3,1,3,15,1,3,2,2
4,10,5,19,0.05,3,2,2,2,1,335.95,0,19,1,1,3,3,10,1,1,2,2
4,10,5,20,0.4,1,1,1,1,1,267.51,1,17,1,3,1,3,9,1,1,1,1
4,10,5,21,0.1,2,3,2,2,1,281.63,1,13,1,3,2,2,12,1,3,3,1
4,10,5,22,0.4,3,2,2,2,1,262.26,1,20,1,3,3,1,10,3,3,2,2
4,10,5,23,0.2,1,1,1,1,1,242.92,1,12,3,1,3,1,5,3,1,3,1
4,10,5,24,0.2,2,3,2,1,0,228.97,1,4,1,3,2,2,17,3,1,1,3
4,10,5,25,1.8,3,2,2,2,1,268.6,1,14,3,3,1,1,17,1,1,2,2
4,10,5,26,1.8,1,3,NaN,NaN,NaN,NaN,NaN,1,1,1,1,1,2,3,1,1,3
4,10,5,27,0.8,1,1,1,1,1,243.48,1,3,3,3,3,3,9,3,1,3,1
4,10,5,28,1.8,3,3,2,2,1,266.26,1,16,1,1,3,3,4,3,1,1,3
4,10,5,29,0.4,1,1,1,1,1,244.23,1,5,3,1,3,1,8,1,3,1,3
4,10,5,30,1.8,3,1,2,2,1,278.95,1,5,1,1,3,3,16,3,3,3,3
4,10,5,31,0.8,3,2,2,2,1,271.78,1,3,3,1,1,3,2,1,1,2,2
4,10,5,32,0.1,2,1,2,2,1,387.38,0,2,3,1,2,2,16,3,1,3,1
4,10,5,33,0.2,1,3,1,1,1,255.84,1,14,3,3,3,3,13,3,3,1,1
4,10,5,34,0.4,3,1,2,2,1,280.05,1,11,3,3,1,1,8,3,3,3,3
4,10,5,35,0.8,1,2,1,1,1,263.48,1,10,1,3,1,3,12,1,3,2,2
4,10,5,36,0.8,2,2,2,2,1,288.7,1,3,1,1,2,2,18,3,3,2,2
4,10,5,37,0.05,1,1,1,1,1,312.36,0,19,1,1,1,1,1,3,1,3,1
4,10,5,38,0.1,3,3,2,2,1,320.24,0,9,1,3,3,1,10,1,3,3,1
4,10,5,39,0.1,3,3,2,1,0,248.11,1,12,3,3,1,1,10,1,3,3,1
4,10,5,40,0.4,1,2,1,1,1,218.77,1,3,1,1,1,1,2,1,3,2,2
4,10,5,41,0.05,3,3,2,2,1,305.37,0,3,3,3,1,1,16,3,1,1,3
4,10,5,42,0.4,2,2,2,2,1,241.79,1,3,1,3,2,2,10,1,1,2,2
4,10,5,43,1.8,1,1,1,1,1,241.45,1,15,1,1,1,1,3,1,3,1,3
4,10,5,44,0.2,1,3,1,1,1,238.03,1,15,3,3,3,3,9,1,1,3,3
4,10,5,45,0.2,3,2,2,2,1,303.88,0,1,1,3,3,1,15,3,3,2,2
4,10,5,46,1.8,1,2,1,1,1,276.42,1,13,1,3,1,3,20,1,3,2,2
4,10,5,47,0.2,2,1,2,2,1,317.4,0,5,1,1,2,2,14,1,1,1,1
4,10,5,48,0.05,2,2,2,2,1,461.93,0,5,3,1,2,2,7,3,1,2,2
4,10,5,49,0.4,3,2,2,2,1,252.7,1,19,1,1,3,3,14,1,3,2,2
4,10,5,50,0.1,2,1,2,2,1,288.98,1,14,3,1,2,2,12,3,1,3,1
4,10,5,51,0.1,2,2,2,1,0,272.51,1,12,1,1,2,2,8,3,3,2,2
4,10,5,52,0.1,1,3,1,1,1,268.29,1,3,3,3,3,3,5,1,3,3,1
4,10,5,53,0.2,1,1,1,1,1,198.32,1,10,1,1,1,1,9,1,3,1,3
4,10,5,54,0.8,1,2,1,1,1,246.49,1,15,3,1,3,1,5,3,1,2,2
4,10,5,55,0.2,3,1,2,2,1,212.59,1,8,3,3,1,1,13,1,1,1,1
4,10,5,56,0.05,3,3,2,2,1,322.2,0,17,1,1,3,3,9,1,3,3,1
4,10,5,57,0.05,1,2,1,1,1,355.57,0,17,3,3,3,3,2,1,1,2,2
4,10,5,58,0.4,1,1,1,1,1,259.68,1,14,1,1,1,1,19,3,3,3,3
4,10,5,59,0.2,3,1,2,1,0,193.83,1,12,1,1,3,3,3,3,1,3,1
4,10,5,60,1.8,1,3,NaN,NaN,NaN,NaN,NaN,8,1,1,1,1,15,3,3,1,1
4,10,5,61,0.05,3,1,2,2,1,327.82,0,2,3,1,1,3,16,1,1,1,1
4,10,5,62,0.8,1,1,1,1,1,238.75,1,1,1,1,1,1,17,1,3,1,3
4,10,5,63,0.2,3,2,2,2,1,241.35,1,16,3,1,1,3,19,3,1,2,2
4,10,5,64,0.05,1,1,1,1,1,316.73,0,2,3,1,3,1,6,3,3,3,3
4,10,5,65,0.4,3,2,2,2,1,248.95,1,11,1,3,3,1,1,1,1,2,2
4,10,5,66,0.1,3,1,2,2,1,293.01,1,13,1,3,3,1,16,1,1,1,1
4,10,5,67,0.8,1,1,1,1,1,246.02,1,14,3,3,3,3,1,3,3,3,3
4,10,5,68,0.2,1,3,1,1,1,224.67,1,10,1,1,1,1,3,3,1,1,3
4,10,5,69,0.1,2,1,2,2,1,308.77,0,16,1,3,2,2,5,3,1,3,1
4,10,5,70,0.1,1,1,1,1,1,197.52,1,10,1,1,1,1,17,3,1,3,1
4,10,5,71,0.1,3,2,2,2,1,381.22,0,10,1,1,3,3,2,1,1,2,2
4,10,5,72,0.05,1,1,1,1,1,270.23,1,12,1,1,1,1,14,3,1,3,1
4,10,5,73,0.2,1,1,1,1,1,244.62,1,2,3,3,3,3,8,1,3,1,3
4,10,5,74,1.8,1,1,1,1,1,247.69,1,9,1,3,1,3,3,3,1,3,1
4,10,5,75,1.8,3,2,2,2,1,305.25,0,3,3,3,1,1,14,3,3,2,2
4,10,5,76,0.8,2,3,2,1,0,245.85,1,7,1,3,2,2,15,3,1,1,3
4,10,5,77,0.05,3,2,2,2,1,279.81,1,5,3,3,1,1,5,3,1,2,2
4,10,5,78,0.8,1,3,1,1,1,253.78,1,13,3,3,3,3,4,3,3,1,1
4,10,6,1,0.1,1,1,1,1,1,254.15,1,16,3,1,3,1,1,3,3,3,3
4,10,6,2,0.2,2,2,2,2,1,263.17,1,13,1,3,2,2,19,3,1,2,2
4,10,6,3,1.8,1,1,1,1,1,265.71,1,7,3,1,3,1,11,1,3,1,3
4,10,6,4,0.2,3,2,2,2,1,251.12,1,14,3,1,1,3,15,3,3,2,2
4,10,6,5,0.05,1,3,1,1,1,269.06,1,16,3,1,3,1,2,1,1,3,3
4,10,6,6,0.05,1,1,1,1,1,288.05,1,5,3,1,3,1,8,1,1,1,1
4,10,6,7,0.1,3,1,2,2,1,239.5,1,16,1,3,3,1,16,3,3,3,3
4,10,6,8,1.8,2,2,2,2,1,232.51,1,15,1,1,2,2,13,3,3,2,2
4,10,6,9,0.8,1,2,1,1,1,271.2,1,17,3,1,3,1,14,3,3,2,2
4,10,6,10,0.2,1,2,1,1,1,223.79,1,8,3,3,3,3,12,1,1,2,2
4,10,6,11,0.8,2,1,2,2,1,292.91,1,13,1,1,2,2,4,1,1,1,1
4,10,6,12,1.8,2,2,2,2,1,229.26,1,7,3,1,2,2,13,1,1,2,2
4,10,6,13,0.8,1,1,1,2,0,275.45,1,20,3,1,3,1,11,3,1,3,1
4,10,6,14,1.8,2,3,2,2,1,217.62,1,19,3,3,2,2,3,1,3,3,1
4,10,6,15,0.2,2,1,2,2,1,237.36,1,17,3,1,2,2,8,1,3,1,3
4,10,6,16,0.2,1,3,1,2,0,289.4,1,4,3,1,3,1,5,3,3,1,1
4,10,6,17,0.2,1,1,1,1,1,287.71,1,15,1,1,1,1,17,1,1,1,1
4,10,6,18,0.8,1,1,1,2,0,258.09,1,11,3,1,3,1,9,1,3,1,3
4,10,6,19,0.05,1,1,1,1,1,319.94,0,2,3,3,3,3,9,3,3,3,3
4,10,6,20,0.2,1,3,1,1,1,265.47,1,18,1,1,1,1,19,3,1,1,3
4,10,6,21,0.05,1,3,1,1,1,344.14,0,9,3,1,3,1,17,3,3,1,1
4,10,6,22,0.1,3,3,2,2,1,288.68,1,5,1,1,3,3,7,3,1,1,3
4,10,6,23,0.1,2,3,2,2,1,354.92,0,16,1,1,2,2,7,1,3,3,1
4,10,6,24,0.05,1,2,1,1,1,328.3,0,17,1,3,1,3,14,1,3,2,2
4,10,6,25,0.4,1,3,1,1,1,238.12,1,15,3,3,3,3,11,3,3,1,1
4,10,6,26,1.8,1,2,1,1,1,271.47,1,5,1,3,1,3,12,1,3,2,2
4,10,6,27,0.8,2,1,2,2,1,240.88,1,5,1,1,2,2,12,3,1,3,1
4,10,6,28,0.4,3,3,2,2,1,277.42,1,4,3,3,1,1,19,3,3,1,1
4,10,6,29,0.2,3,1,2,2,1,294.78,1,18,3,3,1,1,16,1,1,1,1
4,10,6,30,0.05,2,3,2,2,1,361.96,0,2,1,1,2,2,10,1,1,3,3
4,10,6,31,0.4,1,3,1,1,1,252.44,1,13,1,3,1,3,9,1,1,3,3
4,10,6,32,0.4,1,3,1,1,1,213.07,1,9,3,3,3,3,6,1,1,3,3
4,10,6,33,0.4,2,2,2,2,1,257.92,1,2,3,1,2,2,18,3,3,2,2
4,10,6,34,0.05,3,3,2,2,1,476.66,0,2,1,3,3,1,6,1,3,3,1
4,10,6,35,0.8,1,1,1,1,1,246.54,1,12,3,3,3,3,8,1,1,1,1
4,10,6,36,0.1,2,1,2,2,1,365.67,0,1,3,1,2,2,5,3,1,3,1
4,10,6,37,0.05,1,1,1,1,1,285.21,1,6,1,3,1,3,8,3,1,3,1
4,10,6,38,0.8,2,1,2,2,1,245.75,1,3,3,1,2,2,14,1,1,1,1
4,10,6,39,0.4,1,3,1,1,1,265.98,1,12,3,3,3,3,13,1,1,3,3
4,10,6,40,0.05,1,2,1,1,1,347.56,0,13,3,3,3,3,14,1,3,2,2
4,10,6,41,1.8,3,1,2,2,1,258.03,1,19,1,3,3,1,2,3,1,3,1
4,10,6,42,0.8,3,2,NaN,NaN,NaN,NaN,NaN,6,1,3,3,1,18,3,3,2,2
4,10,6,43,0.4,1,3,1,2,0,263.78,1,9,1,3,1,3,8,3,3,1,1
4,10,6,44,0.1,1,1,1,1,1,271.03,1,17,3,3,3,3,14,1,3,1,3
4,10,6,45,0.1,1,3,1,1,1,309.46,0,10,3,3,3,3,16,3,3,1,1
4,10,6,46,0.2,3,3,2,2,1,254.74,1,7,1,3,3,1,13,3,3,1,1
4,10,6,47,0.8,3,2,2,2,1,253.92,1,15,3,3,1,1,4,1,3,2,2
4,10,6,48,0.2,3,3,2,2,1,269.96,1,8,3,3,1,1,10,3,1,1,3
4,10,6,49,1.8,1,1,1,1,1,307.69,0,19,1,3,1,3,1,3,3,3,3
4,10,6,50,0.05,1,2,1,1,1,334.1,0,6,1,3,1,3,16,3,3,2,2
4,10,6,51,0.1,1,1,1,1,1,344.28,0,16,1,3,1,3,3,1,3,1,3
4,10,6,52,1.8,1,3,1,1,1,241.05,1,20,1,1,1,1,13,1,1,3,3
4,10,6,53,0.4,1,3,1,1,1,259.35,1,12,3,1,3,1,16,1,3,3,1
4,10,6,54,0.1,1,2,1,1,1,249.51,1,19,3,1,3,1,13,1,3,2,2
4,10,6,55,1.8,2,1,2,1,0,260.75,1,4,1,1,2,2,17,3,3,3,3
4,10,6,56,0.4,2,2,2,1,0,245.63,1,20,1,3,2,2,15,3,1,2,2
4,10,6,57,1.8,2,1,2,2,1,241.98,1,2,3,3,2,2,5,3,1,3,1
4,10,6,58,1.8,2,2,2,2,1,252.51,1,10,3,1,2,2,18,1,1,2,2
4,10,6,59,0.4,2,2,2,2,1,269.84,1,3,1,1,2,2,6,1,3,2,2
4,10,6,60,0.8,2,1,2,2,1,265.85,1,1,1,3,2,2,13,3,3,3,3
4,10,6,61,0.2,2,1,2,2,1,271.62,1,2,3,1,2,2,1,1,1,1,1
4,10,6,62,0.1,1,3,1,1,1,306.5,0,11,1,3,1,3,18,3,1,1,3
4,10,6,63,0.2,1,2,1,1,1,222.72,1,9,3,1,3,1,15,1,1,2,2
4,10,6,64,0.8,3,2,2,2,1,264.99,1,12,1,3,3,1,13,3,1,2,2
4,10,6,65,1.8,3,3,2,2,1,248.8,1,15,1,3,3,1,5,3,1,1,3
4,10,6,66,0.4,2,2,2,2,1,257.82,1,20,3,1,2,2,11,1,1,2,2
4,10,6,67,0.05,3,3,2,2,1,336.63,0,13,3,3,1,1,9,1,3,3,1
4,10,6,68,0.4,2,1,2,1,0,286.55,1,6,1,3,2,2,14,3,3,3,3
4,10,6,69,0.2,3,3,2,2,1,255.35,1,11,3,3,1,1,5,1,1,3,3
4,10,6,70,0.8,3,2,2,2,1,251.72,1,13,3,1,1,3,11,3,1,2,2
4,10,6,71,1.8,2,1,2,1,0,240.25,1,14,3,3,2,2,3,1,1,1,1
4,10,6,72,0.1,1,3,1,1,1,305.76,0,20,3,1,3,1,8,3,3,1,1
4,10,6,73,0.4,1,3,1,1,1,274.41,1,1,3,1,3,1,7,1,1,3,3
4,10,6,74,0.05,1,3,NaN,NaN,NaN,NaN,NaN,20,3,1,3,1,3,3,1,1,3
4,10,6,75,0.05,3,3,2,2,1,521.94,0,3,3,3,1,1,1,1,3,3,1
4,10,6,76,0.8,3,3,2,2,1,275.92,1,6,1,3,3,1,4,3,1,1,3
4,10,6,77,0.1,3,1,2,2,1,316.6,0,13,3,3,1,1,6,1,1,1,1
4,10,6,78,0.1,1,1,1,1,1,263.09,1,17,1,1,1,1,20,3,3,3,3
4,10,7,1,1.8,1,3,1,1,1,243.66,1,11,3,3,3,3,12,1,1,3,3
4,10,7,2,0.1,1,2,1,1,1,256.43,1,1,1,3,1,3,12,3,3,2,2
4,10,7,3,0.1,2,1,2,2,1,321.68,0,14,3,1,2,2,20,1,1,1,1
4,10,7,4,0.8,3,2,2,2,1,230.39,1,2,3,1,1,3,20,3,1,2,2
4,10,7,5,0.2,1,1,1,1,1,201.61,1,5,1,3,1,3,15,1,1,1,1
4,10,7,6,0.2,1,3,1,1,1,213.8,1,14,3,3,3,3,12,3,1,1,3
4,10,7,7,0.1,1,3,1,1,1,244.42,1,12,1,3,1,3,8,1,1,3,3
4,10,7,8,0.4,3,3,2,2,1,263.09,1,7,3,1,1,3,2,1,3,3,1
4,10,7,9,1.8,3,1,2,2,1,247.92,1,7,3,1,1,3,9,3,1,3,1
4,10,7,10,0.2,2,1,2,2,1,264.83,1,13,1,3,2,2,2,1,3,1,3
4,10,7,11,0.05,1,2,1,1,1,291.41,1,17,1,3,1,3,1,3,1,2,2
4,10,7,12,0.05,1,3,1,1,1,326.64,0,19,3,1,3,1,17,1,1,3,3
4,10,7,13,0.1,1,2,1,1,1,296.4,1,4,1,1,1,1,3,1,1,2,2
4,10,7,14,1.8,1,1,1,2,0,250.1,1,2,3,1,3,1,18,1,3,1,3
4,10,7,15,0.8,3,3,2,2,1,265.02,1,1,1,3,3,1,4,1,1,3,3
4,10,7,16,0.1,1,3,1,1,1,255.65,1,6,1,3,1,3,4,1,1,3,3
4,10,7,17,0.2,1,3,1,1,1,188.69,1,12,1,1,1,1,17,1,3,3,1
4,10,7,18,0.4,3,2,2,2,1,271.17,1,14,3,3,1,1,13,1,1,2,2
4,10,7,19,0.1,2,3,2,2,1,551.45,0,17,3,3,2,2,3,1,3,3,1
4,10,7,20,1.8,2,2,2,2,1,260.38,1,14,1,3,2,2,11,3,1,2,2
4,10,7,21,0.05,3,1,2,2,1,408.17,0,2,3,3,1,1,3,3,3,3,3
4,10,7,22,0.8,2,1,2,2,1,248.39,1,2,3,1,2,2,11,3,1,3,1
4,10,7,23,0.2,2,1,2,2,1,241.29,1,14,3,1,2,2,11,3,3,3,3
4,10,7,24,0.2,3,2,2,2,1,226.44,1,9,3,1,1,3,8,1,3,2,2
4,10,7,25,0.2,3,1,2,2,1,255.29,1,20,3,3,1,1,13,1,1,1,1
4,10,7,26,1.8,2,3,2,2,1,234.13,1,18,1,1,2,2,14,3,1,1,3
4,10,7,27,0.2,1,2,1,1,1,236.3,1,3,1,1,1,1,5,3,1,2,2
4,10,7,28,0.2,3,3,2,2,1,262.72,1,14,3,3,1,1,15,3,1,1,3
4,10,7,29,0.4,1,3,1,1,1,240.45,1,15,3,1,3,1,9,1,1,3,3
4,10,7,30,0.4,2,1,2,2,1,230.59,1,13,1,3,2,2,10,3,3,3,3
4,10,7,31,0.1,1,1,1,1,1,257.7,1,18,3,1,3,1,5,3,3,3,3
4,10,7,32,0.8,1,1,NaN,NaN,NaN,NaN,NaN,20,1,3,1,3,7,3,1,3,1
4,10,7,33,0.1,1,1,1,1,1,250.75,1,20,1,3,1,3,6,1,3,1,3
4,10,7,34,0.8,1,3,1,1,1,247.39,1,4,3,1,3,1,18,1,1,3,3
4,10,7,35,0.8,1,1,1,1,1,242.26,1,18,3,3,3,3,20,3,3,3,3
4,10,7,36,0.4,3,3,2,2,1,249.49,1,13,3,1,1,3,6,3,1,1,3
4,10,7,37,0.05,2,1,2,2,1,339.86,0,19,3,1,2,2,7,3,1,3,1
4,10,7,38,0.05,1,2,1,1,1,371.39,0,4,1,1,1,1,14,3,3,2,2
4,10,7,39,0.05,1,3,1,1,1,249.05,1,1,1,1,1,1,7,3,1,1,3
4,10,7,40,1.8,3,3,2,2,1,241.08,1,5,1,3,3,1,8,1,3,3,1
4,10,7,41,0.05,3,3,2,2,1,297.2,1,8,1,1,3,3,12,3,1,1,3
4,10,7,42,0.4,1,2,1,1,1,235.2,1,6,3,1,3,1,9,1,3,2,2
4,10,7,43,0.1,1,2,1,1,1,240.82,1,19,1,1,1,1,5,3,1,2,2
4,10,7,44,0.8,2,1,2,2,1,220.32,1,13,1,1,2,2,4,3,3,3,3
4,10,7,45,0.4,2,2,2,1,0,249.78,1,6,3,1,2,2,1,1,1,2,2
4,10,7,46,0.8,1,1,1,1,1,250.34,1,13,3,3,3,3,20,3,3,3,3
4,10,7,47,1.8,2,2,2,2,1,266.1,1,6,1,3,2,2,5,3,1,2,2
4,10,7,48,0.8,3,2,2,2,1,253,1,20,1,3,3,1,20,1,1,2,2
4,10,7,49,0.8,1,2,1,2,0,260.39,1,1,3,3,3,3,7,1,3,2,2
4,10,7,50,1.8,2,3,2,1,0,251.28,1,11,1,3,2,2,20,3,3,1,1
4,10,7,51,0.05,1,2,1,1,1,287.12,1,10,1,3,1,3,3,1,3,2,2
4,10,7,52,0.05,3,3,2,2,1,307.27,0,1,1,3,3,1,18,1,3,3,1
4,10,7,53,0.1,3,2,2,1,0,233.59,1,4,1,1,3,3,20,3,1,2,2
4,10,7,54,0.2,2,3,2,2,1,267.93,1,17,1,3,2,2,6,3,3,1,1
4,10,7,55,0.1,3,3,2,2,1,291.5,1,5,1,1,3,3,14,1,3,3,1
4,10,7,56,0.4,3,3,2,2,1,42.167,2,2,1,1,3,3,2,1,3,3,1
4,10,7,57,0.05,1,2,1,1,1,327.73,0,10,1,3,1,3,16,1,3,2,2
4,10,7,58,0.05,2,1,2,2,1,327.84,0,4,1,1,2,2,1,1,1,1,1
4,10,7,59,1.8,1,3,1,1,1,273.15,1,12,1,1,1,1,14,1,3,3,1
4,10,7,60,0.4,3,3,2,2,1,244.17,1,8,1,1,3,3,4,3,1,1,3
4,10,7,61,0.2,1,2,1,1,1,248.69,1,5,1,3,1,3,3,1,1,2,2
4,10,7,62,0.05,2,2,2,2,1,359.09,0,5,1,3,2,2,16,1,1,2,2
4,10,7,63,0.4,3,3,2,2,1,262.33,1,5,1,1,3,3,6,3,1,1,3
4,10,7,64,0.2,3,1,2,2,1,267.54,1,20,3,1,1,3,5,3,3,3,3
4,10,7,65,0.05,1,2,1,1,1,304.4,0,4,1,1,1,1,16,3,3,2,2
4,10,7,66,0.4,2,1,2,1,0,257.03,1,15,1,1,2,2,18,1,1,1,1
4,10,7,67,0.2,3,2,2,2,1,283.45,1,15,3,1,1,3,10,1,3,2,2
4,10,7,68,1.8,1,2,1,1,1,227.57,1,15,3,1,3,1,4,1,1,2,2
4,10,7,69,0.8,1,1,1,1,1,215.78,1,17,3,3,3,3,11,1,3,1,3
4,10,7,70,0.4,2,1,2,1,0,216.68,1,9,1,1,2,2,11,3,3,3,3
4,10,7,71,1.8,1,1,1,1,1,251.95,1,10,1,3,1,3,4,1,3,1,3
4,10,7,72,0.8,1,1,1,1,1,232.72,1,20,1,3,1,3,12,3,3,3,3
4,10,7,73,0.1,1,2,1,1,1,302.96,0,8,1,3,1,3,4,1,3,2,2
4,10,7,74,1.8,1,1,1,1,1,234.88,1,6,3,3,3,3,8,1,3,1,3
4,10,7,75,0.1,1,1,1,1,1,235.52,1,18,1,1,1,1,19,3,3,3,3
4,10,7,76,0.8,2,2,2,2,1,234.24,1,17,1,1,2,2,15,3,3,2,2
4,10,7,77,0.4,3,3,2,2,1,254.7,1,12,1,3,3,1,4,1,3,3,1
4,10,7,78,1.8,2,2,2,2,1,247.65,1,1,3,3,2,2,10,3,1,2,2
4,10,8,1,0.05,1,1,1,1,1,379.95,0,4,3,3,3,3,13,1,3,1,3
4,10,8,2,0.2,1,3,1,1,1,239.68,1,11,1,3,1,3,11,3,1,1,3
4,10,8,3,0.8,3,2,2,2,1,469.62,0,8,3,1,1,3,7,1,1,2,2
4,10,8,4,1.8,3,3,2,2,1,232.05,1,1,3,3,1,1,3,3,1,1,3
4,10,8,5,0.2,2,1,2,1,0,229.7,1,12,3,3,2,2,4,3,1,3,1
4,10,8,6,1.8,2,2,2,2,1,256.93,1,19,1,1,2,2,7,1,3,2,2
4,10,8,7,0.05,3,3,2,2,1,364.41,0,8,1,1,3,3,19,1,3,3,1
4,10,8,8,0.05,2,1,2,2,1,341.11,0,16,1,1,2,2,13,1,1,1,1
4,10,8,9,0.1,3,3,2,2,1,330.34,0,9,1,1,3,3,20,1,1,3,3
4,10,8,10,0.2,3,3,2,2,1,241.7,1,3,1,1,3,3,1,3,1,1,3
4,10,8,11,0.4,3,3,2,2,1,246.88,1,11,3,3,1,1,5,1,3,3,1
4,10,8,12,0.05,2,3,2,2,1,346.76,0,3,1,1,2,2,11,1,3,3,1
4,10,8,13,1.8,1,2,1,1,1,263.55,1,14,1,1,1,1,13,3,1,2,2
4,10,8,14,0.8,1,1,1,1,1,233.93,1,20,3,3,3,3,13,1,3,1,3
4,10,8,15,0.8,2,2,2,2,1,256.16,1,3,3,3,2,2,9,3,1,2,2
4,10,8,16,0.2,1,3,1,1,1,328.9,0,16,3,1,3,1,8,3,3,1,1
4,10,8,17,0.2,1,3,1,1,1,221,1,7,3,3,3,3,2,1,3,3,1
4,10,8,18,1.8,2,3,2,2,1,250.76,1,15,1,1,2,2,1,1,3,3,1
4,10,8,19,0.8,2,2,2,2,1,242.64,1,4,1,1,2,2,2,1,1,2,2
4,10,8,20,0.2,3,1,2,1,0,223.76,1,10,1,1,3,3,18,1,3,1,3
4,10,8,21,0.4,1,1,1,1,1,258.72,1,7,1,3,1,3,6,1,3,1,3
4,10,8,22,0.1,3,1,2,2,1,310.52,0,16,1,3,3,1,19,3,1,3,1
4,10,8,23,0.8,3,3,NaN,NaN,NaN,NaN,NaN,19,1,3,3,1,17,1,3,3,1
4,10,8,24,0.05,3,3,2,2,1,311.51,0,13,1,3,3,1,4,1,3,3,1
4,10,8,25,0.1,3,1,2,2,1,302.56,0,13,1,1,3,3,19,1,3,1,3
4,10,8,26,0.1,1,1,1,1,1,288.78,1,9,3,1,3,1,20,3,3,3,3
4,10,8,27,0.8,1,3,1,1,1,236.36,1,6,1,1,1,1,7,3,1,1,3
4,10,8,28,0.8,3,3,2,2,1,250.12,1,10,1,3,3,1,1,3,3,1,1
4,10,8,29,0.05,1,1,1,1,1,239.25,1,18,3,1,3,1,9,1,3,1,3
4,10,8,30,0.2,1,3,1,1,1,245.11,1,1,1,1,1,1,3,1,1,3,3
4,10,8,31,1.8,1,1,1,1,1,243.43,1,10,1,1,1,1,14,3,1,3,1
4,10,8,32,0.1,2,1,2,2,1,458.88,0,17,1,1,2,2,4,3,3,3,3
4,10,8,33,0.05,3,3,2,2,1,368.93,0,5,3,1,1,3,14,3,1,1,3
4,10,8,34,0.4,2,3,2,2,1,253.3,1,15,3,1,2,2,20,1,1,3,3
4,10,8,35,0.1,2,3,2,1,0,256.25,1,7,3,3,2,2,6,1,1,3,3
4,10,8,36,1.8,3,2,2,2,1,259.56,1,16,3,1,1,3,17,1,3,2,2
4,10,8,37,0.4,1,3,1,1,1,230.6,1,3,1,1,1,1,4,1,3,3,1
4,10,8,38,0.4,1,2,1,1,1,121.45,1,7,1,1,1,1,1,1,3,2,2
4,10,8,39,0.2,2,1,2,1,0,335.63,0,1,1,3,2,2,9,1,3,1,3
4,10,8,40,0.1,3,2,2,2,1,333.65,0,4,3,1,1,3,1,3,3,2,2
4,10,8,41,0.8,2,3,NaN,NaN,NaN,NaN,NaN,18,1,3,2,2,6,1,1,3,3
4,10,8,42,0.05,2,1,2,1,0,379.56,0,9,3,3,2,2,1,1,3,1,3
4,10,8,43,0.4,2,3,2,2,1,235.72,1,19,1,3,2,2,20,3,3,1,1
4,10,8,44,0.1,1,2,1,1,1,281.09,1,6,3,3,3,3,16,1,1,2,2
4,10,8,45,0.2,3,2,2,2,1,246.22,1,14,1,1,3,3,1,3,3,2,2
4,10,8,46,0.1,1,3,1,1,1,276.07,1,12,3,3,3,3,17,3,3,1,1
4,10,8,47,0.4,1,1,NaN,NaN,NaN,NaN,NaN,19,3,1,3,1,13,3,1,3,1
4,10,8,48,0.8,3,2,2,2,1,255.94,1,5,1,1,3,3,18,1,1,2,2
4,10,8,49,0.4,1,2,1,1,1,29.989,2,11,1,3,1,3,17,1,3,2,2
4,10,8,50,0.4,3,1,2,2,1,244.47,1,18,3,3,1,1,18,3,3,3,3
4,10,8,51,0.1,1,1,1,1,1,288.4,1,10,1,1,1,1,14,1,3,1,3
4,10,8,52,0.05,2,2,2,2,1,530.11,0,17,1,3,2,2,6,3,1,2,2
4,10,8,53,0.2,1,3,1,1,1,207.08,1,8,1,1,1,1,4,3,1,1,3
4,10,8,54,0.4,3,1,2,2,1,248.69,1,20,3,1,1,3,2,3,3,3,3
4,10,8,55,1.8,1,2,1,1,1,246.59,1,3,3,3,3,3,20,1,3,2,2
4,10,8,56,0.1,3,1,2,2,1,321.52,0,16,1,3,3,1,15,1,3,1,3
4,10,8,57,0.8,2,2,2,2,1,259.42,1,13,1,1,2,2,10,1,3,2,2
4,10,8,58,1.8,1,3,1,1,1,260.75,1,8,1,1,1,1,13,1,3,3,1
4,10,8,59,0.05,1,3,1,1,1,312.75,0,12,3,3,3,3,2,3,3,1,1
4,10,8,60,0.2,3,3,2,2,1,254.18,1,5,3,3,1,1,9,3,3,1,1
4,10,8,61,0.4,3,3,2,2,1,250.78,1,8,1,1,3,3,18,1,1,3,3
4,10,8,62,0.2,1,3,1,1,1,246.68,1,4,1,1,1,1,11,3,3,1,1
4,10,8,63,0.05,1,1,1,1,1,333.49,0,10,1,3,1,3,6,1,1,1,1
4,10,8,64,0.8,3,2,2,2,1,248.19,1,7,3,3,1,1,20,1,3,2,2
4,10,8,65,1.8,3,3,2,2,1,265.45,1,20,1,1,3,3,17,3,3,1,1
4,10,8,66,1.8,2,1,2,1,0,247.89,1,7,3,1,2,2,4,1,1,1,1
4,10,8,67,1.8,1,1,1,1,1,235.73,1,2,1,3,1,3,12,3,3,3,3
4,10,8,68,0.4,1,1,1,1,1,258.81,1,5,3,3,3,3,17,1,1,1,1
4,10,8,69,0.05,1,3,1,1,1,283.47,1,3,3,3,3,3,12,3,3,1,1
4,10,8,70,0.05,2,3,2,2,1,366.07,0,17,1,1,2,2,4,1,3,3,1
4,10,8,71,0.8,2,2,2,2,1,259.75,1,14,3,1,2,2,2,3,3,2,2
4,10,8,72,0.4,1,2,1,1,1,234.86,1,5,3,3,3,3,9,3,3,2,2
4,10,8,73,0.1,1,1,1,1,1,237.74,1,7,1,1,1,1,19,1,1,1,1
4,10,8,74,0.1,2,1,2,2,1,416.34,0,3,1,3,2,2,2,3,1,3,1
4,10,8,75,1.8,3,1,2,2,1,231.34,1,4,3,1,1,3,18,1,1,1,1
4,10,8,76,0.8,1,2,1,1,1,246.88,1,11,1,1,1,1,19,3,3,2,2
4,10,8,77,0.2,2,2,2,2,1,337.75,0,6,1,3,2,2,9,3,3,2,2
4,10,8,78,1.8,1,1,1,1,1,225.75,1,15,1,1,1,1,11,1,3,1,3
4,10,9,1,0.05,2,1,2,1,0,265.7,1,14,1,3,2,2,2,3,1,3,1
4,10,9,2,0.4,1,3,1,1,1,225.95,1,5,1,1,1,1,3,3,3,1,1
4,10,9,3,0.8,1,1,1,1,1,229.54,1,18,3,1,3,1,19,1,1,1,1
4,10,9,4,0.1,3,2,2,2,1,283.99,1,19,1,1,3,3,17,1,3,2,2
4,10,9,5,0.8,1,3,1,1,1,257.69,1,14,1,3,1,3,5,3,3,1,1
4,10,9,6,0.1,3,1,2,2,1,272.99,1,17,3,1,1,3,7,1,3,1,3
4,10,9,7,0.2,1,3,1,1,1,201.31,1,12,1,1,1,1,11,1,3,3,1
4,10,9,8,0.1,1,1,1,1,1,273.99,1,17,1,3,1,3,7,1,3,1,3
4,10,9,9,0.05,1,3,1,1,1,300.9,0,5,3,3,3,3,1,1,3,3,1
4,10,9,10,0.1,2,2,2,1,0,244.39,1,7,3,1,2,2,2,1,3,2,2
4,10,9,11,0.8,3,2,2,2,1,245.81,1,13,1,3,3,1,3,1,1,2,2
4,10,9,12,0.4,1,1,1,1,1,242.55,1,2,1,1,1,1,5,3,3,3,3
4,10,9,13,1.8,3,2,2,2,1,247.2,1,16,1,3,3,1,4,1,3,2,2
4,10,9,14,0.8,1,1,1,1,1,284.38,1,18,1,3,1,3,15,1,1,1,1
4,10,9,15,0.05,2,3,2,2,1,397.53,0,17,1,1,2,2,12,3,1,1,3
4,10,9,16,1.8,1,3,1,2,0,306.75,0,20,1,3,1,3,13,1,3,3,1
4,10,9,17,0.2,2,1,2,1,0,267.21,1,12,3,3,2,2,15,1,3,1,3
4,10,9,18,0.05,3,1,2,2,1,345.33,0,5,1,3,3,1,9,3,1,3,1
4,10,9,19,1.8,1,1,1,1,1,252.77,1,19,3,3,3,3,1,3,3,3,3
4,10,9,20,0.05,3,1,2,2,1,349.18,0,5,3,1,1,3,1,1,1,1,1
4,10,9,21,0.8,2,2,2,2,1,250.71,1,9,1,3,2,2,12,1,3,2,2
4,10,9,22,0.4,2,2,2,2,1,271.77,1,3,1,1,2,2,20,3,3,2,2
4,10,9,23,0.8,2,3,2,2,1,241.86,1,16,1,1,2,2,19,1,3,3,1
4,10,9,24,0.2,3,3,2,2,1,253.46,1,13,3,3,1,1,7,3,1,1,3
4,10,9,25,0.05,1,1,1,1,1,311.6,0,2,1,1,1,1,20,3,3,3,3
4,10,9,26,0.8,3,2,2,2,1,262.8,1,4,3,1,1,3,5,1,1,2,2
4,10,9,27,0.8,2,1,2,2,1,256.22,1,14,1,3,2,2,5,1,3,1,3
4,10,9,28,0.1,1,1,1,1,1,267.96,1,20,1,1,1,1,20,1,3,1,3
4,10,9,29,0.05,1,2,1,1,1,281.81,1,12,3,3,3,3,5,1,3,2,2
4,10,9,30,0.4,2,3,2,2,1,279.47,1,2,3,1,2,2,5,3,3,1,1
4,10,9,31,0.4,2,3,2,2,1,338.03,0,9,1,3,2,2,15,1,1,3,3
4,10,9,32,0.4,3,1,2,2,1,255.94,1,2,3,1,1,3,10,3,1,3,1
4,10,9,33,1.8,2,1,2,1,0,240.52,1,16,1,3,2,2,11,3,1,3,1
4,10,9,34,0.1,1,1,1,1,1,249.01,1,5,3,1,3,1,8,3,1,3,1
4,10,9,35,0.4,3,3,2,2,1,220.22,1,15,1,1,3,3,1,1,1,3,3
4,10,9,36,0.2,2,2,2,1,0,204.26,1,5,3,1,2,2,11,3,3,2,2
4,10,9,37,1.8,1,2,1,1,1,232.5,1,10,3,1,3,1,18,1,3,2,2
4,10,9,38,0.1,1,2,1,1,1,293.15,1,6,3,3,3,3,3,1,3,2,2
4,10,9,39,0.2,1,1,1,1,1,219.09,1,15,1,1,1,1,19,1,1,1,1
4,10,9,40,0.2,1,2,1,1,1,250.71,1,17,3,1,3,1,2,1,3,2,2
4,10,9,41,0.8,2,1,2,2,1,212.41,1,3,3,3,2,2,3,1,1,1,1
4,10,9,42,0.05,1,2,1,1,1,256.74,1,10,1,3,1,3,20,1,1,2,2
4,10,9,43,0.4,1,2,1,1,1,217.93,1,8,3,1,3,1,6,3,3,2,2
4,10,9,44,0.2,3,1,2,2,1,219.41,1,4,3,1,1,3,3,1,3,1,3
4,10,9,45,0.1,3,2,2,1,0,247.28,1,7,3,3,1,1,15,1,3,2,2
4,10,9,46,0.1,1,1,1,1,1,244.56,1,20,3,1,3,1,20,1,3,1,3
4,10,9,47,0.8,2,1,2,2,1,251.33,1,3,1,1,2,2,18,3,1,3,1
4,10,9,48,0.1,1,3,1,1,1,256.41,1,8,1,1,1,1,18,1,3,3,1
4,10,9,49,0.4,1,3,1,1,1,255.05,1,5,1,1,1,1,7,3,3,1,1
4,10,9,50,0.05,2,3,2,1,0,384.29,0,19,3,1,2,2,3,1,3,3,1
4,10,9,51,0.2,3,3,2,2,1,248.3,1,20,1,1,3,3,7,1,3,3,1
4,10,9,52,0.4,3,1,2,2,1,288.73,1,5,1,3,3,1,2,1,1,1,1
4,10,9,53,0.2,1,3,1,1,1,284.25,1,4,3,1,3,1,7,1,1,3,3
4,10,9,54,0.2,1,1,1,1,1,245.54,1,3,1,1,1,1,8,1,1,1,1
4,10,9,55,1.8,2,1,2,2,1,247.06,1,9,3,3,2,2,14,3,1,3,1
4,10,9,56,0.05,2,3,2,2,1,429.38,0,14,3,3,2,2,6,3,1,1,3
4,10,9,57,0.2,3,1,2,2,1,252.17,1,9,3,3,1,1,11,1,1,1,1
4,10,9,58,0.05,3,3,2,2,1,346.88,0,4,1,1,3,3,7,1,3,3,1
4,10,9,59,0.1,3,3,2,2,1,277.14,1,6,1,3,3,1,14,3,3,1,1
4,10,9,60,1.8,1,2,1,1,1,252.34,1,18,3,1,3,1,20,1,3,2,2
4,10,9,61,0.8,1,2,1,1,1,202.44,1,20,1,1,1,1,11,1,3,2,2
4,10,9,62,1.8,2,1,2,2,1,247.53,1,20,1,3,2,2,6,1,1,1,1
4,10,9,63,0.2,1,2,1,1,1,225.93,1,17,1,1,1,1,3,3,1,2,2
4,10,9,64,1.8,3,2,2,2,1,251.17,1,8,3,3,1,1,2,1,1,2,2
4,10,9,65,0.8,1,3,1,1,1,233.7,1,6,3,3,3,3,8,1,3,3,1
4,10,9,66,1.8,3,3,2,2,1,487,0,8,1,3,3,1,5,1,3,3,1
4,10,9,67,0.05,1,3,1,1,1,304.25,0,8,3,1,3,1,20,3,3,1,1
4,10,9,68,0.1,1,3,1,1,1,253.46,1,12,3,3,3,3,10,3,3,1,1
4,10,9,69,1.8,3,2,2,2,1,261.57,1,14,3,1,1,3,12,1,3,2,2
4,10,9,70,0.1,1,2,1,1,1,229.59,1,13,1,1,1,1,4,3,3,2,2
4,10,9,71,0.4,1,2,1,1,1,214.41,1,7,1,3,1,3,12,1,3,2,2
4,10,9,72,0.2,1,3,1,1,1,263.72,1,15,1,1,1,1,5,3,3,1,1
4,10,9,73,1.8,1,3,NaN,NaN,NaN,NaN,NaN,14,3,1,3,1,3,3,3,1,1
4,10,9,74,0.4,1,3,1,1,1,195.87,1,13,1,3,1,3,9,1,3,3,1
4,10,9,75,1.8,1,1,1,1,1,290.15,1,11,3,3,3,3,14,3,1,3,1
4,10,9,76,0.05,3,2,2,2,1,363.51,0,5,3,3,1,1,9,3,3,2,2
4,10,9,77,0.8,2,1,2,2,1,266.66,1,20,1,1,2,2,16,3,1,3,1
4,10,9,78,0.4,1,2,1,1,1,229.44,1,1,1,3,1,3,10,1,1,2,2
4,10,10,1,1.8,1,3,1,1,1,215.02,1,15,3,1,3,1,10,1,3,3,1
4,10,10,2,0.8,1,1,1,1,1,261.26,1,14,1,3,1,3,16,3,3,3,3
4,10,10,3,1.8,2,3,2,2,1,289.27,1,4,1,3,2,2,15,1,1,3,3
4,10,10,4,0.8,3,2,2,2,1,264.59,1,17,1,3,3,1,19,3,1,2,2
4,10,10,5,0.8,3,3,2,2,1,303.24,0,16,3,1,1,3,15,1,1,3,3
4,10,10,6,0.05,1,2,1,1,1,251.33,1,4,3,3,3,3,7,3,1,2,2
4,10,10,7,0.2,1,2,1,1,1,235.98,1,17,1,1,1,1,4,1,1,2,2
4,10,10,8,0.8,1,1,1,1,1,231.93,1,18,1,3,1,3,14,3,3,3,3
4,10,10,9,0.05,1,3,1,1,1,319.35,0,17,3,1,3,1,1,3,1,1,3
4,10,10,10,0.8,1,2,NaN,NaN,NaN,NaN,NaN,10,1,1,1,1,2,1,1,2,2
4,10,10,11,0.8,1,3,1,1,1,248.29,1,8,1,3,1,3,8,3,1,1,3
4,10,10,12,0.1,3,3,2,2,1,334.77,0,18,1,1,3,3,1,3,3,1,1
4,10,10,13,0.05,1,1,1,1,1,326.86,0,11,3,3,3,3,3,3,1,3,1
4,10,10,14,0.2,1,2,1,1,1,224.64,1,3,1,3,1,3,4,1,3,2,2
4,10,10,15,0.05,3,1,2,2,1,771.06,0,2,1,3,3,1,14,1,3,1,3
4,10,10,16,0.05,1,1,1,1,1,234.69,1,1,3,3,3,3,12,3,3,3,3
4,10,10,17,1.8,3,1,2,2,1,253.77,1,1,1,3,3,1,17,3,3,3,3
4,10,10,18,0.2,3,1,2,2,1,276.29,1,1,3,1,1,3,18,1,3,1,3
4,10,10,19,0.2,1,1,1,1,1,227.52,1,14,3,1,3,1,19,3,1,3,1
4,10,10,20,0.05,1,2,1,1,1,278.74,1,11,1,1,1,1,3,1,3,2,2
4,10,10,21,0.1,3,3,2,2,1,391.65,0,4,3,3,1,1,6,1,3,3,1
4,10,10,22,1.8,1,1,1,1,1,225.74,1,17,3,3,3,3,6,1,3,1,3
4,10,10,23,0.1,1,1,1,1,1,268.64,1,8,3,3,3,3,18,3,1,3,1
4,10,10,24,1.8,1,2,1,1,1,240.64,1,2,3,3,3,3,15,1,1,2,2
4,10,10,25,0.4,3,2,2,2,1,257.11,1,11,1,1,3,3,9,1,1,2,2
4,10,10,26,1.8,2,3,2,2,1,245.74,1,16,1,3,2,2,1,1,1,3,3
4,10,10,27,0.05,3,2,2,2,1,392.69,0,17,3,3,1,1,11,3,1,2,2
4,10,10,28,0.2,2,2,2,2,1,248.04,1,9,3,1,2,2,3,1,3,2,2
4,10,10,29,1.8,1,1,NaN,NaN,NaN,NaN,NaN,6,1,1,1,1,17,3,3,3,3
4,10,10,30,1.8,2,3,2,2,1,253.75,1,1,3,1,2,2,10,3,1,1,3
4,10,10,31,0.1,1,2,1,1,1,299.46,1,4,1,3,1,3,20,3,3,2,2
4,10,10,32,0.1,2,3,2,1,0,294.96,1,11,3,1,2,2,15,1,1,3,3
4,10,10,33,1.8,2,1,2,1,0,265.19,1,12,1,1,2,2,15,1,3,1,3
4,10,10,34,0.8,3,3,2,2,1,265.03,1,8,1,1,3,3,16,3,3,1,1
4,10,10,35,0.4,3,2,2,2,1,243.94,1,18,3,3,1,1,17,3,1,2,2
4,10,10,36,0.05,1,2,1,1,1,300.79,0,16,3,3,3,3,8,3,3,2,2
4,10,10,37,0.4,1,3,1,1,1,252.78,1,20,3,1,3,1,6,1,3,3,1
4,10,10,38,0.8,3,2,2,2,1,288.83,1,12,3,3,1,1,20,3,1,2,2
4,10,10,39,1.8,1,1,1,1,1,242.73,1,9,3,1,3,1,4,1,1,1,1
4,10,10,40,0.4,1,2,1,1,1,249.96,1,13,1,1,1,1,4,1,3,2,2
4,10,10,41,0.1,1,3,1,1,1,284.96,1,12,3,3,3,3,13,3,1,1,3
4,10,10,42,0.4,3,2,2,2,1,239.31,1,13,3,1,1,3,20,1,3,2,2
4,10,10,43,0.4,1,2,1,1,1,239.93,1,6,3,3,3,3,16,3,1,2,2
4,10,10,44,0.4,1,2,1,1,1,214.36,1,20,3,3,3,3,16,3,3,2,2
4,10,10,45,0.4,1,1,1,1,1,239,1,7,3,1,3,1,1,3,3,3,3
4,10,10,46,0.2,1,1,1,1,1,235.53,1,17,3,3,3,3,15,1,3,1,3
4,10,10,47,0.2,3,2,2,2,1,287.02,1,20,3,1,1,3,16,1,3,2,2
4,10,10,48,0.4,3,1,2,2,1,254.77,1,15,3,1,1,3,10,1,1,1,1
4,10,10,49,0.1,3,1,2,2,1,331.95,0,8,1,1,3,3,11,3,1,3,1
4,10,10,50,0.05,2,1,2,2,1,388.54,0,16,3,1,2,2,2,3,3,3,3
4,10,10,51,0.4,2,1,2,2,1,253.76,1,11,1,1,2,2,3,1,1,1,1
4,10,10,52,0.1,1,1,1,1,1,289.26,1,8,3,1,3,1,9,1,1,1,1
4,10,10,53,0.05,3,2,2,2,1,346.4,0,1,1,3,3,1,16,1,1,2,2
4,10,10,54,0.4,2,1,2,1,0,237.15,1,15,3,3,2,2,18,3,3,3,3
4,10,10,55,0.2,2,2,2,2,1,346.53,0,10,3,3,2,2,1,3,3,2,2
4,10,10,56,0.05,1,3,1,1,1,282.51,1,5,3,3,3,3,20,1,1,3,3
4,10,10,57,0.1,1,3,1,1,1,256.93,1,16,3,1,3,1,8,1,3,3,1
4,10,10,58,0.2,1,2,1,1,1,301.25,0,18,1,3,1,3,2,1,3,2,2
4,10,10,59,0.1,1,2,1,1,1,207.74,1,5,3,3,3,3,20,1,1,2,2
4,10,10,60,0.05,1,3,1,1,1,302.66,0,19,3,3,3,3,1,1,1,3,3
4,10,10,61,0.2,3,3,2,2,1,259.96,1,10,1,1,3,3,12,3,1,1,3
4,10,10,62,0.8,2,3,2,1,0,225.03,1,12,1,3,2,2,15,3,1,1,3
4,10,10,63,1.8,2,2,2,1,0,257.17,1,11,1,3,2,2,12,3,1,2,2
4,10,10,64,0.8,3,3,2,2,1,245.21,1,1,1,3,3,1,9,3,1,1,3
4,10,10,65,0.2,3,2,2,2,1,247.34,1,4,3,3,1,1,11,1,1,2,2
4,10,10,66,1.8,1,1,1,1,1,232.65,1,5,3,3,3,3,13,3,3,3,3
4,10,10,67,0.05,2,1,2,2,1,511.93,0,14,1,3,2,2,2,1,1,1,1
4,10,10,68,0.2,1,2,1,1,1,198.14,1,15,1,1,1,1,14,1,1,2,2
4,10,10,69,1.8,1,3,1,1,1,251.93,1,18,3,3,3,3,7,3,1,1,3
4,10,10,70,0.2,3,1,2,2,1,247.76,1,8,1,3,3,1,18,1,1,1,1
4,10,10,71,0.8,2,2,2,2,1,260.12,1,6,1,1,2,2,4,1,3,2,2
4,10,10,72,0.4,2,3,2,1,0,286.67,1,12,3,1,2,2,10,3,3,1,1
4,10,10,73,0.8,2,2,2,2,1,263.1,1,4,3,1,2,2,17,1,1,2,2
4,10,10,74,0.1,3,1,2,2,1,323.05,0,11,3,1,1,3,19,3,3,3,3
4,10,10,75,0.8,1,2,NaN,NaN,NaN,NaN,NaN,13,3,3,3,3,14,1,1,2,2
4,10,10,76,0.1,2,3,2,2,1,303.61,0,6,3,3,2,2,9,1,3,3,1
4,10,10,77,0.4,3,2,2,2,1,256.16,1,7,1,1,3,3,16,3,3,2,2
4,10,10,78,0.1,1,1,1,1,1,291.11,1,10,1,3,1,3,14,3,1,3,1
