3,8,1,1,0.8,2,3,2,2,1,209.13,1,7,1,1,2,2,3,1,3,3,1
3,8,1,2,0.4,2,3,2,2,1,215.83,1,10,1,1,2,2,13,3,1,1,3
3,8,1,3,0.05,3,2,2,2,1,270.99,1,8,3,3,1,1,1,1,1,2,2
3,8,1,4,0.8,1,2,1,1,1,238.13,1,18,3,1,3,1,11,1,3,2,2
3,8,1,5,1.8,1,3,1,1,1,232.46,1,5,3,3,3,3,11,1,1,3,3
3,8,1,6,1.8,3,2,2,2,1,214.81,1,15,1,1,3,3,13,1,1,2,2
3,8,1,7,0.8,1,2,1,1,1,259.77,1,8,3,3,3,3,11,3,3,2,2
3,8,1,8,0.05,2,2,2,1,0,309.04,0,13,3,1,2,2,14,1,3,2,2
3,8,1,9,0.2,1,1,1,2,0,249.62,1,10,3,1,3,1,4,1,3,1,3
3,8,1,10,0.2,2,1,2,2,1,291.6,1,19,3,3,2,2,1,3,3,3,3
3,8,1,11,0.1,2,1,2,2,1,325,0,13,3,3,2,2,10,3,1,3,1
3,8,1,12,0.8,1,3,1,1,1,214.27,1,12,1,3,1,3,8,1,3,3,1
3,8,1,13,1.8,2,1,2,1,0,228.25,1,12,3,3,2,2,10,1,3,1,3
3,8,1,14,1.8,2,1,2,2,1,207.68,1,11,3,3,2,2,8,1,3,1,3
3,8,1,15,0.4,3,2,2,2,1,252.75,1,3,1,3,3,1,19,3,1,2,2
3,8,1,16,1.8,1,2,1,1,1,244.38,1,11,3,3,3,3,4,3,1,2,2
3,8,1,17,0.05,1,3,1,2,0,382.47,0,17,1,1,1,1,9,1,3,3,1
3,8,1,18,0.2,2,1,2,2,1,232.11,1,10,1,3,2,2,9,1,3,1,3
3,8,1,19,0.4,1,2,1,1,1,258,1,16,3,1,3,1,15,3,3,2,2
3,8,1,20,0.1,1,1,1,1,1,243.76,1,5,3,1,3,1,8,1,3,1,3
3,8,1,21,0.2,1,2,1,1,1,223.75,1,14,3,1,3,1,5,1,1,2,2
3,8,1,22,0.4,1,3,1,2,0,359.35,0,15,3,3,3,3,7,1,3,3,1
3,8,1,23,0.8,1,1,1,1,1,236.86,1,2,1,1,1,1,11,1,1,1,1
3,8,1,24,0.1,1,3,1,2,0,341.52,0,9,1,1,1,1,6,3,3,1,1
3,8,1,25,0.4,1,1,1,1,1,318.98,0,4,1,1,1,1,3,1,1,1,1
3,8,1,26,0.8,3,2,NaN,NaN,NaN,NaN,NaN,12,1,1,3,3,8,1,3,2,2
3,8,1,27,0.8,2,3,2,1,0,381.62,0,11,1,1,2,2,18,3,1,1,3
3,8,1,28,0.1,1,3,1,1,1,423.92,0,15,1,3,1,3,9,3,3,1,1
3,8,1,29,0.1,1,1,1,1,1,395.71,0,6,1,1,1,1,15,1,1,1,1
3,8,1,30,0.05,3,2,2,2,1,286.73,1,20,1,1,3,3,11,1,1,2,2
3,8,1,31,0.2,1,2,1,2,0,300.14,0,10,3,1,3,1,8,3,3,2,2
3,8,1,32,0.05,1,1,1,1,1,233.79,1,15,3,3,3,3,13,3,3,3,3
3,8,1,33,0.8,1,2,1,1,1,235.23,1,18,1,3,1,3,10,1,1,2,2
3,8,1,34,0.05,2,3,2,2,1,240.16,1,14,1,3,2,2,12,3,3,1,1
3,8,1,35,1.8,1,1,1,1,1,341.02,0,17,1,3,1,3,17,3,1,3,1
3,8,1,36,0.1,3,3,2,2,1,319.57,0,2,1,3,3,1,2,3,3,1,1
3,8,1,37,0.1,2,1,2,1,0,303.78,0,15,1,1,2,2,14,1,3,1,3
3,8,1,38,0.05,1,3,1,1,1,321.53,0,19,3,3,3,3,19,3,1,1,3
3,8,1,39,0.1,1,2,1,2,0,179.71,1,7,3,1,3,1,1,3,3,2,2
3,8,1,40,1.8,1,3,1,1,1,225.08,1,17,3,1,3,1,14,1,1,3,3
3,8,1,41,0.2,1,2,1,1,1,278.89,1,3,1,1,1,1,17,3,3,2,2
3,8,1,42,0.05,2,3,2,2,1,263.91,1,9,1,3,2,2,19,3,1,1,3
3,8,1,43,0.05,3,2,2,2,1,353.73,0,5,3,3,1,1,3,1,3,2,2
3,8,1,44,0.8,1,2,1,1,1,212.57,1,14,3,1,3,1,9,1,3,2,2
3,8,1,45,0.4,1,1,1,1,1,257.28,1,2,1,3,1,3,17,1,3,1,3
3,8,1,46,0.4,2,2,2,2,1,340.59,0,16,3,3,2,2,18,1,3,2,2
3,8,1,47,1.8,3,1,2,2,1,216.5,1,14,3,1,1,3,17,3,3,3,3
3,8,1,48,0.05,1,2,1,1,1,313.02,0,4,1,3,1,3,3,3,1,2,2
3,8,1,49,0.2,3,3,2,2,1,240.4,1,12,1,3,3,1,13,1,1,3,3
3,8,1,50,0.4,3,2,2,2,1,220.46,1,18,3,1,1,3,19,3,1,2,2
3,8,1,51,1.8,3,1,2,2,1,257.95,1,6,3,3,1,1,19,1,1,1,1
3,8,1,52,1.8,1,1,1,1,1,238.1,1,15,1,1,1,1,10,1,1,1,1
3,8,1,53,0.2,3,2,2,2,1,274.75,1,8,3,3,1,1,4,1,1,2,2
3,8,1,54,0.8,1,3,1,1,1,223.79,1,17,1,3,1,3,10,1,3,3,1
3,8,1,55,0.4,2,1,2,2,1,324.55,0,1,1,3,2,2,16,1,1,1,1
3,8,1,56,0.8,1,2,1,1,1,266.21,1,6,1,3,1,3,19,3,3,2,2
3,8,1,57,1.8,1,1,1,1,1,222.51,1,5,3,1,3,1,8,1,3,1,3
3,8,1,58,0.8,1,3,1,1,1,255.32,1,13,3,1,3,1,2,1,3,3,1
3,8,1,59,0.8,2,1,2,1,0,194.36,1,20,3,1,2,2,13,1,1,1,1
3,8,1,60,1.8,3,1,2,2,1,267.23,1,3,3,1,1,3,6,1,3,1,3
3,8,1,61,1.8,1,2,1,1,1,233.45,1,7,3,3,3,3,1,1,1,2,2
3,8,1,62,0.4,1,3,1,2,0,353.42,0,3,1,1,1,1,6,3,3,1,1
3,8,1,63,0.2,3,2,2,2,1,281.47,1,14,3,3,1,1,20,1,1,2,2
3,8,1,64,0.05,1,3,1,1,1,320.04,0,12,3,1,3,1,18,1,3,3,1
3,8,1,65,0.1,1,2,1,1,1,324.2,0,5,1,1,1,1,10,1,1,2,2
3,8,1,66,0.1,1,1,1,1,1,316.49,0,9,1,3,1,3,10,1,3,1,3
3,8,1,67,0.2,1,2,1,1,1,269.67,1,10,1,1,1,1,10,1,1,2,2
3,8,1,68,0.05,1,2,1,1,1,300.85,0,14,1,1,1,1,7,3,3,2,2
3,8,1,69,0.1,1,3,1,2,0,232.78,1,8,1,3,1,3,17,1,1,3,3
3,8,1,70,0.2,1,1,1,1,1,258.25,1,2,3,3,3,3,16,3,3,3,3
3,8,1,71,0.05,3,1,2,2,1,289.3,1,6,3,3,1,1,2,1,3,1,3
3,8,1,72,0.1,1,3,1,2,0,318.29,0,8,1,3,1,3,19,1,3,3,1
3,8,1,73,0.2,2,1,2,2,1,229.34,1,19,1,3,2,2,18,3,3,3,3
3,8,1,74,0.2,1,3,1,1,1,117.69,1,5,3,1,3,1,6,1,1,3,3
3,8,1,75,0.4,1,2,1,1,1,207.5,1,7,1,1,1,1,5,3,1,2,2
3,8,1,76,0.1,2,1,2,1,0,249.76,1,1,1,1,2,2,19,3,1,3,1
3,8,1,77,0.4,1,3,1,1,1,232.17,1,10,1,3,1,3,20,3,1,1,3
3,8,1,78,0.4,1,1,1,1,1,231.99,1,16,3,1,3,1,9,3,3,3,3
3,8,2,1,0.4,2,3,2,2,1,237.6,1,4,3,3,2,2,17,3,3,1,1
3,8,2,2,0.1,1,3,1,1,1,136.53,1,8,1,3,1,3,13,1,1,3,3
3,8,2,3,0.05,1,1,1,1,1,265.07,1,14,1,3,1,3,11,1,3,1,3
3,8,2,4,1.8,1,3,1,1,1,206.92,1,1,3,1,3,1,17,1,1,3,3
3,8,2,5,0.8,1,1,1,1,1,231.74,1,7,1,1,1,1,15,1,3,1,3
3,8,2,6,0.1,1,2,1,1,1,256.93,1,1,1,3,1,3,11,1,3,2,2
3,8,2,7,0.2,1,2,1,1,1,213.35,1,19,1,1,1,1,11,1,3,2,2
3,8,2,8,1.8,2,1,2,2,1,232.17,1,3,1,1,2,2,17,3,1,3,1
3,8,2,9,0.1,1,1,1,1,1,313.77,0,5,3,3,3,3,16,3,3,3,3
3,8,2,10,1.8,1,1,1,1,1,214.28,1,14,1,1,1,1,1,1,3,1,3
3,8,2,11,0.2,3,2,2,2,1,238.47,1,6,1,3,3,1,4,3,1,2,2
3,8,2,12,0.8,3,3,2,2,1,218.06,1,17,3,3,1,1,16,3,1,1,3
3,8,2,13,0.2,1,3,1,1,1,220.2,1,18,1,3,1,3,14,3,1,1,3
3,8,2,14,0.1,3,2,2,2,1,267.82,1,5,3,1,1,3,1,3,3,2,2
3,8,2,15,0.2,2,3,2,2,1,274.3,1,7,1,1,2,2,16,3,1,1,3
3,8,2,16,0.8,3,1,2,2,1,228.71,1,3,3,3,1,1,15,1,1,1,1
3,8,2,17,1.8,1,2,1,1,1,225.26,1,11,1,3,1,3,8,3,3,2,2
3,8,2,18,0.2,3,3,2,2,1,172.31,1,11,3,3,1,1,5,1,1,3,3
3,8,2,19,0.4,2,3,2,2,1,267.64,1,6,1,1,2,2,1,3,1,1,3
3,8,2,20,0.2,2,3,2,2,1,229.51,1,13,3,3,2,2,12,1,3,3,1
3,8,2,21,0.05,1,1,1,1,1,339.94,0,4,3,1,3,1,7,3,3,3,3
3,8,2,22,0.4,2,1,2,2,1,227.69,1,20,1,3,2,2,9,3,3,3,3
3,8,2,23,0.05,1,1,1,1,1,250.04,1,8,1,1,1,1,18,3,3,3,3
3,8,2,24,0.05,2,1,2,1,0,303.7,0,18,3,3,2,2,5,1,1,1,1
3,8,2,25,0.2,3,2,2,2,1,225.27,1,13,3,3,1,1,8,1,1,2,2
3,8,2,26,0.05,1,2,1,1,1,299.28,1,15,1,3,1,3,20,1,1,2,2
3,8,2,27,0.8,1,1,NaN,NaN,NaN,NaN,NaN,17,3,1,3,1,4,3,1,3,1
3,8,2,28,0.8,3,1,2,2,1,285.89,1,4,1,3,3,1,19,1,3,1,3
3,8,2,29,0.1,1,1,1,1,1,307.12,0,2,1,3,1,3,15,1,1,1,1
3,8,2,30,1.8,1,1,1,1,1,223.82,1,3,1,1,1,1,1,3,3,3,3
3,8,2,31,0.05,3,1,2,2,1,325.9,0,10,3,1,1,3,12,1,1,1,1
3,8,2,32,0.8,3,3,2,2,1,287.28,1,20,3,3,1,1,16,3,3,1,1
3,8,2,33,0.2,1,2,1,1,1,263.7,1,6,1,3,1,3,1,1,3,2,2
3,8,2,34,0.1,1,3,1,2,0,243.13,1,9,3,1,3,1,10,3,1,1,3
3,8,2,35,0.1,1,2,1,1,1,267.35,1,10,3,3,3,3,5,1,1,2,2
3,8,2,36,0.8,3,1,2,2,1,268.81,1,12,1,3,3,1,8,1,1,1,1
3,8,2,37,0.4,3,2,2,2,1,241.42,1,7,3,1,1,3,20,1,3,2,2
3,8,2,38,0.4,1,3,1,1,1,269.19,1,7,3,3,3,3,11,1,1,3,3
3,8,2,39,0.2,1,1,1,1,1,224.65,1,6,3,1,3,1,20,1,3,1,3
3,8,2,40,1.8,1,3,1,1,1,220.05,1,12,3,1,3,1,5,1,1,3,3
3,8,2,41,0.1,2,3,2,2,1,293.46,1,14,1,1,2,2,12,1,3,3,1
3,8,2,42,0.8,2,1,2,2,1,237.93,1,13,1,3,2,2,12,1,3,1,3
3,8,2,43,0.2,3,2,2,2,1,265.18,1,16,1,1,3,3,17,1,3,2,2
3,8,2,44,1.8,1,3,1,1,1,262.11,1,16,1,1,1,1,4,3,1,1,3
3,8,2,45,0.4,3,2,2,2,1,337.44,0,17,1,3,3,1,11,1,3,2,2
3,8,2,46,0.05,3,1,2,2,1,313.55,0,18,1,3,3,1,10,3,1,3,1
3,8,2,47,0.05,3,1,2,2,1,364.48,0,15,3,3,1,1,10,3,3,3,3
3,8,2,48,0.8,3,1,2,2,1,344.4,0,15,3,1,1,3,1,1,3,1,3
3,8,2,49,1.8,3,1,2,2,1,189.22,1,13,3,1,1,3,6,3,3,3,3
3,8,2,50,0.2,1,3,1,2,0,320.64,0,17,3,3,3,3,6,1,1,3,3
3,8,2,51,0.05,1,2,1,1,1,304.2,0,15,3,3,3,3,10,3,1,2,2
3,8,2,52,0.2,2,2,2,1,0,216.9,1,10,3,3,2,2,13,1,3,2,2
3,8,2,53,1.8,1,1,NaN,NaN,NaN,NaN,NaN,11,1,3,1,3,4,3,1,3,1
3,8,2,54,0.4,1,3,1,1,1,244.39,1,15,3,1,3,1,6,1,1,3,3
3,8,2,55,1.8,1,2,1,1,1,222.28,1,15,1,1,1,1,9,3,1,2,2
3,8,2,56,0.4,2,3,2,2,1,240.88,1,11,3,1,2,2,13,3,1,1,3
3,8,2,57,0.1,3,2,2,1,0,716.54,0,1,3,1,1,3,12,1,3,2,2
3,8,2,58,0.4,1,1,1,1,1,275.79,1,9,1,3,1,3,5,3,1,3,1
3,8,2,59,0.1,1,2,1,1,1,331.88,0,6,1,1,1,1,17,1,1,2,2
3,8,2,60,0.1,3,3,2,2,1,323.01,0,4,3,3,1,1,11,3,1,1,3
3,8,2,61,0.05,1,1,1,1,1,249.14,1,14,1,1,1,1,17,3,1,3,1
3,8,2,62,0.4,3,1,2,2,1,230.71,1,13,3,1,1,3,19,3,1,3,1
3,8,2,63,0.8,1,2,1,1,1,238.64,1,1,3,1,3,1,11,3,3,2,2
3,8,2,64,0.4,2,3,2,2,1,209.59,1,2,1,1,2,2,19,1,1,3,3
3,8,2,65,0.4,2,2,2,1,0,259.71,1,16,3,3,2,2,3,3,3,2,2
3,8,2,66,0.2,2,1,2,1,0,125.09,1,7,3,3,2,2,7,3,1,3,1
3,8,2,67,0.1,2,1,2,2,1,220.72,1,6,1,1,2,2,15,3,3,3,3
3,8,2,68,0.8,3,3,2,2,1,239.1,1,18,1,3,3,1,4,3,3,1,1
3,8,2,69,0.05,1,2,1,1,1,291.22,1,1,1,1,1,1,3,3,1,2,2
3,8,2,70,0.05,2,2,2,2,1,272.11,1,2,1,1,2,2,2,3,1,2,2
3,8,2,71,1.8,2,3,2,2,1,259.25,1,5,1,3,2,2,12,3,1,1,3
3,8,2,72,0.8,3,1,2,2,1,231.68,1,6,1,3,3,1,18,1,1,1,1
3,8,2,73,0.8,1,2,1,2,0,238.25,1,13,3,1,3,1,8,1,3,2,2
3,8,2,74,1.8,3,2,2,2,1,238.19,1,13,3,1,1,3,13,1,1,2,2
3,8,2,75,1.8,2,3,2,2,1,227.62,1,7,1,1,2,2,4,3,1,1,3
3,8,2,76,0.4,2,2,2,2,1,243.05,1,6,1,3,2,2,1,3,1,2,2
3,8,2,77,0.1,3,3,2,2,1,298.9,1,7,1,1,3,3,8,1,3,3,1
3,8,2,78,0.05,1,3,1,2,0,369.13,0,17,3,3,3,3,7,3,3,1,1
3,8,3,1,0.4,1,2,1,1,1,195.37,1,20,3,3,3,3,2,1,3,2,2
3,8,3,2,0.1,3,1,2,2,1,267.11,1,7,3,3,1,1,15,3,3,3,3
3,8,3,3,0.8,3,1,2,2,1,280.9,1,18,3,3,1,1,1,1,1,1,1
3,8,3,4,0.8,3,2,2,2,1,273.44,1,14,1,3,3,1,6,3,3,2,2
3,8,3,5,0.1,1,3,1,2,0,272.58,1,17,1,1,1,1,12,1,3,3,1
3,8,3,6,0.05,3,2,2,2,1,280,1,8,1,3,3,1,6,1,3,2,2
3,8,3,7,0.8,2,1,2,2,1,244.76,1,3,1,3,2,2,4,3,1,3,1
3,8,3,8,1.8,1,3,1,1,1,219.53,1,15,3,1,3,1,1,3,3,1,1
3,8,3,9,0.2,1,1,1,1,1,284.12,1,19,1,3,1,3,9,3,1,3,1
3,8,3,10,1.8,1,2,1,1,1,228.95,1,1,3,1,3,1,19,3,3,2,2
3,8,3,11,0.4,2,2,2,2,1,288.08,1,16,3,1,2,2,17,3,1,2,2
3,8,3,12,0.1,1,3,1,1,1,298.26,1,12,3,1,3,1,1,3,3,1,1
3,8,3,13,0.2,2,2,2,2,1,242.34,1,13,1,1,2,2,13,3,3,2,2
3,8,3,14,1.8,1,2,1,1,1,245.86,1,5,3,3,3,3,14,3,3,2,2
3,8,3,15,0.1,1,2,1,1,1,268.2,1,3,3,1,3,1,4,1,1,2,2
3,8,3,16,0.2,2,1,2,2,1,119.64,1,19,3,1,2,2,13,3,1,3,1
3,8,3,17,0.4,2,1,2,2,1,299.5,1,16,1,1,2,2,3,1,1,1,1
3,8,3,18,0.4,1,2,1,1,1,241.61,1,11,3,1,3,1,9,3,3,2,2
3,8,3,19,1.8,2,2,2,2,1,226.17,1,20,3,3,2,2,17,1,1,2,2
3,8,3,20,1.8,3,3,2,2,1,305.02,0,16,3,3,1,1,3,1,3,3,1
3,8,3,21,0.4,2,2,2,2,1,282.83,1,19,1,3,2,2,10,3,3,2,2
3,8,3,22,0.4,2,3,2,1,0,309.34,0,1,3,1,2,2,15,1,3,3,1
3,8,3,23,0.8,1,3,1,1,1,274.79,1,20,1,3,1,3,19,3,1,1,3
3,8,3,24,0.8,1,2,1,1,1,391.04,0,16,3,3,3,3,19,3,3,2,2
3,8,3,25,0.2,1,1,1,1,1,268.6,1,17,3,1,3,1,14,3,1,3,1
3,8,3,26,0.8,1,3,1,2,0,230.99,1,3,1,3,1,3,19,3,1,1,3
3,8,3,27,0.05,2,1,2,2,1,385.05,0,3,1,3,2,2,2,1,1,1,1
3,8,3,28,0.4,1,3,1,1,1,260.96,1,8,3,3,3,3,1,3,1,1,3
3,8,3,29,0.2,2,3,2,1,0,290.3,1,4,1,1,2,2,1,1,3,3,1
3,8,3,30,0.4,2,3,2,2,1,211.46,1,8,1,1,2,2,11,1,1,3,3
3,8,3,31,0.2,1,3,1,1,1,253.35,1,1,1,3,1,3,2,3,1,1,3
3,8,3,32,0.1,3,2,2,2,1,261.43,1,10,1,1,3,3,8,3,3,2,2
3,8,3,33,1.8,1,3,1,2,0,197.75,1,18,1,1,1,1,7,3,1,1,3
3,8,3,34,0.05,3,2,2,2,1,264.21,1,20,3,1,1,3,5,3,3,2,2
3,8,3,35,0.1,2,1,2,2,1,321.81,0,19,1,1,2,2,1,3,1,3,1
3,8,3,36,0.8,1,3,1,1,1,248.07,1,9,3,1,3,1,2,3,1,1,3
3,8,3,37,0.2,2,2,2,2,1,170.53,1,6,3,1,2,2,6,1,3,2,2
3,8,3,38,0.8,1,1,1,1,1,238.33,1,1,3,3,3,3,7,1,3,1,3
3,8,3,39,0.4,1,3,1,1,1,298.99,1,1,1,1,1,1,8,3,3,1,1
3,8,3,40,0.2,1,3,1,1,1,248.02,1,16,3,1,3,1,14,3,1,1,3
3,8,3,41,0.1,1,3,1,1,1,335.74,0,20,3,1,3,1,10,3,1,1,3
3,8,3,42,0.8,3,1,2,2,1,217.58,1,9,1,3,3,1,4,1,1,1,1
3,8,3,43,0.1,3,1,2,2,1,296.92,1,19,1,3,3,1,6,1,3,1,3
3,8,3,44,0.4,3,2,2,2,1,4.1158,2,20,1,1,3,3,19,1,1,2,2
3,8,3,45,1.8,1,1,1,1,1,272.3,1,8,1,3,1,3,18,3,1,3,1
3,8,3,46,0.4,1,2,1,1,1,241.69,1,6,1,1,1,1,4,1,3,2,2
3,8,3,47,0.2,1,2,1,1,1,372.78,0,11,3,1,3,1,5,3,1,2,2
3,8,3,48,1.8,2,3,2,2,1,220.34,1,16,1,1,2,2,17,3,1,1,3
3,8,3,49,0.2,3,1,2,2,1,231.65,1,15,3,1,1,3,17,3,3,3,3
3,8,3,50,0.05,1,3,1,2,0,342.21,0,2,3,3,3,3,16,3,1,1,3
3,8,3,51,0.1,1,2,1,1,1,283.26,1,17,1,3,1,3,3,1,3,2,2
3,8,3,52,0.05,1,2,1,1,1,287.67,1,18,3,1,3,1,17,1,1,2,2
3,8,3,53,1.8,2,3,2,2,1,213.37,1,10,3,3,2,2,10,1,3,3,1
3,8,3,54,0.05,1,1,1,2,0,325.66,0,1,1,3,1,3,9,1,1,1,1
3,8,3,55,0.4,1,1,1,1,1,292.76,1,16,3,1,3,1,19,3,3,3,3
3,8,3,56,0.2,2,3,2,2,1,300.51,0,13,1,1,2,2,1,3,1,1,3
3,8,3,57,0.8,1,3,1,1,1,216.29,1,13,1,1,1,1,10,1,3,3,1
3,8,3,58,1.8,1,2,1,1,1,275.94,1,19,1,3,1,3,1,1,1,2,2
3,8,3,59,0.05,2,2,2,2,1,336.64,0,4,1,3,2,2,5,1,3,2,2
3,8,3,60,0.05,1,3,1,1,1,224.04,1,9,3,3,3,3,8,3,1,1,3
3,8,3,61,0.1,3,2,2,2,1,302.1,0,1,3,1,1,3,14,3,1,2,2
3,8,3,62,0.1,2,3,2,1,0,203.99,1,20,3,1,2,2,10,3,3,1,1
3,8,3,63,1.8,1,2,1,1,1,247.47,1,2,1,1,1,1,12,3,1,2,2
3,8,3,64,0.8,1,2,1,1,1,216.71,1,18,3,1,3,1,18,1,3,2,2
3,8,3,65,0.8,1,2,1,1,1,236.28,1,7,1,1,1,1,13,1,1,2,2
3,8,3,66,1.8,1,2,1,1,1,205.37,1,9,3,1,3,1,13,1,1,2,2
3,8,3,67,1.8,2,3,2,2,1,231.07,1,17,1,3,2,2,17,1,1,3,3
3,8,3,68,0.1,1,2,1,2,0,263.32,1,1,3,3,3,3,12,1,1,2,2
3,8,3,69,0.8,2,2,2,2,1,231.43,1,19,3,3,2,2,20,3,1,2,2
3,8,3,70,0.05,3,1,2,2,1,356.36,0,18,3,3,1,1,4,3,3,3,3
3,8,3,71,0.4,1,1,1,1,1,246.68,1,6,1,1,1,1,16,1,3,1,3
3,8,3,72,0.05,2,1,2,1,0,287.11,1,12,1,1,2,2,13,1,1,1,1
3,8,3,73,0.2,2,2,2,2,1,307.96,0,13,3,1,2,2,18,1,1,2,2
3,8,3,74,0.1,1,1,1,1,1,296.54,1,6,3,1,3,1,14,1,1,1,1
3,8,3,75,0.05,3,2,2,2,1,279.87,1,10,3,3,1,1,15,1,3,2,2
3,8,3,76,0.05,2,3,2,2,1,307.48,0,9,1,1,2,2,9,1,3,3,1
3,8,3,77,0.2,3,1,2,2,1,247.04,1,17,3,1,1,3,13,3,1,3,1
3,8,3,78,0.05,2,1,2,1,0,276.33,1,20,1,3,2,2,9,3,3,3,3
3,8,4,1,1.8,1,2,NaN,NaN,NaN,NaN,NaN,13,1,3,1,3,20,3,1,2,2
3,8,4,2,0.2,3,2,2,2,1,232.54,1,10,1,3,3,1,7,3,3,2,2
3,8,4,3,0.05,1,2,1,2,0,281.56,1,2,1,3,1,3,8,1,1,2,2
3,8,4,4,0.2,1,1,1,1,1,236.22,1,11,3,3,3,3,3,1,3,1,3
3,8,4,5,0.1,3,1,2,2,1,313.81,0,4,3,3,1,1,14,1,1,1,1
3,8,4,6,0.2,1,1,1,1,1,427.92,0,7,3,3,3,3,18,3,3,3,3
3,8,4,7,1.8,3,1,2,2,1,316.69,0,16,1,1,3,3,12,3,3,3,3
3,8,4,8,0.4,3,3,2,2,1,232.7,1,10,3,1,1,3,7,3,3,1,1
3,8,4,9,1.8,3,1,2,2,1,252.3,1,9,3,3,1,1,1,3,3,3,3
3,8,4,10,1.8,2,1,2,2,1,224.99,1,9,1,3,2,2,16,3,3,3,3
3,8,4,11,0.4,1,3,1,2,0,241.17,1,20,1,1,1,1,13,1,3,3,1
3,8,4,12,0.1,2,2,2,1,0,279.24,1,4,3,3,2,2,18,1,3,2,2
3,8,4,13,0.05,2,1,2,1,0,294.06,1,4,1,1,2,2,1,3,1,3,1
3,8,4,14,0.4,3,1,2,2,1,248.36,1,9,3,1,1,3,5,1,1,1,1
3,8,4,15,1.8,3,3,2,2,1,264.75,1,1,3,3,1,1,15,3,1,1,3
3,8,4,16,0.8,2,3,2,2,1,287.99,1,16,3,1,2,2,2,1,3,3,1
3,8,4,17,0.4,2,1,2,1,0,284.57,1,12,1,1,2,2,20,3,1,3,1
3,8,4,18,1.8,2,3,2,2,1,216.16,1,13,3,3,2,2,19,1,1,3,3
3,8,4,19,0.1,3,3,2,2,1,288.69,1,16,1,1,3,3,5,3,1,1,3
3,8,4,20,1.8,1,2,1,1,1,226.28,1,17,3,1,3,1,20,1,3,2,2
3,8,4,21,0.2,3,3,2,2,1,243.37,1,7,1,1,3,3,11,3,3,1,1
3,8,4,22,0.8,3,3,2,2,1,425.45,0,10,1,3,3,1,3,3,3,1,1
3,8,4,23,1.8,1,1,1,1,1,251.39,1,13,3,3,3,3,7,3,3,3,3
3,8,4,24,1.8,2,3,2,2,1,252.53,1,20,3,3,2,2,4,1,1,3,3
3,8,4,25,0.4,2,2,2,2,1,333.97,0,10,3,3,2,2,20,1,1,2,2
3,8,4,26,1.8,3,2,NaN,NaN,NaN,NaN,NaN,10,3,1,1,3,6,1,3,2,2
3,8,4,27,0.2,3,3,2,2,1,281.27,1,18,1,3,3,1,6,3,3,1,1
3,8,4,28,0.1,1,2,1,1,1,336.75,0,17,1,3,1,3,15,1,1,2,2
3,8,4,29,0.05,1,2,1,1,1,297.02,1,14,3,1,3,1,15,3,3,2,2
3,8,4,30,0.8,1,1,1,1,1,249.67,1,5,3,1,3,1,7,3,1,3,1
3,8,4,31,0.4,1,3,1,1,1,273.27,1,8,1,1,1,1,20,1,3,3,1
3,8,4,32,0.8,1,3,1,2,0,261.02,1,15,1,1,1,1,6,3,3,1,1
3,8,4,33,0.2,2,2,2,2,1,251.63,1,9,1,1,2,2,12,3,3,2,2
3,8,4,34,0.1,1,1,1,1,1,274.53,1,5,3,1,3,1,19,3,1,3,1
3,8,4,35,0.1,3,2,2,2,1,294.35,1,16,3,3,1,1,2,3,3,2,2
3,8,4,36,0.4,1,1,1,1,1,220.08,1,11,1,1,1,1,2,1,3,1,3
3,8,4,37,0.8,3,1,2,2,1,278.84,1,20,1,1,3,3,7,1,3,1,3
3,8,4,38,0.8,1,1,1,1,1,231.81,1,6,3,3,3,3,19,1,1,1,1
3,8,4,39,0.05,2,3,2,2,1,400.26,0,4,3,1,2,2,17,3,1,1,3
3,8,4,40,0.1,1,3,1,1,1,314.36,0,20,3,3,3,3,12,3,3,1,1
3,8,4,41,0.05,1,3,1,1,1,320.53,0,18,1,3,1,3,11,3,3,1,1
3,8,4,42,0.05,3,2,2,2,1,302.92,0,19,1,3,3,1,15,1,1,2,2
3,8,4,43,0.1,1,3,1,1,1,218.82,1,6,3,1,3,1,9,1,3,3,1
3,8,4,44,0.1,3,2,2,2,1,164.42,1,3,3,3,1,1,6,1,1,2,2
3,8,4,45,0.05,1,1,1,1,1,224.32,1,4,3,1,3,1,7,1,1,1,1
3,8,4,46,0.05,2,1,2,1,0,253.13,1,13,3,1,2,2,16,1,3,1,3
3,8,4,47,0.8,1,3,1,1,1,249.18,1,1,3,1,3,1,17,1,1,3,3
3,8,4,48,0.4,1,1,1,1,1,215.18,1,15,3,1,3,1,4,3,1,3,1
3,8,4,49,0.8,2,3,2,2,1,236.34,1,1,1,3,2,2,7,3,3,1,1
3,8,4,50,0.05,1,3,1,1,1,205.65,1,6,3,1,3,1,1,1,3,3,1
3,8,4,51,0.1,1,1,1,1,1,215.42,1,11,1,1,1,1,17,1,1,1,1
3,8,4,52,1.8,1,1,1,1,1,231.22,1,7,1,3,1,3,7,1,3,1,3
3,8,4,53,0.1,1,2,1,1,1,201.24,1,3,1,1,1,1,2,1,3,2,2
3,8,4,54,0.4,2,1,2,2,1,125.06,1,2,3,1,2,2,4,1,1,1,1
3,8,4,55,0.1,2,3,2,1,0,266.15,1,17,1,3,2,2,10,3,3,1,1
3,8,4,56,0.8,3,3,2,2,1,224.26,1,4,1,3,3,1,17,3,1,1,3
3,8,4,57,0.2,1,3,1,2,0,264.32,1,13,3,3,3,3,7,1,1,3,3
3,8,4,58,0.2,3,3,2,2,1,256.07,1,12,3,1,1,3,8,1,1,3,3
3,8,4,59,1.8,1,2,NaN,NaN,NaN,NaN,NaN,13,3,3,3,3,5,3,3,2,2
3,8,4,60,0.4,3,1,2,2,1,317.33,0,10,3,1,1,3,8,3,3,3,3
3,8,4,61,0.8,2,2,2,2,1,245.08,1,19,1,1,2,2,8,1,1,2,2
3,8,4,62,0.05,3,3,2,2,1,270.92,1,16,1,3,3,1,19,3,3,1,1
3,8,4,63,0.2,1,2,1,1,1,230.89,1,16,1,3,1,3,6,1,1,2,2
3,8,4,64,0.1,1,2,1,2,0,270.74,1,18,3,1,3,1,9,3,1,2,2
3,8,4,65,0.4,1,3,1,2,0,241.07,1,19,3,3,3,3,19,1,3,3,1
3,8,4,66,0.2,1,1,1,1,1,233.38,1,18,3,1,3,1,19,3,1,3,1
3,8,4,67,0.2,3,3,2,2,1,268.78,1,9,1,3,3,1,8,3,3,1,1
3,8,4,68,0.4,1,2,1,1,1,241.05,1,11,1,3,1,3,5,3,3,2,2
3,8,4,69,0.4,1,3,1,1,1,268.93,1,18,3,1,3,1,16,3,1,1,3
3,8,4,70,0.05,3,2,2,2,1,279.09,1,3,1,3,3,1,5,3,3,2,2
3,8,4,71,0.2,1,3,1,1,1,288,1,14,3,3,3,3,16,3,1,1,3
3,8,4,72,1.8,1,1,1,1,1,249.3,1,11,1,3,1,3,20,3,1,3,1
3,8,4,73,0.8,1,1,1,1,1,259.79,1,2,3,3,3,3,17,1,1,1,1
3,8,4,74,0.8,1,3,1,1,1,257.85,1,10,1,3,1,3,12,3,3,1,1
3,8,4,75,0.05,2,3,2,1,0,354.45,0,17,3,1,2,2,1,1,1,3,3
3,8,4,76,0.2,1,3,1,1,1,268.63,1,3,1,3,1,3,8,1,1,3,3
3,8,4,77,0.05,1,3,1,2,0,315.36,0,11,1,3,1,3,6,1,3,3,1
3,8,4,78,0.8,1,3,NaN,NaN,NaN,NaN,NaN,13,3,3,3,3,20,1,3,3,1
3,8,5,1,0.2,2,1,2,2,1,283.28,1,8,1,1,2,2,6,3,3,3,3
3,8,5,2,0.1,1,1,1,1,1,163.38,1,16,1,1,1,1,3,3,1,3,1
3,8,5,3,0.05,1,2,1,1,1,285.19,1,8,3,3,3,3,16,1,3,2,2
3,8,5,4,0.1,3,2,2,2,1,235.65,1,14,3,3,1,1,9,1,1,2,2
3,8,5,5,0.05,1,2,1,1,1,312.19,0,7,1,1,1,1,6,3,3,2,2
3,8,5,6,0.8,2,1,2,1,0,282.95,1,3,3,1,2,2,9,3,3,3,3
3,8,5,7,0.2,1,3,1,1,1,213.42,1,9,3,3,3,3,20,1,3,3,1
3,8,5,8,1.8,3,2,NaN,NaN,NaN,NaN,NaN,16,3,3,1,1,13,1,1,2,2
3,8,5,9,0.1,1,3,1,1,1,392.92,0,19,3,3,3,3,8,1,3,3,1
3,8,5,10,0.4,1,2,1,1,1,264.4,1,18,3,3,3,3,8,3,1,2,2
3,8,5,11,1.8,2,2,2,2,1,200.84,1,20,3,3,2,2,18,1,1,2,2
3,8,5,12,0.8,1,2,1,1,1,236.25,1,10,3,3,3,3,2,3,1,2,2
3,8,5,13,0.8,3,2,2,2,1,239.32,1,13,3,3,1,1,3,3,3,2,2
3,8,5,14,0.4,3,3,2,2,1,207.58,1,6,1,1,3,3,3,3,1,1,3
3,8,5,15,0.1,1,2,1,1,1,278.21,1,5,1,3,1,3,16,3,1,2,2
3,8,5,16,1.8,3,1,2,2,1,262.24,1,20,1,1,3,3,18,1,1,1,1
3,8,5,17,1.8,1,1,1,1,1,222.42,1,17,1,3,1,3,6,1,3,1,3
3,8,5,18,0.05,2,1,2,1,0,304.94,0,19,1,3,2,2,20,3,3,3,3
3,8,5,19,1.8,1,1,1,1,1,231.58,1,5,1,3,1,3,20,3,1,3,1
3,8,5,20,0.8,1,2,1,1,1,243.53,1,8,3,1,3,1,12,1,1,2,2
3,8,5,21,0.1,1,3,1,1,1,286.6,1,4,1,3,1,3,13,3,1,1,3
3,8,5,22,0.1,2,1,2,1,0,244.17,1,6,3,1,2,2,2,1,3,1,3
3,8,5,23,0.1,1,1,1,1,1,218.13,1,12,1,1,1,1,18,3,1,3,1
3,8,5,24,0.4,1,1,1,1,1,222.57,1,9,1,3,1,3,11,3,1,3,1
3,8,5,25,0.1,3,1,2,2,1,267.98,1,12,3,3,1,1,17,3,3,3,3
3,8,5,26,0.4,3,1,2,2,1,314.26,0,19,3,1,1,3,12,3,3,3,3
3,8,5,27,0.4,1,3,1,1,1,251.12,1,3,3,3,3,3,11,3,3,1,1
3,8,5,28,0.05,1,1,1,1,1,301.3,0,6,3,1,3,1,12,3,1,3,1
3,8,5,29,0.8,1,1,1,1,1,198.85,1,10,3,1,3,1,1,1,3,1,3
3,8,5,30,0.05,1,3,1,1,1,270.32,1,5,1,1,1,1,12,1,1,3,3
3,8,5,31,0.1,2,2,2,1,0,188.75,1,10,1,3,2,2,8,1,3,2,2
3,8,5,32,1.8,2,1,2,1,0,218.51,1,17,1,1,2,2,12,3,3,3,3
3,8,5,33,0.1,2,2,2,1,0,242.17,1,18,1,1,2,2,3,3,3,2,2
3,8,5,34,0.05,2,2,2,1,0,194.42,1,20,1,3,2,2,3,1,3,2,2
3,8,5,35,0.8,2,3,NaN,NaN,NaN,NaN,NaN,10,3,1,2,2,6,3,3,1,1
3,8,5,36,0.2,1,1,1,1,1,240.68,1,7,3,1,3,1,15,3,3,3,3
3,8,5,37,0.2,1,1,1,2,0,250.23,1,14,3,3,3,3,5,3,3,3,3
3,8,5,38,0.4,3,2,2,2,1,231.21,1,15,1,1,3,3,17,3,3,2,2
3,8,5,39,1.8,2,1,2,2,1,197.02,1,15,3,1,2,2,6,3,1,3,1
3,8,5,40,0.2,3,2,2,2,1,274.95,1,3,1,3,3,1,1,1,1,2,2
3,8,5,41,0.4,1,2,1,1,1,229.78,1,1,3,1,3,1,6,3,1,2,2
3,8,5,42,1.8,1,3,1,2,0,233.15,1,2,1,1,1,1,5,1,1,3,3
3,8,5,43,0.05,1,1,1,1,1,294.39,1,2,1,1,1,1,8,1,3,1,3
3,8,5,44,1.8,1,3,1,1,1,219.42,1,4,1,1,1,1,19,1,1,3,3
3,8,5,45,0.1,3,1,2,2,1,281.99,1,14,1,1,3,3,12,1,3,1,3
3,8,5,46,0.2,3,3,2,2,1,281.3,1,7,1,1,3,3,19,3,1,1,3
3,8,5,47,0.05,1,1,1,1,1,488.76,0,11,3,1,3,1,7,1,1,1,1
3,8,5,48,0.05,2,1,2,1,0,317.45,0,13,3,1,2,2,9,3,1,3,1
3,8,5,49,0.05,1,3,1,1,1,271.75,1,16,3,3,3,3,17,3,3,1,1
3,8,5,50,0.4,1,3,1,1,1,248.86,1,16,3,1,3,1,10,3,1,1,3
3,8,5,51,0.8,3,3,2,2,1,246.88,1,13,3,1,1,3,17,1,1,3,3
3,8,5,52,0.8,1,2,1,1,1,241.1,1,15,3,1,3,1,11,3,3,2,2
3,8,5,53,0.2,2,1,2,2,1,189.87,1,8,1,1,2,2,19,3,3,3,3
3,8,5,54,1.8,3,3,2,2,1,227.7,1,10,1,3,3,1,16,3,3,1,1
3,8,5,55,0.1,1,2,1,1,1,322.01,0,1,3,1,3,1,11,3,1,2,2
3,8,5,56,0.2,1,1,1,1,1,230.45,1,7,1,3,1,3,20,3,3,3,3
3,8,5,57,0.05,1,2,1,1,1,278.06,1,11,1,1,1,1,6,1,1,2,2
3,8,5,58,0.2,2,2,2,1,0,281.8,1,15,1,1,2,2,2,3,1,2,2
3,8,5,59,0.4,3,1,2,2,1,247.99,1,19,3,3,1,1,20,1,3,1,3
3,8,5,60,0.8,1,1,1,1,1,272.36,1,16,3,3,3,3,17,1,1,1,1
3,8,5,61,0.8,3,2,2,2,1,244.72,1,9,3,3,1,1,12,3,1,2,2
3,8,5,62,0.8,1,1,1,1,1,279.93,1,4,1,1,1,1,1,3,3,3,3
3,8,5,63,1.8,1,3,1,2,0,200.34,1,13,3,3,3,3,18,3,3,1,1
3,8,5,64,0.05,1,3,1,1,1,321.51,0,8,3,1,3,1,19,3,1,1,3
3,8,5,65,0.05,2,3,2,2,1,318.67,0,8,1,1,2,2,15,1,3,3,1
3,8,5,66,0.4,2,3,2,2,1,215.54,1,18,1,3,2,2,18,3,3,1,1
3,8,5,67,0.2,2,2,2,1,0,267,1,2,1,1,2,2,9,3,1,2,2
3,8,5,68,0.1,1,1,1,1,1,315.79,0,6,3,3,3,3,16,3,3,3,3
3,8,5,69,1.8,1,1,1,1,1,238.25,1,14,3,3,3,3,11,1,3,1,3
3,8,5,70,0.2,2,3,2,2,1,222.71,1,19,1,3,2,2,6,3,3,1,1
3,8,5,71,0.8,3,2,2,2,1,256.03,1,20,3,3,1,1,15,1,1,2,2
3,8,5,72,0.2,2,1,2,2,1,174.87,1,20,1,3,2,2,1,1,1,1,1
3,8,5,73,0.8,3,1,NaN,NaN,NaN,NaN,NaN,20,1,1,3,3,13,1,1,1,1
3,8,5,74,0.2,1,3,1,1,1,293.67,1,13,3,1,3,1,19,1,3,3,1
3,8,5,75,0.4,1,2,1,1,1,287.18,1,5,1,1,1,1,7,1,3,2,2
3,8,5,76,0.4,2,2,2,1,0,146.7,1,12,1,1,2,2,10,1,1,2,2
3,8,5,77,1.8,1,3,1,1,1,245.11,1,19,1,3,1,3,9,1,3,3,1
3,8,5,78,0.4,1,3,1,2,0,341.12,0,2,3,1,3,1,14,3,3,1,1
3,8,6,1,0.2,1,1,1,1,1,254.19,1,16,1,1,1,1,11,3,3,3,3
3,8,6,2,0.1,1,3,1,1,1,287.14,1,17,3,1,3,1,1,3,1,1,3
3,8,6,3,0.2,3,1,2,2,1,242.35,1,8,3,1,1,3,20,3,3,3,3
3,8,6,4,0.8,1,1,1,1,1,192.27,1,8,1,1,1,1,4,3,1,3,1
3,8,6,5,1.8,1,2,1,1,1,272.06,1,3,1,1,1,1,6,3,3,2,2
3,8,6,6,0.2,2,2,2,1,0,253.82,1,4,1,1,2,2,1,3,1,2,2
3,8,6,7,0.4,3,1,2,2,1,244.69,1,18,3,1,1,3,16,1,3,1,3
3,8,6,8,0.4,3,1,2,2,1,198.86,1,12,3,1,1,3,19,3,3,3,3
3,8,6,9,0.05,1,2,1,1,1,315.92,0,12,1,3,1,3,16,1,1,2,2
3,8,6,10,0.1,2,2,2,2,1,356.42,0,4,1,1,2,2,16,3,1,2,2
3,8,6,11,0.8,1,1,1,1,1,246.23,1,2,1,3,1,3,18,1,1,1,1
3,8,6,12,0.8,1,1,1,1,1,226.72,1,17,3,1,3,1,9,1,3,1,3
3,8,6,13,0.4,2,2,2,2,1,242.87,1,5,3,1,2,2,5,3,1,2,2
3,8,6,14,0.8,1,1,1,1,1,226.78,1,18,3,1,3,1,19,1,1,1,1
3,8,6,15,1.8,2,3,2,2,1,245.91,1,17,1,1,2,2,20,1,1,3,3
3,8,6,16,0.2,1,3,1,1,1,273.34,1,10,1,1,1,1,4,3,3,1,1
3,8,6,17,1.8,2,1,2,1,0,260.47,1,15,1,1,2,2,18,3,3,3,3
3,8,6,18,0.05,2,1,2,1,0,864.47,0,5,1,3,2,2,7,3,1,3,1
3,8,6,19,0.4,1,2,1,1,1,250.27,1,4,1,1,1,1,6,3,1,2,2
3,8,6,20,0.1,2,2,2,1,0,320.87,0,1,3,1,2,2,1,3,3,2,2
3,8,6,21,0.2,1,2,1,1,1,262.3,1,14,3,3,3,3,16,1,1,2,2
3,8,6,22,0.2,1,1,1,1,1,226.9,1,7,3,1,3,1,10,3,1,3,1
3,8,6,23,0.2,1,3,1,1,1,229.67,1,4,3,1,3,1,20,1,1,3,3
3,8,6,24,0.1,1,3,1,1,1,269.63,1,6,1,3,1,3,7,1,3,3,1
3,8,6,25,0.05,3,1,2,2,1,331.13,0,9,3,3,1,1,9,3,3,3,3
3,8,6,26,0.1,2,2,2,2,1,241.48,1,3,1,1,2,2,18,3,3,2,2
3,8,6,27,0.1,3,2,2,2,1,233.91,1,20,3,1,1,3,11,3,3,2,2
3,8,6,28,0.4,3,2,2,2,1,233.49,1,5,3,1,1,3,11,1,3,2,2
3,8,6,29,0.05,2,3,2,2,1,324.26,0,18,3,1,2,2,15,3,1,1,3
3,8,6,30,0.2,3,2,2,2,1,319.59,0,17,3,1,1,3,1,3,3,2,2
3,8,6,31,0.1,2,1,2,2,1,296.99,1,14,1,3,2,2,5,1,3,1,3
3,8,6,32,0.8,1,2,NaN,NaN,NaN,NaN,NaN,14,3,1,3,1,7,3,1,2,2
3,8,6,33,1.8,1,1,1,1,1,198.92,1,10,1,3,1,3,15,3,1,3,1
3,8,6,34,0.05,2,2,2,2,1,296.57,1,18,3,3,2,2,1,1,1,2,2
3,8,6,35,0.1,3,3,2,2,1,191.61,1,7,3,3,1,1,10,3,1,1,3
3,8,6,36,0.1,2,3,2,2,1,255.64,1,5,1,1,2,2,7,3,3,1,1
3,8,6,37,0.8,1,2,1,1,1,238.39,1,19,1,3,1,3,19,3,3,2,2
3,8,6,38,0.1,3,1,2,2,1,316.56,0,12,1,3,3,1,11,1,3,1,3
3,8,6,39,0.2,2,3,2,1,0,205.39,1,12,3,1,2,2,15,3,3,1,1
3,8,6,40,0.2,1,1,1,1,1,389.18,0,11,1,1,1,1,16,1,1,1,1
3,8,6,41,0.8,2,3,2,2,1,243.11,1,11,1,1,2,2,19,1,1,3,3
3,8,6,42,0.4,1,2,1,1,1,81.057,2,5,1,3,1,3,7,3,3,2,2
3,8,6,43,0.1,3,2,2,1,0,962.26,0,11,1,3,3,1,9,1,3,2,2
3,8,6,44,1.8,1,3,1,1,1,312.44,0,13,3,1,3,1,13,1,1,3,3
3,8,6,45,0.8,1,3,1,2,0,263.13,1,7,1,1,1,1,12,1,3,3,1
3,8,6,46,0.4,3,3,2,1,0,47.173,2,7,3,1,1,3,13,3,1,1,3
3,8,6,47,0.05,1,3,1,1,1,287.84,1,2,3,3,3,3,17,3,3,1,1
3,8,6,48,0.4,1,2,1,1,1,365.16,0,1,1,1,1,1,19,1,1,2,2
3,8,6,49,0.05,1,3,1,1,1,340.91,0,17,3,1,3,1,1,1,3,3,1
3,8,6,50,0.4,1,1,1,1,1,232.24,1,20,1,1,1,1,7,3,3,3,3
3,8,6,51,0.4,3,3,2,2,1,271.07,1,5,1,3,3,1,6,3,1,1,3
3,8,6,52,0.1,2,3,2,2,1,272.13,1,9,3,1,2,2,13,1,1,3,3
3,8,6,53,0.05,2,2,2,2,1,318.57,0,11,3,3,2,2,8,1,3,2,2
3,8,6,54,1.8,2,3,2,1,0,239.73,1,13,3,1,2,2,5,3,1,1,3
3,8,6,55,0.4,2,2,2,2,1,239.52,1,20,1,3,2,2,6,1,1,2,2
3,8,6,56,0.05,2,3,2,2,1,241.7,1,11,1,3,2,2,10,3,3,1,1
3,8,6,57,0.2,1,2,1,1,1,280.27,1,1,3,3,3,3,15,3,1,2,2
3,8,6,58,0.8,1,1,1,1,1,235.45,1,9,3,1,3,1,7,1,1,1,1
3,8,6,59,0.05,3,3,2,2,1,321.71,0,1,1,1,3,3,11,3,3,1,1
3,8,6,60,1.8,3,3,NaN,NaN,NaN,NaN,NaN,17,3,3,1,1,18,1,1,3,3
3,8,6,61,0.4,2,3,2,2,1,204.43,1,4,3,3,2,2,11,3,3,1,1
3,8,6,62,1.8,3,1,2,2,1,312.25,0,3,3,1,1,3,2,3,3,3,3
3,8,6,63,1.8,2,1,2,2,1,279.91,1,4,3,1,2,2,20,1,1,1,1
3,8,6,64,0.4,2,1,2,2,1,313.39,0,1,3,1,2,2,11,3,3,3,3
3,8,6,65,0.2,1,2,1,1,1,271.09,1,14,1,1,1,1,6,1,1,2,2
3,8,6,66,0.8,3,1,2,2,1,247.79,1,20,3,1,1,3,6,1,3,1,3
3,8,6,67,1.8,3,3,2,2,1,329.46,0,11,3,3,1,1,16,1,3,3,1
3,8,6,68,0.8,3,1,2,2,1,283.65,1,5,3,3,1,1,19,3,1,3,1
3,8,6,69,0.2,1,2,1,1,1,244.55,1,8,1,3,1,3,9,3,3,2,2
3,8,6,70,1.8,1,3,1,2,0,268.23,1,11,1,3,1,3,13,3,3,1,1
3,8,6,71,1.8,1,2,1,1,1,224.54,1,4,3,3,3,3,8,3,1,2,2
3,8,6,72,0.8,1,1,1,1,1,497.61,0,10,1,3,1,3,16,1,1,1,1
3,8,6,73,1.8,2,3,2,2,1,237.09,1,1,1,1,2,2,19,1,1,3,3
3,8,6,74,0.1,1,3,1,1,1,286.51,1,15,1,3,1,3,13,3,3,1,1
3,8,6,75,0.8,2,3,2,2,1,271.23,1,14,3,3,2,2,16,3,3,1,1
3,8,6,76,0.05,1,2,1,1,1,351.75,0,11,3,3,3,3,7,3,1,2,2
3,8,6,77,0.05,1,2,1,1,1,312.85,0,12,1,3,1,3,16,1,3,2,2
3,8,6,78,0.05,2,2,2,2,1,302.53,0,10,1,3,2,2,1,1,1,2,2
3,8,7,1,0.1,1,1,1,1,1,318.13,0,7,3,3,3,3,19,3,1,3,1
3,8,7,2,1.8,1,2,1,1,1,222.82,1,3,1,3,1,3,10,1,3,2,2
3,8,7,3,0.05,1,2,1,1,1,252.33,1,5,1,1,1,1,18,1,3,2,2
3,8,7,4,0.8,1,1,NaN,NaN,NaN,NaN,NaN,10,3,3,3,3,6,1,3,1,3
3,8,7,5,0.8,1,1,1,1,1,225.91,1,13,1,1,1,1,10,1,1,1,1
3,8,7,6,0.05,2,1,2,1,0,304.2,0,9,1,3,2,2,10,1,1,1,1
3,8,7,7,0.4,2,1,2,1,0,437.83,0,16,1,1,2,2,5,3,3,3,3
3,8,7,8,1.8,1,1,1,1,1,246.19,1,5,1,3,1,3,14,1,3,1,3
3,8,7,9,0.4,2,1,2,2,1,289.28,1,2,1,3,2,2,18,3,3,3,3
3,8,7,10,1.8,1,2,1,1,1,395.6,0,11,1,3,1,3,12,1,3,2,2
3,8,7,11,0.8,1,3,1,1,1,220.8,1,20,3,3,3,3,18,3,1,1,3
3,8,7,12,1.8,1,3,1,1,1,199.45,1,17,3,1,3,1,14,1,3,3,1
3,8,7,13,0.1,3,1,2,2,1,279.73,1,12,3,1,1,3,9,1,3,1,3
3,8,7,14,0.4,2,1,2,2,1,289.41,1,5,3,1,2,2,15,3,1,3,1
3,8,7,15,0.1,2,2,2,1,0,434.4,0,16,3,1,2,2,12,3,1,2,2
3,8,7,16,0.05,3,1,2,2,1,293.66,1,18,3,1,1,3,12,3,3,3,3
3,8,7,17,0.4,3,2,2,2,1,265.94,1,4,3,1,1,3,19,3,3,2,2
3,8,7,18,0.8,1,3,1,1,1,232.48,1,1,3,3,3,3,17,3,1,1,3
3,8,7,19,0.4,2,2,2,2,1,283.25,1,13,3,1,2,2,8,3,1,2,2
3,8,7,20,0.4,1,1,1,1,1,284.74,1,9,3,3,3,3,14,3,1,3,1
3,8,7,21,0.1,2,1,2,1,0,195.04,1,12,1,1,2,2,17,3,1,3,1
3,8,7,22,1.8,1,3,1,1,1,263.74,1,9,3,1,3,1,15,3,3,1,1
3,8,7,23,0.05,1,3,1,2,0,567.3,0,9,3,3,3,3,7,1,1,3,3
3,8,7,24,0.2,2,3,2,2,1,257.71,1,4,3,1,2,2,18,3,3,1,1
3,8,7,25,0.1,3,1,2,2,1,302.71,0,4,1,3,3,1,2,3,1,3,1
3,8,7,26,0.4,1,1,1,1,1,265.62,1,12,3,1,3,1,14,3,3,3,3
3,8,7,27,1.8,3,2,2,2,1,238.02,1,10,3,3,1,1,3,1,3,2,2
3,8,7,28,0.1,1,3,1,2,0,331.66,0,12,1,1,1,1,12,1,3,3,1
3,8,7,29,0.4,1,1,1,1,1,233.75,1,7,1,1,1,1,10,1,1,1,1
3,8,7,30,0.8,3,3,2,2,1,241.48,1,17,1,3,3,1,13,1,3,3,1
3,8,7,31,0.05,2,3,2,2,1,795.71,0,10,1,3,2,2,20,3,1,1,3
3,8,7,32,0.8,3,1,2,2,1,259.81,1,2,3,3,1,1,1,3,3,3,3
3,8,7,33,1.8,1,3,NaN,NaN,NaN,NaN,NaN,4,1,1,1,1,4,3,1,1,3
3,8,7,34,0.8,3,1,NaN,NaN,NaN,NaN,NaN,7,1,3,3,1,20,1,3,1,3
3,8,7,35,1.8,1,3,1,1,1,205.02,1,2,1,1,1,1,20,1,1,3,3
3,8,7,36,0.05,1,1,1,1,1,294.72,1,14,1,1,1,1,14,1,1,1,1
3,8,7,37,0.05,1,3,1,1,1,256.34,1,1,1,1,1,1,5,3,1,1,3
3,8,7,38,0.05,3,2,2,2,1,280.93,1,17,1,3,3,1,15,3,1,2,2
3,8,7,39,0.1,3,3,2,2,1,218.85,1,5,3,3,1,1,18,1,1,3,3
3,8,7,40,0.8,1,2,1,1,1,241.01,1,15,1,3,1,3,2,3,1,2,2
3,8,7,41,0.2,3,2,2,2,1,218.78,1,12,3,1,1,3,18,3,3,2,2
3,8,7,42,1.8,2,3,2,2,1,263.87,1,4,1,1,2,2,18,1,1,3,3
3,8,7,43,1.8,3,2,2,2,1,240.29,1,5,1,3,3,1,9,3,3,2,2
3,8,7,44,0.4,1,2,1,1,1,236.16,1,16,1,3,1,3,10,1,3,2,2
3,8,7,45,0.2,3,1,2,2,1,290.9,1,6,1,1,3,3,7,1,1,1,1
3,8,7,46,0.8,1,3,1,2,0,270.93,1,19,1,3,1,3,11,3,1,1,3
3,8,7,47,0.8,2,2,2,2,1,244.73,1,6,3,1,2,2,16,1,1,2,2
3,8,7,48,0.1,1,2,1,1,1,225.73,1,3,3,3,3,3,7,1,1,2,2
3,8,7,49,0.8,1,2,1,1,1,269.02,1,8,3,3,3,3,11,1,3,2,2
3,8,7,50,0.4,3,3,2,2,1,260.92,1,2,1,3,3,1,13,1,1,3,3
3,8,7,51,0.2,2,1,2,1,0,250.5,1,14,1,3,2,2,10,3,1,3,1
3,8,7,52,0.4,2,1,2,1,0,211.65,1,7,3,3,2,2,14,1,3,1,3
3,8,7,53,0.2,2,2,2,2,1,224.36,1,1,1,3,2,2,9,3,3,2,2
3,8,7,54,0.1,3,2,2,2,1,332.57,0,13,3,1,1,3,11,3,3,2,2
3,8,7,55,0.2,1,2,1,1,1,207.28,1,10,1,1,1,1,3,1,3,2,2
3,8,7,56,0.2,1,2,1,1,1,234.71,1,2,3,3,3,3,5,1,3,2,2
3,8,7,57,0.05,2,3,2,2,1,349.44,0,17,3,3,2,2,10,1,3,3,1
3,8,7,58,0.1,3,3,2,2,1,293.03,1,6,1,3,3,1,2,1,3,3,1
3,8,7,59,0.2,1,2,1,1,1,244.12,1,14,3,3,3,3,17,3,3,2,2
3,8,7,60,1.8,2,3,2,2,1,227.37,1,6,3,3,2,2,18,1,1,3,3
3,8,7,61,0.05,3,3,2,1,0,294.5,1,7,3,3,1,1,17,1,3,3,1
3,8,7,62,0.1,2,3,2,2,1,247.88,1,14,3,1,2,2,2,1,1,3,3
3,8,7,63,0.05,3,3,2,2,1,281.62,1,15,1,3,3,1,10,3,3,1,1
3,8,7,64,0.8,1,2,1,1,1,255.24,1,11,1,1,1,1,9,1,1,2,2
3,8,7,65,0.4,3,2,2,2,1,247.18,1,10,1,1,3,3,10,1,3,2,2
3,8,7,66,0.2,2,2,2,2,1,270.14,1,2,1,3,2,2,11,3,3,2,2
3,8,7,67,1.8,3,3,2,2,1,253.82,1,18,3,3,1,1,2,3,3,1,1
3,8,7,68,0.2,3,2,2,2,1,296.43,1,5,1,3,3,1,3,1,1,2,2
3,8,7,69,0.1,2,1,2,2,1,315.16,0,11,3,1,2,2,13,3,1,3,1
3,8,7,70,0.2,2,2,2,2,1,296.88,1,3,3,1,2,2,6,3,1,2,2
3,8,7,71,0.05,1,3,1,2,0,376.63,0,2,1,1,1,1,14,3,3,1,1
3,8,7,72,0.4,1,2,1,1,1,267.86,1,4,1,1,1,1,12,1,3,2,2
3,8,7,73,1.8,1,2,1,1,1,220.31,1,11,3,3,3,3,16,3,3,2,2
3,8,7,74,0.1,1,3,1,1,1,250.38,1,5,3,3,3,3,10,1,3,3,1
3,8,7,75,0.2,1,2,1,1,1,205.59,1,5,3,3,3,3,15,1,1,2,2
3,8,7,76,0.2,1,1,1,1,1,247.59,1,19,1,1,1,1,2,3,1,3,1
3,8,7,77,0.8,1,3,1,1,1,205.1,1,19,1,3,1,3,12,3,1,1,3
3,8,7,78,0.05,2,2,2,1,0,300.18,0,17,3,1,2,2,12,1,3,2,2
3,8,8,1,0.4,2,1,2,2,1,260.14,1,11,1,3,2,2,7,1,1,1,1
3,8,8,2,0.8,1,2,1,1,1,225.36,1,16,1,3,1,3,14,3,1,2,2
3,8,8,3,0.05,1,2,1,1,1,277.17,1,4,3,1,3,1,19,1,1,2,2
3,8,8,4,0.2,2,1,2,2,1,218.42,1,1,1,3,2,2,10,3,3,3,3
3,8,8,5,0.4,2,2,2,2,1,293.37,1,5,1,3,2,2,17,1,1,2,2
3,8,8,6,0.1,1,2,1,1,1,265.55,1,6,1,3,1,3,2,3,1,2,2
3,8,8,7,0.4,1,1,1,1,1,165.2,1,5,1,3,1,3,20,1,1,1,1
3,8,8,8,0.2,1,1,1,1,1,254.31,1,4,1,3,1,3,5,3,3,3,3
3,8,8,9,1.8,3,1,2,2,1,243.39,1,16,3,3,1,1,15,3,1,3,1
3,8,8,10,1.8,3,3,NaN,NaN,NaN,NaN,NaN,14,1,3,3,1,13,3,3,1,1
3,8,8,11,0.2,2,2,2,2,1,365.13,0,10,1,1,2,2,14,1,3,2,2
3,8,8,12,0.05,1,1,1,2,0,278.3,1,7,1,1,1,1,13,1,3,1,3
3,8,8,13,0.1,3,3,2,2,1,270.9,1,18,1,1,3,3,13,3,3,1,1
3,8,8,14,0.2,2,3,2,2,1,256.99,1,5,1,1,2,2,1,3,1,1,3
3,8,8,15,0.1,2,2,2,1,0,295.48,1,12,1,3,2,2,20,1,3,2,2
3,8,8,16,0.8,2,3,2,2,1,289.84,1,10,3,1,2,2,13,1,3,3,1
3,8,8,17,0.4,3,2,2,1,0,327.87,0,15,1,1,3,3,15,1,1,2,2
3,8,8,18,0.4,2,1,2,2,1,299.34,1,6,3,1,2,2,3,3,3,3,3
3,8,8,19,0.4,1,2,1,1,1,307.22,0,20,1,3,1,3,4,1,1,2,2
3,8,8,20,0.4,1,2,1,1,1,253.4,1,2,1,1,1,1,10,1,3,2,2
3,8,8,21,0.1,2,3,2,2,1,335.47,0,6,1,3,2,2,18,1,1,3,3
3,8,8,22,0.8,1,3,1,1,1,238.19,1,4,1,1,1,1,8,1,1,3,3
3,8,8,23,0.8,1,2,1,1,1,220.27,1,8,3,3,3,3,1,1,1,2,2
3,8,8,24,1.8,2,2,2,2,1,225.63,1,4,3,1,2,2,9,1,3,2,2
3,8,8,25,0.05,1,2,1,1,1,321.23,0,6,3,1,3,1,7,3,1,2,2
3,8,8,26,0.8,1,1,1,1,1,209.21,1,2,3,3,3,3,6,3,1,3,1
3,8,8,27,0.8,3,2,2,2,1,236.15,1,14,3,3,1,1,4,1,1,2,2
3,8,8,28,0.1,3,2,2,2,1,266.77,1,17,1,1,3,3,8,3,1,2,2
3,8,8,29,0.4,3,3,2,2,1,257.42,1,19,3,3,1,1,16,3,1,1,3
3,8,8,30,1.8,3,1,2,2,1,242.08,1,2,1,1,3,3,7,1,3,1,3
3,8,8,31,0.4,2,1,2,2,1,273.72,1,17,3,3,2,2,17,3,3,3,3
3,8,8,32,0.05,1,2,1,2,0,2381.2,0,10,1,3,1,3,14,1,1,2,2
3,8,8,33,0.05,2,3,2,2,1,293.58,1,3,3,3,2,2,15,3,1,1,3
3,8,8,34,0.2,3,2,2,2,1,270.72,1,9,1,3,3,1,7,1,1,2,2
3,8,8,35,0.4,3,1,2,2,1,261.76,1,18,3,1,1,3,13,1,3,1,3
3,8,8,36,0.2,3,3,2,2,1,355.72,0,20,1,1,3,3,15,1,3,3,1
3,8,8,37,0.2,3,1,2,2,1,251.82,1,2,1,3,3,1,15,1,1,1,1
3,8,8,38,0.8,2,1,2,1,0,203.29,1,12,1,1,2,2,18,1,1,1,1
3,8,8,39,0.1,1,2,1,1,1,287.92,1,3,1,1,1,1,1,3,1,2,2
3,8,8,40,1.8,2,3,2,2,1,234.88,1,7,1,3,2,2,6,1,3,3,1
3,8,8,41,0.8,1,2,1,1,1,203.06,1,14,3,3,3,3,19,3,3,2,2
3,8,8,42,1.8,1,3,1,1,1,275.4,1,10,1,1,1,1,4,3,3,1,1
3,8,8,43,0.1,1,3,1,1,1,303.25,0,8,1,1,1,1,8,3,3,1,1
3,8,8,44,1.8,3,1,2,2,1,220.83,1,20,3,3,1,1,20,1,3,1,3
3,8,8,45,0.4,2,1,2,2,1,330.83,0,19,1,3,2,2,5,3,3,3,3
3,8,8,46,1.8,2,3,2,2,1,259.7,1,12,3,1,2,2,1,3,1,1,3
3,8,8,47,0.1,3,2,2,2,1,306.14,0,2,1,1,3,3,14,1,1,2,2
3,8,8,48,0.2,1,1,1,1,1,248.55,1,18,3,3,3,3,2,1,3,1,3
3,8,8,49,0.8,1,3,1,1,1,307.97,0,7,1,1,1,1,3,1,1,3,3
3,8,8,50,0.1,1,3,1,2,0,340.68,0,18,3,3,3,3,17,3,3,1,1
3,8,8,51,0.05,3,2,2,2,1,280.73,1,16,1,3,3,1,9,1,1,2,2
3,8,8,52,0.05,1,3,1,1,1,285.7,1,8,1,1,1,1,5,3,3,1,1
3,8,8,53,0.8,3,1,NaN,NaN,NaN,NaN,NaN,6,3,3,1,1,9,1,1,1,1
3,8,8,54,1.8,1,2,NaN,NaN,NaN,NaN,NaN,13,1,1,1,1,12,3,3,2,2
3,8,8,55,1.8,1,3,1,1,1,247.14,1,11,1,3,1,3,10,3,3,1,1
3,8,8,56,0.05,2,3,2,2,1,349.72,0,20,3,1,2,2,12,1,3,3,1
3,8,8,57,0.05,3,3,2,1,0,317.7,0,20,1,3,3,1,2,1,1,3,3
3,8,8,58,0.05,1,3,1,1,1,282.75,1,9,3,3,3,3,1,3,1,1,3
3,8,8,59,0.2,3,1,NaN,NaN,NaN,NaN,NaN,9,1,3,3,1,11,1,1,1,1
3,8,8,60,0.8,2,3,2,1,0,308.02,0,1,3,1,2,2,10,1,1,3,3
3,8,8,61,0.4,2,1,2,2,1,259.72,1,4,1,1,2,2,6,1,1,1,1
3,8,8,62,0.05,3,1,2,2,1,394.03,0,18,3,3,1,1,6,3,3,3,3
3,8,8,63,0.1,2,3,2,2,1,348.96,0,12,3,1,2,2,1,3,1,1,3
3,8,8,64,0.2,1,3,1,1,1,205.74,1,19,3,1,3,1,11,1,1,3,3
3,8,8,65,1.8,1,1,1,1,1,264.99,1,18,3,3,3,3,7,3,1,3,1
3,8,8,66,1.8,1,2,1,1,1,246.53,1,3,3,1,3,1,16,1,3,2,2
3,8,8,67,0.1,2,1,2,2,1,266.5,1,4,3,1,2,2,10,3,1,3,1
3,8,8,68,0.05,2,1,2,2,1,320.19,0,16,3,3,2,2,13,3,3,3,3
3,8,8,69,0.8,3,1,2,2,1,250.68,1,10,3,3,1,1,5,1,3,1,3
3,8,8,70,0.1,3,3,2,2,1,235.81,1,2,1,1,3,3,4,1,3,3,1
3,8,8,71,0.2,3,2,2,2,1,256.59,1,12,3,1,1,3,6,3,1,2,2
3,8,8,72,0.2,1,3,1,2,0,265.7,1,9,3,1,3,1,15,3,1,1,3
3,8,8,73,0.05,1,1,1,1,1,241.62,1,1,1,1,1,1,5,1,3,1,3
3,8,8,74,0.1,1,3,1,1,1,223.51,1,16,1,3,1,3,5,3,3,1,1
3,8,8,75,0.2,2,3,2,2,1,234.81,1,1,1,3,2,2,4,3,1,1,3
3,8,8,76,0.4,2,3,2,2,1,244.01,1,3,3,1,2,2,19,3,1,1,3
3,8,8,77,1.8,1,3,1,1,1,262.63,1,3,1,3,1,3,15,1,1,3,3
3,8,8,78,0.8,2,2,2,2,1,259.16,1,4,3,3,2,2,14,3,3,2,2
3,8,9,1,0.1,1,3,1,1,1,318.83,0,20,3,1,3,1,9,1,3,3,1
3,8,9,2,0.8,1,3,1,2,0,256.63,1,6,3,3,3,3,11,1,3,3,1
3,8,9,3,0.2,3,2,2,2,1,165.92,1,15,3,1,1,3,14,3,1,2,2
3,8,9,4,0.8,1,3,1,1,1,253.46,1,3,3,3,3,3,4,3,1,1,3
3,8,9,5,1.8,2,3,2,2,1,221.99,1,6,3,1,2,2,13,3,1,1,3
3,8,9,6,1.8,1,3,1,1,1,362.21,0,2,3,1,3,1,8,3,3,1,1
3,8,9,7,0.05,2,3,2,2,1,272.85,1,8,3,3,2,2,16,3,1,1,3
3,8,9,8,1.8,3,2,NaN,NaN,NaN,NaN,NaN,8,1,3,3,1,17,1,3,2,2
3,8,9,9,0.2,1,2,1,1,1,279.23,1,3,3,3,3,3,3,1,3,2,2
3,8,9,10,0.8,1,1,1,1,1,220.93,1,9,3,3,3,3,4,3,3,3,3
3,8,9,11,0.05,2,1,2,2,1,573.93,0,18,3,3,2,2,14,1,3,1,3
3,8,9,12,0.4,1,2,1,1,1,267.51,1,8,3,1,3,1,3,1,1,2,2
3,8,9,13,0.4,1,3,1,1,1,204.65,1,7,1,1,1,1,7,3,1,1,3
3,8,9,14,0.05,1,3,1,1,1,497.86,0,3,1,3,1,3,13,1,1,3,3
3,8,9,15,0.05,1,3,1,1,1,386.72,0,2,3,1,3,1,3,1,1,3,3
3,8,9,16,0.4,1,1,1,1,1,240.74,1,10,3,1,3,1,6,3,1,3,1
3,8,9,17,1.8,3,3,2,2,1,317.38,0,2,3,3,1,1,8,3,3,1,1
3,8,9,18,0.1,3,2,2,2,1,335.28,0,14,3,3,1,1,3,1,3,2,2
3,8,9,19,0.1,2,3,2,2,1,285.63,1,4,1,3,2,2,5,3,3,1,1
3,8,9,20,0.1,2,2,2,2,1,186.57,1,11,3,3,2,2,15,1,1,2,2
3,8,9,21,1.8,1,1,NaN,NaN,NaN,NaN,NaN,9,3,3,3,3,6,1,3,1,3
3,8,9,22,0.4,1,1,1,1,1,312.48,0,16,1,1,1,1,12,3,3,3,3
3,8,9,23,0.8,3,1,2,2,1,236.21,1,18,1,3,3,1,3,3,3,3,3
3,8,9,24,0.2,3,2,2,2,1,318.01,0,1,3,1,1,3,6,1,1,2,2
3,8,9,25,0.1,3,1,2,2,1,294.89,1,7,1,3,3,1,1,1,1,1,1
3,8,9,26,0.05,1,3,1,1,1,267.45,1,15,1,3,1,3,8,1,3,3,1
3,8,9,27,0.4,2,1,2,2,1,206.84,1,2,3,1,2,2,4,3,1,3,1
3,8,9,28,0.4,2,2,2,1,0,145.42,1,16,3,1,2,2,14,3,3,2,2
3,8,9,29,0.4,1,3,1,1,1,265.14,1,4,1,1,1,1,3,3,1,1,3
3,8,9,30,1.8,1,2,NaN,NaN,NaN,NaN,NaN,15,1,3,1,3,10,1,3,2,2
3,8,9,31,0.1,3,3,2,2,1,298.2,1,6,1,1,3,3,18,1,3,3,1
3,8,9,32,0.05,1,3,1,1,1,326.55,0,20,1,1,1,1,12,1,3,3,1
3,8,9,33,0.2,2,2,2,2,1,292.03,1,1,1,3,2,2,14,1,3,2,2
3,8,9,34,0.4,1,3,1,1,1,302.85,0,3,3,1,3,1,14,3,3,1,1
3,8,9,35,0.4,2,2,2,2,1,332.9,0,6,1,3,2,2,11,1,3,2,2
3,8,9,36,0.2,1,1,1,1,1,247.58,1,16,3,1,3,1,11,3,1,3,1
3,8,9,37,0.8,3,2,2,2,1,290.31,1,4,1,3,3,1,12,3,3,2,2
3,8,9,38,0.2,1,3,1,1,1,247.53,1,15,1,3,1,3,3,3,3,1,1
3,8,9,39,0.8,3,2,2,2,1,267.62,1,19,1,1,3,3,3,1,1,2,2
3,8,9,40,0.8,3,3,2,2,1,253.16,1,8,1,1,3,3,7,1,1,3,3
3,8,9,41,0.1,1,1,1,1,1,340.7,0,6,1,1,1,1,20,3,1,3,1
3,8,9,42,0.05,1,1,1,1,1,278.82,1,19,1,3,1,3,13,1,1,1,1
3,8,9,43,0.05,1,3,1,1,1,265.44,1,17,3,1,3,1,12,3,3,1,1
3,8,9,44,0.8,2,2,2,1,0,214.75,1,19,1,3,2,2,15,1,1,2,2
3,8,9,45,0.2,1,1,1,1,1,91.844,2,5,1,3,1,3,15,3,3,3,3
3,8,9,46,0.4,1,2,1,1,1,266.5,1,16,1,1,1,1,20,3,3,2,2
3,8,9,47,1.8,3,1,2,2,1,266.92,1,6,3,3,1,1,15,3,1,3,1
3,8,9,48,0.2,3,3,2,2,1,345.59,0,2,3,3,1,1,12,1,1,3,3
3,8,9,49,0.2,3,3,2,2,1,309.97,0,9,3,3,1,1,15,1,1,3,3
3,8,9,50,0.1,1,1,1,2,0,257.96,1,4,1,3,1,3,13,1,3,1,3
3,8,9,51,0.1,3,2,2,2,1,359.2,0,7,1,1,3,3,5,1,1,2,2
3,8,9,52,0.4,1,1,1,1,1,238.05,1,19,3,3,3,3,2,3,1,3,1
3,8,9,53,0.1,1,2,1,1,1,216.81,1,12,1,3,1,3,4,1,1,2,2
3,8,9,54,0.1,1,3,1,2,0,358.79,0,20,1,1,1,1,19,3,1,1,3
3,8,9,55,1.8,1,2,1,1,1,221.65,1,11,1,1,1,1,1,3,3,2,2
3,8,9,56,0.05,2,3,2,2,1,320.28,0,5,1,3,2,2,17,3,1,1,3
3,8,9,57,0.05,2,2,2,2,1,337.55,0,20,1,1,2,2,11,1,1,2,2
3,8,9,58,0.8,3,3,2,2,1,248.84,1,7,3,3,1,1,12,3,1,1,3
3,8,9,59,1.8,2,1,2,2,1,302.37,0,2,3,1,2,2,1,3,1,3,1
3,8,9,60,0.2,1,2,1,2,0,254.11,1,9,1,3,1,3,9,3,1,2,2
3,8,9,61,0.1,3,1,2,2,1,277.95,1,2,3,3,1,1,13,3,3,3,3
3,8,9,62,0.2,2,1,2,1,0,397.14,0,15,3,1,2,2,15,1,3,1,3
3,8,9,63,0.05,1,2,1,1,1,302.7,0,14,1,3,1,3,9,1,3,2,2
3,8,9,64,0.4,3,2,2,2,1,269.55,1,5,3,3,1,1,20,3,3,2,2
3,8,9,65,0.05,1,2,1,2,0,268.36,1,20,3,3,3,3,7,1,3,2,2
3,8,9,66,0.1,2,3,2,2,1,277.03,1,1,3,3,2,2,20,1,1,3,3
3,8,9,67,0.05,1,1,1,2,0,375.75,0,17,1,1,1,1,17,3,3,3,3
3,8,9,68,0.8,2,3,2,2,1,239.63,1,10,1,3,2,2,7,1,1,3,3
3,8,9,69,0.8,1,1,1,1,1,232.55,1,16,1,1,1,1,11,1,3,1,3
3,8,9,70,0.2,2,1,2,2,1,269.7,1,6,1,1,2,2,18,3,1,3,1
3,8,9,71,1.8,1,3,1,1,1,209.42,1,12,3,3,3,3,3,3,1,1,3
3,8,9,72,1.8,1,3,1,1,1,216.22,1,17,3,1,3,1,20,3,1,1,3
3,8,9,73,1.8,1,2,1,1,1,208.7,1,17,1,3,1,3,19,3,3,2,2
3,8,9,74,0.2,1,2,1,1,1,250.56,1,10,3,3,3,3,17,3,3,2,2
3,8,9,75,1.8,1,1,1,1,1,249.78,1,2,3,3,3,3,11,1,3,1,3
3,8,9,76,0.4,1,1,1,2,0,233.75,1,1,3,1,3,1,14,1,3,1,3
3,8,9,77,0.8,3,2,2,2,1,269.45,1,4,3,1,1,3,20,3,3,2,2
3,8,9,78,0.8,2,1,NaN,NaN,NaN,NaN,NaN,14,1,3,2,2,9,1,3,1,3
3,8,10,1,0.05,3,1,2,2,1,292.83,1,11,1,1,3,3,3,1,3,1,3
3,8,10,2,0.4,2,3,2,2,1,262.33,1,6,3,1,2,2,11,3,1,1,3
3,8,10,3,1.8,2,3,2,1,0,200.65,1,12,1,1,2,2,4,1,1,3,3
3,8,10,4,1.8,1,1,1,1,1,216.76,1,2,1,1,1,1,5,3,3,3,3
3,8,10,5,0.05,2,2,2,2,1,326.85,0,7,1,3,2,2,12,3,3,2,2
3,8,10,6,0.4,2,3,2,2,1,274.75,1,5,3,3,2,2,8,3,1,1,3
3,8,10,7,0.2,1,3,1,1,1,228.54,1,12,3,1,3,1,7,3,3,1,1
3,8,10,8,0.8,1,1,1,1,1,217.19,1,3,3,3,3,3,9,3,1,3,1
3,8,10,9,0.8,3,3,2,2,1,220.45,1,15,3,3,1,1,17,3,1,1,3
3,8,10,10,1.8,3,3,NaN,NaN,NaN,NaN,NaN,2,1,1,3,3,16,3,3,1,1
3,8,10,11,0.05,3,2,2,2,1,321.04,0,15,1,1,3,3,11,1,1,2,2
3,8,10,12,0.2,1,3,1,1,1,304.58,0,15,1,1,1,1,9,3,1,1,3
3,8,10,13,0.05,1,3,1,2,0,282.49,1,18,3,1,3,1,5,3,1,1,3
3,8,10,14,0.1,1,1,1,1,1,353.07,0,19,1,3,1,3,17,1,1,1,1
3,8,10,15,0.2,3,3,2,2,1,125.32,1,18,3,1,1,3,8,3,3,1,1
3,8,10,16,0.05,2,2,2,2,1,307.38,0,6,3,1,2,2,2,3,1,2,2
3,8,10,17,0.05,1,1,1,1,1,255.13,1,16,1,1,1,1,13,1,1,1,1
3,8,10,18,0.1,3,1,2,2,1,340.01,0,17,1,3,3,1,16,3,3,3,3
3,8,10,19,1.8,1,3,1,1,1,214.76,1,18,1,3,1,3,9,1,1,3,3
3,8,10,20,0.8,1,2,1,1,1,230.63,1,6,3,3,3,3,20,1,3,2,2
3,8,10,21,0.8,2,1,2,2,1,211.14,1,8,3,1,2,2,9,3,1,3,1
3,8,10,22,1.8,1,1,1,1,1,256.32,1,7,3,1,3,1,15,1,3,1,3
3,8,10,23,0.8,1,1,1,1,1,262.06,1,19,3,3,3,3,6,1,3,1,3
3,8,10,24,1.8,1,1,1,1,1,219.31,1,19,3,3,3,3,3,1,3,1,3
3,8,10,25,0.4,1,2,1,1,1,514.28,0,15,3,3,3,3,5,1,1,2,2
3,8,10,26,1.8,1,2,1,1,1,255.07,1,5,1,1,1,1,20,1,3,2,2
3,8,10,27,1.8,1,3,1,1,1,231.66,1,14,3,1,3,1,13,3,1,1,3
3,8,10,28,0.4,3,3,2,2,1,271.09,1,13,3,3,1,1,11,1,3,3,1
3,8,10,29,0.2,1,2,1,1,1,224.23,1,17,3,1,3,1,20,3,1,2,2
3,8,10,30,0.8,2,1,2,2,1,213.4,1,9,1,1,2,2,6,3,1,3,1
3,8,10,31,0.1,1,1,1,1,1,507.24,0,9,3,3,3,3,5,1,1,1,1
3,8,10,32,0.8,2,2,2,2,1,239.78,1,13,1,3,2,2,14,3,1,2,2
3,8,10,33,0.1,1,1,1,1,1,242.63,1,15,3,1,3,1,6,1,3,1,3
3,8,10,34,0.8,1,3,1,1,1,201.08,1,1,1,1,1,1,2,3,1,1,3
3,8,10,35,0.8,3,2,2,2,1,244.47,1,2,3,3,1,1,15,1,3,2,2
3,8,10,36,0.1,3,1,2,1,0,315.08,0,10,3,3,1,1,13,3,1,3,1
3,8,10,37,0.4,3,1,2,2,1,335.56,0,6,3,1,1,3,6,1,1,1,1
3,8,10,38,0.2,1,2,1,1,1,239.87,1,15,3,3,3,3,2,1,1,2,2
3,8,10,39,0.1,2,2,2,2,1,334.4,0,17,3,3,2,2,2,1,3,2,2
3,8,10,40,0.4,3,3,2,2,1,261.11,1,10,1,1,3,3,1,1,3,3,1
3,8,10,41,0.1,1,3,1,1,1,346.5,0,8,3,1,3,1,5,1,3,3,1
3,8,10,42,1.8,1,3,1,1,1,202.43,1,6,3,1,3,1,10,1,1,3,3
3,8,10,43,0.4,1,3,1,1,1,234.52,1,3,3,3,3,3,8,3,3,1,1
3,8,10,44,0.4,2,3,2,2,1,233.45,1,4,3,1,2,2,15,1,3,3,1
3,8,10,45,0.8,2,2,2,2,1,272.2,1,8,3,3,2,2,2,3,3,2,2
3,8,10,46,0.4,2,2,2,1,0,251.76,1,8,3,1,2,2,7,3,1,2,2
3,8,10,47,0.8,2,1,2,2,1,272.83,1,11,1,3,2,2,7,3,3,3,3
3,8,10,48,0.1,3,1,2,2,1,264.39,1,2,1,3,3,1,19,3,3,3,3
3,8,10,49,0.2,1,1,1,1,1,265.47,1,14,1,1,1,1,1,3,3,3,3
3,8,10,50,0.1,2,3,2,2,1,328.66,0,7,1,1,2,2,13,3,1,1,3
3,8,10,51,0.1,1,2,1,1,1,281.18,1,3,3,3,3,3,19,1,1,2,2
3,8,10,52,1.8,2,2,2,2,1,238.04,1,3,1,1,2,2,2,3,3,2,2
3,8,10,53,0.2,1,2,1,1,1,232.59,1,11,1,3,1,3,18,1,3,2,2
3,8,10,54,1.8,3,3,2,2,1,238.54,1,16,1,3,3,1,12,1,3,3,1
3,8,10,55,0.4,1,3,1,1,1,259.01,1,17,1,1,1,1,12,3,3,1,1
3,8,10,56,0.2,2,3,2,2,1,268.01,1,20,3,3,2,2,18,3,1,1,3
3,8,10,57,0.05,1,2,1,1,1,264.9,1,7,3,1,3,1,15,3,1,2,2
3,8,10,58,0.2,3,3,2,2,1,195.19,1,4,1,1,3,3,16,3,1,1,3
3,8,10,59,0.8,2,2,2,2,1,292.54,1,18,1,1,2,2,3,1,3,2,2
3,8,10,60,0.2,3,3,2,2,1,287.64,1,10,3,3,1,1,13,3,3,1,1
3,8,10,61,0.1,3,2,2,2,1,246.09,1,20,1,1,3,3,15,3,1,2,2
3,8,10,62,0.05,3,3,2,2,1,290.42,1,1,1,1,3,3,4,1,1,3,3
3,8,10,63,0.1,3,2,2,2,1,231.04,1,17,3,1,1,3,18,3,3,2,2
3,8,10,64,1.8,3,3,2,2,1,248.21,1,20,1,1,3,3,9,3,1,1,3
3,8,10,65,0.4,1,1,1,1,1,338.6,0,13,1,3,1,3,18,3,3,3,3
3,8,10,66,0.2,1,2,1,1,1,387.86,0,15,1,3,1,3,8,3,1,2,2
3,8,10,67,1.8,1,1,1,1,1,244.86,1,12,1,1,1,1,19,1,1,1,1
3,8,10,68,0.05,3,1,2,1,0,332.92,0,12,3,3,1,1,14,1,1,1,1
3,8,10,69,0.05,1,2,1,1,1,273.95,1,5,1,1,1,1,11,3,3,2,2
3,8,10,70,0.05,1,2,1,1,1,255.69,1,17,3,1,3,1,8,3,1,2,2
3,8,10,71,0.8,2,2,NaN,NaN,NaN,NaN,NaN,20,3,1,2,2,5,3,3,2,2
3,8,10,72,0.1,3,3,2,2,1,285.68,1,7,1,1,3,3,17,3,3,1,1
3,8,10,73,0.4,2,1,2,2,1,292.6,1,20,3,3,2,2,7,1,3,1,3
3,8,10,74,0.2,1,1,1,1,1,242.93,1,3,1,1,1,1,14,3,1,3,1
3,8,10,75,0.05,2,2,2,2,1,401.63,0,18,1,3,2,2,4,1,1,2,2
3,8,10,76,0.4,1,1,NaN,NaN,NaN,NaN,NaN,15,3,3,3,3,2,1,1,1,1
3,8,10,77,0.2,1,3,1,1,1,213.37,1,17,1,1,1,1,9,1,1,3,3
3,8,10,78,0.05,3,1,2,1,0,318.17,0,12,1,1,3,3,10,1,1,1,1
