4,12,1,1,0.8,2,1,2,2,1,252.34,1,18,3,3,2,2,12,3,1,3,1
4,12,1,2,0.05,1,3,1,1,1,225.83,1,9,1,3,1,3,14,3,1,1,3
4,12,1,3,0.1,2,2,2,2,1,455.45,0,9,1,3,2,2,13,1,3,2,2
4,12,1,4,0.4,1,1,1,1,1,237.47,1,8,3,1,3,1,11,3,3,3,3
4,12,1,5,0.4,3,2,2,2,1,215.56,1,14,3,1,1,3,4,3,3,2,2
4,12,1,6,0.4,1,3,1,1,1,162.07,1,16,3,3,3,3,5,3,3,1,1
4,12,1,7,1.8,1,1,1,1,1,224.37,1,16,1,1,1,1,2,3,1,3,1
4,12,1,8,0.1,2,3,2,2,1,276.11,1,14,3,3,2,2,1,1,3,3,1
4,12,1,9,0.8,1,3,NaN,NaN,NaN,NaN,NaN,18,1,1,1,1,1,1,3,3,1
4,12,1,10,0.05,1,2,1,1,1,240.15,1,1,1,1,1,1,2,3,3,2,2
4,12,1,11,0.05,1,3,1,1,1,254.37,1,12,1,1,1,1,19,1,3,3,1
4,12,1,12,1.8,2,2,2,1,0,288.87,1,18,1,3,2,2,6,1,1,2,2
4,12,1,13,1.8,1,1,1,1,1,201.01,1,5,3,3,3,3,16,3,1,3,1
4,12,1,14,0.05,1,3,1,1,1,247.62,1,18,1,1,1,1,10,3,3,1,1
4,12,1,15,1.8,1,1,1,1,1,224.24,1,20,3,3,3,3,15,3,3,3,3
4,12,1,16,0.8,1,2,1,1,1,235.77,1,4,3,3,3,3,7,3,1,2,2
4,12,1,17,0.8,3,1,2,2,1,245.33,1,15,3,1,1,3,6,1,1,1,1
4,12,1,18,1.8,1,1,NaN,NaN,NaN,NaN,NaN,10,3,3,3,3,5,1,3,1,3
4,12,1,19,0.4,1,3,1,1,1,212.83,1,10,1,1,1,1,12,3,3,1,1
4,12,1,20,0.2,1,3,1,1,1,247.33,1,9,3,1,3,1,10,1,3,3,1
4,12,1,21,0.4,2,3,2,2,1,252.23,1,5,1,1,2,2,1,3,1,1,3
4,12,1,22,0.1,2,1,2,2,1,308.99,0,20,1,3,2,2,2,3,3,3,3
4,12,1,23,1.8,3,3,2,2,1,223.05,1,10,1,1,3,3,12,1,3,3,1
4,12,1,24,0.05,3,2,2,2,1,290.79,1,14,1,3,3,1,15,1,1,2,2
4,12,1,25,0.1,1,2,1,1,1,265.47,1,12,3,3,3,3,10,1,3,2,2
4,12,1,26,0.2,2,2,2,2,1,210.1,1,11,3,1,2,2,19,3,3,2,2
4,12,1,27,0.1,1,3,1,1,1,212.21,1,17,1,1,1,1,16,3,3,1,1
4,12,1,28,0.4,1,1,1,1,1,245.81,1,3,1,3,1,3,15,1,3,1,3
4,12,1,29,0.8,2,1,2,1,0,304.95,0,12,3,1,2,2,13,3,1,3,1
4,12,1,30,0.8,3,1,2,2,1,202.36,1,11,1,1,3,3,7,3,3,3,3
4,12,1,31,0.05,2,2,2,2,1,305.07,0,3,1,1,2,2,10,1,1,2,2
4,12,1,32,0.4,1,3,1,1,1,207.53,1,3,1,3,1,3,20,1,3,3,1
4,12,1,33,0.4,1,1,1,1,1,192.46,1,18,1,3,1,3,5,3,1,3,1
4,12,1,34,0.05,1,3,1,1,1,289.75,1,16,1,1,1,1,12,1,1,3,3
4,12,1,35,0.1,1,1,1,1,1,228.39,1,11,1,3,1,3,20,1,1,1,1
4,12,1,36,1.8,3,3,2,2,1,187.83,1,11,3,3,1,1,16,3,1,1,3
4,12,1,37,0.4,1,2,1,1,1,220.54,1,16,1,1,1,1,18,3,1,2,2
4,12,1,38,0.2,3,3,2,2,1,222.35,1,9,3,3,1,1,13,1,3,3,1
4,12,1,39,0.1,3,1,2,2,1,309.29,0,19,3,3,1,1,6,3,1,3,1
4,12,1,40,0.4,1,2,1,1,1,271.62,1,15,1,1,1,1,18,3,3,2,2
4,12,1,41,0.05,3,3,2,2,1,280.59,1,12,1,3,3,1,11,3,1,1,3
4,12,1,42,0.2,1,3,1,1,1,210.9,1,10,3,1,3,1,3,1,1,3,3
4,12,1,43,0.8,3,1,2,2,1,224.66,1,5,1,1,3,3,20,3,3,3,3
4,12,1,44,0.2,3,2,2,1,0,305.37,0,10,3,1,1,3,13,3,1,2,2
4,12,1,45,0.1,1,3,1,1,1,381.13,0,4,1,1,1,1,4,1,1,3,3
4,12,1,46,0.05,1,1,1,1,1,226.81,1,19,1,1,1,1,9,1,1,1,1
4,12,1,47,0.2,1,2,1,1,1,226.82,1,7,3,1,3,1,16,3,1,2,2
4,12,1,48,1.8,2,3,2,2,1,211.23,1,16,3,3,2,2,16,3,1,1,3
4,12,1,49,1.8,3,1,NaN,NaN,NaN,NaN,NaN,19,1,3,3,1,13,1,3,1,3
4,12,1,50,0.8,1,3,NaN,NaN,NaN,NaN,NaN,9,1,3,1,3,6,3,1,1,3
4,12,1,51,0.4,1,3,1,1,1,196.45,1,13,3,3,3,3,10,1,1,3,3
4,12,1,52,0.1,1,2,1,1,1,254.01,1,14,3,3,3,3,16,1,1,2,2
4,12,1,53,0.4,1,2,1,1,1,201.62,1,13,3,1,3,1,2,3,1,2,2
4,12,1,54,0.1,1,1,1,1,1,304.55,0,8,3,1,3,1,13,1,1,1,1
4,12,1,55,1.8,1,2,NaN,NaN,NaN,NaN,NaN,2,3,3,3,3,19,1,3,2,2
4,12,1,56,0.2,3,1,2,2,1,227.45,1,10,1,3,3,1,2,1,1,1,1
4,12,1,57,0.8,2,1,2,2,1,213.31,1,3,1,1,2,2,2,1,3,1,3
4,12,1,58,0.2,3,1,2,2,1,222,1,12,1,3,3,1,4,3,3,3,3
4,12,1,59,0.1,1,3,1,1,1,229.65,1,7,1,1,1,1,13,1,3,3,1
4,12,1,60,1.8,2,2,2,2,1,183.62,1,7,1,1,2,2,13,1,3,2,2
4,12,1,61,0.8,2,1,2,1,0,245.76,1,7,3,3,2,2,8,3,1,3,1
4,12,1,62,0.1,1,3,1,1,1,250.81,1,13,1,1,1,1,6,1,1,3,3
4,12,1,63,0.05,3,3,2,2,1,296.06,1,18,1,1,3,3,18,1,1,3,3
4,12,1,64,0.4,3,3,2,2,1,240.35,1,17,3,1,1,3,4,1,1,3,3
4,12,1,65,0.8,2,3,2,2,1,235.71,1,2,1,3,2,2,1,1,1,3,3
4,12,1,66,0.8,1,2,1,1,1,224.92,1,13,3,1,3,1,4,1,1,2,2
4,12,1,67,0.05,3,3,2,2,1,315.78,0,17,3,1,1,3,5,3,3,1,1
4,12,1,68,0.2,3,1,2,2,1,229.49,1,15,3,1,1,3,19,3,3,3,3
4,12,1,69,0.2,1,3,1,1,1,217.04,1,7,1,1,1,1,4,1,1,3,3
4,12,1,70,0.2,1,1,1,1,1,256.27,1,2,3,3,3,3,15,3,3,3,3
4,12,1,71,0.8,1,2,1,1,1,233.25,1,12,1,3,1,3,10,3,3,2,2
4,12,1,72,1.8,2,3,2,1,0,207.94,1,5,3,1,2,2,5,1,3,3,1
4,12,1,73,1.8,1,1,1,2,0,226.9,1,15,3,1,3,1,4,1,1,1,1
4,12,1,74,0.05,2,3,2,1,0,266.12,1,13,3,3,2,2,19,3,3,1,1
4,12,1,75,0.2,1,3,1,1,1,216.59,1,6,3,1,3,1,2,3,3,1,1
4,12,1,76,0.2,2,1,2,2,1,245.98,1,5,1,3,2,2,16,3,3,3,3
4,12,1,77,0.05,1,1,1,1,1,270.33,1,10,3,3,3,3,16,3,1,3,1
4,12,1,78,0.1,1,1,1,1,1,200.63,1,18,3,1,3,1,14,3,3,3,3
4,12,2,1,0.8,1,2,1,1,1,228.37,1,14,1,3,1,3,12,1,1,2,2
4,12,2,2,0.8,2,3,2,2,1,223.63,1,4,1,3,2,2,7,1,1,3,3
4,12,2,3,0.1,1,3,1,1,1,194.52,1,7,1,1,1,1,20,3,3,1,1
4,12,2,4,1.8,1,3,1,1,1,220.38,1,12,3,1,3,1,8,1,1,3,3
4,12,2,5,0.1,2,1,2,2,1,210.4,1,9,1,1,2,2,11,3,3,3,3
4,12,2,6,0.2,1,2,1,1,1,223.33,1,13,3,1,3,1,15,3,3,2,2
4,12,2,7,0.05,3,3,2,2,1,329.84,0,9,3,3,1,1,5,3,1,1,3
4,12,2,8,0.2,3,1,2,2,1,219.34,1,7,3,3,1,1,4,1,3,1,3
4,12,2,9,0.1,2,2,2,2,1,289.26,1,11,1,1,2,2,10,3,1,2,2
4,12,2,10,0.05,2,3,2,1,0,282.32,1,7,1,3,2,2,20,1,3,3,1
4,12,2,11,1.8,3,2,2,2,1,218.07,1,18,3,3,1,1,4,3,3,2,2
4,12,2,12,1.8,3,2,2,2,1,216.42,1,18,1,1,3,3,12,1,3,2,2
4,12,2,13,0.8,1,1,1,1,1,211.85,1,10,3,3,3,3,20,1,3,1,3
4,12,2,14,0.2,1,3,1,1,1,241.36,1,1,1,3,1,3,13,3,1,1,3
4,12,2,15,0.8,3,1,2,2,1,373.66,0,9,3,1,1,3,4,3,1,3,1
4,12,2,16,0.05,1,1,1,1,1,252.33,1,7,1,1,1,1,10,3,3,3,3
4,12,2,17,1.8,1,3,1,1,1,221.36,1,1,3,1,3,1,9,1,3,3,1
4,12,2,18,0.8,3,3,2,2,1,232.15,1,10,1,3,3,1,8,1,1,3,3
4,12,2,19,0.05,3,2,2,1,0,504.2,0,19,3,3,1,1,5,1,1,2,2
4,12,2,20,1.8,2,2,2,2,1,218.15,1,4,1,1,2,2,17,3,3,2,2
4,12,2,21,0.8,2,1,2,2,1,244.81,1,4,1,3,2,2,4,1,3,1,3
4,12,2,22,0.1,1,1,1,1,1,244.88,1,2,1,3,1,3,13,1,3,1,3
4,12,2,23,1.8,3,3,2,2,1,251.02,1,11,1,3,3,1,20,3,1,1,3
4,12,2,24,0.05,3,1,2,2,1,842.65,0,3,1,3,3,1,2,3,1,3,1
4,12,2,25,0.05,1,3,1,1,1,314.21,0,14,3,1,3,1,13,1,3,3,1
4,12,2,26,0.05,3,2,2,2,1,368.77,0,7,1,1,3,3,7,3,1,2,2
4,12,2,27,0.8,3,3,2,2,1,288.72,1,18,1,1,3,3,8,3,1,1,3
4,12,2,28,0.2,3,2,2,2,1,211.88,1,1,1,1,3,3,7,1,3,2,2
4,12,2,29,0.4,2,1,2,2,1,215.14,1,8,1,1,2,2,6,1,3,1,3
4,12,2,30,0.05,1,1,1,1,1,282.13,1,6,1,3,1,3,8,1,3,1,3
4,12,2,31,1.8,3,2,2,2,1,254.85,1,17,3,1,1,3,17,3,3,2,2
4,12,2,32,0.8,2,2,2,2,1,252.39,1,13,1,1,2,2,8,3,3,2,2
4,12,2,33,0.8,1,1,NaN,NaN,NaN,NaN,NaN,2,1,3,1,3,5,3,3,3,3
4,12,2,34,0.1,1,1,1,1,1,233.04,1,8,1,3,1,3,4,3,3,3,3
4,12,2,35,0.4,1,2,1,2,0,280.67,1,18,1,3,1,3,2,3,3,2,2
4,12,2,36,0.1,2,3,2,2,1,300.69,0,6,3,1,2,2,8,3,1,1,3
4,12,2,37,0.8,1,2,1,1,1,255.12,1,19,1,3,1,3,7,3,3,2,2
4,12,2,38,0.4,3,1,2,2,1,225.51,1,2,3,3,1,1,2,3,3,3,3
4,12,2,39,0.8,1,1,1,1,1,379.86,0,15,1,1,1,1,5,3,1,3,1
4,12,2,40,0.4,1,3,1,1,1,220.84,1,4,1,1,1,1,20,1,3,3,1
4,12,2,41,0.2,3,3,2,2,1,221.33,1,15,1,3,3,1,7,3,1,1,3
4,12,2,42,0.4,3,3,2,2,1,214.66,1,17,1,3,3,1,10,1,3,3,1
4,12,2,43,0.2,1,3,1,1,1,232.28,1,15,3,1,3,1,13,3,3,1,1
4,12,2,44,0.4,1,1,1,1,1,269.11,1,6,1,3,1,3,4,1,1,1,1
4,12,2,45,1.8,1,1,1,1,1,203.06,1,3,1,1,1,1,13,1,3,1,3
4,12,2,46,0.4,3,1,2,2,1,229.62,1,2,1,3,3,1,4,3,1,3,1
4,12,2,47,0.1,2,1,2,1,0,398.13,0,5,3,1,2,2,9,1,3,1,3
4,12,2,48,0.8,1,3,1,1,1,207.97,1,15,3,1,3,1,16,3,1,1,3
4,12,2,49,0.2,1,3,1,1,1,240.65,1,6,1,1,1,1,7,3,1,1,3
4,12,2,50,1.8,1,1,1,1,1,207.76,1,14,3,1,3,1,4,3,3,3,3
4,12,2,51,0.2,2,2,2,2,1,263.93,1,2,3,1,2,2,5,3,3,2,2
4,12,2,52,0.4,1,2,1,1,1,222.5,1,16,1,3,1,3,13,1,3,2,2
4,12,2,53,0.8,1,2,1,1,1,240.06,1,19,3,1,3,1,13,3,1,2,2
4,12,2,54,0.1,3,3,2,2,1,236.2,1,6,1,1,3,3,15,3,1,1,3
4,12,2,55,0.05,3,3,2,2,1,287.53,1,1,1,1,3,3,6,1,3,3,1
4,12,2,56,0.1,1,2,1,1,1,223.42,1,20,1,1,1,1,18,3,1,2,2
4,12,2,57,0.2,2,1,2,2,1,265.69,1,19,3,3,2,2,20,1,1,1,1
4,12,2,58,1.8,1,2,1,1,1,248.7,1,1,1,1,1,1,14,3,1,2,2
4,12,2,59,0.4,3,1,2,2,1,250,1,11,1,1,3,3,15,1,3,1,3
4,12,2,60,0.4,1,1,1,1,1,209.24,1,10,1,3,1,3,14,3,3,3,3
4,12,2,61,0.4,1,1,1,1,1,250.44,1,2,1,3,1,3,5,3,1,3,1
4,12,2,62,0.05,2,3,2,1,0,392.42,0,10,3,3,2,2,18,1,1,3,3
4,12,2,63,0.2,1,3,1,1,1,197.83,1,16,3,3,3,3,11,1,1,3,3
4,12,2,64,0.4,2,1,2,2,1,254.02,1,12,3,3,2,2,20,3,3,3,3
4,12,2,65,1.8,3,1,2,2,1,219.11,1,12,3,3,1,1,10,1,1,1,1
4,12,2,66,0.2,2,1,2,1,0,257.74,1,10,3,1,2,2,2,3,1,3,1
4,12,2,67,0.1,1,1,1,1,1,198.78,1,7,1,1,1,1,13,3,1,3,1
4,12,2,68,0.05,1,2,1,1,1,258.74,1,18,1,3,1,3,11,3,3,2,2
4,12,2,69,0.2,2,1,2,1,0,258.97,1,10,3,3,2,2,1,3,3,3,3
4,12,2,70,0.05,1,2,1,1,1,318.2,0,17,1,1,1,1,16,3,1,2,2
4,12,2,71,0.1,1,3,1,1,1,243.99,1,13,3,1,3,1,12,3,3,1,1
4,12,2,72,0.1,2,1,2,1,0,295.08,1,4,3,1,2,2,17,3,1,3,1
4,12,2,73,0.1,1,3,1,1,1,251.14,1,5,3,3,3,3,7,3,3,1,1
4,12,2,74,0.2,1,3,1,1,1,256.65,1,17,3,3,3,3,3,1,3,3,1
4,12,2,75,0.05,2,1,2,1,0,321.95,0,13,3,1,2,2,6,3,3,3,3
4,12,2,76,1.8,2,3,2,2,1,208.55,1,20,3,3,2,2,16,1,1,3,3
4,12,2,77,0.4,1,1,1,1,1,188.52,1,14,1,1,1,1,6,3,1,3,1
4,12,2,78,1.8,3,3,2,2,1,211.65,1,17,3,1,1,3,10,3,1,1,3
4,12,3,1,0.1,1,1,1,1,1,216.91,1,8,1,3,1,3,11,1,3,1,3
4,12,3,2,0.2,1,3,1,2,0,235.48,1,18,1,3,1,3,1,1,3,3,1
4,12,3,3,0.2,1,1,1,1,1,223.96,1,18,1,3,1,3,9,1,1,1,1
4,12,3,4,0.4,3,1,2,2,1,215.2,1,4,3,3,1,1,4,3,1,3,1
4,12,3,5,0.1,2,3,2,1,0,196.64,1,7,1,3,2,2,18,3,3,1,1
4,12,3,6,0.05,2,2,2,1,0,289.52,1,15,1,1,2,2,16,3,3,2,2
4,12,3,7,0.05,3,2,2,1,0,269.87,1,12,1,1,3,3,2,3,1,2,2
4,12,3,8,1.8,1,1,1,1,1,201.54,1,2,3,1,3,1,7,3,1,3,1
4,12,3,9,0.8,3,3,2,2,1,187.79,1,1,3,1,1,3,20,1,3,3,1
4,12,3,10,0.05,1,2,1,1,1,238.31,1,20,3,3,3,3,3,3,1,2,2
4,12,3,11,0.4,1,1,1,1,1,189.34,1,10,3,1,3,1,17,3,1,3,1
4,12,3,12,0.2,1,1,1,1,1,156.81,1,19,1,1,1,1,1,3,1,3,1
4,12,3,13,0.2,1,2,1,1,1,218.6,1,13,1,3,1,3,19,1,1,2,2
4,12,3,14,0.4,3,3,2,2,1,384.07,0,18,1,3,3,1,16,3,1,1,3
4,12,3,15,0.8,1,1,NaN,NaN,NaN,NaN,NaN,6,1,3,1,3,13,1,1,1,1
4,12,3,16,0.8,1,3,NaN,NaN,NaN,NaN,NaN,6,3,1,3,1,19,3,3,1,1
4,12,3,17,0.4,3,1,2,2,1,229.8,1,10,3,1,1,3,2,1,1,1,1
4,12,3,18,0.1,3,3,2,2,1,263.43,1,7,1,3,3,1,11,1,3,3,1
4,12,3,19,0.1,3,3,2,2,1,240.5,1,5,1,1,3,3,4,1,3,3,1
4,12,3,20,0.4,1,2,1,1,1,380.3,0,13,1,3,1,3,2,3,1,2,2
4,12,3,21,0.05,1,1,1,1,1,252.38,1,1,3,3,3,3,12,1,1,1,1
4,12,3,22,0.2,2,1,2,2,1,176.71,1,6,3,1,2,2,11,1,3,1,3
4,12,3,23,0.8,1,2,1,1,1,232.47,1,3,3,1,3,1,16,1,1,2,2
4,12,3,24,0.1,1,1,1,1,1,243.86,1,14,3,3,3,3,17,1,1,1,1
4,12,3,25,0.4,2,1,2,2,1,212.33,1,13,1,3,2,2,14,1,3,1,3
4,12,3,26,0.05,3,2,2,2,1,269.5,1,20,3,1,1,3,13,1,3,2,2
4,12,3,27,0.8,1,1,1,1,1,-17.41,2,20,3,1,3,1,19,1,3,1,3
4,12,3,28,0.2,2,2,2,2,1,250.72,1,14,1,1,2,2,11,3,3,2,2
4,12,3,29,0.4,1,2,1,1,1,249.55,1,3,1,3,1,3,19,3,1,2,2
4,12,3,30,0.8,1,3,1,1,1,227,1,1,1,1,1,1,3,3,3,1,1
4,12,3,31,0.05,3,2,2,1,0,263.12,1,4,1,3,3,1,13,3,3,2,2
4,12,3,32,1.8,1,1,1,1,1,202.86,1,16,1,3,1,3,15,3,1,3,1
4,12,3,33,1.8,1,2,1,1,1,216.13,1,7,1,3,1,3,4,3,3,2,2
4,12,3,34,0.05,3,1,2,2,1,274.39,1,19,3,1,1,3,9,1,3,1,3
4,12,3,35,1.8,3,1,2,2,1,203.99,1,8,3,1,1,3,17,3,3,3,3
4,12,3,36,1.8,1,1,1,1,1,246.92,1,8,3,3,3,3,17,3,3,3,3
4,12,3,37,0.2,1,1,1,1,1,255.83,1,10,3,3,3,3,7,1,3,1,3
4,12,3,38,1.8,1,3,1,1,1,224.41,1,8,1,1,1,1,13,3,3,1,1
4,12,3,39,0.2,1,3,1,1,1,241.85,1,11,3,3,3,3,1,3,3,1,1
4,12,3,40,0.1,1,2,1,1,1,270.38,1,13,1,3,1,3,3,3,3,2,2
4,12,3,41,1.8,1,2,1,1,1,235.61,1,5,3,1,3,1,13,1,3,2,2
4,12,3,42,0.4,3,2,2,2,1,203.36,1,5,1,1,3,3,17,1,3,2,2
4,12,3,43,0.4,1,1,1,1,1,223.65,1,3,3,1,3,1,12,3,3,3,3
4,12,3,44,0.1,3,3,2,2,1,262.64,1,16,3,1,1,3,15,1,3,3,1
4,12,3,45,0.2,1,2,1,1,1,239.31,1,7,1,1,1,1,17,1,1,2,2
4,12,3,46,0.2,2,3,2,2,1,245.66,1,11,1,3,2,2,10,3,3,1,1
4,12,3,47,0.05,1,1,1,1,1,266.28,1,8,3,1,3,1,16,1,3,1,3
4,12,3,48,0.1,1,1,1,1,1,228.26,1,7,1,1,1,1,14,1,1,1,1
4,12,3,49,0.05,2,2,2,1,0,283.46,1,4,3,3,2,2,20,3,3,2,2
4,12,3,50,1.8,2,1,2,2,1,215.73,1,6,1,1,2,2,6,3,3,3,3
4,12,3,51,0.1,3,3,2,2,1,267.16,1,18,3,3,1,1,17,3,1,1,3
4,12,3,52,0.2,1,2,1,1,1,227.36,1,17,1,3,1,3,20,1,3,2,2
4,12,3,53,0.1,1,1,1,1,1,251.42,1,14,1,3,1,3,9,1,3,1,3
4,12,3,54,0.1,3,3,2,2,1,322.95,0,12,1,3,3,1,9,3,3,1,1
4,12,3,55,0.8,1,2,1,1,1,237.9,1,11,1,1,1,1,19,3,1,2,2
4,12,3,56,0.1,1,2,1,1,1,396.34,0,20,3,3,3,3,11,3,3,2,2
4,12,3,57,0.05,1,1,1,1,1,237.64,1,4,3,3,3,3,5,1,3,1,3
4,12,3,58,0.8,1,1,NaN,NaN,NaN,NaN,NaN,14,3,1,3,1,2,1,1,1,1
4,12,3,59,0.8,1,3,1,1,1,232.69,1,2,3,1,3,1,11,1,3,3,1
4,12,3,60,0.2,3,3,2,2,1,213.56,1,11,1,1,3,3,8,1,1,3,3
4,12,3,61,0.05,1,1,1,1,1,219.13,1,16,3,1,3,1,7,3,1,3,1
4,12,3,62,0.2,3,3,2,2,1,242.1,1,13,1,3,3,1,12,3,1,1,3
4,12,3,63,0.4,3,1,2,2,1,210.75,1,20,3,1,1,3,6,3,1,3,1
4,12,3,64,0.8,2,3,2,2,1,221.24,1,6,1,1,2,2,9,3,3,1,1
4,12,3,65,1.8,1,3,1,1,1,238.48,1,13,3,1,3,1,6,3,3,1,1
4,12,3,66,1.8,1,2,1,1,1,233.47,1,13,1,1,1,1,16,1,1,2,2
4,12,3,67,0.1,1,2,1,1,1,284.45,1,6,3,1,3,1,18,1,3,2,2
4,12,3,68,0.8,1,1,1,1,1,228,1,16,1,1,1,1,2,1,3,1,3
4,12,3,69,0.4,1,3,1,1,1,225.42,1,19,3,1,3,1,1,3,3,1,1
4,12,3,70,0.8,3,1,2,2,1,264.01,1,2,3,1,1,3,19,1,3,1,3
4,12,3,71,0.05,2,3,2,1,0,301.81,0,18,1,3,2,2,19,1,3,3,1
4,12,3,72,0.4,1,3,1,1,1,177,1,10,3,1,3,1,14,3,3,1,1
4,12,3,73,1.8,2,2,2,2,1,204.39,1,3,1,1,2,2,18,1,3,2,2
4,12,3,74,1.8,3,2,2,2,1,168.25,1,4,1,1,3,3,6,3,3,2,2
4,12,3,75,0.05,1,2,1,1,1,260.65,1,13,3,3,3,3,6,3,1,2,2
4,12,3,76,0.8,2,1,2,2,1,250.05,1,11,3,1,2,2,11,3,1,3,1
4,12,3,77,0.4,2,1,2,1,0,209.48,1,11,1,1,2,2,7,1,1,1,1
4,12,3,78,1.8,1,2,1,1,1,232.26,1,3,3,3,3,3,9,3,1,2,2
4,12,4,1,0.1,1,2,1,1,1,184.02,1,1,1,3,1,3,15,3,1,2,2
4,12,4,2,0.05,2,3,2,2,1,302.93,0,2,3,3,2,2,3,3,3,1,1
4,12,4,3,0.05,1,3,1,1,1,218.39,1,17,1,1,1,1,10,3,3,1,1
4,12,4,4,0.8,1,3,NaN,NaN,NaN,NaN,NaN,9,1,1,1,1,7,3,1,1,3
4,12,4,5,0.1,2,1,2,2,1,292.87,1,12,3,1,2,2,20,3,1,3,1
4,12,4,6,0.1,2,2,2,2,1,276.59,1,14,3,1,2,2,2,1,1,2,2
4,12,4,7,0.2,2,2,2,1,0,249.54,1,15,3,3,2,2,11,1,3,2,2
4,12,4,8,0.2,2,2,2,2,1,273.12,1,13,3,3,2,2,13,3,3,2,2
4,12,4,9,0.2,1,2,1,2,0,239.42,1,1,1,3,1,3,5,3,1,2,2
4,12,4,10,1.8,2,3,2,2,1,201.6,1,1,1,3,2,2,9,1,3,3,1
4,12,4,11,0.1,2,2,2,2,1,276.88,1,1,1,1,2,2,3,3,1,2,2
4,12,4,12,0.2,1,1,1,1,1,244.2,1,1,3,1,3,1,14,3,3,3,3
4,12,4,13,1.8,2,3,2,2,1,337.9,0,8,3,1,2,2,12,3,1,1,3
4,12,4,14,0.05,3,3,2,2,1,327.56,0,14,1,3,3,1,3,1,3,3,1
4,12,4,15,1.8,1,3,1,1,1,249.54,1,14,3,3,3,3,12,3,3,1,1
4,12,4,16,0.05,1,1,1,1,1,245.87,1,14,1,1,1,1,19,1,3,1,3
4,12,4,17,0.8,3,3,NaN,NaN,NaN,NaN,NaN,7,1,3,3,1,3,3,3,1,1
4,12,4,18,0.1,1,2,1,1,1,257.1,1,18,1,3,1,3,2,1,1,2,2
4,12,4,19,0.4,2,1,2,2,1,244.45,1,7,1,1,2,2,10,1,3,1,3
4,12,4,20,0.1,1,2,1,1,1,310.41,0,15,1,3,1,3,9,1,1,2,2
4,12,4,21,0.05,1,2,1,1,1,258.21,1,15,3,1,3,1,17,1,1,2,2
4,12,4,22,0.05,2,1,2,1,0,330.47,0,18,1,1,2,2,5,1,3,1,3
4,12,4,23,0.4,1,1,1,2,0,266.96,1,6,1,1,1,1,14,1,1,1,1
4,12,4,24,0.4,1,3,1,1,1,209.31,1,10,3,3,3,3,20,3,3,1,1
4,12,4,25,0.4,3,3,2,2,1,220.2,1,15,3,1,1,3,13,1,3,3,1
4,12,4,26,0.05,1,2,1,1,1,254.49,1,8,1,1,1,1,19,1,1,2,2
4,12,4,27,1.8,2,2,2,2,1,227.72,1,7,1,3,2,2,18,1,1,2,2
4,12,4,28,0.8,1,1,1,1,1,199.87,1,12,1,1,1,1,12,1,1,1,1
4,12,4,29,0.05,1,3,1,1,1,286.96,1,13,1,1,1,1,17,3,1,1,3
4,12,4,30,0.4,1,2,1,1,1,326.36,0,7,3,3,3,3,13,1,1,2,2
4,12,4,31,0.05,1,3,1,1,1,271.58,1,8,1,3,1,3,6,3,3,1,1
4,12,4,32,1.8,2,1,2,2,1,219.14,1,5,1,1,2,2,3,1,3,1,3
4,12,4,33,0.4,2,1,2,2,1,253.03,1,19,1,3,2,2,11,3,1,3,1
4,12,4,34,0.1,2,2,2,2,1,224.43,1,7,3,3,2,2,14,3,3,2,2
4,12,4,35,0.8,2,1,NaN,NaN,NaN,NaN,NaN,4,3,1,2,2,12,1,3,1,3
4,12,4,36,0.1,2,1,2,2,1,275.9,1,6,3,3,2,2,4,3,3,3,3
4,12,4,37,1.8,3,2,2,2,1,226.44,1,10,1,3,3,1,7,3,3,2,2
4,12,4,38,0.8,1,1,1,2,0,224.06,1,11,1,1,1,1,20,3,1,3,1
4,12,4,39,0.05,1,1,1,1,1,283.63,1,18,3,3,3,3,9,3,3,3,3
4,12,4,40,1.8,2,3,2,2,1,212.07,1,15,1,3,2,2,11,1,3,3,1
4,12,4,41,0.2,1,1,1,1,1,188.7,1,16,1,3,1,3,5,1,1,1,1
4,12,4,42,0.05,1,3,1,1,1,273.09,1,4,3,1,3,1,10,3,3,1,1
4,12,4,43,0.2,1,2,1,1,1,207.78,1,6,3,1,3,1,1,3,3,2,2
4,12,4,44,0.05,2,1,2,2,1,304.35,0,5,1,1,2,2,10,3,3,3,3
4,12,4,45,0.4,2,1,2,2,1,202.9,1,14,1,1,2,2,1,3,1,3,1
4,12,4,46,0.8,2,3,2,2,1,236.82,1,6,1,1,2,2,3,3,1,1,3
4,12,4,47,0.2,2,1,2,2,1,258.59,1,9,1,1,2,2,10,1,3,1,3
4,12,4,48,1.8,3,3,NaN,NaN,NaN,NaN,NaN,2,1,3,3,1,18,3,1,1,3
4,12,4,49,0.8,1,2,1,1,1,245.49,1,7,1,3,1,3,3,1,3,2,2
4,12,4,50,0.2,3,1,2,2,1,232.69,1,3,1,3,3,1,9,3,1,3,1
4,12,4,51,0.8,3,2,2,2,1,255.97,1,12,3,3,1,1,2,3,3,2,2
4,12,4,52,0.8,1,3,1,1,1,243.63,1,2,3,1,3,1,2,1,3,3,1
4,12,4,53,0.1,1,3,1,1,1,228.64,1,5,1,3,1,3,14,3,1,1,3
4,12,4,54,0.4,1,3,1,1,1,218.3,1,9,3,1,3,1,11,3,1,1,3
4,12,4,55,1.8,2,1,2,2,1,208.09,1,15,1,1,2,2,16,1,1,1,1
4,12,4,56,1.8,1,1,1,1,1,243.56,1,1,1,1,1,1,13,1,3,1,3
4,12,4,57,0.2,1,2,1,1,1,243.7,1,19,1,3,1,3,1,1,1,2,2
4,12,4,58,0.2,2,3,2,2,1,224.5,1,5,3,3,2,2,9,1,3,3,1
4,12,4,59,0.2,2,3,2,1,0,229.14,1,1,3,3,2,2,18,3,1,1,3
4,12,4,60,0.2,1,2,1,1,1,228.1,1,20,3,3,3,3,20,3,1,2,2
4,12,4,61,0.2,1,2,1,1,1,241.03,1,3,1,3,1,3,8,1,3,2,2
4,12,4,62,0.05,1,1,1,1,1,221.35,1,2,1,3,1,3,12,1,1,1,1
4,12,4,63,0.4,1,1,1,1,1,229.05,1,12,3,1,3,1,13,1,1,1,1
4,12,4,64,0.4,3,3,2,2,1,226.68,1,17,1,1,3,3,9,1,1,3,3
4,12,4,65,0.8,2,1,2,2,1,246.63,1,16,3,1,2,2,1,1,1,1,1
4,12,4,66,0.1,1,3,1,1,1,284.7,1,16,1,1,1,1,14,3,1,1,3
4,12,4,67,0.8,2,2,2,2,1,235.18,1,3,3,1,2,2,14,3,3,2,2
4,12,4,68,1.8,1,3,NaN,NaN,NaN,NaN,NaN,18,3,1,3,1,14,1,1,3,3
4,12,4,69,0.1,1,3,1,1,1,219,1,8,3,1,3,1,11,1,1,3,3
4,12,4,70,1.8,3,3,2,2,1,186.24,1,6,1,3,3,1,5,3,3,1,1
4,12,4,71,0.1,2,3,2,1,0,196.19,1,1,3,3,2,2,8,1,1,3,3
4,12,4,72,0.8,1,3,1,1,1,249.07,1,14,1,3,1,3,17,3,1,1,3
4,12,4,73,0.4,2,1,2,2,1,234.44,1,16,1,1,2,2,14,3,3,3,3
4,12,4,74,0.8,1,1,1,1,1,293.78,1,3,3,1,3,1,20,1,3,1,3
4,12,4,75,0.4,2,2,2,2,1,235.12,1,6,3,3,2,2,16,1,1,2,2
4,12,4,76,1.8,1,3,1,1,1,220.69,1,9,1,1,1,1,18,1,3,3,1
4,12,4,77,0.1,2,3,2,1,0,266.49,1,11,3,3,2,2,3,1,3,3,1
4,12,4,78,0.4,2,2,2,2,1,317.52,0,5,1,1,2,2,6,3,1,2,2
4,12,5,1,0.2,3,1,2,2,1,224.77,1,20,1,1,3,3,2,1,3,1,3
4,12,5,2,0.1,2,3,2,1,0,265.77,1,17,1,1,2,2,17,3,1,1,3
4,12,5,3,0.4,1,3,1,1,1,145.07,1,20,3,3,3,3,6,3,3,1,1
4,12,5,4,0.8,3,2,NaN,NaN,NaN,NaN,NaN,4,1,1,3,3,1,3,1,2,2
4,12,5,5,0.2,1,1,1,1,1,158.82,1,14,3,1,3,1,10,3,3,3,3
4,12,5,6,0.05,2,3,2,1,0,269.75,1,8,3,1,2,2,19,3,1,1,3
4,12,5,7,0.1,1,2,1,1,1,179.8,1,1,3,3,3,3,1,1,3,2,2
4,12,5,8,1.8,3,1,2,2,1,209.82,1,4,3,3,1,1,16,3,3,3,3
4,12,5,9,0.05,1,3,1,1,1,295.11,1,18,1,3,1,3,20,3,1,1,3
4,12,5,10,0.4,3,3,2,2,1,240.54,1,14,1,1,3,3,7,3,1,1,3
4,12,5,11,0.2,2,2,2,2,1,225.52,1,6,1,3,2,2,12,1,1,2,2
4,12,5,12,0.1,1,1,1,1,1,240.01,1,8,1,3,1,3,16,3,1,3,1
4,12,5,13,0.4,1,1,1,1,1,390.44,0,15,3,3,3,3,15,3,1,3,1
4,12,5,14,0.2,3,2,2,2,1,221.08,1,1,1,1,3,3,17,1,1,2,2
4,12,5,15,0.05,2,3,2,1,0,318.53,0,10,3,3,2,2,5,3,1,1,3
4,12,5,16,1.8,2,3,2,2,1,186.76,1,14,3,3,2,2,3,1,3,3,1
4,12,5,17,0.1,2,3,2,1,0,262.94,1,9,1,1,2,2,1,1,3,3,1
4,12,5,18,0.8,1,2,1,1,1,188.92,1,6,3,1,3,1,13,3,1,2,2
4,12,5,19,0.05,3,1,2,2,1,263.3,1,12,1,3,3,1,9,3,1,3,1
4,12,5,20,0.2,3,2,2,1,0,224.06,1,11,3,3,1,1,4,3,1,2,2
4,12,5,21,0.05,1,2,1,1,1,366.13,0,18,3,1,3,1,10,3,3,2,2
4,12,5,22,0.8,2,3,2,2,1,201.66,1,13,3,3,2,2,2,3,3,1,1
4,12,5,23,1.8,2,2,2,2,1,203.12,1,7,3,3,2,2,2,3,1,2,2
4,12,5,24,0.8,1,3,NaN,NaN,NaN,NaN,NaN,19,1,3,1,3,6,1,1,3,3
4,12,5,25,1.8,3,3,2,2,1,189.73,1,6,3,3,1,1,3,3,1,1,3
4,12,5,26,1.8,1,1,1,2,0,219.7,1,15,3,3,3,3,14,3,3,3,3
4,12,5,27,0.05,1,2,1,1,1,228.06,1,3,3,3,3,3,4,3,1,2,2
4,12,5,28,0.05,3,3,2,1,0,251.23,1,17,1,1,3,3,17,1,3,3,1
4,12,5,29,1.8,3,1,2,2,1,218.33,1,7,1,1,3,3,14,3,3,3,3
4,12,5,30,0.2,2,2,2,1,0,454.53,0,3,3,1,2,2,17,1,3,2,2
4,12,5,31,0.8,1,1,1,1,1,215.37,1,11,1,3,1,3,19,1,3,1,3
4,12,5,32,1.8,1,3,1,1,1,218.55,1,9,1,3,1,3,15,1,3,3,1
4,12,5,33,0.4,3,3,2,2,1,208.91,1,4,3,3,1,1,1,3,3,1,1
4,12,5,34,0.4,3,3,2,2,1,213.92,1,16,3,1,1,3,17,1,3,3,1
4,12,5,35,1.8,1,1,NaN,NaN,NaN,NaN,NaN,16,1,1,1,1,2,3,1,3,1
4,12,5,36,0.8,3,2,2,2,1,215.26,1,1,1,1,3,3,16,3,1,2,2
4,12,5,37,0.05,1,3,1,2,0,323.84,0,17,1,3,1,3,2,3,1,1,3
4,12,5,38,0.1,2,3,2,1,0,244.63,1,5,3,3,2,2,9,3,1,1,3
4,12,5,39,0.8,1,1,1,1,1,220.9,1,1,1,3,1,3,11,1,3,1,3
4,12,5,40,0.05,1,1,1,1,1,234.61,1,15,1,1,1,1,11,3,1,3,1
4,12,5,41,0.2,1,2,1,1,1,224.62,1,6,3,3,3,3,12,1,1,2,2
4,12,5,42,0.2,3,1,2,2,1,224.21,1,7,1,1,3,3,16,3,1,3,1
4,12,5,43,0.1,1,3,1,1,1,250.24,1,7,1,3,1,3,16,1,1,3,3
4,12,5,44,0.2,1,3,1,1,1,125.99,1,15,1,1,1,1,20,3,3,1,1
4,12,5,45,0.1,3,3,2,2,1,228.43,1,19,1,3,3,1,5,1,3,3,1
4,12,5,46,0.8,1,3,1,1,1,230.56,1,1,1,1,1,1,6,1,3,3,1
4,12,5,47,0.1,2,1,2,2,1,305.92,0,13,3,3,2,2,7,1,3,1,3
4,12,5,48,1.8,1,2,1,1,1,228.19,1,12,1,1,1,1,12,3,1,2,2
4,12,5,49,0.2,1,3,1,1,1,143.58,1,19,3,3,3,3,18,1,3,3,1
4,12,5,50,1.8,2,3,2,2,1,215.63,1,2,1,1,2,2,11,3,3,1,1
4,12,5,51,0.05,1,2,1,1,1,232.94,1,3,3,1,3,1,14,3,3,2,2
4,12,5,52,0.4,2,1,2,2,1,214.37,1,5,1,1,2,2,19,1,1,1,1
4,12,5,53,0.4,2,3,2,1,0,269.99,1,14,1,3,2,2,7,1,1,3,3
4,12,5,54,0.8,1,1,1,1,1,239.72,1,15,3,3,3,3,15,1,1,1,1
4,12,5,55,0.4,1,3,1,1,1,216.51,1,19,1,1,1,1,2,3,1,1,3
4,12,5,56,1.8,1,1,1,1,1,223.09,1,14,3,3,3,3,7,1,3,1,3
4,12,5,57,0.4,2,1,2,2,1,224.43,1,12,1,1,2,2,5,1,1,1,1
4,12,5,58,0.4,3,3,2,2,1,33.189,2,10,1,3,3,1,9,3,3,1,1
4,12,5,59,0.1,2,2,2,2,1,209.54,1,11,3,1,2,2,2,3,3,2,2
4,12,5,60,0.05,3,2,2,2,1,345.89,0,4,3,3,1,1,16,1,1,2,2
4,12,5,61,0.4,2,1,2,2,1,248.02,1,14,1,3,2,2,11,1,3,1,3
4,12,5,62,0.1,1,2,1,1,1,280.73,1,20,1,1,1,1,6,1,3,2,2
4,12,5,63,0.05,1,2,1,1,1,297.21,1,18,3,1,3,1,4,1,1,2,2
4,12,5,64,0.2,1,2,1,1,1,253.54,1,13,1,1,1,1,17,1,1,2,2
4,12,5,65,0.4,3,3,2,2,1,211.44,1,19,1,1,3,3,4,1,1,3,3
4,12,5,66,0.8,3,3,2,2,1,198.55,1,16,1,1,3,3,3,3,1,1,3
4,12,5,67,1.8,2,2,2,2,1,209.99,1,19,3,1,2,2,2,3,3,2,2
4,12,5,68,1.8,1,3,1,1,1,207.94,1,2,1,1,1,1,18,3,1,1,3
4,12,5,69,0.8,1,2,1,1,1,200.15,1,1,1,1,1,1,15,3,1,2,2
4,12,5,70,0.4,1,2,1,2,0,225.85,1,18,3,3,3,3,15,1,3,2,2
4,12,5,71,0.05,2,2,2,2,1,291.67,1,13,1,1,2,2,14,1,3,2,2
4,12,5,72,0.1,1,2,1,1,1,210.24,1,3,1,1,1,1,12,3,3,2,2
4,12,5,73,0.2,1,1,1,1,1,200.93,1,18,1,3,1,3,2,1,1,1,1
4,12,5,74,0.1,1,3,1,1,1,243.45,1,19,1,1,1,1,13,3,1,1,3
4,12,5,75,0.2,3,3,2,2,1,245.1,1,2,3,1,1,3,2,3,3,1,1
4,12,5,76,0.1,2,2,2,2,1,241.21,1,12,1,1,2,2,17,3,1,2,2
4,12,5,77,0.8,1,1,1,1,1,231.78,1,7,3,1,3,1,16,1,3,1,3
4,12,5,78,0.8,3,2,2,2,1,225.64,1,18,3,1,1,3,12,1,1,2,2
4,12,6,1,0.05,2,1,2,1,0,251.01,1,10,1,3,2,2,15,1,3,1,3
4,12,6,2,0.2,3,3,2,2,1,214.8,1,1,1,3,3,1,4,1,1,3,3
4,12,6,3,0.4,1,1,1,1,1,216.16,1,5,1,1,1,1,15,1,1,1,1
4,12,6,4,0.4,3,1,2,2,1,196.92,1,8,1,1,3,3,12,3,1,3,1
4,12,6,5,1.8,2,1,2,2,1,222.46,1,6,1,1,2,2,11,3,1,3,1
4,12,6,6,0.1,3,1,2,2,1,224.16,1,7,1,3,3,1,4,1,3,1,3
4,12,6,7,0.05,1,1,1,1,1,243.22,1,19,3,3,3,3,8,3,1,3,1
4,12,6,8,0.05,3,1,2,1,0,281.81,1,4,3,1,1,3,9,3,3,3,3
4,12,6,9,1.8,1,1,1,1,1,214.41,1,11,3,3,3,3,16,3,1,3,1
4,12,6,10,0.2,1,3,1,1,1,190.42,1,8,3,1,3,1,8,3,3,1,1
4,12,6,11,1.8,1,1,1,1,1,234.57,1,1,3,1,3,1,4,1,3,1,3
4,12,6,12,0.8,2,3,2,2,1,276.02,1,5,1,3,2,2,11,1,1,3,3
4,12,6,13,1.8,1,3,1,1,1,216.21,1,17,3,1,3,1,10,1,1,3,3
4,12,6,14,0.8,2,3,2,2,1,219.37,1,20,1,1,2,2,2,1,3,3,1
4,12,6,15,0.2,1,2,1,2,0,230.21,1,7,1,3,1,3,7,3,1,2,2
4,12,6,16,0.4,3,1,2,2,1,256.72,1,16,3,3,1,1,16,3,3,3,3
4,12,6,17,0.1,1,3,1,1,1,233.5,1,20,1,1,1,1,7,1,1,3,3
4,12,6,18,0.1,2,2,2,2,1,296.32,1,6,1,1,2,2,2,1,1,2,2
4,12,6,19,0.05,3,2,2,2,1,296.57,1,16,1,3,3,1,14,3,3,2,2
4,12,6,20,0.05,1,2,1,1,1,245.94,1,7,1,1,1,1,14,1,3,2,2
4,12,6,21,0.4,1,1,1,1,1,282.82,1,1,1,3,1,3,9,3,1,3,1
4,12,6,22,0.8,1,1,1,1,1,230.35,1,19,3,1,3,1,20,1,1,1,1
4,12,6,23,1.8,1,3,1,1,1,245.05,1,10,1,1,1,1,3,1,1,3,3
4,12,6,24,0.05,3,2,2,2,1,320.89,0,14,1,1,3,3,20,1,3,2,2
4,12,6,25,0.1,1,3,1,1,1,281.39,1,7,1,3,1,3,5,3,1,1,3
4,12,6,26,0.4,2,1,2,2,1,217.63,1,16,3,3,2,2,6,1,1,1,1
4,12,6,27,0.2,2,2,2,1,0,265.34,1,3,1,3,2,2,3,3,3,2,2
4,12,6,28,0.2,1,2,1,1,1,255.38,1,5,1,1,1,1,4,1,3,2,2
4,12,6,29,0.8,1,3,1,1,1,245.12,1,10,3,3,3,3,18,3,1,1,3
4,12,6,30,1.8,1,3,1,1,1,180.34,1,18,1,3,1,3,18,1,3,3,1
4,12,6,31,0.2,1,2,1,1,1,273.63,1,8,1,1,1,1,15,3,3,2,2
4,12,6,32,1.8,2,3,2,1,0,204.26,1,17,3,3,2,2,20,3,3,1,1
4,12,6,33,0.05,2,3,2,1,0,318.16,0,4,3,1,2,2,17,1,3,3,1
4,12,6,34,0.1,3,2,2,2,1,215.72,1,9,3,3,1,1,18,3,1,2,2
4,12,6,35,1.8,1,2,1,2,0,229.53,1,1,3,3,3,3,15,3,3,2,2
4,12,6,36,0.05,1,3,1,1,1,237.17,1,4,3,3,3,3,17,1,3,3,1
4,12,6,37,0.2,1,3,1,1,1,187.54,1,11,3,3,3,3,4,3,3,1,1
4,12,6,38,1.8,3,1,2,2,1,215.13,1,2,3,3,1,1,3,1,3,1,3
4,12,6,39,0.2,3,3,2,2,1,390.18,0,18,3,3,1,1,1,3,1,1,3
4,12,6,40,0.1,1,1,1,1,1,239.7,1,19,3,1,3,1,15,1,3,1,3
4,12,6,41,0.1,1,1,1,1,1,227.34,1,3,1,1,1,1,17,3,3,3,3
4,12,6,42,0.8,2,2,2,2,1,265.82,1,12,3,3,2,2,7,3,1,2,2
4,12,6,43,0.8,3,2,2,2,1,220.73,1,20,1,1,3,3,10,1,1,2,2
4,12,6,44,0.2,1,3,1,1,1,113,1,6,3,3,3,3,11,1,1,3,3
4,12,6,45,0.1,3,2,2,2,1,480.19,0,13,3,1,1,3,2,3,1,2,2
4,12,6,46,0.8,1,1,NaN,NaN,NaN,NaN,NaN,9,3,3,3,3,14,1,1,1,1
4,12,6,47,0.2,1,1,1,1,1,249.99,1,9,3,3,3,3,19,1,1,1,1
4,12,6,48,1.8,3,2,2,2,1,223.43,1,15,3,3,1,1,3,1,1,2,2
4,12,6,49,0.4,1,2,1,1,1,212.65,1,14,3,3,3,3,1,1,1,2,2
4,12,6,50,0.4,2,2,2,2,1,203.73,1,16,3,3,2,2,1,3,3,2,2
4,12,6,51,0.05,1,1,1,1,1,286.41,1,16,1,1,1,1,19,3,1,3,1
4,12,6,52,0.2,1,2,1,1,1,209.28,1,2,1,3,1,3,10,1,1,2,2
4,12,6,53,1.8,1,1,1,1,1,202.08,1,6,1,1,1,1,17,1,3,1,3
4,12,6,54,0.1,1,2,1,1,1,206.41,1,6,1,3,1,3,5,1,1,2,2
4,12,6,55,0.1,1,3,1,1,1,225.9,1,11,3,3,3,3,6,3,1,1,3
4,12,6,56,0.2,2,2,2,2,1,237.25,1,18,3,1,2,2,5,1,3,2,2
4,12,6,57,0.1,3,3,2,2,1,273.62,1,17,3,3,1,1,14,1,1,3,3
4,12,6,58,0.8,3,2,2,2,1,347.02,0,4,1,1,3,3,4,3,1,2,2
4,12,6,59,0.8,1,3,1,1,1,218.12,1,2,1,1,1,1,17,1,3,3,1
4,12,6,60,0.4,2,1,2,2,1,212.76,1,2,3,1,2,2,17,3,3,3,3
4,12,6,61,0.8,2,2,2,1,0,231.44,1,2,3,3,2,2,11,1,3,2,2
4,12,6,62,0.05,1,2,1,1,1,204.15,1,12,3,1,3,1,14,3,1,2,2
4,12,6,63,0.2,1,3,1,1,1,194.08,1,20,1,3,1,3,2,3,3,1,1
4,12,6,64,0.8,1,2,1,1,1,212.57,1,5,3,1,3,1,6,1,1,2,2
4,12,6,65,0.4,1,1,1,1,1,232.72,1,10,3,1,3,1,1,3,1,3,1
4,12,6,66,0.1,1,2,1,1,1,284.71,1,17,1,3,1,3,14,1,3,2,2
4,12,6,67,0.4,3,2,2,2,1,259.51,1,6,1,3,3,1,20,1,3,2,2
4,12,6,68,0.8,3,3,2,2,1,243.3,1,18,3,1,1,3,3,3,1,1,3
4,12,6,69,0.05,1,1,1,1,1,288.79,1,5,1,1,1,1,8,3,3,3,3
4,12,6,70,0.4,2,3,2,1,0,248.78,1,17,1,3,2,2,17,1,3,3,1
4,12,6,71,0.4,2,2,2,2,1,212.45,1,20,1,1,2,2,4,3,3,2,2
4,12,6,72,0.4,1,1,1,1,1,263.21,1,18,1,1,1,1,3,3,3,3,3
4,12,6,73,0.05,3,3,2,1,0,280.12,1,12,1,1,3,3,20,1,3,3,1
4,12,6,74,0.1,3,2,2,2,1,303.51,0,15,3,1,1,3,9,3,1,2,2
4,12,6,75,1.8,1,3,1,1,1,202.29,1,19,1,3,1,3,16,3,1,1,3
4,12,6,76,1.8,1,2,1,1,1,210.83,1,2,1,1,1,1,15,3,3,2,2
4,12,6,77,0.05,2,3,2,1,0,285.54,1,12,3,3,2,2,14,3,3,1,1
4,12,6,78,0.8,1,2,1,1,1,201.8,1,4,3,1,3,1,5,3,1,2,2
4,12,7,1,1.8,2,1,2,2,1,212.85,1,19,1,3,2,2,5,1,1,1,1
4,12,7,2,0.4,1,3,1,1,1,219.29,1,11,3,3,3,3,1,1,3,3,1
4,12,7,3,0.8,1,1,1,1,1,203.73,1,15,3,3,3,3,5,1,1,1,1
4,12,7,4,0.4,3,1,2,2,1,358.9,0,5,1,3,3,1,5,3,3,3,3
4,12,7,5,0.05,1,1,1,1,1,250.13,1,10,3,1,3,1,12,3,3,3,3
4,12,7,6,1.8,1,1,1,1,1,207.04,1,12,1,3,1,3,14,3,3,3,3
4,12,7,7,0.05,1,2,1,1,1,240.26,1,20,1,1,1,1,10,3,3,2,2
4,12,7,8,0.1,2,3,2,2,1,350.05,0,4,3,1,2,2,19,3,3,1,1
4,12,7,9,0.8,3,2,2,2,1,209.56,1,12,1,1,3,3,19,1,3,2,2
4,12,7,10,0.4,1,2,1,1,1,225.18,1,9,1,1,1,1,10,3,1,2,2
4,12,7,11,1.8,3,2,NaN,NaN,NaN,NaN,NaN,6,3,1,1,3,13,1,1,2,2
4,12,7,12,0.2,2,3,2,2,1,216.69,1,6,1,1,2,2,18,1,3,3,1
4,12,7,13,0.4,2,3,2,1,0,253.18,1,20,3,3,2,2,15,3,1,1,3
4,12,7,14,0.8,1,1,1,1,1,227.43,1,13,3,3,3,3,15,1,3,1,3
4,12,7,15,1.8,1,3,1,1,1,207.18,1,6,1,3,1,3,5,1,3,3,1
4,12,7,16,0.05,1,1,1,1,1,258.72,1,19,1,3,1,3,8,3,1,3,1
4,12,7,17,0.4,1,1,1,1,1,230.21,1,3,1,1,1,1,17,3,1,3,1
4,12,7,18,1.8,2,1,2,2,1,236.58,1,19,3,3,2,2,4,3,3,3,3
4,12,7,19,0.2,2,3,2,2,1,210.64,1,18,1,3,2,2,6,3,3,1,1
4,12,7,20,0.1,1,1,1,1,1,233.48,1,8,3,3,3,3,5,1,1,1,1
4,12,7,21,0.8,3,1,2,2,1,233.41,1,2,1,3,3,1,12,1,3,1,3
4,12,7,22,1.8,3,2,2,2,1,261.42,1,12,1,1,3,3,6,1,3,2,2
4,12,7,23,0.2,2,1,2,2,1,240.35,1,7,3,3,2,2,19,3,1,3,1
4,12,7,24,0.1,1,3,1,1,1,274.37,1,10,1,1,1,1,11,3,1,1,3
4,12,7,25,0.8,3,2,NaN,NaN,NaN,NaN,NaN,3,3,1,1,3,4,1,1,2,2
4,12,7,26,0.2,1,3,1,1,1,232.85,1,10,3,3,3,3,15,1,1,3,3
4,12,7,27,0.4,1,1,1,1,1,423.64,0,8,3,3,3,3,19,3,1,3,1
4,12,7,28,0.1,2,3,2,1,0,274.71,1,1,3,3,2,2,17,1,3,3,1
4,12,7,29,0.05,3,2,2,2,1,271.57,1,12,3,1,1,3,14,1,3,2,2
4,12,7,30,0.4,1,2,1,1,1,227.78,1,13,1,3,1,3,6,1,1,2,2
4,12,7,31,0.2,3,3,2,2,1,193.25,1,2,3,1,1,3,7,3,1,1,3
4,12,7,32,0.2,1,3,1,1,1,248.16,1,12,3,3,3,3,12,3,1,1,3
4,12,7,33,0.8,1,2,NaN,NaN,NaN,NaN,NaN,2,1,3,1,3,13,3,3,2,2
4,12,7,34,0.05,3,2,2,2,1,306.67,0,18,1,3,3,1,13,1,1,2,2
4,12,7,35,1.8,1,3,1,2,0,212.76,1,4,1,3,1,3,6,1,1,3,3
4,12,7,36,0.8,3,3,NaN,NaN,NaN,NaN,NaN,6,3,3,1,1,18,1,1,3,3
4,12,7,37,1.8,1,3,1,1,1,227.6,1,6,1,3,1,3,5,1,3,3,1
4,12,7,38,0.8,3,3,2,2,1,223.15,1,16,3,3,1,1,15,1,1,3,3
4,12,7,39,0.2,1,2,1,1,1,225.54,1,16,3,3,3,3,3,3,1,2,2
4,12,7,40,0.1,1,1,1,1,1,209.23,1,13,1,1,1,1,14,3,1,3,1
4,12,7,41,0.1,1,3,1,1,1,246.9,1,16,3,3,3,3,20,3,3,1,1
4,12,7,42,1.8,1,3,1,1,1,225.01,1,2,3,3,3,3,5,1,3,3,1
4,12,7,43,0.1,1,3,1,1,1,245.46,1,5,1,3,1,3,20,3,3,1,1
4,12,7,44,0.2,3,3,2,2,1,245.02,1,14,1,1,3,3,1,1,3,3,1
4,12,7,45,0.2,1,2,1,1,1,425.5,0,1,3,1,3,1,5,3,3,2,2
4,12,7,46,1.8,2,1,2,2,1,206.38,1,14,3,3,2,2,12,1,1,1,1
4,12,7,47,0.8,2,2,2,1,0,212.42,1,17,3,3,2,2,11,1,1,2,2
4,12,7,48,0.4,1,3,1,1,1,242.55,1,8,3,1,3,1,16,3,3,1,1
4,12,7,49,0.1,1,1,1,1,1,271.12,1,20,3,3,3,3,1,3,1,3,1
4,12,7,50,0.05,3,1,2,1,0,280.35,1,8,3,3,1,1,9,1,3,1,3
4,12,7,51,0.4,1,2,1,1,1,208.08,1,15,1,3,1,3,16,3,1,2,2
4,12,7,52,0.2,1,2,1,1,1,243.17,1,13,1,3,1,3,4,1,1,2,2
4,12,7,53,0.05,3,2,2,2,1,299.78,1,4,1,1,3,3,16,3,3,2,2
4,12,7,54,0.4,1,1,1,1,1,192.83,1,3,1,3,1,3,19,1,3,1,3
4,12,7,55,1.8,1,1,NaN,NaN,NaN,NaN,NaN,9,1,3,1,3,13,3,1,3,1
4,12,7,56,0.05,1,1,1,1,1,268.24,1,15,3,1,3,1,16,3,1,3,1
4,12,7,57,0.4,1,2,1,1,1,237.54,1,17,3,3,3,3,19,3,3,2,2
4,12,7,58,0.05,2,3,2,2,1,334.37,0,13,1,3,2,2,6,3,3,1,1
4,12,7,59,0.8,3,1,2,2,1,207.58,1,20,3,1,1,3,16,1,3,1,3
4,12,7,60,0.8,1,2,1,1,1,234.83,1,10,1,3,1,3,4,1,3,2,2
4,12,7,61,0.2,3,2,2,2,1,248.34,1,17,3,3,1,1,10,3,1,2,2
4,12,7,62,0.1,3,3,2,2,1,318.9,0,16,1,3,3,1,5,1,1,3,3
4,12,7,63,0.1,2,2,2,2,1,251.39,1,11,1,3,2,2,14,1,3,2,2
4,12,7,64,1.8,3,2,2,2,1,202.05,1,7,1,3,3,1,7,1,1,2,2
4,12,7,65,0.8,1,2,1,1,1,239.61,1,15,1,3,1,3,6,3,1,2,2
4,12,7,66,0.2,1,3,1,1,1,143.42,1,9,3,1,3,1,4,3,1,1,3
4,12,7,67,0.4,1,2,1,1,1,218.35,1,13,1,1,1,1,3,3,3,2,2
4,12,7,68,0.1,3,2,2,2,1,272.24,1,11,3,3,1,1,12,1,1,2,2
4,12,7,69,0.1,2,1,2,1,0,278.15,1,10,3,1,2,2,8,1,1,1,1
4,12,7,70,0.1,1,2,1,1,1,237.61,1,5,3,1,3,1,8,1,1,2,2
4,12,7,71,0.4,1,3,NaN,NaN,NaN,NaN,NaN,17,1,1,1,1,15,1,1,3,3
4,12,7,72,0.05,2,1,2,1,0,257.99,1,6,1,1,2,2,20,1,3,1,3
4,12,7,73,0.05,2,3,2,2,1,496.11,0,3,3,1,2,2,15,1,1,3,3
4,12,7,74,0.05,2,1,2,2,1,267.94,1,15,3,1,2,2,4,1,1,1,1
4,12,7,75,0.8,2,1,2,2,1,209.56,1,18,3,3,2,2,8,1,1,1,1
4,12,7,76,1.8,1,3,1,1,1,198.84,1,14,1,3,1,3,9,3,1,1,3
4,12,7,77,0.05,3,2,2,2,1,264.39,1,7,1,3,3,1,16,1,3,2,2
4,12,7,78,0.2,3,3,2,2,1,245.82,1,16,1,1,3,3,6,3,1,1,3
4,12,8,1,0.4,3,3,2,2,1,211.88,1,13,1,3,3,1,9,1,3,3,1
4,12,8,2,0.8,2,3,2,1,0,209.24,1,11,1,1,2,2,14,1,1,3,3
4,12,8,3,0.05,1,1,1,1,1,274.29,1,9,1,1,1,1,3,3,1,3,1
4,12,8,4,0.4,1,1,1,1,1,213.78,1,12,1,3,1,3,11,1,1,1,1
4,12,8,5,0.05,1,1,1,2,0,256.14,1,4,1,3,1,3,15,1,1,1,1
4,12,8,6,0.1,1,3,1,1,1,239.83,1,18,3,3,3,3,13,3,3,1,1
4,12,8,7,0.1,3,2,2,2,1,227.96,1,6,3,1,1,3,3,1,3,2,2
4,12,8,8,0.1,1,1,1,1,1,224.56,1,8,3,1,3,1,20,1,3,1,3
4,12,8,9,1.8,2,2,2,2,1,230.63,1,3,1,1,2,2,18,3,3,2,2
4,12,8,10,0.1,2,1,2,2,1,272.4,1,6,1,1,2,2,17,1,3,1,3
4,12,8,11,0.1,3,1,2,2,1,204.4,1,20,3,1,1,3,3,1,3,1,3
4,12,8,12,0.8,2,2,2,2,1,211.12,1,10,1,1,2,2,1,3,3,2,2
4,12,8,13,0.8,3,3,2,2,1,243.38,1,19,3,3,1,1,5,1,3,3,1
4,12,8,14,0.2,3,3,2,2,1,221.76,1,14,3,1,1,3,19,1,3,3,1
4,12,8,15,0.1,3,2,2,2,1,277.51,1,20,1,3,3,1,20,1,3,2,2
4,12,8,16,0.05,3,1,2,2,1,300.03,0,13,1,1,3,3,17,1,1,1,1
4,12,8,17,1.8,1,3,NaN,NaN,NaN,NaN,NaN,7,3,1,3,1,6,1,1,3,3
4,12,8,18,0.2,1,3,1,1,1,271.35,1,4,3,1,3,1,3,3,3,1,1
4,12,8,19,0.2,1,1,1,1,1,239.33,1,11,1,3,1,3,11,3,1,3,1
4,12,8,20,0.05,1,1,1,1,1,295.93,1,10,3,1,3,1,12,3,1,3,1
4,12,8,21,0.1,1,2,1,1,1,502.93,0,20,1,1,1,1,5,1,1,2,2
4,12,8,22,0.2,3,1,2,2,1,253.9,1,16,1,1,3,3,6,1,1,1,1
4,12,8,23,0.8,3,2,2,2,1,216.34,1,6,1,3,3,1,1,3,1,2,2
4,12,8,24,0.8,1,1,1,1,1,224.4,1,18,3,1,3,1,11,3,3,3,3
4,12,8,25,1.8,3,1,2,2,1,231.97,1,14,1,1,3,3,17,1,1,1,1
4,12,8,26,0.8,3,3,2,1,0,228.6,1,3,3,1,1,3,7,1,1,3,3
4,12,8,27,0.2,2,2,2,1,0,282.65,1,16,1,1,2,2,16,1,3,2,2
4,12,8,28,0.8,1,2,NaN,NaN,NaN,NaN,NaN,7,3,1,3,1,8,1,3,2,2
4,12,8,29,0.8,3,1,NaN,NaN,NaN,NaN,NaN,5,1,1,3,3,4,3,1,3,1
4,12,8,30,0.8,1,2,1,1,1,226.43,1,15,1,3,1,3,1,1,3,2,2
4,12,8,31,0.1,2,3,2,2,1,241.08,1,8,3,1,2,2,16,3,1,1,3
4,12,8,32,1.8,3,1,2,2,1,201.47,1,8,3,3,1,1,13,1,1,1,1
4,12,8,33,0.1,2,2,2,1,0,250.51,1,13,1,3,2,2,10,1,3,2,2
4,12,8,34,1.8,2,3,2,2,1,213.8,1,2,1,1,2,2,19,1,3,3,1
4,12,8,35,0.1,1,2,1,1,1,275.01,1,4,1,3,1,3,7,1,3,2,2
4,12,8,36,1.8,3,2,2,2,1,197.28,1,14,1,1,3,3,9,3,1,2,2
4,12,8,37,0.4,1,1,1,1,1,203.5,1,11,3,3,3,3,16,1,3,1,3
4,12,8,38,0.8,3,2,2,2,1,251.77,1,2,3,1,1,3,18,1,3,2,2
4,12,8,39,0.8,2,2,2,2,1,217.3,1,5,1,1,2,2,4,3,1,2,2
4,12,8,40,1.8,1,2,1,1,1,208.8,1,19,1,1,1,1,3,3,1,2,2
4,12,8,41,1.8,1,2,1,1,1,223.02,1,8,1,3,1,3,4,1,3,2,2
4,12,8,42,0.05,3,2,2,2,1,325.76,0,12,1,3,3,1,20,1,3,2,2
4,12,8,43,0.8,3,3,2,2,1,245.56,1,17,1,1,3,3,19,1,1,3,3
4,12,8,44,0.4,3,1,2,2,1,273.91,1,17,3,1,1,3,20,1,3,1,3
4,12,8,45,0.8,1,1,1,1,1,246.94,1,18,3,1,3,1,20,1,1,1,1
4,12,8,46,0.4,3,1,2,2,1,229.51,1,10,1,3,3,1,2,3,1,3,1
4,12,8,47,0.4,1,1,1,1,1,264.21,1,14,1,3,1,3,10,3,3,3,3
4,12,8,48,0.1,1,2,1,1,1,226.93,1,11,3,1,3,1,14,3,3,2,2
4,12,8,49,0.2,1,1,1,1,1,385.21,0,4,1,1,1,1,6,1,3,1,3
4,12,8,50,1.8,1,1,1,1,1,237.68,1,16,3,1,3,1,8,1,1,1,1
4,12,8,51,0.4,1,2,1,1,1,244.78,1,17,3,3,3,3,2,1,3,2,2
4,12,8,52,0.2,2,2,2,1,0,257.93,1,13,3,3,2,2,3,3,1,2,2
4,12,8,53,0.1,1,1,1,2,0,311.15,0,18,1,3,1,3,19,1,3,1,3
4,12,8,54,0.05,1,2,1,1,1,271.11,1,4,3,1,3,1,1,3,1,2,2
4,12,8,55,0.2,3,1,2,2,1,230.32,1,8,3,3,1,1,2,3,1,3,1
4,12,8,56,0.1,1,2,1,1,1,455.72,0,4,1,1,1,1,17,1,1,2,2
4,12,8,57,0.05,1,1,1,1,1,287.79,1,5,1,3,1,3,9,3,3,3,3
4,12,8,58,0.4,3,1,2,2,1,209.84,1,2,3,3,1,1,4,3,1,3,1
4,12,8,59,1.8,3,2,NaN,NaN,NaN,NaN,NaN,9,3,1,1,3,12,3,3,2,2
4,12,8,60,0.4,1,1,1,1,1,255.88,1,13,3,1,3,1,15,3,3,3,3
4,12,8,61,0.05,2,3,2,1,0,304.46,0,19,1,3,2,2,1,3,3,1,1
4,12,8,62,1.8,3,1,2,2,1,237.53,1,15,3,3,1,1,5,1,3,1,3
4,12,8,63,0.05,1,1,1,1,1,278.07,1,15,3,3,3,3,7,3,1,3,1
4,12,8,64,1.8,3,2,2,2,1,210.58,1,3,3,3,1,1,3,3,3,2,2
4,12,8,65,1.8,3,2,2,2,1,285.8,1,5,1,1,3,3,8,3,3,2,2
4,12,8,66,0.2,2,1,2,2,1,251.66,1,19,3,1,2,2,18,1,1,1,1
4,12,8,67,0.05,1,2,1,1,1,250.96,1,6,3,3,3,3,6,3,1,2,2
4,12,8,68,0.05,2,1,2,2,1,329.17,0,7,1,1,2,2,2,3,1,3,1
4,12,8,69,0.4,3,1,2,2,1,368.96,0,8,3,3,1,1,10,3,1,3,1
4,12,8,70,0.2,1,3,1,1,1,61.63,2,20,1,1,1,1,8,1,1,3,3
4,12,8,71,0.05,1,2,1,1,1,243.84,1,10,3,3,3,3,12,3,3,2,2
4,12,8,72,0.2,3,3,2,2,1,219.71,1,6,3,1,1,3,10,1,1,3,3
4,12,8,73,0.4,1,1,1,1,1,251.97,1,19,3,1,3,1,3,3,1,3,1
4,12,8,74,0.05,1,3,1,1,1,261.22,1,14,3,3,3,3,16,3,3,1,1
4,12,8,75,0.4,1,2,1,1,1,217.15,1,4,3,1,3,1,8,1,3,2,2
4,12,8,76,0.2,2,2,2,2,1,234,1,11,3,1,2,2,8,1,3,2,2
4,12,8,77,0.2,2,3,2,2,1,245.74,1,17,3,1,2,2,16,1,1,3,3
4,12,8,78,0.4,3,3,2,2,1,215.9,1,1,1,3,3,1,19,1,3,3,1
4,12,9,1,0.1,3,3,2,2,1,236.49,1,15,3,3,1,1,19,3,3,1,1
4,12,9,2,0.8,2,2,2,2,1,210.52,1,12,1,3,2,2,19,3,3,2,2
4,12,9,3,0.2,2,2,2,1,0,154.65,1,7,1,3,2,2,10,1,1,2,2
4,12,9,4,0.2,1,3,1,1,1,173.92,1,14,1,1,1,1,11,1,3,3,1
4,12,9,5,0.8,1,3,NaN,NaN,NaN,NaN,NaN,9,3,1,3,1,15,1,3,3,1
4,12,9,6,0.8,2,2,2,2,1,209.64,1,5,3,3,2,2,4,1,1,2,2
4,12,9,7,1.8,2,1,2,2,1,316.35,0,9,1,3,2,2,11,1,3,1,3
4,12,9,8,0.8,3,3,2,2,1,277.93,1,20,3,1,1,3,16,3,1,1,3
4,12,9,9,0.05,3,3,2,2,1,302.92,0,15,3,1,1,3,1,3,3,1,1
4,12,9,10,0.4,2,1,2,2,1,206.81,1,14,3,1,2,2,13,3,3,3,3
4,12,9,11,0.1,1,1,1,1,1,275.9,1,10,3,3,3,3,13,3,3,3,3
4,12,9,12,1.8,1,2,1,2,0,212.17,1,13,1,3,1,3,4,3,3,2,2
4,12,9,13,0.2,1,3,1,1,1,217.04,1,18,3,1,3,1,5,3,1,1,3
4,12,9,14,0.4,1,3,1,1,1,411.28,0,8,1,1,1,1,2,3,3,1,1
4,12,9,15,0.1,1,3,1,2,0,238.74,1,4,1,1,1,1,5,3,3,1,1
4,12,9,16,0.8,2,3,2,2,1,204.57,1,8,1,1,2,2,4,1,1,3,3
4,12,9,17,0.8,2,1,2,2,1,222.36,1,19,3,1,2,2,11,3,3,3,3
4,12,9,18,0.2,1,3,1,1,1,233.62,1,10,1,3,1,3,14,3,1,1,3
4,12,9,19,1.8,2,1,NaN,NaN,NaN,NaN,NaN,13,1,1,2,2,4,3,3,3,3
4,12,9,20,1.8,3,2,2,2,1,216.31,1,19,3,3,1,1,6,3,1,2,2
4,12,9,21,0.05,2,3,2,2,1,290.6,1,8,3,1,2,2,20,3,1,1,3
4,12,9,22,0.2,1,2,1,1,1,276.19,1,11,1,3,1,3,10,1,1,2,2
4,12,9,23,0.1,1,1,1,1,1,273.93,1,13,1,3,1,3,18,3,1,3,1
4,12,9,24,0.1,1,3,1,1,1,280.67,1,3,1,3,1,3,14,1,3,3,1
4,12,9,25,0.8,2,3,2,2,1,243.88,1,2,1,3,2,2,18,1,3,3,1
4,12,9,26,0.2,2,3,2,2,1,279.73,1,20,3,1,2,2,19,3,1,1,3
4,12,9,27,0.4,1,3,1,1,1,236.31,1,1,1,1,1,1,18,3,1,1,3
4,12,9,28,0.1,2,1,2,2,1,313.89,0,18,3,1,2,2,3,3,3,3,3
4,12,9,29,0.1,3,1,2,1,0,268.73,1,3,1,3,3,1,19,3,1,3,1
4,12,9,30,1.8,2,1,2,2,1,214.91,1,16,1,1,2,2,18,1,1,1,1
4,12,9,31,0.05,1,2,1,2,0,293.18,1,20,1,3,1,3,11,3,3,2,2
4,12,9,32,0.4,2,2,2,2,1,278.5,1,11,1,3,2,2,1,1,3,2,2
4,12,9,33,0.4,2,3,2,2,1,204.53,1,18,3,1,2,2,14,1,1,3,3
4,12,9,34,0.2,1,2,1,1,1,162.5,1,7,3,1,3,1,14,1,3,2,2
4,12,9,35,0.2,1,2,1,1,1,253.08,1,2,3,3,3,3,3,3,1,2,2
4,12,9,36,0.1,3,1,2,2,1,277.09,1,14,1,3,3,1,12,3,3,3,3
4,12,9,37,0.4,2,1,2,2,1,225.28,1,6,3,1,2,2,19,1,1,1,1
4,12,9,38,1.8,3,3,2,2,1,223.85,1,19,3,3,1,1,13,1,3,3,1
4,12,9,39,0.8,2,3,2,1,0,224.97,1,17,3,1,2,2,12,1,1,3,3
4,12,9,40,0.05,1,2,1,1,1,277.75,1,4,1,3,1,3,10,3,1,2,2
4,12,9,41,0.4,2,2,2,1,0,278.42,1,16,3,3,2,2,19,3,1,2,2
4,12,9,42,0.05,3,2,2,1,0,159.54,1,4,3,1,1,3,5,3,3,2,2
4,12,9,43,0.4,1,1,1,1,1,684.66,0,5,3,3,3,3,1,3,1,3,1
4,12,9,44,0.1,1,1,1,1,1,261.42,1,14,1,1,1,1,8,1,3,1,3
4,12,9,45,0.05,1,2,1,1,1,247.09,1,19,1,1,1,1,14,3,1,2,2
4,12,9,46,0.4,1,2,1,1,1,227.45,1,14,1,1,1,1,9,1,1,2,2
4,12,9,47,0.8,1,3,1,1,1,216.45,1,3,1,3,1,3,16,3,1,1,3
4,12,9,48,0.05,2,1,2,2,1,286.41,1,18,1,3,2,2,2,1,1,1,1
4,12,9,49,1.8,3,2,2,2,1,237.87,1,11,1,1,3,3,16,1,1,2,2
4,12,9,50,0.1,2,2,2,1,0,280.53,1,7,3,3,2,2,4,3,1,2,2
4,12,9,51,0.4,1,3,1,2,0,235.9,1,13,3,1,3,1,19,1,3,3,1
4,12,9,52,0.4,1,1,1,1,1,222.29,1,3,3,1,3,1,1,1,1,1,1
4,12,9,53,1.8,1,3,1,1,1,198.56,1,15,3,1,3,1,8,1,1,3,3
4,12,9,54,1.8,3,3,2,2,1,223.42,1,4,3,3,1,1,18,3,1,1,3
4,12,9,55,0.05,3,1,2,2,1,318.14,0,5,3,3,1,1,17,3,3,3,3
4,12,9,56,0.2,2,2,2,1,0,251.47,1,12,1,3,2,2,9,1,1,2,2
4,12,9,57,0.4,2,3,2,1,0,4.9982,2,20,3,1,2,2,8,1,3,3,1
4,12,9,58,1.8,1,2,1,1,1,209.79,1,8,1,3,1,3,14,3,3,2,2
4,12,9,59,0.05,1,3,1,1,1,291.74,1,19,3,3,3,3,19,1,3,3,1
4,12,9,60,0.05,2,3,2,1,0,270.26,1,5,3,1,2,2,5,3,3,1,1
4,12,9,61,0.8,3,3,2,2,1,243.52,1,12,1,3,3,1,16,1,1,3,3
4,12,9,62,0.05,1,2,1,1,1,293.44,1,1,1,1,1,1,17,3,1,2,2
4,12,9,63,0.8,3,2,2,2,1,213.91,1,15,3,1,1,3,6,1,1,2,2
4,12,9,64,1.8,1,3,1,1,1,210.3,1,14,1,3,1,3,14,3,3,1,1
4,12,9,65,0.8,2,1,2,2,1,258.57,1,7,3,3,2,2,8,3,1,3,1
4,12,9,66,1.8,1,3,1,1,1,211.61,1,13,3,3,3,3,4,1,1,3,3
4,12,9,67,0.1,3,3,2,2,1,326.38,0,14,1,1,3,3,11,1,3,3,1
4,12,9,68,0.1,1,2,1,1,1,254.1,1,14,1,3,1,3,9,1,1,2,2
4,12,9,69,0.2,1,2,1,1,1,207.95,1,7,1,3,1,3,9,3,3,2,2
4,12,9,70,0.05,1,2,1,1,1,200.76,1,7,1,1,1,1,7,1,3,2,2
4,12,9,71,0.8,1,2,1,1,1,250.17,1,19,3,3,3,3,3,3,3,2,2
4,12,9,72,0.2,1,3,1,1,1,233.21,1,10,1,3,1,3,7,3,3,1,1
4,12,9,73,0.2,2,3,2,1,0,243.69,1,11,1,3,2,2,20,1,1,3,3
4,12,9,74,1.8,1,2,1,1,1,219.61,1,17,3,3,3,3,14,3,3,2,2
4,12,9,75,0.2,1,3,1,2,0,276.39,1,7,1,3,1,3,2,3,3,1,1
4,12,9,76,0.4,2,1,2,2,1,235.85,1,15,1,1,2,2,13,3,1,3,1
4,12,9,77,0.1,3,3,2,2,1,309.16,0,14,1,1,3,3,1,3,1,1,3
4,12,9,78,0.05,3,2,2,2,1,284.02,1,15,3,1,1,3,9,3,1,2,2
4,12,10,1,0.8,2,1,2,2,1,383.9,0,16,3,3,2,2,1,1,1,1,1
4,12,10,2,1.8,2,2,NaN,NaN,NaN,NaN,NaN,19,3,1,2,2,7,1,3,2,2
4,12,10,3,1.8,1,2,1,1,1,213.08,1,1,1,3,1,3,19,1,1,2,2
4,12,10,4,0.8,2,2,2,2,1,400.86,0,3,1,1,2,2,1,3,1,2,2
4,12,10,5,0.2,1,3,1,1,1,236.32,1,11,3,3,3,3,10,1,1,3,3
4,12,10,6,0.4,2,3,2,2,1,243.01,1,5,3,3,2,2,9,3,1,1,3
4,12,10,7,0.05,2,1,2,2,1,316.52,0,19,3,1,2,2,20,1,1,1,1
4,12,10,8,0.4,2,1,2,1,0,278.37,1,13,3,1,2,2,4,1,3,1,3
4,12,10,9,0.2,3,2,2,2,1,169.9,1,18,1,3,3,1,12,3,3,2,2
4,12,10,10,0.4,1,1,1,2,0,190.16,1,13,1,1,1,1,20,1,1,1,1
4,12,10,11,0.05,1,1,1,1,1,281.04,1,16,1,1,1,1,6,3,1,3,1
4,12,10,12,0.4,2,2,2,2,1,226.87,1,7,1,1,2,2,17,3,1,2,2
4,12,10,13,0.8,1,3,1,1,1,217.99,1,18,3,3,3,3,2,1,1,3,3
4,12,10,14,0.2,2,2,2,2,1,201.97,1,15,1,1,2,2,3,3,3,2,2
4,12,10,15,1.8,1,2,NaN,NaN,NaN,NaN,NaN,12,1,3,1,3,9,3,1,2,2
4,12,10,16,0.2,3,1,2,2,1,180.26,1,8,3,1,1,3,19,3,3,3,3
4,12,10,17,0.4,2,2,2,2,1,220.37,1,17,1,3,2,2,2,1,1,2,2
4,12,10,18,1.8,1,3,1,1,1,204.51,1,16,3,3,3,3,15,3,1,1,3
4,12,10,19,0.8,2,3,2,2,1,223.44,1,9,3,1,2,2,19,3,3,1,1
4,12,10,20,0.05,1,1,1,1,1,318.97,0,19,1,1,1,1,8,1,1,1,1
4,12,10,21,0.2,3,2,2,2,1,253.04,1,13,3,1,1,3,10,1,1,2,2
4,12,10,22,0.4,2,3,2,2,1,228.12,1,9,3,1,2,2,2,1,1,3,3
4,12,10,23,0.2,1,1,1,1,1,205.28,1,9,3,1,3,1,9,3,3,3,3
4,12,10,24,0.8,1,3,1,1,1,217.73,1,9,1,3,1,3,13,1,3,3,1
4,12,10,25,0.8,3,2,2,2,1,230.53,1,17,3,1,1,3,9,1,3,2,2
4,12,10,26,0.1,2,3,2,2,1,209.04,1,16,1,3,2,2,3,3,1,1,3
4,12,10,27,0.05,1,3,1,1,1,259.28,1,17,1,3,1,3,18,3,3,1,1
4,12,10,28,0.05,1,3,1,1,1,230.97,1,18,3,3,3,3,2,3,1,1,3
4,12,10,29,0.8,1,3,NaN,NaN,NaN,NaN,NaN,12,1,1,1,1,17,3,1,1,3
4,12,10,30,0.05,1,1,1,1,1,228.89,1,5,1,1,1,1,6,3,3,3,3
4,12,10,31,0.2,1,1,1,1,1,202.7,1,10,3,3,3,3,19,1,3,1,3
4,12,10,32,0.4,1,1,1,1,1,260.74,1,15,3,1,3,1,11,3,1,3,1
4,12,10,33,1.8,3,1,2,2,1,243.09,1,1,1,3,3,1,17,3,3,3,3
4,12,10,34,0.2,2,3,2,2,1,238.85,1,14,3,3,2,2,3,1,3,3,1
4,12,10,35,1.8,2,2,2,2,1,198.51,1,9,3,3,2,2,12,3,1,2,2
4,12,10,36,1.8,1,2,1,1,1,228.45,1,14,3,1,3,1,5,3,1,2,2
4,12,10,37,0.4,1,2,1,1,1,234.73,1,6,1,1,1,1,2,3,3,2,2
4,12,10,38,0.8,2,2,2,2,1,215.82,1,18,3,3,2,2,4,1,1,2,2
4,12,10,39,0.05,1,2,1,1,1,254.13,1,18,1,1,1,1,20,1,3,2,2
4,12,10,40,0.05,3,2,2,2,1,326.6,0,5,1,3,3,1,19,3,3,2,2
4,12,10,41,0.8,1,2,1,1,1,189.27,1,9,3,3,3,3,19,3,1,2,2
4,12,10,42,0.8,1,3,1,1,1,316.06,0,11,1,1,1,1,16,1,1,3,3
4,12,10,43,0.1,1,3,1,1,1,247.41,1,13,1,1,1,1,19,3,3,1,1
4,12,10,44,0.1,3,2,2,2,1,235.85,1,15,1,3,3,1,11,3,1,2,2
4,12,10,45,0.2,3,2,2,2,1,228.58,1,17,3,3,1,1,8,1,3,2,2
4,12,10,46,0.1,1,1,1,1,1,238.78,1,20,1,1,1,1,7,1,1,1,1
4,12,10,47,0.4,1,2,NaN,NaN,NaN,NaN,NaN,5,1,1,1,1,5,3,3,2,2
4,12,10,48,0.4,1,2,1,1,1,226.75,1,12,1,3,1,3,17,1,3,2,2
4,12,10,49,1.8,3,2,2,2,1,198.62,1,14,3,1,1,3,3,1,3,2,2
4,12,10,50,0.1,3,1,2,2,1,273.41,1,1,1,1,3,3,13,1,1,1,1
4,12,10,51,0.1,3,2,2,2,1,227.65,1,2,3,1,1,3,8,3,1,2,2
4,12,10,52,0.8,2,2,2,1,0,227.14,1,13,3,3,2,2,18,3,1,2,2
4,12,10,53,0.1,1,2,1,1,1,244.31,1,13,1,1,1,1,10,1,3,2,2
4,12,10,54,0.4,1,2,1,1,1,195.56,1,6,1,1,1,1,19,1,3,2,2
4,12,10,55,1.8,2,3,NaN,NaN,NaN,NaN,NaN,3,1,3,2,2,3,1,3,3,1
4,12,10,56,0.2,3,2,2,2,1,287.12,1,8,1,3,3,1,17,1,1,2,2
4,12,10,57,0.1,2,2,2,2,1,265.55,1,15,3,1,2,2,11,1,1,2,2
4,12,10,58,1.8,1,2,1,1,1,201.87,1,15,1,3,1,3,20,1,3,2,2
4,12,10,59,0.05,1,3,1,1,1,302.62,0,4,3,1,3,1,7,1,3,3,1
4,12,10,60,0.1,1,2,1,1,1,212.26,1,19,1,1,1,1,1,3,1,2,2
4,12,10,61,0.2,1,3,1,1,1,235.27,1,14,3,3,3,3,4,1,3,3,1
4,12,10,62,0.8,1,3,1,1,1,225.25,1,15,3,3,3,3,6,3,1,1,3
4,12,10,63,1.8,3,3,NaN,NaN,NaN,NaN,NaN,12,3,3,1,1,10,1,1,3,3
4,12,10,64,0.1,2,2,2,1,0,218.39,1,19,1,3,2,2,4,3,3,2,2
4,12,10,65,0.05,3,3,2,1,0,277.56,1,12,3,3,1,1,15,3,3,1,1
4,12,10,66,0.1,1,3,1,1,1,254.47,1,16,3,1,3,1,14,1,3,3,1
4,12,10,67,1.8,3,3,NaN,NaN,NaN,NaN,NaN,10,3,3,1,1,17,3,1,1,3
4,12,10,68,1.8,2,2,2,2,1,219.6,1,19,1,3,2,2,6,1,3,2,2
4,12,10,69,0.4,1,1,1,1,1,234.02,1,20,3,3,3,3,16,3,1,3,1
4,12,10,70,0.2,2,1,2,2,1,300.98,0,12,3,3,2,2,4,1,1,1,1
4,12,10,71,0.05,1,1,1,1,1,203.29,1,12,3,1,3,1,6,1,3,1,3
4,12,10,72,0.05,3,1,2,2,1,280.08,1,17,1,1,3,3,10,3,1,3,1
4,12,10,73,0.2,1,1,1,1,1,235.4,1,11,1,3,1,3,14,3,1,3,1
4,12,10,74,0.1,2,3,2,1,0,244.8,1,20,3,3,2,2,8,1,1,3,3
4,12,10,75,0.05,1,1,1,1,1,236.13,1,8,3,1,3,1,9,1,3,1,3
4,12,10,76,0.4,2,3,2,2,1,275.81,1,12,3,3,2,2,6,3,1,1,3
4,12,10,77,0.8,2,1,2,2,1,243.88,1,18,3,3,2,2,18,1,3,1,3
4,12,10,78,0.1,2,2,2,2,1,278.97,1,18,3,1,2,2,10,3,3,2,2
