4,2,1,1,0.4,1,2,1,1,1,246.17,1,5,3,3,3,3,8,1,3,2,2
4,2,1,2,1.8,1,1,1,1,1,235.47,1,5,3,3,3,3,5,3,3,3,3
4,2,1,3,0.1,1,3,1,1,1,247.02,1,17,3,1,3,1,17,1,1,3,3
4,2,1,4,0.2,1,3,1,1,1,276.41,1,19,3,1,3,1,3,3,1,1,3
4,2,1,5,0.8,1,2,1,1,1,223.09,1,2,3,3,3,3,2,3,1,2,2
4,2,1,6,0.4,1,2,1,1,1,243.66,1,8,3,1,3,1,10,1,1,2,2
4,2,1,7,0.1,1,2,1,1,1,315.8,0,6,3,3,3,3,9,1,1,2,2
4,2,1,8,0.4,1,3,1,1,1,245.79,1,9,3,1,3,1,13,1,3,3,1
4,2,1,9,0.1,1,2,1,1,1,257.79,1,20,1,1,1,1,4,3,3,2,2
4,2,1,10,0.4,1,3,1,1,1,236.84,1,8,3,1,3,1,14,3,3,1,1
4,2,1,11,0.1,3,3,2,2,1,272.68,1,13,3,3,1,1,18,1,3,3,1
4,2,1,12,0.4,3,3,2,2,1,196.53,1,9,3,1,1,3,9,1,1,3,3
4,2,1,13,0.2,1,1,1,1,1,232.77,1,3,3,1,3,1,5,3,3,3,3
4,2,1,14,0.05,3,1,2,2,1,296.24,1,15,3,1,1,3,8,1,1,1,1
4,2,1,15,0.4,2,1,2,1,0,229.61,1,15,1,1,2,2,6,3,3,3,3
4,2,1,16,0.05,1,2,1,1,1,244.58,1,2,1,1,1,1,12,3,1,2,2
4,2,1,17,0.4,1,1,1,1,1,238.64,1,17,1,3,1,3,11,1,3,1,3
4,2,1,18,1.8,1,1,1,1,1,211.74,1,18,3,3,3,3,16,1,3,1,3
4,2,1,19,0.8,2,3,2,2,1,212.56,1,6,1,3,2,2,16,1,3,3,1
4,2,1,20,0.8,1,1,1,1,1,217.96,1,7,3,3,3,3,3,1,1,1,1
4,2,1,21,0.4,1,1,1,1,1,296.81,1,8,3,3,3,3,5,1,3,1,3
4,2,1,22,0.4,3,3,2,2,1,216.32,1,17,1,3,3,1,14,1,1,3,3
4,2,1,23,0.1,2,3,2,2,1,404.3,0,14,1,3,2,2,1,1,1,3,3
4,2,1,24,0.05,3,2,2,1,0,329.75,0,13,1,3,3,1,11,3,1,2,2
4,2,1,25,1.8,1,2,1,1,1,211.33,1,13,3,3,3,3,11,3,1,2,2
4,2,1,26,0.2,2,1,2,1,0,276.95,1,18,1,3,2,2,3,1,1,1,1
4,2,1,27,1.8,1,2,1,1,1,198.6,1,20,3,1,3,1,20,3,1,2,2
4,2,1,28,0.05,3,3,2,2,1,350.2,0,14,3,1,1,3,20,3,1,1,3
4,2,1,29,0.8,2,1,2,2,1,190.27,1,14,3,1,2,2,16,1,3,1,3
4,2,1,30,0.1,1,1,1,1,1,338.83,0,16,3,3,3,3,17,3,1,3,1
4,2,1,31,0.8,1,1,1,1,1,181.37,1,11,1,3,1,3,6,3,1,3,1
4,2,1,32,1.8,3,1,2,2,1,232.88,1,12,1,1,3,3,15,1,1,1,1
4,2,1,33,0.8,1,2,1,2,0,214.83,1,6,3,3,3,3,5,3,1,2,2
4,2,1,34,0.2,1,3,1,1,1,270.44,1,10,1,1,1,1,4,3,3,1,1
4,2,1,35,0.2,1,3,1,2,0,363.82,0,10,1,1,1,1,9,3,3,1,1
4,2,1,36,0.1,1,3,1,1,1,282.94,1,11,1,1,1,1,8,1,3,3,1
4,2,1,37,0.8,1,2,1,2,0,215.03,1,3,1,3,1,3,3,3,1,2,2
4,2,1,38,0.05,3,1,2,2,1,481.89,0,13,3,1,1,3,18,3,3,3,3
4,2,1,39,0.05,1,1,1,2,0,306.28,0,20,3,1,3,1,14,3,3,3,3
4,2,1,40,0.2,1,2,1,1,1,278.43,1,12,3,1,3,1,4,3,1,2,2
4,2,1,41,0.1,3,2,2,2,1,296.24,1,2,3,1,1,3,7,1,1,2,2
4,2,1,42,0.2,2,1,2,1,0,247.61,1,20,1,1,2,2,7,1,1,1,1
4,2,1,43,1.8,1,1,1,1,1,208.43,1,11,1,1,1,1,18,3,3,3,3
4,2,1,44,1.8,1,1,1,1,1,248.87,1,12,1,3,1,3,15,1,3,1,3
4,2,1,45,0.1,3,1,2,2,1,245.35,1,2,3,3,1,1,5,1,3,1,3
4,2,1,46,1.8,2,3,NaN,NaN,NaN,NaN,NaN,20,1,1,2,2,14,1,3,3,1
4,2,1,47,0.8,3,3,2,2,1,218.51,1,8,3,1,1,3,2,3,1,1,3
4,2,1,48,0.2,2,2,2,1,0,257.75,1,13,1,3,2,2,8,3,3,2,2
4,2,1,49,1.8,1,1,1,2,0,202.36,1,15,1,3,1,3,20,1,3,1,3
4,2,1,50,0.05,1,1,1,1,1,426.78,0,11,1,1,1,1,12,1,1,1,1
4,2,1,51,0.8,2,2,2,2,1,234.39,1,10,3,1,2,2,18,1,1,2,2
4,2,1,52,0.8,3,1,2,2,1,221.15,1,17,3,1,1,3,9,1,3,1,3
4,2,1,53,0.4,3,3,2,2,1,226.96,1,7,1,3,3,1,15,1,3,3,1
4,2,1,54,0.1,1,1,1,1,1,338.75,0,4,1,3,1,3,11,3,3,3,3
4,2,1,55,0.2,1,3,1,1,1,238.81,1,17,1,1,1,1,2,1,3,3,1
4,2,1,56,0.05,2,1,2,1,0,388.56,0,7,1,3,2,2,7,1,1,1,1
4,2,1,57,0.1,2,1,2,2,1,278.22,1,3,3,3,2,2,19,1,3,1,3
4,2,1,58,0.4,3,2,2,2,1,206.88,1,16,3,1,1,3,6,3,3,2,2
4,2,1,59,0.2,2,3,2,1,0,275.56,1,18,3,3,2,2,1,3,1,1,3
4,2,1,60,0.05,3,1,2,2,1,408.8,0,14,3,3,1,1,14,3,3,3,3
4,2,1,61,0.4,1,1,1,1,1,0.80895,2,17,1,3,1,3,16,3,1,3,1
4,2,1,62,0.1,1,1,1,1,1,275.52,1,8,3,3,3,3,14,3,3,3,3
4,2,1,63,0.2,2,3,2,2,1,285.32,1,20,1,3,2,2,12,1,1,3,3
4,2,1,64,0.4,1,2,1,1,1,226.58,1,5,3,3,3,3,6,3,1,2,2
4,2,1,65,0.2,1,3,1,1,1,258.21,1,18,3,3,3,3,4,1,1,3,3
4,2,1,66,0.05,1,1,1,1,1,368.74,0,13,3,1,3,1,5,3,3,3,3
4,2,1,67,0.2,1,3,1,1,1,273.89,1,5,3,3,3,3,16,1,3,3,1
4,2,1,68,0.8,1,1,1,1,1,222.33,1,4,1,3,1,3,6,1,1,1,1
4,2,1,69,0.05,3,1,2,1,0,381.61,0,20,1,3,3,1,1,3,1,3,1
4,2,1,70,1.8,3,1,NaN,NaN,NaN,NaN,NaN,17,3,1,1,3,3,1,1,1,1
4,2,1,71,0.05,1,1,1,1,1,270.4,1,19,1,1,1,1,6,3,1,3,1
4,2,1,72,0.8,1,3,1,1,1,221.64,1,15,3,3,3,3,20,1,3,3,1
4,2,1,73,0.1,3,2,2,2,1,307.69,0,17,3,1,1,3,14,1,1,2,2
4,2,1,74,0.05,2,1,2,1,0,301.73,0,14,1,1,2,2,8,1,3,1,3
4,2,1,75,0.8,3,2,2,2,1,212.07,1,13,3,3,1,1,5,1,1,2,2
4,2,1,76,1.8,1,2,1,1,1,240.65,1,11,1,3,1,3,4,1,3,2,2
4,2,1,77,1.8,2,2,2,1,0,219.41,1,18,3,3,2,2,17,3,1,2,2
4,2,1,78,1.8,1,2,1,1,1,212.7,1,11,3,1,3,1,14,1,1,2,2
4,2,2,1,0.8,1,2,1,1,1,242.25,1,9,3,1,3,1,4,1,3,2,2
4,2,2,2,0.1,1,3,1,1,1,267.49,1,18,3,3,3,3,12,1,3,3,1
4,2,2,3,1.8,1,3,1,1,1,236.1,1,14,3,1,3,1,7,3,1,1,3
4,2,2,4,1.8,1,1,1,1,1,218.43,1,4,3,1,3,1,17,3,1,3,1
4,2,2,5,0.8,1,1,1,1,1,223.14,1,20,3,3,3,3,7,3,3,3,3
4,2,2,6,0.4,2,2,2,1,0,220.65,1,9,1,1,2,2,12,3,3,2,2
4,2,2,7,0.2,1,3,1,1,1,243.08,1,1,1,3,1,3,3,1,3,3,1
4,2,2,8,0.05,3,3,2,2,1,288.51,1,9,3,1,1,3,14,1,1,3,3
4,2,2,9,0.05,3,3,2,2,1,367.27,0,17,1,3,3,1,10,3,1,1,3
4,2,2,10,0.2,3,1,2,2,1,221.91,1,19,1,3,3,1,4,3,1,3,1
4,2,2,11,0.4,1,1,1,1,1,240.19,1,9,3,3,3,3,10,3,1,3,1
4,2,2,12,0.1,1,3,1,2,0,245.13,1,13,1,1,1,1,20,3,3,1,1
4,2,2,13,0.4,1,2,1,1,1,225.26,1,6,3,3,3,3,12,1,1,2,2
4,2,2,14,0.1,2,2,2,2,1,404.49,0,19,3,3,2,2,16,3,1,2,2
4,2,2,15,1.8,1,1,1,1,1,224.6,1,4,1,1,1,1,12,3,3,3,3
4,2,2,16,1.8,1,2,1,1,1,225.94,1,19,3,3,3,3,12,1,3,2,2
4,2,2,17,0.2,2,2,2,2,1,227.27,1,12,3,1,2,2,16,3,1,2,2
4,2,2,18,0.4,1,3,1,1,1,241.92,1,12,3,3,3,3,8,3,1,1,3
4,2,2,19,1.8,2,1,2,1,0,225.21,1,7,3,3,2,2,8,1,1,1,1
4,2,2,20,1.8,2,1,2,2,1,223.58,1,14,3,1,2,2,9,1,3,1,3
4,2,2,21,1.8,2,1,2,1,0,237.37,1,14,1,3,2,2,6,3,1,3,1
4,2,2,22,0.4,3,3,2,2,1,226.07,1,12,1,3,3,1,5,1,1,3,3
4,2,2,23,0.8,1,1,1,1,1,248.17,1,1,1,3,1,3,3,1,3,1,3
4,2,2,24,0.8,1,2,1,1,1,238.26,1,11,3,3,3,3,4,1,1,2,2
4,2,2,25,0.05,3,1,2,2,1,363.68,0,6,3,3,1,1,11,3,3,3,3
4,2,2,26,0.05,3,1,2,2,1,348.19,0,11,1,3,3,1,3,1,1,1,1
4,2,2,27,0.05,2,2,2,2,1,443.71,0,3,1,1,2,2,10,1,1,2,2
4,2,2,28,0.2,1,2,1,1,1,257.4,1,3,3,1,3,1,19,3,3,2,2
4,2,2,29,0.4,2,2,2,1,0,216.06,1,6,1,3,2,2,13,3,3,2,2
4,2,2,30,0.8,1,2,1,1,1,205.12,1,6,1,1,1,1,11,1,3,2,2
4,2,2,31,0.1,3,1,2,2,1,295.69,1,2,3,3,1,1,1,3,3,3,3
4,2,2,32,1.8,2,1,2,1,0,235.39,1,11,1,3,2,2,13,3,1,3,1
4,2,2,33,0.05,1,3,1,1,1,304.86,0,1,3,1,3,1,18,3,1,1,3
4,2,2,34,0.4,3,2,2,2,1,213.49,1,7,1,3,3,1,20,3,1,2,2
4,2,2,35,1.8,1,3,1,1,1,213.98,1,10,1,3,1,3,15,1,1,3,3
4,2,2,36,0.8,1,2,1,1,1,264.57,1,9,3,3,3,3,15,3,1,2,2
4,2,2,37,0.2,1,1,1,1,1,472.57,0,14,1,1,1,1,5,3,3,3,3
4,2,2,38,0.2,2,3,2,2,1,228.85,1,9,3,1,2,2,5,3,3,1,1
4,2,2,39,0.4,2,2,2,1,0,254.21,1,15,1,1,2,2,3,1,1,2,2
4,2,2,40,0.4,1,2,1,1,1,213.35,1,7,1,3,1,3,18,1,3,2,2
4,2,2,41,0.8,2,1,2,1,0,261.94,1,1,3,1,2,2,14,1,3,1,3
4,2,2,42,0.05,1,1,1,2,0,322.89,0,1,1,3,1,3,19,1,3,1,3
4,2,2,43,0.4,2,1,2,2,1,61.583,2,6,1,1,2,2,19,3,1,3,1
4,2,2,44,0.2,2,3,2,2,1,470.65,0,15,3,1,2,2,11,1,1,3,3
4,2,2,45,0.1,2,2,2,1,0,321.06,0,13,1,3,2,2,13,3,3,2,2
4,2,2,46,0.05,1,2,1,1,1,508.69,0,20,1,1,1,1,8,3,3,2,2
4,2,2,47,0.4,2,2,2,1,0,221.17,1,3,3,1,2,2,1,3,1,2,2
4,2,2,48,0.1,1,2,1,2,0,298.38,1,8,1,3,1,3,8,1,1,2,2
4,2,2,49,1.8,1,3,1,1,1,242.1,1,7,3,1,3,1,2,3,3,1,1
4,2,2,50,0.1,1,2,1,1,1,265.48,1,11,1,1,1,1,14,3,3,2,2
4,2,2,51,0.2,2,3,2,2,1,292.58,1,13,3,3,2,2,13,3,1,1,3
4,2,2,52,0.8,3,3,2,2,1,223.98,1,2,1,1,3,3,2,1,3,3,1
4,2,2,53,0.05,1,1,1,1,1,265.14,1,14,3,1,3,1,14,3,3,3,3
4,2,2,54,0.1,3,3,2,2,1,320.14,0,17,1,1,3,3,15,3,3,1,1
4,2,2,55,0.1,1,1,1,1,1,628.19,0,9,1,1,1,1,20,1,1,1,1
4,2,2,56,0.4,1,1,1,1,1,237.71,1,2,3,1,3,1,11,3,3,3,3
4,2,2,57,0.1,3,3,2,2,1,209.16,1,17,3,3,1,1,2,3,1,1,3
4,2,2,58,0.2,2,2,2,1,0,289.98,1,2,3,1,2,2,3,3,3,2,2
4,2,2,59,1.8,2,2,2,2,1,210.12,1,5,1,3,2,2,2,3,3,2,2
4,2,2,60,0.05,1,1,1,1,1,395.48,0,19,1,3,1,3,16,3,3,3,3
4,2,2,61,0.2,3,3,2,2,1,212.37,1,7,3,3,1,1,5,1,3,3,1
4,2,2,62,1.8,3,1,NaN,NaN,NaN,NaN,NaN,18,3,3,1,1,17,3,1,3,1
4,2,2,63,0.8,1,2,1,1,1,213.68,1,3,1,3,1,3,16,3,1,2,2
4,2,2,64,0.1,2,2,2,1,0,516.28,0,15,3,1,2,2,10,1,3,2,2
4,2,2,65,0.1,1,3,1,1,1,266.99,1,11,3,3,3,3,19,1,1,3,3
4,2,2,66,0.8,2,2,2,1,0,235.46,1,9,1,1,2,2,5,1,3,2,2
4,2,2,67,0.8,1,2,1,1,1,236.67,1,6,3,1,3,1,1,3,3,2,2
4,2,2,68,0.05,2,3,2,2,1,300.87,0,5,3,3,2,2,12,3,1,1,3
4,2,2,69,0.2,1,3,1,2,0,307.03,0,11,3,1,3,1,13,3,3,1,1
4,2,2,70,0.4,2,2,2,1,0,251.95,1,12,3,3,2,2,16,3,3,2,2
4,2,2,71,0.2,1,3,1,1,1,253.67,1,20,1,1,1,1,17,3,3,1,1
4,2,2,72,0.05,1,1,1,1,1,275.96,1,12,1,1,1,1,8,1,3,1,3
4,2,2,73,1.8,2,1,2,1,0,227.99,1,16,1,3,2,2,7,1,3,1,3
4,2,2,74,0.2,1,1,1,1,1,217.54,1,12,3,3,3,3,15,3,1,3,1
4,2,2,75,0.05,3,2,2,2,1,319.39,0,4,1,1,3,3,6,1,3,2,2
4,2,2,76,0.1,1,2,1,2,0,265.04,1,1,1,3,1,3,1,1,1,2,2
4,2,2,77,0.8,1,1,1,1,1,221.11,1,4,1,3,1,3,4,3,3,3,3
4,2,2,78,0.8,1,3,1,2,0,201.08,1,12,1,3,1,3,8,3,1,1,3
4,2,3,1,0.8,3,3,2,2,1,219.4,1,12,1,1,3,3,15,1,3,3,1
4,2,3,2,0.8,2,3,2,2,1,166.45,1,3,3,1,2,2,18,3,1,1,3
4,2,3,3,1.8,3,2,2,2,1,199.77,1,18,1,3,3,1,19,1,1,2,2
4,2,3,4,0.2,3,3,2,2,1,251.68,1,4,1,1,3,3,15,3,1,1,3
4,2,3,5,0.4,2,3,2,2,1,217.45,1,8,3,3,2,2,10,1,3,3,1
4,2,3,6,0.8,3,3,2,2,1,188.19,1,15,3,3,1,1,20,1,3,3,1
4,2,3,7,1.8,1,3,1,1,1,226.64,1,8,1,3,1,3,17,1,3,3,1
4,2,3,8,0.4,3,2,2,2,1,243.63,1,19,1,3,3,1,3,3,1,2,2
4,2,3,9,1.8,1,3,1,1,1,233.12,1,8,3,1,3,1,11,1,3,3,1
4,2,3,10,0.1,2,2,2,2,1,324.94,0,10,3,3,2,2,6,1,3,2,2
4,2,3,11,0.1,1,3,1,1,1,293.41,1,15,1,1,1,1,12,1,1,3,3
4,2,3,12,0.2,1,1,1,1,1,219.54,1,17,3,1,3,1,11,1,3,1,3
4,2,3,13,0.4,1,2,1,1,1,46.356,2,17,1,3,1,3,6,1,1,2,2
4,2,3,14,0.1,3,2,2,2,1,323.14,0,18,1,3,3,1,20,3,3,2,2
4,2,3,15,0.4,1,2,1,1,1,237.72,1,4,3,1,3,1,17,3,3,2,2
4,2,3,16,0.4,1,1,1,1,1,234.73,1,6,3,1,3,1,9,3,1,3,1
4,2,3,17,0.2,1,3,1,1,1,247.81,1,16,1,1,1,1,18,3,1,1,3
4,2,3,18,0.05,1,3,1,1,1,278.93,1,15,3,1,3,1,13,1,3,3,1
4,2,3,19,0.05,1,2,1,1,1,335.12,0,6,1,3,1,3,20,1,1,2,2
4,2,3,20,0.4,2,1,2,1,0,186.4,1,8,1,1,2,2,2,3,3,3,3
4,2,3,21,0.2,1,2,1,1,1,198.87,1,10,3,1,3,1,17,3,1,2,2
4,2,3,22,0.05,3,1,2,1,0,312.14,0,12,3,3,1,1,15,3,1,3,1
4,2,3,23,0.8,1,3,1,1,1,198.78,1,9,1,1,1,1,18,1,3,3,1
4,2,3,24,0.05,3,1,2,1,0,281.62,1,12,1,1,3,3,13,3,3,3,3
4,2,3,25,0.8,2,2,2,1,0,230.13,1,20,3,1,2,2,20,1,3,2,2
4,2,3,26,0.2,3,3,2,2,1,326.5,0,8,3,1,1,3,5,1,1,3,3
4,2,3,27,0.05,2,2,2,2,1,488.78,0,14,1,1,2,2,15,1,1,2,2
4,2,3,28,0.05,3,2,2,2,1,330.7,0,2,1,1,3,3,1,3,1,2,2
4,2,3,29,1.8,1,3,1,1,1,204.24,1,12,1,1,1,1,1,1,1,3,3
4,2,3,30,1.8,2,3,NaN,NaN,NaN,NaN,NaN,3,3,3,2,2,4,1,1,3,3
4,2,3,31,1.8,1,1,NaN,NaN,NaN,NaN,NaN,1,3,3,3,3,17,1,1,1,1
4,2,3,32,0.2,1,2,1,1,1,260.93,1,2,3,3,3,3,19,3,1,2,2
4,2,3,33,0.8,1,3,1,1,1,267.16,1,9,3,1,3,1,17,1,3,3,1
4,2,3,34,0.8,1,3,1,1,1,209.27,1,12,3,3,3,3,13,3,3,1,1
4,2,3,35,0.2,1,3,1,1,1,242.34,1,10,3,3,3,3,11,3,1,1,3
4,2,3,36,0.8,2,2,2,2,1,219.57,1,19,3,1,2,2,6,3,1,2,2
4,2,3,37,0.8,1,1,1,1,1,206.39,1,5,3,1,3,1,10,3,3,3,3
4,2,3,38,0.2,1,3,1,1,1,213.8,1,2,1,3,1,3,12,3,1,1,3
4,2,3,39,0.4,2,2,2,2,1,230.67,1,7,3,1,2,2,13,1,3,2,2
4,2,3,40,0.4,3,2,2,2,1,226.11,1,16,1,1,3,3,2,3,3,2,2
4,2,3,41,0.8,1,1,1,1,1,207.98,1,12,3,1,3,1,20,1,1,1,1
4,2,3,42,0.4,1,2,1,1,1,219.56,1,18,3,1,3,1,8,1,1,2,2
4,2,3,43,0.1,3,1,2,2,1,304.57,0,17,3,3,1,1,19,3,1,3,1
4,2,3,44,0.1,2,2,2,1,0,295.53,1,11,3,3,2,2,19,1,1,2,2
4,2,3,45,1.8,1,1,1,1,1,226.62,1,3,1,1,1,1,11,1,3,1,3
4,2,3,46,0.05,2,1,2,1,0,400.06,0,13,1,3,2,2,19,1,3,1,3
4,2,3,47,0.4,1,1,1,1,1,214.84,1,15,3,1,3,1,16,1,1,1,1
4,2,3,48,1.8,2,3,2,2,1,233.96,1,11,3,3,2,2,18,3,3,1,1
4,2,3,49,0.2,2,2,2,2,1,265.82,1,20,1,1,2,2,2,3,1,2,2
4,2,3,50,0.4,3,3,2,2,1,198.66,1,18,1,3,3,1,14,1,1,3,3
4,2,3,51,0.05,1,3,1,1,1,314.87,0,2,1,1,1,1,4,3,1,1,3
4,2,3,52,0.2,2,1,2,1,0,259.16,1,10,3,3,2,2,8,3,1,3,1
4,2,3,53,0.1,3,1,2,2,1,306.63,0,5,3,3,1,1,15,3,1,3,1
4,2,3,54,0.4,1,2,1,1,1,218.43,1,12,1,3,1,3,4,3,1,2,2
4,2,3,55,0.1,3,3,2,2,1,308.94,0,15,3,1,1,3,6,1,3,3,1
4,2,3,56,1.8,1,2,1,1,1,222.85,1,16,3,1,3,1,2,1,3,2,2
4,2,3,57,0.05,2,1,2,1,0,358.44,0,4,1,3,2,2,13,1,1,1,1
4,2,3,58,0.1,1,2,1,1,1,229.32,1,12,3,1,3,1,10,1,3,2,2
4,2,3,59,0.05,1,2,1,1,1,269.65,1,6,1,1,1,1,1,3,3,2,2
4,2,3,60,0.05,1,1,1,1,1,282.41,1,13,3,3,3,3,3,1,3,1,3
4,2,3,61,0.1,3,1,2,2,1,290.27,1,7,1,3,3,1,16,1,1,1,1
4,2,3,62,0.2,1,1,1,1,1,218.22,1,18,1,3,1,3,20,3,1,3,1
4,2,3,63,1.8,1,3,1,1,1,207.4,1,2,1,3,1,3,20,3,1,1,3
4,2,3,64,0.1,1,2,1,1,1,284.26,1,14,1,1,1,1,16,3,1,2,2
4,2,3,65,0.8,3,2,2,2,1,211.74,1,16,1,1,3,3,6,1,3,2,2
4,2,3,66,0.1,2,2,2,1,0,323.79,0,1,1,1,2,2,1,3,3,2,2
4,2,3,67,0.2,3,3,2,2,1,224.87,1,6,3,3,1,1,13,1,1,3,3
4,2,3,68,0.8,1,1,1,1,1,218.08,1,7,1,3,1,3,6,3,1,3,1
4,2,3,69,0.05,2,2,2,2,1,346.25,0,18,3,3,2,2,5,3,3,2,2
4,2,3,70,0.1,1,1,1,1,1,189.83,1,7,1,1,1,1,14,1,1,1,1
4,2,3,71,0.05,1,1,1,1,1,313.58,0,4,3,1,3,1,1,3,1,3,1
4,2,3,72,1.8,1,1,1,1,1,220.19,1,7,1,3,1,3,13,1,3,1,3
4,2,3,73,1.8,3,3,2,2,1,200.54,1,6,1,3,3,1,11,1,1,3,3
4,2,3,74,0.2,1,1,1,1,1,266.33,1,9,1,1,1,1,18,1,3,1,3
4,2,3,75,1.8,1,3,1,1,1,187.5,1,15,3,3,3,3,8,3,3,1,1
4,2,3,76,0.8,2,2,2,2,1,196.44,1,4,1,1,2,2,3,1,3,2,2
4,2,3,77,0.4,1,1,1,1,1,235.6,1,1,3,3,3,3,13,3,3,3,3
4,2,3,78,0.1,1,1,1,1,1,263.35,1,20,1,1,1,1,8,1,3,1,3
4,2,4,1,0.2,3,2,2,2,1,270.99,1,3,3,3,1,1,10,3,3,2,2
4,2,4,2,0.8,1,2,1,1,1,243.06,1,7,1,3,1,3,15,3,1,2,2
4,2,4,3,0.8,2,3,2,1,0,232.72,1,9,3,1,2,2,16,1,3,3,1
4,2,4,4,0.1,1,1,1,2,0,255.55,1,4,3,3,3,3,20,3,3,3,3
4,2,4,5,0.2,1,2,1,1,1,259.18,1,18,1,1,1,1,5,1,1,2,2
4,2,4,6,0.4,1,1,1,1,1,207.13,1,16,3,3,3,3,2,3,1,3,1
4,2,4,7,0.2,2,3,2,2,1,220.81,1,3,1,1,2,2,12,3,1,1,3
4,2,4,8,1.8,2,2,2,1,0,218.51,1,9,3,1,2,2,17,3,3,2,2
4,2,4,9,0.2,1,1,1,1,1,250.72,1,2,3,3,3,3,13,1,3,1,3
4,2,4,10,1.8,3,1,NaN,NaN,NaN,NaN,NaN,17,1,3,3,1,10,3,3,3,3
4,2,4,11,0.8,3,1,2,2,1,182.93,1,14,3,3,1,1,4,1,3,1,3
4,2,4,12,1.8,3,1,2,2,1,226.41,1,16,1,3,3,1,1,1,3,1,3
4,2,4,13,0.1,1,2,1,1,1,254.17,1,1,3,1,3,1,14,3,1,2,2
4,2,4,14,0.2,1,3,1,1,1,392.73,0,10,3,3,3,3,10,1,3,3,1
4,2,4,15,0.4,1,2,1,1,1,316.11,0,15,3,1,3,1,9,3,1,2,2
4,2,4,16,0.05,1,3,1,1,1,273.6,1,3,1,1,1,1,15,1,1,3,3
4,2,4,17,1.8,3,3,2,2,1,202.81,1,3,3,3,1,1,4,3,1,1,3
4,2,4,18,0.05,1,2,1,1,1,270.77,1,13,3,1,3,1,1,1,1,2,2
4,2,4,19,0.2,1,1,1,1,1,197.42,1,19,1,1,1,1,16,1,1,1,1
4,2,4,20,0.4,1,1,1,1,1,228.49,1,17,3,1,3,1,10,3,1,3,1
4,2,4,21,0.2,2,1,2,2,1,246.33,1,9,1,3,2,2,4,3,1,3,1
4,2,4,22,0.1,2,3,2,2,1,258.43,1,1,1,1,2,2,10,3,1,1,3
4,2,4,23,0.1,2,1,2,2,1,317.75,0,3,1,1,2,2,2,3,1,3,1
4,2,4,24,0.05,1,1,1,1,1,316.86,0,19,3,1,3,1,19,3,1,3,1
4,2,4,25,0.1,2,3,2,1,0,292.05,1,17,3,1,2,2,9,1,1,3,3
4,2,4,26,0.4,1,1,1,1,1,246.56,1,4,3,3,3,3,14,1,1,1,1
4,2,4,27,0.1,2,1,2,2,1,294.84,1,13,1,3,2,2,16,1,3,1,3
4,2,4,28,0.1,3,2,2,2,1,358.85,0,12,3,3,1,1,1,3,1,2,2
4,2,4,29,0.8,1,1,1,1,1,200.6,1,8,3,3,3,3,7,3,3,3,3
4,2,4,30,1.8,2,2,2,2,1,212.97,1,5,3,3,2,2,10,1,1,2,2
4,2,4,31,0.1,2,3,2,2,1,211.28,1,11,1,1,2,2,12,1,3,3,1
4,2,4,32,0.05,3,2,2,2,1,333.3,0,3,1,3,3,1,7,3,3,2,2
4,2,4,33,0.4,1,2,1,1,1,221.47,1,12,3,1,3,1,2,1,3,2,2
4,2,4,34,0.05,1,3,1,1,1,288.05,1,11,1,3,1,3,15,1,1,3,3
4,2,4,35,0.4,2,1,2,1,0,207.21,1,3,3,1,2,2,19,3,3,3,3
4,2,4,36,0.05,2,1,2,1,0,444.06,0,14,1,3,2,2,4,3,3,3,3
4,2,4,37,1.8,3,2,2,2,1,223.72,1,2,3,1,1,3,15,3,3,2,2
4,2,4,38,1.8,1,2,1,2,0,215.17,1,7,1,1,1,1,9,3,1,2,2
4,2,4,39,1.8,3,2,2,2,1,193.66,1,2,1,1,3,3,19,1,3,2,2
4,2,4,40,0.8,2,3,2,2,1,254.31,1,7,1,1,2,2,9,1,1,3,3
4,2,4,41,0.8,1,3,1,1,1,247.32,1,3,1,3,1,3,16,1,1,3,3
4,2,4,42,0.2,1,3,1,1,1,200.05,1,9,3,1,3,1,8,3,3,1,1
4,2,4,43,0.05,1,2,1,1,1,233.96,1,20,1,3,1,3,9,1,1,2,2
4,2,4,44,1.8,3,1,2,2,1,250.54,1,16,3,1,1,3,6,3,3,3,3
4,2,4,45,0.05,3,1,2,2,1,328.26,0,18,1,3,3,1,7,1,1,1,1
4,2,4,46,0.4,2,3,2,2,1,208.37,1,7,3,3,2,2,7,1,3,3,1
4,2,4,47,0.2,3,3,2,2,1,219.42,1,5,3,1,1,3,1,3,3,1,1
4,2,4,48,1.8,1,3,NaN,NaN,NaN,NaN,NaN,16,3,1,3,1,19,3,3,1,1
4,2,4,49,0.4,2,3,2,2,1,196.51,1,1,3,3,2,2,5,1,3,3,1
4,2,4,50,0.2,1,1,1,1,1,208.62,1,5,3,1,3,1,1,1,1,1,1
4,2,4,51,0.1,2,1,2,1,0,201.36,1,11,3,1,2,2,17,3,3,3,3
4,2,4,52,0.4,2,1,2,2,1,263.54,1,14,1,1,2,2,9,3,3,3,3
4,2,4,53,0.1,1,3,1,1,1,239.53,1,13,3,3,3,3,8,1,3,3,1
4,2,4,54,0.2,1,1,1,1,1,213.54,1,6,1,1,1,1,16,3,3,3,3
4,2,4,55,0.8,3,3,2,2,1,209.1,1,10,3,1,1,3,5,1,1,3,3
4,2,4,56,0.2,1,2,1,1,1,234.15,1,10,1,1,1,1,5,3,1,2,2
4,2,4,57,1.8,3,1,2,2,1,200.76,1,1,3,1,1,3,2,3,3,3,3
4,2,4,58,0.4,2,2,2,2,1,219.42,1,3,3,3,2,2,16,1,1,2,2
4,2,4,59,0.8,1,2,1,1,1,191.93,1,7,3,1,3,1,15,3,3,2,2
4,2,4,60,0.4,1,3,1,1,1,206.24,1,20,3,3,3,3,15,3,1,1,3
4,2,4,61,0.05,3,3,2,2,1,424.09,0,12,3,3,1,1,13,1,1,3,3
4,2,4,62,0.8,1,3,1,1,1,187.03,1,8,1,3,1,3,8,1,1,3,3
4,2,4,63,0.2,3,1,2,2,1,221.54,1,16,3,3,1,1,8,1,1,1,1
4,2,4,64,0.1,3,1,2,2,1,338.5,0,10,3,3,1,1,9,3,3,3,3
4,2,4,65,0.05,1,3,1,1,1,240.08,1,9,1,1,1,1,11,3,3,1,1
4,2,4,66,0.05,1,3,1,2,0,283.91,1,13,1,3,1,3,19,1,1,3,3
4,2,4,67,1.8,3,1,2,2,1,208.57,1,14,3,1,1,3,4,3,3,3,3
4,2,4,68,0.4,2,3,2,1,0,234.35,1,1,3,1,2,2,15,3,3,1,1
4,2,4,69,0.8,3,2,2,2,1,192.42,1,5,3,1,1,3,10,1,1,2,2
4,2,4,70,0.1,2,2,2,1,0,388.33,0,14,3,3,2,2,18,1,3,2,2
4,2,4,71,0.1,3,2,2,2,1,284.97,1,8,3,3,1,1,15,3,1,2,2
4,2,4,72,0.05,3,1,2,2,1,296.03,1,1,1,3,3,1,16,1,1,1,1
4,2,4,73,0.4,1,1,1,1,1,225.94,1,15,1,3,1,3,2,3,1,3,1
4,2,4,74,0.8,2,2,2,2,1,245.21,1,12,1,3,2,2,14,3,3,2,2
4,2,4,75,0.05,1,2,1,1,1,281.55,1,3,3,1,3,1,4,1,1,2,2
4,2,4,76,1.8,3,1,NaN,NaN,NaN,NaN,NaN,9,1,1,3,3,7,1,1,1,1
4,2,4,77,0.8,2,3,2,1,0,208.53,1,9,3,1,2,2,2,3,1,1,3
4,2,4,78,0.8,3,3,2,2,1,204.35,1,8,1,1,3,3,5,1,1,3,3
4,2,5,1,0.4,1,3,1,1,1,210.51,1,17,1,1,1,1,5,3,3,1,1
4,2,5,2,0.4,2,1,2,1,0,365.97,0,12,1,3,2,2,3,3,3,3,3
4,2,5,3,1.8,1,1,1,1,1,213.01,1,4,1,3,1,3,10,1,1,1,1
4,2,5,4,0.2,2,2,2,1,0,259.06,1,17,1,1,2,2,16,3,1,2,2
4,2,5,5,0.05,3,2,2,2,1,332.82,0,10,3,1,1,3,6,1,1,2,2
4,2,5,6,0.8,1,1,1,1,1,224.47,1,14,3,3,3,3,8,1,1,1,1
4,2,5,7,0.2,2,2,2,2,1,246.1,1,8,3,3,2,2,2,1,3,2,2
4,2,5,8,1.8,2,2,2,2,1,202.45,1,1,1,3,2,2,12,1,3,2,2
4,2,5,9,0.1,1,2,1,1,1,235.16,1,5,3,1,3,1,17,3,3,2,2
4,2,5,10,0.8,2,2,2,2,1,192.4,1,2,1,1,2,2,4,1,1,2,2
4,2,5,11,0.8,3,1,2,2,1,181.95,1,13,1,1,3,3,19,3,3,3,3
4,2,5,12,0.1,1,2,1,1,1,324.15,0,7,1,3,1,3,13,3,3,2,2
4,2,5,13,0.4,2,3,2,2,1,168.75,1,1,3,3,2,2,12,1,3,3,1
4,2,5,14,1.8,2,2,2,2,1,193.69,1,1,1,3,2,2,12,3,3,2,2
4,2,5,15,0.4,2,3,2,2,1,222.81,1,5,3,3,2,2,20,1,1,3,3
4,2,5,16,0.1,1,3,1,1,1,292.81,1,19,3,1,3,1,17,3,1,1,3
4,2,5,17,0.05,3,1,2,2,1,368.59,0,9,1,1,3,3,9,1,3,1,3
4,2,5,18,0.05,1,1,1,1,1,382.56,0,1,3,3,3,3,13,1,3,1,3
4,2,5,19,0.2,1,3,1,1,1,195.73,1,8,1,1,1,1,20,1,3,3,1
4,2,5,20,0.8,3,2,2,2,1,352.61,0,8,1,1,3,3,5,3,1,2,2
4,2,5,21,0.1,1,3,1,2,0,294.25,1,15,1,3,1,3,19,3,3,1,1
4,2,5,22,0.2,2,3,2,2,1,253.26,1,14,3,3,2,2,3,1,1,3,3
4,2,5,23,0.2,1,1,1,1,1,203.41,1,12,3,1,3,1,14,1,1,1,1
4,2,5,24,0.8,1,1,1,1,1,209.09,1,8,1,3,1,3,14,1,3,1,3
4,2,5,25,0.1,2,1,2,2,1,357.01,0,6,1,1,2,2,11,3,3,3,3
4,2,5,26,0.8,1,3,1,2,0,210.94,1,15,1,1,1,1,5,3,1,1,3
4,2,5,27,1.8,3,2,2,2,1,54.444,2,10,3,3,1,1,3,1,1,2,2
4,2,5,28,0.4,1,2,1,1,1,414.54,0,1,3,1,3,1,16,1,3,2,2
4,2,5,29,0.05,1,2,1,1,1,284.48,1,4,1,1,1,1,12,1,3,2,2
4,2,5,30,0.8,2,2,2,1,0,244.29,1,12,3,3,2,2,1,1,3,2,2
4,2,5,31,0.8,2,3,2,2,1,202.55,1,11,3,1,2,2,19,3,3,1,1
4,2,5,32,0.4,1,1,1,1,1,213.9,1,10,1,1,1,1,9,3,1,3,1
4,2,5,33,0.05,1,3,1,1,1,262.25,1,11,1,1,1,1,3,1,3,3,1
4,2,5,34,0.4,2,1,2,2,1,267.02,1,20,3,1,2,2,10,3,1,3,1
4,2,5,35,0.05,2,3,2,1,0,311.82,0,11,3,3,2,2,1,1,1,3,3
4,2,5,36,1.8,2,1,2,2,1,213.45,1,6,3,1,2,2,12,3,1,3,1
4,2,5,37,0.8,1,3,1,1,1,218.92,1,10,1,3,1,3,16,3,1,1,3
4,2,5,38,0.4,1,3,1,1,1,212.72,1,7,3,1,3,1,1,3,3,1,1
4,2,5,39,0.2,2,2,2,1,0,224.62,1,18,1,3,2,2,11,1,3,2,2
4,2,5,40,0.2,1,2,1,1,1,217.6,1,17,1,3,1,3,14,3,1,2,2
4,2,5,41,0.8,1,1,1,1,1,166.3,1,6,3,3,3,3,15,3,3,3,3
4,2,5,42,1.8,1,2,NaN,NaN,NaN,NaN,NaN,6,3,3,3,3,1,1,1,2,2
4,2,5,43,0.4,3,3,2,2,1,201.7,1,9,1,3,3,1,13,1,3,3,1
4,2,5,44,0.05,1,3,1,1,1,306.4,0,5,1,1,1,1,15,3,3,1,1
4,2,5,45,0.4,1,1,1,1,1,204.45,1,12,1,1,1,1,9,3,1,3,1
4,2,5,46,1.8,1,3,1,1,1,229.22,1,2,3,1,3,1,17,1,3,3,1
4,2,5,47,0.05,1,2,1,1,1,283.49,1,19,1,1,1,1,15,1,3,2,2
4,2,5,48,0.05,1,1,1,1,1,262.19,1,13,3,3,3,3,15,1,1,1,1
4,2,5,49,0.2,2,3,2,1,0,263.45,1,13,3,3,2,2,1,1,3,3,1
4,2,5,50,1.8,1,1,1,1,1,181.62,1,18,3,3,3,3,2,1,3,1,3
4,2,5,51,1.8,2,2,2,2,1,205.35,1,5,1,1,2,2,8,1,1,2,2
4,2,5,52,0.2,3,1,2,2,1,288.85,1,16,3,3,1,1,4,1,3,1,3
4,2,5,53,0.8,1,1,1,1,1,223.89,1,7,3,1,3,1,1,3,1,3,1
4,2,5,54,0.8,3,3,2,2,1,197.52,1,6,1,1,3,3,8,3,1,1,3
4,2,5,55,0.2,1,1,1,1,1,291.63,1,15,1,1,1,1,17,3,1,3,1
4,2,5,56,0.05,3,2,2,2,1,516.51,0,5,3,1,1,3,12,3,1,2,2
4,2,5,57,0.4,3,2,2,2,1,230.37,1,14,1,3,3,1,8,3,1,2,2
4,2,5,58,0.1,1,3,1,1,1,283.5,1,19,3,1,3,1,13,1,1,3,3
4,2,5,59,0.2,1,1,1,1,1,233.13,1,8,1,3,1,3,3,1,3,1,3
4,2,5,60,0.2,1,2,1,2,0,282.64,1,18,3,3,3,3,20,3,1,2,2
4,2,5,61,0.2,1,3,1,1,1,305.04,0,14,3,1,3,1,18,3,3,1,1
4,2,5,62,0.05,1,2,1,2,0,328.69,0,13,1,1,1,1,2,1,1,2,2
4,2,5,63,1.8,1,1,1,1,1,209.47,1,3,1,1,1,1,4,1,1,1,1
4,2,5,64,0.1,1,2,1,1,1,210.1,1,10,3,1,3,1,2,3,1,2,2
4,2,5,65,0.4,1,2,1,1,1,223.18,1,1,1,1,1,1,3,3,1,2,2
4,2,5,66,0.1,1,2,1,1,1,215.66,1,17,3,1,3,1,15,3,1,2,2
4,2,5,67,0.1,1,3,1,1,1,272.91,1,13,3,3,3,3,8,3,3,1,1
4,2,5,68,0.05,1,1,1,1,1,275.07,1,8,1,1,1,1,17,3,1,3,1
4,2,5,69,0.1,1,3,1,1,1,260.47,1,10,3,1,3,1,5,1,1,3,3
4,2,5,70,1.8,3,1,2,2,1,216.16,1,3,1,1,3,3,6,3,3,3,3
4,2,5,71,1.8,1,2,1,1,1,204.3,1,15,3,3,3,3,8,3,1,2,2
4,2,5,72,1.8,1,2,1,1,1,228.6,1,20,1,1,1,1,2,3,1,2,2
4,2,5,73,0.8,2,2,2,2,1,217.9,1,11,1,3,2,2,3,1,1,2,2
4,2,5,74,0.05,2,3,2,2,1,510.54,0,16,3,3,2,2,3,1,3,3,1
4,2,5,75,0.1,1,2,1,2,0,371.18,0,7,1,1,1,1,1,3,3,2,2
4,2,5,76,0.4,1,2,1,1,1,214.46,1,8,1,3,1,3,12,1,3,2,2
4,2,5,77,0.1,2,2,2,1,0,289.97,1,13,3,1,2,2,2,1,3,2,2
4,2,5,78,0.1,1,1,1,1,1,250.73,1,5,1,3,1,3,5,1,3,1,3
4,2,6,1,0.1,2,2,2,1,0,290.78,1,4,1,1,2,2,18,3,3,2,2
4,2,6,2,0.8,1,3,1,2,0,207.29,1,19,1,1,1,1,1,3,1,1,3
4,2,6,3,0.4,1,1,1,1,1,226.45,1,9,1,1,1,1,14,3,3,3,3
4,2,6,4,0.2,1,2,1,1,1,232.62,1,15,3,3,3,3,19,3,3,2,2
4,2,6,5,0.1,1,3,NaN,NaN,NaN,NaN,NaN,8,1,1,1,1,12,1,3,3,1
4,2,6,6,0.2,1,2,1,1,1,232.19,1,7,1,3,1,3,4,1,1,2,2
4,2,6,7,1.8,3,2,2,2,1,206.31,1,9,3,3,1,1,7,3,1,2,2
4,2,6,8,0.8,2,2,2,1,0,227.62,1,12,3,3,2,2,19,1,3,2,2
4,2,6,9,0.05,2,3,2,2,1,449.34,0,14,1,1,2,2,2,3,1,1,3
4,2,6,10,1.8,1,3,1,1,1,226.24,1,8,1,1,1,1,13,1,3,3,1
4,2,6,11,0.05,3,3,2,2,1,450.94,0,8,3,1,1,3,5,3,3,1,1
4,2,6,12,0.05,1,2,1,1,1,215.24,1,15,1,3,1,3,1,3,3,2,2
4,2,6,13,0.2,1,2,1,1,1,279.24,1,5,1,1,1,1,4,1,3,2,2
4,2,6,14,0.05,1,2,1,2,0,309.91,0,14,3,3,3,3,9,3,3,2,2
4,2,6,15,0.2,3,1,2,2,1,227.69,1,12,1,3,3,1,4,1,3,1,3
4,2,6,16,0.1,1,3,1,1,1,314.77,0,5,1,3,1,3,6,1,1,3,3
4,2,6,17,0.1,2,1,2,1,0,359.88,0,2,3,1,2,2,7,1,3,1,3
4,2,6,18,0.2,3,3,2,2,1,238.26,1,1,1,3,3,1,16,3,3,1,1
4,2,6,19,0.4,3,1,2,2,1,226.41,1,7,3,1,1,3,11,1,3,1,3
4,2,6,20,0.2,2,1,2,1,0,229.48,1,11,3,1,2,2,14,3,3,3,3
4,2,6,21,0.05,1,1,1,1,1,283.08,1,1,3,1,3,1,3,3,3,3,3
4,2,6,22,0.1,2,3,2,1,0,330.36,0,7,1,3,2,2,19,1,3,3,1
4,2,6,23,0.8,2,3,2,2,1,200.77,1,11,1,3,2,2,19,3,3,1,1
4,2,6,24,0.4,2,1,2,2,1,207.86,1,16,3,3,2,2,8,1,3,1,3
4,2,6,25,0.05,2,3,2,2,1,379,0,14,3,3,2,2,7,3,1,1,3
4,2,6,26,0.4,2,3,2,2,1,228.51,1,14,3,3,2,2,12,3,1,1,3
4,2,6,27,0.4,2,3,2,2,1,269.12,1,10,3,1,2,2,14,1,3,3,1
4,2,6,28,0.8,3,3,2,2,1,208.96,1,6,1,1,3,3,5,1,1,3,3
4,2,6,29,0.8,2,1,2,2,1,223.71,1,18,3,1,2,2,13,3,3,3,3
4,2,6,30,0.8,1,2,1,1,1,201.35,1,12,3,1,3,1,17,3,1,2,2
4,2,6,31,1.8,3,1,2,2,1,185.37,1,12,3,1,1,3,8,1,1,1,1
4,2,6,32,0.4,1,1,1,1,1,241.91,1,13,3,1,3,1,9,3,3,3,3
4,2,6,33,0.2,2,2,2,2,1,310.64,0,2,1,3,2,2,5,3,3,2,2
4,2,6,34,0.4,3,1,2,2,1,228.06,1,3,3,3,1,1,18,1,1,1,1
4,2,6,35,0.4,3,2,2,2,1,262.84,1,1,3,3,1,1,7,1,3,2,2
4,2,6,36,0.1,1,3,1,2,0,375.92,0,8,3,1,3,1,10,1,3,3,1
4,2,6,37,0.4,3,2,2,2,1,243.85,1,8,1,3,3,1,18,3,3,2,2
4,2,6,38,0.4,2,3,2,1,0,248.81,1,3,3,1,2,2,18,3,1,1,3
4,2,6,39,0.8,3,3,2,2,1,239.85,1,13,1,1,3,3,1,3,3,1,1
4,2,6,40,0.05,1,3,1,2,0,409.75,0,7,3,1,3,1,4,1,1,3,3
4,2,6,41,0.1,1,3,1,1,1,245.68,1,5,1,3,1,3,7,1,3,3,1
4,2,6,42,0.4,1,2,1,1,1,221.24,1,13,3,3,3,3,15,3,3,2,2
4,2,6,43,0.8,3,2,2,2,1,208.36,1,4,1,1,3,3,2,3,1,2,2
4,2,6,44,0.1,3,3,2,2,1,320.44,0,12,1,1,3,3,3,3,3,1,1
4,2,6,45,0.1,3,2,2,2,1,334.07,0,3,1,3,3,1,2,1,3,2,2
4,2,6,46,0.1,3,3,2,2,1,272.27,1,19,3,3,1,1,13,1,1,3,3
4,2,6,47,0.2,1,1,1,1,1,228.5,1,2,1,1,1,1,20,3,1,3,1
4,2,6,48,0.05,2,2,2,2,1,292.86,1,20,3,1,2,2,4,3,1,2,2
4,2,6,49,0.05,2,3,2,2,1,428.42,0,9,3,1,2,2,4,1,3,3,1
4,2,6,50,0.1,2,3,2,2,1,259.92,1,6,1,1,2,2,17,1,3,3,1
4,2,6,51,0.2,2,2,2,2,1,248.21,1,15,3,3,2,2,12,1,3,2,2
4,2,6,52,0.8,1,2,1,1,1,234.37,1,2,3,3,3,3,1,3,3,2,2
4,2,6,53,0.8,2,1,2,2,1,216.2,1,11,1,1,2,2,1,1,1,1,1
4,2,6,54,0.05,1,3,1,1,1,323.26,0,1,3,3,3,3,20,3,1,1,3
4,2,6,55,1.8,3,2,NaN,NaN,NaN,NaN,NaN,9,1,1,3,3,13,3,1,2,2
4,2,6,56,0.05,1,2,1,1,1,347.93,0,1,1,1,1,1,13,3,1,2,2
4,2,6,57,1.8,2,3,2,2,1,215.78,1,4,3,1,2,2,2,1,3,3,1
4,2,6,58,0.8,1,1,1,1,1,222.57,1,2,1,1,1,1,1,3,1,3,1
4,2,6,59,0.05,2,2,2,2,1,900.28,0,4,3,3,2,2,15,3,3,2,2
4,2,6,60,1.8,1,2,1,2,0,231.82,1,7,1,3,1,3,14,1,1,2,2
4,2,6,61,0.8,2,2,2,1,0,244.1,1,13,3,3,2,2,2,1,3,2,2
4,2,6,62,0.2,1,1,1,1,1,266.32,1,9,1,3,1,3,7,3,3,3,3
4,2,6,63,1.8,1,1,1,1,1,215.62,1,11,3,3,3,3,13,3,1,3,1
4,2,6,64,0.2,1,2,1,1,1,241.98,1,10,1,3,1,3,8,1,3,2,2
4,2,6,65,0.8,3,3,2,2,1,213.93,1,12,3,1,1,3,17,1,1,3,3
4,2,6,66,1.8,1,3,1,1,1,231.6,1,13,1,3,1,3,16,1,3,3,1
4,2,6,67,1.8,1,3,1,1,1,408.36,0,18,3,1,3,1,8,3,1,1,3
4,2,6,68,0.4,2,2,2,2,1,229.18,1,14,3,3,2,2,9,3,1,2,2
4,2,6,69,0.05,2,1,2,1,0,313.93,0,10,3,3,2,2,17,1,1,1,1
4,2,6,70,1.8,1,3,1,1,1,203.95,1,19,3,1,3,1,9,3,1,1,3
4,2,6,71,0.2,3,3,2,2,1,339.75,0,6,3,1,1,3,2,1,3,3,1
4,2,6,72,0.2,3,3,2,2,1,208.01,1,7,3,1,1,3,4,3,3,1,1
4,2,6,73,1.8,3,3,2,2,1,214.78,1,8,3,3,1,1,6,3,1,1,3
4,2,6,74,0.1,3,2,2,1,0,308.28,0,10,1,1,3,3,17,1,3,2,2
4,2,6,75,1.8,1,2,1,1,1,194.96,1,20,1,3,1,3,9,1,1,2,2
4,2,6,76,0.4,2,1,2,2,1,265.59,1,7,3,1,2,2,4,1,3,1,3
4,2,6,77,0.1,2,3,2,2,1,420.93,0,10,1,1,2,2,1,1,3,3,1
4,2,6,78,1.8,3,3,2,2,1,213.03,1,9,3,3,1,1,15,1,3,3,1
4,2,7,1,0.8,1,2,1,2,0,210.84,1,8,3,3,3,3,3,3,3,2,2
4,2,7,2,0.8,1,3,1,1,1,199.19,1,3,1,1,1,1,1,1,3,3,1
4,2,7,3,0.8,1,1,1,1,1,378.08,0,6,1,1,1,1,11,1,1,1,1
4,2,7,4,1.8,2,3,2,1,0,200.58,1,7,1,1,2,2,12,3,1,1,3
4,2,7,5,0.05,1,2,1,1,1,394.4,0,15,3,3,3,3,13,3,1,2,2
4,2,7,6,1.8,1,2,1,1,1,218.04,1,4,1,3,1,3,11,1,3,2,2
4,2,7,7,0.8,1,2,1,2,0,258.02,1,12,3,1,3,1,12,1,3,2,2
4,2,7,8,0.4,1,2,1,1,1,228.92,1,2,3,1,3,1,16,3,3,2,2
4,2,7,9,0.2,1,1,1,1,1,228.93,1,8,3,3,3,3,8,1,3,1,3
4,2,7,10,0.2,3,1,2,2,1,264.5,1,10,3,1,1,3,10,3,3,3,3
4,2,7,11,1.8,1,2,1,1,1,161.77,1,9,3,3,3,3,15,1,1,2,2
4,2,7,12,0.4,1,2,1,1,1,206.53,1,8,1,3,1,3,11,1,3,2,2
4,2,7,13,0.8,3,2,2,2,1,207.87,1,7,1,1,3,3,6,3,1,2,2
4,2,7,14,0.05,2,1,2,2,1,327.4,0,16,1,1,2,2,14,1,3,1,3
4,2,7,15,0.1,1,1,1,2,0,292.68,1,11,1,1,1,1,12,1,3,1,3
4,2,7,16,0.2,2,3,2,2,1,245.86,1,4,1,1,2,2,20,1,1,3,3
4,2,7,17,0.4,2,3,2,2,1,129.9,1,19,1,1,2,2,20,1,1,3,3
4,2,7,18,0.2,1,1,1,1,1,335.36,0,20,1,3,1,3,2,3,3,3,3
4,2,7,19,1.8,3,3,NaN,NaN,NaN,NaN,NaN,15,1,1,3,3,14,3,1,1,3
4,2,7,20,1.8,2,2,2,2,1,231.11,1,2,3,3,2,2,15,3,1,2,2
4,2,7,21,0.1,1,2,1,1,1,249.86,1,10,3,1,3,1,14,3,1,2,2
4,2,7,22,0.8,3,2,2,2,1,197.45,1,11,3,1,1,3,13,1,1,2,2
4,2,7,23,0.1,2,3,2,2,1,276.77,1,6,3,3,2,2,7,1,3,3,1
4,2,7,24,0.2,1,2,1,1,1,255.26,1,9,3,1,3,1,2,1,1,2,2
4,2,7,25,0.05,2,2,2,2,1,460.81,0,17,3,1,2,2,19,1,3,2,2
4,2,7,26,0.4,1,3,1,1,1,200.73,1,9,3,1,3,1,4,1,3,3,1
4,2,7,27,0.05,1,3,1,1,1,266.38,1,11,1,3,1,3,16,1,1,3,3
4,2,7,28,1.8,1,3,1,1,1,200.76,1,9,3,3,3,3,9,3,1,1,3
4,2,7,29,0.2,2,3,2,1,0,233.12,1,9,3,3,2,2,11,3,3,1,1
4,2,7,30,0.05,3,1,2,2,1,329.84,0,1,3,1,1,3,6,1,3,1,3
4,2,7,31,0.1,1,2,1,1,1,290.97,1,1,1,3,1,3,14,3,1,2,2
4,2,7,32,0.05,2,1,2,1,0,385.2,0,20,3,1,2,2,9,3,3,3,3
4,2,7,33,0.1,1,2,1,1,1,325.87,0,10,3,1,3,1,9,3,1,2,2
4,2,7,34,0.1,1,1,1,1,1,269.21,1,3,3,3,3,3,14,3,3,3,3
4,2,7,35,0.1,1,1,1,1,1,300.39,0,5,1,1,1,1,14,1,1,1,1
4,2,7,36,0.05,2,3,2,1,0,291.48,1,1,3,1,2,2,3,1,1,3,3
4,2,7,37,1.8,1,1,1,1,1,226.78,1,20,3,3,3,3,1,3,1,3,1
4,2,7,38,0.2,1,1,1,1,1,265.37,1,11,1,1,1,1,16,1,3,1,3
4,2,7,39,0.1,3,3,2,2,1,292.9,1,7,1,3,3,1,20,1,1,3,3
4,2,7,40,0.8,1,1,1,1,1,197.48,1,13,1,3,1,3,2,3,1,3,1
4,2,7,41,0.05,1,1,1,1,1,273.59,1,19,3,3,3,3,19,3,3,3,3
4,2,7,42,0.1,1,1,1,1,1,307.82,0,5,1,1,1,1,10,3,3,3,3
4,2,7,43,0.4,1,3,1,1,1,236.88,1,2,3,1,3,1,1,3,1,1,3
4,2,7,44,0.1,1,2,1,1,1,249.31,1,4,3,1,3,1,1,1,3,2,2
4,2,7,45,0.2,3,1,2,2,1,248.07,1,12,3,1,1,3,18,1,3,1,3
4,2,7,46,0.2,3,1,2,2,1,245.1,1,9,1,1,3,3,20,3,1,3,1
4,2,7,47,1.8,1,2,1,1,1,238.62,1,9,3,3,3,3,20,3,1,2,2
4,2,7,48,1.8,1,2,NaN,NaN,NaN,NaN,NaN,14,1,1,1,1,14,3,3,2,2
4,2,7,49,0.05,1,3,1,1,1,272.3,1,16,3,1,3,1,3,1,1,3,3
4,2,7,50,0.8,1,2,1,2,0,207.93,1,17,1,1,1,1,16,1,1,2,2
4,2,7,51,0.2,1,2,1,1,1,257.51,1,18,1,3,1,3,8,3,3,2,2
4,2,7,52,1.8,1,1,1,1,1,231.91,1,16,1,1,1,1,16,1,3,1,3
4,2,7,53,0.05,1,3,1,2,0,348.58,0,6,3,1,3,1,7,3,3,1,1
4,2,7,54,0.8,2,1,2,1,0,235.02,1,7,1,1,2,2,20,3,1,3,1
4,2,7,55,0.05,3,3,2,2,1,381.32,0,13,1,1,3,3,3,3,1,1,3
4,2,7,56,1.8,2,3,2,2,1,209.61,1,7,3,3,2,2,14,1,3,3,1
4,2,7,57,0.2,1,1,1,1,1,285.64,1,5,3,1,3,1,17,1,3,1,3
4,2,7,58,0.4,2,1,2,1,0,259.78,1,18,1,1,2,2,9,1,1,1,1
4,2,7,59,0.4,1,2,1,1,1,396.81,0,8,1,1,1,1,4,1,3,2,2
4,2,7,60,0.4,2,2,2,2,1,214.61,1,17,3,3,2,2,2,1,3,2,2
4,2,7,61,1.8,3,1,2,2,1,197.02,1,2,1,1,3,3,15,1,3,1,3
4,2,7,62,0.4,1,2,1,1,1,364.26,0,14,3,3,3,3,17,3,3,2,2
4,2,7,63,0.8,2,1,2,2,1,221.89,1,8,1,1,2,2,15,1,3,1,3
4,2,7,64,0.1,2,2,2,1,0,288.26,1,10,1,1,2,2,16,3,1,2,2
4,2,7,65,0.4,3,2,2,2,1,235.36,1,12,3,3,1,1,15,1,3,2,2
4,2,7,66,0.8,1,2,1,2,0,240.75,1,3,3,1,3,1,2,1,3,2,2
4,2,7,67,0.4,2,2,2,2,1,233.07,1,10,1,1,2,2,8,3,1,2,2
4,2,7,68,0.4,2,1,2,2,1,228.31,1,13,1,1,2,2,12,3,1,3,1
4,2,7,69,0.2,1,3,1,1,1,250.7,1,7,1,1,1,1,17,1,3,3,1
4,2,7,70,1.8,1,3,NaN,NaN,NaN,NaN,NaN,20,1,1,1,1,17,3,1,1,3
4,2,7,71,0.1,1,3,1,1,1,253.07,1,18,3,1,3,1,14,1,1,3,3
4,2,7,72,0.8,1,3,1,1,1,228.55,1,7,1,3,1,3,6,3,3,1,1
4,2,7,73,0.05,2,3,2,2,1,529.29,0,16,1,3,2,2,1,1,3,3,1
4,2,7,74,0.2,2,3,2,2,1,275.13,1,7,1,1,2,2,3,3,3,1,1
4,2,7,75,0.05,2,1,2,2,1,227.69,1,15,1,3,2,2,3,3,3,3,3
4,2,7,76,0.4,2,3,2,2,1,270.54,1,7,1,3,2,2,17,3,1,1,3
4,2,7,77,0.8,1,2,1,2,0,217.91,1,15,1,1,1,1,8,1,1,2,2
4,2,7,78,0.1,1,1,1,1,1,317.76,0,10,3,3,3,3,7,1,3,1,3
4,2,8,1,0.8,3,1,2,2,1,228.36,1,20,3,1,1,3,11,3,3,3,3
4,2,8,2,0.1,1,2,1,1,1,248.07,1,8,3,3,3,3,2,3,3,2,2
4,2,8,3,0.2,3,2,2,2,1,228.03,1,12,1,1,3,3,16,1,1,2,2
4,2,8,4,0.05,1,2,1,1,1,327.87,0,12,1,3,1,3,13,1,3,2,2
4,2,8,5,0.1,2,1,2,2,1,262.86,1,10,1,3,2,2,8,3,3,3,3
4,2,8,6,0.2,3,3,2,2,1,217.45,1,13,3,3,1,1,11,1,1,3,3
4,2,8,7,0.8,2,1,2,2,1,201.61,1,9,3,1,2,2,15,1,1,1,1
4,2,8,8,0.4,3,2,2,2,1,239.45,1,16,1,3,3,1,10,1,1,2,2
4,2,8,9,1.8,1,2,1,1,1,238.85,1,7,3,1,3,1,5,1,1,2,2
4,2,8,10,1.8,1,2,1,1,1,198.08,1,17,3,1,3,1,1,1,1,2,2
4,2,8,11,0.4,1,1,1,1,1,252.19,1,16,1,3,1,3,16,3,3,3,3
4,2,8,12,0.05,1,2,1,1,1,264.99,1,17,1,1,1,1,16,1,3,2,2
4,2,8,13,0.4,2,1,2,2,1,234.73,1,8,1,1,2,2,6,1,1,1,1
4,2,8,14,0.2,1,2,1,1,1,233.99,1,8,1,1,1,1,12,3,1,2,2
4,2,8,15,0.1,1,3,1,1,1,252.29,1,1,3,1,3,1,8,3,3,1,1
4,2,8,16,0.2,1,1,1,1,1,300.67,0,13,1,1,1,1,11,1,3,1,3
4,2,8,17,0.4,2,3,2,2,1,254.06,1,3,1,3,2,2,8,3,1,1,3
4,2,8,18,0.1,1,3,1,1,1,305.96,0,7,3,3,3,3,15,1,1,3,3
4,2,8,19,0.8,2,1,2,1,0,217.94,1,12,3,1,2,2,19,1,1,1,1
4,2,8,20,0.1,3,3,2,2,1,296.57,1,5,1,1,3,3,6,1,1,3,3
4,2,8,21,0.1,1,3,1,1,1,245.3,1,18,3,3,3,3,17,3,1,1,3
4,2,8,22,0.1,3,1,2,2,1,302,0,13,1,3,3,1,12,3,3,3,3
4,2,8,23,1.8,3,1,2,2,1,224.07,1,13,1,1,3,3,12,3,1,3,1
4,2,8,24,1.8,3,3,2,2,1,222.82,1,11,3,3,1,1,16,1,1,3,3
4,2,8,25,1.8,2,1,2,2,1,189,1,13,1,3,2,2,3,1,1,1,1
4,2,8,26,0.4,2,1,2,2,1,211.31,1,2,1,3,2,2,11,3,3,3,3
4,2,8,27,0.4,1,3,1,1,1,65.286,2,19,3,3,3,3,2,1,3,3,1
4,2,8,28,0.1,3,1,2,2,1,305.36,0,9,3,1,1,3,18,1,1,1,1
4,2,8,29,0.1,1,2,1,1,1,302.73,0,11,1,1,1,1,6,1,3,2,2
4,2,8,30,1.8,3,2,2,2,1,215.47,1,11,3,1,1,3,6,1,3,2,2
4,2,8,31,0.8,1,3,1,1,1,206.91,1,1,1,1,1,1,4,3,3,1,1
4,2,8,32,0.1,1,3,1,1,1,232.05,1,9,1,1,1,1,12,1,1,3,3
4,2,8,33,0.8,2,3,2,2,1,244.11,1,13,1,3,2,2,5,3,3,1,1
4,2,8,34,0.1,3,3,2,2,1,290.96,1,5,3,1,1,3,15,3,3,1,1
4,2,8,35,0.4,3,3,2,2,1,226.58,1,14,1,3,3,1,18,3,3,1,1
4,2,8,36,0.05,2,1,2,2,1,444.35,0,7,3,1,2,2,11,1,3,1,3
4,2,8,37,0.05,1,1,1,1,1,295.38,1,20,3,3,3,3,6,1,1,1,1
4,2,8,38,0.8,3,1,2,2,1,224.48,1,3,1,3,3,1,1,1,3,1,3
4,2,8,39,0.4,1,3,1,2,0,215.62,1,4,3,3,3,3,11,3,1,1,3
4,2,8,40,0.2,3,2,2,2,1,272.92,1,19,3,1,1,3,11,1,1,2,2
4,2,8,41,0.2,1,2,1,1,1,375.47,0,5,3,1,3,1,5,3,3,2,2
4,2,8,42,0.2,1,1,1,2,0,262.84,1,3,3,1,3,1,20,3,3,3,3
4,2,8,43,0.8,1,2,NaN,NaN,NaN,NaN,NaN,15,3,1,3,1,11,3,1,2,2
4,2,8,44,0.2,1,1,1,1,1,250.82,1,20,3,3,3,3,3,3,1,3,1
4,2,8,45,1.8,1,2,1,1,1,206.99,1,19,1,1,1,1,17,1,3,2,2
4,2,8,46,0.1,2,2,2,1,0,285.74,1,20,1,3,2,2,1,1,1,2,2
4,2,8,47,0.2,3,1,2,2,1,259.33,1,14,3,1,1,3,3,1,1,1,1
4,2,8,48,0.4,2,2,2,2,1,244.85,1,20,1,1,2,2,14,3,1,2,2
4,2,8,49,0.8,3,3,2,2,1,195.47,1,5,1,3,3,1,2,1,3,3,1
4,2,8,50,0.2,1,1,1,1,1,241.15,1,19,1,1,1,1,13,1,3,1,3
4,2,8,51,0.05,1,2,1,1,1,457.09,0,5,3,3,3,3,4,3,3,2,2
4,2,8,52,0.05,3,3,2,2,1,309.1,0,14,1,1,3,3,9,3,1,1,3
4,2,8,53,0.8,3,3,2,2,1,216.17,1,14,3,3,1,1,10,3,1,1,3
4,2,8,54,1.8,2,2,2,2,1,222.17,1,1,1,3,2,2,16,1,1,2,2
4,2,8,55,0.8,1,2,1,1,1,231.39,1,20,1,3,1,3,8,3,3,2,2
4,2,8,56,0.05,3,3,2,2,1,310.85,0,5,3,1,1,3,8,3,1,1,3
4,2,8,57,1.8,3,2,2,2,1,215.32,1,16,3,3,1,1,1,1,3,2,2
4,2,8,58,0.05,3,1,2,2,1,304.84,0,7,3,1,1,3,19,1,1,1,1
4,2,8,59,0.05,1,2,1,1,1,333.16,0,13,3,1,3,1,10,1,3,2,2
4,2,8,60,1.8,1,2,1,1,1,208.74,1,4,1,3,1,3,9,1,3,2,2
4,2,8,61,0.8,3,1,2,2,1,201.27,1,3,3,3,1,1,20,3,3,3,3
4,2,8,62,0.2,3,2,2,2,1,234.87,1,11,3,3,1,1,2,3,3,2,2
4,2,8,63,0.8,1,3,1,1,1,221.3,1,3,3,1,3,1,2,3,1,1,3
4,2,8,64,1.8,3,3,2,2,1,218.41,1,2,3,1,1,3,9,1,3,3,1
4,2,8,65,1.8,1,3,1,1,1,216.58,1,19,1,1,1,1,19,1,1,3,3
4,2,8,66,0.8,2,3,2,2,1,216.82,1,8,3,3,2,2,19,3,1,1,3
4,2,8,67,0.2,1,3,1,1,1,216.27,1,3,3,3,3,3,6,1,3,3,1
4,2,8,68,0.1,1,1,1,1,1,231.38,1,3,3,1,3,1,19,1,3,1,3
4,2,8,69,1.8,3,1,2,2,1,133.55,1,19,1,1,3,3,4,3,1,3,1
4,2,8,70,0.05,3,1,2,2,1,220.67,1,7,1,3,3,1,5,3,3,3,3
4,2,8,71,0.4,1,3,1,1,1,235.45,1,10,3,3,3,3,2,1,1,3,3
4,2,8,72,0.4,1,1,1,1,1,169.2,1,17,3,3,3,3,13,3,3,3,3
4,2,8,73,0.05,2,1,2,2,1,322.95,0,19,1,1,2,2,15,3,3,3,3
4,2,8,74,0.4,1,2,1,1,1,234.55,1,14,1,3,1,3,12,3,3,2,2
4,2,8,75,0.4,1,3,1,1,1,232.29,1,12,3,3,3,3,12,3,1,1,3
4,2,8,76,0.2,2,3,2,2,1,277.95,1,9,1,1,2,2,2,3,3,1,1
4,2,8,77,0.05,1,2,1,1,1,354.16,0,7,3,3,3,3,3,3,1,2,2
4,2,8,78,0.05,2,3,2,2,1,322.99,0,1,1,1,2,2,1,1,3,3,1
4,2,9,1,1.8,1,3,1,2,0,230.04,1,20,1,1,1,1,5,1,3,3,1
4,2,9,2,0.05,1,1,1,1,1,315.16,0,6,1,1,1,1,15,1,1,1,1
4,2,9,3,0.1,2,2,2,1,0,254.84,1,12,3,3,2,2,8,1,1,2,2
4,2,9,4,0.4,1,1,1,1,1,195.29,1,7,1,1,1,1,17,3,1,3,1
4,2,9,5,1.8,1,3,1,2,0,214.39,1,9,1,3,1,3,10,1,1,3,3
4,2,9,6,1.8,1,2,1,1,1,178.84,1,10,1,1,1,1,6,1,1,2,2
4,2,9,7,0.8,3,1,2,2,1,234.62,1,19,3,3,1,1,4,1,1,1,1
4,2,9,8,0.4,1,2,1,1,1,256.37,1,15,1,3,1,3,20,3,1,2,2
4,2,9,9,0.4,3,1,2,2,1,247.35,1,10,1,3,3,1,3,3,1,3,1
4,2,9,10,1.8,1,3,1,1,1,189.22,1,18,1,3,1,3,12,3,3,1,1
4,2,9,11,0.1,3,3,2,2,1,708.95,0,15,3,3,1,1,10,3,3,1,1
4,2,9,12,1.8,2,2,2,2,1,218.93,1,7,3,1,2,2,5,3,1,2,2
4,2,9,13,0.2,1,3,1,1,1,263.22,1,6,3,1,3,1,1,3,1,1,3
4,2,9,14,0.1,3,3,2,2,1,275.85,1,11,1,1,3,3,8,3,1,1,3
4,2,9,15,0.8,1,2,1,1,1,228.97,1,13,1,1,1,1,11,1,1,2,2
4,2,9,16,0.8,2,3,2,2,1,226.75,1,15,1,1,2,2,5,3,3,1,1
4,2,9,17,0.05,2,3,2,2,1,406.39,0,9,3,1,2,2,10,1,1,3,3
4,2,9,18,0.1,1,1,1,1,1,264.81,1,18,3,3,3,3,12,3,3,3,3
4,2,9,19,0.8,3,2,2,2,1,213.59,1,1,1,1,3,3,17,3,1,2,2
4,2,9,20,0.2,3,1,2,2,1,254.33,1,17,1,1,3,3,2,1,3,1,3
4,2,9,21,0.1,1,1,1,1,1,298.97,1,14,1,3,1,3,20,3,1,3,1
4,2,9,22,1.8,3,1,2,2,1,239.84,1,17,3,1,1,3,1,1,3,1,3
4,2,9,23,0.2,1,1,1,1,1,198.57,1,15,3,3,3,3,5,3,1,3,1
4,2,9,24,0.8,3,2,2,1,0,242.12,1,12,3,3,1,1,8,1,3,2,2
4,2,9,25,0.8,2,3,2,1,0,223.93,1,19,1,3,2,2,11,1,1,3,3
4,2,9,26,1.8,2,1,2,2,1,230.23,1,10,3,1,2,2,9,1,1,1,1
4,2,9,27,0.2,1,2,1,1,1,231.94,1,13,1,3,1,3,10,1,1,2,2
4,2,9,28,0.1,2,1,2,1,0,292,1,11,3,1,2,2,20,3,3,3,3
4,2,9,29,0.4,3,2,2,2,1,244.47,1,18,1,3,3,1,15,3,1,2,2
4,2,9,30,0.05,1,1,1,1,1,314.77,0,17,1,1,1,1,8,3,1,3,1
4,2,9,31,0.8,1,2,1,1,1,211.18,1,15,3,3,3,3,6,1,3,2,2
4,2,9,32,0.4,2,2,2,2,1,252.51,1,8,1,3,2,2,14,1,1,2,2
4,2,9,33,0.05,3,1,2,2,1,351.48,0,4,1,1,3,3,18,1,1,1,1
4,2,9,34,0.1,1,2,1,1,1,276.38,1,17,3,3,3,3,13,3,3,2,2
4,2,9,35,0.4,3,3,2,2,1,238,1,8,3,3,1,1,11,3,3,1,1
4,2,9,36,0.2,3,2,2,1,0,277.8,1,10,1,1,3,3,19,1,1,2,2
4,2,9,37,0.05,2,3,2,2,1,333.07,0,8,3,1,2,2,9,3,1,1,3
4,2,9,38,0.05,3,1,2,2,1,300.21,0,7,3,1,1,3,3,1,1,1,1
4,2,9,39,0.1,2,2,2,2,1,286.16,1,19,3,3,2,2,15,1,3,2,2
4,2,9,40,0.1,1,1,1,2,0,336.3,0,5,1,1,1,1,11,3,3,3,3
4,2,9,41,1.8,3,2,2,2,1,219.91,1,18,1,3,3,1,15,3,1,2,2
4,2,9,42,0.4,1,1,1,1,1,212.91,1,7,3,3,3,3,1,3,1,3,1
4,2,9,43,1.8,1,2,1,1,1,227.8,1,17,3,3,3,3,9,3,3,2,2
4,2,9,44,0.8,1,3,1,1,1,222.91,1,3,3,3,3,3,10,3,1,1,3
4,2,9,45,0.1,3,2,2,2,1,274.3,1,11,1,3,3,1,18,1,3,2,2
4,2,9,46,1.8,1,3,1,1,1,244.97,1,3,3,3,3,3,6,1,3,3,1
4,2,9,47,0.4,2,1,2,2,1,249.23,1,5,3,3,2,2,2,1,3,1,3
4,2,9,48,0.1,1,2,1,1,1,275.62,1,6,3,3,3,3,14,1,3,2,2
4,2,9,49,0.05,3,3,2,2,1,326.81,0,19,3,3,1,1,15,1,3,3,1
4,2,9,50,1.8,2,1,2,2,1,222.76,1,12,3,1,2,2,15,1,1,1,1
4,2,9,51,0.2,2,3,2,1,0,299.1,1,4,1,3,2,2,1,1,1,3,3
4,2,9,52,0.05,2,2,2,2,1,414.75,0,2,1,1,2,2,8,3,3,2,2
4,2,9,53,0.4,1,1,1,1,1,210.8,1,13,3,1,3,1,5,3,3,3,3
4,2,9,54,0.1,1,1,1,1,1,301.45,0,15,3,3,3,3,14,3,3,3,3
4,2,9,55,0.4,1,3,1,1,1,224.6,1,9,3,3,3,3,13,1,1,3,3
4,2,9,56,0.2,2,1,2,1,0,235.48,1,12,1,3,2,2,2,1,3,1,3
4,2,9,57,0.2,2,1,2,1,0,228.35,1,7,1,1,2,2,11,1,3,1,3
4,2,9,58,0.1,1,3,1,1,1,285.29,1,19,3,3,3,3,4,3,1,1,3
4,2,9,59,0.8,3,3,2,2,1,205.63,1,5,1,3,3,1,1,3,3,1,1
4,2,9,60,0.2,1,2,1,1,1,293.61,1,20,3,1,3,1,3,3,1,2,2
4,2,9,61,0.2,3,3,2,2,1,165.69,1,1,1,3,3,1,19,3,3,1,1
4,2,9,62,0.8,2,1,2,2,1,169.49,1,11,1,1,2,2,9,1,3,1,3
4,2,9,63,0.4,3,2,2,2,1,229.08,1,13,3,3,1,1,10,3,1,2,2
4,2,9,64,0.2,3,1,2,2,1,237.4,1,1,3,3,1,1,11,3,3,3,3
4,2,9,65,0.05,1,1,1,1,1,465.07,0,13,1,1,1,1,5,1,3,1,3
4,2,9,66,0.8,2,3,2,2,1,185.22,1,4,3,1,2,2,2,1,1,3,3
4,2,9,67,0.4,1,1,1,1,1,218.85,1,6,1,3,1,3,8,1,3,1,3
4,2,9,68,1.8,3,1,2,2,1,220.57,1,19,1,1,3,3,9,3,1,3,1
4,2,9,69,0.05,2,1,2,2,1,315.33,0,11,3,1,2,2,15,1,3,1,3
4,2,9,70,0.05,1,3,1,1,1,286.78,1,19,3,3,3,3,11,1,3,3,1
4,2,9,71,0.2,3,3,2,2,1,247.53,1,19,1,3,3,1,1,1,3,3,1
4,2,9,72,0.8,3,2,2,2,1,213.23,1,16,1,3,3,1,10,3,1,2,2
4,2,9,73,0.05,1,3,1,1,1,453.92,0,4,1,3,1,3,6,3,3,1,1
4,2,9,74,0.05,3,1,2,2,1,366.57,0,15,1,1,3,3,15,1,1,1,1
4,2,9,75,0.2,2,2,2,1,0,218.03,1,15,1,1,2,2,11,1,3,2,2
4,2,9,76,1.8,1,3,1,2,0,203.74,1,11,3,1,3,1,20,3,3,1,1
4,2,9,77,0.8,1,1,1,1,1,206.65,1,16,3,3,3,3,11,1,3,1,3
4,2,9,78,0.4,2,3,2,2,1,246.21,1,4,3,1,2,2,10,3,3,1,1
4,2,10,1,0.05,1,3,1,1,1,278.42,1,5,3,1,3,1,3,1,1,3,3
4,2,10,2,0.1,1,2,1,1,1,314.34,0,17,1,1,1,1,12,3,3,2,2
4,2,10,3,1.8,1,1,1,1,1,212.97,1,7,1,1,1,1,2,1,3,1,3
4,2,10,4,0.05,1,1,1,1,1,263.8,1,1,3,3,3,3,11,1,3,1,3
4,2,10,5,0.05,2,3,2,2,1,281.04,1,10,1,3,2,2,11,1,3,3,1
4,2,10,6,0.2,3,2,2,2,1,383.29,0,8,3,1,1,3,4,1,3,2,2
4,2,10,7,0.8,1,2,1,1,1,218.2,1,13,1,3,1,3,9,3,1,2,2
4,2,10,8,0.2,3,2,2,2,1,235.52,1,2,1,3,3,1,18,3,3,2,2
4,2,10,9,0.1,1,3,1,1,1,229.2,1,1,1,1,1,1,9,1,1,3,3
4,2,10,10,1.8,3,1,2,2,1,207.01,1,4,3,1,1,3,14,3,3,3,3
4,2,10,11,0.2,1,2,1,1,1,202.51,1,2,1,1,1,1,10,3,3,2,2
4,2,10,12,1.8,2,1,2,1,0,202.45,1,15,1,3,2,2,15,3,3,3,3
4,2,10,13,0.8,1,2,1,1,1,233.35,1,14,1,1,1,1,17,1,1,2,2
4,2,10,14,0.2,1,3,1,2,0,209.3,1,12,3,3,3,3,5,1,3,3,1
4,2,10,15,0.2,2,1,2,2,1,248.7,1,18,3,1,2,2,12,1,3,1,3
4,2,10,16,0.1,2,3,2,2,1,306.43,0,14,3,1,2,2,19,3,1,1,3
4,2,10,17,0.1,3,1,2,2,1,228.99,1,8,3,1,1,3,5,3,3,3,3
4,2,10,18,0.4,1,3,1,1,1,43.608,2,17,3,1,3,1,16,3,1,1,3
4,2,10,19,0.8,2,2,2,2,1,205.3,1,20,1,3,2,2,8,1,3,2,2
4,2,10,20,0.8,2,2,2,2,1,189.2,1,16,3,1,2,2,13,1,1,2,2
4,2,10,21,0.4,3,1,2,2,1,193.56,1,17,1,3,3,1,8,1,1,1,1
4,2,10,22,0.1,3,2,2,2,1,285.82,1,5,1,1,3,3,6,1,3,2,2
4,2,10,23,1.8,2,2,2,2,1,168.67,1,9,1,3,2,2,20,1,3,2,2
4,2,10,24,0.4,1,2,1,1,1,225.23,1,18,1,3,1,3,5,1,1,2,2
4,2,10,25,0.4,3,2,2,2,1,213.61,1,20,3,3,1,1,20,3,1,2,2
4,2,10,26,1.8,3,3,NaN,NaN,NaN,NaN,NaN,11,3,1,1,3,1,3,1,1,3
4,2,10,27,0.1,1,2,1,1,1,671.88,0,5,3,3,3,3,17,3,1,2,2
4,2,10,28,0.1,1,1,1,1,1,222.42,1,13,3,3,3,3,9,1,1,1,1
4,2,10,29,1.8,1,3,1,1,1,207.52,1,6,1,3,1,3,16,3,1,1,3
4,2,10,30,1.8,3,1,2,2,1,204.47,1,7,1,3,3,1,18,3,3,3,3
4,2,10,31,0.8,3,2,2,2,1,328.64,0,15,1,3,3,1,6,3,3,2,2
4,2,10,32,0.4,2,1,2,1,0,239.64,1,7,3,3,2,2,4,1,3,1,3
4,2,10,33,0.4,3,1,2,2,1,208.31,1,8,1,1,3,3,15,1,3,1,3
4,2,10,34,1.8,1,2,1,1,1,187.15,1,11,3,1,3,1,14,3,3,2,2
4,2,10,35,0.1,3,1,2,2,1,303.47,0,4,1,1,3,3,6,3,1,3,1
4,2,10,36,0.4,1,2,1,1,1,504.55,0,14,3,3,3,3,2,3,1,2,2
4,2,10,37,0.1,1,3,1,1,1,318.84,0,14,3,1,3,1,20,1,1,3,3
4,2,10,38,0.2,1,3,1,1,1,214.79,1,17,3,3,3,3,6,3,1,1,3
4,2,10,39,0.8,1,3,1,2,0,210.37,1,3,1,1,1,1,19,3,3,1,1
4,2,10,40,1.8,2,2,2,2,1,223.18,1,20,1,3,2,2,11,3,1,2,2
4,2,10,41,0.05,1,2,1,2,0,426.93,0,2,3,3,3,3,16,1,1,2,2
4,2,10,42,0.8,3,2,2,2,1,226.56,1,1,3,1,1,3,19,3,3,2,2
4,2,10,43,0.1,1,2,1,1,1,247.94,1,7,3,3,3,3,20,1,3,2,2
4,2,10,44,0.4,3,2,2,2,1,220.15,1,6,3,1,1,3,15,3,1,2,2
4,2,10,45,0.2,1,3,1,1,1,202.36,1,8,3,1,3,1,17,1,1,3,3
4,2,10,46,0.05,1,2,1,1,1,268.89,1,15,1,3,1,3,17,3,3,2,2
4,2,10,47,0.1,1,1,1,1,1,241.95,1,16,1,3,1,3,19,3,3,3,3
4,2,10,48,0.8,1,3,NaN,NaN,NaN,NaN,NaN,1,3,3,3,3,6,3,1,1,3
4,2,10,49,1.8,1,1,1,1,1,225.78,1,6,3,1,3,1,7,1,1,1,1
4,2,10,50,0.1,1,3,1,1,1,287.99,1,20,1,1,1,1,18,3,3,1,1
4,2,10,51,0.8,1,3,1,1,1,191.94,1,14,1,3,1,3,5,3,3,1,1
4,2,10,52,0.8,1,1,1,1,1,234.9,1,10,3,3,3,3,4,3,1,3,1
4,2,10,53,0.05,1,2,1,1,1,287.44,1,17,1,3,1,3,6,1,3,2,2
4,2,10,54,0.2,1,1,1,1,1,221.83,1,6,1,3,1,3,16,3,3,3,3
4,2,10,55,0.4,1,1,1,1,1,211.25,1,16,3,1,3,1,15,1,1,1,1
4,2,10,56,0.2,1,2,1,1,1,205.86,1,7,1,3,1,3,3,1,3,2,2
4,2,10,57,0.05,3,1,2,2,1,378.48,0,5,1,1,3,3,20,3,3,3,3
4,2,10,58,0.05,2,3,2,2,1,611.59,0,18,1,1,2,2,7,3,3,1,1
4,2,10,59,0.8,2,2,2,2,1,211.54,1,9,1,3,2,2,14,1,1,2,2
4,2,10,60,0.4,1,3,1,2,0,222.21,1,14,3,1,3,1,1,3,3,1,1
4,2,10,61,0.8,3,2,2,2,1,221.35,1,10,3,1,1,3,3,1,3,2,2
4,2,10,62,0.05,3,3,2,2,1,344.27,0,11,3,3,1,1,18,3,3,1,1
4,2,10,63,0.2,3,2,2,2,1,221.85,1,10,3,3,1,1,17,1,1,2,2
4,2,10,64,1.8,3,2,2,2,1,204.33,1,1,3,1,1,3,18,1,3,2,2
4,2,10,65,0.05,1,3,1,1,1,281.33,1,9,1,1,1,1,8,1,3,3,1
4,2,10,66,1.8,1,3,NaN,NaN,NaN,NaN,NaN,18,1,3,1,3,10,1,1,3,3
4,2,10,67,0.2,1,2,1,1,1,251.93,1,17,1,3,1,3,14,3,1,2,2
4,2,10,68,0.4,3,2,2,2,1,246.76,1,12,3,3,1,1,19,1,1,2,2
4,2,10,69,0.2,3,3,2,2,1,248.54,1,12,1,3,3,1,20,3,1,1,3
4,2,10,70,0.05,1,3,1,1,1,276.36,1,3,3,3,3,3,7,1,3,3,1
4,2,10,71,0.05,1,1,1,1,1,270.4,1,7,1,3,1,3,19,1,1,1,1
4,2,10,72,0.1,1,2,1,1,1,216.63,1,14,3,1,3,1,16,3,3,2,2
4,2,10,73,0.4,3,3,2,2,1,230.75,1,6,1,3,3,1,3,3,1,1,3
4,2,10,74,1.8,3,3,2,2,1,221.11,1,7,3,3,1,1,8,1,1,3,3
4,2,10,75,0.4,1,2,1,1,1,231.69,1,7,1,1,1,1,13,1,1,2,2
4,2,10,76,0.2,2,3,2,2,1,297.45,1,17,1,3,2,2,8,3,3,1,1
4,2,10,77,0.05,1,1,1,1,1,286.35,1,1,1,3,1,3,19,3,1,3,1
4,2,10,78,0.8,1,1,1,1,1,224.78,1,17,3,3,3,3,9,3,3,3,3
