3,11,1,1,0.8,1,3,1,1,1,180.83,1,12,3,3,3,3,18,1,1,3,3
3,11,1,2,1.8,1,2,1,1,1,189.69,1,2,3,3,3,3,6,1,1,2,2
3,11,1,3,0.2,1,3,1,1,1,243.72,1,12,3,3,3,3,4,3,1,1,3
3,11,1,4,0.1,1,3,1,1,1,196.06,1,4,3,1,3,1,19,3,3,1,1
3,11,1,5,0.8,3,1,2,2,1,203.36,1,16,1,3,3,1,6,3,3,3,3
3,11,1,6,0.4,2,3,2,2,1,210.6,1,13,1,1,2,2,2,3,3,1,1
3,11,1,7,0.1,2,2,2,2,1,260.42,1,10,3,1,2,2,3,1,3,2,2
3,11,1,8,0.8,1,1,1,1,1,209.36,1,18,1,1,1,1,5,3,1,3,1
3,11,1,9,1.8,1,2,1,1,1,213.07,1,10,1,3,1,3,5,3,3,2,2
3,11,1,10,0.2,1,2,1,1,1,193.2,1,16,1,1,1,1,12,1,1,2,2
3,11,1,11,0.4,1,1,1,1,1,230.64,1,13,3,3,3,3,5,1,3,1,3
3,11,1,12,0.8,1,3,1,1,1,205.53,1,13,3,1,3,1,12,3,3,1,1
3,11,1,13,0.05,3,3,2,2,1,278.04,1,2,1,3,3,1,14,3,1,1,3
3,11,1,14,1.8,2,3,2,2,1,171.46,1,8,3,3,2,2,17,3,1,1,3
3,11,1,15,0.2,1,2,1,1,1,216.84,1,13,3,1,3,1,11,1,1,2,2
3,11,1,16,0.4,1,3,1,1,1,221.53,1,16,3,1,3,1,3,1,1,3,3
3,11,1,17,0.05,1,3,1,1,1,236.49,1,8,3,3,3,3,12,3,1,1,3
3,11,1,18,1.8,1,1,1,1,1,208.27,1,9,3,1,3,1,6,1,1,1,1
3,11,1,19,0.4,1,2,1,1,1,213.58,1,10,3,1,3,1,10,1,1,2,2
3,11,1,20,0.4,3,2,2,2,1,272.17,1,1,1,3,3,1,5,1,1,2,2
3,11,1,21,0.4,2,1,2,2,1,222.63,1,7,1,1,2,2,11,1,1,1,1
3,11,1,22,0.05,1,3,1,1,1,272.9,1,2,1,3,1,3,5,3,1,1,3
3,11,1,23,0.4,1,3,1,1,1,233.53,1,5,1,3,1,3,4,3,1,1,3
3,11,1,24,1.8,1,1,1,1,1,254.39,1,16,3,1,3,1,16,1,1,1,1
3,11,1,25,0.05,1,1,1,2,0,291.49,1,14,3,3,3,3,17,3,3,3,3
3,11,1,26,0.8,1,3,1,1,1,268.16,1,14,3,3,3,3,17,1,3,3,1
3,11,1,27,0.1,1,2,1,1,1,228.02,1,10,1,3,1,3,12,3,1,2,2
3,11,1,28,0.4,1,3,1,1,1,224.92,1,19,1,1,1,1,20,3,1,1,3
3,11,1,29,0.8,1,2,1,1,1,227.69,1,11,3,3,3,3,10,1,3,2,2
3,11,1,30,0.2,3,1,2,2,1,234.71,1,13,1,1,3,3,3,3,3,3,3
3,11,1,31,0.4,1,1,1,1,1,217.32,1,2,1,3,1,3,2,3,1,3,1
3,11,1,32,0.05,3,3,2,2,1,263.02,1,14,1,3,3,1,3,1,1,3,3
3,11,1,33,0.05,1,1,1,1,1,260.54,1,19,1,3,1,3,19,3,3,3,3
3,11,1,34,0.1,1,1,1,1,1,274.57,1,13,3,1,3,1,6,3,3,3,3
3,11,1,35,1.8,1,2,1,1,1,206.71,1,17,1,3,1,3,20,1,3,2,2
3,11,1,36,0.05,2,1,2,2,1,370.84,0,14,1,3,2,2,5,3,3,3,3
3,11,1,37,0.1,3,2,2,2,1,246.44,1,5,3,1,1,3,2,3,1,2,2
3,11,1,38,0.2,1,1,1,1,1,196.55,1,12,3,1,3,1,4,3,1,3,1
3,11,1,39,0.2,3,1,2,2,1,236.52,1,16,3,1,1,3,15,1,1,1,1
3,11,1,40,0.2,3,1,2,2,1,250.74,1,9,3,3,1,1,13,1,3,1,3
3,11,1,41,1.8,1,2,1,1,1,187.08,1,20,3,1,3,1,18,3,3,2,2
3,11,1,42,0.8,3,3,2,2,1,279.66,1,14,1,3,3,1,14,1,3,3,1
3,11,1,43,1.8,1,2,1,1,1,218.97,1,16,1,3,1,3,16,1,3,2,2
3,11,1,44,0.2,3,1,2,2,1,232.04,1,3,3,1,1,3,19,3,3,3,3
3,11,1,45,0.2,3,2,2,2,1,177.73,1,12,3,3,1,1,6,1,1,2,2
3,11,1,46,0.05,1,3,1,1,1,320.21,0,4,3,3,3,3,1,1,1,3,3
3,11,1,47,0.1,1,3,1,1,1,255.35,1,10,3,1,3,1,14,1,1,3,3
3,11,1,48,0.8,3,3,2,2,1,253.31,1,17,3,3,1,1,18,3,3,1,1
3,11,1,49,0.4,1,2,1,1,1,190.23,1,15,1,3,1,3,17,1,3,2,2
3,11,1,50,0.05,3,3,2,2,1,303.66,0,2,3,1,1,3,1,1,1,3,3
3,11,1,51,0.1,1,3,1,1,1,240.37,1,8,3,1,3,1,16,3,1,1,3
3,11,1,52,0.4,1,1,1,1,1,233.84,1,13,1,1,1,1,12,3,1,3,1
3,11,1,53,0.1,2,2,2,1,0,264.25,1,7,3,3,2,2,1,1,1,2,2
3,11,1,54,1.8,2,1,2,1,0,225.15,1,7,1,1,2,2,5,1,1,1,1
3,11,1,55,0.8,1,1,NaN,NaN,NaN,NaN,NaN,8,1,1,1,1,8,1,3,1,3
3,11,1,56,0.1,1,2,1,1,1,274.97,1,8,3,3,3,3,6,3,3,2,2
3,11,1,57,0.4,1,3,1,1,1,231.85,1,10,1,3,1,3,16,3,1,1,3
3,11,1,58,0.05,1,3,1,1,1,291.3,1,6,1,3,1,3,5,1,1,3,3
3,11,1,59,0.8,3,2,2,2,1,257.68,1,19,3,3,1,1,4,3,3,2,2
3,11,1,60,0.1,1,2,1,1,1,256.66,1,1,3,3,3,3,14,1,1,2,2
3,11,1,61,1.8,3,3,2,2,1,252.76,1,16,3,1,1,3,3,3,1,1,3
3,11,1,62,0.2,1,3,1,1,1,249.29,1,11,1,1,1,1,15,3,3,1,1
3,11,1,63,0.05,2,3,2,2,1,286.36,1,4,3,1,2,2,17,3,1,1,3
3,11,1,64,0.8,1,2,1,1,1,238,1,2,1,3,1,3,11,1,3,2,2
3,11,1,65,0.2,1,3,1,1,1,229.99,1,1,3,1,3,1,8,3,1,1,3
3,11,1,66,0.4,2,2,2,2,1,260.42,1,17,3,3,2,2,20,3,3,2,2
3,11,1,67,0.1,1,3,1,1,1,277.3,1,2,3,1,3,1,5,3,3,1,1
3,11,1,68,1.8,2,2,2,2,1,227.92,1,14,3,3,2,2,20,3,1,2,2
3,11,1,69,0.1,3,3,2,2,1,221.01,1,17,3,3,1,1,8,1,1,3,3
3,11,1,70,0.05,1,1,1,1,1,224.3,1,9,1,3,1,3,11,1,1,1,1
3,11,1,71,0.8,1,1,1,1,1,228.42,1,11,3,1,3,1,16,3,3,3,3
3,11,1,72,0.05,1,3,1,1,1,269.61,1,11,1,1,1,1,9,1,3,3,1
3,11,1,73,0.2,1,3,1,1,1,246.77,1,1,1,1,1,1,8,1,1,3,3
3,11,1,74,0.8,1,2,1,1,1,277.24,1,9,3,3,3,3,17,1,3,2,2
3,11,1,75,1.8,1,2,1,1,1,91.345,2,7,1,1,1,1,11,1,3,2,2
3,11,1,76,0.2,3,2,2,2,1,167.44,1,2,1,3,3,1,10,1,1,2,2
3,11,1,77,0.1,3,3,2,2,1,256.25,1,13,1,3,3,1,9,3,3,1,1
3,11,1,78,1.8,1,2,1,1,1,201.17,1,2,3,1,3,1,6,1,3,2,2
3,11,2,1,1.8,1,2,1,1,1,262.34,1,8,1,3,1,3,2,3,1,2,2
3,11,2,2,0.8,1,1,1,1,1,260.05,1,11,3,1,3,1,3,1,1,1,1
3,11,2,3,0.1,2,3,2,1,0,267.77,1,3,3,1,2,2,14,3,1,1,3
3,11,2,4,0.05,2,2,2,1,0,291.59,1,3,1,1,2,2,2,1,3,2,2
3,11,2,5,0.2,2,1,2,2,1,215.88,1,2,3,3,2,2,18,3,1,3,1
3,11,2,6,0.8,1,1,1,1,1,211.55,1,6,3,3,3,3,15,1,1,1,1
3,11,2,7,0.4,1,1,1,1,1,312.17,0,20,1,3,1,3,14,1,3,1,3
3,11,2,8,0.05,1,2,1,1,1,285.35,1,10,1,1,1,1,15,1,1,2,2
3,11,2,9,0.1,1,2,1,1,1,326.95,0,10,3,3,3,3,17,3,1,2,2
3,11,2,10,0.8,2,2,2,2,1,246.79,1,7,1,3,2,2,19,1,3,2,2
3,11,2,11,0.1,1,1,1,1,1,203.43,1,16,3,1,3,1,10,1,1,1,1
3,11,2,12,0.1,3,1,2,2,1,297.23,1,20,1,1,3,3,18,3,3,3,3
3,11,2,13,1.8,3,1,2,2,1,227.12,1,15,3,1,1,3,17,3,1,3,1
3,11,2,14,0.4,3,1,2,2,1,222.89,1,11,1,3,3,1,3,1,1,1,1
3,11,2,15,0.4,2,1,2,1,0,248.74,1,14,1,1,2,2,8,3,3,3,3
3,11,2,16,0.2,3,3,2,2,1,210.95,1,5,1,1,3,3,3,3,3,1,1
3,11,2,17,0.4,3,2,2,2,1,257.97,1,6,1,3,3,1,7,1,3,2,2
3,11,2,18,0.2,1,3,1,1,1,554.4,0,13,3,1,3,1,15,3,1,1,3
3,11,2,19,0.05,1,3,1,1,1,298.7,1,18,3,3,3,3,17,3,3,1,1
3,11,2,20,0.05,2,1,2,2,1,834.56,0,11,1,3,2,2,2,3,1,3,1
3,11,2,21,0.2,1,3,1,1,1,250.4,1,18,1,3,1,3,16,3,1,1,3
3,11,2,22,1.8,2,1,NaN,NaN,NaN,NaN,NaN,19,1,3,2,2,9,3,1,3,1
3,11,2,23,0.4,1,1,1,1,1,244.14,1,11,1,3,1,3,18,1,3,1,3
3,11,2,24,0.2,1,1,1,1,1,215.31,1,4,3,1,3,1,4,1,1,1,1
3,11,2,25,0.1,1,2,1,1,1,235.3,1,10,1,1,1,1,18,3,1,2,2
3,11,2,26,0.05,1,2,1,2,0,834.02,0,1,1,1,1,1,8,3,1,2,2
3,11,2,27,0.8,3,2,2,2,1,222.98,1,14,1,3,3,1,12,1,3,2,2
3,11,2,28,0.2,1,1,1,1,1,255.95,1,12,3,1,3,1,11,1,1,1,1
3,11,2,29,0.4,2,1,2,2,1,201.49,1,1,1,3,2,2,7,1,1,1,1
3,11,2,30,0.1,1,3,1,2,0,275.88,1,5,3,1,3,1,12,3,1,1,3
3,11,2,31,0.4,1,2,1,1,1,272.92,1,8,3,3,3,3,7,3,1,2,2
3,11,2,32,0.8,2,3,2,2,1,212.9,1,1,1,3,2,2,6,1,3,3,1
3,11,2,33,0.1,1,1,1,1,1,269.44,1,12,1,3,1,3,18,3,1,3,1
3,11,2,34,0.05,3,3,2,2,1,271.81,1,1,3,3,1,1,15,3,1,1,3
3,11,2,35,0.8,1,2,1,1,1,237.76,1,10,1,3,1,3,4,1,3,2,2
3,11,2,36,0.8,3,3,2,2,1,262.12,1,3,3,1,1,3,1,3,1,1,3
3,11,2,37,1.8,3,2,2,2,1,248.17,1,6,1,3,3,1,20,3,3,2,2
3,11,2,38,0.4,1,1,1,1,1,383.8,0,12,3,1,3,1,10,3,1,3,1
3,11,2,39,0.2,1,2,1,1,1,229.65,1,20,1,3,1,3,9,3,3,2,2
3,11,2,40,0.2,1,1,1,1,1,186.34,1,10,3,3,3,3,11,1,3,1,3
3,11,2,41,0.4,2,3,2,2,1,267.4,1,8,1,1,2,2,16,1,3,3,1
3,11,2,42,0.4,3,2,2,2,1,274.96,1,20,1,1,3,3,19,1,3,2,2
3,11,2,43,0.4,1,2,1,1,1,265.79,1,5,1,3,1,3,6,1,3,2,2
3,11,2,44,0.2,3,3,2,2,1,186.02,1,17,3,1,1,3,3,1,1,3,3
3,11,2,45,0.4,2,1,2,2,1,406.48,0,14,1,1,2,2,18,3,3,3,3
3,11,2,46,0.8,1,2,1,1,1,221.89,1,11,1,1,1,1,3,1,3,2,2
3,11,2,47,1.8,1,3,1,1,1,224.7,1,16,3,1,3,1,17,3,1,1,3
3,11,2,48,0.8,1,3,NaN,NaN,NaN,NaN,NaN,17,3,3,3,3,6,3,1,1,3
3,11,2,49,0.2,2,2,2,2,1,240.54,1,9,3,3,2,2,15,1,3,2,2
3,11,2,50,1.8,1,2,NaN,NaN,NaN,NaN,NaN,1,1,1,1,1,4,1,1,2,2
3,11,2,51,0.05,1,2,1,1,1,328,0,11,3,3,3,3,12,3,3,2,2
3,11,2,52,1.8,3,2,2,2,1,205.34,1,6,1,1,3,3,14,3,3,2,2
3,11,2,53,0.1,1,2,1,1,1,338.8,0,9,3,1,3,1,13,1,1,2,2
3,11,2,54,0.8,3,3,2,2,1,224.35,1,17,3,3,1,1,2,1,1,3,3
3,11,2,55,0.8,2,2,2,1,0,225.76,1,5,1,1,2,2,19,1,1,2,2
3,11,2,56,0.2,3,1,2,2,1,273.59,1,12,3,1,1,3,10,1,3,1,3
3,11,2,57,0.1,1,2,1,1,1,258.37,1,8,1,1,1,1,13,3,1,2,2
3,11,2,58,0.05,1,1,1,1,1,261.51,1,14,1,3,1,3,10,1,3,1,3
3,11,2,59,0.05,2,1,2,1,0,260.9,1,7,3,3,2,2,17,3,1,3,1
3,11,2,60,0.8,1,2,NaN,NaN,NaN,NaN,NaN,6,3,3,3,3,4,1,3,2,2
3,11,2,61,0.2,3,1,2,2,1,258.88,1,16,3,1,1,3,13,3,3,3,3
3,11,2,62,1.8,3,1,NaN,NaN,NaN,NaN,NaN,19,1,3,3,1,13,3,1,3,1
3,11,2,63,0.05,1,3,1,1,1,350.55,0,12,1,1,1,1,16,3,3,1,1
3,11,2,64,0.1,3,1,2,2,1,247.41,1,14,3,3,1,1,3,1,1,1,1
3,11,2,65,0.4,1,3,1,1,1,224.61,1,13,1,3,1,3,19,3,3,1,1
3,11,2,66,1.8,3,3,2,2,1,255.1,1,6,1,1,3,3,2,3,3,1,1
3,11,2,67,0.2,1,3,1,1,1,250.61,1,20,3,3,3,3,19,1,3,3,1
3,11,2,68,0.1,1,3,1,1,1,276.59,1,15,1,1,1,1,17,1,1,3,3
3,11,2,69,0.8,1,3,1,1,1,281.15,1,16,3,3,3,3,5,1,3,3,1
3,11,2,70,0.05,3,3,2,2,1,320.23,0,1,3,1,1,3,5,3,1,1,3
3,11,2,71,1.8,3,3,2,2,1,208.42,1,13,3,3,1,1,12,1,3,3,1
3,11,2,72,0.05,1,1,1,1,1,280.46,1,3,1,1,1,1,13,3,1,3,1
3,11,2,73,1.8,1,1,1,1,1,225.24,1,9,1,1,1,1,4,1,3,1,3
3,11,2,74,0.05,1,1,1,1,1,281.18,1,2,3,1,3,1,4,3,3,3,3
3,11,2,75,1.8,3,2,2,2,1,245.81,1,14,3,3,1,1,15,1,1,2,2
3,11,2,76,1.8,3,2,2,2,1,262.71,1,18,1,3,3,1,11,1,3,2,2
3,11,2,77,0.1,2,3,2,2,1,267.62,1,3,1,1,2,2,14,1,1,3,3
3,11,2,78,0.1,2,2,2,2,1,321.06,0,10,1,3,2,2,7,1,1,2,2
3,11,3,1,0.05,1,2,1,1,1,268.61,1,3,3,3,3,3,18,1,3,2,2
3,11,3,2,0.4,3,2,NaN,NaN,NaN,NaN,NaN,16,3,1,1,3,3,1,3,2,2
3,11,3,3,0.2,3,3,2,2,1,290.39,1,3,3,1,1,3,13,3,1,1,3
3,11,3,4,0.1,1,1,1,1,1,269.85,1,3,3,3,3,3,10,1,1,1,1
3,11,3,5,0.4,2,2,2,1,0,238.75,1,20,3,1,2,2,19,1,1,2,2
3,11,3,6,1.8,2,1,2,1,0,270.47,1,7,1,1,2,2,13,1,3,1,3
3,11,3,7,1.8,2,2,2,2,1,214.23,1,12,1,1,2,2,8,3,3,2,2
3,11,3,8,0.05,1,2,1,1,1,293.9,1,13,3,1,3,1,9,3,3,2,2
3,11,3,9,0.8,1,1,1,1,1,238.06,1,4,1,3,1,3,5,3,1,3,1
3,11,3,10,0.8,1,1,1,1,1,327.37,0,13,1,1,1,1,12,3,3,3,3
3,11,3,11,0.1,3,3,2,2,1,197.15,1,10,1,1,3,3,19,3,1,1,3
3,11,3,12,1.8,2,1,2,2,1,178.55,1,3,1,1,2,2,15,3,1,3,1
3,11,3,13,0.05,2,3,2,2,1,274.84,1,16,3,1,2,2,6,3,3,1,1
3,11,3,14,0.1,1,3,1,1,1,317.65,0,7,3,3,3,3,20,3,3,1,1
3,11,3,15,0.8,2,3,NaN,NaN,NaN,NaN,NaN,15,1,1,2,2,20,3,3,1,1
3,11,3,16,0.8,1,2,1,1,1,258.93,1,16,1,3,1,3,15,3,1,2,2
3,11,3,17,0.4,2,1,2,2,1,272.84,1,8,3,3,2,2,14,3,3,3,3
3,11,3,18,0.05,2,2,2,2,1,280.84,1,6,3,3,2,2,4,1,1,2,2
3,11,3,19,0.8,3,1,2,2,1,231.05,1,15,1,3,3,1,2,3,1,3,1
3,11,3,20,0.8,3,3,2,2,1,214.52,1,6,3,3,1,1,9,1,1,3,3
3,11,3,21,0.1,1,3,1,2,0,279.38,1,3,1,3,1,3,7,3,1,1,3
3,11,3,22,0.1,3,2,2,2,1,223.4,1,15,3,1,1,3,20,3,1,2,2
3,11,3,23,0.05,1,2,1,1,1,310.27,0,5,1,3,1,3,14,1,3,2,2
3,11,3,24,0.4,3,2,2,2,1,292.98,1,4,1,3,3,1,7,3,1,2,2
3,11,3,25,1.8,1,1,1,2,0,218.69,1,9,1,3,1,3,3,3,1,3,1
3,11,3,26,0.2,3,2,2,2,1,238.83,1,18,3,3,1,1,18,3,1,2,2
3,11,3,27,0.05,1,2,1,1,1,274.31,1,13,3,3,3,3,15,1,3,2,2
3,11,3,28,0.05,1,3,1,1,1,232.85,1,7,1,3,1,3,11,3,3,1,1
3,11,3,29,0.4,1,1,NaN,NaN,NaN,NaN,NaN,17,1,3,1,3,5,3,1,3,1
3,11,3,30,0.1,3,2,2,1,0,279.97,1,7,3,3,1,1,16,3,1,2,2
3,11,3,31,1.8,1,2,NaN,NaN,NaN,NaN,NaN,6,3,1,3,1,4,3,1,2,2
3,11,3,32,1.8,2,3,2,2,1,212.49,1,19,1,1,2,2,8,1,3,3,1
3,11,3,33,0.8,3,1,2,2,1,205.8,1,19,1,1,3,3,1,3,3,3,3
3,11,3,34,0.8,3,2,2,2,1,250.17,1,7,3,3,1,1,5,3,1,2,2
3,11,3,35,0.1,2,3,2,1,0,294.64,1,7,1,3,2,2,7,1,1,3,3
3,11,3,36,0.2,1,3,1,1,1,345.42,0,12,1,1,1,1,13,1,1,3,3
3,11,3,37,0.4,2,2,2,2,1,274.16,1,2,1,3,2,2,1,3,3,2,2
3,11,3,38,0.2,3,1,2,2,1,240.88,1,10,1,3,3,1,11,3,3,3,3
3,11,3,39,1.8,3,1,2,2,1,241.77,1,5,3,3,1,1,6,1,1,1,1
3,11,3,40,0.2,1,3,1,1,1,265.67,1,8,3,1,3,1,3,1,3,3,1
3,11,3,41,0.8,1,3,1,1,1,418.03,0,6,1,1,1,1,3,1,1,3,3
3,11,3,42,0.2,3,2,2,2,1,289.79,1,18,3,3,1,1,12,1,1,2,2
3,11,3,43,0.8,2,1,NaN,NaN,NaN,NaN,NaN,4,1,1,2,2,3,3,1,3,1
3,11,3,44,1.8,1,1,1,1,1,323.1,0,15,3,3,3,3,12,1,3,1,3
3,11,3,45,0.05,2,2,2,2,1,306.53,0,12,3,3,2,2,8,1,1,2,2
3,11,3,46,1.8,2,3,NaN,NaN,NaN,NaN,NaN,2,3,1,2,2,9,1,1,3,3
3,11,3,47,0.1,1,3,NaN,NaN,NaN,NaN,NaN,16,1,3,1,3,3,3,3,1,1
3,11,3,48,0.4,1,2,1,1,1,260.9,1,7,3,3,3,3,10,1,3,2,2
3,11,3,49,0.2,2,1,2,2,1,250.13,1,6,3,3,2,2,1,1,1,1,1
3,11,3,50,1.8,1,1,1,1,1,223.33,1,20,3,1,3,1,4,3,1,3,1
3,11,3,51,0.8,2,2,2,2,1,202.01,1,20,3,3,2,2,7,3,1,2,2
3,11,3,52,0.1,3,2,2,2,1,391.03,0,8,3,3,1,1,20,3,3,2,2
3,11,3,53,0.8,1,3,1,1,1,247.45,1,5,3,1,3,1,13,1,3,3,1
3,11,3,54,0.05,2,3,2,2,1,277.85,1,17,3,3,2,2,14,3,1,1,3
3,11,3,55,0.4,3,2,2,2,1,201.99,1,17,3,1,1,3,4,3,3,2,2
3,11,3,56,0.1,1,1,1,2,0,243.42,1,4,3,3,3,3,17,3,1,3,1
3,11,3,57,0.05,1,3,1,2,0,292.27,1,18,3,1,3,1,6,1,3,3,1
3,11,3,58,0.2,1,3,1,1,1,62.845,2,16,3,3,3,3,15,3,1,1,3
3,11,3,59,0.2,2,2,2,2,1,263.99,1,4,1,1,2,2,4,1,3,2,2
3,11,3,60,0.05,1,3,1,1,1,262.2,1,19,3,1,3,1,9,1,1,3,3
3,11,3,61,1.8,3,3,NaN,NaN,NaN,NaN,NaN,13,1,3,3,1,13,3,3,1,1
3,11,3,62,0.4,1,3,1,1,1,252.04,1,9,1,1,1,1,17,1,1,3,3
3,11,3,63,0.2,3,3,2,2,1,260.13,1,5,3,3,1,1,18,3,3,1,1
3,11,3,64,0.1,1,3,1,1,1,310.13,0,2,1,3,1,3,9,3,3,1,1
3,11,3,65,1.8,1,2,1,1,1,237.93,1,8,3,3,3,3,13,1,3,2,2
3,11,3,66,0.4,2,3,2,2,1,231.87,1,8,3,3,2,2,3,1,1,3,3
3,11,3,67,0.2,2,3,2,2,1,289.49,1,8,1,3,2,2,15,3,1,1,3
3,11,3,68,0.4,2,3,2,2,1,225.68,1,19,3,1,2,2,3,1,1,3,3
3,11,3,69,0.8,3,3,2,2,1,258.67,1,19,3,1,1,3,5,3,3,1,1
3,11,3,70,0.4,3,2,2,2,1,217.05,1,8,1,1,3,3,19,3,3,2,2
3,11,3,71,0.1,1,1,1,1,1,271.13,1,15,3,1,3,1,6,1,1,1,1
3,11,3,72,0.1,3,2,2,2,1,259.59,1,2,1,3,3,1,15,3,3,2,2
3,11,3,73,0.4,1,2,1,1,1,299.09,1,4,1,1,1,1,8,3,3,2,2
3,11,3,74,0.2,2,1,2,2,1,220.98,1,2,1,3,2,2,12,3,3,3,3
3,11,3,75,0.2,1,2,1,1,1,223.18,1,16,3,1,3,1,3,1,1,2,2
3,11,3,76,0.05,2,2,2,2,1,313.57,0,5,1,3,2,2,8,3,3,2,2
3,11,3,77,0.05,1,2,1,1,1,279.83,1,15,1,3,1,3,11,3,1,2,2
3,11,3,78,1.8,1,2,1,1,1,227.3,1,8,3,3,3,3,4,3,3,2,2
3,11,4,1,1.8,3,3,2,2,1,244.72,1,16,1,3,3,1,18,1,3,3,1
3,11,4,2,0.8,1,3,1,1,1,206.8,1,7,1,3,1,3,7,3,1,1,3
3,11,4,3,0.8,1,2,1,1,1,229.72,1,13,1,3,1,3,3,3,1,2,2
3,11,4,4,0.8,3,2,2,2,1,200.96,1,18,1,3,3,1,11,1,3,2,2
3,11,4,5,0.1,2,3,2,2,1,307.32,0,20,1,1,2,2,16,1,1,3,3
3,11,4,6,0.4,1,2,1,1,1,278.86,1,1,1,1,1,1,9,3,1,2,2
3,11,4,7,0.05,3,2,2,2,1,307.27,0,7,1,3,3,1,15,1,3,2,2
3,11,4,8,0.4,2,3,2,2,1,270.98,1,7,3,3,2,2,16,3,1,1,3
3,11,4,9,1.8,1,1,1,1,1,243.22,1,3,1,1,1,1,20,1,3,1,3
3,11,4,10,0.2,2,3,NaN,NaN,NaN,NaN,NaN,5,3,1,2,2,6,1,3,3,1
3,11,4,11,0.1,3,3,2,2,1,298.49,1,5,1,3,3,1,3,1,1,3,3
3,11,4,12,0.1,1,2,1,1,1,298.35,1,14,1,3,1,3,11,1,1,2,2
3,11,4,13,0.05,1,2,1,1,1,334.53,0,6,3,1,3,1,4,3,3,2,2
3,11,4,14,1.8,2,1,2,1,0,289.72,1,15,3,3,2,2,18,1,3,1,3
3,11,4,15,1.8,1,1,1,1,1,215.61,1,20,3,3,3,3,11,1,1,1,1
3,11,4,16,0.2,1,1,1,1,1,265.95,1,8,1,1,1,1,11,1,1,1,1
3,11,4,17,0.05,1,1,1,1,1,284.62,1,5,3,3,3,3,18,3,3,3,3
3,11,4,18,0.8,1,2,1,1,1,197.18,1,6,3,1,3,1,4,1,3,2,2
3,11,4,19,1.8,1,2,1,1,1,220.14,1,8,3,3,3,3,4,3,1,2,2
3,11,4,20,0.4,2,1,2,2,1,267.74,1,5,1,3,2,2,15,1,3,1,3
3,11,4,21,0.1,3,2,2,2,1,275.21,1,19,1,3,3,1,3,3,3,2,2
3,11,4,22,1.8,1,3,1,1,1,267.21,1,6,1,3,1,3,2,3,1,1,3
3,11,4,23,0.05,2,1,2,1,0,285.93,1,14,1,3,2,2,12,1,3,1,3
3,11,4,24,0.2,3,1,2,2,1,256.34,1,19,1,1,3,3,3,1,3,1,3
3,11,4,25,0.2,1,1,1,1,1,228.38,1,5,3,3,3,3,18,1,3,1,3
3,11,4,26,0.4,1,2,1,1,1,262.94,1,17,1,3,1,3,14,3,3,2,2
3,11,4,27,0.4,1,2,1,1,1,266.28,1,4,1,1,1,1,16,3,3,2,2
3,11,4,28,0.1,1,3,1,1,1,249.66,1,19,1,1,1,1,8,3,1,1,3
3,11,4,29,0.05,1,2,1,1,1,303.91,0,12,1,3,1,3,18,1,1,2,2
3,11,4,30,0.05,3,2,2,2,1,320.35,0,4,1,1,3,3,1,1,1,2,2
3,11,4,31,0.4,1,1,1,1,1,259.35,1,20,3,1,3,1,7,3,3,3,3
3,11,4,32,0.1,3,1,2,2,1,281.78,1,14,1,1,3,3,14,3,3,3,3
3,11,4,33,0.05,3,3,2,2,1,262.35,1,3,3,3,1,1,19,1,3,3,1
3,11,4,34,0.1,1,3,1,1,1,217.14,1,4,1,3,1,3,18,1,1,3,3
3,11,4,35,0.2,3,1,2,2,1,244.93,1,16,3,3,1,1,9,3,1,3,1
3,11,4,36,0.4,1,2,1,1,1,315.65,0,16,3,1,3,1,11,1,1,2,2
3,11,4,37,1.8,1,1,NaN,NaN,NaN,NaN,NaN,20,3,3,3,3,6,3,3,3,3
3,11,4,38,0.4,1,2,1,1,1,273.08,1,5,3,3,3,3,12,3,1,2,2
3,11,4,39,1.8,1,2,1,1,1,286.31,1,7,3,1,3,1,18,1,3,2,2
3,11,4,40,0.05,2,3,2,2,1,279.44,1,13,3,1,2,2,18,1,1,3,3
3,11,4,41,0.2,3,3,2,2,1,312.82,0,20,1,3,3,1,1,3,1,1,3
3,11,4,42,1.8,1,1,1,1,1,285.96,1,10,3,1,3,1,8,1,1,1,1
3,11,4,43,0.05,2,2,2,2,1,293.04,1,15,1,1,2,2,6,3,1,2,2
3,11,4,44,0.8,1,2,1,1,1,266.22,1,1,1,3,1,3,14,3,3,2,2
3,11,4,45,0.1,2,1,2,2,1,304.53,0,4,1,1,2,2,3,3,3,3,3
3,11,4,46,0.05,1,1,1,1,1,305.43,0,20,3,1,3,1,9,3,3,3,3
3,11,4,47,1.8,1,2,NaN,NaN,NaN,NaN,NaN,19,3,3,3,3,11,3,3,2,2
3,11,4,48,0.1,2,2,2,1,0,279.98,1,12,1,1,2,2,4,3,1,2,2
3,11,4,49,0.2,3,3,2,2,1,283.84,1,1,1,3,3,1,15,1,1,3,3
3,11,4,50,0.1,1,2,1,1,1,217.49,1,19,3,3,3,3,13,1,3,2,2
3,11,4,51,0.8,1,2,1,1,1,250.05,1,2,3,1,3,1,3,1,3,2,2
3,11,4,52,0.8,1,2,1,1,1,238.76,1,17,3,3,3,3,2,1,3,2,2
3,11,4,53,0.1,2,1,2,2,1,222.19,1,16,1,1,2,2,17,3,1,3,1
3,11,4,54,0.05,2,2,2,2,1,410.78,0,19,1,3,2,2,15,3,1,2,2
3,11,4,55,1.8,2,2,2,2,1,267.21,1,2,1,1,2,2,7,1,1,2,2
3,11,4,56,0.8,1,2,1,1,1,292.99,1,6,3,3,3,3,2,1,1,2,2
3,11,4,57,0.2,1,3,1,1,1,303.55,0,9,3,3,3,3,6,3,3,1,1
3,11,4,58,0.8,1,3,1,1,1,269.68,1,20,3,1,3,1,7,1,1,3,3
3,11,4,59,1.8,1,2,1,1,1,230.44,1,20,3,3,3,3,10,3,1,2,2
3,11,4,60,0.4,1,2,1,1,1,283.34,1,16,3,3,3,3,17,3,3,2,2
3,11,4,61,0.1,2,2,2,1,0,242.03,1,19,1,3,2,2,16,3,3,2,2
3,11,4,62,0.05,2,3,2,2,1,272.64,1,20,3,3,2,2,13,3,3,1,1
3,11,4,63,0.4,1,2,1,1,1,325.48,0,11,3,1,3,1,3,1,3,2,2
3,11,4,64,0.4,1,3,1,1,1,293.2,1,9,1,3,1,3,19,3,3,1,1
3,11,4,65,0.2,1,3,1,1,1,232.84,1,13,1,3,1,3,5,1,1,3,3
3,11,4,66,0.8,1,1,1,1,1,263.41,1,15,1,1,1,1,19,3,3,3,3
3,11,4,67,0.2,1,1,1,1,1,226.54,1,19,3,1,3,1,7,3,1,3,1
3,11,4,68,0.2,1,2,1,1,1,287.07,1,2,1,1,1,1,4,3,3,2,2
3,11,4,69,0.2,1,2,1,1,1,168.33,1,12,1,3,1,3,9,3,3,2,2
3,11,4,70,0.8,1,1,1,1,1,226.36,1,7,1,1,1,1,10,3,1,3,1
3,11,4,71,0.4,2,2,NaN,NaN,NaN,NaN,NaN,3,3,1,2,2,11,3,1,2,2
3,11,4,72,0.05,2,2,2,2,1,401.21,0,12,3,1,2,2,9,3,1,2,2
3,11,4,73,0.4,1,2,1,1,1,258.79,1,6,1,1,1,1,13,3,3,2,2
3,11,4,74,0.2,3,1,2,2,1,255.46,1,3,3,1,1,3,20,3,1,3,1
3,11,4,75,0.1,1,2,1,1,1,277.01,1,4,1,3,1,3,4,1,1,2,2
3,11,4,76,1.8,1,3,1,1,1,231.21,1,5,1,1,1,1,6,3,1,1,3
3,11,4,77,0.8,1,1,1,1,1,233.11,1,13,1,3,1,3,7,1,1,1,1
3,11,4,78,0.8,2,3,2,2,1,235.79,1,11,3,3,2,2,7,1,1,3,3
3,11,5,1,0.4,3,2,2,2,1,267.89,1,19,1,3,3,1,14,1,1,2,2
3,11,5,2,0.1,1,2,1,1,1,255.92,1,10,1,1,1,1,2,3,1,2,2
3,11,5,3,0.05,1,2,1,1,1,241.31,1,3,1,3,1,3,2,3,3,2,2
3,11,5,4,0.8,1,1,NaN,NaN,NaN,NaN,NaN,13,3,3,3,3,19,3,1,3,1
3,11,5,5,0.2,1,1,1,1,1,266.18,1,6,3,3,3,3,1,1,3,1,3
3,11,5,6,0.1,1,2,1,1,1,274.55,1,16,1,3,1,3,7,1,3,2,2
3,11,5,7,0.2,3,1,2,2,1,325.3,0,7,1,3,3,1,15,3,1,3,1
3,11,5,8,1.8,1,3,1,1,1,238.45,1,8,1,3,1,3,14,1,3,3,1
3,11,5,9,0.05,3,2,2,2,1,244.25,1,6,1,3,3,1,14,3,3,2,2
3,11,5,10,0.2,1,3,1,1,1,205.82,1,9,3,1,3,1,19,1,1,3,3
3,11,5,11,0.1,1,2,1,1,1,239.15,1,19,1,3,1,3,3,3,1,2,2
3,11,5,12,0.05,1,1,1,1,1,250.63,1,11,1,3,1,3,15,1,3,1,3
3,11,5,13,0.05,1,3,1,1,1,388.97,0,19,3,1,3,1,1,1,3,3,1
3,11,5,14,0.4,1,1,1,1,1,265.25,1,15,1,1,1,1,12,1,3,1,3
3,11,5,15,1.8,2,2,2,2,1,235.5,1,4,3,3,2,2,20,1,1,2,2
3,11,5,16,0.05,2,3,2,1,0,258.1,1,20,3,1,2,2,5,3,1,1,3
3,11,5,17,0.2,3,1,2,2,1,283.27,1,16,3,3,1,1,11,3,1,3,1
3,11,5,18,1.8,1,1,NaN,NaN,NaN,NaN,NaN,2,1,3,1,3,5,3,1,3,1
3,11,5,19,1.8,2,2,2,2,1,252.62,1,3,1,1,2,2,6,1,3,2,2
3,11,5,20,0.1,3,1,2,2,1,258.26,1,16,3,1,1,3,4,3,1,3,1
3,11,5,21,0.05,1,2,1,1,1,312.1,0,12,3,3,3,3,15,1,3,2,2
3,11,5,22,0.8,1,3,1,1,1,231.72,1,16,1,3,1,3,3,1,1,3,3
3,11,5,23,0.2,2,1,2,2,1,310.37,0,3,1,3,2,2,14,1,3,1,3
3,11,5,24,0.05,2,1,2,1,0,255.16,1,1,3,3,2,2,3,1,3,1,3
3,11,5,25,0.2,1,2,1,1,1,109.74,1,9,1,1,1,1,6,3,1,2,2
3,11,5,26,0.1,2,2,2,2,1,282.71,1,3,1,3,2,2,20,1,1,2,2
3,11,5,27,0.4,1,1,1,1,1,231.7,1,18,1,1,1,1,17,3,1,3,1
3,11,5,28,0.8,1,2,1,1,1,243.17,1,18,1,1,1,1,10,1,3,2,2
3,11,5,29,0.1,1,3,1,1,1,273.29,1,10,1,1,1,1,12,1,1,3,3
3,11,5,30,1.8,1,2,1,1,1,338.14,0,13,3,3,3,3,3,3,3,2,2
3,11,5,31,0.2,1,2,1,1,1,291.92,1,7,1,3,1,3,13,3,3,2,2
3,11,5,32,0.05,1,3,1,1,1,259.07,1,14,3,1,3,1,9,1,3,3,1
3,11,5,33,0.8,3,2,2,2,1,233.52,1,2,3,1,1,3,3,1,1,2,2
3,11,5,34,0.8,1,3,1,1,1,258.74,1,6,3,1,3,1,7,3,1,1,3
3,11,5,35,0.4,1,3,1,1,1,260.96,1,16,3,3,3,3,2,3,1,1,3
3,11,5,36,1.8,3,1,2,2,1,294.69,1,16,3,1,1,3,3,3,1,3,1
3,11,5,37,0.1,2,1,2,1,0,170.25,1,17,3,1,2,2,12,3,1,3,1
3,11,5,38,0.05,1,3,1,1,1,301.33,0,20,1,3,1,3,5,3,1,1,3
3,11,5,39,0.05,1,1,1,1,1,292.84,1,13,1,3,1,3,13,3,1,3,1
3,11,5,40,0.8,2,2,2,2,1,288.42,1,5,3,3,2,2,5,3,1,2,2
3,11,5,41,0.1,3,3,2,2,1,269.77,1,15,3,1,1,3,9,1,1,3,3
3,11,5,42,0.2,3,2,2,2,1,281.6,1,12,3,3,1,1,20,1,1,2,2
3,11,5,43,0.05,2,3,2,1,0,285.38,1,1,3,1,2,2,11,1,3,3,1
3,11,5,44,0.4,2,3,2,1,0,242.34,1,18,1,3,2,2,1,1,1,3,3
3,11,5,45,0.05,2,3,2,2,1,287.86,1,18,3,3,2,2,8,3,3,1,1
3,11,5,46,0.2,1,3,1,2,0,248.9,1,17,1,1,1,1,15,1,1,3,3
3,11,5,47,0.1,2,1,2,2,1,303.11,0,11,3,1,2,2,10,1,1,1,1
3,11,5,48,0.05,1,1,1,1,1,258.15,1,20,1,1,1,1,5,1,3,1,3
3,11,5,49,0.2,2,1,2,2,1,231.13,1,13,3,1,2,2,9,3,3,3,3
3,11,5,50,1.8,1,1,NaN,NaN,NaN,NaN,NaN,8,3,1,3,1,18,1,1,1,1
3,11,5,51,0.4,1,1,1,1,1,288.58,1,12,1,3,1,3,18,3,3,3,3
3,11,5,52,1.8,1,2,1,1,1,228.57,1,9,1,3,1,3,8,1,1,2,2
3,11,5,53,0.4,1,2,1,1,1,213.44,1,17,1,3,1,3,11,1,1,2,2
3,11,5,54,0.8,3,1,2,2,1,224.24,1,20,1,3,3,1,19,3,3,3,3
3,11,5,55,1.8,1,3,1,1,1,273.69,1,10,1,3,1,3,12,3,3,1,1
3,11,5,56,0.1,3,2,2,2,1,250.43,1,4,1,3,3,1,4,3,3,2,2
3,11,5,57,0.8,1,2,1,1,1,227.77,1,3,1,1,1,1,14,3,1,2,2
3,11,5,58,0.4,3,3,2,2,1,215.95,1,4,1,3,3,1,2,3,1,1,3
3,11,5,59,0.1,1,2,1,1,1,261.32,1,18,3,3,3,3,7,1,1,2,2
3,11,5,60,1.8,3,1,2,2,1,258.59,1,3,1,1,3,3,20,1,1,1,1
3,11,5,61,0.8,2,1,2,2,1,223.16,1,4,3,3,2,2,12,1,3,1,3
3,11,5,62,1.8,1,3,1,1,1,288.61,1,10,3,3,3,3,15,1,3,3,1
3,11,5,63,0.8,1,2,1,1,1,249.82,1,14,3,3,3,3,20,3,3,2,2
3,11,5,64,0.8,3,3,2,2,1,224.43,1,18,3,1,1,3,10,1,3,3,1
3,11,5,65,0.2,2,2,2,2,1,235,1,16,1,3,2,2,18,3,3,2,2
3,11,5,66,0.2,3,3,2,2,1,171.01,1,14,1,3,3,1,18,3,1,1,3
3,11,5,67,0.4,2,3,2,2,1,304.16,0,4,1,1,2,2,12,1,1,3,3
3,11,5,68,0.8,1,3,1,1,1,243.02,1,16,3,3,3,3,3,1,1,3,3
3,11,5,69,1.8,1,3,NaN,NaN,NaN,NaN,NaN,5,1,1,1,1,10,3,1,1,3
3,11,5,70,0.1,2,1,2,2,1,249.71,1,8,1,1,2,2,10,1,3,1,3
3,11,5,71,1.8,1,2,1,1,1,271.21,1,12,1,1,1,1,9,3,3,2,2
3,11,5,72,0.4,2,3,2,2,1,273.17,1,10,3,3,2,2,15,1,3,3,1
3,11,5,73,0.4,1,3,1,1,1,230.52,1,10,1,1,1,1,15,3,1,1,3
3,11,5,74,0.4,1,1,1,1,1,264.23,1,15,3,3,3,3,5,1,1,1,1
3,11,5,75,0.1,1,2,1,1,1,281.74,1,8,3,1,3,1,2,3,3,2,2
3,11,5,76,0.2,1,1,1,1,1,299.11,1,20,1,1,1,1,14,1,1,1,1
3,11,5,77,0.8,1,1,1,1,1,242.69,1,15,1,1,1,1,18,3,3,3,3
3,11,5,78,0.4,2,2,2,1,0,246.2,1,15,3,3,2,2,9,1,3,2,2
3,11,6,1,0.8,1,3,1,1,1,197.59,1,14,3,3,3,3,3,3,3,1,1
3,11,6,2,0.05,3,2,2,2,1,281.46,1,12,1,3,3,1,6,3,1,2,2
3,11,6,3,0.05,3,3,2,2,1,245.12,1,8,1,1,3,3,14,3,3,1,1
3,11,6,4,0.8,2,2,2,1,0,189.76,1,7,1,1,2,2,8,3,3,2,2
3,11,6,5,0.1,1,3,1,1,1,262.48,1,19,1,1,1,1,18,3,1,1,3
3,11,6,6,1.8,2,2,2,2,1,215.13,1,3,3,1,2,2,20,3,1,2,2
3,11,6,7,0.8,3,2,NaN,NaN,NaN,NaN,NaN,4,3,3,1,1,4,3,1,2,2
3,11,6,8,0.2,1,1,1,1,1,275.87,1,20,3,1,3,1,6,1,3,1,3
3,11,6,9,0.1,1,2,1,1,1,214.55,1,20,3,3,3,3,14,1,3,2,2
3,11,6,10,1.8,1,2,NaN,NaN,NaN,NaN,NaN,5,3,1,3,1,14,3,3,2,2
3,11,6,11,0.2,1,3,1,1,1,241.05,1,7,3,3,3,3,10,3,1,1,3
3,11,6,12,0.05,1,1,1,1,1,299.11,1,9,1,1,1,1,11,1,1,1,1
3,11,6,13,0.4,1,2,1,1,1,280.84,1,16,1,3,1,3,15,1,3,2,2
3,11,6,14,0.4,1,2,1,1,1,273.46,1,2,3,1,3,1,10,3,1,2,2
3,11,6,15,0.1,1,3,1,1,1,292.34,1,14,1,1,1,1,14,3,1,1,3
3,11,6,16,0.1,1,3,1,1,1,230.29,1,7,1,3,1,3,2,3,1,1,3
3,11,6,17,1.8,1,2,1,1,1,300.28,0,5,1,1,1,1,15,3,1,2,2
3,11,6,18,0.2,2,2,2,2,1,276.27,1,20,3,3,2,2,9,3,3,2,2
3,11,6,19,0.2,2,2,2,2,1,413.99,0,9,3,1,2,2,10,3,1,2,2
3,11,6,20,1.8,2,3,NaN,NaN,NaN,NaN,NaN,20,1,1,2,2,17,1,3,3,1
3,11,6,21,0.8,2,3,2,1,0,280.04,1,1,1,1,2,2,4,3,3,1,1
3,11,6,22,0.4,1,2,1,1,1,296.09,1,18,3,1,3,1,11,1,1,2,2
3,11,6,23,0.1,1,1,1,1,1,202.72,1,2,3,3,3,3,1,3,3,3,3
3,11,6,24,0.1,3,3,2,2,1,201.67,1,5,1,3,3,1,18,3,3,1,1
3,11,6,25,0.05,1,1,1,1,1,285.43,1,11,1,1,1,1,15,1,1,1,1
3,11,6,26,0.1,3,3,2,2,1,279.03,1,12,1,1,3,3,20,1,3,3,1
3,11,6,27,0.4,1,1,1,1,1,262.47,1,15,3,1,3,1,12,1,1,1,1
3,11,6,28,0.1,2,2,2,2,1,375.49,0,8,3,1,2,2,10,3,3,2,2
3,11,6,29,1.8,1,3,1,1,1,293.12,1,11,3,1,3,1,7,3,1,1,3
3,11,6,30,0.8,1,3,NaN,NaN,NaN,NaN,NaN,19,3,1,3,1,9,1,1,3,3
3,11,6,31,0.8,1,3,1,1,1,256.82,1,17,3,3,3,3,9,1,1,3,3
3,11,6,32,0.4,2,2,2,2,1,269.06,1,3,3,3,2,2,8,3,3,2,2
3,11,6,33,0.4,1,1,1,1,1,250.2,1,13,1,3,1,3,6,1,3,1,3
3,11,6,34,1.8,1,1,NaN,NaN,NaN,NaN,NaN,9,3,1,3,1,6,1,3,1,3
3,11,6,35,0.1,3,3,2,2,1,350.46,0,20,1,1,3,3,2,3,1,1,3
3,11,6,36,1.8,3,1,2,2,1,237.18,1,16,3,3,1,1,5,3,3,3,3
3,11,6,37,0.2,1,3,1,1,1,196.82,1,2,3,1,3,1,9,1,3,3,1
3,11,6,38,0.8,1,3,1,1,1,240.5,1,2,3,3,3,3,1,1,3,3,1
3,11,6,39,0.4,3,3,2,2,1,220.79,1,14,3,1,1,3,20,3,3,1,1
3,11,6,40,0.4,1,2,1,1,1,244.47,1,12,3,3,3,3,13,3,1,2,2
3,11,6,41,0.2,1,1,1,1,1,259.57,1,11,3,1,3,1,9,3,3,3,3
3,11,6,42,1.8,1,2,1,1,1,321.97,0,4,3,1,3,1,1,1,1,2,2
3,11,6,43,0.8,1,2,NaN,NaN,NaN,NaN,NaN,4,1,3,1,3,16,3,3,2,2
3,11,6,44,0.8,1,1,1,1,1,302.76,0,10,3,1,3,1,8,3,1,3,1
3,11,6,45,0.8,3,2,2,2,1,895.23,0,17,3,1,1,3,12,3,1,2,2
3,11,6,46,0.05,3,3,2,1,0,441.46,0,14,3,1,1,3,16,3,3,1,1
3,11,6,47,1.8,1,3,1,1,1,285.03,1,3,1,3,1,3,4,1,3,3,1
3,11,6,48,0.4,1,2,1,2,0,322.04,0,17,3,3,3,3,12,1,1,2,2
3,11,6,49,0.05,3,3,2,2,1,303.31,0,8,1,3,3,1,1,1,3,3,1
3,11,6,50,0.8,2,1,2,2,1,217.19,1,4,1,3,2,2,5,1,1,1,1
3,11,6,51,0.05,1,3,1,1,1,727.14,0,7,3,1,3,1,5,3,3,1,1
3,11,6,52,0.4,3,1,2,1,0,371.24,0,7,3,3,1,1,17,1,3,1,3
3,11,6,53,0.8,1,2,1,1,1,196.61,1,11,1,1,1,1,18,1,1,2,2
3,11,6,54,0.2,1,2,1,2,0,325.84,0,4,3,3,3,3,13,1,3,2,2
3,11,6,55,0.8,2,1,NaN,NaN,NaN,NaN,NaN,6,1,3,2,2,15,1,1,1,1
3,11,6,56,0.2,3,2,2,2,1,227.97,1,1,1,3,3,1,14,1,3,2,2
3,11,6,57,0.05,1,2,1,1,1,311.97,0,7,1,1,1,1,10,1,1,2,2
3,11,6,58,0.2,3,1,2,2,1,287.04,1,18,1,1,3,3,17,1,1,1,1
3,11,6,59,1.8,2,3,2,1,0,229.46,1,12,1,1,2,2,11,3,1,1,3
3,11,6,60,0.2,1,3,1,1,1,296.7,1,9,1,3,1,3,16,1,1,3,3
3,11,6,61,0.4,1,3,1,1,1,241.68,1,15,3,1,3,1,16,1,3,3,1
3,11,6,62,0.2,2,2,2,2,1,252.96,1,10,3,3,2,2,14,3,1,2,2
3,11,6,63,1.8,1,3,NaN,NaN,NaN,NaN,NaN,5,3,3,3,3,5,3,3,1,1
3,11,6,64,0.05,1,3,1,1,1,408.71,0,13,1,1,1,1,20,3,3,1,1
3,11,6,65,0.1,3,2,2,2,1,243.65,1,5,3,1,1,3,4,3,3,2,2
3,11,6,66,0.05,1,2,1,1,1,304.97,0,2,1,1,1,1,15,1,3,2,2
3,11,6,67,0.4,1,2,1,1,1,205.24,1,19,1,1,1,1,13,1,3,2,2
3,11,6,68,0.1,1,2,1,1,1,260.4,1,16,3,1,3,1,13,1,1,2,2
3,11,6,69,0.2,1,2,1,1,1,811.57,0,14,1,3,1,3,3,1,1,2,2
3,11,6,70,0.1,2,3,2,2,1,307.89,0,19,1,3,2,2,8,1,3,3,1
3,11,6,71,0.05,2,1,2,2,1,260.83,1,6,1,1,2,2,16,3,1,3,1
3,11,6,72,0.05,1,2,1,1,1,300.08,0,19,1,3,1,3,16,1,1,2,2
3,11,6,73,0.1,1,2,1,1,1,279.62,1,5,1,1,1,1,10,3,3,2,2
3,11,6,74,0.4,1,2,1,1,1,331.34,0,7,3,3,3,3,5,1,1,2,2
3,11,6,75,1.8,3,3,NaN,NaN,NaN,NaN,NaN,3,3,1,1,3,10,1,1,3,3
3,11,6,76,0.05,1,2,1,1,1,313.88,0,9,1,1,1,1,16,3,3,2,2
3,11,6,77,1.8,2,3,2,2,1,231.58,1,1,3,3,2,2,16,1,3,3,1
3,11,6,78,0.2,3,3,2,2,1,222.63,1,10,1,3,3,1,3,1,3,3,1
3,11,7,1,0.2,1,2,1,1,1,226.26,1,7,1,3,1,3,19,1,1,2,2
3,11,7,2,0.1,3,2,2,2,1,256.07,1,19,1,3,3,1,4,3,3,2,2
3,11,7,3,0.2,2,1,2,1,0,292.46,1,2,1,1,2,2,15,1,1,1,1
3,11,7,4,1.8,2,2,NaN,NaN,NaN,NaN,NaN,2,3,3,2,2,13,1,3,2,2
3,11,7,5,0.2,3,2,2,2,1,224.3,1,18,3,1,1,3,13,3,3,2,2
3,11,7,6,0.4,2,3,2,2,1,233.45,1,17,1,3,2,2,13,1,3,3,1
3,11,7,7,0.8,2,2,2,2,1,245.36,1,9,3,1,2,2,3,3,3,2,2
3,11,7,8,0.1,2,3,2,2,1,326.75,0,1,1,1,2,2,2,3,1,1,3
3,11,7,9,0.8,1,1,1,1,1,235.15,1,8,1,3,1,3,7,3,1,3,1
3,11,7,10,1.8,2,3,NaN,NaN,NaN,NaN,NaN,6,1,3,2,2,6,1,3,3,1
3,11,7,11,0.4,2,2,2,2,1,228.53,1,10,3,3,2,2,17,1,3,2,2
3,11,7,12,0.8,3,1,2,2,1,293.38,1,3,3,3,1,1,7,3,3,3,3
3,11,7,13,0.2,2,3,2,2,1,288.13,1,18,1,3,2,2,2,1,1,3,3
3,11,7,14,0.4,2,1,2,2,1,244.55,1,4,1,1,2,2,19,3,3,3,3
3,11,7,15,1.8,2,3,2,2,1,268.13,1,11,3,3,2,2,14,3,3,1,1
3,11,7,16,1.8,2,1,2,2,1,283.19,1,2,3,3,2,2,18,3,3,3,3
3,11,7,17,0.1,1,3,1,1,1,293.1,1,19,3,3,3,3,12,3,3,1,1
3,11,7,18,0.05,1,2,1,1,1,263.37,1,12,3,1,3,1,8,3,3,2,2
3,11,7,19,0.8,1,3,1,1,1,245.5,1,17,3,3,3,3,7,3,3,1,1
3,11,7,20,0.05,2,3,2,2,1,267.09,1,1,1,1,2,2,20,3,3,1,1
3,11,7,21,0.8,3,2,2,2,1,231.07,1,9,1,3,3,1,1,3,1,2,2
3,11,7,22,0.4,1,1,1,1,1,199.22,1,13,1,1,1,1,2,1,3,1,3
3,11,7,23,0.2,1,1,1,1,1,230.49,1,14,3,3,3,3,8,3,3,3,3
3,11,7,24,0.8,2,1,2,2,1,228.25,1,10,3,1,2,2,19,1,1,1,1
3,11,7,25,0.4,1,1,1,1,1,252.4,1,15,3,3,3,3,14,1,1,1,1
3,11,7,26,0.2,3,3,2,2,1,260.36,1,9,3,3,1,1,5,1,3,3,1
3,11,7,27,0.1,2,2,2,2,1,298.77,1,11,1,3,2,2,19,1,3,2,2
3,11,7,28,1.8,1,2,1,1,1,243.69,1,4,3,3,3,3,7,1,3,2,2
3,11,7,29,1.8,2,1,2,2,1,246.07,1,14,3,1,2,2,2,3,1,3,1
3,11,7,30,0.05,3,3,2,2,1,282.14,1,5,3,1,1,3,8,1,1,3,3
3,11,7,31,0.2,1,1,1,1,1,258.95,1,8,3,3,3,3,5,3,1,3,1
3,11,7,32,0.05,2,1,2,2,1,281.95,1,11,3,3,2,2,6,1,3,1,3
3,11,7,33,0.1,2,2,2,2,1,285.19,1,7,1,1,2,2,10,1,1,2,2
3,11,7,34,1.8,2,3,2,2,1,267.26,1,14,3,1,2,2,6,3,1,1,3
3,11,7,35,1.8,2,2,2,2,1,252.81,1,20,3,1,2,2,12,1,3,2,2
3,11,7,36,0.1,1,1,1,1,1,246.84,1,12,3,1,3,1,16,1,3,1,3
3,11,7,37,0.05,1,3,1,2,0,284.52,1,7,3,3,3,3,13,3,3,1,1
3,11,7,38,0.4,2,2,2,2,1,241.09,1,3,3,3,2,2,12,3,1,2,2
3,11,7,39,0.2,3,3,2,2,1,264.55,1,13,3,3,1,1,18,3,3,1,1
3,11,7,40,0.4,1,1,1,1,1,265.33,1,10,3,1,3,1,3,1,1,1,1
3,11,7,41,0.05,3,3,2,2,1,246.12,1,7,1,3,3,1,13,3,1,1,3
3,11,7,42,0.2,1,2,1,1,1,249.16,1,18,1,3,1,3,8,1,1,2,2
3,11,7,43,1.8,2,2,2,2,1,235.6,1,5,3,3,2,2,20,3,1,2,2
3,11,7,44,0.1,1,1,1,1,1,244.61,1,5,3,3,3,3,3,1,3,1,3
3,11,7,45,0.4,3,1,2,2,1,297,1,1,1,1,3,3,20,1,3,1,3
3,11,7,46,0.05,2,3,2,2,1,302.41,0,8,3,3,2,2,4,1,3,3,1
3,11,7,47,0.8,1,3,1,1,1,213.28,1,12,1,3,1,3,16,3,3,1,1
3,11,7,48,0.2,1,3,1,1,1,286.33,1,12,1,1,1,1,1,3,1,1,3
3,11,7,49,0.4,1,3,1,1,1,258.09,1,6,3,3,3,3,19,1,1,3,3
3,11,7,50,0.1,1,3,1,2,0,311.59,0,11,1,1,1,1,20,1,1,3,3
3,11,7,51,0.05,1,1,1,1,1,295.04,1,9,1,3,1,3,5,1,3,1,3
3,11,7,52,0.05,2,3,2,2,1,330.7,0,8,1,1,2,2,15,1,1,3,3
3,11,7,53,0.05,1,2,1,2,0,276.37,1,18,3,1,3,1,12,1,3,2,2
3,11,7,54,0.1,3,2,2,2,1,292.66,1,2,1,1,3,3,11,3,1,2,2
3,11,7,55,0.8,1,2,1,1,1,274.35,1,9,1,3,1,3,20,1,3,2,2
3,11,7,56,1.8,3,1,2,2,1,173.62,1,2,3,3,1,1,14,1,1,1,1
3,11,7,57,0.05,2,3,2,2,1,278.96,1,12,3,1,2,2,13,3,3,1,1
3,11,7,58,0.1,3,3,2,2,1,238.1,1,6,3,1,1,3,20,1,3,3,1
3,11,7,59,1.8,1,1,1,1,1,235.1,1,1,3,1,3,1,6,3,1,3,1
3,11,7,60,0.4,1,2,1,1,1,418,0,2,3,3,3,3,2,1,1,2,2
3,11,7,61,0.8,1,3,1,1,1,217.06,1,17,3,1,3,1,4,3,3,1,1
3,11,7,62,0.2,2,3,2,2,1,247.18,1,9,1,3,2,2,20,3,3,1,1
3,11,7,63,0.4,3,2,2,2,1,237.2,1,7,1,3,3,1,19,1,3,2,2
3,11,7,64,0.05,1,3,1,2,0,319.78,0,10,1,3,1,3,1,1,3,3,1
3,11,7,65,0.2,1,1,1,1,1,269.34,1,13,1,1,1,1,18,3,3,3,3
3,11,7,66,0.8,2,2,2,2,1,306.14,0,12,3,1,2,2,14,3,1,2,2
3,11,7,67,1.8,3,2,2,2,1,221.8,1,19,3,1,1,3,5,3,1,2,2
3,11,7,68,0.1,1,1,1,1,1,323.65,0,15,3,1,3,1,7,1,3,1,3
3,11,7,69,0.1,1,3,1,1,1,283.49,1,18,3,3,3,3,7,1,3,3,1
3,11,7,70,0.4,3,2,2,2,1,247.49,1,2,1,3,3,1,8,3,1,2,2
3,11,7,71,1.8,3,1,2,2,1,230.17,1,13,1,1,3,3,3,1,3,1,3
3,11,7,72,0.8,2,3,2,2,1,274.52,1,19,3,1,2,2,15,1,1,3,3
3,11,7,73,0.8,3,1,2,2,1,264.25,1,13,1,3,3,1,17,1,1,1,1
3,11,7,74,0.05,3,3,2,2,1,294.56,1,11,1,1,3,3,16,3,1,1,3
3,11,7,75,0.1,3,2,2,2,1,244.79,1,12,1,3,3,1,11,3,3,2,2
3,11,7,76,0.2,2,1,NaN,NaN,NaN,NaN,NaN,3,1,3,2,2,13,3,3,3,3
3,11,7,77,0.4,3,3,2,2,1,216.21,1,5,3,3,1,1,12,1,1,3,3
3,11,7,78,0.8,1,2,1,1,1,241.3,1,13,1,1,1,1,6,1,3,2,2
3,11,8,1,0.1,1,3,1,2,0,286.34,1,7,3,3,3,3,1,1,1,3,3
3,11,8,2,0.8,3,2,NaN,NaN,NaN,NaN,NaN,13,3,1,1,3,15,1,3,2,2
3,11,8,3,0.8,1,1,1,1,1,235.16,1,14,3,1,3,1,7,3,3,3,3
3,11,8,4,0.1,1,2,1,1,1,243.05,1,17,3,3,3,3,2,1,1,2,2
3,11,8,5,0.8,1,1,1,1,1,245.79,1,5,1,1,1,1,13,1,3,1,3
3,11,8,6,0.1,3,3,2,2,1,253.2,1,6,1,3,3,1,13,3,3,1,1
3,11,8,7,0.8,2,3,2,2,1,262.45,1,17,1,3,2,2,19,3,1,1,3
3,11,8,8,0.4,3,2,2,2,1,293.26,1,20,1,1,3,3,11,3,1,2,2
3,11,8,9,0.8,1,1,1,1,1,203.93,1,9,3,1,3,1,11,3,3,3,3
3,11,8,10,0.8,2,1,NaN,NaN,NaN,NaN,NaN,13,3,1,2,2,7,1,3,1,3
3,11,8,11,0.8,1,1,1,1,1,332.59,0,13,1,3,1,3,8,1,1,1,1
3,11,8,12,0.05,1,2,1,2,0,361.27,0,14,3,1,3,1,5,3,3,2,2
3,11,8,13,0.8,3,2,2,2,1,310.33,0,12,1,3,3,1,3,3,3,2,2
3,11,8,14,0.05,1,1,1,1,1,272.41,1,17,1,1,1,1,15,1,1,1,1
3,11,8,15,0.8,3,2,2,2,1,255.45,1,18,1,3,3,1,13,1,3,2,2
3,11,8,16,0.1,1,2,1,1,1,265.89,1,16,1,1,1,1,15,3,3,2,2
3,11,8,17,0.1,3,2,2,2,1,256.62,1,7,1,3,3,1,13,3,1,2,2
3,11,8,18,1.8,2,2,NaN,NaN,NaN,NaN,NaN,1,1,1,2,2,18,3,3,2,2
3,11,8,19,1.8,1,2,1,1,1,261.1,1,17,3,3,3,3,20,1,3,2,2
3,11,8,20,1.8,2,3,2,2,1,265.15,1,1,3,1,2,2,2,3,3,1,1
3,11,8,21,0.1,1,1,1,1,1,279.5,1,13,1,3,1,3,2,3,1,3,1
3,11,8,22,0.2,2,1,2,2,1,195.84,1,2,3,1,2,2,20,3,3,3,3
3,11,8,23,0.2,1,2,1,1,1,260.31,1,13,3,3,3,3,7,3,1,2,2
3,11,8,24,0.1,1,3,1,1,1,304.32,0,20,3,1,3,1,10,3,3,1,1
3,11,8,25,0.4,1,1,1,1,1,185.37,1,12,1,3,1,3,10,1,3,1,3
3,11,8,26,0.2,2,3,2,1,0,161.63,1,12,3,3,2,2,1,3,3,1,1
3,11,8,27,1.8,1,3,1,1,1,263.53,1,19,3,1,3,1,3,3,1,1,3
3,11,8,28,0.8,1,2,1,1,1,222.15,1,6,3,1,3,1,5,3,3,2,2
3,11,8,29,0.2,1,2,1,1,1,279.62,1,3,1,1,1,1,17,3,1,2,2
3,11,8,30,0.2,3,3,2,2,1,293.01,1,1,3,1,1,3,9,1,1,3,3
3,11,8,31,1.8,1,2,1,1,1,215.7,1,9,1,1,1,1,19,3,1,2,2
3,11,8,32,0.4,2,2,2,2,1,35.645,2,11,3,1,2,2,12,1,3,2,2
3,11,8,33,0.4,2,1,2,2,1,622.16,0,17,1,1,2,2,10,3,3,3,3
3,11,8,34,1.8,1,3,1,1,1,240.59,1,7,3,1,3,1,15,3,3,1,1
3,11,8,35,0.4,2,3,2,2,1,268.13,1,18,3,3,2,2,4,3,3,1,1
3,11,8,36,1.8,3,2,2,2,1,274.85,1,9,3,1,1,3,1,3,1,2,2
3,11,8,37,0.2,1,3,1,1,1,291.2,1,13,3,1,3,1,12,3,1,1,3
3,11,8,38,0.4,2,3,2,2,1,229.33,1,6,3,3,2,2,1,3,1,1,3
3,11,8,39,1.8,2,1,2,2,1,155.86,1,2,3,1,2,2,1,3,1,3,1
3,11,8,40,0.8,1,3,1,1,1,282.34,1,10,3,1,3,1,10,3,3,1,1
3,11,8,41,0.2,1,1,1,1,1,269.8,1,6,3,3,3,3,8,3,1,3,1
3,11,8,42,0.4,2,3,2,2,1,268.98,1,3,1,3,2,2,19,1,1,3,3
3,11,8,43,0.05,2,3,2,2,1,304.53,0,19,3,1,2,2,8,1,3,3,1
3,11,8,44,0.4,1,3,1,1,1,261.89,1,12,1,3,1,3,1,3,1,1,3
3,11,8,45,0.05,3,1,2,2,1,310.54,0,19,1,1,3,3,6,3,1,3,1
3,11,8,46,1.8,3,3,2,2,1,290.53,1,5,1,3,3,1,20,3,3,1,1
3,11,8,47,0.8,1,3,1,1,1,267.77,1,10,3,3,3,3,1,1,3,3,1
3,11,8,48,0.05,1,3,1,1,1,306.63,0,6,1,1,1,1,18,1,3,3,1
3,11,8,49,1.8,3,3,2,2,1,279.24,1,2,3,3,1,1,14,3,3,1,1
3,11,8,50,0.1,2,2,2,2,1,334.46,0,4,3,3,2,2,10,1,1,2,2
3,11,8,51,0.1,2,1,2,1,0,345.82,0,17,3,1,2,2,10,1,1,1,1
3,11,8,52,0.2,1,2,1,1,1,281.34,1,2,1,3,1,3,11,3,1,2,2
3,11,8,53,0.05,2,2,2,2,1,326.84,0,16,3,1,2,2,7,1,1,2,2
3,11,8,54,1.8,2,2,2,2,1,263.48,1,4,3,3,2,2,4,1,1,2,2
3,11,8,55,0.1,2,1,2,2,1,315.62,0,1,3,3,2,2,9,3,1,3,1
3,11,8,56,0.05,2,2,2,2,1,302.86,0,19,1,1,2,2,5,3,1,2,2
3,11,8,57,0.8,3,1,2,2,1,273.23,1,2,3,3,1,1,12,1,1,1,1
3,11,8,58,0.1,1,3,1,2,0,273.72,1,12,1,1,1,1,15,3,3,1,1
3,11,8,59,0.4,2,3,2,2,1,-6.9275,2,8,3,1,2,2,17,1,3,3,1
3,11,8,60,0.4,1,2,1,1,1,348.33,0,15,1,1,1,1,12,1,1,2,2
3,11,8,61,0.1,1,3,1,1,1,234.47,1,6,1,3,1,3,1,3,1,1,3
3,11,8,62,0.1,1,3,1,2,0,285.27,1,6,3,1,3,1,5,3,3,1,1
3,11,8,63,0.2,2,2,2,2,1,276.69,1,14,1,1,2,2,8,3,3,2,2
3,11,8,64,0.05,2,2,2,2,1,301.12,0,9,3,3,2,2,19,1,3,2,2
3,11,8,65,1.8,1,3,1,1,1,353.27,0,14,3,3,3,3,20,1,1,3,3
3,11,8,66,0.2,2,1,2,2,1,664.94,0,14,1,1,2,2,5,3,1,3,1
3,11,8,67,0.4,1,3,1,1,1,286.84,1,8,3,3,3,3,2,3,3,1,1
3,11,8,68,0.4,3,3,2,2,1,251.31,1,15,3,1,1,3,4,3,1,1,3
3,11,8,69,0.05,1,3,1,1,1,307.85,0,17,3,3,3,3,2,1,1,3,3
3,11,8,70,0.05,1,3,1,2,0,575.97,0,12,1,3,1,3,5,3,1,1,3
3,11,8,71,0.2,1,1,1,1,1,262.01,1,12,3,3,3,3,13,3,1,3,1
3,11,8,72,0.4,1,2,1,1,1,278.92,1,8,1,3,1,3,1,1,1,2,2
3,11,8,73,0.05,1,3,1,1,1,302.29,0,18,1,1,1,1,20,1,3,3,1
3,11,8,74,0.2,2,3,2,2,1,186.74,1,5,3,3,2,2,8,1,3,3,1
3,11,8,75,1.8,2,1,2,2,1,260.65,1,5,1,3,2,2,4,3,1,3,1
3,11,8,76,0.05,1,1,1,1,1,330.11,0,10,3,3,3,3,5,3,3,3,3
3,11,8,77,0.2,1,2,1,1,1,270.31,1,8,3,3,3,3,6,1,1,2,2
3,11,8,78,0.05,1,1,1,1,1,296.45,1,18,3,3,3,3,4,1,3,1,3
3,11,9,1,1.8,3,3,2,2,1,224.74,1,2,3,1,1,3,17,1,1,3,3
3,11,9,2,0.05,3,2,2,2,1,292.2,1,14,3,3,1,1,1,3,3,2,2
3,11,9,3,0.05,1,2,1,1,1,323.49,0,9,3,3,3,3,11,3,1,2,2
3,11,9,4,0.8,2,2,2,2,1,278.63,1,19,1,1,2,2,10,1,1,2,2
3,11,9,5,0.4,3,1,2,2,1,329.76,0,12,3,1,1,3,6,3,1,3,1
3,11,9,6,1.8,2,1,NaN,NaN,NaN,NaN,NaN,8,1,3,2,2,10,1,3,1,3
3,11,9,7,0.4,1,2,1,1,1,320.92,0,12,3,3,3,3,3,1,3,2,2
3,11,9,8,0.4,2,3,2,2,1,156.36,1,14,1,3,2,2,9,3,3,1,1
3,11,9,9,0.05,1,3,1,2,0,291.62,1,15,1,3,1,3,4,1,1,3,3
3,11,9,10,0.05,3,2,2,2,1,330.44,0,9,3,3,1,1,10,1,3,2,2
3,11,9,11,0.2,1,2,1,1,1,305.93,0,20,3,1,3,1,16,3,1,2,2
3,11,9,12,0.1,2,3,2,2,1,314.63,0,16,1,3,2,2,6,3,1,1,3
3,11,9,13,0.8,1,1,1,1,1,271.51,1,7,3,3,3,3,5,1,1,1,1
3,11,9,14,0.8,3,3,NaN,NaN,NaN,NaN,NaN,9,3,1,1,3,1,3,3,1,1
3,11,9,15,0.4,2,1,2,2,1,253.7,1,5,1,1,2,2,20,3,3,3,3
3,11,9,16,0.4,1,3,1,1,1,263.9,1,1,3,1,3,1,1,3,1,1,3
3,11,9,17,0.8,2,3,2,2,1,220.64,1,15,1,3,2,2,18,3,3,1,1
3,11,9,18,0.05,1,1,1,1,1,266.93,1,10,1,3,1,3,7,3,3,3,3
3,11,9,19,0.2,3,3,2,2,1,325.48,0,14,1,1,3,3,4,3,3,1,1
3,11,9,20,0.8,1,3,NaN,NaN,NaN,NaN,NaN,18,1,3,1,3,15,3,1,1,3
3,11,9,21,0.4,1,1,1,1,1,273.67,1,6,3,1,3,1,14,3,1,3,1
3,11,9,22,0.4,2,2,2,2,1,436.93,0,9,3,3,2,2,18,3,3,2,2
3,11,9,23,0.1,3,3,2,2,1,297.04,1,4,1,1,3,3,8,3,3,1,1
3,11,9,24,0.1,3,3,2,2,1,265.09,1,2,1,3,3,1,2,3,1,1,3
3,11,9,25,1.8,2,3,NaN,NaN,NaN,NaN,NaN,10,1,1,2,2,3,1,3,3,1
3,11,9,26,0.2,2,2,2,1,0,370.77,0,10,3,1,2,2,14,1,3,2,2
3,11,9,27,1.8,3,2,NaN,NaN,NaN,NaN,NaN,8,3,1,1,3,7,3,1,2,2
3,11,9,28,0.05,2,1,2,2,1,303.98,0,13,1,3,2,2,20,1,1,1,1
3,11,9,29,0.2,1,2,1,1,1,277.51,1,9,1,3,1,3,20,3,3,2,2
3,11,9,30,0.1,3,2,2,2,1,266.73,1,17,3,3,1,1,18,1,1,2,2
3,11,9,31,0.2,1,1,1,1,1,316.83,0,6,1,3,1,3,8,1,1,1,1
3,11,9,32,0.8,1,3,1,1,1,45.496,2,7,1,3,1,3,10,1,1,3,3
3,11,9,33,0.4,1,3,1,1,1,296.07,1,2,3,3,3,3,1,1,1,3,3
3,11,9,34,0.05,1,1,1,1,1,275.17,1,12,3,1,3,1,5,1,3,1,3
3,11,9,35,0.1,1,3,1,1,1,242.76,1,13,3,1,3,1,4,1,1,3,3
3,11,9,36,0.4,3,3,2,2,1,347.69,0,5,1,3,3,1,16,3,3,1,1
3,11,9,37,1.8,1,3,1,2,0,235.88,1,14,1,3,1,3,2,3,3,1,1
3,11,9,38,0.8,3,3,NaN,NaN,NaN,NaN,NaN,18,1,1,3,3,9,3,3,1,1
3,11,9,39,0.1,3,1,2,2,1,307.67,0,12,3,3,1,1,6,3,3,3,3
3,11,9,40,1.8,2,2,2,1,0,226.31,1,2,1,1,2,2,18,3,3,2,2
3,11,9,41,0.2,2,2,2,2,1,301.09,0,15,3,3,2,2,10,1,1,2,2
3,11,9,42,0.05,3,2,2,2,1,285.42,1,4,3,3,1,1,3,1,1,2,2
3,11,9,43,0.4,2,2,2,2,1,299.45,1,4,1,3,2,2,19,1,3,2,2
3,11,9,44,0.1,1,3,1,1,1,242.38,1,5,3,1,3,1,3,1,3,3,1
3,11,9,45,0.1,1,1,1,1,1,280.24,1,8,1,1,1,1,6,1,3,1,3
3,11,9,46,1.8,3,1,NaN,NaN,NaN,NaN,NaN,8,3,1,1,3,2,3,1,3,1
3,11,9,47,0.8,3,1,2,2,1,287.85,1,3,3,3,1,1,9,1,1,1,1
3,11,9,48,0.2,2,3,2,2,1,205,1,17,3,1,2,2,6,1,3,3,1
3,11,9,49,0.1,2,3,2,2,1,324.73,0,19,1,1,2,2,19,3,1,1,3
3,11,9,50,0.1,1,2,1,2,0,371.4,0,12,1,3,1,3,7,3,3,2,2
3,11,9,51,1.8,1,1,1,1,1,256.69,1,7,1,1,1,1,14,3,3,3,3
3,11,9,52,0.2,1,3,1,1,1,329.57,0,7,3,3,3,3,20,1,1,3,3
3,11,9,53,0.4,1,2,1,1,1,279.05,1,3,3,3,3,3,15,3,1,2,2
3,11,9,54,1.8,1,2,1,1,1,286.01,1,13,1,3,1,3,2,3,3,2,2
3,11,9,55,0.05,2,1,2,2,1,672.28,0,17,3,3,2,2,4,3,1,3,1
3,11,9,56,1.8,1,2,1,1,1,295.12,1,2,1,3,1,3,3,1,3,2,2
3,11,9,57,1.8,3,2,2,2,1,321.5,0,20,1,3,3,1,10,1,1,2,2
3,11,9,58,0.05,1,1,1,2,0,336.56,0,7,1,1,1,1,7,3,3,3,3
3,11,9,59,0.8,1,3,1,1,1,264.46,1,14,1,1,1,1,12,1,1,3,3
3,11,9,60,1.8,3,1,2,2,1,265.64,1,7,1,1,3,3,16,3,1,3,1
3,11,9,61,0.2,2,1,2,1,0,332.28,0,2,3,1,2,2,11,1,3,1,3
3,11,9,62,0.2,2,3,2,2,1,250.24,1,11,3,1,2,2,19,3,3,1,1
3,11,9,63,0.4,3,3,2,2,1,246.01,1,12,1,1,3,3,7,1,1,3,3
3,11,9,64,0.05,2,1,2,2,1,316.38,0,2,1,3,2,2,13,1,3,1,3
3,11,9,65,1.8,2,3,NaN,NaN,NaN,NaN,NaN,15,3,1,2,2,1,3,3,1,1
3,11,9,66,0.1,3,2,2,2,1,245.05,1,9,1,1,3,3,15,3,3,2,2
3,11,9,67,0.8,3,3,NaN,NaN,NaN,NaN,NaN,9,3,1,1,3,16,3,1,1,3
3,11,9,68,0.1,2,1,2,2,1,407.67,0,20,1,1,2,2,12,3,3,3,3
3,11,9,69,0.8,2,3,2,2,1,271.03,1,11,3,1,2,2,10,1,3,3,1
3,11,9,70,0.8,2,1,2,2,1,245.95,1,9,1,1,2,2,14,1,1,1,1
3,11,9,71,0.2,2,1,2,2,1,258.4,1,10,1,3,2,2,10,3,3,3,3
3,11,9,72,0.2,2,1,2,1,0,312.28,0,7,1,3,2,2,14,3,1,3,1
3,11,9,73,0.1,2,1,2,2,1,321.47,0,20,1,3,2,2,3,3,1,3,1
3,11,9,74,0.8,2,2,2,2,1,223.87,1,1,3,1,2,2,15,1,3,2,2
3,11,9,75,0.2,1,2,1,1,1,286.69,1,14,1,3,1,3,20,1,1,2,2
3,11,9,76,0.05,1,2,1,2,0,312.21,0,14,3,1,3,1,18,3,3,2,2
3,11,9,77,0.05,1,2,1,1,1,339.65,0,13,3,3,3,3,3,3,3,2,2
3,11,9,78,0.4,1,2,1,1,1,252.94,1,1,1,1,1,1,10,1,3,2,2
3,11,10,1,0.4,1,3,1,1,1,260.16,1,6,1,3,1,3,16,3,3,1,1
3,11,10,2,0.2,1,2,1,1,1,218.6,1,2,1,3,1,3,15,1,1,2,2
3,11,10,3,0.05,2,3,2,1,0,311.12,0,4,1,1,2,2,10,1,1,3,3
3,11,10,4,0.8,1,1,NaN,NaN,NaN,NaN,NaN,14,1,1,1,1,7,1,1,1,1
3,11,10,5,0.4,1,1,1,1,1,232.05,1,9,3,1,3,1,18,1,3,1,3
3,11,10,6,0.1,1,1,1,2,0,284.37,1,7,3,3,3,3,14,1,1,1,1
3,11,10,7,0.05,2,2,2,1,0,388.14,0,19,3,3,2,2,4,1,1,2,2
3,11,10,8,0.1,1,2,1,1,1,245.47,1,6,1,3,1,3,20,3,1,2,2
3,11,10,9,0.2,3,1,2,1,0,634.09,0,5,1,3,3,1,17,1,3,1,3
3,11,10,10,1.8,1,2,NaN,NaN,NaN,NaN,NaN,20,1,1,1,1,17,3,1,2,2
3,11,10,11,0.05,2,2,2,1,0,327.55,0,12,3,3,2,2,3,1,1,2,2
3,11,10,12,0.1,1,1,1,1,1,264.63,1,20,1,3,1,3,1,1,3,1,3
3,11,10,13,0.2,1,3,1,1,1,493.6,0,15,3,1,3,1,20,3,3,1,1
3,11,10,14,0.4,1,1,1,1,1,192.3,1,7,3,3,3,3,7,1,3,1,3
3,11,10,15,0.05,1,2,1,1,1,487.65,0,5,1,1,1,1,5,3,3,2,2
3,11,10,16,0.1,1,1,1,1,1,494.8,0,5,1,3,1,3,12,1,1,1,1
3,11,10,17,0.05,1,2,1,1,1,1777,0,20,3,1,3,1,4,1,3,2,2
3,11,10,18,0.1,1,3,1,1,1,199.9,1,19,3,1,3,1,12,3,3,1,1
3,11,10,19,0.2,1,2,1,1,1,192.74,1,2,3,3,3,3,8,3,1,2,2
3,11,10,20,0.8,3,2,2,2,1,259.62,1,9,1,3,3,1,3,3,1,2,2
3,11,10,21,0.1,1,1,1,1,1,310.17,0,2,3,1,3,1,10,3,1,3,1
3,11,10,22,1.8,1,1,1,1,1,271,1,2,1,1,1,1,17,3,3,3,3
3,11,10,23,0.2,1,3,1,1,1,252.85,1,5,3,1,3,1,20,3,1,1,3
3,11,10,24,0.8,1,2,1,1,1,219.78,1,2,3,1,3,1,4,3,1,2,2
3,11,10,25,0.4,1,1,1,1,1,249.28,1,19,1,3,1,3,2,3,1,3,1
3,11,10,26,0.2,1,2,1,1,1,119.91,1,14,1,3,1,3,4,3,3,2,2
3,11,10,27,1.8,1,2,1,1,1,259.71,1,3,3,1,3,1,15,3,1,2,2
3,11,10,28,0.1,2,1,2,1,0,198.43,1,17,1,3,2,2,1,1,3,1,3
3,11,10,29,0.4,2,1,2,2,1,302.28,0,7,1,3,2,2,3,1,1,1,1
3,11,10,30,0.8,3,3,2,2,1,283.64,1,19,3,1,1,3,16,3,3,1,1
3,11,10,31,0.1,1,1,1,1,1,210.84,1,8,1,3,1,3,5,3,3,3,3
3,11,10,32,0.1,2,2,2,2,1,341.71,0,19,1,1,2,2,3,3,1,2,2
3,11,10,33,1.8,3,1,NaN,NaN,NaN,NaN,NaN,19,1,3,3,1,18,3,1,3,1
3,11,10,34,0.4,1,1,1,1,1,207.92,1,20,3,1,3,1,7,3,3,3,3
3,11,10,35,0.4,3,2,2,2,1,238.59,1,5,1,1,3,3,19,1,3,2,2
3,11,10,36,1.8,2,1,NaN,NaN,NaN,NaN,NaN,10,1,3,2,2,10,1,1,1,1
3,11,10,37,1.8,2,2,2,2,1,267.11,1,10,1,3,2,2,12,1,1,2,2
3,11,10,38,0.2,2,1,2,2,1,330.54,0,20,3,1,2,2,1,3,1,3,1
3,11,10,39,1.8,3,2,NaN,NaN,NaN,NaN,NaN,1,1,1,3,3,16,3,3,2,2
3,11,10,40,0.05,2,2,2,2,1,266.17,1,9,1,3,2,2,9,1,1,2,2
3,11,10,41,0.1,1,2,1,1,1,268.92,1,6,1,1,1,1,4,1,1,2,2
3,11,10,42,0.4,3,1,2,2,1,268.87,1,3,3,3,1,1,5,1,1,1,1
3,11,10,43,0.2,1,1,1,2,0,173.97,1,9,1,3,1,3,13,3,1,3,1
3,11,10,44,1.8,1,3,1,1,1,225.81,1,2,3,3,3,3,10,3,1,1,3
3,11,10,45,0.8,2,3,2,2,1,238.31,1,18,3,3,2,2,13,1,3,3,1
3,11,10,46,0.4,1,2,1,1,1,232.16,1,18,3,1,3,1,9,3,3,2,2
3,11,10,47,0.05,1,3,1,2,0,274.91,1,1,1,1,1,1,16,3,1,1,3
3,11,10,48,0.2,1,2,1,1,1,243.57,1,15,3,1,3,1,13,3,1,2,2
3,11,10,49,0.8,1,3,NaN,NaN,NaN,NaN,NaN,12,1,1,1,1,8,3,3,1,1
3,11,10,50,0.8,1,2,1,1,1,217.07,1,15,3,3,3,3,1,3,1,2,2
3,11,10,51,0.4,3,1,2,2,1,270.02,1,10,3,1,1,3,9,1,1,1,1
3,11,10,52,1.8,1,2,1,2,0,253.4,1,8,3,3,3,3,5,1,3,2,2
3,11,10,53,0.05,2,1,2,2,1,363.65,0,16,3,1,2,2,7,1,3,1,3
3,11,10,54,0.2,1,2,1,1,1,280.96,1,9,1,1,1,1,18,3,1,2,2
3,11,10,55,0.4,1,2,1,1,1,282.61,1,9,3,3,3,3,10,1,1,2,2
3,11,10,56,0.1,3,1,2,2,1,336.97,0,10,3,3,1,1,12,3,1,3,1
3,11,10,57,0.2,3,3,2,2,1,239.85,1,8,3,1,1,3,16,1,1,3,3
3,11,10,58,0.2,1,1,1,1,1,263.02,1,18,3,1,3,1,11,1,3,1,3
3,11,10,59,0.05,1,3,1,1,1,342.01,0,16,3,3,3,3,5,1,3,3,1
3,11,10,60,0.4,3,1,NaN,NaN,NaN,NaN,NaN,6,3,3,1,1,8,1,1,1,1
3,11,10,61,1.8,2,2,2,2,1,233.34,1,5,1,3,2,2,4,1,3,2,2
3,11,10,62,0.8,1,2,1,2,0,339.74,0,6,3,1,3,1,9,3,1,2,2
3,11,10,63,1.8,2,3,2,2,1,257.67,1,3,1,3,2,2,16,3,1,1,3
3,11,10,64,0.8,3,1,2,2,1,237.2,1,17,1,3,3,1,16,1,1,1,1
3,11,10,65,0.8,2,2,2,1,0,236.75,1,10,1,1,2,2,4,3,3,2,2
3,11,10,66,0.1,3,3,2,2,1,300.05,0,8,1,3,3,1,1,3,1,1,3
3,11,10,67,0.2,3,1,2,2,1,241.23,1,14,3,1,1,3,19,3,1,3,1
3,11,10,68,0.05,3,3,2,2,1,296.24,1,3,3,3,1,1,9,3,3,1,1
3,11,10,69,0.1,3,1,2,2,1,316.74,0,1,1,1,3,3,9,1,3,1,3
3,11,10,70,1.8,1,1,1,1,1,356.41,0,9,1,3,1,3,13,1,1,1,1
3,11,10,71,0.05,1,3,1,1,1,288.87,1,1,3,3,3,3,3,3,3,1,1
3,11,10,72,1.8,3,3,NaN,NaN,NaN,NaN,NaN,4,3,3,1,1,11,3,1,1,3
3,11,10,73,0.05,3,3,2,2,1,256.74,1,19,3,1,1,3,14,3,1,1,3
3,11,10,74,0.4,3,3,2,2,1,263.67,1,14,1,1,3,3,14,1,3,3,1
3,11,10,75,0.8,3,1,2,2,1,301.7,0,9,1,3,3,1,6,3,1,3,1
3,11,10,76,0.05,1,2,1,1,1,320.88,0,4,3,1,3,1,13,1,3,2,2
3,11,10,77,0.8,1,3,1,1,1,278.73,1,12,3,1,3,1,2,1,1,3,3
3,11,10,78,0.8,2,2,2,2,1,214.55,1,12,3,1,2,2,5,3,3,2,2
