4,7,1,1,0.4,2,3,2,2,1,195.14,1,3,3,3,2,2,7,3,3,1,1
4,7,1,2,0.1,1,3,1,1,1,225.47,1,18,3,3,3,3,17,3,1,1,3
4,7,1,3,0.05,3,3,2,2,1,357.22,0,10,1,1,3,3,17,1,3,3,1
4,7,1,4,0.1,1,3,1,1,1,239.95,1,16,1,3,1,3,14,1,1,3,3
4,7,1,5,0.05,3,2,2,2,1,279.66,1,4,1,3,3,1,15,3,3,2,2
4,7,1,6,0.2,2,1,2,2,1,249.17,1,1,3,1,2,2,18,1,3,1,3
4,7,1,7,0.1,1,2,1,1,1,250.59,1,17,3,3,3,3,17,3,1,2,2
4,7,1,8,0.1,2,3,2,2,1,248.72,1,17,3,1,2,2,1,1,3,3,1
4,7,1,9,0.8,1,1,1,1,1,216.79,1,14,1,3,1,3,14,3,1,3,1
4,7,1,10,0.4,1,1,1,1,1,223.58,1,7,3,3,3,3,6,3,1,3,1
4,7,1,11,1.8,1,1,1,1,1,205.63,1,6,3,1,3,1,1,1,1,1,1
4,7,1,12,0.05,2,1,2,2,1,353.4,0,4,3,3,2,2,9,1,3,1,3
4,7,1,13,0.2,1,3,1,1,1,206.92,1,4,3,3,3,3,16,3,3,1,1
4,7,1,14,0.05,2,2,2,2,1,350.75,0,3,1,3,2,2,20,3,1,2,2
4,7,1,15,0.4,1,2,1,1,1,225.67,1,6,3,1,3,1,5,1,3,2,2
4,7,1,16,0.2,2,1,2,2,1,244.71,1,19,1,1,2,2,8,3,1,3,1
4,7,1,17,0.4,1,1,1,1,1,213.59,1,6,1,1,1,1,3,1,1,1,1
4,7,1,18,0.2,1,2,1,1,1,219.88,1,1,3,3,3,3,2,1,3,2,2
4,7,1,19,0.05,1,2,1,1,1,269.43,1,9,3,1,3,1,1,3,1,2,2
4,7,1,20,1.8,1,3,1,1,1,209.44,1,6,1,1,1,1,5,1,1,3,3
4,7,1,21,0.1,3,3,2,2,1,504.3,0,4,1,3,3,1,16,1,1,3,3
4,7,1,22,0.8,2,3,2,2,1,250.96,1,10,3,1,2,2,19,1,1,3,3
4,7,1,23,0.4,3,3,2,2,1,244.75,1,9,1,3,3,1,7,3,1,1,3
4,7,1,24,0.8,1,2,1,1,1,243.97,1,14,3,1,3,1,12,3,1,2,2
4,7,1,25,0.05,3,1,2,2,1,315.03,0,14,3,1,1,3,7,1,1,1,1
4,7,1,26,0.2,1,1,1,1,1,203.39,1,5,3,1,3,1,20,1,1,1,1
4,7,1,27,0.1,1,3,1,1,1,226.1,1,15,1,3,1,3,17,3,1,1,3
4,7,1,28,0.2,3,2,2,2,1,181.19,1,8,1,1,3,3,1,1,3,2,2
4,7,1,29,0.8,1,1,1,1,1,212.61,1,4,1,1,1,1,1,3,1,3,1
4,7,1,30,0.4,1,1,1,1,1,217.96,1,15,3,1,3,1,13,1,3,1,3
4,7,1,31,0.05,3,3,2,2,1,318.27,0,7,1,3,3,1,18,3,3,1,1
4,7,1,32,0.8,1,1,1,1,1,250.84,1,19,1,3,1,3,14,3,1,3,1
4,7,1,33,0.05,1,2,1,1,1,263.78,1,1,3,1,3,1,9,1,1,2,2
4,7,1,34,0.1,2,2,2,2,1,747.34,0,8,1,3,2,2,18,3,1,2,2
4,7,1,35,0.8,2,3,2,2,1,217.39,1,19,3,1,2,2,16,3,1,1,3
4,7,1,36,1.8,1,3,1,1,1,169.13,1,16,1,3,1,3,6,1,3,3,1
4,7,1,37,0.05,3,2,2,2,1,404.67,0,12,3,3,1,1,9,1,1,2,2
4,7,1,38,0.2,2,3,2,2,1,295.43,1,10,3,1,2,2,5,3,1,1,3
4,7,1,39,0.4,3,1,2,2,1,463.01,0,10,3,3,1,1,15,1,1,1,1
4,7,1,40,0.4,2,3,2,1,0,245.19,1,13,3,3,2,2,11,3,3,1,1
4,7,1,41,0.8,1,3,1,1,1,243.78,1,8,3,1,3,1,14,3,3,1,1
4,7,1,42,0.05,3,1,2,2,1,416.04,0,7,3,3,1,1,5,1,3,1,3
4,7,1,43,0.2,1,1,1,1,1,203.74,1,13,3,3,3,3,19,3,3,3,3
4,7,1,44,0.2,1,3,1,1,1,217.15,1,2,1,1,1,1,6,3,1,1,3
4,7,1,45,0.05,1,3,1,1,1,298.46,1,19,3,1,3,1,13,3,3,1,1
4,7,1,46,0.05,1,3,1,2,0,423.35,0,1,3,3,3,3,5,1,3,3,1
4,7,1,47,0.1,1,2,1,1,1,230.15,1,19,1,3,1,3,4,3,3,2,2
4,7,1,48,0.1,1,1,1,1,1,220.6,1,9,3,1,3,1,18,1,3,1,3
4,7,1,49,1.8,1,1,1,1,1,226.01,1,3,1,1,1,1,17,3,3,3,3
4,7,1,50,0.1,3,1,2,2,1,283.69,1,2,1,1,3,3,11,1,3,1,3
4,7,1,51,0.8,1,1,1,1,1,224.58,1,15,1,1,1,1,11,1,3,1,3
4,7,1,52,1.8,3,2,2,2,1,262.69,1,5,3,3,1,1,6,1,3,2,2
4,7,1,53,0.2,1,2,1,1,1,216.95,1,7,1,3,1,3,5,3,1,2,2
4,7,1,54,1.8,3,1,2,2,1,262.16,1,16,1,1,3,3,15,3,3,3,3
4,7,1,55,0.05,3,1,2,2,1,312.08,0,15,3,1,1,3,14,3,1,3,1
4,7,1,56,0.4,3,3,2,2,1,231.38,1,12,1,1,3,3,13,1,1,3,3
4,7,1,57,0.8,2,3,2,2,1,251.87,1,11,1,1,2,2,6,1,1,3,3
4,7,1,58,0.8,3,1,2,2,1,239.4,1,3,1,1,3,3,14,3,3,3,3
4,7,1,59,0.1,1,2,1,1,1,284.97,1,6,3,1,3,1,2,3,3,2,2
4,7,1,60,1.8,1,3,1,2,0,193.64,1,2,3,1,3,1,15,3,3,1,1
4,7,1,61,0.1,1,1,1,1,1,278.52,1,6,1,3,1,3,19,1,3,1,3
4,7,1,62,0.4,1,1,1,1,1,226.28,1,9,1,3,1,3,20,3,3,3,3
4,7,1,63,0.8,2,1,2,2,1,256.56,1,6,3,1,2,2,10,1,3,1,3
4,7,1,64,0.4,2,2,2,2,1,260.15,1,10,1,1,2,2,4,1,3,2,2
4,7,1,65,1.8,1,2,1,1,1,202.61,1,10,3,3,3,3,20,3,3,2,2
4,7,1,66,0.4,2,3,2,2,1,223.77,1,4,3,1,2,2,2,3,3,1,1
4,7,1,67,0.1,2,2,2,2,1,480.02,0,15,3,1,2,2,3,3,1,2,2
4,7,1,68,1.8,3,2,2,2,1,228.67,1,4,1,3,3,1,17,1,3,2,2
4,7,1,69,0.2,3,2,2,2,1,290.4,1,14,3,3,1,1,12,3,3,2,2
4,7,1,70,1.8,2,1,2,1,0,223.24,1,4,1,1,2,2,5,3,3,3,3
4,7,1,71,0.2,1,2,1,1,1,237.86,1,10,1,1,1,1,4,1,1,2,2
4,7,1,72,1.8,1,1,1,1,1,212.31,1,6,1,1,1,1,1,1,3,1,3
4,7,1,73,0.8,3,3,2,2,1,247.58,1,15,1,3,3,1,20,3,1,1,3
4,7,1,74,0.2,1,2,1,1,1,229.81,1,15,3,3,3,3,7,3,1,2,2
4,7,1,75,0.8,3,1,2,2,1,261.52,1,12,3,1,1,3,20,1,3,1,3
4,7,1,76,1.8,1,1,1,1,1,215.05,1,17,1,3,1,3,11,3,1,3,1
4,7,1,77,0.4,2,3,2,2,1,309.72,0,17,3,3,2,2,6,1,3,3,1
4,7,1,78,1.8,2,2,2,2,1,265.59,1,1,1,3,2,2,14,1,1,2,2
4,7,2,1,1.8,1,3,1,1,1,208.72,1,9,1,1,1,1,2,3,1,1,3
4,7,2,2,0.1,1,1,1,1,1,212.08,1,11,3,3,3,3,7,1,1,1,1
4,7,2,3,1.8,2,3,2,2,1,228.38,1,12,1,3,2,2,5,1,1,3,3
4,7,2,4,0.8,2,2,2,2,1,209.28,1,10,1,3,2,2,14,1,3,2,2
4,7,2,5,0.8,1,3,1,1,1,236.72,1,17,1,3,1,3,4,3,1,1,3
4,7,2,6,0.1,3,2,2,2,1,275.31,1,10,3,3,1,1,17,3,3,2,2
4,7,2,7,1.8,1,2,1,1,1,253.77,1,9,3,3,3,3,4,3,3,2,2
4,7,2,8,0.05,3,2,2,2,1,378.57,0,20,3,3,1,1,7,1,1,2,2
4,7,2,9,0.1,1,1,1,1,1,262.43,1,6,1,3,1,3,17,1,1,1,1
4,7,2,10,0.1,3,2,2,2,1,318.15,0,20,3,3,1,1,2,1,3,2,2
4,7,2,11,0.4,2,3,2,2,1,299.4,1,4,3,3,2,2,17,1,1,3,3
4,7,2,12,0.05,2,3,2,2,1,507.07,0,11,1,1,2,2,2,3,1,1,3
4,7,2,13,0.8,3,2,2,2,1,253.31,1,11,1,1,3,3,20,1,1,2,2
4,7,2,14,0.4,2,3,2,2,1,228.21,1,20,3,3,2,2,18,3,1,1,3
4,7,2,15,0.1,1,3,1,1,1,261.48,1,2,1,3,1,3,12,3,3,1,1
4,7,2,16,0.2,1,1,1,1,1,235.65,1,11,1,3,1,3,1,1,1,1,1
4,7,2,17,0.8,1,1,1,1,1,234.5,1,4,1,3,1,3,14,1,1,1,1
4,7,2,18,0.8,1,1,1,1,1,232.9,1,13,1,3,1,3,20,3,3,3,3
4,7,2,19,0.2,3,2,2,1,0,251.25,1,7,3,3,1,1,12,1,1,2,2
4,7,2,20,0.1,3,1,2,1,0,256.5,1,7,1,1,3,3,10,1,1,1,1
4,7,2,21,0.2,2,3,2,2,1,241.18,1,16,1,1,2,2,1,3,3,1,1
4,7,2,22,1.8,3,1,2,2,1,209.14,1,4,1,3,3,1,8,1,1,1,1
4,7,2,23,0.4,2,2,2,2,1,224.03,1,14,1,3,2,2,12,1,1,2,2
4,7,2,24,0.4,1,1,1,1,1,188.04,1,5,3,1,3,1,11,1,3,1,3
4,7,2,25,0.2,2,2,2,2,1,250.42,1,19,1,1,2,2,3,3,3,2,2
4,7,2,26,0.4,3,1,2,2,1,263.99,1,10,3,1,1,3,3,1,1,1,1
4,7,2,27,0.1,2,2,2,2,1,316.48,0,2,1,1,2,2,1,1,3,2,2
4,7,2,28,0.1,1,3,1,1,1,241.72,1,2,3,1,3,1,7,3,3,1,1
4,7,2,29,0.05,3,3,2,2,1,302.8,0,2,3,1,1,3,19,1,1,3,3
4,7,2,30,0.8,2,3,2,2,1,238.9,1,17,1,1,2,2,16,1,3,3,1
4,7,2,31,1.8,1,2,1,1,1,215.34,1,19,1,1,1,1,8,3,3,2,2
4,7,2,32,0.2,1,1,1,1,1,180.25,1,19,1,1,1,1,15,3,3,3,3
4,7,2,33,0.4,1,2,1,1,1,228.15,1,17,1,1,1,1,6,1,3,2,2
4,7,2,34,0.1,3,3,2,2,1,277.58,1,8,3,3,1,1,19,3,3,1,1
4,7,2,35,1.8,3,2,2,2,1,230.63,1,5,3,3,1,1,17,1,3,2,2
4,7,2,36,0.1,1,3,1,1,1,286.8,1,8,3,1,3,1,9,3,1,1,3
4,7,2,37,0.2,1,1,1,1,1,238.45,1,8,1,1,1,1,4,3,1,3,1
4,7,2,38,0.05,1,2,NaN,NaN,NaN,NaN,NaN,19,1,1,1,1,15,1,3,2,2
4,7,2,39,0.4,3,1,2,2,1,277.55,1,17,3,1,1,3,16,1,1,1,1
4,7,2,40,0.8,1,1,1,1,1,215.53,1,4,3,1,3,1,9,1,3,1,3
4,7,2,41,1.8,1,3,1,1,1,189.47,1,11,1,3,1,3,14,3,1,1,3
4,7,2,42,1.8,1,2,1,1,1,262.15,1,10,1,1,1,1,3,1,1,2,2
4,7,2,43,1.8,3,3,2,2,1,248.54,1,7,1,1,3,3,8,3,1,1,3
4,7,2,44,0.2,3,1,2,2,1,289.01,1,5,1,3,3,1,14,3,1,3,1
4,7,2,45,0.2,1,3,1,1,1,243.43,1,17,1,3,1,3,16,3,1,1,3
4,7,2,46,0.4,2,1,2,2,1,219.87,1,19,1,1,2,2,10,1,1,1,1
4,7,2,47,1.8,3,2,2,2,1,257.09,1,16,1,1,3,3,9,3,1,2,2
4,7,2,48,1.8,2,1,2,2,1,228.09,1,11,3,3,2,2,20,1,3,1,3
4,7,2,49,0.8,1,2,1,1,1,249.66,1,5,3,3,3,3,15,1,1,2,2
4,7,2,50,1.8,2,2,2,2,1,239.47,1,10,3,1,2,2,14,1,1,2,2
4,7,2,51,0.2,1,3,1,1,1,238.14,1,10,1,1,1,1,19,1,1,3,3
4,7,2,52,0.05,1,1,1,1,1,261.31,1,12,3,3,3,3,5,3,3,3,3
4,7,2,53,0.4,1,1,1,1,1,275.34,1,18,3,1,3,1,8,1,3,1,3
4,7,2,54,0.4,2,3,2,2,1,277.45,1,17,1,3,2,2,20,1,3,3,1
4,7,2,55,0.2,2,2,2,2,1,241.8,1,11,3,3,2,2,7,1,1,2,2
4,7,2,56,0.05,3,1,2,2,1,361.2,0,8,1,3,3,1,2,3,3,3,3
4,7,2,57,1.8,2,3,2,1,0,253.29,1,15,3,3,2,2,4,3,3,1,1
4,7,2,58,0.2,1,3,1,1,1,264.4,1,11,3,1,3,1,5,3,1,1,3
4,7,2,59,0.2,1,2,1,1,1,237.01,1,12,3,1,3,1,6,3,1,2,2
4,7,2,60,0.1,1,2,1,1,1,253.73,1,20,1,3,1,3,18,3,3,2,2
4,7,2,61,0.1,1,3,1,1,1,233.07,1,5,1,1,1,1,17,3,3,1,1
4,7,2,62,0.05,2,3,2,1,0,411.45,0,4,3,1,2,2,3,1,1,3,3
4,7,2,63,0.8,2,3,2,2,1,260.39,1,1,1,3,2,2,9,3,3,1,1
4,7,2,64,0.8,2,3,2,2,1,264.93,1,14,1,3,2,2,10,3,3,1,1
4,7,2,65,0.4,1,2,1,1,1,235.52,1,6,3,3,3,3,9,1,3,2,2
4,7,2,66,0.8,1,2,1,1,1,217.21,1,2,1,3,1,3,6,1,1,2,2
4,7,2,67,0.05,1,2,1,1,1,280.31,1,1,3,3,3,3,16,3,3,2,2
4,7,2,68,0.05,2,1,2,1,0,342.31,0,12,1,3,2,2,20,1,3,1,3
4,7,2,69,0.4,2,1,2,2,1,306.79,0,16,3,1,2,2,18,1,3,1,3
4,7,2,70,0.8,2,2,2,2,1,234.25,1,5,1,3,2,2,18,3,3,2,2
4,7,2,71,0.05,1,2,1,1,1,301.68,0,7,1,1,1,1,14,1,1,2,2
4,7,2,72,0.1,1,3,1,1,1,298.85,1,19,3,1,3,1,12,3,3,1,1
4,7,2,73,0.05,1,3,1,2,0,397.3,0,10,1,3,1,3,11,3,3,1,1
4,7,2,74,0.05,3,3,2,2,1,421.04,0,4,1,1,3,3,20,3,3,1,1
4,7,2,75,0.4,1,1,1,1,1,209.03,1,5,3,3,3,3,12,3,3,3,3
4,7,2,76,0.8,3,2,2,2,1,200.01,1,10,3,3,1,1,7,3,1,2,2
4,7,2,77,0.2,1,3,1,1,1,242.73,1,17,1,1,1,1,15,1,1,3,3
4,7,2,78,0.05,3,1,2,2,1,346.64,0,1,1,3,3,1,5,3,3,3,3
4,7,3,1,1.8,1,2,1,1,1,202.46,1,6,1,3,1,3,15,3,1,2,2
4,7,3,2,0.05,1,3,1,1,1,262.48,1,7,1,1,1,1,14,1,3,3,1
4,7,3,3,0.4,2,3,2,1,0,322.52,0,2,1,3,2,2,15,1,3,3,1
4,7,3,4,0.4,3,1,2,2,1,264.26,1,20,1,3,3,1,5,1,1,1,1
4,7,3,5,0.8,1,1,1,1,1,206.11,1,19,1,1,1,1,5,3,3,3,3
4,7,3,6,0.2,1,1,1,1,1,194.76,1,13,3,3,3,3,8,1,3,1,3
4,7,3,7,1.8,2,1,2,2,1,219.97,1,15,3,3,2,2,2,1,1,1,1
4,7,3,8,0.05,1,2,1,1,1,322.62,0,4,1,1,1,1,20,1,3,2,2
4,7,3,9,1.8,3,1,2,2,1,239.28,1,16,1,3,3,1,9,3,1,3,1
4,7,3,10,0.05,2,3,2,2,1,485.89,0,8,1,3,2,2,12,3,3,1,1
4,7,3,11,0.8,1,2,1,1,1,220.07,1,15,3,1,3,1,9,3,3,2,2
4,7,3,12,0.4,1,2,1,1,1,220.66,1,18,3,1,3,1,8,1,1,2,2
4,7,3,13,1.8,2,3,2,2,1,249.24,1,5,1,3,2,2,10,3,1,1,3
4,7,3,14,0.1,3,1,2,2,1,318.69,0,9,3,1,1,3,3,3,1,3,1
4,7,3,15,0.4,2,2,2,1,0,323.83,0,9,1,1,2,2,9,1,1,2,2
4,7,3,16,0.1,1,3,1,1,1,292.45,1,6,1,1,1,1,15,3,3,1,1
4,7,3,17,0.2,1,3,1,1,1,250.02,1,6,3,3,3,3,16,1,3,3,1
4,7,3,18,0.1,3,2,2,2,1,309.91,0,10,3,1,1,3,17,1,1,2,2
4,7,3,19,0.8,1,2,1,1,1,239.33,1,16,3,1,3,1,6,3,1,2,2
4,7,3,20,0.1,1,2,1,1,1,303.32,0,3,3,1,3,1,14,1,1,2,2
4,7,3,21,0.2,3,2,2,2,1,295.18,1,7,1,1,3,3,9,1,1,2,2
4,7,3,22,0.2,1,3,1,1,1,215.49,1,8,3,1,3,1,7,3,3,1,1
4,7,3,23,0.4,2,2,2,2,1,252.25,1,2,1,3,2,2,3,1,3,2,2
4,7,3,24,0.4,1,3,1,1,1,257.09,1,18,1,1,1,1,19,1,3,3,1
4,7,3,25,0.4,3,3,2,2,1,219.66,1,14,3,1,1,3,2,3,1,1,3
4,7,3,26,0.8,1,1,1,2,0,282.01,1,2,3,1,3,1,12,3,3,3,3
4,7,3,27,0.2,1,1,1,1,1,268.33,1,8,3,3,3,3,8,1,3,1,3
4,7,3,28,0.1,2,2,2,2,1,413.35,0,9,3,1,2,2,11,1,3,2,2
4,7,3,29,0.4,1,1,1,1,1,241.03,1,4,1,1,1,1,9,1,3,1,3
4,7,3,30,1.8,3,3,2,2,1,253.04,1,11,1,3,3,1,9,1,3,3,1
4,7,3,31,0.05,1,1,1,1,1,319.96,0,5,1,3,1,3,15,3,3,3,3
4,7,3,32,0.1,1,3,1,1,1,307.41,0,12,1,3,1,3,8,1,3,3,1
4,7,3,33,0.8,1,2,1,1,1,224.06,1,14,1,1,1,1,9,3,1,2,2
4,7,3,34,0.8,1,1,1,1,1,243.94,1,16,3,3,3,3,12,3,1,3,1
4,7,3,35,0.4,2,2,2,1,0,237.21,1,6,1,3,2,2,11,3,1,2,2
4,7,3,36,0.05,1,2,1,1,1,284.05,1,5,3,3,3,3,6,1,3,2,2
4,7,3,37,0.8,2,1,2,2,1,254.3,1,6,3,1,2,2,12,3,1,3,1
4,7,3,38,1.8,1,1,1,1,1,227.16,1,16,1,3,1,3,5,1,1,1,1
4,7,3,39,0.2,2,1,2,2,1,353.86,0,5,1,3,2,2,11,1,3,1,3
4,7,3,40,0.05,1,2,1,1,1,263.8,1,10,3,1,3,1,20,1,3,2,2
4,7,3,41,0.05,2,3,2,1,0,285.55,1,9,1,1,2,2,6,3,3,1,1
4,7,3,42,0.4,1,1,1,1,1,220.13,1,7,3,1,3,1,20,1,3,1,3
4,7,3,43,1.8,1,3,1,1,1,233.04,1,3,3,3,3,3,3,3,3,1,1
4,7,3,44,1.8,2,1,2,2,1,234.79,1,15,3,3,2,2,13,1,1,1,1
4,7,3,45,0.2,1,2,1,1,1,249.23,1,12,3,1,3,1,2,1,1,2,2
4,7,3,46,0.1,1,1,1,1,1,264.12,1,3,1,1,1,1,11,1,3,1,3
4,7,3,47,0.8,3,1,2,2,1,263.1,1,17,3,3,1,1,11,1,1,1,1
4,7,3,48,1.8,1,2,1,1,1,236.33,1,17,1,3,1,3,6,1,1,2,2
4,7,3,49,0.1,1,1,1,1,1,270.25,1,5,3,1,3,1,3,3,3,3,3
4,7,3,50,0.2,1,3,1,1,1,197.28,1,13,3,1,3,1,14,1,3,3,1
4,7,3,51,0.1,1,1,1,1,1,265.35,1,8,1,1,1,1,16,3,3,3,3
4,7,3,52,0.8,1,3,1,1,1,241,1,3,3,1,3,1,11,1,1,3,3
4,7,3,53,0.1,1,1,1,1,1,264.18,1,13,3,3,3,3,8,3,1,3,1
4,7,3,54,0.2,1,2,1,1,1,204.87,1,3,1,3,1,3,16,3,3,2,2
4,7,3,55,1.8,3,1,2,2,1,281.78,1,8,1,1,3,3,6,3,3,3,3
4,7,3,56,0.2,1,3,1,1,1,301.46,0,1,1,3,1,3,16,3,3,1,1
4,7,3,57,0.8,1,1,1,1,1,264.22,1,7,1,3,1,3,17,3,1,3,1
4,7,3,58,0.05,1,2,1,1,1,328.47,0,20,1,1,1,1,14,1,3,2,2
4,7,3,59,0.2,1,2,1,1,1,243.62,1,3,3,1,3,1,4,3,1,2,2
4,7,3,60,0.05,3,3,2,2,1,406.8,0,2,3,1,1,3,4,3,3,1,1
4,7,3,61,0.05,1,1,1,1,1,345.43,0,1,3,1,3,1,13,3,1,3,1
4,7,3,62,0.8,1,3,1,1,1,232.07,1,1,1,1,1,1,4,3,1,1,3
4,7,3,63,0.1,3,1,2,2,1,371.22,0,19,3,3,1,1,10,3,3,3,3
4,7,3,64,0.4,3,1,2,2,1,262.43,1,7,3,1,1,3,13,1,3,1,3
4,7,3,65,0.4,1,3,1,1,1,222.51,1,10,1,3,1,3,15,1,3,3,1
4,7,3,66,0.8,1,1,1,1,1,265.58,1,7,1,1,1,1,17,1,3,1,3
4,7,3,67,0.1,1,3,1,2,0,484.8,0,9,3,1,3,1,16,3,1,1,3
4,7,3,68,1.8,3,1,2,2,1,232.88,1,3,1,3,3,1,7,3,3,3,3
4,7,3,69,1.8,1,2,1,1,1,219.28,1,14,1,1,1,1,17,3,3,2,2
4,7,3,70,0.8,1,1,1,1,1,240.9,1,6,1,1,1,1,13,1,3,1,3
4,7,3,71,1.8,1,1,1,1,1,298.35,1,10,3,3,3,3,1,1,1,1,1
4,7,3,72,0.05,3,1,2,2,1,310.38,0,18,1,3,3,1,20,1,3,1,3
4,7,3,73,0.1,1,1,1,1,1,242.73,1,14,1,3,1,3,3,3,3,3,3
4,7,3,74,0.4,1,1,1,1,1,227.86,1,11,3,1,3,1,1,3,1,3,1
4,7,3,75,0.2,1,3,1,1,1,271.1,1,2,3,3,3,3,20,1,1,3,3
4,7,3,76,0.2,2,1,2,2,1,323.27,0,1,1,3,2,2,15,1,3,1,3
4,7,3,77,0.05,1,1,1,1,1,255.17,1,12,3,3,3,3,7,3,3,3,3
4,7,3,78,0.05,3,1,2,2,1,398.96,0,13,3,1,1,3,9,3,1,3,1
4,7,4,1,0.05,1,2,1,1,1,289.1,1,14,3,3,3,3,13,3,1,2,2
4,7,4,2,0.1,2,3,2,1,0,180.62,1,11,3,1,2,2,1,3,3,1,1
4,7,4,3,0.05,2,3,2,1,0,348.42,0,18,1,1,2,2,11,3,3,1,1
4,7,4,4,0.05,3,2,2,2,1,357.37,0,17,1,3,3,1,18,3,1,2,2
4,7,4,5,0.05,1,2,1,1,1,228.63,1,14,1,1,1,1,12,1,3,2,2
4,7,4,6,0.8,2,3,2,2,1,246.87,1,3,3,1,2,2,3,3,1,1,3
4,7,4,7,0.05,3,3,2,2,1,406.31,0,4,3,1,1,3,1,3,3,1,1
4,7,4,8,0.2,1,3,1,1,1,222.48,1,3,3,1,3,1,18,1,1,3,3
4,7,4,9,1.8,1,3,1,1,1,216.99,1,9,3,1,3,1,18,1,1,3,3
4,7,4,10,0.05,2,3,2,2,1,445.81,0,20,1,1,2,2,1,1,1,3,3
4,7,4,11,1.8,2,3,2,2,1,247.94,1,11,1,3,2,2,9,3,3,1,1
4,7,4,12,0.05,1,2,1,1,1,249.68,1,5,3,3,3,3,7,1,3,2,2
4,7,4,13,0.8,3,2,2,2,1,234.48,1,14,1,1,3,3,19,1,3,2,2
4,7,4,14,0.8,1,3,1,2,0,261.02,1,11,1,3,1,3,14,1,1,3,3
4,7,4,15,0.1,1,1,1,1,1,220.98,1,16,3,3,3,3,6,1,3,1,3
4,7,4,16,1.8,1,3,1,1,1,207.91,1,3,3,3,3,3,20,3,1,1,3
4,7,4,17,0.4,3,1,2,2,1,274.18,1,18,3,3,1,1,12,3,1,3,1
4,7,4,18,1.8,2,1,2,2,1,275.91,1,1,3,1,2,2,14,3,1,3,1
4,7,4,19,0.8,1,2,1,1,1,256.22,1,4,3,3,3,3,4,1,3,2,2
4,7,4,20,0.2,1,2,1,1,1,217.03,1,11,1,3,1,3,4,3,1,2,2
4,7,4,21,0.4,1,1,1,1,1,222.63,1,20,3,3,3,3,4,3,1,3,1
4,7,4,22,0.8,2,2,2,2,1,268.12,1,1,3,1,2,2,14,1,1,2,2
4,7,4,23,1.8,1,1,1,1,1,220.9,1,19,3,1,3,1,19,3,3,3,3
4,7,4,24,0.8,3,2,2,2,1,282.95,1,2,3,1,1,3,6,3,3,2,2
4,7,4,25,0.8,3,2,2,2,1,243.3,1,7,1,3,3,1,14,1,1,2,2
4,7,4,26,0.2,1,3,1,1,1,228.24,1,14,1,3,1,3,17,3,3,1,1
4,7,4,27,0.05,1,1,1,1,1,284.19,1,3,1,3,1,3,13,3,3,3,3
4,7,4,28,0.05,3,2,2,2,1,310.11,0,5,3,3,1,1,5,3,3,2,2
4,7,4,29,0.1,1,3,1,1,1,270.72,1,8,3,3,3,3,13,1,3,3,1
4,7,4,30,0.4,1,1,1,1,1,247.35,1,3,3,1,3,1,14,3,3,3,3
4,7,4,31,0.1,2,3,2,2,1,423.13,0,11,1,3,2,2,7,1,3,3,1
4,7,4,32,1.8,3,3,2,2,1,245.54,1,19,1,1,3,3,18,1,1,3,3
4,7,4,33,0.1,1,2,1,1,1,208.18,1,1,3,1,3,1,18,3,1,2,2
4,7,4,34,0.2,1,2,1,1,1,216.16,1,16,3,3,3,3,16,3,3,2,2
4,7,4,35,0.1,1,1,1,1,1,260.41,1,3,3,3,3,3,1,1,1,1,1
4,7,4,36,0.1,1,1,1,1,1,269.64,1,14,3,1,3,1,5,3,1,3,1
4,7,4,37,0.4,3,3,2,2,1,268.6,1,5,1,1,3,3,12,1,3,3,1
4,7,4,38,0.4,2,1,2,2,1,183.32,1,18,1,1,2,2,9,3,3,3,3
4,7,4,39,0.2,2,1,2,2,1,278.87,1,5,1,1,2,2,3,1,3,1,3
4,7,4,40,0.4,1,3,1,1,1,250.89,1,19,3,3,3,3,6,3,1,1,3
4,7,4,41,0.4,1,2,1,1,1,230.79,1,12,1,1,1,1,7,1,3,2,2
4,7,4,42,0.2,3,1,2,2,1,284.87,1,4,3,1,1,3,4,1,3,1,3
4,7,4,43,0.1,2,2,2,1,0,287.7,1,9,1,1,2,2,18,1,1,2,2
4,7,4,44,1.8,1,3,1,1,1,266.23,1,2,1,3,1,3,11,3,1,1,3
4,7,4,45,1.8,2,3,2,2,1,228.84,1,5,1,1,2,2,8,1,1,3,3
4,7,4,46,0.05,3,3,2,2,1,347.24,0,9,3,1,1,3,9,1,3,3,1
4,7,4,47,0.4,2,3,2,2,1,264,1,9,3,3,2,2,1,1,1,3,3
4,7,4,48,0.2,1,2,1,1,1,236.13,1,16,3,3,3,3,16,3,1,2,2
4,7,4,49,1.8,1,3,1,1,1,244.52,1,4,1,3,1,3,8,3,3,1,1
4,7,4,50,1.8,3,1,2,2,1,273.38,1,19,3,1,1,3,11,3,3,3,3
4,7,4,51,1.8,1,2,1,1,1,290.16,1,9,3,3,3,3,19,3,1,2,2
4,7,4,52,0.4,3,2,2,2,1,275.2,1,12,1,1,3,3,15,3,3,2,2
4,7,4,53,0.1,1,3,1,1,1,255.58,1,15,1,3,1,3,1,1,1,3,3
4,7,4,54,0.2,3,3,2,2,1,242.9,1,2,3,3,1,1,16,1,3,3,1
4,7,4,55,0.4,3,1,2,2,1,238.47,1,5,1,1,3,3,20,1,3,1,3
4,7,4,56,1.8,3,1,2,2,1,241.83,1,19,3,3,1,1,9,3,1,3,1
4,7,4,57,0.2,3,2,2,1,0,249.42,1,7,3,3,1,1,14,1,3,2,2
4,7,4,58,0.1,2,2,2,2,1,285.96,1,11,1,3,2,2,16,1,1,2,2
4,7,4,59,0.2,3,3,2,2,1,263.31,1,10,1,1,3,3,8,1,3,3,1
4,7,4,60,0.8,1,1,1,1,1,255.59,1,14,1,3,1,3,12,1,3,1,3
4,7,4,61,1.8,3,3,2,2,1,270.46,1,14,3,1,1,3,17,3,3,1,1
4,7,4,62,0.4,3,3,2,2,1,305.98,0,1,3,1,1,3,20,3,3,1,1
4,7,4,63,0.05,3,2,2,2,1,408.28,0,14,3,1,1,3,4,1,1,2,2
4,7,4,64,0.2,3,3,2,2,1,239.42,1,3,3,3,1,1,15,1,1,3,3
4,7,4,65,0.05,1,3,1,1,1,344.44,0,4,3,3,3,3,2,3,3,1,1
4,7,4,66,0.1,3,3,2,2,1,329.41,0,9,1,1,3,3,1,3,3,1,1
4,7,4,67,0.1,2,3,2,1,0,224.43,1,12,3,3,2,2,9,3,1,1,3
4,7,4,68,0.2,2,2,2,2,1,226.78,1,15,1,3,2,2,4,3,1,2,2
4,7,4,69,0.8,3,3,2,2,1,255.75,1,5,3,1,1,3,11,3,3,1,1
4,7,4,70,0.8,2,1,2,1,0,252.06,1,15,3,3,2,2,12,3,1,3,1
4,7,4,71,0.1,1,1,1,1,1,288.82,1,17,1,3,1,3,2,3,1,3,1
4,7,4,72,0.8,1,1,1,1,1,223.39,1,11,1,3,1,3,9,1,3,1,3
4,7,4,73,0.2,2,2,2,1,0,220.96,1,12,3,3,2,2,18,3,3,2,2
4,7,4,74,0.4,2,1,2,1,0,216.74,1,16,1,3,2,2,11,1,3,1,3
4,7,4,75,0.4,2,2,2,2,1,238.87,1,17,3,3,2,2,12,3,1,2,2
4,7,4,76,0.8,1,2,1,1,1,226.14,1,6,3,3,3,3,14,3,3,2,2
4,7,4,77,0.05,3,1,2,2,1,313.49,0,8,3,1,1,3,3,1,1,1,1
4,7,4,78,0.8,2,3,2,2,1,245.74,1,2,1,1,2,2,18,1,1,3,3
4,7,5,1,0.05,1,2,1,1,1,250.39,1,4,1,1,1,1,5,3,3,2,2
4,7,5,2,0.4,2,1,2,2,1,264.18,1,6,3,1,2,2,17,1,3,1,3
4,7,5,3,0.8,2,2,2,2,1,324.4,0,16,3,1,2,2,2,3,3,2,2
4,7,5,4,0.1,2,1,2,1,0,302.6,0,2,1,3,2,2,15,3,3,3,3
4,7,5,5,0.4,1,3,1,1,1,225.13,1,6,3,1,3,1,5,3,1,1,3
4,7,5,6,0.1,1,1,1,1,1,234.54,1,12,1,3,1,3,19,1,1,1,1
4,7,5,7,1.8,1,1,1,2,0,248.42,1,14,3,3,3,3,1,3,1,3,1
4,7,5,8,0.05,3,3,2,2,1,355.4,0,3,1,1,3,3,17,3,3,1,1
4,7,5,9,0.1,1,2,1,1,1,217.3,1,11,3,1,3,1,4,1,1,2,2
4,7,5,10,0.05,3,1,2,2,1,711.56,0,7,3,3,1,1,4,3,1,3,1
4,7,5,11,0.8,3,3,2,2,1,220.22,1,4,3,3,1,1,15,3,3,1,1
4,7,5,12,0.8,2,2,2,2,1,263.07,1,10,1,3,2,2,9,1,1,2,2
4,7,5,13,0.05,1,3,1,1,1,269.34,1,19,3,1,3,1,7,1,3,3,1
4,7,5,14,0.1,1,3,1,1,1,266.64,1,6,3,1,3,1,15,3,3,1,1
4,7,5,15,0.05,1,3,1,1,1,366.18,0,3,3,1,3,1,6,3,3,1,1
4,7,5,16,0.4,2,2,2,2,1,239.31,1,4,3,3,2,2,20,3,3,2,2
4,7,5,17,1.8,1,1,1,1,1,211.49,1,15,1,1,1,1,15,3,1,3,1
4,7,5,18,0.4,1,2,1,1,1,229.95,1,6,1,3,1,3,3,1,1,2,2
4,7,5,19,0.2,1,3,1,1,1,259.44,1,5,1,3,1,3,15,1,1,3,3
4,7,5,20,1.8,1,2,1,1,1,232.69,1,10,3,1,3,1,12,1,3,2,2
4,7,5,21,0.05,1,1,1,1,1,251.68,1,1,3,3,3,3,17,1,1,1,1
4,7,5,22,0.05,1,3,1,1,1,299.35,1,8,1,3,1,3,4,3,1,1,3
4,7,5,23,0.8,2,2,2,1,0,249.45,1,18,3,3,2,2,1,3,3,2,2
4,7,5,24,0.4,2,1,2,2,1,226.81,1,9,3,3,2,2,4,1,3,1,3
4,7,5,25,0.8,3,2,2,2,1,245.25,1,19,3,1,1,3,9,1,3,2,2
4,7,5,26,0.1,3,3,2,2,1,257.83,1,20,1,1,3,3,19,1,3,3,1
4,7,5,27,0.1,1,2,1,1,1,220.56,1,12,3,3,3,3,8,3,3,2,2
4,7,5,28,0.1,1,2,1,1,1,238.32,1,8,1,1,1,1,9,1,1,2,2
4,7,5,29,0.2,1,3,1,1,1,190.64,1,1,3,1,3,1,5,3,1,1,3
4,7,5,30,0.05,2,1,2,2,1,322.45,0,11,3,3,2,2,10,1,3,1,3
4,7,5,31,0.05,1,3,1,1,1,325.3,0,20,1,3,1,3,7,3,1,1,3
4,7,5,32,0.1,2,1,2,1,0,249.86,1,13,3,1,2,2,10,3,1,3,1
4,7,5,33,0.2,1,1,1,1,1,200.67,1,3,1,3,1,3,8,1,3,1,3
4,7,5,34,0.4,2,2,2,2,1,262.69,1,16,3,3,2,2,13,1,1,2,2
4,7,5,35,0.8,1,2,1,1,1,223.43,1,10,3,3,3,3,13,1,3,2,2
4,7,5,36,1.8,1,3,1,1,1,215.06,1,9,3,1,3,1,6,3,1,1,3
4,7,5,37,0.4,1,2,1,1,1,231.79,1,8,1,3,1,3,10,1,1,2,2
4,7,5,38,0.8,1,1,1,1,1,228.02,1,15,3,3,3,3,5,3,3,3,3
4,7,5,39,1.8,2,1,2,2,1,256.43,1,2,3,3,2,2,6,3,3,3,3
4,7,5,40,0.2,1,3,1,1,1,267.44,1,10,3,3,3,3,9,3,1,1,3
4,7,5,41,0.4,3,2,2,2,1,274.95,1,16,1,1,3,3,6,3,1,2,2
4,7,5,42,0.2,1,3,1,1,1,219.31,1,9,1,1,1,1,17,1,1,3,3
4,7,5,43,0.8,1,1,1,1,1,226.22,1,12,1,1,1,1,14,3,3,3,3
4,7,5,44,0.1,1,2,1,1,1,306.64,0,15,3,1,3,1,6,1,1,2,2
4,7,5,45,1.8,2,2,2,1,0,261.34,1,17,1,3,2,2,11,1,1,2,2
4,7,5,46,0.05,1,1,1,1,1,302.78,0,14,1,1,1,1,2,1,3,1,3
4,7,5,47,0.4,1,2,1,1,1,212.74,1,20,1,1,1,1,8,3,3,2,2
4,7,5,48,0.2,3,3,2,2,1,243.25,1,1,3,1,1,3,18,3,1,1,3
4,7,5,49,0.4,2,3,2,2,1,272.05,1,7,3,1,2,2,5,3,3,1,1
4,7,5,50,0.1,1,3,1,1,1,218.51,1,11,3,3,3,3,4,3,3,1,1
4,7,5,51,0.05,1,1,1,1,1,259.23,1,14,3,1,3,1,4,1,1,1,1
4,7,5,52,1.8,1,3,1,2,0,188.82,1,9,3,1,3,1,19,1,1,3,3
4,7,5,53,0.8,3,3,2,2,1,268.15,1,17,1,1,3,3,4,1,1,3,3
4,7,5,54,0.4,1,1,1,1,1,242.76,1,20,1,3,1,3,17,1,1,1,1
4,7,5,55,1.8,1,3,1,1,1,224.31,1,11,1,3,1,3,2,1,1,3,3
4,7,5,56,0.1,1,1,1,1,1,285.67,1,19,3,1,3,1,13,1,1,1,1
4,7,5,57,1.8,1,2,1,1,1,268.26,1,17,1,1,1,1,12,1,3,2,2
4,7,5,58,1.8,1,3,1,1,1,274.54,1,15,3,3,3,3,11,3,3,1,1
4,7,5,59,0.8,3,1,2,2,1,253.29,1,11,3,1,1,3,4,1,1,1,1
4,7,5,60,0.2,3,3,2,2,1,285.09,1,20,3,1,1,3,18,3,1,1,3
4,7,5,61,1.8,1,3,1,1,1,256.56,1,10,1,1,1,1,13,3,1,1,3
4,7,5,62,0.2,2,2,2,2,1,249.68,1,20,1,1,2,2,14,3,1,2,2
4,7,5,63,1.8,1,1,1,1,1,264.54,1,10,1,3,1,3,19,3,1,3,1
4,7,5,64,0.2,3,1,2,2,1,314.94,0,9,1,1,3,3,2,3,1,3,1
4,7,5,65,0.2,1,1,1,1,1,165.05,1,11,3,3,3,3,8,1,1,1,1
4,7,5,66,0.8,3,3,2,2,1,265.73,1,13,3,3,1,1,15,1,3,3,1
4,7,5,67,0.1,3,2,2,2,1,321.01,0,10,1,3,3,1,7,3,3,2,2
4,7,5,68,0.1,2,2,2,2,1,552.65,0,2,1,1,2,2,6,1,3,2,2
4,7,5,69,1.8,1,3,1,1,1,216.47,1,1,3,1,3,1,17,1,1,3,3
4,7,5,70,0.8,2,3,2,2,1,244.15,1,14,1,3,2,2,8,1,3,3,1
4,7,5,71,0.4,3,2,2,2,1,281.13,1,6,1,1,3,3,10,1,3,2,2
4,7,5,72,0.2,1,1,1,1,1,219.41,1,19,1,3,1,3,20,3,3,3,3
4,7,5,73,0.05,1,3,1,1,1,310.81,0,5,3,3,3,3,7,3,3,1,1
4,7,5,74,0.4,1,3,1,2,0,312.65,0,1,1,1,1,1,18,1,3,3,1
4,7,5,75,0.2,3,3,2,2,1,210.49,1,10,1,3,3,1,11,1,1,3,3
4,7,5,76,0.8,1,1,NaN,NaN,NaN,NaN,NaN,16,1,3,1,3,13,1,1,1,1
4,7,5,77,0.2,2,2,2,2,1,234.42,1,3,3,3,2,2,1,3,1,2,2
4,7,5,78,0.05,1,2,1,1,1,284.71,1,4,1,3,1,3,19,3,1,2,2
4,7,6,1,0.1,3,2,2,2,1,339.25,0,14,3,1,1,3,13,1,1,2,2
4,7,6,2,1.8,2,1,2,2,1,233.07,1,3,1,3,2,2,15,3,1,3,1
4,7,6,3,0.8,1,1,1,1,1,234.55,1,9,1,3,1,3,7,1,1,1,1
4,7,6,4,0.8,3,1,2,1,0,242.2,1,15,3,3,1,1,15,3,1,3,1
4,7,6,5,0.05,2,3,2,1,0,286.08,1,2,3,1,2,2,9,1,1,3,3
4,7,6,6,0.05,2,3,2,2,1,368.98,0,2,1,3,2,2,9,1,3,3,1
4,7,6,7,0.05,3,2,2,2,1,390.74,0,6,3,1,1,3,12,1,1,2,2
4,7,6,8,0.2,3,3,2,2,1,225.84,1,5,3,3,1,1,16,1,3,3,1
4,7,6,9,0.05,1,2,1,1,1,395.62,0,5,3,1,3,1,11,3,3,2,2
4,7,6,10,0.8,1,3,1,1,1,242.46,1,10,1,3,1,3,6,3,3,1,1
4,7,6,11,1.8,1,2,1,1,1,226.38,1,7,3,3,3,3,13,3,3,2,2
4,7,6,12,0.2,1,1,1,1,1,194.69,1,17,3,1,3,1,11,1,3,1,3
4,7,6,13,0.1,1,1,1,1,1,202.2,1,11,1,1,1,1,12,1,1,1,1
4,7,6,14,1.8,2,1,2,2,1,227.24,1,4,3,3,2,2,11,1,3,1,3
4,7,6,15,0.1,2,2,2,2,1,496.65,0,13,1,1,2,2,7,3,1,2,2
4,7,6,16,0.2,3,3,2,2,1,242.16,1,14,3,1,1,3,6,3,1,1,3
4,7,6,17,1.8,3,2,2,2,1,261.97,1,3,3,1,1,3,10,3,1,2,2
4,7,6,18,0.1,2,1,2,2,1,308.19,0,20,1,1,2,2,6,1,3,1,3
4,7,6,19,0.2,3,2,2,2,1,242.62,1,17,3,3,1,1,19,3,1,2,2
4,7,6,20,0.8,1,2,1,1,1,277.95,1,12,3,1,3,1,14,1,1,2,2
4,7,6,21,0.1,1,1,1,2,0,303.13,0,2,3,1,3,1,17,3,1,3,1
4,7,6,22,1.8,1,2,1,1,1,239.56,1,9,1,1,1,1,6,3,3,2,2
4,7,6,23,0.8,3,1,2,2,1,617.33,0,16,1,3,3,1,15,3,1,3,1
4,7,6,24,0.05,1,3,1,1,1,224.35,1,6,1,3,1,3,15,1,1,3,3
4,7,6,25,0.4,2,1,2,1,0,264.51,1,7,1,3,2,2,19,1,1,1,1
4,7,6,26,0.8,3,2,2,2,1,259.97,1,13,3,3,1,1,7,3,3,2,2
4,7,6,27,0.05,2,3,2,2,1,361.19,0,17,3,3,2,2,6,3,3,1,1
4,7,6,28,0.8,2,3,2,2,1,245.9,1,19,3,1,2,2,3,1,1,3,3
4,7,6,29,0.8,1,1,1,1,1,246.4,1,16,3,1,3,1,9,1,1,1,1
4,7,6,30,0.05,3,3,2,2,1,374.04,0,7,3,1,1,3,18,1,1,3,3
4,7,6,31,0.1,1,3,1,1,1,286.43,1,1,3,3,3,3,17,3,3,1,1
4,7,6,32,0.4,3,2,2,2,1,666.69,0,1,3,1,1,3,3,3,3,2,2
4,7,6,33,1.8,1,2,1,1,1,245.75,1,4,1,3,1,3,5,1,3,2,2
4,7,6,34,0.4,2,3,2,2,1,250.44,1,10,1,3,2,2,9,1,1,3,3
4,7,6,35,0.4,1,1,1,1,1,220.89,1,4,3,1,3,1,14,3,3,3,3
4,7,6,36,1.8,2,3,2,2,1,222.15,1,3,1,1,2,2,17,1,3,3,1
4,7,6,37,1.8,1,1,1,1,1,229.2,1,12,3,1,3,1,3,3,3,3,3
4,7,6,38,1.8,1,2,1,1,1,239.86,1,20,3,1,3,1,20,1,1,2,2
4,7,6,39,0.4,2,2,2,2,1,231.79,1,9,1,3,2,2,6,1,3,2,2
4,7,6,40,0.05,1,3,1,1,1,268.13,1,8,3,1,3,1,19,1,3,3,1
4,7,6,41,0.1,2,1,2,2,1,262.65,1,6,3,1,2,2,6,1,3,1,3
4,7,6,42,0.8,1,2,1,1,1,307.19,0,18,3,3,3,3,18,3,1,2,2
4,7,6,43,1.8,2,3,2,2,1,248.55,1,4,1,1,2,2,13,1,1,3,3
4,7,6,44,0.4,1,1,1,1,1,245,1,20,1,1,1,1,14,3,1,3,1
4,7,6,45,0.2,2,3,2,2,1,248.43,1,14,3,3,2,2,9,1,3,3,1
4,7,6,46,0.05,1,1,1,1,1,266.18,1,2,3,1,3,1,4,1,1,1,1
4,7,6,47,0.8,2,1,2,2,1,267.97,1,6,1,3,2,2,8,1,1,1,1
4,7,6,48,0.2,1,1,1,1,1,249.12,1,20,3,1,3,1,7,1,1,1,1
4,7,6,49,0.1,3,2,2,2,1,384.42,0,20,1,3,3,1,12,3,1,2,2
4,7,6,50,0.4,1,3,1,1,1,252.1,1,3,1,3,1,3,5,3,3,1,1
4,7,6,51,0.1,2,1,2,1,0,283.19,1,11,1,3,2,2,4,3,1,3,1
4,7,6,52,0.2,1,3,1,1,1,261.04,1,18,1,3,1,3,11,1,1,3,3
4,7,6,53,0.4,1,2,1,2,0,300.68,0,1,1,3,1,3,20,1,1,2,2
4,7,6,54,1.8,1,2,NaN,NaN,NaN,NaN,NaN,4,3,1,3,1,16,3,3,2,2
4,7,6,55,0.1,2,1,2,1,0,260.78,1,9,3,3,2,2,3,1,1,1,1
4,7,6,56,0.8,1,2,1,1,1,237.54,1,6,1,3,1,3,10,3,3,2,2
4,7,6,57,1.8,2,2,2,2,1,239.08,1,3,3,1,2,2,11,3,3,2,2
4,7,6,58,1.8,1,2,1,1,1,224.74,1,11,1,3,1,3,7,1,1,2,2
4,7,6,59,0.4,2,2,2,2,1,273.11,1,16,3,3,2,2,6,1,3,2,2
4,7,6,60,0.2,1,1,1,1,1,246.61,1,7,3,3,3,3,16,3,1,3,1
4,7,6,61,0.05,2,3,2,2,1,399.93,0,17,1,1,2,2,4,3,3,1,1
4,7,6,62,0.8,2,3,2,2,1,258.06,1,18,3,1,2,2,9,1,1,3,3
4,7,6,63,0.05,3,1,2,2,1,368.44,0,4,1,3,3,1,9,1,1,1,1
4,7,6,64,0.1,1,2,1,1,1,325.88,0,16,1,3,1,3,10,3,1,2,2
4,7,6,65,0.05,3,1,2,2,1,401.52,0,8,3,3,1,1,6,1,3,1,3
4,7,6,66,0.1,1,1,1,1,1,204.11,1,17,3,1,3,1,12,1,1,1,1
4,7,6,67,0.1,1,2,1,1,1,208.55,1,8,1,3,1,3,13,3,3,2,2
4,7,6,68,0.2,1,1,1,1,1,247.11,1,3,3,1,3,1,5,1,1,1,1
4,7,6,69,0.4,1,3,1,1,1,242.44,1,20,3,1,3,1,19,1,1,3,3
4,7,6,70,0.4,1,1,1,1,1,263.39,1,13,1,1,1,1,3,3,1,3,1
4,7,6,71,0.2,2,1,2,1,0,229.02,1,2,1,3,2,2,10,3,3,3,3
4,7,6,72,0.2,1,3,1,1,1,268.84,1,2,3,1,3,1,20,1,3,3,1
4,7,6,73,0.2,1,2,1,1,1,233.84,1,12,1,1,1,1,19,3,3,2,2
4,7,6,74,0.8,1,1,1,1,1,274.72,1,6,1,3,1,3,11,3,3,3,3
4,7,6,75,0.2,1,2,1,1,1,225.81,1,4,3,1,3,1,20,3,1,2,2
4,7,6,76,0.4,1,3,1,1,1,252.91,1,11,3,1,3,1,15,3,3,1,1
4,7,6,77,0.05,1,2,1,1,1,293.19,1,15,3,1,3,1,4,3,3,2,2
4,7,6,78,0.4,2,2,2,2,1,240.19,1,8,1,1,2,2,11,1,3,2,2
4,7,7,1,0.2,1,2,1,1,1,202.6,1,4,1,1,1,1,2,3,1,2,2
4,7,7,2,0.4,3,1,2,2,1,259.41,1,18,3,1,1,3,17,3,3,3,3
4,7,7,3,0.2,1,2,1,1,1,164.77,1,13,3,1,3,1,14,3,1,2,2
4,7,7,4,0.4,2,1,2,2,1,232.96,1,7,3,1,2,2,6,3,3,3,3
4,7,7,5,0.1,1,3,1,1,1,193.27,1,13,3,3,3,3,4,1,3,3,1
4,7,7,6,0.1,1,3,1,1,1,245.51,1,6,1,3,1,3,10,3,3,1,1
4,7,7,7,1.8,1,2,1,1,1,233.28,1,13,1,1,1,1,14,3,1,2,2
4,7,7,8,0.05,1,2,1,1,1,258.46,1,17,3,3,3,3,17,1,3,2,2
4,7,7,9,0.2,1,2,1,1,1,194.17,1,3,1,3,1,3,15,1,1,2,2
4,7,7,10,0.1,1,1,1,1,1,245.04,1,9,1,3,1,3,9,3,1,3,1
4,7,7,11,0.05,1,3,1,1,1,282.81,1,18,3,1,3,1,7,3,3,1,1
4,7,7,12,1.8,2,2,2,2,1,221.37,1,19,1,3,2,2,4,3,3,2,2
4,7,7,13,0.4,3,1,2,2,1,227.25,1,18,1,3,3,1,19,3,1,3,1
4,7,7,14,0.2,3,3,2,2,1,241.78,1,16,3,3,1,1,12,3,1,1,3
4,7,7,15,0.1,3,3,2,2,1,357.25,0,16,1,3,3,1,4,1,1,3,3
4,7,7,16,0.4,3,3,2,2,1,232.04,1,1,3,1,1,3,17,1,1,3,3
4,7,7,17,0.1,1,3,1,1,1,306.69,0,20,1,1,1,1,5,1,3,3,1
4,7,7,18,0.8,1,3,1,1,1,197.12,1,13,3,1,3,1,10,1,1,3,3
4,7,7,19,0.05,1,2,1,1,1,247.17,1,12,1,3,1,3,9,1,1,2,2
4,7,7,20,1.8,1,3,1,1,1,224.64,1,17,3,1,3,1,4,3,1,1,3
4,7,7,21,1.8,1,1,1,1,1,218.49,1,2,3,3,3,3,3,1,1,1,1
4,7,7,22,0.4,3,3,2,2,1,241.34,1,17,3,3,1,1,13,3,1,1,3
4,7,7,23,0.2,2,2,2,2,1,246.4,1,11,3,3,2,2,13,1,3,2,2
4,7,7,24,0.05,3,2,2,2,1,326.01,0,19,1,1,3,3,13,3,3,2,2
4,7,7,25,0.4,2,3,2,2,1,242.1,1,6,1,1,2,2,5,1,3,3,1
4,7,7,26,0.2,3,3,2,2,1,180.65,1,19,1,1,3,3,16,1,1,3,3
4,7,7,27,0.05,2,2,2,1,0,325.71,0,7,3,3,2,2,14,1,1,2,2
4,7,7,28,0.05,1,3,1,1,1,284.87,1,10,3,1,3,1,6,3,1,1,3
4,7,7,29,0.8,1,1,1,1,1,253.44,1,1,1,3,1,3,2,1,3,1,3
4,7,7,30,0.4,3,2,2,2,1,273.85,1,18,1,1,3,3,9,1,1,2,2
4,7,7,31,0.05,1,3,1,1,1,318.48,0,1,3,1,3,1,11,1,1,3,3
4,7,7,32,0.1,1,1,1,1,1,390.73,0,2,3,3,3,3,13,3,3,3,3
4,7,7,33,0.05,1,1,1,1,1,291.95,1,13,3,3,3,3,4,3,3,3,3
4,7,7,34,0.2,1,2,1,1,1,230.55,1,5,3,3,3,3,9,1,1,2,2
4,7,7,35,1.8,1,1,1,1,1,251.53,1,9,1,3,1,3,2,1,1,1,1
4,7,7,36,0.8,1,2,1,1,1,227.43,1,4,3,1,3,1,7,1,1,2,2
4,7,7,37,1.8,2,1,2,2,1,256.77,1,2,3,1,2,2,13,3,1,3,1
4,7,7,38,0.05,1,3,1,1,1,261.36,1,17,1,1,1,1,2,1,3,3,1
4,7,7,39,0.4,1,1,1,1,1,227.08,1,4,1,1,1,1,13,3,1,3,1
4,7,7,40,0.4,3,3,2,2,1,337.02,0,20,3,1,1,3,17,3,1,1,3
4,7,7,41,0.1,1,1,1,1,1,400.36,0,4,3,1,3,1,6,3,3,3,3
4,7,7,42,1.8,1,2,1,1,1,256.11,1,16,1,3,1,3,13,3,1,2,2
4,7,7,43,0.2,3,3,2,2,1,313.85,0,10,3,1,1,3,19,1,1,3,3
4,7,7,44,0.8,1,3,1,1,1,225.39,1,5,1,1,1,1,11,1,1,3,3
4,7,7,45,1.8,1,3,1,1,1,224.86,1,12,1,3,1,3,14,3,1,1,3
4,7,7,46,0.2,1,2,1,1,1,196.19,1,15,3,3,3,3,3,3,1,2,2
4,7,7,47,1.8,1,1,1,1,1,228.28,1,4,3,3,3,3,13,3,1,3,1
4,7,7,48,0.2,1,1,1,1,1,238.1,1,19,3,1,3,1,20,1,1,1,1
4,7,7,49,0.8,3,3,2,2,1,225.88,1,1,3,3,1,1,17,1,1,3,3
4,7,7,50,0.4,3,1,2,2,1,245.39,1,14,1,3,3,1,15,3,1,3,1
4,7,7,51,1.8,1,1,1,1,1,252.94,1,1,1,3,1,3,17,1,3,1,3
4,7,7,52,1.8,2,2,2,2,1,217.95,1,12,1,3,2,2,17,1,1,2,2
4,7,7,53,0.1,1,3,1,1,1,294.34,1,16,3,1,3,1,1,1,3,3,1
4,7,7,54,0.8,1,1,1,1,1,237.25,1,5,3,1,3,1,19,3,3,3,3
4,7,7,55,0.05,1,1,1,1,1,430.45,0,7,1,3,1,3,13,3,1,3,1
4,7,7,56,0.4,2,2,2,2,1,270.77,1,3,3,1,2,2,10,1,3,2,2
4,7,7,57,0.2,3,2,2,2,1,315.77,0,5,1,1,3,3,6,1,1,2,2
4,7,7,58,0.05,1,2,1,1,1,280.99,1,6,1,3,1,3,3,1,3,2,2
4,7,7,59,1.8,1,1,1,1,1,217.23,1,10,1,3,1,3,14,1,1,1,1
4,7,7,60,0.8,3,2,2,2,1,231.72,1,3,3,3,1,1,15,1,1,2,2
4,7,7,61,0.1,3,1,2,2,1,291.68,1,3,3,1,1,3,14,3,3,3,3
4,7,7,62,0.2,1,2,1,1,1,241.03,1,15,1,1,1,1,16,3,1,2,2
4,7,7,63,0.1,2,1,2,1,0,261.75,1,7,3,3,2,2,16,3,1,3,1
4,7,7,64,0.8,2,1,2,2,1,250.95,1,18,1,3,2,2,4,1,3,1,3
4,7,7,65,0.1,3,1,2,2,1,312.95,0,4,1,1,3,3,15,3,3,3,3
4,7,7,66,0.8,3,3,2,2,1,235.95,1,11,1,1,3,3,3,3,1,1,3
4,7,7,67,0.8,3,1,2,2,1,230.18,1,5,1,3,3,1,10,3,1,3,1
4,7,7,68,0.1,1,3,1,1,1,307.96,0,15,3,3,3,3,17,1,1,3,3
4,7,7,69,0.2,3,3,2,2,1,198.43,1,1,3,3,1,1,9,3,1,1,3
4,7,7,70,0.05,1,3,1,1,1,286.56,1,3,1,3,1,3,19,3,1,1,3
4,7,7,71,0.05,2,2,2,2,1,354.41,0,6,3,3,2,2,12,3,1,2,2
4,7,7,72,0.8,1,1,NaN,NaN,NaN,NaN,NaN,6,3,1,3,1,10,1,1,1,1
4,7,7,73,1.8,3,3,2,2,1,234.08,1,6,3,1,1,3,1,1,1,3,3
4,7,7,74,0.1,1,2,1,1,1,233.47,1,7,3,3,3,3,8,3,3,2,2
4,7,7,75,0.4,1,1,1,1,1,481.33,0,11,3,3,3,3,17,3,1,3,1
4,7,7,76,0.8,1,2,1,1,1,256.75,1,2,1,1,1,1,15,1,3,2,2
4,7,7,77,0.4,2,3,2,2,1,269.91,1,20,3,1,2,2,2,1,3,3,1
4,7,7,78,0.8,3,2,2,2,1,282.24,1,6,3,3,1,1,18,1,1,2,2
4,7,8,1,0.2,1,2,1,1,1,217.96,1,4,1,1,1,1,8,3,3,2,2
4,7,8,2,0.4,1,3,1,1,1,218.07,1,11,3,1,3,1,2,3,1,1,3
4,7,8,3,1.8,1,2,1,1,1,227.56,1,20,3,3,3,3,2,3,1,2,2
4,7,8,4,0.4,3,2,2,2,1,271.78,1,16,1,3,3,1,9,1,1,2,2
4,7,8,5,0.8,2,1,2,2,1,236.26,1,8,3,3,2,2,7,1,3,1,3
4,7,8,6,1.8,1,3,1,1,1,237.54,1,11,3,1,3,1,20,3,3,1,1
4,7,8,7,0.1,2,2,2,2,1,378.95,0,16,3,3,2,2,11,3,3,2,2
4,7,8,8,1.8,1,1,1,1,1,208.15,1,13,1,3,1,3,1,1,3,1,3
4,7,8,9,0.4,3,2,2,2,1,261.59,1,2,1,3,3,1,13,1,3,2,2
4,7,8,10,0.8,3,3,2,2,1,275.5,1,20,3,3,1,1,13,3,1,1,3
4,7,8,11,0.1,3,2,2,2,1,345.41,0,14,3,3,1,1,17,3,3,2,2
4,7,8,12,0.1,2,1,2,2,1,534.37,0,2,1,1,2,2,20,1,3,1,3
4,7,8,13,0.4,1,2,1,1,1,234.44,1,19,3,1,3,1,16,3,3,2,2
4,7,8,14,1.8,1,2,1,1,1,222.57,1,20,1,3,1,3,13,3,1,2,2
4,7,8,15,0.8,3,2,2,2,1,232.2,1,20,3,3,1,1,20,1,3,2,2
4,7,8,16,0.4,3,2,2,2,1,248.4,1,11,1,1,3,3,17,3,3,2,2
4,7,8,17,0.2,2,2,2,1,0,292.41,1,12,1,3,2,2,7,1,3,2,2
4,7,8,18,0.05,2,2,2,1,0,329.12,0,15,1,3,2,2,17,1,3,2,2
4,7,8,19,0.1,1,1,1,1,1,216.02,1,13,1,3,1,3,9,3,3,3,3
4,7,8,20,0.4,1,1,1,1,1,239.22,1,2,3,3,3,3,6,1,3,1,3
4,7,8,21,0.4,1,2,1,1,1,232.13,1,6,3,3,3,3,4,1,3,2,2
4,7,8,22,0.05,2,2,2,2,1,661.35,0,1,3,3,2,2,1,3,1,2,2
4,7,8,23,0.8,2,2,2,2,1,251.3,1,9,1,3,2,2,19,3,1,2,2
4,7,8,24,0.4,1,3,1,1,1,220.23,1,14,1,3,1,3,20,1,3,3,1
4,7,8,25,0.1,2,3,2,1,0,279.26,1,6,1,3,2,2,9,3,1,1,3
4,7,8,26,0.2,1,2,1,1,1,322.95,0,14,3,3,3,3,7,3,3,2,2
4,7,8,27,0.8,2,1,2,2,1,237.63,1,11,3,3,2,2,15,3,3,3,3
4,7,8,28,0.05,2,3,2,2,1,388.09,0,17,3,1,2,2,16,1,3,3,1
4,7,8,29,0.4,3,1,2,2,1,254.63,1,3,1,1,3,3,16,1,3,1,3
4,7,8,30,0.1,2,3,2,2,1,466.57,0,13,3,1,2,2,7,3,3,1,1
4,7,8,31,0.2,1,3,1,1,1,261.48,1,15,3,3,3,3,9,3,1,1,3
4,7,8,32,0.2,3,2,NaN,NaN,NaN,NaN,NaN,9,3,3,1,1,10,3,1,2,2
4,7,8,33,0.4,1,1,1,2,0,324.74,0,13,3,3,3,3,2,3,1,3,1
4,7,8,34,0.05,2,3,2,2,1,388.98,0,19,3,3,2,2,4,1,1,3,3
4,7,8,35,0.4,1,2,1,1,1,228.95,1,4,3,1,3,1,14,3,1,2,2
4,7,8,36,1.8,2,3,2,2,1,240.81,1,15,1,1,2,2,18,3,1,1,3
4,7,8,37,0.1,1,2,1,1,1,266.57,1,3,1,1,1,1,17,3,3,2,2
4,7,8,38,0.05,1,3,1,1,1,378.68,0,8,3,3,3,3,17,3,1,1,3
4,7,8,39,1.8,1,3,1,1,1,258.25,1,5,3,3,3,3,5,3,3,1,1
4,7,8,40,0.05,3,3,2,2,1,404.94,0,4,3,1,1,3,3,3,1,1,3
4,7,8,41,0.1,1,3,1,1,1,319.93,0,6,3,3,3,3,18,1,3,3,1
4,7,8,42,0.05,1,1,1,1,1,313.02,0,16,3,1,3,1,10,3,3,3,3
4,7,8,43,0.4,1,3,1,1,1,224.22,1,19,1,1,1,1,2,3,1,1,3
4,7,8,44,0.2,1,1,1,1,1,308.1,0,18,1,3,1,3,1,1,3,1,3
4,7,8,45,0.1,2,1,2,1,0,158.21,1,11,1,3,2,2,13,3,1,3,1
4,7,8,46,0.2,2,2,2,2,1,247.52,1,11,3,3,2,2,20,1,3,2,2
4,7,8,47,1.8,2,3,2,1,0,214.07,1,12,3,1,2,2,8,3,1,1,3
4,7,8,48,0.8,1,2,1,1,1,235.37,1,11,1,3,1,3,12,1,3,2,2
4,7,8,49,0.8,3,2,2,2,1,256.54,1,11,3,1,1,3,16,3,1,2,2
4,7,8,50,0.2,1,1,1,1,1,228.56,1,20,3,3,3,3,1,3,1,3,1
4,7,8,51,0.1,2,3,2,1,0,378.7,0,18,1,1,2,2,3,3,1,1,3
4,7,8,52,0.8,2,1,2,2,1,243.65,1,18,1,3,2,2,9,3,1,3,1
4,7,8,53,0.1,2,1,2,2,1,313.8,0,2,3,1,2,2,16,1,1,1,1
4,7,8,54,0.8,1,2,1,1,1,233.54,1,8,1,1,1,1,20,3,1,2,2
4,7,8,55,1.8,1,3,1,1,1,182.48,1,3,3,3,3,3,9,3,1,1,3
4,7,8,56,0.05,1,3,1,1,1,261.31,1,11,3,1,3,1,19,1,1,3,3
4,7,8,57,1.8,1,2,1,1,1,202.35,1,8,1,3,1,3,14,3,1,2,2
4,7,8,58,0.2,3,3,2,2,1,267.04,1,20,1,3,3,1,4,3,3,1,1
4,7,8,59,1.8,2,1,2,2,1,222.15,1,17,3,3,2,2,11,3,3,3,3
4,7,8,60,0.8,1,3,1,1,1,246.57,1,8,1,3,1,3,10,1,1,3,3
4,7,8,61,0.2,2,2,2,2,1,312.43,0,14,1,3,2,2,16,1,1,2,2
4,7,8,62,0.4,1,3,1,1,1,244.64,1,11,3,1,3,1,6,3,1,1,3
4,7,8,63,0.2,1,1,1,1,1,248.89,1,6,1,3,1,3,7,3,1,3,1
4,7,8,64,0.05,2,3,2,2,1,365.76,0,5,3,3,2,2,11,1,1,3,3
4,7,8,65,0.2,3,3,2,2,1,282.03,1,2,3,1,1,3,5,1,3,3,1
4,7,8,66,0.2,2,3,2,2,1,386.72,0,14,1,3,2,2,15,3,3,1,1
4,7,8,67,1.8,3,1,NaN,NaN,NaN,NaN,NaN,19,3,1,1,3,2,1,1,1,1
4,7,8,68,0.1,3,3,2,2,1,328.07,0,18,3,3,1,1,9,1,3,3,1
4,7,8,69,0.8,3,2,2,2,1,220.74,1,2,3,1,1,3,12,1,1,2,2
4,7,8,70,0.05,3,2,2,2,1,367.39,0,10,1,1,3,3,12,1,3,2,2
4,7,8,71,0.1,3,2,2,2,1,294.4,1,19,1,1,3,3,19,1,3,2,2
4,7,8,72,1.8,2,3,2,2,1,230.76,1,20,3,3,2,2,19,3,1,1,3
4,7,8,73,0.8,3,2,2,2,1,274.98,1,17,1,3,3,1,18,1,3,2,2
4,7,8,74,0.05,1,3,1,1,1,275.72,1,1,3,3,3,3,4,3,3,1,1
4,7,8,75,1.8,2,3,2,2,1,231.71,1,5,1,1,2,2,8,1,3,3,1
4,7,8,76,0.8,2,2,2,2,1,233.14,1,2,1,1,2,2,4,3,1,2,2
4,7,8,77,0.05,3,3,2,2,1,352.82,0,8,1,1,3,3,11,3,3,1,1
4,7,8,78,0.05,3,3,2,2,1,329.32,0,17,3,1,1,3,10,1,1,3,3
4,7,9,1,0.8,1,3,1,1,1,232.41,1,3,1,1,1,1,10,1,1,3,3
4,7,9,2,0.1,3,1,2,2,1,356.92,0,7,3,1,1,3,3,1,3,1,3
4,7,9,3,1.8,1,3,1,1,1,230.41,1,6,3,1,3,1,4,3,1,1,3
4,7,9,4,0.8,1,3,1,1,1,224.48,1,2,1,1,1,1,13,3,3,1,1
4,7,9,5,0.1,3,3,2,2,1,283,1,14,3,1,1,3,19,3,3,1,1
4,7,9,6,0.4,3,3,2,2,1,292.36,1,19,3,1,1,3,15,1,3,3,1
4,7,9,7,0.4,3,2,2,2,1,253.69,1,14,3,3,1,1,6,1,3,2,2
4,7,9,8,0.2,2,2,2,2,1,313.49,0,3,3,3,2,2,6,3,3,2,2
4,7,9,9,0.05,1,2,1,1,1,268.1,1,17,3,1,3,1,14,3,3,2,2
4,7,9,10,0.1,1,1,1,1,1,239.15,1,12,3,1,3,1,12,3,3,3,3
4,7,9,11,0.4,2,2,2,2,1,241.14,1,12,1,3,2,2,15,1,3,2,2
4,7,9,12,1.8,1,1,1,1,1,227.4,1,7,1,3,1,3,17,1,1,1,1
4,7,9,13,1.8,1,2,1,1,1,216.56,1,4,1,1,1,1,5,3,3,2,2
4,7,9,14,0.1,1,2,1,1,1,255.57,1,18,3,3,3,3,20,1,3,2,2
4,7,9,15,0.1,1,1,1,1,1,241.36,1,9,3,3,3,3,4,3,1,3,1
4,7,9,16,0.1,1,3,1,1,1,274.4,1,18,1,1,1,1,7,1,3,3,1
4,7,9,17,0.05,3,3,2,2,1,578.47,0,14,3,1,1,3,9,3,3,1,1
4,7,9,18,0.8,1,3,1,1,1,223.41,1,14,1,3,1,3,5,3,3,1,1
4,7,9,19,1.8,1,1,1,1,1,255.33,1,14,3,3,3,3,5,3,1,3,1
4,7,9,20,1.8,3,3,2,2,1,270.97,1,4,3,1,1,3,3,1,3,3,1
4,7,9,21,0.8,1,3,1,1,1,254.94,1,7,1,3,1,3,3,3,3,1,1
4,7,9,22,0.8,2,1,2,1,0,397.91,0,12,1,1,2,2,10,3,3,3,3
4,7,9,23,0.8,2,3,2,2,1,234.3,1,15,1,3,2,2,8,3,1,1,3
4,7,9,24,0.2,1,2,1,1,1,223.73,1,17,1,3,1,3,14,3,3,2,2
4,7,9,25,0.4,3,2,2,2,1,265.28,1,8,1,1,3,3,7,1,1,2,2
4,7,9,26,0.4,1,3,1,1,1,242.26,1,17,1,1,1,1,2,3,3,1,1
4,7,9,27,1.8,2,3,2,2,1,265.34,1,3,3,3,2,2,13,3,3,1,1
4,7,9,28,0.05,1,3,1,1,1,309.13,0,19,3,3,3,3,20,1,3,3,1
4,7,9,29,0.2,1,3,1,1,1,260.26,1,18,3,3,3,3,8,1,1,3,3
4,7,9,30,0.1,1,2,1,1,1,206.94,1,17,1,3,1,3,19,3,1,2,2
4,7,9,31,0.05,2,2,2,1,0,315.05,0,11,3,1,2,2,20,3,1,2,2
4,7,9,32,0.4,2,1,2,2,1,291.51,1,8,1,3,2,2,20,1,3,1,3
4,7,9,33,0.4,1,3,1,1,1,206.88,1,17,3,1,3,1,11,3,3,1,1
4,7,9,34,0.1,1,1,1,1,1,240.12,1,14,3,3,3,3,15,1,3,1,3
4,7,9,35,0.2,2,1,2,2,1,319.05,0,17,3,1,2,2,17,3,1,3,1
4,7,9,36,0.8,1,3,1,1,1,204.66,1,8,1,1,1,1,4,3,1,1,3
4,7,9,37,0.05,3,2,2,2,1,352.2,0,14,3,1,1,3,11,1,1,2,2
4,7,9,38,1.8,3,1,2,2,1,238.23,1,20,1,3,3,1,11,3,1,3,1
4,7,9,39,0.2,1,2,1,1,1,252.44,1,8,3,3,3,3,17,1,1,2,2
4,7,9,40,1.8,2,2,2,2,1,298.88,1,2,3,1,2,2,10,3,1,2,2
4,7,9,41,0.2,1,2,1,1,1,415.56,0,6,1,3,1,3,18,3,1,2,2
4,7,9,42,0.1,1,2,1,1,1,265.45,1,15,3,3,3,3,6,3,1,2,2
4,7,9,43,1.8,3,3,NaN,NaN,NaN,NaN,NaN,19,3,3,1,1,1,1,1,3,3
4,7,9,44,0.4,1,2,1,1,1,261.09,1,12,1,3,1,3,12,1,3,2,2
4,7,9,45,0.8,1,2,1,2,0,264,1,11,1,3,1,3,16,1,3,2,2
4,7,9,46,0.1,1,2,1,1,1,266.51,1,6,3,1,3,1,6,1,1,2,2
4,7,9,47,0.2,1,3,1,1,1,194.61,1,20,3,1,3,1,6,3,3,1,1
4,7,9,48,1.8,1,3,1,1,1,214.25,1,5,1,3,1,3,11,1,1,3,3
4,7,9,49,0.1,2,3,2,2,1,384.25,0,13,3,1,2,2,16,3,3,1,1
4,7,9,50,0.2,1,2,1,1,1,305.98,0,2,1,1,1,1,11,3,3,2,2
4,7,9,51,0.8,1,1,1,1,1,286.45,1,18,1,3,1,3,20,1,1,1,1
4,7,9,52,0.4,1,1,1,1,1,240.31,1,7,1,3,1,3,13,1,1,1,1
4,7,9,53,0.8,3,3,2,2,1,294.95,1,3,1,3,3,1,9,3,3,1,1
4,7,9,54,0.4,1,3,1,1,1,200.54,1,10,1,3,1,3,5,3,3,1,1
4,7,9,55,0.05,3,2,2,1,0,342.16,0,12,3,3,1,1,6,3,3,2,2
4,7,9,56,0.4,1,2,1,1,1,203.84,1,19,3,1,3,1,3,1,3,2,2
4,7,9,57,0.2,1,3,1,1,1,258.82,1,1,3,3,3,3,15,1,3,3,1
4,7,9,58,0.05,2,3,2,2,1,425.07,0,8,1,3,2,2,1,3,1,1,3
4,7,9,59,0.1,1,3,1,1,1,284.89,1,11,3,1,3,1,12,1,1,3,3
4,7,9,60,0.2,2,1,2,1,0,274.4,1,20,1,3,2,2,15,1,1,1,1
4,7,9,61,0.8,1,3,1,1,1,215.83,1,16,1,3,1,3,8,3,1,1,3
4,7,9,62,0.05,1,3,1,1,1,296.87,1,20,3,3,3,3,17,3,3,1,1
4,7,9,63,0.2,1,1,1,1,1,237.14,1,19,3,3,3,3,13,1,1,1,1
4,7,9,64,1.8,2,2,2,2,1,262.25,1,13,3,3,2,2,3,1,1,2,2
4,7,9,65,0.05,3,2,2,2,1,357.05,0,19,3,3,1,1,2,1,1,2,2
4,7,9,66,0.4,1,1,1,1,1,268.71,1,16,1,1,1,1,13,3,3,3,3
4,7,9,67,1.8,1,2,1,1,1,196.55,1,19,3,1,3,1,10,1,3,2,2
4,7,9,68,0.1,1,2,1,2,0,334.3,0,1,3,1,3,1,10,1,3,2,2
4,7,9,69,0.2,3,3,2,2,1,333.27,0,7,3,3,1,1,19,1,1,3,3
4,7,9,70,0.2,3,1,2,2,1,239.54,1,13,1,1,3,3,14,1,3,1,3
4,7,9,71,0.05,1,3,1,1,1,287.8,1,18,1,1,1,1,15,1,1,3,3
4,7,9,72,0.4,1,3,1,1,1,218.02,1,18,1,1,1,1,10,3,3,1,1
4,7,9,73,0.05,1,2,1,1,1,283.04,1,14,1,3,1,3,8,3,1,2,2
4,7,9,74,1.8,3,1,2,2,1,235.42,1,20,3,1,1,3,16,3,1,3,1
4,7,9,75,0.8,3,3,2,2,1,256.34,1,6,3,1,1,3,18,3,1,1,3
4,7,9,76,0.05,3,2,2,2,1,387.73,0,19,1,3,3,1,10,3,1,2,2
4,7,9,77,0.8,1,1,1,1,1,270.33,1,7,3,1,3,1,5,1,3,1,3
4,7,9,78,0.05,1,3,1,1,1,327.42,0,12,3,3,3,3,20,3,1,1,3
4,7,10,1,1.8,1,1,1,1,1,216.25,1,18,1,1,1,1,11,1,3,1,3
4,7,10,2,1.8,2,2,2,2,1,233.39,1,14,1,3,2,2,14,1,3,2,2
4,7,10,3,0.4,1,1,1,1,1,209.17,1,2,1,3,1,3,12,3,3,3,3
4,7,10,4,0.8,3,2,2,2,1,232.24,1,2,1,1,3,3,15,3,1,2,2
4,7,10,5,0.05,3,1,2,2,1,373.94,0,2,1,3,3,1,15,1,3,1,3
4,7,10,6,0.2,1,1,1,1,1,217.32,1,6,1,3,1,3,14,3,1,3,1
4,7,10,7,0.2,3,3,2,2,1,240.87,1,13,3,1,1,3,20,1,3,3,1
4,7,10,8,0.2,1,1,1,1,1,258.95,1,20,3,3,3,3,10,3,3,3,3
4,7,10,9,0.2,1,3,1,1,1,256.12,1,15,3,3,3,3,8,1,1,3,3
4,7,10,10,0.1,3,3,2,2,1,329.61,0,8,3,1,1,3,1,1,1,3,3
4,7,10,11,0.8,1,2,1,1,1,241.4,1,6,3,1,3,1,16,1,1,2,2
4,7,10,12,0.1,3,1,2,2,1,396.83,0,12,3,3,1,1,8,1,1,1,1
4,7,10,13,0.2,1,3,1,1,1,296.97,1,12,1,1,1,1,11,3,1,1,3
4,7,10,14,0.4,3,3,2,2,1,303.09,0,17,1,3,3,1,12,1,1,3,3
4,7,10,15,0.8,2,3,2,1,0,237.9,1,12,3,3,2,2,15,1,3,3,1
4,7,10,16,0.4,3,3,2,2,1,305.77,0,11,1,3,3,1,16,3,3,1,1
4,7,10,17,0.05,3,2,2,2,1,440.18,0,15,1,3,3,1,9,3,3,2,2
4,7,10,18,0.8,1,1,1,1,1,212.17,1,14,3,3,3,3,3,1,3,1,3
4,7,10,19,0.2,1,3,1,1,1,304.27,0,20,1,3,1,3,9,1,1,3,3
4,7,10,20,0.8,3,1,2,2,1,256.61,1,8,3,1,1,3,10,1,3,1,3
4,7,10,21,0.05,1,2,1,1,1,268.21,1,16,3,3,3,3,18,3,1,2,2
4,7,10,22,0.4,3,2,2,2,1,240.36,1,3,1,1,3,3,14,3,3,2,2
4,7,10,23,1.8,1,3,1,1,1,244.89,1,5,3,3,3,3,19,1,3,3,1
4,7,10,24,0.05,1,3,1,1,1,323.66,0,9,3,1,3,1,16,1,3,3,1
4,7,10,25,0.2,3,3,2,2,1,227.53,1,16,3,1,1,3,18,3,3,1,1
4,7,10,26,1.8,1,2,NaN,NaN,NaN,NaN,NaN,3,1,3,1,3,1,1,1,2,2
4,7,10,27,0.1,1,3,1,1,1,315.52,0,17,1,1,1,1,13,3,3,1,1
4,7,10,28,0.05,3,2,2,2,1,497.78,0,12,1,1,3,3,9,3,1,2,2
4,7,10,29,1.8,1,1,1,1,1,246.31,1,9,3,1,3,1,11,1,3,1,3
4,7,10,30,0.05,2,2,2,2,1,442.63,0,15,1,3,2,2,15,3,1,2,2
4,7,10,31,0.4,1,3,1,1,1,230.01,1,17,1,1,1,1,13,3,3,1,1
4,7,10,32,0.1,2,1,2,2,1,349.46,0,16,1,1,2,2,16,3,3,3,3
4,7,10,33,1.8,2,3,2,2,1,264.65,1,19,1,1,2,2,9,1,3,3,1
4,7,10,34,0.8,1,3,1,1,1,232.38,1,14,3,1,3,1,4,3,1,1,3
4,7,10,35,0.8,1,2,1,1,1,257.41,1,19,1,3,1,3,16,3,1,2,2
4,7,10,36,1.8,2,2,2,2,1,286.85,1,3,1,1,2,2,13,1,3,2,2
4,7,10,37,0.1,1,3,1,1,1,266.94,1,11,1,3,1,3,19,3,1,1,3
4,7,10,38,0.2,2,3,2,2,1,292.26,1,2,3,1,2,2,2,3,1,1,3
4,7,10,39,0.8,1,1,1,1,1,268.26,1,1,3,1,3,1,14,3,1,3,1
4,7,10,40,0.1,3,1,2,2,1,437.47,0,12,1,1,3,3,16,3,3,3,3
4,7,10,41,0.1,1,3,1,1,1,252.26,1,8,1,3,1,3,8,1,1,3,3
4,7,10,42,0.2,1,2,1,1,1,240.75,1,2,3,3,3,3,12,3,1,2,2
4,7,10,43,0.05,1,1,1,1,1,280.42,1,13,1,3,1,3,8,3,3,3,3
4,7,10,44,0.2,2,2,2,2,1,260.83,1,3,1,3,2,2,10,3,1,2,2
4,7,10,45,0.05,3,1,2,2,1,315.42,0,4,1,3,3,1,2,1,3,1,3
4,7,10,46,0.05,1,3,1,2,0,318.9,0,20,1,3,1,3,7,3,3,1,1
4,7,10,47,0.4,3,3,2,2,1,224.34,1,3,3,1,1,3,16,3,1,1,3
4,7,10,48,1.8,2,1,2,2,1,235.87,1,7,3,1,2,2,3,1,1,1,1
4,7,10,49,0.4,2,1,2,2,1,253.42,1,20,1,1,2,2,2,3,3,3,3
4,7,10,50,0.8,3,1,2,2,1,256.3,1,5,1,3,3,1,7,1,3,1,3
4,7,10,51,0.1,1,2,1,1,1,257.85,1,18,1,1,1,1,19,3,3,2,2
4,7,10,52,0.4,3,1,2,2,1,257.3,1,16,1,1,3,3,20,1,3,1,3
4,7,10,53,0.2,2,3,2,2,1,252.73,1,18,1,3,2,2,16,1,1,3,3
4,7,10,54,1.8,2,3,2,2,1,260.59,1,6,3,1,2,2,6,1,3,3,1
4,7,10,55,0.05,3,3,2,2,1,418.62,0,2,1,3,3,1,17,1,3,3,1
4,7,10,56,1.8,1,2,1,1,1,251.15,1,6,1,1,1,1,14,1,1,2,2
4,7,10,57,0.1,1,1,1,1,1,292.55,1,3,3,1,3,1,13,1,1,1,1
4,7,10,58,0.05,3,3,2,2,1,341.51,0,15,1,3,3,1,4,3,1,1,3
4,7,10,59,1.8,1,3,1,1,1,243.14,1,7,1,3,1,3,11,1,1,3,3
4,7,10,60,0.2,1,1,1,1,1,284.71,1,1,1,3,1,3,20,1,1,1,1
4,7,10,61,0.8,2,1,2,2,1,291.76,1,2,3,3,2,2,6,3,1,3,1
4,7,10,62,0.8,1,3,1,1,1,245.98,1,3,1,3,1,3,20,1,3,3,1
4,7,10,63,0.4,1,3,1,1,1,215.67,1,5,1,1,1,1,13,1,3,3,1
4,7,10,64,0.4,2,1,2,2,1,305.59,0,16,3,1,2,2,14,3,1,3,1
4,7,10,65,0.1,1,1,1,1,1,226.6,1,14,3,1,3,1,9,1,1,1,1
4,7,10,66,0.4,1,3,1,1,1,225.44,1,14,1,3,1,3,9,3,3,1,1
4,7,10,67,0.05,1,1,1,1,1,323.77,0,17,1,3,1,3,13,1,1,1,1
4,7,10,68,0.1,1,3,1,1,1,263.51,1,8,1,1,1,1,4,1,3,3,1
4,7,10,69,0.2,1,3,1,1,1,218.31,1,5,3,1,3,1,10,3,3,1,1
4,7,10,70,0.4,1,2,1,1,1,225.98,1,5,1,1,1,1,9,3,3,2,2
4,7,10,71,0.05,1,1,1,1,1,350.93,0,17,3,3,3,3,8,1,1,1,1
4,7,10,72,0.1,1,3,1,1,1,371.68,0,16,3,1,3,1,9,1,3,3,1
4,7,10,73,0.4,1,2,1,1,1,219.56,1,14,3,1,3,1,12,3,1,2,2
4,7,10,74,0.1,3,3,2,2,1,316.84,0,3,1,1,3,3,9,3,1,1,3
4,7,10,75,0.8,1,3,1,1,1,222.76,1,14,1,1,1,1,13,1,3,3,1
4,7,10,76,0.8,3,3,NaN,NaN,NaN,NaN,NaN,11,3,3,1,1,5,1,1,3,3
4,7,10,77,1.8,3,2,2,2,1,224,1,7,3,3,1,1,18,1,1,2,2
4,7,10,78,1.8,3,1,2,2,1,245.09,1,4,3,1,1,3,8,3,3,3,3
