2,4,1,1,0.4,1,2,1,1,1,208.84,1,5,3,3,3,3,8,1,3,2,2
2,4,1,2,1.8,1,1,1,1,1,193.23,1,5,3,3,3,3,5,3,3,3,3
2,4,1,3,0.1,1,3,1,2,0,460.93,0,17,3,1,3,1,17,1,1,3,3
2,4,1,4,0.2,1,3,1,2,0,279.73,1,19,3,1,3,1,3,3,1,1,3
2,4,1,5,0.8,1,2,1,1,1,186.5,1,2,3,3,3,3,2,3,1,2,2
2,4,1,6,0.4,1,2,1,1,1,175.1,1,8,3,1,3,1,10,1,1,2,2
2,4,1,7,0.1,1,2,1,1,1,194.44,1,6,3,3,3,3,9,1,1,2,2
2,4,1,8,0.4,1,3,1,2,0,189.1,1,9,3,1,3,1,13,1,3,3,1
2,4,1,9,0.1,1,2,1,1,1,188.4,1,20,1,1,1,1,4,3,3,2,2
2,4,1,10,0.4,1,3,1,2,0,231.07,1,8,3,1,3,1,14,3,3,1,1
2,4,1,11,0.1,3,3,2,2,1,236.28,1,13,3,3,1,1,18,1,3,3,1
2,4,1,12,0.4,3,3,NaN,NaN,NaN,NaN,NaN,9,3,1,1,3,9,1,1,3,3
2,4,1,13,0.2,3,2,2,2,1,214.04,1,15,1,1,3,3,5,1,1,2,2
2,4,1,14,0.05,3,1,2,2,1,272.82,1,4,3,1,1,3,20,3,3,3,3
2,4,1,15,0.4,1,1,1,1,1,208.43,1,5,3,3,3,3,14,3,1,3,1
2,4,1,16,0.05,1,1,1,1,1,282.82,1,6,1,1,1,1,15,1,1,1,1
2,4,1,17,0.4,2,3,2,2,1,226.5,1,15,1,1,2,2,16,3,3,1,1
2,4,1,18,1.8,3,2,2,2,1,201.63,1,6,3,1,1,3,6,1,1,2,2
2,4,1,19,0.8,2,3,2,1,0,204.84,1,10,3,3,2,2,17,1,3,3,1
2,4,1,20,0.8,2,3,2,2,1,210.42,1,10,3,1,2,2,15,1,3,3,1
2,4,1,21,0.4,1,2,1,1,1,205.86,1,11,3,3,3,3,16,3,3,2,2
2,4,1,22,0.4,1,2,1,2,0,262.08,1,11,3,1,3,1,1,1,3,2,2
2,4,1,23,0.1,2,3,2,1,0,296.59,1,4,3,3,2,2,10,3,1,1,3
2,4,1,24,0.05,3,2,2,2,1,294.19,1,16,3,3,1,1,5,1,3,2,2
2,4,1,25,1.8,3,3,2,2,1,194.62,1,1,3,1,1,3,11,1,1,3,3
2,4,1,26,0.2,1,2,1,1,1,263.96,1,5,3,3,3,3,3,1,3,2,2
2,4,1,27,1.8,1,3,1,2,0,183.25,1,7,1,3,1,3,11,3,1,1,3
2,4,1,28,0.05,1,1,1,1,1,253.06,1,1,1,1,1,1,10,1,3,1,3
2,4,1,29,0.8,2,3,2,1,0,206.01,1,3,1,3,2,2,15,3,1,1,3
2,4,1,30,0.1,2,1,2,2,1,288.57,1,8,1,3,2,2,3,1,1,1,1
2,4,1,31,0.8,1,1,1,1,1,211.57,1,11,1,1,1,1,6,1,1,1,1
2,4,1,32,1.8,1,2,1,1,1,194.3,1,3,3,1,3,1,3,3,1,2,2
2,4,1,33,0.8,2,2,2,1,0,208.18,1,9,3,3,2,2,19,3,1,2,2
2,4,1,34,0.2,1,2,1,2,0,347.54,0,11,1,3,1,3,4,3,3,2,2
2,4,1,35,0.2,3,1,2,2,1,258.69,1,4,3,3,1,1,7,3,1,3,1
2,4,1,36,0.1,3,3,2,2,1,276.75,1,20,3,1,1,3,6,1,1,3,3
2,4,1,37,0.8,1,3,1,2,0,220.14,1,14,3,3,3,3,7,1,1,3,3
2,4,1,38,0.05,1,3,1,1,1,269.53,1,16,3,1,3,1,20,3,1,1,3
2,4,1,39,0.05,1,3,1,1,1,256.71,1,19,3,1,3,1,3,3,1,1,3
2,4,1,40,0.2,3,2,2,2,1,231.47,1,3,1,3,3,1,9,1,3,2,2
2,4,1,41,0.1,2,1,2,1,0,240.75,1,10,1,1,2,2,14,1,3,1,3
2,4,1,42,0.2,1,3,1,1,1,249.31,1,12,1,1,1,1,18,3,3,1,1
2,4,1,43,1.8,2,3,2,2,1,193.39,1,4,1,3,2,2,7,1,1,3,3
2,4,1,44,1.8,2,2,2,1,0,177.83,1,2,3,1,2,2,8,3,1,2,2
2,4,1,45,0.1,1,2,1,1,1,268.88,1,13,1,1,1,1,17,1,3,2,2
2,4,1,46,1.8,1,2,1,1,1,188.05,1,11,1,1,1,1,20,3,1,2,2
2,4,1,47,0.8,3,3,2,2,1,195.23,1,8,3,1,1,3,2,3,1,1,3
2,4,1,48,0.2,2,2,2,1,0,263.8,1,13,1,3,2,2,8,3,3,2,2
2,4,1,49,1.8,1,1,1,1,1,198.08,1,15,1,3,1,3,20,1,3,1,3
2,4,1,50,0.05,1,1,1,1,1,277.98,1,11,1,1,1,1,12,1,1,1,1
2,4,1,51,0.8,2,2,2,1,0,234.42,1,10,3,1,2,2,18,1,1,2,2
2,4,1,52,0.8,3,1,2,2,1,213.26,1,17,3,1,1,3,9,1,3,1,3
2,4,1,53,0.4,3,3,2,2,1,262.37,1,7,1,3,3,1,15,1,3,3,1
2,4,1,54,0.1,1,1,1,1,1,317.07,0,4,1,3,1,3,11,3,3,3,3
2,4,1,55,0.2,1,3,1,1,1,311.47,0,17,1,1,1,1,2,1,3,3,1
2,4,1,56,0.05,2,1,2,2,1,270.87,1,7,1,3,2,2,7,1,1,1,1
2,4,1,57,0.1,2,1,2,2,1,300.16,0,3,3,3,2,2,19,1,3,1,3
2,4,1,58,0.4,3,2,2,2,1,195.62,1,16,3,1,1,3,6,3,3,2,2
2,4,1,59,0.2,2,3,2,2,1,255.43,1,18,3,3,2,2,1,3,1,1,3
2,4,1,60,0.05,3,1,2,2,1,322.96,0,14,3,3,1,1,14,3,3,3,3
2,4,1,61,0.4,1,1,1,1,1,193.94,1,17,1,3,1,3,16,3,1,3,1
2,4,1,62,0.1,1,1,1,1,1,308.27,0,8,3,3,3,3,14,3,3,3,3
2,4,1,63,0.2,2,3,2,1,0,292.08,1,20,1,3,2,2,12,1,1,3,3
2,4,1,64,0.4,1,2,1,1,1,210.85,1,5,3,3,3,3,6,3,1,2,2
2,4,1,65,0.2,1,3,1,1,1,260,1,18,3,3,3,3,4,1,1,3,3
2,4,1,66,0.05,1,1,1,2,0,330.32,0,13,3,1,3,1,5,3,3,3,3
2,4,1,67,0.2,1,3,1,1,1,196.25,1,5,3,3,3,3,16,1,3,3,1
2,4,1,68,0.8,1,1,1,1,1,197.68,1,4,1,3,1,3,6,1,1,1,1
2,4,1,69,0.05,3,1,2,2,1,549.56,0,20,1,3,3,1,1,3,1,3,1
2,4,1,70,1.8,3,1,2,2,1,181.32,1,17,3,1,1,3,3,1,1,1,1
2,4,1,71,0.05,1,1,1,1,1,259.59,1,11,3,3,3,3,16,1,3,1,3
2,4,1,72,0.8,1,3,1,1,1,250.48,1,11,1,3,1,3,11,3,1,1,3
2,4,1,73,0.1,1,3,1,1,1,248.06,1,2,1,3,1,3,18,3,3,1,1
2,4,1,74,0.05,1,1,1,1,1,266.53,1,17,1,3,1,3,8,1,1,1,1
2,4,1,75,0.8,2,1,2,1,0,201.58,1,4,3,3,2,2,12,3,3,3,3
2,4,1,76,1.8,1,3,1,1,1,173.68,1,12,3,1,3,1,3,1,1,3,3
2,4,1,77,1.8,1,2,1,1,1,202.19,1,19,1,3,1,3,12,1,3,2,2
2,4,1,78,1.8,1,1,1,1,1,203.86,1,17,3,1,3,1,5,1,3,1,3
2,4,2,1,0.2,3,3,2,2,1,224.95,1,15,1,1,3,3,13,1,3,3,1
2,4,2,2,1.8,1,3,1,1,1,175.98,1,14,3,1,3,1,6,3,1,1,3
2,4,2,3,0.4,1,2,1,1,1,238.64,1,10,1,1,1,1,13,3,3,2,2
2,4,2,4,0.8,1,1,1,1,1,202.28,1,1,3,3,3,3,16,1,1,1,1
2,4,2,5,0.4,1,2,1,1,1,195.85,1,1,3,1,3,1,7,1,1,2,2
2,4,2,6,0.2,3,2,2,2,1,209.07,1,1,1,3,3,1,20,3,1,2,2
2,4,2,7,0.05,1,2,1,1,1,257.92,1,4,3,1,3,1,2,3,3,2,2
2,4,2,8,0.05,3,1,2,2,1,305.59,0,19,3,3,1,1,11,1,1,1,1
2,4,2,9,0.2,2,2,2,2,1,242.88,1,20,3,3,2,2,5,3,1,2,2
2,4,2,10,0.1,3,1,2,2,1,255.83,1,14,1,1,3,3,16,3,3,3,3
2,4,2,11,1.8,1,1,1,1,1,199.17,1,14,3,1,3,1,8,1,1,1,1
2,4,2,12,0.4,3,3,2,2,1,186.87,1,11,1,3,3,1,3,1,3,3,1
2,4,2,13,0.4,1,3,1,1,1,197.11,1,19,3,3,3,3,16,1,3,3,1
2,4,2,14,0.05,2,2,2,1,0,339.36,0,10,1,1,2,2,14,3,3,2,2
2,4,2,15,0.8,2,3,2,1,0,189.56,1,9,1,3,2,2,1,1,1,3,3
2,4,2,16,1.8,2,1,2,1,0,195.69,1,9,3,1,2,2,19,1,1,1,1
2,4,2,17,0.1,3,1,2,2,1,260.97,1,5,1,3,3,1,14,1,3,1,3
2,4,2,18,0.8,2,2,2,1,0,239.52,1,20,1,1,2,2,8,1,1,2,2
2,4,2,19,0.4,1,1,1,1,1,188.83,1,12,3,1,3,1,16,1,1,1,1
2,4,2,20,0.8,1,3,1,1,1,184.04,1,5,1,3,1,3,7,1,3,3,1
2,4,2,21,0.2,2,3,2,1,0,252.84,1,5,1,1,2,2,8,1,3,3,1
2,4,2,22,0.4,2,3,2,1,0,282.72,1,10,3,3,2,2,15,1,3,3,1
2,4,2,23,0.2,3,1,2,1,0,250.62,1,1,3,1,1,3,3,3,3,3,3
2,4,2,24,0.8,1,1,1,1,1,218.61,1,15,3,3,3,3,12,3,3,3,3
2,4,2,25,1.8,1,2,1,2,0,178.26,1,6,1,3,1,3,3,3,1,2,2
2,4,2,26,0.1,1,1,1,1,1,257.66,1,8,3,3,3,3,14,1,1,1,1
2,4,2,27,0.2,2,2,2,2,1,365.77,0,16,3,3,2,2,13,3,1,2,2
2,4,2,28,0.2,2,3,2,1,0,280.11,1,2,1,1,2,2,13,1,1,3,3
2,4,2,29,0.8,3,3,2,2,1,200.33,1,12,1,1,3,3,17,1,1,3,3
2,4,2,30,0.4,1,2,1,1,1,228.33,1,3,3,3,3,3,3,3,1,2,2
2,4,2,31,0.1,1,2,1,2,0,280.79,1,6,1,1,1,1,8,1,3,2,2
2,4,2,32,0.4,3,2,2,2,1,360.29,0,2,1,1,3,3,11,1,3,2,2
2,4,2,33,1.8,3,1,2,2,1,184.94,1,8,1,3,3,1,7,3,3,3,3
2,4,2,34,0.2,1,1,1,1,1,193.16,1,9,3,3,3,3,1,1,1,1,1
2,4,2,35,1.8,3,2,2,2,1,178.68,1,7,1,1,3,3,1,3,3,2,2
2,4,2,36,0.1,1,3,1,2,0,327.85,0,9,1,1,1,1,16,1,3,3,1
2,4,2,37,0.8,3,3,2,2,1,217.44,1,20,3,3,1,1,11,3,3,1,1
2,4,2,38,0.1,3,3,2,2,1,255.79,1,14,3,1,1,3,6,1,3,3,1
2,4,2,39,0.1,1,3,1,2,0,352.56,0,6,1,1,1,1,7,1,1,3,3
2,4,2,40,0.2,1,2,1,1,1,199.75,1,3,3,1,3,1,4,3,1,2,2
2,4,2,41,0.2,2,3,2,2,1,292.35,1,18,3,1,2,2,9,1,3,3,1
2,4,2,42,0.1,1,1,1,2,0,238.61,1,20,1,3,1,3,14,3,1,3,1
2,4,2,43,0.05,3,2,2,2,1,255,1,8,3,1,1,3,5,1,3,2,2
2,4,2,44,1.8,1,1,1,1,1,220.76,1,6,1,3,1,3,19,3,1,3,1
2,4,2,45,0.05,1,2,1,1,1,326.62,0,15,3,1,3,1,10,3,3,2,2
2,4,2,46,0.1,2,2,2,2,1,228.31,1,6,1,1,2,2,8,3,3,2,2
2,4,2,47,0.8,3,1,2,2,1,197.17,1,13,1,3,3,1,18,3,1,3,1
2,4,2,48,0.05,1,1,1,2,0,294.62,1,18,1,3,1,3,13,3,1,3,1
2,4,2,49,0.1,1,3,1,1,1,286,1,5,3,1,3,1,13,1,3,3,1
2,4,2,50,1.8,1,3,1,1,1,186.88,1,4,1,3,1,3,7,3,3,1,1
2,4,2,51,0.4,1,3,1,1,1,196.86,1,8,3,3,3,3,7,1,1,3,3
2,4,2,52,0.05,1,3,1,1,1,303.48,0,6,3,3,3,3,10,1,1,3,3
2,4,2,53,1.8,3,2,2,2,1,173.97,1,7,3,1,1,3,8,3,1,2,2
2,4,2,54,0.8,2,1,2,1,0,200.77,1,20,1,3,2,2,16,1,1,1,1
2,4,2,55,0.2,2,1,2,1,0,319.65,0,18,3,1,2,2,8,1,1,1,1
2,4,2,56,0.8,1,3,1,1,1,192.31,1,15,1,3,1,3,15,1,3,3,1
2,4,2,57,0.05,2,3,2,2,1,262.01,1,13,1,1,2,2,2,3,3,1,1
2,4,2,58,0.05,1,3,1,1,1,278.63,1,4,3,1,3,1,18,3,1,1,3
2,4,2,59,0.4,1,2,1,1,1,259.61,1,5,1,3,1,3,4,1,1,2,2
2,4,2,60,1.8,2,1,2,2,1,175.21,1,6,1,1,2,2,16,1,3,1,3
2,4,2,61,0.05,3,2,2,2,1,325.01,0,20,1,1,3,3,7,1,3,2,2
2,4,2,62,0.8,3,2,2,2,1,207.08,1,4,3,1,1,3,3,3,3,2,2
2,4,2,63,0.8,3,1,2,2,1,193.72,1,18,1,1,3,3,15,1,3,1,3
2,4,2,64,0.2,1,2,1,1,1,213.12,1,17,3,1,3,1,15,3,1,2,2
2,4,2,65,0.05,2,1,2,1,0,347.79,0,5,1,1,2,2,16,1,1,1,1
2,4,2,66,0.05,3,1,2,2,1,315.32,0,15,3,1,1,3,17,1,3,1,3
2,4,2,67,0.4,2,3,2,1,0,202.13,1,10,3,1,2,2,10,3,3,1,1
2,4,2,68,1.8,3,3,2,2,1,176.34,1,7,1,3,3,1,2,3,1,1,3
2,4,2,69,0.2,1,1,1,1,1,245.66,1,16,3,1,3,1,7,1,3,1,3
2,4,2,70,0.05,3,3,2,1,0,328.8,0,16,3,3,1,1,10,3,1,1,3
2,4,2,71,0.1,3,1,2,2,1,257.59,1,14,1,3,3,1,3,3,1,3,1
2,4,2,72,0.1,3,3,2,2,1,234.08,1,1,1,3,3,1,8,1,1,3,3
2,4,2,73,1.8,2,3,2,1,0,162.71,1,20,1,3,2,2,20,3,1,1,3
2,4,2,74,0.8,1,1,1,1,1,240.38,1,16,3,1,3,1,7,1,1,1,1
2,4,2,75,0.1,1,2,1,1,1,261.81,1,20,1,1,1,1,9,3,1,2,2
2,4,2,76,1.8,3,2,2,2,1,173.7,1,10,3,3,1,1,4,1,1,2,2
2,4,2,77,0.4,2,3,2,1,0,209.28,1,11,3,1,2,2,17,1,1,3,3
2,4,2,78,0.4,1,2,1,1,1,216.01,1,13,3,1,3,1,10,1,1,2,2
2,4,3,1,0.1,2,1,2,1,0,270.5,1,18,1,1,2,2,8,1,1,1,1
2,4,3,2,0.1,1,3,1,2,0,316.39,0,4,1,3,1,3,19,3,1,1,3
2,4,3,3,0.2,3,1,2,2,1,183.23,1,15,3,1,1,3,4,1,3,1,3
2,4,3,4,1.8,2,2,2,1,0,186.25,1,8,3,3,2,2,17,3,3,2,2
2,4,3,5,0.05,1,3,1,2,0,282.28,1,18,1,3,1,3,19,3,1,1,3
2,4,3,6,1.8,2,3,2,2,1,183.47,1,17,1,3,2,2,9,3,1,1,3
2,4,3,7,0.1,2,2,2,2,1,381.22,0,5,3,3,2,2,20,3,1,2,2
2,4,3,8,0.2,1,1,1,1,1,214.99,1,16,3,3,3,3,4,1,3,1,3
2,4,3,9,0.05,2,3,2,2,1,351.71,0,17,3,1,2,2,13,1,1,3,3
2,4,3,10,0.2,2,3,2,2,1,311.12,0,18,3,3,2,2,13,3,1,1,3
2,4,3,11,1.8,3,1,2,2,1,172.94,1,14,1,3,3,1,8,3,3,3,3
2,4,3,12,0.4,1,1,1,1,1,187.26,1,6,1,3,1,3,7,3,3,3,3
2,4,3,13,0.4,1,3,1,1,1,235.92,1,8,3,1,3,1,16,1,3,3,1
2,4,3,14,0.05,1,1,1,2,0,328.51,0,2,3,3,3,3,18,3,3,3,3
2,4,3,15,0.8,3,2,2,2,1,183.34,1,10,1,3,3,1,10,1,3,2,2
2,4,3,16,0.05,3,2,2,2,1,269.75,1,11,1,3,3,1,2,1,1,2,2
2,4,3,17,1.8,1,1,1,1,1,183.8,1,12,1,3,1,3,11,1,3,1,3
2,4,3,18,0.05,2,2,2,1,0,279.71,1,12,1,1,2,2,6,1,1,2,2
2,4,3,19,0.4,3,3,2,2,1,227.36,1,18,3,1,1,3,19,1,1,3,3
2,4,3,20,0.8,2,1,2,2,1,185.41,1,3,3,3,2,2,20,1,3,1,3
2,4,3,21,0.05,1,2,1,2,0,301.05,0,6,1,3,1,3,3,3,3,2,2
2,4,3,22,0.4,3,3,2,2,1,238.71,1,14,1,3,3,1,9,3,1,1,3
2,4,3,23,1.8,3,2,NaN,NaN,NaN,NaN,NaN,7,3,1,1,3,14,1,3,2,2
2,4,3,24,0.8,1,1,1,1,1,232.31,1,11,1,1,1,1,15,1,1,1,1
2,4,3,25,0.1,1,2,1,1,1,249.31,1,18,1,3,1,3,13,1,3,2,2
2,4,3,26,0.4,3,2,2,2,1,195.01,1,8,3,3,1,1,19,1,1,2,2
2,4,3,27,0.05,1,1,1,1,1,267.77,1,1,1,1,1,1,9,1,3,1,3
2,4,3,28,0.8,3,2,2,2,1,168.62,1,19,3,3,1,1,16,3,3,2,2
2,4,3,29,0.2,1,1,1,1,1,249.63,1,15,3,1,3,1,16,3,3,3,3
2,4,3,30,0.2,1,1,1,1,1,252.07,1,14,3,3,3,3,7,1,1,1,1
2,4,3,31,1.8,1,3,1,1,1,189.77,1,2,3,1,3,1,18,1,3,3,1
2,4,3,32,0.2,2,3,2,2,1,250.37,1,9,3,1,2,2,3,3,1,1,3
2,4,3,33,0.8,1,2,1,1,1,183.98,1,4,3,3,3,3,6,3,3,2,2
2,4,3,34,0.1,1,3,1,1,1,270.68,1,1,1,1,1,1,10,1,3,3,1
2,4,3,35,0.4,2,2,2,1,0,197.47,1,19,3,1,2,2,11,3,3,2,2
2,4,3,36,0.1,2,2,2,1,0,263.04,1,5,3,3,2,2,17,3,1,2,2
2,4,3,37,0.1,3,2,2,2,1,280.26,1,13,1,1,3,3,4,3,1,2,2
2,4,3,38,0.1,3,3,2,2,1,286.31,1,19,3,3,1,1,14,3,1,1,3
2,4,3,39,0.05,1,1,1,1,1,271.01,1,18,3,1,3,1,17,3,3,3,3
2,4,3,40,1.8,3,3,2,2,1,178.14,1,14,3,3,1,1,4,3,1,1,3
2,4,3,41,0.05,1,2,1,1,1,330.02,0,18,1,1,1,1,5,1,3,2,2
2,4,3,42,0.1,2,2,2,2,1,323.69,0,19,1,3,2,2,19,3,1,2,2
2,4,3,43,0.4,1,1,1,1,1,197.98,1,18,3,3,3,3,17,3,1,3,1
2,4,3,44,0.8,1,2,1,1,1,195.04,1,4,3,1,3,1,3,3,3,2,2
2,4,3,45,0.4,2,3,2,1,0,213.4,1,17,3,3,2,2,13,3,1,1,3
2,4,3,46,0.05,3,3,2,2,1,333.54,0,5,1,3,3,1,1,1,3,3,1
2,4,3,47,0.8,3,1,2,2,1,202.33,1,1,1,1,3,3,5,3,3,3,3
2,4,3,48,0.4,3,2,2,2,1,261.82,1,16,1,1,3,3,12,1,3,2,2
2,4,3,49,0.2,3,2,2,1,0,357.28,0,4,1,1,3,3,1,1,1,2,2
2,4,3,50,0.2,1,1,1,1,1,200.03,1,1,1,1,1,1,8,1,1,1,1
2,4,3,51,0.05,1,2,1,1,1,206.72,1,7,1,3,1,3,9,3,1,2,2
2,4,3,52,1.8,3,1,NaN,NaN,NaN,NaN,NaN,13,1,1,3,3,16,3,3,3,3
2,4,3,53,1.8,3,3,2,2,1,210.6,1,3,1,1,3,3,1,3,3,1,1
2,4,3,54,0.1,3,2,2,2,1,318.1,0,15,1,1,3,3,4,1,1,2,2
2,4,3,55,0.05,2,1,2,2,1,270.17,1,3,3,3,2,2,6,1,3,1,3
2,4,3,56,0.2,2,1,2,2,1,248.16,1,16,1,3,2,2,1,3,1,3,1
2,4,3,57,0.8,2,2,2,2,1,181.23,1,15,1,3,2,2,8,1,3,2,2
2,4,3,58,0.4,2,3,2,2,1,-12.672,2,7,3,1,2,2,13,1,3,3,1
2,4,3,59,0.8,1,2,1,1,1,209.34,1,11,1,3,1,3,8,1,1,2,2
2,4,3,60,0.8,2,3,2,2,1,196.17,1,14,3,3,2,2,14,3,1,1,3
2,4,3,61,0.8,1,1,1,2,0,211.28,1,15,1,1,1,1,7,1,3,1,3
2,4,3,62,1.8,2,3,2,2,1,190.52,1,7,1,1,2,2,13,1,1,3,3
2,4,3,63,0.8,1,2,1,1,1,204.83,1,14,1,3,1,3,2,3,1,2,2
2,4,3,64,0.2,1,3,1,2,0,290.75,1,20,3,1,3,1,20,3,3,1,1
2,4,3,65,0.1,1,2,1,1,1,289.42,1,15,1,1,1,1,3,1,3,2,2
2,4,3,66,0.1,3,3,2,2,1,284.59,1,20,3,3,1,1,5,3,3,1,1
2,4,3,67,0.4,1,1,1,1,1,203.11,1,5,3,3,3,3,8,1,3,1,3
2,4,3,68,0.2,3,3,2,1,0,276.55,1,18,3,1,1,3,2,3,3,1,1
2,4,3,69,0.2,1,3,1,1,1,247.26,1,2,1,1,1,1,8,1,1,3,3
2,4,3,70,0.8,2,3,2,2,1,197.53,1,17,3,1,2,2,13,3,3,1,1
2,4,3,71,0.2,2,1,2,2,1,345.72,0,2,1,1,2,2,13,1,1,1,1
2,4,3,72,1.8,2,2,2,2,1,180.31,1,5,1,3,2,2,8,1,3,2,2
2,4,3,73,1.8,2,1,2,1,0,183.7,1,13,1,3,2,2,15,1,1,1,1
2,4,3,74,0.1,3,3,2,2,1,272.11,1,8,3,3,1,1,19,3,3,1,1
2,4,3,75,0.05,1,1,1,1,1,261.99,1,17,1,1,1,1,5,1,1,1,1
2,4,3,76,0.4,2,2,2,1,0,225.64,1,2,3,3,2,2,6,1,1,2,2
2,4,3,77,0.4,1,3,1,1,1,201.55,1,19,3,1,3,1,17,3,1,1,3
2,4,3,78,1.8,1,2,1,1,1,216.12,1,8,1,3,1,3,19,1,1,2,2
2,4,4,1,0.4,1,1,1,1,1,205.94,1,3,3,1,3,1,1,3,3,3,3
2,4,4,2,0.1,3,3,2,2,1,265.26,1,3,1,3,3,1,1,1,3,3,1
2,4,4,3,0.8,1,3,1,1,1,195.56,1,14,1,3,1,3,6,1,1,3,3
2,4,4,4,0.4,3,2,2,2,1,224.75,1,10,3,1,1,3,4,3,1,2,2
2,4,4,5,0.1,1,2,1,1,1,173.24,1,3,3,1,3,1,7,3,3,2,2
2,4,4,6,0.8,1,2,1,1,1,202.56,1,10,1,3,1,3,15,1,1,2,2
2,4,4,7,0.05,1,2,1,1,1,299.31,1,2,1,3,1,3,16,3,1,2,2
2,4,4,8,1.8,1,3,1,1,1,177.47,1,12,3,1,3,1,12,3,1,1,3
2,4,4,9,0.4,1,1,1,1,1,243.44,1,2,3,1,3,1,17,1,3,1,3
2,4,4,10,0.2,3,3,2,2,1,183.52,1,5,1,1,3,3,20,1,3,3,1
2,4,4,11,0.2,2,1,2,1,0,241.77,1,10,1,3,2,2,11,3,3,3,3
2,4,4,12,0.8,3,2,2,2,1,229.15,1,13,3,3,1,1,17,1,3,2,2
2,4,4,13,0.1,2,3,2,2,1,278,1,3,3,3,2,2,1,3,3,1,1
2,4,4,14,0.2,1,1,1,1,1,241.16,1,1,1,3,1,3,20,3,3,3,3
2,4,4,15,0.4,2,1,2,1,0,255.49,1,12,3,1,2,2,13,1,3,1,3
2,4,4,16,0.2,1,1,1,1,1,245.13,1,19,1,3,1,3,6,3,3,3,3
2,4,4,17,0.05,1,2,1,1,1,261.03,1,18,3,3,3,3,1,1,3,2,2
2,4,4,18,0.4,3,2,2,1,0,187.05,1,4,1,1,3,3,7,1,1,2,2
2,4,4,19,1.8,3,2,2,2,1,192.83,1,3,1,1,3,3,2,3,3,2,2
2,4,4,20,0.4,1,3,1,1,1,205.45,1,15,3,1,3,1,2,1,3,3,1
2,4,4,21,0.2,1,3,1,1,1,232.67,1,14,1,1,1,1,13,3,3,1,1
2,4,4,22,1.8,3,2,2,2,1,184.98,1,1,3,3,1,1,6,1,3,2,2
2,4,4,23,0.05,2,3,2,2,1,340.82,0,17,3,1,2,2,2,1,3,3,1
2,4,4,24,1.8,2,1,2,2,1,178.07,1,13,1,3,2,2,6,1,3,1,3
2,4,4,25,1.8,1,1,1,1,1,195.55,1,15,3,1,3,1,12,3,3,3,3
2,4,4,26,0.05,1,3,1,1,1,271.7,1,6,1,1,1,1,16,1,3,3,1
2,4,4,27,1.8,2,2,2,2,1,202.04,1,11,1,1,2,2,14,3,3,2,2
2,4,4,28,1.8,3,3,2,2,1,166.56,1,7,3,1,1,3,8,1,3,3,1
2,4,4,29,0.1,3,1,2,2,1,280.38,1,11,3,3,1,1,2,3,1,3,1
2,4,4,30,0.2,2,2,2,1,0,236.13,1,2,3,1,2,2,7,3,3,2,2
2,4,4,31,0.05,3,2,2,2,1,309.65,0,6,1,1,3,3,3,1,3,2,2
2,4,4,32,0.8,2,2,2,1,0,202.84,1,12,1,3,2,2,17,3,1,2,2
2,4,4,33,0.05,3,2,2,2,1,292.73,1,12,1,1,3,3,8,1,3,2,2
2,4,4,34,0.8,3,3,2,2,1,221.75,1,1,1,1,3,3,7,1,3,3,1
2,4,4,35,0.2,1,2,1,1,1,253.75,1,3,3,3,3,3,16,1,1,2,2
2,4,4,36,0.8,3,2,2,1,0,209.68,1,12,1,1,3,3,5,1,1,2,2
2,4,4,37,0.2,1,2,1,1,1,250.05,1,4,3,1,3,1,14,1,1,2,2
2,4,4,38,0.2,1,1,1,1,1,227.67,1,5,1,3,1,3,14,3,3,3,3
2,4,4,39,1.8,1,2,1,1,1,191.75,1,5,1,1,1,1,15,3,1,2,2
2,4,4,40,0.1,3,2,2,2,1,286.75,1,15,3,3,1,1,8,3,3,2,2
2,4,4,41,0.1,1,1,1,1,1,259.38,1,11,3,3,3,3,13,3,3,3,3
2,4,4,42,0.4,1,3,1,1,1,163.65,1,9,3,3,3,3,8,3,3,1,1
2,4,4,43,0.8,2,2,2,2,1,195.67,1,13,3,1,2,2,14,1,1,2,2
2,4,4,44,0.8,1,2,1,1,1,202.98,1,20,1,3,1,3,6,3,3,2,2
2,4,4,45,0.2,2,2,2,2,1,265.09,1,2,1,1,2,2,18,3,3,2,2
2,4,4,46,0.05,1,3,1,1,1,299.31,1,5,1,1,1,1,13,1,3,3,1
2,4,4,47,0.2,2,3,2,2,1,262.84,1,8,1,1,2,2,16,1,1,3,3
2,4,4,48,0.05,2,2,2,1,0,238.95,1,1,1,1,2,2,4,1,1,2,2
2,4,4,49,0.4,1,1,1,1,1,215.73,1,15,3,1,3,1,18,3,1,3,1
2,4,4,50,0.8,1,1,1,1,1,267.25,1,10,1,3,1,3,5,3,3,3,3
2,4,4,51,1.8,1,1,1,1,1,175.5,1,17,1,3,1,3,12,1,1,1,1
2,4,4,52,0.4,2,3,2,2,1,181.96,1,18,1,1,2,2,16,3,3,1,1
2,4,4,53,0.05,2,3,2,2,1,307.77,0,1,3,1,2,2,3,1,1,3,3
2,4,4,54,0.05,3,3,2,2,1,295.8,1,2,1,3,3,1,10,3,3,1,1
2,4,4,55,1.8,3,3,2,2,1,181.98,1,2,3,1,1,3,17,3,3,1,1
2,4,4,56,0.2,3,3,2,2,1,157.26,1,11,3,1,1,3,1,3,3,1,1
2,4,4,57,0.8,1,3,1,1,1,190.29,1,4,1,3,1,3,5,1,1,3,3
2,4,4,58,0.05,3,2,2,2,1,290.72,1,20,3,1,1,3,16,3,3,2,2
2,4,4,59,0.1,2,2,2,1,0,306.97,0,20,1,1,2,2,14,1,3,2,2
2,4,4,60,1.8,3,1,2,2,1,192.2,1,16,1,1,3,3,10,1,1,1,1
2,4,4,61,1.8,3,3,2,2,1,263.92,1,14,3,3,1,1,2,1,1,3,3
2,4,4,62,0.8,3,2,2,2,1,234.42,1,14,3,1,1,3,2,1,3,2,2
2,4,4,63,0.05,1,3,1,2,0,343.08,0,14,3,3,3,3,3,3,1,1,3
2,4,4,64,0.1,3,1,2,2,1,237.65,1,13,1,1,3,3,7,1,1,1,1
2,4,4,65,0.4,2,1,2,1,0,201.29,1,15,1,1,2,2,16,1,3,1,3
2,4,4,66,0.8,3,2,2,2,1,196.95,1,15,3,3,1,1,18,3,1,2,2
2,4,4,67,0.2,2,3,2,1,0,250.72,1,12,3,1,2,2,8,3,1,1,3
2,4,4,68,0.4,1,3,1,1,1,273.96,1,16,1,3,1,3,1,1,3,3,1
2,4,4,69,0.05,1,2,1,1,1,287.21,1,1,1,3,1,3,17,3,1,2,2
2,4,4,70,0.1,3,2,2,2,1,306.67,0,15,1,1,3,3,1,1,1,2,2
2,4,4,71,1.8,3,1,NaN,NaN,NaN,NaN,NaN,15,1,3,3,1,11,1,3,1,3
2,4,4,72,0.4,1,1,1,1,1,203.04,1,14,3,1,3,1,15,1,1,1,1
2,4,4,73,0.8,2,1,2,1,0,195.2,1,15,1,1,2,2,20,3,3,3,3
2,4,4,74,0.4,1,2,1,1,1,197.94,1,11,1,3,1,3,5,1,3,2,2
2,4,4,75,0.1,3,2,2,2,1,356.64,0,18,1,3,3,1,8,3,1,2,2
2,4,4,76,0.1,1,3,1,1,1,278.51,1,5,1,1,1,1,13,3,3,1,1
2,4,4,77,0.1,1,3,1,1,1,273.56,1,2,3,3,3,3,13,1,3,3,1
2,4,4,78,0.1,1,1,1,1,1,205.03,1,6,1,3,1,3,6,1,1,1,1
2,4,5,1,0.1,1,2,1,1,1,210.75,1,8,1,1,1,1,1,3,3,2,2
2,4,5,2,0.4,3,3,2,2,1,176.88,1,20,3,1,1,3,18,1,3,3,1
2,4,5,3,1.8,2,3,NaN,NaN,NaN,NaN,NaN,1,3,3,2,2,13,3,1,1,3
2,4,5,4,1.8,2,3,2,2,1,160.25,1,9,3,3,2,2,16,1,1,3,3
2,4,5,5,1.8,3,1,2,2,1,184.45,1,12,1,1,3,3,3,3,3,3,3
2,4,5,6,0.2,1,2,1,1,1,261.63,1,15,1,1,1,1,18,1,1,2,2
2,4,5,7,0.2,3,3,2,2,1,272.29,1,4,1,1,3,3,3,1,1,3,3
2,4,5,8,0.2,1,2,1,2,0,255.44,1,2,3,1,3,1,3,3,1,2,2
2,4,5,9,0.1,1,2,1,1,1,258.83,1,13,1,3,1,3,20,1,3,2,2
2,4,5,10,1.8,2,2,NaN,NaN,NaN,NaN,NaN,19,3,3,2,2,14,1,3,2,2
2,4,5,11,0.8,1,1,1,1,1,187.37,1,10,1,3,1,3,2,1,3,1,3
2,4,5,12,0.4,1,3,1,2,0,202.5,1,18,1,1,1,1,8,3,3,1,1
2,4,5,13,0.2,2,2,2,1,0,299.35,1,9,1,1,2,2,18,1,1,2,2
2,4,5,14,0.1,1,2,1,1,1,270.34,1,2,1,1,1,1,10,1,3,2,2
2,4,5,15,0.4,3,3,2,2,1,190.48,1,12,3,1,1,3,18,3,1,1,3
2,4,5,16,0.05,2,3,2,2,1,323.05,0,2,3,1,2,2,6,1,3,3,1
2,4,5,17,1.8,2,1,2,1,0,200,1,17,3,3,2,2,4,1,1,1,1
2,4,5,18,0.4,2,3,2,2,1,203.06,1,10,3,3,2,2,15,1,1,3,3
2,4,5,19,0.4,1,3,1,2,0,177.39,1,1,3,3,3,3,12,3,1,1,3
2,4,5,20,0.1,3,3,2,2,1,253.48,1,9,1,3,3,1,19,3,1,1,3
2,4,5,21,0.05,1,1,1,2,0,259.16,1,4,1,3,1,3,3,3,3,3,3
2,4,5,22,0.2,1,3,1,2,0,257.98,1,17,1,3,1,3,12,3,1,1,3
2,4,5,23,0.4,3,3,2,2,1,196.05,1,12,1,3,3,1,4,1,3,3,1
2,4,5,24,0.2,1,1,1,1,1,227.13,1,10,3,1,3,1,11,3,3,3,3
2,4,5,25,0.05,1,2,1,1,1,289.86,1,5,1,3,1,3,19,1,3,2,2
2,4,5,26,1.8,1,2,1,1,1,236.56,1,10,3,3,3,3,14,3,3,2,2
2,4,5,27,0.2,1,1,1,1,1,221.34,1,12,1,1,1,1,4,1,3,1,3
2,4,5,28,0.05,1,1,1,1,1,271.56,1,13,3,3,3,3,15,1,1,1,1
2,4,5,29,0.05,1,3,1,1,1,303.54,0,16,3,1,3,1,4,1,3,3,1
2,4,5,30,0.8,2,3,2,2,1,186.23,1,13,1,3,2,2,16,3,1,1,3
2,4,5,31,0.4,2,1,2,1,0,199.68,1,10,3,3,2,2,5,3,1,3,1
2,4,5,32,0.2,2,2,2,2,1,249.3,1,16,3,3,2,2,9,3,3,2,2
2,4,5,33,0.1,3,1,2,2,1,318.53,0,7,3,3,1,1,7,3,1,3,1
2,4,5,34,0.4,1,2,1,1,1,237.37,1,5,3,1,3,1,14,3,1,2,2
2,4,5,35,0.1,3,2,2,2,1,233.13,1,16,1,3,3,1,1,3,1,2,2
2,4,5,36,1.8,2,1,2,2,1,185.3,1,6,1,1,2,2,13,3,1,3,1
2,4,5,37,0.1,3,3,2,2,1,280.38,1,8,3,1,1,3,19,3,3,1,1
2,4,5,38,1.8,1,3,1,1,1,195.11,1,14,1,1,1,1,15,3,1,1,3
2,4,5,39,0.8,2,3,2,1,0,185.78,1,10,3,3,2,2,19,1,3,3,1
2,4,5,40,0.8,3,2,NaN,NaN,NaN,NaN,NaN,16,3,1,1,3,12,3,1,2,2
2,4,5,41,0.1,1,1,1,1,1,254.96,1,13,3,1,3,1,9,1,1,1,1
2,4,5,42,0.8,1,1,1,1,1,249.66,1,12,1,1,1,1,2,3,1,3,1
2,4,5,43,0.2,2,1,2,1,0,256.58,1,10,1,3,2,2,8,3,3,3,3
2,4,5,44,0.2,1,3,1,1,1,250.14,1,2,1,1,1,1,18,1,3,3,1
2,4,5,45,0.2,1,2,1,1,1,270.34,1,4,3,1,3,1,7,3,3,2,2
2,4,5,46,0.4,1,3,1,1,1,221.6,1,19,3,1,3,1,19,3,3,1,1
2,4,5,47,0.4,1,2,1,1,1,224.78,1,19,3,3,3,3,20,3,3,2,2
2,4,5,48,0.2,1,3,1,2,0,264.71,1,14,3,1,3,1,20,3,3,1,1
2,4,5,49,0.05,1,2,1,2,0,386.13,0,17,1,3,1,3,2,1,1,2,2
2,4,5,50,0.4,1,1,1,1,1,220.65,1,6,3,3,3,3,4,1,1,1,1
2,4,5,51,0.8,1,2,1,1,1,215.33,1,9,3,3,3,3,13,1,3,2,2
2,4,5,52,0.05,1,2,1,1,1,326.65,0,18,1,1,1,1,15,3,3,2,2
2,4,5,53,0.8,2,3,2,1,0,224.76,1,1,3,1,2,2,11,1,3,3,1
2,4,5,54,0.1,3,2,2,2,1,254.89,1,15,3,1,1,3,9,3,3,2,2
2,4,5,55,0.8,1,3,1,1,1,196.69,1,12,3,1,3,1,10,3,1,1,3
2,4,5,56,1.8,1,3,1,1,1,203.73,1,4,3,3,3,3,20,3,3,1,1
2,4,5,57,0.8,3,1,2,2,1,236.92,1,20,3,3,1,1,6,1,3,1,3
2,4,5,58,0.05,1,2,1,1,1,275.66,1,17,3,1,3,1,11,1,1,2,2
2,4,5,59,0.05,1,2,1,1,1,279.93,1,19,1,1,1,1,5,1,3,2,2
2,4,5,60,0.05,2,2,2,1,0,246.59,1,1,1,1,2,2,19,1,1,2,2
2,4,5,61,0.2,1,3,1,1,1,243.14,1,8,3,3,3,3,3,3,3,1,1
2,4,5,62,0.1,2,3,2,1,0,269.72,1,14,3,3,2,2,11,1,3,3,1
2,4,5,63,1.8,1,1,1,1,1,185.49,1,8,1,3,1,3,13,3,3,3,3
2,4,5,64,0.4,1,1,1,1,1,227.22,1,10,1,1,1,1,9,1,1,1,1
2,4,5,65,0.8,1,2,1,1,1,213.97,1,1,3,3,3,3,1,3,3,2,2
2,4,5,66,0.4,1,3,1,2,0,262.15,1,3,3,3,3,3,8,3,1,1,3
2,4,5,67,0.1,1,3,1,1,1,283.64,1,7,1,1,1,1,2,1,1,3,3
2,4,5,68,0.05,1,2,1,1,1,235.46,1,16,1,1,1,1,8,1,3,2,2
2,4,5,69,1.8,2,3,2,2,1,168.5,1,1,3,3,2,2,13,3,3,1,1
2,4,5,70,0.1,1,1,1,1,1,260.69,1,19,3,3,3,3,18,3,3,3,3
2,4,5,71,1.8,2,3,2,2,1,172.63,1,12,3,1,2,2,6,1,3,3,1
2,4,5,72,0.05,1,2,1,1,1,312.95,0,13,3,3,3,3,13,3,3,2,2
2,4,5,73,0.8,3,1,2,2,1,186.33,1,19,1,3,3,1,4,1,1,1,1
2,4,5,74,0.8,2,1,NaN,NaN,NaN,NaN,NaN,1,1,1,2,2,17,3,1,3,1
2,4,5,75,0.1,3,2,2,2,1,336.18,0,2,1,3,3,1,9,3,1,2,2
2,4,5,76,0.05,2,2,2,1,0,255.82,1,10,3,3,2,2,6,3,3,2,2
2,4,5,77,0.8,3,1,2,2,1,229.26,1,10,1,3,3,1,17,1,3,1,3
2,4,5,78,1.8,3,1,2,2,1,181.41,1,4,3,1,1,3,6,3,3,3,3
2,4,6,1,0.05,1,2,1,1,1,517.5,0,8,3,3,3,3,16,1,1,2,2
2,4,6,2,0.4,1,2,1,1,1,221.26,1,8,1,1,1,1,14,1,1,2,2
2,4,6,3,0.1,3,3,2,2,1,462.66,0,4,3,1,1,3,14,1,3,3,1
2,4,6,4,0.05,1,3,1,1,1,224.42,1,17,1,3,1,3,7,3,3,1,1
2,4,6,5,0.05,1,1,1,1,1,246.86,1,8,3,3,3,3,10,1,3,1,3
2,4,6,6,0.8,1,1,1,1,1,225.58,1,17,3,3,3,3,8,1,1,1,1
2,4,6,7,0.4,2,2,2,1,0,227.09,1,5,3,1,2,2,16,1,1,2,2
2,4,6,8,0.8,1,2,1,1,1,208.48,1,7,3,1,3,1,3,3,1,2,2
2,4,6,9,0.8,1,2,1,1,1,233.45,1,3,3,3,3,3,19,3,3,2,2
2,4,6,10,0.8,2,3,2,1,0,225.69,1,20,1,3,2,2,12,3,3,1,1
2,4,6,11,0.05,1,3,1,1,1,345.86,0,13,3,1,3,1,14,1,3,3,1
2,4,6,12,0.1,1,1,1,1,1,291.56,1,8,3,3,3,3,6,1,1,1,1
2,4,6,13,0.05,3,3,2,2,1,294.54,1,10,1,1,3,3,4,1,1,3,3
2,4,6,14,0.05,1,1,1,2,0,282.31,1,20,1,1,1,1,8,1,3,1,3
2,4,6,15,0.1,3,2,2,2,1,288.97,1,6,3,3,1,1,4,3,1,2,2
2,4,6,16,0.1,1,3,1,1,1,270.9,1,15,3,3,3,3,15,3,1,1,3
2,4,6,17,0.05,1,1,1,1,1,292.92,1,14,3,1,3,1,12,1,1,1,1
2,4,6,18,0.2,3,3,2,2,1,174.87,1,19,1,3,3,1,3,1,3,3,1
2,4,6,19,1.8,2,2,2,2,1,171.77,1,13,3,1,2,2,5,1,3,2,2
2,4,6,20,0.8,1,1,1,1,1,255.26,1,20,1,3,1,3,2,3,3,3,3
2,4,6,21,0.2,2,1,2,1,0,262.41,1,8,3,3,2,2,6,3,1,3,1
2,4,6,22,0.1,1,2,1,2,0,296.82,1,8,1,3,1,3,15,1,3,2,2
2,4,6,23,0.2,3,1,2,1,0,250.4,1,4,1,1,3,3,16,3,1,3,1
2,4,6,24,1.8,1,2,1,1,1,203.53,1,6,3,3,3,3,2,1,3,2,2
2,4,6,25,0.2,1,1,1,1,1,247.31,1,15,1,1,1,1,6,3,3,3,3
2,4,6,26,0.4,1,3,1,1,1,222.15,1,5,3,1,3,1,20,3,1,1,3
2,4,6,27,0.2,1,1,1,1,1,249.2,1,9,3,1,3,1,19,3,1,3,1
2,4,6,28,0.4,1,3,1,1,1,248.25,1,6,1,1,1,1,11,3,1,1,3
2,4,6,29,1.8,2,1,2,1,0,199.43,1,4,1,1,2,2,2,1,3,1,3
2,4,6,30,0.2,1,3,1,1,1,281.01,1,18,3,3,3,3,18,3,1,1,3
2,4,6,31,0.05,3,3,2,2,1,327.22,0,12,1,3,3,1,12,1,1,3,3
2,4,6,32,0.1,1,3,1,1,1,284.07,1,18,1,3,1,3,2,1,1,3,3
2,4,6,33,0.1,2,3,2,2,1,290.68,1,13,1,1,2,2,11,3,3,1,1
2,4,6,34,0.05,1,3,1,1,1,282.67,1,20,1,1,1,1,12,3,3,1,1
2,4,6,35,0.2,3,3,2,2,1,207.88,1,11,1,3,3,1,17,3,3,1,1
2,4,6,36,0.2,1,1,1,1,1,230.23,1,5,3,3,3,3,16,1,3,1,3
2,4,6,37,1.8,3,2,2,2,1,198.99,1,3,1,3,3,1,1,1,1,2,2
2,4,6,38,0.4,1,1,1,1,1,235.48,1,3,1,1,1,1,13,3,1,3,1
2,4,6,39,0.1,2,1,2,2,1,298.75,1,11,1,1,2,2,11,1,1,1,1
2,4,6,40,0.2,1,2,1,1,1,241.15,1,12,3,3,3,3,1,1,3,2,2
2,4,6,41,1.8,2,1,2,1,0,229.81,1,11,3,1,2,2,18,3,3,3,3
2,4,6,42,1.8,2,3,2,2,1,177.32,1,2,1,3,2,2,13,3,1,1,3
2,4,6,43,0.05,3,2,2,2,1,342.01,0,5,1,3,3,1,7,3,1,2,2
2,4,6,44,1.8,1,1,1,1,1,201.86,1,19,1,3,1,3,7,1,3,1,3
2,4,6,45,0.05,3,3,2,2,1,309.68,0,7,3,1,1,3,16,1,3,3,1
2,4,6,46,0.05,3,3,2,2,1,349.05,0,5,3,1,1,3,15,3,1,1,3
2,4,6,47,0.8,1,1,1,1,1,211.07,1,8,1,3,1,3,2,1,3,1,3
2,4,6,48,0.1,2,3,2,1,0,196.8,1,20,1,3,2,2,15,1,1,3,3
2,4,6,49,0.4,1,1,1,1,1,228.09,1,3,3,3,3,3,2,1,3,1,3
2,4,6,50,0.8,3,1,2,2,1,198.29,1,2,1,1,3,3,4,1,1,1,1
2,4,6,51,0.2,2,2,2,1,0,267.41,1,15,3,1,2,2,12,1,1,2,2
2,4,6,52,0.8,2,3,2,1,0,195.5,1,19,3,3,2,2,1,1,3,3,1
2,4,6,53,0.8,1,1,1,1,1,202.99,1,11,3,1,3,1,10,3,1,3,1
2,4,6,54,1.8,1,3,1,1,1,196.17,1,19,1,1,1,1,10,3,3,1,1
2,4,6,55,0.2,2,1,2,2,1,324.11,0,3,3,3,2,2,15,1,3,1,3
2,4,6,56,0.8,1,2,1,1,1,199.91,1,7,1,1,1,1,16,1,3,2,2
2,4,6,57,0.8,3,2,2,2,1,231.61,1,19,1,1,3,3,19,1,1,2,2
2,4,6,58,0.4,3,3,2,2,1,226.56,1,14,1,3,3,1,7,1,1,3,3
2,4,6,59,0.1,1,1,1,1,1,305.81,0,5,1,3,1,3,19,1,1,1,1
2,4,6,60,0.4,1,2,1,1,1,237.57,1,5,1,1,1,1,14,3,1,2,2
2,4,6,61,0.1,3,3,2,2,1,291.99,1,12,3,1,1,3,17,1,3,3,1
2,4,6,62,0.2,2,3,2,1,0,287.47,1,14,3,3,2,2,4,1,1,3,3
2,4,6,63,1.8,1,2,1,1,1,192.46,1,12,1,1,1,1,4,3,1,2,2
2,4,6,64,0.4,1,1,1,1,1,199.69,1,8,1,1,1,1,15,1,3,1,3
2,4,6,65,0.4,1,3,1,1,1,242.26,1,13,3,1,3,1,12,1,3,3,1
2,4,6,66,0.1,1,2,1,1,1,290.85,1,4,3,1,3,1,1,1,3,2,2
2,4,6,67,1.8,1,2,1,1,1,202.07,1,20,1,1,1,1,8,3,1,2,2
2,4,6,68,1.8,1,3,1,1,1,192.69,1,2,1,3,1,3,18,3,1,1,3
2,4,6,69,0.4,1,2,1,1,1,192.13,1,3,3,3,3,3,6,3,1,2,2
2,4,6,70,0.8,2,1,2,1,0,210.9,1,3,1,3,2,2,3,1,3,1,3
2,4,6,71,0.05,1,2,1,1,1,280.33,1,13,3,3,3,3,2,1,3,2,2
2,4,6,72,0.1,2,3,2,1,0,288.43,1,9,3,3,2,2,3,3,1,1,3
2,4,6,73,1.8,3,3,2,1,0,201.57,1,20,1,3,3,1,18,3,3,1,1
2,4,6,74,0.4,1,3,1,1,1,212.07,1,17,1,3,1,3,6,1,3,3,1
2,4,6,75,0.8,3,3,NaN,NaN,NaN,NaN,NaN,14,1,1,3,3,14,3,3,1,1
2,4,6,76,0.2,1,3,1,1,1,263.52,1,9,3,1,3,1,5,1,3,3,1
2,4,6,77,0.4,3,3,2,2,1,217.85,1,15,1,1,3,3,19,3,3,1,1
2,4,6,78,1.8,1,1,1,1,1,208.1,1,8,3,3,3,3,20,1,1,1,1
2,4,7,1,0.1,2,2,2,1,0,272.63,1,3,3,1,2,2,5,3,3,2,2
2,4,7,2,1.8,2,3,2,2,1,183.42,1,4,1,1,2,2,13,3,1,1,3
2,4,7,3,0.1,2,2,2,1,0,289.66,1,6,3,1,2,2,13,1,3,2,2
2,4,7,4,0.1,2,2,2,2,1,256.47,1,6,3,3,2,2,2,1,1,2,2
2,4,7,5,0.2,3,1,2,2,1,253.7,1,17,1,1,3,3,5,3,1,3,1
2,4,7,6,0.8,1,3,1,1,1,200.14,1,18,1,1,1,1,7,1,1,3,3
2,4,7,7,0.4,2,2,2,1,0,219.92,1,19,1,3,2,2,13,3,3,2,2
2,4,7,8,0.8,1,1,1,1,1,184.29,1,6,1,1,1,1,7,3,3,3,3
2,4,7,9,0.2,2,2,2,1,0,249.69,1,8,3,1,2,2,17,1,1,2,2
2,4,7,10,0.8,1,3,1,2,0,209.19,1,5,1,1,1,1,12,1,3,3,1
2,4,7,11,0.1,2,2,2,2,1,385.2,0,19,1,1,2,2,2,3,3,2,2
2,4,7,12,0.8,2,1,2,1,0,180.34,1,7,1,1,2,2,16,1,3,1,3
2,4,7,13,0.05,3,1,2,2,1,320.25,0,5,3,3,1,1,3,1,3,1,3
2,4,7,14,1.8,1,2,1,1,1,185.65,1,2,1,1,1,1,4,1,3,2,2
2,4,7,15,1.8,2,3,2,1,0,186.59,1,18,1,1,2,2,5,1,3,3,1
2,4,7,16,0.4,3,2,2,2,1,207.39,1,18,1,1,3,3,9,1,3,2,2
2,4,7,17,0.2,3,3,2,2,1,283.73,1,16,1,1,3,3,16,1,3,3,1
2,4,7,18,0.05,1,2,1,1,1,265.68,1,11,3,1,3,1,1,1,3,2,2
2,4,7,19,0.1,1,1,1,1,1,168.34,1,5,1,3,1,3,17,1,1,1,1
2,4,7,20,0.4,1,1,1,1,1,218.31,1,7,1,1,1,1,19,3,1,3,1
2,4,7,21,0.8,1,1,1,1,1,218.15,1,2,1,1,1,1,1,3,1,3,1
2,4,7,22,0.05,1,1,1,1,1,254.72,1,15,3,3,3,3,19,3,3,3,3
2,4,7,23,0.2,2,3,2,2,1,245.03,1,18,1,3,2,2,20,1,1,3,3
2,4,7,24,0.8,3,1,2,2,1,192.2,1,17,1,1,3,3,2,3,3,3,3
2,4,7,25,0.2,2,3,2,2,1,345.79,0,1,1,3,2,2,15,1,1,3,3
2,4,7,26,0.4,1,1,1,1,1,229.62,1,9,1,3,1,3,9,3,3,3,3
2,4,7,27,0.1,2,3,2,2,1,280.93,1,16,3,1,2,2,2,3,3,1,1
2,4,7,28,1.8,1,3,1,2,0,193.54,1,19,1,1,1,1,20,3,3,1,1
2,4,7,29,1.8,3,3,2,2,1,208.36,1,3,1,3,3,1,20,3,3,1,1
2,4,7,30,0.4,3,3,2,2,1,243.28,1,1,3,1,1,3,6,3,3,1,1
2,4,7,31,0.05,1,2,1,1,1,289.13,1,16,1,1,1,1,15,1,1,2,2
2,4,7,32,1.8,1,2,1,1,1,202.44,1,9,3,3,3,3,13,1,3,2,2
2,4,7,33,0.1,3,1,2,2,1,188.35,1,9,1,1,3,3,18,1,1,1,1
2,4,7,34,0.4,3,1,2,2,1,212.71,1,15,3,3,1,1,5,3,3,3,3
2,4,7,35,0.4,1,2,1,1,1,249.29,1,14,3,3,3,3,5,1,1,2,2
2,4,7,36,0.2,3,2,2,2,1,252.84,1,6,3,3,1,1,4,1,1,2,2
2,4,7,37,0.8,1,1,1,1,1,205.84,1,10,1,1,1,1,3,1,3,1,3
2,4,7,38,0.4,1,3,1,1,1,269.6,1,14,1,3,1,3,10,3,1,1,3
2,4,7,39,1.8,2,2,2,2,1,180.32,1,2,1,3,2,2,11,1,1,2,2
2,4,7,40,0.2,1,3,1,1,1,244.84,1,17,3,1,3,1,13,1,1,3,3
2,4,7,41,1.8,3,3,2,2,1,188.31,1,3,3,1,1,3,16,3,3,1,1
2,4,7,42,1.8,2,2,2,2,1,173.09,1,8,3,3,2,2,17,1,3,2,2
2,4,7,43,0.1,1,3,1,1,1,281.8,1,15,1,1,1,1,13,3,1,1,3
2,4,7,44,0.4,3,2,2,2,1,240.11,1,20,3,1,1,3,20,3,1,2,2
2,4,7,45,0.05,2,2,2,1,0,247.06,1,20,1,3,2,2,7,1,1,2,2
2,4,7,46,0.4,1,1,1,1,1,220.57,1,16,3,1,3,1,5,1,1,1,1
2,4,7,47,0.4,3,3,2,2,1,201.63,1,20,1,3,3,1,5,3,3,1,1
2,4,7,48,0.4,1,1,1,1,1,217.09,1,18,1,1,1,1,8,1,3,1,3
2,4,7,49,0.4,3,3,2,2,1,204.85,1,5,1,1,3,3,8,3,1,1,3
2,4,7,50,0.2,1,3,1,1,1,281.07,1,1,3,3,3,3,10,3,1,1,3
2,4,7,51,0.2,1,3,1,1,1,238.32,1,6,1,3,1,3,7,1,1,3,3
2,4,7,52,0.05,1,3,1,1,1,338.95,0,6,3,1,3,1,20,3,1,1,3
2,4,7,53,0.8,3,1,2,1,0,233.96,1,2,1,3,3,1,8,3,3,3,3
2,4,7,54,1.8,1,1,1,1,1,188.1,1,10,1,1,1,1,19,3,1,3,1
2,4,7,55,0.8,2,2,2,1,0,128.16,1,4,3,3,2,2,18,1,1,2,2
2,4,7,56,0.2,1,1,1,1,1,361.1,0,7,3,3,3,3,9,1,1,1,1
2,4,7,57,0.8,3,1,2,1,0,203.37,1,1,3,1,1,3,2,1,3,1,3
2,4,7,58,0.1,1,1,1,1,1,255.45,1,18,3,3,3,3,5,3,3,3,3
2,4,7,59,0.8,2,2,2,1,0,182.34,1,14,3,3,2,2,18,3,3,2,2
2,4,7,60,0.2,3,3,2,2,1,242.38,1,11,3,3,1,1,10,3,3,1,1
2,4,7,61,1.8,1,3,1,1,1,189.24,1,7,1,3,1,3,16,1,3,3,1
2,4,7,62,0.05,3,3,2,2,1,303.34,0,2,3,1,1,3,3,1,1,3,3
2,4,7,63,0.8,3,1,2,2,1,238.78,1,6,1,1,3,3,17,1,1,1,1
2,4,7,64,0.05,3,2,2,1,0,289.91,1,9,1,3,3,1,9,1,3,2,2
2,4,7,65,0.2,1,1,1,1,1,259.79,1,17,3,3,3,3,5,1,3,1,3
2,4,7,66,0.05,3,1,2,2,1,265.84,1,5,1,3,3,1,15,1,3,1,3
2,4,7,67,0.1,3,2,2,2,1,259.59,1,12,3,1,1,3,1,3,1,2,2
2,4,7,68,0.05,1,1,1,1,1,271.22,1,14,1,1,1,1,8,3,1,3,1
2,4,7,69,0.1,1,2,1,1,1,213.41,1,6,3,3,3,3,9,3,3,2,2
2,4,7,70,0.05,1,3,1,1,1,324.4,0,1,1,3,1,3,16,3,3,1,1
2,4,7,71,0.05,2,3,2,2,1,448.25,0,3,3,3,2,2,16,1,1,3,3
2,4,7,72,1.8,1,3,NaN,NaN,NaN,NaN,NaN,3,3,3,3,3,11,1,3,3,1
2,4,7,73,0.2,1,3,1,1,1,174.93,1,19,1,3,1,3,1,3,3,1,1
2,4,7,74,0.1,1,2,1,1,1,286.83,1,15,1,3,1,3,3,1,3,2,2
2,4,7,75,0.8,2,2,2,1,0,194.72,1,19,1,1,2,2,19,1,1,2,2
2,4,7,76,1.8,1,2,1,1,1,203.97,1,13,1,3,1,3,16,1,1,2,2
2,4,7,77,0.05,1,3,1,2,0,379.92,0,11,3,3,3,3,12,3,1,1,3
2,4,7,78,0.1,1,3,1,1,1,301.62,0,12,3,3,3,3,19,3,1,1,3
2,4,8,1,0.8,1,1,1,1,1,225.36,1,11,3,1,3,1,1,3,3,3,3
2,4,8,2,1.8,1,3,1,1,1,194.58,1,12,1,1,1,1,6,3,3,1,1
2,4,8,3,0.05,1,3,1,1,1,322.22,0,20,1,3,1,3,9,3,1,1,3
2,4,8,4,1.8,1,1,1,1,1,182.55,1,4,3,3,3,3,9,1,1,1,1
2,4,8,5,0.1,1,2,1,1,1,245.98,1,2,3,3,3,3,12,3,3,2,2
2,4,8,6,0.05,3,2,2,1,0,267.89,1,10,3,3,1,1,9,3,1,2,2
2,4,8,7,0.4,3,1,2,2,1,195.93,1,16,3,3,1,1,8,1,3,1,3
2,4,8,8,0.8,1,2,1,1,1,228.11,1,12,1,3,1,3,11,1,3,2,2
2,4,8,9,0.4,2,3,2,1,0,192.5,1,17,3,3,2,2,9,3,3,1,1
2,4,8,10,0.1,1,3,1,1,1,220.31,1,17,1,3,1,3,10,1,3,3,1
2,4,8,11,0.1,3,3,2,2,1,226.13,1,14,1,3,3,1,1,1,3,3,1
2,4,8,12,1.8,1,1,1,1,1,187.2,1,13,1,3,1,3,10,1,1,1,1
2,4,8,13,0.2,2,2,2,1,0,248.13,1,8,1,3,2,2,6,1,1,2,2
2,4,8,14,0.1,2,3,2,1,0,275.96,1,9,3,3,2,2,8,1,3,3,1
2,4,8,15,0.05,3,1,2,2,1,295.02,1,3,1,3,3,1,1,3,1,3,1
2,4,8,16,0.2,3,3,2,2,1,249.2,1,9,1,3,3,1,5,3,3,1,1
2,4,8,17,0.1,1,3,1,1,1,283.56,1,10,1,3,1,3,17,1,1,3,3
2,4,8,18,0.8,1,3,1,1,1,191.27,1,2,1,3,1,3,2,3,3,1,1
2,4,8,19,0.1,2,3,2,1,0,280.91,1,12,1,3,2,2,15,3,3,1,1
2,4,8,20,0.1,3,2,2,2,1,274.37,1,13,1,1,3,3,6,1,1,2,2
2,4,8,21,0.05,3,2,2,2,1,305.08,0,16,3,3,1,1,13,3,1,2,2
2,4,8,22,0.05,3,2,2,2,1,285.39,1,8,3,1,1,3,7,3,1,2,2
2,4,8,23,0.4,1,2,1,1,1,194.54,1,8,1,3,1,3,2,3,3,2,2
2,4,8,24,0.2,1,1,1,1,1,194.01,1,10,1,3,1,3,9,3,1,3,1
2,4,8,25,0.8,3,1,2,2,1,234.26,1,12,1,3,3,1,14,3,3,3,3
2,4,8,26,0.2,2,2,2,1,0,232.06,1,10,3,1,2,2,16,1,1,2,2
2,4,8,27,1.8,1,1,1,1,1,180.8,1,19,3,3,3,3,1,1,3,1,3
2,4,8,28,0.05,3,2,2,1,0,321.56,0,17,1,1,3,3,4,1,1,2,2
2,4,8,29,0.4,1,1,1,1,1,199.32,1,10,1,1,1,1,8,1,1,1,1
2,4,8,30,0.05,2,2,2,1,0,254.43,1,20,3,1,2,2,8,1,3,2,2
2,4,8,31,1.8,3,2,2,2,1,192.24,1,11,1,1,3,3,15,1,3,2,2
2,4,8,32,0.2,1,1,1,1,1,244.65,1,14,1,3,1,3,16,3,3,3,3
2,4,8,33,0.4,1,1,1,1,1,219.51,1,4,3,3,3,3,18,1,3,1,3
2,4,8,34,0.1,1,3,1,1,1,269.87,1,17,1,1,1,1,14,1,1,3,3
2,4,8,35,0.8,3,1,2,2,1,187.06,1,3,1,1,3,3,10,3,3,3,3
2,4,8,36,0.4,1,2,1,1,1,210.64,1,9,1,1,1,1,15,1,3,2,2
2,4,8,37,1.8,2,2,2,1,0,169.02,1,6,1,3,2,2,8,3,3,2,2
2,4,8,38,0.8,1,2,1,1,1,196.38,1,16,1,1,1,1,5,3,3,2,2
2,4,8,39,0.2,1,1,1,1,1,238.54,1,7,1,1,1,1,18,1,3,1,3
2,4,8,40,0.05,1,1,1,1,1,265.22,1,5,3,1,3,1,6,3,1,3,1
2,4,8,41,0.8,2,1,2,1,0,187.99,1,3,3,1,2,2,2,3,3,3,3
2,4,8,42,0.05,2,2,2,1,0,272.94,1,17,1,3,2,2,7,1,3,2,2
2,4,8,43,0.8,2,2,2,2,1,189.88,1,1,1,1,2,2,15,1,1,2,2
2,4,8,44,0.8,3,2,2,2,1,188.53,1,3,1,1,3,3,13,3,3,2,2
2,4,8,45,1.8,2,3,2,1,0,193.59,1,14,3,1,2,2,14,1,3,3,1
2,4,8,46,0.2,2,1,2,1,0,250.39,1,2,1,3,2,2,20,1,1,1,1
2,4,8,47,1.8,2,3,2,2,1,184.52,1,13,1,3,2,2,4,1,1,3,3
2,4,8,48,1.8,1,3,1,1,1,179.05,1,4,3,3,3,3,7,1,1,3,3
2,4,8,49,0.05,1,2,1,1,1,269.59,1,9,3,1,3,1,20,3,1,2,2
2,4,8,50,0.8,1,3,1,1,1,226.19,1,10,3,1,3,1,20,1,1,3,3
2,4,8,51,0.05,1,3,1,1,1,267.8,1,16,1,1,1,1,15,1,1,3,3
2,4,8,52,0.2,2,3,2,2,1,249.12,1,8,3,3,2,2,7,1,1,3,3
2,4,8,53,0.2,1,1,1,1,1,217.58,1,8,3,1,3,1,19,3,1,3,1
2,4,8,54,0.1,2,3,2,2,1,299.68,1,1,1,3,2,2,19,1,1,3,3
2,4,8,55,0.1,2,2,2,2,1,246.55,1,19,1,1,2,2,13,3,3,2,2
2,4,8,56,0.4,3,2,2,2,1,243.4,1,10,1,3,3,1,4,3,1,2,2
2,4,8,57,0.2,1,3,1,1,1,312.37,0,9,1,3,1,3,5,1,1,3,3
2,4,8,58,1.8,3,3,2,2,1,181.84,1,20,3,3,1,1,13,3,1,1,3
2,4,8,59,0.8,1,3,1,1,1,194.73,1,2,3,3,3,3,18,1,3,3,1
2,4,8,60,1.8,1,2,1,1,1,190.7,1,2,3,1,3,1,9,1,3,2,2
2,4,8,61,0.4,3,1,2,2,1,250.05,1,9,1,3,3,1,20,1,3,1,3
2,4,8,62,0.8,1,3,1,1,1,208.53,1,19,1,1,1,1,9,3,1,1,3
2,4,8,63,0.4,2,1,2,1,0,204.58,1,19,3,1,2,2,16,1,3,1,3
2,4,8,64,0.4,1,2,1,1,1,189.3,1,6,1,3,1,3,8,1,3,2,2
2,4,8,65,1.8,1,3,1,1,1,185.31,1,19,1,3,1,3,2,1,3,3,1
2,4,8,66,0.1,3,2,2,2,1,328.27,0,4,3,1,1,3,13,1,3,2,2
2,4,8,67,0.4,2,3,2,2,1,246.46,1,5,3,3,2,2,13,1,1,3,3
2,4,8,68,0.05,3,2,2,2,1,254.44,1,2,1,1,3,3,9,3,3,2,2
2,4,8,69,0.2,2,2,2,1,0,218.92,1,13,3,3,2,2,3,3,3,2,2
2,4,8,70,0.8,3,1,NaN,NaN,NaN,NaN,NaN,15,3,3,1,1,12,1,3,1,3
2,4,8,71,1.8,2,1,2,1,0,175.65,1,10,3,1,2,2,13,1,3,1,3
2,4,8,72,0.2,1,1,1,1,1,245.67,1,2,1,1,1,1,11,1,3,1,3
2,4,8,73,0.1,2,1,2,1,0,271.35,1,14,3,3,2,2,2,1,1,1,1
2,4,8,74,0.1,1,2,1,1,1,245.5,1,8,1,1,1,1,2,1,3,2,2
2,4,8,75,0.2,1,1,1,1,1,288.83,1,13,3,1,3,1,2,3,1,3,1
2,4,8,76,0.05,3,2,2,2,1,297.18,1,10,3,1,1,3,3,3,3,2,2
2,4,8,77,0.4,3,3,2,2,1,257.52,1,15,1,3,3,1,8,3,1,1,3
2,4,8,78,0.4,2,3,2,1,0,234.76,1,8,3,1,2,2,7,3,1,1,3
2,4,9,1,0.8,1,2,1,1,1,194.26,1,18,1,3,1,3,3,1,3,2,2
2,4,9,2,0.2,2,1,2,1,0,231.54,1,14,3,1,2,2,18,3,1,3,1
2,4,9,3,0.2,2,2,2,1,0,258.88,1,4,3,3,2,2,19,3,1,2,2
2,4,9,4,0.05,2,1,2,1,0,263.3,1,8,1,3,2,2,13,3,1,3,1
2,4,9,5,0.05,3,2,2,2,1,276.11,1,12,1,1,3,3,20,1,3,2,2
2,4,9,6,0.4,1,2,1,1,1,192.34,1,19,3,1,3,1,18,3,1,2,2
2,4,9,7,0.8,1,1,1,1,1,189.63,1,7,3,3,3,3,20,1,3,1,3
2,4,9,8,0.05,2,2,2,1,0,281.16,1,14,1,1,2,2,4,3,1,2,2
2,4,9,9,0.4,1,2,1,1,1,202.78,1,20,3,3,3,3,20,3,3,2,2
2,4,9,10,0.8,3,1,2,2,1,199.97,1,18,3,3,1,1,8,3,3,3,3
2,4,9,11,0.1,3,2,2,2,1,269.7,1,1,1,1,3,3,2,1,3,2,2
2,4,9,12,0.2,1,2,1,1,1,189.17,1,12,1,1,1,1,15,3,1,2,2
2,4,9,13,0.2,2,1,2,1,0,241.98,1,18,1,3,2,2,16,1,1,1,1
2,4,9,14,0.1,3,3,2,1,0,271.66,1,3,3,1,1,3,14,3,1,1,3
2,4,9,15,0.05,1,3,1,1,1,299.93,1,14,1,1,1,1,6,1,1,3,3
2,4,9,16,0.05,1,1,1,2,0,371.91,0,11,3,1,3,1,20,3,3,3,3
2,4,9,17,0.8,1,3,1,1,1,191.62,1,6,1,3,1,3,10,1,3,3,1
2,4,9,18,0.4,1,1,1,1,1,213.44,1,3,3,1,3,1,2,1,1,1,1
2,4,9,19,0.1,2,2,2,1,0,320.82,0,18,1,3,2,2,12,3,1,2,2
2,4,9,20,0.1,1,2,1,1,1,280.2,1,13,3,1,3,1,20,3,3,2,2
2,4,9,21,0.2,1,1,1,1,1,277.77,1,2,1,3,1,3,7,3,1,3,1
2,4,9,22,1.8,1,3,1,1,1,190.24,1,13,3,1,3,1,8,3,3,1,1
2,4,9,23,0.1,2,2,2,1,0,273.69,1,5,3,1,2,2,20,1,3,2,2
2,4,9,24,0.4,3,2,2,2,1,211.84,1,14,1,1,3,3,18,3,3,2,2
2,4,9,25,0.4,1,2,1,1,1,183.66,1,11,1,1,1,1,4,3,1,2,2
2,4,9,26,0.4,2,2,2,2,1,239.85,1,14,3,3,2,2,17,3,3,2,2
2,4,9,27,0.8,1,3,1,2,0,263.73,1,18,1,3,1,3,1,1,3,3,1
2,4,9,28,1.8,1,3,1,1,1,194.18,1,2,1,3,1,3,4,1,1,3,3
2,4,9,29,0.4,3,2,2,2,1,205.98,1,2,3,1,1,3,18,1,3,2,2
2,4,9,30,0.1,1,2,1,1,1,252.26,1,17,1,1,1,1,14,1,1,2,2
2,4,9,31,0.8,1,3,1,1,1,238.46,1,4,1,1,1,1,12,1,1,3,3
2,4,9,32,1.8,2,1,NaN,NaN,NaN,NaN,NaN,3,1,3,2,2,17,3,3,3,3
2,4,9,33,0.1,2,2,2,1,0,309.26,0,16,3,3,2,2,5,1,3,2,2
2,4,9,34,1.8,1,3,1,1,1,192.19,1,8,3,3,3,3,17,1,1,3,3
2,4,9,35,0.4,1,3,1,2,0,231.64,1,8,3,1,3,1,3,1,1,3,3
2,4,9,36,0.2,1,1,1,1,1,240.16,1,19,1,3,1,3,11,1,3,1,3
2,4,9,37,0.1,2,2,2,2,1,324.7,0,14,3,1,2,2,16,3,1,2,2
2,4,9,38,0.8,1,3,1,1,1,237.15,1,10,1,3,1,3,15,3,3,1,1
2,4,9,39,0.8,3,2,2,2,1,200.93,1,16,3,3,1,1,6,3,1,2,2
2,4,9,40,0.05,1,2,1,1,1,277.51,1,9,3,1,3,1,16,3,3,2,2
2,4,9,41,0.05,1,3,1,1,1,317.54,0,16,1,3,1,3,4,3,3,1,1
2,4,9,42,1.8,3,1,NaN,NaN,NaN,NaN,NaN,16,1,3,3,1,11,3,3,3,3
2,4,9,43,0.4,1,3,1,1,1,222.42,1,8,3,1,3,1,14,1,3,3,1
2,4,9,44,0.2,1,3,1,1,1,252.39,1,1,3,1,3,1,9,3,1,1,3
2,4,9,45,0.1,1,1,1,1,1,261.82,1,11,1,1,1,1,1,3,1,3,1
2,4,9,46,0.05,3,3,2,2,1,280.43,1,7,3,3,1,1,6,1,1,3,3
2,4,9,47,0.1,3,1,2,2,1,259.22,1,3,3,3,1,1,16,1,1,1,1
2,4,9,48,0.2,2,1,2,1,0,252.3,1,9,3,1,2,2,11,1,3,1,3
2,4,9,49,0.2,2,3,2,2,1,300.15,0,19,1,3,2,2,3,1,3,3,1
2,4,9,50,0.05,3,3,2,2,1,285.9,1,11,3,1,1,3,9,1,3,3,1
2,4,9,51,0.8,1,2,1,1,1,240.05,1,6,3,3,3,3,20,1,3,2,2
2,4,9,52,0.2,3,1,2,2,1,253.2,1,20,3,3,1,1,5,3,3,3,3
2,4,9,53,1.8,3,2,2,2,1,176.56,1,8,1,1,3,3,17,1,1,2,2
2,4,9,54,0.8,3,1,2,2,1,216.32,1,2,3,3,1,1,19,3,1,3,1
2,4,9,55,0.1,1,1,1,1,1,283.11,1,18,1,3,1,3,20,1,1,1,1
2,4,9,56,1.8,3,3,2,1,0,172.12,1,19,1,3,3,1,7,1,1,3,3
2,4,9,57,0.1,2,1,2,1,0,290.61,1,7,3,3,2,2,11,1,3,1,3
2,4,9,58,0.05,2,1,2,1,0,399.55,0,3,3,1,2,2,3,1,3,1,3
2,4,9,59,0.2,2,3,2,1,0,297.06,1,18,1,3,2,2,8,1,3,3,1
2,4,9,60,0.05,1,1,1,1,1,244.71,1,5,3,1,3,1,9,1,3,1,3
2,4,9,61,1.8,1,2,1,1,1,193.88,1,14,1,1,1,1,1,1,3,2,2
2,4,9,62,0.8,1,2,1,1,1,197.35,1,16,1,3,1,3,13,3,3,2,2
2,4,9,63,0.4,2,2,2,1,0,197.03,1,15,3,3,2,2,13,3,3,2,2
2,4,9,64,1.8,1,3,1,1,1,186.76,1,11,3,1,3,1,16,1,1,3,3
2,4,9,65,1.8,2,3,2,1,0,195.86,1,5,3,3,2,2,11,3,1,1,3
2,4,9,66,0.05,3,3,2,2,1,343.25,0,5,1,3,3,1,1,3,3,1,1
2,4,9,67,0.4,3,3,2,2,1,235.01,1,3,3,1,1,3,20,3,1,1,3
2,4,9,68,0.4,3,1,2,2,1,262.84,1,16,1,1,3,3,4,1,3,1,3
2,4,9,69,1.8,2,1,2,1,0,174.51,1,6,1,3,2,2,9,3,3,3,3
2,4,9,70,0.8,2,3,2,2,1,235.35,1,3,3,3,2,2,6,3,3,1,1
2,4,9,71,0.05,2,2,2,1,0,326.05,0,12,1,3,2,2,13,3,1,2,2
2,4,9,72,0.2,3,3,2,2,1,201.28,1,17,3,1,1,3,9,3,1,1,3
2,4,9,73,1.8,1,3,1,2,0,170.42,1,4,3,3,3,3,17,3,1,1,3
2,4,9,74,0.4,1,3,1,1,1,205.7,1,16,3,1,3,1,5,1,1,3,3
2,4,9,75,0.2,3,1,2,2,1,226.97,1,8,3,1,1,3,5,3,3,3,3
2,4,9,76,0.8,1,2,1,1,1,191.06,1,16,3,3,3,3,15,3,3,2,2
2,4,9,77,0.1,2,2,2,1,0,266.32,1,12,1,1,2,2,17,3,1,2,2
2,4,9,78,1.8,2,1,2,1,0,192.01,1,17,3,1,2,2,19,1,1,1,1
2,4,10,1,0.8,3,3,2,2,1,233.78,1,4,3,1,1,3,19,1,1,3,3
2,4,10,2,0.8,1,1,1,1,1,227.05,1,7,1,3,1,3,4,3,3,3,3
2,4,10,3,0.8,1,1,1,1,1,208.43,1,10,1,3,1,3,20,3,3,3,3
2,4,10,4,0.1,3,3,2,2,1,334.29,0,17,3,3,1,1,6,3,1,1,3
2,4,10,5,0.4,1,1,1,1,1,207.9,1,7,3,3,3,3,12,3,1,3,1
2,4,10,6,0.4,1,1,1,1,1,191.3,1,10,1,3,1,3,6,3,3,3,3
2,4,10,7,0.1,1,2,1,1,1,289.29,1,8,3,3,3,3,8,3,3,2,2
2,4,10,8,1.8,1,3,1,1,1,187.5,1,16,3,3,3,3,6,3,3,1,1
2,4,10,9,0.2,3,2,2,2,1,204.49,1,16,1,3,3,1,6,1,3,2,2
2,4,10,10,0.2,2,3,2,2,1,285.99,1,7,3,3,2,2,4,3,1,1,3
2,4,10,11,0.1,1,2,1,1,1,292.37,1,7,1,1,1,1,12,1,3,2,2
2,4,10,12,0.8,2,3,2,2,1,200.98,1,16,1,1,2,2,14,1,1,3,3
2,4,10,13,1.8,1,1,1,1,1,185.75,1,9,3,1,3,1,5,3,3,3,3
2,4,10,14,0.2,1,3,1,1,1,270.03,1,13,3,3,3,3,18,3,3,1,1
2,4,10,15,1.8,3,3,2,2,1,198.23,1,1,3,3,1,1,19,1,3,3,1
2,4,10,16,0.05,3,2,2,2,1,294.99,1,3,3,3,1,1,6,3,1,2,2
2,4,10,17,0.1,3,3,2,2,1,268.76,1,2,3,3,1,1,19,1,1,3,3
2,4,10,18,1.8,2,1,NaN,NaN,NaN,NaN,NaN,11,3,3,2,2,6,1,3,1,3
2,4,10,19,0.05,1,2,1,2,0,414.09,0,15,3,1,3,1,12,3,3,2,2
2,4,10,20,1.8,1,2,1,1,1,198.26,1,10,1,3,1,3,20,1,3,2,2
2,4,10,21,0.4,2,1,2,1,0,207.8,1,5,1,1,2,2,1,1,1,1,1
2,4,10,22,0.05,3,1,2,2,1,431.91,0,3,1,3,3,1,9,1,3,1,3
2,4,10,23,0.2,3,3,2,2,1,256.68,1,6,1,1,3,3,4,3,1,1,3
2,4,10,24,0.8,1,2,1,1,1,216.51,1,13,1,3,1,3,6,3,1,2,2
2,4,10,25,0.05,1,3,1,2,0,397.26,0,20,3,3,3,3,16,3,3,1,1
2,4,10,26,0.2,3,2,2,2,1,203.49,1,7,3,1,1,3,5,3,1,2,2
2,4,10,27,0.4,1,1,1,1,1,191.36,1,4,3,1,3,1,16,1,1,1,1
2,4,10,28,0.4,1,3,1,1,1,197.25,1,15,1,3,1,3,20,3,1,1,3
2,4,10,29,0.2,3,1,2,1,0,261.15,1,10,1,1,3,3,20,1,3,1,3
2,4,10,30,0.4,2,2,2,1,0,206.88,1,2,3,3,2,2,7,1,3,2,2
2,4,10,31,0.2,2,3,2,2,1,267.32,1,13,1,1,2,2,10,3,3,1,1
2,4,10,32,0.4,1,3,1,1,1,174.93,1,18,1,1,1,1,3,1,3,3,1
2,4,10,33,0.1,2,3,2,1,0,303.79,0,5,3,3,2,2,11,3,1,1,3
2,4,10,34,0.05,1,1,1,1,1,306.71,0,1,1,3,1,3,3,1,3,1,3
2,4,10,35,0.8,3,2,2,2,1,201.82,1,20,3,3,1,1,17,1,3,2,2
2,4,10,36,0.05,3,2,2,2,1,271.21,1,4,3,1,1,3,5,3,1,2,2
2,4,10,37,0.2,1,2,1,1,1,251,1,3,1,1,1,1,2,1,1,2,2
2,4,10,38,0.05,1,1,1,1,1,223.06,1,12,3,1,3,1,12,3,3,3,3
2,4,10,39,0.8,2,2,2,1,0,205,1,20,1,3,2,2,17,1,1,2,2
2,4,10,40,0.8,2,1,NaN,NaN,NaN,NaN,NaN,7,3,1,2,2,10,3,1,3,1
2,4,10,41,0.1,1,2,1,1,1,317.6,0,14,1,1,1,1,17,1,1,2,2
2,4,10,42,1.8,1,2,1,1,1,206.72,1,14,3,1,3,1,17,1,3,2,2
2,4,10,43,0.2,2,3,2,2,1,286.99,1,10,1,3,2,2,4,3,1,1,3
2,4,10,44,0.4,1,2,1,1,1,197.84,1,11,3,3,3,3,20,3,1,2,2
2,4,10,45,0.1,2,2,2,1,0,272.51,1,12,3,3,2,2,19,1,3,2,2
2,4,10,46,1.8,1,2,1,1,1,201.74,1,20,1,1,1,1,17,3,1,2,2
2,4,10,47,0.8,1,3,1,1,1,200.48,1,3,3,1,3,1,12,1,1,3,3
2,4,10,48,0.05,3,3,2,2,1,288.97,1,7,3,3,1,1,3,3,1,1,3
2,4,10,49,0.4,1,3,1,1,1,219.95,1,12,1,3,1,3,5,3,1,1,3
2,4,10,50,1.8,3,3,NaN,NaN,NaN,NaN,NaN,11,3,3,1,1,11,3,3,1,1
2,4,10,51,1.8,2,1,2,1,0,200.98,1,10,3,3,2,2,17,3,3,3,3
2,4,10,52,0.1,3,2,2,2,1,274.62,1,1,3,3,1,1,15,1,3,2,2
2,4,10,53,0.2,1,1,1,1,1,252.24,1,5,3,1,3,1,5,3,1,3,1
2,4,10,54,0.1,1,1,1,1,1,295.62,1,9,3,3,3,3,10,3,1,3,1
2,4,10,55,0.1,3,3,2,2,1,275.82,1,7,3,1,1,3,8,1,3,3,1
2,4,10,56,1.8,1,2,1,1,1,216.94,1,8,3,3,3,3,20,1,3,2,2
2,4,10,57,0.8,2,2,2,2,1,245.74,1,16,3,1,2,2,16,1,3,2,2
2,4,10,58,0.05,1,1,1,1,1,259.81,1,19,3,1,3,1,1,3,3,3,3
2,4,10,59,1.8,1,3,1,1,1,184.63,1,19,3,1,3,1,15,1,1,3,3
2,4,10,60,0.1,1,1,1,1,1,360.23,0,6,3,1,3,1,1,3,1,3,1
2,4,10,61,0.05,1,1,1,1,1,270.85,1,15,1,1,1,1,17,3,1,3,1
2,4,10,62,0.1,3,3,2,2,1,272.71,1,4,1,3,3,1,15,1,1,3,3
2,4,10,63,0.8,1,2,1,1,1,221.12,1,6,1,1,1,1,13,1,1,2,2
2,4,10,64,0.4,3,3,2,2,1,5.5306,2,13,3,1,1,3,14,3,3,1,1
2,4,10,65,0.4,1,1,1,1,1,222.85,1,13,3,3,3,3,4,3,1,3,1
2,4,10,66,0.4,1,1,1,1,1,199.38,1,8,3,1,3,1,4,3,3,3,3
2,4,10,67,0.2,1,1,1,1,1,262.68,1,7,1,3,1,3,3,3,1,3,1
2,4,10,68,1.8,1,2,1,1,1,215,1,5,3,1,3,1,4,1,3,2,2
2,4,10,69,0.2,1,2,1,1,1,272,1,8,1,1,1,1,15,1,3,2,2
2,4,10,70,1.8,1,2,1,1,1,184.72,1,19,3,3,3,3,6,3,1,2,2
2,4,10,71,0.8,1,1,1,1,1,200.09,1,8,1,3,1,3,17,1,1,1,1
2,4,10,72,0.05,2,3,2,1,0,404.15,0,15,3,1,2,2,13,1,3,3,1
2,4,10,73,0.05,1,1,1,1,1,340.72,0,3,1,1,1,1,8,1,3,1,3
2,4,10,74,0.2,1,2,1,1,1,51.865,2,12,3,1,3,1,5,3,3,2,2
2,4,10,75,0.4,2,2,2,1,0,263.55,1,1,3,3,2,2,20,3,3,2,2
2,4,10,76,0.05,3,3,2,2,1,296.9,1,2,3,1,1,3,8,1,1,3,3
2,4,10,77,0.1,2,3,2,1,0,254.97,1,4,3,1,2,2,4,3,3,1,1
2,4,10,78,0.8,1,1,1,1,1,212.74,1,10,3,3,3,3,5,3,1,3,1
