3,3,1,1,0.2,2,1,2,1,0,196.68,1,1,3,1,2,2,6,1,3,1,3
3,3,1,2,0.2,3,2,2,2,1,243.18,1,6,3,1,1,3,19,3,1,2,2
3,3,1,3,0.8,1,1,1,1,1,216.63,1,8,1,3,1,3,14,1,3,1,3
3,3,1,4,0.8,2,1,2,2,1,333.11,0,11,3,1,2,2,4,1,3,1,3
3,3,1,5,0.1,1,3,1,1,1,262.5,1,15,1,1,1,1,3,1,3,3,1
3,3,1,6,0.8,1,2,1,1,1,196.46,1,8,1,3,1,3,1,1,1,2,2
3,3,1,7,0.1,2,1,2,2,1,252.69,1,14,3,1,2,2,20,3,1,3,1
3,3,1,8,0.05,2,3,2,1,0,223.19,1,9,1,3,2,2,3,1,3,3,1
3,3,1,9,0.4,3,3,NaN,NaN,NaN,NaN,NaN,7,3,1,1,3,10,1,1,3,3
3,3,1,10,0.4,2,1,2,1,0,215.2,1,17,3,1,2,2,15,3,1,3,1
3,3,1,11,1.8,1,1,1,1,1,210.03,1,11,1,1,1,1,5,3,3,3,3
3,3,1,12,0.8,1,2,1,1,1,229.13,1,12,3,1,3,1,5,1,3,2,2
3,3,1,13,0.8,3,1,2,2,1,197.01,1,12,1,3,3,1,17,3,1,3,1
3,3,1,14,0.05,2,1,2,1,0,394.57,0,17,3,1,2,2,19,1,1,1,1
3,3,1,15,0.4,3,2,2,2,1,197.08,1,14,1,3,3,1,10,3,1,2,2
3,3,1,16,1.8,3,1,2,2,1,210.62,1,4,3,3,1,1,20,1,1,1,1
3,3,1,17,0.8,2,2,2,2,1,252.74,1,1,1,3,2,2,17,3,3,2,2
3,3,1,18,0.2,1,1,1,1,1,245.48,1,9,1,3,1,3,4,1,3,1,3
3,3,1,19,0.2,2,2,2,2,1,222.32,1,19,3,1,2,2,12,1,1,2,2
3,3,1,20,1.8,2,1,2,2,1,212.6,1,10,1,3,2,2,20,1,1,1,1
3,3,1,21,0.8,1,2,1,1,1,238.59,1,8,1,1,1,1,3,1,1,2,2
3,3,1,22,0.4,1,3,1,2,0,211.46,1,4,1,3,1,3,11,1,3,3,1
3,3,1,23,0.4,3,2,2,2,1,210.38,1,19,1,1,3,3,12,1,3,2,2
3,3,1,24,0.2,1,1,1,1,1,274.33,1,5,1,3,1,3,9,1,1,1,1
3,3,1,25,0.4,1,1,1,1,1,223.96,1,15,1,3,1,3,7,3,1,3,1
3,3,1,26,0.05,3,2,2,2,1,292.66,1,4,1,1,3,3,2,1,3,2,2
3,3,1,27,0.1,1,3,1,1,1,285.36,1,16,1,1,1,1,19,1,1,3,3
3,3,1,28,0.05,1,3,1,1,1,292.05,1,17,1,3,1,3,19,3,3,1,1
3,3,1,29,0.1,1,1,1,1,1,248.17,1,11,1,3,1,3,14,1,3,1,3
3,3,1,30,1.8,1,3,1,1,1,226.2,1,2,1,1,1,1,7,3,1,1,3
3,3,1,31,0.4,3,1,2,2,1,205.94,1,18,3,3,1,1,12,3,3,3,3
3,3,1,32,0.1,1,1,1,1,1,266.02,1,14,3,1,3,1,5,1,1,1,1
3,3,1,33,0.2,2,1,2,2,1,226.98,1,11,3,3,2,2,13,3,1,3,1
3,3,1,34,1.8,1,3,1,1,1,211.6,1,8,1,1,1,1,3,1,3,3,1
3,3,1,35,0.05,2,2,2,2,1,333.42,0,6,1,1,2,2,12,1,3,2,2
3,3,1,36,0.2,3,2,2,2,1,262.16,1,2,1,3,3,1,2,1,1,2,2
3,3,1,37,0.1,3,3,2,1,0,276.52,1,20,1,3,3,1,1,3,1,1,3
3,3,1,38,0.1,1,3,1,1,1,323.05,0,13,3,1,3,1,7,3,1,1,3
3,3,1,39,0.4,1,2,1,1,1,195.54,1,8,3,1,3,1,9,1,3,2,2
3,3,1,40,0.4,3,3,2,2,1,13.688,2,11,3,1,1,3,3,3,1,1,3
3,3,1,41,0.05,3,2,2,2,1,348.09,0,13,3,1,1,3,1,3,3,2,2
3,3,1,42,0.05,2,3,2,1,0,308.23,0,11,3,1,2,2,20,3,1,1,3
3,3,1,43,1.8,1,1,1,1,1,210.68,1,20,1,1,1,1,6,3,1,3,1
3,3,1,44,0.2,2,2,2,1,0,243.85,1,11,1,1,2,2,4,1,3,2,2
3,3,1,45,1.8,3,1,2,2,1,226.51,1,8,3,3,1,1,3,1,1,1,1
3,3,1,46,0.2,3,3,2,2,1,312.07,0,18,3,1,1,3,16,1,3,3,1
3,3,1,47,0.8,3,2,2,2,1,201.83,1,10,3,1,1,3,14,3,1,2,2
3,3,1,48,0.2,3,2,2,2,1,278.56,1,18,1,3,3,1,12,1,1,2,2
3,3,1,49,1.8,3,3,2,2,1,203.15,1,4,1,1,3,3,3,3,3,1,1
3,3,1,50,0.8,1,3,1,1,1,246.24,1,9,3,1,3,1,11,1,1,3,3
3,3,1,51,0.1,1,2,1,1,1,302.48,0,3,1,1,1,1,18,3,1,2,2
3,3,1,52,0.8,1,1,1,1,1,198.71,1,14,1,3,1,3,15,1,1,1,1
3,3,1,53,0.8,3,3,2,2,1,223.76,1,3,1,1,3,3,7,1,3,3,1
3,3,1,54,0.1,1,2,1,1,1,226.66,1,12,1,3,1,3,1,3,3,2,2
3,3,1,55,0.05,1,1,1,1,1,357.12,0,2,1,1,1,1,19,3,3,3,3
3,3,1,56,0.4,2,2,2,2,1,200.38,1,17,3,3,2,2,16,1,1,2,2
3,3,1,57,0.1,1,2,1,1,1,247.85,1,17,3,3,3,3,1,1,1,2,2
3,3,1,58,0.05,2,1,2,1,0,284.25,1,3,3,1,2,2,1,3,1,3,1
3,3,1,59,0.8,1,3,1,1,1,195.42,1,12,3,3,3,3,10,1,1,3,3
3,3,1,60,0.1,2,2,2,2,1,259.1,1,3,1,1,2,2,17,1,3,2,2
3,3,1,61,0.2,3,3,2,2,1,246.92,1,16,3,3,1,1,8,1,1,3,3
3,3,1,62,1.8,2,3,2,1,0,226.14,1,20,1,3,2,2,4,3,3,1,1
3,3,1,63,1.8,2,1,2,1,0,216.88,1,12,1,1,2,2,5,1,1,1,1
3,3,1,64,1.8,3,1,2,2,1,221.74,1,4,1,3,3,1,19,1,1,1,1
3,3,1,65,1.8,3,1,2,2,1,208.38,1,18,3,3,1,1,7,3,3,3,3
3,3,1,66,0.4,1,3,1,1,1,595.58,0,14,1,3,1,3,19,3,3,1,1
3,3,1,67,0.1,3,1,2,2,1,387.87,0,16,3,1,1,3,18,3,1,3,1
3,3,1,68,0.05,1,2,1,1,1,271.91,1,15,3,3,3,3,6,3,1,2,2
3,3,1,69,0.1,1,2,1,1,1,272.62,1,1,3,3,3,3,2,1,3,2,2
3,3,1,70,0.8,3,3,2,2,1,199.31,1,18,3,1,1,3,19,1,3,3,1
3,3,1,71,0.05,1,1,1,1,1,283.79,1,11,1,3,1,3,3,1,1,1,1
3,3,1,72,0.2,1,3,1,1,1,277.27,1,11,3,3,3,3,15,3,3,1,1
3,3,1,73,1.8,2,1,NaN,NaN,NaN,NaN,NaN,12,3,3,2,2,1,1,1,1,1
3,3,1,74,0.4,3,1,2,2,1,260.35,1,10,3,1,1,3,19,1,1,1,1
3,3,1,75,0.4,3,2,2,2,1,228.31,1,11,1,3,3,1,16,3,3,2,2
3,3,1,76,0.05,1,3,1,1,1,311.18,0,18,3,3,3,3,10,1,1,3,3
3,3,1,77,0.2,1,2,1,1,1,218.26,1,2,3,1,3,1,12,3,1,2,2
3,3,1,78,0.05,1,1,1,1,1,243.53,1,9,3,3,3,3,13,3,3,3,3
3,3,2,1,1.8,3,1,2,1,0,209.83,1,12,1,1,3,3,11,1,3,1,3
3,3,2,2,0.8,1,1,1,1,1,214.86,1,5,1,1,1,1,13,1,3,1,3
3,3,2,3,1.8,1,3,1,1,1,220.85,1,17,3,1,3,1,9,3,3,1,1
3,3,2,4,0.1,1,3,1,1,1,313.31,0,9,3,1,3,1,7,3,3,1,1
3,3,2,5,0.4,1,1,1,1,1,221.15,1,14,1,1,1,1,15,1,1,1,1
3,3,2,6,0.1,1,1,1,1,1,255.1,1,11,1,1,1,1,4,3,1,3,1
3,3,2,7,0.2,3,3,2,2,1,171.25,1,1,1,1,3,3,1,1,1,3,3
3,3,2,8,0.2,3,3,2,2,1,234.59,1,5,1,1,3,3,13,3,1,1,3
3,3,2,9,0.4,2,2,2,2,1,186.65,1,14,1,1,2,2,18,1,1,2,2
3,3,2,10,0.4,2,2,2,2,1,192.51,1,5,3,3,2,2,18,3,3,2,2
3,3,2,11,1.8,2,1,2,2,1,247.64,1,4,3,3,2,2,13,1,3,1,3
3,3,2,12,0.4,1,1,1,1,1,258.22,1,4,1,1,1,1,20,1,1,1,1
3,3,2,13,0.8,1,3,1,2,0,236.26,1,6,3,1,3,1,4,1,3,3,1
3,3,2,14,0.1,1,2,1,1,1,279.05,1,16,1,1,1,1,4,3,3,2,2
3,3,2,15,0.4,2,1,2,2,1,244.47,1,10,3,3,2,2,6,3,3,3,3
3,3,2,16,0.2,1,2,1,1,1,266.6,1,8,3,1,3,1,8,3,1,2,2
3,3,2,17,0.8,1,1,1,1,1,228.38,1,20,3,3,3,3,16,3,3,3,3
3,3,2,18,0.4,3,1,2,2,1,258.65,1,11,1,3,3,1,3,1,3,1,3
3,3,2,19,0.8,2,1,2,1,0,195.66,1,4,1,3,2,2,20,3,3,3,3
3,3,2,20,0.1,1,1,1,1,1,677.34,0,4,3,3,3,3,4,1,1,1,1
3,3,2,21,0.1,3,1,2,2,1,357.19,0,18,1,1,3,3,6,3,3,3,3
3,3,2,22,0.05,1,1,1,1,1,281.71,1,4,1,1,1,1,1,1,1,1,1
3,3,2,23,0.8,1,1,1,1,1,220.4,1,9,3,3,3,3,13,1,1,1,1
3,3,2,24,0.8,2,1,2,2,1,288.25,1,5,3,1,2,2,20,1,3,1,3
3,3,2,25,0.1,2,3,2,2,1,347.45,0,1,3,1,2,2,18,1,1,3,3
3,3,2,26,0.05,2,3,2,1,0,308.7,0,5,3,3,2,2,15,3,3,1,1
3,3,2,27,0.2,2,2,2,1,0,261.03,1,17,1,1,2,2,12,1,1,2,2
3,3,2,28,1.8,3,3,2,2,1,220.29,1,2,3,1,1,3,12,3,3,1,1
3,3,2,29,1.8,3,2,2,2,1,262.34,1,1,1,3,3,1,7,3,1,2,2
3,3,2,30,0.2,3,2,2,2,1,285.45,1,4,1,1,3,3,12,3,3,2,2
3,3,2,31,0.05,3,1,2,2,1,361.44,0,11,3,3,1,1,14,3,3,3,3
3,3,2,32,0.05,1,1,1,1,1,290.92,1,5,3,3,3,3,2,3,3,3,3
3,3,2,33,0.05,1,3,1,1,1,296.13,1,9,3,3,3,3,14,3,3,1,1
3,3,2,34,0.4,3,1,2,2,1,216.28,1,10,3,3,1,1,13,3,1,3,1
3,3,2,35,0.2,1,3,1,1,1,229.58,1,20,3,1,3,1,10,1,1,3,3
3,3,2,36,0.8,3,2,2,2,1,242.48,1,4,3,3,1,1,20,3,1,2,2
3,3,2,37,0.05,1,2,1,1,1,329.56,0,17,1,1,1,1,12,3,1,2,2
3,3,2,38,0.1,3,1,2,2,1,282.13,1,13,1,1,3,3,5,3,1,3,1
3,3,2,39,0.1,1,2,1,1,1,332.01,0,12,1,1,1,1,14,3,3,2,2
3,3,2,40,0.2,3,2,2,2,1,289.87,1,10,1,3,3,1,11,1,3,2,2
3,3,2,41,0.4,1,2,1,1,1,235.39,1,14,3,3,3,3,16,3,3,2,2
3,3,2,42,1.8,1,2,1,1,1,231.91,1,8,1,1,1,1,4,3,3,2,2
3,3,2,43,0.8,3,3,2,2,1,216.41,1,15,1,1,3,3,18,3,1,1,3
3,3,2,44,1.8,2,2,2,1,0,187.74,1,12,3,1,2,2,17,1,1,2,2
3,3,2,45,0.8,1,1,1,1,1,249.73,1,5,1,3,1,3,15,3,1,3,1
3,3,2,46,1.8,2,2,2,2,1,219.26,1,2,1,3,2,2,15,3,3,2,2
3,3,2,47,0.1,1,2,1,1,1,268.3,1,8,3,3,3,3,15,1,3,2,2
3,3,2,48,0.8,1,2,1,1,1,225.52,1,4,3,1,3,1,3,1,3,2,2
3,3,2,49,0.05,3,2,2,2,1,491.9,0,8,1,1,3,3,20,3,3,2,2
3,3,2,50,0.1,1,2,1,1,1,263.45,1,12,3,1,3,1,17,1,1,2,2
3,3,2,51,1.8,1,1,1,1,1,201.46,1,13,1,1,1,1,13,3,1,3,1
3,3,2,52,0.2,3,2,2,2,1,253.87,1,7,1,3,3,1,8,1,1,2,2
3,3,2,53,0.4,2,3,2,1,0,249.24,1,10,1,1,2,2,13,1,3,3,1
3,3,2,54,0.05,1,3,1,1,1,393.64,0,16,3,1,3,1,8,3,1,1,3
3,3,2,55,0.1,1,3,1,1,1,225.26,1,14,3,3,3,3,7,1,3,3,1
3,3,2,56,0.05,3,3,2,2,1,408.24,0,10,3,1,1,3,10,3,1,1,3
3,3,2,57,0.2,3,1,2,2,1,264.11,1,10,3,3,1,1,9,3,3,3,3
3,3,2,58,0.8,1,1,1,1,1,236.91,1,10,1,1,1,1,18,1,3,1,3
3,3,2,59,0.2,1,3,1,1,1,267.14,1,18,3,3,3,3,3,3,3,1,1
3,3,2,60,1.8,1,2,1,1,1,207.34,1,20,3,3,3,3,16,1,3,2,2
3,3,2,61,0.05,1,2,1,1,1,314.42,0,16,3,1,3,1,11,1,3,2,2
3,3,2,62,0.8,3,2,2,2,1,263.53,1,1,3,1,1,3,17,3,1,2,2
3,3,2,63,0.4,2,1,2,2,1,266.98,1,5,3,1,2,2,4,3,1,3,1
3,3,2,64,1.8,1,2,1,1,1,196.63,1,8,3,3,3,3,13,1,1,2,2
3,3,2,65,1.8,2,2,2,2,1,223.66,1,19,3,3,2,2,7,1,1,2,2
3,3,2,66,0.05,1,2,1,1,1,654.1,0,10,1,1,1,1,15,3,3,2,2
3,3,2,67,1.8,1,1,1,1,1,223.3,1,10,3,3,3,3,19,1,1,1,1
3,3,2,68,0.1,3,3,2,2,1,307.17,0,11,3,1,1,3,20,1,3,3,1
3,3,2,69,0.2,3,3,2,2,1,218.01,1,8,3,3,1,1,6,3,1,1,3
3,3,2,70,0.05,3,3,2,2,1,320.84,0,14,1,1,3,3,15,1,3,3,1
3,3,2,71,0.2,3,3,2,2,1,215.93,1,9,3,1,1,3,15,1,3,3,1
3,3,2,72,0.4,3,2,2,1,0,204.26,1,12,3,3,1,1,13,3,3,2,2
3,3,2,73,0.2,1,1,1,1,1,272.25,1,9,3,3,3,3,6,3,1,3,1
3,3,2,74,0.4,1,2,1,1,1,228.13,1,4,3,3,3,3,14,1,3,2,2
3,3,2,75,0.1,1,2,1,1,1,287.16,1,4,1,3,1,3,20,1,1,2,2
3,3,2,76,0.05,2,1,2,1,0,269.47,1,14,1,1,2,2,1,1,3,1,3
3,3,2,77,0.4,3,3,2,2,1,214.17,1,17,3,3,1,1,15,1,1,3,3
3,3,2,78,0.8,1,2,1,1,1,222.34,1,19,1,3,1,3,8,1,3,2,2
3,3,3,1,0.1,1,3,1,1,1,321.4,0,14,3,3,3,3,6,3,3,1,1
3,3,3,2,0.4,3,2,2,2,1,214.38,1,4,1,3,3,1,17,3,1,2,2
3,3,3,3,1.8,1,1,1,1,1,210.71,1,4,1,3,1,3,9,1,1,1,1
3,3,3,4,0.2,3,1,2,2,1,276.21,1,6,1,1,3,3,17,1,1,1,1
3,3,3,5,0.05,3,2,2,2,1,363.44,0,19,3,3,1,1,10,3,3,2,2
3,3,3,6,0.05,2,1,2,1,0,331.17,0,5,3,3,2,2,1,1,3,1,3
3,3,3,7,1.8,2,3,2,1,0,259.15,1,12,3,3,2,2,12,3,3,1,1
3,3,3,8,0.8,1,1,1,1,1,235.18,1,15,1,1,1,1,12,1,3,1,3
3,3,3,9,0.2,3,2,2,2,1,277.01,1,19,1,1,3,3,3,3,3,2,2
3,3,3,10,0.4,1,3,1,1,1,248.58,1,15,3,3,3,3,19,1,1,3,3
3,3,3,11,0.8,2,2,2,2,1,244.09,1,6,1,3,2,2,12,1,1,2,2
3,3,3,12,0.4,2,2,2,1,0,223.7,1,19,1,3,2,2,6,3,3,2,2
3,3,3,13,0.2,1,3,1,2,0,388.52,0,11,3,3,3,3,19,1,3,3,1
3,3,3,14,0.05,1,1,1,1,1,190.11,1,2,3,1,3,1,10,3,3,3,3
3,3,3,15,0.8,3,2,2,2,1,228.46,1,7,3,1,1,3,20,1,3,2,2
3,3,3,16,0.8,3,1,NaN,NaN,NaN,NaN,NaN,2,1,1,3,3,17,3,3,3,3
3,3,3,17,0.4,2,1,2,2,1,236.16,1,16,3,1,2,2,4,1,1,1,1
3,3,3,18,0.2,1,2,1,1,1,260.46,1,10,3,1,3,1,17,1,3,2,2
3,3,3,19,0.05,1,1,1,1,1,261.49,1,1,1,3,1,3,16,3,1,3,1
3,3,3,20,0.8,2,2,2,2,1,205.79,1,13,1,3,2,2,1,3,1,2,2
3,3,3,21,1.8,1,2,1,1,1,231.17,1,19,3,1,3,1,1,1,1,2,2
3,3,3,22,0.05,1,2,1,1,1,340.35,0,8,1,3,1,3,8,1,1,2,2
3,3,3,23,0.05,2,1,2,2,1,425.97,0,9,1,3,2,2,16,1,1,1,1
3,3,3,24,0.2,1,1,1,1,1,254.53,1,6,3,3,3,3,14,3,1,3,1
3,3,3,25,1.8,3,2,2,2,1,243.09,1,7,1,1,3,3,4,3,3,2,2
3,3,3,26,0.4,1,1,1,1,1,298.48,1,15,3,3,3,3,8,1,1,1,1
3,3,3,27,0.2,2,2,2,2,1,303.12,0,11,1,1,2,2,12,3,3,2,2
3,3,3,28,0.05,3,3,2,2,1,324.38,0,3,1,1,3,3,20,3,3,1,1
3,3,3,29,0.4,2,2,2,1,0,71.526,2,8,1,1,2,2,11,1,3,2,2
3,3,3,30,0.4,2,1,2,2,1,195.62,1,8,1,1,2,2,6,1,3,1,3
3,3,3,31,0.1,3,2,2,2,1,361.09,0,20,1,3,3,1,12,1,1,2,2
3,3,3,32,0.05,1,1,1,1,1,273.78,1,16,1,1,1,1,6,1,3,1,3
3,3,3,33,0.8,2,1,2,1,0,214.51,1,12,3,1,2,2,16,1,3,1,3
3,3,3,34,0.05,1,2,1,1,1,290.28,1,5,1,1,1,1,6,3,1,2,2
3,3,3,35,0.2,2,1,2,2,1,302.88,0,14,1,3,2,2,14,1,1,1,1
3,3,3,36,0.1,3,1,2,2,1,300.54,0,6,1,3,3,1,18,1,1,1,1
3,3,3,37,0.1,2,1,2,1,0,253.59,1,13,3,3,2,2,4,1,3,1,3
3,3,3,38,0.8,3,2,NaN,NaN,NaN,NaN,NaN,12,3,3,1,1,8,3,1,2,2
3,3,3,39,0.4,3,2,2,2,1,207.76,1,16,3,3,1,1,14,3,3,2,2
3,3,3,40,0.1,1,1,1,1,1,239.44,1,18,3,3,3,3,18,3,1,3,1
3,3,3,41,0.05,2,2,2,1,0,323.83,0,2,1,1,2,2,16,3,3,2,2
3,3,3,42,0.05,3,3,2,1,0,257.56,1,14,1,1,3,3,7,3,3,1,1
3,3,3,43,1.8,3,1,2,2,1,165.1,1,19,3,3,1,1,15,1,3,1,3
3,3,3,44,0.4,2,2,2,2,1,265.91,1,4,3,1,2,2,19,3,1,2,2
3,3,3,45,0.8,2,2,2,2,1,224.74,1,6,3,1,2,2,5,3,1,2,2
3,3,3,46,0.4,1,1,1,1,1,451.63,0,20,1,3,1,3,8,1,3,1,3
3,3,3,47,0.2,1,1,1,1,1,271.99,1,18,1,1,1,1,2,3,1,3,1
3,3,3,48,0.2,2,1,2,1,0,281.7,1,18,3,3,2,2,17,1,1,1,1
3,3,3,49,1.8,2,1,2,2,1,189.2,1,6,3,3,2,2,6,3,3,3,3
3,3,3,50,0.8,3,1,2,2,1,258.45,1,7,1,1,3,3,12,3,1,3,1
3,3,3,51,0.8,1,3,1,1,1,210.71,1,5,3,3,3,3,4,3,1,1,3
3,3,3,52,0.2,1,1,1,1,1,258.87,1,5,3,3,3,3,5,3,3,3,3
3,3,3,53,0.1,2,1,2,1,0,287.25,1,10,3,3,2,2,5,3,3,3,3
3,3,3,54,0.1,3,1,2,2,1,299.56,1,10,3,1,1,3,12,3,3,3,3
3,3,3,55,0.2,3,3,2,2,1,259.47,1,6,1,1,3,3,1,1,3,3,1
3,3,3,56,0.8,3,3,2,2,1,238.28,1,13,3,3,1,1,13,3,1,1,3
3,3,3,57,0.05,2,3,2,2,1,376.51,0,19,1,1,2,2,2,1,1,3,3
3,3,3,58,1.8,3,1,NaN,NaN,NaN,NaN,NaN,12,3,1,1,3,16,1,3,1,3
3,3,3,59,0.4,3,3,2,2,1,241.48,1,3,3,1,1,3,12,3,1,1,3
3,3,3,60,1.8,1,3,1,1,1,234.41,1,7,1,3,1,3,8,1,3,3,1
3,3,3,61,0.2,1,2,1,1,1,278.91,1,13,3,1,3,1,15,1,3,2,2
3,3,3,62,1.8,3,3,NaN,NaN,NaN,NaN,NaN,8,3,3,1,1,15,3,3,1,1
3,3,3,63,0.8,2,1,2,2,1,218.37,1,6,1,1,2,2,8,3,3,3,3
3,3,3,64,0.1,1,3,1,1,1,336.52,0,7,1,1,1,1,6,3,3,1,1
3,3,3,65,0.1,3,2,2,2,1,282.05,1,2,3,1,1,3,16,1,3,2,2
3,3,3,66,1.8,1,2,1,1,1,222.5,1,2,3,1,3,1,10,3,3,2,2
3,3,3,67,0.1,2,3,2,1,0,300.42,0,16,1,1,2,2,5,1,1,3,3
3,3,3,68,0.4,3,3,2,2,1,275.34,1,17,3,3,1,1,17,3,3,1,1
3,3,3,69,1.8,2,3,2,1,0,354.52,0,7,1,1,2,2,2,1,1,3,3
3,3,3,70,0.1,2,1,2,1,0,315.1,0,9,3,1,2,2,6,1,3,1,3
3,3,3,71,1.8,3,1,2,2,1,228.88,1,13,1,3,3,1,18,1,1,1,1
3,3,3,72,0.4,2,1,2,2,1,259.59,1,6,1,1,2,2,19,3,1,3,1
3,3,3,73,0.8,1,3,1,1,1,238.3,1,6,3,3,3,3,3,1,1,3,3
3,3,3,74,0.05,3,2,2,2,1,390.84,0,14,1,1,3,3,5,1,1,2,2
3,3,3,75,0.2,3,1,2,2,1,262.68,1,19,1,1,3,3,8,1,3,1,3
3,3,3,76,0.1,2,2,2,1,0,270.43,1,12,3,3,2,2,4,1,1,2,2
3,3,3,77,0.1,3,2,2,1,0,289.55,1,9,1,3,3,1,9,3,1,2,2
3,3,3,78,1.8,3,2,2,2,1,261.29,1,5,3,3,1,1,6,3,1,2,2
3,3,4,1,0.8,1,2,NaN,NaN,NaN,NaN,NaN,9,1,1,1,1,17,3,1,2,2
3,3,4,2,0.2,1,1,1,1,1,360.8,0,18,1,3,1,3,15,1,1,1,1
3,3,4,3,0.8,1,1,1,1,1,210.43,1,17,1,3,1,3,18,1,3,1,3
3,3,4,4,0.2,2,2,2,2,1,288.26,1,8,3,1,2,2,1,1,3,2,2
3,3,4,5,0.8,1,2,1,1,1,209.23,1,12,3,3,3,3,1,1,1,2,2
3,3,4,6,0.4,3,2,2,2,1,240.25,1,17,3,1,1,3,16,1,1,2,2
3,3,4,7,0.05,1,3,1,1,1,338.8,0,19,3,1,3,1,12,3,1,1,3
3,3,4,8,1.8,1,1,1,1,1,189.55,1,6,1,3,1,3,20,1,1,1,1
3,3,4,9,0.2,1,2,1,1,1,238.97,1,17,1,1,1,1,5,1,1,2,2
3,3,4,10,0.1,2,1,2,1,0,333.05,0,12,3,1,2,2,11,3,3,3,3
3,3,4,11,1.8,3,1,NaN,NaN,NaN,NaN,NaN,16,3,3,1,1,11,3,1,3,1
3,3,4,12,0.4,1,1,1,1,1,244.95,1,18,1,1,1,1,7,1,3,1,3
3,3,4,13,0.4,2,3,2,1,0,358.97,0,1,1,1,2,2,17,1,3,3,1
3,3,4,14,0.05,2,3,2,1,0,290.75,1,19,3,1,2,2,1,1,1,3,3
3,3,4,15,0.4,2,2,2,2,1,250.66,1,20,1,3,2,2,8,3,1,2,2
3,3,4,16,0.1,2,2,2,1,0,345.57,0,16,3,3,2,2,19,3,1,2,2
3,3,4,17,0.1,2,1,2,1,0,322.12,0,5,1,1,2,2,18,1,1,1,1
3,3,4,18,0.2,1,3,1,1,1,256.77,1,15,3,1,3,1,14,1,3,3,1
3,3,4,19,0.8,3,2,2,2,1,222.57,1,12,1,3,3,1,5,3,3,2,2
3,3,4,20,0.4,1,1,1,1,1,225.29,1,3,3,1,3,1,13,3,3,3,3
3,3,4,21,0.05,1,1,1,1,1,327.96,0,18,3,1,3,1,9,1,3,1,3
3,3,4,22,0.4,1,3,1,1,1,237.6,1,9,3,3,3,3,9,3,3,1,1
3,3,4,23,0.4,2,2,2,2,1,214.55,1,16,1,3,2,2,16,1,3,2,2
3,3,4,24,0.4,1,2,1,1,1,215.19,1,20,3,1,3,1,16,1,3,2,2
3,3,4,25,0.2,3,3,2,2,1,245.73,1,15,1,1,3,3,19,1,3,3,1
3,3,4,26,1.8,2,3,2,2,1,214.19,1,9,3,3,2,2,9,1,3,3,1
3,3,4,27,0.1,2,3,2,2,1,344.62,0,1,1,3,2,2,8,1,3,3,1
3,3,4,28,1.8,3,3,2,2,1,221.62,1,20,1,1,3,3,20,1,1,3,3
3,3,4,29,1.8,2,2,2,1,0,212.59,1,12,1,3,2,2,16,3,1,2,2
3,3,4,30,0.8,2,3,2,2,1,214.23,1,1,1,3,2,2,20,1,1,3,3
3,3,4,31,0.1,1,2,1,1,1,291.64,1,1,3,1,3,1,2,1,1,2,2
3,3,4,32,0.4,2,1,2,1,0,250.41,1,5,1,1,2,2,18,1,3,1,3
3,3,4,33,0.2,1,3,1,1,1,256,1,17,3,1,3,1,17,3,3,1,1
3,3,4,34,1.8,2,1,2,1,0,239.89,1,10,3,1,2,2,1,1,3,1,3
3,3,4,35,0.8,1,3,1,1,1,206.71,1,1,3,1,3,1,17,3,1,1,3
3,3,4,36,0.2,2,2,2,2,1,298.32,1,16,1,1,2,2,4,3,3,2,2
3,3,4,37,0.05,2,1,2,1,0,351.39,0,17,1,1,2,2,19,3,1,3,1
3,3,4,38,0.2,3,3,2,2,1,210.12,1,10,1,3,3,1,5,3,3,1,1
3,3,4,39,0.2,1,2,1,1,1,262.91,1,19,3,3,3,3,6,1,3,2,2
3,3,4,40,1.8,3,2,2,2,1,220.7,1,4,1,1,3,3,11,1,3,2,2
3,3,4,41,0.1,2,1,2,2,1,326.98,0,20,3,1,2,2,13,1,3,1,3
3,3,4,42,0.1,1,3,1,1,1,230.95,1,19,3,1,3,1,17,3,1,1,3
3,3,4,43,0.05,3,2,2,2,1,343.27,0,10,1,1,3,3,16,3,1,2,2
3,3,4,44,1.8,3,3,2,2,1,230.32,1,13,3,3,1,1,19,3,1,1,3
3,3,4,45,0.8,3,1,2,2,1,251.77,1,6,1,1,3,3,6,3,1,3,1
3,3,4,46,1.8,3,3,2,2,1,214,1,16,1,1,3,3,9,3,3,1,1
3,3,4,47,0.8,3,3,2,2,1,279.93,1,15,3,1,1,3,4,3,3,1,1
3,3,4,48,0.2,1,3,1,1,1,272.06,1,19,1,3,1,3,15,1,3,3,1
3,3,4,49,0.05,3,1,2,2,1,332.9,0,11,1,1,3,3,2,3,1,3,1
3,3,4,50,0.05,3,2,2,2,1,318.32,0,10,3,3,1,1,4,3,1,2,2
3,3,4,51,0.8,2,1,NaN,NaN,NaN,NaN,NaN,11,1,3,2,2,2,3,3,3,3
3,3,4,52,0.1,1,3,1,1,1,286.32,1,16,3,3,3,3,20,3,1,1,3
3,3,4,53,0.05,2,2,2,2,1,294.38,1,18,1,1,2,2,4,1,1,2,2
3,3,4,54,0.8,1,1,1,1,1,211.28,1,6,3,1,3,1,10,1,1,1,1
3,3,4,55,0.4,1,1,1,1,1,196.85,1,16,3,3,3,3,3,1,1,1,1
3,3,4,56,0.05,1,3,1,1,1,317.84,0,16,1,1,1,1,11,1,3,3,1
3,3,4,57,0.4,2,2,2,1,0,231.94,1,10,1,1,2,2,4,1,1,2,2
3,3,4,58,0.2,2,3,2,1,0,206.06,1,1,1,1,2,2,3,3,1,1,3
3,3,4,59,0.8,1,3,1,1,1,229.13,1,9,3,1,3,1,4,1,1,3,3
3,3,4,60,0.4,2,1,2,1,0,217.51,1,20,1,1,2,2,7,1,1,1,1
3,3,4,61,1.8,1,2,1,1,1,217.88,1,9,1,3,1,3,3,3,1,2,2
3,3,4,62,0.8,1,3,1,1,1,216.41,1,3,3,3,3,3,5,3,1,1,3
3,3,4,63,0.2,1,2,1,1,1,233.28,1,20,3,1,3,1,15,3,1,2,2
3,3,4,64,0.1,1,2,1,1,1,307.68,0,14,3,3,3,3,6,3,1,2,2
3,3,4,65,0.05,1,3,1,1,1,232.74,1,7,3,3,3,3,15,3,3,1,1
3,3,4,66,0.1,1,2,1,1,1,218.4,1,9,1,3,1,3,3,3,3,2,2
3,3,4,67,1.8,1,2,1,1,1,249.86,1,3,1,1,1,1,13,3,1,2,2
3,3,4,68,0.4,3,3,2,2,1,205.85,1,5,3,3,1,1,6,3,1,1,3
3,3,4,69,0.1,2,3,2,1,0,280.24,1,2,3,3,2,2,18,3,1,1,3
3,3,4,70,0.05,1,1,1,1,1,215.62,1,19,1,1,1,1,13,3,1,3,1
3,3,4,71,1.8,3,1,2,2,1,241.17,1,19,1,3,3,1,5,3,3,3,3
3,3,4,72,0.2,3,3,2,2,1,252.72,1,5,3,3,1,1,16,3,1,1,3
3,3,4,73,0.1,3,1,2,2,1,272.14,1,7,3,3,1,1,19,1,3,1,3
3,3,4,74,0.1,1,2,1,1,1,217.8,1,5,3,3,3,3,8,3,1,2,2
3,3,4,75,0.05,1,3,1,1,1,210.45,1,19,1,1,1,1,7,1,1,3,3
3,3,4,76,0.8,3,3,NaN,NaN,NaN,NaN,NaN,7,3,1,1,3,13,3,3,1,1
3,3,4,77,1.8,3,2,2,2,1,206.97,1,17,1,3,3,1,17,3,1,2,2
3,3,4,78,0.05,2,3,2,2,1,289.95,1,1,1,1,2,2,14,1,1,3,3
3,3,5,1,0.05,1,3,1,1,1,299.22,1,14,1,1,1,1,20,3,1,1,3
3,3,5,2,0.2,1,3,1,1,1,212.3,1,6,3,3,3,3,6,1,3,3,1
3,3,5,3,0.8,3,2,2,1,0,213.14,1,12,3,3,1,1,11,1,3,2,2
3,3,5,4,0.2,1,3,1,1,1,242.83,1,11,3,3,3,3,14,3,3,1,1
3,3,5,5,0.2,3,3,2,2,1,231.88,1,14,1,1,3,3,20,1,3,3,1
3,3,5,6,0.4,2,1,2,2,1,227.69,1,19,1,3,2,2,3,1,1,1,1
3,3,5,7,0.8,1,1,1,1,1,216.71,1,2,1,1,1,1,15,3,1,3,1
3,3,5,8,0.4,1,1,1,1,1,195.94,1,13,3,3,3,3,10,3,3,3,3
3,3,5,9,0.4,3,3,2,2,1,218.7,1,1,1,3,3,1,2,1,1,3,3
3,3,5,10,0.05,1,1,1,1,1,263.65,1,11,1,1,1,1,11,1,1,1,1
3,3,5,11,1.8,1,1,1,1,1,235.42,1,14,1,3,1,3,3,1,1,1,1
3,3,5,12,0.4,1,3,1,1,1,212.32,1,12,3,3,3,3,7,1,3,3,1
3,3,5,13,0.1,1,2,1,1,1,218.62,1,20,1,1,1,1,3,1,3,2,2
3,3,5,14,0.05,3,2,2,2,1,341.75,0,14,1,1,3,3,12,3,1,2,2
3,3,5,15,0.8,1,1,NaN,NaN,NaN,NaN,NaN,9,3,1,3,1,6,1,3,1,3
3,3,5,16,0.8,1,2,1,1,1,211.01,1,20,1,3,1,3,3,3,3,2,2
3,3,5,17,0.4,3,3,2,2,1,228.11,1,5,3,3,1,1,10,1,3,3,1
3,3,5,18,0.8,1,2,1,1,1,240.38,1,6,1,3,1,3,14,3,3,2,2
3,3,5,19,0.2,1,3,1,1,1,265.5,1,4,3,1,3,1,15,1,1,3,3
3,3,5,20,0.1,3,2,2,2,1,260.56,1,16,1,3,3,1,7,1,1,2,2
3,3,5,21,1.8,3,2,2,2,1,207.38,1,1,1,1,3,3,9,1,1,2,2
3,3,5,22,0.4,2,1,2,1,0,214.09,1,10,3,1,2,2,2,3,1,3,1
3,3,5,23,0.1,1,1,1,1,1,255.73,1,14,1,1,1,1,15,3,1,3,1
3,3,5,24,0.05,1,2,1,1,1,291.09,1,20,1,3,1,3,6,1,3,2,2
3,3,5,25,0.2,1,2,1,1,1,234.6,1,11,1,3,1,3,14,3,1,2,2
3,3,5,26,0.2,1,2,1,1,1,189.08,1,13,3,1,3,1,19,1,1,2,2
3,3,5,27,0.4,2,2,2,1,0,195.39,1,17,1,1,2,2,10,3,1,2,2
3,3,5,28,1.8,2,1,NaN,NaN,NaN,NaN,NaN,5,3,3,2,2,5,1,1,1,1
3,3,5,29,0.4,3,2,2,2,1,214.41,1,2,3,3,1,1,3,3,3,2,2
3,3,5,30,0.2,3,3,2,2,1,290.8,1,3,1,3,3,1,6,1,1,3,3
3,3,5,31,0.8,1,2,1,1,1,213.53,1,2,1,1,1,1,4,3,1,2,2
3,3,5,32,1.8,1,3,1,1,1,279.94,1,12,3,1,3,1,19,1,3,3,1
3,3,5,33,1.8,2,1,2,1,0,219.74,1,2,1,1,2,2,4,3,1,3,1
3,3,5,34,0.1,1,3,1,1,1,303.85,0,7,1,3,1,3,3,3,1,1,3
3,3,5,35,0.4,3,2,2,2,1,215.56,1,19,1,1,3,3,9,1,1,2,2
3,3,5,36,0.05,2,3,2,1,0,467.31,0,6,3,3,2,2,14,3,3,1,1
3,3,5,37,1.8,1,3,1,1,1,221.07,1,16,3,1,3,1,7,1,1,3,3
3,3,5,38,0.05,3,3,2,1,0,357.27,0,12,1,1,3,3,18,3,1,1,3
3,3,5,39,0.1,1,1,1,1,1,282.8,1,17,3,3,3,3,4,3,1,3,1
3,3,5,40,1.8,1,2,1,1,1,233.51,1,17,3,3,3,3,8,1,1,2,2
3,3,5,41,0.2,1,1,1,1,1,261.06,1,1,3,1,3,1,9,1,1,1,1
3,3,5,42,0.2,1,3,1,1,1,282.78,1,18,1,3,1,3,3,1,1,3,3
3,3,5,43,0.1,1,1,1,1,1,287.1,1,16,3,1,3,1,1,1,3,1,3
3,3,5,44,0.1,3,2,2,2,1,279.46,1,9,3,1,1,3,11,1,1,2,2
3,3,5,45,0.05,1,3,1,1,1,275.91,1,10,3,1,3,1,4,1,1,3,3
3,3,5,46,1.8,3,2,2,2,1,246.53,1,17,3,1,1,3,3,3,1,2,2
3,3,5,47,0.4,3,2,2,2,1,261.63,1,1,3,1,1,3,19,3,1,2,2
3,3,5,48,1.8,2,1,2,2,1,244.84,1,15,3,1,2,2,14,1,1,1,1
3,3,5,49,1.8,2,3,2,2,1,205.36,1,8,1,3,2,2,20,3,3,1,1
3,3,5,50,0.1,3,1,2,2,1,339.93,0,11,3,3,1,1,1,3,3,3,3
3,3,5,51,0.4,1,1,1,1,1,246.98,1,5,3,3,3,3,5,3,1,3,1
3,3,5,52,0.1,3,3,2,2,1,290.05,1,4,3,3,1,1,5,1,1,3,3
3,3,5,53,0.8,2,1,2,1,0,259.8,1,18,3,3,2,2,3,3,1,3,1
3,3,5,54,0.05,3,2,2,2,1,313.38,0,17,3,1,1,3,19,3,3,2,2
3,3,5,55,0.1,1,1,1,1,1,289.21,1,1,3,3,3,3,7,1,1,1,1
3,3,5,56,0.2,1,2,1,1,1,281.2,1,10,1,3,1,3,18,3,1,2,2
3,3,5,57,0.1,2,1,2,1,0,392.05,0,11,3,3,2,2,4,1,3,1,3
3,3,5,58,0.05,1,3,1,1,1,269.75,1,3,1,1,1,1,13,1,1,3,3
3,3,5,59,0.05,1,1,1,1,1,301.26,0,13,1,3,1,3,12,1,1,1,1
3,3,5,60,0.8,3,1,2,2,1,239.21,1,4,3,1,1,3,19,1,3,1,3
3,3,5,61,0.05,1,3,1,1,1,302.46,0,8,1,3,1,3,6,3,3,1,1
3,3,5,62,0.4,1,1,1,1,1,222.1,1,3,1,1,1,1,19,3,1,3,1
3,3,5,63,0.8,1,1,1,1,1,201.05,1,14,1,3,1,3,20,1,3,1,3
3,3,5,64,0.8,1,1,1,1,1,209.15,1,15,3,1,3,1,12,1,3,1,3
3,3,5,65,0.05,2,2,2,1,0,272.45,1,6,3,3,2,2,19,1,3,2,2
3,3,5,66,0.8,1,2,1,1,1,215.28,1,6,3,1,3,1,13,1,3,2,2
3,3,5,67,0.1,1,3,1,1,1,321.49,0,14,3,3,3,3,17,3,1,1,3
3,3,5,68,1.8,2,2,2,2,1,259.62,1,7,3,1,2,2,6,1,1,2,2
3,3,5,69,0.8,1,1,1,1,1,220.54,1,13,3,3,3,3,16,1,1,1,1
3,3,5,70,0.05,1,3,1,1,1,256.56,1,4,1,1,1,1,17,3,3,1,1
3,3,5,71,1.8,1,2,1,1,1,232.85,1,20,3,1,3,1,14,1,3,2,2
3,3,5,72,0.1,3,2,2,2,1,291.27,1,1,1,1,3,3,2,3,3,2,2
3,3,5,73,0.2,3,2,2,2,1,260.69,1,12,3,1,1,3,18,1,3,2,2
3,3,5,74,1.8,1,3,1,1,1,225.33,1,9,3,3,3,3,11,3,1,1,3
3,3,5,75,0.2,2,1,2,1,0,307.64,0,18,3,1,2,2,9,1,3,1,3
3,3,5,76,0.8,3,3,2,2,1,214.42,1,7,1,1,3,3,15,3,3,1,1
3,3,5,77,0.2,1,3,1,2,0,280.21,1,2,3,1,3,1,12,3,3,1,1
3,3,5,78,0.4,3,3,2,1,0,228.11,1,18,1,3,3,1,9,3,1,1,3
3,3,6,1,1.8,2,1,2,1,0,210.93,1,17,3,1,2,2,12,3,1,3,1
3,3,6,2,0.05,1,1,1,1,1,268.27,1,1,1,1,1,1,13,1,3,1,3
3,3,6,3,0.2,1,1,1,1,1,248.41,1,16,1,1,1,1,13,3,3,3,3
3,3,6,4,0.05,3,2,2,2,1,290.62,1,18,1,1,3,3,8,3,3,2,2
3,3,6,5,0.2,1,1,1,1,1,113.72,1,8,1,3,1,3,4,3,1,3,1
3,3,6,6,0.4,1,2,1,1,1,220.84,1,18,3,3,3,3,18,3,3,2,2
3,3,6,7,0.2,1,1,1,1,1,246.99,1,2,1,3,1,3,19,1,1,1,1
3,3,6,8,0.8,3,1,2,2,1,203.23,1,20,3,3,1,1,16,1,3,1,3
3,3,6,9,0.1,1,2,1,1,1,328.82,0,7,3,3,3,3,8,3,3,2,2
3,3,6,10,1.8,3,2,2,2,1,236.45,1,1,1,1,3,3,1,3,3,2,2
3,3,6,11,0.1,2,3,2,2,1,293.92,1,10,1,3,2,2,6,3,3,1,1
3,3,6,12,0.1,3,1,2,2,1,300.59,0,20,1,3,3,1,6,3,3,3,3
3,3,6,13,1.8,3,1,2,2,1,190.48,1,13,3,1,1,3,4,1,3,1,3
3,3,6,14,0.4,1,3,1,1,1,237.98,1,3,3,3,3,3,16,1,1,3,3
3,3,6,15,1.8,1,2,1,1,1,211.82,1,20,1,3,1,3,2,1,1,2,2
3,3,6,16,1.8,1,1,1,2,0,211.86,1,16,1,1,1,1,11,3,1,3,1
3,3,6,17,0.8,2,2,2,2,1,239.45,1,19,1,3,2,2,5,3,3,2,2
3,3,6,18,0.05,1,1,1,1,1,293.55,1,4,3,1,3,1,9,3,3,3,3
3,3,6,19,0.8,1,3,1,1,1,220.57,1,1,3,3,3,3,6,3,1,1,3
3,3,6,20,0.2,1,1,1,1,1,258.28,1,11,1,3,1,3,7,3,1,3,1
3,3,6,21,0.4,1,1,1,1,1,204.29,1,11,3,1,3,1,16,3,1,3,1
3,3,6,22,0.05,1,2,1,1,1,281.08,1,3,1,1,1,1,10,1,1,2,2
3,3,6,23,0.1,3,3,2,2,1,312.72,0,15,1,1,3,3,3,3,1,1,3
3,3,6,24,0.1,1,2,1,1,1,225.84,1,20,1,1,1,1,14,3,3,2,2
3,3,6,25,0.1,1,3,1,1,1,238.21,1,5,1,3,1,3,11,3,1,1,3
3,3,6,26,0.8,1,1,1,1,1,200.11,1,14,3,3,3,3,5,1,3,1,3
3,3,6,27,0.1,2,2,2,2,1,318.63,0,3,3,3,2,2,6,1,3,2,2
3,3,6,28,0.2,1,1,1,1,1,229.75,1,16,1,3,1,3,7,3,3,3,3
3,3,6,29,0.05,1,1,1,1,1,278.57,1,11,1,3,1,3,4,3,1,3,1
3,3,6,30,0.8,3,1,NaN,NaN,NaN,NaN,NaN,16,3,1,1,3,14,3,3,3,3
3,3,6,31,1.8,1,2,1,1,1,244.91,1,4,1,3,1,3,15,1,3,2,2
3,3,6,32,0.4,2,2,2,2,1,247.46,1,9,3,1,2,2,13,1,1,2,2
3,3,6,33,0.4,1,3,1,2,0,230.23,1,18,1,3,1,3,12,3,3,1,1
3,3,6,34,0.1,3,2,2,2,1,232.02,1,2,3,1,1,3,4,3,1,2,2
3,3,6,35,0.4,3,1,2,2,1,234.63,1,1,1,3,3,1,17,3,3,3,3
3,3,6,36,0.4,2,2,2,2,1,192.63,1,13,1,1,2,2,7,1,3,2,2
3,3,6,37,0.05,1,3,1,2,0,215.78,1,16,1,1,1,1,2,1,1,3,3
3,3,6,38,0.4,1,2,1,1,1,233.68,1,15,3,3,3,3,6,1,1,2,2
3,3,6,39,0.8,1,3,1,1,1,186.95,1,17,1,3,1,3,5,3,3,1,1
3,3,6,40,0.8,1,1,1,1,1,210.49,1,16,1,3,1,3,17,1,3,1,3
3,3,6,41,1.8,3,1,2,2,1,144.45,1,1,3,3,1,1,15,3,3,3,3
3,3,6,42,0.4,1,2,1,1,1,224.34,1,8,1,1,1,1,11,1,1,2,2
3,3,6,43,0.8,3,3,2,2,1,242.76,1,14,3,1,1,3,11,3,3,1,1
3,3,6,44,0.2,3,2,2,2,1,307.23,0,6,1,1,3,3,4,3,1,2,2
3,3,6,45,0.05,1,3,1,1,1,381.45,0,15,3,1,3,1,11,1,3,3,1
3,3,6,46,0.8,3,3,2,2,1,246.92,1,14,1,3,3,1,17,3,1,1,3
3,3,6,47,1.8,1,2,1,1,1,222.01,1,4,3,1,3,1,7,1,3,2,2
3,3,6,48,1.8,1,2,1,1,1,219.91,1,15,1,3,1,3,10,1,1,2,2
3,3,6,49,0.1,3,2,2,2,1,266.34,1,9,1,3,3,1,17,1,1,2,2
3,3,6,50,0.1,2,2,2,2,1,350.6,0,16,3,3,2,2,20,3,3,2,2
3,3,6,51,0.05,1,1,1,1,1,272.62,1,8,1,3,1,3,4,1,1,1,1
3,3,6,52,0.2,3,3,2,2,1,183.57,1,7,3,1,1,3,11,1,3,3,1
3,3,6,53,0.2,1,1,1,1,1,205.88,1,3,3,3,3,3,14,3,1,3,1
3,3,6,54,0.05,2,1,2,2,1,326.88,0,2,1,3,2,2,14,3,3,3,3
3,3,6,55,0.8,2,1,2,2,1,248.96,1,16,1,3,2,2,1,1,1,1,1
3,3,6,56,0.4,1,3,1,1,1,75.091,2,3,3,3,3,3,2,1,3,3,1
3,3,6,57,0.2,1,1,1,2,0,314.24,0,13,1,1,1,1,17,3,3,3,3
3,3,6,58,0.8,1,1,1,1,1,231.76,1,15,1,3,1,3,2,1,1,1,1
3,3,6,59,0.05,1,2,1,1,1,290.79,1,10,3,3,3,3,16,1,3,2,2
3,3,6,60,0.1,1,1,1,1,1,277.2,1,4,1,3,1,3,10,1,3,1,3
3,3,6,61,1.8,3,3,2,2,1,234.19,1,19,1,1,3,3,17,3,1,1,3
3,3,6,62,0.05,2,1,2,1,0,312.48,0,12,3,3,2,2,6,3,3,3,3
3,3,6,63,0.4,1,3,1,1,1,206.76,1,3,3,3,3,3,4,3,1,1,3
3,3,6,64,0.2,2,2,2,2,1,255.63,1,7,1,3,2,2,19,1,3,2,2
3,3,6,65,0.8,3,2,2,2,1,207.72,1,7,3,3,1,1,17,1,1,2,2
3,3,6,66,1.8,2,3,2,2,1,202.03,1,11,3,1,2,2,8,3,3,1,1
3,3,6,67,0.05,3,1,2,2,1,326.49,0,3,1,1,3,3,5,1,1,1,1
3,3,6,68,1.8,3,1,2,2,1,242.19,1,5,1,1,3,3,8,1,3,1,3
3,3,6,69,0.4,1,1,1,1,1,237.78,1,19,1,3,1,3,17,1,1,1,1
3,3,6,70,0.1,1,2,1,1,1,274.48,1,4,1,1,1,1,3,3,3,2,2
3,3,6,71,0.1,3,2,2,2,1,313.7,0,6,3,1,1,3,16,3,1,2,2
3,3,6,72,0.2,1,3,1,1,1,218.31,1,16,3,1,3,1,7,1,3,3,1
3,3,6,73,0.2,1,3,1,1,1,299.21,1,1,1,1,1,1,1,3,1,1,3
3,3,6,74,0.4,1,1,1,1,1,211.59,1,17,1,3,1,3,18,3,3,3,3
3,3,6,75,1.8,3,3,2,2,1,246.43,1,7,1,3,3,1,20,3,1,1,3
3,3,6,76,0.05,2,3,2,2,1,314.23,0,17,3,3,2,2,10,1,1,3,3
3,3,6,77,0.2,2,2,2,2,1,271.53,1,12,3,3,2,2,11,3,3,2,2
3,3,6,78,0.8,3,1,2,2,1,246.23,1,16,3,1,1,3,9,3,1,3,1
3,3,7,1,0.4,1,1,1,1,1,261.41,1,14,3,3,3,3,17,3,1,3,1
3,3,7,2,0.2,1,2,1,1,1,216.15,1,6,1,1,1,1,20,3,3,2,2
3,3,7,3,0.4,1,2,1,1,1,206.71,1,18,3,1,3,1,13,3,1,2,2
3,3,7,4,0.2,2,3,2,2,1,327.71,0,15,1,1,2,2,8,1,1,3,3
3,3,7,5,0.4,1,2,1,1,1,209.33,1,11,1,3,1,3,11,1,1,2,2
3,3,7,6,1.8,1,1,NaN,NaN,NaN,NaN,NaN,1,1,3,1,3,19,3,1,3,1
3,3,7,7,0.1,1,1,1,1,1,203.89,1,6,1,3,1,3,5,3,1,3,1
3,3,7,8,0.05,2,3,2,2,1,382.56,0,17,3,3,2,2,13,3,1,1,3
3,3,7,9,0.4,3,3,2,2,1,207.75,1,14,1,1,3,3,5,3,1,1,3
3,3,7,10,0.05,1,1,1,1,1,290.32,1,15,3,3,3,3,5,3,3,3,3
3,3,7,11,0.05,1,3,1,1,1,308.08,0,7,1,3,1,3,19,1,3,3,1
3,3,7,12,0.1,2,3,2,2,1,273.05,1,6,3,3,2,2,11,3,3,1,1
3,3,7,13,0.1,1,2,1,1,1,249.6,1,12,3,3,3,3,19,1,3,2,2
3,3,7,14,0.8,1,2,1,1,1,208.24,1,8,3,3,3,3,18,3,1,2,2
3,3,7,15,0.2,1,3,1,1,1,309.62,0,20,1,1,1,1,11,1,3,3,1
3,3,7,16,0.4,2,3,2,2,1,219.55,1,19,1,1,2,2,5,3,3,1,1
3,3,7,17,0.2,1,1,1,1,1,250.2,1,11,3,3,3,3,20,1,1,1,1
3,3,7,18,0.2,2,2,2,1,0,339.64,0,1,1,1,2,2,7,3,3,2,2
3,3,7,19,0.2,1,1,1,1,1,223.72,1,20,1,1,1,1,3,1,3,1,3
3,3,7,20,0.05,1,3,1,1,1,276.99,1,12,1,3,1,3,16,1,3,3,1
3,3,7,21,0.8,1,2,1,1,1,204.59,1,13,3,3,3,3,6,3,1,2,2
3,3,7,22,1.8,2,2,NaN,NaN,NaN,NaN,NaN,2,3,3,2,2,20,3,1,2,2
3,3,7,23,1.8,1,3,1,1,1,226.03,1,4,3,3,3,3,6,3,3,1,1
3,3,7,24,0.2,1,3,1,1,1,253.35,1,9,1,1,1,1,13,1,3,3,1
3,3,7,25,0.4,1,2,1,1,1,225.52,1,8,3,3,3,3,11,1,1,2,2
3,3,7,26,0.4,3,1,2,2,1,211.52,1,14,1,3,3,1,3,1,1,1,1
3,3,7,27,1.8,3,2,2,2,1,214.87,1,4,3,1,1,3,12,3,1,2,2
3,3,7,28,0.1,1,2,1,1,1,264.49,1,8,1,1,1,1,20,3,1,2,2
3,3,7,29,0.2,1,2,1,1,1,240.56,1,17,1,3,1,3,6,1,3,2,2
3,3,7,30,0.05,1,3,1,1,1,358.79,0,17,1,3,1,3,9,3,3,1,1
3,3,7,31,0.1,3,3,2,2,1,334.81,0,20,3,3,1,1,20,1,1,3,3
3,3,7,32,0.05,2,3,2,1,0,287.25,1,1,3,3,2,2,19,3,1,1,3
3,3,7,33,1.8,1,2,1,1,1,218.5,1,3,1,1,1,1,16,3,3,2,2
3,3,7,34,1.8,2,1,2,2,1,220.4,1,17,1,3,2,2,5,3,1,3,1
3,3,7,35,0.2,1,3,1,1,1,250.01,1,4,1,3,1,3,11,1,1,3,3
3,3,7,36,0.8,3,3,2,2,1,215.77,1,9,1,3,3,1,14,3,3,1,1
3,3,7,37,0.1,3,1,2,2,1,307.43,0,15,1,1,3,3,5,3,3,3,3
3,3,7,38,0.2,1,1,1,1,1,236.44,1,16,3,1,3,1,6,1,3,1,3
3,3,7,39,0.05,2,2,2,1,0,314.24,0,19,3,3,2,2,20,3,3,2,2
3,3,7,40,0.8,1,3,1,1,1,222.84,1,7,1,3,1,3,11,1,3,3,1
3,3,7,41,0.8,2,2,2,2,1,238.88,1,19,3,3,2,2,2,3,1,2,2
3,3,7,42,0.05,2,2,2,2,1,336.28,0,9,3,3,2,2,16,1,3,2,2
3,3,7,43,0.8,1,2,1,1,1,231.24,1,2,3,3,3,3,2,3,3,2,2
3,3,7,44,0.05,1,2,1,1,1,312.73,0,12,1,3,1,3,17,3,3,2,2
3,3,7,45,0.1,1,3,1,1,1,252.72,1,17,3,1,3,1,7,1,1,3,3
3,3,7,46,0.1,3,2,2,2,1,250.5,1,6,1,1,3,3,15,1,1,2,2
3,3,7,47,0.1,1,1,1,1,1,283.62,1,9,1,3,1,3,12,3,3,3,3
3,3,7,48,0.4,3,3,2,2,1,382.34,0,18,3,3,1,1,18,1,3,3,1
3,3,7,49,0.2,1,2,1,1,1,228.69,1,20,3,1,3,1,14,1,3,2,2
3,3,7,50,0.2,1,2,1,1,1,226.45,1,3,3,1,3,1,20,3,3,2,2
3,3,7,51,0.1,1,1,1,1,1,269.23,1,20,1,3,1,3,12,1,1,1,1
3,3,7,52,1.8,2,1,2,2,1,197.61,1,6,3,3,2,2,15,1,1,1,1
3,3,7,53,1.8,1,1,1,1,1,239.12,1,13,1,1,1,1,12,3,3,3,3
3,3,7,54,0.05,2,1,2,2,1,350.97,0,6,3,3,2,2,16,3,3,3,3
3,3,7,55,0.1,3,3,2,2,1,376.55,0,17,3,3,1,1,15,3,3,1,1
3,3,7,56,0.1,1,1,1,1,1,217.65,1,20,3,1,3,1,14,3,3,3,3
3,3,7,57,0.8,3,1,2,2,1,219.21,1,11,3,3,1,1,15,3,1,3,1
3,3,7,58,1.8,1,1,1,1,1,233.42,1,19,1,3,1,3,3,1,1,1,1
3,3,7,59,0.8,1,3,1,2,0,233.38,1,14,1,1,1,1,19,1,3,3,1
3,3,7,60,0.8,1,1,1,1,1,220.02,1,15,3,3,3,3,15,1,3,1,3
3,3,7,61,0.4,2,3,2,2,1,218.42,1,5,1,1,2,2,3,1,1,3,3
3,3,7,62,0.4,1,2,1,1,1,201.71,1,10,1,1,1,1,8,3,1,2,2
3,3,7,63,0.4,1,2,1,1,1,218.45,1,4,1,1,1,1,9,3,3,2,2
3,3,7,64,0.05,1,2,1,1,1,274.86,1,20,1,1,1,1,3,1,3,2,2
3,3,7,65,1.8,2,3,2,2,1,209.5,1,4,1,1,2,2,6,1,3,3,1
3,3,7,66,0.4,1,3,1,1,1,226.55,1,15,1,1,1,1,16,3,1,1,3
3,3,7,67,0.8,2,3,2,2,1,173.97,1,11,1,3,2,2,5,3,1,1,3
3,3,7,68,0.4,1,1,1,1,1,244.12,1,9,1,3,1,3,6,3,3,3,3
3,3,7,69,0.05,2,3,2,2,1,306.84,0,15,3,1,2,2,8,3,3,1,1
3,3,7,70,0.8,1,1,1,1,1,236.58,1,2,3,1,3,1,13,3,1,3,1
3,3,7,71,0.2,3,3,2,2,1,291.44,1,4,3,1,1,3,13,3,1,1,3
3,3,7,72,1.8,1,1,1,1,1,243.9,1,13,3,1,3,1,9,1,3,1,3
3,3,7,73,0.05,1,3,1,1,1,295.9,1,2,3,3,3,3,1,1,1,3,3
3,3,7,74,0.1,2,3,2,2,1,249.8,1,15,3,1,2,2,20,1,3,3,1
3,3,7,75,0.8,3,1,2,2,1,199.71,1,16,3,3,1,1,6,1,1,1,1
3,3,7,76,1.8,2,2,2,2,1,200.83,1,8,1,3,2,2,9,3,3,2,2
3,3,7,77,0.8,1,3,1,1,1,216.45,1,18,3,1,3,1,7,3,1,1,3
3,3,7,78,1.8,1,2,1,1,1,233.92,1,1,1,3,1,3,14,3,1,2,2
3,3,8,1,0.2,2,3,2,2,1,367.28,0,11,3,3,2,2,8,3,1,1,3
3,3,8,2,1.8,1,1,1,1,1,229.51,1,12,1,1,1,1,13,1,1,1,1
3,3,8,3,0.8,1,3,1,1,1,239.89,1,6,1,1,1,1,9,1,3,3,1
3,3,8,4,0.1,3,2,2,2,1,300.73,0,14,1,3,3,1,4,3,1,2,2
3,3,8,5,0.4,2,1,2,2,1,233,1,7,1,1,2,2,9,3,3,3,3
3,3,8,6,0.4,1,2,1,1,1,191.17,1,13,1,3,1,3,18,1,1,2,2
3,3,8,7,0.4,1,1,1,1,1,223.59,1,3,3,3,3,3,6,1,3,1,3
3,3,8,8,0.1,2,1,2,1,0,289.7,1,20,3,1,2,2,20,3,3,3,3
3,3,8,9,0.2,1,2,1,1,1,216.94,1,7,1,1,1,1,8,1,1,2,2
3,3,8,10,0.8,1,1,1,1,1,162.11,1,13,3,3,3,3,10,1,3,1,3
3,3,8,11,0.05,1,3,1,1,1,297.07,1,19,1,3,1,3,13,1,1,3,3
3,3,8,12,1.8,3,1,2,2,1,222.01,1,2,1,3,3,1,4,3,3,3,3
3,3,8,13,0.4,2,1,2,1,0,247.31,1,16,3,1,2,2,6,1,3,1,3
3,3,8,14,0.4,3,3,2,2,1,213.15,1,13,1,1,3,3,1,3,1,1,3
3,3,8,15,0.4,1,2,1,1,1,233.66,1,7,3,3,3,3,13,3,1,2,2
3,3,8,16,0.05,2,1,2,2,1,215.25,1,4,3,1,2,2,13,1,3,1,3
3,3,8,17,0.4,3,3,2,2,1,232.17,1,3,1,3,3,1,5,3,1,1,3
3,3,8,18,0.8,2,2,2,2,1,223.41,1,16,3,3,2,2,2,1,1,2,2
3,3,8,19,0.8,3,1,2,2,1,234.13,1,10,3,1,1,3,4,3,3,3,3
3,3,8,20,0.2,3,1,2,2,1,268.85,1,3,1,3,3,1,8,3,1,3,1
3,3,8,21,0.8,1,1,1,1,1,231.56,1,12,1,1,1,1,1,3,3,3,3
3,3,8,22,0.4,1,2,1,1,1,257.42,1,14,3,1,3,1,18,1,1,2,2
3,3,8,23,0.1,2,3,2,1,0,275.29,1,20,3,1,2,2,1,3,3,1,1
3,3,8,24,0.05,1,2,1,1,1,297.57,1,10,3,3,3,3,11,1,3,2,2
3,3,8,25,0.1,1,2,1,1,1,263.75,1,19,3,1,3,1,13,3,3,2,2
3,3,8,26,1.8,1,3,NaN,NaN,NaN,NaN,NaN,15,1,3,1,3,12,1,1,3,3
3,3,8,27,1.8,1,1,1,1,1,260.59,1,4,3,1,3,1,14,3,1,3,1
3,3,8,28,0.05,2,1,2,2,1,377.67,0,14,3,1,2,2,18,1,1,1,1
3,3,8,29,0.05,2,2,2,2,1,325.51,0,9,1,1,2,2,17,3,3,2,2
3,3,8,30,0.4,1,2,1,1,1,241.78,1,17,1,1,1,1,4,1,3,2,2
3,3,8,31,1.8,1,1,1,1,1,212.76,1,2,3,3,3,3,19,1,1,1,1
3,3,8,32,0.2,3,3,2,2,1,286.18,1,10,3,1,1,3,2,1,1,3,3
3,3,8,33,1.8,1,2,1,1,1,235.18,1,7,1,1,1,1,12,3,3,2,2
3,3,8,34,0.05,3,3,2,2,1,304.58,0,14,1,1,3,3,13,3,3,1,1
3,3,8,35,0.1,2,1,2,1,0,312.42,0,20,1,1,2,2,1,3,3,3,3
3,3,8,36,0.05,1,3,1,1,1,232.46,1,4,3,1,3,1,16,1,1,3,3
3,3,8,37,1.8,2,1,2,1,0,223.48,1,19,1,3,2,2,15,1,3,1,3
3,3,8,38,0.1,2,1,2,1,0,254.34,1,11,1,1,2,2,9,1,3,1,3
3,3,8,39,1.8,2,1,2,1,0,216.57,1,13,3,1,2,2,2,3,1,3,1
3,3,8,40,0.2,1,2,1,1,1,220.67,1,18,3,1,3,1,3,3,3,2,2
3,3,8,41,0.8,3,2,2,2,1,224.86,1,17,1,1,3,3,10,1,3,2,2
3,3,8,42,0.05,3,3,2,1,0,281.6,1,16,3,3,1,1,16,1,3,3,1
3,3,8,43,0.4,3,2,2,2,1,218.46,1,13,1,3,3,1,11,1,1,2,2
3,3,8,44,0.4,3,1,2,2,1,233.18,1,20,1,3,3,1,8,3,1,3,1
3,3,8,45,0.1,1,2,1,1,1,243.07,1,2,1,1,1,1,5,3,3,2,2
3,3,8,46,0.1,2,1,2,2,1,318.68,0,3,1,1,2,2,6,1,3,1,3
3,3,8,47,0.05,1,2,1,1,1,235.94,1,11,3,1,3,1,5,1,3,2,2
3,3,8,48,0.2,3,2,2,2,1,232.27,1,2,3,3,1,1,19,1,1,2,2
3,3,8,49,1.8,1,3,1,1,1,210.16,1,11,3,3,3,3,8,3,1,1,3
3,3,8,50,0.1,1,2,1,1,1,231.19,1,1,1,1,1,1,2,1,1,2,2
3,3,8,51,0.4,2,3,2,2,1,250.38,1,10,1,3,2,2,4,1,3,3,1
3,3,8,52,0.8,2,3,NaN,NaN,NaN,NaN,NaN,5,1,3,2,2,2,1,1,3,3
3,3,8,53,1.8,1,3,NaN,NaN,NaN,NaN,NaN,1,1,3,1,3,6,1,1,3,3
3,3,8,54,0.8,2,1,2,1,0,276.06,1,14,1,1,2,2,8,1,1,1,1
3,3,8,55,0.1,1,3,1,1,1,294.01,1,4,3,3,3,3,3,3,1,1,3
3,3,8,56,0.2,1,1,1,1,1,206.13,1,2,3,3,3,3,11,1,1,1,1
3,3,8,57,0.8,3,3,2,2,1,342.51,0,14,1,1,3,3,1,1,3,3,1
3,3,8,58,0.2,1,2,1,1,1,248.57,1,6,1,1,1,1,16,1,1,2,2
3,3,8,59,0.1,3,3,2,2,1,287.04,1,17,1,3,3,1,1,1,1,3,3
3,3,8,60,0.05,1,1,1,1,1,263.03,1,18,1,3,1,3,18,3,3,3,3
3,3,8,61,0.1,3,2,2,2,1,257.03,1,6,1,3,3,1,7,1,3,2,2
3,3,8,62,0.05,1,2,1,1,1,222.36,1,8,1,1,1,1,8,1,3,2,2
3,3,8,63,0.2,1,2,1,1,1,287.14,1,16,3,3,3,3,1,3,1,2,2
3,3,8,64,1.8,1,1,1,1,1,203.36,1,13,3,3,3,3,18,1,1,1,1
3,3,8,65,0.8,1,2,1,1,1,243.72,1,9,1,3,1,3,14,3,1,2,2
3,3,8,66,1.8,2,2,2,1,0,215.99,1,7,3,1,2,2,3,3,1,2,2
3,3,8,67,0.2,2,1,2,1,0,321.11,0,18,1,3,2,2,5,1,3,1,3
3,3,8,68,0.2,1,1,1,1,1,71.304,2,12,1,3,1,3,2,1,3,1,3
3,3,8,69,1.8,1,1,1,1,1,230.12,1,11,1,3,1,3,19,3,3,3,3
3,3,8,70,0.2,1,1,1,1,1,219.12,1,16,1,1,1,1,20,3,3,3,3
3,3,8,71,0.8,1,1,1,1,1,227.4,1,5,1,1,1,1,1,3,1,3,1
3,3,8,72,0.05,1,2,1,1,1,308.23,0,1,3,1,3,1,14,1,3,2,2
3,3,8,73,0.4,3,2,2,2,1,267.94,1,8,3,3,1,1,9,3,3,2,2
3,3,8,74,0.05,1,2,1,1,1,250.12,1,4,1,1,1,1,11,3,3,2,2
3,3,8,75,0.8,1,1,1,1,1,215.86,1,1,1,3,1,3,5,1,3,1,3
3,3,8,76,0.1,1,3,1,1,1,344.4,0,6,3,3,3,3,7,3,1,1,3
3,3,8,77,0.2,1,2,1,1,1,241.49,1,3,3,3,3,3,7,3,3,2,2
3,3,8,78,0.8,1,3,1,2,0,250.42,1,2,1,3,1,3,8,3,1,1,3
3,3,9,1,0.2,1,2,1,1,1,263.18,1,14,1,1,1,1,20,1,1,2,2
3,3,9,2,0.4,1,3,1,1,1,205,1,19,3,1,3,1,18,1,1,3,3
3,3,9,3,0.4,2,1,2,2,1,238.99,1,18,3,1,2,2,14,3,1,3,1
3,3,9,4,0.8,2,1,2,1,0,222.62,1,20,1,3,2,2,10,3,3,3,3
3,3,9,5,0.4,1,3,1,1,1,241.7,1,11,3,1,3,1,12,3,3,1,1
3,3,9,6,0.4,3,3,2,2,1,209.75,1,15,3,3,1,1,18,1,1,3,3
3,3,9,7,0.1,1,1,1,1,1,235.44,1,7,3,1,3,1,19,1,3,1,3
3,3,9,8,1.8,3,2,2,2,1,207.9,1,3,3,1,1,3,11,3,1,2,2
3,3,9,9,0.4,1,3,1,2,0,185.02,1,9,3,1,3,1,16,1,3,3,1
3,3,9,10,0.2,3,1,2,2,1,217.59,1,5,3,3,1,1,17,1,1,1,1
3,3,9,11,0.05,1,3,1,1,1,344.89,0,14,1,3,1,3,20,1,3,3,1
3,3,9,12,0.8,2,1,2,2,1,216.72,1,11,1,3,2,2,13,3,3,3,3
3,3,9,13,0.8,1,2,1,1,1,257.41,1,13,3,1,3,1,16,1,3,2,2
3,3,9,14,0.2,2,3,2,2,1,218.67,1,2,1,3,2,2,18,3,1,1,3
3,3,9,15,1.8,1,3,1,2,0,217.07,1,13,3,3,3,3,5,1,3,3,1
3,3,9,16,0.05,3,3,2,2,1,305.98,0,13,3,3,1,1,6,1,3,3,1
3,3,9,17,0.05,2,1,2,1,0,288.2,1,19,3,3,2,2,5,1,1,1,1
3,3,9,18,0.05,2,3,2,2,1,300.07,0,1,1,3,2,2,1,3,1,1,3
3,3,9,19,0.1,1,1,1,1,1,261.94,1,20,3,3,3,3,9,1,1,1,1
3,3,9,20,0.8,3,1,NaN,NaN,NaN,NaN,NaN,8,1,1,3,3,6,1,3,1,3
3,3,9,21,0.1,3,3,2,2,1,281.57,1,12,1,1,3,3,20,1,1,3,3
3,3,9,22,1.8,2,3,NaN,NaN,NaN,NaN,NaN,10,3,1,2,2,16,3,3,1,1
3,3,9,23,0.8,2,2,2,2,1,213.78,1,3,3,3,2,2,8,3,3,2,2
3,3,9,24,0.05,1,3,1,1,1,379.33,0,4,1,3,1,3,4,1,1,3,3
3,3,9,25,0.1,3,1,2,2,1,286.78,1,17,1,1,3,3,15,3,3,3,3
3,3,9,26,0.05,2,3,2,2,1,303.24,0,3,3,3,2,2,1,1,3,3,1
3,3,9,27,0.05,3,3,2,2,1,355.52,0,1,3,3,1,1,6,1,3,3,1
3,3,9,28,0.1,1,3,1,1,1,247.1,1,13,3,1,3,1,7,3,1,1,3
3,3,9,29,1.8,2,2,2,2,1,229.99,1,14,3,3,2,2,11,3,1,2,2
3,3,9,30,1.8,3,3,2,2,1,207.89,1,6,3,1,1,3,2,1,3,3,1
3,3,9,31,0.1,3,2,2,2,1,275.88,1,2,3,3,1,1,12,3,1,2,2
3,3,9,32,0.8,2,1,2,2,1,227.71,1,18,3,3,2,2,8,1,3,1,3
3,3,9,33,1.8,1,2,1,1,1,235.55,1,14,3,1,3,1,9,3,3,2,2
3,3,9,34,0.05,2,1,2,2,1,346.65,0,6,1,1,2,2,14,3,3,3,3
3,3,9,35,0.8,1,2,1,1,1,260.14,1,3,1,1,1,1,9,1,3,2,2
3,3,9,36,0.2,3,2,2,2,1,245.31,1,13,3,3,1,1,3,1,1,2,2
3,3,9,37,0.05,3,2,2,2,1,393.74,0,6,3,1,1,3,14,3,3,2,2
3,3,9,38,1.8,1,3,1,1,1,223.72,1,7,1,3,1,3,13,1,1,3,3
3,3,9,39,0.2,1,2,1,1,1,255.78,1,8,3,3,3,3,13,3,1,2,2
3,3,9,40,0.1,1,1,1,1,1,316.61,0,13,3,1,3,1,1,1,1,1,1
3,3,9,41,1.8,1,1,1,1,1,209.45,1,7,3,1,3,1,6,1,3,1,3
3,3,9,42,0.4,1,3,1,1,1,392.12,0,3,1,3,1,3,9,1,1,3,3
3,3,9,43,0.2,3,1,2,2,1,274.37,1,4,1,3,3,1,13,3,3,3,3
3,3,9,44,0.2,1,3,1,1,1,241.33,1,11,1,1,1,1,19,3,1,1,3
3,3,9,45,0.2,3,3,2,2,1,283.86,1,20,3,1,1,3,14,3,1,1,3
3,3,9,46,0.2,1,3,1,1,1,270.2,1,15,3,1,3,1,18,1,3,3,1
3,3,9,47,0.1,3,2,2,2,1,287.36,1,13,1,1,3,3,3,3,3,2,2
3,3,9,48,0.4,3,1,2,2,1,16.451,2,14,3,1,1,3,14,3,1,3,1
3,3,9,49,0.2,1,1,1,1,1,252.41,1,3,3,3,3,3,13,1,1,1,1
3,3,9,50,0.4,2,2,2,2,1,258.07,1,9,3,3,2,2,5,1,1,2,2
3,3,9,51,0.8,1,1,1,1,1,214.54,1,19,1,3,1,3,3,1,3,1,3
3,3,9,52,0.1,3,2,2,2,1,301.75,0,14,3,1,1,3,16,3,1,2,2
3,3,9,53,0.1,3,2,2,2,1,279.32,1,11,3,1,1,3,14,1,1,2,2
3,3,9,54,1.8,3,3,2,2,1,226.51,1,13,1,3,3,1,11,3,1,1,3
3,3,9,55,0.8,2,1,2,2,1,235.51,1,11,3,3,2,2,4,1,1,1,1
3,3,9,56,1.8,1,1,1,1,1,229.92,1,16,1,1,1,1,11,1,1,1,1
3,3,9,57,1.8,2,1,2,2,1,217.55,1,3,1,1,2,2,10,1,1,1,1
3,3,9,58,1.8,3,2,2,2,1,304.72,0,13,3,3,1,1,1,3,1,2,2
3,3,9,59,0.2,3,1,2,2,1,271.82,1,17,3,1,1,3,19,1,1,1,1
3,3,9,60,0.8,1,3,1,1,1,244.32,1,5,1,3,1,3,10,1,3,3,1
3,3,9,61,0.4,3,3,2,2,1,250.34,1,10,1,3,3,1,4,3,3,1,1
3,3,9,62,0.8,2,1,2,2,1,247.82,1,9,3,1,2,2,18,1,1,1,1
3,3,9,63,0.1,1,2,1,1,1,318.33,0,19,3,1,3,1,13,1,1,2,2
3,3,9,64,0.8,3,2,2,2,1,275.98,1,8,1,1,3,3,3,1,1,2,2
3,3,9,65,0.4,1,3,1,2,0,285.6,1,4,3,3,3,3,12,3,3,1,1
3,3,9,66,0.1,1,3,1,1,1,291.34,1,8,1,3,1,3,5,3,3,1,1
3,3,9,67,1.8,3,2,2,2,1,220.11,1,1,1,3,3,1,15,3,3,2,2
3,3,9,68,0.4,1,3,1,1,1,241.74,1,4,3,3,3,3,4,3,3,1,1
3,3,9,69,0.4,3,3,2,2,1,273.64,1,4,3,1,1,3,4,3,3,1,1
3,3,9,70,0.1,1,2,1,1,1,245.6,1,9,3,3,3,3,9,1,3,2,2
3,3,9,71,0.8,3,3,2,2,1,358.08,0,3,3,1,1,3,8,1,1,3,3
3,3,9,72,0.05,1,2,1,1,1,204.24,1,7,1,1,1,1,12,3,3,2,2
3,3,9,73,0.05,1,2,1,1,1,303.89,0,12,3,1,3,1,7,3,1,2,2
3,3,9,74,0.05,3,3,2,2,1,320.33,0,14,1,1,3,3,15,1,3,3,1
3,3,9,75,0.2,2,1,2,1,0,215.84,1,11,1,1,2,2,15,1,3,1,3
3,3,9,76,0.2,1,1,1,1,1,177.85,1,19,1,3,1,3,12,3,1,3,1
3,3,9,77,0.05,2,2,2,2,1,299.04,1,19,3,1,2,2,3,1,1,2,2
3,3,9,78,0.4,1,2,1,1,1,249.64,1,9,3,3,3,3,1,3,1,2,2
3,3,10,1,0.4,1,3,1,1,1,394.43,0,10,1,1,1,1,14,1,1,3,3
3,3,10,2,1.8,1,2,1,1,1,197.55,1,3,1,1,1,1,3,3,3,2,2
3,3,10,3,0.05,2,2,2,1,0,311.54,0,9,3,1,2,2,5,1,1,2,2
3,3,10,4,1.8,1,1,NaN,NaN,NaN,NaN,NaN,1,1,3,1,3,19,1,1,1,1
3,3,10,5,1.8,1,1,NaN,NaN,NaN,NaN,NaN,6,1,1,1,1,4,1,3,1,3
3,3,10,6,1.8,1,2,1,1,1,215.01,1,2,3,1,3,1,9,3,3,2,2
3,3,10,7,0.8,2,2,2,2,1,236.59,1,7,1,3,2,2,15,1,1,2,2
3,3,10,8,0.1,3,1,2,2,1,282.83,1,17,1,3,3,1,17,1,3,1,3
3,3,10,9,0.05,2,2,2,1,0,226.78,1,17,1,1,2,2,17,1,1,2,2
3,3,10,10,1.8,1,1,1,1,1,234.3,1,2,1,1,1,1,18,1,3,1,3
3,3,10,11,0.1,2,2,2,1,0,252.65,1,4,3,3,2,2,12,3,3,2,2
3,3,10,12,0.8,2,3,NaN,NaN,NaN,NaN,NaN,3,3,3,2,2,16,1,1,3,3
3,3,10,13,0.8,1,3,1,1,1,223.1,1,3,1,3,1,3,5,1,1,3,3
3,3,10,14,0.2,2,1,2,1,0,250.13,1,12,1,1,2,2,13,1,1,1,1
3,3,10,15,0.2,3,3,2,2,1,257.96,1,16,3,3,1,1,14,3,3,1,1
3,3,10,16,1.8,3,1,2,2,1,209.36,1,15,3,1,1,3,17,1,3,1,3
3,3,10,17,0.8,1,1,1,1,1,207.38,1,17,3,3,3,3,13,1,1,1,1
3,3,10,18,0.8,1,1,1,1,1,239,1,4,3,1,3,1,2,1,1,1,1
3,3,10,19,0.8,2,1,2,2,1,217.63,1,13,3,3,2,2,4,1,3,1,3
3,3,10,20,0.4,3,1,2,2,1,256.62,1,2,3,3,1,1,9,1,1,1,1
3,3,10,21,0.1,2,3,2,1,0,269.88,1,6,3,1,2,2,12,1,3,3,1
3,3,10,22,0.05,1,2,1,1,1,282.88,1,16,3,1,3,1,13,1,3,2,2
3,3,10,23,0.2,1,3,1,1,1,218.09,1,3,3,1,3,1,8,1,3,3,1
3,3,10,24,0.2,3,1,2,2,1,247.41,1,10,3,1,1,3,6,1,3,1,3
3,3,10,25,0.8,2,3,2,1,0,54.934,2,4,1,3,2,2,11,1,1,3,3
3,3,10,26,0.2,3,1,2,2,1,264.85,1,2,3,1,1,3,16,1,3,1,3
3,3,10,27,0.4,1,3,1,1,1,231.19,1,1,1,3,1,3,3,3,3,1,1
3,3,10,28,0.4,3,3,2,2,1,204.81,1,3,1,1,3,3,17,3,3,1,1
3,3,10,29,1.8,2,3,2,2,1,234.85,1,2,1,3,2,2,1,1,3,3,1
3,3,10,30,0.1,3,3,2,2,1,326.29,0,7,3,1,1,3,4,3,3,1,1
3,3,10,31,0.8,3,3,2,2,1,224.17,1,10,1,1,3,3,9,1,3,3,1
3,3,10,32,0.2,2,3,2,1,0,271.95,1,7,1,1,2,2,10,1,1,3,3
3,3,10,33,1.8,1,3,1,1,1,232.25,1,11,3,1,3,1,15,3,1,1,3
3,3,10,34,0.4,2,1,2,1,0,618.78,0,11,1,1,2,2,3,1,1,1,1
3,3,10,35,0.1,1,2,1,1,1,287.43,1,13,3,1,3,1,9,1,3,2,2
3,3,10,36,0.05,1,2,1,1,1,299.94,1,13,1,1,1,1,9,1,1,2,2
3,3,10,37,0.8,2,3,2,2,1,229.42,1,5,1,1,2,2,12,3,1,1,3
3,3,10,38,0.2,2,3,2,2,1,264.65,1,19,3,1,2,2,10,3,1,1,3
3,3,10,39,0.4,1,3,1,1,1,231.72,1,11,3,3,3,3,5,3,1,1,3
3,3,10,40,0.05,3,3,2,2,1,331.56,0,8,1,3,3,1,7,3,1,1,3
3,3,10,41,0.05,2,3,2,1,0,225.26,1,1,3,3,2,2,5,3,3,1,1
3,3,10,42,0.05,2,3,2,2,1,335.28,0,15,3,3,2,2,19,1,1,3,3
3,3,10,43,0.2,1,3,1,1,1,67.559,2,3,3,3,3,3,1,1,1,3,3
3,3,10,44,0.05,1,3,1,1,1,263.38,1,16,1,3,1,3,10,3,3,1,1
3,3,10,45,0.1,1,2,1,1,1,253.49,1,7,3,1,3,1,14,3,1,2,2
3,3,10,46,1.8,3,3,2,2,1,241.81,1,15,3,1,1,3,10,3,1,1,3
3,3,10,47,0.1,1,1,1,1,1,330.79,0,19,1,3,1,3,7,3,3,3,3
3,3,10,48,0.4,1,2,1,1,1,220.04,1,3,3,3,3,3,10,1,1,2,2
3,3,10,49,0.2,1,3,1,1,1,222.51,1,4,1,3,1,3,17,1,1,3,3
3,3,10,50,1.8,3,2,2,2,1,219.06,1,2,1,3,3,1,13,1,3,2,2
3,3,10,51,0.4,1,3,1,1,1,233.71,1,14,3,1,3,1,15,1,3,3,1
3,3,10,52,0.4,1,1,1,1,1,231.52,1,12,1,1,1,1,13,1,1,1,1
3,3,10,53,0.4,3,2,2,2,1,198.1,1,11,1,1,3,3,9,1,3,2,2
3,3,10,54,1.8,2,3,2,1,0,239.82,1,3,3,1,2,2,4,3,3,1,1
3,3,10,55,0.05,1,1,1,1,1,311.15,0,19,3,3,3,3,20,3,3,3,3
3,3,10,56,0.05,3,1,2,2,1,355.89,0,1,3,3,1,1,8,3,1,3,1
3,3,10,57,0.1,2,2,2,2,1,295.29,1,6,1,1,2,2,18,3,1,2,2
3,3,10,58,0.05,1,3,1,1,1,286.32,1,3,1,1,1,1,9,3,3,1,1
3,3,10,59,0.1,1,1,1,1,1,251.13,1,15,1,3,1,3,18,3,3,3,3
3,3,10,60,0.4,1,1,1,1,1,219.67,1,15,1,3,1,3,14,1,3,1,3
3,3,10,61,0.2,2,1,2,1,0,229.4,1,11,3,3,2,2,17,1,3,1,3
3,3,10,62,0.2,2,1,2,1,0,230.28,1,11,3,1,2,2,7,1,3,1,3
3,3,10,63,0.05,3,3,2,2,1,335.41,0,1,3,1,1,3,19,3,3,1,1
3,3,10,64,0.1,3,2,2,1,0,197.75,1,10,1,1,3,3,6,1,3,2,2
3,3,10,65,0.1,2,3,2,2,1,269.45,1,3,3,1,2,2,20,3,1,1,3
3,3,10,66,0.1,1,3,1,1,1,190.48,1,7,1,3,1,3,11,3,1,1,3
3,3,10,67,0.8,1,3,1,1,1,209.46,1,4,3,1,3,1,18,3,1,1,3
3,3,10,68,0.05,2,1,2,2,1,344.12,0,3,3,3,2,2,12,1,3,1,3
3,3,10,69,0.4,1,2,1,1,1,228.19,1,4,1,3,1,3,11,1,1,2,2
3,3,10,70,0.8,3,1,NaN,NaN,NaN,NaN,NaN,13,1,1,3,3,1,3,1,3,1
3,3,10,71,0.2,1,3,1,1,1,237.07,1,5,1,3,1,3,15,1,3,3,1
3,3,10,72,1.8,1,2,1,1,1,218.55,1,12,3,1,3,1,2,1,3,2,2
3,3,10,73,0.8,2,3,2,2,1,225.69,1,2,3,3,2,2,16,3,3,1,1
3,3,10,74,0.4,2,2,2,1,0,203.62,1,8,1,1,2,2,19,3,1,2,2
3,3,10,75,0.1,3,1,2,2,1,284.94,1,8,3,3,1,1,6,1,1,1,1
3,3,10,76,0.2,3,3,2,2,1,292.39,1,3,1,3,3,1,5,3,1,1,3
3,3,10,77,1.8,1,1,1,1,1,220.6,1,20,3,1,3,1,11,1,3,1,3
3,3,10,78,0.8,1,1,1,1,1,228.66,1,9,1,1,1,1,5,1,1,1,1
