3,13,1,1,0.4,1,2,1,1,1,214.62,1,18,3,3,3,3,9,3,1,2,2
3,13,1,2,0.1,2,3,2,1,0,242.7,1,20,1,3,2,2,9,3,3,1,1
3,13,1,3,0.1,1,1,1,2,0,249.46,1,8,3,1,3,1,20,1,3,1,3
3,13,1,4,1.8,1,2,1,1,1,215.51,1,17,3,3,3,3,16,3,3,2,2
3,13,1,5,0.2,1,2,1,1,1,211.86,1,6,3,3,3,3,20,3,3,2,2
3,13,1,6,0.1,1,1,1,2,0,196.53,1,5,1,3,1,3,20,1,1,1,1
3,13,1,7,0.4,1,1,1,1,1,227.31,1,19,1,1,1,1,1,1,3,1,3
3,13,1,8,0.1,3,3,2,2,1,261.33,1,11,3,1,1,3,9,3,1,1,3
3,13,1,9,0.2,1,3,1,1,1,189.57,1,12,1,1,1,1,18,1,1,3,3
3,13,1,10,0.2,1,3,1,1,1,235.1,1,7,1,3,1,3,13,3,1,1,3
3,13,1,11,0.05,1,1,1,1,1,279.21,1,13,3,3,3,3,17,3,1,3,1
3,13,1,12,0.05,1,1,1,1,1,210.54,1,16,3,1,3,1,2,1,3,1,3
3,13,1,13,0.2,2,3,2,2,1,177.09,1,3,1,1,2,2,4,1,3,3,1
3,13,1,14,1.8,3,3,NaN,NaN,NaN,NaN,NaN,4,1,1,3,3,17,3,1,1,3
3,13,1,15,1.8,2,3,2,2,1,231.1,1,16,3,3,2,2,4,1,1,3,3
3,13,1,16,0.4,3,1,2,2,1,272.06,1,4,1,3,3,1,10,3,1,3,1
3,13,1,17,0.8,2,1,2,2,1,245.27,1,16,1,3,2,2,15,3,1,3,1
3,13,1,18,0.2,1,1,1,1,1,232.26,1,19,3,3,3,3,2,1,1,1,1
3,13,1,19,1.8,3,3,2,2,1,250.78,1,5,1,1,3,3,5,1,3,3,1
3,13,1,20,0.8,1,3,1,1,1,227.93,1,13,1,3,1,3,9,1,1,3,3
3,13,1,21,0.1,3,3,2,2,1,292.34,1,18,1,3,3,1,11,1,1,3,3
3,13,1,22,0.8,3,2,2,2,1,199.08,1,11,3,3,1,1,6,3,1,2,2
3,13,1,23,0.05,1,1,1,2,0,256.49,1,17,1,3,1,3,15,1,3,1,3
3,13,1,24,1.8,3,2,2,2,1,201.49,1,2,1,3,3,1,6,1,3,2,2
3,13,1,25,0.4,1,1,1,1,1,247.8,1,13,3,3,3,3,6,3,3,3,3
3,13,1,26,0.05,2,1,2,2,1,369.09,0,9,3,1,2,2,1,3,3,3,3
3,13,1,27,0.8,1,1,1,1,1,230.3,1,18,3,1,3,1,13,3,1,3,1
3,13,1,28,1.8,1,1,1,1,1,222.57,1,19,3,1,3,1,20,3,3,3,3
3,13,1,29,0.8,1,2,1,1,1,243.11,1,9,1,3,1,3,5,3,1,2,2
3,13,1,30,1.8,3,2,2,1,0,218.05,1,20,1,3,3,1,3,3,1,2,2
3,13,1,31,0.2,1,2,1,1,1,279.2,1,13,1,3,1,3,19,3,3,2,2
3,13,1,32,0.05,1,2,1,1,1,810.85,0,8,1,3,1,3,2,3,3,2,2
3,13,1,33,1.8,2,2,2,2,1,208.83,1,1,1,1,2,2,17,1,1,2,2
3,13,1,34,1.8,3,1,2,2,1,265.08,1,19,3,3,1,1,1,1,3,1,3
3,13,1,35,0.2,1,3,1,1,1,265.19,1,16,1,3,1,3,8,1,3,3,1
3,13,1,36,1.8,3,3,2,2,1,219.88,1,3,3,3,1,1,19,3,3,1,1
3,13,1,37,0.8,3,3,2,2,1,278.87,1,18,3,3,1,1,12,1,3,3,1
3,13,1,38,0.05,1,1,1,1,1,289.21,1,7,3,3,3,3,20,3,3,3,3
3,13,1,39,0.8,2,2,2,2,1,224.09,1,15,1,1,2,2,17,3,3,2,2
3,13,1,40,0.2,2,1,2,2,1,297.18,1,17,1,1,2,2,15,1,1,1,1
3,13,1,41,0.1,1,2,1,1,1,287.48,1,15,1,1,1,1,2,1,3,2,2
3,13,1,42,0.2,2,2,2,2,1,254.08,1,10,1,3,2,2,8,3,3,2,2
3,13,1,43,0.8,1,2,1,1,1,220.67,1,15,3,3,3,3,19,1,1,2,2
3,13,1,44,0.05,1,2,1,2,0,328.42,0,9,3,1,3,1,9,3,3,2,2
3,13,1,45,0.1,1,3,1,1,1,364.97,0,20,3,3,3,3,12,3,3,1,1
3,13,1,46,0.2,2,3,2,1,0,263.21,1,4,3,3,2,2,18,3,3,1,1
3,13,1,47,0.8,1,1,1,1,1,235.89,1,5,1,3,1,3,20,1,3,1,3
3,13,1,48,0.2,2,3,2,2,1,269.49,1,13,1,3,2,2,6,3,3,1,1
3,13,1,49,0.1,3,2,2,2,1,280.92,1,4,3,1,1,3,14,1,3,2,2
3,13,1,50,0.05,3,1,2,2,1,295.28,1,5,3,1,1,3,14,3,3,3,3
3,13,1,51,0.05,2,3,2,2,1,430.75,0,15,3,1,2,2,18,1,1,3,3
3,13,1,52,0.2,2,3,2,2,1,264,1,15,1,3,2,2,15,1,1,3,3
3,13,1,53,0.4,3,2,2,2,1,231.28,1,8,1,3,3,1,19,1,1,2,2
3,13,1,54,0.05,1,3,1,2,0,249.39,1,15,3,3,3,3,20,3,3,1,1
3,13,1,55,0.4,1,1,1,1,1,240.94,1,13,1,1,1,1,5,1,3,1,3
3,13,1,56,0.1,1,3,1,1,1,207.4,1,14,1,1,1,1,6,1,3,3,1
3,13,1,57,0.4,1,2,1,1,1,204.5,1,15,3,1,3,1,2,1,3,2,2
3,13,1,58,0.1,1,2,1,2,0,211.31,1,4,3,1,3,1,15,3,1,2,2
3,13,1,59,0.8,3,2,2,2,1,226.95,1,3,3,1,1,3,3,3,1,2,2
3,13,1,60,0.4,1,2,1,2,0,235.9,1,14,3,3,3,3,13,3,3,2,2
3,13,1,61,0.8,1,2,1,1,1,274.51,1,2,3,1,3,1,1,1,3,2,2
3,13,1,62,1.8,1,2,1,1,1,239.33,1,6,1,3,1,3,10,1,1,2,2
3,13,1,63,0.1,3,3,2,2,1,366.93,0,16,1,1,3,3,9,3,3,1,1
3,13,1,64,0.8,1,1,1,1,1,234.31,1,17,1,3,1,3,15,3,3,3,3
3,13,1,65,0.05,2,3,2,2,1,343.86,0,16,3,1,2,2,1,3,1,1,3
3,13,1,66,0.4,3,2,2,2,1,229.94,1,10,1,1,3,3,7,1,1,2,2
3,13,1,67,0.1,1,3,1,1,1,281.77,1,16,1,3,1,3,9,3,1,1,3
3,13,1,68,1.8,3,1,2,2,1,254.54,1,16,1,1,3,3,10,1,1,1,1
3,13,1,69,0.2,2,2,2,2,1,297.78,1,3,1,1,2,2,9,1,1,2,2
3,13,1,70,0.05,1,2,1,1,1,328.61,0,16,3,3,3,3,17,1,1,2,2
3,13,1,71,1.8,1,3,1,2,0,224.08,1,1,1,3,1,3,12,1,3,3,1
3,13,1,72,0.05,3,3,2,2,1,348.21,0,3,1,3,3,1,18,3,1,1,3
3,13,1,73,0.4,1,3,1,1,1,254.27,1,6,1,3,1,3,3,1,3,3,1
3,13,1,74,0.4,1,3,1,1,1,243.72,1,14,3,3,3,3,3,3,3,1,1
3,13,1,75,0.4,1,1,1,1,1,219.9,1,11,3,3,3,3,5,1,1,1,1
3,13,1,76,0.1,3,2,2,2,1,260.56,1,3,3,1,1,3,12,1,1,2,2
3,13,1,77,0.8,3,1,2,2,1,243.63,1,7,3,3,1,1,5,3,1,3,1
3,13,1,78,0.4,2,2,2,2,1,182.55,1,14,3,3,2,2,4,3,1,2,2
3,13,2,1,0.05,1,2,1,1,1,276.44,1,14,1,1,1,1,4,3,1,2,2
3,13,2,2,0.2,2,1,2,2,1,266.45,1,18,3,3,2,2,5,1,3,1,3
3,13,2,3,0.8,1,1,1,1,1,519.87,0,3,1,3,1,3,17,1,1,1,1
3,13,2,4,0.1,1,3,1,1,1,297.85,1,14,1,3,1,3,17,3,1,1,3
3,13,2,5,0.4,2,2,2,2,1,222.15,1,1,3,1,2,2,18,1,1,2,2
3,13,2,6,0.05,1,2,1,1,1,271.58,1,10,3,3,3,3,12,1,1,2,2
3,13,2,7,0.05,1,1,1,2,0,557.85,0,11,1,1,1,1,11,1,3,1,3
3,13,2,8,0.05,1,2,1,1,1,230.52,1,9,3,1,3,1,4,3,1,2,2
3,13,2,9,1.8,3,3,2,2,1,251.63,1,19,3,3,1,1,11,3,1,1,3
3,13,2,10,1.8,1,2,1,1,1,211.2,1,11,1,1,1,1,18,3,1,2,2
3,13,2,11,1.8,3,3,NaN,NaN,NaN,NaN,NaN,4,1,3,3,1,19,1,3,3,1
3,13,2,12,0.8,1,1,1,1,1,273.29,1,17,1,1,1,1,2,3,1,3,1
3,13,2,13,0.05,1,3,1,1,1,242.67,1,5,3,1,3,1,15,1,1,3,3
3,13,2,14,1.8,1,1,1,1,1,204.62,1,4,1,3,1,3,9,3,1,3,1
3,13,2,15,1.8,1,2,1,1,1,322.95,0,19,1,3,1,3,17,3,3,2,2
3,13,2,16,0.2,2,3,2,2,1,259.09,1,18,3,3,2,2,14,1,1,3,3
3,13,2,17,0.8,2,1,2,2,1,229.76,1,10,1,3,2,2,19,1,3,1,3
3,13,2,18,0.2,1,2,1,1,1,271.35,1,1,1,1,1,1,13,3,3,2,2
3,13,2,19,0.1,2,3,2,2,1,199.07,1,5,3,1,2,2,18,3,1,1,3
3,13,2,20,0.1,1,1,1,1,1,268.76,1,20,3,1,3,1,6,3,1,3,1
3,13,2,21,0.4,2,2,2,2,1,233.58,1,7,3,1,2,2,3,1,3,2,2
3,13,2,22,0.4,1,1,1,1,1,242.42,1,3,1,3,1,3,8,1,3,1,3
3,13,2,23,0.2,3,1,2,2,1,262.27,1,2,3,3,1,1,9,1,3,1,3
3,13,2,24,0.8,2,3,2,2,1,154.41,1,4,3,1,2,2,3,3,3,1,1
3,13,2,25,0.2,1,2,1,1,1,288.33,1,12,1,1,1,1,18,3,3,2,2
3,13,2,26,1.8,1,2,1,1,1,218.33,1,14,3,1,3,1,15,3,3,2,2
3,13,2,27,0.4,1,2,1,1,1,292.26,1,6,1,1,1,1,11,3,1,2,2
3,13,2,28,0.1,2,2,2,2,1,367.64,0,14,1,1,2,2,3,1,1,2,2
3,13,2,29,0.05,2,1,2,1,0,288.16,1,19,1,1,2,2,2,1,3,1,3
3,13,2,30,0.1,3,1,2,2,1,265.2,1,10,3,1,1,3,20,3,3,3,3
3,13,2,31,0.8,1,1,1,1,1,229.03,1,4,3,3,3,3,18,3,1,3,1
3,13,2,32,0.4,2,3,2,2,1,236.75,1,14,1,3,2,2,10,1,3,3,1
3,13,2,33,0.8,1,1,1,1,1,249.01,1,10,1,3,1,3,18,1,3,1,3
3,13,2,34,0.2,1,1,1,1,1,244.55,1,7,1,1,1,1,10,3,3,3,3
3,13,2,35,0.2,1,1,1,1,1,295.61,1,17,1,1,1,1,16,1,1,1,1
3,13,2,36,0.2,2,2,2,2,1,258.67,1,18,1,1,2,2,17,1,3,2,2
3,13,2,37,0.1,1,3,1,1,1,264.61,1,18,1,3,1,3,6,1,1,3,3
3,13,2,38,1.8,3,1,2,2,1,225.69,1,16,1,1,3,3,9,1,3,1,3
3,13,2,39,0.05,3,1,2,1,0,320.82,0,12,1,1,3,3,9,1,1,1,1
3,13,2,40,0.4,3,1,2,2,1,273.15,1,1,1,3,3,1,9,1,3,1,3
3,13,2,41,0.8,3,2,2,2,1,235.58,1,11,1,1,3,3,4,1,3,2,2
3,13,2,42,1.8,1,2,NaN,NaN,NaN,NaN,NaN,11,1,1,1,1,16,1,1,2,2
3,13,2,43,0.4,3,1,2,2,1,257.4,1,19,3,3,1,1,15,3,3,3,3
3,13,2,44,0.8,1,2,1,2,0,262.73,1,2,1,1,1,1,10,3,3,2,2
3,13,2,45,0.05,3,1,2,2,1,267.81,1,13,3,3,1,1,2,3,3,3,3
3,13,2,46,0.4,1,1,1,1,1,424.01,0,19,3,3,3,3,1,3,3,3,3
3,13,2,47,1.8,3,3,2,2,1,269.25,1,19,1,3,3,1,19,3,3,1,1
3,13,2,48,0.8,1,3,1,1,1,264.44,1,1,3,3,3,3,11,1,1,3,3
3,13,2,49,1.8,1,3,1,1,1,342.44,0,8,3,1,3,1,8,3,1,1,3
3,13,2,50,0.4,3,2,2,2,1,293.62,1,19,3,1,1,3,8,3,1,2,2
3,13,2,51,1.8,1,1,NaN,NaN,NaN,NaN,NaN,2,3,1,3,1,7,3,1,3,1
3,13,2,52,1.8,2,1,NaN,NaN,NaN,NaN,NaN,10,1,3,2,2,14,1,3,1,3
3,13,2,53,0.1,1,1,1,1,1,264.47,1,1,3,3,3,3,13,3,1,3,1
3,13,2,54,0.1,2,1,2,2,1,342.07,0,10,1,3,2,2,18,1,1,1,1
3,13,2,55,0.1,3,3,2,2,1,298.14,1,13,1,3,3,1,13,3,1,1,3
3,13,2,56,0.05,3,1,2,2,1,296.02,1,20,3,1,1,3,9,3,1,3,1
3,13,2,57,0.2,3,3,2,2,1,391.74,0,12,3,3,1,1,18,1,3,3,1
3,13,2,58,0.05,1,1,1,1,1,271.5,1,3,3,3,3,3,18,3,3,3,3
3,13,2,59,1.8,1,1,1,1,1,248.03,1,8,1,3,1,3,3,1,1,1,1
3,13,2,60,0.2,1,1,1,1,1,210.46,1,7,1,3,1,3,2,3,1,3,1
3,13,2,61,0.1,1,2,1,1,1,270.55,1,20,3,1,3,1,15,3,1,2,2
3,13,2,62,0.05,1,3,1,1,1,306.99,0,5,3,3,3,3,5,1,3,3,1
3,13,2,63,0.8,1,3,1,1,1,300.02,0,18,1,1,1,1,3,3,3,1,1
3,13,2,64,0.1,1,3,1,1,1,282.94,1,5,1,1,1,1,8,1,3,3,1
3,13,2,65,0.2,3,1,2,2,1,226.18,1,16,3,3,1,1,2,1,1,1,1
3,13,2,66,0.8,3,1,2,2,1,167.16,1,14,1,1,3,3,6,1,3,1,3
3,13,2,67,0.8,2,1,2,2,1,210.39,1,18,3,1,2,2,5,1,1,1,1
3,13,2,68,0.8,1,1,1,1,1,247.31,1,3,3,3,3,3,4,1,1,1,1
3,13,2,69,0.05,1,2,1,1,1,709.77,0,20,1,1,1,1,20,1,3,2,2
3,13,2,70,0.4,1,1,1,1,1,249.21,1,15,3,3,3,3,15,1,3,1,3
3,13,2,71,0.2,2,2,2,2,1,292.42,1,11,1,1,2,2,15,3,1,2,2
3,13,2,72,0.4,1,2,1,1,1,328.75,0,4,3,1,3,1,18,1,3,2,2
3,13,2,73,0.05,1,3,1,1,1,289.21,1,18,1,1,1,1,20,3,1,1,3
3,13,2,74,0.2,2,3,2,2,1,231.66,1,5,3,3,2,2,4,1,1,3,3
3,13,2,75,0.4,3,3,2,2,1,263.95,1,12,1,3,3,1,11,3,3,1,1
3,13,2,76,0.4,2,2,2,1,0,360.96,0,19,1,3,2,2,8,3,1,2,2
3,13,2,77,0.1,3,1,2,2,1,290.86,1,8,1,1,3,3,15,1,3,1,3
3,13,2,78,0.1,3,2,2,2,1,222.81,1,12,3,1,1,3,12,1,3,2,2
3,13,3,1,0.4,2,1,2,2,1,256.95,1,18,3,3,2,2,18,3,3,3,3
3,13,3,2,0.2,1,2,1,1,1,266.91,1,7,3,1,3,1,1,1,3,2,2
3,13,3,3,0.8,1,3,NaN,NaN,NaN,NaN,NaN,10,3,1,3,1,14,1,1,3,3
3,13,3,4,0.1,1,2,1,1,1,291.82,1,12,1,3,1,3,1,3,3,2,2
3,13,3,5,0.05,2,1,2,2,1,334.96,0,2,3,3,2,2,17,1,1,1,1
3,13,3,6,0.05,2,3,2,2,1,331.52,0,7,1,3,2,2,2,1,1,3,3
3,13,3,7,0.4,3,3,2,2,1,283.35,1,18,1,3,3,1,1,1,3,3,1
3,13,3,8,0.2,1,1,1,1,1,253.99,1,20,3,1,3,1,2,3,3,3,3
3,13,3,9,0.4,1,1,1,1,1,286.36,1,15,1,1,1,1,10,3,3,3,3
3,13,3,10,0.2,3,2,2,2,1,168.62,1,6,3,1,1,3,19,1,1,2,2
3,13,3,11,0.8,3,1,2,2,1,238.48,1,2,1,3,3,1,2,1,3,1,3
3,13,3,12,0.8,3,3,2,2,1,276.63,1,14,3,3,1,1,17,1,1,3,3
3,13,3,13,0.05,1,2,1,1,1,301.89,0,9,1,3,1,3,2,3,1,2,2
3,13,3,14,1.8,3,2,2,2,1,256.45,1,17,3,1,1,3,15,1,1,2,2
3,13,3,15,0.1,1,3,1,1,1,251.11,1,2,1,1,1,1,18,3,3,1,1
3,13,3,16,0.8,1,1,1,1,1,233.55,1,19,1,1,1,1,14,3,1,3,1
3,13,3,17,0.4,2,3,2,2,1,262.85,1,6,3,1,2,2,7,1,3,3,1
3,13,3,18,0.05,2,3,2,1,0,277.13,1,4,3,3,2,2,3,3,3,1,1
3,13,3,19,0.8,1,3,1,2,0,190.45,1,18,3,1,3,1,17,1,1,3,3
3,13,3,20,0.2,1,2,1,1,1,247.36,1,17,1,3,1,3,15,3,3,2,2
3,13,3,21,0.1,1,3,1,1,1,318.33,0,3,1,1,1,1,3,3,1,1,3
3,13,3,22,0.05,2,3,2,1,0,306.72,0,13,3,3,2,2,17,3,1,1,3
3,13,3,23,0.4,1,3,1,1,1,420.01,0,15,1,1,1,1,13,1,3,3,1
3,13,3,24,0.2,1,2,1,1,1,254.03,1,7,3,3,3,3,12,1,3,2,2
3,13,3,25,1.8,3,2,2,2,1,224.12,1,2,3,1,1,3,13,3,3,2,2
3,13,3,26,0.2,3,1,2,2,1,244.93,1,20,3,1,1,3,4,3,1,3,1
3,13,3,27,0.4,3,1,2,2,1,86.239,2,12,3,3,1,1,9,1,1,1,1
3,13,3,28,0.8,2,1,2,2,1,232.9,1,6,1,1,2,2,11,3,3,3,3
3,13,3,29,1.8,1,3,1,1,1,249.52,1,9,3,3,3,3,13,3,1,1,3
3,13,3,30,0.05,1,1,1,1,1,346.22,0,16,3,3,3,3,20,1,1,1,1
3,13,3,31,0.4,1,1,1,1,1,250.39,1,15,1,1,1,1,5,1,1,1,1
3,13,3,32,0.4,1,1,1,1,1,307.1,0,15,3,1,3,1,5,3,1,3,1
3,13,3,33,0.1,2,1,2,2,1,254.47,1,5,3,3,2,2,2,3,3,3,3
3,13,3,34,0.1,3,3,2,2,1,305,0,12,3,1,1,3,9,1,1,3,3
3,13,3,35,0.1,1,1,1,1,1,262.12,1,6,3,3,3,3,14,3,1,3,1
3,13,3,36,0.05,1,3,1,1,1,333.24,0,3,3,1,3,1,11,3,1,1,3
3,13,3,37,0.2,1,2,1,1,1,260.33,1,13,3,1,3,1,11,3,3,2,2
3,13,3,38,0.1,1,1,1,1,1,274.77,1,3,3,1,3,1,9,3,3,3,3
3,13,3,39,1.8,1,3,1,1,1,238.32,1,16,1,1,1,1,16,1,1,3,3
3,13,3,40,0.8,3,3,2,2,1,227.8,1,2,3,3,1,1,11,1,3,3,1
3,13,3,41,0.1,2,3,2,1,0,252.49,1,15,1,3,2,2,11,3,3,1,1
3,13,3,42,0.8,3,1,2,2,1,227.4,1,6,1,1,3,3,2,3,1,3,1
3,13,3,43,0.1,1,3,1,1,1,260.43,1,19,3,3,3,3,5,1,1,3,3
3,13,3,44,0.1,3,2,2,2,1,250.91,1,13,1,1,3,3,1,3,3,2,2
3,13,3,45,0.2,2,3,2,1,0,154.64,1,3,1,3,2,2,5,1,3,3,1
3,13,3,46,1.8,3,3,2,2,1,200.69,1,11,1,3,3,1,11,3,1,1,3
3,13,3,47,1.8,1,3,1,1,1,39.135,2,2,3,3,3,3,16,3,1,1,3
3,13,3,48,0.2,1,3,1,1,1,223.61,1,8,1,3,1,3,1,1,1,3,3
3,13,3,49,0.1,1,3,1,1,1,283.09,1,12,3,3,3,3,18,1,1,3,3
3,13,3,50,0.4,1,3,1,1,1,83.321,2,6,1,3,1,3,17,3,3,1,1
3,13,3,51,0.05,3,3,2,2,1,301.51,0,12,3,1,1,3,11,3,1,1,3
3,13,3,52,0.4,3,1,2,2,1,268.22,1,10,3,1,1,3,2,3,3,3,3
3,13,3,53,1.8,2,3,2,2,1,209.95,1,13,3,1,2,2,9,1,3,3,1
3,13,3,54,0.1,2,1,2,1,0,242.7,1,3,3,1,2,2,11,3,1,3,1
3,13,3,55,0.2,1,2,1,1,1,233.88,1,17,3,1,3,1,10,1,1,2,2
3,13,3,56,0.05,3,1,2,2,1,342.75,0,16,3,1,1,3,8,3,3,3,3
3,13,3,57,1.8,2,3,2,2,1,219.74,1,8,1,3,2,2,20,1,3,3,1
3,13,3,58,0.05,3,2,2,2,1,261.11,1,2,1,1,3,3,19,3,3,2,2
3,13,3,59,0.05,2,1,2,1,0,241.45,1,4,1,1,2,2,16,3,3,3,3
3,13,3,60,0.05,1,2,1,2,0,344.83,0,4,1,1,1,1,2,1,3,2,2
3,13,3,61,0.8,1,3,1,1,1,220.59,1,2,1,1,1,1,8,1,3,3,1
3,13,3,62,0.2,2,3,2,2,1,358.23,0,4,1,1,2,2,18,3,3,1,1
3,13,3,63,1.8,1,2,1,1,1,251.45,1,15,3,3,3,3,13,1,1,2,2
3,13,3,64,0.1,1,2,1,1,1,274.13,1,17,3,3,3,3,12,3,3,2,2
3,13,3,65,0.8,1,1,1,1,1,244.36,1,1,3,1,3,1,1,3,1,3,1
3,13,3,66,1.8,1,3,1,1,1,261.65,1,10,1,1,1,1,5,1,3,3,1
3,13,3,67,1.8,3,1,2,2,1,241.71,1,1,3,1,1,3,2,3,1,3,1
3,13,3,68,0.8,1,2,1,1,1,231.97,1,8,3,3,3,3,3,1,1,2,2
3,13,3,69,0.2,1,2,1,2,0,322.71,0,7,1,1,1,1,13,1,1,2,2
3,13,3,70,0.4,1,3,1,1,1,252.77,1,17,1,1,1,1,17,3,1,1,3
3,13,3,71,0.4,1,2,1,1,1,286.9,1,11,3,3,3,3,7,3,3,2,2
3,13,3,72,0.8,2,1,2,2,1,249.61,1,1,3,1,2,2,3,3,1,3,1
3,13,3,73,0.2,3,3,2,2,1,230.8,1,13,1,1,3,3,9,1,3,3,1
3,13,3,74,0.05,1,3,1,1,1,243.12,1,6,1,1,1,1,15,3,1,1,3
3,13,3,75,1.8,2,1,NaN,NaN,NaN,NaN,NaN,18,3,3,2,2,10,1,1,1,1
3,13,3,76,1.8,1,2,1,1,1,222.83,1,10,1,3,1,3,5,3,3,2,2
3,13,3,77,0.4,3,3,2,2,1,267.07,1,15,3,3,1,1,4,3,1,1,3
3,13,3,78,0.8,3,3,2,2,1,222.24,1,12,3,3,1,1,6,1,1,3,3
3,13,4,1,0.1,2,1,2,2,1,283.34,1,5,1,1,2,2,19,1,1,1,1
3,13,4,2,0.8,1,2,1,1,1,283.11,1,15,3,3,3,3,3,1,3,2,2
3,13,4,3,0.8,1,2,1,1,1,297.13,1,7,1,3,1,3,15,1,1,2,2
3,13,4,4,0.8,1,3,NaN,NaN,NaN,NaN,NaN,4,3,1,3,1,1,3,3,1,1
3,13,4,5,1.8,3,2,2,2,1,222.11,1,19,1,1,3,3,14,1,1,2,2
3,13,4,6,0.2,2,1,2,2,1,292.07,1,14,1,3,2,2,9,3,1,3,1
3,13,4,7,1.8,1,3,1,1,1,224.39,1,1,1,3,1,3,20,3,1,1,3
3,13,4,8,0.1,1,1,1,1,1,255.89,1,18,1,3,1,3,19,3,3,3,3
3,13,4,9,0.05,2,1,2,2,1,289.24,1,14,3,1,2,2,8,3,1,3,1
3,13,4,10,0.1,3,1,2,2,1,211.74,1,5,1,1,3,3,19,1,3,1,3
3,13,4,11,0.8,2,3,2,2,1,288.09,1,8,1,1,2,2,16,1,1,3,3
3,13,4,12,1.8,1,1,1,1,1,258.51,1,20,3,1,3,1,18,3,3,3,3
3,13,4,13,0.1,1,2,1,2,0,330.61,0,8,3,1,3,1,11,3,1,2,2
3,13,4,14,0.2,1,1,1,1,1,251.65,1,17,1,1,1,1,11,1,1,1,1
3,13,4,15,0.8,1,1,1,1,1,270.02,1,13,1,3,1,3,5,1,3,1,3
3,13,4,16,0.2,3,2,2,2,1,299.48,1,16,3,3,1,1,6,3,1,2,2
3,13,4,17,0.05,3,1,2,2,1,232.99,1,5,3,1,1,3,14,1,3,1,3
3,13,4,18,0.1,2,1,2,2,1,275.86,1,18,1,3,2,2,13,1,1,1,1
3,13,4,19,0.4,3,2,2,2,1,334.46,0,16,1,3,3,1,1,3,3,2,2
3,13,4,20,1.8,2,3,2,1,0,265.37,1,4,3,3,2,2,14,1,1,3,3
3,13,4,21,0.1,3,2,2,2,1,312.79,0,2,3,3,1,1,17,3,3,2,2
3,13,4,22,0.05,1,2,1,1,1,337.63,0,12,3,1,3,1,1,3,3,2,2
3,13,4,23,0.1,2,2,2,2,1,279.03,1,16,1,3,2,2,9,3,1,2,2
3,13,4,24,1.8,1,3,1,1,1,260.97,1,10,3,1,3,1,1,1,3,3,1
3,13,4,25,0.05,2,1,2,2,1,290.79,1,11,3,1,2,2,4,1,1,1,1
3,13,4,26,0.4,3,3,2,2,1,258.37,1,5,3,1,1,3,7,1,1,3,3
3,13,4,27,0.1,1,3,1,1,1,405.55,0,19,1,1,1,1,3,1,1,3,3
3,13,4,28,0.1,3,1,2,2,1,145.38,1,16,3,3,1,1,17,1,1,1,1
3,13,4,29,0.1,1,3,1,1,1,334.38,0,16,3,1,3,1,9,1,1,3,3
3,13,4,30,0.2,1,3,1,1,1,246.94,1,6,3,3,3,3,15,3,3,1,1
3,13,4,31,1.8,1,3,1,1,1,254.15,1,20,3,3,3,3,2,3,1,1,3
3,13,4,32,0.4,2,3,2,2,1,295.19,1,13,3,1,2,2,14,1,3,3,1
3,13,4,33,0.8,1,1,1,1,1,218.64,1,18,1,1,1,1,5,1,1,1,1
3,13,4,34,0.8,2,3,2,1,0,266.58,1,7,3,3,2,2,6,3,1,1,3
3,13,4,35,1.8,1,3,1,1,1,256.49,1,1,3,3,3,3,18,3,3,1,1
3,13,4,36,0.8,2,1,2,2,1,249.24,1,2,1,1,2,2,4,1,1,1,1
3,13,4,37,0.1,3,2,2,2,1,311.55,0,17,3,1,1,3,13,3,1,2,2
3,13,4,38,0.1,3,1,2,2,1,293.56,1,13,3,1,1,3,16,3,1,3,1
3,13,4,39,0.4,1,3,1,1,1,263.51,1,19,3,1,3,1,12,3,1,1,3
3,13,4,40,1.8,2,2,2,2,1,224.13,1,3,1,3,2,2,5,1,1,2,2
3,13,4,41,0.4,3,2,2,2,1,312.32,0,5,3,3,1,1,9,1,3,2,2
3,13,4,42,0.4,1,1,1,1,1,296.97,1,12,3,1,3,1,3,3,3,3,3
3,13,4,43,0.05,1,2,1,1,1,306.54,0,16,1,3,1,3,4,1,1,2,2
3,13,4,44,1.8,2,2,2,2,1,208.97,1,9,1,1,2,2,14,3,1,2,2
3,13,4,45,0.4,3,1,2,2,1,250.97,1,1,3,1,1,3,19,1,1,1,1
3,13,4,46,0.1,1,2,1,1,1,338.3,0,11,3,1,3,1,5,3,3,2,2
3,13,4,47,0.05,1,2,1,1,1,276.89,1,3,1,3,1,3,9,3,3,2,2
3,13,4,48,0.4,2,2,2,2,1,257.91,1,8,1,1,2,2,16,3,1,2,2
3,13,4,49,0.8,1,1,1,1,1,262.3,1,2,1,1,1,1,11,3,1,3,1
3,13,4,50,0.8,1,1,1,1,1,330.64,0,4,3,3,3,3,3,1,1,1,1
3,13,4,51,0.4,1,2,1,1,1,261.35,1,12,3,3,3,3,13,1,1,2,2
3,13,4,52,0.8,1,2,1,1,1,265.17,1,20,1,3,1,3,16,3,1,2,2
3,13,4,53,0.05,1,3,1,1,1,291.07,1,18,1,3,1,3,5,1,1,3,3
3,13,4,54,0.4,1,2,1,1,1,287.61,1,8,1,1,1,1,13,3,3,2,2
3,13,4,55,0.05,1,1,1,1,1,302.45,0,10,3,3,3,3,10,3,3,3,3
3,13,4,56,0.8,3,3,2,2,1,224.47,1,7,1,1,3,3,10,3,1,1,3
3,13,4,57,0.2,1,3,1,1,1,287.95,1,16,1,3,1,3,3,3,3,1,1
3,13,4,58,0.2,1,2,1,1,1,181.45,1,8,1,3,1,3,12,3,1,2,2
3,13,4,59,0.4,1,3,1,1,1,265.9,1,12,3,1,3,1,20,3,1,1,3
3,13,4,60,1.8,3,2,NaN,NaN,NaN,NaN,NaN,2,1,1,3,3,19,3,1,2,2
3,13,4,61,1.8,1,1,1,1,1,234.52,1,11,3,3,3,3,18,1,1,1,1
3,13,4,62,0.4,2,3,2,1,0,305.81,0,4,1,1,2,2,4,1,1,3,3
3,13,4,63,0.2,1,3,1,1,1,298.39,1,18,3,3,3,3,16,1,1,3,3
3,13,4,64,0.05,3,3,2,2,1,299.82,1,10,1,1,3,3,4,1,3,3,1
3,13,4,65,0.8,3,1,2,2,1,246.19,1,11,3,1,1,3,4,1,1,1,1
3,13,4,66,0.4,2,1,2,2,1,508.61,0,8,1,1,2,2,3,1,1,1,1
3,13,4,67,1.8,1,3,1,1,1,394.77,0,5,3,3,3,3,12,3,3,1,1
3,13,4,68,0.05,1,2,1,1,1,319.05,0,2,3,3,3,3,12,1,1,2,2
3,13,4,69,1.8,1,3,1,2,0,233.81,1,2,3,1,3,1,1,1,1,3,3
3,13,4,70,0.05,3,2,2,2,1,259.4,1,9,1,3,3,1,7,1,1,2,2
3,13,4,71,0.2,3,3,2,2,1,318.2,0,16,3,3,1,1,8,1,3,3,1
3,13,4,72,0.2,1,2,1,1,1,290.58,1,13,1,3,1,3,7,3,1,2,2
3,13,4,73,0.2,1,3,1,2,0,268.63,1,10,3,1,3,1,7,1,1,3,3
3,13,4,74,0.2,3,3,2,2,1,215.07,1,2,3,1,1,3,19,3,1,1,3
3,13,4,75,0.05,1,3,1,1,1,305.55,0,11,3,3,3,3,14,3,3,1,1
3,13,4,76,0.2,1,2,1,1,1,252.69,1,3,1,1,1,1,13,1,3,2,2
3,13,4,77,0.05,1,1,1,1,1,300.41,0,9,3,1,3,1,1,1,1,1,1
3,13,4,78,0.2,3,3,2,2,1,239.01,1,12,3,3,1,1,19,1,1,3,3
3,13,5,1,0.05,2,2,2,1,0,303.81,0,9,3,1,2,2,17,1,3,2,2
3,13,5,2,0.1,2,3,2,1,0,271.87,1,20,3,3,2,2,10,3,1,1,3
3,13,5,3,0.05,3,3,2,1,0,277.62,1,18,3,1,1,3,13,1,3,3,1
3,13,5,4,0.1,3,2,2,2,1,185.58,1,17,3,1,1,3,13,1,1,2,2
3,13,5,5,1.8,2,1,2,1,0,275.15,1,7,3,3,2,2,18,3,3,3,3
3,13,5,6,0.05,2,1,2,2,1,267.66,1,14,3,1,2,2,19,1,3,1,3
3,13,5,7,0.2,1,3,1,1,1,219.66,1,13,1,1,1,1,16,1,3,3,1
3,13,5,8,0.1,1,3,1,1,1,211.56,1,7,1,3,1,3,9,1,3,3,1
3,13,5,9,0.2,3,1,2,2,1,189.33,1,18,1,1,3,3,6,1,1,1,1
3,13,5,10,0.05,1,1,1,1,1,215.14,1,3,3,3,3,3,10,1,3,1,3
3,13,5,11,0.4,1,2,1,1,1,248.27,1,18,1,3,1,3,7,3,1,2,2
3,13,5,12,1.8,1,3,1,1,1,217.45,1,9,3,3,3,3,18,1,3,3,1
3,13,5,13,0.05,3,3,2,2,1,273.94,1,19,3,3,1,1,2,3,3,1,1
3,13,5,14,0.1,1,3,1,1,1,198.32,1,15,1,1,1,1,12,3,3,1,1
3,13,5,15,0.4,1,1,1,1,1,238.99,1,13,3,3,3,3,4,1,1,1,1
3,13,5,16,0.05,1,1,1,1,1,327.5,0,4,3,1,3,1,20,1,1,1,1
3,13,5,17,1.8,2,2,NaN,NaN,NaN,NaN,NaN,3,3,3,2,2,14,1,1,2,2
3,13,5,18,0.1,2,3,2,1,0,234.08,1,9,1,3,2,2,15,1,1,3,3
3,13,5,19,0.8,1,1,1,1,1,242.94,1,10,3,3,3,3,17,1,1,1,1
3,13,5,20,0.8,1,3,1,1,1,259.24,1,7,3,1,3,1,3,1,3,3,1
3,13,5,21,0.2,3,3,2,2,1,116.29,1,20,1,1,3,3,6,3,1,1,3
3,13,5,22,1.8,1,1,1,1,1,363.03,0,20,3,1,3,1,8,3,1,3,1
3,13,5,23,0.4,1,3,1,1,1,288.41,1,4,3,1,3,1,12,3,3,1,1
3,13,5,24,0.8,3,3,2,2,1,255.36,1,15,1,3,3,1,18,1,1,3,3
3,13,5,25,0.1,1,3,1,2,0,429.55,0,20,1,3,1,3,6,1,1,3,3
3,13,5,26,0.1,2,3,2,2,1,257.27,1,20,3,3,2,2,8,1,3,3,1
3,13,5,27,0.8,1,3,1,1,1,252.21,1,4,1,3,1,3,20,1,3,3,1
3,13,5,28,0.8,1,1,NaN,NaN,NaN,NaN,NaN,4,1,3,1,3,19,3,3,3,3
3,13,5,29,0.1,1,1,1,1,1,265.71,1,20,3,1,3,1,18,3,3,3,3
3,13,5,30,0.05,1,3,1,1,1,254.92,1,5,3,1,3,1,15,3,1,1,3
3,13,5,31,0.2,2,1,2,1,0,236.65,1,4,3,1,2,2,15,3,3,3,3
3,13,5,32,0.8,3,1,2,2,1,256.57,1,9,3,1,1,3,15,1,1,1,1
3,13,5,33,1.8,1,3,1,1,1,257.86,1,20,3,1,3,1,9,1,3,3,1
3,13,5,34,0.8,1,1,1,1,1,301.9,0,18,3,3,3,3,17,3,1,3,1
3,13,5,35,0.4,1,2,1,1,1,242.7,1,4,3,3,3,3,12,3,1,2,2
3,13,5,36,0.2,1,3,1,1,1,62.62,2,20,3,3,3,3,4,1,1,3,3
3,13,5,37,0.1,3,1,2,2,1,322.87,0,12,3,1,1,3,11,3,3,3,3
3,13,5,38,0.8,3,3,2,2,1,245.4,1,3,3,1,1,3,20,3,1,1,3
3,13,5,39,1.8,3,2,2,2,1,283.23,1,5,1,1,3,3,11,3,3,2,2
3,13,5,40,0.8,2,2,2,2,1,283.16,1,12,3,3,2,2,17,1,3,2,2
3,13,5,41,0.4,2,3,2,2,1,317.21,0,6,3,3,2,2,9,1,3,3,1
3,13,5,42,0.8,1,2,1,1,1,252.99,1,7,3,1,3,1,5,1,3,2,2
3,13,5,43,0.05,2,3,2,2,1,288.9,1,10,1,3,2,2,14,3,1,1,3
3,13,5,44,0.1,1,3,1,1,1,309.62,0,7,3,3,3,3,3,1,1,3,3
3,13,5,45,0.1,1,2,1,1,1,228.9,1,20,1,3,1,3,12,1,1,2,2
3,13,5,46,0.1,2,1,2,1,0,224.03,1,8,1,1,2,2,7,1,1,1,1
3,13,5,47,0.2,1,2,1,1,1,256.33,1,14,3,1,3,1,4,3,3,2,2
3,13,5,48,0.05,2,1,2,2,1,236.79,1,8,3,3,2,2,2,3,1,3,1
3,13,5,49,1.8,1,1,1,1,1,233.67,1,10,1,1,1,1,3,1,1,1,1
3,13,5,50,0.8,1,3,1,1,1,231.48,1,10,3,1,3,1,17,1,3,3,1
3,13,5,51,0.4,2,1,2,2,1,245.14,1,3,1,1,2,2,3,1,3,1,3
3,13,5,52,0.4,1,1,1,1,1,489.38,0,7,1,3,1,3,15,1,3,1,3
3,13,5,53,0.05,1,3,1,2,0,401.32,0,12,1,1,1,1,2,1,3,3,1
3,13,5,54,0.2,1,1,1,1,1,251.31,1,9,1,3,1,3,4,1,1,1,1
3,13,5,55,0.2,1,1,1,1,1,197.57,1,6,3,1,3,1,2,3,3,3,3
3,13,5,56,0.4,3,2,2,2,1,225.36,1,14,1,1,3,3,16,3,3,2,2
3,13,5,57,0.4,2,3,2,2,1,279.21,1,14,1,1,2,2,19,1,1,3,3
3,13,5,58,0.2,1,1,1,1,1,241.57,1,4,1,1,1,1,9,3,1,3,1
3,13,5,59,1.8,1,3,1,2,0,214.45,1,7,1,1,1,1,6,1,3,3,1
3,13,5,60,0.2,3,3,2,2,1,272.47,1,7,3,3,1,1,15,3,1,1,3
3,13,5,61,0.05,1,2,1,1,1,334.69,0,20,3,3,3,3,19,1,3,2,2
3,13,5,62,0.2,2,1,2,2,1,240.23,1,6,1,1,2,2,17,3,3,3,3
3,13,5,63,0.1,1,1,1,1,1,343.69,0,19,3,3,3,3,7,3,3,3,3
3,13,5,64,0.2,1,3,1,1,1,108.28,1,16,3,1,3,1,19,1,1,3,3
3,13,5,65,0.8,2,2,2,2,1,238.99,1,9,1,3,2,2,6,3,1,2,2
3,13,5,66,1.8,1,3,1,1,1,257.42,1,6,1,3,1,3,4,1,1,3,3
3,13,5,67,0.8,1,1,1,2,0,197.33,1,16,3,1,3,1,18,1,1,1,1
3,13,5,68,1.8,1,1,1,1,1,219.93,1,16,3,3,3,3,16,1,3,1,3
3,13,5,69,1.8,1,2,1,1,1,203.06,1,9,3,1,3,1,4,1,1,2,2
3,13,5,70,0.05,2,2,2,2,1,333.99,0,16,3,3,2,2,10,1,3,2,2
3,13,5,71,0.4,1,2,1,1,1,260.39,1,4,3,3,3,3,17,1,1,2,2
3,13,5,72,0.4,2,3,2,2,1,25.653,2,16,3,3,2,2,15,1,1,3,3
3,13,5,73,0.4,1,2,1,1,1,236.51,1,5,3,3,3,3,4,3,1,2,2
3,13,5,74,1.8,1,1,1,1,1,260.05,1,13,1,1,1,1,1,1,1,1,1
3,13,5,75,0.4,1,2,1,1,1,292.34,1,6,3,3,3,3,13,1,3,2,2
3,13,5,76,0.05,3,2,2,1,0,311.59,0,20,3,3,1,1,20,1,1,2,2
3,13,5,77,1.8,1,1,NaN,NaN,NaN,NaN,NaN,20,3,3,3,3,14,3,3,3,3
3,13,5,78,0.2,1,1,1,1,1,252.28,1,8,1,3,1,3,15,3,3,3,3
3,13,6,1,1.8,1,1,1,1,1,342.71,0,17,3,1,3,1,3,3,1,3,1
3,13,6,2,0.8,2,3,2,2,1,246.69,1,15,1,3,2,2,3,1,3,3,1
3,13,6,3,0.2,3,3,2,2,1,248.07,1,8,1,1,3,3,5,3,3,1,1
3,13,6,4,1.8,2,2,2,2,1,251.73,1,19,1,3,2,2,12,1,1,2,2
3,13,6,5,0.2,2,3,2,1,0,230.66,1,10,1,1,2,2,5,1,3,3,1
3,13,6,6,0.8,3,1,2,2,1,232.11,1,6,3,1,1,3,1,1,1,1,1
3,13,6,7,0.2,2,3,2,2,1,290.68,1,2,1,1,2,2,7,1,1,3,3
3,13,6,8,0.4,3,3,2,2,1,330.48,0,9,1,1,3,3,16,3,3,1,1
3,13,6,9,1.8,2,1,2,1,0,229.22,1,20,1,1,2,2,4,3,3,3,3
3,13,6,10,0.05,2,2,2,2,1,261.39,1,5,1,3,2,2,19,1,1,2,2
3,13,6,11,0.2,2,1,2,2,1,264.57,1,19,3,3,2,2,3,3,1,3,1
3,13,6,12,1.8,2,2,2,2,1,207.11,1,7,3,3,2,2,11,3,1,2,2
3,13,6,13,0.05,1,2,1,2,0,343.2,0,14,1,3,1,3,13,1,3,2,2
3,13,6,14,0.2,1,1,1,1,1,227.36,1,15,1,3,1,3,8,3,1,3,1
3,13,6,15,0.4,2,1,2,1,0,250.61,1,11,1,1,2,2,12,3,1,3,1
3,13,6,16,0.4,1,2,1,1,1,74.865,2,15,1,1,1,1,1,1,1,2,2
3,13,6,17,0.1,1,1,1,1,1,256.27,1,1,1,3,1,3,10,1,3,1,3
3,13,6,18,0.8,2,1,2,2,1,233.81,1,14,1,3,2,2,2,3,3,3,3
3,13,6,19,0.8,1,1,1,1,1,231.05,1,19,1,3,1,3,11,3,3,3,3
3,13,6,20,0.8,2,2,2,2,1,242.85,1,20,3,3,2,2,14,1,1,2,2
3,13,6,21,0.4,1,2,1,1,1,222.72,1,16,3,3,3,3,17,1,1,2,2
3,13,6,22,0.4,1,3,1,2,0,363.11,0,13,1,3,1,3,13,1,3,3,1
3,13,6,23,0.8,2,2,2,2,1,210.05,1,1,1,1,2,2,20,1,1,2,2
3,13,6,24,0.2,1,1,1,1,1,258.4,1,8,3,1,3,1,15,1,1,1,1
3,13,6,25,0.1,1,2,1,1,1,286.59,1,4,3,1,3,1,18,3,3,2,2
3,13,6,26,0.2,3,3,2,2,1,189.51,1,12,1,3,3,1,1,1,3,3,1
3,13,6,27,0.4,2,3,2,2,1,326.52,0,16,1,3,2,2,4,1,1,3,3
3,13,6,28,0.05,1,2,1,1,1,243.51,1,14,1,1,1,1,3,3,3,2,2
3,13,6,29,0.05,3,1,2,2,1,272.54,1,12,3,1,1,3,15,3,1,3,1
3,13,6,30,0.4,2,1,2,2,1,179.49,1,14,1,1,2,2,15,3,3,3,3
3,13,6,31,1.8,1,1,1,1,1,215.8,1,2,3,3,3,3,13,1,3,1,3
3,13,6,32,0.4,2,1,2,2,1,268.57,1,18,1,3,2,2,9,3,3,3,3
3,13,6,33,0.05,3,2,2,2,1,278.06,1,7,1,3,3,1,5,1,3,2,2
3,13,6,34,0.05,2,2,2,2,1,309.27,0,3,3,1,2,2,8,3,3,2,2
3,13,6,35,0.4,1,2,1,1,1,244.68,1,17,3,1,3,1,6,1,1,2,2
3,13,6,36,1.8,2,3,2,2,1,208.58,1,5,1,3,2,2,5,3,3,1,1
3,13,6,37,0.1,1,3,1,1,1,259.65,1,17,1,1,1,1,11,1,1,3,3
3,13,6,38,0.8,1,3,1,1,1,246.66,1,5,3,1,3,1,9,3,1,1,3
3,13,6,39,1.8,1,1,1,1,1,244.75,1,17,1,3,1,3,2,1,1,1,1
3,13,6,40,0.1,3,2,2,2,1,305.03,0,17,3,1,1,3,5,3,1,2,2
3,13,6,41,0.2,1,1,1,1,1,223.75,1,10,3,3,3,3,14,3,1,3,1
3,13,6,42,1.8,3,2,2,2,1,196.81,1,8,1,3,3,1,12,3,1,2,2
3,13,6,43,0.05,2,3,2,2,1,275.78,1,4,1,3,2,2,13,3,1,1,3
3,13,6,44,0.1,2,3,2,2,1,268.53,1,13,1,3,2,2,19,3,1,1,3
3,13,6,45,1.8,3,2,2,2,1,204.57,1,7,3,3,1,1,14,1,1,2,2
3,13,6,46,0.8,1,2,1,1,1,263.01,1,17,1,3,1,3,9,3,1,2,2
3,13,6,47,0.4,1,2,1,1,1,229.46,1,2,3,3,3,3,16,3,3,2,2
3,13,6,48,0.1,3,2,2,2,1,235.58,1,8,3,3,1,1,1,1,1,2,2
3,13,6,49,0.05,1,3,1,2,0,285.51,1,18,3,1,3,1,15,1,1,3,3
3,13,6,50,0.1,3,1,2,2,1,254.81,1,14,3,3,1,1,1,3,3,3,3
3,13,6,51,0.1,1,3,1,1,1,234.84,1,9,3,3,3,3,6,1,3,3,1
3,13,6,52,0.4,1,2,1,1,1,230.26,1,2,3,3,3,3,17,3,3,2,2
3,13,6,53,0.2,3,3,2,2,1,125.73,1,4,1,3,3,1,17,1,3,3,1
3,13,6,54,0.05,1,3,1,1,1,281.24,1,5,1,3,1,3,15,3,3,1,1
3,13,6,55,0.05,3,2,2,2,1,241.4,1,12,3,3,1,1,15,1,1,2,2
3,13,6,56,0.8,2,1,NaN,NaN,NaN,NaN,NaN,20,3,3,2,2,1,1,3,1,3
3,13,6,57,0.1,1,3,1,1,1,266.32,1,12,3,3,3,3,10,3,1,1,3
3,13,6,58,0.05,2,2,2,2,1,241.54,1,8,3,3,2,2,17,3,3,2,2
3,13,6,59,0.2,2,1,2,2,1,79.628,2,6,1,1,2,2,13,1,3,1,3
3,13,6,60,0.1,3,3,2,2,1,273.76,1,8,3,3,1,1,6,3,1,1,3
3,13,6,61,0.1,1,2,1,1,1,351.79,0,15,1,1,1,1,9,3,1,2,2
3,13,6,62,0.05,1,1,1,1,1,285.94,1,17,1,1,1,1,8,1,3,1,3
3,13,6,63,0.2,3,1,2,2,1,329.18,0,13,3,1,1,3,9,1,3,1,3
3,13,6,64,0.8,2,2,2,2,1,192.76,1,16,3,3,2,2,13,1,1,2,2
3,13,6,65,0.05,1,2,1,1,1,256.87,1,6,1,1,1,1,20,1,1,2,2
3,13,6,66,1.8,1,1,1,1,1,201.83,1,18,3,1,3,1,1,1,1,1,1
3,13,6,67,0.2,1,3,1,1,1,240.31,1,10,3,1,3,1,10,1,1,3,3
3,13,6,68,1.8,1,3,1,2,0,198.38,1,16,3,3,3,3,8,1,1,3,3
3,13,6,69,0.1,1,3,1,1,1,249.82,1,13,1,1,1,1,14,1,1,3,3
3,13,6,70,0.2,1,2,1,1,1,240.4,1,9,3,1,3,1,20,1,1,2,2
3,13,6,71,0.8,1,2,1,1,1,316.55,0,13,3,1,3,1,20,3,3,2,2
3,13,6,72,0.4,2,3,2,2,1,296.72,1,10,1,3,2,2,2,1,3,3,1
3,13,6,73,0.8,3,1,2,1,0,236.1,1,2,1,3,3,1,3,1,3,1,3
3,13,6,74,1.8,2,1,2,1,0,212.26,1,20,1,3,2,2,10,3,3,3,3
3,13,6,75,0.1,3,2,2,2,1,362.16,0,2,3,1,1,3,12,1,1,2,2
3,13,6,76,0.4,1,3,1,1,1,250.91,1,5,1,1,1,1,5,1,1,3,3
3,13,6,77,0.8,2,3,2,2,1,228.07,1,19,1,3,2,2,8,3,3,1,1
3,13,6,78,1.8,1,3,NaN,NaN,NaN,NaN,NaN,20,3,1,3,1,15,3,3,1,1
3,13,7,1,0.1,2,1,2,1,0,250.3,1,3,1,1,2,2,3,1,3,1,3
3,13,7,2,0.4,2,3,2,2,1,264.5,1,18,3,1,2,2,6,3,3,1,1
3,13,7,3,0.8,1,2,1,1,1,270.35,1,8,3,3,3,3,1,1,1,2,2
3,13,7,4,0.4,2,1,2,2,1,228.74,1,7,3,1,2,2,13,3,3,3,3
3,13,7,5,0.8,1,3,1,1,1,245.14,1,15,1,3,1,3,20,1,3,3,1
3,13,7,6,0.1,1,3,1,1,1,269.38,1,9,3,1,3,1,20,1,1,3,3
3,13,7,7,0.05,3,3,2,2,1,237.99,1,6,1,3,3,1,2,1,1,3,3
3,13,7,8,0.1,1,3,1,1,1,231.37,1,4,1,3,1,3,14,3,1,1,3
3,13,7,9,0.05,2,3,2,2,1,220.28,1,6,3,3,2,2,9,1,1,3,3
3,13,7,10,0.1,1,1,1,1,1,272.6,1,2,1,3,1,3,15,3,1,3,1
3,13,7,11,0.4,2,2,NaN,NaN,NaN,NaN,NaN,15,3,3,2,2,13,3,1,2,2
3,13,7,12,0.1,3,1,2,2,1,281.65,1,18,3,3,1,1,5,3,3,3,3
3,13,7,13,0.05,1,3,1,1,1,277.6,1,14,3,3,3,3,18,3,3,1,1
3,13,7,14,0.8,1,3,1,1,1,219.46,1,16,3,3,3,3,4,1,1,3,3
3,13,7,15,0.2,1,3,1,1,1,268.59,1,6,3,3,3,3,16,3,3,1,1
3,13,7,16,0.4,2,1,2,2,1,269,1,16,3,3,2,2,18,1,1,1,1
3,13,7,17,0.4,3,1,2,2,1,302.01,0,15,1,3,3,1,1,1,1,1,1
3,13,7,18,0.8,1,1,1,1,1,258.33,1,1,3,1,3,1,20,1,3,1,3
3,13,7,19,0.05,1,3,1,1,1,264.46,1,2,3,1,3,1,3,3,1,1,3
3,13,7,20,0.4,2,1,2,1,0,223.09,1,15,1,3,2,2,4,1,3,1,3
3,13,7,21,0.8,1,3,1,1,1,228.13,1,3,1,1,1,1,17,1,1,3,3
3,13,7,22,1.8,3,3,2,2,1,233.09,1,17,3,1,1,3,1,3,3,1,1
3,13,7,23,0.8,2,2,2,2,1,227.89,1,19,1,1,2,2,6,3,3,2,2
3,13,7,24,0.8,2,3,2,2,1,250.23,1,14,1,3,2,2,19,1,3,3,1
3,13,7,25,0.4,3,3,2,2,1,295.55,1,8,1,1,3,3,13,3,1,1,3
3,13,7,26,0.4,1,1,1,1,1,278.28,1,7,1,1,1,1,6,1,3,1,3
3,13,7,27,0.2,1,1,1,1,1,242.68,1,9,1,1,1,1,3,3,1,3,1
3,13,7,28,0.2,2,3,2,2,1,296.62,1,14,1,3,2,2,11,3,3,1,1
3,13,7,29,1.8,3,3,2,2,1,214.7,1,6,1,3,3,1,20,1,3,3,1
3,13,7,30,0.4,1,2,1,1,1,263.88,1,6,3,3,3,3,13,1,1,2,2
3,13,7,31,0.4,1,2,1,1,1,288.73,1,12,1,1,1,1,9,3,1,2,2
3,13,7,32,0.4,3,2,2,2,1,254.83,1,17,1,1,3,3,5,3,1,2,2
3,13,7,33,0.2,1,2,1,1,1,203.03,1,11,3,3,3,3,5,1,3,2,2
3,13,7,34,0.4,1,3,1,1,1,280.08,1,3,3,3,3,3,13,1,1,3,3
3,13,7,35,0.05,2,2,2,2,1,295.61,1,17,3,1,2,2,13,1,3,2,2
3,13,7,36,1.8,1,1,1,1,1,246.92,1,12,1,3,1,3,17,1,3,1,3
3,13,7,37,0.2,1,1,1,1,1,238.08,1,15,1,3,1,3,3,3,3,3,3
3,13,7,38,0.05,1,1,1,1,1,256.38,1,15,3,3,3,3,8,1,3,1,3
3,13,7,39,0.1,2,3,2,2,1,257.49,1,16,1,1,2,2,6,1,3,3,1
3,13,7,40,1.8,2,3,2,2,1,255.19,1,18,1,3,2,2,6,1,1,3,3
3,13,7,41,1.8,2,3,2,2,1,243.62,1,19,1,1,2,2,11,1,3,3,1
3,13,7,42,0.2,3,3,2,2,1,905.74,0,16,1,3,3,1,2,3,1,1,3
3,13,7,43,1.8,1,3,1,1,1,247.01,1,15,1,3,1,3,17,1,1,3,3
3,13,7,44,0.2,1,1,1,2,0,308.72,0,4,3,1,3,1,17,3,1,3,1
3,13,7,45,0.1,1,3,1,1,1,328.8,0,2,3,1,3,1,9,1,3,3,1
3,13,7,46,0.1,2,1,2,2,1,323.41,0,10,3,3,2,2,5,1,3,1,3
3,13,7,47,0.2,1,1,1,1,1,97.167,2,3,1,3,1,3,4,1,3,1,3
3,13,7,48,0.8,1,1,1,1,1,261.13,1,8,3,3,3,3,12,1,1,1,1
3,13,7,49,0.8,2,1,NaN,NaN,NaN,NaN,NaN,10,1,3,2,2,6,3,3,3,3
3,13,7,50,1.8,1,3,1,1,1,275.74,1,7,1,3,1,3,16,3,1,1,3
3,13,7,51,0.1,1,2,1,1,1,287.73,1,12,1,3,1,3,3,3,3,2,2
3,13,7,52,1.8,3,2,2,2,1,237.78,1,2,3,1,1,3,10,1,3,2,2
3,13,7,53,0.8,1,1,1,1,1,237.71,1,17,3,1,3,1,2,1,1,1,1
3,13,7,54,0.2,1,2,1,1,1,277.64,1,11,3,3,3,3,14,3,1,2,2
3,13,7,55,0.05,2,1,2,2,1,266.29,1,16,1,1,2,2,12,1,1,1,1
3,13,7,56,0.05,2,1,2,1,0,268.97,1,1,1,1,2,2,10,1,3,1,3
3,13,7,57,0.8,2,1,2,1,0,252.54,1,4,3,1,2,2,16,3,1,3,1
3,13,7,58,0.05,1,1,1,1,1,298.2,1,17,3,1,3,1,19,3,1,3,1
3,13,7,59,1.8,2,3,2,2,1,242.7,1,4,1,1,2,2,15,1,1,3,3
3,13,7,60,0.1,1,2,1,1,1,229.77,1,6,1,1,1,1,17,3,3,2,2
3,13,7,61,0.4,3,2,2,2,1,261.88,1,14,1,1,3,3,3,1,1,2,2
3,13,7,62,0.05,1,1,1,1,1,303.01,0,6,1,1,1,1,3,1,1,1,1
3,13,7,63,0.8,1,1,1,1,1,237.07,1,11,1,1,1,1,17,1,1,1,1
3,13,7,64,0.8,1,2,1,1,1,251.9,1,9,3,1,3,1,18,3,1,2,2
3,13,7,65,1.8,1,1,1,1,1,297.34,1,14,3,3,3,3,11,3,1,3,1
3,13,7,66,0.05,1,2,1,1,1,263.01,1,18,1,3,1,3,14,1,1,2,2
3,13,7,67,0.1,3,2,2,2,1,286.98,1,19,3,1,1,3,14,3,3,2,2
3,13,7,68,0.2,1,2,1,1,1,246.87,1,13,3,1,3,1,12,1,1,2,2
3,13,7,69,0.2,2,1,2,2,1,286.9,1,11,1,1,2,2,13,1,3,1,3
3,13,7,70,1.8,1,1,1,1,1,251.3,1,6,1,1,1,1,17,3,1,3,1
3,13,7,71,1.8,1,2,1,1,1,300.97,0,10,1,3,1,3,3,3,3,2,2
3,13,7,72,0.1,1,3,1,1,1,272.72,1,12,1,1,1,1,11,1,3,3,1
3,13,7,73,1.8,3,2,2,2,1,264.13,1,4,3,3,1,1,7,1,3,2,2
3,13,7,74,0.2,1,3,1,1,1,225.68,1,13,1,3,1,3,1,1,1,3,3
3,13,7,75,0.05,1,3,1,1,1,302.85,0,16,1,3,1,3,18,1,3,3,1
3,13,7,76,0.05,1,3,1,1,1,220.59,1,14,1,1,1,1,9,1,3,3,1
3,13,7,77,0.2,1,3,1,1,1,180.42,1,12,3,1,3,1,2,1,1,3,3
3,13,7,78,0.1,1,3,1,1,1,232.97,1,17,1,3,1,3,9,1,3,3,1
3,13,8,1,0.2,1,1,1,1,1,268.79,1,15,1,3,1,3,14,3,3,3,3
3,13,8,2,0.2,1,1,1,1,1,282.48,1,6,1,1,1,1,1,3,3,3,3
3,13,8,3,0.2,2,3,2,1,0,290.71,1,1,3,3,2,2,19,1,3,3,1
3,13,8,4,0.8,3,3,2,2,1,202.41,1,20,3,3,1,1,16,3,3,1,1
3,13,8,5,0.4,1,1,1,1,1,206.52,1,2,1,1,1,1,11,3,1,3,1
3,13,8,6,1.8,2,2,NaN,NaN,NaN,NaN,NaN,3,3,3,2,2,4,1,1,2,2
3,13,8,7,0.2,1,2,1,1,1,236.02,1,17,3,1,3,1,16,3,1,2,2
3,13,8,8,0.05,3,3,2,2,1,270.8,1,17,1,3,3,1,8,1,1,3,3
3,13,8,9,0.4,1,3,1,1,1,311.48,0,19,1,1,1,1,14,3,3,1,1
3,13,8,10,0.8,3,1,NaN,NaN,NaN,NaN,NaN,19,3,3,1,1,11,1,1,1,1
3,13,8,11,0.2,1,1,1,2,0,344.51,0,14,1,3,1,3,6,3,1,3,1
3,13,8,12,1.8,1,1,1,1,1,204.11,1,5,1,1,1,1,11,1,1,1,1
3,13,8,13,0.8,1,1,1,1,1,280.66,1,3,3,3,3,3,12,3,1,3,1
3,13,8,14,0.2,1,3,1,2,0,317.09,0,2,3,1,3,1,16,3,1,1,3
3,13,8,15,0.1,1,3,1,1,1,262.29,1,7,1,1,1,1,15,1,3,3,1
3,13,8,16,1.8,2,1,2,2,1,218.2,1,2,3,3,2,2,18,3,1,3,1
3,13,8,17,1.8,2,3,2,2,1,250.13,1,5,1,1,2,2,19,3,3,1,1
3,13,8,18,0.1,3,2,2,2,1,714.26,0,10,3,3,1,1,10,3,3,2,2
3,13,8,19,0.1,2,1,2,2,1,327.93,0,12,1,3,2,2,12,1,1,1,1
3,13,8,20,0.4,1,2,1,1,1,251.07,1,8,1,3,1,3,20,1,3,2,2
3,13,8,21,0.1,1,3,1,1,1,270.86,1,6,3,3,3,3,10,3,3,1,1
3,13,8,22,0.1,1,3,1,1,1,259.55,1,18,1,3,1,3,17,3,1,1,3
3,13,8,23,0.4,2,3,2,2,1,249.2,1,9,3,3,2,2,12,1,3,3,1
3,13,8,24,0.05,3,3,2,2,1,284.45,1,9,3,3,1,1,3,1,1,3,3
3,13,8,25,0.1,1,2,1,1,1,276.49,1,17,3,3,3,3,20,3,3,2,2
3,13,8,26,0.2,2,3,2,2,1,299.17,1,18,1,1,2,2,12,3,1,1,3
3,13,8,27,0.8,1,3,1,1,1,240.1,1,10,1,1,1,1,6,1,1,3,3
3,13,8,28,0.4,1,1,1,1,1,232.25,1,16,3,1,3,1,15,1,3,1,3
3,13,8,29,0.1,1,3,1,1,1,262.95,1,19,1,3,1,3,7,1,3,3,1
3,13,8,30,1.8,1,1,1,1,1,254.45,1,11,1,1,1,1,5,1,1,1,1
3,13,8,31,0.05,1,3,1,2,0,281.98,1,2,3,3,3,3,20,3,3,1,1
3,13,8,32,0.05,1,3,1,1,1,363.3,0,3,1,1,1,1,19,1,1,3,3
3,13,8,33,0.8,1,1,1,1,1,242.46,1,13,3,1,3,1,11,3,1,3,1
3,13,8,34,0.2,1,1,1,1,1,247.39,1,19,3,3,3,3,13,3,1,3,1
3,13,8,35,1.8,1,2,1,2,0,185.66,1,1,3,3,3,3,8,3,1,2,2
3,13,8,36,1.8,2,2,2,1,0,214.03,1,8,3,1,2,2,19,1,1,2,2
3,13,8,37,0.8,2,1,2,1,0,202.68,1,6,3,1,2,2,1,3,1,3,1
3,13,8,38,0.4,3,2,2,2,1,258.12,1,7,1,1,3,3,19,1,3,2,2
3,13,8,39,0.8,3,3,2,2,1,237.28,1,5,3,1,1,3,10,3,1,1,3
3,13,8,40,0.4,1,2,1,2,0,249.08,1,7,3,1,3,1,6,1,3,2,2
3,13,8,41,0.4,1,3,1,1,1,309.72,0,8,3,1,3,1,2,1,1,3,3
3,13,8,42,0.2,3,2,2,2,1,225.09,1,20,3,3,1,1,15,1,1,2,2
3,13,8,43,1.8,1,3,1,1,1,208.37,1,4,1,1,1,1,9,3,1,1,3
3,13,8,44,0.8,1,1,1,1,1,262.1,1,2,1,1,1,1,4,1,1,1,1
3,13,8,45,0.2,1,3,1,2,0,309.65,0,5,3,1,3,1,8,1,1,3,3
3,13,8,46,0.2,1,2,1,1,1,221.97,1,6,1,1,1,1,1,3,3,2,2
3,13,8,47,0.1,1,3,1,1,1,257.06,1,13,3,3,3,3,15,1,3,3,1
3,13,8,48,0.05,3,2,2,2,1,307.26,0,13,3,3,1,1,16,1,3,2,2
3,13,8,49,1.8,2,3,2,2,1,230.13,1,15,3,1,2,2,11,3,3,1,1
3,13,8,50,1.8,2,3,2,2,1,224.48,1,12,3,1,2,2,19,3,1,1,3
3,13,8,51,0.4,3,1,2,2,1,276.19,1,9,1,1,3,3,17,3,1,3,1
3,13,8,52,0.05,1,1,1,1,1,295.37,1,15,3,1,3,1,14,1,3,1,3
3,13,8,53,0.05,1,1,1,2,0,325.69,0,16,3,3,3,3,2,3,1,3,1
3,13,8,54,0.8,2,1,2,2,1,270.65,1,13,3,3,2,2,9,3,1,3,1
3,13,8,55,0.4,2,1,2,2,1,297.22,1,10,3,1,2,2,2,3,3,3,3
3,13,8,56,1.8,1,3,1,1,1,218.95,1,1,1,3,1,3,1,3,3,1,1
3,13,8,57,0.05,2,3,2,1,0,254.83,1,14,1,1,2,2,3,3,1,1,3
3,13,8,58,0.1,1,2,1,1,1,231.92,1,11,1,1,1,1,10,1,1,2,2
3,13,8,59,0.1,1,3,1,1,1,262.7,1,9,3,1,3,1,8,1,1,3,3
3,13,8,60,1.8,1,1,NaN,NaN,NaN,NaN,NaN,16,1,3,1,3,18,3,3,3,3
3,13,8,61,0.8,1,1,1,1,1,247.65,1,19,1,1,1,1,9,1,3,1,3
3,13,8,62,0.4,1,3,1,2,0,385.86,0,9,3,3,3,3,3,3,3,1,1
3,13,8,63,0.05,1,2,1,1,1,294.29,1,17,1,1,1,1,20,3,3,2,2
3,13,8,64,0.8,1,1,1,1,1,244.79,1,19,3,3,3,3,8,3,3,3,3
3,13,8,65,0.4,1,2,1,1,1,262.26,1,6,3,3,3,3,10,3,1,2,2
3,13,8,66,0.05,2,2,2,1,0,313.05,0,20,1,1,2,2,19,1,1,2,2
3,13,8,67,0.05,2,2,2,1,0,293.94,1,16,3,3,2,2,2,3,1,2,2
3,13,8,68,0.4,2,3,2,2,1,316.18,0,18,3,1,2,2,8,1,3,3,1
3,13,8,69,1.8,1,2,1,1,1,335.67,0,18,3,3,3,3,10,1,1,2,2
3,13,8,70,0.8,1,3,1,1,1,263.18,1,7,3,3,3,3,9,1,3,3,1
3,13,8,71,0.1,1,2,1,1,1,190.26,1,3,1,1,1,1,13,1,1,2,2
3,13,8,72,0.2,1,3,1,1,1,265.47,1,10,1,3,1,3,11,1,1,3,3
3,13,8,73,0.05,1,1,1,1,1,206.31,1,5,1,3,1,3,12,1,3,1,3
3,13,8,74,0.1,1,2,1,1,1,163.38,1,6,1,3,1,3,12,1,1,2,2
3,13,8,75,0.2,3,2,2,2,1,295.72,1,4,3,3,1,1,5,3,1,2,2
3,13,8,76,0.05,1,2,1,1,1,264.06,1,5,1,3,1,3,7,3,1,2,2
3,13,8,77,0.1,3,2,2,2,1,379.75,0,15,3,3,1,1,4,1,3,2,2
3,13,8,78,0.8,1,2,1,1,1,259.35,1,1,3,1,3,1,13,3,3,2,2
3,13,9,1,0.05,2,1,2,1,0,255.96,1,10,1,1,2,2,18,3,1,3,1
3,13,9,2,0.8,1,3,1,1,1,283.51,1,2,1,1,1,1,19,1,3,3,1
3,13,9,3,0.4,1,1,1,1,1,202.5,1,2,1,1,1,1,17,1,3,1,3
3,13,9,4,0.05,1,2,1,1,1,245.95,1,13,1,1,1,1,6,1,3,2,2
3,13,9,5,1.8,2,1,2,2,1,196.79,1,4,1,1,2,2,4,1,1,1,1
3,13,9,6,0.2,2,3,2,2,1,226.8,1,8,1,3,2,2,19,3,1,1,3
3,13,9,7,0.05,1,3,1,1,1,234.14,1,7,1,1,1,1,16,3,1,1,3
3,13,9,8,0.05,3,1,2,2,1,247.6,1,18,3,3,1,1,2,3,1,3,1
3,13,9,9,0.4,2,1,2,2,1,258.76,1,6,3,3,2,2,12,1,3,1,3
3,13,9,10,0.8,1,2,NaN,NaN,NaN,NaN,NaN,6,3,3,3,3,8,1,3,2,2
3,13,9,11,0.4,1,1,1,1,1,181.04,1,11,3,1,3,1,9,3,1,3,1
3,13,9,12,0.8,2,1,NaN,NaN,NaN,NaN,NaN,20,3,3,2,2,15,3,3,3,3
3,13,9,13,1.8,3,1,2,2,1,234.33,1,9,3,3,1,1,14,1,1,1,1
3,13,9,14,0.4,1,2,1,1,1,225.06,1,20,1,1,1,1,9,3,3,2,2
3,13,9,15,1.8,2,1,2,2,1,227.07,1,15,1,3,2,2,3,1,3,1,3
3,13,9,16,0.05,3,1,2,2,1,259.73,1,3,1,1,3,3,5,1,3,1,3
3,13,9,17,0.4,1,3,1,1,1,216.16,1,8,1,1,1,1,18,1,3,3,1
3,13,9,18,0.8,1,3,1,1,1,231.87,1,6,3,1,3,1,11,3,3,1,1
3,13,9,19,0.2,3,3,2,2,1,255.44,1,19,1,1,3,3,1,3,3,1,1
3,13,9,20,0.1,3,1,2,2,1,256.89,1,15,1,3,3,1,19,3,1,3,1
3,13,9,21,1.8,1,2,1,1,1,221.65,1,14,1,3,1,3,7,1,1,2,2
3,13,9,22,0.2,3,2,2,2,1,288.1,1,3,1,1,3,3,5,1,3,2,2
3,13,9,23,0.05,1,1,1,2,0,285.29,1,2,1,1,1,1,8,3,3,3,3
3,13,9,24,0.4,1,1,1,1,1,256.54,1,13,3,1,3,1,10,3,1,3,1
3,13,9,25,0.2,3,1,2,2,1,252.26,1,3,1,1,3,3,2,3,3,3,3
3,13,9,26,0.8,1,2,1,1,1,228.52,1,19,3,3,3,3,20,3,1,2,2
3,13,9,27,1.8,1,2,1,1,1,225.31,1,3,3,3,3,3,10,1,3,2,2
3,13,9,28,0.8,1,1,1,2,0,257.03,1,10,1,1,1,1,16,1,1,1,1
3,13,9,29,0.4,1,1,1,1,1,227.85,1,11,3,3,3,3,13,1,3,1,3
3,13,9,30,0.2,3,3,2,2,1,251.82,1,14,3,3,1,1,4,3,1,1,3
3,13,9,31,0.8,2,2,2,2,1,224.85,1,9,3,1,2,2,3,3,3,2,2
3,13,9,32,0.1,3,3,2,2,1,241.83,1,20,3,3,1,1,3,1,1,3,3
3,13,9,33,0.1,2,1,2,2,1,276.75,1,6,1,3,2,2,7,3,1,3,1
3,13,9,34,0.8,1,1,1,1,1,235.03,1,6,3,3,3,3,5,3,1,3,1
3,13,9,35,0.8,1,2,1,1,1,238.14,1,10,1,1,1,1,18,1,3,2,2
3,13,9,36,0.1,1,1,1,1,1,250.47,1,3,3,3,3,3,14,1,3,1,3
3,13,9,37,1.8,1,3,1,1,1,192.9,1,15,1,3,1,3,16,1,3,3,1
3,13,9,38,0.1,1,1,1,1,1,344.79,0,17,1,3,1,3,1,3,1,3,1
3,13,9,39,0.8,3,3,2,2,1,285.03,1,1,1,1,3,3,19,3,3,1,1
3,13,9,40,0.05,1,1,1,1,1,302.84,0,15,1,3,1,3,11,3,3,3,3
3,13,9,41,0.2,1,3,1,1,1,198.07,1,15,3,1,3,1,14,3,3,1,1
3,13,9,42,0.8,1,1,1,1,1,245.66,1,3,1,1,1,1,11,1,3,1,3
3,13,9,43,0.2,2,3,2,2,1,278.25,1,14,3,1,2,2,18,3,1,1,3
3,13,9,44,0.4,1,1,1,1,1,245.87,1,5,1,3,1,3,7,1,1,1,1
3,13,9,45,0.8,1,2,1,1,1,237.98,1,3,3,1,3,1,9,3,3,2,2
3,13,9,46,1.8,2,3,2,2,1,252.03,1,10,3,3,2,2,10,1,3,3,1
3,13,9,47,0.1,1,2,1,1,1,256.88,1,10,3,3,3,3,12,1,1,2,2
3,13,9,48,0.1,2,2,2,1,0,231.53,1,9,3,1,2,2,2,1,3,2,2
3,13,9,49,0.2,3,1,2,2,1,228.56,1,20,3,1,1,3,15,1,1,1,1
3,13,9,50,1.8,3,2,2,2,1,252.66,1,16,3,3,1,1,4,3,1,2,2
3,13,9,51,0.1,2,3,2,2,1,250.67,1,15,1,3,2,2,2,3,1,1,3
3,13,9,52,0.05,1,3,1,1,1,280.86,1,7,1,3,1,3,20,3,1,1,3
3,13,9,53,0.05,1,2,1,1,1,270.89,1,17,3,3,3,3,15,3,3,2,2
3,13,9,54,0.4,1,1,1,1,1,244.93,1,20,3,3,3,3,16,1,1,1,1
3,13,9,55,0.05,3,2,2,2,1,263.05,1,15,1,3,3,1,7,1,1,2,2
3,13,9,56,0.1,2,3,2,1,0,261.27,1,13,3,3,2,2,14,3,1,1,3
3,13,9,57,1.8,3,1,2,2,1,244.59,1,8,1,3,3,1,16,1,1,1,1
3,13,9,58,0.8,1,2,1,1,1,258.53,1,6,1,3,1,3,8,1,1,2,2
3,13,9,59,0.05,1,3,1,1,1,325.28,0,1,3,1,3,1,19,1,1,3,3
3,13,9,60,1.8,1,1,1,1,1,293.28,1,15,3,3,3,3,13,1,1,1,1
3,13,9,61,0.1,1,1,1,1,1,260.43,1,5,1,3,1,3,20,3,1,3,1
3,13,9,62,0.2,1,1,1,1,1,288.75,1,9,1,3,1,3,2,1,3,1,3
3,13,9,63,0.4,2,3,2,2,1,344.1,0,6,1,1,2,2,20,1,3,3,1
3,13,9,64,1.8,3,2,2,2,1,240.98,1,14,1,1,3,3,7,1,1,2,2
3,13,9,65,0.1,1,1,1,1,1,282.09,1,19,3,1,3,1,14,3,3,3,3
3,13,9,66,0.2,1,2,1,1,1,198.93,1,12,3,3,3,3,4,3,3,2,2
3,13,9,67,0.05,3,3,2,2,1,266.76,1,10,3,1,1,3,14,1,3,3,1
3,13,9,68,0.1,1,2,1,1,1,250.85,1,11,3,3,3,3,19,3,3,2,2
3,13,9,69,0.2,1,3,1,1,1,239.2,1,8,3,1,3,1,15,3,1,1,3
3,13,9,70,1.8,3,3,2,2,1,243.99,1,6,1,3,3,1,20,1,1,3,3
3,13,9,71,0.2,2,1,2,2,1,296.15,1,11,3,3,2,2,3,1,3,1,3
3,13,9,72,1.8,1,1,1,1,1,271.4,1,1,3,3,3,3,7,1,3,1,3
3,13,9,73,0.05,1,1,1,1,1,301.15,0,16,1,1,1,1,15,1,3,1,3
3,13,9,74,0.1,1,3,1,2,0,249.79,1,14,3,3,3,3,9,1,3,3,1
3,13,9,75,0.4,3,1,2,2,1,263.16,1,3,1,1,3,3,1,1,3,1,3
3,13,9,76,0.4,1,1,1,1,1,374.05,0,8,1,3,1,3,14,3,1,3,1
3,13,9,77,0.2,2,1,2,2,1,281.1,1,6,1,3,2,2,14,3,3,3,3
3,13,9,78,0.4,1,1,1,1,1,235.74,1,5,3,1,3,1,16,3,3,3,3
3,13,10,1,0.8,1,1,1,1,1,222.15,1,6,3,1,3,1,16,1,1,1,1
3,13,10,2,0.8,1,2,1,1,1,259.87,1,2,3,3,3,3,17,1,3,2,2
3,13,10,3,0.05,2,3,2,1,0,282.16,1,3,1,3,2,2,17,1,3,3,1
3,13,10,4,0.05,2,2,2,1,0,302.78,0,10,3,3,2,2,3,1,1,2,2
3,13,10,5,0.8,2,3,2,2,1,214.93,1,19,3,1,2,2,13,1,1,3,3
3,13,10,6,1.8,1,3,1,1,1,255.39,1,12,3,3,3,3,14,3,1,1,3
3,13,10,7,0.8,2,2,2,1,0,239.87,1,1,1,1,2,2,9,3,3,2,2
3,13,10,8,0.4,1,3,1,2,0,219.22,1,5,1,3,1,3,14,3,1,1,3
3,13,10,9,0.05,3,2,2,2,1,264.34,1,17,1,1,3,3,3,1,1,2,2
3,13,10,10,0.1,1,3,1,2,0,297.01,1,12,3,3,3,3,6,3,1,1,3
3,13,10,11,1.8,2,3,NaN,NaN,NaN,NaN,NaN,4,1,3,2,2,5,1,1,3,3
3,13,10,12,1.8,1,1,1,1,1,298.97,1,2,3,3,3,3,2,1,3,1,3
3,13,10,13,0.1,2,3,2,2,1,309.54,0,17,1,1,2,2,19,1,3,3,1
3,13,10,14,0.2,2,1,2,2,1,218.72,1,8,1,3,2,2,14,1,3,1,3
3,13,10,15,0.2,1,3,1,1,1,269.07,1,2,1,1,1,1,15,3,1,1,3
3,13,10,16,0.05,2,2,2,2,1,249.18,1,16,1,3,2,2,16,1,3,2,2
3,13,10,17,1.8,1,2,1,1,1,196.15,1,17,3,1,3,1,3,3,3,2,2
3,13,10,18,0.4,1,3,1,1,1,256.9,1,5,3,1,3,1,6,1,3,3,1
3,13,10,19,0.1,1,3,1,1,1,265.97,1,15,3,1,3,1,15,1,3,3,1
3,13,10,20,0.1,2,1,2,1,0,265.72,1,12,1,1,2,2,1,1,3,1,3
3,13,10,21,0.8,3,3,2,2,1,243.94,1,18,1,1,3,3,20,3,1,1,3
3,13,10,22,1.8,3,2,2,2,1,246.59,1,1,3,1,1,3,3,3,3,2,2
3,13,10,23,0.4,1,2,1,1,1,269.5,1,7,1,3,1,3,10,3,3,2,2
3,13,10,24,0.1,1,1,1,1,1,297.81,1,1,3,1,3,1,2,3,1,3,1
3,13,10,25,0.8,2,2,2,2,1,226.1,1,5,3,3,2,2,11,1,1,2,2
3,13,10,26,0.8,3,2,2,2,1,255.72,1,6,1,1,3,3,6,1,3,2,2
3,13,10,27,0.1,2,3,2,2,1,248.14,1,11,1,3,2,2,12,1,1,3,3
3,13,10,28,0.8,2,3,2,2,1,248.78,1,10,3,3,2,2,18,1,3,3,1
3,13,10,29,0.1,2,3,2,1,0,246.31,1,12,3,3,2,2,10,3,3,1,1
3,13,10,30,0.8,1,3,1,1,1,246.59,1,19,1,3,1,3,17,3,1,1,3
3,13,10,31,0.05,1,2,1,1,1,286.54,1,4,3,3,3,3,1,1,1,2,2
3,13,10,32,0.05,3,2,2,2,1,249.55,1,13,3,1,1,3,14,3,3,2,2
3,13,10,33,0.1,1,3,1,1,1,228.68,1,13,1,1,1,1,6,3,1,1,3
3,13,10,34,0.2,1,3,1,1,1,271.61,1,4,3,1,3,1,11,3,3,1,1
3,13,10,35,0.4,3,1,2,2,1,316.66,0,18,3,1,1,3,5,3,3,3,3
3,13,10,36,1.8,1,2,1,1,1,307.1,0,9,3,1,3,1,4,1,1,2,2
3,13,10,37,0.4,1,1,1,1,1,294.48,1,7,3,3,3,3,9,1,1,1,1
3,13,10,38,1.8,3,2,2,2,1,223.6,1,6,3,1,1,3,4,1,3,2,2
3,13,10,39,0.2,1,3,1,1,1,292.59,1,7,1,1,1,1,5,3,1,1,3
3,13,10,40,0.2,2,2,2,2,1,263.9,1,15,3,1,2,2,14,1,3,2,2
3,13,10,41,0.4,3,2,2,2,1,246.54,1,11,1,1,3,3,15,3,3,2,2
3,13,10,42,0.4,1,2,1,1,1,308.5,0,12,1,3,1,3,19,1,1,2,2
3,13,10,43,0.8,2,3,2,2,1,245.3,1,17,1,3,2,2,11,1,3,3,1
3,13,10,44,0.4,3,3,2,2,1,251.7,1,19,1,3,3,1,2,1,1,3,3
3,13,10,45,1.8,1,3,1,1,1,228.27,1,18,3,3,3,3,13,3,3,1,1
3,13,10,46,1.8,1,1,1,1,1,236.29,1,5,1,1,1,1,7,1,3,1,3
3,13,10,47,0.8,1,3,1,1,1,232.23,1,20,1,1,1,1,17,3,1,1,3
3,13,10,48,0.2,2,2,2,2,1,294.63,1,8,3,1,2,2,12,3,3,2,2
3,13,10,49,0.2,1,2,1,1,1,280.42,1,12,3,3,3,3,11,1,3,2,2
3,13,10,50,1.8,2,2,2,2,1,222.75,1,1,1,3,2,2,20,3,1,2,2
3,13,10,51,0.05,2,2,2,2,1,280.44,1,2,3,3,2,2,18,1,1,2,2
3,13,10,52,0.2,1,3,1,1,1,255.63,1,3,3,1,3,1,18,1,3,3,1
3,13,10,53,0.05,2,1,2,2,1,313.32,0,17,1,3,2,2,11,1,3,1,3
3,13,10,54,0.05,2,1,2,1,0,403.89,0,19,1,3,2,2,19,3,3,3,3
3,13,10,55,0.1,2,2,2,1,0,245.19,1,12,1,3,2,2,18,1,1,2,2
3,13,10,56,0.05,1,2,1,1,1,271.52,1,16,1,1,1,1,16,1,3,2,2
3,13,10,57,0.2,2,3,2,2,1,312.04,0,15,1,3,2,2,7,1,1,3,3
3,13,10,58,0.05,3,2,2,2,1,269.25,1,18,1,1,3,3,15,3,3,2,2
3,13,10,59,0.4,3,3,2,2,1,248.5,1,8,1,3,3,1,5,1,1,3,3
3,13,10,60,0.1,3,2,2,2,1,248.67,1,20,1,3,3,1,3,1,3,2,2
3,13,10,61,0.4,3,2,2,2,1,232.2,1,14,1,3,3,1,1,1,1,2,2
3,13,10,62,0.2,1,2,1,1,1,218.79,1,2,1,3,1,3,17,3,1,2,2
3,13,10,63,0.05,1,3,1,1,1,243.33,1,18,1,3,1,3,17,3,3,1,1
3,13,10,64,0.4,2,1,2,2,1,238.22,1,14,3,1,2,2,20,3,3,3,3
3,13,10,65,0.8,2,2,2,1,0,426.72,0,12,1,3,2,2,12,1,3,2,2
3,13,10,66,0.1,1,2,1,2,0,237.41,1,14,3,3,3,3,11,1,1,2,2
3,13,10,67,1.8,3,2,2,2,1,284.97,1,9,1,3,3,1,2,1,1,2,2
3,13,10,68,0.4,3,1,2,2,1,279.13,1,1,3,3,1,1,1,1,3,1,3
3,13,10,69,0.2,2,2,2,2,1,250.25,1,4,1,1,2,2,15,3,3,2,2
3,13,10,70,0.4,3,3,2,2,1,282.52,1,13,3,1,1,3,18,1,3,3,1
3,13,10,71,0.2,3,1,2,2,1,111.47,1,18,1,1,3,3,3,3,3,3,3
3,13,10,72,0.2,3,2,2,2,1,267.72,1,4,1,3,3,1,14,3,1,2,2
3,13,10,73,1.8,3,3,2,2,1,232.96,1,10,3,3,1,1,2,1,3,3,1
3,13,10,74,1.8,2,2,2,2,1,273.36,1,17,3,3,2,2,11,1,1,2,2
3,13,10,75,0.05,1,1,1,1,1,294.95,1,7,1,3,1,3,20,3,3,3,3
3,13,10,76,0.1,2,2,2,2,1,295.46,1,17,3,3,2,2,16,3,1,2,2
3,13,10,77,0.8,1,2,1,1,1,210.4,1,19,3,3,3,3,15,1,1,2,2
3,13,10,78,0.1,2,1,2,2,1,222.51,1,14,3,3,2,2,18,3,1,3,1
