4,11,1,1,0.2,1,2,1,1,1,219.52,1,5,1,1,1,1,14,3,1,2,2
4,11,1,2,0.8,3,1,2,2,1,210.29,1,20,1,3,3,1,16,1,1,1,1
4,11,1,3,0.1,1,3,1,1,1,267.43,1,12,1,1,1,1,16,3,1,1,3
4,11,1,4,0.8,3,1,2,2,1,220,1,6,1,3,3,1,16,3,3,3,3
4,11,1,5,0.8,1,2,1,1,1,214.82,1,9,1,3,1,3,4,3,3,2,2
4,11,1,6,0.1,2,1,2,1,0,207.83,1,7,1,1,2,2,10,3,3,3,3
4,11,1,7,0.05,2,3,2,2,1,281.2,1,15,1,3,2,2,18,1,3,3,1
4,11,1,8,0.05,1,1,1,1,1,280.53,1,4,3,3,3,3,17,1,1,1,1
4,11,1,9,0.2,2,3,2,2,1,221.2,1,18,3,1,2,2,8,1,3,3,1
4,11,1,10,1.8,1,3,1,1,1,207.66,1,11,1,1,1,1,15,3,3,1,1
4,11,1,11,0.8,1,2,1,2,0,146.73,1,15,1,1,1,1,17,3,1,2,2
4,11,1,12,0.4,3,3,2,2,1,235.42,1,11,1,1,3,3,2,3,3,1,1
4,11,1,13,0.4,3,3,2,2,1,233.56,1,15,1,3,3,1,1,3,1,1,3
4,11,1,14,0.1,3,2,2,2,1,279.59,1,17,3,3,1,1,12,3,3,2,2
4,11,1,15,0.2,3,1,2,2,1,225.01,1,15,3,3,1,1,20,3,3,3,3
4,11,1,16,0.4,3,3,2,2,1,367.2,0,5,1,1,3,3,6,1,3,3,1
4,11,1,17,0.1,2,3,2,2,1,366.81,0,15,3,1,2,2,15,3,3,1,1
4,11,1,18,0.4,1,3,1,1,1,3.3245,2,5,1,1,1,1,17,1,3,3,1
4,11,1,19,1.8,1,2,1,1,1,217.77,1,4,3,3,3,3,11,1,1,2,2
4,11,1,20,0.1,1,1,1,1,1,239.82,1,2,3,3,3,3,14,1,1,1,1
4,11,1,21,0.1,1,2,1,1,1,248.83,1,9,1,1,1,1,15,3,1,2,2
4,11,1,22,1.8,2,2,2,2,1,213.29,1,1,1,1,2,2,18,3,1,2,2
4,11,1,23,1.8,3,2,2,2,1,199.4,1,3,1,3,3,1,11,3,1,2,2
4,11,1,24,0.1,1,3,1,1,1,235.06,1,14,1,3,1,3,18,3,3,1,1
4,11,1,25,0.1,1,2,1,1,1,254.06,1,1,3,3,3,3,17,1,3,2,2
4,11,1,26,0.05,3,1,2,2,1,280.88,1,2,3,3,1,1,11,3,1,3,1
4,11,1,27,0.4,1,1,1,1,1,223.48,1,19,3,3,3,3,20,3,1,3,1
4,11,1,28,0.8,3,1,2,2,1,223.99,1,18,1,3,3,1,13,3,3,3,3
4,11,1,29,1.8,1,2,1,1,1,222.55,1,6,3,3,3,3,18,1,3,2,2
4,11,1,30,1.8,3,2,2,2,1,225.99,1,17,1,1,3,3,8,3,3,2,2
4,11,1,31,0.2,3,3,2,2,1,236.58,1,15,3,1,1,3,7,3,1,1,3
4,11,1,32,0.05,2,1,2,2,1,343.44,0,5,3,1,2,2,13,1,1,1,1
4,11,1,33,0.8,2,2,2,1,0,233.26,1,7,3,3,2,2,1,1,3,2,2
4,11,1,34,0.05,1,1,1,1,1,265.6,1,18,3,1,3,1,6,3,3,3,3
4,11,1,35,0.2,3,3,2,2,1,226.49,1,20,1,3,3,1,1,1,3,3,1
4,11,1,36,0.2,1,1,1,2,0,224.65,1,15,1,1,1,1,8,3,3,3,3
4,11,1,37,0.1,3,2,2,2,1,287.67,1,14,1,1,3,3,18,1,1,2,2
4,11,1,38,0.2,1,2,1,1,1,221.78,1,18,3,1,3,1,12,1,3,2,2
4,11,1,39,0.8,2,3,2,2,1,226.76,1,6,3,3,2,2,13,3,1,1,3
4,11,1,40,0.05,3,1,2,2,1,299.97,1,20,1,3,3,1,1,3,1,3,1
4,11,1,41,0.2,1,3,1,1,1,229.85,1,2,3,3,3,3,13,3,3,1,1
4,11,1,42,0.1,2,2,2,2,1,217.74,1,4,3,1,2,2,19,1,3,2,2
4,11,1,43,0.8,1,3,1,2,0,237.7,1,6,3,1,3,1,4,3,1,1,3
4,11,1,44,0.4,1,1,1,1,1,248.92,1,16,1,3,1,3,15,1,3,1,3
4,11,1,45,0.2,1,3,1,1,1,225.21,1,12,3,1,3,1,11,1,1,3,3
4,11,1,46,1.8,1,2,1,2,0,236.21,1,12,1,3,1,3,5,3,1,2,2
4,11,1,47,0.2,3,1,2,2,1,226.82,1,18,1,3,3,1,4,1,3,1,3
4,11,1,48,1.8,2,1,2,1,0,223.75,1,6,1,3,2,2,5,1,3,1,3
4,11,1,49,0.4,1,2,1,1,1,230.01,1,14,1,1,1,1,12,3,1,2,2
4,11,1,50,0.1,1,1,1,1,1,270.12,1,13,1,3,1,3,12,1,3,1,3
4,11,1,51,0.8,2,3,2,2,1,245.31,1,2,1,3,2,2,20,3,1,1,3
4,11,1,52,0.1,1,3,1,1,1,280.09,1,15,1,3,1,3,3,3,3,1,1
4,11,1,53,0.05,2,2,2,2,1,395.26,0,8,3,3,2,2,14,1,3,2,2
4,11,1,54,1.8,3,3,2,2,1,240.68,1,18,1,3,3,1,19,3,1,1,3
4,11,1,55,0.2,1,3,1,1,1,244.67,1,3,3,1,3,1,6,1,3,3,1
4,11,1,56,0.05,2,3,2,1,0,283.25,1,12,1,1,2,2,5,1,1,3,3
4,11,1,57,0.8,1,1,1,1,1,220.47,1,17,1,1,1,1,11,3,1,3,1
4,11,1,58,1.8,2,2,2,2,1,226.82,1,1,3,3,2,2,11,3,1,2,2
4,11,1,59,1.8,1,2,1,1,1,270.84,1,20,1,3,1,3,1,3,1,2,2
4,11,1,60,0.2,1,2,1,1,1,249.96,1,16,3,3,3,3,12,3,1,2,2
4,11,1,61,0.8,1,1,1,1,1,267.09,1,19,1,3,1,3,12,1,3,1,3
4,11,1,62,0.05,1,3,1,1,1,304.87,0,10,3,1,3,1,9,3,3,1,1
4,11,1,63,1.8,1,2,1,1,1,237.55,1,13,1,1,1,1,18,3,1,2,2
4,11,1,64,0.1,2,3,2,2,1,279.88,1,20,3,1,2,2,13,1,1,3,3
4,11,1,65,1.8,1,2,1,1,1,246.73,1,5,1,1,1,1,16,3,3,2,2
4,11,1,66,0.05,1,1,1,1,1,336.98,0,20,3,3,3,3,9,3,1,3,1
4,11,1,67,0.8,2,1,2,2,1,256.86,1,18,1,1,2,2,18,3,3,3,3
4,11,1,68,0.05,3,2,2,2,1,328.72,0,19,3,1,1,3,14,3,3,2,2
4,11,1,69,0.4,1,1,1,1,1,246.25,1,17,3,3,3,3,18,1,3,1,3
4,11,1,70,0.4,1,1,1,1,1,237.13,1,15,1,3,1,3,6,3,3,3,3
4,11,1,71,0.4,2,3,2,2,1,234.44,1,18,1,3,2,2,6,1,1,3,3
4,11,1,72,0.4,2,3,2,2,1,244.31,1,20,3,1,2,2,5,3,3,1,1
4,11,1,73,0.8,3,2,2,2,1,237.07,1,19,1,3,3,1,1,3,1,2,2
4,11,1,74,0.05,3,1,2,2,1,336.29,0,1,3,3,1,1,17,3,1,3,1
4,11,1,75,0.4,1,1,1,1,1,267.97,1,7,3,1,3,1,3,1,3,1,3
4,11,1,76,0.4,1,2,1,2,0,241.19,1,9,3,1,3,1,3,1,3,2,2
4,11,1,77,0.05,1,2,1,1,1,325.05,0,1,1,3,1,3,18,3,3,2,2
4,11,1,78,0.2,1,2,1,1,1,214.76,1,15,3,1,3,1,18,1,3,2,2
4,11,2,1,0.1,1,3,1,1,1,256.23,1,3,1,3,1,3,10,3,3,1,1
4,11,2,2,0.1,1,3,1,1,1,270.95,1,14,1,1,1,1,4,1,1,3,3
4,11,2,3,0.1,2,3,2,2,1,287.66,1,13,1,1,2,2,11,1,3,3,1
4,11,2,4,0.2,1,2,1,1,1,219.48,1,16,1,1,1,1,16,1,1,2,2
4,11,2,5,1.8,2,3,2,2,1,263.13,1,13,1,1,2,2,7,1,3,3,1
4,11,2,6,0.8,3,2,2,2,1,297.88,1,10,3,3,1,1,3,3,3,2,2
4,11,2,7,0.1,3,3,2,2,1,258.36,1,6,1,3,3,1,2,1,1,3,3
4,11,2,8,1.8,3,2,2,2,1,223.14,1,10,3,1,1,3,15,3,1,2,2
4,11,2,9,0.05,2,1,2,1,0,269.48,1,8,3,1,2,2,17,3,3,3,3
4,11,2,10,0.2,1,1,1,1,1,232.61,1,20,1,1,1,1,1,3,1,3,1
4,11,2,11,0.4,2,3,2,2,1,267.99,1,6,1,1,2,2,19,3,1,1,3
4,11,2,12,0.4,3,1,2,2,1,272.71,1,10,1,1,3,3,13,3,1,3,1
4,11,2,13,1.8,1,1,1,1,1,256.1,1,14,3,1,3,1,2,1,3,1,3
4,11,2,14,0.4,1,3,1,1,1,187.04,1,16,1,1,1,1,4,1,3,3,1
4,11,2,15,0.4,1,1,1,1,1,237.92,1,6,3,1,3,1,8,1,1,1,1
4,11,2,16,1.8,3,1,2,2,1,261.89,1,12,3,1,1,3,1,3,1,3,1
4,11,2,17,0.05,1,2,1,1,1,269.14,1,11,3,3,3,3,8,3,1,2,2
4,11,2,18,0.2,1,3,1,1,1,227.6,1,12,1,1,1,1,14,1,3,3,1
4,11,2,19,0.8,1,1,1,1,1,256.72,1,12,1,3,1,3,16,1,1,1,1
4,11,2,20,0.1,1,1,1,1,1,255.35,1,11,1,3,1,3,11,1,1,1,1
4,11,2,21,0.05,2,3,2,2,1,350.83,0,2,3,1,2,2,12,3,3,1,1
4,11,2,22,0.8,3,2,2,2,1,245.65,1,13,3,1,1,3,13,3,1,2,2
4,11,2,23,0.1,1,1,1,1,1,279.74,1,12,1,3,1,3,10,3,1,3,1
4,11,2,24,0.4,2,2,2,1,0,222.3,1,4,1,3,2,2,16,3,3,2,2
4,11,2,25,0.8,1,3,1,1,1,221.45,1,4,1,3,1,3,8,1,3,3,1
4,11,2,26,0.2,1,3,1,1,1,215.62,1,15,1,3,1,3,20,1,3,3,1
4,11,2,27,1.8,2,1,2,2,1,253.51,1,18,3,1,2,2,7,1,1,1,1
4,11,2,28,0.2,1,3,1,1,1,241.5,1,11,3,1,3,1,20,3,3,1,1
4,11,2,29,0.05,1,3,1,1,1,295.64,1,11,3,1,3,1,12,1,3,3,1
4,11,2,30,0.8,2,2,2,1,0,228.12,1,12,1,1,2,2,13,3,1,2,2
4,11,2,31,0.05,1,2,1,1,1,269.16,1,5,1,3,1,3,19,3,3,2,2
4,11,2,32,0.1,1,3,1,2,0,276.25,1,15,3,1,3,1,12,1,3,3,1
4,11,2,33,0.4,1,1,1,2,0,258.77,1,9,3,1,3,1,19,3,3,3,3
4,11,2,34,0.8,3,3,2,2,1,240.75,1,11,1,1,3,3,11,3,1,1,3
4,11,2,35,0.2,2,1,2,1,0,250.58,1,14,1,1,2,2,9,1,3,1,3
4,11,2,36,0.2,3,3,2,2,1,261.38,1,13,3,1,1,3,2,3,1,1,3
4,11,2,37,0.2,1,2,1,1,1,233.62,1,20,1,3,1,3,9,1,1,2,2
4,11,2,38,0.1,1,1,1,1,1,249.93,1,11,1,1,1,1,19,1,3,1,3
4,11,2,39,0.2,1,3,1,1,1,240.93,1,2,1,1,1,1,8,1,1,3,3
4,11,2,40,0.1,1,1,1,1,1,262.12,1,2,1,3,1,3,17,3,3,3,3
4,11,2,41,0.05,1,1,1,1,1,267.99,1,8,1,1,1,1,9,1,3,1,3
4,11,2,42,0.8,1,2,1,2,0,239.42,1,3,1,3,1,3,5,3,3,2,2
4,11,2,43,1.8,2,2,2,2,1,247.95,1,8,3,1,2,2,3,1,1,2,2
4,11,2,44,0.2,3,3,2,2,1,277.16,1,14,1,3,3,1,3,1,3,3,1
4,11,2,45,0.05,3,2,2,2,1,345.85,0,15,1,1,3,3,5,3,1,2,2
4,11,2,46,0.4,2,3,2,2,1,219.11,1,14,3,1,2,2,7,1,3,3,1
4,11,2,47,0.1,1,1,1,1,1,300.68,0,11,3,3,3,3,7,3,3,3,3
4,11,2,48,0.05,3,2,2,2,1,338.03,0,19,1,3,3,1,3,1,1,2,2
4,11,2,49,0.8,1,2,1,1,1,255.37,1,8,1,1,1,1,7,1,3,2,2
4,11,2,50,0.2,3,3,2,2,1,237.89,1,20,3,3,1,1,17,3,1,1,3
4,11,2,51,0.05,3,1,2,2,1,315.36,0,8,1,1,3,3,4,1,1,1,1
4,11,2,52,1.8,3,3,2,2,1,230.69,1,7,1,1,3,3,15,1,1,3,3
4,11,2,53,0.05,1,1,1,2,0,335.9,0,1,1,3,1,3,5,1,1,1,1
4,11,2,54,0.1,1,3,1,1,1,250.76,1,6,3,3,3,3,12,3,3,1,1
4,11,2,55,0.05,2,3,2,1,0,323.73,0,9,1,1,2,2,7,1,3,3,1
4,11,2,56,1.8,1,2,1,1,1,240.12,1,17,3,3,3,3,13,3,3,2,2
4,11,2,57,0.8,1,1,1,1,1,250.12,1,8,3,3,3,3,13,3,3,3,3
4,11,2,58,1.8,3,3,2,2,1,268.73,1,18,3,1,1,3,7,3,3,1,1
4,11,2,59,0.8,1,1,1,1,1,273.98,1,13,3,1,3,1,6,1,3,1,3
4,11,2,60,0.1,1,2,1,1,1,307.77,0,9,3,1,3,1,16,1,1,2,2
4,11,2,61,1.8,1,1,1,1,1,222.96,1,7,3,1,3,1,3,3,1,3,1
4,11,2,62,0.8,2,3,2,2,1,250.34,1,14,3,1,2,2,13,3,3,1,1
4,11,2,63,0.4,1,3,1,1,1,229.55,1,9,1,3,1,3,19,1,3,3,1
4,11,2,64,0.1,1,1,1,1,1,305.46,0,9,1,3,1,3,8,3,3,3,3
4,11,2,65,1.8,2,3,2,2,1,247.03,1,13,3,1,2,2,7,3,1,1,3
4,11,2,66,0.4,1,1,1,1,1,250.79,1,17,1,1,1,1,1,1,1,1,1
4,11,2,67,1.8,1,1,1,1,1,238.17,1,19,3,1,3,1,4,3,3,3,3
4,11,2,68,0.4,3,3,2,2,1,276.6,1,3,3,1,1,3,18,3,3,1,1
4,11,2,69,0.2,1,1,1,1,1,258.51,1,4,3,3,3,3,2,1,3,1,3
4,11,2,70,0.8,1,3,1,1,1,273.73,1,10,1,3,1,3,19,3,1,1,3
4,11,2,71,0.05,1,3,1,1,1,363.62,0,12,1,3,1,3,13,1,3,3,1
4,11,2,72,0.4,1,2,1,1,1,249.33,1,10,3,3,3,3,8,1,3,2,2
4,11,2,73,0.4,2,2,2,2,1,269.51,1,17,3,1,2,2,2,1,1,2,2
4,11,2,74,0.05,1,3,1,1,1,286.12,1,1,1,3,1,3,11,3,1,1,3
4,11,2,75,0.8,1,2,1,1,1,269.87,1,2,1,1,1,1,4,3,1,2,2
4,11,2,76,0.4,3,2,2,2,1,238.07,1,3,3,1,1,3,17,1,3,2,2
4,11,2,77,1.8,2,1,2,2,1,242.36,1,14,1,1,2,2,1,3,1,3,1
4,11,2,78,0.2,2,1,2,2,1,214.45,1,1,3,3,2,2,16,3,3,3,3
4,11,3,1,1.8,2,3,2,2,1,241.18,1,3,3,3,2,2,19,3,1,1,3
4,11,3,2,0.05,3,2,2,2,1,378.72,0,20,3,3,1,1,7,3,1,2,2
4,11,3,3,1.8,1,3,1,1,1,220.92,1,7,1,3,1,3,9,1,3,3,1
4,11,3,4,0.4,2,3,2,2,1,220.04,1,16,3,1,2,2,2,1,3,3,1
4,11,3,5,1.8,1,2,1,1,1,226.53,1,8,3,3,3,3,8,1,3,2,2
4,11,3,6,0.8,3,3,2,2,1,242.1,1,2,1,3,3,1,13,1,1,3,3
4,11,3,7,0.8,2,2,2,2,1,272.2,1,17,1,1,2,2,4,1,3,2,2
4,11,3,8,0.8,1,2,NaN,NaN,NaN,NaN,NaN,4,3,1,3,1,19,3,1,2,2
4,11,3,9,1.8,2,2,2,2,1,255.17,1,3,3,3,2,2,17,3,1,2,2
4,11,3,10,0.2,3,1,2,2,1,255.73,1,19,1,3,3,1,15,1,1,1,1
4,11,3,11,1.8,1,3,1,1,1,270.4,1,13,1,1,1,1,15,3,1,1,3
4,11,3,12,0.05,3,1,2,2,1,369.23,0,5,3,1,1,3,9,3,3,3,3
4,11,3,13,1.8,2,1,2,2,1,250.93,1,7,3,3,2,2,15,3,3,3,3
4,11,3,14,0.2,1,2,1,1,1,249.5,1,19,3,3,3,3,15,3,1,2,2
4,11,3,15,0.05,3,2,2,2,1,329.53,0,7,3,1,1,3,20,1,1,2,2
4,11,3,16,0.05,1,1,1,1,1,302.63,0,6,1,3,1,3,2,1,1,1,1
4,11,3,17,0.2,3,1,2,2,1,238.71,1,16,1,3,3,1,10,1,1,1,1
4,11,3,18,0.2,1,3,1,1,1,247.38,1,13,1,1,1,1,11,1,1,3,3
4,11,3,19,1.8,1,2,1,1,1,242.9,1,12,3,3,3,3,4,3,3,2,2
4,11,3,20,0.05,2,3,2,2,1,470.18,0,16,1,3,2,2,7,1,1,3,3
4,11,3,21,0.2,1,1,1,1,1,218.51,1,5,1,1,1,1,4,1,1,1,1
4,11,3,22,0.8,1,3,1,1,1,226.56,1,16,3,3,3,3,19,3,1,1,3
4,11,3,23,0.4,1,2,1,1,1,235.39,1,7,1,3,1,3,4,3,1,2,2
4,11,3,24,0.2,2,1,2,2,1,286.04,1,13,3,1,2,2,13,3,1,3,1
4,11,3,25,0.8,1,3,1,1,1,270.58,1,7,3,1,3,1,19,3,1,1,3
4,11,3,26,0.05,1,2,1,1,1,277.01,1,6,3,3,3,3,3,1,1,2,2
4,11,3,27,0.05,1,3,1,1,1,278.04,1,13,3,1,3,1,9,3,3,1,1
4,11,3,28,0.1,3,1,2,2,1,265.39,1,18,3,3,1,1,11,3,3,3,3
4,11,3,29,0.1,1,1,1,2,0,306.88,0,13,3,1,3,1,4,1,3,1,3
4,11,3,30,0.1,3,3,2,2,1,264.84,1,7,3,3,1,1,6,3,1,1,3
4,11,3,31,0.4,1,3,1,2,0,259.88,1,12,3,1,3,1,5,1,3,3,1
4,11,3,32,0.05,3,1,2,2,1,345.73,0,2,3,3,1,1,7,1,3,1,3
4,11,3,33,0.2,2,1,2,2,1,250.11,1,1,1,3,2,2,3,3,1,3,1
4,11,3,34,0.4,3,1,2,2,1,219.2,1,17,3,1,1,3,16,3,3,3,3
4,11,3,35,0.1,2,2,2,1,0,233.23,1,15,3,3,2,2,2,3,1,2,2
4,11,3,36,0.1,1,2,1,1,1,260.31,1,9,3,3,3,3,7,3,1,2,2
4,11,3,37,0.8,3,3,2,2,1,263.49,1,20,3,3,1,1,6,3,1,1,3
4,11,3,38,0.8,1,1,1,1,1,237.55,1,5,3,3,3,3,20,3,3,3,3
4,11,3,39,0.1,1,1,1,1,1,280.02,1,7,1,1,1,1,9,3,3,3,3
4,11,3,40,0.8,1,3,1,1,1,244.39,1,2,1,3,1,3,6,1,1,3,3
4,11,3,41,0.1,3,3,2,2,1,328.33,0,8,3,3,1,1,18,1,3,3,1
4,11,3,42,0.1,1,3,1,2,0,212.83,1,19,3,1,3,1,17,1,3,3,1
4,11,3,43,0.2,1,3,1,1,1,241.22,1,17,3,1,3,1,13,3,1,1,3
4,11,3,44,0.4,1,2,1,1,1,230.01,1,7,3,1,3,1,4,1,1,2,2
4,11,3,45,0.1,1,1,1,1,1,295.91,1,8,3,1,3,1,12,3,1,3,1
4,11,3,46,0.05,1,2,1,1,1,292.33,1,7,1,3,1,3,16,1,1,2,2
4,11,3,47,1.8,2,3,2,2,1,241.7,1,20,3,1,2,2,15,1,3,3,1
4,11,3,48,0.8,2,3,2,2,1,274.41,1,3,3,3,2,2,5,3,3,1,1
4,11,3,49,0.1,1,1,1,1,1,241.63,1,2,1,1,1,1,5,1,1,1,1
4,11,3,50,0.8,1,3,1,2,0,269.29,1,8,3,1,3,1,8,1,1,3,3
4,11,3,51,0.4,2,1,2,2,1,300.15,0,15,1,3,2,2,9,1,1,1,1
4,11,3,52,1.8,1,3,1,1,1,211.67,1,5,1,3,1,3,20,3,1,1,3
4,11,3,53,0.4,2,3,2,2,1,229.19,1,8,1,1,2,2,13,3,1,1,3
4,11,3,54,0.05,1,1,1,1,1,297.1,1,11,3,1,3,1,1,1,1,1,1
4,11,3,55,0.8,2,2,2,2,1,241.92,1,19,3,1,2,2,16,3,1,2,2
4,11,3,56,0.8,1,3,1,1,1,244.22,1,12,1,3,1,3,7,3,3,1,1
4,11,3,57,0.2,3,2,2,2,1,240.23,1,19,3,3,1,1,5,3,3,2,2
4,11,3,58,0.4,2,1,2,2,1,291.06,1,18,1,1,2,2,2,3,3,3,3
4,11,3,59,0.1,1,2,1,1,1,261.93,1,12,3,3,3,3,16,3,1,2,2
4,11,3,60,1.8,3,1,2,2,1,237.93,1,15,1,3,3,1,2,1,3,1,3
4,11,3,61,0.4,1,1,1,1,1,251.77,1,10,1,1,1,1,1,1,3,1,3
4,11,3,62,0.05,1,3,1,1,1,295.33,1,2,1,1,1,1,9,3,3,1,1
4,11,3,63,0.05,1,3,1,1,1,284.88,1,5,1,3,1,3,4,1,1,3,3
4,11,3,64,0.2,2,2,2,2,1,315.91,0,18,1,1,2,2,3,3,3,2,2
4,11,3,65,0.2,3,1,2,2,1,250.95,1,7,3,1,1,3,20,3,3,3,3
4,11,3,66,0.4,2,2,2,2,1,306.5,0,7,1,1,2,2,1,1,3,2,2
4,11,3,67,1.8,1,1,1,1,1,287.08,1,13,1,1,1,1,15,1,3,1,3
4,11,3,68,1.8,1,2,1,1,1,247.44,1,10,1,1,1,1,15,3,1,2,2
4,11,3,69,0.05,3,3,2,2,1,369.04,0,18,3,3,1,1,6,1,3,3,1
4,11,3,70,0.1,3,1,2,2,1,264.36,1,13,3,1,1,3,3,3,3,3,3
4,11,3,71,1.8,2,3,2,2,1,252.64,1,8,3,1,2,2,11,3,1,1,3
4,11,3,72,0.4,2,2,2,2,1,256.45,1,17,1,1,2,2,18,1,1,2,2
4,11,3,73,0.2,1,3,1,1,1,262.35,1,13,1,3,1,3,17,1,3,3,1
4,11,3,74,0.4,2,2,2,2,1,263.96,1,1,3,3,2,2,11,1,3,2,2
4,11,3,75,0.8,1,1,1,1,1,245.44,1,4,3,3,3,3,1,1,1,1,1
4,11,3,76,0.2,1,3,1,1,1,254.19,1,6,1,3,1,3,3,3,3,1,1
4,11,3,77,0.1,3,3,2,2,1,450.99,0,14,3,1,1,3,2,3,1,1,3
4,11,3,78,0.4,2,2,2,2,1,245.38,1,15,3,3,2,2,10,3,1,2,2
4,11,4,1,0.2,1,1,1,1,1,233.84,1,14,1,3,1,3,12,1,3,1,3
4,11,4,2,0.05,1,1,1,1,1,281.86,1,1,3,3,3,3,9,1,3,1,3
4,11,4,3,0.4,2,3,2,2,1,212.98,1,18,3,3,2,2,7,3,1,1,3
4,11,4,4,0.4,2,2,2,2,1,245.89,1,5,1,1,2,2,13,3,1,2,2
4,11,4,5,0.4,1,1,1,1,1,219.47,1,18,1,1,1,1,12,3,1,3,1
4,11,4,6,1.8,2,1,2,2,1,230.68,1,8,3,3,2,2,6,1,3,1,3
4,11,4,7,0.2,1,1,1,1,1,256.34,1,10,1,3,1,3,13,1,1,1,1
4,11,4,8,1.8,2,3,2,2,1,252.08,1,15,1,1,2,2,19,3,1,1,3
4,11,4,9,0.05,2,2,2,2,1,331.2,0,8,1,1,2,2,15,1,3,2,2
4,11,4,10,0.4,3,2,2,2,1,231.32,1,4,3,3,1,1,16,1,3,2,2
4,11,4,11,0.1,2,1,2,1,0,286.14,1,4,1,3,2,2,7,3,1,3,1
4,11,4,12,0.8,1,2,1,1,1,255.79,1,1,1,3,1,3,1,3,1,2,2
4,11,4,13,0.8,1,3,1,1,1,233.1,1,3,1,1,1,1,19,1,1,3,3
4,11,4,14,0.05,1,3,1,1,1,317.87,0,12,1,3,1,3,3,1,1,3,3
4,11,4,15,0.05,1,1,1,1,1,278.06,1,8,1,1,1,1,20,1,1,1,1
4,11,4,16,0.1,2,2,2,2,1,428.45,0,14,1,1,2,2,5,3,3,2,2
4,11,4,17,1.8,3,2,2,2,1,239.29,1,8,3,3,1,1,15,1,3,2,2
4,11,4,18,0.2,3,2,2,2,1,314.87,0,16,3,3,1,1,17,1,1,2,2
4,11,4,19,1.8,3,1,NaN,NaN,NaN,NaN,NaN,18,1,3,3,1,6,3,1,3,1
4,11,4,20,0.4,3,2,2,2,1,244.12,1,2,3,3,1,1,15,3,3,2,2
4,11,4,21,0.05,1,2,1,2,0,313.75,0,4,3,3,3,3,13,3,3,2,2
4,11,4,22,0.8,1,1,1,1,1,247.88,1,18,1,3,1,3,7,3,1,3,1
4,11,4,23,0.2,3,3,2,2,1,252.12,1,6,1,3,3,1,5,1,3,3,1
4,11,4,24,0.2,3,3,2,2,1,512.77,0,12,1,1,3,3,6,3,1,1,3
4,11,4,25,0.1,3,3,2,2,1,287.1,1,15,3,3,1,1,15,1,3,3,1
4,11,4,26,0.1,1,1,1,1,1,268.39,1,2,3,1,3,1,14,1,1,1,1
4,11,4,27,0.4,3,1,2,2,1,236.34,1,15,1,3,3,1,15,3,3,3,3
4,11,4,28,1.8,2,1,2,1,0,231.23,1,17,3,1,2,2,17,1,3,1,3
4,11,4,29,0.05,1,1,1,1,1,310.22,0,13,3,3,3,3,15,1,3,1,3
4,11,4,30,0.1,3,2,2,2,1,311.55,0,5,1,1,3,3,10,1,3,2,2
4,11,4,31,0.1,2,3,2,2,1,293.11,1,2,3,3,2,2,1,1,1,3,3
4,11,4,32,1.8,1,1,1,1,1,225.55,1,12,1,3,1,3,14,3,3,3,3
4,11,4,33,0.8,1,1,1,1,1,237.73,1,8,1,3,1,3,17,1,3,1,3
4,11,4,34,0.2,1,2,1,1,1,216.54,1,2,3,3,3,3,5,1,3,2,2
4,11,4,35,0.2,1,1,1,1,1,266.84,1,15,1,3,1,3,1,3,3,3,3
4,11,4,36,0.2,1,3,1,1,1,255.49,1,18,1,3,1,3,14,3,1,1,3
4,11,4,37,0.8,3,2,2,2,1,263.57,1,4,1,3,3,1,17,3,1,2,2
4,11,4,38,1.8,1,1,1,1,1,255.05,1,18,1,3,1,3,7,1,1,1,1
4,11,4,39,0.1,1,1,1,1,1,264.43,1,11,3,1,3,1,1,1,1,1,1
4,11,4,40,0.1,2,1,2,2,1,240.33,1,2,1,3,2,2,13,3,1,3,1
4,11,4,41,1.8,1,2,1,1,1,243.92,1,19,3,1,3,1,2,3,3,2,2
4,11,4,42,0.4,3,3,2,2,1,264.68,1,9,3,3,1,1,19,3,3,1,1
4,11,4,43,0.05,3,1,2,2,1,381.88,0,20,1,3,3,1,4,1,3,1,3
4,11,4,44,0.05,1,1,1,2,0,370.78,0,19,3,1,3,1,19,1,1,1,1
4,11,4,45,0.2,1,2,1,1,1,218.98,1,2,3,1,3,1,11,3,3,2,2
4,11,4,46,1.8,2,1,2,2,1,254.41,1,8,1,1,2,2,14,1,3,1,3
4,11,4,47,0.8,1,1,1,1,1,261.02,1,11,3,1,3,1,13,1,1,1,1
4,11,4,48,1.8,2,1,2,2,1,237.78,1,17,3,3,2,2,14,1,1,1,1
4,11,4,49,0.2,3,2,2,2,1,257.03,1,4,1,1,3,3,10,1,1,2,2
4,11,4,50,1.8,1,1,1,1,1,259.96,1,18,3,3,3,3,10,1,3,1,3
4,11,4,51,0.2,1,2,1,1,1,241.14,1,2,3,1,3,1,2,3,1,2,2
4,11,4,52,0.4,3,2,2,2,1,251.32,1,7,1,3,3,1,18,1,1,2,2
4,11,4,53,0.05,1,2,1,1,1,343.23,0,6,3,1,3,1,14,1,1,2,2
4,11,4,54,0.1,3,3,2,2,1,287.02,1,4,3,1,1,3,20,1,1,3,3
4,11,4,55,0.1,3,2,2,2,1,299.71,1,18,3,3,1,1,2,1,3,2,2
4,11,4,56,0.05,2,1,2,2,1,393.31,0,2,3,1,2,2,13,3,3,3,3
4,11,4,57,0.4,3,2,2,2,1,237.9,1,15,3,1,1,3,18,3,1,2,2
4,11,4,58,0.8,1,3,NaN,NaN,NaN,NaN,NaN,19,1,1,1,1,6,3,3,1,1
4,11,4,59,0.4,1,1,1,1,1,229.51,1,5,3,3,3,3,1,3,1,3,1
4,11,4,60,0.8,3,1,2,2,1,256.17,1,10,1,3,3,1,6,1,3,1,3
4,11,4,61,0.8,3,1,2,2,1,244.96,1,11,3,3,1,1,7,1,1,1,1
4,11,4,62,0.2,1,2,1,1,1,218.15,1,10,1,1,1,1,16,3,1,2,2
4,11,4,63,0.8,1,1,1,1,1,243.48,1,18,1,1,1,1,11,1,3,1,3
4,11,4,64,0.05,1,1,1,1,1,281.72,1,5,3,3,3,3,2,3,1,3,1
4,11,4,65,0.4,1,2,1,1,1,233.78,1,20,3,1,3,1,9,3,1,2,2
4,11,4,66,1.8,1,2,1,1,1,246.82,1,15,3,1,3,1,13,1,3,2,2
4,11,4,67,0.05,1,3,1,1,1,281.84,1,7,1,3,1,3,8,3,3,1,1
4,11,4,68,0.4,1,1,1,2,0,244.6,1,7,1,1,1,1,6,1,1,1,1
4,11,4,69,0.1,2,2,2,1,0,251.45,1,12,1,1,2,2,3,3,3,2,2
4,11,4,70,0.4,1,2,1,1,1,251.35,1,7,1,3,1,3,16,3,3,2,2
4,11,4,71,0.05,2,3,2,1,0,276.5,1,5,3,1,2,2,5,1,1,3,3
4,11,4,72,0.8,2,3,2,2,1,228.51,1,9,3,1,2,2,1,1,1,3,3
4,11,4,73,0.8,3,2,2,2,1,248.01,1,10,1,3,3,1,4,3,1,2,2
4,11,4,74,0.1,2,3,2,2,1,343.83,0,18,1,3,2,2,12,3,1,1,3
4,11,4,75,0.8,3,1,2,2,1,256.95,1,2,1,1,3,3,6,1,1,1,1
4,11,4,76,1.8,3,2,2,2,1,236.56,1,12,3,3,1,1,8,1,3,2,2
4,11,4,77,0.2,1,3,1,1,1,262.51,1,13,1,3,1,3,4,3,1,1,3
4,11,4,78,0.1,3,3,2,2,1,280.02,1,13,3,3,1,1,17,1,1,3,3
4,11,5,1,0.1,3,1,2,2,1,243.99,1,17,1,1,3,3,7,1,3,1,3
4,11,5,2,0.8,2,1,2,2,1,240.62,1,8,3,1,2,2,10,3,3,3,3
4,11,5,3,0.2,1,3,1,1,1,239.62,1,16,3,3,3,3,15,3,3,1,1
4,11,5,4,0.05,1,3,1,1,1,230.49,1,16,3,1,3,1,13,3,3,1,1
4,11,5,5,0.4,1,2,1,1,1,235.82,1,20,3,1,3,1,12,1,3,2,2
4,11,5,6,0.1,1,3,1,1,1,251.97,1,6,3,1,3,1,13,1,1,3,3
4,11,5,7,0.8,1,1,1,1,1,225.49,1,10,1,1,1,1,5,3,1,3,1
4,11,5,8,0.1,1,2,1,1,1,260.83,1,8,1,3,1,3,19,1,1,2,2
4,11,5,9,0.8,2,2,2,2,1,244.93,1,3,3,3,2,2,5,1,1,2,2
4,11,5,10,0.05,1,1,1,1,1,358.54,0,9,3,1,3,1,15,3,1,3,1
4,11,5,11,0.1,1,3,1,1,1,299.37,1,7,3,1,3,1,14,3,1,1,3
4,11,5,12,1.8,2,2,2,2,1,281.24,1,19,3,1,2,2,4,1,1,2,2
4,11,5,13,0.4,2,2,2,2,1,243.11,1,7,3,1,2,2,10,3,3,2,2
4,11,5,14,0.2,1,2,1,2,0,396.7,0,19,1,3,1,3,8,1,1,2,2
4,11,5,15,0.4,1,3,1,1,1,222.06,1,19,3,3,3,3,15,3,1,1,3
4,11,5,16,0.2,2,1,2,2,1,279.21,1,6,3,1,2,2,18,1,1,1,1
4,11,5,17,0.05,1,2,1,1,1,381.11,0,4,1,1,1,1,5,1,1,2,2
4,11,5,18,0.4,1,2,1,1,1,227.54,1,7,1,1,1,1,9,3,1,2,2
4,11,5,19,0.2,2,2,2,2,1,253.78,1,17,1,3,2,2,9,1,1,2,2
4,11,5,20,0.4,1,3,1,1,1,208.64,1,2,3,3,3,3,16,1,3,3,1
4,11,5,21,0.05,1,2,1,1,1,321.96,0,13,3,3,3,3,9,1,3,2,2
4,11,5,22,0.1,3,1,2,2,1,518.31,0,18,3,1,1,3,12,1,3,1,3
4,11,5,23,0.1,3,2,2,2,1,268.65,1,2,3,3,1,1,8,1,3,2,2
4,11,5,24,1.8,1,1,1,1,1,246.52,1,8,3,3,3,3,9,3,1,3,1
4,11,5,25,1.8,3,2,2,2,1,239.13,1,6,3,3,1,1,18,3,3,2,2
4,11,5,26,0.2,1,1,1,1,1,251.39,1,17,3,1,3,1,2,3,1,3,1
4,11,5,27,0.4,2,2,2,2,1,250.97,1,19,1,1,2,2,17,1,1,2,2
4,11,5,28,0.2,2,1,2,1,0,264.93,1,12,1,3,2,2,14,1,1,1,1
4,11,5,29,0.2,1,2,1,1,1,204.92,1,9,3,3,3,3,3,3,3,2,2
4,11,5,30,1.8,2,1,2,2,1,246.81,1,19,3,1,2,2,12,3,3,3,3
4,11,5,31,0.8,2,2,2,2,1,277.79,1,16,3,3,2,2,12,3,3,2,2
4,11,5,32,0.8,2,3,2,2,1,199.85,1,6,1,3,2,2,18,1,3,3,1
4,11,5,33,0.8,2,3,2,1,0,237.35,1,15,1,1,2,2,15,1,3,3,1
4,11,5,34,0.4,1,2,1,1,1,237.61,1,20,1,3,1,3,14,3,1,2,2
4,11,5,35,0.05,1,1,1,1,1,272.55,1,14,1,3,1,3,13,3,1,3,1
4,11,5,36,0.2,1,3,1,1,1,227.58,1,5,3,3,3,3,20,1,3,3,1
4,11,5,37,1.8,2,2,2,2,1,444.36,0,19,3,1,2,2,9,3,3,2,2
4,11,5,38,0.05,3,3,2,2,1,307.09,0,3,3,3,1,1,7,3,3,1,1
4,11,5,39,0.4,2,2,2,2,1,239.97,1,11,3,1,2,2,3,3,3,2,2
4,11,5,40,1.8,1,3,1,1,1,230.2,1,7,3,3,3,3,1,1,1,3,3
4,11,5,41,0.05,2,3,2,2,1,331.92,0,17,3,1,2,2,5,3,3,1,1
4,11,5,42,0.8,1,1,1,1,1,232.41,1,19,3,1,3,1,13,3,3,3,3
4,11,5,43,1.8,1,1,1,1,1,242.72,1,20,3,1,3,1,11,3,1,3,1
4,11,5,44,0.4,2,1,2,2,1,242.59,1,16,3,1,2,2,17,1,1,1,1
4,11,5,45,0.1,1,2,1,1,1,288.02,1,2,3,3,3,3,1,3,3,2,2
4,11,5,46,0.05,3,1,2,2,1,338.49,0,19,1,1,3,3,20,1,3,1,3
4,11,5,47,0.1,1,1,1,2,0,391.52,0,1,3,3,3,3,2,1,1,1,1
4,11,5,48,0.8,1,2,1,1,1,245.85,1,19,3,3,3,3,1,3,3,2,2
4,11,5,49,1.8,1,3,NaN,NaN,NaN,NaN,NaN,5,3,3,3,3,14,1,3,3,1
4,11,5,50,0.4,2,3,2,1,0,214.07,1,12,1,1,2,2,20,1,3,3,1
4,11,5,51,0.2,1,1,1,1,1,260.88,1,10,1,3,1,3,6,3,3,3,3
4,11,5,52,0.05,1,1,1,1,1,299.24,1,10,1,1,1,1,3,1,3,1,3
4,11,5,53,0.8,1,1,1,1,1,258.03,1,15,1,3,1,3,7,3,3,3,3
4,11,5,54,0.05,2,3,2,2,1,292.87,1,2,3,3,2,2,3,1,1,3,3
4,11,5,55,0.1,3,2,2,2,1,261.97,1,1,3,1,1,3,2,1,1,2,2
4,11,5,56,0.2,1,1,1,1,1,250.79,1,19,3,3,3,3,8,3,1,3,1
4,11,5,57,1.8,1,1,1,1,1,215.94,1,13,3,1,3,1,20,1,1,1,1
4,11,5,58,0.1,3,3,2,2,1,368.51,0,5,1,1,3,3,10,3,1,1,3
4,11,5,59,0.2,1,1,1,1,1,228.9,1,6,3,3,3,3,3,1,1,1,1
4,11,5,60,0.2,1,3,1,1,1,202.5,1,7,3,3,3,3,6,3,3,1,1
4,11,5,61,0.05,2,3,2,2,1,306.53,0,15,3,3,2,2,15,3,3,1,1
4,11,5,62,0.05,1,2,1,1,1,300.21,0,14,3,1,3,1,7,1,3,2,2
4,11,5,63,0.4,1,3,1,1,1,223.76,1,12,1,1,1,1,7,1,1,3,3
4,11,5,64,0.8,1,3,1,1,1,242.73,1,19,3,3,3,3,2,3,1,1,3
4,11,5,65,0.1,2,3,2,2,1,313.38,0,4,3,1,2,2,11,1,3,3,1
4,11,5,66,1.8,1,3,1,1,1,244.87,1,7,1,1,1,1,3,3,3,1,1
4,11,5,67,0.4,1,1,1,1,1,273.58,1,4,3,3,3,3,9,1,1,1,1
4,11,5,68,0.1,2,1,2,2,1,296.59,1,4,1,1,2,2,9,3,1,3,1
4,11,5,69,0.8,3,1,2,2,1,271.31,1,9,3,3,1,1,11,1,1,1,1
4,11,5,70,1.8,3,2,2,2,1,275.76,1,20,3,1,1,3,15,3,3,2,2
4,11,5,71,0.05,1,1,1,1,1,366.5,0,8,3,3,3,3,16,3,1,3,1
4,11,5,72,0.8,1,1,1,1,1,214.79,1,17,3,3,3,3,14,1,3,1,3
4,11,5,73,0.1,2,1,2,2,1,326.75,0,16,3,3,2,2,20,1,3,1,3
4,11,5,74,0.8,2,2,2,2,1,223.63,1,16,1,3,2,2,4,1,3,2,2
4,11,5,75,1.8,2,3,2,2,1,206.81,1,15,3,3,2,2,6,1,3,3,1
4,11,5,76,0.2,3,3,2,2,1,245.32,1,8,3,3,1,1,8,3,3,1,1
4,11,5,77,0.4,1,3,1,1,1,223.48,1,8,3,1,3,1,5,1,1,3,3
4,11,5,78,1.8,3,1,2,2,1,237.57,1,17,3,1,1,3,20,3,3,3,3
4,11,6,1,0.4,3,2,2,2,1,247.07,1,1,1,1,3,3,20,3,1,2,2
4,11,6,2,0.05,1,1,1,1,1,281.06,1,7,3,3,3,3,17,3,3,3,3
4,11,6,3,1.8,2,1,2,2,1,269.98,1,2,3,1,2,2,3,1,1,1,1
4,11,6,4,0.4,1,2,1,1,1,200.97,1,11,3,3,3,3,5,1,3,2,2
4,11,6,5,0.8,2,1,2,2,1,229.22,1,2,1,1,2,2,3,1,1,1,1
4,11,6,6,0.2,3,2,2,2,1,235.12,1,9,1,1,3,3,17,1,3,2,2
4,11,6,7,0.8,1,2,1,1,1,246.01,1,20,3,1,3,1,20,3,3,2,2
4,11,6,8,0.8,1,3,1,1,1,215.31,1,8,1,3,1,3,14,1,3,3,1
4,11,6,9,0.4,1,1,1,1,1,241.78,1,1,3,3,3,3,6,1,3,1,3
4,11,6,10,1.8,1,3,1,1,1,241.09,1,1,1,3,1,3,11,1,1,3,3
4,11,6,11,0.05,2,2,2,2,1,343.24,0,6,3,3,2,2,7,3,1,2,2
4,11,6,12,0.4,3,3,2,2,1,245.8,1,18,1,3,3,1,5,1,1,3,3
4,11,6,13,1.8,1,2,1,1,1,241.98,1,15,3,3,3,3,18,1,3,2,2
4,11,6,14,0.8,2,1,2,2,1,209.39,1,13,1,1,2,2,1,3,3,3,3
4,11,6,15,0.8,2,2,2,2,1,229.13,1,2,3,3,2,2,8,1,3,2,2
4,11,6,16,0.2,3,1,2,2,1,260.21,1,4,1,3,3,1,6,1,3,1,3
4,11,6,17,0.4,2,1,2,2,1,223.96,1,7,1,3,2,2,1,1,1,1,1
4,11,6,18,0.05,2,1,2,1,0,318.76,0,7,1,3,2,2,5,3,1,3,1
4,11,6,19,0.05,2,3,2,2,1,436.63,0,10,3,1,2,2,4,3,1,1,3
4,11,6,20,0.4,1,2,1,2,0,252.06,1,8,3,1,3,1,12,3,3,2,2
4,11,6,21,0.4,2,2,2,2,1,295.58,1,20,3,3,2,2,12,1,1,2,2
4,11,6,22,0.4,3,2,2,2,1,226.42,1,8,3,1,1,3,9,3,1,2,2
4,11,6,23,1.8,2,1,2,2,1,224.8,1,17,3,3,2,2,5,3,3,3,3
4,11,6,24,0.1,2,3,2,2,1,294.77,1,9,1,3,2,2,14,3,1,1,3
4,11,6,25,0.05,1,3,1,1,1,305.56,0,1,1,3,1,3,10,1,3,3,1
4,11,6,26,0.05,2,3,2,2,1,354.09,0,2,1,1,2,2,10,1,3,3,1
4,11,6,27,0.1,3,2,2,2,1,288.97,1,16,3,3,1,1,15,3,3,2,2
4,11,6,28,1.8,1,3,1,1,1,246.89,1,16,1,1,1,1,20,3,1,1,3
4,11,6,29,0.05,2,2,2,1,0,291.52,1,2,1,3,2,2,8,1,1,2,2
4,11,6,30,0.2,1,2,1,1,1,218.76,1,11,3,3,3,3,20,1,1,2,2
4,11,6,31,0.2,1,2,1,1,1,281.66,1,11,3,3,3,3,16,1,3,2,2
4,11,6,32,0.1,1,1,1,1,1,312.92,0,12,3,1,3,1,8,1,3,1,3
4,11,6,33,0.05,1,1,1,1,1,279.52,1,14,3,3,3,3,9,3,1,3,1
4,11,6,34,0.1,1,3,1,1,1,252.3,1,6,1,1,1,1,2,1,3,3,1
4,11,6,35,0.05,2,2,2,1,0,303.89,0,4,1,1,2,2,3,1,3,2,2
4,11,6,36,0.1,2,2,2,2,1,241.59,1,8,1,1,2,2,6,1,3,2,2
4,11,6,37,0.1,1,1,1,1,1,288.85,1,11,3,1,3,1,1,3,3,3,3
4,11,6,38,0.8,1,1,1,1,1,214.08,1,9,1,3,1,3,12,1,3,1,3
4,11,6,39,1.8,3,1,2,2,1,242.59,1,12,1,1,3,3,16,3,1,3,1
4,11,6,40,0.1,2,2,2,1,0,305.42,0,7,3,3,2,2,6,1,1,2,2
4,11,6,41,0.1,1,3,1,2,0,277.74,1,13,1,1,1,1,10,1,3,3,1
4,11,6,42,0.2,2,1,2,2,1,270.7,1,8,3,3,2,2,8,3,1,3,1
4,11,6,43,0.8,2,1,2,2,1,231.56,1,4,1,3,2,2,8,1,3,1,3
4,11,6,44,0.05,1,1,1,1,1,301.62,0,12,3,3,3,3,18,1,1,1,1
4,11,6,45,0.8,2,1,2,2,1,252.29,1,11,1,3,2,2,6,1,3,1,3
4,11,6,46,1.8,1,3,1,1,1,231.64,1,4,3,3,3,3,20,3,1,1,3
4,11,6,47,1.8,2,1,2,2,1,241.19,1,8,1,3,2,2,19,3,3,3,3
4,11,6,48,0.1,3,1,2,2,1,293.78,1,8,3,1,1,3,20,3,3,3,3
4,11,6,49,0.2,2,2,2,2,1,306.52,0,4,3,1,2,2,7,1,3,2,2
4,11,6,50,0.8,1,3,1,1,1,248.79,1,9,3,1,3,1,18,3,1,1,3
4,11,6,51,0.1,2,2,2,2,1,352.11,0,11,3,1,2,2,9,1,1,2,2
4,11,6,52,0.2,1,1,1,1,1,237.7,1,17,1,3,1,3,4,1,3,1,3
4,11,6,53,0.2,3,2,2,2,1,201.57,1,15,1,3,3,1,17,1,1,2,2
4,11,6,54,0.4,2,1,2,2,1,234.37,1,2,3,3,2,2,18,3,1,3,1
4,11,6,55,1.8,1,2,1,1,1,227.24,1,3,3,3,3,3,17,1,1,2,2
4,11,6,56,0.05,1,2,1,1,1,291.15,1,2,3,3,3,3,17,3,3,2,2
4,11,6,57,0.4,3,3,2,2,1,218.99,1,16,1,3,3,1,2,3,1,1,3
4,11,6,58,0.05,3,2,2,2,1,312.88,0,4,1,1,3,3,3,1,1,2,2
4,11,6,59,0.1,1,1,1,2,0,284.5,1,10,1,1,1,1,15,1,3,1,3
4,11,6,60,1.8,2,2,NaN,NaN,NaN,NaN,NaN,14,3,1,2,2,8,3,1,2,2
4,11,6,61,1.8,1,2,1,1,1,258.92,1,6,1,3,1,3,11,1,3,2,2
4,11,6,62,0.8,3,1,2,2,1,281.09,1,2,1,3,3,1,14,3,3,3,3
4,11,6,63,0.2,1,3,1,1,1,235.92,1,1,1,3,1,3,5,1,1,3,3
4,11,6,64,0.1,2,1,2,2,1,314.39,0,1,3,3,2,2,10,1,3,1,3
4,11,6,65,0.2,2,3,2,2,1,285.3,1,15,1,3,2,2,14,3,1,1,3
4,11,6,66,0.8,1,1,1,1,1,227.49,1,12,3,1,3,1,10,3,3,3,3
4,11,6,67,1.8,2,3,2,2,1,232.68,1,16,3,1,2,2,7,3,3,1,1
4,11,6,68,0.8,2,2,2,2,1,258.57,1,11,3,3,2,2,14,1,3,2,2
4,11,6,69,0.2,3,1,2,2,1,229.42,1,17,1,3,3,1,8,1,3,1,3
4,11,6,70,0.8,2,3,2,2,1,256.24,1,14,3,3,2,2,19,1,3,3,1
4,11,6,71,0.2,1,2,1,1,1,249.42,1,5,1,1,1,1,17,3,1,2,2
4,11,6,72,0.4,1,1,1,1,1,183.5,1,13,3,3,3,3,6,1,3,1,3
4,11,6,73,0.1,2,3,2,1,0,318.38,0,14,3,3,2,2,1,1,1,3,3
4,11,6,74,0.4,2,3,2,2,1,274.81,1,18,1,3,2,2,11,3,1,1,3
4,11,6,75,0.05,3,1,2,2,1,339.08,0,5,3,3,1,1,11,1,1,1,1
4,11,6,76,0.4,1,1,1,1,1,223.62,1,5,1,3,1,3,9,1,1,1,1
4,11,6,77,1.8,3,3,2,2,1,253.44,1,14,1,3,3,1,3,3,1,1,3
4,11,6,78,0.2,1,1,1,1,1,211.5,1,4,1,1,1,1,8,3,3,3,3
4,11,7,1,0.2,1,3,1,2,0,264.12,1,8,3,1,3,1,19,1,3,3,1
4,11,7,2,0.4,1,1,1,1,1,241.67,1,16,3,3,3,3,14,3,1,3,1
4,11,7,3,0.1,3,2,2,2,1,305.2,0,6,3,1,1,3,8,1,1,2,2
4,11,7,4,0.05,1,1,1,1,1,273.07,1,8,1,3,1,3,1,3,3,3,3
4,11,7,5,1.8,1,2,1,1,1,245.14,1,15,1,3,1,3,12,1,1,2,2
4,11,7,6,0.05,2,1,2,2,1,279.55,1,20,3,3,2,2,20,1,3,1,3
4,11,7,7,1.8,1,1,1,1,1,248,1,3,3,1,3,1,7,1,3,1,3
4,11,7,8,1.8,2,1,2,2,1,238.05,1,18,3,1,2,2,15,1,1,1,1
4,11,7,9,0.2,2,1,2,2,1,253.92,1,11,1,1,2,2,5,1,1,1,1
4,11,7,10,1.8,1,2,1,1,1,239.72,1,3,1,1,1,1,16,1,3,2,2
4,11,7,11,0.05,3,3,2,2,1,356.99,0,16,1,3,3,1,1,3,1,1,3
4,11,7,12,0.4,1,2,1,1,1,247.01,1,11,1,1,1,1,16,1,1,2,2
4,11,7,13,0.4,3,1,2,2,1,275.38,1,4,1,1,3,3,9,1,3,1,3
4,11,7,14,0.4,2,1,2,2,1,263.04,1,6,1,1,2,2,6,1,1,1,1
4,11,7,15,0.8,1,2,1,1,1,236.01,1,18,1,3,1,3,17,3,3,2,2
4,11,7,16,0.8,3,3,2,2,1,356.84,0,11,3,3,1,1,17,3,3,1,1
4,11,7,17,0.05,2,3,2,2,1,354.97,0,8,3,1,2,2,19,1,1,3,3
4,11,7,18,1.8,2,2,2,2,1,233.11,1,6,3,3,2,2,18,1,3,2,2
4,11,7,19,0.1,3,2,2,2,1,278.41,1,20,3,1,1,3,13,3,3,2,2
4,11,7,20,1.8,2,2,2,1,0,252.37,1,18,3,3,2,2,7,1,1,2,2
4,11,7,21,0.1,3,1,2,2,1,301.67,0,19,1,3,3,1,13,1,1,1,1
4,11,7,22,0.8,1,2,1,1,1,223.05,1,13,3,3,3,3,11,3,3,2,2
4,11,7,23,0.1,3,3,2,2,1,256.55,1,4,1,1,3,3,13,3,1,1,3
4,11,7,24,0.2,1,3,1,1,1,306.53,0,15,1,3,1,3,1,3,3,1,1
4,11,7,25,0.8,3,2,NaN,NaN,NaN,NaN,NaN,8,1,1,3,3,17,3,3,2,2
4,11,7,26,0.1,2,3,2,2,1,299.45,1,3,3,3,2,2,20,1,3,3,1
4,11,7,27,0.1,1,3,1,1,1,257.13,1,20,1,3,1,3,20,1,1,3,3
4,11,7,28,1.8,3,1,2,2,1,249.92,1,1,1,3,3,1,15,1,1,1,1
4,11,7,29,0.1,2,3,2,2,1,304.93,0,6,3,3,2,2,14,1,3,3,1
4,11,7,30,0.4,1,3,1,1,1,225.1,1,15,1,3,1,3,5,1,3,3,1
4,11,7,31,0.2,1,3,1,1,1,224.49,1,8,3,1,3,1,6,1,1,3,3
4,11,7,32,1.8,2,2,2,1,0,311.12,0,7,3,3,2,2,16,1,3,2,2
4,11,7,33,0.8,2,1,2,2,1,272.66,1,13,1,1,2,2,11,1,3,1,3
4,11,7,34,0.4,1,2,1,1,1,251.76,1,14,1,1,1,1,7,1,1,2,2
4,11,7,35,0.1,1,2,1,1,1,223.43,1,5,3,3,3,3,11,3,3,2,2
4,11,7,36,0.05,1,1,1,1,1,323.25,0,1,3,1,3,1,12,3,3,3,3
4,11,7,37,0.4,1,1,1,1,1,291.14,1,11,1,1,1,1,3,1,3,1,3
4,11,7,38,0.8,1,3,1,2,0,262.75,1,12,1,1,1,1,13,1,1,3,3
4,11,7,39,0.8,1,3,1,1,1,215.89,1,7,3,1,3,1,16,3,1,1,3
4,11,7,40,0.1,3,3,2,2,1,343.31,0,11,1,3,3,1,15,1,3,3,1
4,11,7,41,0.05,1,2,1,1,1,245.16,1,20,1,1,1,1,14,1,3,2,2
4,11,7,42,1.8,1,1,1,1,1,222.56,1,10,3,3,3,3,12,3,3,3,3
4,11,7,43,0.05,3,2,2,2,1,371.49,0,20,1,3,3,1,18,3,1,2,2
4,11,7,44,1.8,2,1,2,2,1,264.79,1,10,1,1,2,2,5,3,3,3,3
4,11,7,45,0.2,3,3,2,2,1,240.26,1,13,1,1,3,3,10,1,3,3,1
4,11,7,46,0.2,3,3,2,2,1,391.49,0,8,1,1,3,3,17,3,3,1,1
4,11,7,47,0.1,3,2,2,2,1,292.24,1,10,1,1,3,3,1,3,1,2,2
4,11,7,48,0.4,3,2,2,2,1,239.92,1,5,1,3,3,1,1,3,3,2,2
4,11,7,49,0.8,2,2,2,2,1,174,1,6,3,3,2,2,16,1,3,2,2
4,11,7,50,0.4,3,1,2,2,1,20.879,2,5,1,3,3,1,10,1,3,1,3
4,11,7,51,0.2,2,2,2,2,1,258.9,1,6,3,3,2,2,19,1,3,2,2
4,11,7,52,0.05,1,3,1,2,0,319.6,0,17,1,3,1,3,20,3,3,1,1
4,11,7,53,0.2,1,2,1,1,1,243.24,1,19,3,3,3,3,6,1,1,2,2
4,11,7,54,0.8,1,3,1,2,0,247.45,1,7,3,3,3,3,16,3,1,1,3
4,11,7,55,0.8,1,2,1,1,1,227.08,1,2,3,1,3,1,2,3,1,2,2
4,11,7,56,0.05,2,2,2,2,1,345.13,0,6,1,1,2,2,11,1,1,2,2
4,11,7,57,0.8,2,1,2,2,1,226.65,1,17,1,3,2,2,10,1,3,1,3
4,11,7,58,0.2,1,3,1,1,1,216.4,1,16,3,1,3,1,6,1,1,3,3
4,11,7,59,0.2,2,1,2,2,1,244.32,1,17,3,3,2,2,7,3,1,3,1
4,11,7,60,1.8,1,2,1,1,1,230.8,1,12,1,3,1,3,13,3,1,2,2
4,11,7,61,0.4,3,3,2,2,1,251.03,1,14,3,3,1,1,13,1,1,3,3
4,11,7,62,0.05,2,1,2,1,0,257.42,1,14,1,3,2,2,5,1,1,1,1
4,11,7,63,0.1,1,1,1,1,1,287.62,1,17,1,3,1,3,20,3,1,3,1
4,11,7,64,0.8,1,2,1,1,1,226.08,1,17,3,1,3,1,8,3,3,2,2
4,11,7,65,0.1,1,1,1,1,1,251.55,1,5,3,3,3,3,4,1,1,1,1
4,11,7,66,0.1,2,3,2,2,1,330.19,0,5,1,1,2,2,3,3,1,1,3
4,11,7,67,1.8,2,1,2,2,1,259.13,1,4,3,1,2,2,8,1,3,1,3
4,11,7,68,0.8,1,1,1,2,0,245.44,1,8,3,3,3,3,16,3,3,3,3
4,11,7,69,1.8,1,1,NaN,NaN,NaN,NaN,NaN,17,1,1,1,1,4,1,1,1,1
4,11,7,70,0.4,3,3,2,2,1,270.57,1,19,1,1,3,3,5,3,1,1,3
4,11,7,71,0.4,2,3,2,2,1,222.43,1,16,3,3,2,2,6,1,1,3,3
4,11,7,72,0.2,2,1,2,2,1,270.64,1,5,1,3,2,2,9,3,3,3,3
4,11,7,73,0.05,3,2,2,2,1,376.92,0,4,1,1,3,3,4,1,1,2,2
4,11,7,74,0.2,1,1,1,1,1,227.06,1,17,3,3,3,3,3,1,1,1,1
4,11,7,75,0.2,1,3,1,1,1,289.02,1,6,3,1,3,1,13,1,3,3,1
4,11,7,76,0.4,3,2,2,2,1,258.41,1,1,1,1,3,3,4,3,3,2,2
4,11,7,77,0.05,1,1,1,1,1,334.98,0,7,1,3,1,3,6,3,1,3,1
4,11,7,78,0.05,2,3,2,2,1,362.86,0,16,3,1,2,2,7,1,3,3,1
4,11,8,1,0.8,1,1,1,1,1,236.5,1,1,1,1,1,1,6,3,3,3,3
4,11,8,2,0.1,1,2,1,1,1,212.53,1,15,1,3,1,3,3,3,3,2,2
4,11,8,3,0.8,1,1,1,1,1,221.67,1,14,1,3,1,3,14,3,3,3,3
4,11,8,4,0.8,1,3,1,1,1,215.4,1,2,1,1,1,1,14,1,3,3,1
4,11,8,5,1.8,1,1,1,1,1,214.05,1,20,3,3,3,3,8,3,1,3,1
4,11,8,6,0.2,3,3,2,2,1,249.31,1,13,3,1,1,3,14,3,1,1,3
4,11,8,7,0.4,2,3,2,2,1,250.45,1,18,1,1,2,2,15,3,1,1,3
4,11,8,8,0.2,1,1,1,1,1,206.91,1,2,3,3,3,3,5,1,1,1,1
4,11,8,9,0.4,1,2,1,1,1,193.38,1,2,3,3,3,3,4,1,1,2,2
4,11,8,10,1.8,2,1,2,2,1,253.56,1,9,1,3,2,2,18,3,3,3,3
4,11,8,11,0.2,3,2,2,2,1,274.59,1,4,3,1,1,3,8,1,1,2,2
4,11,8,12,0.05,2,1,2,1,0,295.46,1,6,1,3,2,2,1,3,1,3,1
4,11,8,13,0.1,1,2,1,1,1,251.26,1,4,3,3,3,3,15,1,3,2,2
4,11,8,14,0.8,1,3,1,1,1,221.76,1,5,1,1,1,1,10,1,3,3,1
4,11,8,15,0.8,1,1,1,1,1,208.95,1,19,3,1,3,1,1,1,1,1,1
4,11,8,16,0.2,1,2,1,1,1,324.13,0,19,3,3,3,3,9,3,3,2,2
4,11,8,17,0.2,1,3,1,1,1,243.24,1,7,3,3,3,3,2,3,3,1,1
4,11,8,18,0.1,1,1,1,1,1,269.87,1,3,3,1,3,1,6,1,1,1,1
4,11,8,19,0.2,3,1,2,2,1,318.79,0,11,3,1,1,3,2,3,1,3,1
4,11,8,20,0.8,2,1,2,2,1,378.95,0,12,1,3,2,2,3,3,1,3,1
4,11,8,21,0.2,1,3,1,1,1,198.88,1,11,1,3,1,3,10,1,3,3,1
4,11,8,22,0.05,2,1,2,1,0,281.15,1,4,3,3,2,2,15,1,1,1,1
4,11,8,23,0.1,3,3,2,2,1,260.38,1,7,3,1,1,3,1,1,3,3,1
4,11,8,24,1.8,2,3,2,2,1,239.63,1,1,1,3,2,2,6,1,3,3,1
4,11,8,25,0.05,3,2,2,1,0,327.28,0,12,3,3,1,1,18,3,3,2,2
4,11,8,26,0.05,2,2,2,2,1,361.39,0,4,1,1,2,2,12,3,3,2,2
4,11,8,27,0.2,1,2,1,1,1,215.36,1,5,3,1,3,1,18,1,3,2,2
4,11,8,28,0.2,3,1,2,2,1,240.38,1,10,3,3,1,1,15,1,1,1,1
4,11,8,29,0.05,1,1,1,1,1,268.9,1,3,1,1,1,1,9,1,3,1,3
4,11,8,30,0.1,1,3,1,1,1,227.75,1,6,1,3,1,3,15,3,3,1,1
4,11,8,31,0.05,3,1,2,2,1,351.27,0,9,3,3,1,1,19,3,1,3,1
4,11,8,32,0.1,1,1,1,1,1,280.26,1,9,3,3,3,3,19,1,1,1,1
4,11,8,33,1.8,2,1,2,2,1,222.7,1,3,3,3,2,2,13,3,3,3,3
4,11,8,34,0.05,1,3,1,1,1,322.66,0,6,3,3,3,3,15,3,3,1,1
4,11,8,35,0.4,3,3,2,2,1,251.74,1,15,1,3,3,1,6,3,1,1,3
4,11,8,36,0.4,3,3,2,2,1,253.39,1,1,1,3,3,1,16,3,1,1,3
4,11,8,37,0.05,1,1,1,1,1,318.33,0,19,3,1,3,1,15,1,3,1,3
4,11,8,38,0.8,2,3,2,2,1,322.12,0,15,1,3,2,2,16,3,3,1,1
4,11,8,39,1.8,2,3,2,2,1,251.54,1,12,3,1,2,2,6,3,1,1,3
4,11,8,40,1.8,3,1,2,2,1,192.85,1,11,3,1,1,3,19,1,1,1,1
4,11,8,41,0.05,3,2,2,2,1,361.77,0,5,3,1,1,3,9,3,3,2,2
4,11,8,42,1.8,2,2,2,2,1,245.25,1,3,1,3,2,2,20,3,1,2,2
4,11,8,43,0.2,2,1,2,1,0,318.5,0,8,3,1,2,2,14,1,3,1,3
4,11,8,44,0.1,3,2,2,2,1,330.57,0,14,1,1,3,3,14,3,1,2,2
4,11,8,45,0.4,1,3,1,1,1,231.37,1,15,1,3,1,3,20,3,1,1,3
4,11,8,46,0.4,3,1,2,2,1,257.5,1,20,3,3,1,1,16,1,1,1,1
4,11,8,47,0.1,1,1,1,1,1,268.71,1,7,1,3,1,3,3,3,3,3,3
4,11,8,48,0.05,1,1,1,1,1,276.11,1,7,3,3,3,3,15,1,1,1,1
4,11,8,49,0.8,1,2,1,1,1,240.11,1,2,3,1,3,1,1,1,3,2,2
4,11,8,50,0.2,2,3,2,2,1,275.3,1,11,1,1,2,2,9,1,3,3,1
4,11,8,51,0.1,1,2,1,1,1,236.87,1,3,1,3,1,3,8,1,1,2,2
4,11,8,52,0.4,3,1,2,2,1,272.68,1,15,1,3,3,1,16,1,1,1,1
4,11,8,53,0.8,1,1,1,1,1,225.55,1,19,1,1,1,1,16,3,3,3,3
4,11,8,54,0.1,1,1,1,1,1,214.53,1,13,3,3,3,3,12,1,3,1,3
4,11,8,55,0.4,3,2,2,2,1,253.61,1,8,1,1,3,3,2,1,1,2,2
4,11,8,56,1.8,1,2,1,1,1,216.3,1,14,1,1,1,1,5,1,3,2,2
4,11,8,57,1.8,1,3,1,1,1,218.67,1,16,1,3,1,3,20,1,1,3,3
4,11,8,58,1.8,2,3,2,2,1,236.88,1,17,3,1,2,2,17,3,3,1,1
4,11,8,59,0.05,1,3,1,1,1,234.62,1,19,3,3,3,3,8,1,1,3,3
4,11,8,60,1.8,1,1,1,1,1,251.51,1,6,1,1,1,1,12,1,3,1,3
4,11,8,61,0.4,2,3,2,2,1,288.06,1,17,3,1,2,2,19,1,1,3,3
4,11,8,62,0.8,2,1,2,2,1,259.41,1,3,1,1,2,2,10,1,3,1,3
4,11,8,63,0.2,1,2,1,1,1,265.69,1,1,1,1,1,1,6,1,1,2,2
4,11,8,64,0.8,2,3,2,2,1,258,1,6,1,1,2,2,4,3,1,1,3
4,11,8,65,0.05,1,3,1,1,1,283.68,1,11,3,1,3,1,4,3,3,1,1
4,11,8,66,0.4,2,2,2,1,0,222.85,1,15,3,1,2,2,11,1,3,2,2
4,11,8,67,0.1,3,1,2,2,1,251.34,1,5,1,3,3,1,1,1,1,1,1
4,11,8,68,0.8,2,3,2,2,1,245.25,1,8,3,3,2,2,12,3,1,1,3
4,11,8,69,1.8,2,3,2,2,1,261.76,1,10,1,1,2,2,14,1,1,3,3
4,11,8,70,0.1,1,3,1,1,1,247.75,1,4,1,1,1,1,6,1,3,3,1
4,11,8,71,0.4,1,3,1,1,1,223.72,1,8,1,3,1,3,15,1,3,3,1
4,11,8,72,0.4,1,2,1,1,1,248.8,1,9,1,3,1,3,11,3,3,2,2
4,11,8,73,0.05,1,3,1,1,1,285.73,1,10,3,1,3,1,16,3,1,1,3
4,11,8,74,0.4,3,3,2,2,1,280.23,1,12,1,3,3,1,1,3,1,1,3
4,11,8,75,0.8,1,1,1,2,0,242.23,1,9,3,1,3,1,7,3,1,3,1
4,11,8,76,0.1,1,2,1,1,1,263.48,1,15,3,3,3,3,3,3,3,2,2
4,11,8,77,1.8,1,1,1,1,1,219.53,1,7,3,3,3,3,11,1,1,1,1
4,11,8,78,0.2,1,3,1,1,1,232.84,1,15,1,3,1,3,11,3,1,1,3
4,11,9,1,0.4,2,1,2,1,0,242.87,1,13,3,3,2,2,19,3,1,3,1
4,11,9,2,0.05,3,2,2,2,1,474.79,0,6,3,3,1,1,11,1,3,2,2
4,11,9,3,0.8,2,3,2,2,1,236,1,6,3,3,2,2,16,3,3,1,1
4,11,9,4,0.8,2,1,2,2,1,229.52,1,3,1,3,2,2,16,1,1,1,1
4,11,9,5,0.1,2,3,2,1,0,249.46,1,13,3,1,2,2,5,3,1,1,3
4,11,9,6,0.05,2,3,2,1,0,261.12,1,17,1,3,2,2,15,1,1,3,3
4,11,9,7,1.8,2,3,2,1,0,228.57,1,12,1,3,2,2,15,1,1,3,3
4,11,9,8,0.8,2,2,2,2,1,243.1,1,1,1,1,2,2,2,3,1,2,2
4,11,9,9,1.8,2,3,2,2,1,264.54,1,8,3,3,2,2,17,3,3,1,1
4,11,9,10,0.2,1,2,1,1,1,255.64,1,16,1,1,1,1,5,1,3,2,2
4,11,9,11,0.4,1,1,1,1,1,289.69,1,14,1,3,1,3,5,1,3,1,3
4,11,9,12,0.2,2,1,2,2,1,281.69,1,3,3,1,2,2,8,1,3,1,3
4,11,9,13,0.2,3,3,2,2,1,273.25,1,9,3,3,1,1,7,3,1,1,3
4,11,9,14,0.2,1,1,1,1,1,228.13,1,11,3,3,3,3,18,1,3,1,3
4,11,9,15,0.2,1,2,1,1,1,211.23,1,4,3,3,3,3,13,1,1,2,2
4,11,9,16,1.8,1,3,NaN,NaN,NaN,NaN,NaN,12,3,1,3,1,13,3,1,1,3
4,11,9,17,0.1,1,1,NaN,NaN,NaN,NaN,NaN,7,1,1,1,1,4,3,3,3,3
4,11,9,18,0.4,1,1,1,1,1,244.95,1,3,3,3,3,3,10,1,1,1,1
4,11,9,19,0.05,2,2,2,2,1,393.96,0,10,1,1,2,2,13,3,3,2,2
4,11,9,20,0.1,3,1,2,2,1,275.12,1,11,1,1,3,3,10,1,1,1,1
4,11,9,21,0.2,1,2,1,1,1,206.69,1,5,1,3,1,3,17,1,1,2,2
4,11,9,22,0.05,2,3,2,1,0,375.07,0,9,3,3,2,2,2,1,1,3,3
4,11,9,23,0.8,1,1,1,1,1,240.19,1,6,1,3,1,3,6,3,3,3,3
4,11,9,24,0.4,1,1,1,1,1,199.44,1,14,1,1,1,1,13,1,3,1,3
4,11,9,25,1.8,1,3,1,1,1,232.32,1,3,3,1,3,1,14,1,3,3,1
4,11,9,26,0.05,1,1,1,1,1,317.19,0,8,3,3,3,3,4,3,1,3,1
4,11,9,27,0.4,3,2,2,2,1,239.62,1,15,1,3,3,1,7,1,1,2,2
4,11,9,28,0.8,1,1,1,1,1,242.98,1,3,3,1,3,1,14,1,3,1,3
4,11,9,29,0.2,1,2,1,1,1,267.17,1,3,3,1,3,1,14,3,3,2,2
4,11,9,30,1.8,1,2,1,1,1,237.51,1,8,1,3,1,3,2,3,1,2,2
4,11,9,31,0.1,2,1,2,2,1,320.98,0,9,3,3,2,2,7,3,1,3,1
4,11,9,32,1.8,1,1,1,1,1,242.98,1,14,3,1,3,1,11,3,3,3,3
4,11,9,33,0.8,1,3,1,1,1,253.08,1,20,1,1,1,1,18,1,3,3,1
4,11,9,34,0.4,3,2,2,2,1,252.58,1,5,1,1,3,3,8,1,1,2,2
4,11,9,35,0.4,1,3,1,1,1,237.03,1,20,3,1,3,1,10,1,1,3,3
4,11,9,36,1.8,1,3,1,1,1,267.21,1,20,1,1,1,1,2,1,3,3,1
4,11,9,37,0.4,1,1,1,1,1,214.61,1,1,1,3,1,3,6,3,1,3,1
4,11,9,38,0.05,1,2,1,1,1,286.86,1,5,3,3,3,3,4,3,1,2,2
4,11,9,39,0.1,2,3,2,1,0,322.73,0,3,1,3,2,2,19,1,3,3,1
4,11,9,40,0.1,2,3,2,2,1,340.53,0,11,1,1,2,2,14,3,3,1,1
4,11,9,41,0.8,2,1,2,2,1,401.58,0,13,1,3,2,2,19,3,1,3,1
4,11,9,42,0.4,2,1,2,2,1,237.98,1,13,1,3,2,2,7,1,3,1,3
4,11,9,43,0.8,1,3,1,1,1,391.4,0,11,1,1,1,1,14,1,3,3,1
4,11,9,44,0.8,1,2,1,1,1,209.74,1,9,3,1,3,1,12,1,3,2,2
4,11,9,45,1.8,3,3,2,2,1,250.78,1,9,3,1,1,3,12,1,3,3,1
4,11,9,46,0.2,3,2,2,2,1,266.93,1,12,3,1,1,3,15,1,3,2,2
4,11,9,47,0.1,1,3,1,1,1,236.3,1,6,3,3,3,3,6,3,1,1,3
4,11,9,48,0.05,1,3,1,1,1,268.37,1,12,3,1,3,1,2,3,3,1,1
4,11,9,49,0.8,1,3,1,1,1,253.78,1,8,1,3,1,3,17,3,3,1,1
4,11,9,50,1.8,3,2,2,2,1,62.334,2,18,1,3,3,1,5,3,3,2,2
4,11,9,51,0.2,1,3,1,1,1,280.13,1,8,3,3,3,3,11,1,1,3,3
4,11,9,52,0.4,1,2,1,1,1,208.05,1,18,3,1,3,1,17,1,3,2,2
4,11,9,53,1.8,3,2,2,2,1,203.72,1,7,3,1,1,3,6,3,3,2,2
4,11,9,54,0.2,2,2,2,2,1,227.66,1,8,1,1,2,2,13,1,3,2,2
4,11,9,55,0.2,1,1,1,1,1,254.84,1,10,1,1,1,1,4,1,1,1,1
4,11,9,56,0.05,1,3,1,1,1,295.77,1,11,1,3,1,3,15,1,3,3,1
4,11,9,57,0.4,2,2,2,2,1,266.25,1,17,3,1,2,2,15,1,3,2,2
4,11,9,58,1.8,1,3,1,1,1,242.59,1,10,1,3,1,3,7,3,1,1,3
4,11,9,59,0.8,3,1,2,2,1,300.39,0,18,1,1,3,3,5,1,1,1,1
4,11,9,60,0.2,3,2,2,2,1,235.47,1,5,3,1,1,3,10,3,3,2,2
4,11,9,61,0.2,1,1,1,1,1,201.68,1,9,3,1,3,1,11,1,3,1,3
4,11,9,62,1.8,2,2,2,2,1,271.35,1,11,3,1,2,2,3,1,1,2,2
4,11,9,63,0.05,2,3,2,1,0,305.5,0,5,3,1,2,2,10,3,1,1,3
4,11,9,64,0.1,1,2,1,1,1,260.38,1,15,3,1,3,1,16,3,3,2,2
4,11,9,65,0.8,3,2,2,2,1,229.31,1,9,1,1,3,3,15,3,1,2,2
4,11,9,66,0.1,3,2,2,2,1,347.46,0,9,3,1,1,3,16,1,3,2,2
4,11,9,67,0.1,1,1,1,1,1,230.11,1,12,3,3,3,3,19,3,3,3,3
4,11,9,68,0.1,1,1,1,1,1,244.92,1,17,1,1,1,1,4,1,3,1,3
4,11,9,69,0.05,3,1,2,1,0,248.18,1,13,3,1,1,3,5,1,1,1,1
4,11,9,70,0.05,3,3,2,2,1,323.57,0,16,3,3,1,1,1,1,1,3,3
4,11,9,71,0.8,3,1,2,2,1,257.97,1,3,3,1,1,3,19,3,3,3,3
4,11,9,72,1.8,3,2,2,2,1,231.06,1,10,1,1,3,3,13,3,1,2,2
4,11,9,73,0.4,1,3,1,1,1,201.03,1,9,3,3,3,3,9,3,3,1,1
4,11,9,74,0.05,3,3,2,2,1,350.15,0,8,1,3,3,1,9,1,3,3,1
4,11,9,75,0.4,2,3,2,2,1,239.37,1,11,3,1,2,2,1,1,3,3,1
4,11,9,76,0.1,1,2,1,1,1,238.56,1,18,1,3,1,3,7,1,3,2,2
4,11,9,77,0.05,1,1,1,1,1,246.01,1,17,3,1,3,1,16,3,1,3,1
4,11,9,78,0.1,3,3,2,2,1,275.21,1,7,1,3,3,1,7,1,3,3,1
4,11,10,1,0.1,2,3,2,1,0,288,1,4,3,1,2,2,13,1,3,3,1
4,11,10,2,0.1,1,3,1,1,1,247.13,1,8,1,1,1,1,14,3,1,1,3
4,11,10,3,0.8,3,2,2,2,1,228.31,1,7,1,1,3,3,1,3,3,2,2
4,11,10,4,0.05,1,1,1,1,1,257.59,1,10,1,1,1,1,5,3,1,3,1
4,11,10,5,0.1,1,1,1,1,1,269.08,1,2,1,3,1,3,19,3,3,3,3
4,11,10,6,0.2,2,1,2,2,1,285.96,1,7,3,1,2,2,19,1,3,1,3
4,11,10,7,0.2,1,1,1,1,1,213.56,1,16,3,1,3,1,12,3,1,3,1
4,11,10,8,0.05,1,2,1,1,1,281.09,1,13,1,1,1,1,5,3,1,2,2
4,11,10,9,0.4,2,3,2,2,1,254.67,1,12,1,3,2,2,2,3,3,1,1
4,11,10,10,0.8,1,2,1,2,0,242.12,1,11,1,3,1,3,9,3,1,2,2
4,11,10,11,0.05,3,2,2,2,1,414.67,0,11,3,1,1,3,18,3,3,2,2
4,11,10,12,0.1,3,3,2,2,1,320.2,0,14,3,1,1,3,19,1,3,3,1
4,11,10,13,0.4,3,2,2,2,1,269.21,1,10,1,3,3,1,3,3,1,2,2
4,11,10,14,0.8,2,3,2,2,1,248.61,1,10,3,3,2,2,13,3,1,1,3
4,11,10,15,0.8,3,1,2,2,1,235.02,1,6,3,1,1,3,1,1,3,1,3
4,11,10,16,0.2,1,1,1,1,1,230.29,1,2,3,3,3,3,6,1,1,1,1
4,11,10,17,0.4,1,2,1,1,1,210.58,1,2,1,1,1,1,14,3,3,2,2
4,11,10,18,0.8,1,1,1,1,1,198.06,1,1,3,1,3,1,6,1,3,1,3
4,11,10,19,0.4,3,2,2,2,1,257.16,1,18,1,3,3,1,11,1,3,2,2
4,11,10,20,0.2,1,2,1,1,1,223.83,1,20,1,3,1,3,4,3,3,2,2
4,11,10,21,1.8,1,2,1,1,1,211.95,1,18,1,1,1,1,9,3,3,2,2
4,11,10,22,1.8,2,2,2,1,0,217.01,1,12,1,1,2,2,10,3,1,2,2
4,11,10,23,0.4,1,1,1,1,1,205.29,1,7,3,3,3,3,5,3,3,3,3
4,11,10,24,1.8,1,2,1,1,1,198.44,1,13,3,3,3,3,14,1,3,2,2
4,11,10,25,0.2,2,1,2,2,1,287.51,1,4,3,3,2,2,18,1,3,1,3
4,11,10,26,0.4,1,3,1,1,1,88.072,2,11,3,1,3,1,1,1,3,3,1
4,11,10,27,0.1,1,2,1,1,1,260.33,1,12,1,3,1,3,19,1,3,2,2
4,11,10,28,0.8,2,2,2,1,0,232.27,1,10,3,1,2,2,13,1,3,2,2
4,11,10,29,0.4,1,2,1,1,1,263.29,1,18,1,1,1,1,7,1,3,2,2
4,11,10,30,0.4,1,1,1,1,1,215.01,1,13,1,3,1,3,5,3,3,3,3
4,11,10,31,0.2,1,3,1,1,1,244.12,1,15,3,1,3,1,1,3,1,1,3
4,11,10,32,0.8,1,1,1,1,1,241.79,1,20,1,1,1,1,6,1,3,1,3
4,11,10,33,0.05,2,3,2,1,0,365.13,0,9,1,1,2,2,15,3,1,1,3
4,11,10,34,0.2,2,1,2,2,1,288.28,1,10,1,3,2,2,5,3,1,3,1
4,11,10,35,1.8,1,3,1,1,1,220.28,1,8,1,3,1,3,9,3,3,1,1
4,11,10,36,1.8,1,3,1,2,0,238.41,1,16,1,1,1,1,1,3,3,1,1
4,11,10,37,0.05,3,3,NaN,NaN,NaN,NaN,NaN,13,3,1,1,3,14,3,3,1,1
4,11,10,38,0.8,1,3,1,1,1,245.19,1,13,1,3,1,3,17,3,3,1,1
4,11,10,39,0.2,2,1,2,2,1,252.44,1,10,1,3,2,2,10,1,1,1,1
4,11,10,40,0.05,1,1,1,1,1,220.77,1,11,3,3,3,3,2,3,3,3,3
4,11,10,41,0.1,1,3,1,1,1,273.6,1,15,1,1,1,1,4,1,1,3,3
4,11,10,42,0.8,1,1,1,1,1,218.64,1,7,3,3,3,3,7,3,3,3,3
4,11,10,43,1.8,2,2,2,2,1,224.61,1,1,1,1,2,2,5,3,1,2,2
4,11,10,44,0.2,2,1,2,2,1,273.57,1,1,3,3,2,2,20,3,3,3,3
4,11,10,45,0.1,3,1,2,2,1,297.51,1,6,1,1,3,3,14,3,1,3,1
4,11,10,46,0.1,2,1,2,1,0,262.54,1,13,3,1,2,2,10,1,3,1,3
4,11,10,47,0.05,1,1,1,1,1,321.85,0,1,1,1,1,1,20,1,3,1,3
4,11,10,48,0.4,1,3,1,2,0,288.35,1,19,3,1,3,1,3,1,1,3,3
4,11,10,49,0.1,1,1,1,2,0,311.48,0,11,1,1,1,1,2,3,1,3,1
4,11,10,50,0.8,1,3,1,1,1,250.81,1,10,3,1,3,1,14,3,3,1,1
4,11,10,51,0.2,2,3,2,1,0,223.06,1,12,1,1,2,2,17,3,3,1,1
4,11,10,52,0.05,1,2,1,1,1,253.31,1,2,3,3,3,3,1,1,3,2,2
4,11,10,53,0.2,3,3,2,2,1,275.45,1,9,1,1,3,3,6,1,1,3,3
4,11,10,54,1.8,1,1,1,1,1,290.39,1,15,1,1,1,1,13,1,1,1,1
4,11,10,55,1.8,1,2,1,1,1,215.75,1,1,1,3,1,3,13,3,1,2,2
4,11,10,56,0.05,1,2,1,1,1,285.94,1,20,1,3,1,3,16,1,1,2,2
4,11,10,57,1.8,2,1,2,1,0,235.72,1,5,3,1,2,2,16,1,1,1,1
4,11,10,58,0.05,1,1,1,1,1,305.88,0,8,1,1,1,1,6,3,1,3,1
4,11,10,59,0.4,3,1,2,2,1,262.66,1,20,1,1,3,3,11,1,1,1,1
4,11,10,60,0.1,1,1,1,1,1,240.76,1,12,3,3,3,3,8,1,1,1,1
4,11,10,61,1.8,1,1,1,1,1,222.14,1,18,3,1,3,1,16,3,1,3,1
4,11,10,62,0.8,1,1,1,1,1,277.72,1,14,1,1,1,1,16,3,1,3,1
4,11,10,63,1.8,2,2,2,2,1,249.68,1,4,1,1,2,2,13,1,1,2,2
4,11,10,64,1.8,1,2,1,1,1,246.56,1,17,3,1,3,1,4,1,3,2,2
4,11,10,65,0.05,1,3,1,1,1,319.99,0,18,3,1,3,1,19,3,3,1,1
4,11,10,66,0.05,2,3,2,1,0,315.04,0,5,3,3,2,2,1,1,3,3,1
4,11,10,67,0.1,1,2,1,1,1,276.71,1,10,3,3,3,3,19,3,3,2,2
4,11,10,68,0.4,2,3,2,2,1,286.08,1,4,1,1,2,2,11,3,3,1,1
4,11,10,69,0.4,1,2,1,1,1,226.24,1,7,3,1,3,1,8,3,1,2,2
4,11,10,70,1.8,2,3,2,2,1,257.13,1,12,3,3,2,2,4,1,1,3,3
4,11,10,71,0.2,2,1,2,1,0,235.84,1,4,3,1,2,2,16,3,3,3,3
4,11,10,72,0.1,1,1,1,1,1,267.92,1,1,1,3,1,3,9,3,1,3,1
4,11,10,73,0.8,3,1,2,2,1,257.82,1,20,1,3,3,1,2,1,1,1,1
4,11,10,74,0.1,1,3,1,1,1,283.04,1,13,3,1,3,1,11,1,1,3,3
4,11,10,75,0.2,2,2,2,1,0,189.56,1,12,1,1,2,2,9,1,3,2,2
4,11,10,76,0.05,3,1,2,1,0,289.85,1,15,3,3,1,1,9,3,1,3,1
4,11,10,77,0.8,3,3,2,2,1,251.02,1,1,1,1,3,3,10,3,1,1,3
4,11,10,78,0.4,3,2,2,2,1,218.17,1,6,3,3,1,1,20,1,1,2,2
