4,10,1,1,0.1,1,1,1,1,1,225.62,1,3,1,3,1,3,3,1,3,1,3
4,10,1,2,0.4,2,3,2,2,1,217.63,1,8,3,1,2,2,4,3,3,1,1
4,10,1,3,0.1,2,2,2,1,0,231.8,1,6,3,1,2,2,20,3,1,2,2
4,10,1,4,0.8,3,2,2,2,1,208.87,1,7,1,1,3,3,17,3,1,2,2
4,10,1,5,0.05,2,2,2,1,0,224.45,1,13,3,1,2,2,15,3,1,2,2
4,10,1,6,0.4,1,2,1,1,1,239.39,1,15,3,3,3,3,8,3,3,2,2
4,10,1,7,1.8,1,1,NaN,NaN,NaN,NaN,NaN,7,3,3,3,3,9,1,3,1,3
4,10,1,8,0.05,2,1,2,1,0,261.14,1,5,1,1,2,2,19,3,1,3,1
4,10,1,9,0.8,1,3,1,1,1,230.89,1,11,1,1,1,1,1,1,3,3,1
4,10,1,10,0.2,1,1,1,1,1,187.55,1,2,3,3,3,3,7,1,1,1,1
4,10,1,11,0.2,1,1,1,1,1,244.62,1,2,3,3,3,3,15,3,1,3,1
4,10,1,12,0.8,1,1,1,1,1,231.2,1,17,3,3,3,3,19,3,3,3,3
4,10,1,13,0.1,2,1,2,2,1,278.63,1,14,3,3,2,2,5,3,1,3,1
4,10,1,14,0.2,1,3,1,2,0,264.04,1,5,3,1,3,1,3,3,1,1,3
4,10,1,15,0.1,2,3,2,1,0,229.14,1,18,3,1,2,2,15,1,3,3,1
4,10,1,16,1.8,2,1,2,2,1,232.44,1,18,3,1,2,2,8,3,3,3,3
4,10,1,17,0.8,2,1,2,2,1,234.33,1,7,1,3,2,2,18,3,1,3,1
4,10,1,18,0.2,2,3,2,2,1,270.98,1,6,3,3,2,2,5,3,1,1,3
4,10,1,19,0.8,3,2,2,2,1,246.37,1,2,3,1,1,3,4,3,1,2,2
4,10,1,20,0.1,1,1,1,2,0,239.88,1,2,1,1,1,1,9,3,1,3,1
4,10,1,21,0.8,3,2,2,2,1,232.74,1,11,3,3,1,1,1,1,1,2,2
4,10,1,22,1.8,2,3,2,2,1,259,1,6,1,1,2,2,5,1,3,3,1
4,10,1,23,0.8,1,1,1,1,1,226.08,1,3,3,3,3,3,16,3,3,3,3
4,10,1,24,1.8,1,1,1,1,1,241.14,1,2,1,3,1,3,13,3,1,3,1
4,10,1,25,0.4,3,3,2,2,1,425.96,0,15,3,3,1,1,15,1,3,3,1
4,10,1,26,0.8,1,2,1,1,1,217.65,1,9,3,1,3,1,14,3,1,2,2
4,10,1,27,0.8,1,3,1,1,1,242.68,1,2,3,1,3,1,10,1,3,3,1
4,10,1,28,0.8,1,1,1,1,1,236.23,1,10,3,3,3,3,15,3,1,3,1
4,10,1,29,0.05,1,2,1,1,1,284.37,1,9,3,1,3,1,18,1,3,2,2
4,10,1,30,0.4,3,3,2,2,1,229.03,1,14,3,3,1,1,2,3,3,1,1
4,10,1,31,1.8,1,1,1,1,1,218.26,1,9,1,1,1,1,15,3,3,3,3
4,10,1,32,0.2,1,2,1,1,1,213.35,1,19,1,1,1,1,14,1,1,2,2
4,10,1,33,0.2,1,2,1,1,1,253.44,1,1,1,3,1,3,2,1,3,2,2
4,10,1,34,0.2,1,3,1,1,1,219.89,1,18,3,3,3,3,2,1,1,3,3
4,10,1,35,1.8,3,2,2,2,1,220.41,1,6,3,3,1,1,5,1,3,2,2
4,10,1,36,0.8,2,3,2,2,1,248.09,1,11,1,1,2,2,10,3,3,1,1
4,10,1,37,0.4,1,1,1,1,1,261.59,1,3,1,3,1,3,6,1,3,1,3
4,10,1,38,1.8,3,1,2,2,1,264.22,1,14,1,3,3,1,16,1,3,1,3
4,10,1,39,0.05,1,3,1,1,1,225.67,1,4,1,3,1,3,16,3,1,1,3
4,10,1,40,0.05,2,3,2,1,0,267.99,1,8,1,3,2,2,8,3,3,1,1
4,10,1,41,1.8,1,2,1,1,1,231.26,1,8,1,1,1,1,14,3,3,2,2
4,10,1,42,0.1,2,3,2,2,1,255.43,1,9,1,3,2,2,14,1,1,3,3
4,10,1,43,0.05,3,2,2,1,0,263.65,1,12,1,1,3,3,20,1,1,2,2
4,10,1,44,0.05,1,2,1,1,1,271.93,1,11,3,3,3,3,6,1,3,2,2
4,10,1,45,1.8,2,2,2,1,0,259.79,1,18,1,1,2,2,4,1,3,2,2
4,10,1,46,0.8,1,1,1,1,1,240.95,1,14,3,3,3,3,20,1,1,1,1
4,10,1,47,0.1,1,2,1,2,0,295.64,1,12,1,3,1,3,1,3,1,2,2
4,10,1,48,0.1,1,2,1,1,1,228.93,1,5,3,3,3,3,15,1,1,2,2
4,10,1,49,0.1,1,3,1,1,1,244.09,1,20,1,1,1,1,17,1,3,3,1
4,10,1,50,0.4,2,1,2,2,1,273.27,1,3,1,1,2,2,3,1,1,1,1
4,10,1,51,0.4,1,2,1,2,0,282.8,1,15,1,3,1,3,9,3,3,2,2
4,10,1,52,1.8,1,1,1,1,1,254.9,1,13,3,1,3,1,18,3,1,3,1
4,10,1,53,0.4,1,2,1,1,1,230.27,1,10,3,1,3,1,8,1,3,2,2
4,10,1,54,0.4,2,2,2,2,1,256.46,1,2,1,3,2,2,1,3,1,2,2
4,10,1,55,0.8,2,3,2,2,1,231.25,1,13,3,3,2,2,8,1,1,3,3
4,10,1,56,0.1,2,3,2,2,1,321.76,0,20,1,3,2,2,1,1,1,3,3
4,10,1,57,0.2,2,1,2,1,0,261.41,1,15,3,3,2,2,5,3,1,3,1
4,10,1,58,0.2,1,1,1,1,1,255.01,1,20,3,1,3,1,16,1,1,1,1
4,10,1,59,0.05,1,2,1,1,1,351.45,0,18,1,1,1,1,7,1,1,2,2
4,10,1,60,0.2,3,1,2,2,1,243.52,1,8,3,3,1,1,6,3,3,3,3
4,10,1,61,0.1,2,2,2,1,0,315.57,0,18,1,3,2,2,9,1,1,2,2
4,10,1,62,0.4,1,1,1,1,1,241.35,1,14,1,3,1,3,5,1,3,1,3
4,10,1,63,1.8,1,1,1,1,1,274.64,1,20,1,3,1,3,6,1,3,1,3
4,10,1,64,0.1,2,1,2,2,1,202.42,1,16,3,1,2,2,8,1,1,1,1
4,10,1,65,0.05,1,2,1,1,1,266.45,1,20,3,3,3,3,6,1,1,2,2
4,10,1,66,0.2,2,2,2,2,1,306.79,0,2,1,3,2,2,16,3,1,2,2
4,10,1,67,0.05,3,3,2,2,1,237.12,1,13,3,1,1,3,1,3,1,1,3
4,10,1,68,1.8,3,2,2,2,1,225.16,1,16,3,3,1,1,15,1,3,2,2
4,10,1,69,0.1,2,1,2,1,0,278.35,1,1,3,3,2,2,15,1,1,1,1
4,10,1,70,1.8,3,2,2,2,1,245.94,1,19,3,1,1,3,1,1,1,2,2
4,10,1,71,0.05,2,1,2,1,0,297.15,1,15,3,1,2,2,11,3,1,3,1
4,10,1,72,0.2,3,3,2,2,1,273.65,1,20,3,3,1,1,19,1,1,3,3
4,10,1,73,0.4,1,3,1,1,1,285.48,1,14,3,3,3,3,18,3,3,1,1
4,10,1,74,0.05,1,3,1,1,1,236.97,1,12,1,1,1,1,13,1,3,3,1
4,10,1,75,0.4,1,2,1,1,1,240.23,1,3,3,1,3,1,12,1,1,2,2
4,10,1,76,0.4,3,3,2,2,1,267.26,1,17,3,3,1,1,20,3,1,1,3
4,10,1,77,0.05,1,2,1,1,1,302.06,0,9,3,3,3,3,13,3,1,2,2
4,10,1,78,0.2,1,3,1,1,1,278.8,1,10,1,1,1,1,20,3,1,1,3
4,10,2,1,1.8,3,1,2,2,1,236.54,1,16,3,3,1,1,13,1,1,1,1
4,10,2,2,0.8,3,1,2,2,1,239.34,1,18,3,1,1,3,3,1,3,1,3
4,10,2,3,0.4,2,2,2,1,0,213.3,1,10,1,1,2,2,15,3,1,2,2
4,10,2,4,1.8,3,2,2,2,1,227.6,1,11,3,3,1,1,19,1,1,2,2
4,10,2,5,1.8,3,1,2,2,1,190.42,1,8,3,3,1,1,11,3,1,3,1
4,10,2,6,0.2,3,2,2,1,0,252.28,1,20,3,1,1,3,20,3,1,2,2
4,10,2,7,0.8,1,2,1,1,1,226.24,1,13,3,1,3,1,4,1,1,2,2
4,10,2,8,0.4,3,3,2,2,1,411.51,0,11,1,1,3,3,8,1,1,3,3
4,10,2,9,0.1,3,1,2,2,1,286.19,1,13,1,1,3,3,7,3,1,3,1
4,10,2,10,0.1,1,3,1,1,1,263.87,1,12,1,1,1,1,15,3,1,1,3
4,10,2,11,0.05,1,2,1,1,1,272.03,1,19,1,3,1,3,1,3,1,2,2
4,10,2,12,0.2,1,3,1,1,1,252.4,1,5,3,3,3,3,18,1,1,3,3
4,10,2,13,0.05,3,1,2,2,1,455.46,0,11,3,1,1,3,15,3,1,3,1
4,10,2,14,0.8,1,1,1,1,1,220.54,1,4,3,1,3,1,11,3,1,3,1
4,10,2,15,0.05,1,2,1,1,1,265.3,1,17,1,1,1,1,6,1,1,2,2
4,10,2,16,0.4,3,2,2,2,1,235.43,1,19,1,3,3,1,16,1,1,2,2
4,10,2,17,0.05,1,3,1,1,1,277.63,1,20,1,3,1,3,4,3,1,1,3
4,10,2,18,0.4,1,3,1,1,1,348.83,0,10,3,3,3,3,18,3,3,1,1
4,10,2,19,0.05,1,2,1,1,1,289.3,1,2,3,1,3,1,20,1,3,2,2
4,10,2,20,0.4,1,1,1,2,0,244.03,1,6,3,3,3,3,13,3,3,3,3
4,10,2,21,1.8,3,1,2,2,1,230.12,1,18,3,1,1,3,10,1,3,1,3
4,10,2,22,0.2,2,3,2,1,0,254.54,1,4,1,3,2,2,6,3,3,1,1
4,10,2,23,0.05,1,1,1,1,1,262.02,1,4,1,1,1,1,20,3,3,3,3
4,10,2,24,0.4,2,2,2,1,0,298.96,1,4,1,1,2,2,3,1,1,2,2
4,10,2,25,0.4,1,3,1,1,1,222.14,1,15,3,3,3,3,8,3,3,1,1
4,10,2,26,0.8,2,2,2,1,0,264.31,1,12,1,3,2,2,11,1,3,2,2
4,10,2,27,0.05,1,1,1,1,1,275.36,1,17,3,1,3,1,20,1,1,1,1
4,10,2,28,0.1,2,3,2,1,0,289.98,1,8,3,1,2,2,3,1,1,3,3
4,10,2,29,0.05,3,3,2,2,1,318.41,0,12,1,3,3,1,18,3,3,1,1
4,10,2,30,0.05,1,1,1,1,1,282.28,1,9,3,3,3,3,19,1,3,1,3
4,10,2,31,0.8,3,1,2,2,1,247.41,1,3,3,1,1,3,1,3,1,3,1
4,10,2,32,0.8,3,3,2,2,1,240.77,1,5,3,3,1,1,9,3,3,1,1
4,10,2,33,1.8,3,2,2,2,1,211.66,1,20,3,1,1,3,20,1,3,2,2
4,10,2,34,0.2,3,1,2,2,1,252.39,1,17,1,1,3,3,5,3,1,3,1
4,10,2,35,0.2,1,1,1,1,1,225.96,1,17,1,3,1,3,7,3,1,3,1
4,10,2,36,0.1,3,1,2,1,0,290.57,1,18,3,1,1,3,10,1,3,1,3
4,10,2,37,0.1,1,2,1,1,1,311.24,0,19,3,3,3,3,3,3,1,2,2
4,10,2,38,0.05,3,3,2,2,1,338.31,0,4,3,3,1,1,15,3,1,1,3
4,10,2,39,0.8,1,2,1,1,1,249.67,1,19,3,1,3,1,17,3,3,2,2
4,10,2,40,1.8,1,2,1,1,1,241.8,1,7,1,3,1,3,10,3,1,2,2
4,10,2,41,1.8,1,3,1,1,1,208.12,1,14,3,3,3,3,14,3,3,1,1
4,10,2,42,0.2,2,1,2,2,1,317.93,0,5,3,3,2,2,8,1,1,1,1
4,10,2,43,0.8,1,1,1,1,1,251.09,1,3,3,3,3,3,7,3,1,3,1
4,10,2,44,0.05,1,2,1,1,1,279.4,1,14,3,1,3,1,12,1,3,2,2
4,10,2,45,0.4,1,1,1,1,1,252.71,1,6,1,3,1,3,7,3,3,3,3
4,10,2,46,1.8,3,1,2,2,1,219.56,1,16,1,3,3,1,18,1,3,1,3
4,10,2,47,0.8,1,3,1,1,1,386.38,0,5,3,1,3,1,20,1,3,3,1
4,10,2,48,0.2,2,2,2,1,0,231.37,1,15,3,3,2,2,3,1,3,2,2
4,10,2,49,0.4,1,3,1,1,1,277.72,1,17,1,3,1,3,13,1,1,3,3
4,10,2,50,0.1,1,2,1,1,1,269.85,1,13,1,3,1,3,3,3,3,2,2
4,10,2,51,0.8,1,2,1,1,1,263.67,1,12,1,1,1,1,3,1,3,2,2
4,10,2,52,0.1,1,3,1,1,1,277.96,1,8,3,1,3,1,12,3,1,1,3
4,10,2,53,0.4,2,3,2,2,1,271.34,1,15,1,3,2,2,4,1,1,3,3
4,10,2,54,0.2,1,1,1,1,1,249.25,1,9,1,1,1,1,14,1,3,1,3
4,10,2,55,0.2,2,3,2,2,1,514.95,0,14,1,1,2,2,4,3,1,1,3
4,10,2,56,0.8,1,1,1,1,1,211.46,1,16,3,3,3,3,3,3,1,3,1
4,10,2,57,0.1,1,2,1,1,1,162.46,1,10,1,3,1,3,4,1,1,2,2
4,10,2,58,0.4,1,3,1,1,1,239.23,1,4,3,3,3,3,2,3,1,1,3
4,10,2,59,0.05,1,2,1,1,1,276.46,1,17,1,1,1,1,5,3,1,2,2
4,10,2,60,0.1,1,1,1,1,1,245.39,1,1,3,3,3,3,4,1,1,1,1
4,10,2,61,0.1,2,1,2,2,1,255.29,1,14,1,3,2,2,16,1,1,1,1
4,10,2,62,0.8,3,3,2,2,1,244.61,1,14,3,3,1,1,9,1,1,3,3
4,10,2,63,0.2,2,1,2,1,0,248.9,1,4,3,3,2,2,15,3,1,3,1
4,10,2,64,0.2,1,1,1,1,1,239.68,1,17,3,3,3,3,14,3,3,3,3
4,10,2,65,0.8,1,3,1,1,1,262.1,1,17,3,1,3,1,5,1,1,3,3
4,10,2,66,1.8,3,1,NaN,NaN,NaN,NaN,NaN,17,1,3,3,1,6,3,1,3,1
4,10,2,67,0.4,1,3,1,1,1,235.18,1,5,3,1,3,1,10,3,1,1,3
4,10,2,68,1.8,2,1,2,2,1,254.87,1,18,3,1,2,2,2,1,3,1,3
4,10,2,69,0.1,3,3,2,2,1,325.66,0,19,1,1,3,3,16,1,3,3,1
4,10,2,70,0.4,2,1,2,2,1,279.9,1,18,1,1,2,2,4,1,1,1,1
4,10,2,71,1.8,2,2,2,2,1,238.71,1,8,1,3,2,2,15,1,3,2,2
4,10,2,72,1.8,2,3,2,2,1,236.95,1,3,1,3,2,2,2,1,3,3,1
4,10,2,73,0.05,3,1,2,2,1,503.76,0,7,3,1,1,3,3,3,1,3,1
4,10,2,74,0.1,2,2,2,1,0,244.17,1,14,1,1,2,2,13,1,3,2,2
4,10,2,75,1.8,2,1,2,2,1,239.94,1,19,1,3,2,2,18,3,3,3,3
4,10,2,76,0.2,3,1,2,2,1,240.59,1,13,1,3,3,1,12,1,3,1,3
4,10,2,77,0.1,1,2,1,1,1,256.63,1,20,3,3,3,3,3,3,3,2,2
4,10,2,78,0.2,2,1,2,1,0,251.77,1,7,3,3,2,2,9,1,1,1,1
4,10,3,1,0.05,1,2,1,1,1,268.24,1,7,1,3,1,3,4,1,3,2,2
4,10,3,2,0.8,2,3,2,2,1,261.68,1,14,3,3,2,2,10,1,3,3,1
4,10,3,3,0.4,2,3,2,2,1,231.31,1,16,1,1,2,2,13,1,3,3,1
4,10,3,4,1.8,1,1,1,1,1,209.05,1,20,1,3,1,3,16,1,3,1,3
4,10,3,5,0.2,1,1,1,1,1,234.35,1,18,3,3,3,3,15,1,3,1,3
4,10,3,6,0.05,1,3,1,1,1,284.77,1,3,3,1,3,1,14,3,3,1,1
4,10,3,7,0.2,1,1,1,1,1,216.06,1,11,3,1,3,1,14,1,3,1,3
4,10,3,8,0.8,3,2,2,2,1,265.28,1,19,1,1,3,3,6,1,3,2,2
4,10,3,9,0.4,3,1,2,2,1,269.39,1,11,3,3,1,1,13,1,3,1,3
4,10,3,10,0.2,1,3,1,1,1,198.09,1,7,1,1,1,1,2,1,3,3,1
4,10,3,11,0.05,1,1,1,1,1,300.2,0,8,3,1,3,1,19,1,3,1,3
4,10,3,12,1.8,2,3,2,2,1,329.37,0,14,1,1,2,2,2,3,1,1,3
4,10,3,13,0.1,3,3,2,2,1,282.72,1,7,1,1,3,3,12,1,3,3,1
4,10,3,14,0.4,2,3,2,1,0,242.69,1,20,3,1,2,2,2,1,3,3,1
4,10,3,15,1.8,2,3,2,2,1,237.87,1,19,1,3,2,2,12,1,1,3,3
4,10,3,16,0.1,2,3,2,1,0,307.8,0,17,1,1,2,2,12,1,3,3,1
4,10,3,17,0.2,1,3,1,1,1,228.77,1,16,1,1,1,1,15,1,3,3,1
4,10,3,18,0.05,3,3,2,1,0,255.66,1,12,3,3,1,1,15,3,3,1,1
4,10,3,19,1.8,1,3,1,1,1,206.69,1,7,1,1,1,1,14,1,1,3,3
4,10,3,20,0.1,3,2,2,2,1,291.21,1,18,3,1,1,3,2,3,3,2,2
4,10,3,21,0.2,3,2,2,2,1,269.48,1,18,3,1,1,3,12,1,1,2,2
4,10,3,22,0.4,1,3,1,1,1,214.02,1,12,1,1,1,1,15,1,1,3,3
4,10,3,23,0.1,2,3,2,2,1,275.57,1,6,1,3,2,2,15,3,1,1,3
4,10,3,24,1.8,2,3,2,2,1,244.16,1,18,1,3,2,2,2,3,1,1,3
4,10,3,25,1.8,3,3,2,2,1,229.32,1,16,3,1,1,3,18,3,3,1,1
4,10,3,26,0.05,1,3,1,1,1,261.78,1,18,3,1,3,1,12,1,1,3,3
4,10,3,27,0.4,2,1,2,1,0,262.84,1,12,1,3,2,2,15,3,3,3,3
4,10,3,28,0.1,3,3,2,2,1,251.16,1,16,3,3,1,1,9,3,3,1,1
4,10,3,29,0.4,3,2,2,2,1,251.71,1,18,3,1,1,3,4,3,1,2,2
4,10,3,30,0.8,1,1,1,1,1,253.05,1,14,3,3,3,3,8,3,1,3,1
4,10,3,31,0.8,2,3,2,2,1,249.55,1,17,3,3,2,2,18,3,1,1,3
4,10,3,32,0.05,1,1,1,1,1,311.44,0,16,1,1,1,1,13,1,3,1,3
4,10,3,33,0.8,1,2,1,1,1,227.73,1,15,3,1,3,1,14,1,3,2,2
4,10,3,34,0.1,3,3,2,2,1,321.24,0,2,1,3,3,1,12,1,3,3,1
4,10,3,35,0.8,1,2,1,1,1,250.34,1,20,3,1,3,1,17,3,3,2,2
4,10,3,36,0.8,1,1,1,1,1,239.6,1,19,3,1,3,1,13,3,1,3,1
4,10,3,37,0.2,1,2,1,1,1,276.85,1,10,1,3,1,3,18,1,3,2,2
4,10,3,38,0.8,1,1,1,1,1,287.23,1,13,1,3,1,3,4,1,3,1,3
4,10,3,39,1.8,1,2,1,1,1,264.08,1,19,3,1,3,1,6,1,1,2,2
4,10,3,40,0.05,1,1,1,1,1,306.99,0,15,1,1,1,1,11,1,1,1,1
4,10,3,41,0.4,1,1,1,2,0,256.9,1,17,1,1,1,1,14,3,1,3,1
4,10,3,42,0.4,3,3,2,2,1,254.04,1,2,1,1,3,3,20,1,3,3,1
4,10,3,43,0.2,1,1,1,1,1,230.41,1,10,3,1,3,1,2,1,3,1,3
4,10,3,44,0.1,1,1,1,1,1,197.72,1,1,3,3,3,3,3,1,1,1,1
4,10,3,45,0.1,2,1,2,1,0,345.15,0,9,1,1,2,2,6,3,3,3,3
4,10,3,46,0.8,1,1,1,1,1,240.13,1,9,3,1,3,1,14,1,1,1,1
4,10,3,47,1.8,2,2,2,1,0,207.71,1,17,3,3,2,2,7,3,3,2,2
4,10,3,48,0.1,3,2,2,1,0,228.5,1,3,3,1,1,3,20,3,3,2,2
4,10,3,49,0.1,3,1,2,1,0,264.51,1,12,3,3,1,1,4,3,1,3,1
4,10,3,50,0.4,2,2,2,2,1,231.29,1,9,3,3,2,2,7,3,3,2,2
4,10,3,51,0.05,1,3,1,1,1,284.95,1,11,3,1,3,1,11,1,3,3,1
4,10,3,52,1.8,1,2,1,1,1,259.57,1,8,1,3,1,3,8,3,1,2,2
4,10,3,53,0.8,1,2,1,1,1,248.1,1,13,1,1,1,1,3,3,1,2,2
4,10,3,54,1.8,3,2,2,2,1,240.37,1,18,3,3,1,1,16,1,1,2,2
4,10,3,55,0.05,1,2,1,1,1,297.28,1,19,3,1,3,1,17,3,1,2,2
4,10,3,56,0.4,2,1,2,1,0,305.1,0,14,1,1,2,2,14,3,1,3,1
4,10,3,57,0.05,2,3,2,1,0,292.02,1,19,1,3,2,2,20,3,1,1,3
4,10,3,58,0.05,1,1,1,1,1,247.14,1,20,3,3,3,3,10,3,3,3,3
4,10,3,59,0.4,3,2,2,2,1,224.8,1,19,1,1,3,3,16,3,3,2,2
4,10,3,60,0.05,3,1,2,2,1,276.57,1,14,1,1,3,3,19,1,1,1,1
4,10,3,61,1.8,1,3,1,1,1,203.24,1,18,3,3,3,3,20,1,1,3,3
4,10,3,62,0.05,3,1,2,2,1,312.63,0,16,1,3,3,1,3,3,1,3,1
4,10,3,63,0.8,2,2,2,2,1,221.45,1,18,1,1,2,2,1,1,3,2,2
4,10,3,64,0.4,1,1,1,1,1,242.54,1,20,1,3,1,3,18,1,3,1,3
4,10,3,65,1.8,2,1,2,1,0,219.69,1,8,1,3,2,2,17,3,3,3,3
4,10,3,66,0.2,1,3,1,1,1,212.8,1,13,3,1,3,1,2,1,3,3,1
4,10,3,67,0.1,1,1,1,1,1,311.19,0,19,3,1,3,1,5,3,1,3,1
4,10,3,68,0.4,1,1,1,1,1,289.63,1,2,1,1,1,1,9,3,1,3,1
4,10,3,69,1.8,1,2,1,1,1,260.01,1,17,1,3,1,3,10,1,1,2,2
4,10,3,70,0.1,1,3,1,1,1,340.47,0,3,3,1,3,1,14,3,1,1,3
4,10,3,71,0.2,3,1,2,2,1,300.66,0,8,3,1,1,3,4,1,1,1,1
4,10,3,72,0.2,2,3,2,1,0,278.63,1,4,3,3,2,2,18,1,3,3,1
4,10,3,73,0.2,1,1,1,1,1,246.58,1,19,3,1,3,1,12,1,1,1,1
4,10,3,74,0.1,1,3,1,1,1,236.86,1,5,3,3,3,3,4,1,3,3,1
4,10,3,75,0.2,3,3,2,2,1,290.62,1,3,1,3,3,1,10,3,1,1,3
4,10,3,76,0.8,1,3,1,1,1,260.45,1,16,1,3,1,3,4,1,3,3,1
4,10,3,77,0.8,1,3,1,1,1,232.74,1,15,1,3,1,3,19,3,3,1,1
4,10,3,78,0.2,2,2,2,1,0,280.83,1,12,3,3,2,2,16,3,1,2,2
4,10,4,1,0.05,2,1,2,1,0,222.79,1,5,3,3,2,2,20,3,1,3,1
4,10,4,2,0.4,1,1,1,1,1,228.64,1,9,3,1,3,1,17,1,3,1,3
4,10,4,3,0.8,1,3,1,1,1,233.86,1,12,1,1,1,1,13,1,3,3,1
4,10,4,4,1.8,2,2,2,1,0,249.1,1,3,3,1,2,2,13,1,1,2,2
4,10,4,5,0.4,2,2,2,2,1,254.66,1,15,1,1,2,2,9,1,3,2,2
4,10,4,6,1.8,2,2,2,2,1,280.84,1,9,3,3,2,2,18,3,3,2,2
4,10,4,7,1.8,1,3,1,1,1,255.63,1,18,3,3,3,3,3,1,1,3,3
4,10,4,8,0.4,1,1,1,1,1,229.73,1,16,1,3,1,3,14,1,1,1,1
4,10,4,9,0.2,3,1,2,2,1,264.97,1,6,3,1,1,3,19,1,1,1,1
4,10,4,10,0.1,1,2,1,1,1,251.72,1,2,3,3,3,3,20,1,3,2,2
4,10,4,11,1.8,3,3,2,2,1,432.2,0,18,1,1,3,3,11,1,1,3,3
4,10,4,12,0.8,1,3,1,1,1,267.63,1,17,1,1,1,1,2,1,3,3,1
4,10,4,13,0.05,1,1,1,1,1,292.69,1,9,1,1,1,1,12,3,3,3,3
4,10,4,14,0.2,1,3,1,1,1,191.08,1,17,1,3,1,3,10,1,1,3,3
4,10,4,15,0.4,1,3,1,1,1,240.8,1,7,1,1,1,1,1,3,1,1,3
4,10,4,16,0.1,1,3,1,1,1,282.76,1,13,3,3,3,3,3,1,3,3,1
4,10,4,17,0.8,2,2,2,2,1,256.81,1,10,1,1,2,2,14,3,1,2,2
4,10,4,18,0.1,2,3,2,2,1,352.8,0,19,1,1,2,2,3,3,3,1,1
4,10,4,19,1.8,2,1,2,2,1,247.83,1,11,1,1,2,2,1,1,1,1,1
4,10,4,20,1.8,3,2,2,2,1,267.57,1,2,3,3,1,1,7,1,3,2,2
4,10,4,21,0.8,1,1,1,1,1,209.7,1,11,1,3,1,3,2,3,3,3,3
4,10,4,22,1.8,3,1,2,2,1,269.35,1,7,1,3,3,1,8,3,1,3,1
4,10,4,23,0.05,1,3,1,1,1,272.21,1,15,3,3,3,3,2,3,1,1,3
4,10,4,24,0.4,1,2,1,1,1,264.99,1,8,3,1,3,1,19,1,3,2,2
4,10,4,25,0.8,2,2,2,2,1,291.75,1,18,3,3,2,2,17,3,1,2,2
4,10,4,26,0.05,3,2,2,2,1,437.63,0,14,3,3,1,1,3,1,3,2,2
4,10,4,27,0.1,3,2,2,2,1,299.64,1,20,1,1,3,3,9,1,3,2,2
4,10,4,28,1.8,1,1,1,1,1,263.53,1,9,1,1,1,1,8,3,1,3,1
4,10,4,29,0.05,3,3,2,2,1,394.58,0,15,1,3,3,1,6,3,1,1,3
4,10,4,30,0.05,1,3,1,1,1,321.83,0,3,1,3,1,3,2,3,1,1,3
4,10,4,31,0.4,2,1,2,1,0,243.7,1,3,3,1,2,2,8,1,1,1,1
4,10,4,32,0.2,1,1,1,1,1,252.69,1,17,3,1,3,1,1,1,1,1,1
4,10,4,33,0.1,1,1,1,1,1,253.18,1,2,3,1,3,1,9,3,1,3,1
4,10,4,34,0.1,1,3,1,1,1,272.98,1,5,3,1,3,1,4,1,3,3,1
4,10,4,35,0.05,3,3,2,2,1,358.07,0,19,1,1,3,3,13,3,3,1,1
4,10,4,36,1.8,1,1,1,1,1,249.55,1,3,1,3,1,3,7,3,3,3,3
4,10,4,37,0.8,3,2,2,2,1,520.23,0,1,1,1,3,3,17,3,1,2,2
4,10,4,38,0.8,1,2,1,1,1,244.29,1,16,3,1,3,1,13,1,1,2,2
4,10,4,39,0.4,3,1,2,2,1,387.61,0,14,3,3,1,1,4,1,1,1,1
4,10,4,40,0.8,1,2,1,1,1,253.15,1,15,3,3,3,3,19,1,3,2,2
4,10,4,41,0.05,3,3,2,2,1,421.42,0,6,1,1,3,3,1,3,3,1,1
4,10,4,42,0.1,1,3,1,1,1,219.63,1,10,1,1,1,1,12,3,1,1,3
4,10,4,43,1.8,1,3,1,1,1,257.18,1,7,1,1,1,1,18,3,3,1,1
4,10,4,44,0.4,1,2,1,1,1,242.86,1,14,1,1,1,1,8,3,1,2,2
4,10,4,45,0.05,1,1,1,1,1,322.79,0,12,3,1,3,1,1,1,1,1,1
4,10,4,46,0.2,3,1,2,2,1,268.23,1,10,3,3,1,1,18,3,1,3,1
4,10,4,47,1.8,1,2,1,1,1,236.54,1,4,3,3,3,3,2,1,1,2,2
4,10,4,48,0.1,1,2,1,1,1,227.24,1,8,1,1,1,1,2,3,3,2,2
4,10,4,49,0.05,3,1,2,2,1,306.84,0,13,3,3,1,1,1,3,1,3,1
4,10,4,50,0.2,3,3,2,2,1,257.45,1,7,3,1,1,3,13,1,1,3,3
4,10,4,51,0.8,1,3,1,1,1,254.47,1,5,1,3,1,3,20,3,3,1,1
4,10,4,52,0.1,2,2,2,1,0,804.74,0,18,3,1,2,2,8,1,3,2,2
4,10,4,53,0.1,3,2,2,2,1,312.39,0,5,1,1,3,3,4,3,1,2,2
4,10,4,54,0.2,3,2,2,2,1,284.8,1,1,3,3,1,1,1,1,3,2,2
4,10,4,55,0.05,1,1,1,1,1,310.29,0,11,1,1,1,1,10,3,3,3,3
4,10,4,56,0.2,3,3,2,2,1,252.52,1,3,1,1,3,3,10,1,3,3,1
4,10,4,57,0.1,1,3,1,1,1,250.83,1,4,3,3,3,3,5,3,1,1,3
4,10,4,58,0.8,1,1,1,1,1,228.28,1,5,1,3,1,3,12,3,3,3,3
4,10,4,59,0.2,2,2,2,2,1,229.71,1,13,1,1,2,2,1,1,1,2,2
4,10,4,60,1.8,1,2,1,1,1,220.47,1,19,3,1,3,1,14,1,3,2,2
4,10,4,61,0.2,2,3,2,1,0,237.4,1,10,3,3,2,2,2,1,1,3,3
4,10,4,62,0.4,1,3,1,1,1,250.36,1,17,1,3,1,3,15,1,3,3,1
4,10,4,63,0.1,2,3,2,1,0,280.46,1,5,1,1,2,2,17,3,1,1,3
4,10,4,64,0.4,1,3,1,1,1,286.85,1,11,3,3,3,3,17,3,3,1,1
4,10,4,65,0.4,1,3,1,1,1,201.16,1,16,3,3,3,3,4,3,1,1,3
4,10,4,66,0.8,1,2,1,1,1,227.81,1,4,1,3,1,3,19,1,1,2,2
4,10,4,67,0.2,2,2,2,1,0,296.12,1,1,1,3,2,2,6,1,1,2,2
4,10,4,68,0.4,1,3,1,1,1,236.48,1,14,3,3,3,3,6,1,1,3,3
4,10,4,69,0.05,1,1,1,1,1,285.44,1,14,1,1,1,1,12,3,1,3,1
4,10,4,70,0.2,1,3,1,1,1,234.63,1,19,1,1,1,1,19,1,1,3,3
4,10,4,71,1.8,2,2,2,2,1,242.86,1,15,3,3,2,2,3,1,1,2,2
4,10,4,72,0.2,3,2,2,2,1,318.95,0,6,3,3,1,1,13,1,1,2,2
4,10,4,73,0.1,1,3,1,1,1,291.44,1,8,3,3,3,3,4,3,1,1,3
4,10,4,74,0.8,2,1,2,2,1,254.07,1,5,3,1,2,2,12,1,1,1,1
4,10,4,75,0.05,1,3,1,1,1,291.23,1,20,3,3,3,3,20,1,1,3,3
4,10,4,76,0.4,1,3,1,1,1,237.9,1,9,3,1,3,1,3,1,3,3,1
4,10,4,77,0.8,2,3,2,2,1,422.35,0,1,1,3,2,2,4,1,1,3,3
4,10,4,78,0.2,1,2,1,1,1,255.34,1,6,3,1,3,1,19,3,1,2,2
4,10,5,1,0.4,1,3,1,1,1,190.15,1,14,3,3,3,3,16,3,3,1,1
4,10,5,2,0.1,1,1,1,1,1,165.24,1,12,1,3,1,3,19,1,1,1,1
4,10,5,3,0.05,3,1,2,1,0,259.27,1,1,1,1,3,3,16,3,3,3,3
4,10,5,4,0.1,3,1,2,2,1,240.52,1,5,1,1,3,3,9,1,3,1,3
4,10,5,5,0.2,2,2,2,2,1,217.48,1,3,3,1,2,2,20,1,3,2,2
4,10,5,6,0.4,2,3,2,1,0,247.17,1,12,1,1,2,2,18,3,1,1,3
4,10,5,7,0.4,1,3,1,1,1,266.07,1,5,3,3,3,3,11,1,3,3,1
4,10,5,8,1.8,2,1,2,2,1,243.12,1,11,1,1,2,2,3,1,1,1,1
4,10,5,9,1.8,2,2,2,2,1,252.8,1,6,1,1,2,2,15,3,3,2,2
4,10,5,10,0.1,2,3,2,2,1,298.92,1,14,3,1,2,2,18,1,1,3,3
4,10,5,11,1.8,1,2,1,1,1,238.45,1,8,1,3,1,3,18,1,1,2,2
4,10,5,12,0.05,1,1,1,1,1,260.07,1,6,1,1,1,1,8,1,3,1,3
4,10,5,13,0.2,3,2,2,2,1,289.23,1,5,1,3,3,1,7,1,1,2,2
4,10,5,14,0.2,1,1,1,1,1,236.14,1,2,3,1,3,1,8,3,1,3,1
4,10,5,15,0.8,3,3,2,2,1,256.18,1,13,1,3,3,1,7,1,3,3,1
4,10,5,16,0.05,1,3,1,1,1,285.94,1,16,3,1,3,1,9,1,1,3,3
4,10,5,17,0.1,3,1,2,1,0,317.25,0,12,1,1,3,3,6,3,3,3,3
4,10,5,18,0.05,1,3,1,1,1,278.11,1,10,1,1,1,1,2,3,1,1,3
4,10,5,19,1.8,2,1,2,2,1,434.83,0,10,3,3,2,2,11,3,1,3,1
4,10,5,20,0.2,2,2,2,2,1,255.29,1,8,1,3,2,2,10,1,1,2,2
4,10,5,21,0.8,1,2,1,1,1,250.07,1,7,1,3,1,3,20,1,1,2,2
4,10,5,22,0.05,1,2,1,1,1,288.35,1,16,1,3,1,3,5,1,3,2,2
4,10,5,23,0.05,3,2,2,2,1,321,0,5,3,3,1,1,7,1,3,2,2
4,10,5,24,0.8,3,3,2,2,1,245.43,1,2,1,3,3,1,3,3,1,1,3
4,10,5,25,1.8,1,3,1,1,1,193.75,1,2,3,3,3,3,9,3,3,1,1
4,10,5,26,0.2,1,2,1,1,1,213.14,1,2,1,3,1,3,1,1,1,2,2
4,10,5,27,0.8,2,1,2,2,1,268.67,1,17,1,3,2,2,12,3,1,3,1
4,10,5,28,0.8,1,1,1,1,1,257.04,1,18,1,1,1,1,18,1,1,1,1
4,10,5,29,0.2,2,1,2,2,1,454.29,0,12,3,3,2,2,1,3,1,3,1
4,10,5,30,0.1,2,2,2,2,1,301.1,0,15,1,3,2,2,10,3,1,2,2
4,10,5,31,0.1,1,1,1,1,1,239.61,1,20,1,3,1,3,11,1,1,1,1
4,10,5,32,1.8,1,2,1,1,1,232.66,1,19,3,1,3,1,10,3,3,2,2
4,10,5,33,0.2,1,2,1,1,1,310.55,0,20,1,3,1,3,4,3,1,2,2
4,10,5,34,0.05,1,2,1,2,0,353.2,0,4,3,1,3,1,16,1,1,2,2
4,10,5,35,1.8,2,3,2,2,1,239.83,1,7,3,1,2,2,4,1,1,3,3
4,10,5,36,0.2,3,2,2,2,1,245.05,1,7,1,1,3,3,7,3,3,2,2
4,10,5,37,0.1,1,1,1,1,1,230.66,1,6,3,1,3,1,6,1,3,1,3
4,10,5,38,1.8,1,2,1,1,1,249.16,1,1,1,3,1,3,12,3,3,2,2
4,10,5,39,0.05,1,2,1,1,1,282.47,1,18,3,1,3,1,4,1,3,2,2
4,10,5,40,0.05,1,2,1,1,1,261.88,1,6,1,1,1,1,20,1,1,2,2
4,10,5,41,0.1,3,2,2,2,1,316.71,0,7,1,3,3,1,18,3,3,2,2
4,10,5,42,0.8,1,1,1,1,1,275.55,1,8,3,1,3,1,1,1,1,1,1
4,10,5,43,0.4,1,1,1,1,1,232.28,1,19,3,3,3,3,13,3,1,3,1
4,10,5,44,0.4,1,3,1,1,1,245.37,1,15,3,3,3,3,3,1,1,3,3
4,10,5,45,0.05,2,1,2,1,0,296.59,1,1,3,1,2,2,12,3,3,3,3
4,10,5,46,0.8,3,2,2,2,1,240.35,1,15,3,1,1,3,12,3,3,2,2
4,10,5,47,0.05,3,2,2,1,0,260.13,1,12,3,1,1,3,5,1,1,2,2
4,10,5,48,0.2,1,2,1,1,1,261.62,1,17,1,1,1,1,20,3,3,2,2
4,10,5,49,0.8,1,1,1,1,1,228.37,1,10,1,3,1,3,19,3,1,3,1
4,10,5,50,0.4,1,1,1,1,1,234.09,1,17,3,3,3,3,9,3,3,3,3
4,10,5,51,0.4,1,2,1,1,1,271.94,1,1,1,3,1,3,9,1,3,2,2
4,10,5,52,0.2,1,1,1,1,1,484.1,0,19,3,3,3,3,13,3,3,3,3
4,10,5,53,0.05,3,3,2,1,0,405.89,0,15,3,1,1,3,19,1,1,3,3
4,10,5,54,0.4,2,2,2,1,0,180.1,1,12,3,3,2,2,20,3,3,2,2
4,10,5,55,0.1,1,2,1,1,1,320.02,0,12,1,1,1,1,12,1,3,2,2
4,10,5,56,1.8,3,3,2,2,1,232.87,1,19,1,1,3,3,7,3,1,1,3
4,10,5,57,0.4,3,1,2,2,1,265.1,1,6,1,3,3,1,11,3,1,3,1
4,10,5,58,1.8,3,3,2,2,1,248.44,1,16,1,1,3,3,13,3,1,1,3
4,10,5,59,0.2,3,1,2,2,1,314.97,0,17,1,3,3,1,2,3,1,3,1
4,10,5,60,0.1,2,3,2,2,1,289.44,1,19,3,1,2,2,18,1,1,3,3
4,10,5,61,0.4,2,3,2,2,1,243.7,1,6,3,3,2,2,1,1,3,3,1
4,10,5,62,0.8,1,3,1,1,1,237.3,1,1,1,1,1,1,18,3,1,1,3
4,10,5,63,1.8,1,3,1,1,1,247.78,1,16,1,1,1,1,13,1,3,3,1
4,10,5,64,1.8,2,3,2,1,0,223.53,1,1,3,3,2,2,4,1,1,3,3
4,10,5,65,0.05,1,1,1,1,1,317.66,0,3,3,1,3,1,7,3,3,3,3
4,10,5,66,0.1,3,2,2,1,0,248.84,1,5,3,1,1,3,12,1,3,2,2
4,10,5,67,0.8,2,2,2,2,1,220.89,1,17,3,1,2,2,2,1,3,2,2
4,10,5,68,0.8,2,3,2,2,1,230.35,1,2,1,1,2,2,18,3,3,1,1
4,10,5,69,0.8,1,3,1,1,1,208.34,1,14,3,1,3,1,3,3,1,1,3
4,10,5,70,0.8,2,1,2,1,0,224.71,1,8,1,3,2,2,4,1,1,1,1
4,10,5,71,0.4,1,1,1,1,1,224.14,1,3,3,1,3,1,4,1,1,1,1
4,10,5,72,1.8,1,2,1,1,1,198.28,1,14,3,3,3,3,19,1,1,2,2
4,10,5,73,0.4,3,1,2,2,1,246.82,1,15,3,1,1,3,17,1,1,1,1
4,10,5,74,0.4,1,2,1,1,1,263.44,1,5,3,1,3,1,17,3,3,2,2
4,10,5,75,0.2,2,2,2,1,0,327.23,0,4,3,3,2,2,8,3,1,2,2
4,10,5,76,0.2,3,2,2,2,1,251.51,1,6,3,1,1,3,2,1,1,2,2
4,10,5,77,0.1,2,3,2,2,1,848.45,0,15,1,3,2,2,7,3,1,1,3
4,10,5,78,0.1,1,3,1,1,1,281.61,1,15,3,3,3,3,10,3,3,1,1
4,10,6,1,0.4,3,1,2,2,1,200.71,1,15,3,3,1,1,18,3,3,3,3
4,10,6,2,0.2,1,1,1,1,1,228.18,1,2,1,1,1,1,8,1,1,1,1
4,10,6,3,0.8,1,2,1,1,1,236.53,1,8,1,1,1,1,3,3,3,2,2
4,10,6,4,1.8,2,3,2,2,1,253.35,1,16,3,3,2,2,12,3,3,1,1
4,10,6,5,1.8,3,3,2,2,1,224.36,1,13,3,3,1,1,15,1,3,3,1
4,10,6,6,0.8,3,1,2,2,1,211.63,1,14,3,3,1,1,7,3,1,3,1
4,10,6,7,0.05,2,2,2,1,0,291.44,1,12,1,1,2,2,7,3,1,2,2
4,10,6,8,0.4,1,2,1,1,1,218.73,1,4,1,1,1,1,11,1,3,2,2
4,10,6,9,1.8,2,2,2,2,1,383.67,0,13,1,1,2,2,14,3,1,2,2
4,10,6,10,0.8,1,3,1,1,1,231.08,1,11,3,1,3,1,3,3,3,1,1
4,10,6,11,0.05,2,3,2,1,0,304.12,0,3,1,3,2,2,17,1,3,3,1
4,10,6,12,0.2,2,1,2,1,0,225.21,1,8,1,3,2,2,11,3,1,3,1
4,10,6,13,0.8,1,1,1,2,0,212.92,1,5,3,3,3,3,10,3,1,3,1
4,10,6,14,0.8,2,2,2,1,0,229.21,1,17,1,1,2,2,3,3,3,2,2
4,10,6,15,0.1,2,3,2,1,0,241.78,1,9,1,3,2,2,2,3,3,1,1
4,10,6,16,0.4,1,2,1,1,1,217.35,1,9,3,3,3,3,3,1,3,2,2
4,10,6,17,0.05,2,2,2,1,0,309.4,0,19,3,1,2,2,7,3,3,2,2
4,10,6,18,1.8,1,2,1,1,1,196.86,1,17,3,3,3,3,7,3,3,2,2
4,10,6,19,0.1,1,1,1,1,1,216.07,1,7,3,1,3,1,20,3,1,3,1
4,10,6,20,0.05,1,3,1,1,1,263.89,1,7,1,3,1,3,16,3,1,1,3
4,10,6,21,0.1,1,1,1,1,1,273.42,1,14,1,3,1,3,6,1,1,1,1
4,10,6,22,0.4,1,3,1,1,1,218.03,1,11,3,3,3,3,9,3,3,1,1
4,10,6,23,1.8,1,3,1,1,1,234.95,1,12,1,3,1,3,7,1,3,3,1
4,10,6,24,0.4,3,2,2,2,1,259.59,1,12,3,1,1,3,11,3,1,2,2
4,10,6,25,0.2,1,3,1,1,1,283.02,1,19,3,3,3,3,19,3,1,1,3
4,10,6,26,0.4,1,2,1,2,0,242.92,1,16,1,1,1,1,13,3,1,2,2
4,10,6,27,0.4,1,3,1,1,1,279.31,1,10,1,1,1,1,17,1,3,3,1
4,10,6,28,0.4,3,3,2,2,1,242.2,1,9,1,1,3,3,7,3,1,1,3
4,10,6,29,0.1,2,3,2,1,0,309.2,0,6,1,1,2,2,9,1,3,3,1
4,10,6,30,0.4,1,3,1,1,1,253.78,1,18,3,3,3,3,15,3,3,1,1
4,10,6,31,1.8,1,3,1,1,1,246.26,1,6,1,3,1,3,19,1,3,3,1
4,10,6,32,0.2,3,2,2,2,1,230.9,1,8,1,1,3,3,4,1,1,2,2
4,10,6,33,1.8,1,2,1,1,1,281.62,1,5,3,1,3,1,11,1,1,2,2
4,10,6,34,1.8,1,1,1,1,1,260.86,1,8,3,1,3,1,4,1,1,1,1
4,10,6,35,0.05,1,1,1,1,1,330.33,0,14,1,1,1,1,11,3,1,3,1
4,10,6,36,1.8,2,1,2,2,1,238.47,1,13,1,1,2,2,10,1,1,1,1
4,10,6,37,0.8,2,2,2,2,1,235.35,1,14,1,3,2,2,5,3,3,2,2
4,10,6,38,0.1,3,1,2,2,1,286.8,1,2,3,1,1,3,13,1,1,1,1
4,10,6,39,1.8,2,3,2,1,0,234.46,1,18,3,3,2,2,18,3,3,1,1
4,10,6,40,0.1,1,3,1,1,1,225.49,1,19,1,3,1,3,16,1,3,3,1
4,10,6,41,0.2,3,3,2,2,1,285.81,1,10,3,1,1,3,12,3,3,1,1
4,10,6,42,0.4,3,2,2,2,1,235.75,1,10,3,3,1,1,8,3,3,2,2
4,10,6,43,0.1,3,3,2,2,1,281.45,1,18,1,1,3,3,3,3,3,1,1
4,10,6,44,0.2,3,1,2,2,1,247.2,1,3,3,3,1,1,7,3,3,3,3
4,10,6,45,0.2,1,3,1,1,1,251.91,1,11,3,1,3,1,10,3,1,1,3
4,10,6,46,0.1,1,1,1,1,1,240.7,1,8,3,3,3,3,2,1,3,1,3
4,10,6,47,0.8,2,2,2,2,1,196.35,1,2,3,1,2,2,12,3,1,2,2
4,10,6,48,0.8,1,2,1,1,1,275.11,1,13,3,1,3,1,5,3,3,2,2
4,10,6,49,0.1,3,1,2,2,1,330.21,0,20,3,1,1,3,13,3,1,3,1
4,10,6,50,0.4,1,3,1,1,1,275.63,1,14,1,3,1,3,1,3,3,1,1
4,10,6,51,0.05,1,2,1,1,1,301.93,0,7,3,3,3,3,14,3,3,2,2
4,10,6,52,0.8,3,1,2,2,1,272.47,1,5,1,1,3,3,17,3,1,3,1
4,10,6,53,0.05,1,3,1,1,1,245.74,1,12,1,3,1,3,15,3,1,1,3
4,10,6,54,0.4,1,1,1,1,1,441.42,0,11,3,3,3,3,9,3,1,3,1
4,10,6,55,0.05,1,1,1,1,1,275.62,1,9,3,1,3,1,3,3,1,3,1
4,10,6,56,0.8,3,2,2,2,1,264.2,1,2,3,3,1,1,15,1,3,2,2
4,10,6,57,0.2,1,3,1,1,1,259.48,1,6,3,1,3,1,16,3,3,1,1
4,10,6,58,0.05,1,2,1,1,1,311.51,0,19,3,3,3,3,2,3,3,2,2
4,10,6,59,1.8,1,2,1,1,1,241.75,1,12,3,1,3,1,14,1,1,2,2
4,10,6,60,0.1,1,2,1,1,1,290.53,1,17,1,3,1,3,17,1,1,2,2
4,10,6,61,0.05,1,3,1,1,1,358.84,0,1,1,3,1,3,19,1,1,3,3
4,10,6,62,0.2,1,2,1,1,1,257.56,1,15,3,1,3,1,10,1,1,2,2
4,10,6,63,0.1,2,1,2,2,1,362.7,0,20,1,1,2,2,5,3,1,3,1
4,10,6,64,0.4,3,2,2,2,1,370.49,0,16,3,1,1,3,14,3,3,2,2
4,10,6,65,0.05,1,2,1,1,1,255.97,1,12,3,3,3,3,15,1,1,2,2
4,10,6,66,0.2,1,2,1,1,1,256.66,1,2,3,1,3,1,18,3,1,2,2
4,10,6,67,1.8,2,3,2,2,1,215.03,1,7,1,1,2,2,1,3,1,1,3
4,10,6,68,0.1,3,1,2,2,1,476.79,0,5,1,1,3,3,12,3,1,3,1
4,10,6,69,0.2,3,2,2,2,1,271.08,1,17,3,1,1,3,9,3,1,2,2
4,10,6,70,0.1,1,1,1,1,1,240.83,1,9,3,1,3,1,10,1,3,1,3
4,10,6,71,0.8,1,2,1,1,1,244.59,1,16,1,1,1,1,5,3,3,2,2
4,10,6,72,0.05,2,3,2,2,1,238.41,1,11,1,3,2,2,6,1,1,3,3
4,10,6,73,1.8,1,1,1,1,1,244.09,1,15,3,1,3,1,4,3,1,3,1
4,10,6,74,0.05,3,2,2,2,1,325.94,0,17,1,1,3,3,6,3,1,2,2
4,10,6,75,0.8,1,1,1,1,1,489.55,0,19,3,3,3,3,3,1,1,1,1
4,10,6,76,0.2,1,1,1,1,1,205.4,1,3,1,1,1,1,3,3,1,3,1
4,10,6,77,0.2,3,2,2,2,1,215.13,1,8,3,3,1,1,5,1,1,2,2
4,10,6,78,0.8,3,3,2,2,1,237.91,1,1,3,1,1,3,10,3,3,1,1
4,10,7,1,0.05,2,3,2,1,0,217.14,1,5,3,3,2,2,14,1,1,3,3
4,10,7,2,0.4,2,2,2,2,1,214.48,1,16,1,3,2,2,15,3,1,2,2
4,10,7,3,1.8,1,3,1,1,1,266.88,1,2,1,1,1,1,19,1,3,3,1
4,10,7,4,0.2,1,2,1,1,1,222.65,1,9,3,3,3,3,2,1,1,2,2
4,10,7,5,1.8,1,1,1,1,1,366.55,0,2,1,1,1,1,2,1,3,1,3
4,10,7,6,0.4,1,1,1,1,1,245.29,1,7,3,1,3,1,6,1,1,1,1
4,10,7,7,1.8,1,1,1,1,1,232.09,1,1,1,3,1,3,10,1,1,1,1
4,10,7,8,0.1,2,2,2,1,0,274.93,1,6,3,1,2,2,16,3,1,2,2
4,10,7,9,0.8,2,2,2,2,1,271.35,1,15,1,3,2,2,19,3,1,2,2
4,10,7,10,1.8,1,2,1,1,1,442.46,0,10,3,3,3,3,9,3,3,2,2
4,10,7,11,0.4,3,1,2,2,1,218.58,1,14,1,3,3,1,14,3,1,3,1
4,10,7,12,0.2,2,2,2,2,1,318.03,0,18,1,1,2,2,17,1,3,2,2
4,10,7,13,1.8,3,3,2,2,1,254.5,1,2,1,3,3,1,2,1,3,3,1
4,10,7,14,1.8,1,2,1,1,1,312.85,0,12,3,3,3,3,18,3,1,2,2
4,10,7,15,0.05,1,3,1,1,1,494.9,0,16,1,1,1,1,15,1,1,3,3
4,10,7,16,0.1,3,3,2,2,1,291.13,1,8,1,3,3,1,11,3,1,1,3
4,10,7,17,0.05,3,1,2,1,0,292.78,1,13,1,1,3,3,5,3,1,3,1
4,10,7,18,0.8,3,1,2,2,1,237.28,1,12,3,1,1,3,18,3,1,3,1
4,10,7,19,0.8,3,1,2,2,1,217.57,1,15,3,3,1,1,15,3,1,3,1
4,10,7,20,1.8,1,3,1,1,1,228.52,1,1,3,3,3,3,20,1,3,3,1
4,10,7,21,1.8,1,2,1,1,1,250.45,1,1,3,1,3,1,1,1,1,2,2
4,10,7,22,0.4,3,3,2,2,1,257.64,1,16,1,3,3,1,18,3,1,1,3
4,10,7,23,0.4,2,2,2,2,1,247.52,1,3,3,1,2,2,11,3,3,2,2
4,10,7,24,0.1,2,3,2,1,0,468.44,0,13,3,3,2,2,20,3,3,1,1
4,10,7,25,1.8,1,1,NaN,NaN,NaN,NaN,NaN,17,1,3,1,3,19,3,3,3,3
4,10,7,26,0.05,1,3,1,1,1,244.54,1,6,1,1,1,1,10,1,3,3,1
4,10,7,27,0.05,1,2,1,1,1,244.44,1,10,3,3,3,3,6,1,3,2,2
4,10,7,28,0.4,3,3,2,2,1,254.33,1,2,3,1,1,3,17,3,1,1,3
4,10,7,29,0.1,1,3,1,1,1,255.12,1,16,1,1,1,1,6,1,3,3,1
4,10,7,30,0.4,2,1,2,2,1,253.78,1,14,3,1,2,2,12,3,3,3,3
4,10,7,31,0.2,1,3,1,1,1,250.95,1,20,1,1,1,1,5,1,3,3,1
4,10,7,32,0.1,1,3,1,1,1,237.82,1,12,3,1,3,1,19,1,3,3,1
4,10,7,33,0.2,1,1,1,1,1,265.34,1,1,1,3,1,3,18,3,1,3,1
4,10,7,34,0.4,3,2,2,2,1,242.32,1,19,1,1,3,3,19,3,1,2,2
4,10,7,35,0.05,2,1,2,1,0,445.64,0,8,1,3,2,2,16,1,3,1,3
4,10,7,36,0.1,3,1,2,2,1,315.34,0,13,1,1,3,3,7,1,3,1,3
4,10,7,37,0.8,1,1,1,1,1,300.52,0,1,3,1,3,1,15,1,1,1,1
4,10,7,38,0.1,1,1,1,1,1,240.38,1,14,1,3,1,3,3,3,3,3,3
4,10,7,39,0.1,1,3,1,1,1,248.8,1,7,1,3,1,3,15,3,3,1,1
4,10,7,40,0.2,1,1,1,1,1,288.51,1,16,3,3,3,3,12,3,1,3,1
4,10,7,41,0.05,1,2,1,1,1,255.32,1,2,1,3,1,3,17,3,3,2,2
4,10,7,42,0.1,1,2,1,2,0,300.18,0,4,1,1,1,1,18,1,3,2,2
4,10,7,43,0.05,2,3,2,1,0,291.26,1,20,1,3,2,2,19,1,3,3,1
4,10,7,44,0.8,1,1,NaN,NaN,NaN,NaN,NaN,8,3,3,3,3,6,3,3,3,3
4,10,7,45,0.2,1,3,1,1,1,267.76,1,10,3,3,3,3,1,1,1,3,3
4,10,7,46,0.2,3,2,2,2,1,248.21,1,4,1,1,3,3,17,1,3,2,2
4,10,7,47,0.4,3,1,2,2,1,241.41,1,2,3,1,1,3,3,3,1,3,1
4,10,7,48,0.05,2,1,2,1,0,293.47,1,15,1,1,2,2,8,1,3,1,3
4,10,7,49,0.4,2,2,2,2,1,256.02,1,9,1,1,2,2,15,1,1,2,2
4,10,7,50,0.05,1,2,1,1,1,326.34,0,19,1,1,1,1,19,1,3,2,2
4,10,7,51,0.8,1,2,1,1,1,213.13,1,14,1,3,1,3,3,1,1,2,2
4,10,7,52,0.05,3,3,2,2,1,381.24,0,19,3,3,1,1,13,3,1,1,3
4,10,7,53,0.8,1,1,1,2,0,226.24,1,16,1,3,1,3,16,1,3,1,3
4,10,7,54,1.8,2,1,2,2,1,238.93,1,15,3,3,2,2,19,1,3,1,3
4,10,7,55,1.8,1,2,1,1,1,257.65,1,12,1,1,1,1,8,1,3,2,2
4,10,7,56,0.1,3,3,2,2,1,272.62,1,5,1,3,3,1,7,1,3,3,1
4,10,7,57,0.2,3,3,2,2,1,249.36,1,8,1,3,3,1,7,3,1,1,3
4,10,7,58,0.4,2,3,2,2,1,262.44,1,6,1,1,2,2,5,3,1,1,3
4,10,7,59,0.1,1,1,1,1,1,209.63,1,6,1,1,1,1,19,1,1,1,1
4,10,7,60,0.8,2,1,2,2,1,213.65,1,4,1,1,2,2,13,1,1,1,1
4,10,7,61,0.05,2,1,2,1,0,279.16,1,4,1,3,2,2,14,1,1,1,1
4,10,7,62,0.8,1,1,1,1,1,259.64,1,19,3,1,3,1,1,1,3,1,3
4,10,7,63,0.2,1,2,1,1,1,235.07,1,10,3,3,3,3,5,1,1,2,2
4,10,7,64,1.8,1,3,1,1,1,249.21,1,20,3,3,3,3,7,1,1,3,3
4,10,7,65,0.2,1,3,1,1,1,261.45,1,8,1,1,1,1,20,3,3,1,1
4,10,7,66,0.1,1,3,1,1,1,265.21,1,17,1,3,1,3,19,3,1,1,3
4,10,7,67,0.4,3,3,2,2,1,262.05,1,6,3,3,1,1,18,1,1,3,3
4,10,7,68,0.4,1,3,1,1,1,255.63,1,1,1,1,1,1,8,3,1,1,3
4,10,7,69,1.8,1,1,1,1,1,222.02,1,20,1,3,1,3,17,1,1,1,1
4,10,7,70,0.1,3,3,2,2,1,267.64,1,7,1,1,3,3,17,1,3,3,1
4,10,7,71,0.8,1,1,1,1,1,224.94,1,4,3,1,3,1,18,1,3,1,3
4,10,7,72,0.2,1,1,1,1,1,270.62,1,6,3,3,3,3,4,1,3,1,3
4,10,7,73,0.2,1,3,1,1,1,223.48,1,10,1,3,1,3,14,1,1,3,3
4,10,7,74,0.05,2,2,2,1,0,265.27,1,8,1,3,2,2,15,1,1,2,2
4,10,7,75,0.8,2,1,2,1,0,234.87,1,15,3,3,2,2,10,1,1,1,1
4,10,7,76,0.8,1,1,1,1,1,213.62,1,8,3,3,3,3,6,3,3,3,3
4,10,7,77,0.2,1,1,1,1,1,234.24,1,16,1,3,1,3,20,3,3,3,3
4,10,7,78,0.8,3,3,2,2,1,198.94,1,2,3,1,1,3,17,3,3,1,1
4,10,8,1,0.05,2,1,2,2,1,294.86,1,6,3,3,2,2,19,3,3,3,3
4,10,8,2,0.4,2,2,2,1,0,230.82,1,2,1,1,2,2,4,1,3,2,2
4,10,8,3,0.8,2,3,2,2,1,203.66,1,20,3,3,2,2,14,1,3,3,1
4,10,8,4,0.2,3,2,2,2,1,225.39,1,6,1,1,3,3,1,1,1,2,2
4,10,8,5,0.4,1,2,1,1,1,254.1,1,11,3,1,3,1,20,3,3,2,2
4,10,8,6,1.8,2,1,2,1,0,221.55,1,2,1,1,2,2,4,1,3,1,3
4,10,8,7,0.4,3,1,2,2,1,389.88,0,17,1,1,3,3,3,1,1,1,1
4,10,8,8,0.05,1,3,1,1,1,269.66,1,4,1,1,1,1,7,1,3,3,1
4,10,8,9,1.8,2,1,2,2,1,219.24,1,8,3,1,2,2,5,1,1,1,1
4,10,8,10,0.05,1,1,1,1,1,270.15,1,10,3,3,3,3,7,1,1,1,1
4,10,8,11,0.8,3,2,2,2,1,270.77,1,14,1,1,3,3,20,1,3,2,2
4,10,8,12,0.1,3,2,2,2,1,296.09,1,11,1,1,3,3,17,1,1,2,2
4,10,8,13,0.1,1,1,1,1,1,295,1,13,1,1,1,1,17,1,1,1,1
4,10,8,14,0.4,3,1,2,2,1,244.01,1,8,1,1,3,3,9,1,3,1,3
4,10,8,15,0.05,1,1,1,1,1,241.88,1,16,3,1,3,1,1,1,3,1,3
4,10,8,16,0.2,2,1,2,2,1,239.82,1,9,3,3,2,2,17,3,1,3,1
4,10,8,17,1.8,1,2,1,1,1,207.02,1,4,3,3,3,3,1,1,3,2,2
4,10,8,18,0.2,1,3,1,1,1,240.39,1,10,3,3,3,3,4,1,1,3,3
4,10,8,19,0.8,3,3,2,2,1,288.51,1,12,1,1,3,3,13,1,3,3,1
4,10,8,20,0.1,1,1,1,1,1,309.81,0,15,3,1,3,1,5,3,1,3,1
4,10,8,21,0.8,1,3,1,1,1,230.85,1,5,3,1,3,1,8,1,3,3,1
4,10,8,22,1.8,1,1,1,1,1,271.18,1,17,1,1,1,1,1,3,3,3,3
4,10,8,23,0.05,1,1,1,1,1,286.23,1,14,3,1,3,1,15,1,3,1,3
4,10,8,24,0.8,1,3,1,1,1,304.89,0,3,3,1,3,1,11,3,3,1,1
4,10,8,25,0.8,3,2,2,2,1,254.59,1,14,3,3,1,1,9,1,3,2,2
4,10,8,26,0.05,1,3,1,1,1,539.69,0,13,1,1,1,1,13,1,1,3,3
4,10,8,27,0.1,1,3,1,1,1,249.85,1,1,1,3,1,3,13,1,1,3,3
4,10,8,28,0.1,1,3,1,1,1,259.29,1,18,3,1,3,1,18,1,1,3,3
4,10,8,29,0.4,1,1,1,1,1,247.51,1,2,3,1,3,1,8,1,3,1,3
4,10,8,30,1.8,1,3,1,1,1,243.25,1,15,3,1,3,1,5,3,1,1,3
4,10,8,31,0.2,2,1,2,2,1,633.58,0,15,3,3,2,2,9,3,3,3,3
4,10,8,32,0.1,2,2,2,2,1,304.85,0,14,1,3,2,2,1,1,1,2,2
4,10,8,33,0.8,3,2,2,2,1,221.55,1,13,3,3,1,1,4,1,3,2,2
4,10,8,34,0.1,1,1,1,1,1,208.1,1,5,3,3,3,3,10,3,1,3,1
4,10,8,35,0.2,1,3,1,1,1,236.5,1,2,1,3,1,3,16,1,3,3,1
4,10,8,36,0.2,1,2,1,1,1,230.36,1,2,1,1,1,1,15,3,3,2,2
4,10,8,37,0.4,3,1,2,2,1,224.13,1,11,1,3,3,1,5,3,1,3,1
4,10,8,38,1.8,1,2,1,1,1,242.77,1,1,3,3,3,3,19,1,3,2,2
4,10,8,39,1.8,1,2,1,1,1,209.3,1,17,3,3,3,3,7,3,1,2,2
4,10,8,40,0.8,1,1,1,1,1,246.02,1,1,3,3,3,3,7,3,1,3,1
4,10,8,41,0.4,3,2,2,2,1,241.25,1,13,3,3,1,1,9,1,1,2,2
4,10,8,42,0.2,1,3,1,1,1,309.97,0,10,1,3,1,3,8,3,1,1,3
4,10,8,43,0.05,1,1,1,1,1,304.69,0,16,1,1,1,1,4,1,1,1,1
4,10,8,44,0.4,3,2,2,2,1,255.75,1,20,1,1,3,3,2,3,1,2,2
4,10,8,45,0.1,1,3,1,1,1,229.6,1,12,3,1,3,1,15,1,3,3,1
4,10,8,46,0.1,2,3,2,2,1,298.38,1,19,3,1,2,2,15,1,1,3,3
4,10,8,47,0.05,1,1,1,1,1,214.36,1,17,3,3,3,3,9,1,3,1,3
4,10,8,48,0.1,2,3,2,1,0,444.66,0,11,1,3,2,2,6,3,3,1,1
4,10,8,49,1.8,1,3,1,1,1,249.82,1,4,3,3,3,3,10,1,1,3,3
4,10,8,50,0.2,2,1,2,2,1,178.18,1,15,1,3,2,2,19,3,1,3,1
4,10,8,51,0.2,3,3,2,2,1,234.11,1,3,1,3,3,1,20,1,3,3,1
4,10,8,52,0.1,1,3,1,1,1,250.2,1,4,3,3,3,3,10,3,3,1,1
4,10,8,53,0.1,3,1,2,2,1,356.75,0,6,3,3,1,1,1,1,1,1,1
4,10,8,54,0.8,1,2,1,1,1,302.26,0,11,3,3,3,3,20,3,1,2,2
4,10,8,55,0.8,1,1,1,1,1,228.28,1,17,1,3,1,3,6,3,3,3,3
4,10,8,56,0.05,3,3,2,2,1,291.47,1,5,1,3,3,1,4,3,1,1,3
4,10,8,57,0.2,3,3,2,2,1,230.72,1,18,1,3,3,1,19,3,3,1,1
4,10,8,58,0.1,3,3,2,2,1,278.6,1,4,1,3,3,1,2,3,3,1,1
4,10,8,59,0.05,1,3,1,1,1,285.97,1,13,1,3,1,3,7,3,1,1,3
4,10,8,60,0.05,1,1,1,1,1,250.2,1,15,3,1,3,1,20,1,3,1,3
4,10,8,61,0.4,1,3,1,1,1,276.19,1,17,3,3,3,3,20,3,3,1,1
4,10,8,62,1.8,2,3,2,2,1,223.29,1,15,1,1,2,2,4,1,3,3,1
4,10,8,63,0.8,1,3,NaN,NaN,NaN,NaN,NaN,2,3,3,3,3,20,1,1,3,3
4,10,8,64,0.4,3,2,2,2,1,233.27,1,16,1,3,3,1,9,1,1,2,2
4,10,8,65,1.8,2,1,2,2,1,203.36,1,15,3,1,2,2,2,3,3,3,3
4,10,8,66,0.2,1,2,1,1,1,273.56,1,17,1,3,1,3,4,1,3,2,2
4,10,8,67,0.05,2,3,2,1,0,328.41,0,19,1,3,2,2,4,1,1,3,3
4,10,8,68,0.2,2,3,2,1,0,205.29,1,1,3,3,2,2,11,1,1,3,3
4,10,8,69,0.8,2,1,2,2,1,254.14,1,14,1,1,2,2,14,1,1,1,1
4,10,8,70,0.05,1,2,1,1,1,256.93,1,6,1,3,1,3,14,3,1,2,2
4,10,8,71,0.4,1,1,1,1,1,255.47,1,17,1,3,1,3,3,1,3,1,3
4,10,8,72,0.2,2,1,2,2,1,252.81,1,1,3,1,2,2,20,1,3,1,3
4,10,8,73,1.8,2,2,2,2,1,219.29,1,19,1,1,2,2,15,3,3,2,2
4,10,8,74,0.4,1,2,1,1,1,244.49,1,16,1,3,1,3,12,1,3,2,2
4,10,8,75,1.8,2,2,2,2,1,236.42,1,20,3,1,2,2,6,3,3,2,2
4,10,8,76,1.8,3,3,2,2,1,230.66,1,14,3,3,1,1,14,3,1,1,3
4,10,8,77,0.8,1,1,1,1,1,261.66,1,5,1,1,1,1,20,3,1,3,1
4,10,8,78,0.4,1,3,1,1,1,301.85,0,11,1,3,1,3,9,1,3,3,1
4,10,9,1,0.05,1,3,1,1,1,292.74,1,20,1,3,1,3,4,1,1,3,3
4,10,9,2,1.8,1,2,1,1,1,252.43,1,14,3,3,3,3,4,1,3,2,2
4,10,9,3,0.4,1,1,1,1,1,238.83,1,14,3,1,3,1,4,3,3,3,3
4,10,9,4,1.8,3,1,2,2,1,219.16,1,9,3,1,1,3,18,3,3,3,3
4,10,9,5,1.8,1,2,1,1,1,248.11,1,15,1,3,1,3,20,3,3,2,2
4,10,9,6,0.8,2,3,2,1,0,247.25,1,3,1,3,2,2,6,1,3,3,1
4,10,9,7,0.2,1,3,1,1,1,274.18,1,14,3,3,3,3,3,3,1,1,3
4,10,9,8,0.05,2,3,2,1,0,242.87,1,3,1,3,2,2,16,3,3,1,1
4,10,9,9,0.1,1,2,1,1,1,485.38,0,20,3,1,3,1,16,3,3,2,2
4,10,9,10,0.2,1,3,1,1,1,258.02,1,6,3,1,3,1,15,1,1,3,3
4,10,9,11,0.1,3,3,2,2,1,283.64,1,15,1,3,3,1,7,1,1,3,3
4,10,9,12,0.2,1,1,1,1,1,226.6,1,9,1,1,1,1,19,1,3,1,3
4,10,9,13,0.05,2,1,2,2,1,487.33,0,18,3,3,2,2,5,1,3,1,3
4,10,9,14,0.4,1,2,1,1,1,256.02,1,11,3,1,3,1,8,1,3,2,2
4,10,9,15,0.8,1,2,NaN,NaN,NaN,NaN,NaN,6,1,3,1,3,14,1,1,2,2
4,10,9,16,0.05,1,1,1,1,1,283.66,1,2,1,3,1,3,17,3,3,3,3
4,10,9,17,0.2,1,3,1,1,1,250.86,1,7,1,3,1,3,17,3,1,1,3
4,10,9,18,0.1,2,3,2,1,0,234.43,1,8,1,3,2,2,20,3,3,1,1
4,10,9,19,0.4,1,2,1,1,1,255.95,1,19,3,3,3,3,6,3,1,2,2
4,10,9,20,0.8,1,3,1,1,1,219.48,1,15,1,1,1,1,18,3,3,1,1
4,10,9,21,1.8,2,2,2,2,1,264.14,1,9,1,3,2,2,18,3,3,2,2
4,10,9,22,0.05,3,1,2,2,1,316.73,0,14,3,1,1,3,15,1,1,1,1
4,10,9,23,0.2,1,3,1,1,1,207.04,1,16,3,1,3,1,13,3,3,1,1
4,10,9,24,0.4,3,2,2,2,1,278.16,1,1,1,1,3,3,20,3,1,2,2
4,10,9,25,0.8,1,2,NaN,NaN,NaN,NaN,NaN,17,3,1,3,1,5,1,1,2,2
4,10,9,26,0.8,1,1,1,1,1,325.04,0,19,1,3,1,3,3,3,3,3,3
4,10,9,27,0.2,1,3,1,1,1,204.25,1,2,1,1,1,1,6,1,3,3,1
4,10,9,28,0.05,3,3,2,2,1,347.22,0,1,1,1,3,3,5,1,1,3,3
4,10,9,29,0.1,3,3,2,2,1,273.28,1,19,1,3,3,1,18,1,1,3,3
4,10,9,30,0.4,2,1,2,1,0,217.64,1,1,3,1,2,2,19,1,1,1,1
4,10,9,31,0.8,2,2,2,2,1,225.5,1,3,1,1,2,2,7,1,3,2,2
4,10,9,32,1.8,3,1,NaN,NaN,NaN,NaN,NaN,1,3,3,1,1,16,3,3,3,3
4,10,9,33,0.2,1,1,1,1,1,259.78,1,11,3,3,3,3,14,3,3,3,3
4,10,9,34,0.2,1,2,1,1,1,229.18,1,18,1,3,1,3,4,3,1,2,2
4,10,9,35,1.8,3,3,2,2,1,261.45,1,3,1,3,3,1,6,3,1,1,3
4,10,9,36,0.4,2,2,2,2,1,313.6,0,19,1,1,2,2,1,1,1,2,2
4,10,9,37,0.8,3,2,2,2,1,282.13,1,2,1,3,3,1,4,3,1,2,2
4,10,9,38,1.8,1,2,1,1,1,234.52,1,3,1,1,1,1,11,3,3,2,2
4,10,9,39,0.1,1,1,1,1,1,234.66,1,20,1,1,1,1,7,1,1,1,1
4,10,9,40,0.2,1,1,1,1,1,264.94,1,6,3,3,3,3,5,1,1,1,1
4,10,9,41,0.1,2,2,2,2,1,307.2,0,3,1,3,2,2,13,1,1,2,2
4,10,9,42,0.05,1,2,1,1,1,222.71,1,15,1,3,1,3,18,3,3,2,2
4,10,9,43,0.4,1,1,1,1,1,225.8,1,20,1,3,1,3,3,3,1,3,1
4,10,9,44,0.05,3,2,2,2,1,332.89,0,18,3,1,1,3,12,3,1,2,2
4,10,9,45,0.05,1,1,1,1,1,312.67,0,18,1,3,1,3,9,3,1,3,1
4,10,9,46,0.1,1,2,1,1,1,273.9,1,7,3,3,3,3,10,3,3,2,2
4,10,9,47,0.8,1,2,1,1,1,243.03,1,3,1,3,1,3,16,1,3,2,2
4,10,9,48,1.8,2,1,2,2,1,221.59,1,7,1,3,2,2,20,3,3,3,3
4,10,9,49,0.4,1,2,1,1,1,256.96,1,2,1,1,1,1,13,1,1,2,2
4,10,9,50,0.05,1,2,1,1,1,255.77,1,7,1,1,1,1,8,1,1,2,2
4,10,9,51,0.8,2,2,2,2,1,238.9,1,8,1,1,2,2,1,1,3,2,2
4,10,9,52,0.4,2,1,2,2,1,254.54,1,14,3,1,2,2,12,1,1,1,1
4,10,9,53,0.8,2,3,2,2,1,254.07,1,6,3,1,2,2,16,3,1,1,3
4,10,9,54,0.2,1,3,1,1,1,320.34,0,11,1,1,1,1,13,3,3,1,1
4,10,9,55,0.05,3,2,2,2,1,381.93,0,7,1,3,3,1,20,3,1,2,2
4,10,9,56,0.1,2,2,2,1,0,270.5,1,14,3,3,2,2,20,1,3,2,2
4,10,9,57,0.8,1,3,NaN,NaN,NaN,NaN,NaN,20,1,3,1,3,6,1,3,3,1
4,10,9,58,0.8,1,1,1,1,1,249.01,1,19,1,1,1,1,5,1,3,1,3
4,10,9,59,0.05,1,2,1,1,1,283.69,1,4,1,1,1,1,13,3,1,2,2
4,10,9,60,1.8,2,2,2,2,1,250.74,1,19,3,1,2,2,17,1,1,2,2
4,10,9,61,0.1,3,1,2,2,1,304.19,0,12,3,3,1,1,12,1,3,1,3
4,10,9,62,0.05,1,1,1,1,1,274.79,1,14,1,3,1,3,4,1,3,1,3
4,10,9,63,0.1,3,1,2,2,1,238.83,1,10,3,3,1,1,7,3,1,3,1
4,10,9,64,0.2,1,2,1,1,1,261.42,1,15,1,3,1,3,9,3,3,2,2
4,10,9,65,0.4,1,1,1,1,1,307.07,0,3,1,1,1,1,10,3,3,3,3
4,10,9,66,0.4,1,3,1,1,1,241.77,1,20,3,3,3,3,15,1,3,3,1
4,10,9,67,0.4,1,3,1,1,1,251.49,1,4,1,1,1,1,10,3,3,1,1
4,10,9,68,0.1,1,2,1,1,1,273.54,1,9,3,1,3,1,12,3,1,2,2
4,10,9,69,1.8,1,3,1,1,1,231.51,1,20,3,3,3,3,4,1,3,3,1
4,10,9,70,0.2,1,2,1,1,1,243.72,1,13,3,3,3,3,7,1,3,2,2
4,10,9,71,0.1,3,1,2,2,1,300.02,0,9,1,3,3,1,8,1,1,1,1
4,10,9,72,1.8,1,3,NaN,NaN,NaN,NaN,NaN,14,3,1,3,1,1,1,3,3,1
4,10,9,73,0.2,2,1,2,2,1,265.63,1,9,3,1,2,2,12,1,1,1,1
4,10,9,74,1.8,1,1,1,1,1,221.71,1,6,1,1,1,1,20,1,1,1,1
4,10,9,75,0.4,1,1,1,1,1,250.72,1,5,1,3,1,3,8,1,1,1,1
4,10,9,76,0.8,1,2,1,1,1,254.16,1,15,3,3,3,3,3,1,3,2,2
4,10,9,77,0.1,2,2,2,2,1,314.59,0,16,3,1,2,2,9,3,3,2,2
4,10,9,78,1.8,3,2,2,2,1,245.52,1,4,1,3,3,1,16,3,1,2,2
4,10,10,1,0.1,2,1,2,1,0,190.87,1,14,1,1,2,2,17,3,1,3,1
4,10,10,2,0.2,1,1,1,1,1,219.25,1,11,3,1,3,1,19,3,3,3,3
4,10,10,3,0.4,3,1,2,2,1,372.37,0,3,3,1,1,3,14,1,1,1,1
4,10,10,4,0.05,1,2,1,1,1,251.29,1,2,3,1,3,1,16,1,1,2,2
4,10,10,5,0.05,2,3,2,1,0,280.9,1,18,1,1,2,2,6,3,3,1,1
4,10,10,6,0.8,3,2,2,2,1,240.36,1,3,3,3,1,1,15,3,3,2,2
4,10,10,7,0.05,3,1,2,1,0,515.01,0,4,1,3,3,1,1,1,1,1,1
4,10,10,8,1.8,2,2,2,2,1,219.37,1,8,3,1,2,2,10,3,3,2,2
4,10,10,9,0.2,1,1,1,1,1,229.41,1,1,3,3,3,3,19,3,1,3,1
4,10,10,10,1.8,1,2,1,1,1,192.17,1,3,3,1,3,1,2,3,1,2,2
4,10,10,11,0.8,1,1,1,1,1,234.36,1,4,1,3,1,3,4,3,3,3,3
4,10,10,12,0.05,1,3,1,1,1,315.51,0,14,1,3,1,3,12,3,3,1,1
4,10,10,13,0.8,1,2,1,1,1,232.57,1,12,3,3,3,3,2,1,3,2,2
4,10,10,14,0.05,1,2,1,1,1,258.4,1,17,3,3,3,3,13,1,3,2,2
4,10,10,15,0.2,1,3,1,1,1,211.94,1,18,1,3,1,3,13,1,3,3,1
4,10,10,16,0.4,1,1,1,1,1,224.87,1,19,3,1,3,1,1,1,1,1,1
4,10,10,17,0.1,3,2,2,2,1,286.93,1,3,1,3,3,1,5,3,1,2,2
4,10,10,18,1.8,3,2,2,2,1,256.58,1,6,1,3,3,1,19,1,3,2,2
4,10,10,19,0.05,1,3,1,1,1,242.36,1,6,1,3,1,3,1,1,3,3,1
4,10,10,20,0.4,1,3,1,1,1,252.59,1,18,3,1,3,1,3,3,3,1,1
4,10,10,21,1.8,1,3,NaN,NaN,NaN,NaN,NaN,15,1,1,1,1,6,1,3,3,1
4,10,10,22,0.4,2,1,2,1,0,221.71,1,3,1,3,2,2,14,3,3,3,3
4,10,10,23,1.8,1,2,1,1,1,222.57,1,9,1,3,1,3,13,3,1,2,2
4,10,10,24,0.2,1,1,1,1,1,269.29,1,7,3,3,3,3,10,1,1,1,1
4,10,10,25,0.05,1,1,1,1,1,253.21,1,10,3,3,3,3,9,1,3,1,3
4,10,10,26,0.8,1,2,1,1,1,213.42,1,4,3,1,3,1,7,3,1,2,2
4,10,10,27,0.8,2,1,NaN,NaN,NaN,NaN,NaN,10,3,1,2,2,16,3,3,3,3
4,10,10,28,0.1,3,2,2,2,1,461.72,0,2,3,1,1,3,7,3,1,2,2
4,10,10,29,0.2,3,3,2,2,1,258.79,1,17,1,1,3,3,19,1,3,3,1
4,10,10,30,0.8,1,3,1,1,1,229.69,1,3,1,3,1,3,5,1,3,3,1
4,10,10,31,0.1,2,1,2,1,0,254.95,1,3,1,3,2,2,7,1,1,1,1
4,10,10,32,0.2,1,3,1,1,1,243,1,1,3,1,3,1,2,1,3,3,1
4,10,10,33,0.05,1,1,1,1,1,258.84,1,3,1,3,1,3,12,3,3,3,3
4,10,10,34,0.4,3,2,2,2,1,251.79,1,14,1,3,3,1,7,3,1,2,2
4,10,10,35,0.4,1,1,1,1,1,233.43,1,13,3,3,3,3,10,3,1,3,1
4,10,10,36,0.05,1,3,1,1,1,283.92,1,6,3,1,3,1,1,1,3,3,1
4,10,10,37,0.8,1,3,1,1,1,222.74,1,9,3,3,3,3,8,1,3,3,1
4,10,10,38,1.8,1,1,1,1,1,222.72,1,9,1,3,1,3,10,3,1,3,1
4,10,10,39,0.8,3,1,2,2,1,230.61,1,17,1,1,3,3,11,1,3,1,3
4,10,10,40,0.8,1,3,1,1,1,207.79,1,18,1,3,1,3,8,3,3,1,1
4,10,10,41,0.05,1,2,1,1,1,262.38,1,13,1,3,1,3,3,3,1,2,2
4,10,10,42,0.2,3,2,2,2,1,253.6,1,19,3,3,1,1,8,1,1,2,2
4,10,10,43,0.8,3,2,2,2,1,242.84,1,19,3,3,1,1,15,3,3,2,2
4,10,10,44,0.4,1,3,1,1,1,247.09,1,20,3,3,3,3,5,3,3,1,1
4,10,10,45,0.05,3,2,2,1,0,286.39,1,18,1,3,3,1,19,1,3,2,2
4,10,10,46,0.4,3,3,2,2,1,222.53,1,14,3,3,1,1,2,1,1,3,3
4,10,10,47,0.1,3,1,2,2,1,198.63,1,6,3,1,1,3,6,3,3,3,3
4,10,10,48,0.8,1,2,1,1,1,245.2,1,9,1,3,1,3,13,1,1,2,2
4,10,10,49,0.2,3,2,2,2,1,224.74,1,11,1,3,3,1,7,3,3,2,2
4,10,10,50,0.8,1,3,1,1,1,237.97,1,2,1,3,1,3,15,3,1,1,3
4,10,10,51,0.2,3,1,2,2,1,255,1,18,3,3,1,1,12,1,3,1,3
4,10,10,52,0.2,1,2,1,1,1,243.46,1,2,3,1,3,1,5,1,3,2,2
4,10,10,53,0.1,1,2,1,1,1,285.39,1,11,1,3,1,3,1,3,3,2,2
4,10,10,54,0.1,1,2,1,1,1,297.26,1,6,3,3,3,3,20,1,3,2,2
4,10,10,55,1.8,3,1,2,2,1,213,1,2,1,3,3,1,1,3,1,3,1
4,10,10,56,0.05,1,1,1,1,1,285.15,1,2,3,3,3,3,4,3,1,3,1
4,10,10,57,1.8,1,2,1,1,1,235.95,1,12,3,1,3,1,17,1,3,2,2
4,10,10,58,0.4,3,2,2,2,1,246.1,1,12,1,1,3,3,9,3,3,2,2
4,10,10,59,0.1,1,3,1,1,1,289.79,1,2,1,1,1,1,5,3,3,1,1
4,10,10,60,1.8,1,1,1,1,1,256.87,1,7,3,3,3,3,9,1,1,1,1
4,10,10,61,1.8,2,3,2,2,1,252.53,1,16,1,3,2,2,11,3,3,1,1
4,10,10,62,0.1,2,2,2,1,0,289.29,1,4,3,1,2,2,17,1,3,2,2
4,10,10,63,0.2,3,3,2,2,1,261.47,1,18,1,1,3,3,2,3,3,1,1
4,10,10,64,0.2,1,3,1,1,1,226.7,1,18,1,3,1,3,12,1,3,3,1
4,10,10,65,1.8,1,1,1,2,0,253.97,1,6,3,3,3,3,1,3,1,3,1
4,10,10,66,0.1,1,2,1,1,1,279.54,1,17,3,3,3,3,19,1,3,2,2
4,10,10,67,1.8,1,3,1,2,0,238.85,1,17,3,1,3,1,1,1,1,3,3
4,10,10,68,0.2,1,2,1,1,1,285.27,1,6,3,1,3,1,12,3,1,2,2
4,10,10,69,0.4,1,2,1,1,1,277.04,1,15,1,1,1,1,13,1,3,2,2
4,10,10,70,0.4,3,2,2,2,1,273.77,1,2,3,3,1,1,16,3,1,2,2
4,10,10,71,0.1,3,3,2,2,1,328.01,0,15,1,1,3,3,2,3,1,1,3
4,10,10,72,0.05,3,2,2,2,1,270.06,1,11,3,1,1,3,2,1,3,2,2
4,10,10,73,0.1,1,3,1,1,1,300.03,0,9,1,3,1,3,17,1,1,3,3
4,10,10,74,0.4,1,1,1,1,1,240.68,1,16,3,3,3,3,18,3,3,3,3
4,10,10,75,0.8,1,3,1,1,1,231.1,1,14,3,1,3,1,1,3,3,1,1
4,10,10,76,0.1,2,1,2,2,1,315.51,0,5,3,3,2,2,16,3,1,3,1
4,10,10,77,0.4,1,2,NaN,NaN,NaN,NaN,NaN,2,1,3,1,3,19,3,1,2,2
4,10,10,78,1.8,1,3,1,1,1,251.63,1,14,3,3,3,3,19,3,1,1,3
