2,12,1,1,1.8,1,3,1,2,0,187.02,1,2,1,1,1,1,4,3,3,1,1
2,12,1,2,0.4,1,1,1,1,1,230.98,1,19,1,1,1,1,1,1,1,1,1
2,12,1,3,0.05,3,1,2,2,1,246.56,1,20,1,3,3,1,17,1,1,1,1
2,12,1,4,0.8,3,3,2,2,1,193.6,1,1,3,1,1,3,10,3,1,1,3
2,12,1,5,0.8,1,1,1,1,1,199.84,1,5,1,1,1,1,6,3,1,3,1
2,12,1,6,0.05,1,3,1,2,0,282.62,1,16,3,3,3,3,19,1,1,3,3
2,12,1,7,0.2,1,3,1,2,0,309.82,0,16,3,3,3,3,1,1,3,3,1
2,12,1,8,0.05,2,3,2,2,1,244.09,1,13,3,1,2,2,16,3,1,1,3
2,12,1,9,0.05,1,2,1,2,0,267.87,1,11,3,1,3,1,6,1,1,2,2
2,12,1,10,0.2,1,1,1,1,1,180.7,1,5,3,1,3,1,1,1,3,1,3
2,12,1,11,0.1,3,1,2,2,1,217.37,1,14,3,3,1,1,10,1,3,1,3
2,12,1,12,0.8,1,3,1,2,0,214.58,1,20,3,1,3,1,7,3,1,1,3
2,12,1,13,1.8,1,3,1,1,1,166.07,1,8,3,1,3,1,18,1,3,3,1
2,12,1,14,0.8,3,3,2,2,1,263.33,1,8,3,3,1,1,15,1,1,3,3
2,12,1,15,1.8,1,3,1,1,1,194.25,1,20,1,3,1,3,11,3,3,1,1
2,12,1,16,0.1,3,3,2,2,1,215.15,1,12,1,1,3,3,15,1,1,3,3
2,12,1,17,0.2,1,1,1,1,1,260.43,1,19,3,1,3,1,4,1,1,1,1
2,12,1,18,0.4,1,2,1,1,1,220.07,1,17,3,1,3,1,14,3,1,2,2
2,12,1,19,0.1,1,1,1,1,1,265.98,1,7,3,1,3,1,14,1,1,1,1
2,12,1,20,0.4,1,3,1,1,1,220.68,1,16,3,3,3,3,11,1,1,3,3
2,12,1,21,0.4,1,1,1,1,1,218.05,1,15,3,3,3,3,15,3,1,3,1
2,12,1,22,0.8,1,3,1,2,0,222.48,1,9,3,1,3,1,19,1,3,3,1
2,12,1,23,0.1,2,2,2,1,0,270.79,1,10,3,1,2,2,8,1,3,2,2
2,12,1,24,0.4,3,1,2,2,1,14.165,2,1,1,3,3,1,1,3,3,3,3
2,12,1,25,1.8,1,3,1,1,1,240.35,1,7,1,3,1,3,13,3,3,1,1
2,12,1,26,1.8,1,1,1,1,1,207.4,1,4,3,1,3,1,8,3,1,3,1
2,12,1,27,0.1,1,1,1,2,0,266.63,1,14,3,1,3,1,16,1,3,1,3
2,12,1,28,0.2,1,1,1,1,1,273.74,1,12,3,1,3,1,3,1,1,1,1
2,12,1,29,0.05,2,3,2,2,1,268.86,1,17,3,3,2,2,2,1,3,3,1
2,12,1,30,0.2,1,1,1,1,1,296.49,1,13,3,1,3,1,20,1,3,1,3
2,12,1,31,0.05,2,2,2,2,1,279.64,1,13,3,3,2,2,11,1,3,2,2
2,12,1,32,1.8,2,2,2,2,1,209.71,1,15,3,3,2,2,13,1,3,2,2
2,12,1,33,0.05,1,3,1,2,0,263.81,1,7,3,1,3,1,19,1,3,3,1
2,12,1,34,0.2,1,2,1,1,1,250.54,1,13,1,3,1,3,10,3,3,2,2
2,12,1,35,0.2,1,3,1,2,0,263.36,1,11,3,1,3,1,12,1,1,3,3
2,12,1,36,0.1,2,1,2,2,1,233.96,1,8,1,3,2,2,3,1,1,1,1
2,12,1,37,0.2,1,1,1,1,1,210.24,1,3,1,1,1,1,12,3,1,3,1
2,12,1,38,1.8,2,3,2,2,1,222.07,1,18,3,3,2,2,8,3,1,1,3
2,12,1,39,0.4,1,3,1,1,1,260.67,1,19,1,1,1,1,13,3,3,1,1
2,12,1,40,0.05,3,3,2,2,1,276.92,1,15,3,1,1,3,16,1,3,3,1
2,12,1,41,0.1,1,3,1,1,1,319.3,0,8,3,3,3,3,4,3,3,1,1
2,12,1,42,0.8,3,2,2,2,1,193.96,1,2,3,1,1,3,7,1,1,2,2
2,12,1,43,0.8,2,1,2,2,1,282.11,1,20,1,1,2,2,9,1,1,1,1
2,12,1,44,0.8,1,2,1,1,1,221.94,1,2,1,1,1,1,16,3,1,2,2
2,12,1,45,1.8,1,2,1,1,1,212.26,1,18,3,1,3,1,10,1,1,2,2
2,12,1,46,0.05,3,1,2,2,1,276.65,1,14,3,1,1,3,20,3,1,3,1
2,12,1,47,0.05,1,3,1,2,0,353.66,0,8,1,1,1,1,8,1,3,3,1
2,12,1,48,0.2,2,3,2,2,1,267.67,1,9,1,3,2,2,9,3,3,1,1
2,12,1,49,0.8,1,2,1,1,1,200.4,1,2,1,3,1,3,5,3,1,2,2
2,12,1,50,1.8,2,3,2,2,1,199.14,1,20,1,1,2,2,7,1,1,3,3
2,12,1,51,1.8,1,1,1,1,1,267.89,1,3,1,3,1,3,14,3,3,3,3
2,12,1,52,0.2,3,3,2,2,1,243.66,1,19,1,1,3,3,15,1,3,3,1
2,12,1,53,0.8,2,2,2,2,1,247.67,1,6,1,1,2,2,20,1,1,2,2
2,12,1,54,0.4,2,2,2,2,1,314.92,0,4,3,3,2,2,19,1,1,2,2
2,12,1,55,0.8,1,1,1,1,1,270.82,1,13,1,1,1,1,8,3,1,3,1
2,12,1,56,1.8,3,2,2,2,1,204.96,1,1,1,1,3,3,11,3,1,2,2
2,12,1,57,0.05,3,2,2,2,1,369.16,0,5,3,1,1,3,20,3,1,2,2
2,12,1,58,1.8,1,1,1,1,1,208.81,1,16,1,3,1,3,13,1,1,1,1
2,12,1,59,0.8,3,1,2,2,1,198.41,1,10,3,3,1,1,18,3,1,3,1
2,12,1,60,1.8,1,3,1,1,1,201.95,1,5,3,3,3,3,11,1,3,3,1
2,12,1,61,0.4,2,1,2,1,0,256.01,1,1,1,3,2,2,16,1,1,1,1
2,12,1,62,0.2,3,3,2,2,1,253.19,1,14,3,1,1,3,11,3,3,1,1
2,12,1,63,0.1,1,3,1,1,1,283.83,1,9,3,3,3,3,1,3,3,1,1
2,12,1,64,0.1,1,3,1,1,1,316.78,0,12,1,1,1,1,15,1,1,3,3
2,12,1,65,0.2,1,1,1,1,1,279.58,1,4,3,1,3,1,20,1,1,1,1
2,12,1,66,0.2,1,3,1,2,0,254.92,1,3,1,1,1,1,13,3,1,1,3
2,12,1,67,0.1,1,1,1,1,1,301.06,0,15,3,1,3,1,4,1,3,1,3
2,12,1,68,0.1,1,3,1,2,0,285.28,1,2,1,1,1,1,17,1,1,3,3
2,12,1,69,0.4,3,1,2,2,1,255.92,1,9,3,3,1,1,7,1,1,1,1
2,12,1,70,0.05,1,1,1,2,0,259.1,1,11,1,1,1,1,19,3,3,3,3
2,12,1,71,0.1,3,2,2,2,1,196.81,1,11,3,1,1,3,10,3,1,2,2
2,12,1,72,0.4,2,1,2,1,0,304.3,0,2,1,1,2,2,4,1,1,1,1
2,12,1,73,0.4,1,1,1,1,1,236.24,1,20,1,3,1,3,18,1,3,1,3
2,12,1,74,0.4,1,2,1,1,1,227.88,1,3,1,3,1,3,1,3,3,2,2
2,12,1,75,0.05,1,2,1,1,1,328.12,0,11,1,1,1,1,17,3,1,2,2
2,12,1,76,0.1,1,3,1,1,1,212.43,1,2,1,1,1,1,17,3,1,1,3
2,12,1,77,0.4,2,3,2,2,1,279.19,1,17,3,3,2,2,19,3,3,1,1
2,12,1,78,0.8,1,1,1,1,1,252.77,1,13,3,1,3,1,3,1,3,1,3
2,12,2,1,0.2,3,2,2,2,1,172.4,1,2,1,3,3,1,17,1,1,2,2
2,12,2,2,0.05,3,3,2,2,1,234.06,1,10,1,3,3,1,2,1,1,3,3
2,12,2,3,1.8,2,2,2,1,0,191.4,1,9,3,1,2,2,5,1,1,2,2
2,12,2,4,0.8,2,3,2,2,1,196.54,1,17,1,3,2,2,15,3,3,1,1
2,12,2,5,0.4,2,3,2,1,0,228.36,1,8,1,1,2,2,3,1,1,3,3
2,12,2,6,0.05,1,2,1,2,0,262.43,1,18,3,3,3,3,12,3,3,2,2
2,12,2,7,0.1,1,1,1,1,1,241.21,1,10,3,3,3,3,15,3,1,3,1
2,12,2,8,0.8,3,3,2,2,1,202.6,1,6,1,1,3,3,2,1,1,3,3
2,12,2,9,0.05,1,2,1,1,1,327.3,0,14,1,3,1,3,20,1,3,2,2
2,12,2,10,0.8,1,1,1,1,1,210.32,1,14,1,3,1,3,9,3,1,3,1
2,12,2,11,0.1,3,2,2,2,1,189.16,1,9,3,1,1,3,14,1,1,2,2
2,12,2,12,0.4,1,3,1,1,1,265.72,1,11,1,1,1,1,1,3,1,1,3
2,12,2,13,0.1,3,3,2,2,1,239.78,1,11,1,3,3,1,7,3,1,1,3
2,12,2,14,0.05,2,1,2,2,1,275.44,1,9,3,1,2,2,13,3,3,3,3
2,12,2,15,0.1,2,1,2,2,1,248.32,1,16,1,1,2,2,16,1,3,1,3
2,12,2,16,1.8,2,3,NaN,NaN,NaN,NaN,NaN,6,1,3,2,2,4,3,3,1,1
2,12,2,17,0.8,1,1,1,1,1,198.8,1,19,1,1,1,1,17,3,1,3,1
2,12,2,18,0.4,1,1,1,1,1,220.42,1,14,3,1,3,1,11,1,1,1,1
2,12,2,19,0.8,1,1,1,1,1,277.85,1,9,3,1,3,1,13,1,3,1,3
2,12,2,20,0.1,3,3,2,2,1,227.04,1,19,1,3,3,1,6,3,1,1,3
2,12,2,21,0.2,2,1,2,1,0,220.43,1,2,3,1,2,2,1,3,3,3,3
2,12,2,22,0.1,2,1,2,2,1,247.28,1,18,1,3,2,2,5,3,3,3,3
2,12,2,23,0.2,2,2,2,1,0,320.64,0,5,1,3,2,2,5,1,1,2,2
2,12,2,24,1.8,2,3,NaN,NaN,NaN,NaN,NaN,7,1,1,2,2,8,1,1,3,3
2,12,2,25,0.05,3,3,2,2,1,262.94,1,18,3,1,1,3,19,1,1,3,3
2,12,2,26,1.8,1,3,1,1,1,153.76,1,9,3,3,3,3,5,1,1,3,3
2,12,2,27,0.4,3,3,NaN,NaN,NaN,NaN,NaN,4,3,3,1,1,16,1,3,3,1
2,12,2,28,0.4,1,3,1,1,1,229.08,1,15,1,1,1,1,4,3,1,1,3
2,12,2,29,0.05,2,1,2,2,1,291.57,1,8,1,1,2,2,9,3,1,3,1
2,12,2,30,0.4,1,1,1,1,1,248.62,1,14,3,3,3,3,8,1,1,1,1
2,12,2,31,0.4,3,1,2,2,1,222.76,1,16,1,3,3,1,6,1,3,1,3
2,12,2,32,1.8,1,2,1,2,0,203.55,1,6,3,3,3,3,8,1,1,2,2
2,12,2,33,0.1,1,1,1,1,1,220.45,1,15,1,3,1,3,3,1,1,1,1
2,12,2,34,0.05,1,3,1,2,0,280.28,1,13,1,1,1,1,17,1,1,3,3
2,12,2,35,1.8,1,1,1,1,1,212.86,1,2,3,1,3,1,12,1,3,1,3
2,12,2,36,0.05,3,3,2,2,1,297.19,1,7,1,3,3,1,14,3,1,1,3
2,12,2,37,0.2,3,2,2,2,1,281.2,1,11,3,1,1,3,18,3,3,2,2
2,12,2,38,0.1,1,3,1,1,1,262.41,1,9,1,3,1,3,4,1,1,3,3
2,12,2,39,0.2,1,3,1,2,0,246.3,1,4,3,3,3,3,5,3,3,1,1
2,12,2,40,0.1,3,1,2,2,1,246.6,1,1,3,3,1,1,9,1,1,1,1
2,12,2,41,0.8,1,1,1,1,1,234.53,1,16,1,1,1,1,7,1,3,1,3
2,12,2,42,0.4,1,1,1,1,1,237.26,1,4,1,1,1,1,13,1,1,1,1
2,12,2,43,0.1,1,1,1,2,0,254.93,1,7,3,3,3,3,9,3,3,3,3
2,12,2,44,0.8,1,3,NaN,NaN,NaN,NaN,NaN,12,3,1,3,1,2,1,3,3,1
2,12,2,45,0.2,1,3,1,1,1,276.62,1,5,1,1,1,1,10,3,1,1,3
2,12,2,46,1.8,3,3,2,2,1,220.85,1,17,1,1,3,3,16,3,1,1,3
2,12,2,47,1.8,3,2,2,2,1,234.1,1,19,3,1,1,3,9,3,1,2,2
2,12,2,48,0.4,3,2,2,2,1,236.68,1,15,3,1,1,3,18,1,3,2,2
2,12,2,49,0.4,1,3,1,2,0,246.46,1,20,3,3,3,3,11,1,3,3,1
2,12,2,50,0.1,1,2,1,1,1,282.47,1,12,3,1,3,1,5,1,1,2,2
2,12,2,51,0.05,1,3,1,2,0,297.63,1,7,3,3,3,3,18,3,1,1,3
2,12,2,52,0.8,3,2,2,2,1,265.27,1,4,3,1,1,3,12,3,1,2,2
2,12,2,53,0.2,2,1,2,1,0,234.01,1,8,1,1,2,2,4,1,3,1,3
2,12,2,54,0.8,2,3,2,2,1,246.23,1,17,1,3,2,2,14,3,3,1,1
2,12,2,55,0.2,2,1,2,1,0,240.03,1,15,3,3,2,2,12,1,3,1,3
2,12,2,56,0.05,1,1,1,2,0,304.83,0,14,1,3,1,3,13,3,1,3,1
2,12,2,57,0.2,1,3,1,2,0,274.76,1,20,3,1,3,1,11,3,3,1,1
2,12,2,58,0.05,1,1,1,1,1,227.47,1,5,3,3,3,3,4,1,1,1,1
2,12,2,59,0.05,2,2,2,1,0,317.15,0,18,3,3,2,2,12,3,1,2,2
2,12,2,60,1.8,2,2,2,2,1,185.96,1,18,3,3,2,2,18,1,1,2,2
2,12,2,61,0.2,1,2,1,1,1,208.21,1,18,1,3,1,3,18,3,1,2,2
2,12,2,62,0.4,1,3,1,2,0,249.65,1,11,1,3,1,3,16,3,1,1,3
2,12,2,63,1.8,1,2,1,1,1,200.88,1,13,3,3,3,3,5,3,1,2,2
2,12,2,64,0.2,2,2,2,2,1,408.09,0,9,1,3,2,2,18,1,1,2,2
2,12,2,65,0.1,2,2,2,2,1,257.36,1,8,3,1,2,2,20,1,1,2,2
2,12,2,66,1.8,3,1,2,2,1,212.37,1,18,1,1,3,3,18,1,3,1,3
2,12,2,67,0.8,1,1,1,1,1,216.1,1,18,1,3,1,3,13,1,1,1,1
2,12,2,68,0.1,2,1,2,2,1,248.77,1,8,3,3,2,2,17,3,3,3,3
2,12,2,69,0.05,2,3,2,2,1,271.25,1,10,1,3,2,2,6,3,1,1,3
2,12,2,70,0.4,3,2,2,2,1,259.98,1,5,1,1,3,3,8,3,3,2,2
2,12,2,71,0.8,1,3,1,2,0,209.69,1,15,1,3,1,3,5,1,3,3,1
2,12,2,72,0.4,3,3,2,2,1,255.5,1,3,3,1,1,3,7,1,3,3,1
2,12,2,73,1.8,2,3,2,2,1,246.38,1,11,1,1,2,2,9,1,3,3,1
2,12,2,74,0.2,1,1,1,1,1,246.56,1,2,3,3,3,3,14,1,3,1,3
2,12,2,75,0.8,3,3,2,2,1,273.94,1,11,3,1,1,3,13,3,1,1,3
2,12,2,76,0.8,1,1,1,2,0,258.16,1,7,1,3,1,3,9,1,1,1,1
2,12,2,77,0.2,3,2,2,2,1,258.28,1,11,3,3,1,1,1,3,3,2,2
2,12,2,78,1.8,3,1,2,1,0,205.89,1,12,3,3,1,1,8,3,3,3,3
2,12,3,1,1.8,1,1,1,1,1,215.13,1,10,1,3,1,3,16,1,3,1,3
2,12,3,2,0.2,1,3,1,1,1,224.29,1,15,3,3,3,3,18,3,1,1,3
2,12,3,3,1.8,1,3,1,2,0,222.02,1,6,3,1,3,1,12,3,3,1,1
2,12,3,4,0.1,1,3,1,1,1,236.08,1,15,1,1,1,1,20,1,3,3,1
2,12,3,5,0.05,3,2,2,2,1,439.27,0,20,1,1,3,3,1,3,1,2,2
2,12,3,6,0.4,2,1,NaN,NaN,NaN,NaN,NaN,3,3,3,2,2,17,1,1,1,1
2,12,3,7,0.2,3,3,NaN,NaN,NaN,NaN,NaN,20,1,3,3,1,4,1,3,3,1
2,12,3,8,0.8,1,3,1,1,1,154.3,1,6,1,3,1,3,18,1,1,3,3
2,12,3,9,0.1,3,2,2,2,1,250.94,1,4,3,1,1,3,11,1,1,2,2
2,12,3,10,1.8,1,1,NaN,NaN,NaN,NaN,NaN,1,3,3,3,3,9,3,3,3,3
2,12,3,11,0.1,1,2,1,1,1,399.72,0,1,3,3,3,3,17,1,3,2,2
2,12,3,12,0.4,1,1,1,1,1,311.07,0,8,1,3,1,3,3,3,1,3,1
2,12,3,13,0.05,3,3,2,2,1,285.22,1,1,1,1,3,3,16,1,1,3,3
2,12,3,14,0.1,1,2,1,1,1,338.82,0,5,1,3,1,3,13,1,1,2,2
2,12,3,15,0.8,3,1,2,2,1,206.19,1,8,3,3,1,1,19,3,3,3,3
2,12,3,16,0.1,3,3,2,2,1,250.02,1,18,3,3,1,1,1,3,3,1,1
2,12,3,17,0.1,1,3,1,2,0,253.8,1,20,3,1,3,1,19,1,3,3,1
2,12,3,18,0.05,2,3,2,2,1,265.69,1,10,1,3,2,2,3,1,3,3,1
2,12,3,19,0.4,3,1,2,2,1,254,1,19,3,3,1,1,8,3,1,3,1
2,12,3,20,0.8,1,3,1,2,0,300.75,0,12,3,1,3,1,1,1,1,3,3
2,12,3,21,1.8,3,1,2,2,1,190.54,1,20,1,3,3,1,4,3,3,3,3
2,12,3,22,1.8,1,1,1,1,1,201.68,1,8,1,3,1,3,17,3,1,3,1
2,12,3,23,1.8,1,1,1,2,0,181.98,1,8,3,1,3,1,7,3,3,3,3
2,12,3,24,0.8,1,1,1,1,1,198.23,1,18,1,1,1,1,18,1,1,1,1
2,12,3,25,0.8,2,2,2,2,1,193.72,1,1,1,3,2,2,17,1,1,2,2
2,12,3,26,0.05,1,3,1,2,0,314.37,0,18,1,1,1,1,16,1,3,3,1
2,12,3,27,0.2,1,2,1,2,0,186.13,1,19,3,1,3,1,5,1,3,2,2
2,12,3,28,1.8,3,3,2,2,1,207.47,1,12,3,1,1,3,3,1,1,3,3
2,12,3,29,0.05,2,1,2,2,1,272.91,1,20,3,1,2,2,11,3,3,3,3
2,12,3,30,0.1,1,3,1,2,0,249.07,1,13,3,1,3,1,14,1,1,3,3
2,12,3,31,0.05,1,1,1,1,1,270.81,1,8,3,3,3,3,7,3,3,3,3
2,12,3,32,0.1,1,2,1,1,1,267.33,1,15,3,3,3,3,20,3,3,2,2
2,12,3,33,0.8,1,3,NaN,NaN,NaN,NaN,NaN,11,1,1,1,1,7,1,3,3,1
2,12,3,34,1.8,1,2,1,2,0,215.69,1,18,3,3,3,3,5,1,3,2,2
2,12,3,35,0.8,1,2,1,1,1,270.13,1,15,1,1,1,1,17,3,3,2,2
2,12,3,36,0.4,3,1,2,2,1,243.15,1,5,3,1,1,3,19,3,1,3,1
2,12,3,37,0.2,2,3,2,2,1,254.63,1,20,1,1,2,2,4,3,1,1,3
2,12,3,38,0.4,1,3,1,2,0,248.21,1,9,3,3,3,3,20,3,1,1,3
2,12,3,39,0.4,3,1,2,2,1,278.05,1,15,3,3,1,1,2,1,3,1,3
2,12,3,40,1.8,3,1,2,2,1,209.78,1,1,1,3,3,1,1,1,3,1,3
2,12,3,41,0.8,3,1,2,2,1,228.72,1,15,3,1,1,3,6,1,1,1,1
2,12,3,42,0.1,2,1,2,2,1,329.42,0,4,3,3,2,2,2,3,1,3,1
2,12,3,43,0.4,3,3,2,2,1,257.27,1,2,1,1,3,3,18,3,1,1,3
2,12,3,44,0.4,1,3,1,2,0,269.61,1,18,3,3,3,3,6,3,3,1,1
2,12,3,45,1.8,3,1,2,2,1,231.66,1,1,1,3,3,1,19,1,1,1,1
2,12,3,46,0.1,1,2,1,2,0,238.1,1,1,3,3,3,3,14,3,3,2,2
2,12,3,47,1.8,1,3,1,1,1,220.37,1,16,3,1,3,1,15,3,1,1,3
2,12,3,48,0.8,1,3,1,2,0,229.6,1,2,3,1,3,1,2,3,1,1,3
2,12,3,49,0.05,3,1,2,2,1,341.97,0,7,1,3,3,1,5,1,3,1,3
2,12,3,50,0.1,3,2,2,2,1,281.52,1,18,1,3,3,1,7,3,3,2,2
2,12,3,51,0.8,1,1,1,1,1,213.36,1,13,3,3,3,3,10,1,1,1,1
2,12,3,52,0.2,1,2,1,1,1,285.75,1,9,3,1,3,1,19,1,3,2,2
2,12,3,53,0.4,3,2,2,2,1,215.64,1,6,1,1,3,3,19,1,1,2,2
2,12,3,54,0.2,3,1,2,2,1,252.32,1,4,1,3,3,1,8,1,3,1,3
2,12,3,55,0.2,3,1,2,2,1,265.45,1,7,1,3,3,1,9,1,1,1,1
2,12,3,56,1.8,1,3,1,1,1,205.73,1,4,3,1,3,1,14,1,1,3,3
2,12,3,57,0.8,1,3,1,1,1,231.02,1,6,1,3,1,3,8,3,3,1,1
2,12,3,58,0.2,1,1,1,1,1,281.6,1,4,1,1,1,1,19,3,3,3,3
2,12,3,59,0.05,1,2,1,1,1,316.63,0,19,1,3,1,3,5,1,3,2,2
2,12,3,60,0.2,1,1,1,1,1,243.93,1,16,1,3,1,3,5,1,1,1,1
2,12,3,61,0.4,1,2,1,1,1,275.58,1,11,3,1,3,1,12,1,1,2,2
2,12,3,62,0.1,3,3,2,2,1,343.33,0,9,1,3,3,1,2,1,1,3,3
2,12,3,63,0.4,1,2,1,1,1,226.15,1,8,1,3,1,3,13,3,3,2,2
2,12,3,64,0.05,1,1,1,1,1,314.06,0,8,1,3,1,3,16,1,3,1,3
2,12,3,65,0.05,1,2,1,2,0,263.95,1,16,1,3,1,3,1,3,1,2,2
2,12,3,66,0.4,1,3,1,1,1,219.28,1,4,1,3,1,3,11,1,3,3,1
2,12,3,67,0.2,1,1,1,1,1,208.96,1,6,1,3,1,3,6,3,1,3,1
2,12,3,68,0.05,1,2,1,2,0,290.89,1,20,1,3,1,3,13,3,3,2,2
2,12,3,69,1.8,1,1,1,1,1,217.17,1,6,3,1,3,1,11,3,3,3,3
2,12,3,70,0.2,1,3,1,2,0,329.44,0,5,1,1,1,1,2,1,1,3,3
2,12,3,71,0.8,3,3,2,2,1,215.49,1,7,3,3,1,1,8,3,3,1,1
2,12,3,72,0.05,2,3,2,2,1,268.3,1,17,3,1,2,2,5,1,1,3,3
2,12,3,73,0.4,1,1,1,1,1,214.76,1,14,1,3,1,3,18,3,3,3,3
2,12,3,74,0.2,1,3,1,1,1,186.65,1,1,1,3,1,3,8,1,3,3,1
2,12,3,75,0.2,1,2,1,1,1,293.53,1,17,1,1,1,1,20,3,3,2,2
2,12,3,76,0.8,1,2,1,1,1,200.99,1,15,3,1,3,1,10,1,3,2,2
2,12,3,77,0.1,2,2,2,1,0,302.41,0,17,3,3,2,2,10,3,1,2,2
2,12,3,78,0.05,3,3,2,2,1,269.13,1,15,1,3,3,1,8,1,1,3,3
2,12,4,1,0.2,1,1,1,1,1,260.75,1,11,3,1,3,1,4,3,3,3,3
2,12,4,2,0.05,1,2,1,1,1,276.73,1,2,1,1,1,1,4,1,3,2,2
2,12,4,3,0.05,3,1,2,2,1,292.58,1,14,3,3,1,1,8,3,3,3,3
2,12,4,4,0.2,1,1,1,1,1,253.98,1,5,1,1,1,1,3,1,1,1,1
2,12,4,5,0.8,2,3,2,2,1,220.11,1,6,1,3,2,2,2,1,3,3,1
2,12,4,6,1.8,1,1,1,1,1,261.8,1,20,1,1,1,1,10,1,3,1,3
2,12,4,7,0.2,2,2,2,2,1,245.39,1,1,3,3,2,2,10,1,1,2,2
2,12,4,8,0.4,2,1,2,1,0,205.13,1,15,1,3,2,2,14,3,3,3,3
2,12,4,9,0.2,1,1,1,2,0,193.03,1,6,3,1,3,1,1,1,1,1,1
2,12,4,10,0.8,1,3,1,1,1,216.6,1,7,1,1,1,1,15,1,1,3,3
2,12,4,11,1.8,3,2,2,2,1,198.55,1,12,3,3,1,1,3,3,3,2,2
2,12,4,12,0.2,3,3,2,2,1,276,1,16,3,1,1,3,8,1,1,3,3
2,12,4,13,0.1,1,3,1,2,0,705.49,0,7,1,3,1,3,15,3,3,1,1
2,12,4,14,1.8,1,1,1,1,1,198.09,1,20,3,3,3,3,8,1,1,1,1
2,12,4,15,0.05,2,1,2,2,1,359.84,0,4,3,3,2,2,5,3,1,3,1
2,12,4,16,0.4,2,2,2,2,1,249.19,1,9,3,1,2,2,20,1,1,2,2
2,12,4,17,0.8,3,3,2,2,1,197.75,1,8,1,1,3,3,12,1,3,3,1
2,12,4,18,0.05,2,2,2,2,1,288.78,1,12,1,3,2,2,16,3,1,2,2
2,12,4,19,0.1,1,2,1,1,1,287.44,1,16,3,1,3,1,11,1,1,2,2
2,12,4,20,0.05,1,3,1,2,0,253.63,1,4,3,3,3,3,12,3,3,1,1
2,12,4,21,0.8,3,3,NaN,NaN,NaN,NaN,NaN,11,1,1,3,3,2,3,1,1,3
2,12,4,22,0.8,2,3,2,2,1,270.43,1,5,1,3,2,2,2,3,3,1,1
2,12,4,23,0.1,1,2,1,2,0,286.66,1,19,1,1,1,1,17,1,3,2,2
2,12,4,24,0.2,3,3,2,2,1,292.97,1,13,1,3,3,1,17,1,1,3,3
2,12,4,25,0.1,1,1,1,1,1,158.63,1,12,3,1,3,1,5,3,3,3,3
2,12,4,26,0.8,1,1,1,1,1,228.87,1,13,3,3,3,3,7,3,1,3,1
2,12,4,27,0.4,2,2,2,2,1,254.4,1,13,3,3,2,2,1,3,1,2,2
2,12,4,28,0.4,3,1,2,2,1,260.11,1,17,1,3,3,1,3,1,1,1,1
2,12,4,29,0.2,1,3,1,2,0,342.13,0,7,1,1,1,1,16,3,3,1,1
2,12,4,30,0.05,1,1,1,1,1,256.84,1,17,3,1,3,1,15,3,3,3,3
2,12,4,31,0.2,2,2,2,2,1,183.37,1,16,1,3,2,2,14,1,3,2,2
2,12,4,32,0.05,3,3,2,2,1,288.33,1,13,3,3,1,1,20,1,1,3,3
2,12,4,33,1.8,3,1,2,2,1,245.69,1,6,1,1,3,3,14,1,1,1,1
2,12,4,34,0.2,1,3,1,2,0,252.64,1,2,1,1,1,1,16,3,3,1,1
2,12,4,35,0.8,2,3,NaN,NaN,NaN,NaN,NaN,6,1,3,2,2,4,3,1,1,3
2,12,4,36,0.4,2,1,2,2,1,246.38,1,1,3,3,2,2,12,3,1,3,1
2,12,4,37,0.1,1,3,1,1,1,275.21,1,6,3,3,3,3,15,3,1,1,3
2,12,4,38,1.8,2,1,2,2,1,238.28,1,13,1,1,2,2,14,3,1,3,1
2,12,4,39,0.1,2,2,2,2,1,276.01,1,12,3,1,2,2,20,1,3,2,2
2,12,4,40,0.8,1,3,1,1,1,258.42,1,15,3,3,3,3,7,3,1,1,3
2,12,4,41,0.8,2,2,2,2,1,215.03,1,9,3,1,2,2,8,1,3,2,2
2,12,4,42,0.2,1,1,1,2,0,321.86,0,3,3,1,3,1,14,1,3,1,3
2,12,4,43,1.8,1,3,1,2,0,185.86,1,5,1,1,1,1,3,3,1,1,3
2,12,4,44,0.05,2,1,2,2,1,253.44,1,9,3,3,2,2,19,1,3,1,3
2,12,4,45,0.1,1,2,1,2,0,216.69,1,2,3,3,3,3,20,1,1,2,2
2,12,4,46,1.8,2,1,2,2,1,200.68,1,16,3,1,2,2,5,3,3,3,3
2,12,4,47,1.8,3,3,2,2,1,213.71,1,8,1,3,3,1,4,3,3,1,1
2,12,4,48,0.1,2,3,2,2,1,271.16,1,13,1,1,2,2,13,3,1,1,3
2,12,4,49,0.1,1,1,1,2,0,289.1,1,4,3,1,3,1,11,1,1,1,1
2,12,4,50,0.05,3,3,2,2,1,217.28,1,6,3,1,1,3,9,1,1,3,3
2,12,4,51,0.1,2,2,2,2,1,358.19,0,8,3,1,2,2,14,3,3,2,2
2,12,4,52,0.1,1,2,1,2,0,256.47,1,17,3,1,3,1,2,1,1,2,2
2,12,4,53,1.8,2,1,NaN,NaN,NaN,NaN,NaN,6,3,3,2,2,12,1,3,1,3
2,12,4,54,0.4,3,2,2,2,1,-7.3349,2,1,1,1,3,3,15,1,1,2,2
2,12,4,55,0.4,2,2,2,2,1,260.49,1,7,3,3,2,2,11,1,1,2,2
2,12,4,56,0.8,1,3,1,1,1,296.76,1,5,3,1,3,1,13,1,1,3,3
2,12,4,57,0.05,1,1,1,1,1,314.26,0,2,1,3,1,3,4,1,3,1,3
2,12,4,58,0.8,1,1,1,1,1,205.48,1,2,3,1,3,1,9,3,1,3,1
2,12,4,59,0.4,1,3,1,1,1,240.21,1,12,1,1,1,1,20,1,3,3,1
2,12,4,60,0.05,3,1,2,2,1,306.79,0,3,1,3,3,1,4,3,1,3,1
2,12,4,61,1.8,1,2,1,2,0,143.61,1,17,1,1,1,1,20,1,1,2,2
2,12,4,62,0.4,1,1,1,2,0,308.89,0,10,3,1,3,1,15,3,1,3,1
2,12,4,63,0.1,2,1,2,1,0,266.24,1,5,3,3,2,2,1,1,1,1,1
2,12,4,64,0.4,1,2,1,1,1,236.15,1,17,3,3,3,3,13,3,1,2,2
2,12,4,65,0.1,3,2,2,2,1,232.34,1,9,1,1,3,3,11,3,3,2,2
2,12,4,66,0.4,2,2,2,1,0,236.43,1,12,3,3,2,2,14,1,3,2,2
2,12,4,67,0.05,2,2,2,2,1,271.41,1,5,1,1,2,2,11,3,3,2,2
2,12,4,68,1.8,2,2,2,2,1,230.3,1,17,1,3,2,2,6,3,3,2,2
2,12,4,69,0.8,1,3,1,2,0,285.67,1,2,3,1,3,1,18,1,3,3,1
2,12,4,70,0.2,2,1,2,2,1,313.21,0,15,3,1,2,2,16,3,1,3,1
2,12,4,71,1.8,1,1,NaN,NaN,NaN,NaN,NaN,16,1,1,1,1,15,3,3,3,3
2,12,4,72,0.2,3,2,2,2,1,241.43,1,14,3,3,1,1,7,3,1,2,2
2,12,4,73,1.8,1,1,1,1,1,240.23,1,1,3,1,3,1,4,1,1,1,1
2,12,4,74,0.4,2,1,2,2,1,273.88,1,2,1,1,2,2,5,1,1,1,1
2,12,4,75,0.4,1,2,1,1,1,251.73,1,13,1,1,1,1,20,3,1,2,2
2,12,4,76,0.2,1,2,1,2,0,273.3,1,15,3,3,3,3,17,1,3,2,2
2,12,4,77,0.05,2,2,2,2,1,318.53,0,16,1,3,2,2,5,3,3,2,2
2,12,4,78,0.8,2,3,2,2,1,226.84,1,17,1,3,2,2,18,1,1,3,3
2,12,5,1,0.05,2,1,2,2,1,266.01,1,15,3,1,2,2,10,3,3,3,3
2,12,5,2,0.8,3,1,NaN,NaN,NaN,NaN,NaN,5,1,3,3,1,18,1,3,1,3
2,12,5,3,0.4,1,2,1,1,1,256.3,1,2,1,1,1,1,13,1,3,2,2
2,12,5,4,0.1,1,2,1,1,1,254.22,1,8,1,3,1,3,4,1,3,2,2
2,12,5,5,0.8,1,1,1,1,1,236.59,1,6,1,1,1,1,3,1,3,1,3
2,12,5,6,0.05,1,3,1,1,1,281.77,1,12,1,3,1,3,19,3,3,1,1
2,12,5,7,0.05,1,3,1,2,0,267.76,1,9,1,3,1,3,20,3,3,1,1
2,12,5,8,0.05,1,1,1,1,1,332.02,0,8,3,3,3,3,4,1,3,1,3
2,12,5,9,0.05,1,2,1,1,1,243.64,1,5,3,1,3,1,3,1,3,2,2
2,12,5,10,0.8,1,3,1,2,0,284.99,1,13,3,3,3,3,7,1,1,3,3
2,12,5,11,0.05,3,1,2,2,1,295.64,1,5,1,1,3,3,19,3,1,3,1
2,12,5,12,0.2,2,1,2,1,0,262.01,1,17,1,1,2,2,4,3,1,3,1
2,12,5,13,0.05,1,3,1,2,0,282.88,1,20,3,3,3,3,3,1,3,3,1
2,12,5,14,0.8,1,2,1,1,1,254.89,1,12,3,3,3,3,13,3,1,2,2
2,12,5,15,1.8,1,1,1,1,1,199.41,1,7,1,3,1,3,20,3,3,3,3
2,12,5,16,0.05,3,3,2,2,1,307.42,0,5,1,1,3,3,18,1,3,3,1
2,12,5,17,1.8,1,2,NaN,NaN,NaN,NaN,NaN,13,1,3,1,3,20,3,3,2,2
2,12,5,18,0.2,2,2,2,2,1,270.71,1,16,3,1,2,2,4,1,1,2,2
2,12,5,19,0.8,2,1,2,2,1,200.41,1,18,1,1,2,2,18,3,3,3,3
2,12,5,20,0.2,2,2,2,2,1,310.93,0,13,3,1,2,2,14,1,3,2,2
2,12,5,21,0.4,1,1,1,1,1,309.25,0,9,3,3,3,3,3,3,3,3,3
2,12,5,22,0.1,1,2,1,2,0,271.08,1,4,3,3,3,3,20,3,1,2,2
2,12,5,23,0.8,2,2,2,2,1,176.12,1,8,3,1,2,2,16,3,1,2,2
2,12,5,24,0.8,2,2,2,2,1,249.2,1,3,1,1,2,2,7,3,3,2,2
2,12,5,25,0.4,3,1,2,2,1,232.56,1,19,1,1,3,3,13,3,1,3,1
2,12,5,26,1.8,1,1,1,1,1,209.62,1,19,1,1,1,1,1,1,3,1,3
2,12,5,27,1.8,3,3,NaN,NaN,NaN,NaN,NaN,20,1,3,3,1,10,3,1,1,3
2,12,5,28,0.2,3,3,2,2,1,262.84,1,18,3,1,1,3,15,3,3,1,1
2,12,5,29,1.8,2,1,2,2,1,246.97,1,7,3,3,2,2,17,1,3,1,3
2,12,5,30,0.05,1,3,1,2,0,509.69,0,7,3,3,3,3,16,3,1,1,3
2,12,5,31,0.4,3,2,2,2,1,239.13,1,9,1,3,3,1,18,3,3,2,2
2,12,5,32,0.8,1,3,1,1,1,215.98,1,20,3,1,3,1,17,3,3,1,1
2,12,5,33,0.2,3,3,2,2,1,165.55,1,2,1,1,3,3,4,1,3,3,1
2,12,5,34,0.05,1,3,1,1,1,275.88,1,11,1,1,1,1,14,3,3,1,1
2,12,5,35,1.8,1,2,1,1,1,208.7,1,20,3,3,3,3,5,3,3,2,2
2,12,5,36,0.05,2,2,2,2,1,290.15,1,18,3,1,2,2,4,3,1,2,2
2,12,5,37,0.1,1,3,1,2,0,289.02,1,13,3,1,3,1,11,3,3,1,1
2,12,5,38,0.1,2,3,2,2,1,246.05,1,8,3,1,2,2,3,1,1,3,3
2,12,5,39,0.2,3,1,2,2,1,124,1,1,3,3,1,1,7,3,3,3,3
2,12,5,40,0.2,2,2,2,2,1,291.67,1,12,1,3,2,2,1,3,1,2,2
2,12,5,41,0.2,1,3,1,2,0,219.45,1,1,1,3,1,3,9,1,3,3,1
2,12,5,42,0.05,1,1,1,1,1,266.07,1,2,3,1,3,1,20,3,1,3,1
2,12,5,43,1.8,1,1,1,1,1,253.19,1,4,3,1,3,1,11,3,1,3,1
2,12,5,44,0.8,1,1,1,1,1,223.98,1,7,1,3,1,3,1,1,1,1,1
2,12,5,45,0.4,2,2,2,1,0,267.32,1,2,3,1,2,2,20,3,1,2,2
2,12,5,46,0.4,1,1,1,1,1,229.06,1,10,1,3,1,3,20,1,1,1,1
2,12,5,47,0.8,1,3,1,2,0,281.93,1,18,1,1,1,1,2,1,3,3,1
2,12,5,48,0.1,1,3,1,1,1,296.16,1,15,3,3,3,3,5,1,1,3,3
2,12,5,49,0.8,1,2,1,1,1,326.63,0,7,1,3,1,3,13,1,3,2,2
2,12,5,50,0.1,1,2,1,1,1,239.26,1,12,1,1,1,1,2,1,1,2,2
2,12,5,51,0.2,3,2,2,2,1,232.44,1,19,3,1,1,3,15,1,1,2,2
2,12,5,52,0.4,1,1,1,1,1,215.02,1,15,3,3,3,3,16,3,3,3,3
2,12,5,53,0.4,1,1,1,1,1,230.38,1,14,3,1,3,1,1,3,1,3,1
2,12,5,54,1.8,1,1,1,1,1,204.83,1,12,3,3,3,3,11,3,1,3,1
2,12,5,55,0.4,2,2,2,2,1,288.89,1,18,3,1,2,2,19,1,1,2,2
2,12,5,56,0.8,2,3,2,2,1,213.13,1,3,1,3,2,2,13,1,3,3,1
2,12,5,57,0.1,2,3,2,2,1,263.43,1,13,3,1,2,2,16,1,1,3,3
2,12,5,58,0.2,1,3,1,2,0,288.72,1,6,1,1,1,1,16,3,1,1,3
2,12,5,59,0.8,1,2,1,1,1,179.57,1,15,3,3,3,3,19,3,1,2,2
2,12,5,60,0.4,1,3,1,2,0,248.22,1,6,3,1,3,1,8,1,1,3,3
2,12,5,61,1.8,2,1,2,1,0,179.28,1,4,3,1,2,2,16,1,1,1,1
2,12,5,62,0.1,1,1,1,2,0,275.98,1,19,3,1,3,1,5,1,3,1,3
2,12,5,63,1.8,1,1,1,1,1,210.79,1,16,1,1,1,1,13,1,1,1,1
2,12,5,64,0.1,1,1,1,2,0,290.21,1,10,1,1,1,1,6,3,1,3,1
2,12,5,65,0.4,2,2,2,2,1,249.33,1,14,3,1,2,2,5,1,1,2,2
2,12,5,66,0.1,1,1,1,2,0,286.26,1,20,1,1,1,1,10,1,1,1,1
2,12,5,67,0.1,1,1,1,2,0,231.73,1,9,3,3,3,3,7,1,3,1,3
2,12,5,68,0.2,3,1,2,2,1,250.56,1,18,1,1,3,3,2,1,1,1,1
2,12,5,69,0.4,1,3,1,1,1,303.61,0,2,1,1,1,1,18,3,1,1,3
2,12,5,70,0.05,1,3,1,1,1,287.58,1,15,1,3,1,3,18,3,1,1,3
2,12,5,71,1.8,2,1,2,2,1,226.14,1,5,1,3,2,2,19,3,3,3,3
2,12,5,72,0.1,3,3,2,2,1,242.29,1,9,3,1,1,3,19,1,3,3,1
2,12,5,73,0.1,2,3,2,2,1,280.31,1,3,1,3,2,2,17,1,1,3,3
2,12,5,74,0.2,1,3,1,2,0,278.13,1,10,3,3,3,3,3,1,1,3,3
2,12,5,75,0.4,1,2,1,1,1,243.03,1,7,1,3,1,3,17,1,3,2,2
2,12,5,76,0.2,2,2,2,2,1,256.12,1,17,3,1,2,2,18,1,1,2,2
2,12,5,77,1.8,1,1,1,1,1,136.54,1,12,3,3,3,3,5,3,1,3,1
2,12,5,78,1.8,1,3,1,1,1,175.92,1,10,3,1,3,1,10,3,3,1,1
2,12,6,1,0.2,1,1,1,2,0,236.02,1,16,3,3,3,3,7,3,3,3,3
2,12,6,2,0.1,3,3,2,2,1,238.8,1,8,1,3,3,1,4,1,3,3,1
2,12,6,3,0.4,2,2,2,2,1,220.26,1,13,1,1,2,2,12,1,3,2,2
2,12,6,4,0.4,1,2,1,1,1,150.34,1,6,1,3,1,3,19,3,1,2,2
2,12,6,5,0.8,1,1,1,1,1,220.74,1,6,3,3,3,3,3,1,1,1,1
2,12,6,6,0.1,3,3,2,2,1,233.65,1,1,1,1,3,3,5,3,3,1,1
2,12,6,7,0.1,2,3,2,2,1,259.63,1,10,1,3,2,2,1,3,3,1,1
2,12,6,8,1.8,1,1,NaN,NaN,NaN,NaN,NaN,15,1,1,1,1,17,1,1,1,1
2,12,6,9,0.1,1,3,1,2,0,236.03,1,20,3,1,3,1,15,3,3,1,1
2,12,6,10,0.2,2,2,2,1,0,216.78,1,4,1,1,2,2,16,3,1,2,2
2,12,6,11,0.1,3,3,2,2,1,233.78,1,18,3,3,1,1,14,3,1,1,3
2,12,6,12,1.8,1,1,1,1,1,238.33,1,8,1,1,1,1,19,1,3,1,3
2,12,6,13,0.05,1,1,1,2,0,308.51,0,20,3,1,3,1,4,1,3,1,3
2,12,6,14,1.8,1,2,1,1,1,212.38,1,3,3,3,3,3,14,1,3,2,2
2,12,6,15,0.4,2,3,2,2,1,241.8,1,4,1,1,2,2,10,1,3,3,1
2,12,6,16,0.8,2,3,2,2,1,260.3,1,10,1,3,2,2,12,1,1,3,3
2,12,6,17,0.05,1,1,1,2,0,261.81,1,10,1,3,1,3,3,3,1,3,1
2,12,6,18,0.4,1,3,1,1,1,248.62,1,6,1,1,1,1,17,3,3,1,1
2,12,6,19,0.1,1,2,1,2,0,242.42,1,11,3,3,3,3,14,1,3,2,2
2,12,6,20,0.8,2,2,2,2,1,219.45,1,14,1,3,2,2,19,3,3,2,2
2,12,6,21,0.4,2,3,2,2,1,270.25,1,13,3,3,2,2,13,3,3,1,1
2,12,6,22,0.8,1,3,1,1,1,243.2,1,17,3,3,3,3,2,1,1,3,3
2,12,6,23,1.8,1,1,1,1,1,196.63,1,18,3,3,3,3,4,1,1,1,1
2,12,6,24,0.05,2,2,2,1,0,311.64,0,18,1,3,2,2,16,3,3,2,2
2,12,6,25,0.05,1,2,1,1,1,251.09,1,1,3,1,3,1,2,1,3,2,2
2,12,6,26,0.2,2,1,2,2,1,217.87,1,2,1,3,2,2,20,3,3,3,3
2,12,6,27,0.4,3,2,2,2,1,291.28,1,19,3,1,1,3,16,3,1,2,2
2,12,6,28,0.8,1,1,1,1,1,193.4,1,20,3,3,3,3,2,1,1,1,1
2,12,6,29,0.2,1,3,1,2,0,285.74,1,12,3,1,3,1,18,3,1,1,3
2,12,6,30,0.8,1,1,1,1,1,247.85,1,6,1,1,1,1,12,1,1,1,1
2,12,6,31,0.05,1,3,1,1,1,257.11,1,17,1,1,1,1,16,3,1,1,3
2,12,6,32,0.1,1,2,1,1,1,250.57,1,14,3,3,3,3,1,1,3,2,2
2,12,6,33,0.2,2,1,2,2,1,238.55,1,16,3,3,2,2,17,3,1,3,1
2,12,6,34,0.2,1,3,1,1,1,329.66,0,18,3,1,3,1,6,1,3,3,1
2,12,6,35,1.8,1,2,1,1,1,198.6,1,2,3,1,3,1,10,3,3,2,2
2,12,6,36,1.8,1,1,1,1,1,159.42,1,3,3,3,3,3,17,3,3,3,3
2,12,6,37,0.8,1,2,1,1,1,231.2,1,6,3,3,3,3,16,3,1,2,2
2,12,6,38,0.1,3,3,2,2,1,264.13,1,6,1,1,3,3,2,1,3,3,1
2,12,6,39,0.1,2,2,2,2,1,261.8,1,3,3,3,2,2,6,1,3,2,2
2,12,6,40,0.05,1,2,1,1,1,251.77,1,5,3,3,3,3,17,3,1,2,2
2,12,6,41,0.05,1,2,1,1,1,305.8,0,12,3,3,3,3,12,3,1,2,2
2,12,6,42,0.1,3,1,2,2,1,239.68,1,6,1,1,3,3,5,1,3,1,3
2,12,6,43,0.8,2,3,2,2,1,227.45,1,11,1,1,2,2,13,1,1,3,3
2,12,6,44,0.05,1,3,1,2,0,275.13,1,20,1,3,1,3,5,1,1,3,3
2,12,6,45,0.4,1,3,1,2,0,248.01,1,20,3,3,3,3,20,1,1,3,3
2,12,6,46,1.8,1,1,1,1,1,60.053,2,2,3,3,3,3,7,1,1,1,1
2,12,6,47,0.8,1,1,1,1,1,241.84,1,14,3,3,3,3,8,3,3,3,3
2,12,6,48,0.2,1,3,1,1,1,276.93,1,19,3,1,3,1,15,1,3,3,1
2,12,6,49,1.8,3,1,2,2,1,221.76,1,9,3,1,1,3,19,1,1,1,1
2,12,6,50,0.2,1,2,1,1,1,278.29,1,15,3,1,3,1,19,1,1,2,2
2,12,6,51,1.8,2,1,2,2,1,230.61,1,15,1,1,2,2,13,1,1,1,1
2,12,6,52,0.4,2,3,2,2,1,317.78,0,10,3,1,2,2,18,1,3,3,1
2,12,6,53,0.05,2,2,2,2,1,327.96,0,15,3,1,2,2,9,1,1,2,2
2,12,6,54,0.4,1,2,1,1,1,263.88,1,8,3,1,3,1,6,3,3,2,2
2,12,6,55,0.8,3,1,2,2,1,267.22,1,10,1,3,3,1,5,1,1,1,1
2,12,6,56,0.05,2,1,2,2,1,303.36,0,7,1,1,2,2,1,3,1,3,1
2,12,6,57,0.4,3,1,2,2,1,288.94,1,18,1,3,3,1,13,1,3,1,3
2,12,6,58,0.1,1,2,1,1,1,227.69,1,19,1,1,1,1,8,3,3,2,2
2,12,6,59,0.2,1,1,1,2,0,270.78,1,13,1,3,1,3,15,1,3,1,3
2,12,6,60,0.8,3,1,NaN,NaN,NaN,NaN,NaN,16,1,1,3,3,11,3,3,3,3
2,12,6,61,0.2,3,2,2,2,1,290.8,1,1,3,1,1,3,11,3,3,2,2
2,12,6,62,0.2,3,3,2,2,1,266.33,1,13,3,3,1,1,1,1,1,3,3
2,12,6,63,1.8,1,1,1,1,1,171.43,1,9,1,1,1,1,13,1,1,1,1
2,12,6,64,0.8,2,2,2,2,1,169.95,1,13,1,3,2,2,14,3,1,2,2
2,12,6,65,0.8,3,3,2,2,1,218.21,1,18,3,1,1,3,15,3,1,1,3
2,12,6,66,0.05,2,1,2,2,1,269.14,1,18,3,3,2,2,18,1,1,1,1
2,12,6,67,0.05,1,2,1,2,0,283.66,1,19,1,1,1,1,9,1,3,2,2
2,12,6,68,1.8,3,3,2,2,1,199.56,1,13,1,1,3,3,19,1,3,3,1
2,12,6,69,1.8,2,3,2,2,1,190.94,1,4,1,1,2,2,17,1,1,3,3
2,12,6,70,0.4,3,2,2,2,1,237.38,1,20,1,3,3,1,16,3,1,2,2
2,12,6,71,0.1,1,3,1,1,1,280.15,1,4,3,1,3,1,2,1,3,3,1
2,12,6,72,0.2,3,3,2,2,1,231.55,1,19,3,1,1,3,5,3,1,1,3
2,12,6,73,0.05,3,1,2,2,1,259.68,1,8,1,1,3,3,19,1,3,1,3
2,12,6,74,0.4,1,3,1,1,1,275.08,1,4,1,1,1,1,13,1,1,3,3
2,12,6,75,0.4,1,2,1,1,1,221.99,1,7,3,1,3,1,16,3,3,2,2
2,12,6,76,0.2,1,3,1,1,1,257.9,1,8,1,3,1,3,3,1,1,3,3
2,12,6,77,0.1,2,1,2,2,1,274.28,1,7,3,1,2,2,7,1,1,1,1
2,12,6,78,1.8,2,1,2,2,1,208.97,1,19,3,1,2,2,13,3,1,3,1
2,12,7,1,0.8,1,1,1,1,1,238.12,1,15,3,3,3,3,17,1,3,1,3
2,12,7,2,0.4,1,3,1,1,1,254.83,1,3,1,3,1,3,16,3,1,1,3
2,12,7,3,0.8,1,3,1,1,1,202.88,1,5,1,1,1,1,13,1,3,3,1
2,12,7,4,0.05,2,1,2,2,1,307.98,0,1,1,3,2,2,6,3,3,3,3
2,12,7,5,0.2,1,3,1,2,0,300.98,0,1,1,1,1,1,17,1,3,3,1
2,12,7,6,0.8,3,3,2,2,1,206.28,1,1,3,1,1,3,4,1,3,3,1
2,12,7,7,1.8,1,2,1,1,1,202.12,1,7,1,3,1,3,18,1,3,2,2
2,12,7,8,0.05,1,3,1,2,0,287.05,1,2,1,3,1,3,6,1,3,3,1
2,12,7,9,1.8,2,3,2,2,1,211.46,1,10,3,3,2,2,3,1,1,3,3
2,12,7,10,1.8,2,3,2,2,1,160.22,1,1,3,3,2,2,11,1,1,3,3
2,12,7,11,0.4,1,3,1,1,1,259.49,1,14,3,3,3,3,2,1,1,3,3
2,12,7,12,1.8,1,3,1,2,0,386.88,0,17,3,3,3,3,18,1,1,3,3
2,12,7,13,0.4,2,2,2,2,1,246.83,1,16,1,3,2,2,16,3,3,2,2
2,12,7,14,0.4,3,1,2,2,1,225.45,1,16,3,1,1,3,10,3,1,3,1
2,12,7,15,0.8,2,2,2,1,0,249.92,1,11,3,1,2,2,1,3,1,2,2
2,12,7,16,0.1,2,1,2,1,0,309.04,0,5,3,3,2,2,1,1,3,1,3
2,12,7,17,0.8,2,3,2,2,1,254.79,1,5,3,1,2,2,17,3,1,1,3
2,12,7,18,0.2,1,1,1,1,1,295.08,1,17,3,1,3,1,7,1,1,1,1
2,12,7,19,0.1,3,1,2,2,1,293.26,1,11,1,1,3,3,15,1,3,1,3
2,12,7,20,0.1,1,2,1,2,0,274.24,1,2,1,3,1,3,18,3,1,2,2
2,12,7,21,0.2,3,3,2,2,1,235.68,1,20,3,1,1,3,1,3,1,1,3
2,12,7,22,0.4,1,1,1,1,1,232.39,1,12,1,3,1,3,4,3,3,3,3
2,12,7,23,0.4,2,1,2,2,1,244.2,1,16,1,3,2,2,19,1,1,1,1
2,12,7,24,0.4,3,2,2,2,1,220.16,1,10,3,1,1,3,8,3,3,2,2
2,12,7,25,0.05,1,3,1,1,1,257.36,1,7,1,3,1,3,9,3,1,1,3
2,12,7,26,0.8,2,2,2,2,1,226.39,1,8,3,3,2,2,10,1,1,2,2
2,12,7,27,0.8,1,3,1,2,0,238.1,1,19,3,1,3,1,7,3,3,1,1
2,12,7,28,0.1,1,1,1,1,1,252.01,1,5,3,1,3,1,9,1,1,1,1
2,12,7,29,0.8,3,2,2,2,1,191.3,1,10,3,1,1,3,17,3,1,2,2
2,12,7,30,0.05,3,1,2,2,1,328.26,0,10,1,3,3,1,13,3,1,3,1
2,12,7,31,1.8,2,3,2,2,1,179.6,1,7,1,3,2,2,13,1,3,3,1
2,12,7,32,0.2,1,1,1,1,1,211.94,1,10,3,3,3,3,16,1,1,1,1
2,12,7,33,0.8,2,3,2,2,1,235.31,1,6,1,3,2,2,12,1,1,3,3
2,12,7,34,0.05,3,1,2,2,1,327.51,0,9,1,1,3,3,8,3,1,3,1
2,12,7,35,0.2,1,2,1,1,1,273.21,1,17,3,3,3,3,17,3,3,2,2
2,12,7,36,0.4,1,2,1,1,1,257.68,1,20,1,3,1,3,12,3,3,2,2
2,12,7,37,0.1,2,2,2,2,1,269.39,1,19,3,3,2,2,6,3,3,2,2
2,12,7,38,0.4,1,1,1,1,1,50.727,2,19,3,1,3,1,19,1,3,1,3
2,12,7,39,0.4,3,2,2,2,1,246.21,1,19,1,1,3,3,7,3,1,2,2
2,12,7,40,0.05,1,3,1,2,0,293.07,1,11,3,1,3,1,17,1,3,3,1
2,12,7,41,0.8,1,3,1,1,1,245.95,1,20,1,1,1,1,12,1,3,3,1
2,12,7,42,1.8,1,2,1,1,1,224.44,1,2,1,1,1,1,20,1,3,2,2
2,12,7,43,0.2,1,1,1,1,1,280.15,1,6,3,3,3,3,7,1,3,1,3
2,12,7,44,0.4,3,2,2,2,1,227.52,1,17,1,1,3,3,7,3,1,2,2
2,12,7,45,1.8,3,3,2,2,1,245.2,1,14,3,3,1,1,13,1,3,3,1
2,12,7,46,0.05,3,3,2,2,1,289.65,1,8,1,1,3,3,3,3,3,1,1
2,12,7,47,0.8,1,1,1,1,1,211.82,1,13,3,1,3,1,3,3,3,3,3
2,12,7,48,1.8,3,1,NaN,NaN,NaN,NaN,NaN,16,1,3,3,1,11,3,3,3,3
2,12,7,49,0.4,1,3,1,1,1,260.54,1,16,1,1,1,1,15,3,3,1,1
2,12,7,50,0.8,3,1,2,2,1,275.1,1,7,1,1,3,3,5,3,3,3,3
2,12,7,51,0.4,2,3,2,2,1,275.14,1,11,1,3,2,2,6,3,3,1,1
2,12,7,52,0.1,1,3,1,1,1,282.5,1,13,1,1,1,1,20,1,3,3,1
2,12,7,53,0.2,3,1,2,2,1,289.46,1,10,3,1,1,3,11,1,1,1,1
2,12,7,54,0.2,1,1,1,1,1,281.11,1,14,1,3,1,3,11,3,1,3,1
2,12,7,55,1.8,3,1,2,2,1,225.54,1,9,3,3,1,1,15,3,3,3,3
2,12,7,56,0.2,1,3,1,1,1,223.37,1,11,3,3,3,3,18,1,1,3,3
2,12,7,57,0.1,1,2,1,1,1,298.68,1,3,1,3,1,3,6,3,1,2,2
2,12,7,58,0.1,2,2,2,2,1,295.37,1,5,1,3,2,2,5,1,3,2,2
2,12,7,59,0.05,1,1,1,1,1,271.42,1,10,1,3,1,3,16,3,1,3,1
2,12,7,60,0.05,2,2,2,2,1,306.49,0,2,1,3,2,2,19,1,3,2,2
2,12,7,61,0.2,2,1,2,2,1,292.75,1,17,3,3,2,2,4,3,1,3,1
2,12,7,62,0.2,3,1,2,2,1,282.43,1,18,1,1,3,3,16,3,3,3,3
2,12,7,63,0.05,1,1,1,1,1,300.86,0,17,1,3,1,3,20,1,1,1,1
2,12,7,64,0.8,2,2,NaN,NaN,NaN,NaN,NaN,2,1,1,2,2,17,1,3,2,2
2,12,7,65,0.1,1,3,1,1,1,250.03,1,5,3,1,3,1,20,1,3,3,1
2,12,7,66,0.1,3,1,2,2,1,279.64,1,7,1,1,3,3,1,3,1,3,1
2,12,7,67,0.2,2,2,2,1,0,160.02,1,1,1,1,2,2,2,3,1,2,2
2,12,7,68,0.1,3,1,2,2,1,278.25,1,16,3,3,1,1,10,3,3,3,3
2,12,7,69,0.1,2,3,2,2,1,275.14,1,10,3,3,2,2,14,3,1,1,3
2,12,7,70,0.05,3,3,2,2,1,293.04,1,9,1,3,3,1,1,3,3,1,1
2,12,7,71,0.1,2,3,2,2,1,238.58,1,10,1,3,2,2,9,1,1,3,3
2,12,7,72,1.8,1,2,1,1,1,217.22,1,12,3,3,3,3,12,1,1,2,2
2,12,7,73,0.05,3,1,2,2,1,322.32,0,12,3,1,1,3,19,3,3,3,3
2,12,7,74,1.8,1,3,1,1,1,216.86,1,3,1,1,1,1,9,3,1,1,3
2,12,7,75,1.8,3,1,2,2,1,199.57,1,20,3,3,1,1,8,3,3,3,3
2,12,7,76,1.8,2,2,2,2,1,256.58,1,10,1,3,2,2,4,1,1,2,2
2,12,7,77,0.05,1,2,1,1,1,302.63,0,12,1,1,1,1,14,1,1,2,2
2,12,7,78,0.2,2,3,2,2,1,269.4,1,4,1,3,2,2,2,3,1,1,3
2,12,8,1,0.4,1,3,1,1,1,245.88,1,14,3,1,3,1,3,3,3,1,1
2,12,8,2,0.1,1,1,1,1,1,264.4,1,13,3,3,3,3,4,3,1,3,1
2,12,8,3,0.4,2,1,2,2,1,399.63,0,1,1,3,2,2,14,1,1,1,1
2,12,8,4,1.8,1,2,NaN,NaN,NaN,NaN,NaN,5,3,3,3,3,2,3,1,2,2
2,12,8,5,0.8,3,2,2,2,1,214.15,1,15,3,1,1,3,4,1,1,2,2
2,12,8,6,0.8,3,3,2,2,1,237.49,1,8,1,3,3,1,11,3,3,1,1
2,12,8,7,0.05,2,2,2,2,1,278.33,1,13,3,1,2,2,7,3,3,2,2
2,12,8,8,0.05,2,1,2,2,1,305.91,0,8,3,1,2,2,5,3,1,3,1
2,12,8,9,0.1,3,2,2,2,1,271.62,1,4,1,3,3,1,7,1,3,2,2
2,12,8,10,0.8,2,3,2,2,1,207.67,1,9,1,1,2,2,8,3,3,1,1
2,12,8,11,0.1,2,1,2,2,1,254.34,1,20,3,1,2,2,13,1,3,1,3
2,12,8,12,0.8,1,3,1,1,1,274.64,1,15,3,1,3,1,4,1,3,3,1
2,12,8,13,0.4,1,1,1,1,1,344.75,0,17,3,1,3,1,8,3,3,3,3
2,12,8,14,0.4,2,3,2,2,1,221.8,1,5,1,3,2,2,11,1,1,3,3
2,12,8,15,1.8,1,1,1,1,1,224.81,1,10,1,3,1,3,14,3,1,3,1
2,12,8,16,0.2,1,3,1,1,1,246.43,1,16,3,1,3,1,19,3,1,1,3
2,12,8,17,0.4,3,1,2,2,1,253.52,1,7,3,1,1,3,10,3,1,3,1
2,12,8,18,0.8,1,3,NaN,NaN,NaN,NaN,NaN,3,3,3,3,3,17,3,1,1,3
2,12,8,19,0.1,1,3,1,2,0,255.1,1,5,1,3,1,3,13,3,3,1,1
2,12,8,20,0.8,2,1,2,2,1,248.42,1,17,1,3,2,2,8,1,3,1,3
2,12,8,21,0.05,1,1,1,1,1,299.42,1,4,3,3,3,3,9,3,3,3,3
2,12,8,22,1.8,3,1,2,2,1,239.81,1,11,1,3,3,1,9,1,1,1,1
2,12,8,23,0.05,2,1,2,2,1,282.2,1,7,1,3,2,2,2,3,3,3,3
2,12,8,24,1.8,1,1,1,1,1,210.03,1,14,3,3,3,3,3,1,1,1,1
2,12,8,25,0.2,1,3,1,1,1,296.12,1,14,1,1,1,1,8,1,1,3,3
2,12,8,26,0.4,3,2,2,2,1,348.92,0,15,3,3,1,1,18,3,3,2,2
2,12,8,27,1.8,1,1,1,1,1,203.07,1,17,1,3,1,3,9,3,1,3,1
2,12,8,28,0.8,1,1,1,1,1,214,1,10,3,3,3,3,17,3,1,3,1
2,12,8,29,0.1,2,1,2,1,0,284.34,1,10,3,3,2,2,6,1,3,1,3
2,12,8,30,1.8,3,3,2,2,1,201.32,1,14,1,1,3,3,13,1,1,3,3
2,12,8,31,0.2,2,1,2,2,1,267.18,1,8,1,3,2,2,10,1,1,1,1
2,12,8,32,0.2,1,1,1,1,1,368.48,0,2,1,3,1,3,17,3,3,3,3
2,12,8,33,0.4,3,1,2,2,1,219.05,1,7,3,1,1,3,14,1,1,1,1
2,12,8,34,0.4,1,3,1,1,1,34.954,2,9,3,3,3,3,10,1,1,3,3
2,12,8,35,0.05,2,1,2,2,1,347.44,0,2,3,1,2,2,10,3,3,3,3
2,12,8,36,1.8,1,3,1,1,1,187.91,1,17,1,1,1,1,17,1,1,3,3
2,12,8,37,0.1,2,3,2,2,1,289.38,1,13,3,1,2,2,16,3,1,1,3
2,12,8,38,0.8,1,1,1,1,1,220.4,1,20,1,3,1,3,3,1,3,1,3
2,12,8,39,0.8,3,2,2,2,1,254.34,1,15,3,1,1,3,18,3,1,2,2
2,12,8,40,0.05,1,3,1,2,0,280.89,1,4,1,3,1,3,19,1,3,3,1
2,12,8,41,0.2,3,3,2,2,1,267.36,1,2,3,3,1,1,4,3,3,1,1
2,12,8,42,0.2,1,2,1,1,1,261.21,1,12,1,3,1,3,11,3,3,2,2
2,12,8,43,0.1,1,3,1,1,1,275.11,1,16,3,3,3,3,9,3,1,1,3
2,12,8,44,0.05,1,1,1,2,0,292.88,1,19,3,3,3,3,5,1,3,1,3
2,12,8,45,0.05,1,2,1,1,1,304.72,0,18,1,3,1,3,18,1,3,2,2
2,12,8,46,0.8,1,2,NaN,NaN,NaN,NaN,NaN,16,1,1,1,1,14,3,3,2,2
2,12,8,47,0.4,1,3,1,2,0,318.04,0,12,1,3,1,3,12,1,1,3,3
2,12,8,48,0.1,3,3,2,2,1,259.8,1,13,1,3,3,1,10,3,3,1,1
2,12,8,49,0.8,2,2,2,2,1,234.48,1,5,1,1,2,2,4,1,1,2,2
2,12,8,50,0.8,2,3,2,2,1,215.9,1,19,1,3,2,2,16,3,1,1,3
2,12,8,51,0.2,3,3,2,2,1,263.98,1,6,1,3,3,1,16,3,1,1,3
2,12,8,52,0.2,3,2,2,2,1,198.76,1,6,1,1,3,3,15,3,3,2,2
2,12,8,53,0.05,1,2,1,1,1,298,1,6,3,1,3,1,4,3,3,2,2
2,12,8,54,0.1,1,3,1,2,0,226.63,1,17,1,3,1,3,4,1,3,3,1
2,12,8,55,0.1,1,3,1,2,0,240.06,1,7,3,1,3,1,10,1,1,3,3
2,12,8,56,0.4,2,2,2,2,1,216.69,1,11,1,1,2,2,12,3,3,2,2
2,12,8,57,0.05,1,3,1,2,0,271.42,1,15,3,1,3,1,13,1,3,3,1
2,12,8,58,0.1,3,2,2,2,1,261.55,1,18,3,1,1,3,9,3,3,2,2
2,12,8,59,1.8,2,3,2,2,1,208.5,1,6,3,3,2,2,19,1,3,3,1
2,12,8,60,0.2,1,3,1,1,1,170.47,1,5,3,3,3,3,4,1,1,3,3
2,12,8,61,1.8,3,1,2,2,1,229.94,1,3,3,3,1,1,12,3,1,3,1
2,12,8,62,0.05,1,3,1,2,0,317.95,0,10,1,1,1,1,17,3,1,1,3
2,12,8,63,0.2,1,2,1,1,1,218.42,1,6,1,1,1,1,11,3,3,2,2
2,12,8,64,0.1,2,3,2,2,1,259.04,1,6,3,3,2,2,13,3,3,1,1
2,12,8,65,0.2,3,2,2,2,1,269.58,1,1,3,1,1,3,17,3,1,2,2
2,12,8,66,0.4,2,1,2,2,1,240.14,1,11,1,1,2,2,10,1,3,1,3
2,12,8,67,0.4,1,1,1,1,1,230.94,1,7,3,1,3,1,2,3,3,3,3
2,12,8,68,1.8,1,2,1,1,1,214.75,1,16,1,3,1,3,7,1,3,2,2
2,12,8,69,0.05,1,1,1,1,1,288.92,1,10,3,1,3,1,11,1,3,1,3
2,12,8,70,0.2,1,3,1,1,1,276.52,1,13,3,3,3,3,11,1,1,3,3
2,12,8,71,0.1,2,3,2,2,1,260.1,1,5,1,3,2,2,14,1,3,3,1
2,12,8,72,0.8,1,3,1,1,1,265.35,1,4,1,3,1,3,20,1,1,3,3
2,12,8,73,0.4,2,3,2,1,0,272.65,1,6,3,1,2,2,17,3,1,1,3
2,12,8,74,0.05,1,2,1,1,1,244.36,1,15,3,1,3,1,9,1,1,2,2
2,12,8,75,1.8,3,3,2,2,1,211.66,1,5,1,3,3,1,3,3,3,1,1
2,12,8,76,0.2,2,3,2,2,1,200.57,1,5,3,3,2,2,8,1,1,3,3
2,12,8,77,1.8,2,3,2,2,1,178.15,1,4,3,1,2,2,17,1,3,3,1
2,12,8,78,1.8,1,2,1,1,1,188.82,1,19,3,1,3,1,17,1,3,2,2
2,12,9,1,0.8,1,2,1,1,1,230.77,1,15,3,3,3,3,7,1,3,2,2
2,12,9,2,0.4,1,2,1,1,1,227.7,1,16,1,3,1,3,8,1,1,2,2
2,12,9,3,0.8,1,2,1,1,1,222.79,1,9,1,3,1,3,10,1,1,2,2
2,12,9,4,0.1,3,1,2,2,1,270.13,1,11,1,3,3,1,7,3,3,3,3
2,12,9,5,0.4,3,3,2,2,1,229.59,1,14,3,1,1,3,17,3,3,1,1
2,12,9,6,0.2,1,1,1,1,1,259.13,1,4,3,1,3,1,9,1,3,1,3
2,12,9,7,0.1,1,1,1,1,1,258.53,1,13,3,1,3,1,17,1,3,1,3
2,12,9,8,0.8,2,3,2,2,1,221.49,1,8,3,3,2,2,8,1,3,3,1
2,12,9,9,1.8,1,3,1,1,1,181.09,1,16,3,1,3,1,17,1,3,3,1
2,12,9,10,0.2,1,3,1,2,0,166.19,1,17,1,3,1,3,18,1,3,3,1
2,12,9,11,0.05,2,2,2,2,1,274.73,1,11,3,3,2,2,10,1,3,2,2
2,12,9,12,0.05,1,3,1,1,1,260.49,1,10,1,1,1,1,1,3,3,1,1
2,12,9,13,0.2,2,1,2,2,1,311.7,0,20,3,1,2,2,11,1,1,1,1
2,12,9,14,0.8,2,1,2,2,1,208.53,1,15,3,1,2,2,8,3,1,3,1
2,12,9,15,0.1,3,3,2,2,1,251.29,1,11,1,3,3,1,11,3,1,1,3
2,12,9,16,1.8,2,1,2,2,1,210.26,1,5,3,3,2,2,1,3,3,3,3
2,12,9,17,1.8,2,3,2,1,0,165.08,1,20,1,3,2,2,14,3,1,1,3
2,12,9,18,0.05,1,1,1,2,0,286.76,1,1,1,3,1,3,1,3,3,3,3
2,12,9,19,1.8,1,1,1,1,1,220.44,1,19,1,1,1,1,9,3,1,3,1
2,12,9,20,0.2,1,2,1,1,1,216.81,1,10,3,1,3,1,16,3,3,2,2
2,12,9,21,0.1,2,3,2,2,1,281.62,1,9,1,1,2,2,19,3,3,1,1
2,12,9,22,0.05,3,2,2,2,1,293.37,1,19,1,3,3,1,13,1,1,2,2
2,12,9,23,1.8,3,3,2,2,1,191.82,1,12,3,1,1,3,4,1,1,3,3
2,12,9,24,0.8,1,2,1,1,1,226.16,1,5,1,3,1,3,20,3,1,2,2
2,12,9,25,0.8,3,1,2,2,1,206.43,1,17,1,1,3,3,10,3,1,3,1
2,12,9,26,0.1,3,2,2,2,1,258.69,1,13,1,3,3,1,6,3,1,2,2
2,12,9,27,0.05,2,1,2,2,1,284.93,1,10,3,1,2,2,13,3,3,3,3
2,12,9,28,0.2,2,3,2,2,1,227.24,1,6,3,1,2,2,16,3,3,1,1
2,12,9,29,0.05,2,2,2,2,1,257.03,1,9,1,3,2,2,11,1,1,2,2
2,12,9,30,0.8,2,1,2,2,1,209.37,1,14,3,1,2,2,11,1,1,1,1
2,12,9,31,0.05,3,3,2,2,1,280.76,1,12,3,3,1,1,4,3,3,1,1
2,12,9,32,1.8,2,3,2,1,0,216.29,1,10,1,1,2,2,10,3,3,1,1
2,12,9,33,0.2,3,1,2,2,1,236.71,1,16,1,1,3,3,8,3,3,3,3
2,12,9,34,0.1,2,1,2,2,1,275.88,1,10,1,1,2,2,16,1,3,1,3
2,12,9,35,0.4,3,3,2,2,1,253.05,1,17,3,1,1,3,19,1,3,3,1
2,12,9,36,0.4,3,2,2,2,1,243.47,1,8,1,1,3,3,6,1,3,2,2
2,12,9,37,0.05,1,1,1,1,1,310.69,0,14,1,1,1,1,2,1,3,1,3
2,12,9,38,0.8,1,3,1,1,1,241.01,1,12,3,3,3,3,9,1,3,3,1
2,12,9,39,0.2,3,2,2,2,1,220.68,1,15,3,1,1,3,1,3,1,2,2
2,12,9,40,0.8,1,3,1,1,1,243.04,1,14,3,1,3,1,9,1,3,3,1
2,12,9,41,1.8,1,3,1,1,1,175.36,1,10,3,3,3,3,3,3,1,1,3
2,12,9,42,1.8,1,2,NaN,NaN,NaN,NaN,NaN,18,3,1,3,1,13,1,3,2,2
2,12,9,43,0.8,1,2,1,1,1,245.39,1,13,1,3,1,3,7,3,3,2,2
2,12,9,44,0.4,2,2,2,2,1,297.27,1,19,3,1,2,2,19,1,3,2,2
2,12,9,45,0.2,3,2,2,2,1,302.14,0,3,1,1,3,3,11,3,1,2,2
2,12,9,46,0.4,1,2,1,1,1,219.7,1,4,1,3,1,3,14,3,3,2,2
2,12,9,47,0.4,1,3,1,2,0,276.5,1,3,3,1,3,1,6,3,3,1,1
2,12,9,48,0.05,1,2,1,1,1,278.45,1,4,3,1,3,1,17,3,3,2,2
2,12,9,49,0.2,2,3,2,2,1,291.76,1,7,3,3,2,2,18,3,3,1,1
2,12,9,50,0.2,2,3,2,2,1,153.31,1,9,3,3,2,2,5,1,1,3,3
2,12,9,51,0.8,1,2,1,1,1,200.67,1,7,1,1,1,1,9,1,3,2,2
2,12,9,52,0.4,1,1,1,1,1,225.85,1,7,1,3,1,3,8,1,3,1,3
2,12,9,53,1.8,2,2,2,2,1,215.05,1,18,1,3,2,2,17,3,1,2,2
2,12,9,54,0.2,2,2,2,2,1,268.14,1,9,1,3,2,2,10,1,3,2,2
2,12,9,55,1.8,1,1,1,1,1,206.11,1,17,1,1,1,1,2,1,1,1,1
2,12,9,56,0.1,1,1,1,1,1,268.22,1,8,1,1,1,1,13,1,1,1,1
2,12,9,57,0.1,1,2,1,1,1,257.02,1,17,1,3,1,3,19,1,1,2,2
2,12,9,58,0.1,1,2,1,1,1,259.87,1,3,1,1,1,1,12,1,3,2,2
2,12,9,59,0.05,3,3,2,2,1,264.95,1,8,1,1,3,3,1,3,3,1,1
2,12,9,60,1.8,1,2,NaN,NaN,NaN,NaN,NaN,2,1,1,1,1,2,3,1,2,2
2,12,9,61,1.8,1,3,1,1,1,217.42,1,19,1,1,1,1,7,3,3,1,1
2,12,9,62,0.1,3,1,2,2,1,251.64,1,15,1,3,3,1,14,1,3,1,3
2,12,9,63,0.1,2,2,2,2,1,273.47,1,11,3,3,2,2,14,1,1,2,2
2,12,9,64,1.8,1,2,1,1,1,194.56,1,3,3,3,3,3,3,3,1,2,2
2,12,9,65,0.4,2,2,2,1,0,222.25,1,12,3,1,2,2,13,3,1,2,2
2,12,9,66,0.8,2,3,2,2,1,212.79,1,9,3,1,2,2,3,3,3,1,1
2,12,9,67,0.4,2,1,2,2,1,242.21,1,19,1,3,2,2,11,1,3,1,3
2,12,9,68,0.1,1,2,1,1,1,261.83,1,8,1,3,1,3,6,3,1,2,2
2,12,9,69,0.05,3,3,2,2,1,305.21,0,2,1,1,3,3,7,3,3,1,1
2,12,9,70,0.05,1,3,1,1,1,286.67,1,18,1,3,1,3,17,3,3,1,1
2,12,9,71,0.4,1,2,1,1,1,243.01,1,1,1,3,1,3,2,3,3,2,2
2,12,9,72,0.2,2,1,2,2,1,257.36,1,16,1,1,2,2,6,1,1,1,1
2,12,9,73,0.1,1,1,1,1,1,266.04,1,15,1,1,1,1,9,3,1,3,1
2,12,9,74,0.2,1,2,1,1,1,275.4,1,16,1,1,1,1,11,1,1,2,2
2,12,9,75,0.05,1,3,1,2,0,304.91,0,13,1,1,1,1,3,1,3,3,1
2,12,9,76,0.8,2,2,2,2,1,223.19,1,19,1,3,2,2,13,3,3,2,2
2,12,9,77,0.4,2,2,2,2,1,260.78,1,20,1,3,2,2,12,1,1,2,2
2,12,9,78,0.4,1,3,1,1,1,249.51,1,20,3,3,3,3,7,1,1,3,3
2,12,10,1,0.2,1,2,1,1,1,204.31,1,12,3,1,3,1,3,1,3,2,2
2,12,10,2,1.8,3,1,2,2,1,209.21,1,3,3,3,1,1,1,1,1,1,1
2,12,10,3,0.2,1,3,1,1,1,245.39,1,7,3,1,3,1,9,3,1,1,3
2,12,10,4,0.8,2,2,2,1,0,208.84,1,1,3,1,2,2,9,3,1,2,2
2,12,10,5,0.8,1,2,1,1,1,208.56,1,3,1,3,1,3,17,1,3,2,2
2,12,10,6,0.05,2,1,2,2,1,345.34,0,18,3,3,2,2,20,1,3,1,3
2,12,10,7,0.2,1,1,1,1,1,254.06,1,16,1,3,1,3,2,1,3,1,3
2,12,10,8,0.8,2,2,2,2,1,211.66,1,17,3,3,2,2,11,1,1,2,2
2,12,10,9,0.2,1,2,1,1,1,209.82,1,18,3,1,3,1,12,1,1,2,2
2,12,10,10,0.4,1,1,1,1,1,218.82,1,19,3,3,3,3,20,1,3,1,3
2,12,10,11,0.05,1,1,1,1,1,272.82,1,9,3,1,3,1,16,3,1,3,1
2,12,10,12,0.05,1,1,1,1,1,244.54,1,7,3,3,3,3,18,3,1,3,1
2,12,10,13,0.8,1,1,1,1,1,141.46,1,5,1,3,1,3,18,1,1,1,1
2,12,10,14,0.05,1,1,1,1,1,296.03,1,8,1,3,1,3,2,3,3,3,3
2,12,10,15,0.2,1,3,1,2,0,257.01,1,11,3,3,3,3,6,3,1,1,3
2,12,10,16,0.1,3,1,2,2,1,265.01,1,13,1,3,3,1,18,3,1,3,1
2,12,10,17,0.2,2,1,2,2,1,258.64,1,3,3,3,2,2,12,3,3,3,3
2,12,10,18,0.05,3,3,2,2,1,260.78,1,8,1,3,3,1,8,1,1,3,3
2,12,10,19,0.05,1,3,1,1,1,291.15,1,14,1,1,1,1,4,3,3,1,1
2,12,10,20,0.1,1,2,1,1,1,222.41,1,11,1,3,1,3,14,1,3,2,2
2,12,10,21,1.8,2,2,2,2,1,209.09,1,4,3,1,2,2,12,1,3,2,2
2,12,10,22,1.8,3,1,NaN,NaN,NaN,NaN,NaN,3,3,1,1,3,2,3,3,3,3
2,12,10,23,0.1,1,3,1,2,0,380.93,0,14,1,3,1,3,18,1,1,3,3
2,12,10,24,0.8,1,2,1,1,1,234.04,1,7,1,3,1,3,2,1,3,2,2
2,12,10,25,0.4,3,2,2,2,1,250.86,1,5,3,1,1,3,18,3,3,2,2
2,12,10,26,0.4,3,2,2,2,1,207.68,1,17,3,1,1,3,20,3,1,2,2
2,12,10,27,0.05,1,3,1,1,1,336.26,0,17,1,3,1,3,4,3,3,1,1
2,12,10,28,0.1,2,2,2,2,1,259.44,1,8,3,3,2,2,20,3,1,2,2
2,12,10,29,0.05,2,3,2,2,1,265.91,1,14,1,1,2,2,2,1,3,3,1
2,12,10,30,0.1,2,3,2,2,1,243.5,1,10,3,3,2,2,13,1,3,3,1
2,12,10,31,0.05,1,1,1,1,1,270.19,1,14,3,1,3,1,7,3,3,3,3
2,12,10,32,0.1,3,3,2,2,1,236.48,1,11,1,1,3,3,14,3,3,1,1
2,12,10,33,0.4,2,1,2,2,1,274.94,1,9,3,1,2,2,16,3,3,3,3
2,12,10,34,1.8,3,1,2,2,1,208.37,1,19,1,3,3,1,9,1,1,1,1
2,12,10,35,0.8,3,2,2,2,1,219.62,1,16,3,3,1,1,14,1,3,2,2
2,12,10,36,0.4,1,2,1,1,1,231.47,1,2,1,3,1,3,6,3,1,2,2
2,12,10,37,1.8,1,3,1,1,1,179.49,1,11,1,3,1,3,15,1,3,3,1
2,12,10,38,0.05,1,2,1,1,1,286.22,1,16,3,3,3,3,12,1,3,2,2
2,12,10,39,0.4,3,1,2,2,1,252.37,1,15,3,3,1,1,20,1,1,1,1
2,12,10,40,0.1,2,2,2,2,1,324.62,0,8,1,3,2,2,9,1,1,2,2
2,12,10,41,1.8,1,1,1,1,1,197.58,1,6,3,3,3,3,15,1,1,1,1
2,12,10,42,1.8,3,1,2,2,1,203.63,1,2,3,3,1,1,19,1,3,1,3
2,12,10,43,1.8,1,2,1,2,0,177.77,1,18,3,3,3,3,18,1,3,2,2
2,12,10,44,1.8,1,1,1,1,1,186.61,1,7,1,3,1,3,6,1,1,1,1
2,12,10,45,0.4,2,2,2,2,1,238.42,1,19,1,1,2,2,16,3,1,2,2
2,12,10,46,0.8,1,3,1,1,1,247.11,1,9,3,1,3,1,3,1,3,3,1
2,12,10,47,0.4,3,3,2,2,1,25.983,2,8,1,1,3,3,11,1,3,3,1
2,12,10,48,0.4,1,2,1,1,1,240.14,1,11,1,3,1,3,10,1,1,2,2
2,12,10,49,0.1,3,2,2,2,1,271.04,1,15,3,1,1,3,14,1,3,2,2
2,12,10,50,0.1,1,1,1,1,1,259.03,1,3,3,3,3,3,13,3,3,3,3
2,12,10,51,0.05,1,2,1,1,1,260.58,1,8,3,3,3,3,14,3,3,2,2
2,12,10,52,0.1,3,2,2,2,1,228.24,1,12,1,1,3,3,10,3,3,2,2
2,12,10,53,0.8,3,1,2,2,1,236.55,1,3,1,3,3,1,9,3,3,3,3
2,12,10,54,0.05,1,2,1,1,1,288.31,1,10,3,3,3,3,2,1,3,2,2
2,12,10,55,0.05,3,1,2,2,1,314.17,0,6,1,1,3,3,18,1,1,1,1
2,12,10,56,1.8,2,2,2,2,1,202.72,1,19,1,1,2,2,4,3,3,2,2
2,12,10,57,0.4,2,3,2,2,1,329.68,0,12,1,3,2,2,19,3,1,1,3
2,12,10,58,0.2,2,2,2,2,1,234.63,1,10,3,1,2,2,20,3,1,2,2
2,12,10,59,0.1,2,2,2,2,1,273.62,1,19,3,1,2,2,11,1,1,2,2
2,12,10,60,0.8,2,1,2,2,1,208.99,1,4,3,1,2,2,5,3,3,3,3
2,12,10,61,0.8,1,2,1,1,1,210.76,1,3,3,1,3,1,10,3,1,2,2
2,12,10,62,0.4,3,2,2,2,1,265.7,1,4,1,3,3,1,5,3,1,2,2
2,12,10,63,0.1,1,1,1,1,1,293.18,1,10,1,3,1,3,18,3,3,3,3
2,12,10,64,0.2,3,2,2,2,1,187.91,1,13,3,1,1,3,13,1,3,2,2
2,12,10,65,0.4,3,1,2,2,1,271.07,1,7,3,3,1,1,15,3,3,3,3
2,12,10,66,1.8,2,3,2,2,1,211.92,1,6,3,3,2,2,10,1,1,3,3
2,12,10,67,0.8,2,1,2,2,1,253.08,1,7,1,3,2,2,12,3,3,3,3
2,12,10,68,0.2,1,1,1,1,1,210,1,18,3,3,3,3,6,3,1,3,1
2,12,10,69,0.2,2,1,2,1,0,220.6,1,17,3,1,2,2,9,3,1,3,1
2,12,10,70,0.2,1,2,1,1,1,249.17,1,16,1,1,1,1,8,1,3,2,2
2,12,10,71,0.1,3,1,2,2,1,217.11,1,6,3,3,1,1,11,1,1,1,1
2,12,10,72,0.4,1,2,1,1,1,33.299,2,2,3,1,3,1,19,1,3,2,2
2,12,10,73,1.8,2,2,2,2,1,206.03,1,20,3,3,2,2,1,1,3,2,2
2,12,10,74,0.8,1,3,1,1,1,235.2,1,6,3,1,3,1,5,3,1,1,3
2,12,10,75,0.2,2,2,2,2,1,263.78,1,14,1,1,2,2,5,1,3,2,2
2,12,10,76,1.8,3,1,2,2,1,210.42,1,16,3,3,1,1,13,1,3,1,3
2,12,10,77,0.8,2,2,2,2,1,244.74,1,17,1,1,2,2,20,3,1,2,2
2,12,10,78,0.2,2,1,2,2,1,222.66,1,6,1,3,2,2,3,3,1,3,1
