3,2,1,1,0.05,3,2,2,2,1,365.07,0,19,3,1,1,3,1,1,1,2,2
3,2,1,2,0.8,1,1,NaN,NaN,NaN,NaN,NaN,6,3,1,3,1,6,3,1,3,1
3,2,1,3,1.8,2,3,2,2,1,382.22,0,9,1,3,2,2,7,1,1,3,3
3,2,1,4,0.1,1,1,1,1,1,229.35,1,14,1,1,1,1,2,1,1,1,1
3,2,1,5,0.2,1,1,1,1,1,206.69,1,5,3,3,3,3,15,1,3,1,3
3,2,1,6,0.1,3,3,2,2,1,200.56,1,9,3,1,1,3,14,1,3,3,1
3,2,1,7,1.8,3,1,2,2,1,233.75,1,18,3,3,1,1,3,1,1,1,1
3,2,1,8,0.1,1,1,1,1,1,206.36,1,5,3,3,3,3,3,1,3,1,3
3,2,1,9,0.4,1,1,1,1,1,240.33,1,3,1,1,1,1,18,3,3,3,3
3,2,1,10,0.05,3,2,2,2,1,314.79,0,17,3,3,1,1,6,3,3,2,2
3,2,1,11,0.05,1,3,1,2,0,303.23,0,18,3,3,3,3,4,3,3,1,1
3,2,1,12,0.1,2,2,2,2,1,247.11,1,6,1,1,2,2,6,1,1,2,2
3,2,1,13,0.2,3,2,2,1,0,331.26,0,12,1,1,3,3,2,1,3,2,2
3,2,1,14,0.05,3,1,2,2,1,294.17,1,2,3,1,1,3,8,3,3,3,3
3,2,1,15,0.4,2,1,2,2,1,197.16,1,9,3,3,2,2,3,1,3,1,3
3,2,1,16,0.1,2,3,2,2,1,212.65,1,6,1,1,2,2,5,1,3,3,1
3,2,1,17,0.2,3,3,2,2,1,94.46,2,9,1,3,3,1,7,1,1,3,3
3,2,1,18,0.05,3,3,2,2,1,310.66,0,11,3,1,1,3,14,1,1,3,3
3,2,1,19,0.8,1,2,1,1,1,264.51,1,7,3,1,3,1,14,3,3,2,2
3,2,1,20,0.4,3,3,2,2,1,238.72,1,15,3,3,1,1,3,3,1,1,3
3,2,1,21,0.05,2,2,2,2,1,259.54,1,5,1,3,2,2,14,3,1,2,2
3,2,1,22,1.8,1,2,1,1,1,221.88,1,18,1,3,1,3,11,1,1,2,2
3,2,1,23,0.8,1,2,1,1,1,237.19,1,18,1,1,1,1,4,1,1,2,2
3,2,1,24,1.8,1,2,1,1,1,251.01,1,10,3,3,3,3,18,3,1,2,2
3,2,1,25,0.05,1,2,1,1,1,309.54,0,17,3,3,3,3,9,3,1,2,2
3,2,1,26,0.4,2,2,2,1,0,217.41,1,12,1,1,2,2,13,3,1,2,2
3,2,1,27,0.4,1,1,1,1,1,230.25,1,15,3,1,3,1,14,3,3,3,3
3,2,1,28,0.05,2,3,2,2,1,328.45,0,18,3,3,2,2,16,3,1,1,3
3,2,1,29,0.1,1,1,1,2,0,393.88,0,3,1,1,1,1,11,3,3,3,3
3,2,1,30,0.4,1,3,1,2,0,134.02,1,8,1,1,1,1,12,1,1,3,3
3,2,1,31,0.2,1,2,1,1,1,239.67,1,18,3,1,3,1,12,3,1,2,2
3,2,1,32,0.05,3,2,2,2,1,300.44,0,3,1,1,3,3,19,3,3,2,2
3,2,1,33,0.1,1,1,1,1,1,248.57,1,13,3,3,3,3,7,1,1,1,1
3,2,1,34,0.2,2,3,2,2,1,257.24,1,18,3,3,2,2,16,3,3,1,1
3,2,1,35,0.2,1,3,1,1,1,220.84,1,15,3,3,3,3,7,3,3,1,1
3,2,1,36,0.8,2,1,2,1,0,219.82,1,14,1,1,2,2,13,1,3,1,3
3,2,1,37,1.8,2,3,2,2,1,219,1,17,3,3,2,2,7,1,3,3,1
3,2,1,38,1.8,3,2,2,2,1,233.58,1,16,1,1,3,3,9,1,1,2,2
3,2,1,39,0.4,1,1,1,1,1,270.04,1,11,3,1,3,1,17,3,1,3,1
3,2,1,40,1.8,1,3,1,1,1,242.61,1,9,3,1,3,1,12,3,3,1,1
3,2,1,41,1.8,1,1,1,1,1,238.79,1,8,1,3,1,3,2,1,1,1,1
3,2,1,42,1.8,2,1,2,1,0,255.74,1,8,1,1,2,2,13,3,1,3,1
3,2,1,43,0.05,1,2,1,1,1,310.2,0,4,3,1,3,1,2,1,1,2,2
3,2,1,44,0.8,1,3,1,1,1,239.27,1,1,3,3,3,3,17,1,3,3,1
3,2,1,45,0.1,1,1,1,1,1,294.08,1,15,1,1,1,1,1,3,1,3,1
3,2,1,46,0.1,1,2,1,1,1,297.37,1,7,1,1,1,1,8,3,1,2,2
3,2,1,47,0.4,2,3,2,1,0,253.54,1,17,1,1,2,2,19,3,1,1,3
3,2,1,48,0.1,2,2,2,1,0,364.29,0,13,1,1,2,2,10,3,1,2,2
3,2,1,49,0.8,2,1,2,1,0,226.28,1,1,3,1,2,2,3,3,1,3,1
3,2,1,50,0.2,2,3,2,2,1,263.53,1,16,1,3,2,2,5,3,3,1,1
3,2,1,51,0.1,1,2,1,1,1,278.5,1,14,1,3,1,3,8,3,3,2,2
3,2,1,52,0.4,3,2,2,2,1,209.85,1,8,1,1,3,3,5,3,1,2,2
3,2,1,53,0.2,2,1,2,2,1,253.08,1,6,3,1,2,2,16,3,1,3,1
3,2,1,54,0.4,3,3,2,2,1,226.82,1,11,3,3,1,1,4,3,3,1,1
3,2,1,55,0.05,1,1,1,1,1,301.49,0,14,3,1,3,1,7,1,3,1,3
3,2,1,56,1.8,1,3,1,1,1,236.18,1,1,3,1,3,1,13,3,1,1,3
3,2,1,57,1.8,2,1,2,2,1,222.4,1,13,1,3,2,2,2,1,3,1,3
3,2,1,58,1.8,1,2,1,1,1,269.47,1,11,3,3,3,3,9,1,3,2,2
3,2,1,59,0.8,1,3,1,1,1,250.14,1,13,1,1,1,1,16,1,3,3,1
3,2,1,60,0.2,2,1,2,1,0,243.56,1,17,3,3,2,2,8,1,1,1,1
3,2,1,61,0.8,1,2,1,1,1,278.19,1,7,3,1,3,1,16,3,1,2,2
3,2,1,62,0.05,1,3,1,2,0,339.07,0,9,3,1,3,1,5,1,3,3,1
3,2,1,63,0.2,3,1,2,2,1,259.01,1,3,1,1,3,3,10,1,1,1,1
3,2,1,64,0.05,1,3,1,1,1,237.18,1,14,3,1,3,1,13,1,1,3,3
3,2,1,65,1.8,1,1,1,1,1,226.47,1,4,3,3,3,3,10,3,1,3,1
3,2,1,66,0.4,2,2,2,1,0,271.9,1,2,3,3,2,2,4,1,3,2,2
3,2,1,67,0.4,1,1,1,1,1,247.29,1,2,1,3,1,3,6,3,3,3,3
3,2,1,68,0.4,2,1,2,1,0,220.04,1,20,1,1,2,2,12,3,3,3,3
3,2,1,69,0.8,2,2,2,2,1,236.36,1,15,1,3,2,2,15,1,3,2,2
3,2,1,70,0.2,1,3,1,1,1,216.31,1,6,3,3,3,3,2,1,3,3,1
3,2,1,71,0.1,3,3,2,2,1,333.2,0,14,1,3,3,1,15,3,3,1,1
3,2,1,72,0.8,2,1,2,1,0,268.68,1,13,1,1,2,2,3,3,1,3,1
3,2,1,73,0.8,2,2,2,1,0,223.07,1,8,3,3,2,2,3,3,1,2,2
3,2,1,74,0.1,3,1,2,2,1,293.98,1,3,3,3,1,1,20,1,1,1,1
3,2,1,75,0.2,3,2,2,2,1,307.69,0,19,3,3,1,1,10,1,3,2,2
3,2,1,76,0.2,1,3,1,1,1,246.04,1,20,3,1,3,1,1,3,3,1,1
3,2,1,77,0.8,2,3,2,2,1,214.75,1,15,1,3,2,2,18,3,1,1,3
3,2,1,78,0.8,3,1,2,2,1,226.18,1,19,3,1,1,3,19,3,3,3,3
3,2,2,1,0.4,1,2,1,1,1,221.91,1,3,3,3,3,3,1,3,3,2,2
3,2,2,2,0.8,2,3,2,2,1,237.77,1,4,1,1,2,2,16,3,1,1,3
3,2,2,3,1.8,1,1,1,1,1,274.95,1,9,1,1,1,1,17,3,1,3,1
3,2,2,4,0.8,3,2,2,2,1,263.64,1,10,1,1,3,3,10,3,3,2,2
3,2,2,5,0.8,2,3,2,2,1,230.36,1,4,1,3,2,2,7,3,3,1,1
3,2,2,6,0.4,3,3,2,2,1,223.78,1,12,3,1,1,3,6,3,1,1,3
3,2,2,7,0.05,1,3,1,1,1,241.23,1,2,1,3,1,3,5,1,1,3,3
3,2,2,8,1.8,2,1,2,2,1,254.2,1,8,3,1,2,2,18,1,1,1,1
3,2,2,9,0.1,3,1,2,2,1,330.74,0,15,1,1,3,3,3,3,3,3,3
3,2,2,10,0.05,3,1,2,2,1,280.88,1,3,3,1,1,3,18,1,3,1,3
3,2,2,11,0.4,2,3,2,1,0,247.33,1,4,3,3,2,2,20,3,1,1,3
3,2,2,12,0.1,1,3,1,2,0,250.39,1,20,3,3,3,3,11,1,3,3,1
3,2,2,13,0.8,1,1,1,1,1,238.62,1,2,3,3,3,3,7,3,1,3,1
3,2,2,14,0.2,2,2,2,1,0,275.49,1,7,1,1,2,2,14,1,3,2,2
3,2,2,15,0.2,1,3,1,2,0,308.37,0,10,1,1,1,1,19,1,3,3,1
3,2,2,16,0.8,2,2,2,2,1,226.95,1,15,1,3,2,2,1,3,1,2,2
3,2,2,17,0.2,2,2,2,2,1,249.19,1,7,3,3,2,2,17,1,3,2,2
3,2,2,18,0.05,1,3,1,1,1,279.21,1,11,1,1,1,1,4,1,1,3,3
3,2,2,19,0.1,1,2,1,1,1,275.69,1,2,1,1,1,1,6,1,1,2,2
3,2,2,20,1.8,1,1,1,1,1,246.04,1,20,3,3,3,3,2,3,3,3,3
3,2,2,21,0.2,1,1,1,1,1,276.95,1,14,1,1,1,1,13,1,3,1,3
3,2,2,22,0.05,1,3,1,1,1,268.94,1,20,3,1,3,1,16,1,1,3,3
3,2,2,23,0.1,3,3,2,2,1,242.54,1,15,3,1,1,3,17,1,3,3,1
3,2,2,24,0.4,1,3,1,1,1,226.98,1,12,1,3,1,3,11,1,3,3,1
3,2,2,25,0.1,1,1,1,1,1,259.21,1,17,3,1,3,1,4,1,1,1,1
3,2,2,26,1.8,1,1,1,1,1,227.18,1,15,3,1,3,1,19,1,1,1,1
3,2,2,27,0.2,1,3,1,1,1,254.31,1,3,1,1,1,1,2,3,3,1,1
3,2,2,28,0.05,1,3,1,1,1,328.95,0,9,1,1,1,1,15,3,1,1,3
3,2,2,29,0.2,1,2,1,1,1,148.93,1,12,1,3,1,3,8,3,3,2,2
3,2,2,30,0.1,1,3,1,1,1,213.3,1,4,1,1,1,1,3,1,3,3,1
3,2,2,31,0.2,2,3,2,2,1,215.15,1,10,1,3,2,2,19,3,1,1,3
3,2,2,32,0.05,1,2,1,1,1,270.44,1,7,1,3,1,3,9,3,1,2,2
3,2,2,33,0.4,1,2,1,1,1,231.55,1,16,3,3,3,3,17,3,1,2,2
3,2,2,34,0.8,1,1,1,1,1,245.89,1,6,1,1,1,1,10,1,3,1,3
3,2,2,35,0.4,1,2,1,1,1,261.5,1,4,3,3,3,3,17,3,3,2,2
3,2,2,36,0.8,1,2,1,1,1,217.99,1,11,1,1,1,1,20,1,1,2,2
3,2,2,37,0.8,2,3,2,2,1,230.5,1,1,1,3,2,2,6,1,1,3,3
3,2,2,38,0.1,2,1,2,1,0,395.15,0,2,3,3,2,2,18,1,1,1,1
3,2,2,39,1.8,1,2,1,1,1,226.99,1,12,3,1,3,1,7,1,3,2,2
3,2,2,40,0.05,3,1,2,2,1,407.01,0,14,3,3,1,1,3,3,1,3,1
3,2,2,41,1.8,3,1,2,2,1,246.87,1,4,1,1,3,3,10,3,3,3,3
3,2,2,42,1.8,1,1,1,1,1,253.33,1,3,3,3,3,3,16,3,3,3,3
3,2,2,43,0.4,3,1,2,2,1,234.7,1,11,3,1,1,3,13,1,3,1,3
3,2,2,44,0.1,2,3,2,2,1,270.75,1,20,3,3,2,2,2,3,1,1,3
3,2,2,45,0.4,3,1,2,2,1,243.67,1,15,1,1,3,3,20,3,1,3,1
3,2,2,46,0.8,3,1,2,2,1,227.92,1,10,1,3,3,1,16,1,1,1,1
3,2,2,47,1.8,3,1,2,2,1,215.42,1,3,3,1,1,3,20,3,1,3,1
3,2,2,48,0.1,3,2,2,2,1,318.17,0,15,3,1,1,3,9,3,3,2,2
3,2,2,49,0.4,2,2,2,1,0,249.74,1,19,3,3,2,2,10,3,3,2,2
3,2,2,50,0.8,1,3,1,1,1,256.15,1,2,1,3,1,3,8,1,3,3,1
3,2,2,51,1.8,1,1,1,1,1,235.3,1,10,1,3,1,3,15,1,1,1,1
3,2,2,52,0.05,1,1,1,1,1,340.69,0,17,3,3,3,3,15,3,1,3,1
3,2,2,53,0.05,2,1,2,1,0,220.58,1,11,3,1,2,2,5,3,1,3,1
3,2,2,54,0.8,1,1,1,1,1,265.73,1,8,3,1,3,1,5,1,3,1,3
3,2,2,55,0.8,2,2,2,2,1,233.04,1,18,1,3,2,2,1,3,3,2,2
3,2,2,56,0.4,2,1,2,1,0,238.13,1,4,1,3,2,2,3,3,3,3,3
3,2,2,57,0.2,1,3,1,2,0,174.98,1,2,3,1,3,1,19,1,3,3,1
3,2,2,58,0.4,1,3,1,1,1,215.58,1,4,1,1,1,1,8,1,3,3,1
3,2,2,59,0.05,2,1,2,2,1,317.29,0,6,1,3,2,2,5,1,1,1,1
3,2,2,60,0.2,1,1,1,1,1,248.52,1,7,3,3,3,3,10,1,3,1,3
3,2,2,61,1.8,2,1,2,2,1,221.96,1,16,3,3,2,2,16,3,1,3,1
3,2,2,62,0.2,1,2,1,1,1,266.75,1,12,3,1,3,1,12,1,1,2,2
3,2,2,63,0.1,3,1,2,1,0,273.55,1,17,1,3,3,1,17,3,1,3,1
3,2,2,64,0.4,3,2,NaN,NaN,NaN,NaN,NaN,20,3,3,1,1,1,1,3,2,2
3,2,2,65,1.8,2,3,2,2,1,217.24,1,4,1,3,2,2,11,3,3,1,1
3,2,2,66,0.05,1,1,1,1,1,247.94,1,9,3,1,3,1,8,3,1,3,1
3,2,2,67,1.8,3,3,2,2,1,246.25,1,4,1,1,3,3,15,1,3,3,1
3,2,2,68,0.1,2,1,2,1,0,317.96,0,12,3,1,2,2,15,3,3,3,3
3,2,2,69,1.8,1,1,1,1,1,226.01,1,19,1,3,1,3,5,1,3,1,3
3,2,2,70,0.8,2,1,2,2,1,235.7,1,6,3,3,2,2,16,3,1,3,1
3,2,2,71,0.4,2,3,2,2,1,268.32,1,6,1,3,2,2,14,1,1,3,3
3,2,2,72,0.05,1,3,1,1,1,365.75,0,3,3,1,3,1,18,3,1,1,3
3,2,2,73,0.2,1,1,1,1,1,238.48,1,11,3,1,3,1,7,1,1,1,1
3,2,2,74,0.05,1,2,1,1,1,287.15,1,13,1,3,1,3,18,1,1,2,2
3,2,2,75,0.2,2,2,2,2,1,281.61,1,17,3,3,2,2,13,3,3,2,2
3,2,2,76,0.2,2,2,2,1,0,228.2,1,14,1,1,2,2,11,3,1,2,2
3,2,2,77,0.1,3,3,2,2,1,289.16,1,10,3,1,1,3,3,1,1,3,3
3,2,2,78,0.1,1,2,1,1,1,206.96,1,12,1,1,1,1,9,1,1,2,2
3,2,3,1,0.1,2,3,2,2,1,282.38,1,3,3,1,2,2,8,1,1,3,3
3,2,3,2,0.4,1,1,1,1,1,193.98,1,8,3,3,3,3,8,3,1,3,1
3,2,3,3,0.8,1,3,1,1,1,213.34,1,1,1,3,1,3,11,1,3,3,1
3,2,3,4,0.2,2,1,2,2,1,247.03,1,5,3,3,2,2,7,1,1,1,1
3,2,3,5,0.1,3,1,2,2,1,229.14,1,16,1,1,3,3,4,1,3,1,3
3,2,3,6,0.2,2,3,2,2,1,194.24,1,3,3,3,2,2,1,3,3,1,1
3,2,3,7,0.4,1,2,1,1,1,244.26,1,17,3,3,3,3,9,1,1,2,2
3,2,3,8,0.05,2,1,2,2,1,255.19,1,13,1,1,2,2,18,3,3,3,3
3,2,3,9,0.8,1,2,1,1,1,228.79,1,12,3,1,3,1,9,1,3,2,2
3,2,3,10,0.8,1,1,1,1,1,228.02,1,19,1,3,1,3,12,1,3,1,3
3,2,3,11,1.8,1,2,1,1,1,213.34,1,10,1,3,1,3,7,3,1,2,2
3,2,3,12,0.1,3,1,2,2,1,271.77,1,8,1,3,3,1,5,1,3,1,3
3,2,3,13,0.4,2,2,2,2,1,231.62,1,18,3,3,2,2,19,3,1,2,2
3,2,3,14,1.8,1,3,1,2,0,212.94,1,7,1,1,1,1,3,3,3,1,1
3,2,3,15,0.4,1,1,1,1,1,238.16,1,8,3,3,3,3,5,1,3,1,3
3,2,3,16,0.05,1,1,1,1,1,284.62,1,3,1,3,1,3,19,3,1,3,1
3,2,3,17,0.2,2,3,2,2,1,220.52,1,2,1,1,2,2,11,1,3,3,1
3,2,3,18,0.05,2,2,2,1,0,329.96,0,11,3,1,2,2,16,3,3,2,2
3,2,3,19,0.2,2,3,2,2,1,243.28,1,4,3,3,2,2,20,3,1,1,3
3,2,3,20,0.1,2,1,2,1,0,274.28,1,13,3,3,2,2,5,3,1,3,1
3,2,3,21,0.05,3,1,2,2,1,421.57,0,14,3,3,1,1,10,1,1,1,1
3,2,3,22,0.8,1,2,1,1,1,225.58,1,5,3,1,3,1,13,3,3,2,2
3,2,3,23,0.4,2,2,2,1,0,250.84,1,1,3,1,2,2,13,1,3,2,2
3,2,3,24,0.1,1,1,1,1,1,258.77,1,13,1,3,1,3,14,3,3,3,3
3,2,3,25,1.8,1,2,1,1,1,208.69,1,15,1,1,1,1,15,3,3,2,2
3,2,3,26,0.05,3,3,2,2,1,318.05,0,4,1,1,3,3,13,3,3,1,1
3,2,3,27,1.8,1,1,1,1,1,225.39,1,3,1,1,1,1,18,3,1,3,1
3,2,3,28,1.8,2,3,2,2,1,234.86,1,2,1,3,2,2,16,1,1,3,3
3,2,3,29,0.1,2,2,2,1,0,289.81,1,10,1,1,2,2,19,3,3,2,2
3,2,3,30,0.2,3,2,2,2,1,253.32,1,10,1,3,3,1,7,1,1,2,2
3,2,3,31,0.1,2,3,2,2,1,266.6,1,1,1,1,2,2,12,3,3,1,1
3,2,3,32,0.1,1,2,1,1,1,254.15,1,10,3,3,3,3,19,3,3,2,2
3,2,3,33,0.1,1,1,1,1,1,227.1,1,12,3,1,3,1,5,1,1,1,1
3,2,3,34,1.8,1,1,1,1,1,211.33,1,9,3,3,3,3,19,3,1,3,1
3,2,3,35,0.8,1,2,1,1,1,219.87,1,18,1,3,1,3,2,1,1,2,2
3,2,3,36,0.8,1,3,1,2,0,205.23,1,9,3,1,3,1,15,3,1,1,3
3,2,3,37,0.8,3,3,2,2,1,214.44,1,1,3,3,1,1,13,1,3,3,1
3,2,3,38,0.2,3,3,2,2,1,255.87,1,10,3,3,1,1,10,1,1,3,3
3,2,3,39,0.4,3,3,2,2,1,215.18,1,2,1,1,3,3,17,3,1,1,3
3,2,3,40,0.05,3,3,2,2,1,285.02,1,5,1,1,3,3,15,1,1,3,3
3,2,3,41,0.1,1,1,1,1,1,235.04,1,16,1,3,1,3,18,3,1,3,1
3,2,3,42,1.8,1,3,1,1,1,211.08,1,11,3,3,3,3,9,1,3,3,1
3,2,3,43,0.4,1,2,1,2,0,185.91,1,17,3,3,3,3,3,3,1,2,2
3,2,3,44,0.4,1,3,1,1,1,217.66,1,3,3,3,3,3,2,1,3,3,1
3,2,3,45,0.8,3,1,2,2,1,214.99,1,18,1,3,3,1,18,1,1,1,1
3,2,3,46,0.4,2,3,2,2,1,159.02,1,20,1,3,2,2,18,1,1,3,3
3,2,3,47,1.8,1,3,1,1,1,211,1,1,3,3,3,3,14,3,3,1,1
3,2,3,48,0.4,3,1,2,2,1,250.2,1,6,1,3,3,1,7,3,3,3,3
3,2,3,49,0.05,1,1,1,2,0,354.23,0,9,3,1,3,1,10,3,1,3,1
3,2,3,50,0.8,2,3,2,1,0,300.62,0,11,1,1,2,2,4,1,3,3,1
3,2,3,51,0.2,1,3,1,1,1,255.54,1,3,3,3,3,3,15,1,1,3,3
3,2,3,52,0.1,2,2,2,1,0,252.8,1,17,3,1,2,2,17,1,1,2,2
3,2,3,53,0.2,1,3,1,2,0,216.99,1,7,3,1,3,1,8,3,3,1,1
3,2,3,54,1.8,2,3,2,2,1,238.22,1,19,1,1,2,2,12,3,1,1,3
3,2,3,55,1.8,1,2,1,1,1,249.16,1,16,3,3,3,3,13,3,3,2,2
3,2,3,56,0.05,3,1,2,2,1,279.14,1,11,1,1,3,3,18,1,1,1,1
3,2,3,57,0.2,1,1,1,1,1,258.24,1,19,1,3,1,3,3,3,1,3,1
3,2,3,58,0.4,3,1,NaN,NaN,NaN,NaN,NaN,20,3,3,1,1,1,3,1,3,1
3,2,3,59,1.8,1,3,1,1,1,228.55,1,4,3,3,3,3,14,1,3,3,1
3,2,3,60,0.05,1,1,1,1,1,302.81,0,17,3,3,3,3,13,3,1,3,1
3,2,3,61,1.8,2,3,2,2,1,278.94,1,19,1,1,2,2,16,3,1,1,3
3,2,3,62,0.2,1,1,1,1,1,240.09,1,6,1,1,1,1,7,3,1,3,1
3,2,3,63,0.4,1,3,1,1,1,232.49,1,12,3,1,3,1,11,1,1,3,3
3,2,3,64,0.1,1,2,1,1,1,339.9,0,14,3,1,3,1,10,3,1,2,2
3,2,3,65,0.8,1,2,1,2,0,218.61,1,10,1,1,1,1,2,3,3,2,2
3,2,3,66,0.8,2,1,2,1,0,232.11,1,8,3,1,2,2,2,3,1,3,1
3,2,3,67,0.2,1,2,1,1,1,240.01,1,5,3,3,3,3,12,1,1,2,2
3,2,3,68,0.4,3,3,2,2,1,230.75,1,13,3,3,1,1,8,1,1,3,3
3,2,3,69,0.8,3,3,2,2,1,226.62,1,19,3,1,1,3,4,1,3,3,1
3,2,3,70,0.2,1,2,1,1,1,260.41,1,20,1,1,1,1,19,1,1,2,2
3,2,3,71,1.8,2,2,2,2,1,229.4,1,16,3,1,2,2,19,1,1,2,2
3,2,3,72,0.1,3,2,2,1,0,311.16,0,4,1,3,3,1,10,1,1,2,2
3,2,3,73,0.8,1,2,1,1,1,222.78,1,16,1,1,1,1,12,1,3,2,2
3,2,3,74,0.05,1,3,1,1,1,296.85,1,15,1,3,1,3,5,1,1,3,3
3,2,3,75,0.2,1,2,1,1,1,244.66,1,10,3,1,3,1,11,1,1,2,2
3,2,3,76,0.05,1,2,1,1,1,283.7,1,15,1,1,1,1,5,1,1,2,2
3,2,3,77,0.05,1,2,1,1,1,310.47,0,4,3,3,3,3,14,3,3,2,2
3,2,3,78,0.05,3,1,2,2,1,367.3,0,14,3,3,1,1,5,3,1,3,1
3,2,4,1,0.8,3,3,2,2,1,237.56,1,13,1,1,3,3,11,3,1,1,3
3,2,4,2,0.4,2,2,2,1,0,234.53,1,20,3,1,2,2,16,3,1,2,2
3,2,4,3,0.05,1,2,1,1,1,365.48,0,20,3,1,3,1,19,3,1,2,2
3,2,4,4,0.4,1,3,1,1,1,244.23,1,4,1,3,1,3,10,3,3,1,1
3,2,4,5,0.1,1,2,1,1,1,292.59,1,15,3,1,3,1,6,3,3,2,2
3,2,4,6,0.8,1,3,1,1,1,236.76,1,5,3,1,3,1,19,3,3,1,1
3,2,4,7,0.4,2,3,2,2,1,207.4,1,18,3,1,2,2,20,1,3,3,1
3,2,4,8,1.8,2,1,2,2,1,254.19,1,3,3,1,2,2,18,3,1,3,1
3,2,4,9,0.2,1,1,1,1,1,275.63,1,5,1,1,1,1,10,1,3,1,3
3,2,4,10,0.4,3,1,2,2,1,206.46,1,3,3,1,1,3,18,3,1,3,1
3,2,4,11,0.1,3,1,2,2,1,211.1,1,2,3,1,1,3,2,3,1,3,1
3,2,4,12,0.2,2,1,2,1,0,244.7,1,2,1,3,2,2,3,3,3,3,3
3,2,4,13,1.8,2,1,2,2,1,297.28,1,14,1,3,2,2,4,1,3,1,3
3,2,4,14,1.8,1,2,1,1,1,221.04,1,12,1,3,1,3,13,1,3,2,2
3,2,4,15,0.4,1,2,1,1,1,275.86,1,11,1,3,1,3,2,3,3,2,2
3,2,4,16,0.1,1,1,1,1,1,266.54,1,4,1,3,1,3,4,3,3,3,3
3,2,4,17,1.8,1,1,NaN,NaN,NaN,NaN,NaN,16,3,3,3,3,4,3,3,3,3
3,2,4,18,0.8,1,2,1,1,1,239.59,1,4,3,3,3,3,1,1,3,2,2
3,2,4,19,0.05,1,1,1,1,1,285.01,1,8,3,3,3,3,7,3,1,3,1
3,2,4,20,0.1,1,2,1,1,1,238.19,1,1,1,3,1,3,18,1,3,2,2
3,2,4,21,0.2,2,2,2,1,0,282.53,1,4,1,3,2,2,9,3,3,2,2
3,2,4,22,0.05,1,1,1,1,1,292.65,1,13,1,1,1,1,17,1,3,1,3
3,2,4,23,1.8,1,1,1,1,1,232.03,1,20,1,3,1,3,2,1,3,1,3
3,2,4,24,0.8,2,1,2,1,0,393.77,0,2,3,1,2,2,17,1,3,1,3
3,2,4,25,0.05,1,2,1,1,1,252.3,1,19,1,3,1,3,18,1,3,2,2
3,2,4,26,0.05,1,3,1,1,1,277.76,1,20,3,3,3,3,11,1,1,3,3
3,2,4,27,0.2,1,3,1,1,1,62.628,2,17,3,1,3,1,16,3,1,1,3
3,2,4,28,0.8,1,1,1,1,1,241.81,1,18,3,3,3,3,16,1,3,1,3
3,2,4,29,0.05,1,1,1,1,1,285.25,1,14,1,3,1,3,13,1,3,1,3
3,2,4,30,0.8,1,1,NaN,NaN,NaN,NaN,NaN,3,3,1,3,1,5,1,3,1,3
3,2,4,31,0.4,2,3,2,2,1,241.5,1,4,1,1,2,2,15,3,3,1,1
3,2,4,32,0.8,3,2,NaN,NaN,NaN,NaN,NaN,3,3,3,1,1,10,3,1,2,2
3,2,4,33,0.2,2,3,2,1,0,260.1,1,5,1,1,2,2,17,1,1,3,3
3,2,4,34,0.05,1,3,1,1,1,338.84,0,15,1,1,1,1,9,1,1,3,3
3,2,4,35,0.4,3,2,2,2,1,215.52,1,9,3,1,1,3,7,1,3,2,2
3,2,4,36,0.05,3,3,2,2,1,281,1,5,3,3,1,1,20,3,3,1,1
3,2,4,37,0.8,1,2,1,1,1,245.79,1,9,3,1,3,1,13,1,3,2,2
3,2,4,38,0.1,1,2,1,1,1,279.42,1,18,3,3,3,3,20,3,3,2,2
3,2,4,39,0.05,1,1,1,1,1,276.69,1,4,1,3,1,3,20,3,1,3,1
3,2,4,40,0.2,1,3,1,1,1,219.66,1,18,3,3,3,3,12,3,3,1,1
3,2,4,41,1.8,1,2,1,1,1,241.26,1,4,3,3,3,3,8,3,1,2,2
3,2,4,42,1.8,2,3,2,2,1,220.21,1,7,3,3,2,2,3,1,1,3,3
3,2,4,43,0.8,3,1,2,2,1,241.72,1,14,3,3,1,1,2,1,1,1,1
3,2,4,44,0.1,3,3,2,2,1,277,1,3,1,3,3,1,18,1,1,3,3
3,2,4,45,0.4,3,3,2,2,1,212.22,1,13,1,3,3,1,2,1,3,3,1
3,2,4,46,1.8,2,3,2,1,0,210.83,1,8,3,1,2,2,4,1,3,3,1
3,2,4,47,1.8,1,3,1,1,1,201.75,1,1,1,3,1,3,8,1,1,3,3
3,2,4,48,0.2,1,3,1,1,1,256.16,1,1,1,3,1,3,7,3,1,1,3
3,2,4,49,1.8,1,3,1,1,1,243.03,1,15,1,3,1,3,10,3,1,1,3
3,2,4,50,0.05,2,1,2,1,0,268.05,1,17,1,1,2,2,9,3,1,3,1
3,2,4,51,0.1,3,1,2,2,1,278.99,1,8,3,3,1,1,3,3,1,3,1
3,2,4,52,0.2,1,1,1,1,1,228.58,1,9,3,3,3,3,12,1,1,1,1
3,2,4,53,0.8,2,3,2,2,1,280.99,1,9,3,3,2,2,1,1,1,3,3
3,2,4,54,0.2,2,1,2,2,1,264.55,1,19,3,1,2,2,13,3,1,3,1
3,2,4,55,0.05,3,1,2,2,1,295.35,1,16,1,3,3,1,8,1,1,1,1
3,2,4,56,0.2,2,2,2,1,0,261.59,1,4,1,1,2,2,3,1,1,2,2
3,2,4,57,0.8,1,2,1,1,1,221.12,1,3,1,3,1,3,18,1,1,2,2
3,2,4,58,0.4,1,1,1,1,1,227.72,1,13,3,1,3,1,20,3,3,3,3
3,2,4,59,0.2,1,2,1,1,1,203.02,1,9,3,1,3,1,1,1,1,2,2
3,2,4,60,0.1,1,1,1,1,1,236.38,1,10,3,1,3,1,2,3,3,3,3
3,2,4,61,0.1,2,1,2,1,0,342.48,0,13,1,1,2,2,8,1,1,1,1
3,2,4,62,1.8,1,1,1,1,1,203.84,1,2,3,1,3,1,9,1,3,1,3
3,2,4,63,0.1,1,3,1,1,1,208.16,1,14,1,1,1,1,4,3,3,1,1
3,2,4,64,0.4,1,2,1,1,1,254.7,1,19,1,1,1,1,5,1,1,2,2
3,2,4,65,0.05,1,2,1,1,1,242.55,1,14,3,3,3,3,6,1,1,2,2
3,2,4,66,0.4,1,1,1,1,1,245.89,1,9,3,3,3,3,14,3,3,3,3
3,2,4,67,0.2,1,2,1,1,1,234.19,1,13,1,3,1,3,18,1,1,2,2
3,2,4,68,0.05,1,3,1,1,1,236.85,1,14,1,1,1,1,2,3,3,1,1
3,2,4,69,0.4,1,2,NaN,NaN,NaN,NaN,NaN,14,1,1,1,1,14,1,1,2,2
3,2,4,70,0.1,2,3,2,2,1,315.37,0,19,3,1,2,2,15,3,3,1,1
3,2,4,71,0.1,1,2,1,1,1,200.41,1,6,3,3,3,3,12,3,1,2,2
3,2,4,72,1.8,2,2,2,2,1,224.39,1,19,3,1,2,2,5,1,3,2,2
3,2,4,73,0.1,3,2,2,2,1,358.73,0,6,1,3,3,1,13,3,3,2,2
3,2,4,74,1.8,2,1,2,2,1,240.15,1,14,3,3,2,2,15,3,1,3,1
3,2,4,75,0.8,2,3,2,2,1,417,0,5,1,1,2,2,10,3,1,1,3
3,2,4,76,0.2,2,2,2,2,1,263.69,1,9,3,1,2,2,3,1,3,2,2
3,2,4,77,0.4,1,3,1,1,1,221.69,1,10,3,3,3,3,7,3,3,1,1
3,2,4,78,0.8,3,1,2,2,1,257.59,1,10,3,1,1,3,18,1,3,1,3
3,2,5,1,0.05,1,2,1,1,1,307.18,0,4,1,1,1,1,11,1,3,2,2
3,2,5,2,0.05,1,2,1,1,1,212.78,1,3,3,1,3,1,19,3,1,2,2
3,2,5,3,0.1,3,3,2,2,1,313.31,0,10,3,1,1,3,16,1,1,3,3
3,2,5,4,0.1,1,1,1,1,1,232.26,1,10,1,1,1,1,8,3,3,3,3
3,2,5,5,0.2,3,3,2,2,1,253.95,1,5,1,1,3,3,17,3,1,1,3
3,2,5,6,0.05,3,1,2,1,0,206.97,1,19,1,1,3,3,20,1,3,1,3
3,2,5,7,1.8,1,1,NaN,NaN,NaN,NaN,NaN,7,1,3,1,3,11,1,1,1,1
3,2,5,8,0.4,1,3,1,1,1,267.17,1,14,1,3,1,3,14,1,3,3,1
3,2,5,9,0.05,2,3,2,2,1,390.43,0,12,1,1,2,2,19,1,1,3,3
3,2,5,10,0.8,1,1,1,1,1,224.57,1,15,3,1,3,1,9,3,1,3,1
3,2,5,11,1.8,3,3,2,2,1,205.33,1,10,1,3,3,1,3,3,1,1,3
3,2,5,12,0.4,2,2,2,2,1,200.11,1,16,1,1,2,2,11,3,3,2,2
3,2,5,13,0.8,1,1,1,1,1,383.83,0,2,3,3,3,3,8,1,1,1,1
3,2,5,14,1.8,1,2,1,1,1,196.66,1,15,3,1,3,1,14,3,1,2,2
3,2,5,15,0.8,1,2,1,1,1,213.01,1,16,1,3,1,3,12,3,3,2,2
3,2,5,16,0.2,1,3,1,1,1,248.9,1,3,1,1,1,1,15,3,1,1,3
3,2,5,17,0.2,2,3,2,1,0,264.32,1,17,3,1,2,2,2,1,3,3,1
3,2,5,18,0.8,1,1,1,1,1,202.91,1,9,3,1,3,1,3,3,1,3,1
3,2,5,19,0.4,1,2,1,1,1,205.1,1,10,3,1,3,1,19,1,3,2,2
3,2,5,20,1.8,1,3,NaN,NaN,NaN,NaN,NaN,2,3,1,3,1,4,1,1,3,3
3,2,5,21,0.8,2,3,2,2,1,226.99,1,13,1,1,2,2,18,3,3,1,1
3,2,5,22,0.4,3,1,2,2,1,249.57,1,18,1,1,3,3,19,3,3,3,3
3,2,5,23,0.2,1,3,1,1,1,272.42,1,17,3,1,3,1,7,1,1,3,3
3,2,5,24,0.4,2,1,2,1,0,361.93,0,13,3,3,2,2,11,3,1,3,1
3,2,5,25,0.4,1,1,1,1,1,218.64,1,9,3,3,3,3,4,3,3,3,3
3,2,5,26,0.8,1,2,1,1,1,191.4,1,11,3,1,3,1,17,1,1,2,2
3,2,5,27,0.8,1,3,1,2,0,205.58,1,9,1,1,1,1,12,1,3,3,1
3,2,5,28,0.1,3,1,2,2,1,357.85,0,14,1,1,3,3,7,3,3,3,3
3,2,5,29,1.8,1,2,1,1,1,223.2,1,3,1,3,1,3,15,3,3,2,2
3,2,5,30,0.1,1,1,1,1,1,271.39,1,12,3,3,3,3,11,1,3,1,3
3,2,5,31,0.05,1,2,1,1,1,313.59,0,18,1,3,1,3,10,1,3,2,2
3,2,5,32,1.8,1,3,1,1,1,238.55,1,9,3,1,3,1,4,3,3,1,1
3,2,5,33,0.05,2,1,2,1,0,361.44,0,17,1,3,2,2,3,1,1,1,1
3,2,5,34,0.05,1,2,1,1,1,209.17,1,14,3,1,3,1,11,3,1,2,2
3,2,5,35,1.8,1,3,1,1,1,210.78,1,1,1,3,1,3,8,3,3,1,1
3,2,5,36,0.05,1,2,1,1,1,241.66,1,4,3,1,3,1,12,3,3,2,2
3,2,5,37,0.2,2,2,2,1,0,216.32,1,16,3,1,2,2,14,3,3,2,2
3,2,5,38,0.05,3,3,2,2,1,301.63,0,8,3,3,1,1,7,3,3,1,1
3,2,5,39,0.1,2,2,2,1,0,267.48,1,10,1,3,2,2,11,3,3,2,2
3,2,5,40,0.8,3,1,2,2,1,206.18,1,17,3,1,1,3,11,3,3,3,3
3,2,5,41,0.1,3,1,2,2,1,225.24,1,3,3,3,1,1,16,1,3,1,3
3,2,5,42,0.2,3,1,2,1,0,281.8,1,20,3,1,1,3,6,1,3,1,3
3,2,5,43,0.1,1,3,1,2,0,309.85,0,19,3,3,3,3,18,1,3,3,1
3,2,5,44,0.8,2,2,2,1,0,224.99,1,13,1,3,2,2,4,1,3,2,2
3,2,5,45,0.2,1,1,1,1,1,197.02,1,12,3,3,3,3,13,3,3,3,3
3,2,5,46,1.8,2,2,NaN,NaN,NaN,NaN,NaN,14,3,3,2,2,8,1,1,2,2
3,2,5,47,0.8,2,3,2,2,1,215.07,1,11,3,1,2,2,15,3,1,1,3
3,2,5,48,0.4,2,3,2,2,1,222.48,1,14,3,1,2,2,12,3,1,1,3
3,2,5,49,0.05,2,1,2,1,0,357.53,0,6,3,3,2,2,7,1,3,1,3
3,2,5,50,0.2,2,2,2,1,0,227.27,1,18,3,1,2,2,13,1,1,2,2
3,2,5,51,0.4,1,3,1,1,1,196.55,1,3,3,3,3,3,7,3,3,1,1
3,2,5,52,0.2,3,3,2,2,1,276.07,1,11,3,3,1,1,19,3,3,1,1
3,2,5,53,0.4,1,1,NaN,NaN,NaN,NaN,NaN,5,3,1,3,1,12,1,1,1,1
3,2,5,54,0.1,1,2,1,1,1,264.44,1,18,3,3,3,3,2,1,1,2,2
3,2,5,55,1.8,2,2,2,2,1,224.37,1,14,3,3,2,2,17,1,1,2,2
3,2,5,56,0.2,3,3,2,2,1,279.06,1,19,1,1,3,3,14,1,3,3,1
3,2,5,57,0.4,1,2,1,1,1,237.91,1,15,3,3,3,3,11,3,1,2,2
3,2,5,58,1.8,1,3,1,1,1,212.39,1,20,1,1,1,1,11,3,1,1,3
3,2,5,59,0.1,3,1,2,2,1,315.14,0,4,1,1,3,3,15,1,1,1,1
3,2,5,60,1.8,3,1,2,2,1,247.05,1,6,1,1,3,3,14,3,3,3,3
3,2,5,61,0.4,2,3,2,2,1,251.41,1,4,3,3,2,2,5,1,3,3,1
3,2,5,62,0.4,1,1,1,1,1,230.32,1,15,1,1,1,1,17,3,3,3,3
3,2,5,63,1.8,2,1,2,1,0,245.03,1,17,1,1,2,2,3,1,1,1,1
3,2,5,64,0.2,2,1,2,2,1,333.12,0,1,1,3,2,2,6,1,1,1,1
3,2,5,65,0.4,2,1,2,2,1,243,1,3,1,1,2,2,6,1,1,1,1
3,2,5,66,0.8,3,1,2,2,1,234.89,1,5,3,1,1,3,3,1,1,1,1
3,2,5,67,0.1,3,1,2,2,1,250.86,1,7,1,3,3,1,17,1,3,1,3
3,2,5,68,0.2,1,2,1,1,1,294.41,1,20,1,3,1,3,1,3,3,2,2
3,2,5,69,0.05,1,1,1,2,0,266.45,1,10,1,1,1,1,6,1,3,1,3
3,2,5,70,0.05,1,2,1,1,1,237.38,1,11,3,1,3,1,4,3,1,2,2
3,2,5,71,0.05,2,2,2,1,0,250.86,1,11,3,3,2,2,7,1,1,2,2
3,2,5,72,1.8,1,2,NaN,NaN,NaN,NaN,NaN,19,1,3,1,3,14,3,1,2,2
3,2,5,73,0.8,2,2,NaN,NaN,NaN,NaN,NaN,17,1,1,2,2,18,1,1,2,2
3,2,5,74,0.1,3,3,2,1,0,257.47,1,18,3,1,1,3,9,3,1,1,3
3,2,5,75,0.1,2,1,2,1,0,281.9,1,11,1,1,2,2,11,1,3,1,3
3,2,5,76,0.2,1,1,1,1,1,225.28,1,11,1,1,1,1,20,3,3,3,3
3,2,5,77,0.1,1,3,1,1,1,298.72,1,13,1,1,1,1,16,1,3,3,1
3,2,5,78,0.8,3,2,2,2,1,251.92,1,20,3,3,1,1,10,1,1,2,2
3,2,6,1,0.8,2,1,2,1,0,267.68,1,14,1,3,2,2,17,1,3,1,3
3,2,6,2,0.8,1,1,1,1,1,230.92,1,14,3,3,3,3,18,3,1,3,1
3,2,6,3,1.8,1,1,NaN,NaN,NaN,NaN,NaN,16,1,3,1,3,8,3,3,3,3
3,2,6,4,0.2,1,2,1,1,1,258.72,1,14,1,3,1,3,20,1,1,2,2
3,2,6,5,0.2,1,3,1,1,1,106.68,1,7,3,3,3,3,17,3,3,1,1
3,2,6,6,0.8,2,2,2,2,1,268.94,1,15,3,1,2,2,8,3,3,2,2
3,2,6,7,1.8,1,1,1,1,1,238.6,1,5,1,3,1,3,17,1,3,1,3
3,2,6,8,0.8,1,1,1,1,1,234.92,1,9,1,1,1,1,12,1,1,1,1
3,2,6,9,1.8,1,3,1,1,1,217.44,1,16,1,1,1,1,11,1,3,3,1
3,2,6,10,0.05,1,3,1,1,1,345.6,0,15,1,3,1,3,3,3,1,1,3
3,2,6,11,0.1,1,2,1,1,1,215.81,1,19,3,3,3,3,5,1,1,2,2
3,2,6,12,0.05,3,1,2,1,0,383.59,0,10,1,1,3,3,14,3,3,3,3
3,2,6,13,0.1,3,1,2,2,1,235.24,1,8,1,1,3,3,5,3,3,3,3
3,2,6,14,0.1,2,1,2,1,0,297.29,1,5,3,3,2,2,5,3,3,3,3
3,2,6,15,0.1,3,3,2,2,1,325.56,0,16,1,1,3,3,16,3,3,1,1
3,2,6,16,0.2,1,2,1,1,1,217.94,1,3,3,3,3,3,1,1,3,2,2
3,2,6,17,1.8,1,2,NaN,NaN,NaN,NaN,NaN,9,1,3,1,3,16,1,3,2,2
3,2,6,18,0.1,1,1,1,1,1,281.2,1,3,3,3,3,3,2,1,3,1,3
3,2,6,19,0.2,1,1,1,1,1,231.87,1,3,1,1,1,1,17,3,3,3,3
3,2,6,20,0.8,3,3,2,2,1,218.96,1,18,3,3,1,1,20,3,3,1,1
3,2,6,21,0.2,2,3,2,2,1,229.28,1,9,1,1,2,2,11,3,1,1,3
3,2,6,22,1.8,2,1,2,2,1,205.46,1,11,1,3,2,2,7,3,1,3,1
3,2,6,23,0.1,3,1,2,2,1,368.78,0,13,1,1,3,3,4,3,3,3,3
3,2,6,24,0.8,2,2,2,2,1,243.79,1,7,1,1,2,2,18,3,1,2,2
3,2,6,25,0.4,3,1,2,2,1,280.54,1,4,3,3,1,1,5,1,1,1,1
3,2,6,26,0.8,3,1,2,2,1,222.18,1,6,3,1,1,3,12,3,3,3,3
3,2,6,27,0.2,2,1,2,2,1,290.05,1,11,1,1,2,2,5,3,1,3,1
3,2,6,28,0.4,1,3,1,1,1,229.38,1,20,1,1,1,1,9,3,3,1,1
3,2,6,29,0.05,3,2,2,2,1,296.55,1,9,1,1,3,3,8,3,1,2,2
3,2,6,30,0.2,1,3,1,1,1,179.36,1,16,3,3,3,3,14,3,1,1,3
3,2,6,31,1.8,1,3,1,2,0,224.15,1,17,3,1,3,1,8,3,3,1,1
3,2,6,32,0.1,3,1,2,1,0,444.88,0,10,1,3,3,1,10,1,1,1,1
3,2,6,33,0.8,1,1,1,1,1,217.58,1,14,3,1,3,1,9,1,3,1,3
3,2,6,34,1.8,1,1,1,1,1,232.73,1,3,3,3,3,3,7,3,1,3,1
3,2,6,35,0.2,1,1,1,1,1,226.18,1,2,3,3,3,3,14,3,1,3,1
3,2,6,36,0.05,1,3,1,1,1,335.97,0,19,1,3,1,3,17,3,1,1,3
3,2,6,37,0.4,1,3,1,1,1,223.65,1,15,3,1,3,1,1,3,1,1,3
3,2,6,38,0.1,3,2,2,2,1,319.5,0,10,1,3,3,1,6,3,3,2,2
3,2,6,39,0.8,1,1,1,1,1,232.19,1,8,1,3,1,3,16,3,1,3,1
3,2,6,40,1.8,3,3,NaN,NaN,NaN,NaN,NaN,2,1,3,3,1,16,1,1,3,3
3,2,6,41,0.05,1,2,1,1,1,270.23,1,20,3,1,3,1,7,1,3,2,2
3,2,6,42,0.05,2,2,2,1,0,289.81,1,15,1,1,2,2,18,3,3,2,2
3,2,6,43,1.8,1,2,1,1,1,228.62,1,3,3,1,3,1,17,3,3,2,2
3,2,6,44,0.4,2,2,2,1,0,228,1,15,3,3,2,2,15,1,1,2,2
3,2,6,45,1.8,3,3,2,2,1,232.19,1,6,3,1,1,3,17,3,1,1,3
3,2,6,46,0.2,1,3,1,1,1,235.45,1,11,1,1,1,1,8,1,3,3,1
3,2,6,47,0.05,1,1,1,1,1,240.33,1,10,1,1,1,1,7,1,1,1,1
3,2,6,48,0.8,3,3,NaN,NaN,NaN,NaN,NaN,19,1,3,3,1,12,1,3,3,1
3,2,6,49,0.05,3,2,2,2,1,338.58,0,13,1,1,3,3,15,1,3,2,2
3,2,6,50,0.2,1,1,1,1,1,243.08,1,16,1,3,1,3,9,1,3,1,3
3,2,6,51,0.4,3,1,2,1,0,236.74,1,12,1,1,3,3,8,1,3,1,3
3,2,6,52,0.05,1,3,1,1,1,295.6,1,1,3,3,3,3,8,1,3,3,1
3,2,6,53,0.1,1,2,1,1,1,212.78,1,1,3,3,3,3,15,1,3,2,2
3,2,6,54,0.4,1,2,1,1,1,206.55,1,19,3,1,3,1,11,1,3,2,2
3,2,6,55,1.8,1,3,1,1,1,203.08,1,10,1,1,1,1,10,1,3,3,1
3,2,6,56,0.2,3,2,2,2,1,272.31,1,3,3,1,1,3,13,1,1,2,2
3,2,6,57,1.8,2,1,2,2,1,206.26,1,4,3,1,2,2,19,3,3,3,3
3,2,6,58,0.1,1,3,1,1,1,329.49,0,19,3,1,3,1,19,1,3,3,1
3,2,6,59,0.4,1,2,1,1,1,206.3,1,12,3,1,3,1,15,1,3,2,2
3,2,6,60,0.4,1,3,1,2,0,229.34,1,17,1,3,1,3,2,1,1,3,3
3,2,6,61,0.2,3,2,2,2,1,279.63,1,9,1,1,3,3,6,3,1,2,2
3,2,6,62,0.8,3,1,2,2,1,230.5,1,6,3,3,1,1,11,3,1,3,1
3,2,6,63,0.05,2,1,2,1,0,295.89,1,4,1,1,2,2,19,3,1,3,1
3,2,6,64,0.1,2,1,2,2,1,301.42,0,3,1,1,2,2,5,1,1,1,1
3,2,6,65,1.8,3,2,2,2,1,249.64,1,14,3,3,1,1,9,3,3,2,2
3,2,6,66,0.8,3,1,2,1,0,216.24,1,5,1,1,3,3,3,1,1,1,1
3,2,6,67,0.4,1,3,1,1,1,229.75,1,7,3,3,3,3,9,1,3,3,1
3,2,6,68,0.1,2,3,2,1,0,331.25,0,1,3,1,2,2,6,3,1,1,3
3,2,6,69,0.4,2,1,2,1,0,291.07,1,5,3,3,2,2,9,3,3,3,3
3,2,6,70,0.2,3,2,2,2,1,268.43,1,8,1,1,3,3,8,3,3,2,2
3,2,6,71,0.05,2,3,2,2,1,376.44,0,15,3,3,2,2,16,1,3,3,1
3,2,6,72,0.8,1,3,NaN,NaN,NaN,NaN,NaN,7,3,1,3,1,14,1,3,3,1
3,2,6,73,0.05,1,2,1,1,1,293.72,1,16,3,1,3,1,6,3,1,2,2
3,2,6,74,0.05,2,1,2,1,0,304.58,0,16,3,3,2,2,2,1,3,1,3
3,2,6,75,0.4,3,3,2,2,1,274.26,1,14,3,1,1,3,2,1,3,3,1
3,2,6,76,0.1,1,1,1,1,1,219.73,1,11,1,3,1,3,11,1,3,1,3
3,2,6,77,0.4,1,1,1,1,1,223.26,1,15,3,1,3,1,4,1,1,1,1
3,2,6,78,0.4,1,2,1,1,1,214.79,1,15,3,1,3,1,2,1,1,2,2
3,2,7,1,0.05,3,2,2,2,1,339.07,0,20,1,1,3,3,14,3,1,2,2
3,2,7,2,0.2,1,3,1,1,1,84.506,2,8,3,3,3,3,1,1,1,3,3
3,2,7,3,0.05,1,1,1,1,1,286.47,1,4,1,1,1,1,5,1,1,1,1
3,2,7,4,1.8,3,2,NaN,NaN,NaN,NaN,NaN,13,1,3,3,1,5,3,1,2,2
3,2,7,5,0.2,3,2,2,1,0,77.319,2,9,3,3,1,1,13,1,3,2,2
3,2,7,6,0.2,3,2,2,2,1,261.19,1,15,1,1,3,3,2,3,3,2,2
3,2,7,7,0.4,1,3,1,1,1,229.66,1,1,1,1,1,1,13,3,1,1,3
3,2,7,8,0.05,1,2,1,1,1,281.17,1,18,1,3,1,3,15,1,1,2,2
3,2,7,9,0.1,3,2,2,2,1,321.74,0,4,1,3,3,1,4,3,3,2,2
3,2,7,10,0.2,2,2,2,1,0,268.51,1,3,1,1,2,2,14,1,1,2,2
3,2,7,11,0.8,2,3,2,2,1,240.07,1,7,3,3,2,2,18,1,3,3,1
3,2,7,12,1.8,2,3,2,2,1,206.95,1,17,3,3,2,2,3,1,3,3,1
3,2,7,13,0.05,1,2,1,1,1,380.1,0,5,1,3,1,3,3,1,3,2,2
3,2,7,14,0.4,2,3,2,1,0,215.89,1,17,3,1,2,2,1,3,1,1,3
3,2,7,15,0.2,1,2,1,1,1,270.62,1,14,3,3,3,3,12,1,3,2,2
3,2,7,16,0.2,2,2,2,2,1,266.12,1,6,1,1,2,2,5,1,3,2,2
3,2,7,17,0.2,1,3,1,1,1,220.56,1,1,1,3,1,3,10,3,3,1,1
3,2,7,18,0.8,1,3,1,1,1,222.01,1,17,1,3,1,3,16,3,3,1,1
3,2,7,19,1.8,2,3,2,1,0,230.14,1,12,1,3,2,2,3,3,3,1,1
3,2,7,20,0.8,3,2,2,2,1,237.81,1,4,1,1,3,3,16,1,1,2,2
3,2,7,21,1.8,1,3,1,1,1,198.99,1,3,3,1,3,1,18,3,1,1,3
3,2,7,22,0.8,1,2,1,1,1,248,1,20,3,3,3,3,9,3,1,2,2
3,2,7,23,0.4,3,2,2,2,1,248.95,1,16,1,3,3,1,20,3,3,2,2
3,2,7,24,1.8,1,3,1,2,0,214.87,1,2,1,3,1,3,8,1,1,3,3
3,2,7,25,0.4,3,2,2,2,1,252.3,1,6,1,1,3,3,8,3,3,2,2
3,2,7,26,0.8,1,1,1,2,0,280.13,1,13,3,1,3,1,4,1,3,1,3
3,2,7,27,1.8,3,1,2,2,1,209.16,1,16,1,1,3,3,4,1,1,1,1
3,2,7,28,0.05,1,2,1,1,1,356.27,0,14,1,3,1,3,16,1,1,2,2
3,2,7,29,0.8,3,2,NaN,NaN,NaN,NaN,NaN,4,3,1,1,3,14,3,3,2,2
3,2,7,30,0.4,1,3,1,1,1,397.66,0,3,1,1,1,1,5,1,1,3,3
3,2,7,31,0.1,1,2,1,1,1,304.75,0,19,3,1,3,1,10,1,1,2,2
3,2,7,32,0.1,1,1,1,1,1,211.78,1,17,3,1,3,1,7,3,3,3,3
3,2,7,33,0.1,1,1,1,1,1,251.32,1,14,1,3,1,3,13,1,1,1,1
3,2,7,34,0.4,3,1,2,2,1,220.98,1,18,1,1,3,3,18,3,1,3,1
3,2,7,35,1.8,3,1,NaN,NaN,NaN,NaN,NaN,20,1,3,3,1,17,1,1,1,1
3,2,7,36,0.2,1,2,1,1,1,251.25,1,8,1,3,1,3,14,1,1,2,2
3,2,7,37,0.4,2,3,2,1,0,204.03,1,13,1,1,2,2,10,1,3,3,1
3,2,7,38,1.8,1,2,1,1,1,369.8,0,3,3,1,3,1,10,3,1,2,2
3,2,7,39,0.1,2,2,2,1,0,273.75,1,17,1,1,2,2,14,1,1,2,2
3,2,7,40,0.8,1,2,1,1,1,192.77,1,11,3,1,3,1,8,3,1,2,2
3,2,7,41,0.8,1,3,1,1,1,226.62,1,11,3,1,3,1,20,1,1,3,3
3,2,7,42,0.1,1,1,1,1,1,255.91,1,18,3,3,3,3,17,1,1,1,1
3,2,7,43,0.1,1,2,1,1,1,234.65,1,17,3,1,3,1,2,1,3,2,2
3,2,7,44,1.8,3,2,2,2,1,205.78,1,20,3,1,1,3,11,1,1,2,2
3,2,7,45,1.8,3,3,2,2,1,200.46,1,2,1,3,3,1,20,1,1,3,3
3,2,7,46,0.2,1,3,1,1,1,265.15,1,3,3,3,3,3,4,1,1,3,3
3,2,7,47,0.4,3,2,2,2,1,228.45,1,3,1,3,3,1,19,3,3,2,2
3,2,7,48,0.1,2,3,2,2,1,329.12,0,19,3,3,2,2,14,3,1,1,3
3,2,7,49,0.4,1,1,1,1,1,237.74,1,4,1,3,1,3,16,1,3,1,3
3,2,7,50,0.05,1,3,1,1,1,291.98,1,16,1,3,1,3,18,3,1,1,3
3,2,7,51,0.8,1,2,1,1,1,225.39,1,17,1,3,1,3,5,3,1,2,2
3,2,7,52,0.05,2,3,2,1,0,373.51,0,15,1,3,2,2,2,1,1,3,3
3,2,7,53,0.8,1,2,1,1,1,193.57,1,2,3,1,3,1,1,1,1,2,2
3,2,7,54,0.2,1,3,1,1,1,242.96,1,2,3,1,3,1,17,1,3,3,1
3,2,7,55,0.4,1,1,1,1,1,203.82,1,17,1,1,1,1,8,1,1,1,1
3,2,7,56,0.05,1,1,1,1,1,292.31,1,7,1,1,1,1,19,1,1,1,1
3,2,7,57,1.8,2,2,NaN,NaN,NaN,NaN,NaN,15,1,3,2,2,18,1,1,2,2
3,2,7,58,0.2,1,1,1,1,1,289.93,1,4,3,1,3,1,14,1,1,1,1
3,2,7,59,0.05,1,1,1,1,1,294.5,1,19,3,3,3,3,14,1,1,1,1
3,2,7,60,0.4,1,3,1,1,1,237.67,1,3,1,1,1,1,8,3,3,1,1
3,2,7,61,0.2,3,1,2,2,1,220.44,1,2,3,3,1,1,12,3,1,3,1
3,2,7,62,0.05,2,1,2,1,0,366.22,0,17,1,1,2,2,7,1,3,1,3
3,2,7,63,0.2,3,3,2,2,1,195.08,1,19,3,3,1,1,1,3,1,1,3
3,2,7,64,0.05,2,1,2,1,0,210.96,1,8,3,1,2,2,12,3,3,3,3
3,2,7,65,0.8,3,1,2,2,1,242.1,1,19,1,1,3,3,1,3,3,3,3
3,2,7,66,1.8,2,2,2,2,1,231.33,1,11,1,1,2,2,3,1,3,2,2
3,2,7,67,1.8,1,3,1,1,1,187.19,1,9,3,1,3,1,13,1,1,3,3
3,2,7,68,0.8,1,2,1,2,0,229.73,1,16,3,1,3,1,18,1,3,2,2
3,2,7,69,0.05,1,1,1,1,1,350.13,0,4,3,3,3,3,11,1,1,1,1
3,2,7,70,0.8,2,3,2,2,1,220.97,1,3,3,3,2,2,18,1,3,3,1
3,2,7,71,0.1,1,1,1,1,1,212.97,1,17,3,1,3,1,4,3,3,3,3
3,2,7,72,0.05,1,3,1,1,1,310.91,0,16,3,1,3,1,8,3,1,1,3
3,2,7,73,0.1,1,3,1,1,1,271.81,1,16,3,3,3,3,5,3,1,1,3
3,2,7,74,0.1,1,1,1,1,1,246.96,1,13,1,3,1,3,3,3,3,3,3
3,2,7,75,0.1,1,3,1,1,1,250.95,1,5,3,3,3,3,14,3,3,1,1
3,2,7,76,0.4,3,3,2,2,1,214.5,1,8,3,3,1,1,9,3,3,1,1
3,2,7,77,0.4,3,3,2,2,1,239.66,1,1,1,1,3,3,10,1,1,3,3
3,2,7,78,0.1,1,3,1,1,1,302.23,0,1,3,1,3,1,2,3,1,1,3
3,2,8,1,0.1,3,1,2,2,1,271.31,1,19,1,1,3,3,7,3,3,3,3
3,2,8,2,1.8,1,2,1,1,1,225.74,1,3,1,1,1,1,18,3,3,2,2
3,2,8,3,0.2,1,3,1,1,1,303.5,0,13,3,1,3,1,3,1,3,3,1
3,2,8,4,0.4,1,1,1,1,1,203.68,1,5,1,3,1,3,1,1,1,1,1
3,2,8,5,0.8,1,1,1,1,1,218.94,1,17,3,1,3,1,8,3,3,3,3
3,2,8,6,0.4,3,2,2,2,1,216.15,1,5,3,3,1,1,13,1,3,2,2
3,2,8,7,0.1,2,1,2,1,0,320.58,0,17,1,1,2,2,8,3,1,3,1
3,2,8,8,0.2,3,1,2,2,1,254.14,1,1,3,1,1,3,7,3,1,3,1
3,2,8,9,0.1,1,2,1,1,1,281.44,1,13,3,1,3,1,12,3,1,2,2
3,2,8,10,0.8,1,2,1,1,1,194.7,1,17,3,1,3,1,4,3,1,2,2
3,2,8,11,0.1,2,3,2,2,1,291.88,1,8,3,3,2,2,6,3,1,1,3
3,2,8,12,0.8,3,3,2,2,1,220.88,1,17,3,1,1,3,10,3,1,1,3
3,2,8,13,1.8,1,1,1,1,1,231,1,15,1,1,1,1,11,1,1,1,1
3,2,8,14,0.05,3,3,2,2,1,333.67,0,9,3,1,1,3,6,3,3,1,1
3,2,8,15,1.8,3,1,2,2,1,240.04,1,16,3,1,1,3,10,3,1,3,1
3,2,8,16,0.4,3,1,2,2,1,242.85,1,11,1,3,3,1,12,1,3,1,3
3,2,8,17,0.2,1,2,1,1,1,441.46,0,7,1,3,1,3,3,3,1,2,2
3,2,8,18,0.05,1,1,1,1,1,290.49,1,19,1,1,1,1,8,3,3,3,3
3,2,8,19,0.2,1,1,1,1,1,240.1,1,11,1,1,1,1,8,3,3,3,3
3,2,8,20,0.1,2,2,2,2,1,279.16,1,13,1,3,2,2,8,3,1,2,2
3,2,8,21,0.05,2,1,2,1,0,351.63,0,1,1,1,2,2,4,3,3,3,3
3,2,8,22,0.1,2,3,2,1,0,240.65,1,4,1,1,2,2,9,1,3,3,1
3,2,8,23,0.4,3,3,2,2,1,423.49,0,6,3,1,1,3,12,3,3,1,1
3,2,8,24,0.05,1,3,1,1,1,311.06,0,1,1,3,1,3,11,3,1,1,3
3,2,8,25,0.8,3,3,2,2,1,210.78,1,13,3,1,1,3,10,3,3,1,1
3,2,8,26,0.05,3,2,2,2,1,276.65,1,2,3,3,1,1,13,1,3,2,2
3,2,8,27,0.2,2,3,2,2,1,231.49,1,19,3,1,2,2,14,1,3,3,1
3,2,8,28,0.4,2,1,2,1,0,210.53,1,20,1,3,2,2,13,3,1,3,1
3,2,8,29,0.4,2,3,2,2,1,203.28,1,15,3,1,2,2,4,1,3,3,1
3,2,8,30,0.05,2,2,2,2,1,330.81,0,18,1,1,2,2,8,1,3,2,2
3,2,8,31,0.4,1,3,1,1,1,228.03,1,11,3,1,3,1,10,1,3,3,1
3,2,8,32,0.1,2,3,2,2,1,311.17,0,7,1,1,2,2,15,3,3,1,1
3,2,8,33,0.2,1,1,1,1,1,208.9,1,20,1,1,1,1,17,3,3,3,3
3,2,8,34,0.1,2,3,2,2,1,254.23,1,4,1,1,2,2,20,3,3,1,1
3,2,8,35,0.1,1,2,1,1,1,292.6,1,5,3,1,3,1,19,3,1,2,2
3,2,8,36,0.1,2,2,2,1,0,323.85,0,19,1,1,2,2,3,1,3,2,2
3,2,8,37,0.8,2,2,2,2,1,204.94,1,18,3,3,2,2,18,3,3,2,2
3,2,8,38,0.05,2,1,2,1,0,301.78,0,16,3,1,2,2,17,1,3,1,3
3,2,8,39,0.2,1,3,1,2,0,228.2,1,2,3,3,3,3,11,3,3,1,1
3,2,8,40,0.1,1,3,1,1,1,225.41,1,19,1,3,1,3,10,1,1,3,3
3,2,8,41,0.05,2,1,2,2,1,301.85,0,6,1,1,2,2,12,1,1,1,1
3,2,8,42,0.8,3,2,2,2,1,216.39,1,20,3,3,1,1,8,3,1,2,2
3,2,8,43,0.2,1,3,1,1,1,218.25,1,7,3,3,3,3,1,3,1,1,3
3,2,8,44,1.8,1,1,1,1,1,207.5,1,17,1,3,1,3,2,3,1,3,1
3,2,8,45,0.1,3,2,2,2,1,316.99,0,10,1,3,3,1,17,1,1,2,2
3,2,8,46,1.8,1,3,NaN,NaN,NaN,NaN,NaN,4,1,1,1,1,15,1,1,3,3
3,2,8,47,1.8,1,3,1,1,1,191.43,1,14,3,1,3,1,19,1,3,3,1
3,2,8,48,1.8,1,1,1,1,1,219.98,1,13,3,3,3,3,14,1,1,1,1
3,2,8,49,0.8,1,3,1,1,1,231.78,1,18,3,1,3,1,8,3,3,1,1
3,2,8,50,1.8,2,1,2,2,1,232.96,1,18,1,1,2,2,10,3,1,3,1
3,2,8,51,0.2,2,1,2,2,1,274.37,1,18,1,1,2,2,13,3,3,3,3
3,2,8,52,0.8,1,1,1,1,1,199,1,14,1,1,1,1,19,1,3,1,3
3,2,8,53,0.05,3,1,2,2,1,305.89,0,2,1,1,3,3,9,3,3,3,3
3,2,8,54,1.8,1,1,1,1,1,203.62,1,1,1,1,1,1,15,3,1,3,1
3,2,8,55,0.4,1,3,1,1,1,232.24,1,14,3,1,3,1,4,1,1,3,3
3,2,8,56,0.4,3,1,2,2,1,211.27,1,16,1,1,3,3,4,1,3,1,3
3,2,8,57,0.2,3,3,2,2,1,255.35,1,7,3,3,1,1,3,3,3,1,1
3,2,8,58,0.4,2,1,2,2,1,208.66,1,18,3,3,2,2,6,3,1,3,1
3,2,8,59,1.8,1,1,1,1,1,224.82,1,20,3,3,3,3,11,1,3,1,3
3,2,8,60,1.8,3,2,2,2,1,215.42,1,8,1,3,3,1,14,3,1,2,2
3,2,8,61,0.4,3,2,2,2,1,225.71,1,16,3,3,1,1,3,3,3,2,2
3,2,8,62,0.8,1,3,1,1,1,236.17,1,9,1,1,1,1,16,3,1,1,3
3,2,8,63,0.2,3,1,2,2,1,236.15,1,20,1,1,3,3,3,1,3,1,3
3,2,8,64,0.1,2,2,2,1,0,381.05,0,6,1,3,2,2,3,3,3,2,2
3,2,8,65,0.8,1,1,1,1,1,261.4,1,8,1,3,1,3,20,3,3,3,3
3,2,8,66,0.4,3,3,2,2,1,215.6,1,20,1,1,3,3,11,1,3,3,1
3,2,8,67,0.05,2,2,2,1,0,328.25,0,14,1,1,2,2,3,1,1,2,2
3,2,8,68,0.2,2,1,2,1,0,274.9,1,14,3,3,2,2,10,3,3,3,3
3,2,8,69,1.8,3,2,2,2,1,217.38,1,10,1,3,3,1,6,1,3,2,2
3,2,8,70,0.05,3,1,2,2,1,299.32,1,18,1,1,3,3,4,3,3,3,3
3,2,8,71,0.2,1,1,1,1,1,258.61,1,7,3,1,3,1,8,1,1,1,1
3,2,8,72,0.8,1,3,1,1,1,244.53,1,14,1,3,1,3,9,1,3,3,1
3,2,8,73,0.4,1,3,1,1,1,229.24,1,8,3,3,3,3,4,3,3,1,1
3,2,8,74,0.05,1,3,1,1,1,316.78,0,17,3,3,3,3,9,3,3,1,1
3,2,8,75,0.8,2,2,2,2,1,196.94,1,13,3,1,2,2,19,1,1,2,2
3,2,8,76,1.8,1,3,1,2,0,214.97,1,16,1,3,1,3,12,3,1,1,3
3,2,8,77,0.05,1,2,1,1,1,328.02,0,15,3,1,3,1,5,1,1,2,2
3,2,8,78,0.8,1,3,1,1,1,213.22,1,7,3,3,3,3,12,3,1,1,3
3,2,9,1,0.8,1,1,1,1,1,246.17,1,12,3,3,3,3,11,3,3,3,3
3,2,9,2,0.8,3,1,2,2,1,228.43,1,13,3,3,1,1,1,1,1,1,1
3,2,9,3,0.2,2,3,2,2,1,283.46,1,11,1,1,2,2,18,1,1,3,3
3,2,9,4,0.4,1,3,1,1,1,259.87,1,14,1,1,1,1,12,3,1,1,3
3,2,9,5,1.8,1,2,1,1,1,389.04,0,10,1,1,1,1,3,1,1,2,2
3,2,9,6,1.8,2,3,2,2,1,262.72,1,2,3,3,2,2,9,3,1,1,3
3,2,9,7,0.8,2,1,2,1,0,242,1,10,3,3,2,2,16,3,3,3,3
3,2,9,8,0.2,2,2,2,1,0,249.55,1,2,1,1,2,2,18,1,3,2,2
3,2,9,9,0.1,1,1,1,1,1,237.95,1,17,1,1,1,1,19,1,1,1,1
3,2,9,10,0.05,1,3,1,1,1,332.22,0,4,3,3,3,3,17,1,1,3,3
3,2,9,11,1.8,1,1,1,1,1,233.13,1,18,3,3,3,3,8,1,1,1,1
3,2,9,12,0.8,2,1,2,1,0,219.93,1,1,3,1,2,2,17,3,1,3,1
3,2,9,13,0.05,1,3,1,1,1,315.49,0,9,1,1,1,1,2,1,1,3,3
3,2,9,14,0.8,1,3,1,1,1,219.51,1,18,1,3,1,3,18,3,1,1,3
3,2,9,15,0.05,1,3,1,1,1,265.4,1,4,3,3,3,3,3,1,3,3,1
3,2,9,16,0.4,1,1,1,1,1,188.31,1,1,3,3,3,3,5,1,1,1,1
3,2,9,17,0.2,2,3,2,2,1,213.08,1,2,3,1,2,2,1,1,3,3,1
3,2,9,18,0.2,2,3,2,2,1,211.55,1,7,3,1,2,2,18,3,1,1,3
3,2,9,19,0.05,3,1,2,2,1,298.47,1,12,3,1,1,3,4,3,1,3,1
3,2,9,20,0.2,2,1,2,2,1,320.18,0,13,1,3,2,2,18,1,1,1,1
3,2,9,21,1.8,1,1,1,1,1,216.02,1,11,1,3,1,3,5,1,1,1,1
3,2,9,22,0.4,1,1,1,1,1,221.65,1,2,3,3,3,3,17,1,1,1,1
3,2,9,23,0.05,1,1,1,1,1,274.39,1,13,1,1,1,1,5,1,3,1,3
3,2,9,24,0.8,2,3,2,2,1,224.94,1,8,1,3,2,2,4,1,1,3,3
3,2,9,25,0.8,2,1,2,1,0,234.63,1,20,1,3,2,2,2,1,1,1,1
3,2,9,26,0.2,1,2,1,1,1,251.21,1,17,1,3,1,3,17,3,1,2,2
3,2,9,27,0.2,3,1,2,2,1,204.42,1,1,3,1,1,3,9,3,1,3,1
3,2,9,28,0.2,2,3,2,1,0,301.18,0,14,1,3,2,2,10,3,1,1,3
3,2,9,29,0.2,3,1,2,2,1,247.37,1,11,1,1,3,3,13,1,3,1,3
3,2,9,30,0.1,1,1,1,1,1,246.3,1,3,3,3,3,3,17,1,3,1,3
3,2,9,31,0.1,1,1,1,1,1,203.38,1,6,1,1,1,1,11,1,3,1,3
3,2,9,32,0.1,1,1,1,1,1,183.9,1,20,1,1,1,1,11,3,1,3,1
3,2,9,33,0.4,2,3,2,2,1,240.5,1,15,1,1,2,2,20,1,3,3,1
3,2,9,34,0.05,1,2,1,1,1,280.82,1,6,3,1,3,1,8,3,3,2,2
3,2,9,35,0.05,1,2,1,1,1,228.74,1,17,1,3,1,3,16,1,3,2,2
3,2,9,36,0.05,2,2,2,1,0,340.69,0,15,1,1,2,2,13,1,1,2,2
3,2,9,37,0.8,2,1,NaN,NaN,NaN,NaN,NaN,2,3,1,2,2,4,1,1,1,1
3,2,9,38,0.4,1,1,1,1,1,248.64,1,4,3,1,3,1,6,1,1,1,1
3,2,9,39,0.4,3,1,2,2,1,200.36,1,3,1,1,3,3,1,1,3,1,3
3,2,9,40,0.4,3,3,2,2,1,189.98,1,4,1,3,3,1,5,1,3,3,1
3,2,9,41,1.8,1,3,NaN,NaN,NaN,NaN,NaN,5,1,1,1,1,19,1,1,3,3
3,2,9,42,0.8,3,3,2,2,1,231.55,1,6,3,3,1,1,7,3,3,1,1
3,2,9,43,1.8,2,3,2,1,0,213.66,1,11,3,1,2,2,9,1,3,3,1
3,2,9,44,0.4,2,1,2,1,0,269.72,1,20,3,1,2,2,3,1,1,1,1
3,2,9,45,0.2,1,1,1,1,1,248.42,1,17,1,1,1,1,10,1,1,1,1
3,2,9,46,0.1,1,1,1,1,1,287.99,1,20,1,1,1,1,3,1,3,1,3
3,2,9,47,1.8,2,2,2,2,1,207.96,1,10,3,1,2,2,15,3,1,2,2
3,2,9,48,0.05,3,3,2,1,0,302.63,0,12,1,1,3,3,6,3,1,1,3
3,2,9,49,0.8,3,1,2,2,1,196.29,1,10,3,1,1,3,9,3,3,3,3
3,2,9,50,0.1,1,1,1,1,1,456.09,0,19,1,1,1,1,15,1,1,1,1
3,2,9,51,0.1,3,1,2,2,1,306.71,0,17,3,1,1,3,11,1,1,1,1
3,2,9,52,0.8,2,3,2,2,1,253.81,1,9,1,3,2,2,13,3,1,1,3
3,2,9,53,1.8,3,1,2,2,1,233.84,1,7,3,1,1,3,16,3,1,3,1
3,2,9,54,1.8,1,3,1,2,0,239.85,1,11,3,3,3,3,17,3,1,1,3
3,2,9,55,0.2,2,2,2,2,1,320.22,0,13,1,3,2,2,18,3,1,2,2
3,2,9,56,0.4,1,2,1,1,1,219.99,1,15,3,1,3,1,19,3,1,2,2
3,2,9,57,0.1,1,2,1,1,1,317.3,0,11,1,1,1,1,4,3,3,2,2
3,2,9,58,0.1,3,1,2,2,1,358.3,0,11,1,3,3,1,20,1,3,1,3
3,2,9,59,0.1,1,3,1,1,1,258.65,1,16,1,1,1,1,8,1,3,3,1
3,2,9,60,1.8,2,3,2,2,1,255.22,1,9,3,3,2,2,11,3,1,1,3
3,2,9,61,0.2,1,1,1,1,1,243.55,1,4,1,1,1,1,20,1,3,1,3
3,2,9,62,0.8,2,3,2,2,1,242.94,1,12,3,1,2,2,10,3,3,1,1
3,2,9,63,0.1,1,1,1,1,1,252.91,1,2,1,3,1,3,8,3,1,3,1
3,2,9,64,0.8,3,2,2,2,1,216.49,1,9,1,3,3,1,4,3,3,2,2
3,2,9,65,0.2,3,2,2,2,1,291.64,1,15,3,1,1,3,15,3,3,2,2
3,2,9,66,0.05,2,2,2,2,1,305.9,0,17,3,3,2,2,9,1,1,2,2
3,2,9,67,0.05,1,1,1,1,1,318.82,0,18,1,1,1,1,9,1,3,1,3
3,2,9,68,0.1,3,1,2,2,1,351.78,0,17,1,1,3,3,8,1,3,1,3
3,2,9,69,0.4,3,3,2,2,1,220.78,1,7,3,3,1,1,14,3,1,1,3
3,2,9,70,0.4,3,3,2,2,1,286.18,1,9,1,3,3,1,15,3,3,1,1
3,2,9,71,0.4,1,2,1,1,1,230.02,1,9,1,1,1,1,15,3,3,2,2
3,2,9,72,0.4,3,2,2,2,1,237.18,1,7,3,3,1,1,19,1,3,2,2
3,2,9,73,0.05,3,2,2,2,1,356.72,0,10,3,3,1,1,19,3,1,2,2
3,2,9,74,1.8,2,3,NaN,NaN,NaN,NaN,NaN,8,3,1,2,2,5,3,3,1,1
3,2,9,75,1.8,1,3,1,1,1,218.42,1,15,1,3,1,3,10,1,1,3,3
3,2,9,76,0.1,3,1,2,2,1,342.87,0,8,3,1,1,3,16,1,1,1,1
3,2,9,77,1.8,1,1,1,1,1,229.31,1,3,1,1,1,1,5,1,1,1,1
3,2,9,78,0.05,1,2,1,1,1,470.79,0,16,1,1,1,1,20,1,1,2,2
3,2,10,1,0.8,3,1,2,2,1,241.34,1,8,3,3,1,1,8,3,3,3,3
3,2,10,2,0.2,3,2,2,2,1,264.44,1,18,1,3,3,1,20,1,3,2,2
3,2,10,3,0.2,3,1,2,1,0,230.26,1,12,3,3,1,1,5,3,1,3,1
3,2,10,4,0.05,3,3,2,2,1,302.32,0,1,3,3,1,1,10,3,1,1,3
3,2,10,5,0.1,2,2,2,1,0,220.04,1,8,1,3,2,2,17,3,1,2,2
3,2,10,6,0.8,2,3,2,2,1,208.33,1,16,3,3,2,2,14,1,1,3,3
3,2,10,7,0.1,1,2,1,1,1,278.26,1,3,1,1,1,1,19,1,3,2,2
3,2,10,8,0.4,1,1,1,1,1,239.28,1,8,3,3,3,3,2,1,3,1,3
3,2,10,9,0.05,3,2,2,2,1,309.69,0,6,3,3,1,1,6,3,1,2,2
3,2,10,10,1.8,1,3,1,1,1,240.82,1,18,3,1,3,1,10,3,3,1,1
3,2,10,11,1.8,3,3,2,2,1,251.55,1,18,3,1,1,3,16,1,1,3,3
3,2,10,12,0.1,1,2,1,1,1,293.11,1,5,1,3,1,3,17,1,1,2,2
3,2,10,13,1.8,1,3,1,2,0,236.99,1,7,1,3,1,3,19,3,1,1,3
3,2,10,14,0.4,2,1,2,1,0,370.21,0,2,1,3,2,2,5,3,3,3,3
3,2,10,15,0.8,1,1,1,1,1,215.41,1,14,3,1,3,1,7,1,3,1,3
3,2,10,16,0.1,1,2,1,1,1,347.44,0,18,3,3,3,3,17,1,1,2,2
3,2,10,17,0.1,1,1,1,1,1,260.9,1,20,3,3,3,3,20,1,3,1,3
3,2,10,18,0.2,1,1,1,1,1,270.14,1,20,3,1,3,1,16,3,3,3,3
3,2,10,19,1.8,2,2,2,1,0,218.44,1,3,1,3,2,2,6,3,1,2,2
3,2,10,20,0.1,1,2,1,1,1,300.75,0,17,1,1,1,1,18,1,1,2,2
3,2,10,21,0.4,2,3,2,1,0,222.51,1,10,3,1,2,2,4,1,1,3,3
3,2,10,22,0.2,2,2,2,1,0,242.76,1,1,1,1,2,2,13,1,1,2,2
3,2,10,23,0.1,1,1,1,1,1,248.85,1,10,3,1,3,1,18,1,1,1,1
3,2,10,24,0.2,2,3,2,2,1,263.51,1,18,3,3,2,2,13,3,3,1,1
3,2,10,25,0.2,1,3,1,2,0,321.51,0,10,1,3,1,3,13,1,1,3,3
3,2,10,26,0.8,1,1,1,1,1,228.41,1,5,1,3,1,3,16,1,3,1,3
3,2,10,27,1.8,2,1,2,1,0,197.55,1,10,3,1,2,2,2,3,3,3,3
3,2,10,28,1.8,1,3,1,1,1,426.62,0,5,1,3,1,3,15,3,1,1,3
3,2,10,29,0.2,3,3,2,2,1,258.21,1,2,3,3,1,1,7,1,1,3,3
3,2,10,30,1.8,1,2,1,1,1,215.98,1,11,1,3,1,3,9,1,3,2,2
3,2,10,31,0.05,1,2,1,1,1,329.43,0,10,1,3,1,3,16,3,1,2,2
3,2,10,32,0.05,2,1,2,1,0,296.66,1,9,1,3,2,2,5,3,3,3,3
3,2,10,33,0.8,1,3,1,1,1,267.32,1,1,1,3,1,3,12,1,1,3,3
3,2,10,34,0.2,3,3,2,2,1,211.31,1,4,3,3,1,1,17,3,1,1,3
3,2,10,35,0.05,1,3,1,1,1,350.19,0,19,1,3,1,3,13,3,3,1,1
3,2,10,36,0.05,1,2,1,1,1,287.08,1,12,1,1,1,1,4,1,3,2,2
3,2,10,37,1.8,1,1,1,1,1,199.13,1,3,1,3,1,3,13,3,3,3,3
3,2,10,38,0.05,1,2,1,1,1,288.02,1,17,1,3,1,3,6,1,3,2,2
3,2,10,39,0.8,3,1,2,2,1,234.84,1,10,3,3,1,1,1,3,1,3,1
3,2,10,40,0.4,3,2,2,2,1,244.5,1,2,3,3,1,1,17,3,3,2,2
3,2,10,41,0.1,1,2,1,1,1,272.63,1,13,1,3,1,3,7,3,1,2,2
3,2,10,42,0.2,1,2,1,1,1,239.2,1,12,1,1,1,1,11,1,3,2,2
3,2,10,43,0.8,3,3,2,2,1,229.02,1,16,3,3,1,1,2,3,1,1,3
3,2,10,44,0.4,1,2,1,1,1,244.81,1,3,1,3,1,3,19,1,1,2,2
3,2,10,45,0.8,1,3,1,1,1,216.39,1,10,3,3,3,3,20,3,1,1,3
3,2,10,46,0.05,1,2,1,1,1,336.69,0,9,3,3,3,3,7,3,1,2,2
3,2,10,47,0.05,1,2,1,1,1,308.09,0,6,1,1,1,1,8,3,3,2,2
3,2,10,48,0.4,1,3,1,1,1,202.67,1,15,1,1,1,1,18,1,1,3,3
3,2,10,49,0.05,1,2,1,2,0,367.69,0,13,1,1,1,1,1,3,1,2,2
3,2,10,50,0.8,1,2,1,1,1,214.11,1,19,3,3,3,3,10,1,3,2,2
3,2,10,51,0.4,1,1,1,2,0,267.9,1,2,1,3,1,3,2,3,1,3,1
3,2,10,52,0.1,2,3,2,1,0,340.69,0,4,1,1,2,2,10,1,3,3,1
3,2,10,53,0.4,2,1,2,2,1,278.55,1,8,1,1,2,2,1,1,3,1,3
3,2,10,54,1.8,3,1,2,2,1,216.15,1,5,3,3,1,1,6,1,3,1,3
3,2,10,55,0.2,3,1,2,2,1,279.36,1,6,1,3,3,1,19,3,1,3,1
3,2,10,56,0.05,2,3,2,1,0,394.13,0,11,1,1,2,2,1,1,3,3,1
3,2,10,57,0.1,1,2,1,1,1,340.12,0,19,1,3,1,3,8,1,3,2,2
3,2,10,58,0.1,1,2,1,1,1,227.28,1,15,1,1,1,1,19,1,1,2,2
3,2,10,59,0.1,3,2,2,2,1,286.79,1,7,1,1,3,3,3,3,3,2,2
3,2,10,60,0.2,1,3,1,1,1,228.43,1,18,1,1,1,1,5,3,3,1,1
3,2,10,61,0.4,2,1,2,1,0,343.68,0,15,3,1,2,2,13,1,3,1,3
3,2,10,62,0.8,1,2,1,1,1,220.06,1,9,1,1,1,1,8,3,3,2,2
3,2,10,63,0.05,1,2,1,1,1,290.97,1,9,3,3,3,3,17,3,3,2,2
3,2,10,64,0.4,2,3,2,2,1,1.8013,2,11,1,1,2,2,7,3,3,1,1
3,2,10,65,0.2,1,2,1,1,1,262.78,1,18,3,3,3,3,20,3,3,2,2
3,2,10,66,0.05,1,2,1,1,1,279.12,1,12,1,1,1,1,6,1,1,2,2
3,2,10,67,0.8,1,3,1,1,1,231.63,1,8,1,1,1,1,19,1,3,3,1
3,2,10,68,0.1,1,1,1,1,1,228.83,1,3,3,1,3,1,8,3,3,3,3
3,2,10,69,1.8,1,1,1,1,1,223.28,1,2,1,3,1,3,9,1,3,1,3
3,2,10,70,0.8,3,3,2,2,1,274.71,1,18,3,3,1,1,1,1,3,3,1
3,2,10,71,1.8,3,1,2,2,1,205.96,1,6,1,1,3,3,6,1,1,1,1
3,2,10,72,0.4,1,1,1,2,0,470.11,0,7,3,1,3,1,1,1,3,1,3
3,2,10,73,0.4,2,1,2,2,1,236.31,1,16,3,1,2,2,15,3,3,3,3
3,2,10,74,0.8,1,2,1,1,1,243.65,1,18,1,3,1,3,9,3,1,2,2
3,2,10,75,1.8,3,1,2,2,1,247.75,1,7,3,1,1,3,4,1,1,1,1
3,2,10,76,0.4,3,3,2,2,1,242.53,1,8,1,1,3,3,1,1,1,3,3
3,2,10,77,0.2,1,3,1,1,1,296.95,1,6,3,1,3,1,13,3,1,1,3
3,2,10,78,1.8,1,3,1,1,1,255.8,1,4,3,1,3,1,20,1,1,3,3
