2,10,1,1,1.8,3,1,2,2,1,176,1,15,3,3,1,1,5,3,1,3,1
2,10,1,2,0.4,3,3,2,2,1,222.1,1,3,1,1,3,3,9,1,3,3,1
2,10,1,3,0.8,1,2,1,1,1,201.57,1,8,3,3,3,3,7,3,3,2,2
2,10,1,4,1.8,3,1,2,2,1,188.74,1,20,1,1,3,3,9,3,1,3,1
2,10,1,5,0.4,3,2,2,2,1,201.76,1,18,1,3,3,1,8,1,1,2,2
2,10,1,6,0.2,2,3,2,2,1,190.39,1,3,3,3,2,2,14,3,3,1,1
2,10,1,7,0.4,3,1,2,2,1,218.77,1,6,1,3,3,1,3,3,3,3,3
2,10,1,8,0.8,3,1,2,2,1,362.9,0,4,1,3,3,1,14,1,1,1,1
2,10,1,9,0.8,3,1,2,2,1,207.17,1,11,3,1,1,3,14,1,1,1,1
2,10,1,10,0.8,1,1,1,1,1,240.88,1,4,3,1,3,1,15,3,1,3,1
2,10,1,11,0.4,1,2,1,1,1,216.67,1,17,1,1,1,1,4,1,3,2,2
2,10,1,12,0.05,2,3,2,2,1,292.2,1,4,1,1,2,2,8,1,1,3,3
2,10,1,13,0.8,3,1,NaN,NaN,NaN,NaN,NaN,11,3,1,1,3,10,3,1,3,1
2,10,1,14,0.2,3,2,2,2,1,249.38,1,8,3,3,1,1,8,1,1,2,2
2,10,1,15,0.05,1,1,1,1,1,351.75,0,11,3,3,3,3,17,1,1,1,1
2,10,1,16,1.8,2,2,2,1,0,179.16,1,17,1,3,2,2,11,3,3,2,2
2,10,1,17,0.1,3,2,2,2,1,283.37,1,15,3,3,1,1,2,3,3,2,2
2,10,1,18,0.2,2,3,2,1,0,271.3,1,17,3,3,2,2,19,1,1,3,3
2,10,1,19,0.2,2,3,2,2,1,284.6,1,15,3,3,2,2,20,1,1,3,3
2,10,1,20,1.8,1,1,1,1,1,213.69,1,16,1,1,1,1,18,1,3,1,3
2,10,1,21,0.1,2,2,2,2,1,276.18,1,4,3,1,2,2,16,3,3,2,2
2,10,1,22,0.05,1,3,1,1,1,299.76,1,18,3,1,3,1,4,3,1,1,3
2,10,1,23,1.8,1,1,1,1,1,243.2,1,20,3,3,3,3,2,3,1,3,1
2,10,1,24,0.1,3,2,2,2,1,237.75,1,1,3,3,1,1,11,1,1,2,2
2,10,1,25,0.05,3,2,2,2,1,298.41,1,16,1,3,3,1,15,3,3,2,2
2,10,1,26,0.2,2,1,2,1,0,222.66,1,18,1,1,2,2,14,3,3,3,3
2,10,1,27,0.1,3,2,2,2,1,245.4,1,12,3,1,1,3,12,1,3,2,2
2,10,1,28,0.1,1,1,1,1,1,219.98,1,14,3,1,3,1,17,1,1,1,1
2,10,1,29,0.8,1,3,1,2,0,194.66,1,17,3,1,3,1,12,1,3,3,1
2,10,1,30,0.05,3,2,2,2,1,276.91,1,13,1,1,3,3,2,3,3,2,2
2,10,1,31,0.2,3,1,2,2,1,246.24,1,13,1,1,3,3,6,3,1,3,1
2,10,1,32,0.4,1,3,1,1,1,271.32,1,9,3,1,3,1,10,3,1,1,3
2,10,1,33,0.2,1,1,1,1,1,231.64,1,10,3,3,3,3,18,1,3,1,3
2,10,1,34,1.8,1,1,1,1,1,188.9,1,6,3,1,3,1,6,1,3,1,3
2,10,1,35,1.8,2,3,2,2,1,224.14,1,9,1,3,2,2,1,1,1,3,3
2,10,1,36,0.8,3,3,2,2,1,223.05,1,15,3,1,1,3,2,3,3,1,1
2,10,1,37,0.05,2,1,2,1,0,329.6,0,15,1,3,2,2,11,3,3,3,3
2,10,1,38,0.1,1,2,1,1,1,271.04,1,20,3,1,3,1,13,1,3,2,2
2,10,1,39,1.8,2,1,2,2,1,205.7,1,4,3,3,2,2,1,3,1,3,1
2,10,1,40,0.2,2,3,2,2,1,265.1,1,6,1,1,2,2,13,3,1,1,3
2,10,1,41,0.1,3,1,2,2,1,276,1,20,1,3,3,1,20,3,1,3,1
2,10,1,42,0.4,3,3,2,2,1,358.12,0,10,3,3,1,1,4,1,3,3,1
2,10,1,43,0.1,1,1,1,1,1,302.08,0,2,3,1,3,1,17,1,3,1,3
2,10,1,44,0.8,1,3,1,2,0,216.33,1,8,1,1,1,1,9,3,3,1,1
2,10,1,45,1.8,3,2,2,2,1,192.51,1,9,1,1,3,3,18,3,1,2,2
2,10,1,46,0.1,1,3,1,1,1,311.9,0,4,1,1,1,1,16,3,1,1,3
2,10,1,47,0.05,3,1,2,2,1,259.2,1,2,1,1,3,3,19,3,3,3,3
2,10,1,48,0.2,3,2,2,2,1,259.2,1,15,1,1,3,3,6,3,3,2,2
2,10,1,49,0.05,2,1,2,1,0,352.28,0,9,1,1,2,2,16,1,1,1,1
2,10,1,50,0.8,2,3,2,1,0,237.99,1,5,1,3,2,2,20,1,3,3,1
2,10,1,51,0.2,2,3,2,2,1,262.95,1,7,3,3,2,2,11,3,1,1,3
2,10,1,52,1.8,1,2,1,1,1,194.69,1,17,3,1,3,1,4,3,1,2,2
2,10,1,53,0.8,2,1,2,1,0,251.08,1,18,1,3,2,2,9,1,3,1,3
2,10,1,54,0.4,3,2,2,2,1,235.3,1,16,3,3,1,1,11,3,1,2,2
2,10,1,55,0.1,1,3,1,1,1,297.76,1,16,1,3,1,3,3,1,1,3,3
2,10,1,56,0.8,3,1,2,2,1,261.68,1,17,3,1,1,3,1,1,3,1,3
2,10,1,57,0.2,1,2,1,1,1,255.16,1,2,1,3,1,3,13,1,1,2,2
2,10,1,58,0.05,1,3,1,2,0,326.25,0,6,1,3,1,3,18,3,3,1,1
2,10,1,59,0.05,1,2,1,1,1,301.54,0,10,1,1,1,1,17,1,3,2,2
2,10,1,60,0.4,1,1,1,2,0,252.05,1,2,1,3,1,3,16,3,1,3,1
2,10,1,61,0.4,2,1,2,1,0,47.638,2,1,1,3,2,2,1,3,3,3,3
2,10,1,62,1.8,1,3,1,2,0,205.29,1,5,1,1,1,1,1,3,3,1,1
2,10,1,63,0.05,3,2,2,2,1,1274.5,0,20,1,1,3,3,20,1,1,2,2
2,10,1,64,0.4,2,3,2,2,1,224.74,1,5,3,1,2,2,1,1,1,3,3
2,10,1,65,0.8,1,1,1,1,1,241.94,1,12,3,1,3,1,19,3,3,3,3
2,10,1,66,0.4,2,2,2,2,1,235.41,1,20,3,3,2,2,7,3,1,2,2
2,10,1,67,0.05,2,2,2,2,1,350.67,0,19,1,1,2,2,1,3,3,2,2
2,10,1,68,0.2,3,3,2,2,1,257.65,1,16,3,3,1,1,20,3,1,1,3
2,10,1,69,0.05,2,3,2,2,1,278.06,1,3,1,3,2,2,3,1,3,3,1
2,10,1,70,0.4,2,1,2,2,1,191.73,1,16,1,1,2,2,3,1,1,1,1
2,10,1,71,0.8,1,1,1,1,1,389.67,0,17,3,3,3,3,12,1,1,1,1
2,10,1,72,0.1,1,3,1,1,1,265.26,1,12,1,1,1,1,14,3,1,1,3
2,10,1,73,0.2,2,3,2,1,0,237.17,1,12,1,1,2,2,7,1,1,3,3
2,10,1,74,0.1,1,2,1,2,0,261.21,1,15,1,1,1,1,8,1,1,2,2
2,10,1,75,1.8,2,1,2,2,1,202.03,1,19,1,1,2,2,18,3,1,3,1
2,10,1,76,0.1,1,3,1,1,1,292.98,1,7,1,3,1,3,19,3,1,1,3
2,10,1,77,0.4,2,2,2,2,1,239.5,1,16,3,3,2,2,14,1,3,2,2
2,10,1,78,1.8,1,2,1,1,1,185.8,1,4,3,1,3,1,16,3,3,2,2
2,10,2,1,0.05,1,2,1,1,1,248.32,1,11,1,1,1,1,15,1,1,2,2
2,10,2,2,0.4,1,3,1,2,0,206.39,1,16,3,3,3,3,20,3,3,1,1
2,10,2,3,0.8,2,2,NaN,NaN,NaN,NaN,NaN,17,3,1,2,2,7,1,3,2,2
2,10,2,4,0.4,3,1,2,2,1,202.65,1,7,3,1,1,3,20,1,1,1,1
2,10,2,5,0.1,1,1,1,1,1,269.25,1,8,3,3,3,3,14,1,1,1,1
2,10,2,6,0.2,1,1,1,1,1,237.89,1,3,1,3,1,3,5,1,1,1,1
2,10,2,7,0.4,3,2,2,2,1,204.98,1,8,3,1,1,3,2,1,1,2,2
2,10,2,8,0.1,1,2,1,1,1,258.33,1,12,1,1,1,1,19,1,3,2,2
2,10,2,9,0.8,1,2,1,1,1,193.59,1,15,3,1,3,1,5,3,1,2,2
2,10,2,10,0.2,2,2,2,2,1,192.22,1,5,1,3,2,2,11,3,1,2,2
2,10,2,11,0.1,3,3,2,2,1,344.31,0,11,3,1,1,3,4,3,3,1,1
2,10,2,12,0.8,1,2,1,1,1,197.28,1,7,3,1,3,1,20,1,1,2,2
2,10,2,13,0.8,3,1,2,2,1,200.56,1,9,3,1,1,3,7,1,3,1,3
2,10,2,14,0.2,1,3,1,1,1,240.46,1,12,1,3,1,3,1,1,1,3,3
2,10,2,15,0.2,1,2,1,1,1,232,1,5,3,1,3,1,1,1,1,2,2
2,10,2,16,0.2,1,2,1,1,1,228.55,1,1,1,1,1,1,3,3,1,2,2
2,10,2,17,0.4,2,2,2,2,1,264.56,1,16,1,1,2,2,19,3,1,2,2
2,10,2,18,0.8,2,1,2,2,1,228.16,1,4,1,3,2,2,19,3,3,3,3
2,10,2,19,0.8,3,3,2,2,1,225.75,1,4,1,1,3,3,15,1,3,3,1
2,10,2,20,0.05,1,1,1,1,1,303.68,0,20,1,3,1,3,13,1,1,1,1
2,10,2,21,0.4,3,3,2,2,1,264.27,1,7,3,1,1,3,5,1,1,3,3
2,10,2,22,0.1,1,2,1,1,1,302.01,0,2,3,3,3,3,15,1,1,2,2
2,10,2,23,0.1,1,3,1,2,0,292.95,1,19,3,3,3,3,19,3,3,1,1
2,10,2,24,0.05,1,1,1,1,1,210.71,1,8,1,1,1,1,5,1,3,1,3
2,10,2,25,0.2,1,3,1,1,1,193.37,1,18,1,3,1,3,8,3,1,1,3
2,10,2,26,0.1,1,2,1,1,1,225.89,1,15,1,1,1,1,16,3,1,2,2
2,10,2,27,1.8,1,2,1,1,1,201.73,1,12,3,3,3,3,17,3,1,2,2
2,10,2,28,0.05,1,3,1,1,1,260.78,1,5,3,1,3,1,4,1,1,3,3
2,10,2,29,1.8,1,3,1,1,1,163.49,1,20,3,1,3,1,4,1,3,3,1
2,10,2,30,0.4,3,3,2,2,1,218.93,1,10,1,3,3,1,14,3,1,1,3
2,10,2,31,0.1,3,2,2,2,1,283.09,1,3,3,3,1,1,3,1,3,2,2
2,10,2,32,0.1,2,2,2,2,1,294.21,1,13,3,3,2,2,10,3,1,2,2
2,10,2,33,0.4,3,2,2,2,1,229.62,1,14,3,3,1,1,6,1,1,2,2
2,10,2,34,0.4,2,1,2,1,0,242.88,1,2,3,3,2,2,9,1,3,1,3
2,10,2,35,0.05,2,2,2,2,1,284.27,1,8,1,3,2,2,2,3,1,2,2
2,10,2,36,0.05,1,2,1,1,1,278.68,1,10,3,3,3,3,12,3,1,2,2
2,10,2,37,0.8,3,3,2,2,1,197.3,1,3,1,3,3,1,15,1,1,3,3
2,10,2,38,1.8,1,1,1,1,1,257.77,1,15,3,3,3,3,7,3,1,3,1
2,10,2,39,0.05,2,3,2,2,1,275.19,1,16,3,1,2,2,19,1,3,3,1
2,10,2,40,0.8,1,2,1,1,1,204.94,1,6,3,3,3,3,16,1,3,2,2
2,10,2,41,0.1,1,3,1,2,0,237.6,1,13,1,1,1,1,12,1,1,3,3
2,10,2,42,0.2,1,3,1,1,1,280.47,1,14,3,3,3,3,16,3,1,1,3
2,10,2,43,0.2,2,3,2,2,1,199.5,1,6,3,3,2,2,12,1,3,3,1
2,10,2,44,0.4,1,2,1,1,1,197.56,1,3,3,3,3,3,18,3,1,2,2
2,10,2,45,0.2,3,1,2,2,1,239.26,1,19,3,1,1,3,1,1,3,1,3
2,10,2,46,0.05,1,3,1,2,0,336.25,0,10,3,1,3,1,12,3,3,1,1
2,10,2,47,1.8,1,2,1,1,1,187.75,1,2,3,1,3,1,11,3,3,2,2
2,10,2,48,1.8,1,3,NaN,NaN,NaN,NaN,NaN,15,1,1,1,1,18,3,3,1,1
2,10,2,49,0.05,1,1,1,1,1,512.54,0,7,3,3,3,3,9,1,1,1,1
2,10,2,50,0.8,1,3,1,2,0,214.73,1,19,3,3,3,3,17,3,1,1,3
2,10,2,51,0.2,1,2,1,1,1,213.47,1,2,3,1,3,1,3,1,1,2,2
2,10,2,52,0.05,1,2,1,1,1,268.12,1,17,3,1,3,1,20,3,1,2,2
2,10,2,53,0.4,2,3,2,2,1,219.3,1,19,3,1,2,2,16,3,3,1,1
2,10,2,54,0.05,1,3,1,1,1,313.06,0,10,1,3,1,3,12,1,3,3,1
2,10,2,55,0.2,1,3,1,1,1,201.37,1,17,3,1,3,1,19,3,3,1,1
2,10,2,56,0.05,1,1,1,2,0,386.95,0,1,3,3,3,3,11,3,3,3,3
2,10,2,57,0.1,2,2,2,2,1,262.02,1,6,1,3,2,2,7,1,1,2,2
2,10,2,58,0.05,1,2,1,1,1,273.54,1,7,1,3,1,3,9,3,3,2,2
2,10,2,59,0.4,2,1,2,2,1,196.88,1,20,3,1,2,2,17,1,1,1,1
2,10,2,60,1.8,3,1,2,2,1,218,1,4,1,3,3,1,3,1,1,1,1
2,10,2,61,1.8,1,2,1,1,1,211.45,1,6,1,3,1,3,2,1,1,2,2
2,10,2,62,1.8,2,1,2,1,0,177.17,1,1,3,1,2,2,18,3,3,3,3
2,10,2,63,1.8,3,1,2,2,1,230.28,1,2,1,3,3,1,8,1,3,1,3
2,10,2,64,0.8,1,2,1,1,1,290.01,1,19,1,1,1,1,6,1,3,2,2
2,10,2,65,0.2,1,2,1,1,1,231.73,1,7,3,1,3,1,12,3,1,2,2
2,10,2,66,1.8,1,1,1,1,1,191.91,1,9,3,3,3,3,1,1,1,1,1
2,10,2,67,0.4,1,3,1,2,0,215.32,1,20,1,3,1,3,8,3,1,1,3
2,10,2,68,1.8,1,2,1,1,1,188.07,1,20,1,1,1,1,8,3,1,2,2
2,10,2,69,0.1,1,1,1,2,0,326.92,0,2,1,3,1,3,4,1,1,1,1
2,10,2,70,0.2,3,3,2,2,1,252.76,1,13,3,3,1,1,1,3,1,1,3
2,10,2,71,0.8,2,3,2,2,1,193.17,1,6,1,1,2,2,2,1,3,3,1
2,10,2,72,0.1,1,3,1,1,1,221.05,1,5,3,3,3,3,13,1,3,3,1
2,10,2,73,0.8,3,2,2,2,1,197.33,1,8,3,1,1,3,19,3,1,2,2
2,10,2,74,0.4,1,2,1,1,1,254.98,1,8,3,1,3,1,11,3,1,2,2
2,10,2,75,0.8,3,2,2,2,1,185.46,1,12,3,1,1,3,3,1,1,2,2
2,10,2,76,0.1,2,2,2,2,1,279.57,1,14,1,1,2,2,13,1,3,2,2
2,10,2,77,1.8,1,1,1,1,1,189.1,1,15,1,1,1,1,18,1,1,1,1
2,10,2,78,1.8,1,1,1,1,1,182.28,1,16,3,3,3,3,16,3,1,3,1
2,10,3,1,0.2,3,1,2,2,1,180.91,1,13,3,3,1,1,7,1,1,1,1
2,10,3,2,0.05,2,3,2,2,1,276.91,1,14,1,3,2,2,10,3,3,1,1
2,10,3,3,1.8,3,3,NaN,NaN,NaN,NaN,NaN,12,1,3,3,1,8,1,1,3,3
2,10,3,4,0.2,1,2,1,1,1,240.94,1,19,1,3,1,3,13,1,3,2,2
2,10,3,5,0.8,1,1,1,1,1,208.11,1,2,1,1,1,1,1,3,3,3,3
2,10,3,6,0.2,2,2,2,2,1,234.38,1,10,3,3,2,2,17,1,1,2,2
2,10,3,7,0.05,2,3,2,1,0,264.84,1,15,3,1,2,2,9,1,3,3,1
2,10,3,8,0.8,1,2,1,1,1,192.87,1,17,3,3,3,3,3,1,3,2,2
2,10,3,9,0.2,2,1,2,1,0,211.84,1,12,3,3,2,2,5,1,1,1,1
2,10,3,10,0.2,3,3,2,1,0,310.9,0,13,3,3,1,1,5,1,3,3,1
2,10,3,11,1.8,3,3,2,2,1,208.75,1,5,1,1,3,3,19,1,3,3,1
2,10,3,12,0.05,1,1,1,1,1,270.11,1,10,1,1,1,1,18,3,1,3,1
2,10,3,13,0.05,3,3,2,2,1,302.25,0,1,3,3,1,1,6,1,3,3,1
2,10,3,14,0.4,2,1,2,2,1,241.02,1,5,1,1,2,2,14,3,3,3,3
2,10,3,15,0.05,1,2,1,1,1,248.34,1,19,1,1,1,1,5,1,1,2,2
2,10,3,16,0.8,3,3,2,2,1,224.54,1,8,3,3,1,1,2,1,3,3,1
2,10,3,17,1.8,1,2,1,1,1,211.63,1,17,3,3,3,3,14,3,3,2,2
2,10,3,18,0.8,1,3,1,1,1,206.51,1,11,1,1,1,1,12,3,3,1,1
2,10,3,19,0.05,3,3,2,2,1,279.54,1,2,1,1,3,3,10,3,3,1,1
2,10,3,20,0.05,1,1,1,1,1,313.71,0,5,1,1,1,1,20,1,1,1,1
2,10,3,21,0.1,1,3,1,2,0,367.68,0,4,1,1,1,1,18,1,3,3,1
2,10,3,22,0.2,1,2,1,1,1,245.24,1,18,3,1,3,1,8,3,1,2,2
2,10,3,23,1.8,3,3,NaN,NaN,NaN,NaN,NaN,8,3,3,1,1,4,3,3,1,1
2,10,3,24,1.8,1,1,1,1,1,209.26,1,19,1,1,1,1,11,1,1,1,1
2,10,3,25,0.1,1,2,1,1,1,305.36,0,5,3,3,3,3,15,1,1,2,2
2,10,3,26,0.1,3,3,2,2,1,252.21,1,11,3,3,1,1,6,3,1,1,3
2,10,3,27,0.05,2,2,2,1,0,264.57,1,10,1,1,2,2,17,1,3,2,2
2,10,3,28,0.4,1,3,1,1,1,217.54,1,2,3,3,3,3,2,1,1,3,3
2,10,3,29,0.05,1,1,1,1,1,247.3,1,17,1,3,1,3,6,3,3,3,3
2,10,3,30,0.1,2,3,2,2,1,288.68,1,8,1,3,2,2,14,1,3,3,1
2,10,3,31,1.8,2,2,2,2,1,188.79,1,3,3,1,2,2,10,3,3,2,2
2,10,3,32,1.8,2,3,2,2,1,161.75,1,1,1,1,2,2,7,3,3,1,1
2,10,3,33,0.1,1,3,1,2,0,266.08,1,7,3,1,3,1,7,3,3,1,1
2,10,3,34,0.4,3,2,2,2,1,240.07,1,13,3,1,1,3,12,3,1,2,2
2,10,3,35,0.8,2,3,2,1,0,217.24,1,12,1,3,2,2,20,1,3,3,1
2,10,3,36,0.2,1,1,1,1,1,267.33,1,11,1,1,1,1,9,1,3,1,3
2,10,3,37,1.8,1,3,1,1,1,228.78,1,1,1,3,1,3,7,1,3,3,1
2,10,3,38,0.1,3,1,2,2,1,276.49,1,15,3,3,1,1,3,3,1,3,1
2,10,3,39,0.8,2,3,2,2,1,224.67,1,6,1,3,2,2,20,3,3,1,1
2,10,3,40,1.8,2,3,2,1,0,156.57,1,18,1,3,2,2,6,3,1,1,3
2,10,3,41,0.05,2,3,2,2,1,262.85,1,5,1,1,2,2,3,1,3,3,1
2,10,3,42,0.4,1,2,1,1,1,224.78,1,7,3,3,3,3,18,3,1,2,2
2,10,3,43,0.1,1,3,1,1,1,289.19,1,18,3,3,3,3,12,3,3,1,1
2,10,3,44,0.8,1,1,1,1,1,219.62,1,11,1,1,1,1,17,3,1,3,1
2,10,3,45,0.1,1,1,1,1,1,299.62,1,1,3,1,3,1,11,3,3,3,3
2,10,3,46,0.05,2,1,2,2,1,278.72,1,6,1,3,2,2,8,3,1,3,1
2,10,3,47,0.2,3,2,2,2,1,269.95,1,13,1,1,3,3,6,1,3,2,2
2,10,3,48,0.1,3,2,2,2,1,255.61,1,7,1,3,3,1,4,1,1,2,2
2,10,3,49,0.4,3,1,2,2,1,363.37,0,4,3,3,1,1,13,3,1,3,1
2,10,3,50,0.05,2,2,2,2,1,275.2,1,14,3,1,2,2,14,1,1,2,2
2,10,3,51,0.1,1,2,1,1,1,306.43,0,2,1,3,1,3,18,3,1,2,2
2,10,3,52,0.05,1,3,1,2,0,263.41,1,15,1,3,1,3,3,3,1,1,3
2,10,3,53,0.2,1,1,1,1,1,202.67,1,16,3,1,3,1,5,3,1,3,1
2,10,3,54,0.4,3,3,2,2,1,-5.0173,2,16,1,1,3,3,8,3,3,1,1
2,10,3,55,0.4,2,3,2,2,1,241.5,1,8,3,1,2,2,3,3,3,1,1
2,10,3,56,0.1,1,3,1,2,0,252.26,1,4,3,3,3,3,11,1,3,3,1
2,10,3,57,0.4,1,1,1,1,1,229.69,1,15,3,3,3,3,5,1,3,1,3
2,10,3,58,0.4,1,1,1,1,1,212.28,1,7,3,3,3,3,18,1,3,1,3
2,10,3,59,0.2,2,1,2,1,0,229.51,1,3,1,3,2,2,19,1,1,1,1
2,10,3,60,1.8,2,1,NaN,NaN,NaN,NaN,NaN,15,3,3,2,2,14,3,1,3,1
2,10,3,61,0.1,2,3,2,2,1,285.91,1,16,3,3,2,2,9,1,3,3,1
2,10,3,62,0.4,3,2,2,2,1,227.1,1,16,3,3,1,1,10,3,1,2,2
2,10,3,63,0.8,2,1,2,2,1,223,1,10,1,3,2,2,8,3,1,3,1
2,10,3,64,0.8,1,3,1,1,1,239.7,1,13,1,1,1,1,5,1,1,3,3
2,10,3,65,0.8,2,1,2,2,1,276.77,1,13,1,3,2,2,14,1,3,1,3
2,10,3,66,0.8,2,1,2,2,1,240.39,1,8,1,3,2,2,5,3,1,3,1
2,10,3,67,0.4,1,2,1,1,1,275.07,1,13,3,3,3,3,16,3,3,2,2
2,10,3,68,0.2,1,1,1,1,1,255.15,1,13,1,3,1,3,16,1,3,1,3
2,10,3,69,0.8,3,2,2,2,1,219.24,1,11,3,1,1,3,3,3,1,2,2
2,10,3,70,0.2,1,2,1,1,1,280.38,1,2,1,3,1,3,12,3,3,2,2
2,10,3,71,1.8,2,1,NaN,NaN,NaN,NaN,NaN,4,1,1,2,2,3,1,3,1,3
2,10,3,72,0.1,1,1,1,1,1,279.03,1,1,3,3,3,3,14,1,1,1,1
2,10,3,73,0.8,2,1,2,1,0,250.97,1,20,3,1,2,2,17,1,1,1,1
2,10,3,74,0.2,1,1,1,2,0,265.74,1,10,1,1,1,1,5,3,1,3,1
2,10,3,75,0.4,2,2,2,2,1,248.13,1,17,1,3,2,2,14,3,3,2,2
2,10,3,76,0.4,1,2,1,1,1,223.44,1,2,3,1,3,1,11,3,3,2,2
2,10,3,77,1.8,3,1,2,2,1,222.44,1,3,3,1,1,3,14,3,3,3,3
2,10,3,78,1.8,2,2,2,2,1,201.43,1,1,3,3,2,2,1,1,3,2,2
2,10,4,1,0.1,2,3,2,2,1,292.44,1,9,1,3,2,2,18,1,1,3,3
2,10,4,2,0.1,1,2,1,1,1,245.58,1,2,3,3,3,3,16,1,1,2,2
2,10,4,3,0.8,1,1,1,1,1,230.53,1,10,1,3,1,3,8,3,3,3,3
2,10,4,4,0.4,3,3,2,2,1,298.76,1,2,1,3,3,1,7,1,1,3,3
2,10,4,5,0.8,1,3,1,1,1,171.58,1,8,3,3,3,3,20,1,1,3,3
2,10,4,6,0.2,1,1,1,1,1,264.31,1,9,3,1,3,1,9,3,3,3,3
2,10,4,7,0.8,1,1,1,1,1,233.58,1,8,1,1,1,1,1,1,1,1,1
2,10,4,8,0.05,1,1,1,1,1,271.97,1,2,3,3,3,3,3,1,3,1,3
2,10,4,9,0.4,1,1,1,1,1,199.26,1,19,3,3,3,3,17,3,3,3,3
2,10,4,10,1.8,2,1,2,2,1,229.58,1,20,3,1,2,2,1,1,1,1,1
2,10,4,11,0.8,2,1,2,2,1,210.17,1,10,1,3,2,2,5,1,3,1,3
2,10,4,12,0.2,1,1,1,1,1,227.51,1,1,3,3,3,3,4,3,3,3,3
2,10,4,13,0.8,2,1,2,2,1,249.7,1,12,1,3,2,2,6,1,3,1,3
2,10,4,14,0.05,3,3,2,2,1,332.05,0,8,3,3,1,1,8,3,1,1,3
2,10,4,15,0.1,1,1,1,1,1,264.33,1,3,3,3,3,3,17,3,1,3,1
2,10,4,16,0.4,1,1,1,1,1,209.99,1,4,1,3,1,3,2,1,1,1,1
2,10,4,17,0.8,1,2,1,2,0,208.18,1,2,3,1,3,1,3,3,3,2,2
2,10,4,18,0.4,1,3,1,2,0,314.29,0,9,3,3,3,3,3,3,1,1,3
2,10,4,19,0.1,2,2,2,2,1,273.49,1,20,3,1,2,2,5,3,1,2,2
2,10,4,20,0.1,3,2,2,2,1,263.26,1,3,1,3,3,1,18,1,1,2,2
2,10,4,21,0.4,2,1,2,2,1,207.4,1,8,3,1,2,2,13,1,1,1,1
2,10,4,22,0.4,2,2,2,2,1,216.08,1,4,3,1,2,2,2,1,1,2,2
2,10,4,23,0.4,2,1,2,2,1,299.88,1,16,1,1,2,2,15,1,1,1,1
2,10,4,24,0.05,1,2,1,1,1,331.64,0,12,1,3,1,3,10,1,1,2,2
2,10,4,25,0.8,1,3,1,1,1,178.65,1,13,1,1,1,1,19,1,1,3,3
2,10,4,26,0.8,2,2,2,2,1,225,1,7,1,3,2,2,18,3,1,2,2
2,10,4,27,0.1,1,2,1,1,1,266.4,1,3,1,1,1,1,13,1,1,2,2
2,10,4,28,0.2,1,3,1,1,1,251.94,1,12,1,1,1,1,9,3,3,1,1
2,10,4,29,1.8,3,3,2,2,1,216.79,1,13,1,3,3,1,6,3,1,1,3
2,10,4,30,0.05,1,2,1,2,0,328.52,0,17,1,3,1,3,11,1,1,2,2
2,10,4,31,0.1,1,2,1,1,1,278.35,1,16,1,3,1,3,7,3,1,2,2
2,10,4,32,0.2,1,2,1,1,1,209.74,1,12,3,3,3,3,12,1,3,2,2
2,10,4,33,0.1,2,3,2,2,1,276.98,1,16,1,3,2,2,11,3,3,1,1
2,10,4,34,1.8,2,2,2,2,1,213.75,1,20,3,1,2,2,4,1,3,2,2
2,10,4,35,0.2,1,1,1,1,1,221.12,1,1,1,1,1,1,20,1,3,1,3
2,10,4,36,1.8,2,3,2,2,1,170.99,1,1,3,1,2,2,4,1,1,3,3
2,10,4,37,0.2,3,2,2,2,1,248.44,1,1,1,3,3,1,15,3,3,2,2
2,10,4,38,0.4,1,1,1,1,1,255.52,1,20,1,3,1,3,13,3,1,3,1
2,10,4,39,0.2,3,2,2,2,1,228.88,1,20,3,3,1,1,18,3,1,2,2
2,10,4,40,1.8,1,3,NaN,NaN,NaN,NaN,NaN,6,1,3,1,3,12,3,3,1,1
2,10,4,41,0.2,1,1,1,1,1,258.71,1,12,3,1,3,1,19,3,3,3,3
2,10,4,42,1.8,1,2,1,1,1,203.11,1,15,3,1,3,1,3,3,1,2,2
2,10,4,43,0.05,1,2,1,1,1,315.55,0,4,3,3,3,3,11,1,1,2,2
2,10,4,44,0.05,2,2,2,2,1,291.67,1,9,3,1,2,2,11,3,1,2,2
2,10,4,45,0.05,3,3,2,2,1,292.31,1,18,3,3,1,1,3,3,1,1,3
2,10,4,46,0.05,2,3,2,2,1,292.32,1,20,3,1,2,2,1,1,3,3,1
2,10,4,47,0.2,3,1,2,2,1,318.55,0,17,1,1,3,3,2,3,3,3,3
2,10,4,48,0.2,3,1,2,2,1,264.43,1,4,1,1,3,3,9,1,3,1,3
2,10,4,49,1.8,3,2,NaN,NaN,NaN,NaN,NaN,9,3,1,1,3,20,1,3,2,2
2,10,4,50,0.1,1,1,1,1,1,313.04,0,11,3,1,3,1,3,3,1,3,1
2,10,4,51,1.8,2,2,2,2,1,300.63,0,5,3,3,2,2,16,1,1,2,2
2,10,4,52,0.2,1,3,1,1,1,275.15,1,19,3,3,3,3,20,1,3,3,1
2,10,4,53,1.8,1,3,1,2,0,202.37,1,16,3,3,3,3,12,1,1,3,3
2,10,4,54,0.05,1,2,1,1,1,254.59,1,9,3,3,3,3,18,1,1,2,2
2,10,4,55,0.8,1,1,1,1,1,207.72,1,4,3,1,3,1,7,1,3,1,3
2,10,4,56,0.4,3,3,2,2,1,210.68,1,3,3,1,1,3,6,3,3,1,1
2,10,4,57,0.8,3,3,2,2,1,207.88,1,1,3,1,1,3,6,1,1,3,3
2,10,4,58,0.2,1,2,1,1,1,279.07,1,11,3,3,3,3,16,1,3,2,2
2,10,4,59,0.1,3,1,2,2,1,283.29,1,7,1,1,3,3,8,1,3,1,3
2,10,4,60,1.8,1,1,1,1,1,196.02,1,13,3,1,3,1,8,1,1,1,1
2,10,4,61,0.1,1,3,1,1,1,317.42,0,15,3,3,3,3,10,3,1,1,3
2,10,4,62,0.1,3,2,2,2,1,270.72,1,15,3,3,1,1,18,1,3,2,2
2,10,4,63,0.05,1,1,1,1,1,283.45,1,18,3,3,3,3,9,1,3,1,3
2,10,4,64,0.1,2,1,2,2,1,254.23,1,18,3,3,2,2,5,3,3,3,3
2,10,4,65,0.8,1,3,1,1,1,206.3,1,10,1,1,1,1,12,3,3,1,1
2,10,4,66,1.8,3,1,2,2,1,234.21,1,8,1,3,3,1,7,3,1,3,1
2,10,4,67,0.4,1,2,1,1,1,-11.76,2,5,1,3,1,3,10,1,1,2,2
2,10,4,68,0.8,2,3,2,2,1,245.33,1,1,1,1,2,2,13,3,3,1,1
2,10,4,69,0.05,1,1,1,1,1,287.81,1,8,1,1,1,1,10,3,1,3,1
2,10,4,70,0.2,1,2,1,1,1,222.19,1,15,1,3,1,3,10,1,3,2,2
2,10,4,71,1.8,1,3,1,1,1,198.95,1,2,1,1,1,1,18,3,1,1,3
2,10,4,72,1.8,1,2,1,1,1,229.88,1,14,1,3,1,3,11,3,3,2,2
2,10,4,73,0.4,3,3,2,2,1,242.95,1,5,3,3,1,1,6,3,1,1,3
2,10,4,74,0.05,2,2,2,2,1,336.74,0,20,3,1,2,2,9,3,3,2,2
2,10,4,75,0.4,3,1,NaN,NaN,NaN,NaN,NaN,8,3,1,1,3,15,3,1,3,1
2,10,4,76,0.8,2,2,2,2,1,220.09,1,4,1,3,2,2,13,1,1,2,2
2,10,4,77,0.05,2,2,2,2,1,393.74,0,9,1,1,2,2,17,3,3,2,2
2,10,4,78,0.4,1,2,1,1,1,256.36,1,6,1,1,1,1,11,1,3,2,2
2,10,5,1,0.05,3,3,2,2,1,296.98,1,6,1,1,3,3,15,3,3,1,1
2,10,5,2,0.05,1,1,1,2,0,259.36,1,14,1,3,1,3,11,3,1,3,1
2,10,5,3,0.8,1,2,1,1,1,218.93,1,7,3,1,3,1,8,1,3,2,2
2,10,5,4,0.05,2,2,2,2,1,381.45,0,2,3,3,2,2,5,3,1,2,2
2,10,5,5,1.8,1,2,1,1,1,161.21,1,17,3,3,3,3,12,3,1,2,2
2,10,5,6,0.4,3,1,2,2,1,121.34,1,14,1,1,3,3,2,3,1,3,1
2,10,5,7,0.1,2,3,2,2,1,281.51,1,15,1,3,2,2,20,1,3,3,1
2,10,5,8,0.1,1,3,1,2,0,259.25,1,3,3,1,3,1,1,3,1,1,3
2,10,5,9,0.4,1,1,1,1,1,218.75,1,5,3,1,3,1,8,1,1,1,1
2,10,5,10,0.4,2,1,2,2,1,266.25,1,11,3,1,2,2,13,3,1,3,1
2,10,5,11,0.1,2,3,2,1,0,220.77,1,10,1,1,2,2,1,3,3,1,1
2,10,5,12,0.4,1,3,1,2,0,240.9,1,13,3,1,3,1,7,3,3,1,1
2,10,5,13,0.8,1,3,1,2,0,347.8,0,9,1,1,1,1,19,1,3,3,1
2,10,5,14,0.1,3,3,2,2,1,388.76,0,12,3,1,1,3,12,3,1,1,3
2,10,5,15,0.1,1,2,1,2,0,261.35,1,13,1,3,1,3,5,1,3,2,2
2,10,5,16,1.8,1,2,1,1,1,185.16,1,16,3,1,3,1,14,3,1,2,2
2,10,5,17,0.2,1,2,1,1,1,238.58,1,3,3,3,3,3,2,1,1,2,2
2,10,5,18,0.8,2,3,2,2,1,205.1,1,8,1,1,2,2,12,3,1,1,3
2,10,5,19,0.1,1,1,1,1,1,237.42,1,10,3,1,3,1,17,3,3,3,3
2,10,5,20,0.8,1,1,1,1,1,203.8,1,11,1,1,1,1,18,3,1,3,1
2,10,5,21,0.2,1,1,1,1,1,241.75,1,11,3,3,3,3,10,1,1,1,1
2,10,5,22,0.4,2,1,2,2,1,244.54,1,18,1,3,2,2,20,1,3,1,3
2,10,5,23,0.2,1,3,1,1,1,276.76,1,13,1,3,1,3,16,3,1,1,3
2,10,5,24,0.4,1,3,1,2,0,283.5,1,12,1,1,1,1,12,1,1,3,3
2,10,5,25,0.2,3,3,2,2,1,277.26,1,3,1,3,3,1,17,3,1,1,3
2,10,5,26,0.2,1,3,1,2,0,308.22,0,11,3,1,3,1,14,3,1,1,3
2,10,5,27,0.4,1,1,1,1,1,215,1,8,1,3,1,3,18,3,3,3,3
2,10,5,28,0.8,1,1,1,1,1,222.87,1,3,1,3,1,3,7,1,3,1,3
2,10,5,29,1.8,1,2,1,1,1,216.7,1,19,1,3,1,3,9,1,3,2,2
2,10,5,30,0.05,2,2,2,1,0,1108.1,0,15,3,1,2,2,9,3,1,2,2
2,10,5,31,0.05,2,3,2,2,1,251.32,1,20,3,3,2,2,13,1,1,3,3
2,10,5,32,0.05,3,2,2,2,1,298.17,1,10,3,3,1,1,18,1,1,2,2
2,10,5,33,0.05,2,2,2,2,1,243.52,1,20,3,3,2,2,11,3,3,2,2
2,10,5,34,0.4,1,3,1,1,1,244.33,1,15,3,3,3,3,6,1,1,3,3
2,10,5,35,0.4,2,2,2,2,1,248.32,1,7,3,3,2,2,10,3,1,2,2
2,10,5,36,0.8,2,1,2,2,1,209.92,1,5,1,1,2,2,10,1,1,1,1
2,10,5,37,0.1,2,3,2,2,1,266.7,1,3,3,1,2,2,2,1,1,3,3
2,10,5,38,0.4,1,2,1,1,1,227.76,1,2,1,3,1,3,18,3,1,2,2
2,10,5,39,0.1,3,1,2,2,1,333.13,0,2,3,1,1,3,8,3,3,3,3
2,10,5,40,0.4,1,2,1,1,1,222.16,1,11,1,3,1,3,15,3,3,2,2
2,10,5,41,0.1,1,2,1,1,1,260.35,1,20,3,1,3,1,13,1,1,2,2
2,10,5,42,0.1,1,3,1,1,1,258.18,1,15,1,1,1,1,19,1,1,3,3
2,10,5,43,0.8,3,3,NaN,NaN,NaN,NaN,NaN,13,3,1,1,3,13,3,1,1,3
2,10,5,44,0.8,2,2,2,2,1,216,1,6,3,1,2,2,3,3,1,2,2
2,10,5,45,0.05,1,1,1,1,1,311.47,0,14,1,3,1,3,3,1,1,1,1
2,10,5,46,0.05,2,2,2,2,1,259.8,1,14,3,1,2,2,3,3,1,2,2
2,10,5,47,0.05,1,1,1,1,1,242.24,1,18,1,3,1,3,10,1,1,1,1
2,10,5,48,1.8,1,3,1,1,1,174.16,1,10,3,3,3,3,10,3,3,1,1
2,10,5,49,0.8,2,1,2,2,1,201.22,1,19,3,1,2,2,7,3,3,3,3
2,10,5,50,0.2,2,3,2,2,1,228.57,1,14,3,1,2,2,13,3,3,1,1
2,10,5,51,1.8,1,2,1,1,1,180.72,1,4,3,3,3,3,17,1,1,2,2
2,10,5,52,0.05,1,1,1,1,1,324.8,0,11,3,1,3,1,2,3,3,3,3
2,10,5,53,1.8,1,2,1,1,1,148.76,1,10,1,3,1,3,11,1,1,2,2
2,10,5,54,1.8,1,2,1,1,1,225.59,1,20,1,1,1,1,5,3,3,2,2
2,10,5,55,0.2,2,3,2,2,1,188.02,1,1,3,1,2,2,7,1,1,3,3
2,10,5,56,1.8,1,2,1,1,1,205.13,1,18,1,1,1,1,10,3,3,2,2
2,10,5,57,0.2,2,3,2,2,1,224.18,1,10,1,3,2,2,13,3,1,1,3
2,10,5,58,0.1,3,3,2,2,1,274.32,1,19,3,3,1,1,4,3,1,1,3
2,10,5,59,0.2,2,2,2,2,1,169.46,1,5,1,3,2,2,15,3,1,2,2
2,10,5,60,0.4,3,1,2,2,1,218.25,1,13,3,3,1,1,1,3,1,3,1
2,10,5,61,1.8,1,1,1,2,0,187.37,1,10,3,3,3,3,4,1,1,1,1
2,10,5,62,1.8,1,1,1,1,1,165.26,1,4,1,3,1,3,17,1,1,1,1
2,10,5,63,0.8,1,3,1,1,1,212.21,1,12,3,1,3,1,11,1,1,3,3
2,10,5,64,1.8,1,3,1,1,1,248.37,1,5,1,3,1,3,18,1,3,3,1
2,10,5,65,0.05,1,3,1,2,0,287.8,1,20,1,3,1,3,12,1,3,3,1
2,10,5,66,0.2,3,3,2,2,1,238.26,1,8,1,3,3,1,6,1,3,3,1
2,10,5,67,0.8,1,1,1,1,1,218.31,1,9,3,3,3,3,3,3,1,3,1
2,10,5,68,0.05,3,2,2,2,1,269.63,1,12,3,1,1,3,19,1,1,2,2
2,10,5,69,0.8,1,1,1,1,1,243.77,1,6,3,1,3,1,10,1,1,1,1
2,10,5,70,0.1,1,1,1,2,0,292.94,1,16,3,3,3,3,13,1,1,1,1
2,10,5,71,0.2,2,2,2,2,1,244.1,1,6,3,3,2,2,1,3,3,2,2
2,10,5,72,0.2,2,1,2,2,1,259.92,1,4,3,1,2,2,19,1,3,1,3
2,10,5,73,1.8,1,3,1,1,1,198.18,1,10,1,3,1,3,13,3,3,1,1
2,10,5,74,0.4,1,1,1,1,1,209.08,1,19,3,1,3,1,20,1,1,1,1
2,10,5,75,0.8,3,1,2,2,1,211.07,1,3,3,1,1,3,19,3,1,3,1
2,10,5,76,0.2,1,3,1,1,1,270.35,1,17,1,3,1,3,10,3,3,1,1
2,10,5,77,1.8,1,2,1,1,1,219.22,1,2,3,1,3,1,4,1,3,2,2
2,10,5,78,0.1,3,3,2,2,1,245.8,1,13,3,3,1,1,3,1,1,3,3
2,10,6,1,0.05,1,3,1,1,1,260.36,1,18,1,3,1,3,19,3,1,1,3
2,10,6,2,0.2,3,3,2,2,1,142.63,1,6,3,1,1,3,14,3,1,1,3
2,10,6,3,0.05,1,3,1,2,0,308.17,0,20,3,3,3,3,19,1,1,3,3
2,10,6,4,0.05,3,1,2,2,1,249.27,1,4,1,3,3,1,8,3,3,3,3
2,10,6,5,0.1,1,3,1,1,1,167.9,1,7,3,3,3,3,18,1,3,3,1
2,10,6,6,1.8,1,1,NaN,NaN,NaN,NaN,NaN,8,1,1,1,1,15,3,3,3,3
2,10,6,7,0.05,1,2,1,1,1,264.36,1,7,1,1,1,1,18,3,3,2,2
2,10,6,8,0.1,1,2,1,1,1,276.87,1,13,1,3,1,3,17,1,1,2,2
2,10,6,9,0.8,3,2,2,2,1,207.52,1,18,1,1,3,3,11,3,3,2,2
2,10,6,10,0.8,1,3,1,1,1,205.51,1,20,3,1,3,1,12,3,3,1,1
2,10,6,11,0.05,2,1,2,2,1,275.83,1,6,3,3,2,2,1,1,1,1,1
2,10,6,12,0.2,2,1,2,2,1,243.45,1,11,1,1,2,2,8,3,1,3,1
2,10,6,13,0.4,3,2,2,2,1,209.39,1,1,1,1,3,3,6,1,1,2,2
2,10,6,14,0.1,3,2,2,2,1,343.72,0,17,1,1,3,3,10,3,3,2,2
2,10,6,15,0.1,3,3,2,2,1,315.66,0,9,1,1,3,3,8,3,1,1,3
2,10,6,16,0.8,2,2,2,2,1,210.1,1,20,1,1,2,2,17,3,1,2,2
2,10,6,17,0.4,1,2,1,1,1,217.2,1,5,1,3,1,3,20,1,3,2,2
2,10,6,18,0.8,1,3,1,1,1,195.11,1,4,3,3,3,3,1,3,3,1,1
2,10,6,19,0.1,3,1,2,2,1,234.94,1,5,3,3,1,1,11,3,3,3,3
2,10,6,20,0.1,2,1,2,1,0,312.3,0,20,1,1,2,2,10,1,1,1,1
2,10,6,21,0.05,1,1,1,2,0,311.22,0,15,1,1,1,1,20,1,3,1,3
2,10,6,22,0.2,2,2,2,2,1,2167.4,0,15,3,1,2,2,11,3,1,2,2
2,10,6,23,1.8,3,2,2,2,1,203.82,1,13,3,3,1,1,9,1,1,2,2
2,10,6,24,1.8,1,2,1,1,1,204.73,1,15,1,3,1,3,1,1,1,2,2
2,10,6,25,0.4,1,3,1,1,1,212.31,1,4,1,1,1,1,12,1,1,3,3
2,10,6,26,0.1,1,3,1,1,1,280.3,1,16,1,1,1,1,4,1,1,3,3
2,10,6,27,0.2,2,2,2,2,1,260.42,1,6,1,1,2,2,7,3,3,2,2
2,10,6,28,0.2,2,3,2,2,1,228.22,1,14,3,1,2,2,15,1,3,3,1
2,10,6,29,0.4,3,2,2,2,1,258.88,1,11,3,1,1,3,13,3,1,2,2
2,10,6,30,1.8,1,3,1,1,1,156.57,1,15,3,3,3,3,16,3,3,1,1
2,10,6,31,0.1,3,2,2,2,1,309.42,0,13,3,1,1,3,6,3,1,2,2
2,10,6,32,0.8,3,2,2,2,1,242.2,1,2,3,1,1,3,7,3,1,2,2
2,10,6,33,0.4,2,3,2,2,1,208.16,1,20,3,1,2,2,14,3,1,1,3
2,10,6,34,0.1,3,2,2,2,1,269.16,1,16,1,1,3,3,1,1,3,2,2
2,10,6,35,0.1,1,3,1,2,0,320.13,0,5,1,3,1,3,15,1,1,3,3
2,10,6,36,1.8,2,2,NaN,NaN,NaN,NaN,NaN,4,3,1,2,2,17,3,3,2,2
2,10,6,37,0.8,1,2,1,1,1,251.52,1,7,1,3,1,3,2,3,3,2,2
2,10,6,38,0.4,3,1,NaN,NaN,NaN,NaN,NaN,9,1,1,3,3,15,1,1,1,1
2,10,6,39,0.4,2,1,2,2,1,268,1,17,1,3,2,2,6,1,3,1,3
2,10,6,40,0.8,2,2,2,2,1,201.87,1,16,3,1,2,2,3,3,3,2,2
2,10,6,41,0.8,2,2,2,2,1,226.06,1,11,1,3,2,2,6,3,1,2,2
2,10,6,42,0.05,3,1,2,2,1,287.24,1,4,1,3,3,1,2,1,3,1,3
2,10,6,43,0.05,1,3,1,1,1,333.21,0,3,3,3,3,3,20,1,3,3,1
2,10,6,44,0.2,2,3,2,2,1,341.86,0,19,3,3,2,2,2,3,1,1,3
2,10,6,45,0.05,3,1,2,2,1,273.14,1,4,3,1,1,3,9,3,3,3,3
2,10,6,46,1.8,1,2,1,1,1,211.35,1,16,3,1,3,1,13,1,1,2,2
2,10,6,47,0.2,1,1,1,1,1,99.856,2,10,1,1,1,1,14,1,1,1,1
2,10,6,48,0.8,2,1,2,1,0,212.54,1,12,3,3,2,2,16,1,3,1,3
2,10,6,49,0.2,3,2,2,2,1,240.47,1,6,3,3,1,1,1,1,3,2,2
2,10,6,50,0.2,2,3,2,1,0,267.12,1,19,3,3,2,2,2,3,3,1,1
2,10,6,51,0.05,3,2,2,2,1,261.79,1,5,1,1,3,3,4,1,1,2,2
2,10,6,52,0.2,1,1,1,1,1,237.21,1,2,3,3,3,3,17,1,1,1,1
2,10,6,53,0.4,1,1,1,1,1,223.36,1,9,1,3,1,3,19,1,1,1,1
2,10,6,54,1.8,3,1,2,2,1,195.85,1,17,1,3,3,1,1,1,3,1,3
2,10,6,55,1.8,1,3,1,1,1,224.16,1,2,1,1,1,1,15,3,1,1,3
2,10,6,56,0.8,1,3,1,1,1,255.74,1,18,3,3,3,3,3,1,3,3,1
2,10,6,57,0.4,1,1,1,1,1,203.26,1,17,3,3,3,3,14,3,1,3,1
2,10,6,58,0.4,1,2,1,1,1,241.51,1,4,1,1,1,1,20,3,1,2,2
2,10,6,59,0.2,1,1,1,1,1,261.17,1,18,3,1,3,1,12,1,1,1,1
2,10,6,60,0.8,3,2,2,2,1,218.44,1,17,3,3,1,1,11,1,3,2,2
2,10,6,61,0.4,2,2,2,1,0,340.93,0,15,1,1,2,2,19,3,3,2,2
2,10,6,62,1.8,3,2,2,2,1,218.91,1,12,3,1,1,3,11,1,3,2,2
2,10,6,63,0.1,2,2,2,2,1,300.64,0,2,3,1,2,2,3,3,3,2,2
2,10,6,64,1.8,1,3,1,1,1,187.53,1,17,3,1,3,1,10,3,3,1,1
2,10,6,65,0.05,1,2,1,1,1,301.22,0,3,1,3,1,3,10,3,3,2,2
2,10,6,66,1.8,3,2,2,2,1,198.76,1,7,3,3,1,1,2,1,3,2,2
2,10,6,67,0.05,2,2,2,2,1,290.56,1,7,3,1,2,2,10,1,3,2,2
2,10,6,68,0.8,1,1,1,1,1,212.33,1,8,3,1,3,1,19,1,3,1,3
2,10,6,69,0.2,2,2,2,2,1,169.27,1,4,3,1,2,2,5,1,3,2,2
2,10,6,70,0.05,3,3,2,2,1,253.13,1,13,1,1,3,3,17,3,1,1,3
2,10,6,71,0.4,1,1,1,1,1,206.01,1,7,3,3,3,3,5,3,1,3,1
2,10,6,72,0.8,1,3,1,1,1,202.86,1,5,3,1,3,1,19,1,1,3,3
2,10,6,73,0.4,1,2,1,1,1,235.5,1,20,1,3,1,3,9,1,3,2,2
2,10,6,74,1.8,1,2,1,1,1,143.23,1,12,3,3,3,3,8,3,3,2,2
2,10,6,75,0.1,3,1,2,2,1,242.25,1,2,1,1,3,3,1,3,3,3,3
2,10,6,76,1.8,3,1,2,2,1,214.18,1,20,3,1,1,3,16,3,1,3,1
2,10,6,77,0.2,1,3,1,1,1,269.86,1,2,1,1,1,1,17,3,1,1,3
2,10,6,78,0.1,2,1,2,2,1,267.29,1,19,3,1,2,2,10,1,1,1,1
2,10,7,1,1.8,3,2,2,2,1,191.45,1,1,3,3,1,1,9,3,3,2,2
2,10,7,2,0.8,1,1,1,1,1,234.64,1,13,1,1,1,1,2,3,3,3,3
2,10,7,3,0.4,1,2,1,1,1,205.82,1,5,3,1,3,1,4,3,1,2,2
2,10,7,4,0.05,2,3,2,2,1,264.34,1,6,3,1,2,2,7,3,3,1,1
2,10,7,5,0.2,1,1,1,1,1,251.32,1,4,3,3,3,3,17,1,1,1,1
2,10,7,6,0.1,1,3,1,1,1,198.32,1,12,1,3,1,3,3,1,1,3,3
2,10,7,7,0.2,2,3,2,2,1,103.83,1,14,1,3,2,2,19,1,1,3,3
2,10,7,8,0.2,2,1,2,2,1,244.87,1,11,1,1,2,2,13,1,3,1,3
2,10,7,9,0.4,1,2,1,1,1,212.11,1,2,3,1,3,1,8,1,3,2,2
2,10,7,10,0.05,2,1,2,2,1,338.4,0,19,1,3,2,2,2,3,1,3,1
2,10,7,11,0.1,1,2,1,2,0,236.2,1,2,1,1,1,1,19,1,1,2,2
2,10,7,12,0.8,3,3,2,2,1,194.47,1,20,3,1,1,3,3,3,3,1,1
2,10,7,13,1.8,3,3,2,2,1,220.47,1,18,1,1,3,3,5,1,1,3,3
2,10,7,14,0.1,2,1,2,1,0,253.63,1,15,1,3,2,2,19,3,3,3,3
2,10,7,15,0.2,3,2,NaN,NaN,NaN,NaN,NaN,7,1,3,3,1,16,3,3,2,2
2,10,7,16,0.8,1,3,1,1,1,187.07,1,5,3,3,3,3,14,3,1,1,3
2,10,7,17,0.8,2,3,2,2,1,240.8,1,4,3,3,2,2,12,3,3,1,1
2,10,7,18,0.05,1,3,1,2,0,299.73,1,6,1,3,1,3,8,1,1,3,3
2,10,7,19,0.1,1,1,1,1,1,314.28,0,5,1,3,1,3,13,3,1,3,1
2,10,7,20,0.2,2,2,2,2,1,239.25,1,18,3,1,2,2,7,3,1,2,2
2,10,7,21,0.1,2,3,2,2,1,283.61,1,11,3,3,2,2,7,3,1,1,3
2,10,7,22,0.05,2,3,2,1,0,385.93,0,18,3,1,2,2,16,1,1,3,3
2,10,7,23,0.4,3,3,2,2,1,254.13,1,5,3,3,1,1,6,1,3,3,1
2,10,7,24,0.2,1,2,1,1,1,227.6,1,3,3,1,3,1,4,1,1,2,2
2,10,7,25,0.2,1,1,1,1,1,229.83,1,3,1,3,1,3,3,3,1,3,1
2,10,7,26,0.05,1,2,1,1,1,320.85,0,2,1,3,1,3,9,1,1,2,2
2,10,7,27,0.4,2,1,2,1,0,221.02,1,10,1,1,2,2,1,3,1,3,1
2,10,7,28,0.1,3,3,2,2,1,266.53,1,4,1,1,3,3,14,3,3,1,1
2,10,7,29,0.2,1,2,1,1,1,198.81,1,10,1,1,1,1,5,3,3,2,2
2,10,7,30,0.05,1,3,1,2,0,290.87,1,13,3,3,3,3,7,1,1,3,3
2,10,7,31,0.8,3,2,2,2,1,228.34,1,5,1,3,3,1,12,1,3,2,2
2,10,7,32,0.05,3,2,2,2,1,282.85,1,13,1,1,3,3,15,3,3,2,2
2,10,7,33,1.8,3,1,NaN,NaN,NaN,NaN,NaN,4,3,1,1,3,3,1,1,1,1
2,10,7,34,0.4,2,3,2,2,1,294.17,1,5,1,3,2,2,18,1,1,3,3
2,10,7,35,0.1,1,1,1,1,1,276.14,1,12,3,3,3,3,9,3,1,3,1
2,10,7,36,0.1,2,1,2,2,1,405.28,0,4,1,3,2,2,9,3,1,3,1
2,10,7,37,0.1,2,1,2,2,1,252.55,1,5,1,1,2,2,11,1,3,1,3
2,10,7,38,0.8,3,1,2,2,1,227.26,1,1,1,1,3,3,12,1,3,1,3
2,10,7,39,1.8,3,2,NaN,NaN,NaN,NaN,NaN,1,1,1,3,3,12,3,3,2,2
2,10,7,40,0.4,2,2,2,2,1,272.5,1,14,3,3,2,2,13,3,1,2,2
2,10,7,41,0.8,1,3,1,2,0,270.39,1,18,3,1,3,1,15,1,3,3,1
2,10,7,42,0.4,1,2,1,1,1,255.13,1,8,3,3,3,3,7,3,1,2,2
2,10,7,43,0.1,2,2,2,1,0,272.7,1,11,3,1,2,2,14,3,3,2,2
2,10,7,44,0.05,1,1,1,1,1,346.47,0,3,3,3,3,3,6,3,1,3,1
2,10,7,45,0.4,1,3,1,1,1,285.65,1,19,1,3,1,3,20,1,1,3,3
2,10,7,46,0.2,1,3,1,1,1,263.48,1,1,3,1,3,1,13,1,3,3,1
2,10,7,47,0.05,1,3,1,1,1,294.15,1,12,1,3,1,3,10,1,3,3,1
2,10,7,48,0.4,3,2,2,2,1,200.04,1,18,3,3,1,1,3,3,3,2,2
2,10,7,49,1.8,1,2,NaN,NaN,NaN,NaN,NaN,9,3,3,3,3,18,1,3,2,2
2,10,7,50,0.4,1,3,1,1,1,288.51,1,1,3,1,3,1,8,3,3,1,1
2,10,7,51,1.8,1,1,1,1,1,196.31,1,9,1,3,1,3,13,3,1,3,1
2,10,7,52,0.2,1,1,1,1,1,266.01,1,16,3,3,3,3,12,3,1,3,1
2,10,7,53,0.1,2,1,2,2,1,307.55,0,13,3,3,2,2,16,1,1,1,1
2,10,7,54,0.4,1,2,1,1,1,219.34,1,10,1,3,1,3,18,1,3,2,2
2,10,7,55,1.8,1,3,1,2,0,190.99,1,11,3,1,3,1,2,3,1,1,3
2,10,7,56,1.8,1,2,1,1,1,191.5,1,4,3,1,3,1,17,1,3,2,2
2,10,7,57,0.8,1,3,1,2,0,256.61,1,18,1,3,1,3,20,3,1,1,3
2,10,7,58,1.8,1,2,1,1,1,197.56,1,6,1,1,1,1,19,1,3,2,2
2,10,7,59,0.2,3,1,2,2,1,212.22,1,5,3,3,1,1,12,1,3,1,3
2,10,7,60,0.1,3,3,2,2,1,667.35,0,12,3,3,1,1,10,3,3,1,1
2,10,7,61,0.8,1,1,1,1,1,209.64,1,13,1,3,1,3,13,3,1,3,1
2,10,7,62,1.8,1,3,NaN,NaN,NaN,NaN,NaN,13,3,3,3,3,2,1,3,3,1
2,10,7,63,0.05,3,1,2,2,1,269.84,1,13,3,1,1,3,1,1,1,1,1
2,10,7,64,0.8,3,3,2,2,1,226.99,1,18,1,3,3,1,9,1,3,3,1
2,10,7,65,0.8,2,3,2,2,1,328.19,0,2,3,1,2,2,1,3,3,1,1
2,10,7,66,1.8,2,1,2,2,1,193.83,1,13,1,3,2,2,14,1,1,1,1
2,10,7,67,0.8,2,1,2,2,1,202.7,1,7,3,3,2,2,7,1,3,1,3
2,10,7,68,1.8,2,2,2,1,0,197.7,1,7,1,3,2,2,12,3,1,2,2
2,10,7,69,0.4,1,3,1,1,1,208.6,1,15,3,1,3,1,5,3,3,1,1
2,10,7,70,0.2,3,1,2,2,1,213.6,1,19,1,1,3,3,2,1,3,1,3
2,10,7,71,0.2,1,2,1,1,1,255.07,1,5,3,1,3,1,16,3,3,2,2
2,10,7,72,0.05,3,3,2,2,1,273,1,4,1,1,3,3,20,3,3,1,1
2,10,7,73,0.1,3,3,2,2,1,258.32,1,12,3,1,1,3,12,1,3,3,1
2,10,7,74,0.8,2,2,2,2,1,201.51,1,20,3,3,2,2,16,1,1,2,2
2,10,7,75,0.4,1,3,1,1,1,274.53,1,5,3,1,3,1,7,3,1,1,3
2,10,7,76,0.05,3,1,2,2,1,268.43,1,16,1,3,3,1,14,1,1,1,1
2,10,7,77,0.05,1,3,1,2,0,311.11,0,17,3,1,3,1,15,1,3,3,1
2,10,7,78,1.8,3,1,2,2,1,187.51,1,15,3,3,1,1,6,3,3,3,3
2,10,8,1,0.4,2,3,2,1,0,214.55,1,20,1,3,2,2,9,3,1,1,3
2,10,8,2,0.05,2,3,2,2,1,258,1,4,3,3,2,2,1,3,3,1,1
2,10,8,3,1.8,3,2,2,2,1,218.61,1,11,3,1,1,3,2,1,1,2,2
2,10,8,4,0.05,1,2,1,1,1,275.13,1,17,1,1,1,1,17,1,3,2,2
2,10,8,5,0.2,1,1,1,1,1,296.82,1,1,3,3,3,3,7,1,1,1,1
2,10,8,6,0.05,2,3,2,2,1,300.28,0,4,1,1,2,2,18,1,1,3,3
2,10,8,7,0.4,1,3,1,1,1,253.13,1,7,1,3,1,3,13,1,3,3,1
2,10,8,8,0.4,3,3,2,2,1,228.75,1,7,3,1,1,3,19,1,3,3,1
2,10,8,9,0.2,3,2,2,2,1,246.51,1,16,1,3,3,1,6,1,3,2,2
2,10,8,10,0.8,1,2,1,2,0,263.9,1,3,3,1,3,1,19,1,1,2,2
2,10,8,11,0.1,2,3,2,1,0,299.02,1,12,3,3,2,2,14,1,1,3,3
2,10,8,12,1.8,2,1,2,2,1,195.16,1,8,1,3,2,2,12,3,3,3,3
2,10,8,13,0.8,3,2,2,2,1,268.88,1,12,3,1,1,3,7,1,3,2,2
2,10,8,14,0.8,3,2,2,2,1,219.54,1,1,1,3,3,1,9,1,3,2,2
2,10,8,15,1.8,1,1,NaN,NaN,NaN,NaN,NaN,10,3,3,3,3,2,3,3,3,3
2,10,8,16,1.8,2,1,2,2,1,230.23,1,3,3,1,2,2,7,3,1,3,1
2,10,8,17,0.05,3,2,2,2,1,293.98,1,10,1,3,3,1,2,1,3,2,2
2,10,8,18,1.8,2,2,2,2,1,212.58,1,11,3,3,2,2,19,3,1,2,2
2,10,8,19,0.8,2,3,2,2,1,216.18,1,13,1,1,2,2,3,3,1,1,3
2,10,8,20,0.4,3,3,2,2,1,357.71,0,11,3,1,1,3,16,1,3,3,1
2,10,8,21,0.8,1,3,1,1,1,227.84,1,6,1,1,1,1,14,3,3,1,1
2,10,8,22,0.4,1,2,1,1,1,241.77,1,2,1,3,1,3,5,1,3,2,2
2,10,8,23,0.2,3,2,2,2,1,225.19,1,9,3,1,1,3,20,1,3,2,2
2,10,8,24,0.05,3,1,2,2,1,274.42,1,3,1,1,3,3,14,3,3,3,3
2,10,8,25,0.8,2,3,2,1,0,234.98,1,8,1,1,2,2,3,1,3,3,1
2,10,8,26,0.1,3,3,2,2,1,254.25,1,6,3,3,1,1,8,3,1,1,3
2,10,8,27,0.8,2,2,2,2,1,203.92,1,20,3,3,2,2,14,3,1,2,2
2,10,8,28,0.2,3,3,2,2,1,207.92,1,7,1,3,3,1,1,3,3,1,1
2,10,8,29,0.05,1,2,1,2,0,321.12,0,13,1,1,1,1,3,3,1,2,2
2,10,8,30,0.8,1,2,1,1,1,199.18,1,5,1,3,1,3,3,3,1,2,2
2,10,8,31,0.1,2,2,2,2,1,255.12,1,3,3,3,2,2,10,3,1,2,2
2,10,8,32,0.8,2,3,2,2,1,211.53,1,2,3,3,2,2,15,1,3,3,1
2,10,8,33,1.8,2,2,2,2,1,176.05,1,10,3,1,2,2,8,1,3,2,2
2,10,8,34,0.4,2,1,2,1,0,332.65,0,1,3,1,2,2,10,1,1,1,1
2,10,8,35,0.2,2,3,2,2,1,258.45,1,17,1,3,2,2,5,3,3,1,1
2,10,8,36,0.05,2,2,2,1,0,300.94,0,7,1,3,2,2,7,3,3,2,2
2,10,8,37,0.4,1,1,1,1,1,211.07,1,5,1,3,1,3,15,3,1,3,1
2,10,8,38,0.1,1,1,1,2,0,259.73,1,19,1,3,1,3,14,3,3,3,3
2,10,8,39,1.8,1,1,1,1,1,201.63,1,11,3,1,3,1,11,3,1,3,1
2,10,8,40,0.2,1,1,1,1,1,240.66,1,12,3,1,3,1,17,3,3,3,3
2,10,8,41,0.05,1,1,1,1,1,278.65,1,11,3,3,3,3,2,3,1,3,1
2,10,8,42,0.4,2,1,2,2,1,263.38,1,14,3,1,2,2,20,1,1,1,1
2,10,8,43,0.4,2,2,2,2,1,261.8,1,18,3,1,2,2,16,3,1,2,2
2,10,8,44,0.1,1,1,1,2,0,447.34,0,12,3,1,3,1,16,1,1,1,1
2,10,8,45,0.05,3,3,2,2,1,342.36,0,13,1,1,3,3,14,1,1,3,3
2,10,8,46,0.05,1,2,1,1,1,313.38,0,5,1,1,1,1,12,1,3,2,2
2,10,8,47,0.1,2,2,2,2,1,251.66,1,14,3,1,2,2,16,1,1,2,2
2,10,8,48,0.1,1,1,1,1,1,213.96,1,2,1,1,1,1,4,3,1,3,1
2,10,8,49,1.8,3,3,2,2,1,212.98,1,1,1,3,3,1,16,1,3,3,1
2,10,8,50,1.8,1,2,1,1,1,221.93,1,3,1,3,1,3,9,1,1,2,2
2,10,8,51,0.1,3,1,2,2,1,283.21,1,3,3,1,1,3,1,3,3,3,3
2,10,8,52,0.4,1,2,1,1,1,235.65,1,20,1,3,1,3,12,1,3,2,2
2,10,8,53,0.1,3,3,2,2,1,274.33,1,18,3,3,1,1,12,1,1,3,3
2,10,8,54,0.05,1,1,1,1,1,339.97,0,10,3,3,3,3,3,1,1,1,1
2,10,8,55,1.8,2,2,2,2,1,191.18,1,6,1,3,2,2,6,1,3,2,2
2,10,8,56,0.2,2,2,2,2,1,209.05,1,15,1,1,2,2,4,1,1,2,2
2,10,8,57,0.2,2,3,2,2,1,255.21,1,5,1,1,2,2,7,1,3,3,1
2,10,8,58,0.4,3,2,2,2,1,389.09,0,11,3,3,1,1,1,1,3,2,2
2,10,8,59,1.8,2,1,2,2,1,168.79,1,14,1,1,2,2,13,1,1,1,1
2,10,8,60,0.1,1,3,1,1,1,267.52,1,4,1,1,1,1,8,1,1,3,3
2,10,8,61,1.8,2,1,2,2,1,201.46,1,11,3,3,2,2,16,1,3,1,3
2,10,8,62,0.2,1,1,1,1,1,273.19,1,16,3,1,3,1,12,1,3,1,3
2,10,8,63,0.4,3,2,2,2,1,262.52,1,5,3,3,1,1,15,1,1,2,2
2,10,8,64,1.8,1,2,1,1,1,192.06,1,14,1,3,1,3,15,3,1,2,2
2,10,8,65,0.8,2,2,2,2,1,198.09,1,4,1,3,2,2,7,1,1,2,2
2,10,8,66,0.1,1,3,1,1,1,260.11,1,7,3,1,3,1,3,1,3,3,1
2,10,8,67,0.2,2,1,2,2,1,297.9,1,8,1,3,2,2,20,3,3,3,3
2,10,8,68,0.05,1,2,1,1,1,290.29,1,11,3,1,3,1,10,3,3,2,2
2,10,8,69,0.2,2,3,2,2,1,287.77,1,14,3,3,2,2,11,1,3,3,1
2,10,8,70,0.4,3,2,2,2,1,273.66,1,17,1,1,3,3,9,3,3,2,2
2,10,8,71,0.05,2,1,2,2,1,348.21,0,2,1,1,2,2,13,1,3,1,3
2,10,8,72,0.2,2,1,2,2,1,234.57,1,12,3,1,2,2,20,3,3,3,3
2,10,8,73,0.8,1,2,1,1,1,205.06,1,6,1,1,1,1,11,1,3,2,2
2,10,8,74,0.1,1,2,1,1,1,299.61,1,9,1,3,1,3,18,3,1,2,2
2,10,8,75,0.8,1,1,1,1,1,209.08,1,2,1,3,1,3,11,3,3,3,3
2,10,8,76,0.1,2,2,2,1,0,332.28,0,6,3,3,2,2,17,1,3,2,2
2,10,8,77,0.2,1,2,1,1,1,204.8,1,13,3,3,3,3,1,1,1,2,2
2,10,8,78,0.8,2,3,2,2,1,215.57,1,14,1,1,2,2,7,3,1,1,3
2,10,9,1,0.05,2,2,2,2,1,320.49,0,5,3,3,2,2,11,3,1,2,2
2,10,9,2,0.2,2,3,2,2,1,181.12,1,5,3,3,2,2,13,1,1,3,3
2,10,9,3,1.8,1,2,1,1,1,183.38,1,11,1,3,1,3,20,1,3,2,2
2,10,9,4,0.05,2,2,2,2,1,250.39,1,14,3,1,2,2,15,3,1,2,2
2,10,9,5,1.8,1,2,1,1,1,173.73,1,7,3,1,3,1,7,3,3,2,2
2,10,9,6,1.8,1,1,1,1,1,193.24,1,1,1,3,1,3,1,3,3,3,3
2,10,9,7,0.05,1,3,1,1,1,356.57,0,7,3,3,3,3,6,3,3,1,1
2,10,9,8,0.05,3,1,2,2,1,242.2,1,18,3,3,1,1,14,3,1,3,1
2,10,9,9,0.2,2,1,2,2,1,169.86,1,11,1,3,2,2,2,1,1,1,1
2,10,9,10,0.05,1,3,1,2,0,287.45,1,19,3,3,3,3,18,3,3,1,1
2,10,9,11,0.4,1,3,1,1,1,246.74,1,9,3,1,3,1,16,3,3,1,1
2,10,9,12,0.8,2,1,2,2,1,201.07,1,13,3,1,2,2,6,1,3,1,3
2,10,9,13,0.2,3,2,2,2,1,140.94,1,9,3,1,1,3,11,1,3,2,2
2,10,9,14,0.2,1,1,1,2,0,76.221,2,11,3,3,3,3,10,3,1,3,1
2,10,9,15,0.2,3,1,2,2,1,198.69,1,5,3,1,1,3,10,1,1,1,1
2,10,9,16,0.1,3,1,2,2,1,226.08,1,16,1,3,3,1,10,3,3,3,3
2,10,9,17,0.05,2,1,2,1,0,250.96,1,1,1,1,2,2,19,1,3,1,3
2,10,9,18,0.4,1,1,1,1,1,185.73,1,14,1,3,1,3,17,3,1,3,1
2,10,9,19,0.8,3,1,NaN,NaN,NaN,NaN,NaN,5,3,3,1,1,5,1,3,1,3
2,10,9,20,0.1,1,2,1,2,0,284.29,1,4,1,1,1,1,17,3,1,2,2
2,10,9,21,0.8,1,3,1,2,0,234.85,1,11,1,1,1,1,17,3,3,1,1
2,10,9,22,0.1,2,2,2,1,0,249.47,1,12,3,3,2,2,7,3,3,2,2
2,10,9,23,0.4,3,3,2,2,1,210.09,1,9,1,3,3,1,6,1,3,3,1
2,10,9,24,1.8,3,1,2,2,1,163.69,1,14,3,1,1,3,9,1,1,1,1
2,10,9,25,0.1,1,1,1,1,1,267.01,1,3,1,1,1,1,20,3,3,3,3
2,10,9,26,1.8,1,1,1,1,1,185.57,1,4,3,3,3,3,19,1,1,1,1
2,10,9,27,1.8,3,2,2,2,1,183.6,1,9,3,3,1,1,7,1,1,2,2
2,10,9,28,0.2,1,3,1,1,1,233.03,1,15,1,1,1,1,8,3,3,1,1
2,10,9,29,0.8,3,2,2,2,1,244.74,1,3,3,1,1,3,6,3,1,2,2
2,10,9,30,0.4,1,2,1,1,1,216.25,1,11,1,1,1,1,13,3,3,2,2
2,10,9,31,0.05,2,1,2,2,1,324.31,0,16,3,3,2,2,18,3,3,3,3
2,10,9,32,0.8,1,3,1,2,0,153.46,1,15,1,3,1,3,13,3,1,1,3
2,10,9,33,0.1,1,1,1,1,1,249.53,1,6,3,3,3,3,17,1,3,1,3
2,10,9,34,0.2,1,1,1,1,1,261.45,1,10,3,1,3,1,1,1,1,1,1
2,10,9,35,0.05,1,1,1,1,1,272.77,1,3,3,3,3,3,5,3,3,3,3
2,10,9,36,0.8,1,1,1,1,1,212.31,1,15,1,1,1,1,17,3,1,3,1
2,10,9,37,1.8,3,1,2,2,1,216.16,1,9,1,3,3,1,11,1,3,1,3
2,10,9,38,0.4,1,2,1,1,1,220.02,1,15,3,1,3,1,3,1,1,2,2
2,10,9,39,0.4,1,1,1,1,1,224.95,1,19,3,3,3,3,19,3,1,3,1
2,10,9,40,0.4,3,3,2,2,1,234.76,1,15,3,3,1,1,3,1,1,3,3
2,10,9,41,0.05,3,1,2,2,1,297.86,1,4,1,3,3,1,13,1,3,1,3
2,10,9,42,1.8,3,2,2,2,1,239.6,1,3,1,3,3,1,4,3,3,2,2
2,10,9,43,0.4,1,1,1,1,1,263.56,1,19,3,3,3,3,10,1,3,1,3
2,10,9,44,0.8,2,2,2,2,1,206.28,1,19,3,3,2,2,11,3,1,2,2
2,10,9,45,1.8,1,3,1,2,0,170.17,1,17,3,1,3,1,20,1,1,3,3
2,10,9,46,0.1,1,3,1,1,1,235.07,1,9,1,3,1,3,6,1,3,3,1
2,10,9,47,0.4,2,2,2,1,0,212.15,1,17,1,1,2,2,11,3,3,2,2
2,10,9,48,0.1,1,3,1,2,0,297.85,1,5,3,3,3,3,2,1,3,3,1
2,10,9,49,0.4,1,2,1,1,1,222.3,1,14,3,1,3,1,9,3,3,2,2
2,10,9,50,0.4,1,1,NaN,NaN,NaN,NaN,NaN,20,3,1,3,1,17,1,1,1,1
2,10,9,51,0.8,1,2,1,1,1,212.15,1,16,3,1,3,1,10,3,3,2,2
2,10,9,52,0.8,3,2,2,2,1,223.13,1,8,3,3,1,1,16,3,1,2,2
2,10,9,53,0.05,1,1,1,1,1,287.98,1,15,1,1,1,1,1,3,3,3,3
2,10,9,54,0.2,1,3,1,1,1,269.15,1,16,3,1,3,1,15,3,3,1,1
2,10,9,55,0.2,1,3,1,2,0,276.94,1,18,3,1,3,1,3,3,3,1,1
2,10,9,56,0.1,3,1,2,2,1,264.59,1,5,1,3,3,1,2,1,3,1,3
2,10,9,57,1.8,2,2,2,2,1,229.31,1,19,1,1,2,2,1,1,3,2,2
2,10,9,58,0.8,2,2,2,2,1,224,1,4,1,1,2,2,18,3,3,2,2
2,10,9,59,0.8,2,1,2,1,0,196.57,1,4,1,3,2,2,6,3,3,3,3
2,10,9,60,0.05,3,2,2,2,1,276.52,1,6,3,1,1,3,17,3,3,2,2
2,10,9,61,0.1,3,3,2,2,1,268.72,1,5,3,3,1,1,13,3,3,1,1
2,10,9,62,0.1,2,3,2,2,1,276.31,1,1,1,1,2,2,14,1,3,3,1
2,10,9,63,0.2,3,2,2,2,1,259.67,1,14,3,3,1,1,5,3,1,2,2
2,10,9,64,0.1,1,1,1,2,0,242.03,1,10,1,1,1,1,17,1,3,1,3
2,10,9,65,0.2,2,1,2,2,1,263.49,1,1,1,3,2,2,15,1,3,1,3
2,10,9,66,0.8,1,2,1,1,1,215.4,1,14,1,3,1,3,18,1,1,2,2
2,10,9,67,1.8,3,2,2,2,1,163.94,1,14,3,1,1,3,5,1,3,2,2
2,10,9,68,0.4,3,1,2,2,1,221.86,1,11,3,1,1,3,18,3,1,3,1
2,10,9,69,0.1,1,1,1,2,0,266.14,1,4,3,3,3,3,11,3,3,3,3
2,10,9,70,0.1,1,1,1,1,1,190.01,1,18,3,3,3,3,7,1,3,1,3
2,10,9,71,0.2,1,3,1,1,1,241.91,1,17,3,1,3,1,17,3,3,1,1
2,10,9,72,1.8,1,3,1,1,1,226.63,1,7,3,3,3,3,3,3,1,1,3
2,10,9,73,1.8,3,3,2,2,1,187.69,1,15,3,1,1,3,10,1,1,3,3
2,10,9,74,0.2,1,3,1,1,1,199.37,1,20,3,3,3,3,10,3,1,1,3
2,10,9,75,0.05,3,3,2,2,1,231.07,1,16,3,1,1,3,7,1,1,3,3
2,10,9,76,0.05,3,1,2,2,1,288.07,1,20,3,1,1,3,13,1,3,1,3
2,10,9,77,0.8,2,3,2,2,1,192.37,1,20,1,3,2,2,3,1,3,3,1
2,10,9,78,0.4,1,2,1,1,1,192.26,1,3,1,3,1,3,12,1,1,2,2
2,10,10,1,0.8,1,3,1,1,1,198.54,1,13,3,3,3,3,13,3,1,1,3
2,10,10,2,0.2,3,2,2,2,1,216.84,1,17,3,3,1,1,14,1,3,2,2
2,10,10,3,0.1,1,2,1,1,1,158.09,1,5,3,1,3,1,13,1,3,2,2
2,10,10,4,0.05,3,3,2,1,0,285.7,1,18,1,1,3,3,3,1,3,3,1
2,10,10,5,0.2,2,3,2,2,1,292.9,1,8,1,3,2,2,16,1,1,3,3
2,10,10,6,0.2,1,1,1,1,1,271.91,1,19,3,3,3,3,8,1,3,1,3
2,10,10,7,0.8,3,1,NaN,NaN,NaN,NaN,NaN,19,3,1,1,3,7,1,1,1,1
2,10,10,8,1.8,3,3,2,2,1,202.02,1,7,1,3,3,1,9,3,1,1,3
2,10,10,9,0.4,3,2,2,2,1,250.16,1,18,3,1,1,3,18,3,3,2,2
2,10,10,10,0.05,1,1,1,2,0,297.3,1,18,1,1,1,1,10,1,3,1,3
2,10,10,11,1.8,3,3,2,2,1,225.91,1,10,1,3,3,1,18,3,3,1,1
2,10,10,12,0.8,1,2,1,1,1,226.8,1,1,3,1,3,1,14,3,1,2,2
2,10,10,13,0.8,3,1,2,2,1,257.44,1,13,3,3,1,1,15,3,1,3,1
2,10,10,14,0.2,3,3,2,2,1,246.79,1,10,3,1,1,3,6,1,1,3,3
2,10,10,15,0.4,1,1,1,1,1,251.37,1,15,3,3,3,3,6,1,3,1,3
2,10,10,16,0.05,1,1,1,1,1,378.25,0,14,1,1,1,1,3,1,1,1,1
2,10,10,17,0.8,3,2,2,2,1,200.21,1,14,1,1,3,3,11,3,1,2,2
2,10,10,18,0.8,1,3,1,1,1,199.61,1,4,3,1,3,1,18,1,3,3,1
2,10,10,19,0.8,3,2,2,2,1,219,1,18,3,1,1,3,5,3,3,2,2
2,10,10,20,0.4,2,2,2,1,0,267.15,1,12,1,3,2,2,11,3,1,2,2
2,10,10,21,0.4,3,2,2,2,1,226.95,1,11,3,3,1,1,2,1,1,2,2
2,10,10,22,0.8,1,3,1,1,1,214.16,1,3,1,1,1,1,18,3,1,1,3
2,10,10,23,0.8,1,1,1,1,1,219.26,1,17,1,3,1,3,8,1,1,1,1
2,10,10,24,0.2,3,2,2,2,1,263.81,1,6,3,1,1,3,11,1,3,2,2
2,10,10,25,0.1,2,2,2,1,0,277.65,1,7,1,3,2,2,13,3,3,2,2
2,10,10,26,0.05,1,1,1,2,0,312.27,0,12,3,1,3,1,13,3,1,3,1
2,10,10,27,0.8,3,2,2,2,1,219.27,1,3,3,1,1,3,19,3,1,2,2
2,10,10,28,0.4,1,2,1,1,1,205.64,1,10,3,1,3,1,18,3,1,2,2
2,10,10,29,0.4,3,2,2,2,1,226.36,1,5,1,3,3,1,6,1,3,2,2
2,10,10,30,0.2,1,3,1,1,1,327.5,0,16,3,3,3,3,18,3,1,1,3
2,10,10,31,0.4,1,3,1,2,0,281.65,1,4,3,1,3,1,4,3,1,1,3
2,10,10,32,0.1,1,2,1,1,1,214.22,1,1,3,1,3,1,2,3,1,2,2
2,10,10,33,0.05,2,1,2,1,0,329.99,0,12,3,1,2,2,9,3,3,3,3
2,10,10,34,0.8,1,3,1,1,1,217.59,1,10,1,3,1,3,16,1,1,3,3
2,10,10,35,0.05,2,1,2,2,1,232.83,1,16,3,1,2,2,14,1,1,1,1
2,10,10,36,0.1,2,2,2,2,1,217.22,1,16,3,1,2,2,19,3,3,2,2
2,10,10,37,1.8,1,1,1,1,1,186.56,1,9,1,3,1,3,13,3,1,3,1
2,10,10,38,0.4,1,2,1,1,1,233.78,1,12,3,3,3,3,17,1,3,2,2
2,10,10,39,0.05,2,1,2,2,1,298.36,1,3,3,1,2,2,6,1,3,1,3
2,10,10,40,0.1,1,2,1,1,1,250.3,1,10,1,1,1,1,16,3,3,2,2
2,10,10,41,0.8,3,3,2,2,1,241.17,1,1,1,3,3,1,3,1,3,3,1
2,10,10,42,1.8,2,2,2,2,1,188.84,1,16,3,1,2,2,14,3,3,2,2
2,10,10,43,1.8,1,1,1,1,1,162.7,1,19,1,1,1,1,13,3,1,3,1
2,10,10,44,1.8,1,2,1,1,1,240.14,1,9,1,1,1,1,5,1,3,2,2
2,10,10,45,1.8,2,2,2,1,0,205.75,1,19,1,3,2,2,2,3,3,2,2
2,10,10,46,0.1,3,1,2,2,1,273.29,1,11,1,3,3,1,19,3,1,3,1
2,10,10,47,1.8,2,1,2,1,0,198.35,1,7,1,3,2,2,1,1,1,1,1
2,10,10,48,0.4,1,2,1,1,1,247.43,1,7,3,3,3,3,20,1,3,2,2
2,10,10,49,0.1,2,3,2,2,1,207.74,1,1,3,3,2,2,14,3,3,1,1
2,10,10,50,0.05,3,1,2,2,1,343.31,0,18,1,3,3,1,3,1,3,1,3
2,10,10,51,0.05,1,1,1,1,1,236.89,1,13,3,3,3,3,11,3,3,3,3
2,10,10,52,0.2,2,3,2,2,1,284.07,1,16,1,3,2,2,20,1,1,3,3
2,10,10,53,0.2,1,1,1,1,1,208.13,1,13,1,3,1,3,20,3,3,3,3
2,10,10,54,1.8,2,2,2,2,1,222.21,1,4,3,3,2,2,2,3,1,2,2
2,10,10,55,0.4,3,1,2,2,1,212.9,1,8,1,3,3,1,2,3,1,3,1
2,10,10,56,0.4,3,3,NaN,NaN,NaN,NaN,NaN,2,3,1,1,3,7,1,1,3,3
2,10,10,57,0.4,1,1,1,1,1,247.59,1,10,3,3,3,3,1,3,1,3,1
2,10,10,58,0.05,1,2,1,1,1,258.6,1,19,3,3,3,3,7,1,3,2,2
2,10,10,59,0.05,1,3,1,1,1,273.16,1,18,1,3,1,3,2,3,3,1,1
2,10,10,60,0.1,2,1,2,2,1,270.45,1,15,3,1,2,2,13,3,1,3,1
2,10,10,61,1.8,3,2,2,2,1,237.18,1,16,1,3,3,1,16,3,3,2,2
2,10,10,62,1.8,1,3,1,1,1,230.84,1,6,1,3,1,3,20,1,1,3,3
2,10,10,63,0.2,2,3,2,2,1,196.06,1,10,1,1,2,2,15,1,3,3,1
2,10,10,64,0.1,1,3,1,1,1,251.56,1,14,1,1,1,1,14,1,1,3,3
2,10,10,65,0.8,1,1,1,1,1,217.06,1,4,1,3,1,3,7,1,3,1,3
2,10,10,66,0.1,1,3,1,2,0,283.1,1,2,3,1,3,1,11,1,3,3,1
2,10,10,67,0.1,1,2,1,1,1,238.41,1,6,1,3,1,3,5,3,1,2,2
2,10,10,68,0.1,1,2,1,1,1,304.44,0,16,1,1,1,1,10,3,3,2,2
2,10,10,69,0.2,1,1,1,1,1,250.74,1,2,1,1,1,1,16,1,1,1,1
2,10,10,70,0.4,1,3,1,1,1,259.75,1,4,3,3,3,3,6,1,1,3,3
2,10,10,71,1.8,1,3,1,2,0,203.15,1,6,3,1,3,1,20,1,1,3,3
2,10,10,72,0.2,1,1,1,1,1,178.61,1,13,1,1,1,1,4,1,3,1,3
2,10,10,73,0.2,1,2,1,1,1,219.95,1,3,1,3,1,3,8,3,3,2,2
2,10,10,74,0.05,2,1,2,2,1,321.03,0,16,1,3,2,2,17,1,3,1,3
2,10,10,75,0.05,3,2,2,2,1,324.02,0,11,1,3,3,1,4,3,1,2,2
2,10,10,76,0.2,1,3,1,2,0,302.06,0,13,3,3,3,3,16,3,3,1,1
2,10,10,77,0.1,3,3,2,2,1,207.05,1,13,1,3,3,1,2,3,3,1,1
2,10,10,78,1.8,3,1,2,2,1,222.59,1,1,3,1,1,3,2,3,1,3,1
