2,1,1,1,1.8,3,3,2,2,1,187.15,1,17,1,1,3,3,11,1,3,3,1
2,1,1,2,0.1,3,3,2,2,1,246.44,1,19,1,1,3,3,19,3,1,1,3
2,1,1,3,0.2,3,3,2,2,1,220.94,1,7,3,1,1,3,17,3,3,1,1
2,1,1,4,0.2,1,1,1,2,0,188.8,1,4,3,3,3,3,13,3,3,3,3
2,1,1,5,0.4,1,1,1,2,0,193,1,3,1,3,1,3,18,3,3,3,3
2,1,1,6,0.2,3,3,2,2,1,245.98,1,1,3,3,1,1,16,3,3,1,1
2,1,1,7,0.4,3,3,2,2,1,241.71,1,5,3,3,1,1,5,1,1,3,3
2,1,1,8,0.2,1,1,1,2,0,228.92,1,11,1,1,1,1,8,3,1,3,1
2,1,1,9,0.8,1,1,1,2,0,205.16,1,4,1,1,1,1,8,1,3,1,3
2,1,1,10,0.4,3,3,2,2,1,196.9,1,11,3,3,1,1,2,3,3,1,1
2,1,1,11,0.1,1,1,1,2,0,274.1,1,4,3,3,3,3,10,3,3,3,3
2,1,1,12,0.1,1,1,1,2,0,240.49,1,15,3,1,3,1,6,3,3,3,3
2,1,1,13,1.8,3,3,2,2,1,237.77,1,1,3,1,1,3,15,1,3,3,1
2,1,1,14,0.8,1,1,1,2,0,336.29,0,10,3,3,3,3,10,3,3,3,3
2,1,1,15,0.1,3,3,2,2,1,201.13,1,2,1,3,3,1,17,1,3,3,1
2,1,1,16,0.1,3,3,2,2,1,195.85,1,9,1,1,3,3,20,1,1,3,3
2,1,1,17,0.4,1,1,1,2,0,192.22,1,20,3,1,3,1,5,3,3,3,3
2,1,1,18,0.05,3,3,2,2,1,193.51,1,15,3,3,1,1,4,1,1,3,3
2,1,1,19,1.8,1,1,1,2,0,199.37,1,6,1,3,1,3,11,3,1,3,1
2,1,1,20,1.8,1,1,1,2,0,192.05,1,10,3,1,3,1,15,1,3,1,3
2,1,1,21,0.8,1,1,1,2,0,218.03,1,12,1,3,1,3,4,3,1,3,1
2,1,1,22,0.8,1,1,1,2,0,193.23,1,12,1,3,1,3,4,3,1,3,1
2,1,1,23,1.8,3,3,2,2,1,192.4,1,15,1,1,3,3,10,1,1,3,3
2,1,1,24,0.05,3,3,2,2,1,259.72,1,20,1,1,3,3,5,3,1,1,3
2,1,1,25,0.8,3,3,2,2,1,191.2,1,14,3,3,1,1,13,1,3,3,1
2,1,1,26,0.05,3,3,2,2,1,230.1,1,13,3,1,1,3,15,1,1,3,3
2,1,1,27,1.8,3,3,2,2,1,196.3,1,11,3,3,1,1,15,3,3,1,1
2,1,1,28,0.1,1,1,1,2,0,271.64,1,3,1,1,1,1,17,3,3,3,3
2,1,1,29,1.8,1,1,1,2,0,193.28,1,9,3,1,3,1,12,1,1,1,1
2,1,1,30,0.2,3,3,2,2,1,257.13,1,18,1,3,3,1,4,1,3,3,1
2,1,1,31,1.8,3,3,2,2,1,218.25,1,18,3,3,1,1,5,3,1,1,3
2,1,1,32,0.1,1,1,1,2,0,268.81,1,1,1,1,1,1,15,1,3,1,3
2,1,1,33,0.8,1,1,1,2,0,208.4,1,10,1,3,1,3,8,3,3,3,3
2,1,1,34,0.4,3,3,2,2,1,194.19,1,2,3,1,1,3,20,3,1,1,3
2,1,1,35,0.05,3,3,2,2,1,267.57,1,4,3,3,1,1,5,3,3,1,1
2,1,1,36,1.8,1,1,1,2,0,215.46,1,20,3,3,3,3,12,3,1,3,1
2,1,1,37,0.2,3,3,2,2,1,208.59,1,8,3,3,1,1,6,3,3,1,1
2,1,1,38,0.4,3,3,2,2,1,206.4,1,5,1,1,3,3,15,3,3,1,1
2,1,1,39,0.4,1,1,1,2,0,210.46,1,2,1,1,1,1,9,3,3,3,3
2,1,1,40,0.4,3,3,2,2,1,261.72,1,8,1,1,3,3,6,1,1,3,3
2,1,1,41,1.8,1,1,1,2,0,236.31,1,9,3,1,3,1,12,1,3,1,3
2,1,1,42,0.8,1,1,1,2,0,207.05,1,13,1,1,1,1,2,1,3,1,3
2,1,1,43,0.1,1,1,1,2,0,192.03,1,15,3,3,3,3,5,3,3,3,3
2,1,1,44,0.05,3,3,2,2,1,226.54,1,13,1,3,3,1,11,3,1,1,3
2,1,1,45,1.8,1,1,1,2,0,237.21,1,9,3,1,3,1,19,1,1,1,1
2,1,1,46,0.1,1,1,1,2,0,206.24,1,17,1,3,1,3,14,1,3,1,3
2,1,1,47,0.2,3,3,2,2,1,192.64,1,2,1,3,3,1,6,1,1,3,3
2,1,1,48,0.8,1,1,1,2,0,234.07,1,1,3,3,3,3,20,1,1,1,1
2,1,1,49,0.4,3,3,2,2,1,224.24,1,20,1,1,3,3,1,3,3,1,1
2,1,1,50,0.8,3,3,2,2,1,200.96,1,14,1,1,3,3,12,3,3,1,1
2,1,1,51,0.4,3,3,2,2,1,187.34,1,12,1,1,3,3,3,3,3,1,1
2,1,1,52,0.4,3,3,2,2,1,215.46,1,14,3,1,1,3,11,3,1,1,3
2,1,1,53,0.2,1,1,1,2,0,212.77,1,10,1,3,1,3,9,3,1,3,1
2,1,1,54,0.2,1,1,1,2,0,200.46,1,4,3,3,3,3,3,3,3,3,3
2,1,1,55,0.2,3,3,2,2,1,224.62,1,7,1,3,3,1,19,3,3,1,1
2,1,1,56,0.2,3,3,2,2,1,171.1,1,4,1,1,3,3,14,1,1,3,3
2,1,1,57,0.8,1,1,1,2,0,187.76,1,14,3,3,3,3,9,3,3,3,3
2,1,1,58,0.1,3,3,2,2,1,203,1,18,3,1,1,3,11,3,3,1,1
2,1,1,59,0.05,3,3,2,2,1,216.19,1,11,3,1,1,3,17,1,1,3,3
2,1,1,60,0.05,3,3,2,2,1,195.5,1,1,1,1,3,3,14,1,1,3,3
2,1,1,61,0.1,1,1,1,2,0,212.51,1,10,1,3,1,3,19,1,3,1,3
2,1,1,62,0.05,3,3,2,2,1,195.57,1,1,1,1,3,3,2,1,3,3,1
2,1,1,63,0.4,1,1,1,2,0,190.47,1,4,1,3,1,3,15,3,3,3,3
2,1,1,64,0.05,3,3,2,2,1,200.17,1,2,3,1,1,3,2,3,3,1,1
2,1,1,65,0.8,1,1,1,2,0,196.63,1,8,1,3,1,3,1,3,3,3,3
2,1,1,66,0.8,3,3,2,2,1,214.3,1,11,3,3,1,1,15,3,3,1,1
2,1,1,67,1.8,1,1,1,2,0,199.36,1,4,3,1,3,1,10,3,1,3,1
2,1,1,68,0.4,3,3,2,2,1,223.18,1,11,1,1,3,3,17,1,1,3,3
2,1,1,69,0.1,3,3,2,2,1,265.87,1,19,1,1,3,3,12,3,1,1,3
2,1,1,70,0.05,3,3,2,2,1,194.71,1,7,3,1,1,3,8,3,1,1,3
2,1,1,71,0.1,3,3,2,2,1,196.54,1,3,1,1,3,3,2,1,3,3,1
2,1,1,72,0.8,3,3,2,2,1,191.89,1,8,1,1,3,3,19,1,1,3,3
2,1,1,73,1.8,3,3,2,2,1,219.52,1,17,3,3,1,1,9,3,1,1,3
2,1,1,74,0.2,3,3,2,2,1,226.72,1,15,3,3,1,1,10,3,3,1,1
2,1,1,75,0.2,3,3,2,2,1,209.71,1,18,1,3,3,1,9,1,1,3,3
2,1,1,76,0.05,1,1,1,2,0,206.11,1,4,1,3,1,3,8,1,1,1,1
2,1,1,77,0.05,1,1,1,2,0,202.16,1,19,1,1,1,1,3,3,3,3,3
2,1,1,78,0.05,3,3,2,2,1,207.5,1,5,1,3,3,1,9,3,3,1,1
2,1,2,1,0.2,1,1,1,2,0,190.32,1,18,1,1,1,1,11,3,3,3,3
2,1,2,2,0.05,3,3,2,2,1,199.26,1,11,3,1,1,3,18,1,1,3,3
2,1,2,3,0.1,1,1,1,2,0,229.02,1,19,1,3,1,3,10,3,1,3,1
2,1,2,4,0.4,3,3,2,2,1,205.72,1,3,1,3,3,1,12,1,1,3,3
2,1,2,5,0.4,3,3,2,2,1,202.21,1,6,1,3,3,1,13,3,3,1,1
2,1,2,6,1.8,1,1,1,2,0,209.41,1,2,1,1,1,1,6,1,3,1,3
2,1,2,7,0.05,3,3,2,2,1,205.59,1,18,3,3,1,1,2,1,1,3,3
2,1,2,8,0.05,1,1,1,2,0,189.5,1,8,3,3,3,3,20,3,1,3,1
2,1,2,9,1.8,1,1,1,2,0,197.3,1,6,1,1,1,1,1,1,3,1,3
2,1,2,10,0.8,1,1,1,2,0,200.9,1,9,3,3,3,3,5,3,3,3,3
2,1,2,11,0.05,3,3,2,2,1,206.45,1,11,1,3,3,1,2,1,1,3,3
2,1,2,12,1.8,1,1,1,2,0,218.6,1,15,1,1,1,1,7,3,3,3,3
2,1,2,13,0.1,1,1,1,2,0,209.78,1,12,3,3,3,3,5,3,3,3,3
2,1,2,14,0.4,3,3,2,2,1,224.62,1,9,1,3,3,1,14,1,3,3,1
2,1,2,15,0.1,3,3,2,2,1,224.42,1,14,3,3,1,1,7,1,3,3,1
2,1,2,16,0.05,1,1,1,2,0,222.48,1,1,3,3,3,3,13,1,3,1,3
2,1,2,17,0.8,3,3,2,2,1,226.37,1,15,1,3,3,1,14,1,1,3,3
2,1,2,18,0.2,3,3,2,2,1,201.27,1,4,1,3,3,1,1,1,3,3,1
2,1,2,19,0.1,3,3,2,2,1,210.78,1,14,3,1,1,3,10,3,1,1,3
2,1,2,20,0.05,3,3,2,2,1,216.22,1,5,1,3,3,1,18,1,1,3,3
2,1,2,21,0.8,1,1,1,2,0,201.9,1,6,1,3,1,3,12,1,1,1,1
2,1,2,22,0.1,1,1,1,2,0,294.79,1,6,1,1,1,1,11,1,1,1,1
2,1,2,23,0.1,1,1,1,2,0,255.27,1,16,1,1,1,1,4,3,1,3,1
2,1,2,24,0.8,1,1,1,2,0,204.27,1,4,3,3,3,3,11,1,3,1,3
2,1,2,25,0.1,1,1,1,2,0,175.64,1,2,1,3,1,3,1,1,1,1,1
2,1,2,26,0.4,1,1,1,2,0,242.29,1,14,3,1,3,1,10,1,3,1,3
2,1,2,27,0.05,3,3,2,2,1,195.31,1,1,1,3,3,1,15,3,3,1,1
2,1,2,28,1.8,1,1,1,2,0,231.82,1,15,3,3,3,3,15,3,1,3,1
2,1,2,29,0.05,3,3,2,2,1,324.32,0,13,1,3,3,1,10,3,1,1,3
2,1,2,30,0.1,1,1,1,2,0,201.23,1,9,3,1,3,1,2,1,3,1,3
2,1,2,31,1.8,3,3,2,2,1,208.05,1,14,3,1,1,3,20,1,3,3,1
2,1,2,32,0.2,3,3,2,2,1,232.47,1,14,1,3,3,1,17,1,3,3,1
2,1,2,33,0.05,3,3,2,2,1,198.62,1,10,1,3,3,1,7,3,3,1,1
2,1,2,34,0.4,1,1,1,2,0,223.15,1,13,1,3,1,3,14,1,3,1,3
2,1,2,35,0.05,3,3,2,2,1,280.19,1,9,3,3,1,1,12,1,1,3,3
2,1,2,36,0.05,1,1,1,2,0,204.13,1,5,1,1,1,1,2,1,1,1,1
2,1,2,37,0.05,3,3,2,2,1,330.9,0,4,3,3,1,1,16,1,3,3,1
2,1,2,38,0.4,3,3,2,2,1,233.45,1,16,1,1,3,3,5,3,1,1,3
2,1,2,39,0.2,1,1,1,2,0,199.92,1,11,3,1,3,1,14,3,3,3,3
2,1,2,40,0.1,3,3,2,2,1,327.7,0,20,1,1,3,3,14,3,3,1,1
2,1,2,41,0.2,1,1,1,2,0,184.49,1,3,1,3,1,3,9,3,1,3,1
2,1,2,42,1.8,3,3,2,2,1,210.97,1,10,3,1,1,3,7,1,1,3,3
2,1,2,43,1.8,1,1,1,2,0,189,1,5,3,3,3,3,14,3,3,3,3
2,1,2,44,0.8,3,3,2,2,1,239.4,1,15,1,1,3,3,17,3,1,1,3
2,1,2,45,0.8,3,3,2,2,1,251.35,1,2,3,3,1,1,11,1,1,3,3
2,1,2,46,0.2,1,1,1,2,0,195.85,1,7,1,3,1,3,2,3,1,3,1
2,1,2,47,1.8,1,1,1,2,0,209.57,1,6,3,1,3,1,12,1,3,1,3
2,1,2,48,0.8,1,1,1,2,0,210.2,1,11,1,3,1,3,14,3,3,3,3
2,1,2,49,0.05,1,1,1,2,0,243.22,1,1,1,1,1,1,13,1,3,1,3
2,1,2,50,0.4,1,1,1,2,0,213.93,1,17,3,1,3,1,4,1,3,1,3
2,1,2,51,0.8,1,1,1,2,0,217.52,1,7,1,3,1,3,1,3,1,3,1
2,1,2,52,0.8,1,1,1,2,0,208.43,1,2,1,1,1,1,16,3,1,3,1
2,1,2,53,0.4,1,1,1,2,0,219.07,1,5,1,1,1,1,20,3,1,3,1
2,1,2,54,0.8,1,1,1,2,0,255.79,1,13,1,1,1,1,6,1,1,1,1
2,1,2,55,1.8,3,3,2,2,1,304.77,0,18,3,1,1,3,4,3,3,1,1
2,1,2,56,0.2,3,3,2,2,1,208.75,1,20,1,3,3,1,10,3,1,1,3
2,1,2,57,0.8,1,1,1,2,0,349.94,0,6,3,3,3,3,7,1,1,1,1
2,1,2,58,1.8,1,1,1,2,0,212.99,1,19,3,3,3,3,11,3,1,3,1
2,1,2,59,0.4,1,1,1,2,0,248.56,1,14,3,1,3,1,15,3,3,3,3
2,1,2,60,1.8,3,3,2,2,1,195.78,1,19,1,1,3,3,1,1,3,3,1
2,1,2,61,0.2,1,1,1,2,0,234.84,1,19,3,1,3,1,14,3,1,3,1
2,1,2,62,0.1,3,3,2,2,1,189.84,1,14,1,1,3,3,16,3,3,1,1
2,1,2,63,0.1,1,1,1,2,0,252.8,1,2,3,1,3,1,8,1,3,1,3
2,1,2,64,0.4,3,3,2,2,1,194.14,1,9,3,3,1,1,14,3,3,1,1
2,1,2,65,1.8,3,3,2,2,1,217.75,1,10,1,3,3,1,8,3,3,1,1
2,1,2,66,0.8,3,3,2,2,1,212.38,1,17,1,3,3,1,17,1,3,3,1
2,1,2,67,0.4,3,3,2,2,1,246.96,1,6,3,3,1,1,1,1,3,3,1
2,1,2,68,0.1,1,1,1,2,0,191.04,1,6,3,3,3,3,16,1,1,1,1
2,1,2,69,1.8,1,1,1,2,0,215.04,1,10,1,1,1,1,4,3,1,3,1
2,1,2,70,0.1,3,3,2,2,1,221.59,1,16,3,3,1,1,3,3,1,1,3
2,1,2,71,0.2,1,1,1,2,0,193.33,1,15,3,1,3,1,8,3,3,3,3
2,1,2,72,0.4,3,3,2,2,1,225.61,1,8,3,3,1,1,4,1,1,3,3
2,1,2,73,0.2,1,1,1,2,0,182.04,1,3,3,1,3,1,19,3,3,3,3
2,1,2,74,0.4,3,3,2,2,1,242.52,1,2,1,3,3,1,19,1,1,3,3
2,1,2,75,0.2,1,1,1,2,0,176.77,1,19,1,3,1,3,16,3,3,3,3
2,1,2,76,0.2,3,3,2,2,1,190.01,1,17,1,1,3,3,7,1,1,3,3
2,1,2,77,0.8,3,3,2,2,1,209.16,1,17,1,3,3,1,3,1,1,3,3
2,1,2,78,0.2,1,1,1,2,0,199.61,1,5,3,3,3,3,7,1,1,1,1
2,1,3,1,0.4,1,1,1,2,0,216.82,1,11,3,3,3,3,7,3,3,3,3
2,1,3,2,0.2,3,3,2,2,1,188.84,1,17,1,1,3,3,16,1,3,3,1
2,1,3,3,0.2,1,1,1,2,0,159.7,1,1,3,3,3,3,16,3,1,3,1
2,1,3,4,0.8,1,1,1,2,0,199.83,1,13,3,3,3,3,3,1,1,1,1
2,1,3,5,0.2,3,3,2,2,1,229.19,1,20,1,1,3,3,3,1,1,3,3
2,1,3,6,0.8,3,3,2,2,1,213.08,1,3,1,1,3,3,10,3,1,1,3
2,1,3,7,0.1,1,1,1,2,0,241.95,1,5,3,3,3,3,17,3,1,3,1
2,1,3,8,1.8,3,3,2,2,1,205.24,1,12,3,3,1,1,5,1,3,3,1
2,1,3,9,0.1,3,3,2,2,1,213.65,1,2,1,3,3,1,15,1,3,3,1
2,1,3,10,1.8,3,3,2,2,1,227.04,1,18,1,3,3,1,11,3,1,1,3
2,1,3,11,0.05,3,3,2,2,1,210.96,1,17,3,3,1,1,5,3,1,1,3
2,1,3,12,0.1,1,1,1,2,0,193.29,1,7,3,3,3,3,8,1,3,1,3
2,1,3,13,0.4,3,3,2,2,1,214.8,1,5,1,1,3,3,8,1,1,3,3
2,1,3,14,0.4,1,1,1,2,0,194.92,1,12,1,3,1,3,9,1,3,1,3
2,1,3,15,1.8,3,3,2,2,1,198.68,1,16,1,3,3,1,19,3,3,1,1
2,1,3,16,0.4,1,1,1,2,0,232.54,1,6,3,3,3,3,9,1,1,1,1
2,1,3,17,0.05,1,1,1,2,0,206,1,14,3,3,3,3,17,1,3,1,3
2,1,3,18,1.8,3,3,2,2,1,293.66,1,9,1,3,3,1,6,1,1,3,3
2,1,3,19,0.2,3,3,2,2,1,262.94,1,19,3,1,1,3,4,3,1,1,3
2,1,3,20,0.1,1,1,1,2,0,251.79,1,4,3,3,3,3,15,1,3,1,3
2,1,3,21,0.4,3,3,2,2,1,207.97,1,9,3,3,1,1,1,3,3,1,1
2,1,3,22,0.2,3,3,2,2,1,213.96,1,16,1,1,3,3,8,3,3,1,1
2,1,3,23,1.8,1,1,1,2,0,207.72,1,12,3,3,3,3,12,1,3,1,3
2,1,3,24,0.1,3,3,2,2,1,203.52,1,20,3,1,1,3,15,3,1,1,3
2,1,3,25,0.05,1,1,1,2,0,202.68,1,20,1,1,1,1,8,1,3,1,3
2,1,3,26,0.4,3,3,NaN,NaN,NaN,NaN,NaN,12,1,3,3,1,12,3,3,1,1
2,1,3,27,1.8,1,1,1,2,0,218.04,1,13,3,1,3,1,9,3,3,3,3
2,1,3,28,0.8,3,3,2,2,1,229.4,1,5,1,3,3,1,2,3,1,1,3
2,1,3,29,1.8,3,3,2,2,1,218.41,1,15,3,3,1,1,18,1,1,3,3
2,1,3,30,0.2,1,1,1,2,0,276.84,1,11,3,1,3,1,9,1,1,1,1
2,1,3,31,1.8,3,3,2,2,1,215.42,1,11,1,3,3,1,14,3,1,1,3
2,1,3,32,0.2,1,1,1,2,0,252.48,1,10,3,1,3,1,15,3,3,3,3
2,1,3,33,0.05,1,1,1,2,0,241.48,1,18,3,3,3,3,2,3,3,3,3
2,1,3,34,0.4,1,1,1,2,0,260.67,1,8,3,3,3,3,7,3,3,3,3
2,1,3,35,0.8,1,1,1,2,0,250.64,1,14,3,1,3,1,10,1,3,1,3
2,1,3,36,0.4,3,3,2,2,1,235.01,1,16,1,3,3,1,13,3,1,1,3
2,1,3,37,1.8,1,1,1,2,0,273.59,1,5,3,1,3,1,6,1,3,1,3
2,1,3,38,0.4,1,1,1,2,0,201.19,1,2,3,1,3,1,1,1,1,1,1
2,1,3,39,0.05,3,3,2,2,1,241.41,1,8,3,3,1,1,5,1,3,3,1
2,1,3,40,0.4,3,3,2,2,1,270.52,1,2,1,3,3,1,8,1,3,3,1
2,1,3,41,0.8,3,3,2,2,1,212.83,1,5,3,1,1,3,11,1,3,3,1
2,1,3,42,0.2,1,1,1,2,0,188.35,1,20,1,1,1,1,20,3,1,3,1
2,1,3,43,0.2,3,3,2,2,1,204.64,1,5,3,1,1,3,20,3,1,1,3
2,1,3,44,0.05,3,3,2,2,1,206.45,1,18,3,3,1,1,15,1,1,3,3
2,1,3,45,0.05,3,3,2,2,1,276.8,1,14,3,3,1,1,14,3,1,1,3
2,1,3,46,0.05,3,3,2,2,1,224.78,1,12,1,1,3,3,1,1,1,3,3
2,1,3,47,0.4,1,1,1,2,0,226.71,1,1,3,3,3,3,18,3,3,3,3
2,1,3,48,0.8,1,1,1,2,0,199.98,1,1,1,3,1,3,1,3,3,3,3
2,1,3,49,0.1,1,1,1,2,0,256.92,1,13,3,1,3,1,3,3,1,3,1
2,1,3,50,0.05,1,1,1,2,0,217.12,1,2,3,3,3,3,19,3,3,3,3
2,1,3,51,0.8,1,1,1,2,0,240.5,1,16,1,3,1,3,15,3,3,3,3
2,1,3,52,0.05,3,3,2,2,1,235.07,1,10,3,1,1,3,20,1,3,3,1
2,1,3,53,0.1,3,3,2,2,1,201.04,1,15,1,3,3,1,6,3,1,1,3
2,1,3,54,0.8,3,3,2,2,1,231.51,1,15,1,1,3,3,18,1,3,3,1
2,1,3,55,0.2,1,1,1,2,0,208.08,1,1,1,3,1,3,20,1,1,1,1
2,1,3,56,0.8,1,1,1,2,0,206.88,1,12,3,1,3,1,14,1,3,1,3
2,1,3,57,0.1,3,3,2,2,1,193.73,1,16,3,1,1,3,9,3,1,1,3
2,1,3,58,0.4,1,1,1,2,0,208.11,1,6,3,1,3,1,16,3,1,3,1
2,1,3,59,0.4,3,3,2,2,1,202.15,1,17,1,3,3,1,11,3,1,1,3
2,1,3,60,0.1,3,3,2,2,1,229.06,1,4,3,3,1,1,19,3,3,1,1
2,1,3,61,0.2,3,3,2,2,1,204.25,1,10,3,1,1,3,19,1,3,3,1
2,1,3,62,0.05,3,3,2,2,1,268.28,1,10,1,1,3,3,13,1,3,3,1
2,1,3,63,0.2,3,3,2,2,1,251.64,1,6,1,3,3,1,13,3,1,1,3
2,1,3,64,0.1,3,3,2,2,1,203.13,1,14,1,1,3,3,11,3,1,1,3
2,1,3,65,1.8,3,3,NaN,NaN,NaN,NaN,NaN,20,3,1,1,3,5,3,1,1,3
2,1,3,66,0.05,1,1,1,2,0,220.16,1,10,3,3,3,3,20,1,1,1,1
2,1,3,67,0.8,3,3,2,2,1,262.74,1,18,1,3,3,1,6,3,3,1,1
2,1,3,68,0.8,3,3,2,2,1,246.11,1,1,1,3,3,1,1,3,3,1,1
2,1,3,69,0.1,3,3,2,2,1,234.22,1,16,3,1,1,3,5,3,1,1,3
2,1,3,70,0.8,3,3,2,2,1,236.44,1,11,1,1,3,3,20,1,3,3,1
2,1,3,71,1.8,1,1,1,2,0,244.18,1,9,3,3,3,3,16,3,3,3,3
2,1,3,72,1.8,1,1,1,2,0,260.18,1,11,3,1,3,1,6,1,1,1,1
2,1,3,73,0.2,3,3,2,2,1,212.9,1,16,1,1,3,3,20,3,3,1,1
2,1,3,74,0.1,3,3,2,2,1,220.19,1,9,1,3,3,1,20,1,3,3,1
2,1,3,75,0.05,3,3,2,2,1,226.76,1,11,1,3,3,1,20,1,1,3,3
2,1,3,76,0.1,1,1,1,2,0,203.14,1,6,1,1,1,1,15,3,1,3,1
2,1,3,77,0.8,1,1,1,2,0,245.53,1,20,3,1,3,1,15,1,3,1,3
2,1,3,78,1.8,1,1,1,2,0,190.69,1,10,1,3,1,3,4,3,1,3,1
2,1,4,1,0.8,3,3,2,2,1,232.24,1,15,3,1,1,3,20,3,1,1,3
2,1,4,2,0.4,3,3,2,2,1,203.25,1,13,3,1,1,3,2,1,3,3,1
2,1,4,3,0.4,3,3,2,2,1,227.02,1,9,3,3,1,1,20,1,1,3,3
2,1,4,4,0.1,3,3,2,2,1,391.34,0,14,1,1,3,3,11,3,1,1,3
2,1,4,5,0.05,1,1,1,2,0,213.54,1,1,1,1,1,1,20,1,1,1,1
2,1,4,6,1.8,1,1,1,2,0,235.97,1,13,1,1,1,1,5,1,1,1,1
2,1,4,7,0.05,1,1,1,2,0,220.75,1,4,3,3,3,3,6,3,1,3,1
2,1,4,8,0.2,3,3,2,2,1,170.75,1,17,1,3,3,1,15,3,1,1,3
2,1,4,9,0.1,1,1,1,2,0,278.43,1,7,1,3,1,3,5,3,1,3,1
2,1,4,10,0.4,1,1,1,2,0,179.59,1,17,3,1,3,1,20,1,3,1,3
2,1,4,11,1.8,1,1,1,2,0,213.46,1,2,1,3,1,3,4,3,1,3,1
2,1,4,12,0.05,1,1,1,2,0,181.32,1,1,3,1,3,1,6,1,3,1,3
2,1,4,13,0.4,1,1,1,2,0,208.34,1,13,3,3,3,3,5,1,3,1,3
2,1,4,14,0.2,3,3,2,2,1,238.75,1,10,1,1,3,3,9,1,1,3,3
2,1,4,15,0.2,3,3,2,2,1,197.46,1,12,3,3,1,1,18,3,1,1,3
2,1,4,16,0.2,3,3,2,2,1,197.58,1,11,1,1,3,3,16,1,1,3,3
2,1,4,17,1.8,1,1,1,2,0,199.52,1,9,1,1,1,1,12,3,1,3,1
2,1,4,18,1.8,3,3,2,2,1,234.27,1,2,3,3,1,1,14,1,3,3,1
2,1,4,19,0.1,1,1,1,2,0,220.05,1,14,3,3,3,3,6,1,3,1,3
2,1,4,20,0.1,3,3,2,2,1,256.1,1,5,1,1,3,3,5,3,3,1,1
2,1,4,21,0.1,1,1,1,2,0,213.18,1,19,1,3,1,3,4,3,3,3,3
2,1,4,22,0.05,1,1,1,2,0,231.12,1,18,3,3,3,3,14,3,3,3,3
2,1,4,23,1.8,3,3,2,2,1,225.96,1,3,1,1,3,3,20,3,1,1,3
2,1,4,24,1.8,1,1,1,2,0,219.4,1,11,1,1,1,1,13,3,3,3,3
2,1,4,25,0.1,1,1,1,2,0,252.52,1,11,3,3,3,3,3,1,3,1,3
2,1,4,26,0.8,3,3,2,2,1,240.09,1,19,1,3,3,1,12,1,3,3,1
2,1,4,27,0.8,1,1,1,2,0,209.31,1,13,1,1,1,1,17,3,3,3,3
2,1,4,28,0.1,3,3,2,2,1,197.38,1,17,3,3,1,1,14,1,3,3,1
2,1,4,29,0.1,1,1,1,2,0,199.7,1,20,3,1,3,1,7,1,1,1,1
2,1,4,30,0.4,3,3,2,2,1,197.73,1,8,3,1,1,3,9,1,1,3,3
2,1,4,31,0.8,1,1,1,2,0,260.67,1,3,1,3,1,3,2,1,3,1,3
2,1,4,32,0.1,1,1,1,2,0,205.19,1,3,3,3,3,3,5,3,3,3,3
2,1,4,33,0.05,3,3,2,2,1,210.82,1,20,1,1,3,3,7,1,3,3,1
2,1,4,34,0.05,1,1,1,2,0,240.02,1,20,1,3,1,3,11,1,3,1,3
2,1,4,35,0.05,3,3,2,2,1,124.2,1,16,3,3,1,1,5,3,3,1,1
2,1,4,36,0.2,1,1,1,2,0,204.61,1,15,1,3,1,3,12,1,3,1,3
2,1,4,37,0.05,1,1,1,2,0,127.42,1,12,3,3,3,3,8,1,3,1,3
2,1,4,38,1.8,3,3,2,2,1,183.46,1,19,1,1,3,3,20,1,1,3,3
2,1,4,39,0.8,1,1,1,2,0,249.47,1,1,1,1,1,1,4,3,3,3,3
2,1,4,40,0.2,1,1,1,2,0,209.62,1,12,1,3,1,3,10,1,1,1,1
2,1,4,41,0.8,3,3,2,2,1,238.23,1,20,3,1,1,3,1,3,3,1,1
2,1,4,42,0.4,3,3,2,2,1,231.61,1,10,3,1,1,3,10,1,3,3,1
2,1,4,43,0.4,1,1,1,2,0,217.33,1,10,1,1,1,1,15,3,1,3,1
2,1,4,44,0.4,3,3,2,2,1,204.54,1,10,1,1,3,3,16,1,3,3,1
2,1,4,45,0.4,3,3,2,2,1,215.2,1,9,3,1,1,3,10,3,3,1,1
2,1,4,46,1.8,1,1,1,2,0,226.09,1,16,3,1,3,1,20,1,1,1,1
2,1,4,47,1.8,3,3,2,2,1,177.85,1,13,3,3,1,1,11,3,1,1,3
2,1,4,48,0.05,1,1,1,2,0,247.05,1,15,3,3,3,3,2,3,3,3,3
2,1,4,49,0.8,3,3,NaN,NaN,NaN,NaN,NaN,2,1,3,3,1,3,3,3,1,1
2,1,4,50,1.8,1,1,1,2,0,197.38,1,6,3,1,3,1,9,3,1,3,1
2,1,4,51,0.05,1,1,1,2,0,254.65,1,5,1,3,1,3,13,3,1,3,1
2,1,4,52,0.2,1,1,1,2,0,197.83,1,20,3,1,3,1,3,1,3,1,3
2,1,4,53,0.4,3,3,2,2,1,202.58,1,13,3,1,1,3,1,1,3,3,1
2,1,4,54,0.05,3,3,2,2,1,228.87,1,13,1,1,3,3,14,3,3,1,1
2,1,4,55,0.8,1,1,1,2,0,204.29,1,13,1,3,1,3,18,1,1,1,1
2,1,4,56,0.8,3,3,2,2,1,222.21,1,3,1,3,3,1,13,3,3,1,1
2,1,4,57,0.2,1,1,1,2,0,249.53,1,20,1,1,1,1,15,1,1,1,1
2,1,4,58,0.2,3,3,2,2,1,33.29,2,17,1,1,3,3,11,1,3,3,1
2,1,4,59,0.1,1,1,1,2,0,220.94,1,16,3,3,3,3,18,3,3,3,3
2,1,4,60,0.8,1,1,1,2,0,261.61,1,5,1,1,1,1,14,3,3,3,3
2,1,4,61,0.2,3,3,2,2,1,200.81,1,4,1,3,3,1,8,3,3,1,1
2,1,4,62,0.4,1,1,1,2,0,221.16,1,18,3,1,3,1,10,1,1,1,1
2,1,4,63,1.8,1,1,1,2,0,180.8,1,4,3,1,3,1,1,1,3,1,3
2,1,4,64,0.05,1,1,1,2,0,419.88,0,12,3,1,3,1,18,3,1,3,1
2,1,4,65,1.8,1,1,1,2,0,202.31,1,6,3,1,3,1,20,3,1,3,1
2,1,4,66,1.8,3,3,2,2,1,185.83,1,14,1,3,3,1,11,1,1,3,3
2,1,4,67,0.1,1,1,1,2,0,240.94,1,1,3,1,3,1,19,3,3,3,3
2,1,4,68,0.1,1,1,1,2,0,230.94,1,10,3,1,3,1,3,1,3,1,3
2,1,4,69,0.8,1,1,1,2,0,203.34,1,18,1,1,1,1,20,1,1,1,1
2,1,4,70,0.8,1,1,1,2,0,216.67,1,18,3,1,3,1,17,1,1,1,1
2,1,4,71,0.2,1,1,1,2,0,204.92,1,2,1,1,1,1,8,3,1,3,1
2,1,4,72,0.2,1,1,1,2,0,202.28,1,20,1,1,1,1,16,1,3,1,3
2,1,4,73,0.4,1,1,1,2,0,246.25,1,9,3,3,3,3,4,3,3,3,3
2,1,4,74,0.05,3,3,2,2,1,200.12,1,3,3,3,1,1,18,1,1,3,3
2,1,4,75,0.2,1,1,1,2,0,199.97,1,16,3,1,3,1,5,1,3,1,3
2,1,4,76,0.4,1,1,1,2,0,206.59,1,16,1,3,1,3,6,3,3,3,3
2,1,4,77,0.8,3,3,2,2,1,197.84,1,13,1,1,3,3,17,3,1,1,3
2,1,4,78,0.1,3,3,2,2,1,237,1,18,1,1,3,3,9,3,1,1,3
2,1,5,1,0.1,3,3,2,2,1,242.95,1,20,3,1,1,3,19,1,3,3,1
2,1,5,2,1.8,1,1,1,2,0,219.55,1,12,1,3,1,3,11,1,3,1,3
2,1,5,3,1.8,3,3,2,2,1,193.59,1,1,3,1,1,3,1,3,3,1,1
2,1,5,4,1.8,3,3,2,2,1,212.52,1,11,3,1,1,3,16,3,3,1,1
2,1,5,5,0.05,3,3,2,2,1,210.84,1,17,1,1,3,3,15,3,3,1,1
2,1,5,6,0.8,3,3,2,2,1,195.78,1,20,3,1,1,3,1,3,1,1,3
2,1,5,7,0.8,3,3,2,2,1,221.58,1,10,3,3,1,1,11,3,3,1,1
2,1,5,8,1.8,3,3,2,2,1,196.34,1,19,1,3,3,1,10,1,3,3,1
2,1,5,9,0.05,3,3,2,2,1,240.27,1,15,1,1,3,3,15,1,1,3,3
2,1,5,10,0.2,1,1,1,2,0,216.89,1,20,1,1,1,1,8,3,3,3,3
2,1,5,11,0.8,3,3,2,2,1,238.84,1,11,3,3,1,1,3,3,1,1,3
2,1,5,12,0.4,3,3,2,2,1,217.86,1,10,3,3,1,1,20,1,3,3,1
2,1,5,13,0.4,1,1,1,2,0,200.54,1,10,1,3,1,3,9,1,1,1,1
2,1,5,14,0.1,1,1,1,2,0,243.86,1,16,3,3,3,3,9,3,3,3,3
2,1,5,15,0.05,3,3,2,2,1,222.44,1,5,3,1,1,3,17,1,3,3,1
2,1,5,16,0.1,3,3,2,2,1,262.64,1,2,1,1,3,3,12,1,3,3,1
2,1,5,17,0.1,3,3,2,2,1,266.8,1,13,1,1,3,3,4,3,1,1,3
2,1,5,18,0.2,1,1,1,2,0,207.01,1,15,1,3,1,3,15,1,3,1,3
2,1,5,19,0.4,1,1,1,2,0,192.57,1,13,1,3,1,3,13,3,3,3,3
2,1,5,20,1.8,3,3,NaN,NaN,NaN,NaN,NaN,4,1,3,3,1,8,3,3,1,1
2,1,5,21,0.05,1,1,1,2,0,196.49,1,15,1,1,1,1,3,1,1,1,1
2,1,5,22,0.1,1,1,1,2,0,188.38,1,14,3,1,3,1,9,1,1,1,1
2,1,5,23,0.8,3,3,2,2,1,224.66,1,8,1,3,3,1,1,3,1,1,3
2,1,5,24,1.8,3,3,2,2,1,228.66,1,13,3,3,1,1,2,1,3,3,1
2,1,5,25,0.1,1,1,1,2,0,227.59,1,11,3,3,3,3,12,1,1,1,1
2,1,5,26,0.8,3,3,2,2,1,211.55,1,4,3,1,1,3,19,3,3,1,1
2,1,5,27,0.8,3,3,2,2,1,221.08,1,15,1,3,3,1,19,1,3,3,1
2,1,5,28,0.05,1,1,1,2,0,235.27,1,4,3,3,3,3,7,1,3,1,3
2,1,5,29,0.4,1,1,1,2,0,240.18,1,4,1,1,1,1,16,1,1,1,1
2,1,5,30,0.05,3,3,2,2,1,269.95,1,6,3,1,1,3,13,3,3,1,1
2,1,5,31,0.4,3,3,2,2,1,210.32,1,2,3,1,1,3,17,3,3,1,1
2,1,5,32,0.4,1,1,1,2,0,253.43,1,19,1,3,1,3,20,1,3,1,3
2,1,5,33,0.8,1,1,1,2,0,220.36,1,8,1,3,1,3,12,3,3,3,3
2,1,5,34,0.2,3,3,2,2,1,207.95,1,14,1,3,3,1,6,1,3,3,1
2,1,5,35,0.2,3,3,2,2,1,269.99,1,20,3,3,1,1,9,3,3,1,1
2,1,5,36,0.8,3,3,2,2,1,200.64,1,17,1,1,3,3,1,3,3,1,1
2,1,5,37,0.05,1,1,1,2,0,241.28,1,17,1,1,1,1,4,3,3,3,3
2,1,5,38,0.1,3,3,2,2,1,221.82,1,2,1,3,3,1,2,1,3,3,1
2,1,5,39,0.05,3,3,2,2,1,212.47,1,17,3,3,1,1,16,1,1,3,3
2,1,5,40,1.8,3,3,2,2,1,199.23,1,15,1,3,3,1,7,3,3,1,1
2,1,5,41,0.8,3,3,2,2,1,244.26,1,12,3,1,1,3,3,3,3,1,1
2,1,5,42,1.8,3,3,2,2,1,215.74,1,20,1,3,3,1,13,1,1,3,3
2,1,5,43,0.2,1,1,1,2,0,217.35,1,13,3,3,3,3,1,1,1,1,1
2,1,5,44,0.4,3,3,2,2,1,207.66,1,10,3,1,1,3,19,3,1,1,3
2,1,5,45,0.4,3,3,2,2,1,255.97,1,9,1,3,3,1,6,3,1,1,3
2,1,5,46,0.8,1,1,1,2,0,199.27,1,4,3,3,3,3,8,1,3,1,3
2,1,5,47,0.8,3,3,2,2,1,216.03,1,12,3,1,1,3,16,1,3,3,1
2,1,5,48,0.2,1,1,1,2,0,202.4,1,19,3,1,3,1,13,3,3,3,3
2,1,5,49,0.2,3,3,2,2,1,225.22,1,6,1,3,3,1,13,1,1,3,3
2,1,5,50,0.2,3,3,2,2,1,195.51,1,20,3,1,1,3,19,3,3,1,1
2,1,5,51,0.1,1,1,1,2,0,206.15,1,17,1,3,1,3,19,1,3,1,3
2,1,5,52,0.2,3,3,2,2,1,201.77,1,3,1,1,3,3,14,3,3,1,1
2,1,5,53,0.05,3,3,2,2,1,200.29,1,2,1,3,3,1,4,3,1,1,3
2,1,5,54,0.4,3,3,2,2,1,199.49,1,3,1,1,3,3,15,1,1,3,3
2,1,5,55,0.4,1,1,1,2,0,199.04,1,1,1,1,1,1,17,3,1,3,1
2,1,5,56,1.8,1,1,1,2,0,191.98,1,20,1,3,1,3,19,3,1,3,1
2,1,5,57,0.2,3,3,2,2,1,198.92,1,4,3,3,1,1,4,1,3,3,1
2,1,5,58,0.1,3,3,2,2,1,234.06,1,17,1,1,3,3,2,1,3,3,1
2,1,5,59,0.05,3,3,2,2,1,222.03,1,17,1,3,3,1,11,1,1,3,3
2,1,5,60,0.2,1,1,1,2,0,212.53,1,7,1,1,1,1,3,3,1,3,1
2,1,5,61,0.4,3,3,2,2,1,196.77,1,1,1,1,3,3,10,3,1,1,3
2,1,5,62,1.8,1,1,1,2,0,282.33,1,9,1,1,1,1,13,3,3,3,3
2,1,5,63,0.1,3,3,2,2,1,246.59,1,13,1,3,3,1,1,1,3,3,1
2,1,5,64,0.4,3,3,2,2,1,267.54,1,15,1,1,3,3,13,1,3,3,1
2,1,5,65,0.05,1,1,1,2,0,239.11,1,18,1,1,1,1,13,3,3,3,3
2,1,5,66,0.1,3,3,2,2,1,195.36,1,1,1,3,3,1,16,3,1,1,3
2,1,5,67,1.8,1,1,1,2,0,213.03,1,9,3,1,3,1,15,1,3,1,3
2,1,5,68,1.8,3,3,2,2,1,210.04,1,3,3,3,1,1,2,3,1,1,3
2,1,5,69,0.8,1,1,1,2,0,229.02,1,10,3,1,3,1,12,3,3,3,3
2,1,5,70,0.05,3,3,2,2,1,251.21,1,6,3,3,1,1,7,1,3,3,1
2,1,5,71,0.8,1,1,1,2,0,204.88,1,18,1,3,1,3,6,3,3,3,3
2,1,5,72,1.8,1,1,1,2,0,196.58,1,19,1,1,1,1,12,1,3,1,3
2,1,5,73,0.4,1,1,1,2,0,402.67,0,15,3,1,3,1,4,3,1,3,1
2,1,5,74,0.2,1,1,1,2,0,193.39,1,4,3,3,3,3,20,1,1,1,1
2,1,5,75,0.2,1,1,1,2,0,194.27,1,8,1,3,1,3,10,3,3,3,3
2,1,5,76,0.05,1,1,1,2,0,221.6,1,16,1,3,1,3,9,1,3,1,3
2,1,5,77,0.1,1,1,1,2,0,185.91,1,15,1,3,1,3,4,1,1,1,1
2,1,5,78,0.1,3,3,2,2,1,174.91,1,19,3,3,1,1,17,3,1,1,3
2,1,6,1,0.05,1,1,1,2,0,249.28,1,18,3,1,3,1,8,3,3,3,3
2,1,6,2,0.2,1,1,1,2,0,152.53,1,20,3,3,3,3,8,1,3,1,3
2,1,6,3,0.2,3,3,2,2,1,168.09,1,4,1,3,3,1,7,1,1,3,3
2,1,6,4,1.8,3,3,2,2,1,181.04,1,7,1,3,3,1,2,1,1,3,3
2,1,6,5,1.8,3,3,2,2,1,210.17,1,18,3,1,1,3,9,1,1,3,3
2,1,6,6,0.1,1,1,1,2,0,248.49,1,2,1,1,1,1,12,3,1,3,1
2,1,6,7,0.4,3,3,2,2,1,205.05,1,14,1,1,3,3,13,3,1,1,3
2,1,6,8,0.4,3,3,2,2,1,231.6,1,18,1,3,3,1,5,1,3,3,1
2,1,6,9,0.8,1,1,1,2,0,295.56,1,14,1,1,1,1,3,3,3,3,3
2,1,6,10,1.8,3,3,2,2,1,188.08,1,17,3,1,1,3,17,1,1,3,3
2,1,6,11,1.8,1,1,1,2,0,186.43,1,16,1,3,1,3,1,3,3,3,3
2,1,6,12,0.2,3,3,2,2,1,287.03,1,15,3,1,1,3,6,1,3,3,1
2,1,6,13,0.05,1,1,1,2,0,216.29,1,3,3,1,3,1,7,1,3,1,3
2,1,6,14,1.8,3,3,2,2,1,201.75,1,19,3,3,1,1,4,1,1,3,3
2,1,6,15,0.8,1,1,1,2,0,271.07,1,16,1,3,1,3,8,1,1,1,1
2,1,6,16,0.8,1,1,1,2,0,197.28,1,7,3,3,3,3,4,3,3,3,3
2,1,6,17,0.1,3,3,2,2,1,218.57,1,1,1,3,3,1,6,1,3,3,1
2,1,6,18,0.05,3,3,2,2,1,245.34,1,8,1,1,3,3,14,1,3,3,1
2,1,6,19,0.2,1,1,1,2,0,185.81,1,10,1,3,1,3,18,1,3,1,3
2,1,6,20,0.8,1,1,1,2,0,250.63,1,8,1,1,1,1,19,1,3,1,3
2,1,6,21,0.1,1,1,1,2,0,215.69,1,6,1,3,1,3,6,1,1,1,1
2,1,6,22,0.05,1,1,1,2,0,257.16,1,3,3,3,3,3,18,1,3,1,3
2,1,6,23,1.8,3,3,2,2,1,208.65,1,11,1,1,3,3,10,3,3,1,1
2,1,6,24,1.8,3,3,2,2,1,171.29,1,15,1,3,3,1,20,1,3,3,1
2,1,6,25,0.05,1,1,1,2,0,315.75,0,16,3,3,3,3,13,3,1,3,1
2,1,6,26,0.05,1,1,1,2,0,234.71,1,19,3,1,3,1,16,3,1,3,1
2,1,6,27,0.4,1,1,1,2,0,205.04,1,2,3,3,3,3,20,3,3,3,3
2,1,6,28,0.8,3,3,2,2,1,228.7,1,8,3,3,1,1,5,3,1,1,3
2,1,6,29,1.8,3,3,2,2,1,195.51,1,16,1,1,3,3,7,1,1,3,3
2,1,6,30,0.1,1,1,1,2,0,241.34,1,3,1,1,1,1,17,1,1,1,1
2,1,6,31,0.4,3,3,2,2,1,228.66,1,17,3,3,1,1,3,3,1,1,3
2,1,6,32,1.8,3,3,2,2,1,196.78,1,14,1,1,3,3,3,3,3,1,1
2,1,6,33,0.2,3,3,2,2,1,233.6,1,11,1,3,3,1,15,1,1,3,3
2,1,6,34,0.2,1,1,1,2,0,208.38,1,1,1,3,1,3,1,1,1,1,1
2,1,6,35,1.8,3,3,2,2,1,202.99,1,1,1,1,3,3,10,1,1,3,3
2,1,6,36,1.8,3,3,2,2,1,230.64,1,9,1,3,3,1,7,1,1,3,3
2,1,6,37,0.05,3,3,2,2,1,203.5,1,6,1,3,3,1,5,3,1,1,3
2,1,6,38,0.2,1,1,1,2,0,207.38,1,1,3,1,3,1,7,1,3,1,3
2,1,6,39,0.05,1,1,1,2,0,199.31,1,11,3,1,3,1,13,3,3,3,3
2,1,6,40,0.8,3,3,NaN,NaN,NaN,NaN,NaN,5,3,3,1,1,9,1,3,3,1
2,1,6,41,0.4,1,1,1,2,0,208.43,1,18,3,3,3,3,16,1,3,1,3
2,1,6,42,1.8,3,3,2,2,1,197.53,1,13,3,1,1,3,2,1,3,3,1
2,1,6,43,0.8,1,1,1,2,0,212.78,1,1,1,3,1,3,16,1,3,1,3
2,1,6,44,0.2,3,3,2,2,1,181.83,1,3,3,1,1,3,1,3,1,1,3
2,1,6,45,0.4,1,1,1,2,0,201.09,1,19,3,3,3,3,19,3,3,3,3
2,1,6,46,0.05,1,1,1,2,0,221.53,1,10,1,1,1,1,16,3,1,3,1
2,1,6,47,0.1,3,3,2,2,1,177.1,1,17,3,1,1,3,2,3,3,1,1
2,1,6,48,0.1,1,1,1,2,0,182.18,1,17,3,3,3,3,14,3,1,3,1
2,1,6,49,0.2,3,3,2,2,1,197.25,1,4,1,3,3,1,5,1,3,3,1
2,1,6,50,0.8,1,1,1,2,0,228.48,1,2,1,1,1,1,20,3,1,3,1
2,1,6,51,1.8,1,1,1,2,0,213.29,1,19,1,3,1,3,3,1,1,1,1
2,1,6,52,0.4,1,1,1,2,0,285.38,1,9,3,3,3,3,9,3,1,3,1
2,1,6,53,0.05,3,3,2,2,1,200.28,1,4,1,1,3,3,7,3,1,1,3
2,1,6,54,0.8,1,1,1,2,0,199.16,1,3,3,3,3,3,16,1,3,1,3
2,1,6,55,0.05,3,3,2,2,1,220.92,1,14,3,1,1,3,10,1,3,3,1
2,1,6,56,0.8,1,1,1,2,0,224.7,1,9,1,3,1,3,7,3,3,3,3
2,1,6,57,0.1,3,3,2,2,1,217.49,1,11,3,1,1,3,19,3,3,1,1
2,1,6,58,0.8,3,3,2,2,1,225.56,1,13,3,3,1,1,2,1,1,3,3
2,1,6,59,0.05,3,3,2,2,1,223.06,1,14,1,1,3,3,20,1,3,3,1
2,1,6,60,0.1,1,1,1,2,0,171.49,1,6,3,1,3,1,16,1,3,1,3
2,1,6,61,0.2,3,3,2,2,1,194.1,1,15,3,3,1,1,8,3,1,1,3
2,1,6,62,0.4,3,3,2,2,1,217.86,1,17,1,3,3,1,19,1,1,3,3
2,1,6,63,0.8,3,3,2,2,1,196.98,1,17,3,1,1,3,4,3,1,1,3
2,1,6,64,0.2,3,3,2,2,1,189.48,1,18,1,3,3,1,3,1,3,3,1
2,1,6,65,0.1,3,3,2,2,1,241.24,1,20,3,3,1,1,14,3,3,1,1
2,1,6,66,0.8,1,1,1,2,0,225.56,1,16,1,3,1,3,2,3,3,3,3
2,1,6,67,0.2,3,3,2,2,1,218.41,1,11,1,1,3,3,6,3,3,1,1
2,1,6,68,0.4,3,3,2,2,1,201.75,1,17,1,3,3,1,12,3,3,1,1
2,1,6,69,0.4,3,3,2,2,1,255.98,1,16,3,1,1,3,17,3,1,1,3
2,1,6,70,0.1,3,3,2,2,1,185.6,1,12,3,1,1,3,1,3,1,1,3
2,1,6,71,0.1,3,3,2,2,1,238.23,1,14,1,1,3,3,5,1,1,3,3
2,1,6,72,0.1,3,3,2,2,1,214.7,1,7,3,3,1,1,16,3,1,1,3
2,1,6,73,0.4,3,3,2,2,1,216.63,1,8,1,1,3,3,6,3,1,1,3
2,1,6,74,0.2,3,3,2,2,1,195.83,1,14,1,1,3,3,18,1,3,3,1
2,1,6,75,0.4,1,1,1,2,0,200.82,1,19,3,1,3,1,2,1,1,1,1
2,1,6,76,0.05,3,3,2,2,1,323.34,0,20,3,3,1,1,3,1,1,3,3
2,1,6,77,0.1,1,1,1,2,0,155.98,1,17,3,1,3,1,6,1,3,1,3
2,1,6,78,0.4,1,1,1,2,0,183.97,1,15,1,1,1,1,7,1,3,1,3
2,1,7,1,1.8,3,3,2,2,1,195.39,1,6,3,1,1,3,20,3,3,1,1
2,1,7,2,1.8,1,1,1,2,0,312.41,0,18,3,1,3,1,4,3,3,3,3
2,1,7,3,0.4,3,3,2,2,1,255.74,1,8,3,3,1,1,8,3,1,1,3
2,1,7,4,0.2,1,1,1,1,1,421.92,0,8,3,1,3,1,6,1,1,1,1
2,1,7,5,0.05,3,3,2,2,1,365.81,0,19,3,3,1,1,18,3,3,1,1
2,1,7,6,0.2,1,1,1,1,1,345.8,0,13,1,1,1,1,10,1,1,1,1
2,1,7,7,0.4,1,1,1,1,1,282,1,20,3,1,3,1,7,3,1,3,1
2,1,7,8,0.05,1,1,1,1,1,329.32,0,13,3,3,3,3,3,3,1,3,1
2,1,7,9,0.2,1,1,1,1,1,263.22,1,7,1,1,1,1,10,1,3,1,3
2,1,7,10,0.05,1,1,1,1,1,361.49,0,12,1,1,1,1,10,3,1,3,1
2,1,7,11,0.8,1,1,1,1,1,595.57,0,14,3,3,3,3,10,3,1,3,1
2,1,7,12,1.8,3,3,2,2,1,223.44,1,3,1,1,3,3,14,1,1,3,3
2,1,7,13,0.4,1,1,1,1,1,213.16,1,17,1,1,1,1,12,1,1,1,1
2,1,7,14,0.05,1,1,1,2,0,301.86,0,17,1,3,1,3,19,3,1,3,1
2,1,7,15,0.2,1,1,1,1,1,232.22,1,11,3,1,3,1,17,3,1,3,1
2,1,7,16,0.1,3,3,2,2,1,334.99,0,3,3,1,1,3,15,1,3,3,1
2,1,7,17,0.8,1,1,1,1,1,518.63,0,6,3,3,3,3,7,3,3,3,3
2,1,7,18,0.8,1,1,1,1,1,220.76,1,4,3,3,3,3,6,3,1,3,1
2,1,7,19,0.2,1,1,1,1,1,332.09,0,16,3,3,3,3,2,3,3,3,3
2,1,7,20,0.4,3,3,2,2,1,220.01,1,2,3,3,1,1,6,3,1,1,3
2,1,7,21,0.4,1,1,1,1,1,516.61,0,6,1,1,1,1,19,1,1,1,1
2,1,7,22,0.4,1,1,1,1,1,238.59,1,13,1,1,1,1,19,3,1,3,1
2,1,7,23,1.8,3,3,2,2,1,217.91,1,16,1,3,3,1,5,1,3,3,1
2,1,7,24,0.8,1,1,1,1,1,247.94,1,4,3,1,3,1,4,1,1,1,1
2,1,7,25,1.8,1,1,1,1,1,228.91,1,11,3,3,3,3,18,3,3,3,3
2,1,7,26,1.8,3,3,2,2,1,209.64,1,8,1,1,3,3,15,3,1,1,3
2,1,7,27,0.4,3,3,2,2,1,292.92,1,7,3,3,1,1,13,3,3,1,1
2,1,7,28,0.05,3,3,2,2,1,266.26,1,11,3,1,1,3,13,3,1,1,3
2,1,7,29,0.4,3,3,2,2,1,213.55,1,3,1,1,3,3,4,1,3,3,1
2,1,7,30,0.1,1,1,1,2,0,301.19,0,19,3,1,3,1,9,1,3,1,3
2,1,7,31,1.8,1,1,1,1,1,202.11,1,5,3,3,3,3,18,1,3,1,3
2,1,7,32,0.4,1,1,1,1,1,222.15,1,4,1,1,1,1,4,1,3,1,3
2,1,7,33,0.8,1,1,1,1,1,241.02,1,16,1,3,1,3,9,3,3,3,3
2,1,7,34,0.05,1,1,1,1,1,340.23,0,18,1,1,1,1,16,1,1,1,1
2,1,7,35,0.1,3,3,2,2,1,251.31,1,5,1,1,3,3,4,3,1,1,3
2,1,7,36,0.05,1,1,1,2,0,256.19,1,13,1,1,1,1,6,1,3,1,3
2,1,7,37,0.2,1,1,1,1,1,266.75,1,12,3,3,3,3,11,1,3,1,3
2,1,7,38,0.05,1,1,1,1,1,314.45,0,20,1,3,1,3,16,3,3,3,3
2,1,7,39,0.1,1,1,1,1,1,292.04,1,16,3,1,3,1,5,3,3,3,3
2,1,7,40,1.8,1,1,1,1,1,222.35,1,5,3,3,3,3,15,3,3,3,3
2,1,7,41,0.8,3,3,2,2,1,222.09,1,9,1,3,3,1,1,3,3,1,1
2,1,7,42,1.8,3,3,2,2,1,220.97,1,7,3,3,1,1,3,3,3,1,1
2,1,7,43,0.1,3,3,2,2,1,337.7,0,8,3,1,1,3,3,3,3,1,1
2,1,7,44,1.8,3,3,2,2,1,199.48,1,6,3,1,1,3,12,1,3,3,1
2,1,7,45,0.05,1,1,1,2,0,250.85,1,12,3,1,3,1,5,1,1,1,1
2,1,7,46,0.1,3,3,2,2,1,293.82,1,3,3,3,1,1,12,3,1,1,3
2,1,7,47,0.8,3,3,2,2,1,236.75,1,11,1,3,3,1,5,1,3,3,1
2,1,7,48,0.05,1,1,1,2,0,300.79,0,4,3,3,3,3,10,3,3,3,3
2,1,7,49,0.8,3,3,2,2,1,214.2,1,19,1,3,3,1,3,3,3,1,1
2,1,7,50,0.2,3,3,2,2,1,233.56,1,1,3,3,1,1,17,1,3,3,1
2,1,7,51,0.1,1,1,1,1,1,1150.3,0,3,3,1,3,1,12,3,1,3,1
2,1,7,52,0.4,3,3,2,2,1,186.37,1,10,1,1,3,3,13,3,1,1,3
2,1,7,53,0.2,1,1,1,1,1,274.74,1,15,1,1,1,1,6,3,1,3,1
2,1,7,54,0.8,1,1,1,1,1,216.69,1,5,1,3,1,3,3,3,1,3,1
2,1,7,55,0.1,1,1,1,1,1,319.29,0,4,1,3,1,3,1,1,1,1,1
2,1,7,56,0.05,1,1,1,1,1,253.12,1,15,1,3,1,3,19,1,3,1,3
2,1,7,57,0.2,3,3,2,2,1,266.36,1,16,3,3,1,1,14,3,3,1,1
2,1,7,58,0.8,3,3,2,2,1,224.66,1,7,3,1,1,3,11,1,1,3,3
2,1,7,59,0.4,1,1,1,2,0,295.66,1,18,3,1,3,1,9,3,3,3,3
2,1,7,60,0.1,1,1,1,1,1,309.39,0,11,3,3,3,3,10,3,3,3,3
2,1,7,61,0.1,1,1,1,1,1,299.09,1,7,3,3,3,3,11,1,1,1,1
2,1,7,62,0.1,1,1,1,1,1,341.06,0,19,1,1,1,1,16,3,3,3,3
2,1,7,63,0.05,3,3,2,2,1,264.51,1,7,1,3,3,1,19,1,3,3,1
2,1,7,64,0.05,3,3,2,1,0,246.07,1,1,3,3,1,1,9,3,1,1,3
2,1,7,65,0.8,3,3,NaN,NaN,NaN,NaN,NaN,20,3,1,1,3,20,1,3,3,1
2,1,7,66,1.8,1,1,1,2,0,206.31,1,15,1,3,1,3,4,3,3,3,3
2,1,7,67,0.1,1,1,1,1,1,325.57,0,4,1,1,1,1,17,3,1,3,1
2,1,7,68,0.2,1,1,1,1,1,221.63,1,9,3,3,3,3,2,3,1,3,1
2,1,7,69,0.4,1,1,1,1,1,286.8,1,14,3,3,3,3,8,1,3,1,3
2,1,7,70,0.8,1,1,1,1,1,216.04,1,20,1,1,1,1,12,1,1,1,1
2,1,7,71,1.8,1,1,1,1,1,213.94,1,3,3,1,3,1,12,3,3,3,3
2,1,7,72,1.8,3,3,2,2,1,202.33,1,11,1,3,3,1,12,1,1,3,3
2,1,7,73,0.8,1,1,1,1,1,201.87,1,12,3,3,3,3,17,1,3,1,3
2,1,7,74,0.4,3,3,2,2,1,223.93,1,19,1,1,3,3,13,1,1,3,3
2,1,7,75,0.2,3,3,2,2,1,365.77,0,16,3,1,1,3,12,3,1,1,3
2,1,7,76,0.2,1,1,1,2,0,213.35,1,13,1,3,1,3,15,3,3,3,3
2,1,7,77,0.1,3,3,2,2,1,209.29,1,4,1,1,3,3,1,1,1,3,3
2,1,7,78,0.2,1,1,1,2,0,287.63,1,8,1,3,1,3,14,3,3,3,3
2,1,8,1,0.8,1,1,1,2,0,244.29,1,17,1,1,1,1,6,1,3,1,3
2,1,8,2,0.05,3,3,2,2,1,295.11,1,18,3,3,1,1,6,3,3,1,1
2,1,8,3,1.8,1,1,NaN,NaN,NaN,NaN,NaN,18,1,1,1,1,4,3,3,3,3
2,1,8,4,0.1,1,1,1,1,1,284.05,1,20,1,3,1,3,4,3,1,3,1
2,1,8,5,0.4,1,1,1,1,1,205.49,1,14,3,3,3,3,19,3,1,3,1
2,1,8,6,0.4,1,1,1,1,1,250.63,1,6,3,3,3,3,1,1,3,1,3
2,1,8,7,1.8,1,1,1,1,1,205.83,1,3,3,1,3,1,6,1,3,1,3
2,1,8,8,0.4,3,3,2,2,1,208.06,1,4,3,3,1,1,16,1,3,3,1
2,1,8,9,0.8,3,3,2,2,1,213.3,1,12,3,1,1,3,7,1,3,3,1
2,1,8,10,0.2,3,3,2,2,1,359.3,0,5,3,1,1,3,4,1,1,3,3
2,1,8,11,1.8,3,3,2,2,1,244.72,1,12,3,1,1,3,8,1,3,3,1
2,1,8,12,0.1,3,3,2,2,1,256.9,1,16,1,1,3,3,6,3,1,1,3
2,1,8,13,0.8,3,3,2,2,1,222.07,1,18,1,1,3,3,18,3,1,1,3
2,1,8,14,1.8,3,3,2,2,1,194.29,1,15,3,3,1,1,17,3,3,1,1
2,1,8,15,0.8,3,3,2,2,1,192.54,1,17,3,1,1,3,5,1,1,3,3
2,1,8,16,0.2,3,3,2,2,1,271.93,1,8,1,3,3,1,15,1,1,3,3
2,1,8,17,0.2,3,3,2,2,1,314.69,0,8,1,3,3,1,15,3,3,1,1
2,1,8,18,0.4,1,1,NaN,NaN,NaN,NaN,NaN,8,3,1,3,1,11,1,1,1,1
2,1,8,19,0.2,1,1,1,2,0,345.4,0,2,3,3,3,3,5,1,3,1,3
2,1,8,20,1.8,1,1,1,1,1,219.39,1,16,1,1,1,1,14,1,1,1,1
2,1,8,21,1.8,3,3,2,2,1,209.76,1,10,3,3,1,1,1,3,1,1,3
2,1,8,22,0.4,3,3,2,2,1,238.96,1,16,3,3,1,1,19,3,3,1,1
2,1,8,23,0.1,3,3,2,2,1,250.73,1,16,3,1,1,3,8,1,3,3,1
2,1,8,24,0.05,3,3,2,2,1,369.75,0,15,3,3,1,1,15,1,3,3,1
2,1,8,25,1.8,1,1,1,1,1,297.28,1,17,3,1,3,1,4,3,1,3,1
2,1,8,26,0.2,3,3,2,2,1,257.52,1,3,1,3,3,1,9,1,3,3,1
2,1,8,27,0.8,3,3,2,2,1,216.96,1,6,1,1,3,3,7,3,3,1,1
2,1,8,28,1.8,3,3,2,2,1,205.5,1,11,1,1,3,3,4,3,1,1,3
2,1,8,29,0.2,3,3,2,2,1,389.26,0,1,1,3,3,1,5,1,3,3,1
2,1,8,30,0.2,1,1,1,1,1,524.08,0,8,1,1,1,1,16,1,1,1,1
2,1,8,31,0.1,1,1,1,1,1,243.26,1,9,1,1,1,1,8,3,1,3,1
2,1,8,32,0.2,1,1,1,1,1,279.67,1,2,3,3,3,3,9,3,3,3,3
2,1,8,33,0.4,1,1,1,1,1,333.14,0,9,3,1,3,1,12,1,1,1,1
2,1,8,34,1.8,1,1,1,1,1,213.75,1,19,3,3,3,3,19,3,1,3,1
2,1,8,35,1.8,3,3,2,2,1,201.56,1,9,1,3,3,1,8,1,1,3,3
2,1,8,36,0.4,3,3,2,2,1,282.5,1,4,3,1,1,3,7,3,1,1,3
2,1,8,37,0.4,3,3,2,2,1,200.83,1,17,3,1,1,3,18,1,3,3,1
2,1,8,38,0.4,3,3,2,2,1,229.15,1,13,1,1,3,3,18,1,1,3,3
2,1,8,39,0.05,3,3,2,2,1,402.11,0,2,3,3,1,1,17,3,1,1,3
2,1,8,40,0.05,3,3,2,2,1,311.39,0,18,1,3,3,1,20,1,3,3,1
2,1,8,41,0.8,1,1,1,1,1,264.34,1,8,3,3,3,3,17,3,1,3,1
2,1,8,42,0.4,3,3,2,2,1,215.3,1,1,1,3,3,1,15,1,3,3,1
2,1,8,43,0.05,1,1,1,2,0,283.95,1,15,3,1,3,1,10,1,1,1,1
2,1,8,44,0.1,1,1,1,1,1,267.18,1,18,1,3,1,3,2,1,3,1,3
2,1,8,45,0.1,3,3,2,2,1,219.08,1,12,3,3,1,1,11,3,3,1,1
2,1,8,46,1.8,1,1,1,1,1,240.99,1,18,1,3,1,3,11,1,3,1,3
2,1,8,47,0.1,3,3,2,2,1,313.22,0,12,3,1,1,3,19,3,3,1,1
2,1,8,48,0.05,1,1,1,1,1,575.33,0,5,1,1,1,1,19,3,1,3,1
2,1,8,49,0.2,3,3,2,2,1,95.896,2,14,3,1,1,3,18,1,1,3,3
2,1,8,50,0.2,1,1,1,1,1,338.44,0,10,1,3,1,3,2,1,1,1,1
2,1,8,51,0.1,1,1,1,2,0,285.93,1,11,1,1,1,1,12,3,1,3,1
2,1,8,52,0.2,3,3,2,2,1,258.58,1,1,1,1,3,3,19,3,1,1,3
2,1,8,53,0.8,3,3,2,2,1,369.39,0,16,1,3,3,1,2,1,3,3,1
2,1,8,54,0.4,3,3,2,2,1,324.19,0,15,1,1,3,3,3,3,1,1,3
2,1,8,55,0.2,1,1,1,1,1,287.29,1,17,1,1,1,1,6,1,3,1,3
2,1,8,56,1.8,1,1,1,1,1,211.07,1,3,3,3,3,3,5,1,3,1,3
2,1,8,57,0.8,1,1,1,1,1,238.28,1,19,3,3,3,3,13,3,3,3,3
2,1,8,58,0.8,3,3,2,2,1,184.85,1,20,1,3,3,1,6,1,1,3,3
2,1,8,59,0.4,3,3,2,2,1,242.48,1,18,1,1,3,3,5,1,3,3,1
2,1,8,60,0.8,3,3,2,2,1,268.91,1,4,3,3,1,1,16,1,3,3,1
2,1,8,61,0.1,1,1,1,1,1,195.82,1,1,1,1,1,1,17,3,1,3,1
2,1,8,62,0.05,3,3,2,2,1,490.62,0,9,1,3,3,1,6,3,3,1,1
2,1,8,63,0.8,3,3,2,2,1,229.81,1,19,1,3,3,1,9,1,1,3,3
2,1,8,64,0.05,1,1,1,1,1,269.94,1,4,3,1,3,1,1,1,3,1,3
2,1,8,65,1.8,1,1,1,1,1,211.18,1,16,1,1,1,1,8,3,1,3,1
2,1,8,66,0.2,3,3,2,2,1,333.76,0,9,3,1,1,3,5,3,3,1,1
2,1,8,67,0.05,3,3,2,2,1,380.5,0,8,3,3,1,1,2,1,1,3,3
2,1,8,68,0.1,1,1,1,1,1,305.26,0,6,3,1,3,1,12,1,3,1,3
2,1,8,69,0.1,1,1,1,1,1,149.22,1,8,1,1,1,1,16,3,3,3,3
2,1,8,70,0.4,3,3,2,2,1,206.46,1,11,3,1,1,3,5,3,1,1,3
2,1,8,71,0.05,1,1,1,1,1,339.66,0,9,1,3,1,3,9,3,1,3,1
2,1,8,72,0.05,3,3,2,2,1,267.18,1,14,1,3,3,1,16,3,1,1,3
2,1,8,73,0.1,3,3,2,2,1,242.51,1,17,3,1,1,3,10,3,1,1,3
2,1,8,74,0.1,1,1,1,1,1,258.91,1,5,3,3,3,3,9,1,3,1,3
2,1,8,75,0.05,3,3,2,2,1,276.75,1,15,3,1,1,3,15,3,1,1,3
2,1,8,76,0.8,3,3,NaN,NaN,NaN,NaN,NaN,1,3,3,1,1,18,1,1,3,3
2,1,8,77,0.8,1,1,1,1,1,225.73,1,20,1,1,1,1,16,3,1,3,1
2,1,8,78,0.05,1,1,1,1,1,301.29,0,16,3,1,3,1,17,1,1,1,1
2,1,9,1,1.8,1,1,1,1,1,204.42,1,16,1,3,1,3,18,1,1,1,1
2,1,9,2,0.05,1,1,1,2,0,360.81,0,11,1,3,1,3,8,1,3,1,3
2,1,9,3,0.8,3,3,2,2,1,183.17,1,18,1,3,3,1,17,1,1,3,3
2,1,9,4,0.8,3,3,2,2,1,191.5,1,4,3,1,1,3,12,3,3,1,1
2,1,9,5,0.1,1,1,1,1,1,644.81,0,13,3,1,3,1,10,3,1,3,1
2,1,9,6,0.8,1,1,1,1,1,237.97,1,15,3,1,3,1,10,1,1,1,1
2,1,9,7,0.4,1,1,1,1,1,200.81,1,17,3,3,3,3,2,1,3,1,3
2,1,9,8,0.1,1,1,1,1,1,315.68,0,3,3,1,3,1,6,3,3,3,3
2,1,9,9,1.8,3,3,2,2,1,152.31,1,20,3,1,1,3,15,1,1,3,3
2,1,9,10,1.8,3,3,2,2,1,183.37,1,2,3,3,1,1,13,3,1,1,3
2,1,9,11,0.2,1,1,1,1,1,260.49,1,19,3,1,3,1,3,1,1,1,1
2,1,9,12,0.2,1,1,1,1,1,199.04,1,3,3,3,3,3,14,3,1,3,1
2,1,9,13,0.05,3,3,2,2,1,335.25,0,14,1,1,3,3,6,1,1,3,3
2,1,9,14,0.4,1,1,1,1,1,218.65,1,4,3,3,3,3,19,1,1,1,1
2,1,9,15,0.05,3,3,2,2,1,312.39,0,17,1,1,3,3,20,3,3,1,1
2,1,9,16,0.1,3,3,2,2,1,240.63,1,10,1,1,3,3,8,3,1,1,3
2,1,9,17,0.05,1,1,1,1,1,253.84,1,15,1,1,1,1,6,3,1,3,1
2,1,9,18,0.4,1,1,1,1,1,201.29,1,16,1,3,1,3,16,3,1,3,1
2,1,9,19,0.1,1,1,1,1,1,222.45,1,6,3,1,3,1,12,3,1,3,1
2,1,9,20,0.1,1,1,1,2,0,311.37,0,3,1,1,1,1,5,3,3,3,3
2,1,9,21,0.8,3,3,2,2,1,194.92,1,1,1,3,3,1,16,3,3,1,1
2,1,9,22,0.8,3,3,2,2,1,196.17,1,1,1,1,3,3,7,3,1,1,3
2,1,9,23,0.05,3,3,2,2,1,290.73,1,19,1,3,3,1,3,1,3,3,1
2,1,9,24,1.8,3,3,2,2,1,70.957,2,7,3,1,1,3,18,3,1,1,3
2,1,9,25,0.1,1,1,1,2,0,352.21,0,18,3,3,3,3,20,3,1,3,1
2,1,9,26,0.4,3,3,2,2,1,254.45,1,18,1,3,3,1,15,3,1,1,3
2,1,9,27,0.8,1,1,1,1,1,202.96,1,8,1,1,1,1,1,1,3,1,3
2,1,9,28,0.05,3,3,2,2,1,336.99,0,7,1,1,3,3,6,1,3,3,1
2,1,9,29,0.8,1,1,1,1,1,206.87,1,7,3,3,3,3,15,3,3,3,3
2,1,9,30,0.05,1,1,1,2,0,292.52,1,11,3,1,3,1,2,1,3,1,3
2,1,9,31,0.1,1,1,1,1,1,206.17,1,9,3,3,3,3,17,1,1,1,1
2,1,9,32,0.4,1,1,1,1,1,197.27,1,10,1,1,1,1,12,1,1,1,1
2,1,9,33,0.4,1,1,1,2,0,229.87,1,3,1,1,1,1,6,3,1,3,1
2,1,9,34,0.1,1,1,1,1,1,259.34,1,17,3,3,3,3,18,1,1,1,1
2,1,9,35,0.8,3,3,2,2,1,212.97,1,7,3,1,1,3,19,3,3,1,1
2,1,9,36,0.2,3,3,2,2,1,271.98,1,6,1,3,3,1,16,3,1,1,3
2,1,9,37,0.4,3,3,2,2,1,190.66,1,15,3,3,1,1,10,3,1,1,3
2,1,9,38,0.2,3,3,2,2,1,276.95,1,11,1,3,3,1,13,3,1,1,3
2,1,9,39,0.1,1,1,1,2,0,297.65,1,1,1,3,1,3,16,3,1,3,1
2,1,9,40,0.05,1,1,1,2,0,270.68,1,4,3,3,3,3,3,3,1,3,1
2,1,9,41,0.05,1,1,1,1,1,280.85,1,10,3,1,3,1,8,3,3,3,3
2,1,9,42,0.05,1,1,1,1,1,226.36,1,17,1,1,1,1,20,3,3,3,3
2,1,9,43,1.8,1,1,NaN,NaN,NaN,NaN,NaN,16,3,3,3,3,1,1,1,1,1
2,1,9,44,0.2,1,1,1,1,1,238.41,1,1,3,3,3,3,11,3,3,3,3
2,1,9,45,1.8,1,1,1,1,1,200.53,1,17,1,3,1,3,12,3,3,3,3
2,1,9,46,0.2,1,1,1,1,1,236.08,1,1,3,1,3,1,1,3,3,3,3
2,1,9,47,0.4,3,3,2,2,1,255.22,1,14,3,1,1,3,3,3,3,1,1
2,1,9,48,0.1,1,1,1,1,1,278.36,1,4,1,1,1,1,10,3,1,3,1
2,1,9,49,0.1,1,1,1,1,1,264.86,1,17,1,1,1,1,10,3,1,3,1
2,1,9,50,0.8,3,3,NaN,NaN,NaN,NaN,NaN,6,3,3,1,1,13,3,1,1,3
2,1,9,51,1.8,3,3,2,2,1,219.27,1,1,3,3,1,1,7,1,3,3,1
2,1,9,52,0.2,3,3,2,2,1,363.73,0,18,3,3,1,1,6,1,3,3,1
2,1,9,53,0.4,1,1,1,1,1,215.06,1,10,1,3,1,3,20,1,3,1,3
2,1,9,54,0.2,1,1,1,1,1,246.77,1,19,1,1,1,1,4,3,1,3,1
2,1,9,55,0.2,1,1,1,1,1,221.07,1,9,1,3,1,3,2,3,1,3,1
2,1,9,56,0.2,3,3,2,2,1,322.41,0,2,1,1,3,3,16,1,1,3,3
2,1,9,57,0.2,1,1,1,1,1,452.48,0,9,1,1,1,1,14,3,1,3,1
2,1,9,58,0.2,1,1,1,1,1,264.92,1,18,1,3,1,3,8,3,1,3,1
2,1,9,59,1.8,1,1,1,1,1,218.71,1,16,1,3,1,3,12,1,1,1,1
2,1,9,60,0.4,1,1,1,1,1,218.47,1,2,1,1,1,1,19,3,1,3,1
2,1,9,61,1.8,1,1,1,1,1,211.15,1,1,3,1,3,1,4,1,3,1,3
2,1,9,62,0.4,3,3,2,2,1,328.98,0,8,3,1,1,3,14,1,1,3,3
2,1,9,63,0.05,1,1,1,1,1,318.65,0,10,1,1,1,1,7,3,3,3,3
2,1,9,64,0.05,3,3,2,2,1,350.28,0,18,1,1,3,3,3,1,1,3,3
2,1,9,65,1.8,3,3,2,2,1,218.79,1,5,3,1,1,3,8,1,1,3,3
2,1,9,66,0.8,3,3,2,2,1,212.44,1,14,3,3,1,1,1,3,3,1,1
2,1,9,67,0.8,1,1,1,1,1,203.82,1,1,3,3,3,3,12,3,3,3,3
2,1,9,68,0.1,1,1,1,1,1,329.29,0,14,1,1,1,1,5,3,3,3,3
2,1,9,69,0.8,3,3,2,2,1,233.46,1,16,1,1,3,3,4,3,1,1,3
2,1,9,70,0.4,1,1,1,1,1,199.01,1,18,1,3,1,3,20,1,1,1,1
2,1,9,71,0.8,1,1,1,1,1,291.69,1,6,3,3,3,3,8,1,3,1,3
2,1,9,72,1.8,1,1,1,1,1,265.56,1,1,1,1,1,1,5,1,1,1,1
2,1,9,73,0.2,3,3,2,2,1,283.16,1,17,1,3,3,1,8,3,1,1,3
2,1,9,74,0.1,3,3,2,2,1,1281.5,0,12,3,1,1,3,5,3,1,1,3
2,1,9,75,1.8,1,1,1,1,1,207.7,1,17,1,1,1,1,18,1,3,1,3
2,1,9,76,0.05,3,3,2,1,0,214.35,1,10,3,1,1,3,5,3,3,1,1
2,1,9,77,0.4,3,3,2,2,1,-4.7011,2,7,1,3,3,1,18,1,1,3,3
2,1,9,78,1.8,1,1,1,1,1,230.37,1,4,1,3,1,3,12,3,1,3,1
2,1,10,1,0.2,3,3,2,2,1,456.85,0,4,3,1,1,3,15,1,1,3,3
2,1,10,2,0.8,3,3,2,2,1,189.43,1,7,1,3,3,1,6,3,1,1,3
2,1,10,3,0.2,1,1,1,2,0,302,0,7,3,1,3,1,15,3,3,3,3
2,1,10,4,0.2,3,3,2,2,1,368.58,0,3,1,3,3,1,15,1,1,3,3
2,1,10,5,0.4,3,3,2,2,1,190.64,1,4,1,1,3,3,6,3,3,1,1
2,1,10,6,0.05,1,1,1,1,1,413.59,0,7,1,3,1,3,14,3,1,3,1
2,1,10,7,0.4,3,3,2,2,1,339.03,0,10,3,1,1,3,2,3,3,1,1
2,1,10,8,0.05,1,1,1,1,1,265.99,1,3,1,3,1,3,4,1,3,1,3
2,1,10,9,0.05,1,1,1,1,1,222.76,1,8,3,3,3,3,18,1,1,1,1
2,1,10,10,0.8,3,3,2,2,1,194.01,1,15,3,3,1,1,5,3,1,1,3
2,1,10,11,1.8,1,1,1,1,1,186.56,1,1,3,3,3,3,5,1,3,1,3
2,1,10,12,0.2,3,3,2,2,1,269.51,1,16,3,3,1,1,18,1,1,3,3
2,1,10,13,1.8,1,1,1,1,1,200.01,1,18,1,1,1,1,12,1,3,1,3
2,1,10,14,1.8,3,3,2,2,1,226.34,1,5,1,3,3,1,5,1,3,3,1
2,1,10,15,1.8,3,3,2,2,1,236.59,1,8,1,3,3,1,17,1,1,3,3
2,1,10,16,0.2,3,3,2,2,1,329.53,0,18,3,3,1,1,15,3,3,1,1
2,1,10,17,0.4,1,1,1,1,1,242.66,1,20,1,1,1,1,4,3,1,3,1
2,1,10,18,0.1,1,1,1,1,1,273.9,1,16,1,1,1,1,18,3,3,3,3
2,1,10,19,0.2,3,3,2,2,1,248.2,1,15,3,3,1,1,13,3,1,1,3
2,1,10,20,0.4,1,1,1,1,1,233.77,1,15,1,3,1,3,1,3,3,3,3
2,1,10,21,0.4,3,3,2,1,0,286.08,1,18,1,3,3,1,15,3,1,1,3
2,1,10,22,0.8,3,3,2,2,1,206.03,1,15,1,1,3,3,19,3,1,1,3
2,1,10,23,0.2,1,1,1,1,1,292.78,1,12,3,1,3,1,4,3,1,3,1
2,1,10,24,0.05,3,3,2,2,1,340.84,0,14,1,1,3,3,19,1,1,3,3
2,1,10,25,0.8,1,1,1,1,1,199.77,1,20,1,3,1,3,14,1,1,1,1
2,1,10,26,1.8,3,3,2,2,1,212.22,1,19,1,3,3,1,2,3,3,1,1
2,1,10,27,0.2,3,3,2,2,1,256.07,1,2,1,3,3,1,19,3,1,1,3
2,1,10,28,0.05,3,3,2,2,1,343.59,0,11,1,3,3,1,13,3,1,1,3
2,1,10,29,0.1,1,1,1,1,1,267.14,1,6,3,1,3,1,19,1,3,1,3
2,1,10,30,0.2,3,3,2,2,1,260.32,1,2,1,3,3,1,6,3,3,1,1
2,1,10,31,0.1,3,3,2,2,1,371.71,0,11,1,3,3,1,4,3,1,1,3
2,1,10,32,0.8,1,1,1,1,1,331.02,0,14,1,1,1,1,19,1,3,1,3
2,1,10,33,0.05,3,3,2,2,1,255.16,1,20,1,1,3,3,14,1,1,3,3
2,1,10,34,0.2,3,3,2,2,1,261.4,1,3,3,1,1,3,3,1,3,3,1
2,1,10,35,0.4,1,1,1,1,1,217.66,1,16,3,3,3,3,3,1,1,1,1
2,1,10,36,0.1,1,1,1,1,1,238.79,1,12,3,3,3,3,5,3,3,3,3
2,1,10,37,0.05,3,3,2,2,1,506.56,0,3,3,1,1,3,9,1,3,3,1
2,1,10,38,0.05,3,3,2,1,0,296.43,1,5,3,3,1,1,1,1,3,3,1
2,1,10,39,0.4,3,3,2,1,0,249.02,1,8,3,3,1,1,7,3,1,1,3
2,1,10,40,0.1,1,1,1,1,1,368.26,0,13,1,3,1,3,2,1,1,1,1
2,1,10,41,1.8,1,1,1,1,1,195.62,1,13,3,1,3,1,9,1,3,1,3
2,1,10,42,1.8,1,1,1,1,1,202.33,1,1,3,3,3,3,13,3,1,3,1
2,1,10,43,0.8,3,3,2,2,1,242.09,1,13,1,3,3,1,1,3,3,1,1
2,1,10,44,0.4,3,3,2,2,1,207.4,1,5,3,1,1,3,14,3,3,1,1
2,1,10,45,0.1,1,1,1,1,1,335.51,0,18,3,1,3,1,20,1,3,1,3
2,1,10,46,0.05,3,3,2,1,0,292.22,1,12,1,1,3,3,6,1,3,3,1
2,1,10,47,1.8,1,1,1,1,1,200.57,1,10,3,3,3,3,3,1,3,1,3
2,1,10,48,1.8,1,1,1,1,1,196.23,1,20,3,3,3,3,2,3,1,3,1
2,1,10,49,0.1,3,3,2,2,1,344.31,0,1,1,3,3,1,3,1,1,3,3
2,1,10,50,0.05,1,1,1,1,1,479.19,0,3,1,1,1,1,2,3,1,3,1
2,1,10,51,0.4,3,3,2,2,1,295.64,1,18,1,1,3,3,10,3,1,1,3
2,1,10,52,0.8,1,1,1,1,1,212.23,1,17,1,3,1,3,9,3,3,3,3
2,1,10,53,0.8,3,3,2,2,1,199.09,1,17,1,3,3,1,2,1,3,3,1
2,1,10,54,0.05,3,3,2,2,1,330.42,0,4,1,3,3,1,5,1,3,3,1
2,1,10,55,0.1,1,1,1,1,1,198.47,1,17,3,1,3,1,7,3,3,3,3
2,1,10,56,0.2,1,1,1,1,1,256.02,1,6,3,3,3,3,1,3,3,3,3
2,1,10,57,0.1,1,1,1,1,1,249.41,1,17,3,3,3,3,17,1,1,1,1
2,1,10,58,0.1,3,3,2,2,1,324.38,0,18,1,1,3,3,20,3,3,1,1
2,1,10,59,0.2,3,3,2,1,0,263.77,1,12,3,1,1,3,18,1,1,3,3
2,1,10,60,0.05,1,1,1,1,1,344.93,0,15,1,3,1,3,7,1,1,1,1
2,1,10,61,0.05,3,3,2,2,1,270.07,1,18,1,1,3,3,13,3,1,1,3
2,1,10,62,1.8,1,1,1,1,1,207.01,1,11,3,1,3,1,4,3,1,3,1
2,1,10,63,0.4,1,1,1,1,1,217.78,1,18,3,1,3,1,13,1,3,1,3
2,1,10,64,0.8,3,3,2,2,1,233,1,1,1,1,3,3,2,1,3,3,1
2,1,10,65,1.8,1,1,1,1,1,339.7,0,3,1,3,1,3,13,3,3,3,3
2,1,10,66,0.8,1,1,1,1,1,207.42,1,6,3,3,3,3,11,1,3,1,3
2,1,10,67,1.8,3,3,2,2,1,200.04,1,11,3,1,1,3,3,3,3,1,1
2,1,10,68,0.4,1,1,1,1,1,223.31,1,12,1,3,1,3,19,1,1,1,1
2,1,10,69,1.8,1,1,1,1,1,206.96,1,20,1,1,1,1,19,3,1,3,1
2,1,10,70,0.4,3,3,2,2,1,250.74,1,8,1,3,3,1,19,1,3,3,1
2,1,10,71,0.8,3,3,NaN,NaN,NaN,NaN,NaN,14,3,1,1,3,17,1,3,3,1
2,1,10,72,0.2,3,3,2,2,1,198.78,1,8,3,1,1,3,10,1,1,3,3
2,1,10,73,0.8,1,1,1,1,1,216.57,1,3,1,1,1,1,8,1,1,1,1
2,1,10,74,0.1,1,1,1,1,1,289.79,1,4,3,3,3,3,15,3,3,3,3
2,1,10,75,0.1,1,1,1,1,1,270.34,1,3,1,1,1,1,19,3,3,3,3
2,1,10,76,0.1,3,3,2,2,1,463.69,0,11,1,1,3,3,5,3,3,1,1
2,1,10,77,0.8,1,1,1,1,1,239.72,1,19,1,1,1,1,5,1,3,1,3
2,1,10,78,0.4,3,3,2,1,0,332.54,0,3,3,1,1,3,1,3,3,1,1
