3,6,1,1,0.05,3,1,2,2,1,277.84,1,6,1,1,3,3,7,3,1,3,1
3,6,1,2,0.2,3,3,2,2,1,74.938,2,5,3,3,1,1,4,1,1,3,3
3,6,1,3,0.4,2,1,2,1,0,181.45,1,7,1,1,2,2,6,1,3,1,3
3,6,1,4,1.8,2,3,2,2,1,185.22,1,13,1,1,2,2,10,3,1,1,3
3,6,1,5,0.1,1,3,1,1,1,250.06,1,8,3,1,3,1,16,3,3,1,1
3,6,1,6,0.8,1,3,1,1,1,205.39,1,3,1,1,1,1,14,3,1,1,3
3,6,1,7,1.8,2,1,2,2,1,183.25,1,18,1,3,2,2,17,3,3,3,3
3,6,1,8,0.8,1,2,1,1,1,235.86,1,19,1,3,1,3,16,1,3,2,2
3,6,1,9,0.8,3,1,2,2,1,209.25,1,13,3,3,1,1,16,1,3,1,3
3,6,1,10,0.2,2,1,2,2,1,241.33,1,9,3,3,2,2,13,3,3,3,3
3,6,1,11,0.05,3,3,2,1,0,219.29,1,5,1,1,3,3,2,1,1,3,3
3,6,1,12,0.2,3,2,2,1,0,207.26,1,12,1,3,3,1,8,1,3,2,2
3,6,1,13,0.8,2,2,2,1,0,215.28,1,8,3,1,2,2,1,1,1,2,2
3,6,1,14,1.8,1,1,1,1,1,209.5,1,11,3,1,3,1,4,1,1,1,1
3,6,1,15,1.8,3,2,2,2,1,200.52,1,15,3,3,1,1,4,3,1,2,2
3,6,1,16,0.4,3,2,2,2,1,218.93,1,5,1,1,3,3,10,3,1,2,2
3,6,1,17,1.8,2,3,2,2,1,194.2,1,18,1,3,2,2,2,1,3,3,1
3,6,1,18,0.1,2,2,2,2,1,258.69,1,20,1,1,2,2,20,1,3,2,2
3,6,1,19,0.2,1,2,1,1,1,234.65,1,14,3,1,3,1,3,1,1,2,2
3,6,1,20,0.8,3,1,2,2,1,194.8,1,18,3,1,1,3,5,3,3,3,3
3,6,1,21,0.05,2,2,2,1,0,298.73,1,20,3,1,2,2,8,1,1,2,2
3,6,1,22,0.1,3,3,2,2,1,260.14,1,12,1,3,3,1,12,1,1,3,3
3,6,1,23,0.2,1,2,1,1,1,415.14,0,10,1,3,1,3,5,3,1,2,2
3,6,1,24,0.05,2,3,2,2,1,296.3,1,9,3,1,2,2,14,3,3,1,1
3,6,1,25,0.4,1,1,1,1,1,222.68,1,1,1,1,1,1,11,1,1,1,1
3,6,1,26,0.1,1,3,1,1,1,189.19,1,11,3,1,3,1,12,1,1,3,3
3,6,1,27,0.1,1,1,1,1,1,232.37,1,17,1,3,1,3,1,1,1,1,1
3,6,1,28,0.8,1,1,1,1,1,192.69,1,2,1,1,1,1,20,1,1,1,1
3,6,1,29,1.8,3,3,2,2,1,195.87,1,16,1,3,3,1,6,3,1,1,3
3,6,1,30,0.1,3,1,2,2,1,222.38,1,10,3,1,1,3,13,1,1,1,1
3,6,1,31,1.8,1,1,1,1,1,176.37,1,16,1,1,1,1,20,1,1,1,1
3,6,1,32,1.8,1,3,1,1,1,216.33,1,3,1,3,1,3,16,1,3,3,1
3,6,1,33,0.05,2,1,2,2,1,258.21,1,6,1,3,2,2,15,3,1,3,1
3,6,1,34,0.1,1,2,1,1,1,266.6,1,11,3,3,3,3,12,1,3,2,2
3,6,1,35,0.05,1,3,1,1,1,231.42,1,11,3,1,3,1,20,1,3,3,1
3,6,1,36,0.4,2,3,2,2,1,210.23,1,11,3,1,2,2,5,3,1,1,3
3,6,1,37,0.05,1,1,1,1,1,258.56,1,6,1,3,1,3,19,1,3,1,3
3,6,1,38,0.2,3,1,2,2,1,126.6,1,11,1,1,3,3,5,1,1,1,1
3,6,1,39,0.2,3,3,2,2,1,279.87,1,15,1,1,3,3,18,3,3,1,1
3,6,1,40,0.1,1,3,1,1,1,241.24,1,3,1,1,1,1,2,3,3,1,1
3,6,1,41,0.8,1,3,1,1,1,211.57,1,14,3,1,3,1,17,3,1,1,3
3,6,1,42,0.4,3,1,2,2,1,197.18,1,6,3,3,1,1,13,1,1,1,1
3,6,1,43,0.4,3,3,2,2,1,217.38,1,7,3,1,1,3,14,3,1,1,3
3,6,1,44,0.2,2,3,2,1,0,199.26,1,5,1,1,2,2,17,3,1,1,3
3,6,1,45,1.8,1,1,1,1,1,202.4,1,11,1,1,1,1,11,3,3,3,3
3,6,1,46,0.4,1,1,1,1,1,239.21,1,15,3,3,3,3,16,3,1,3,1
3,6,1,47,0.4,3,2,2,2,1,201.6,1,7,3,3,1,1,14,3,3,2,2
3,6,1,48,0.1,1,2,1,1,1,261.65,1,15,3,1,3,1,12,1,1,2,2
3,6,1,49,0.2,1,3,1,1,1,210.04,1,3,3,3,3,3,9,3,3,1,1
3,6,1,50,0.05,1,1,1,1,1,244.26,1,6,1,3,1,3,2,3,3,3,3
3,6,1,51,0.4,2,1,NaN,NaN,NaN,NaN,NaN,1,1,3,2,2,20,3,3,3,3
3,6,1,52,1.8,1,1,1,1,1,182.79,1,8,3,1,3,1,2,3,3,3,3
3,6,1,53,0.05,2,3,2,2,1,315.16,0,13,1,3,2,2,10,3,1,1,3
3,6,1,54,0.8,3,3,2,2,1,254.37,1,4,3,3,1,1,12,3,3,1,1
3,6,1,55,1.8,1,3,1,1,1,212.38,1,6,3,1,3,1,1,3,1,1,3
3,6,1,56,0.05,1,1,1,1,1,228.47,1,1,3,1,3,1,7,1,3,1,3
3,6,1,57,0.4,1,3,1,1,1,247.57,1,9,1,3,1,3,20,3,3,1,1
3,6,1,58,0.1,2,2,2,2,1,213.93,1,14,1,3,2,2,7,3,1,2,2
3,6,1,59,0.2,3,2,2,2,1,235.2,1,18,1,1,3,3,13,3,1,2,2
3,6,1,60,0.2,1,2,1,1,1,219.22,1,4,1,1,1,1,14,1,3,2,2
3,6,1,61,0.05,3,3,2,2,1,279.31,1,3,3,3,1,1,11,3,3,1,1
3,6,1,62,0.4,1,1,1,1,1,239.05,1,18,3,1,3,1,2,3,1,3,1
3,6,1,63,0.8,3,3,2,2,1,216.36,1,2,1,3,3,1,20,3,3,1,1
3,6,1,64,1.8,2,3,NaN,NaN,NaN,NaN,NaN,3,3,3,2,2,8,3,3,1,1
3,6,1,65,0.8,2,3,2,2,1,212.63,1,20,1,1,2,2,9,1,1,3,3
3,6,1,66,0.8,3,2,2,2,1,231.04,1,15,1,3,3,1,10,1,1,2,2
3,6,1,67,1.8,1,1,1,1,1,204.05,1,13,1,3,1,3,5,1,3,1,3
3,6,1,68,0.05,3,3,2,2,1,299.28,1,16,1,1,3,3,17,3,1,1,3
3,6,1,69,0.4,1,1,1,1,1,206.48,1,14,3,3,3,3,14,3,3,3,3
3,6,1,70,0.1,3,2,2,2,1,244.04,1,10,1,3,3,1,7,1,3,2,2
3,6,1,71,0.8,2,2,2,2,1,196.96,1,17,3,3,2,2,11,3,3,2,2
3,6,1,72,0.8,3,1,2,2,1,235.76,1,16,1,1,3,3,9,3,3,3,3
3,6,1,73,0.4,3,2,2,2,1,228.98,1,20,3,3,1,1,4,1,3,2,2
3,6,1,74,0.1,1,2,1,1,1,280.41,1,20,1,1,1,1,10,1,3,2,2
3,6,1,75,0.2,1,1,1,1,1,257.56,1,3,3,1,3,1,7,1,1,1,1
3,6,1,76,0.2,1,2,1,1,1,240.21,1,15,1,3,1,3,6,3,1,2,2
3,6,1,77,0.1,2,1,2,2,1,236.8,1,8,3,3,2,2,14,1,1,1,1
3,6,1,78,0.05,2,3,2,2,1,530.68,0,11,3,1,2,2,15,3,3,1,1
3,6,2,1,0.8,3,3,2,2,1,237.46,1,10,3,1,1,3,19,3,3,1,1
3,6,2,2,0.2,3,3,2,2,1,256.95,1,2,1,3,3,1,2,3,3,1,1
3,6,2,3,0.05,2,2,2,1,0,315.69,0,1,3,3,2,2,19,3,1,2,2
3,6,2,4,0.4,3,2,2,2,1,194.84,1,16,1,1,3,3,9,3,1,2,2
3,6,2,5,0.2,2,2,2,1,0,273.59,1,3,1,1,2,2,18,3,1,2,2
3,6,2,6,0.8,3,3,2,2,1,213.27,1,17,3,1,1,3,11,1,1,3,3
3,6,2,7,0.2,1,2,1,1,1,233.55,1,9,3,1,3,1,8,1,1,2,2
3,6,2,8,0.8,2,1,2,2,1,195.02,1,2,1,1,2,2,1,1,3,1,3
3,6,2,9,0.2,1,2,1,1,1,213.85,1,10,1,1,1,1,4,1,3,2,2
3,6,2,10,0.8,1,2,1,1,1,209.39,1,14,3,3,3,3,6,1,1,2,2
3,6,2,11,0.2,1,2,1,1,1,190.96,1,20,1,3,1,3,2,1,3,2,2
3,6,2,12,0.8,1,3,1,1,1,224.66,1,12,3,3,3,3,4,3,1,1,3
3,6,2,13,1.8,1,3,1,1,1,199.62,1,7,3,3,3,3,5,1,3,3,1
3,6,2,14,0.2,1,3,1,1,1,220.4,1,5,3,1,3,1,4,3,1,1,3
3,6,2,15,1.8,1,2,1,1,1,177.48,1,10,3,3,3,3,5,1,3,2,2
3,6,2,16,1.8,1,1,1,1,1,226.49,1,3,1,3,1,3,3,3,3,3,3
3,6,2,17,0.4,2,3,2,2,1,221.47,1,13,3,3,2,2,18,1,3,3,1
3,6,2,18,0.1,2,2,2,2,1,307.57,0,1,3,3,2,2,13,3,1,2,2
3,6,2,19,0.05,1,2,1,1,1,283.89,1,6,1,1,1,1,19,3,3,2,2
3,6,2,20,1.8,2,2,NaN,NaN,NaN,NaN,NaN,17,1,1,2,2,7,1,1,2,2
3,6,2,21,1.8,2,1,2,2,1,230.89,1,18,3,1,2,2,5,1,1,1,1
3,6,2,22,0.8,2,1,2,1,0,255.71,1,1,3,1,2,2,4,3,3,3,3
3,6,2,23,0.2,2,2,2,1,0,187.37,1,15,1,1,2,2,3,3,3,2,2
3,6,2,24,1.8,3,2,2,2,1,214.47,1,6,3,1,1,3,5,3,1,2,2
3,6,2,25,0.05,2,2,2,2,1,321.11,0,13,1,3,2,2,15,1,3,2,2
3,6,2,26,0.05,2,2,2,2,1,260.54,1,18,1,1,2,2,7,3,3,2,2
3,6,2,27,0.1,3,3,2,2,1,269.04,1,18,3,1,1,3,11,3,1,1,3
3,6,2,28,0.8,3,2,NaN,NaN,NaN,NaN,NaN,8,3,3,1,1,11,3,1,2,2
3,6,2,29,0.05,3,3,2,2,1,274.42,1,3,1,1,3,3,1,1,3,3,1
3,6,2,30,0.4,2,1,2,2,1,229.05,1,9,3,3,2,2,7,1,3,1,3
3,6,2,31,0.1,3,2,2,2,1,257.65,1,18,3,1,1,3,9,1,3,2,2
3,6,2,32,0.8,1,1,1,1,1,226.91,1,8,3,3,3,3,10,1,1,1,1
3,6,2,33,0.1,3,3,2,2,1,271.61,1,11,1,3,3,1,16,1,1,3,3
3,6,2,34,0.1,2,3,2,2,1,276.82,1,14,3,1,2,2,12,3,3,1,1
3,6,2,35,0.8,1,2,1,1,1,214.77,1,7,1,1,1,1,18,1,3,2,2
3,6,2,36,0.2,3,2,2,2,1,257.58,1,19,1,1,3,3,6,1,3,2,2
3,6,2,37,1.8,3,1,2,2,1,182.88,1,13,1,3,3,1,5,3,1,3,1
3,6,2,38,0.05,2,1,2,2,1,337.01,0,4,3,3,2,2,6,1,1,1,1
3,6,2,39,0.4,2,1,2,2,1,218.92,1,2,1,1,2,2,8,1,3,1,3
3,6,2,40,0.1,2,1,2,2,1,287.77,1,2,3,3,2,2,9,1,3,1,3
3,6,2,41,0.4,3,2,2,2,1,242.2,1,2,1,3,3,1,5,3,3,2,2
3,6,2,42,0.1,1,1,1,1,1,282.35,1,2,3,3,3,3,2,1,3,1,3
3,6,2,43,0.4,3,2,2,2,1,269.15,1,10,1,1,3,3,14,1,1,2,2
3,6,2,44,0.8,1,3,1,1,1,190.78,1,11,1,1,1,1,15,1,3,3,1
3,6,2,45,0.05,1,2,1,1,1,262.67,1,3,3,3,3,3,4,3,3,2,2
3,6,2,46,0.1,1,1,1,1,1,313.84,0,6,3,3,3,3,15,1,3,1,3
3,6,2,47,0.1,2,1,2,2,1,240.21,1,5,1,3,2,2,19,1,3,1,3
3,6,2,48,0.4,1,1,1,1,1,220.24,1,19,3,3,3,3,13,3,3,3,3
3,6,2,49,0.4,3,3,2,2,1,224.2,1,20,1,1,3,3,20,3,3,1,1
3,6,2,50,0.05,2,1,2,2,1,354.38,0,10,3,3,2,2,11,3,3,3,3
3,6,2,51,1.8,1,2,1,1,1,236.28,1,14,3,1,3,1,5,1,3,2,2
3,6,2,52,0.05,2,1,2,1,0,250.35,1,4,1,3,2,2,2,3,1,3,1
3,6,2,53,0.8,1,3,1,1,1,224.86,1,18,3,3,3,3,13,3,3,1,1
3,6,2,54,0.1,3,3,2,2,1,244.51,1,18,3,1,1,3,1,3,1,1,3
3,6,2,55,0.4,1,1,1,1,1,245.95,1,6,1,1,1,1,15,1,3,1,3
3,6,2,56,1.8,1,1,1,1,1,272.67,1,20,3,1,3,1,10,3,3,3,3
3,6,2,57,1.8,1,1,1,1,1,248.8,1,12,3,3,3,3,5,1,1,1,1
3,6,2,58,0.2,3,3,2,1,0,348.01,0,12,3,3,1,1,10,1,3,3,1
3,6,2,59,0.2,3,1,2,1,0,284.5,1,20,3,3,1,1,16,1,1,1,1
3,6,2,60,1.8,3,3,2,2,1,277.59,1,18,3,3,1,1,20,3,1,1,3
3,6,2,61,0.4,1,1,1,1,1,253.55,1,1,1,3,1,3,12,3,1,3,1
3,6,2,62,1.8,2,2,2,2,1,219.38,1,13,1,3,2,2,9,1,3,2,2
3,6,2,63,0.1,3,2,2,2,1,225.24,1,9,1,1,3,3,9,1,1,2,2
3,6,2,64,0.8,1,1,1,1,1,260.65,1,18,1,1,1,1,15,1,1,1,1
3,6,2,65,0.1,3,3,2,2,1,262.41,1,8,3,3,1,1,20,3,1,1,3
3,6,2,66,0.4,2,3,2,2,1,282.62,1,4,3,1,2,2,2,3,1,1,3
3,6,2,67,1.8,2,3,2,2,1,215.63,1,1,3,1,2,2,9,1,1,3,3
3,6,2,68,0.4,2,2,2,1,0,291.95,1,17,1,3,2,2,15,1,3,2,2
3,6,2,69,0.05,2,3,2,2,1,318.81,0,14,3,3,2,2,19,3,1,1,3
3,6,2,70,0.8,1,1,1,1,1,225.1,1,6,3,3,3,3,14,3,3,3,3
3,6,2,71,0.2,1,3,1,1,1,261.45,1,20,1,1,1,1,13,3,1,1,3
3,6,2,72,0.05,3,1,2,2,1,302.97,0,18,3,1,1,3,16,1,3,1,3
3,6,2,73,0.2,2,2,2,2,1,189.66,1,14,3,1,2,2,10,3,1,2,2
3,6,2,74,0.05,1,3,1,2,0,259.99,1,8,3,3,3,3,4,3,1,1,3
3,6,2,75,0.1,3,3,2,2,1,221.87,1,16,1,1,3,3,3,1,1,3,3
3,6,2,76,0.2,1,1,1,1,1,194.85,1,2,1,3,1,3,20,1,1,1,1
3,6,2,77,0.4,2,1,2,2,1,253.19,1,9,3,1,2,2,8,3,1,3,1
3,6,2,78,0.05,1,3,1,1,1,296.43,1,18,1,1,1,1,5,1,3,3,1
3,6,3,1,0.1,2,1,2,1,0,259.79,1,17,3,3,2,2,10,1,1,1,1
3,6,3,2,0.4,1,1,1,1,1,273.76,1,1,1,3,1,3,7,3,1,3,1
3,6,3,3,0.4,2,2,2,1,0,219.67,1,7,3,3,2,2,7,1,3,2,2
3,6,3,4,0.2,3,1,2,1,0,199.87,1,12,1,1,3,3,7,3,1,3,1
3,6,3,5,0.8,1,3,1,1,1,218.43,1,9,3,1,3,1,9,1,3,3,1
3,6,3,6,0.2,1,3,1,1,1,166.91,1,12,3,3,3,3,9,3,3,1,1
3,6,3,7,1.8,2,1,NaN,NaN,NaN,NaN,NaN,10,1,1,2,2,16,1,3,1,3
3,6,3,8,1.8,2,3,NaN,NaN,NaN,NaN,NaN,2,1,1,2,2,3,3,1,1,3
3,6,3,9,0.4,3,1,2,2,1,228.78,1,5,1,1,3,3,4,3,1,3,1
3,6,3,10,0.05,1,2,1,1,1,270.08,1,5,3,1,3,1,14,3,1,2,2
3,6,3,11,0.05,1,3,1,1,1,307.75,0,7,3,1,3,1,11,1,1,3,3
3,6,3,12,0.05,1,1,1,1,1,406.6,0,11,3,3,3,3,8,1,3,1,3
3,6,3,13,0.1,3,3,2,2,1,238.29,1,3,3,1,1,3,5,3,1,1,3
3,6,3,14,0.1,3,1,2,1,0,214.81,1,7,3,3,1,1,7,3,3,3,3
3,6,3,15,0.4,1,2,1,1,1,201.29,1,12,3,3,3,3,12,3,1,2,2
3,6,3,16,0.8,2,1,2,2,1,211.06,1,9,3,3,2,2,19,3,3,3,3
3,6,3,17,0.2,2,2,2,1,0,263.36,1,16,3,3,2,2,14,3,3,2,2
3,6,3,18,0.2,1,3,1,1,1,230.92,1,13,3,1,3,1,11,3,1,1,3
3,6,3,19,1.8,1,2,1,1,1,192,1,5,1,1,1,1,12,1,3,2,2
3,6,3,20,0.8,3,2,2,2,1,244.04,1,10,1,3,3,1,18,1,3,2,2
3,6,3,21,0.2,2,2,2,1,0,226.44,1,7,1,1,2,2,11,1,1,2,2
3,6,3,22,0.4,1,3,1,1,1,192.39,1,17,1,3,1,3,18,1,1,3,3
3,6,3,23,0.4,2,1,2,2,1,206.92,1,19,3,1,2,2,3,1,1,1,1
3,6,3,24,0.05,3,1,2,2,1,304.89,0,11,3,1,1,3,13,3,3,3,3
3,6,3,25,1.8,1,3,1,1,1,198.33,1,6,1,1,1,1,7,3,1,1,3
3,6,3,26,0.8,2,2,2,2,1,248.78,1,19,1,1,2,2,3,1,1,2,2
3,6,3,27,0.05,2,1,2,1,0,303.26,0,12,1,3,2,2,12,1,1,1,1
3,6,3,28,1.8,3,1,2,2,1,211.42,1,1,3,1,1,3,6,3,3,3,3
3,6,3,29,0.2,3,3,2,2,1,243.74,1,4,1,1,3,3,5,1,3,3,1
3,6,3,30,0.1,3,1,2,2,1,298.4,1,17,1,3,3,1,17,1,1,1,1
3,6,3,31,0.8,3,1,2,2,1,227.26,1,5,1,3,3,1,20,1,1,1,1
3,6,3,32,1.8,1,2,1,1,1,212.41,1,4,1,1,1,1,14,3,1,2,2
3,6,3,33,0.2,2,3,2,2,1,247.72,1,13,3,3,2,2,15,3,1,1,3
3,6,3,34,0.4,2,2,2,2,1,248.94,1,19,1,1,2,2,12,1,1,2,2
3,6,3,35,0.05,1,3,1,1,1,271.23,1,17,1,3,1,3,5,3,1,1,3
3,6,3,36,1.8,1,2,1,1,1,196.67,1,15,1,3,1,3,8,1,3,2,2
3,6,3,37,0.1,1,1,1,1,1,253.27,1,19,1,3,1,3,11,3,1,3,1
3,6,3,38,0.2,1,2,1,1,1,215.66,1,11,3,1,3,1,7,3,1,2,2
3,6,3,39,0.4,1,2,1,1,1,248.02,1,4,1,3,1,3,11,3,1,2,2
3,6,3,40,0.2,1,1,1,1,1,208.26,1,20,3,3,3,3,19,3,3,3,3
3,6,3,41,0.05,1,2,1,1,1,234.5,1,18,3,3,3,3,15,3,3,2,2
3,6,3,42,0.4,1,1,1,1,1,226.89,1,2,1,1,1,1,13,3,1,3,1
3,6,3,43,1.8,1,3,1,1,1,220.82,1,4,1,1,1,1,15,1,1,3,3
3,6,3,44,0.1,1,3,1,1,1,220.31,1,20,3,1,3,1,15,1,1,3,3
3,6,3,45,0.8,1,2,1,1,1,228.41,1,8,3,3,3,3,11,3,3,2,2
3,6,3,46,1.8,1,3,1,1,1,242.96,1,14,3,3,3,3,1,3,1,1,3
3,6,3,47,0.8,2,2,2,1,0,260.68,1,20,3,1,2,2,4,1,1,2,2
3,6,3,48,0.8,1,3,1,1,1,248.95,1,9,3,1,3,1,15,3,3,1,1
3,6,3,49,1.8,1,3,1,1,1,198.03,1,3,3,3,3,3,18,3,1,1,3
3,6,3,50,0.1,2,2,2,1,0,279.89,1,17,1,1,2,2,16,1,1,2,2
3,6,3,51,0.4,1,1,1,1,1,252.41,1,5,1,3,1,3,5,1,1,1,1
3,6,3,52,0.4,3,1,2,2,1,217.8,1,20,1,1,3,3,11,3,3,3,3
3,6,3,53,0.05,2,3,2,1,0,347.86,0,2,3,1,2,2,5,1,3,3,1
3,6,3,54,0.05,1,2,1,1,1,240.62,1,1,3,3,3,3,1,1,3,2,2
3,6,3,55,0.1,1,2,1,1,1,259.55,1,20,3,1,3,1,4,1,1,2,2
3,6,3,56,0.8,3,3,2,1,0,226.94,1,12,1,1,3,3,16,3,1,1,3
3,6,3,57,0.1,3,3,2,2,1,265.37,1,15,1,3,3,1,6,1,1,3,3
3,6,3,58,0.8,2,1,2,2,1,193.64,1,16,1,3,2,2,8,1,3,1,3
3,6,3,59,0.1,2,2,2,2,1,249.24,1,3,1,3,2,2,7,1,3,2,2
3,6,3,60,0.8,3,2,2,2,1,228.16,1,4,3,3,1,1,17,3,3,2,2
3,6,3,61,0.05,1,2,1,1,1,289.33,1,8,1,1,1,1,18,1,3,2,2
3,6,3,62,0.1,2,3,2,2,1,281.45,1,4,3,1,2,2,12,3,1,1,3
3,6,3,63,0.2,1,3,1,1,1,228.16,1,19,1,3,1,3,10,3,1,1,3
3,6,3,64,1.8,1,2,1,1,1,233.9,1,18,3,3,3,3,15,3,3,2,2
3,6,3,65,0.1,1,1,1,1,1,249.81,1,2,1,1,1,1,15,1,3,1,3
3,6,3,66,0.8,1,1,NaN,NaN,NaN,NaN,NaN,3,1,3,1,3,10,1,3,1,3
3,6,3,67,0.05,1,2,1,1,1,237.95,1,4,3,3,3,3,5,1,1,2,2
3,6,3,68,0.05,1,3,1,1,1,261.95,1,10,3,1,3,1,10,3,1,1,3
3,6,3,69,1.8,1,1,1,1,1,216.86,1,6,3,3,3,3,2,3,1,3,1
3,6,3,70,0.05,2,2,2,2,1,295.65,1,9,1,1,2,2,13,3,3,2,2
3,6,3,71,0.2,1,3,1,1,1,218.06,1,5,1,1,1,1,17,3,1,1,3
3,6,3,72,0.1,2,1,2,2,1,355.94,0,15,3,1,2,2,5,3,1,3,1
3,6,3,73,0.2,1,2,1,1,1,236.88,1,2,1,1,1,1,15,1,3,2,2
3,6,3,74,1.8,3,3,2,2,1,245.67,1,1,3,1,1,3,8,1,1,3,3
3,6,3,75,0.4,3,1,2,2,1,234.11,1,11,1,3,3,1,15,1,1,1,1
3,6,3,76,0.4,2,3,2,2,1,242.24,1,20,3,1,2,2,2,3,3,1,1
3,6,3,77,0.2,1,1,1,1,1,250.86,1,10,3,1,3,1,12,1,3,1,3
3,6,3,78,0.8,2,3,2,1,0,208.25,1,12,3,1,2,2,15,3,3,1,1
3,6,4,1,0.8,2,1,2,2,1,228.21,1,9,3,3,2,2,13,3,1,3,1
3,6,4,2,0.2,1,1,1,1,1,146.59,1,15,3,3,3,3,5,3,3,3,3
3,6,4,3,0.05,1,3,1,1,1,305.38,0,1,3,3,3,3,18,1,1,3,3
3,6,4,4,0.4,1,2,1,1,1,260.38,1,16,3,1,3,1,14,3,3,2,2
3,6,4,5,0.2,2,3,2,1,0,237.31,1,7,3,3,2,2,18,1,1,3,3
3,6,4,6,0.8,1,1,1,1,1,240.1,1,18,3,1,3,1,7,1,3,1,3
3,6,4,7,0.8,1,1,1,1,1,197.03,1,20,3,1,3,1,20,1,3,1,3
3,6,4,8,1.8,1,3,NaN,NaN,NaN,NaN,NaN,3,1,3,1,3,1,1,1,3,3
3,6,4,9,0.1,1,3,1,1,1,240.49,1,1,3,1,3,1,20,1,1,3,3
3,6,4,10,0.05,1,1,1,1,1,263.55,1,13,3,1,3,1,5,3,3,3,3
3,6,4,11,0.05,3,3,2,2,1,332.94,0,19,3,1,1,3,6,3,1,1,3
3,6,4,12,0.2,3,3,2,2,1,302.88,0,20,3,3,1,1,11,3,3,1,1
3,6,4,13,0.4,1,2,1,1,1,235.84,1,20,1,3,1,3,20,3,3,2,2
3,6,4,14,0.1,3,1,2,2,1,224.18,1,6,1,3,3,1,4,1,3,1,3
3,6,4,15,0.4,1,2,1,1,1,239.46,1,15,1,3,1,3,19,3,1,2,2
3,6,4,16,0.05,3,2,2,2,1,275.24,1,13,1,3,3,1,10,1,3,2,2
3,6,4,17,0.05,2,3,2,2,1,280.62,1,10,3,1,2,2,18,1,1,3,3
3,6,4,18,1.8,1,3,1,1,1,211.87,1,16,1,1,1,1,2,1,1,3,3
3,6,4,19,0.2,3,2,2,2,1,114.01,1,2,3,3,1,1,8,1,1,2,2
3,6,4,20,0.4,2,1,2,2,1,179.96,1,15,3,1,2,2,2,1,3,1,3
3,6,4,21,1.8,1,1,1,1,1,206.35,1,20,1,3,1,3,5,3,1,3,1
3,6,4,22,0.05,1,2,1,1,1,336.48,0,8,3,3,3,3,1,1,3,2,2
3,6,4,23,0.4,1,2,1,1,1,225.75,1,16,3,1,3,1,4,3,3,2,2
3,6,4,24,0.1,1,2,1,1,1,240.97,1,7,3,3,3,3,2,1,3,2,2
3,6,4,25,1.8,1,2,NaN,NaN,NaN,NaN,NaN,17,1,1,1,1,1,3,3,2,2
3,6,4,26,0.4,3,1,2,2,1,233.74,1,19,1,3,3,1,20,3,1,3,1
3,6,4,27,0.4,3,1,2,2,1,268.78,1,4,3,1,1,3,13,3,3,3,3
3,6,4,28,0.1,1,3,1,1,1,259.88,1,16,3,3,3,3,17,3,3,1,1
3,6,4,29,0.8,1,2,1,1,1,223.7,1,17,3,1,3,1,4,3,3,2,2
3,6,4,30,0.4,1,1,1,1,1,249.64,1,20,1,1,1,1,15,3,3,3,3
3,6,4,31,0.2,3,2,2,2,1,288.92,1,17,3,1,1,3,7,3,3,2,2
3,6,4,32,1.8,1,2,1,1,1,263.7,1,17,3,3,3,3,4,3,1,2,2
3,6,4,33,0.2,2,3,2,2,1,248.12,1,6,3,1,2,2,6,1,1,3,3
3,6,4,34,0.1,1,2,1,1,1,269.77,1,1,1,3,1,3,1,1,1,2,2
3,6,4,35,0.1,3,3,2,2,1,282.26,1,10,3,3,1,1,17,3,3,1,1
3,6,4,36,0.1,1,1,1,1,1,307.31,0,5,3,1,3,1,10,3,3,3,3
3,6,4,37,0.4,3,2,NaN,NaN,NaN,NaN,NaN,5,1,3,3,1,7,3,1,2,2
3,6,4,38,0.2,2,3,2,1,0,416.53,0,3,1,3,2,2,6,3,1,1,3
3,6,4,39,0.1,1,1,1,1,1,206.32,1,3,3,1,3,1,1,1,1,1,1
3,6,4,40,0.4,1,2,1,1,1,221.98,1,12,1,1,1,1,3,1,3,2,2
3,6,4,41,0.2,1,1,1,2,0,287.98,1,13,3,1,3,1,20,1,3,1,3
3,6,4,42,1.8,2,1,2,2,1,272.78,1,16,1,1,2,2,2,3,1,3,1
3,6,4,43,0.4,3,1,2,2,1,215.37,1,8,3,1,1,3,15,1,1,1,1
3,6,4,44,0.2,1,1,1,1,1,275.42,1,9,3,1,3,1,6,3,1,3,1
3,6,4,45,0.8,1,1,1,1,1,235.56,1,5,3,3,3,3,13,1,1,1,1
3,6,4,46,1.8,3,2,2,2,1,224.22,1,13,1,3,3,1,11,1,3,2,2
3,6,4,47,0.1,1,1,1,1,1,292.23,1,6,3,3,3,3,16,3,3,3,3
3,6,4,48,1.8,3,2,2,2,1,223.84,1,7,1,1,3,3,1,3,3,2,2
3,6,4,49,0.8,1,2,1,1,1,237.26,1,6,3,3,3,3,20,1,1,2,2
3,6,4,50,0.8,1,1,1,1,1,183.02,1,7,1,1,1,1,5,3,1,3,1
3,6,4,51,1.8,1,1,1,1,1,217.05,1,16,1,3,1,3,15,3,1,3,1
3,6,4,52,0.8,2,2,2,1,0,198.02,1,3,3,1,2,2,3,3,1,2,2
3,6,4,53,0.05,3,1,2,2,1,360.78,0,8,1,1,3,3,7,1,3,1,3
3,6,4,54,0.8,1,1,1,1,1,235.68,1,9,3,3,3,3,7,3,1,3,1
3,6,4,55,0.05,1,2,1,1,1,325,0,20,3,1,3,1,12,3,3,2,2
3,6,4,56,0.8,1,1,1,1,1,213.54,1,12,1,3,1,3,13,3,1,3,1
3,6,4,57,0.8,3,3,2,2,1,235.84,1,16,3,3,1,1,4,1,3,3,1
3,6,4,58,1.8,3,2,2,2,1,229.34,1,17,1,3,3,1,6,3,3,2,2
3,6,4,59,0.05,2,3,2,2,1,252.11,1,8,1,3,2,2,6,3,3,1,1
3,6,4,60,0.2,1,3,1,1,1,241.01,1,12,1,1,1,1,7,3,3,1,1
3,6,4,61,0.2,2,3,2,2,1,287.16,1,10,3,1,2,2,2,1,3,3,1
3,6,4,62,0.8,1,3,1,1,1,260.1,1,1,1,3,1,3,2,1,3,3,1
3,6,4,63,1.8,3,1,2,2,1,262.69,1,10,1,3,3,1,16,3,3,3,3
3,6,4,64,0.05,1,2,1,1,1,290.44,1,8,1,1,1,1,7,1,3,2,2
3,6,4,65,0.2,2,1,2,1,0,264.22,1,10,3,3,2,2,9,3,3,3,3
3,6,4,66,0.05,1,2,1,1,1,284.01,1,14,3,3,3,3,20,1,3,2,2
3,6,4,67,0.4,2,1,2,2,1,225.15,1,9,1,3,2,2,7,3,3,3,3
3,6,4,68,0.1,1,3,1,1,1,218.59,1,5,1,1,1,1,4,1,1,3,3
3,6,4,69,0.05,2,1,2,2,1,290.69,1,10,1,3,2,2,16,1,1,1,1
3,6,4,70,1.8,3,1,2,2,1,205.91,1,1,3,3,1,1,17,1,1,1,1
3,6,4,71,0.1,1,2,1,1,1,169.18,1,3,3,3,3,3,16,3,1,2,2
3,6,4,72,0.1,3,1,2,2,1,207.48,1,17,1,1,3,3,6,3,1,3,1
3,6,4,73,0.1,3,3,2,2,1,213.29,1,12,3,1,1,3,5,1,3,3,1
3,6,4,74,0.4,2,2,2,2,1,375.33,0,18,3,3,2,2,12,1,1,2,2
3,6,4,75,0.05,2,2,2,2,1,278.95,1,6,3,3,2,2,3,3,1,2,2
3,6,4,76,0.2,2,2,2,2,1,207.72,1,17,1,1,2,2,16,1,1,2,2
3,6,4,77,1.8,3,2,2,2,1,226.4,1,7,3,3,1,1,15,3,3,2,2
3,6,4,78,0.8,1,1,1,2,0,222.1,1,19,1,3,1,3,9,1,1,1,1
3,6,5,1,0.1,1,1,1,1,1,266.79,1,10,1,3,1,3,12,1,3,1,3
3,6,5,2,0.4,1,2,1,1,1,224.71,1,9,3,3,3,3,9,3,3,2,2
3,6,5,3,0.8,1,3,1,1,1,216.75,1,2,3,1,3,1,2,1,1,3,3
3,6,5,4,0.1,2,2,2,1,0,208.6,1,12,3,3,2,2,1,1,3,2,2
3,6,5,5,0.05,2,1,2,1,0,260.09,1,20,3,3,2,2,18,1,1,1,1
3,6,5,6,1.8,1,2,NaN,NaN,NaN,NaN,NaN,7,3,3,3,3,2,3,1,2,2
3,6,5,7,0.8,1,1,1,1,1,244.7,1,11,1,1,1,1,1,1,1,1,1
3,6,5,8,0.4,1,2,1,1,1,234.41,1,20,3,3,3,3,13,3,3,2,2
3,6,5,9,0.2,3,1,2,2,1,252.05,1,1,3,1,1,3,3,3,3,3,3
3,6,5,10,0.05,2,3,2,2,1,332.93,0,20,3,3,2,2,15,3,1,1,3
3,6,5,11,1.8,1,1,NaN,NaN,NaN,NaN,NaN,12,1,3,1,3,13,3,1,3,1
3,6,5,12,1.8,1,1,1,1,1,214.88,1,1,3,3,3,3,12,3,3,3,3
3,6,5,13,0.05,2,2,2,2,1,272.72,1,6,1,3,2,2,16,1,3,2,2
3,6,5,14,1.8,3,2,2,2,1,249.18,1,3,1,3,3,1,10,3,3,2,2
3,6,5,15,0.1,2,1,2,2,1,290.67,1,17,3,3,2,2,8,1,3,1,3
3,6,5,16,1.8,1,2,1,1,1,213.11,1,19,1,1,1,1,9,1,1,2,2
3,6,5,17,0.2,1,2,1,1,1,262.29,1,5,1,3,1,3,10,3,1,2,2
3,6,5,18,0.2,1,3,1,1,1,266.45,1,19,3,3,3,3,3,1,3,3,1
3,6,5,19,0.2,1,2,1,1,1,204.7,1,15,1,1,1,1,10,1,1,2,2
3,6,5,20,0.8,2,3,2,2,1,243.92,1,12,3,3,2,2,10,3,3,1,1
3,6,5,21,1.8,2,2,2,2,1,228.14,1,2,1,3,2,2,17,3,1,2,2
3,6,5,22,0.2,1,3,1,1,1,246.89,1,19,1,3,1,3,9,1,3,3,1
3,6,5,23,0.8,1,2,1,1,1,224.58,1,5,1,1,1,1,1,3,1,2,2
3,6,5,24,0.2,1,1,1,1,1,245.44,1,14,3,3,3,3,13,3,3,3,3
3,6,5,25,0.1,1,3,1,1,1,252.73,1,20,1,1,1,1,6,1,3,3,1
3,6,5,26,0.2,2,2,2,2,1,265.52,1,4,3,1,2,2,7,3,1,2,2
3,6,5,27,0.8,1,3,1,1,1,211.24,1,5,3,1,3,1,7,1,3,3,1
3,6,5,28,0.4,1,3,1,1,1,242.78,1,19,1,3,1,3,11,1,3,3,1
3,6,5,29,0.05,1,1,1,1,1,249.22,1,14,1,1,1,1,10,3,3,3,3
3,6,5,30,0.05,3,1,2,2,1,332.72,0,13,3,3,1,1,3,3,3,3,3
3,6,5,31,1.8,2,1,2,2,1,201.2,1,16,1,1,2,2,18,3,3,3,3
3,6,5,32,0.2,1,2,1,1,1,257.61,1,12,1,3,1,3,5,1,1,2,2
3,6,5,33,0.1,3,2,2,2,1,234.65,1,10,1,1,3,3,7,3,3,2,2
3,6,5,34,0.2,3,3,2,2,1,213.4,1,9,3,1,1,3,9,1,3,3,1
3,6,5,35,0.4,1,1,1,1,1,214.3,1,13,1,1,1,1,13,3,1,3,1
3,6,5,36,0.05,2,3,2,2,1,256.47,1,3,3,1,2,2,17,3,3,1,1
3,6,5,37,0.2,3,3,2,2,1,278.87,1,5,1,3,3,1,19,3,1,1,3
3,6,5,38,0.8,2,2,2,2,1,257.89,1,8,3,3,2,2,18,3,3,2,2
3,6,5,39,0.8,3,2,2,1,0,264.47,1,12,1,1,3,3,2,3,1,2,2
3,6,5,40,0.05,2,3,2,2,1,283.52,1,7,1,1,2,2,14,1,1,3,3
3,6,5,41,0.4,1,1,1,1,1,244.93,1,1,3,3,3,3,11,1,1,1,1
3,6,5,42,0.8,1,1,1,1,1,191.94,1,3,1,1,1,1,9,1,1,1,1
3,6,5,43,0.8,1,2,1,1,1,224.39,1,20,3,3,3,3,6,3,3,2,2
3,6,5,44,0.4,1,2,1,1,1,210.61,1,7,1,3,1,3,6,1,3,2,2
3,6,5,45,0.1,3,1,2,2,1,236.19,1,5,3,1,1,3,12,3,1,3,1
3,6,5,46,0.1,1,1,1,1,1,248.89,1,10,3,1,3,1,1,3,1,3,1
3,6,5,47,0.4,3,2,2,2,1,215.78,1,8,1,3,3,1,8,1,3,2,2
3,6,5,48,0.4,1,3,1,1,1,230.56,1,3,3,1,3,1,19,1,1,3,3
3,6,5,49,1.8,1,2,1,1,1,193.72,1,9,1,1,1,1,4,3,1,2,2
3,6,5,50,0.2,3,2,2,2,1,258.06,1,14,3,1,1,3,14,1,3,2,2
3,6,5,51,0.05,1,2,1,1,1,318.17,0,10,3,3,3,3,16,1,1,2,2
3,6,5,52,0.8,3,1,2,2,1,249.34,1,16,1,3,3,1,7,1,3,1,3
3,6,5,53,1.8,3,3,2,2,1,193.32,1,13,1,3,3,1,6,3,1,1,3
3,6,5,54,0.05,1,2,1,1,1,243.57,1,4,1,1,1,1,13,1,1,2,2
3,6,5,55,0.05,3,2,2,2,1,323.01,0,8,3,1,1,3,18,3,1,2,2
3,6,5,56,0.4,1,1,1,1,1,197.64,1,14,3,1,3,1,6,3,1,3,1
3,6,5,57,0.8,1,2,1,1,1,198.74,1,2,1,1,1,1,12,3,3,2,2
3,6,5,58,0.8,3,1,2,2,1,209.94,1,7,3,3,1,1,11,1,3,1,3
3,6,5,59,0.1,1,1,1,1,1,220.65,1,6,1,1,1,1,6,3,1,3,1
3,6,5,60,1.8,1,2,1,1,1,207.83,1,18,1,1,1,1,14,3,3,2,2
3,6,5,61,1.8,2,2,2,2,1,199.03,1,4,1,1,2,2,17,1,3,2,2
3,6,5,62,0.1,2,2,2,2,1,307.73,0,16,1,3,2,2,3,1,1,2,2
3,6,5,63,0.4,1,2,1,1,1,227.55,1,19,3,3,3,3,4,3,3,2,2
3,6,5,64,0.05,3,3,2,2,1,301.39,0,7,1,3,3,1,13,1,3,3,1
3,6,5,65,0.05,1,2,1,1,1,252.78,1,16,3,3,3,3,7,1,1,2,2
3,6,5,66,0.4,3,3,2,2,1,215.38,1,19,3,3,1,1,12,3,1,1,3
3,6,5,67,0.1,1,1,1,1,1,188.23,1,3,1,3,1,3,4,3,1,3,1
3,6,5,68,0.4,3,3,2,2,1,218.94,1,3,3,3,1,1,2,3,3,1,1
3,6,5,69,0.1,1,1,1,1,1,232.69,1,16,3,1,3,1,3,1,3,1,3
3,6,5,70,0.4,2,2,2,2,1,214.98,1,13,3,3,2,2,12,1,1,2,2
3,6,5,71,0.1,2,1,2,1,0,277.51,1,16,3,3,2,2,9,1,3,1,3
3,6,5,72,0.2,3,1,2,2,1,270.61,1,5,1,1,3,3,12,1,1,1,1
3,6,5,73,0.8,1,1,1,1,1,246.33,1,10,1,1,1,1,13,1,3,1,3
3,6,5,74,1.8,2,3,NaN,NaN,NaN,NaN,NaN,10,3,1,2,2,15,3,1,1,3
3,6,5,75,0.05,1,1,1,1,1,264.34,1,18,1,3,1,3,10,3,3,3,3
3,6,5,76,0.1,3,2,2,2,1,301.25,0,1,3,3,1,1,13,3,1,2,2
3,6,5,77,1.8,2,3,2,2,1,225.54,1,15,3,3,2,2,13,1,3,3,1
3,6,5,78,0.2,2,2,2,2,1,317.74,0,2,3,1,2,2,5,3,1,2,2
3,6,6,1,1.8,1,3,1,2,0,227.85,1,5,1,1,1,1,11,3,1,1,3
3,6,6,2,0.4,3,2,2,2,1,277.13,1,20,3,1,1,3,12,1,3,2,2
3,6,6,3,0.2,1,3,1,1,1,141.98,1,1,3,1,3,1,4,3,1,1,3
3,6,6,4,0.8,1,1,1,1,1,247.38,1,13,3,3,3,3,5,1,1,1,1
3,6,6,5,1.8,1,2,1,1,1,267.79,1,19,3,1,3,1,2,1,1,2,2
3,6,6,6,0.05,1,3,1,1,1,248.26,1,10,1,1,1,1,16,1,3,3,1
3,6,6,7,0.2,1,3,1,1,1,236.63,1,1,1,1,1,1,6,1,1,3,3
3,6,6,8,0.2,2,2,2,2,1,287.82,1,10,3,3,2,2,10,1,3,2,2
3,6,6,9,0.1,2,1,2,2,1,266.18,1,2,3,1,2,2,11,3,1,3,1
3,6,6,10,1.8,2,3,2,2,1,194.29,1,8,3,1,2,2,13,1,1,3,3
3,6,6,11,0.05,3,2,2,2,1,277.84,1,9,3,3,1,1,7,3,3,2,2
3,6,6,12,0.05,2,1,2,2,1,274.43,1,14,3,1,2,2,20,1,3,1,3
3,6,6,13,0.8,1,3,1,2,0,226.05,1,20,1,1,1,1,20,3,1,1,3
3,6,6,14,0.1,2,2,2,2,1,264.19,1,10,3,1,2,2,15,3,1,2,2
3,6,6,15,0.1,1,3,1,2,0,252.76,1,11,1,1,1,1,18,3,3,1,1
3,6,6,16,0.8,1,3,1,1,1,232.67,1,17,1,1,1,1,16,1,3,3,1
3,6,6,17,0.1,3,1,2,2,1,247.33,1,7,3,3,1,1,3,3,3,3,3
3,6,6,18,0.4,1,2,1,1,1,211.27,1,11,1,1,1,1,16,3,3,2,2
3,6,6,19,0.1,1,1,1,1,1,252.97,1,1,1,3,1,3,4,3,3,3,3
3,6,6,20,0.1,1,3,1,2,0,304.64,0,4,3,1,3,1,13,1,1,3,3
3,6,6,21,0.1,1,2,1,1,1,257,1,11,3,3,3,3,16,3,3,2,2
3,6,6,22,0.2,3,2,2,2,1,219.13,1,4,1,3,3,1,6,1,3,2,2
3,6,6,23,1.8,1,3,1,1,1,191.26,1,5,1,1,1,1,6,3,1,1,3
3,6,6,24,0.05,1,3,1,1,1,216.84,1,15,1,3,1,3,6,3,1,1,3
3,6,6,25,0.2,2,2,2,2,1,108.22,1,8,1,3,2,2,18,3,1,2,2
3,6,6,26,0.05,3,1,2,2,1,258.42,1,19,1,3,3,1,13,3,1,3,1
3,6,6,27,0.4,1,3,NaN,NaN,NaN,NaN,NaN,15,3,3,3,3,6,3,1,1,3
3,6,6,28,0.4,1,2,1,1,1,212.36,1,3,1,1,1,1,14,1,3,2,2
3,6,6,29,0.8,1,3,1,2,0,223.44,1,15,1,1,1,1,7,3,3,1,1
3,6,6,30,1.8,1,1,1,1,1,210.73,1,13,1,3,1,3,11,1,3,1,3
3,6,6,31,0.8,3,1,NaN,NaN,NaN,NaN,NaN,18,3,3,1,1,9,3,1,3,1
3,6,6,32,0.05,1,1,1,1,1,353.79,0,19,1,3,1,3,2,3,3,3,3
3,6,6,33,0.2,2,2,2,2,1,303.74,0,17,1,3,2,2,18,3,1,2,2
3,6,6,34,0.2,2,3,2,2,1,231.24,1,18,1,1,2,2,12,1,1,3,3
3,6,6,35,0.05,1,1,1,1,1,260.05,1,16,1,1,1,1,13,1,3,1,3
3,6,6,36,0.2,1,2,1,1,1,182.43,1,12,3,3,3,3,2,3,3,2,2
3,6,6,37,0.8,3,3,2,2,1,230.81,1,3,3,3,1,1,6,3,1,1,3
3,6,6,38,0.2,1,3,1,1,1,242.18,1,5,3,3,3,3,4,1,3,3,1
3,6,6,39,0.05,1,1,1,1,1,258.88,1,17,3,3,3,3,13,1,3,1,3
3,6,6,40,0.4,2,2,2,2,1,242.07,1,2,3,3,2,2,17,1,3,2,2
3,6,6,41,1.8,3,1,2,2,1,175.85,1,14,3,3,1,1,11,3,1,3,1
3,6,6,42,0.4,2,1,2,1,0,254.85,1,17,1,3,2,2,20,3,1,3,1
3,6,6,43,0.1,1,1,1,1,1,231.82,1,9,3,1,3,1,11,3,1,3,1
3,6,6,44,0.8,2,3,2,2,1,229.08,1,19,1,1,2,2,13,1,3,3,1
3,6,6,45,1.8,3,2,2,2,1,223.15,1,19,1,1,3,3,4,1,1,2,2
3,6,6,46,0.05,2,3,2,2,1,356.71,0,11,1,1,2,2,7,1,3,3,1
3,6,6,47,0.4,1,1,1,1,1,242.63,1,2,1,3,1,3,6,3,1,3,1
3,6,6,48,0.1,1,2,1,1,1,301.01,0,7,3,1,3,1,15,3,3,2,2
3,6,6,49,0.1,2,1,2,1,0,370.4,0,10,3,3,2,2,2,1,1,1,1
3,6,6,50,1.8,1,2,NaN,NaN,NaN,NaN,NaN,20,3,1,3,1,11,1,1,2,2
3,6,6,51,0.4,1,3,1,1,1,242.65,1,17,3,1,3,1,15,1,1,3,3
3,6,6,52,0.1,2,3,2,2,1,277.47,1,20,1,3,2,2,18,3,1,1,3
3,6,6,53,0.4,3,2,2,2,1,21.701,2,8,1,1,3,3,4,3,3,2,2
3,6,6,54,0.05,3,2,2,2,1,295.91,1,20,1,1,3,3,6,1,3,2,2
3,6,6,55,0.4,1,2,1,1,1,259.65,1,10,3,3,3,3,4,1,3,2,2
3,6,6,56,0.8,1,2,1,1,1,238.82,1,15,1,3,1,3,3,3,1,2,2
3,6,6,57,1.8,1,2,1,1,1,219.64,1,3,3,3,3,3,12,3,3,2,2
3,6,6,58,0.8,2,3,2,1,0,249.96,1,3,3,1,2,2,1,3,3,1,1
3,6,6,59,1.8,1,2,1,1,1,226.39,1,3,1,1,1,1,6,3,1,2,2
3,6,6,60,0.4,3,1,2,2,1,242.33,1,16,3,3,1,1,15,3,1,3,1
3,6,6,61,0.1,1,2,1,1,1,294.38,1,8,3,1,3,1,11,1,1,2,2
3,6,6,62,0.2,3,2,2,2,1,265.08,1,15,1,1,3,3,10,3,1,2,2
3,6,6,63,1.8,2,1,2,2,1,236.63,1,16,1,3,2,2,5,1,3,1,3
3,6,6,64,0.05,2,3,2,2,1,281.71,1,11,3,3,2,2,1,3,1,1,3
3,6,6,65,0.1,3,2,2,2,1,223.07,1,18,1,3,3,1,5,3,3,2,2
3,6,6,66,0.8,1,2,1,1,1,223.58,1,11,1,1,1,1,17,1,3,2,2
3,6,6,67,0.2,3,3,2,2,1,170.6,1,19,3,1,1,3,9,1,1,3,3
3,6,6,68,0.05,1,3,1,2,0,393.61,0,1,1,1,1,1,11,1,1,3,3
3,6,6,69,0.8,1,2,1,1,1,241.24,1,19,3,3,3,3,5,1,3,2,2
3,6,6,70,0.4,2,2,2,2,1,223.71,1,17,1,3,2,2,5,3,1,2,2
3,6,6,71,0.8,1,2,1,1,1,235,1,18,3,3,3,3,17,3,1,2,2
3,6,6,72,0.2,1,2,1,1,1,260.01,1,8,3,1,3,1,2,3,1,2,2
3,6,6,73,0.05,3,1,2,2,1,300.71,0,17,3,3,1,1,19,3,1,3,1
3,6,6,74,1.8,1,2,1,1,1,221.09,1,9,1,1,1,1,3,1,3,2,2
3,6,6,75,0.2,1,1,1,1,1,258.1,1,14,3,3,3,3,7,3,3,3,3
3,6,6,76,0.8,3,2,2,2,1,235.53,1,11,3,3,1,1,9,1,1,2,2
3,6,6,77,0.4,3,1,2,2,1,205.88,1,3,1,1,3,3,5,3,3,3,3
3,6,6,78,1.8,1,1,1,1,1,234.06,1,18,1,3,1,3,3,3,3,3,3
3,6,7,1,0.05,3,1,2,2,1,309.01,0,17,3,1,1,3,4,1,3,1,3
3,6,7,2,1.8,1,2,1,1,1,222.39,1,5,3,1,3,1,2,1,3,2,2
3,6,7,3,1.8,3,3,NaN,NaN,NaN,NaN,NaN,18,3,3,1,1,6,3,3,1,1
3,6,7,4,1.8,1,3,1,1,1,189.19,1,9,3,3,3,3,16,3,3,1,1
3,6,7,5,0.8,3,1,2,2,1,393.46,0,20,3,3,1,1,10,3,3,3,3
3,6,7,6,0.1,3,2,2,2,1,272.12,1,13,3,3,1,1,15,1,3,2,2
3,6,7,7,0.8,3,2,2,2,1,238.56,1,11,1,3,3,1,19,3,3,2,2
3,6,7,8,0.1,1,2,1,2,0,243.23,1,13,3,1,3,1,10,1,1,2,2
3,6,7,9,0.8,1,2,1,1,1,248.42,1,2,3,1,3,1,5,1,3,2,2
3,6,7,10,0.1,3,2,2,2,1,245.61,1,19,1,1,3,3,4,1,3,2,2
3,6,7,11,0.2,3,2,2,2,1,251.83,1,18,3,1,1,3,6,3,3,2,2
3,6,7,12,0.1,1,2,1,1,1,211.35,1,7,1,3,1,3,8,3,3,2,2
3,6,7,13,1.8,3,3,2,2,1,246.21,1,20,3,1,1,3,2,3,3,1,1
3,6,7,14,1.8,2,2,2,1,0,255.71,1,7,3,3,2,2,12,3,1,2,2
3,6,7,15,0.2,2,1,2,2,1,236.07,1,3,3,3,2,2,16,3,3,3,3
3,6,7,16,0.8,1,3,1,1,1,239.48,1,8,1,1,1,1,15,3,3,1,1
3,6,7,17,0.2,2,2,2,2,1,269.42,1,18,1,3,2,2,6,1,1,2,2
3,6,7,18,0.4,1,2,1,1,1,290.18,1,11,1,3,1,3,19,3,3,2,2
3,6,7,19,0.8,2,1,2,2,1,211.07,1,17,1,3,2,2,3,3,1,3,1
3,6,7,20,0.4,2,3,2,2,1,220.35,1,6,3,3,2,2,13,1,1,3,3
3,6,7,21,0.1,1,2,1,1,1,243.64,1,18,3,3,3,3,9,3,3,2,2
3,6,7,22,0.05,1,1,1,1,1,281.08,1,13,3,1,3,1,18,1,3,1,3
3,6,7,23,0.4,1,2,1,1,1,255.08,1,7,3,1,3,1,7,3,1,2,2
3,6,7,24,0.1,2,2,2,1,0,283.13,1,5,3,3,2,2,9,3,1,2,2
3,6,7,25,0.1,1,3,1,2,0,279.08,1,15,3,3,3,3,12,3,3,1,1
3,6,7,26,0.4,2,2,2,2,1,303.09,0,3,1,1,2,2,7,1,3,2,2
3,6,7,27,1.8,3,2,2,2,1,209.44,1,5,3,1,1,3,9,1,3,2,2
3,6,7,28,0.2,1,2,1,1,1,248.49,1,12,1,3,1,3,9,3,3,2,2
3,6,7,29,0.05,1,3,1,1,1,265.1,1,1,3,3,3,3,13,1,1,3,3
3,6,7,30,0.05,3,3,2,2,1,261.15,1,8,1,3,3,1,10,1,3,3,1
3,6,7,31,0.2,3,3,2,2,1,244.65,1,14,3,3,1,1,6,3,1,1,3
3,6,7,32,0.05,1,2,1,1,1,244.78,1,3,1,1,1,1,14,3,3,2,2
3,6,7,33,0.4,3,1,2,2,1,223.74,1,17,3,1,1,3,8,3,1,3,1
3,6,7,34,0.1,3,3,2,2,1,236.74,1,9,3,1,1,3,16,1,1,3,3
3,6,7,35,0.8,1,2,1,1,1,224.63,1,11,1,1,1,1,1,1,3,2,2
3,6,7,36,0.1,3,3,2,2,1,232.09,1,13,1,1,3,3,2,1,3,3,1
3,6,7,37,0.2,2,2,2,2,1,240.27,1,10,3,1,2,2,15,1,1,2,2
3,6,7,38,0.2,1,1,1,1,1,254.11,1,16,1,1,1,1,7,3,3,3,3
3,6,7,39,0.8,1,3,1,1,1,202.1,1,20,3,3,3,3,18,3,3,1,1
3,6,7,40,0.1,2,3,2,2,1,286.14,1,10,3,3,2,2,8,1,3,3,1
3,6,7,41,0.4,3,1,2,2,1,237.78,1,20,3,1,1,3,1,1,3,1,3
3,6,7,42,0.8,3,2,2,2,1,231.9,1,17,3,3,1,1,18,3,3,2,2
3,6,7,43,0.8,3,2,2,2,1,217.77,1,6,3,1,1,3,10,3,3,2,2
3,6,7,44,0.05,3,2,2,2,1,288.62,1,13,1,3,3,1,14,3,3,2,2
3,6,7,45,0.8,2,3,2,2,1,219.67,1,7,1,1,2,2,9,1,3,3,1
3,6,7,46,0.05,2,3,2,2,1,262.6,1,10,3,3,2,2,18,1,3,3,1
3,6,7,47,0.05,1,3,1,1,1,513.45,0,2,1,1,1,1,4,3,1,1,3
3,6,7,48,0.1,3,1,2,2,1,254.57,1,20,3,3,1,1,10,1,1,1,1
3,6,7,49,0.4,2,2,2,2,1,186.26,1,17,3,3,2,2,2,1,1,2,2
3,6,7,50,0.05,3,2,2,2,1,270.2,1,6,3,3,1,1,10,1,1,2,2
3,6,7,51,0.4,1,2,1,1,1,207.05,1,3,3,1,3,1,15,1,1,2,2
3,6,7,52,1.8,2,3,2,2,1,200.25,1,9,1,3,2,2,3,1,1,3,3
3,6,7,53,0.05,3,2,2,2,1,262.75,1,15,1,1,3,3,9,1,1,2,2
3,6,7,54,1.8,1,1,1,1,1,221.25,1,15,1,1,1,1,6,1,1,1,1
3,6,7,55,0.1,1,1,1,1,1,251.02,1,2,3,3,3,3,10,3,1,3,1
3,6,7,56,0.8,2,3,2,2,1,199.79,1,8,3,1,2,2,14,1,1,3,3
3,6,7,57,0.4,2,3,2,1,0,245.01,1,10,1,1,2,2,15,1,1,3,3
3,6,7,58,0.4,1,1,1,1,1,237.87,1,20,3,3,3,3,1,1,1,1,1
3,6,7,59,0.05,2,3,2,2,1,302.41,0,14,3,1,2,2,15,3,1,1,3
3,6,7,60,0.05,2,1,2,2,1,246.37,1,9,1,1,2,2,3,1,1,1,1
3,6,7,61,0.2,3,2,2,2,1,147.27,1,14,1,3,3,1,6,1,1,2,2
3,6,7,62,1.8,1,1,1,2,0,229.46,1,8,1,3,1,3,11,3,1,3,1
3,6,7,63,0.1,2,3,2,2,1,210.58,1,7,1,3,2,2,11,1,3,3,1
3,6,7,64,0.2,2,3,2,2,1,237.83,1,14,3,1,2,2,5,3,1,1,3
3,6,7,65,1.8,2,3,NaN,NaN,NaN,NaN,NaN,2,3,1,2,2,3,3,3,1,1
3,6,7,66,0.8,3,3,2,2,1,231.97,1,1,1,1,3,3,13,1,1,3,3
3,6,7,67,0.2,1,2,1,1,1,279.84,1,7,3,3,3,3,1,1,1,2,2
3,6,7,68,1.8,2,2,2,1,0,221.07,1,10,3,1,2,2,9,1,3,2,2
3,6,7,69,0.4,1,3,1,1,1,253.59,1,10,1,1,1,1,18,3,1,1,3
3,6,7,70,0.2,2,3,2,2,1,256.58,1,18,3,1,2,2,4,3,1,1,3
3,6,7,71,0.2,1,2,1,1,1,216.24,1,13,1,3,1,3,19,3,3,2,2
3,6,7,72,0.8,1,1,1,1,1,225.93,1,13,3,3,3,3,16,3,3,3,3
3,6,7,73,1.8,1,2,1,1,1,197.74,1,7,1,3,1,3,11,1,1,2,2
3,6,7,74,1.8,3,2,2,2,1,225.81,1,19,3,3,1,1,12,3,1,2,2
3,6,7,75,0.4,2,2,2,2,1,-14.969,2,11,3,1,2,2,5,3,3,2,2
3,6,7,76,0.05,2,2,2,2,1,291.36,1,6,3,3,2,2,14,1,1,2,2
3,6,7,77,0.2,1,2,1,1,1,265.35,1,3,3,1,3,1,10,3,1,2,2
3,6,7,78,0.4,1,2,1,1,1,249.8,1,12,3,1,3,1,11,3,1,2,2
3,6,8,1,1.8,2,3,2,2,1,239.39,1,20,3,1,2,2,17,3,1,1,3
3,6,8,2,0.05,1,2,1,1,1,258.4,1,10,3,1,3,1,7,1,3,2,2
3,6,8,3,0.1,1,1,1,1,1,266.13,1,11,3,1,3,1,6,3,3,3,3
3,6,8,4,0.4,3,2,2,2,1,246.31,1,14,3,3,1,1,18,1,3,2,2
3,6,8,5,1.8,1,2,1,1,1,206.33,1,13,1,3,1,3,20,3,1,2,2
3,6,8,6,0.4,3,2,2,2,1,309.77,0,11,3,3,1,1,18,1,3,2,2
3,6,8,7,1.8,3,2,2,2,1,253.37,1,13,3,1,1,3,5,3,1,2,2
3,6,8,8,1.8,1,1,1,1,1,234.24,1,15,3,3,3,3,15,3,1,3,1
3,6,8,9,0.05,2,2,2,1,0,380.48,0,18,3,1,2,2,13,3,1,2,2
3,6,8,10,0.2,1,3,1,1,1,222.7,1,6,3,3,3,3,1,3,1,1,3
3,6,8,11,0.05,3,3,2,2,1,342.3,0,16,1,3,3,1,2,1,1,3,3
3,6,8,12,0.4,1,3,1,1,1,149.78,1,10,3,3,3,3,2,1,3,3,1
3,6,8,13,0.8,2,3,2,1,0,236.15,1,7,1,3,2,2,1,1,3,3,1
3,6,8,14,0.1,1,3,1,1,1,228.56,1,20,1,1,1,1,3,3,1,1,3
3,6,8,15,0.05,1,2,1,1,1,260.73,1,15,1,1,1,1,19,3,3,2,2
3,6,8,16,0.8,1,2,1,1,1,213.34,1,4,1,1,1,1,19,1,3,2,2
3,6,8,17,1.8,1,1,1,1,1,211.84,1,16,1,1,1,1,8,1,3,1,3
3,6,8,18,0.1,1,2,1,1,1,224.78,1,1,3,1,3,1,15,3,3,2,2
3,6,8,19,0.4,1,3,1,1,1,228.94,1,2,3,1,3,1,15,1,1,3,3
3,6,8,20,0.05,1,3,1,1,1,261.17,1,20,3,3,3,3,5,3,1,1,3
3,6,8,21,0.05,1,2,1,1,1,327.94,0,20,1,1,1,1,12,1,3,2,2
3,6,8,22,0.05,1,3,1,1,1,239.07,1,14,1,1,1,1,3,3,1,1,3
3,6,8,23,0.2,1,2,1,1,1,91.051,2,5,1,3,1,3,11,3,1,2,2
3,6,8,24,0.4,3,2,2,2,1,259.42,1,7,3,3,1,1,5,1,1,2,2
3,6,8,25,0.8,2,1,2,2,1,238.88,1,13,3,1,2,2,16,3,1,3,1
3,6,8,26,0.05,1,3,1,1,1,287.73,1,5,1,3,1,3,1,1,3,3,1
3,6,8,27,0.8,1,3,NaN,NaN,NaN,NaN,NaN,13,1,3,1,3,5,1,3,3,1
3,6,8,28,1.8,2,3,2,2,1,219.05,1,20,1,1,2,2,11,3,1,1,3
3,6,8,29,0.8,1,1,1,1,1,222.18,1,20,3,1,3,1,6,3,1,3,1
3,6,8,30,0.05,1,2,1,1,1,269.68,1,19,1,1,1,1,20,3,1,2,2
3,6,8,31,0.1,1,1,1,1,1,236.64,1,15,1,3,1,3,8,3,1,3,1
3,6,8,32,0.1,3,2,2,2,1,279.37,1,5,3,1,1,3,19,1,1,2,2
3,6,8,33,0.8,3,1,2,2,1,252.97,1,2,1,3,3,1,13,3,1,3,1
3,6,8,34,0.8,1,3,1,1,1,264.61,1,18,3,1,3,1,14,3,3,1,1
3,6,8,35,0.2,3,1,2,2,1,254.82,1,8,1,3,3,1,1,1,3,1,3
3,6,8,36,0.4,2,3,2,2,1,228.88,1,14,3,1,2,2,8,1,3,3,1
3,6,8,37,0.1,2,3,2,2,1,292.29,1,4,1,1,2,2,12,3,3,1,1
3,6,8,38,0.8,1,2,1,1,1,224.15,1,15,3,3,3,3,10,1,3,2,2
3,6,8,39,0.2,1,1,1,1,1,241.37,1,2,3,3,3,3,10,3,1,3,1
3,6,8,40,1.8,1,2,1,1,1,229.92,1,12,3,3,3,3,11,1,1,2,2
3,6,8,41,0.4,1,1,1,1,1,231.41,1,16,3,3,3,3,3,1,3,1,3
3,6,8,42,0.2,3,2,2,2,1,225.02,1,10,3,1,1,3,19,3,3,2,2
3,6,8,43,0.8,1,3,1,1,1,190.05,1,17,3,3,3,3,6,3,3,1,1
3,6,8,44,0.2,1,3,1,1,1,228.2,1,15,1,1,1,1,9,1,3,3,1
3,6,8,45,0.4,3,1,2,2,1,246.18,1,4,3,1,1,3,15,3,1,3,1
3,6,8,46,0.1,3,2,2,2,1,303.23,0,15,1,3,3,1,11,1,3,2,2
3,6,8,47,1.8,2,1,2,2,1,279.64,1,16,3,1,2,2,16,1,3,1,3
3,6,8,48,0.1,1,3,1,1,1,250.68,1,5,1,3,1,3,1,1,1,3,3
3,6,8,49,0.2,3,3,2,2,1,236.85,1,3,3,3,1,1,7,1,3,3,1
3,6,8,50,0.2,3,2,2,2,1,258.53,1,7,3,3,1,1,9,3,3,2,2
3,6,8,51,0.05,3,1,2,2,1,295.41,1,6,1,3,3,1,14,1,1,1,1
3,6,8,52,1.8,2,1,2,2,1,205.46,1,19,1,3,2,2,15,1,3,1,3
3,6,8,53,0.2,3,2,2,1,0,232.56,1,12,3,3,1,1,10,1,1,2,2
3,6,8,54,0.8,1,1,1,1,1,272.55,1,5,1,1,1,1,12,3,1,3,1
3,6,8,55,0.8,2,1,2,1,0,235.05,1,18,1,3,2,2,2,1,1,1,1
3,6,8,56,1.8,2,2,2,2,1,200.42,1,20,3,3,2,2,17,3,3,2,2
3,6,8,57,0.2,1,2,1,1,1,232.8,1,1,1,1,1,1,14,3,3,2,2
3,6,8,58,0.2,3,2,2,2,1,290.49,1,1,1,1,3,3,9,3,3,2,2
3,6,8,59,0.05,3,1,2,2,1,286.4,1,6,3,3,1,1,20,1,3,1,3
3,6,8,60,1.8,2,2,2,2,1,209.48,1,18,3,3,2,2,5,1,1,2,2
3,6,8,61,0.4,3,3,2,2,1,226.02,1,3,1,1,3,3,19,1,3,3,1
3,6,8,62,0.2,2,1,2,2,1,296.79,1,18,3,1,2,2,2,3,3,3,3
3,6,8,63,0.4,1,1,1,1,1,261.6,1,14,1,1,1,1,20,1,1,1,1
3,6,8,64,0.1,1,1,1,1,1,305.74,0,7,3,1,3,1,12,1,3,1,3
3,6,8,65,0.05,2,3,2,2,1,342.67,0,10,3,3,2,2,6,3,1,1,3
3,6,8,66,1.8,1,1,1,1,1,216.99,1,8,3,3,3,3,4,3,3,3,3
3,6,8,67,0.4,3,2,2,2,1,257.14,1,10,3,3,1,1,6,1,1,2,2
3,6,8,68,0.05,3,2,2,2,1,302.31,0,19,3,3,1,1,1,1,1,2,2
3,6,8,69,0.1,1,3,1,1,1,205.42,1,10,3,1,3,1,17,1,3,3,1
3,6,8,70,0.8,1,1,1,1,1,209.44,1,5,3,3,3,3,6,3,3,3,3
3,6,8,71,0.4,1,3,1,1,1,195.79,1,14,3,3,3,3,11,1,3,3,1
3,6,8,72,0.2,2,3,2,2,1,247.66,1,9,3,1,2,2,16,1,3,3,1
3,6,8,73,0.1,1,3,1,1,1,201.17,1,16,3,3,3,3,19,3,1,1,3
3,6,8,74,0.4,1,2,1,1,1,186.7,1,17,3,1,3,1,20,1,1,2,2
3,6,8,75,0.8,2,3,2,2,1,210.27,1,4,3,3,2,2,17,1,1,3,3
3,6,8,76,0.1,1,1,1,1,1,221.52,1,11,1,3,1,3,13,3,1,3,1
3,6,8,77,1.8,2,2,2,2,1,216.91,1,11,1,3,2,2,12,3,3,2,2
3,6,8,78,0.1,3,1,2,2,1,232.13,1,9,1,3,3,1,19,3,1,3,1
3,6,9,1,0.2,3,2,2,2,1,146.34,1,1,3,3,1,1,18,1,3,2,2
3,6,9,2,0.2,1,1,1,1,1,251.57,1,8,3,3,3,3,14,3,1,3,1
3,6,9,3,0.8,1,1,1,1,1,194.79,1,16,1,3,1,3,14,3,1,3,1
3,6,9,4,0.2,2,1,2,2,1,240.15,1,5,3,3,2,2,17,3,1,3,1
3,6,9,5,0.8,1,3,1,1,1,215.13,1,18,3,3,3,3,18,3,1,1,3
3,6,9,6,0.05,2,2,2,1,0,287.28,1,4,3,3,2,2,15,1,3,2,2
3,6,9,7,1.8,1,2,1,1,1,210.26,1,20,1,3,1,3,17,3,3,2,2
3,6,9,8,0.4,1,1,1,1,1,177.05,1,9,1,1,1,1,12,3,3,3,3
3,6,9,9,0.1,2,3,2,2,1,401.86,0,9,1,3,2,2,3,1,1,3,3
3,6,9,10,0.2,3,1,2,2,1,230.1,1,18,3,1,1,3,8,3,3,3,3
3,6,9,11,0.1,3,2,2,2,1,214.67,1,15,1,1,3,3,13,3,1,2,2
3,6,9,12,0.8,2,1,2,1,0,250.31,1,12,3,3,2,2,4,1,3,1,3
3,6,9,13,0.05,2,1,2,1,0,302.55,0,12,1,3,2,2,15,3,3,3,3
3,6,9,14,0.1,1,1,1,1,1,238.98,1,10,1,1,1,1,6,1,1,1,1
3,6,9,15,1.8,1,2,1,1,1,216.39,1,1,3,3,3,3,20,3,1,2,2
3,6,9,16,0.4,1,2,1,1,1,186.87,1,18,3,3,3,3,17,1,3,2,2
3,6,9,17,0.1,1,3,1,1,1,262.93,1,17,1,3,1,3,8,3,1,1,3
3,6,9,18,0.2,3,1,2,2,1,151.18,1,14,3,3,1,1,13,3,3,3,3
3,6,9,19,0.2,3,2,2,2,1,233.18,1,16,3,3,1,1,20,3,1,2,2
3,6,9,20,0.1,3,3,2,2,1,349.96,0,20,3,1,1,3,3,3,3,1,1
3,6,9,21,0.4,1,1,1,1,1,192.64,1,1,1,1,1,1,9,1,3,1,3
3,6,9,22,1.8,1,3,NaN,NaN,NaN,NaN,NaN,20,1,1,1,1,3,1,3,3,1
3,6,9,23,0.4,1,2,1,1,1,86.228,2,8,1,3,1,3,18,1,1,2,2
3,6,9,24,0.2,1,2,1,1,1,220.46,1,5,1,3,1,3,19,3,3,2,2
3,6,9,25,0.05,1,2,1,1,1,258.73,1,9,3,1,3,1,11,3,3,2,2
3,6,9,26,0.1,1,2,1,1,1,218.97,1,1,3,1,3,1,8,3,1,2,2
3,6,9,27,0.05,2,3,2,2,1,298.67,1,10,1,1,2,2,3,1,1,3,3
3,6,9,28,1.8,2,3,2,2,1,206.26,1,14,3,3,2,2,17,1,1,3,3
3,6,9,29,0.8,3,3,2,2,1,-4.6327,2,7,3,3,1,1,11,3,1,1,3
3,6,9,30,0.8,1,1,1,1,1,231.18,1,5,3,1,3,1,15,3,1,3,1
3,6,9,31,0.4,2,2,2,2,1,223.14,1,17,3,3,2,2,11,1,3,2,2
3,6,9,32,0.05,1,3,1,1,1,236.43,1,7,1,1,1,1,8,1,1,3,3
3,6,9,33,0.4,3,3,2,2,1,217.49,1,10,3,1,1,3,2,3,1,1,3
3,6,9,34,0.05,3,3,2,2,1,304.01,0,9,1,1,3,3,15,1,3,3,1
3,6,9,35,0.4,2,2,2,2,1,202.56,1,13,1,3,2,2,12,3,3,2,2
3,6,9,36,0.2,3,3,2,2,1,289.82,1,5,3,3,1,1,5,1,3,3,1
3,6,9,37,0.2,2,3,2,2,1,238.34,1,5,3,1,2,2,20,3,3,1,1
3,6,9,38,0.8,1,2,1,1,1,389.12,0,16,1,3,1,3,20,1,1,2,2
3,6,9,39,0.05,2,3,2,2,1,355.17,0,8,1,1,2,2,14,1,3,3,1
3,6,9,40,0.05,1,1,1,1,1,280.29,1,18,1,3,1,3,10,3,3,3,3
3,6,9,41,0.1,2,3,2,2,1,259.75,1,3,3,1,2,2,5,1,3,3,1
3,6,9,42,0.8,1,1,1,1,1,237.24,1,20,1,1,1,1,12,3,1,3,1
3,6,9,43,1.8,1,3,NaN,NaN,NaN,NaN,NaN,3,1,3,1,3,4,3,1,1,3
3,6,9,44,0.2,1,3,1,1,1,273.17,1,1,3,1,3,1,3,1,3,3,1
3,6,9,45,1.8,1,1,1,1,1,191.66,1,3,3,1,3,1,14,3,1,3,1
3,6,9,46,0.8,2,3,2,2,1,230.63,1,15,1,1,2,2,17,1,3,3,1
3,6,9,47,0.1,1,3,1,1,1,264.11,1,4,1,1,1,1,10,1,3,3,1
3,6,9,48,0.05,1,3,1,1,1,292.85,1,5,3,1,3,1,13,3,3,1,1
3,6,9,49,0.8,1,2,1,1,1,209.18,1,11,1,1,1,1,13,1,1,2,2
3,6,9,50,0.8,1,1,1,1,1,202.36,1,18,3,1,3,1,7,1,1,1,1
3,6,9,51,1.8,1,1,1,1,1,191.41,1,6,1,1,1,1,8,1,1,1,1
3,6,9,52,0.4,1,3,1,1,1,215.17,1,1,1,1,1,1,10,1,3,3,1
3,6,9,53,0.2,3,3,2,2,1,277.55,1,20,3,3,1,1,11,1,3,3,1
3,6,9,54,0.05,1,1,1,1,1,326.17,0,1,3,3,3,3,2,1,1,1,1
3,6,9,55,1.8,2,3,2,2,1,223.82,1,11,1,3,2,2,7,3,1,1,3
3,6,9,56,1.8,2,2,2,2,1,247.24,1,20,3,3,2,2,11,1,3,2,2
3,6,9,57,0.4,2,2,2,2,1,239.64,1,6,1,3,2,2,14,3,3,2,2
3,6,9,58,0.1,2,2,2,1,0,300.78,0,3,1,3,2,2,19,1,1,2,2
3,6,9,59,0.1,3,2,2,2,1,284.53,1,18,1,3,3,1,12,3,1,2,2
3,6,9,60,1.8,1,3,NaN,NaN,NaN,NaN,NaN,15,3,3,3,3,13,1,3,3,1
3,6,9,61,0.1,1,2,1,1,1,299.01,1,9,3,1,3,1,3,3,3,2,2
3,6,9,62,1.8,1,1,NaN,NaN,NaN,NaN,NaN,5,3,3,3,3,20,3,1,3,1
3,6,9,63,0.4,1,2,1,1,1,234.15,1,10,3,3,3,3,13,3,1,2,2
3,6,9,64,0.8,3,2,2,2,1,267.31,1,6,1,3,3,1,12,3,1,2,2
3,6,9,65,0.2,1,3,1,1,1,260.65,1,8,3,3,3,3,9,3,1,1,3
3,6,9,66,0.4,1,1,1,1,1,236.65,1,11,1,1,1,1,9,1,1,1,1
3,6,9,67,1.8,1,3,1,1,1,217.5,1,14,3,3,3,3,5,1,3,3,1
3,6,9,68,1.8,2,2,2,2,1,238.41,1,6,1,1,2,2,8,1,3,2,2
3,6,9,69,0.05,1,2,1,1,1,268.76,1,6,1,3,1,3,17,3,1,2,2
3,6,9,70,0.05,1,3,1,1,1,270.41,1,3,1,1,1,1,12,3,1,1,3
3,6,9,71,0.4,2,3,2,2,1,218.03,1,3,3,3,2,2,20,1,3,3,1
3,6,9,72,0.1,2,1,2,1,0,267.1,1,15,1,1,2,2,18,1,1,1,1
3,6,9,73,0.05,1,3,1,1,1,274.42,1,10,1,1,1,1,20,1,3,3,1
3,6,9,74,0.8,1,2,NaN,NaN,NaN,NaN,NaN,9,3,3,3,3,9,3,3,2,2
3,6,9,75,0.4,1,2,1,1,1,220.97,1,12,1,1,1,1,6,3,1,2,2
3,6,9,76,0.1,3,1,2,2,1,290.16,1,13,1,3,3,1,11,1,3,1,3
3,6,9,77,0.8,1,2,1,1,1,227.63,1,1,3,1,3,1,18,3,3,2,2
3,6,9,78,0.2,3,3,2,2,1,256.79,1,2,1,3,3,1,7,3,3,1,1
3,6,10,1,0.2,3,3,2,2,1,265.08,1,1,1,3,3,1,9,1,1,3,3
3,6,10,2,0.2,3,3,2,2,1,203.08,1,18,1,1,3,3,19,3,1,1,3
3,6,10,3,0.4,3,3,2,2,1,215.82,1,14,3,3,1,1,4,3,3,1,1
3,6,10,4,0.05,1,1,1,1,1,272.57,1,10,3,3,3,3,14,3,3,3,3
3,6,10,5,0.1,1,1,1,1,1,237.9,1,10,1,3,1,3,5,1,1,1,1
3,6,10,6,0.8,1,1,1,1,1,204.86,1,8,3,1,3,1,12,3,3,3,3
3,6,10,7,0.05,2,3,2,2,1,312.35,0,16,3,1,2,2,2,3,1,1,3
3,6,10,8,0.4,3,3,2,2,1,225.35,1,16,1,3,3,1,20,1,3,3,1
3,6,10,9,1.8,1,2,1,1,1,222.55,1,19,1,3,1,3,10,1,3,2,2
3,6,10,10,0.2,3,1,2,2,1,124.63,1,6,3,3,1,1,16,1,3,1,3
3,6,10,11,0.4,2,3,2,2,1,219.97,1,14,1,1,2,2,18,3,1,1,3
3,6,10,12,0.1,2,3,2,2,1,272.84,1,16,3,3,2,2,1,1,1,3,3
3,6,10,13,1.8,1,3,1,2,0,184.36,1,18,3,1,3,1,8,3,3,1,1
3,6,10,14,0.1,1,2,1,1,1,273.27,1,6,1,3,1,3,16,3,1,2,2
3,6,10,15,0.8,1,1,1,1,1,222.12,1,13,3,3,3,3,10,3,3,3,3
3,6,10,16,0.1,3,3,2,2,1,244.06,1,9,1,3,3,1,14,1,1,3,3
3,6,10,17,0.4,3,3,2,2,1,212.13,1,10,3,3,1,1,9,1,1,3,3
3,6,10,18,0.05,1,1,1,1,1,260.47,1,15,1,1,1,1,16,1,1,1,1
3,6,10,19,0.4,2,3,2,2,1,237.25,1,7,1,3,2,2,8,1,3,3,1
3,6,10,20,0.8,1,3,1,1,1,208.85,1,6,1,1,1,1,12,1,3,3,1
3,6,10,21,0.05,2,3,2,2,1,319.05,0,19,1,1,2,2,2,3,1,1,3
3,6,10,22,0.8,3,1,2,2,1,249.86,1,18,3,1,1,3,8,1,3,1,3
3,6,10,23,0.05,2,2,2,2,1,263.32,1,19,3,3,2,2,14,3,1,2,2
3,6,10,24,0.1,3,2,2,2,1,279.61,1,1,3,1,1,3,3,1,3,2,2
3,6,10,25,0.1,1,1,1,1,1,244.57,1,9,3,3,3,3,15,3,1,3,1
3,6,10,26,1.8,3,2,NaN,NaN,NaN,NaN,NaN,8,1,1,3,3,5,3,1,2,2
3,6,10,27,0.05,3,2,2,2,1,266.79,1,7,1,3,3,1,1,1,3,2,2
3,6,10,28,0.4,1,2,1,1,1,239.68,1,2,1,1,1,1,12,3,3,2,2
3,6,10,29,0.05,3,1,2,2,1,274.99,1,8,1,1,3,3,9,3,3,3,3
3,6,10,30,0.2,1,3,1,1,1,273.62,1,19,1,3,1,3,4,3,3,1,1
3,6,10,31,0.2,3,2,2,2,1,257.22,1,19,3,1,1,3,11,1,3,2,2
3,6,10,32,0.2,1,2,1,1,1,178.24,1,8,1,3,1,3,2,3,1,2,2
3,6,10,33,0.05,1,3,1,2,0,292.14,1,10,1,3,1,3,5,1,3,3,1
3,6,10,34,0.1,3,1,2,2,1,231.4,1,2,1,1,3,3,4,3,1,3,1
3,6,10,35,0.8,3,2,2,2,1,244.08,1,12,3,1,1,3,15,1,3,2,2
3,6,10,36,0.1,2,2,2,2,1,248.44,1,15,3,1,2,2,19,1,3,2,2
3,6,10,37,0.8,1,2,1,1,1,197.25,1,5,1,3,1,3,14,3,1,2,2
3,6,10,38,0.8,3,1,NaN,NaN,NaN,NaN,NaN,16,3,1,1,3,7,3,3,3,3
3,6,10,39,0.2,3,1,2,2,1,150.24,1,18,3,1,1,3,2,1,3,1,3
3,6,10,40,0.4,1,3,1,1,1,229.6,1,12,1,3,1,3,19,3,3,1,1
3,6,10,41,1.8,1,1,1,1,1,237.5,1,3,3,1,3,1,5,1,3,1,3
3,6,10,42,0.1,3,2,2,2,1,320.05,0,20,3,1,1,3,20,3,3,2,2
3,6,10,43,0.2,2,3,2,2,1,241.1,1,2,1,1,2,2,18,3,1,1,3
3,6,10,44,0.1,1,1,1,1,1,257.68,1,10,1,3,1,3,19,3,1,3,1
3,6,10,45,0.8,3,3,2,2,1,240.43,1,6,1,3,3,1,20,3,1,1,3
3,6,10,46,1.8,1,3,1,1,1,204.98,1,19,3,3,3,3,12,1,3,3,1
3,6,10,47,0.2,1,2,1,1,1,229.46,1,19,1,3,1,3,19,1,3,2,2
3,6,10,48,1.8,1,2,1,1,1,183.65,1,17,1,1,1,1,2,3,3,2,2
3,6,10,49,1.8,1,2,1,1,1,215.14,1,2,3,3,3,3,20,1,3,2,2
3,6,10,50,0.2,1,2,1,1,1,247.89,1,4,1,3,1,3,1,1,3,2,2
3,6,10,51,1.8,1,1,1,1,1,194.12,1,13,3,1,3,1,10,1,3,1,3
3,6,10,52,0.1,1,2,1,1,1,229.9,1,9,1,3,1,3,14,1,3,2,2
3,6,10,53,0.4,2,2,2,2,1,247.17,1,5,1,1,2,2,4,3,1,2,2
3,6,10,54,1.8,3,3,2,2,1,207.87,1,2,3,3,1,1,9,1,1,3,3
3,6,10,55,0.05,1,3,1,1,1,304.23,0,20,3,1,3,1,18,1,3,3,1
3,6,10,56,0.8,3,3,2,2,1,248.13,1,10,1,3,3,1,13,1,1,3,3
3,6,10,57,1.8,1,2,1,1,1,222.07,1,3,1,3,1,3,4,1,1,2,2
3,6,10,58,0.1,2,3,2,2,1,237.46,1,2,3,3,2,2,10,3,3,1,1
3,6,10,59,1.8,2,1,2,1,0,214.68,1,12,3,1,2,2,8,3,3,3,3
3,6,10,60,0.2,1,3,1,1,1,286.81,1,17,1,1,1,1,7,1,3,3,1
3,6,10,61,0.05,1,1,1,1,1,300.97,0,10,1,3,1,3,8,1,1,1,1
3,6,10,62,0.05,2,3,2,2,1,279.93,1,14,3,3,2,2,19,1,3,3,1
3,6,10,63,0.8,3,1,NaN,NaN,NaN,NaN,NaN,7,1,3,3,1,5,3,1,3,1
3,6,10,64,0.8,1,3,NaN,NaN,NaN,NaN,NaN,7,3,1,3,1,9,1,3,3,1
3,6,10,65,0.2,2,3,2,1,0,273.29,1,12,3,1,2,2,19,1,3,3,1
3,6,10,66,0.8,2,1,2,2,1,252.98,1,6,3,3,2,2,17,1,3,1,3
3,6,10,67,0.4,2,1,2,2,1,221.49,1,18,1,3,2,2,9,3,1,3,1
3,6,10,68,0.05,1,3,1,1,1,276.31,1,19,3,1,3,1,20,1,3,3,1
3,6,10,69,0.4,3,1,2,2,1,255.62,1,1,1,1,3,3,10,3,1,3,1
3,6,10,70,1.8,3,1,2,2,1,214.23,1,20,3,3,1,1,19,3,1,3,1
3,6,10,71,1.8,2,2,2,2,1,218.33,1,3,1,1,2,2,10,3,3,2,2
3,6,10,72,0.1,2,3,2,2,1,269.74,1,6,1,3,2,2,3,1,1,3,3
3,6,10,73,0.4,1,3,1,1,1,225.75,1,18,3,3,3,3,16,3,1,1,3
3,6,10,74,0.2,3,3,2,2,1,121.83,1,12,1,1,3,3,17,1,1,3,3
3,6,10,75,0.8,1,3,1,1,1,206.25,1,3,1,1,1,1,9,1,1,3,3
3,6,10,76,0.05,1,2,1,1,1,258.33,1,5,1,1,1,1,16,1,1,2,2
3,6,10,77,0.4,1,2,1,1,1,266.14,1,6,1,3,1,3,10,3,1,2,2
3,6,10,78,0.4,3,3,2,2,1,361.53,0,15,1,1,3,3,10,3,1,1,3
