4,14,1,1,0.05,2,3,2,2,1,230.24,1,18,3,1,2,2,15,1,3,3,1
4,14,1,2,0.4,3,1,2,2,1,272.17,1,11,3,3,1,1,16,1,3,1,3
4,14,1,3,0.4,1,1,1,1,1,361.88,0,2,1,3,1,3,17,3,3,3,3
4,14,1,4,0.1,3,3,2,2,1,316.38,0,9,3,1,1,3,11,3,1,1,3
4,14,1,5,1.8,2,3,NaN,NaN,NaN,NaN,NaN,15,1,3,2,2,18,3,3,1,1
4,14,1,6,0.8,1,1,1,1,1,230.99,1,1,1,3,1,3,11,1,3,1,3
4,14,1,7,0.8,1,2,1,1,1,233.69,1,20,3,3,3,3,12,1,3,2,2
4,14,1,8,0.2,2,2,2,2,1,238.33,1,14,1,3,2,2,18,3,3,2,2
4,14,1,9,0.4,1,1,1,1,1,190.76,1,12,3,3,3,3,17,3,1,3,1
4,14,1,10,1.8,1,3,1,1,1,231.05,1,11,1,1,1,1,13,1,1,3,3
4,14,1,11,0.05,1,1,1,2,0,328.96,0,3,1,3,1,3,5,3,1,3,1
4,14,1,12,0.4,1,3,1,1,1,218.21,1,19,1,1,1,1,13,3,1,1,3
4,14,1,13,0.05,3,1,2,2,1,308.6,0,14,3,1,1,3,19,1,3,1,3
4,14,1,14,0.05,3,1,2,2,1,285.46,1,20,3,1,1,3,11,1,1,1,1
4,14,1,15,1.8,1,3,1,1,1,230.96,1,11,1,3,1,3,3,3,1,1,3
4,14,1,16,0.4,3,2,2,2,1,291.07,1,1,1,3,3,1,9,3,1,2,2
4,14,1,17,0.4,1,3,1,1,1,274.57,1,10,3,3,3,3,11,3,3,1,1
4,14,1,18,1.8,1,2,1,1,1,232.91,1,18,3,1,3,1,7,1,3,2,2
4,14,1,19,0.1,1,1,1,1,1,200.65,1,9,1,1,1,1,10,3,3,3,3
4,14,1,20,0.1,3,1,2,2,1,266.4,1,18,3,3,1,1,1,1,3,1,3
4,14,1,21,0.1,3,3,2,2,1,200.39,1,19,3,1,1,3,3,3,1,1,3
4,14,1,22,0.2,1,2,1,1,1,219.3,1,6,1,1,1,1,20,3,1,2,2
4,14,1,23,0.05,2,2,2,1,0,273.16,1,18,1,3,2,2,17,1,1,2,2
4,14,1,24,0.05,1,1,1,1,1,259.75,1,8,1,3,1,3,17,1,3,1,3
4,14,1,25,0.8,3,3,NaN,NaN,NaN,NaN,NaN,7,1,3,3,1,3,3,1,1,3
4,14,1,26,0.2,1,2,1,1,1,238.97,1,1,3,1,3,1,17,1,1,2,2
4,14,1,27,0.8,2,3,2,1,0,216.2,1,12,1,1,2,2,19,1,3,3,1
4,14,1,28,0.05,1,1,1,1,1,285.05,1,9,1,3,1,3,9,1,1,1,1
4,14,1,29,1.8,1,3,1,1,1,258.78,1,6,1,1,1,1,8,1,3,3,1
4,14,1,30,0.2,3,2,2,2,1,210.61,1,6,1,3,3,1,8,3,1,2,2
4,14,1,31,0.8,1,1,1,1,1,207.94,1,4,3,3,3,3,20,1,1,1,1
4,14,1,32,0.1,2,1,2,1,0,272.37,1,10,3,1,2,2,3,3,1,3,1
4,14,1,33,0.1,3,2,2,2,1,255.18,1,6,1,1,3,3,13,1,1,2,2
4,14,1,34,0.1,1,2,1,1,1,244.78,1,5,1,3,1,3,16,1,3,2,2
4,14,1,35,0.05,1,1,1,1,1,226.7,1,7,1,1,1,1,19,3,1,3,1
4,14,1,36,1.8,1,2,1,1,1,230.64,1,12,1,1,1,1,12,3,1,2,2
4,14,1,37,0.8,1,1,1,1,1,235.83,1,2,1,3,1,3,5,3,1,3,1
4,14,1,38,0.4,3,2,2,2,1,225.27,1,11,3,3,1,1,17,3,1,2,2
4,14,1,39,0.8,2,2,2,2,1,208.41,1,8,3,1,2,2,7,3,1,2,2
4,14,1,40,0.4,1,3,1,1,1,207.31,1,2,1,1,1,1,20,1,3,3,1
4,14,1,41,1.8,2,1,NaN,NaN,NaN,NaN,NaN,12,1,3,2,2,8,3,3,3,3
4,14,1,42,0.2,1,3,1,1,1,237.75,1,11,1,1,1,1,15,1,3,3,1
4,14,1,43,1.8,3,2,2,2,1,243.47,1,18,3,1,1,3,1,3,1,2,2
4,14,1,44,0.8,2,2,2,2,1,221.74,1,2,1,3,2,2,12,1,3,2,2
4,14,1,45,0.05,3,2,2,2,1,306.22,0,13,1,3,3,1,9,1,3,2,2
4,14,1,46,0.2,1,1,1,1,1,195.02,1,5,1,1,1,1,6,3,1,3,1
4,14,1,47,0.2,1,1,1,1,1,200.58,1,19,3,3,3,3,18,1,3,1,3
4,14,1,48,1.8,1,1,1,1,1,231.87,1,3,3,3,3,3,2,3,1,3,1
4,14,1,49,0.05,1,1,1,1,1,244.26,1,5,3,3,3,3,1,3,1,3,1
4,14,1,50,0.05,3,3,2,2,1,319.76,0,12,1,3,3,1,7,1,1,3,3
4,14,1,51,0.8,1,1,1,1,1,229.44,1,13,3,1,3,1,12,3,3,3,3
4,14,1,52,0.2,2,1,2,2,1,228.78,1,8,3,3,2,2,12,1,1,1,1
4,14,1,53,0.1,1,1,1,1,1,232.7,1,16,3,3,3,3,8,1,1,1,1
4,14,1,54,0.05,3,2,2,2,1,306.37,0,2,1,1,3,3,6,1,1,2,2
4,14,1,55,0.4,1,2,1,1,1,217.08,1,12,1,1,1,1,11,1,3,2,2
4,14,1,56,0.2,3,2,2,2,1,230.4,1,3,1,1,3,3,11,1,1,2,2
4,14,1,57,0.05,3,2,2,2,1,280.98,1,13,3,1,1,3,9,1,1,2,2
4,14,1,58,1.8,2,2,2,2,1,243.67,1,13,1,1,2,2,13,1,1,2,2
4,14,1,59,0.4,1,1,1,1,1,236.35,1,2,1,1,1,1,14,1,1,1,1
4,14,1,60,1.8,1,3,1,1,1,235.6,1,13,3,3,3,3,7,1,1,3,3
4,14,1,61,0.1,2,3,2,1,0,287.81,1,15,1,3,2,2,7,1,3,3,1
4,14,1,62,0.8,3,3,2,2,1,250.66,1,7,1,3,3,1,13,1,3,3,1
4,14,1,63,0.2,2,2,2,2,1,277.28,1,13,3,1,2,2,18,3,3,2,2
4,14,1,64,0.2,1,2,1,1,1,235.54,1,14,1,3,1,3,3,3,1,2,2
4,14,1,65,0.8,1,2,1,1,1,233.05,1,15,1,1,1,1,12,1,1,2,2
4,14,1,66,0.2,1,2,1,1,1,259.41,1,17,1,1,1,1,19,1,3,2,2
4,14,1,67,0.1,2,3,2,2,1,250.39,1,7,1,3,2,2,14,1,3,3,1
4,14,1,68,0.2,1,2,1,1,1,275.16,1,1,1,1,1,1,18,1,1,2,2
4,14,1,69,0.1,3,2,2,2,1,288.51,1,5,1,3,3,1,7,3,3,2,2
4,14,1,70,0.1,2,2,2,2,1,299.62,1,20,3,3,2,2,15,1,1,2,2
4,14,1,71,0.8,3,3,2,2,1,256.01,1,3,3,1,1,3,8,1,1,3,3
4,14,1,72,0.4,1,1,1,1,1,296.03,1,9,3,1,3,1,19,3,1,3,1
4,14,1,73,1.8,2,2,2,2,1,243.29,1,6,3,3,2,2,1,1,3,2,2
4,14,1,74,1.8,1,1,1,1,1,220.76,1,8,1,3,1,3,19,3,1,3,1
4,14,1,75,0.1,2,1,2,1,0,279.28,1,8,1,1,2,2,11,3,3,3,3
4,14,1,76,0.4,1,1,1,1,1,251.76,1,11,3,1,3,1,14,1,1,1,1
4,14,1,77,0.4,3,2,2,2,1,236.96,1,4,3,3,1,1,13,1,3,2,2
4,14,1,78,0.8,1,1,1,1,1,237.47,1,19,3,1,3,1,20,1,3,1,3
4,14,2,1,1.8,1,3,1,1,1,239.45,1,4,1,1,1,1,9,3,3,1,1
4,14,2,2,0.8,2,1,2,2,1,231.43,1,15,3,1,2,2,5,1,3,1,3
4,14,2,3,0.8,1,2,1,1,1,246.48,1,11,3,1,3,1,8,3,1,2,2
4,14,2,4,0.05,1,2,1,1,1,268.65,1,15,3,1,3,1,12,3,3,2,2
4,14,2,5,0.8,1,2,1,1,1,230.44,1,9,1,3,1,3,6,1,3,2,2
4,14,2,6,1.8,2,1,2,2,1,272.73,1,6,3,3,2,2,10,1,1,1,1
4,14,2,7,0.05,1,1,1,1,1,258.72,1,9,3,1,3,1,14,1,3,1,3
4,14,2,8,1.8,1,3,1,1,1,308.32,0,16,3,3,3,3,16,1,3,3,1
4,14,2,9,1.8,1,1,1,1,1,268.28,1,14,1,1,1,1,10,3,3,3,3
4,14,2,10,0.05,3,2,2,2,1,342.52,0,20,3,3,1,1,2,1,3,2,2
4,14,2,11,0.4,2,1,2,2,1,227.89,1,19,3,3,2,2,5,1,1,1,1
4,14,2,12,0.8,1,3,NaN,NaN,NaN,NaN,NaN,19,3,1,3,1,17,1,1,3,3
4,14,2,13,1.8,1,2,1,1,1,211.53,1,6,1,3,1,3,6,1,1,2,2
4,14,2,14,1.8,1,3,1,2,0,218.74,1,11,1,3,1,3,17,1,3,3,1
4,14,2,15,0.2,1,1,1,1,1,265.49,1,18,3,1,3,1,4,3,1,3,1
4,14,2,16,0.05,1,2,1,1,1,229.62,1,17,3,3,3,3,9,3,3,2,2
4,14,2,17,0.1,2,1,2,1,0,276.27,1,10,1,3,2,2,19,3,3,3,3
4,14,2,18,0.8,1,1,1,1,1,452.98,0,17,1,1,1,1,7,1,3,1,3
4,14,2,19,1.8,1,3,1,1,1,234.32,1,19,1,3,1,3,13,1,1,3,3
4,14,2,20,0.05,3,3,2,2,1,322.46,0,14,1,3,3,1,9,3,3,1,1
4,14,2,21,0.4,1,3,1,1,1,263.6,1,3,3,1,3,1,3,3,1,1,3
4,14,2,22,0.4,3,1,2,2,1,276.3,1,10,1,1,3,3,19,1,3,1,3
4,14,2,23,0.1,1,3,1,1,1,250.69,1,20,1,3,1,3,14,3,3,1,1
4,14,2,24,0.2,3,1,2,2,1,263.01,1,16,3,3,1,1,15,1,3,1,3
4,14,2,25,0.1,1,3,1,1,1,265.51,1,8,3,3,3,3,6,1,3,3,1
4,14,2,26,0.4,1,3,NaN,NaN,NaN,NaN,NaN,3,3,3,3,3,15,3,1,1,3
4,14,2,27,0.4,3,3,2,2,1,259.53,1,2,3,3,1,1,11,1,1,3,3
4,14,2,28,0.4,2,1,2,2,1,222.99,1,17,1,3,2,2,10,1,1,1,1
4,14,2,29,0.4,1,2,1,1,1,228.02,1,3,1,1,1,1,9,1,3,2,2
4,14,2,30,0.8,1,1,1,1,1,242.26,1,6,3,3,3,3,14,1,3,1,3
4,14,2,31,0.1,2,1,2,1,0,249.31,1,10,1,1,2,2,14,1,3,1,3
4,14,2,32,0.05,1,3,1,1,1,293.45,1,5,3,1,3,1,11,3,3,1,1
4,14,2,33,0.8,1,3,1,1,1,241.65,1,19,1,1,1,1,20,1,1,3,3
4,14,2,34,0.2,3,2,2,2,1,253.23,1,1,3,1,1,3,8,1,1,2,2
4,14,2,35,1.8,1,2,1,1,1,228.41,1,15,3,1,3,1,13,3,3,2,2
4,14,2,36,0.2,2,1,2,2,1,223.45,1,9,1,1,2,2,3,1,1,1,1
4,14,2,37,1.8,1,3,1,1,1,223.68,1,17,3,3,3,3,6,3,3,1,1
4,14,2,38,0.4,1,2,1,1,1,233.5,1,18,1,1,1,1,12,1,1,2,2
4,14,2,39,1.8,2,1,2,1,0,218.18,1,3,1,3,2,2,8,1,3,1,3
4,14,2,40,0.8,1,1,1,1,1,213.58,1,3,1,3,1,3,20,1,3,1,3
4,14,2,41,0.2,3,2,2,2,1,201.34,1,1,1,3,3,1,10,3,3,2,2
4,14,2,42,0.2,3,2,2,2,1,212.23,1,19,3,3,1,1,9,1,3,2,2
4,14,2,43,0.1,3,2,2,1,0,270.65,1,4,1,3,3,1,15,1,1,2,2
4,14,2,44,0.05,2,1,2,1,0,269.8,1,1,3,3,2,2,11,1,1,1,1
4,14,2,45,0.4,2,3,2,2,1,245.02,1,18,3,1,2,2,16,3,3,1,1
4,14,2,46,0.1,2,2,2,1,0,246.47,1,15,3,3,2,2,10,1,1,2,2
4,14,2,47,0.2,1,1,1,1,1,180.69,1,8,1,1,1,1,6,3,1,3,1
4,14,2,48,1.8,1,1,NaN,NaN,NaN,NaN,NaN,2,1,1,1,1,18,1,3,1,3
4,14,2,49,0.05,1,2,1,1,1,275.59,1,18,3,1,3,1,2,1,3,2,2
4,14,2,50,0.1,1,1,1,1,1,229.2,1,1,3,3,3,3,2,3,3,3,3
4,14,2,51,0.05,2,2,2,1,0,273.69,1,4,3,1,2,2,3,1,1,2,2
4,14,2,52,0.4,2,1,2,2,1,221.12,1,1,1,3,2,2,11,1,3,1,3
4,14,2,53,0.2,3,1,2,2,1,249.68,1,13,1,3,3,1,6,1,3,1,3
4,14,2,54,0.1,3,1,2,2,1,307.19,0,20,1,1,3,3,16,1,1,1,1
4,14,2,55,0.2,1,3,1,2,0,279.89,1,15,1,1,1,1,19,1,3,3,1
4,14,2,56,0.2,2,2,2,2,1,234.03,1,5,3,3,2,2,1,1,3,2,2
4,14,2,57,0.1,1,3,1,1,1,337.98,0,4,1,3,1,3,12,3,3,1,1
4,14,2,58,0.4,1,1,1,1,1,218.7,1,19,3,3,3,3,17,1,1,1,1
4,14,2,59,0.8,3,1,2,2,1,193.96,1,7,3,1,1,3,7,3,1,3,1
4,14,2,60,0.05,1,3,1,1,1,255.64,1,15,1,3,1,3,5,1,1,3,3
4,14,2,61,0.2,3,1,2,2,1,217.23,1,3,3,3,1,1,9,1,1,1,1
4,14,2,62,0.8,1,1,NaN,NaN,NaN,NaN,NaN,17,3,1,3,1,8,1,1,1,1
4,14,2,63,0.05,1,2,1,1,1,253.49,1,1,1,1,1,1,4,1,1,2,2
4,14,2,64,0.8,1,3,1,2,0,234.92,1,16,1,3,1,3,15,1,3,3,1
4,14,2,65,0.4,1,2,1,1,1,233.81,1,7,3,3,3,3,15,3,1,2,2
4,14,2,66,0.8,3,1,2,2,1,243.41,1,17,1,3,3,1,14,3,1,3,1
4,14,2,67,0.1,1,3,1,1,1,210.92,1,3,3,3,3,3,7,3,1,1,3
4,14,2,68,0.8,1,2,1,1,1,205.2,1,9,1,3,1,3,3,3,1,2,2
4,14,2,69,1.8,1,3,1,1,1,220.74,1,16,3,1,3,1,18,1,3,3,1
4,14,2,70,0.1,2,2,2,1,0,315.27,0,12,3,1,2,2,15,3,3,2,2
4,14,2,71,1.8,1,3,1,1,1,223.19,1,18,1,1,1,1,17,1,3,3,1
4,14,2,72,0.05,1,1,1,1,1,262.98,1,4,3,1,3,1,12,1,1,1,1
4,14,2,73,0.1,3,1,2,2,1,259.35,1,7,3,1,1,3,2,1,1,1,1
4,14,2,74,0.4,1,3,1,1,1,214.42,1,5,1,1,1,1,8,1,3,3,1
4,14,2,75,0.05,2,1,2,2,1,301.46,0,11,1,3,2,2,16,3,3,3,3
4,14,2,76,0.1,1,1,1,1,1,238.65,1,19,3,3,3,3,8,3,3,3,3
4,14,2,77,0.2,1,3,1,1,1,234.46,1,2,3,1,3,1,20,1,1,3,3
4,14,2,78,0.2,1,2,1,1,1,216.73,1,16,3,3,3,3,17,1,1,2,2
4,14,3,1,0.4,2,2,2,2,1,224.57,1,20,3,3,2,2,13,1,1,2,2
4,14,3,2,0.4,2,3,2,2,1,370.16,0,4,1,1,2,2,20,1,3,3,1
4,14,3,3,0.1,1,3,1,1,1,216,1,2,3,1,3,1,6,3,1,1,3
4,14,3,4,0.2,1,1,1,1,1,270.29,1,16,3,1,3,1,10,3,3,3,3
4,14,3,5,0.4,2,2,2,2,1,205.85,1,17,1,3,2,2,8,3,1,2,2
4,14,3,6,0.1,1,2,1,1,1,221.73,1,19,1,3,1,3,5,3,3,2,2
4,14,3,7,0.1,1,2,1,1,1,219.11,1,7,1,1,1,1,5,3,1,2,2
4,14,3,8,0.2,1,3,1,1,1,257.77,1,1,1,1,1,1,5,3,1,1,3
4,14,3,9,1.8,2,2,2,2,1,199.32,1,11,1,3,2,2,18,3,3,2,2
4,14,3,10,0.2,1,1,1,1,1,242.69,1,19,3,3,3,3,15,3,1,3,1
4,14,3,11,0.05,2,2,2,1,0,309.59,0,13,3,1,2,2,6,1,3,2,2
4,14,3,12,0.2,1,2,1,1,1,236.86,1,8,1,1,1,1,4,1,1,2,2
4,14,3,13,0.8,2,1,2,2,1,266.74,1,2,3,3,2,2,7,1,3,1,3
4,14,3,14,0.1,1,3,1,1,1,257.29,1,4,3,1,3,1,19,1,1,3,3
4,14,3,15,0.4,3,3,2,2,1,201.84,1,19,1,1,3,3,16,1,3,3,1
4,14,3,16,0.2,1,1,1,1,1,226,1,4,1,3,1,3,15,3,3,3,3
4,14,3,17,0.8,1,2,1,1,1,227.54,1,14,1,1,1,1,10,1,1,2,2
4,14,3,18,0.4,1,2,1,1,1,270.12,1,11,3,3,3,3,3,1,1,2,2
4,14,3,19,0.05,1,1,1,1,1,265.91,1,4,3,1,3,1,3,3,3,3,3
4,14,3,20,0.8,1,3,NaN,NaN,NaN,NaN,NaN,16,3,1,3,1,15,1,1,3,3
4,14,3,21,0.1,1,2,1,1,1,277.32,1,14,3,3,3,3,6,3,1,2,2
4,14,3,22,1.8,1,1,1,1,1,217.42,1,17,3,3,3,3,13,3,1,3,1
4,14,3,23,0.8,2,2,2,2,1,228.77,1,15,3,1,2,2,20,1,1,2,2
4,14,3,24,0.05,1,3,1,1,1,411.02,0,12,3,3,3,3,19,3,3,1,1
4,14,3,25,0.4,1,3,1,1,1,210.52,1,5,1,3,1,3,10,1,3,3,1
4,14,3,26,0.8,1,2,1,1,1,251.26,1,20,3,1,3,1,1,3,3,2,2
4,14,3,27,0.2,1,2,1,1,1,246.75,1,16,3,3,3,3,16,3,3,2,2
4,14,3,28,0.8,1,2,1,1,1,242.68,1,12,3,1,3,1,4,1,1,2,2
4,14,3,29,0.4,1,1,1,1,1,228.14,1,16,3,3,3,3,10,3,3,3,3
4,14,3,30,0.05,1,1,1,1,1,304.07,0,9,3,3,3,3,4,3,1,3,1
4,14,3,31,0.8,3,2,2,2,1,219.82,1,13,3,3,1,1,12,1,3,2,2
4,14,3,32,0.2,2,3,2,1,0,255.75,1,10,3,1,2,2,6,1,3,3,1
4,14,3,33,1.8,3,2,2,2,1,216.16,1,9,1,1,3,3,6,1,1,2,2
4,14,3,34,0.1,1,1,1,1,1,261.97,1,19,3,1,3,1,4,3,1,3,1
4,14,3,35,0.05,3,3,2,1,0,302.45,0,12,3,1,1,3,3,3,1,1,3
4,14,3,36,0.4,3,2,2,2,1,271.07,1,7,3,3,1,1,3,1,3,2,2
4,14,3,37,1.8,2,1,2,2,1,195.63,1,12,3,1,2,2,8,3,3,3,3
4,14,3,38,1.8,2,2,2,2,1,219.53,1,8,1,1,2,2,17,3,1,2,2
4,14,3,39,0.05,1,1,1,1,1,261.08,1,5,3,3,3,3,15,1,3,1,3
4,14,3,40,0.8,1,3,1,1,1,227.22,1,17,1,1,1,1,5,1,3,3,1
4,14,3,41,0.2,1,1,1,1,1,286.59,1,15,1,1,1,1,6,3,3,3,3
4,14,3,42,0.4,1,1,1,1,1,241.6,1,13,3,1,3,1,2,3,3,3,3
4,14,3,43,0.05,1,3,1,1,1,282.61,1,19,1,1,1,1,10,3,3,1,1
4,14,3,44,0.1,2,3,2,2,1,243.35,1,16,1,1,2,2,18,1,3,3,1
4,14,3,45,0.1,3,2,2,2,1,302.44,0,10,1,3,3,1,16,1,3,2,2
4,14,3,46,0.8,1,2,NaN,NaN,NaN,NaN,NaN,20,1,1,1,1,4,3,1,2,2
4,14,3,47,0.05,2,2,2,2,1,342.23,0,16,1,3,2,2,10,3,1,2,2
4,14,3,48,0.2,3,1,2,2,1,228.41,1,8,1,1,3,3,18,3,1,3,1
4,14,3,49,0.1,1,3,1,1,1,274.49,1,13,3,1,3,1,11,1,1,3,3
4,14,3,50,0.05,1,1,1,1,1,297.96,1,13,3,1,3,1,11,1,3,1,3
4,14,3,51,0.1,1,1,1,1,1,221.13,1,4,3,3,3,3,17,1,1,1,1
4,14,3,52,0.1,1,3,1,1,1,215.64,1,7,1,1,1,1,13,3,1,1,3
4,14,3,53,0.2,1,3,1,1,1,223.44,1,17,1,3,1,3,8,1,1,3,3
4,14,3,54,0.4,3,3,2,2,1,209.02,1,18,1,3,3,1,12,3,3,1,1
4,14,3,55,0.05,1,3,1,1,1,261.34,1,10,3,1,3,1,18,1,3,3,1
4,14,3,56,0.8,1,2,NaN,NaN,NaN,NaN,NaN,10,1,3,1,3,4,1,3,2,2
4,14,3,57,0.1,1,2,1,1,1,245.86,1,17,3,1,3,1,11,3,3,2,2
4,14,3,58,0.4,1,3,1,1,1,262.92,1,12,3,3,3,3,13,1,3,3,1
4,14,3,59,1.8,1,1,NaN,NaN,NaN,NaN,NaN,20,3,1,3,1,7,3,3,3,3
4,14,3,60,0.1,1,3,1,1,1,292.45,1,20,3,3,3,3,18,3,1,1,3
4,14,3,61,0.05,1,1,1,1,1,281.44,1,8,3,1,3,1,16,1,3,1,3
4,14,3,62,1.8,3,1,NaN,NaN,NaN,NaN,NaN,11,3,3,1,1,17,3,3,3,3
4,14,3,63,0.8,1,1,1,1,1,227.79,1,2,1,3,1,3,15,3,3,3,3
4,14,3,64,0.2,2,3,2,2,1,250.81,1,19,3,1,2,2,1,1,1,3,3
4,14,3,65,0.4,1,3,1,1,1,209.17,1,9,1,1,1,1,17,1,3,3,1
4,14,3,66,0.2,1,3,1,1,1,238.5,1,5,3,1,3,1,1,3,3,1,1
4,14,3,67,1.8,2,2,2,2,1,206.41,1,8,1,1,2,2,9,1,1,2,2
4,14,3,68,1.8,2,1,2,2,1,208.33,1,3,1,1,2,2,9,1,1,1,1
4,14,3,69,1.8,3,2,2,2,1,215.14,1,20,3,3,1,1,10,1,1,2,2
4,14,3,70,1.8,1,1,1,1,1,241.46,1,11,3,3,3,3,18,1,3,1,3
4,14,3,71,0.8,1,3,1,1,1,218.62,1,1,3,3,3,3,20,3,3,1,1
4,14,3,72,0.4,1,1,1,1,1,251.8,1,15,3,3,3,3,6,1,1,1,1
4,14,3,73,0.05,1,2,1,1,1,290.58,1,3,1,1,1,1,12,1,1,2,2
4,14,3,74,0.05,1,1,1,1,1,267.85,1,3,1,1,1,1,1,3,1,3,1
4,14,3,75,1.8,1,1,1,1,1,240.62,1,13,1,1,1,1,19,3,1,3,1
4,14,3,76,1.8,3,2,2,2,1,224.11,1,16,1,3,3,1,12,3,3,2,2
4,14,3,77,0.2,1,3,1,1,1,235.82,1,11,1,1,1,1,15,1,3,3,1
4,14,3,78,0.8,1,1,1,1,1,224.03,1,3,3,1,3,1,11,1,3,1,3
4,14,4,1,0.1,1,1,1,1,1,223.07,1,7,3,3,3,3,6,3,3,3,3
4,14,4,2,0.1,3,1,2,2,1,250.24,1,3,3,3,1,1,11,3,3,3,3
4,14,4,3,0.1,3,2,2,1,0,269.6,1,8,1,3,3,1,19,1,1,2,2
4,14,4,4,0.2,3,2,2,2,1,235.56,1,11,3,3,1,1,14,3,3,2,2
4,14,4,5,0.8,1,2,1,1,1,210.02,1,10,1,1,1,1,20,1,1,2,2
4,14,4,6,0.4,3,3,2,2,1,213.77,1,18,3,3,1,1,6,3,3,1,1
4,14,4,7,0.4,2,3,2,1,0,244.37,1,7,1,3,2,2,1,1,1,3,3
4,14,4,8,1.8,3,3,2,2,1,233.32,1,11,1,3,3,1,5,1,3,3,1
4,14,4,9,0.2,2,2,2,2,1,255.54,1,19,3,3,2,2,4,3,1,2,2
4,14,4,10,0.4,2,3,2,2,1,209.94,1,3,3,3,2,2,19,1,1,3,3
4,14,4,11,0.8,3,3,2,2,1,180.04,1,4,3,1,1,3,20,3,1,1,3
4,14,4,12,0.1,2,3,2,2,1,279.63,1,13,3,1,2,2,20,3,3,1,1
4,14,4,13,1.8,3,2,2,2,1,208.6,1,18,1,3,3,1,5,3,3,2,2
4,14,4,14,0.2,2,1,2,2,1,224.41,1,10,3,1,2,2,10,1,1,1,1
4,14,4,15,0.4,3,1,2,2,1,240.5,1,8,1,1,3,3,11,3,1,3,1
4,14,4,16,1.8,1,1,1,1,1,228.77,1,6,1,3,1,3,12,1,3,1,3
4,14,4,17,0.2,3,1,2,2,1,234.51,1,2,1,3,3,1,13,1,3,1,3
4,14,4,18,0.05,2,2,2,1,0,311.68,0,20,1,3,2,2,13,1,1,2,2
4,14,4,19,0.2,3,1,2,2,1,252.26,1,14,3,1,1,3,2,1,1,1,1
4,14,4,20,1.8,1,1,1,1,1,241.66,1,6,1,1,1,1,8,1,1,1,1
4,14,4,21,0.05,1,1,1,1,1,261.18,1,12,3,1,3,1,20,3,3,3,3
4,14,4,22,0.8,2,3,2,2,1,276.59,1,11,1,1,2,2,9,1,3,3,1
4,14,4,23,0.2,3,3,2,2,1,234.78,1,18,3,1,1,3,18,1,1,3,3
4,14,4,24,1.8,1,2,1,1,1,268.29,1,13,3,1,3,1,10,1,3,2,2
4,14,4,25,0.2,2,2,2,2,1,243.48,1,15,1,3,2,2,19,3,1,2,2
4,14,4,26,0.2,2,3,2,1,0,205.52,1,20,1,3,2,2,18,3,3,1,1
4,14,4,27,0.05,3,1,2,2,1,332.34,0,14,1,3,3,1,10,1,1,1,1
4,14,4,28,0.8,1,3,1,1,1,220.32,1,1,1,1,1,1,5,1,1,3,3
4,14,4,29,0.05,1,1,1,1,1,250.98,1,10,3,1,3,1,13,3,1,3,1
4,14,4,30,0.05,1,2,1,1,1,271.95,1,14,1,1,1,1,7,3,3,2,2
4,14,4,31,1.8,2,3,2,1,0,275.21,1,12,3,1,2,2,5,1,3,3,1
4,14,4,32,1.8,3,3,NaN,NaN,NaN,NaN,NaN,14,3,1,1,3,6,3,3,1,1
4,14,4,33,1.8,2,1,2,2,1,200.66,1,9,1,1,2,2,18,1,3,1,3
4,14,4,34,0.4,1,1,1,1,1,243,1,16,1,1,1,1,8,1,3,1,3
4,14,4,35,0.8,2,1,2,1,0,205.83,1,5,3,1,2,2,11,3,3,3,3
4,14,4,36,0.1,2,3,2,1,0,326.33,0,16,3,3,2,2,3,3,3,1,1
4,14,4,37,0.8,1,3,1,1,1,261.36,1,18,1,1,1,1,14,1,3,3,1
4,14,4,38,0.05,1,3,1,1,1,307.37,0,17,1,3,1,3,6,3,3,1,1
4,14,4,39,0.05,2,3,2,2,1,1155.2,0,3,1,3,2,2,7,1,1,3,3
4,14,4,40,0.4,2,1,2,1,0,257.41,1,16,3,3,2,2,17,3,3,3,3
4,14,4,41,0.8,1,2,1,1,1,227.45,1,16,1,3,1,3,1,3,1,2,2
4,14,4,42,0.05,2,2,2,1,0,291.75,1,13,1,1,2,2,16,1,1,2,2
4,14,4,43,0.8,1,3,1,1,1,234.64,1,2,1,3,1,3,5,3,3,1,1
4,14,4,44,0.2,1,1,1,1,1,260.75,1,6,1,3,1,3,7,3,3,3,3
4,14,4,45,0.4,2,2,2,2,1,230.98,1,9,1,3,2,2,13,3,1,2,2
4,14,4,46,0.1,1,3,1,1,1,275.81,1,11,1,1,1,1,3,3,3,1,1
4,14,4,47,0.4,2,3,2,2,1,226,1,19,1,3,2,2,4,1,1,3,3
4,14,4,48,0.4,2,3,2,2,1,249.46,1,19,1,3,2,2,12,1,3,3,1
4,14,4,49,0.2,1,1,1,1,1,263.42,1,8,1,3,1,3,19,1,1,1,1
4,14,4,50,0.8,3,1,2,2,1,219.98,1,8,3,1,1,3,10,1,3,1,3
4,14,4,51,0.05,2,2,2,1,0,356.73,0,11,1,3,2,2,6,3,1,2,2
4,14,4,52,0.4,3,1,2,2,1,210.22,1,2,3,3,1,1,5,3,1,3,1
4,14,4,53,0.1,3,2,2,2,1,313.67,0,10,1,1,3,3,19,1,3,2,2
4,14,4,54,0.4,3,1,2,2,1,46.917,2,17,1,3,3,1,20,3,1,3,1
4,14,4,55,0.05,2,1,2,2,1,286.94,1,14,1,3,2,2,3,1,3,1,3
4,14,4,56,0.05,2,2,2,2,1,295.13,1,10,1,1,2,2,12,1,1,2,2
4,14,4,57,0.1,3,1,2,2,1,292.58,1,4,3,1,1,3,4,1,3,1,3
4,14,4,58,0.4,1,1,1,1,1,269.8,1,6,3,3,3,3,18,1,1,1,1
4,14,4,59,0.2,1,3,1,1,1,271.67,1,17,3,1,3,1,18,3,3,1,1
4,14,4,60,0.1,1,3,1,1,1,304.7,0,11,1,3,1,3,7,3,1,1,3
4,14,4,61,0.8,2,1,2,2,1,253.54,1,19,3,1,2,2,9,3,3,3,3
4,14,4,62,0.1,2,1,2,1,0,326.29,0,5,3,1,2,2,13,1,3,1,3
4,14,4,63,0.1,1,1,1,1,1,264.99,1,12,3,1,3,1,15,3,1,3,1
4,14,4,64,1.8,3,1,2,2,1,228.86,1,4,3,1,1,3,5,1,1,1,1
4,14,4,65,0.1,3,3,2,2,1,282.26,1,10,1,1,3,3,1,3,3,1,1
4,14,4,66,1.8,1,2,1,1,1,225.62,1,2,3,3,3,3,11,3,1,2,2
4,14,4,67,0.4,3,3,2,2,1,232.19,1,20,3,3,1,1,19,1,1,3,3
4,14,4,68,0.8,1,1,NaN,NaN,NaN,NaN,NaN,11,3,3,3,3,3,1,3,1,3
4,14,4,69,0.1,2,2,2,1,0,257.12,1,15,1,3,2,2,3,1,3,2,2
4,14,4,70,0.8,2,2,2,2,1,216.45,1,16,3,3,2,2,19,1,3,2,2
4,14,4,71,0.05,3,3,2,1,0,540.13,0,6,1,3,3,1,3,1,1,3,3
4,14,4,72,0.2,1,3,1,1,1,245.8,1,3,1,3,1,3,3,3,3,1,1
4,14,4,73,0.2,1,2,1,1,1,211.97,1,10,1,1,1,1,17,3,3,2,2
4,14,4,74,0.8,1,3,1,1,1,211.95,1,1,1,1,1,1,12,1,1,3,3
4,14,4,75,1.8,2,2,2,2,1,217.93,1,20,3,3,2,2,12,1,3,2,2
4,14,4,76,1.8,2,2,2,2,1,210.39,1,19,3,1,2,2,17,1,1,2,2
4,14,4,77,1.8,2,3,2,1,0,221.56,1,7,3,3,2,2,19,3,3,1,1
4,14,4,78,0.05,3,3,2,2,1,313.73,0,6,1,3,3,1,15,3,3,1,1
4,14,5,1,0.2,1,1,1,1,1,219.07,1,1,1,3,1,3,9,3,3,3,3
4,14,5,2,0.05,1,1,1,1,1,244.8,1,18,1,1,1,1,19,1,1,1,1
4,14,5,3,0.2,1,2,1,1,1,217.33,1,2,1,1,1,1,11,3,1,2,2
4,14,5,4,1.8,1,3,1,1,1,233.71,1,18,3,1,3,1,18,3,3,1,1
4,14,5,5,0.1,2,3,2,2,1,258.08,1,9,3,1,2,2,3,1,1,3,3
4,14,5,6,0.1,2,3,2,1,0,213.55,1,10,3,3,2,2,18,1,1,3,3
4,14,5,7,1.8,2,1,2,2,1,247.15,1,15,3,1,2,2,18,3,1,3,1
4,14,5,8,0.1,1,2,1,1,1,257.78,1,7,1,3,1,3,19,3,1,2,2
4,14,5,9,0.8,1,2,1,1,1,227.96,1,5,3,1,3,1,10,3,1,2,2
4,14,5,10,0.2,3,2,2,2,1,241.16,1,19,1,3,3,1,10,3,3,2,2
4,14,5,11,1.8,2,1,2,2,1,210.13,1,3,3,1,2,2,1,1,3,1,3
4,14,5,12,0.1,2,3,2,1,0,261.16,1,16,3,3,2,2,1,3,3,1,1
4,14,5,13,0.2,1,1,1,1,1,233.87,1,15,1,1,1,1,16,1,1,1,1
4,14,5,14,0.8,1,2,1,1,1,211.18,1,16,3,1,3,1,16,1,3,2,2
4,14,5,15,0.1,3,1,2,2,1,520.4,0,13,1,1,3,3,1,3,3,3,3
4,14,5,16,0.1,3,1,2,1,0,300.29,0,13,1,3,3,1,20,3,3,3,3
4,14,5,17,0.2,2,1,2,1,0,254.34,1,7,1,3,2,2,6,1,3,1,3
4,14,5,18,0.05,3,2,2,2,1,317.52,0,16,3,1,1,3,17,3,1,2,2
4,14,5,19,0.4,1,3,1,1,1,219.51,1,14,3,1,3,1,5,1,1,3,3
4,14,5,20,0.8,2,2,2,2,1,227.76,1,5,3,3,2,2,3,3,3,2,2
4,14,5,21,0.2,1,2,NaN,NaN,NaN,NaN,NaN,14,3,1,3,1,12,3,1,2,2
4,14,5,22,1.8,1,3,1,1,1,205.53,1,11,3,1,3,1,5,3,3,1,1
4,14,5,23,0.8,1,1,1,1,1,190.65,1,18,1,3,1,3,3,1,3,1,3
4,14,5,24,1.8,1,1,NaN,NaN,NaN,NaN,NaN,17,3,3,3,3,20,3,1,3,1
4,14,5,25,0.4,1,3,1,1,1,262.97,1,1,1,3,1,3,5,1,3,3,1
4,14,5,26,0.8,1,1,1,1,1,191.54,1,13,1,1,1,1,15,1,3,1,3
4,14,5,27,0.1,1,3,1,1,1,253.53,1,9,3,3,3,3,3,1,3,3,1
4,14,5,28,0.4,1,3,1,1,1,214.97,1,7,1,3,1,3,13,1,3,3,1
4,14,5,29,0.1,2,3,2,2,1,294.59,1,8,1,1,2,2,7,3,1,1,3
4,14,5,30,0.4,3,2,2,2,1,239.61,1,9,1,1,3,3,2,3,1,2,2
4,14,5,31,0.05,3,2,2,2,1,296.38,1,10,3,1,1,3,10,1,3,2,2
4,14,5,32,1.8,1,2,1,1,1,224.91,1,19,1,1,1,1,20,1,1,2,2
4,14,5,33,0.8,1,3,1,1,1,230.2,1,20,1,3,1,3,20,3,3,1,1
4,14,5,34,0.8,1,1,1,1,1,229.16,1,2,1,1,1,1,5,1,1,1,1
4,14,5,35,0.4,1,1,1,1,1,288.06,1,14,1,1,1,1,1,1,1,1,1
4,14,5,36,0.05,1,1,1,1,1,301.71,0,15,3,1,3,1,18,3,3,3,3
4,14,5,37,0.05,2,3,2,2,1,333.07,0,16,3,3,2,2,1,3,3,1,1
4,14,5,38,0.4,3,3,2,2,1,-5.317,2,15,1,3,3,1,14,1,3,3,1
4,14,5,39,0.05,1,3,1,1,1,289.22,1,14,1,3,1,3,20,1,1,3,3
4,14,5,40,0.2,1,1,1,1,1,194.46,1,16,3,1,3,1,2,3,1,3,1
4,14,5,41,0.4,2,2,2,2,1,240.94,1,9,1,1,2,2,4,3,3,2,2
4,14,5,42,0.2,1,2,1,1,1,245.95,1,14,1,3,1,3,20,3,1,2,2
4,14,5,43,0.1,3,1,2,2,1,271.26,1,19,1,1,3,3,14,3,1,3,1
4,14,5,44,0.4,1,1,1,1,1,199.12,1,16,3,3,3,3,19,1,3,1,3
4,14,5,45,0.2,3,3,2,2,1,216.59,1,16,3,1,1,3,15,1,1,3,3
4,14,5,46,0.05,3,3,2,1,0,302.71,0,5,3,3,1,1,19,1,1,3,3
4,14,5,47,0.8,1,1,NaN,NaN,NaN,NaN,NaN,17,3,3,3,3,13,3,1,3,1
4,14,5,48,0.05,1,1,1,1,1,217.16,1,20,1,1,1,1,12,3,1,3,1
4,14,5,49,1.8,2,2,2,2,1,228.78,1,18,1,1,2,2,20,1,3,2,2
4,14,5,50,0.8,1,3,1,1,1,434.8,0,17,1,1,1,1,19,3,3,1,1
4,14,5,51,0.1,1,1,1,1,1,241.85,1,8,3,3,3,3,2,1,1,1,1
4,14,5,52,0.1,2,3,2,1,0,282.06,1,5,3,3,2,2,12,1,3,3,1
4,14,5,53,1.8,1,3,1,1,1,226.49,1,10,1,3,1,3,12,1,3,3,1
4,14,5,54,1.8,1,1,1,1,1,207.29,1,12,1,3,1,3,4,1,3,1,3
4,14,5,55,0.05,3,1,2,1,0,259.51,1,4,3,1,1,3,2,3,3,3,3
4,14,5,56,0.8,1,1,1,1,1,241.46,1,18,3,1,3,1,6,3,3,3,3
4,14,5,57,0.8,3,1,2,2,1,240.89,1,1,3,3,1,1,9,1,1,1,1
4,14,5,58,0.05,3,3,2,1,0,270.38,1,8,1,3,3,1,19,1,1,3,3
4,14,5,59,0.1,3,1,2,2,1,315.8,0,5,3,3,1,1,10,3,3,3,3
4,14,5,60,1.8,1,1,1,1,1,218.68,1,17,3,1,3,1,19,1,1,1,1
4,14,5,61,0.8,1,1,1,1,1,223.4,1,18,1,1,1,1,3,1,3,1,3
4,14,5,62,1.8,1,1,NaN,NaN,NaN,NaN,NaN,2,1,3,1,3,15,1,3,1,3
4,14,5,63,1.8,1,2,1,1,1,244.26,1,12,3,3,3,3,20,1,1,2,2
4,14,5,64,0.4,1,3,1,1,1,214.54,1,7,3,1,3,1,10,3,1,1,3
4,14,5,65,0.2,3,3,2,2,1,260.69,1,14,1,3,3,1,13,1,3,3,1
4,14,5,66,1.8,1,3,1,1,1,180.03,1,5,3,3,3,3,6,3,3,1,1
4,14,5,67,0.05,3,3,2,2,1,272.47,1,7,3,1,1,3,15,1,3,3,1
4,14,5,68,0.2,1,3,1,1,1,252.43,1,16,3,3,3,3,20,1,3,3,1
4,14,5,69,0.2,1,2,1,1,1,222.24,1,15,1,1,1,1,19,1,1,2,2
4,14,5,70,0.2,1,3,1,1,1,230.05,1,1,3,3,3,3,9,1,1,3,3
4,14,5,71,0.05,1,1,1,1,1,286.25,1,3,1,3,1,3,7,3,3,3,3
4,14,5,72,0.8,3,1,2,2,1,225.35,1,11,3,1,1,3,4,3,1,3,1
4,14,5,73,0.4,3,3,2,2,1,231.85,1,9,3,3,1,1,18,3,1,1,3
4,14,5,74,0.1,2,2,2,2,1,277.97,1,8,1,1,2,2,11,3,3,2,2
4,14,5,75,0.05,2,2,2,2,1,306.44,0,13,3,3,2,2,1,1,3,2,2
4,14,5,76,0.4,1,1,1,1,1,259.25,1,18,1,3,1,3,3,1,3,1,3
4,14,5,77,0.4,2,1,2,2,1,245.67,1,2,3,1,2,2,13,3,1,3,1
4,14,5,78,0.4,1,3,1,1,1,211.89,1,6,1,1,1,1,4,1,3,3,1
4,14,6,1,0.2,1,3,1,1,1,214.71,1,17,1,1,1,1,17,1,1,3,3
4,14,6,2,0.2,1,3,1,1,1,232.75,1,6,3,3,3,3,7,1,3,3,1
4,14,6,3,1.8,1,2,NaN,NaN,NaN,NaN,NaN,10,1,3,1,3,15,1,3,2,2
4,14,6,4,0.2,1,1,1,1,1,240.58,1,13,1,3,1,3,2,3,1,3,1
4,14,6,5,0.1,1,1,1,1,1,290.2,1,20,3,1,3,1,4,1,3,1,3
4,14,6,6,0.4,2,2,2,2,1,200.85,1,10,3,1,2,2,2,1,3,2,2
4,14,6,7,0.05,3,1,2,2,1,321.65,0,14,1,3,3,1,11,3,3,3,3
4,14,6,8,0.8,1,2,1,1,1,208.32,1,4,3,3,3,3,20,1,3,2,2
4,14,6,9,0.05,3,1,2,2,1,292.77,1,18,1,1,3,3,16,3,3,3,3
4,14,6,10,0.8,3,3,2,2,1,276.64,1,13,3,1,1,3,5,3,3,1,1
4,14,6,11,0.1,1,2,1,1,1,198.89,1,13,1,1,1,1,6,3,1,2,2
4,14,6,12,0.1,1,3,1,1,1,230.69,1,16,3,1,3,1,13,1,1,3,3
4,14,6,13,0.2,3,2,2,2,1,221.23,1,14,3,1,1,3,1,1,3,2,2
4,14,6,14,0.8,2,1,2,2,1,213.7,1,3,1,3,2,2,5,3,3,3,3
4,14,6,15,0.05,1,3,1,1,1,294.93,1,1,3,3,3,3,3,3,1,1,3
4,14,6,16,0.8,1,1,1,1,1,197.76,1,7,3,1,3,1,7,3,3,3,3
4,14,6,17,0.8,1,2,1,1,1,219.27,1,6,3,1,3,1,14,1,1,2,2
4,14,6,18,0.4,2,2,2,2,1,212.09,1,12,3,1,2,2,16,1,1,2,2
4,14,6,19,0.05,1,3,1,1,1,281.86,1,6,3,3,3,3,20,1,3,3,1
4,14,6,20,0.4,2,2,2,2,1,266.09,1,12,1,3,2,2,18,3,1,2,2
4,14,6,21,0.1,2,1,2,2,1,286.17,1,13,1,1,2,2,3,3,3,3,3
4,14,6,22,0.05,1,2,1,1,1,275.28,1,19,1,3,1,3,3,3,3,2,2
4,14,6,23,1.8,1,1,1,1,1,240.04,1,7,1,3,1,3,19,3,1,3,1
4,14,6,24,0.1,3,1,2,2,1,239.42,1,13,3,3,1,1,3,1,1,1,1
4,14,6,25,0.2,3,3,2,2,1,196.28,1,19,1,3,3,1,3,1,3,3,1
4,14,6,26,1.8,1,2,1,2,0,402.1,0,2,1,1,1,1,3,1,3,2,2
4,14,6,27,0.1,1,3,1,1,1,253.7,1,7,1,3,1,3,5,1,1,3,3
4,14,6,28,0.4,3,2,2,2,1,228.4,1,17,3,1,1,3,10,1,1,2,2
4,14,6,29,0.2,3,1,2,2,1,110.32,1,2,3,1,1,3,4,1,1,1,1
4,14,6,30,0.4,2,1,2,2,1,224.1,1,8,1,3,2,2,4,3,1,3,1
4,14,6,31,0.1,1,2,1,2,0,306.47,0,18,3,3,3,3,2,3,1,2,2
4,14,6,32,0.05,2,1,2,1,0,328.43,0,16,1,1,2,2,6,3,1,3,1
4,14,6,33,0.05,1,1,1,1,1,253.85,1,9,1,3,1,3,20,1,3,1,3
4,14,6,34,1.8,1,2,NaN,NaN,NaN,NaN,NaN,10,3,3,3,3,9,1,3,2,2
4,14,6,35,0.4,3,2,2,2,1,227.12,1,10,3,1,1,3,17,1,3,2,2
4,14,6,36,0.2,3,1,2,2,1,234.72,1,1,3,1,1,3,15,1,3,1,3
4,14,6,37,0.05,1,2,1,2,0,307.05,0,7,1,3,1,3,17,3,3,2,2
4,14,6,38,0.4,3,1,2,2,1,234.13,1,5,3,1,1,3,11,1,1,1,1
4,14,6,39,0.05,2,2,2,2,1,320.24,0,6,1,1,2,2,14,3,1,2,2
4,14,6,40,1.8,1,1,1,2,0,209.87,1,18,3,3,3,3,8,1,1,1,1
4,14,6,41,0.05,3,2,2,1,0,331.39,0,17,3,3,1,1,16,1,3,2,2
4,14,6,42,1.8,2,2,2,2,1,202.2,1,2,3,3,2,2,10,1,1,2,2
4,14,6,43,0.8,1,2,1,1,1,217.29,1,10,3,1,3,1,15,1,1,2,2
4,14,6,44,0.2,1,2,1,1,1,210.63,1,17,1,1,1,1,1,3,3,2,2
4,14,6,45,0.4,1,3,1,1,1,235.78,1,2,3,1,3,1,9,3,1,1,3
4,14,6,46,0.1,1,3,1,1,1,244.22,1,19,3,1,3,1,16,1,1,3,3
4,14,6,47,1.8,3,1,2,2,1,229.57,1,12,1,3,3,1,13,3,1,3,1
4,14,6,48,1.8,1,1,1,1,1,208.22,1,1,1,3,1,3,5,1,1,1,1
4,14,6,49,0.1,3,3,2,2,1,303.3,0,20,1,1,3,3,2,1,1,3,3
4,14,6,50,0.4,1,1,1,1,1,251.31,1,15,3,1,3,1,11,3,1,3,1
4,14,6,51,0.4,1,3,1,1,1,200.62,1,20,3,1,3,1,18,3,3,1,1
4,14,6,52,0.05,1,1,1,1,1,260.86,1,17,1,3,1,3,18,3,1,3,1
4,14,6,53,1.8,1,2,1,1,1,233.69,1,12,1,1,1,1,15,1,3,2,2
4,14,6,54,0.4,2,2,2,2,1,227.86,1,2,1,3,2,2,8,1,3,2,2
4,14,6,55,0.2,1,2,1,1,1,271.98,1,12,3,3,3,3,19,3,3,2,2
4,14,6,56,0.8,1,3,1,1,1,204.08,1,4,3,3,3,3,19,1,1,3,3
4,14,6,57,1.8,1,2,1,1,1,204.32,1,7,1,3,1,3,5,1,1,2,2
4,14,6,58,1.8,1,2,1,1,1,209.44,1,14,1,3,1,3,16,1,3,2,2
4,14,6,59,0.1,1,2,1,1,1,247.37,1,7,1,1,1,1,12,3,1,2,2
4,14,6,60,0.8,1,2,1,1,1,234.02,1,19,3,3,3,3,20,3,3,2,2
4,14,6,61,0.4,1,3,1,1,1,301.02,0,4,1,3,1,3,9,3,1,1,3
4,14,6,62,0.8,1,3,1,1,1,220.96,1,19,3,3,3,3,18,1,1,3,3
4,14,6,63,0.1,1,1,1,1,1,263.15,1,20,3,1,3,1,16,1,1,1,1
4,14,6,64,0.8,2,2,2,2,1,228.9,1,5,3,1,2,2,19,1,1,2,2
4,14,6,65,0.2,1,1,1,1,1,230.28,1,15,3,1,3,1,14,3,1,3,1
4,14,6,66,0.4,1,3,1,1,1,215.05,1,6,1,3,1,3,2,3,1,1,3
4,14,6,67,0.1,1,3,1,1,1,300.53,0,5,1,1,1,1,19,1,3,3,1
4,14,6,68,0.8,1,3,1,1,1,220.16,1,6,3,1,3,1,8,1,3,3,1
4,14,6,69,1.8,3,1,2,2,1,218.61,1,10,3,1,1,3,9,1,3,1,3
4,14,6,70,0.05,3,1,2,2,1,309.65,0,7,3,1,1,3,4,1,1,1,1
4,14,6,71,0.8,2,3,2,1,0,225.78,1,10,3,3,2,2,20,1,1,3,3
4,14,6,72,0.8,3,1,2,2,1,239.31,1,9,3,3,1,1,20,1,1,1,1
4,14,6,73,0.1,2,3,2,1,0,313.54,0,12,3,3,2,2,11,1,3,3,1
4,14,6,74,0.05,3,1,2,1,0,273.94,1,14,1,3,3,1,3,1,1,1,1
4,14,6,75,0.2,1,1,1,1,1,257.92,1,7,1,3,1,3,9,3,3,3,3
4,14,6,76,0.2,2,3,2,2,1,257.56,1,15,1,3,2,2,11,1,3,3,1
4,14,6,77,1.8,2,1,2,2,1,208.94,1,5,1,3,2,2,12,1,1,1,1
4,14,6,78,0.2,1,2,1,1,1,244.56,1,17,1,3,1,3,14,3,1,2,2
4,14,7,1,0.4,3,1,2,2,1,264.63,1,5,3,3,1,1,9,3,3,3,3
4,14,7,2,1.8,1,1,1,1,1,266.07,1,4,3,1,3,1,10,1,1,1,1
4,14,7,3,0.8,3,1,2,2,1,222.18,1,1,1,3,3,1,2,3,3,3,3
4,14,7,4,1.8,1,2,1,1,1,225.6,1,18,1,3,1,3,18,3,3,2,2
4,14,7,5,0.4,2,2,2,2,1,279.01,1,20,3,3,2,2,16,1,3,2,2
4,14,7,6,1.8,3,3,2,2,1,224.21,1,6,1,1,3,3,14,1,3,3,1
4,14,7,7,0.8,3,1,2,2,1,248.23,1,15,1,3,3,1,20,3,3,3,3
4,14,7,8,1.8,1,1,1,2,0,273.52,1,17,1,3,1,3,6,3,1,3,1
4,14,7,9,0.1,1,3,1,1,1,373.3,0,15,1,3,1,3,19,1,1,3,3
4,14,7,10,0.1,1,1,1,1,1,193.46,1,11,3,1,3,1,10,1,1,1,1
4,14,7,11,0.1,3,3,2,1,0,260.24,1,17,3,3,1,1,12,3,3,1,1
4,14,7,12,1.8,2,2,2,2,1,212.02,1,8,3,3,2,2,6,3,1,2,2
4,14,7,13,0.1,2,2,2,1,0,201.82,1,3,1,3,2,2,12,1,3,2,2
4,14,7,14,0.2,1,1,1,1,1,109.27,1,5,1,1,1,1,14,3,1,3,1
4,14,7,15,0.05,1,1,1,1,1,242.55,1,11,3,1,3,1,7,3,1,3,1
4,14,7,16,0.8,1,2,1,1,1,217.56,1,8,1,3,1,3,12,1,3,2,2
4,14,7,17,0.4,1,3,NaN,NaN,NaN,NaN,NaN,1,1,3,1,3,14,1,3,3,1
4,14,7,18,0.8,3,3,2,2,1,234.04,1,9,1,1,3,3,7,1,3,3,1
4,14,7,19,0.8,1,3,1,1,1,170.79,1,2,3,1,3,1,4,1,3,3,1
4,14,7,20,0.05,1,1,1,1,1,257.75,1,12,3,3,3,3,4,3,3,3,3
4,14,7,21,0.4,3,2,2,2,1,231.62,1,17,3,3,1,1,19,3,1,2,2
4,14,7,22,0.1,3,2,2,2,1,321.58,0,15,1,1,3,3,7,3,3,2,2
4,14,7,23,0.05,2,1,2,1,0,248.82,1,8,3,3,2,2,14,3,3,3,3
4,14,7,24,0.2,2,3,2,1,0,250.05,1,12,3,3,2,2,3,3,1,1,3
4,14,7,25,0.4,1,1,1,1,1,191.16,1,9,1,3,1,3,15,1,1,1,1
4,14,7,26,1.8,1,2,1,1,1,216.34,1,8,1,1,1,1,18,3,1,2,2
4,14,7,27,0.8,1,1,NaN,NaN,NaN,NaN,NaN,13,1,3,1,3,17,1,3,1,3
4,14,7,28,0.8,2,1,2,2,1,247.86,1,2,3,3,2,2,4,3,1,3,1
4,14,7,29,0.2,3,3,2,2,1,317.27,0,16,1,1,3,3,8,3,3,1,1
4,14,7,30,0.2,2,3,2,2,1,236.56,1,18,3,3,2,2,1,1,3,3,1
4,14,7,31,1.8,2,3,NaN,NaN,NaN,NaN,NaN,9,3,3,2,2,8,1,1,3,3
4,14,7,32,1.8,3,1,2,2,1,195.31,1,2,1,3,3,1,10,3,1,3,1
4,14,7,33,0.05,1,2,1,2,0,280.97,1,15,1,1,1,1,13,3,3,2,2
4,14,7,34,0.4,1,1,1,1,1,272.92,1,19,3,1,3,1,4,3,1,3,1
4,14,7,35,0.1,1,3,1,1,1,286.97,1,18,3,3,3,3,8,3,3,1,1
4,14,7,36,0.1,2,2,2,2,1,281.73,1,19,1,1,2,2,15,3,1,2,2
4,14,7,37,0.4,3,2,2,2,1,210.22,1,5,1,1,3,3,1,1,3,2,2
4,14,7,38,0.8,1,2,NaN,NaN,NaN,NaN,NaN,8,3,1,3,1,7,1,3,2,2
4,14,7,39,0.1,1,2,1,1,1,276.95,1,19,3,3,3,3,1,3,1,2,2
4,14,7,40,0.1,2,3,2,1,0,182.31,1,10,1,1,2,2,11,3,3,1,1
4,14,7,41,0.1,1,3,1,1,1,289.76,1,7,3,1,3,1,19,1,3,3,1
4,14,7,42,0.4,3,2,2,2,1,228.06,1,15,1,3,3,1,18,3,3,2,2
4,14,7,43,1.8,1,3,1,1,1,211.82,1,9,1,1,1,1,18,1,1,3,3
4,14,7,44,0.8,3,2,2,2,1,224.09,1,17,3,3,1,1,4,3,1,2,2
4,14,7,45,0.8,1,3,1,1,1,221.62,1,12,3,1,3,1,14,1,3,3,1
4,14,7,46,0.05,1,1,1,1,1,232.05,1,7,3,1,3,1,19,3,1,3,1
4,14,7,47,1.8,2,3,2,1,0,254.31,1,1,1,1,2,2,6,3,1,1,3
4,14,7,48,0.05,3,1,2,2,1,526.67,0,3,3,3,1,1,9,1,1,1,1
4,14,7,49,0.05,2,1,2,2,1,292.46,1,7,3,1,2,2,3,1,3,1,3
4,14,7,50,0.2,1,2,1,1,1,239.21,1,3,3,1,3,1,4,1,1,2,2
4,14,7,51,0.4,1,3,1,1,1,357.91,0,10,3,3,3,3,2,3,1,1,3
4,14,7,52,0.2,3,2,2,1,0,247.37,1,12,1,1,3,3,14,3,1,2,2
4,14,7,53,0.8,2,2,2,2,1,207.12,1,18,3,1,2,2,13,3,3,2,2
4,14,7,54,0.1,1,2,1,1,1,237.14,1,10,3,1,3,1,4,1,3,2,2
4,14,7,55,1.8,1,3,1,1,1,232.98,1,20,1,1,1,1,20,1,1,3,3
4,14,7,56,0.1,1,3,1,1,1,245.67,1,18,3,3,3,3,1,1,1,3,3
4,14,7,57,1.8,1,2,1,1,1,219.67,1,5,1,3,1,3,20,1,3,2,2
4,14,7,58,0.05,3,1,2,2,1,305.16,0,14,3,3,1,1,12,1,1,1,1
4,14,7,59,0.8,2,1,2,2,1,211.42,1,12,3,3,2,2,14,3,3,3,3
4,14,7,60,0.2,3,3,2,2,1,191.07,1,18,3,1,1,3,14,3,3,1,1
4,14,7,61,0.2,1,2,1,1,1,188.67,1,14,1,3,1,3,1,1,3,2,2
4,14,7,62,0.2,2,3,2,2,1,238.9,1,2,1,3,2,2,15,1,1,3,3
4,14,7,63,1.8,1,3,1,1,1,231.97,1,15,1,1,1,1,7,1,1,3,3
4,14,7,64,0.8,1,1,NaN,NaN,NaN,NaN,NaN,11,3,3,3,3,3,1,3,1,3
4,14,7,65,0.05,1,3,1,1,1,266.09,1,10,1,3,1,3,10,1,3,3,1
4,14,7,66,0.4,1,3,1,1,1,239.98,1,12,1,3,1,3,19,1,1,3,3
4,14,7,67,0.05,2,1,2,1,0,271.49,1,5,3,1,2,2,4,3,3,3,3
4,14,7,68,0.05,2,2,2,1,0,278.9,1,20,1,1,2,2,18,1,1,2,2
4,14,7,69,0.2,1,1,1,1,1,260.59,1,10,3,1,3,1,13,1,3,1,3
4,14,7,70,0.2,3,1,2,2,1,217.7,1,16,3,1,1,3,3,1,3,1,3
4,14,7,71,0.05,1,1,1,1,1,288.52,1,12,1,1,1,1,4,3,1,3,1
4,14,7,72,0.1,3,2,2,1,0,316.39,0,10,1,1,3,3,20,3,3,2,2
4,14,7,73,0.2,1,1,1,1,1,204.49,1,12,3,3,3,3,12,1,1,1,1
4,14,7,74,0.4,1,2,1,1,1,233.76,1,19,3,3,3,3,6,3,1,2,2
4,14,7,75,0.4,2,3,2,2,1,182.75,1,14,3,1,2,2,6,3,3,1,1
4,14,7,76,0.2,1,2,1,1,1,237.6,1,14,3,1,3,1,13,3,1,2,2
4,14,7,77,0.4,1,3,1,1,1,268.3,1,1,3,3,3,3,11,1,3,3,1
4,14,7,78,0.05,1,2,1,1,1,276.06,1,6,3,3,3,3,19,1,1,2,2
4,14,8,1,0.4,3,2,2,2,1,202.6,1,3,3,3,1,1,16,3,1,2,2
4,14,8,2,1.8,1,3,NaN,NaN,NaN,NaN,NaN,8,1,1,1,1,8,3,3,1,1
4,14,8,3,0.2,1,2,1,1,1,404.1,0,6,1,1,1,1,6,3,1,2,2
4,14,8,4,0.8,2,3,2,2,1,239.48,1,7,1,1,2,2,14,3,1,1,3
4,14,8,5,0.05,3,2,2,2,1,272.1,1,6,1,1,3,3,8,1,3,2,2
4,14,8,6,1.8,1,2,1,1,1,205.16,1,9,3,1,3,1,13,1,1,2,2
4,14,8,7,0.8,1,2,1,1,1,208.88,1,16,1,3,1,3,10,1,3,2,2
4,14,8,8,0.8,2,1,2,1,0,203.33,1,19,1,3,2,2,2,3,3,3,3
4,14,8,9,0.8,3,2,NaN,NaN,NaN,NaN,NaN,6,1,3,3,1,18,3,3,2,2
4,14,8,10,0.05,3,2,2,2,1,299.53,1,14,3,3,1,1,1,3,1,2,2
4,14,8,11,0.05,2,3,2,2,1,299.03,1,3,3,1,2,2,12,1,1,3,3
4,14,8,12,0.8,1,1,1,1,1,242.8,1,4,1,3,1,3,2,1,3,1,3
4,14,8,13,0.2,3,1,2,2,1,182.6,1,8,3,1,1,3,9,1,1,1,1
4,14,8,14,0.4,1,3,1,1,1,234.78,1,12,1,1,1,1,18,1,1,3,3
4,14,8,15,0.8,1,2,1,1,1,238.5,1,3,3,1,3,1,5,1,1,2,2
4,14,8,16,0.4,3,1,2,2,1,266.62,1,7,1,1,3,3,17,1,3,1,3
4,14,8,17,1.8,3,3,2,1,0,239.8,1,12,1,1,3,3,7,1,1,3,3
4,14,8,18,0.8,1,2,1,1,1,248.65,1,7,3,3,3,3,6,1,3,2,2
4,14,8,19,0.1,3,1,2,2,1,268.73,1,10,1,3,3,1,18,1,3,1,3
4,14,8,20,0.05,2,2,2,1,0,310.59,0,4,3,3,2,2,2,3,3,2,2
4,14,8,21,0.1,2,1,2,1,0,251.2,1,4,1,1,2,2,1,3,1,3,1
4,14,8,22,0.8,1,3,1,1,1,389.82,0,17,1,3,1,3,7,3,1,1,3
4,14,8,23,1.8,3,3,2,2,1,200.69,1,20,3,3,1,1,3,3,1,1,3
4,14,8,24,0.4,3,3,2,2,1,239.29,1,7,3,1,1,3,20,1,1,3,3
4,14,8,25,0.4,3,2,2,2,1,211.12,1,13,1,1,3,3,9,1,1,2,2
4,14,8,26,1.8,2,2,NaN,NaN,NaN,NaN,NaN,7,3,3,2,2,5,3,3,2,2
4,14,8,27,0.4,1,1,1,1,1,234.75,1,1,1,1,1,1,9,1,3,1,3
4,14,8,28,0.2,2,2,2,2,1,410.62,0,9,3,3,2,2,6,1,3,2,2
4,14,8,29,0.8,1,2,1,1,1,249.04,1,18,3,1,3,1,17,3,3,2,2
4,14,8,30,0.2,3,3,2,2,1,219.82,1,16,3,1,1,3,11,3,3,1,1
4,14,8,31,0.8,2,1,2,2,1,274.49,1,7,3,3,2,2,16,3,3,3,3
4,14,8,32,0.4,3,1,2,2,1,265.4,1,6,1,3,3,1,3,3,3,3,3
4,14,8,33,0.2,1,1,1,1,1,256.81,1,15,3,3,3,3,4,3,1,3,1
4,14,8,34,0.2,3,2,2,2,1,239.56,1,9,1,1,3,3,15,1,3,2,2
4,14,8,35,0.1,3,1,2,2,1,286.97,1,13,3,3,1,1,9,3,3,3,3
4,14,8,36,0.1,1,3,1,2,0,232.85,1,5,3,1,3,1,18,3,3,1,1
4,14,8,37,0.1,1,1,1,1,1,259.38,1,5,3,1,3,1,9,3,1,3,1
4,14,8,38,0.05,1,1,1,1,1,238.58,1,16,3,3,3,3,10,3,3,3,3
4,14,8,39,0.1,1,3,1,1,1,259.31,1,11,3,3,3,3,12,1,3,3,1
4,14,8,40,1.8,3,1,2,2,1,242.64,1,7,1,1,3,3,5,1,3,1,3
4,14,8,41,0.2,3,1,2,2,1,210.44,1,8,3,3,1,1,8,1,3,1,3
4,14,8,42,0.1,2,1,2,2,1,224.23,1,16,3,1,2,2,9,1,3,1,3
4,14,8,43,0.2,1,2,1,1,1,287.87,1,11,1,3,1,3,7,3,1,2,2
4,14,8,44,0.4,2,2,2,2,1,230.82,1,1,1,3,2,2,19,3,1,2,2
4,14,8,45,0.2,1,3,1,1,1,230.77,1,10,1,3,1,3,7,1,1,3,3
4,14,8,46,0.05,1,1,1,1,1,318.17,0,6,3,3,3,3,13,3,3,3,3
4,14,8,47,0.1,2,2,2,2,1,321.42,0,8,1,3,2,2,15,1,1,2,2
4,14,8,48,1.8,1,2,NaN,NaN,NaN,NaN,NaN,3,1,3,1,3,5,3,3,2,2
4,14,8,49,0.2,1,1,1,1,1,268.8,1,6,1,3,1,3,9,3,3,3,3
4,14,8,50,1.8,1,3,1,1,1,246.71,1,11,1,3,1,3,17,3,3,1,1
4,14,8,51,0.8,3,1,2,2,1,220.48,1,9,3,3,1,1,17,3,1,3,1
4,14,8,52,0.4,3,1,2,2,1,171.71,1,1,3,1,1,3,10,1,3,1,3
4,14,8,53,0.05,2,2,2,2,1,311.05,0,4,3,1,2,2,16,3,1,2,2
4,14,8,54,0.05,1,2,1,1,1,260.88,1,5,1,3,1,3,7,3,3,2,2
4,14,8,55,0.4,1,1,1,1,1,241.6,1,5,3,3,3,3,16,3,1,3,1
4,14,8,56,1.8,1,3,1,1,1,242.96,1,18,1,1,1,1,9,3,1,1,3
4,14,8,57,1.8,2,1,2,2,1,242.46,1,1,1,3,2,2,10,1,1,1,1
4,14,8,58,0.2,1,2,1,1,1,223.69,1,2,3,1,3,1,16,3,3,2,2
4,14,8,59,0.4,3,1,2,2,1,212.55,1,9,1,1,3,3,10,1,3,1,3
4,14,8,60,0.05,3,1,2,2,1,339.88,0,16,3,3,1,1,19,1,1,1,1
4,14,8,61,1.8,2,1,2,2,1,229.43,1,13,1,1,2,2,16,1,1,1,1
4,14,8,62,0.8,3,2,NaN,NaN,NaN,NaN,NaN,2,3,3,1,1,3,1,1,2,2
4,14,8,63,0.05,2,1,2,2,1,290.17,1,6,3,3,2,2,18,3,1,3,1
4,14,8,64,0.4,3,1,2,2,1,265.82,1,1,1,1,3,3,9,1,1,1,1
4,14,8,65,1.8,1,3,1,1,1,238.34,1,20,3,1,3,1,2,1,1,3,3
4,14,8,66,0.1,2,1,2,2,1,310.74,0,8,3,1,2,2,17,3,1,3,1
4,14,8,67,0.4,3,3,2,1,0,277.48,1,3,3,1,1,3,11,1,3,3,1
4,14,8,68,0.1,3,3,2,1,0,288.47,1,7,3,3,1,1,20,1,1,3,3
4,14,8,69,1.8,1,1,1,1,1,367.49,0,13,3,1,3,1,10,1,1,1,1
4,14,8,70,0.1,1,1,1,2,0,295.73,1,16,1,3,1,3,10,1,3,1,3
4,14,8,71,0.05,1,3,1,1,1,253.94,1,20,3,1,3,1,12,1,3,3,1
4,14,8,72,0.05,1,3,1,1,1,272.52,1,13,3,3,3,3,1,1,3,3,1
4,14,8,73,0.05,2,2,2,2,1,293.1,1,9,3,3,2,2,13,3,1,2,2
4,14,8,74,0.2,3,2,2,2,1,224.47,1,8,1,1,3,3,13,1,3,2,2
4,14,8,75,0.1,3,2,2,2,1,311,0,16,1,1,3,3,18,3,3,2,2
4,14,8,76,0.8,3,1,2,2,1,228.65,1,7,1,1,3,3,11,3,3,3,3
4,14,8,77,0.1,1,3,1,1,1,252.1,1,10,3,1,3,1,11,3,1,1,3
4,14,8,78,0.2,2,3,2,1,0,248.15,1,4,3,3,2,2,10,1,3,3,1
4,14,9,1,0.05,2,3,2,1,0,286.96,1,12,1,3,2,2,13,1,3,3,1
4,14,9,2,0.2,1,3,1,1,1,303.76,0,15,1,1,1,1,18,3,3,1,1
4,14,9,3,1.8,3,3,NaN,NaN,NaN,NaN,NaN,15,3,3,1,1,8,3,1,1,3
4,14,9,4,0.2,2,1,2,1,0,284.9,1,10,1,1,2,2,18,3,3,3,3
4,14,9,5,0.4,2,3,2,2,1,229.24,1,13,1,1,2,2,12,1,1,3,3
4,14,9,6,0.1,2,2,2,2,1,270.51,1,14,3,1,2,2,5,1,1,2,2
4,14,9,7,1.8,1,2,1,1,1,249.36,1,13,3,1,3,1,11,1,3,2,2
4,14,9,8,1.8,1,1,1,1,1,243.68,1,6,1,1,1,1,9,3,1,3,1
4,14,9,9,0.8,2,3,2,2,1,397.89,0,2,1,3,2,2,11,3,1,1,3
4,14,9,10,0.1,2,1,2,2,1,262.71,1,2,1,3,2,2,1,3,1,3,1
4,14,9,11,0.2,1,2,1,1,1,263.88,1,10,3,1,3,1,4,3,3,2,2
4,14,9,12,0.4,1,1,1,1,1,535.67,0,9,3,1,3,1,5,3,3,3,3
4,14,9,13,1.8,1,1,1,2,0,175.16,1,3,1,1,1,1,4,1,1,1,1
4,14,9,14,0.8,1,1,1,1,1,219.46,1,2,3,3,3,3,17,3,1,3,1
4,14,9,15,1.8,1,2,1,1,1,210.25,1,8,3,3,3,3,6,3,3,2,2
4,14,9,16,0.8,1,1,1,2,0,265.33,1,11,1,3,1,3,6,3,1,3,1
4,14,9,17,0.4,1,3,1,1,1,976.76,0,4,1,3,1,3,13,3,1,1,3
4,14,9,18,0.2,1,2,1,1,1,239.4,1,10,1,3,1,3,4,1,1,2,2
4,14,9,19,0.2,3,2,2,2,1,245.61,1,6,1,3,3,1,16,3,1,2,2
4,14,9,20,0.1,1,3,1,1,1,250.92,1,20,1,1,1,1,11,1,1,3,3
4,14,9,21,0.8,1,3,1,1,1,224.71,1,10,1,1,1,1,6,3,3,1,1
4,14,9,22,1.8,1,1,1,1,1,224.14,1,16,3,3,3,3,3,1,1,1,1
4,14,9,23,1.8,1,3,1,1,1,215.1,1,3,1,3,1,3,18,3,1,1,3
4,14,9,24,0.4,3,1,2,2,1,228.76,1,2,3,3,1,1,7,3,3,3,3
4,14,9,25,0.2,3,2,2,2,1,227.8,1,3,1,1,3,3,3,1,1,2,2
4,14,9,26,0.2,2,2,2,1,0,264.75,1,4,3,1,2,2,12,3,1,2,2
4,14,9,27,0.05,1,3,1,1,1,278.67,1,1,1,1,1,1,14,1,1,3,3
4,14,9,28,0.1,2,2,2,2,1,297.43,1,9,3,1,2,2,6,1,3,2,2
4,14,9,29,0.2,2,1,2,1,0,269.94,1,17,3,1,2,2,18,3,3,3,3
4,14,9,30,1.8,2,1,2,2,1,214.61,1,7,3,1,2,2,18,3,3,3,3
4,14,9,31,0.4,1,3,1,1,1,257.49,1,19,1,1,1,1,4,1,3,3,1
4,14,9,32,0.1,1,3,1,1,1,272.16,1,19,1,3,1,3,7,1,3,3,1
4,14,9,33,0.4,1,3,NaN,NaN,NaN,NaN,NaN,16,3,3,3,3,3,3,3,1,1
4,14,9,34,0.4,1,1,1,1,1,256.84,1,10,3,3,3,3,8,1,1,1,1
4,14,9,35,0.1,3,1,2,2,1,241.25,1,19,1,3,3,1,8,3,3,3,3
4,14,9,36,0.05,1,2,1,1,1,250.97,1,10,1,3,1,3,16,3,1,2,2
4,14,9,37,0.8,2,2,2,2,1,216.47,1,15,1,1,2,2,3,3,1,2,2
4,14,9,38,0.4,1,2,1,1,1,244.12,1,16,1,1,1,1,3,1,3,2,2
4,14,9,39,0.2,1,2,1,1,1,274.15,1,19,1,1,1,1,6,3,3,2,2
4,14,9,40,0.8,1,2,1,1,1,210.97,1,7,1,1,1,1,18,3,1,2,2
4,14,9,41,0.8,1,2,1,1,1,236.11,1,10,1,1,1,1,4,1,1,2,2
4,14,9,42,0.05,1,1,1,1,1,269.93,1,16,3,1,3,1,19,1,1,1,1
4,14,9,43,0.1,3,2,2,2,1,260.07,1,6,1,1,3,3,5,1,1,2,2
4,14,9,44,0.05,2,3,2,2,1,283.83,1,14,1,3,2,2,1,3,1,1,3
4,14,9,45,0.4,1,1,1,1,1,221.78,1,14,3,3,3,3,19,3,1,3,1
4,14,9,46,0.05,2,3,2,2,1,268.9,1,7,1,3,2,2,20,1,1,3,3
4,14,9,47,0.4,2,1,2,1,0,223.37,1,4,1,3,2,2,11,1,1,1,1
4,14,9,48,0.2,1,2,1,1,1,262.14,1,7,3,1,3,1,20,3,3,2,2
4,14,9,49,0.1,2,3,2,2,1,248.11,1,14,1,3,2,2,17,1,1,3,3
4,14,9,50,0.2,3,1,2,2,1,184.77,1,10,3,3,1,1,20,1,1,1,1
4,14,9,51,0.4,1,3,1,2,0,247.1,1,8,3,3,3,3,17,1,3,3,1
4,14,9,52,0.1,1,3,1,1,1,244.64,1,15,3,3,3,3,2,1,1,3,3
4,14,9,53,1.8,3,1,2,2,1,213.43,1,5,1,1,3,3,9,3,3,3,3
4,14,9,54,0.05,3,1,2,1,0,311.7,0,6,1,3,3,1,15,3,3,3,3
4,14,9,55,0.2,1,1,1,1,1,229.36,1,19,1,1,1,1,4,1,3,1,3
4,14,9,56,0.8,3,3,2,2,1,214.87,1,8,3,1,1,3,17,1,3,3,1
4,14,9,57,0.05,1,1,1,1,1,273.07,1,10,3,1,3,1,15,3,1,3,1
4,14,9,58,0.05,2,1,2,2,1,291.76,1,8,1,1,2,2,17,3,1,3,1
4,14,9,59,0.8,2,3,2,2,1,244.64,1,6,1,3,2,2,10,3,3,1,1
4,14,9,60,0.05,2,3,2,2,1,290.96,1,8,3,1,2,2,5,1,1,3,3
4,14,9,61,1.8,1,3,1,1,1,221.22,1,18,3,3,3,3,19,3,3,1,1
4,14,9,62,0.8,1,1,1,1,1,271.53,1,2,3,1,3,1,14,3,3,3,3
4,14,9,63,0.8,1,2,1,1,1,206.6,1,4,1,3,1,3,6,3,3,2,2
4,14,9,64,0.1,1,3,1,1,1,275.38,1,5,3,3,3,3,8,3,3,1,1
4,14,9,65,0.8,3,1,2,2,1,230.19,1,4,3,1,1,3,19,1,1,1,1
4,14,9,66,0.1,1,1,1,1,1,230.52,1,4,1,3,1,3,2,1,3,1,3
4,14,9,67,0.05,1,1,1,1,1,261.71,1,19,3,3,3,3,4,1,3,1,3
4,14,9,68,0.8,2,1,2,2,1,260.32,1,13,1,3,2,2,14,3,3,3,3
4,14,9,69,1.8,1,1,1,1,1,163.59,1,17,3,3,3,3,20,3,3,3,3
4,14,9,70,0.1,2,1,2,2,1,350.79,0,19,3,1,2,2,10,1,3,1,3
4,14,9,71,0.2,2,2,2,2,1,261.43,1,19,3,1,2,2,19,3,3,2,2
4,14,9,72,0.4,1,1,NaN,NaN,NaN,NaN,NaN,20,1,3,1,3,18,3,3,3,3
4,14,9,73,0.05,3,1,2,1,0,276.83,1,4,1,3,3,1,5,3,3,3,3
4,14,9,74,1.8,1,2,1,1,1,206.79,1,3,3,1,3,1,20,3,1,2,2
4,14,9,75,0.05,2,1,2,2,1,290.92,1,11,1,3,2,2,3,3,1,3,1
4,14,9,76,0.4,1,1,1,1,1,245.58,1,9,3,3,3,3,18,3,1,3,1
4,14,9,77,0.1,3,2,2,2,1,275.62,1,9,3,1,1,3,19,3,3,2,2
4,14,9,78,1.8,1,3,1,1,1,236.76,1,18,3,3,3,3,10,1,1,3,3
4,14,10,1,1.8,3,3,2,2,1,193.87,1,15,3,3,1,1,11,1,1,3,3
4,14,10,2,0.2,3,3,2,2,1,240.76,1,6,3,1,1,3,10,3,3,1,1
4,14,10,3,0.2,1,3,1,1,1,230.05,1,16,3,1,3,1,20,3,1,1,3
4,14,10,4,0.05,1,3,1,1,1,304.12,0,13,3,3,3,3,2,1,3,3,1
4,14,10,5,0.4,3,1,2,2,1,211.64,1,4,1,3,3,1,15,3,1,3,1
4,14,10,6,1.8,2,3,2,1,0,222.8,1,4,1,3,2,2,6,1,1,3,3
4,14,10,7,1.8,1,2,1,1,1,229.91,1,15,3,3,3,3,20,3,1,2,2
4,14,10,8,1.8,1,2,1,1,1,287.02,1,20,3,3,3,3,3,3,3,2,2
4,14,10,9,1.8,1,3,1,1,1,231.29,1,13,3,3,3,3,16,3,1,1,3
4,14,10,10,0.2,1,3,1,1,1,249.19,1,18,1,3,1,3,12,1,3,3,1
4,14,10,11,0.8,3,3,2,2,1,273.79,1,8,3,3,1,1,7,1,1,3,3
4,14,10,12,0.1,1,2,1,1,1,256.17,1,15,3,1,3,1,9,3,3,2,2
4,14,10,13,0.8,1,2,1,1,1,356.21,0,13,1,3,1,3,11,1,1,2,2
4,14,10,14,0.4,2,2,2,2,1,251.74,1,1,3,1,2,2,17,3,1,2,2
4,14,10,15,0.05,3,2,2,2,1,904.62,0,10,3,3,1,1,19,1,3,2,2
4,14,10,16,0.2,2,3,2,2,1,266.8,1,1,3,3,2,2,7,3,1,1,3
4,14,10,17,0.4,1,1,1,1,1,249.49,1,19,3,3,3,3,17,1,1,1,1
4,14,10,18,0.05,1,2,1,1,1,268.09,1,1,1,3,1,3,6,3,3,2,2
4,14,10,19,0.1,1,2,1,1,1,263.17,1,6,1,3,1,3,18,1,3,2,2
4,14,10,20,0.1,3,3,2,2,1,267.19,1,18,1,3,3,1,15,3,1,1,3
4,14,10,21,0.2,2,2,2,1,0,691.15,0,14,1,1,2,2,1,3,1,2,2
4,14,10,22,0.8,1,3,1,1,1,214.34,1,12,1,1,1,1,19,3,1,1,3
4,14,10,23,0.2,1,2,1,1,1,99.158,2,4,3,1,3,1,13,3,1,2,2
4,14,10,24,0.1,1,3,1,1,1,242.7,1,9,1,3,1,3,5,1,3,3,1
4,14,10,25,0.05,3,1,2,2,1,286.73,1,19,3,3,1,1,14,1,3,1,3
4,14,10,26,0.2,3,1,2,2,1,254.17,1,17,3,3,1,1,9,3,1,3,1
4,14,10,27,0.4,1,1,1,1,1,227.73,1,19,1,1,1,1,16,3,1,3,1
4,14,10,28,0.05,3,2,2,2,1,304.91,0,2,1,1,3,3,7,3,3,2,2
4,14,10,29,0.2,1,2,1,1,1,223.71,1,20,3,3,3,3,12,1,3,2,2
4,14,10,30,0.05,1,2,1,1,1,229.16,1,16,1,1,1,1,9,3,3,2,2
4,14,10,31,1.8,3,3,2,2,1,222.04,1,13,1,3,3,1,2,1,3,3,1
4,14,10,32,0.1,2,1,2,2,1,257.79,1,14,3,1,2,2,18,1,1,1,1
4,14,10,33,1.8,2,2,2,2,1,228.19,1,18,3,3,2,2,4,1,3,2,2
4,14,10,34,0.05,1,1,1,1,1,252.46,1,14,1,1,1,1,3,1,3,1,3
4,14,10,35,0.05,2,3,2,1,0,288.11,1,11,1,1,2,2,12,1,3,3,1
4,14,10,36,0.1,1,2,1,1,1,260.96,1,9,3,3,3,3,12,1,1,2,2
4,14,10,37,0.8,3,2,2,2,1,214.64,1,10,1,1,3,3,4,1,1,2,2
4,14,10,38,0.05,1,2,1,1,1,287.7,1,2,3,1,3,1,4,3,3,2,2
4,14,10,39,0.05,3,1,2,1,0,311.16,0,7,1,3,3,1,1,1,1,1,1
4,14,10,40,0.8,1,2,1,1,1,221.8,1,17,3,3,3,3,20,1,3,2,2
4,14,10,41,0.8,2,1,2,1,0,214.26,1,10,3,3,2,2,7,3,1,3,1
4,14,10,42,0.1,3,1,2,2,1,301.15,0,20,1,1,3,3,4,1,1,1,1
4,14,10,43,0.8,3,2,2,2,1,210.23,1,7,1,3,3,1,5,1,3,2,2
4,14,10,44,1.8,1,2,1,2,0,216.67,1,10,3,3,3,3,17,1,3,2,2
4,14,10,45,0.8,2,2,2,2,1,233.31,1,7,1,1,2,2,8,1,1,2,2
4,14,10,46,0.8,2,1,2,1,0,225.72,1,6,1,3,2,2,13,1,3,1,3
4,14,10,47,0.1,2,3,2,1,0,281.44,1,18,3,1,2,2,11,1,1,3,3
4,14,10,48,0.05,1,2,1,1,1,281.18,1,11,1,3,1,3,18,3,3,2,2
4,14,10,49,0.05,2,2,2,1,0,335.88,0,6,3,3,2,2,3,1,3,2,2
4,14,10,50,0.1,1,1,1,1,1,260.07,1,16,3,3,3,3,11,3,1,3,1
4,14,10,51,0.1,1,3,1,1,1,215.1,1,10,3,1,3,1,14,3,1,1,3
4,14,10,52,0.2,3,1,2,2,1,220.6,1,5,3,3,1,1,1,3,3,3,3
4,14,10,53,0.8,1,1,1,1,1,244.74,1,6,3,3,3,3,4,3,3,3,3
4,14,10,54,0.8,1,1,1,1,1,206.12,1,10,1,3,1,3,1,1,3,1,3
4,14,10,55,0.1,1,1,1,1,1,261.82,1,8,1,1,1,1,16,3,3,3,3
4,14,10,56,0.4,3,1,2,2,1,261.82,1,1,1,3,3,1,7,3,3,3,3
4,14,10,57,0.4,2,3,2,2,1,221.14,1,15,3,1,2,2,4,3,3,1,1
4,14,10,58,0.2,1,3,1,1,1,205.84,1,19,3,1,3,1,9,3,1,1,3
4,14,10,59,0.4,1,1,1,1,1,245.4,1,4,1,3,1,3,19,3,1,3,1
4,14,10,60,0.2,1,3,1,1,1,259.38,1,13,1,3,1,3,19,1,1,3,3
4,14,10,61,0.4,1,2,1,1,1,233,1,14,1,3,1,3,17,3,3,2,2
4,14,10,62,1.8,2,3,2,1,0,210.43,1,12,1,1,2,2,17,1,3,3,1
4,14,10,63,0.1,2,1,2,1,0,253.34,1,1,3,3,2,2,14,1,1,1,1
4,14,10,64,0.4,2,3,2,2,1,243.93,1,19,3,1,2,2,14,3,1,1,3
4,14,10,65,0.2,3,1,2,2,1,214.51,1,20,1,1,3,3,17,1,1,1,1
4,14,10,66,0.2,1,3,1,1,1,259.69,1,10,3,3,3,3,19,3,1,1,3
4,14,10,67,0.05,3,2,2,2,1,298.17,1,19,3,1,1,3,4,1,3,2,2
4,14,10,68,1.8,1,3,1,1,1,209.39,1,1,1,1,1,1,6,3,3,1,1
4,14,10,69,0.4,1,2,NaN,NaN,NaN,NaN,NaN,1,3,3,3,3,11,1,1,2,2
4,14,10,70,1.8,1,2,1,1,1,222.09,1,16,3,1,3,1,4,3,1,2,2
4,14,10,71,0.1,1,2,1,1,1,167.22,1,18,3,3,3,3,7,1,3,2,2
4,14,10,72,0.8,3,3,2,2,1,248.42,1,2,1,3,3,1,18,3,3,1,1
4,14,10,73,0.8,3,2,2,2,1,214.62,1,9,1,1,3,3,15,1,1,2,2
4,14,10,74,0.4,1,3,1,1,1,251.3,1,5,1,1,1,1,20,1,1,3,3
4,14,10,75,0.4,2,2,2,1,0,243.35,1,14,1,1,2,2,16,1,3,2,2
4,14,10,76,1.8,3,2,2,2,1,204.47,1,10,3,3,1,1,7,3,1,2,2
4,14,10,77,1.8,1,3,1,1,1,229.89,1,20,3,3,3,3,2,1,3,3,1
4,14,10,78,0.4,1,1,1,1,1,200.4,1,12,1,3,1,3,1,1,1,1,1
