3,4,1,1,0.1,1,2,1,1,1,195.64,1,4,1,3,1,3,4,3,3,2,2
3,4,1,2,0.4,1,2,1,1,1,190.95,1,18,3,1,3,1,17,3,3,2,2
3,4,1,3,0.2,1,2,1,1,1,222.47,1,1,1,1,1,1,11,3,1,2,2
3,4,1,4,0.05,1,1,1,1,1,281.45,1,5,3,3,3,3,9,1,1,1,1
3,4,1,5,0.8,1,1,NaN,NaN,NaN,NaN,NaN,10,1,1,1,1,8,3,3,3,3
3,4,1,6,1.8,2,1,2,2,1,197.72,1,14,3,1,2,2,9,3,1,3,1
3,4,1,7,0.05,1,1,1,1,1,270.39,1,5,1,3,1,3,2,3,1,3,1
3,4,1,8,0.05,1,1,1,1,1,202.51,1,16,1,3,1,3,5,3,1,3,1
3,4,1,9,0.1,3,3,2,2,1,203.87,1,16,1,1,3,3,19,3,1,1,3
3,4,1,10,1.8,1,1,1,1,1,237.46,1,12,1,1,1,1,3,3,1,3,1
3,4,1,11,0.2,2,1,2,2,1,253.4,1,1,1,1,2,2,19,1,1,1,1
3,4,1,12,0.2,2,2,2,2,1,148.48,1,2,3,3,2,2,13,3,3,2,2
3,4,1,13,0.05,1,1,1,1,1,297.96,1,8,1,3,1,3,3,3,1,3,1
3,4,1,14,0.4,1,3,1,1,1,253.09,1,9,3,1,3,1,7,3,3,1,1
3,4,1,15,0.1,3,1,2,2,1,255.07,1,17,1,1,3,3,18,3,1,3,1
3,4,1,16,0.4,3,3,2,2,1,196.37,1,3,3,3,1,1,10,3,3,1,1
3,4,1,17,0.1,2,2,2,2,1,291.54,1,8,3,3,2,2,19,1,1,2,2
3,4,1,18,0.1,2,2,2,2,1,220.08,1,3,1,1,2,2,3,3,3,2,2
3,4,1,19,0.4,3,2,2,2,1,261.09,1,5,1,1,3,3,8,1,1,2,2
3,4,1,20,1.8,1,1,1,1,1,217.58,1,6,3,3,3,3,18,3,3,3,3
3,4,1,21,1.8,2,2,2,2,1,239.62,1,18,1,3,2,2,13,3,3,2,2
3,4,1,22,0.8,3,3,2,2,1,246.88,1,6,1,1,3,3,16,3,1,1,3
3,4,1,23,1.8,2,1,2,2,1,276.8,1,18,1,3,2,2,5,1,1,1,1
3,4,1,24,1.8,3,3,2,2,1,218.05,1,2,1,1,3,3,5,1,1,3,3
3,4,1,25,0.1,3,3,2,2,1,265.32,1,14,1,1,3,3,14,1,1,3,3
3,4,1,26,0.2,1,2,1,1,1,280.03,1,14,1,3,1,3,8,1,3,2,2
3,4,1,27,0.05,3,1,2,2,1,265.63,1,15,1,1,3,3,16,1,3,1,3
3,4,1,28,0.8,1,3,1,1,1,259.72,1,3,1,3,1,3,16,1,3,3,1
3,4,1,29,0.8,1,2,1,1,1,285.15,1,19,3,3,3,3,4,3,3,2,2
3,4,1,30,0.8,1,2,1,2,0,244.12,1,8,3,3,3,3,18,3,3,2,2
3,4,1,31,1.8,2,1,2,2,1,204.46,1,5,1,3,2,2,17,1,1,1,1
3,4,1,32,0.05,2,2,2,2,1,272.67,1,20,3,3,2,2,2,3,1,2,2
3,4,1,33,0.1,3,3,2,2,1,321.21,0,5,3,3,1,1,12,1,3,3,1
3,4,1,34,0.2,2,2,2,1,0,250.58,1,2,1,1,2,2,11,3,3,2,2
3,4,1,35,0.4,3,3,2,2,1,261.54,1,11,3,3,1,1,16,3,3,1,1
3,4,1,36,0.4,1,3,1,1,1,279.2,1,17,1,1,1,1,17,3,3,1,1
3,4,1,37,0.05,1,3,1,1,1,322.94,0,17,3,3,3,3,4,3,3,1,1
3,4,1,38,0.1,1,1,1,1,1,224.76,1,3,3,1,3,1,19,3,3,3,3
3,4,1,39,0.8,3,3,2,2,1,239.14,1,3,1,1,3,3,20,1,1,3,3
3,4,1,40,0.1,1,2,1,1,1,308.15,0,8,1,1,1,1,13,1,3,2,2
3,4,1,41,0.2,1,1,1,2,0,259.68,1,13,1,3,1,3,16,1,1,1,1
3,4,1,42,0.8,1,3,NaN,NaN,NaN,NaN,NaN,9,3,1,3,1,5,3,1,1,3
3,4,1,43,0.1,2,2,2,2,1,233.7,1,20,1,1,2,2,5,1,3,2,2
3,4,1,44,0.8,1,3,1,1,1,216.85,1,14,1,3,1,3,8,1,1,3,3
3,4,1,45,1.8,1,3,1,1,1,197.79,1,2,3,3,3,3,2,1,1,3,3
3,4,1,46,0.4,2,2,2,2,1,273.38,1,20,1,3,2,2,10,1,1,2,2
3,4,1,47,0.2,1,1,1,1,1,230.15,1,18,1,3,1,3,2,3,1,3,1
3,4,1,48,0.2,1,2,1,2,0,306.04,0,18,3,3,3,3,3,1,1,2,2
3,4,1,49,1.8,1,1,1,1,1,305.56,0,11,1,3,1,3,4,1,3,1,3
3,4,1,50,0.2,3,3,2,2,1,260.56,1,14,3,3,1,1,8,1,1,3,3
3,4,1,51,0.1,1,3,1,1,1,259.25,1,15,3,3,3,3,6,3,3,1,1
3,4,1,52,0.05,3,1,2,2,1,257.62,1,20,1,1,3,3,16,3,3,3,3
3,4,1,53,0.8,1,3,1,1,1,223.07,1,5,3,3,3,3,8,1,1,3,3
3,4,1,54,1.8,3,1,2,2,1,224.42,1,13,1,3,3,1,20,1,1,1,1
3,4,1,55,0.05,2,2,2,2,1,295.52,1,6,1,3,2,2,9,3,1,2,2
3,4,1,56,0.05,3,2,2,1,0,241.73,1,12,1,3,3,1,1,3,1,2,2
3,4,1,57,0.2,2,3,2,2,1,270.56,1,5,3,3,2,2,18,3,3,1,1
3,4,1,58,0.4,3,3,2,2,1,250.22,1,12,1,3,3,1,9,1,1,3,3
3,4,1,59,1.8,1,3,1,2,0,242.92,1,2,1,1,1,1,15,1,1,3,3
3,4,1,60,0.2,1,3,1,1,1,287.95,1,3,3,3,3,3,16,3,1,1,3
3,4,1,61,0.8,2,3,NaN,NaN,NaN,NaN,NaN,18,1,1,2,2,15,3,1,1,3
3,4,1,62,1.8,1,2,1,1,1,214.56,1,10,1,1,1,1,8,3,1,2,2
3,4,1,63,0.4,1,1,1,1,1,251.67,1,6,1,1,1,1,5,3,3,3,3
3,4,1,64,0.05,1,3,1,1,1,303.64,0,8,1,3,1,3,2,3,3,1,1
3,4,1,65,0.4,1,1,1,1,1,226.55,1,18,3,3,3,3,19,1,3,1,3
3,4,1,66,0.05,2,1,2,1,0,227.08,1,4,3,3,2,2,17,3,1,3,1
3,4,1,67,0.4,1,2,1,1,1,352.76,0,20,1,1,1,1,16,1,3,2,2
3,4,1,68,0.05,1,1,1,1,1,308.14,0,12,3,3,3,3,7,3,3,3,3
3,4,1,69,0.4,3,2,2,2,1,254.66,1,13,3,3,1,1,17,3,1,2,2
3,4,1,70,0.8,3,1,2,2,1,216.76,1,12,3,3,1,1,9,1,3,1,3
3,4,1,71,0.1,1,1,1,1,1,245.75,1,4,1,1,1,1,2,1,1,1,1
3,4,1,72,0.4,3,2,2,2,1,231.56,1,17,3,1,1,3,2,3,1,2,2
3,4,1,73,0.2,2,2,2,2,1,266.67,1,3,1,3,2,2,12,1,1,2,2
3,4,1,74,0.1,1,3,1,2,0,310,0,14,1,3,1,3,12,3,3,1,1
3,4,1,75,1.8,2,2,2,2,1,304.86,0,5,1,3,2,2,9,1,1,2,2
3,4,1,76,0.8,3,3,2,2,1,234.13,1,5,1,3,3,1,19,3,3,1,1
3,4,1,77,0.2,1,2,1,1,1,285.02,1,16,1,3,1,3,9,3,3,2,2
3,4,1,78,0.8,1,2,1,1,1,242.11,1,6,3,1,3,1,19,3,1,2,2
3,4,2,1,0.8,1,3,1,1,1,227,1,20,3,3,3,3,9,3,3,1,1
3,4,2,2,0.05,2,2,2,2,1,257.07,1,15,3,1,2,2,12,3,1,2,2
3,4,2,3,1.8,3,3,2,2,1,217.95,1,19,3,1,1,3,4,3,1,1,3
3,4,2,4,0.05,2,3,2,2,1,517.73,0,7,3,1,2,2,13,1,3,3,1
3,4,2,5,0.1,2,3,2,2,1,252.99,1,20,3,3,2,2,17,1,3,3,1
3,4,2,6,0.2,1,2,1,1,1,272.61,1,7,3,3,3,3,20,3,1,2,2
3,4,2,7,0.8,3,1,NaN,NaN,NaN,NaN,NaN,13,3,1,1,3,19,1,1,1,1
3,4,2,8,0.8,1,2,1,1,1,246.96,1,4,3,1,3,1,17,3,3,2,2
3,4,2,9,0.2,2,2,2,2,1,279.61,1,18,3,3,2,2,2,1,3,2,2
3,4,2,10,1.8,1,1,1,1,1,298.78,1,12,1,3,1,3,6,3,3,3,3
3,4,2,11,0.8,3,1,2,2,1,251.85,1,4,1,3,3,1,3,3,3,3,3
3,4,2,12,0.4,1,3,1,1,1,308.08,0,7,1,1,1,1,5,1,3,3,1
3,4,2,13,0.05,1,1,1,1,1,337.63,0,7,1,3,1,3,16,1,1,1,1
3,4,2,14,0.2,1,2,1,1,1,277.09,1,10,3,3,3,3,15,3,1,2,2
3,4,2,15,0.4,2,3,2,2,1,200.64,1,1,1,3,2,2,20,3,3,1,1
3,4,2,16,0.05,2,2,2,2,1,291.33,1,9,3,3,2,2,12,3,3,2,2
3,4,2,17,0.8,1,2,1,1,1,253.83,1,8,3,3,3,3,9,1,3,2,2
3,4,2,18,0.05,3,3,2,2,1,323.53,0,13,3,3,1,1,15,1,3,3,1
3,4,2,19,0.4,1,3,1,1,1,222.52,1,16,3,1,3,1,13,1,1,3,3
3,4,2,20,0.4,1,3,1,1,1,265.76,1,18,1,1,1,1,8,3,1,1,3
3,4,2,21,0.1,3,3,2,2,1,257.45,1,5,1,1,3,3,4,1,1,3,3
3,4,2,22,0.05,3,2,2,2,1,299.77,1,10,1,3,3,1,15,1,1,2,2
3,4,2,23,0.8,3,3,2,2,1,252.73,1,2,3,1,1,3,12,1,1,3,3
3,4,2,24,0.05,1,2,1,1,1,295.26,1,15,1,1,1,1,15,3,3,2,2
3,4,2,25,0.8,1,3,1,1,1,241.69,1,18,3,1,3,1,3,3,3,1,1
3,4,2,26,0.2,3,1,2,2,1,261.46,1,4,1,1,3,3,5,1,3,1,3
3,4,2,27,0.1,1,1,1,1,1,292.37,1,15,3,1,3,1,4,1,3,1,3
3,4,2,28,1.8,3,2,2,2,1,204.65,1,5,3,3,1,1,8,1,1,2,2
3,4,2,29,0.8,3,1,2,2,1,240.21,1,15,3,3,1,1,20,3,3,3,3
3,4,2,30,1.8,1,1,1,1,1,223.11,1,13,1,3,1,3,16,1,1,1,1
3,4,2,31,0.4,3,3,2,2,1,276.52,1,3,1,3,3,1,19,3,1,1,3
3,4,2,32,0.2,1,3,1,1,1,261.84,1,9,1,3,1,3,3,1,1,3,3
3,4,2,33,0.2,1,2,1,1,1,280.4,1,1,3,3,3,3,14,1,3,2,2
3,4,2,34,0.2,2,1,2,1,0,261.78,1,1,1,1,2,2,3,1,1,1,1
3,4,2,35,1.8,1,1,1,1,1,267.06,1,16,1,1,1,1,13,3,1,3,1
3,4,2,36,0.2,1,3,1,1,1,286.26,1,10,1,1,1,1,11,3,1,1,3
3,4,2,37,0.8,1,2,1,1,1,283.86,1,17,3,3,3,3,1,1,3,2,2
3,4,2,38,0.4,2,2,2,1,0,243.04,1,1,1,1,2,2,16,1,3,2,2
3,4,2,39,1.8,1,2,1,1,1,222.88,1,18,3,3,3,3,2,1,3,2,2
3,4,2,40,0.4,1,1,1,1,1,278.97,1,19,3,3,3,3,5,3,3,3,3
3,4,2,41,0.1,1,2,1,1,1,303.5,0,11,3,1,3,1,13,3,3,2,2
3,4,2,42,0.2,1,3,1,1,1,250.63,1,17,1,3,1,3,8,3,1,1,3
3,4,2,43,0.05,1,2,1,1,1,286.09,1,16,1,1,1,1,15,3,1,2,2
3,4,2,44,0.2,2,2,2,2,1,341.2,0,20,3,1,2,2,14,1,1,2,2
3,4,2,45,0.1,2,1,2,2,1,272.42,1,8,1,3,2,2,17,3,1,3,1
3,4,2,46,1.8,1,2,1,1,1,267.49,1,10,1,1,1,1,3,1,1,2,2
3,4,2,47,0.05,3,3,2,2,1,269.05,1,1,3,3,1,1,10,1,1,3,3
3,4,2,48,0.8,1,1,1,1,1,240.59,1,8,1,1,1,1,20,3,3,3,3
3,4,2,49,0.1,1,1,1,1,1,254.36,1,14,1,1,1,1,12,3,3,3,3
3,4,2,50,0.05,1,3,1,1,1,283.06,1,19,3,3,3,3,10,3,3,1,1
3,4,2,51,0.2,1,1,1,1,1,231.49,1,6,1,1,1,1,14,1,1,1,1
3,4,2,52,0.4,1,1,1,1,1,234.53,1,20,1,3,1,3,9,3,3,3,3
3,4,2,53,0.8,3,3,2,2,1,249.27,1,3,1,3,3,1,13,1,3,3,1
3,4,2,54,0.4,1,3,1,1,1,305.86,0,15,3,3,3,3,4,1,1,3,3
3,4,2,55,0.05,1,2,1,1,1,263.83,1,11,3,3,3,3,9,1,1,2,2
3,4,2,56,0.2,3,1,2,2,1,326.44,0,11,3,3,1,1,5,3,1,3,1
3,4,2,57,0.05,1,2,1,1,1,256.42,1,16,3,1,3,1,19,1,1,2,2
3,4,2,58,0.4,1,2,1,1,1,280.23,1,5,3,3,3,3,12,1,1,2,2
3,4,2,59,0.4,1,3,1,1,1,233.06,1,8,3,1,3,1,20,1,1,3,3
3,4,2,60,0.4,1,1,1,1,1,264.84,1,9,3,1,3,1,19,3,1,3,1
3,4,2,61,1.8,1,1,1,1,1,226.46,1,3,3,1,3,1,11,1,1,1,1
3,4,2,62,0.1,1,2,1,1,1,276.78,1,4,1,3,1,3,6,1,1,2,2
3,4,2,63,1.8,3,1,2,2,1,263.72,1,13,1,1,3,3,8,1,3,1,3
3,4,2,64,1.8,2,1,2,2,1,234.02,1,20,3,3,2,2,3,1,3,1,3
3,4,2,65,1.8,2,1,2,2,1,223.48,1,18,1,1,2,2,10,3,1,3,1
3,4,2,66,1.8,2,2,2,1,0,220.34,1,12,1,1,2,2,15,3,3,2,2
3,4,2,67,0.8,1,2,1,1,1,302.81,0,11,3,3,3,3,4,1,3,2,2
3,4,2,68,0.05,2,3,2,2,1,321.32,0,9,3,1,2,2,12,1,1,3,3
3,4,2,69,0.2,1,3,1,1,1,279.66,1,13,1,3,1,3,6,3,3,1,1
3,4,2,70,0.1,1,1,1,1,1,267.14,1,20,1,1,1,1,13,1,3,1,3
3,4,2,71,0.4,3,3,2,2,1,297.64,1,19,3,3,1,1,6,1,3,3,1
3,4,2,72,0.8,1,3,1,1,1,254.79,1,11,3,1,3,1,10,3,3,1,1
3,4,2,73,0.1,3,3,2,2,1,273.55,1,9,1,1,3,3,17,1,1,3,3
3,4,2,74,0.1,1,3,1,1,1,301.7,0,19,3,3,3,3,3,1,1,3,3
3,4,2,75,1.8,1,3,NaN,NaN,NaN,NaN,NaN,5,1,1,1,1,7,1,1,3,3
3,4,2,76,0.1,2,1,2,2,1,371.75,0,15,1,1,2,2,8,3,3,3,3
3,4,2,77,0.1,1,2,1,1,1,243.18,1,20,3,3,3,3,5,3,3,2,2
3,4,2,78,0.1,3,1,NaN,NaN,NaN,NaN,NaN,8,3,1,1,3,14,3,1,3,1
3,4,3,1,1.8,1,3,1,1,1,249.01,1,10,1,3,1,3,4,1,1,3,3
3,4,3,2,0.4,2,3,2,2,1,249.04,1,6,3,1,2,2,19,3,1,1,3
3,4,3,3,0.1,1,3,1,1,1,306.82,0,11,3,1,3,1,13,1,1,3,3
3,4,3,4,0.1,1,2,1,1,1,259.88,1,9,1,1,1,1,9,3,1,2,2
3,4,3,5,0.2,3,1,2,2,1,263.53,1,5,3,1,1,3,1,3,1,3,1
3,4,3,6,0.2,1,3,1,1,1,304.34,0,3,3,3,3,3,12,1,3,3,1
3,4,3,7,1.8,1,1,NaN,NaN,NaN,NaN,NaN,1,1,1,1,1,5,3,1,3,1
3,4,3,8,0.4,1,2,1,1,1,282.62,1,16,1,1,1,1,5,3,1,2,2
3,4,3,9,0.2,1,1,1,1,1,431.72,0,9,1,1,1,1,12,3,1,3,1
3,4,3,10,0.1,2,2,2,1,0,270.05,1,3,3,1,2,2,1,1,1,2,2
3,4,3,11,0.8,2,2,2,2,1,242.53,1,16,1,1,2,2,11,3,3,2,2
3,4,3,12,0.1,2,2,2,2,1,273.74,1,8,3,3,2,2,18,3,1,2,2
3,4,3,13,0.8,1,2,1,1,1,257.95,1,10,1,3,1,3,19,1,3,2,2
3,4,3,14,0.1,2,3,2,2,1,298.61,1,3,3,3,2,2,12,3,1,1,3
3,4,3,15,1.8,3,2,2,2,1,217.59,1,18,3,1,1,3,11,1,3,2,2
3,4,3,16,0.4,1,2,1,1,1,269.25,1,12,3,3,3,3,9,3,1,2,2
3,4,3,17,0.8,3,3,2,2,1,247.03,1,20,3,3,1,1,6,1,1,3,3
3,4,3,18,0.2,3,2,2,2,1,285.77,1,13,1,3,3,1,3,1,3,2,2
3,4,3,19,1.8,1,1,1,1,1,243.9,1,4,1,3,1,3,10,3,3,3,3
3,4,3,20,0.1,1,1,1,1,1,300.87,0,19,1,1,1,1,15,3,3,3,3
3,4,3,21,0.1,1,1,1,1,1,269.1,1,13,3,3,3,3,7,1,3,1,3
3,4,3,22,0.4,3,1,2,2,1,334.04,0,6,3,1,1,3,19,1,3,1,3
3,4,3,23,0.05,1,2,1,1,1,228.69,1,1,3,1,3,1,3,3,1,2,2
3,4,3,24,0.2,1,3,1,1,1,262.09,1,10,1,3,1,3,11,3,3,1,1
3,4,3,25,0.05,3,2,2,2,1,287.03,1,11,1,1,3,3,7,3,1,2,2
3,4,3,26,1.8,1,2,1,1,1,278.27,1,8,3,1,3,1,6,1,3,2,2
3,4,3,27,1.8,1,1,1,1,1,278.01,1,9,3,1,3,1,12,3,1,3,1
3,4,3,28,0.4,1,3,1,1,1,273.6,1,14,1,1,1,1,5,3,1,1,3
3,4,3,29,0.8,3,3,2,2,1,261.26,1,1,3,1,1,3,10,3,3,1,1
3,4,3,30,1.8,1,3,1,1,1,280.18,1,6,3,1,3,1,5,3,1,1,3
3,4,3,31,0.8,1,2,1,1,1,257.62,1,2,1,1,1,1,17,3,3,2,2
3,4,3,32,0.05,2,3,2,1,0,314.4,0,10,1,1,2,2,12,1,1,3,3
3,4,3,33,0.8,1,3,1,1,1,273.29,1,4,3,1,3,1,19,3,1,1,3
3,4,3,34,0.4,1,3,1,1,1,238.35,1,18,1,1,1,1,10,3,3,1,1
3,4,3,35,0.4,3,3,2,2,1,237.75,1,3,3,3,1,1,10,1,3,3,1
3,4,3,36,0.05,2,2,2,1,0,274.31,1,3,1,3,2,2,1,1,3,2,2
3,4,3,37,1.8,3,3,2,2,1,223.48,1,15,3,1,1,3,12,3,1,1,3
3,4,3,38,0.05,3,1,2,2,1,304.7,0,16,1,3,3,1,17,1,3,1,3
3,4,3,39,0.8,1,2,1,1,1,251.61,1,7,1,3,1,3,12,3,1,2,2
3,4,3,40,0.4,1,1,1,1,1,266.69,1,18,1,3,1,3,10,1,1,1,1
3,4,3,41,0.2,1,2,1,1,1,254.69,1,9,3,3,3,3,16,3,1,2,2
3,4,3,42,0.4,1,2,1,1,1,267.47,1,10,1,3,1,3,16,1,1,2,2
3,4,3,43,0.8,1,2,1,1,1,269.56,1,5,3,1,3,1,13,3,3,2,2
3,4,3,44,1.8,1,2,1,1,1,213.1,1,12,1,1,1,1,8,3,3,2,2
3,4,3,45,0.05,3,2,2,2,1,314.79,0,19,3,3,1,1,11,3,1,2,2
3,4,3,46,0.05,2,2,2,1,0,270.09,1,10,3,3,2,2,13,3,1,2,2
3,4,3,47,0.05,3,2,2,2,1,276.17,1,16,1,3,3,1,3,3,1,2,2
3,4,3,48,0.2,1,2,1,1,1,236.55,1,6,3,1,3,1,19,3,3,2,2
3,4,3,49,0.1,3,2,2,2,1,244.21,1,17,1,1,3,3,1,1,3,2,2
3,4,3,50,0.2,2,1,2,2,1,255.31,1,18,1,1,2,2,7,3,3,3,3
3,4,3,51,0.2,1,1,1,2,0,271.04,1,14,1,1,1,1,20,1,3,1,3
3,4,3,52,1.8,2,2,NaN,NaN,NaN,NaN,NaN,11,1,1,2,2,15,1,3,2,2
3,4,3,53,0.8,1,1,1,1,1,321.2,0,2,1,3,1,3,2,1,3,1,3
3,4,3,54,0.2,3,1,2,2,1,285.97,1,7,1,3,3,1,7,3,1,3,1
3,4,3,55,0.8,3,2,2,2,1,263.35,1,2,3,1,1,3,1,3,3,2,2
3,4,3,56,1.8,2,3,2,2,1,215.45,1,9,1,3,2,2,13,3,1,1,3
3,4,3,57,1.8,2,1,2,2,1,218.74,1,11,3,1,2,2,13,1,3,1,3
3,4,3,58,0.2,2,3,2,2,1,274.34,1,1,1,3,2,2,9,3,3,1,1
3,4,3,59,0.4,1,1,1,1,1,273.54,1,14,1,3,1,3,11,1,1,1,1
3,4,3,60,0.1,1,2,1,1,1,282.39,1,17,1,1,1,1,16,3,3,2,2
3,4,3,61,0.05,3,2,2,2,1,296.16,1,1,1,1,3,3,12,1,3,2,2
3,4,3,62,0.05,3,1,2,2,1,274.25,1,7,1,1,3,3,5,3,1,3,1
3,4,3,63,0.1,2,2,2,1,0,264.19,1,4,3,3,2,2,9,3,3,2,2
3,4,3,64,0.05,3,2,2,1,0,324.13,0,7,3,3,1,1,5,1,3,2,2
3,4,3,65,0.8,1,2,1,1,1,277.89,1,3,3,1,3,1,5,3,1,2,2
3,4,3,66,0.4,1,2,1,1,1,263.61,1,15,1,3,1,3,14,3,1,2,2
3,4,3,67,0.1,2,2,2,2,1,322.19,0,14,1,3,2,2,6,3,1,2,2
3,4,3,68,0.05,1,3,1,1,1,294.25,1,7,3,1,3,1,9,1,3,3,1
3,4,3,69,0.05,2,1,2,2,1,393.61,0,2,1,1,2,2,5,1,1,1,1
3,4,3,70,0.8,1,3,NaN,NaN,NaN,NaN,NaN,12,1,3,1,3,2,3,3,1,1
3,4,3,71,0.4,1,3,1,2,0,308.07,0,5,3,1,3,1,12,1,3,3,1
3,4,3,72,0.4,2,1,2,2,1,288.54,1,3,1,3,2,2,10,3,3,3,3
3,4,3,73,0.8,2,2,2,1,0,303.12,0,12,1,3,2,2,18,1,3,2,2
3,4,3,74,0.1,2,2,2,2,1,307.36,0,14,1,1,2,2,16,3,3,2,2
3,4,3,75,0.2,1,3,1,1,1,252.57,1,12,3,3,3,3,9,3,3,1,1
3,4,3,76,0.2,1,3,1,1,1,287.58,1,4,1,3,1,3,5,3,3,1,1
3,4,3,77,0.1,1,2,1,2,0,297.52,1,18,1,3,1,3,19,3,1,2,2
3,4,3,78,1.8,2,1,2,1,0,262.56,1,10,3,3,2,2,12,1,1,1,1
3,4,4,1,0.4,3,3,2,2,1,244.8,1,7,3,3,1,1,15,3,1,1,3
3,4,4,2,0.1,3,3,2,2,1,230.32,1,19,1,1,3,3,10,1,1,3,3
3,4,4,3,0.2,1,1,1,1,1,272.01,1,6,1,1,1,1,19,1,3,1,3
3,4,4,4,0.05,1,3,1,1,1,355.14,0,9,1,3,1,3,7,1,3,3,1
3,4,4,5,0.8,3,1,2,2,1,255.67,1,12,3,1,1,3,5,3,3,3,3
3,4,4,6,1.8,1,3,1,1,1,236.62,1,3,3,1,3,1,6,1,1,3,3
3,4,4,7,0.2,1,2,1,1,1,277.9,1,14,3,1,3,1,10,1,1,2,2
3,4,4,8,1.8,1,1,1,2,0,219.88,1,4,1,1,1,1,19,1,1,1,1
3,4,4,9,0.1,1,2,1,1,1,324.34,0,13,1,1,1,1,13,1,1,2,2
3,4,4,10,0.4,1,1,1,1,1,254.67,1,13,1,1,1,1,12,1,3,1,3
3,4,4,11,0.1,3,2,2,2,1,262.16,1,8,1,1,3,3,14,1,1,2,2
3,4,4,12,0.4,3,1,2,2,1,269.39,1,4,3,3,1,1,20,1,1,1,1
3,4,4,13,0.4,1,1,1,1,1,267.94,1,6,3,1,3,1,13,3,1,3,1
3,4,4,14,1.8,1,2,1,1,1,226.75,1,9,1,3,1,3,6,3,3,2,2
3,4,4,15,0.8,1,2,1,1,1,264.8,1,3,1,1,1,1,3,1,3,2,2
3,4,4,16,0.05,1,3,1,1,1,315.63,0,2,1,3,1,3,12,1,1,3,3
3,4,4,17,0.4,1,3,1,1,1,267.46,1,16,3,3,3,3,15,1,3,3,1
3,4,4,18,0.1,1,2,1,1,1,298.15,1,14,3,1,3,1,4,1,1,2,2
3,4,4,19,0.1,3,1,2,2,1,237.68,1,17,1,1,3,3,15,3,1,3,1
3,4,4,20,0.8,1,1,1,1,1,231.62,1,3,3,1,3,1,3,1,1,1,1
3,4,4,21,0.05,1,1,1,1,1,273.79,1,6,3,1,3,1,6,1,1,1,1
3,4,4,22,0.4,1,2,1,1,1,259.4,1,10,1,1,1,1,7,3,1,2,2
3,4,4,23,1.8,3,2,2,2,1,277.08,1,6,1,3,3,1,3,1,3,2,2
3,4,4,24,0.05,1,3,1,1,1,287.11,1,14,3,3,3,3,18,3,1,1,3
3,4,4,25,0.8,1,2,NaN,NaN,NaN,NaN,NaN,2,1,1,1,1,10,1,1,2,2
3,4,4,26,1.8,1,2,1,1,1,259.9,1,5,1,3,1,3,16,3,1,2,2
3,4,4,27,0.1,1,2,1,1,1,281.17,1,8,1,1,1,1,12,1,3,2,2
3,4,4,28,0.1,3,2,2,2,1,255.89,1,13,1,3,3,1,17,3,1,2,2
3,4,4,29,0.2,1,1,1,1,1,293.71,1,17,3,1,3,1,20,3,1,3,1
3,4,4,30,0.8,2,2,NaN,NaN,NaN,NaN,NaN,19,1,3,2,2,2,1,1,2,2
3,4,4,31,0.05,2,3,2,1,0,271.09,1,10,3,1,2,2,12,1,3,3,1
3,4,4,32,0.2,1,2,1,1,1,318.09,0,18,3,3,3,3,6,1,1,2,2
3,4,4,33,1.8,3,2,2,2,1,276.28,1,18,3,1,1,3,10,3,1,2,2
3,4,4,34,0.8,3,1,2,2,1,339.73,0,11,1,3,3,1,18,3,3,3,3
3,4,4,35,0.1,1,2,1,1,1,307.04,0,6,3,3,3,3,3,1,1,2,2
3,4,4,36,0.8,2,1,2,2,1,275.79,1,19,3,1,2,2,15,3,1,3,1
3,4,4,37,0.1,3,3,2,2,1,300.85,0,20,1,3,3,1,17,1,1,3,3
3,4,4,38,0.2,1,3,1,1,1,318.66,0,9,1,1,1,1,20,1,3,3,1
3,4,4,39,0.2,1,2,1,1,1,276.32,1,4,3,3,3,3,8,1,1,2,2
3,4,4,40,1.8,1,1,1,1,1,286.78,1,5,1,3,1,3,4,3,1,3,1
3,4,4,41,0.4,2,2,2,2,1,242.25,1,14,1,3,2,2,19,1,1,2,2
3,4,4,42,0.1,1,1,1,1,1,279.24,1,20,1,1,1,1,7,3,3,3,3
3,4,4,43,0.2,3,1,2,2,1,304.73,0,16,3,3,1,1,1,3,1,3,1
3,4,4,44,0.8,3,2,2,2,1,293.7,1,19,1,1,3,3,3,3,3,2,2
3,4,4,45,0.4,2,1,2,2,1,246.94,1,14,3,3,2,2,13,3,1,3,1
3,4,4,46,1.8,1,2,1,1,1,262.97,1,5,1,1,1,1,6,3,3,2,2
3,4,4,47,0.8,1,3,NaN,NaN,NaN,NaN,NaN,13,1,3,1,3,11,1,1,3,3
3,4,4,48,1.8,1,3,1,1,1,313,0,19,1,3,1,3,4,3,3,1,1
3,4,4,49,1.8,3,2,NaN,NaN,NaN,NaN,NaN,5,1,1,3,3,5,1,1,2,2
3,4,4,50,0.05,1,1,1,1,1,374.5,0,6,3,3,3,3,10,1,3,1,3
3,4,4,51,0.4,1,1,1,1,1,246.63,1,18,3,3,3,3,12,3,1,3,1
3,4,4,52,0.1,1,1,1,1,1,251.04,1,11,1,1,1,1,8,1,3,1,3
3,4,4,53,0.05,1,3,1,1,1,303.54,0,8,1,3,1,3,3,3,3,1,1
3,4,4,54,0.05,1,1,1,1,1,301.52,0,3,3,1,3,1,20,3,3,3,3
3,4,4,55,0.2,3,2,2,2,1,281.09,1,20,1,1,3,3,3,1,3,2,2
3,4,4,56,0.4,1,2,1,1,1,253.1,1,4,1,1,1,1,11,3,3,2,2
3,4,4,57,0.8,1,3,1,1,1,279.29,1,20,1,3,1,3,16,3,1,1,3
3,4,4,58,0.2,3,3,2,2,1,266.8,1,10,3,3,1,1,19,3,1,1,3
3,4,4,59,0.4,2,3,2,2,1,464.11,0,11,3,3,2,2,1,1,3,3,1
3,4,4,60,0.8,1,3,1,1,1,291.79,1,14,3,3,3,3,15,1,1,3,3
3,4,4,61,1.8,1,2,1,1,1,229.07,1,11,1,3,1,3,16,3,1,2,2
3,4,4,62,0.4,2,1,2,2,1,272.04,1,18,1,3,2,2,10,3,3,3,3
3,4,4,63,0.8,1,2,1,1,1,246.08,1,9,1,1,1,1,11,1,1,2,2
3,4,4,64,0.2,1,3,1,1,1,283.22,1,18,3,1,3,1,14,3,3,1,1
3,4,4,65,0.05,1,3,1,1,1,270.61,1,18,1,3,1,3,15,1,3,3,1
3,4,4,66,0.1,1,3,1,1,1,279.69,1,15,1,3,1,3,19,3,1,1,3
3,4,4,67,1.8,2,3,2,2,1,243.82,1,11,1,3,2,2,18,3,1,1,3
3,4,4,68,0.4,1,2,1,1,1,292.97,1,19,1,1,1,1,11,1,3,2,2
3,4,4,69,0.05,3,3,2,2,1,282.97,1,18,3,3,1,1,11,3,1,1,3
3,4,4,70,0.05,2,2,2,1,0,291.71,1,1,3,1,2,2,10,3,1,2,2
3,4,4,71,0.1,1,2,1,1,1,247.34,1,3,1,3,1,3,11,1,3,2,2
3,4,4,72,1.8,2,1,2,2,1,261.94,1,4,3,3,2,2,6,3,1,3,1
3,4,4,73,0.2,3,1,2,2,1,315.72,0,6,1,3,3,1,2,1,3,1,3
3,4,4,74,0.05,3,1,2,2,1,286.1,1,17,3,1,1,3,15,1,1,1,1
3,4,4,75,0.2,1,1,1,1,1,294.69,1,14,3,3,3,3,6,3,1,3,1
3,4,4,76,0.2,2,1,2,2,1,200.41,1,10,1,3,2,2,10,1,3,1,3
3,4,4,77,0.8,1,2,1,1,1,296.45,1,20,3,1,3,1,9,3,3,2,2
3,4,4,78,0.05,1,1,1,2,0,373.35,0,17,3,3,3,3,6,1,3,1,3
3,4,5,1,0.1,1,1,1,1,1,347.44,0,7,1,1,1,1,20,3,3,3,3
3,4,5,2,1.8,3,1,2,2,1,229.22,1,20,3,1,1,3,17,3,1,3,1
3,4,5,3,0.2,3,1,2,2,1,312.06,0,15,1,1,3,3,13,3,3,3,3
3,4,5,4,1.8,2,1,NaN,NaN,NaN,NaN,NaN,5,1,3,2,2,8,3,1,3,1
3,4,5,5,0.4,2,1,2,2,1,314.4,0,4,1,1,2,2,11,1,1,1,1
3,4,5,6,0.4,3,1,2,2,1,348.24,0,7,3,3,1,1,5,3,3,3,3
3,4,5,7,0.2,1,3,1,1,1,216.87,1,19,3,1,3,1,20,1,1,3,3
3,4,5,8,0.1,1,2,1,1,1,274,1,16,1,3,1,3,8,1,3,2,2
3,4,5,9,0.2,1,1,1,1,1,145.07,1,2,1,1,1,1,13,1,3,1,3
3,4,5,10,0.4,1,3,1,1,1,316.89,0,15,1,3,1,3,20,3,3,1,1
3,4,5,11,0.1,1,2,1,1,1,281.34,1,3,1,3,1,3,15,3,3,2,2
3,4,5,12,0.05,3,2,2,2,1,311.59,0,3,1,3,3,1,16,3,3,2,2
3,4,5,13,1.8,2,1,2,2,1,226.08,1,6,3,1,2,2,17,1,3,1,3
3,4,5,14,0.8,3,3,2,2,1,254.08,1,11,3,1,1,3,10,1,1,3,3
3,4,5,15,1.8,3,2,2,2,1,212.24,1,7,3,1,1,3,4,3,3,2,2
3,4,5,16,0.4,3,2,2,2,1,269.44,1,8,3,1,1,3,17,1,1,2,2
3,4,5,17,1.8,3,3,2,2,1,231.31,1,1,3,3,1,1,12,1,1,3,3
3,4,5,18,0.05,1,3,1,1,1,305.88,0,17,3,3,3,3,2,1,1,3,3
3,4,5,19,0.8,1,2,1,1,1,258.04,1,12,3,3,3,3,16,3,3,2,2
3,4,5,20,0.1,1,2,1,1,1,307.71,0,8,3,1,3,1,10,1,3,2,2
3,4,5,21,0.1,2,2,2,2,1,302.63,0,15,1,3,2,2,10,1,1,2,2
3,4,5,22,0.05,2,1,2,2,1,296.59,1,3,3,3,2,2,14,3,1,3,1
3,4,5,23,0.4,1,2,1,1,1,290.96,1,14,1,3,1,3,17,1,3,2,2
3,4,5,24,0.05,1,2,1,1,1,357.38,0,20,3,3,3,3,15,3,3,2,2
3,4,5,25,0.4,1,2,1,1,1,236.73,1,3,1,1,1,1,20,3,3,2,2
3,4,5,26,1.8,1,3,1,1,1,225.02,1,9,1,1,1,1,12,3,3,1,1
3,4,5,27,0.05,2,3,2,1,0,324.75,0,3,3,1,2,2,17,3,1,1,3
3,4,5,28,0.2,1,2,1,1,1,264.94,1,20,3,1,3,1,1,1,3,2,2
3,4,5,29,0.8,1,1,1,1,1,310.38,0,20,3,1,3,1,4,1,1,1,1
3,4,5,30,0.05,1,3,1,1,1,246.67,1,6,1,1,1,1,13,3,1,1,3
3,4,5,31,1.8,2,3,2,2,1,228.39,1,16,1,1,2,2,4,3,3,1,1
3,4,5,32,1.8,1,1,1,1,1,279.23,1,17,1,1,1,1,17,3,1,3,1
3,4,5,33,0.2,1,3,1,1,1,292.81,1,3,1,1,1,1,9,1,1,3,3
3,4,5,34,1.8,1,1,1,1,1,287.52,1,7,1,1,1,1,9,1,3,1,3
3,4,5,35,0.8,1,2,1,1,1,255.55,1,13,3,1,3,1,6,3,3,2,2
3,4,5,36,1.8,1,1,1,1,1,229.49,1,14,3,3,3,3,17,3,1,3,1
3,4,5,37,0.8,2,2,2,1,0,291.58,1,10,1,1,2,2,8,1,3,2,2
3,4,5,38,0.2,3,2,2,2,1,254.96,1,7,3,1,1,3,7,3,3,2,2
3,4,5,39,0.4,3,1,2,2,1,295.76,1,8,1,1,3,3,9,1,3,1,3
3,4,5,40,0.05,1,1,1,1,1,359.04,0,14,3,1,3,1,12,1,1,1,1
3,4,5,41,0.4,2,1,2,2,1,240.77,1,9,1,3,2,2,14,3,3,3,3
3,4,5,42,0.8,1,3,1,1,1,288.13,1,11,3,1,3,1,15,1,1,3,3
3,4,5,43,0.2,1,2,1,1,1,279.41,1,9,3,1,3,1,19,1,1,2,2
3,4,5,44,1.8,1,3,1,1,1,267.58,1,18,3,3,3,3,13,1,3,3,1
3,4,5,45,0.1,3,2,2,2,1,261.49,1,8,1,3,3,1,4,1,3,2,2
3,4,5,46,0.2,3,1,2,2,1,264.03,1,5,1,3,3,1,13,1,1,1,1
3,4,5,47,0.4,1,1,1,1,1,260.3,1,10,1,3,1,3,12,3,1,3,1
3,4,5,48,0.05,3,2,2,2,1,353.61,0,18,3,1,1,3,1,3,1,2,2
3,4,5,49,0.2,1,3,1,1,1,246.01,1,9,1,1,1,1,15,3,3,1,1
3,4,5,50,0.05,1,1,1,1,1,561.02,0,8,3,3,3,3,15,1,3,1,3
3,4,5,51,0.2,1,3,1,1,1,321.82,0,12,1,1,1,1,16,1,1,3,3
3,4,5,52,0.8,2,1,2,2,1,228.73,1,14,3,1,2,2,7,3,1,3,1
3,4,5,53,0.05,1,3,1,1,1,274.3,1,18,3,1,3,1,10,3,3,1,1
3,4,5,54,0.8,3,2,2,2,1,260.81,1,4,1,3,3,1,4,1,1,2,2
3,4,5,55,0.05,3,3,2,2,1,305.52,0,5,3,3,1,1,20,3,3,1,1
3,4,5,56,1.8,3,3,2,2,1,240.22,1,12,3,3,1,1,8,1,3,3,1
3,4,5,57,0.2,1,3,1,1,1,313.06,0,7,1,1,1,1,8,1,3,3,1
3,4,5,58,0.4,1,3,1,1,1,273.26,1,8,3,3,3,3,18,3,3,1,1
3,4,5,59,0.8,3,3,2,2,1,225.35,1,11,3,1,1,3,1,3,1,1,3
3,4,5,60,0.2,3,2,2,2,1,274.71,1,15,3,3,1,1,19,1,3,2,2
3,4,5,61,1.8,2,1,2,2,1,272.22,1,15,1,1,2,2,19,3,1,3,1
3,4,5,62,0.4,1,2,1,1,1,282.48,1,12,3,1,3,1,11,1,1,2,2
3,4,5,63,0.2,1,1,1,1,1,134.75,1,17,1,1,1,1,3,1,3,1,3
3,4,5,64,0.4,1,3,1,1,1,264.05,1,9,1,3,1,3,3,1,3,3,1
3,4,5,65,0.1,2,2,2,2,1,314.12,0,13,3,1,2,2,9,1,3,2,2
3,4,5,66,0.8,1,2,1,1,1,283.66,1,16,1,1,1,1,12,1,3,2,2
3,4,5,67,0.8,3,3,2,2,1,247.34,1,6,3,1,1,3,6,3,3,1,1
3,4,5,68,0.1,3,1,2,2,1,236.2,1,2,3,3,1,1,18,1,1,1,1
3,4,5,69,0.8,1,1,1,1,1,372.42,0,13,3,3,3,3,5,3,3,3,3
3,4,5,70,0.05,1,3,1,2,0,431.85,0,20,3,1,3,1,15,3,3,1,1
3,4,5,71,0.1,1,2,1,1,1,218.27,1,2,1,1,1,1,14,1,1,2,2
3,4,5,72,0.1,3,2,2,2,1,236.58,1,1,1,1,3,3,19,3,3,2,2
3,4,5,73,0.05,1,2,1,1,1,288.92,1,4,1,3,1,3,8,3,1,2,2
3,4,5,74,0.8,1,2,1,1,1,245.08,1,11,1,1,1,1,9,1,3,2,2
3,4,5,75,0.1,1,3,1,1,1,324.68,0,10,1,1,1,1,4,3,3,1,1
3,4,5,76,0.4,1,3,1,1,1,364.79,0,15,1,1,1,1,16,1,3,3,1
3,4,5,77,0.1,3,3,2,1,0,220.07,1,10,1,1,3,3,16,1,3,3,1
3,4,5,78,0.1,1,2,1,1,1,295.47,1,10,1,1,1,1,4,3,3,2,2
3,4,6,1,0.8,1,2,1,1,1,262.39,1,20,3,3,3,3,17,1,1,2,2
3,4,6,2,0.4,1,3,1,1,1,262.8,1,19,3,1,3,1,8,3,3,1,1
3,4,6,3,0.05,3,3,2,2,1,308.36,0,4,1,3,3,1,2,3,3,1,1
3,4,6,4,0.05,2,1,2,1,0,260.11,1,11,1,1,2,2,1,1,1,1,1
3,4,6,5,0.1,2,1,2,2,1,251.38,1,14,1,3,2,2,8,3,3,3,3
3,4,6,6,0.4,1,3,1,1,1,380.94,0,7,3,3,3,3,3,1,1,3,3
3,4,6,7,0.8,2,2,NaN,NaN,NaN,NaN,NaN,11,1,1,2,2,6,1,3,2,2
3,4,6,8,1.8,2,3,2,1,0,293.83,1,19,3,3,2,2,15,1,1,3,3
3,4,6,9,0.2,1,3,1,1,1,207.43,1,6,3,1,3,1,4,1,1,3,3
3,4,6,10,1.8,1,2,1,1,1,287.49,1,3,3,3,3,3,5,3,3,2,2
3,4,6,11,0.8,3,1,2,2,1,222.81,1,1,1,1,3,3,7,1,3,1,3
3,4,6,12,0.1,1,1,1,1,1,293.43,1,2,3,3,3,3,8,3,3,3,3
3,4,6,13,0.4,1,3,1,1,1,255.51,1,18,3,1,3,1,20,3,1,1,3
3,4,6,14,0.8,1,2,1,1,1,329.21,0,4,3,1,3,1,9,3,1,2,2
3,4,6,15,0.8,3,1,2,2,1,256.09,1,3,3,3,1,1,14,3,3,3,3
3,4,6,16,0.4,1,3,1,1,1,236.68,1,11,3,1,3,1,13,3,1,1,3
3,4,6,17,0.05,1,2,1,1,1,348.71,0,3,1,1,1,1,15,1,1,2,2
3,4,6,18,1.8,1,3,1,1,1,325.39,0,13,1,3,1,3,6,3,1,1,3
3,4,6,19,0.2,1,3,1,1,1,221.44,1,12,3,3,3,3,6,3,3,1,1
3,4,6,20,0.2,3,1,2,2,1,284.74,1,19,3,3,1,1,11,1,3,1,3
3,4,6,21,0.05,2,1,2,2,1,340.38,0,17,1,1,2,2,16,1,3,1,3
3,4,6,22,0.1,3,1,2,2,1,257.84,1,8,3,1,1,3,13,3,1,3,1
3,4,6,23,0.1,3,1,2,2,1,274.54,1,2,1,3,3,1,12,1,3,1,3
3,4,6,24,0.2,2,1,2,1,0,226.87,1,12,1,3,2,2,13,1,1,1,1
3,4,6,25,0.2,1,1,1,1,1,106.56,1,15,3,1,3,1,11,1,1,1,1
3,4,6,26,0.05,1,1,1,1,1,251.18,1,8,1,1,1,1,3,1,1,1,1
3,4,6,27,1.8,1,1,1,1,1,240.45,1,13,3,1,3,1,2,3,3,3,3
3,4,6,28,1.8,1,1,1,1,1,229.94,1,9,3,3,3,3,4,3,3,3,3
3,4,6,29,1.8,1,2,1,1,1,295.95,1,17,3,3,3,3,11,3,3,2,2
3,4,6,30,0.2,2,3,2,1,0,255.67,1,17,1,3,2,2,18,3,3,1,1
3,4,6,31,0.1,1,2,1,1,1,400.75,0,20,1,3,1,3,15,1,1,2,2
3,4,6,32,0.2,1,3,1,2,0,275.68,1,20,1,1,1,1,7,3,1,1,3
3,4,6,33,1.8,2,3,2,2,1,230.1,1,4,1,1,2,2,11,1,3,3,1
3,4,6,34,0.8,2,1,2,2,1,131.73,1,20,3,1,2,2,14,3,3,3,3
3,4,6,35,0.4,1,3,1,1,1,300.56,0,6,3,1,3,1,9,1,3,3,1
3,4,6,36,0.1,1,1,1,1,1,262.34,1,8,3,1,3,1,15,3,3,3,3
3,4,6,37,0.05,1,1,1,2,0,407.24,0,15,1,1,1,1,13,3,1,3,1
3,4,6,38,0.2,3,3,2,2,1,287.87,1,20,3,1,1,3,10,3,3,1,1
3,4,6,39,0.1,2,2,2,2,1,233.53,1,16,1,3,2,2,5,1,3,2,2
3,4,6,40,0.05,1,2,1,1,1,286.36,1,18,1,3,1,3,20,3,1,2,2
3,4,6,41,0.05,2,2,2,2,1,363.71,0,13,1,3,2,2,6,3,1,2,2
3,4,6,42,0.8,1,3,1,1,1,257.97,1,2,3,1,3,1,15,1,3,3,1
3,4,6,43,0.8,1,3,1,1,1,277.3,1,9,3,3,3,3,8,1,1,3,3
3,4,6,44,0.8,1,3,1,1,1,236.13,1,14,1,1,1,1,10,3,3,1,1
3,4,6,45,0.2,1,3,1,1,1,323.91,0,3,1,3,1,3,5,3,1,1,3
3,4,6,46,1.8,1,2,1,1,1,226.32,1,5,1,3,1,3,17,1,3,2,2
3,4,6,47,0.4,3,1,2,2,1,254.62,1,9,1,3,3,1,6,1,3,1,3
3,4,6,48,0.4,1,2,1,1,1,258.88,1,11,1,1,1,1,5,1,1,2,2
3,4,6,49,1.8,2,2,2,1,0,221.96,1,10,3,1,2,2,18,3,1,2,2
3,4,6,50,0.4,1,3,1,1,1,220.08,1,9,1,1,1,1,9,1,3,3,1
3,4,6,51,0.05,1,1,1,1,1,303.97,0,11,3,3,3,3,15,3,3,3,3
3,4,6,52,0.8,1,3,NaN,NaN,NaN,NaN,NaN,5,3,3,3,3,13,1,1,3,3
3,4,6,53,0.2,3,3,2,2,1,289.19,1,2,1,1,3,3,8,3,1,1,3
3,4,6,54,0.1,1,3,1,1,1,280.46,1,14,1,3,1,3,17,3,3,1,1
3,4,6,55,0.1,1,1,1,2,0,247.07,1,13,1,3,1,3,9,1,3,1,3
3,4,6,56,1.8,1,3,1,1,1,27.513,2,12,1,1,1,1,15,3,3,1,1
3,4,6,57,0.4,1,3,1,1,1,281.19,1,18,1,3,1,3,6,3,3,1,1
3,4,6,58,0.05,2,3,2,2,1,296.14,1,4,1,3,2,2,15,3,1,1,3
3,4,6,59,0.2,1,3,1,1,1,201.54,1,5,1,1,1,1,17,3,3,1,1
3,4,6,60,0.8,1,1,1,1,1,264.99,1,14,3,1,3,1,1,1,3,1,3
3,4,6,61,0.05,3,2,2,2,1,299.49,1,7,1,1,3,3,1,3,1,2,2
3,4,6,62,1.8,1,3,1,1,1,256.03,1,17,1,3,1,3,1,3,1,1,3
3,4,6,63,0.1,1,1,1,1,1,238.57,1,10,1,1,1,1,19,1,3,1,3
3,4,6,64,1.8,1,2,1,1,1,271.57,1,3,3,1,3,1,18,1,3,2,2
3,4,6,65,0.4,3,2,2,2,1,260.67,1,16,1,3,3,1,5,1,1,2,2
3,4,6,66,0.05,3,2,2,2,1,290.26,1,19,3,3,1,1,8,1,1,2,2
3,4,6,67,0.8,2,2,2,2,1,222.7,1,9,1,1,2,2,9,3,1,2,2
3,4,6,68,1.8,1,1,1,1,1,304.08,0,1,3,1,3,1,3,1,1,1,1
3,4,6,69,0.2,1,2,1,1,1,114.78,1,12,1,1,1,1,2,3,1,2,2
3,4,6,70,0.05,2,2,2,2,1,298.01,1,19,1,1,2,2,14,1,1,2,2
3,4,6,71,0.4,2,3,2,1,0,275.5,1,18,1,1,2,2,5,1,1,3,3
3,4,6,72,0.1,1,3,1,1,1,302.05,0,2,1,1,1,1,8,3,1,1,3
3,4,6,73,0.4,2,2,2,2,1,30.252,2,2,1,1,2,2,1,1,3,2,2
3,4,6,74,0.4,2,2,2,2,1,268.34,1,4,3,3,2,2,19,3,3,2,2
3,4,6,75,0.2,2,1,2,2,1,380.2,0,15,3,1,2,2,4,1,3,1,3
3,4,6,76,0.1,1,3,1,1,1,326.69,0,4,1,1,1,1,2,1,1,3,3
3,4,6,77,0.8,2,2,2,2,1,287.62,1,2,1,1,2,2,9,3,3,2,2
3,4,6,78,0.1,1,3,1,1,1,318.95,0,15,1,3,1,3,13,3,1,1,3
3,4,7,1,0.4,3,3,2,2,1,186.83,1,18,1,3,3,1,5,1,3,3,1
3,4,7,2,1.8,3,1,2,2,1,228.75,1,12,1,3,3,1,5,3,3,3,3
3,4,7,3,0.05,1,2,1,2,0,375.34,0,15,1,3,1,3,4,3,1,2,2
3,4,7,4,0.05,1,1,1,1,1,241.41,1,16,3,3,3,3,12,1,3,1,3
3,4,7,5,0.1,3,1,2,2,1,240.59,1,20,3,3,1,1,5,1,1,1,1
3,4,7,6,0.8,3,1,2,2,1,255.78,1,5,1,1,3,3,2,1,1,1,1
3,4,7,7,0.1,1,1,1,1,1,352.82,0,16,1,3,1,3,1,3,3,3,3
3,4,7,8,0.4,1,3,1,1,1,257.08,1,16,3,1,3,1,15,3,3,1,1
3,4,7,9,0.1,1,2,1,1,1,265.84,1,16,1,3,1,3,6,1,1,2,2
3,4,7,10,0.1,1,3,1,1,1,266.78,1,6,3,1,3,1,6,1,1,3,3
3,4,7,11,0.8,2,3,2,1,0,238.01,1,10,1,1,2,2,20,3,3,1,1
3,4,7,12,0.1,2,2,2,2,1,248.76,1,17,1,3,2,2,11,3,3,2,2
3,4,7,13,0.2,1,2,1,1,1,280.79,1,9,1,3,1,3,4,1,3,2,2
3,4,7,14,1.8,2,3,NaN,NaN,NaN,NaN,NaN,5,1,3,2,2,5,1,1,3,3
3,4,7,15,0.4,3,1,2,2,1,308.98,0,12,1,1,3,3,16,3,1,3,1
3,4,7,16,0.8,3,1,2,2,1,235.62,1,20,3,3,1,1,16,3,3,3,3
3,4,7,17,0.4,1,3,1,1,1,301.67,0,17,3,1,3,1,5,1,1,3,3
3,4,7,18,0.8,1,2,1,1,1,273.34,1,17,3,3,3,3,8,1,3,2,2
3,4,7,19,1.8,2,3,2,2,1,245.14,1,16,3,1,2,2,15,3,1,1,3
3,4,7,20,0.4,3,2,2,2,1,290.84,1,1,1,3,3,1,1,1,3,2,2
3,4,7,21,1.8,1,1,1,1,1,244.06,1,9,3,3,3,3,3,1,3,1,3
3,4,7,22,0.05,1,2,1,1,1,333.41,0,19,1,3,1,3,20,1,3,2,2
3,4,7,23,0.1,1,2,1,1,1,337.07,0,10,1,1,1,1,3,1,3,2,2
3,4,7,24,0.05,2,2,2,1,0,272.91,1,7,1,3,2,2,16,1,3,2,2
3,4,7,25,0.2,3,2,2,2,1,257.54,1,14,1,3,3,1,17,3,3,2,2
3,4,7,26,0.2,2,1,2,2,1,177.46,1,18,3,1,2,2,9,1,3,1,3
3,4,7,27,0.05,1,2,1,1,1,298.01,1,8,3,1,3,1,1,1,3,2,2
3,4,7,28,0.4,1,2,1,1,1,298,1,6,3,3,3,3,10,3,1,2,2
3,4,7,29,0.1,1,3,1,1,1,258.24,1,4,3,1,3,1,14,3,1,1,3
3,4,7,30,0.2,1,3,1,1,1,259.2,1,14,1,3,1,3,6,3,1,1,3
3,4,7,31,1.8,1,2,1,1,1,230.07,1,18,1,1,1,1,11,1,3,2,2
3,4,7,32,0.8,3,2,2,2,1,303.02,0,12,3,1,1,3,15,1,3,2,2
3,4,7,33,0.8,3,2,NaN,NaN,NaN,NaN,NaN,12,3,3,1,1,11,3,3,2,2
3,4,7,34,0.4,2,1,2,1,0,300.06,0,10,1,1,2,2,1,3,1,3,1
3,4,7,35,0.4,2,3,2,2,1,268.91,1,14,1,3,2,2,6,3,3,1,1
3,4,7,36,0.05,3,2,2,2,1,356.88,0,5,3,1,1,3,15,3,3,2,2
3,4,7,37,0.8,2,3,2,2,1,319.3,0,12,3,3,2,2,14,3,1,1,3
3,4,7,38,0.8,1,3,1,1,1,259.92,1,5,1,1,1,1,12,3,1,1,3
3,4,7,39,0.05,2,3,2,2,1,310.8,0,16,1,1,2,2,12,1,3,3,1
3,4,7,40,1.8,1,2,1,1,1,261.45,1,12,3,3,3,3,5,1,1,2,2
3,4,7,41,1.8,3,3,NaN,NaN,NaN,NaN,NaN,16,3,3,1,1,17,1,3,3,1
3,4,7,42,0.2,1,1,1,1,1,243.38,1,19,1,1,1,1,18,1,3,1,3
3,4,7,43,0.2,2,3,2,2,1,269.13,1,17,3,3,2,2,6,1,1,3,3
3,4,7,44,0.4,1,1,1,1,1,10.065,2,18,3,3,3,3,5,1,3,1,3
3,4,7,45,0.1,1,3,1,1,1,297.53,1,4,3,3,3,3,16,3,3,1,1
3,4,7,46,0.1,3,1,2,2,1,269.32,1,17,3,1,1,3,15,3,3,3,3
3,4,7,47,0.05,3,3,2,2,1,307.77,0,8,1,1,3,3,4,1,3,3,1
3,4,7,48,0.05,3,2,2,1,0,380.18,0,12,3,3,1,1,9,1,3,2,2
3,4,7,49,0.8,3,2,NaN,NaN,NaN,NaN,NaN,17,1,3,3,1,18,3,1,2,2
3,4,7,50,0.8,3,1,2,2,1,294.03,1,12,1,3,3,1,15,3,3,3,3
3,4,7,51,0.2,2,2,2,1,0,273.76,1,20,3,1,2,2,7,1,1,2,2
3,4,7,52,0.4,3,3,2,2,1,287.65,1,18,1,3,3,1,11,3,3,1,1
3,4,7,53,0.1,2,3,2,2,1,388.93,0,7,1,3,2,2,9,3,1,1,3
3,4,7,54,0.8,2,3,NaN,NaN,NaN,NaN,NaN,18,3,1,2,2,7,3,1,1,3
3,4,7,55,1.8,1,2,1,1,1,247.68,1,6,1,1,1,1,12,1,1,2,2
3,4,7,56,0.1,2,1,2,2,1,253.74,1,14,1,3,2,2,14,3,1,3,1
3,4,7,57,0.2,1,2,1,1,1,247.3,1,6,1,1,1,1,16,3,3,2,2
3,4,7,58,0.2,1,2,1,1,1,266.73,1,18,1,1,1,1,9,1,1,2,2
3,4,7,59,0.4,1,3,1,1,1,300.89,0,3,3,1,3,1,6,1,3,3,1
3,4,7,60,0.05,2,1,2,2,1,311.22,0,1,1,3,2,2,13,1,3,1,3
3,4,7,61,0.2,1,2,1,1,1,280.39,1,8,1,3,1,3,18,1,3,2,2
3,4,7,62,0.8,1,1,1,1,1,273.69,1,14,1,3,1,3,4,3,3,3,3
3,4,7,63,0.05,2,2,2,2,1,352.73,0,15,1,1,2,2,13,3,3,2,2
3,4,7,64,0.1,2,3,2,2,1,335.02,0,13,3,3,2,2,7,3,3,1,1
3,4,7,65,0.1,1,3,1,1,1,230.9,1,10,1,1,1,1,3,1,3,3,1
3,4,7,66,0.4,3,2,2,2,1,326.86,0,13,3,1,1,3,15,1,3,2,2
3,4,7,67,0.2,3,3,2,2,1,215.38,1,3,3,1,1,3,6,3,3,1,1
3,4,7,68,0.2,3,3,2,2,1,215.42,1,18,3,3,1,1,5,3,3,1,1
3,4,7,69,1.8,3,2,2,2,1,228.09,1,17,3,3,1,1,19,1,3,2,2
3,4,7,70,0.05,3,2,2,2,1,284.13,1,17,3,1,1,3,4,3,1,2,2
3,4,7,71,0.05,1,1,1,1,1,270.14,1,10,3,3,3,3,8,3,1,3,1
3,4,7,72,1.8,1,1,1,1,1,239.36,1,1,3,3,3,3,4,3,1,3,1
3,4,7,73,0.4,2,1,2,2,1,265.42,1,3,1,3,2,2,7,1,3,1,3
3,4,7,74,0.2,1,3,1,1,1,214.43,1,3,3,3,3,3,3,1,3,3,1
3,4,7,75,1.8,2,1,2,2,1,240.97,1,16,3,1,2,2,18,3,3,3,3
3,4,7,76,0.8,2,1,2,1,0,276.15,1,4,3,3,2,2,10,3,1,3,1
3,4,7,77,1.8,3,1,2,2,1,262.31,1,20,1,3,3,1,1,1,3,1,3
3,4,7,78,1.8,1,3,1,1,1,244.62,1,7,3,3,3,3,20,3,3,1,1
3,4,8,1,0.8,1,2,1,1,1,241.76,1,1,1,3,1,3,13,3,1,2,2
3,4,8,2,0.8,1,1,NaN,NaN,NaN,NaN,NaN,20,3,1,3,1,16,1,3,1,3
3,4,8,3,0.05,3,1,2,2,1,330.46,0,2,3,1,1,3,13,1,3,1,3
3,4,8,4,0.05,2,1,2,1,0,274.05,1,18,1,1,2,2,5,1,3,1,3
3,4,8,5,0.05,2,3,2,2,1,297.73,1,9,1,1,2,2,12,3,3,1,1
3,4,8,6,0.8,1,2,NaN,NaN,NaN,NaN,NaN,9,3,3,3,3,4,3,3,2,2
3,4,8,7,1.8,3,1,2,2,1,240.69,1,20,3,3,1,1,12,3,3,3,3
3,4,8,8,0.4,2,2,2,2,1,292.49,1,9,1,1,2,2,7,1,3,2,2
3,4,8,9,0.1,3,3,2,2,1,292.12,1,17,3,3,1,1,14,1,1,3,3
3,4,8,10,0.8,1,3,1,1,1,222.3,1,12,3,1,3,1,19,3,1,1,3
3,4,8,11,0.05,2,3,2,2,1,361.89,0,9,1,3,2,2,15,1,3,3,1
3,4,8,12,0.2,1,1,1,1,1,251.51,1,12,3,1,3,1,10,3,3,3,3
3,4,8,13,0.05,3,3,2,2,1,304.22,0,9,1,3,3,1,12,3,1,1,3
3,4,8,14,0.4,1,2,1,1,1,254.23,1,5,3,3,3,3,20,1,3,2,2
3,4,8,15,0.2,1,1,1,1,1,235.27,1,1,3,3,3,3,1,3,3,3,3
3,4,8,16,0.4,2,2,2,2,1,254.71,1,12,1,3,2,2,2,3,3,2,2
3,4,8,17,1.8,1,2,1,1,1,262.05,1,15,1,3,1,3,12,1,1,2,2
3,4,8,18,0.1,2,1,2,2,1,297.24,1,9,1,3,2,2,20,3,3,3,3
3,4,8,19,1.8,3,3,2,2,1,197.76,1,14,3,3,1,1,17,1,3,3,1
3,4,8,20,0.1,3,2,2,2,1,264.94,1,14,3,1,1,3,10,1,1,2,2
3,4,8,21,0.1,1,1,1,1,1,278.28,1,20,3,3,3,3,7,1,3,1,3
3,4,8,22,0.1,3,1,2,2,1,262.34,1,13,1,3,3,1,15,3,1,3,1
3,4,8,23,0.4,3,2,2,2,1,225.15,1,8,1,3,3,1,1,1,3,2,2
3,4,8,24,0.8,1,2,1,1,1,301.87,0,3,3,3,3,3,1,1,3,2,2
3,4,8,25,0.4,3,3,2,2,1,357.97,0,17,3,1,1,3,14,3,3,1,1
3,4,8,26,0.1,3,1,2,2,1,320.4,0,11,3,1,1,3,15,1,1,1,1
3,4,8,27,0.8,3,1,2,2,1,267.39,1,17,3,1,1,3,20,1,1,1,1
3,4,8,28,1.8,1,1,1,1,1,271.22,1,14,1,1,1,1,13,3,1,3,1
3,4,8,29,0.2,1,1,1,1,1,332.21,0,14,1,1,1,1,6,1,3,1,3
3,4,8,30,1.8,3,3,2,2,1,245.55,1,9,3,3,1,1,9,1,1,3,3
3,4,8,31,0.4,3,3,2,2,1,235.73,1,6,1,3,3,1,16,1,1,3,3
3,4,8,32,0.1,3,1,2,2,1,305.21,0,16,1,1,3,3,17,3,1,3,1
3,4,8,33,0.2,2,1,2,2,1,187.93,1,8,3,1,2,2,13,1,3,1,3
3,4,8,34,0.4,1,1,1,1,1,294.53,1,13,1,3,1,3,11,1,3,1,3
3,4,8,35,0.05,1,2,1,1,1,329.75,0,11,1,1,1,1,3,3,3,2,2
3,4,8,36,0.1,3,1,2,2,1,214.13,1,6,1,3,3,1,5,1,1,1,1
3,4,8,37,0.1,2,3,2,2,1,229.93,1,16,1,3,2,2,6,1,3,3,1
3,4,8,38,0.05,2,3,2,1,0,333.69,0,18,3,3,2,2,1,1,1,3,3
3,4,8,39,0.8,3,3,2,2,1,249.13,1,7,3,1,1,3,7,3,3,1,1
3,4,8,40,0.8,1,2,1,1,1,336.17,0,20,3,3,3,3,9,1,1,2,2
3,4,8,41,0.1,3,1,2,2,1,268.09,1,17,3,1,1,3,15,3,1,3,1
3,4,8,42,0.8,2,2,2,2,1,279.39,1,8,1,3,2,2,8,3,3,2,2
3,4,8,43,0.05,1,1,1,1,1,292.74,1,20,3,3,3,3,15,1,3,1,3
3,4,8,44,0.05,1,3,1,1,1,271.35,1,11,1,3,1,3,11,3,3,1,1
3,4,8,45,1.8,2,3,2,2,1,268.08,1,10,3,3,2,2,8,3,1,1,3
3,4,8,46,0.1,2,2,2,1,0,250.3,1,20,3,1,2,2,1,3,3,2,2
3,4,8,47,0.8,1,2,1,1,1,252.79,1,9,3,3,3,3,6,1,3,2,2
3,4,8,48,0.4,1,1,1,1,1,289.76,1,14,1,3,1,3,8,3,3,3,3
3,4,8,49,1.8,2,2,NaN,NaN,NaN,NaN,NaN,9,1,3,2,2,11,1,3,2,2
3,4,8,50,0.2,1,2,1,1,1,246.18,1,8,3,3,3,3,16,3,3,2,2
3,4,8,51,1.8,2,3,2,1,0,227.2,1,20,1,3,2,2,1,1,3,3,1
3,4,8,52,1.8,1,3,1,1,1,249.03,1,11,1,1,1,1,4,1,1,3,3
3,4,8,53,0.4,1,1,1,1,1,295.61,1,10,3,1,3,1,18,3,3,3,3
3,4,8,54,1.8,3,3,2,2,1,226.75,1,19,1,3,3,1,3,3,3,1,1
3,4,8,55,0.2,3,1,2,2,1,237.1,1,18,3,1,1,3,6,1,1,1,1
3,4,8,56,0.8,3,2,2,2,1,303.66,0,12,1,3,3,1,6,3,3,2,2
3,4,8,57,0.4,1,3,1,1,1,270.62,1,20,3,3,3,3,6,1,3,3,1
3,4,8,58,0.1,1,3,1,1,1,252.21,1,20,3,1,3,1,10,1,3,3,1
3,4,8,59,1.8,2,3,2,2,1,249.17,1,3,1,1,2,2,4,3,1,1,3
3,4,8,60,0.05,1,2,1,1,1,302.54,0,1,3,1,3,1,13,1,3,2,2
3,4,8,61,0.05,1,1,1,1,1,295.54,1,6,3,1,3,1,12,1,1,1,1
3,4,8,62,0.2,2,3,2,2,1,232.33,1,16,1,1,2,2,10,1,1,3,3
3,4,8,63,1.8,1,2,NaN,NaN,NaN,NaN,NaN,14,1,3,1,3,8,3,3,2,2
3,4,8,64,0.4,3,2,2,2,1,332.99,0,2,3,1,1,3,20,1,3,2,2
3,4,8,65,0.1,3,2,2,2,1,197.28,1,14,1,3,3,1,12,3,1,2,2
3,4,8,66,0.8,2,1,2,2,1,269.66,1,19,3,3,2,2,10,1,3,1,3
3,4,8,67,0.2,2,3,2,1,0,323.79,0,12,1,1,2,2,13,1,1,3,3
3,4,8,68,0.8,3,3,NaN,NaN,NaN,NaN,NaN,11,3,1,1,3,13,3,3,1,1
3,4,8,69,0.4,3,3,2,2,1,275.32,1,16,3,1,1,3,6,1,3,3,1
3,4,8,70,0.2,1,2,1,1,1,302.72,0,10,3,3,3,3,16,1,1,2,2
3,4,8,71,0.05,1,2,1,1,1,292.21,1,9,3,3,3,3,19,3,1,2,2
3,4,8,72,0.05,1,2,1,1,1,281.72,1,6,1,3,1,3,10,1,3,2,2
3,4,8,73,0.2,1,1,1,1,1,198.01,1,3,1,1,1,1,1,3,3,3,3
3,4,8,74,1.8,3,1,2,2,1,267.63,1,16,3,3,1,1,20,1,3,1,3
3,4,8,75,0.2,1,3,1,1,1,258.26,1,2,1,3,1,3,17,3,3,1,1
3,4,8,76,0.2,3,2,2,2,1,267.11,1,3,1,1,3,3,1,3,3,2,2
3,4,8,77,0.2,1,3,1,1,1,528.66,0,10,1,1,1,1,6,3,3,1,1
3,4,8,78,0.4,3,3,2,2,1,192.54,1,15,1,1,3,3,16,3,3,1,1
3,4,9,1,0.1,2,3,2,2,1,343.23,0,20,3,1,2,2,12,1,3,3,1
3,4,9,2,1.8,3,3,2,2,1,263.46,1,12,3,1,1,3,14,3,1,1,3
3,4,9,3,0.4,1,3,1,1,1,233.82,1,10,1,1,1,1,11,1,3,3,1
3,4,9,4,0.2,2,1,2,1,0,100.91,1,4,3,3,2,2,9,3,1,3,1
3,4,9,5,0.2,2,3,2,2,1,287.69,1,14,3,1,2,2,19,1,1,3,3
3,4,9,6,0.8,1,1,1,1,1,230.05,1,5,1,1,1,1,3,1,1,1,1
3,4,9,7,0.05,1,2,1,1,1,315.34,0,4,1,3,1,3,14,1,3,2,2
3,4,9,8,0.2,1,3,1,1,1,198.3,1,19,3,1,3,1,3,1,3,3,1
3,4,9,9,0.4,1,2,1,1,1,52.608,2,1,1,1,1,1,7,3,1,2,2
3,4,9,10,0.4,2,1,2,2,1,279.38,1,6,3,1,2,2,18,3,3,3,3
3,4,9,11,0.05,3,1,2,2,1,368.64,0,13,1,3,3,1,13,1,1,1,1
3,4,9,12,0.8,1,2,NaN,NaN,NaN,NaN,NaN,15,3,3,3,3,8,1,1,2,2
3,4,9,13,0.1,3,1,2,2,1,293.23,1,17,3,3,1,1,19,3,1,3,1
3,4,9,14,1.8,3,1,2,2,1,214.22,1,14,1,1,3,3,16,1,3,1,3
3,4,9,15,0.1,1,3,1,1,1,332.91,0,2,1,1,1,1,15,3,3,1,1
3,4,9,16,1.8,1,2,1,1,1,260.74,1,16,3,1,3,1,17,3,1,2,2
3,4,9,17,0.4,1,3,1,1,1,271.71,1,11,3,3,3,3,15,3,3,1,1
3,4,9,18,0.8,2,2,2,2,1,289.57,1,19,3,1,2,2,9,1,3,2,2
3,4,9,19,0.4,3,3,2,2,1,333.35,0,14,3,3,1,1,4,3,3,1,1
3,4,9,20,1.8,3,2,2,2,1,265.33,1,11,1,1,3,3,6,1,3,2,2
3,4,9,21,0.05,1,1,1,1,1,314.74,0,15,3,1,3,1,20,1,3,1,3
3,4,9,22,0.05,1,1,1,1,1,335.79,0,3,1,3,1,3,18,1,1,1,1
3,4,9,23,0.2,1,2,1,1,1,291.48,1,16,3,1,3,1,19,1,3,2,2
3,4,9,24,0.2,2,2,2,2,1,277.78,1,11,1,3,2,2,11,1,3,2,2
3,4,9,25,1.8,1,2,1,1,1,231.33,1,15,1,1,1,1,6,1,1,2,2
3,4,9,26,0.8,1,2,1,1,1,275.85,1,3,1,1,1,1,14,1,1,2,2
3,4,9,27,0.8,1,3,1,1,1,257.35,1,3,1,1,1,1,7,3,3,1,1
3,4,9,28,0.05,1,2,1,1,1,248.55,1,13,3,1,3,1,20,3,3,2,2
3,4,9,29,0.05,1,1,1,1,1,313.47,0,19,1,3,1,3,1,3,3,3,3
3,4,9,30,1.8,1,2,1,1,1,206.39,1,4,3,1,3,1,5,3,3,2,2
3,4,9,31,0.1,3,2,2,2,1,285.08,1,17,3,3,1,1,3,1,1,2,2
3,4,9,32,0.8,1,1,NaN,NaN,NaN,NaN,NaN,5,1,1,1,1,2,1,3,1,3
3,4,9,33,0.05,3,1,2,2,1,318.45,0,19,1,1,3,3,13,1,1,1,1
3,4,9,34,0.2,1,1,1,1,1,245.27,1,9,3,3,3,3,9,1,3,1,3
3,4,9,35,0.1,1,3,1,1,1,241.95,1,17,1,3,1,3,10,1,1,3,3
3,4,9,36,0.4,3,3,2,2,1,276.46,1,8,3,1,1,3,6,3,1,1,3
3,4,9,37,1.8,3,2,NaN,NaN,NaN,NaN,NaN,4,1,3,3,1,13,3,3,2,2
3,4,9,38,0.8,2,2,2,2,1,267.25,1,16,3,1,2,2,8,3,3,2,2
3,4,9,39,0.05,2,3,2,2,1,340.43,0,20,3,3,2,2,5,1,3,3,1
3,4,9,40,0.1,1,1,1,1,1,293.02,1,7,1,1,1,1,5,3,1,3,1
3,4,9,41,0.2,2,2,2,2,1,184.48,1,11,3,1,2,2,12,3,1,2,2
3,4,9,42,0.8,2,3,2,2,1,334.35,0,12,3,1,2,2,5,1,3,3,1
3,4,9,43,0.1,2,3,2,2,1,471.11,0,15,3,1,2,2,8,3,3,1,1
3,4,9,44,0.2,3,3,2,2,1,201.18,1,18,1,1,3,3,19,3,3,1,1
3,4,9,45,0.4,2,2,2,2,1,299.11,1,2,3,3,2,2,15,3,1,2,2
3,4,9,46,1.8,1,1,1,1,1,227.19,1,14,3,3,3,3,16,3,1,3,1
3,4,9,47,0.8,1,2,1,1,1,228.38,1,9,1,1,1,1,1,1,1,2,2
3,4,9,48,0.05,3,1,2,2,1,276.09,1,8,1,1,3,3,14,3,3,3,3
3,4,9,49,1.8,3,1,2,2,1,12.657,2,13,3,3,1,1,13,1,1,1,1
3,4,9,50,0.8,3,3,2,2,1,230.57,1,5,1,3,3,1,15,1,3,3,1
3,4,9,51,0.8,1,3,1,1,1,220.05,1,8,1,3,1,3,18,3,3,1,1
3,4,9,52,1.8,3,2,2,2,1,226.46,1,15,3,3,1,1,1,3,1,2,2
3,4,9,53,0.05,3,3,2,2,1,315.8,0,11,3,1,1,3,2,1,3,3,1
3,4,9,54,0.4,3,3,2,2,1,282.88,1,17,3,3,1,1,2,1,3,3,1
3,4,9,55,0.1,1,3,1,1,1,297.37,1,15,1,1,1,1,8,1,1,3,3
3,4,9,56,0.1,2,1,2,1,0,299.14,1,2,1,1,2,2,14,1,1,1,1
3,4,9,57,0.05,1,2,1,1,1,263.62,1,6,3,3,3,3,11,1,3,2,2
3,4,9,58,0.2,2,2,2,2,1,278.09,1,17,1,3,2,2,1,3,1,2,2
3,4,9,59,0.4,3,1,2,2,1,292.29,1,14,3,1,1,3,19,3,3,3,3
3,4,9,60,1.8,1,3,1,1,1,275.99,1,1,3,3,3,3,19,1,1,3,3
3,4,9,61,0.1,1,2,1,1,1,302.2,0,15,3,3,3,3,18,3,1,2,2
3,4,9,62,1.8,2,2,NaN,NaN,NaN,NaN,NaN,14,3,1,2,2,5,3,3,2,2
3,4,9,63,0.2,1,2,1,1,1,300.13,0,12,1,3,1,3,19,3,3,2,2
3,4,9,64,0.8,1,2,1,1,1,736.42,0,11,1,1,1,1,5,1,3,2,2
3,4,9,65,0.4,1,3,1,1,1,282.6,1,16,1,1,1,1,7,3,1,1,3
3,4,9,66,1.8,2,1,2,1,0,219.36,1,2,3,1,2,2,13,3,1,3,1
3,4,9,67,0.2,1,2,1,1,1,231.87,1,16,3,1,3,1,16,1,3,2,2
3,4,9,68,0.1,3,3,2,2,1,335.27,0,20,3,1,1,3,16,1,3,3,1
3,4,9,69,0.1,2,3,2,2,1,276.68,1,9,1,1,2,2,7,3,1,1,3
3,4,9,70,0.05,3,1,2,2,1,287.75,1,18,3,1,1,3,18,3,1,3,1
3,4,9,71,0.05,3,3,2,1,0,287.33,1,15,3,3,1,1,20,3,3,1,1
3,4,9,72,0.4,3,1,2,2,1,236.74,1,16,3,1,1,3,12,3,1,3,1
3,4,9,73,0.1,3,2,2,2,1,221.2,1,3,3,3,1,1,2,1,1,2,2
3,4,9,74,0.8,2,1,2,1,0,313.77,0,5,3,1,2,2,20,3,3,3,3
3,4,9,75,0.4,2,2,2,2,1,257.35,1,14,1,3,2,2,6,1,3,2,2
3,4,9,76,0.4,2,1,2,2,1,210.67,1,15,1,3,2,2,1,1,1,1,1
3,4,9,77,0.2,2,3,2,2,1,121.2,1,19,3,1,2,2,10,1,3,3,1
3,4,9,78,0.2,1,3,1,1,1,252.93,1,11,1,3,1,3,9,3,1,1,3
3,4,10,1,0.2,2,3,2,2,1,226.54,1,8,1,3,2,2,6,3,3,1,1
3,4,10,2,0.1,1,1,1,1,1,274.82,1,6,1,3,1,3,2,3,3,3,3
3,4,10,3,0.4,1,3,1,1,1,263.21,1,17,1,3,1,3,9,1,3,3,1
3,4,10,4,0.1,2,3,2,1,0,246.55,1,12,1,3,2,2,7,3,1,1,3
3,4,10,5,0.4,3,1,2,2,1,316.02,0,20,3,3,1,1,5,1,1,1,1
3,4,10,6,0.4,1,2,1,1,1,252.09,1,11,3,1,3,1,10,1,1,2,2
3,4,10,7,0.2,1,2,1,2,0,293.72,1,14,3,3,3,3,17,1,1,2,2
3,4,10,8,0.4,3,1,2,2,1,226.5,1,15,1,3,3,1,18,1,3,1,3
3,4,10,9,1.8,1,3,1,1,1,280.63,1,17,1,1,1,1,20,1,3,3,1
3,4,10,10,0.1,3,3,2,2,1,243.05,1,4,1,3,3,1,7,1,1,3,3
3,4,10,11,0.05,3,2,2,2,1,319.8,0,6,1,1,3,3,18,1,1,2,2
3,4,10,12,0.2,3,1,2,2,1,263.29,1,7,1,3,3,1,15,3,3,3,3
3,4,10,13,0.05,1,3,1,2,0,309.52,0,17,3,3,3,3,8,1,1,3,3
3,4,10,14,1.8,1,2,NaN,NaN,NaN,NaN,NaN,19,1,3,1,3,5,3,1,2,2
3,4,10,15,0.8,1,2,1,1,1,261.2,1,12,3,1,3,1,19,1,3,2,2
3,4,10,16,0.05,3,3,2,2,1,284.37,1,6,3,3,1,1,8,3,3,1,1
3,4,10,17,0.4,1,2,1,1,1,268.26,1,10,3,1,3,1,8,3,1,2,2
3,4,10,18,0.2,2,1,2,2,1,357.49,0,9,1,1,2,2,18,1,1,1,1
3,4,10,19,1.8,2,3,NaN,NaN,NaN,NaN,NaN,15,3,3,2,2,18,3,3,1,1
3,4,10,20,0.1,1,2,1,1,1,253.1,1,15,3,3,3,3,15,3,3,2,2
3,4,10,21,0.8,1,3,1,1,1,345.63,0,4,3,3,3,3,18,3,3,1,1
3,4,10,22,1.8,1,3,1,1,1,244.36,1,14,3,1,3,1,1,1,1,3,3
3,4,10,23,0.4,3,1,2,2,1,265.01,1,2,1,1,3,3,20,1,3,1,3
3,4,10,24,0.8,1,2,1,1,1,265.93,1,18,3,3,3,3,7,1,1,2,2
3,4,10,25,0.8,3,3,NaN,NaN,NaN,NaN,NaN,10,3,3,1,1,6,1,1,3,3
3,4,10,26,0.4,2,3,2,2,1,256.78,1,20,3,3,2,2,4,1,1,3,3
3,4,10,27,0.1,1,3,1,1,1,286.8,1,13,3,1,3,1,1,1,3,3,1
3,4,10,28,0.1,1,1,1,1,1,320,0,7,1,1,1,1,3,1,3,1,3
3,4,10,29,0.8,2,3,NaN,NaN,NaN,NaN,NaN,5,1,1,2,2,4,3,3,1,1
3,4,10,30,0.2,1,2,1,1,1,244.94,1,4,1,1,1,1,14,1,3,2,2
3,4,10,31,0.05,1,3,1,1,1,313.27,0,8,1,3,1,3,18,1,1,3,3
3,4,10,32,0.4,3,1,2,2,1,280.89,1,9,1,1,3,3,2,1,3,1,3
3,4,10,33,0.1,1,3,1,1,1,306.14,0,19,1,3,1,3,11,3,1,1,3
3,4,10,34,1.8,1,1,NaN,NaN,NaN,NaN,NaN,2,3,1,3,1,12,1,3,1,3
3,4,10,35,0.8,3,2,2,2,1,244.67,1,10,1,1,3,3,4,1,1,2,2
3,4,10,36,0.2,3,3,2,2,1,319.95,0,19,1,1,3,3,12,3,1,1,3
3,4,10,37,0.1,3,1,2,2,1,291.17,1,12,1,3,3,1,3,3,3,3,3
3,4,10,38,0.8,2,2,NaN,NaN,NaN,NaN,NaN,14,3,1,2,2,17,1,3,2,2
3,4,10,39,0.1,3,1,2,2,1,256.55,1,6,3,3,1,1,8,3,1,3,1
3,4,10,40,0.8,3,2,2,2,1,234.25,1,12,3,1,1,3,14,1,1,2,2
3,4,10,41,0.8,3,2,2,2,1,237.11,1,15,1,3,3,1,4,1,3,2,2
3,4,10,42,0.2,1,3,1,1,1,299.32,1,12,3,3,3,3,16,3,1,1,3
3,4,10,43,0.8,1,3,1,1,1,263.95,1,20,1,1,1,1,2,3,1,1,3
3,4,10,44,0.8,2,2,2,2,1,276.04,1,16,1,1,2,2,15,1,3,2,2
3,4,10,45,0.4,2,3,2,2,1,283.35,1,9,3,1,2,2,17,1,3,3,1
3,4,10,46,0.05,1,3,1,2,0,328.91,0,18,3,3,3,3,2,1,3,3,1
3,4,10,47,1.8,2,3,2,2,1,204.15,1,1,1,1,2,2,8,1,3,3,1
3,4,10,48,1.8,3,3,2,2,1,229.37,1,5,3,1,1,3,15,3,1,1,3
3,4,10,49,0.2,2,3,2,2,1,328.99,0,17,1,3,2,2,14,3,3,1,1
3,4,10,50,0.1,3,2,2,2,1,268.57,1,14,3,1,1,3,18,1,3,2,2
3,4,10,51,0.05,2,3,2,2,1,278.92,1,12,3,1,2,2,15,3,3,1,1
3,4,10,52,0.05,1,1,1,1,1,271.73,1,13,3,3,3,3,9,3,3,3,3
3,4,10,53,0.2,1,3,1,1,1,225.27,1,15,1,3,1,3,3,3,1,1,3
3,4,10,54,0.05,1,2,1,1,1,341.51,0,11,1,3,1,3,8,3,3,2,2
3,4,10,55,0.8,3,1,2,2,1,310.43,0,19,3,1,1,3,2,1,3,1,3
3,4,10,56,0.1,2,3,2,2,1,316.01,0,3,3,3,2,2,15,1,3,3,1
3,4,10,57,0.05,3,2,2,2,1,290.38,1,6,3,1,1,3,10,1,3,2,2
3,4,10,58,0.05,1,1,1,1,1,285.58,1,16,1,1,1,1,1,1,3,1,3
3,4,10,59,1.8,1,2,1,1,1,273.22,1,6,3,1,3,1,12,3,3,2,2
3,4,10,60,1.8,2,2,2,2,1,240.72,1,12,3,1,2,2,13,1,1,2,2
3,4,10,61,0.05,2,2,2,1,0,278.82,1,7,1,1,2,2,12,1,1,2,2
3,4,10,62,0.2,2,1,2,2,1,313.51,0,5,3,1,2,2,14,3,3,3,3
3,4,10,63,0.2,2,2,2,1,0,308.97,0,12,1,3,2,2,18,1,1,2,2
3,4,10,64,0.4,1,2,1,1,1,249.44,1,17,3,1,3,1,18,3,1,2,2
3,4,10,65,0.4,2,2,2,2,1,237.88,1,8,1,3,2,2,2,3,3,2,2
3,4,10,66,1.8,3,3,2,2,1,223.5,1,6,1,1,3,3,7,3,1,1,3
3,4,10,67,1.8,1,2,1,1,1,254.19,1,7,3,1,3,1,20,3,3,2,2
3,4,10,68,0.2,3,1,2,2,1,263.31,1,6,3,1,1,3,17,1,1,1,1
3,4,10,69,0.8,2,3,2,2,1,265.52,1,8,1,3,2,2,16,1,1,3,3
3,4,10,70,1.8,3,3,2,2,1,274.57,1,16,3,3,1,1,14,1,3,3,1
3,4,10,71,0.1,3,2,2,2,1,242.19,1,6,3,3,1,1,4,1,3,2,2
3,4,10,72,0.05,2,2,2,2,1,320.9,0,18,1,3,2,2,5,1,1,2,2
3,4,10,73,1.8,3,3,2,2,1,239.73,1,12,3,3,1,1,4,3,1,1,3
3,4,10,74,0.1,2,2,2,2,1,314.18,0,20,1,3,2,2,2,1,3,2,2
3,4,10,75,0.4,1,1,1,1,1,10.657,2,1,3,3,3,3,13,1,3,1,3
3,4,10,76,0.05,2,2,2,2,1,378.89,0,12,3,3,2,2,8,1,1,2,2
3,4,10,77,0.2,1,1,1,1,1,264.19,1,3,3,1,3,1,8,1,1,1,1
3,4,10,78,0.4,3,2,2,2,1,296.16,1,4,3,1,1,3,17,3,1,2,2
