1,3,1,1,1.8,1,1,1,1,1,211.36,1,1,3,1,3,1,20,3,1,3,1
1,3,1,2,0.4,2,3,2,2,1,293.46,1,17,3,1,2,2,11,3,1,1,3
1,3,1,3,0.05,1,1,1,1,1,392.02,0,7,3,3,3,3,12,3,1,3,1
1,3,1,4,0.4,3,2,2,2,1,256.72,1,17,1,1,3,3,18,1,1,2,2
1,3,1,5,0.1,1,2,1,1,1,342.61,0,4,3,1,3,1,14,3,3,2,2
1,3,1,6,0.1,1,3,1,1,1,284.2,1,4,1,1,1,1,20,3,1,1,3
1,3,1,7,0.4,2,1,2,1,0,240.61,1,8,3,3,2,2,3,3,1,3,1
1,3,1,8,1.8,1,2,1,1,1,211.08,1,10,3,3,3,3,5,1,3,2,2
1,3,1,9,0.2,1,3,1,2,0,205.5,1,13,3,3,3,3,14,3,3,1,1
1,3,1,10,0.2,3,3,2,2,1,260.44,1,1,3,3,1,1,10,3,1,1,3
1,3,1,11,0.1,3,2,2,2,1,276.81,1,13,3,3,1,1,13,3,3,2,2
1,3,1,12,0.1,2,2,2,2,1,180.15,1,7,1,1,2,2,20,3,1,2,2
1,3,1,13,0.8,2,2,2,2,1,178.92,1,18,1,1,2,2,19,3,3,2,2
1,3,1,14,0.05,1,1,1,1,1,277.43,1,14,1,3,1,3,20,3,1,3,1
1,3,1,15,0.1,3,3,2,2,1,239.83,1,13,1,3,3,1,1,1,1,3,3
1,3,1,16,0.2,2,1,2,1,0,184.27,1,4,1,1,2,2,12,1,3,1,3
1,3,1,17,0.2,3,1,2,2,1,230.11,1,16,1,3,3,1,19,3,1,3,1
1,3,1,18,0.1,1,2,1,2,0,268.28,1,2,1,1,1,1,14,3,3,2,2
1,3,1,19,0.1,3,2,2,2,1,237.23,1,11,1,1,3,3,12,3,3,2,2
1,3,1,20,0.8,2,2,2,2,1,252.22,1,5,1,1,2,2,6,3,1,2,2
1,3,1,21,0.2,3,3,2,2,1,216.95,1,9,1,3,3,1,13,3,1,1,3
1,3,1,22,0.4,1,2,1,1,1,183.68,1,3,3,3,3,3,2,1,1,2,2
1,3,1,23,0.05,3,3,2,2,1,265.66,1,3,1,1,3,3,19,1,1,3,3
1,3,1,24,0.4,1,3,1,1,1,235.32,1,18,3,3,3,3,12,1,1,3,3
1,3,1,25,0.8,3,3,2,2,1,173.61,1,10,1,1,3,3,2,3,1,1,3
1,3,1,26,0.05,2,1,2,2,1,282.51,1,8,1,1,2,2,3,1,1,1,1
1,3,1,27,0.1,1,1,1,1,1,302.87,0,6,1,1,1,1,14,1,3,1,3
1,3,1,28,0.4,1,3,NaN,NaN,NaN,NaN,NaN,2,3,3,3,3,17,3,3,1,1
1,3,1,29,0.4,3,3,2,2,1,224.11,1,2,3,3,1,1,8,3,1,1,3
1,3,1,30,0.2,1,1,1,2,0,234.34,1,8,3,3,3,3,8,1,3,1,3
1,3,1,31,0.8,1,2,1,1,1,180.86,1,18,3,3,3,3,19,3,3,2,2
1,3,1,32,0.8,1,3,1,1,1,190.32,1,10,3,3,3,3,2,1,3,3,1
1,3,1,33,0.05,2,3,2,2,1,354.4,0,12,1,1,2,2,12,3,3,1,1
1,3,1,34,1.8,1,2,1,1,1,181.25,1,1,1,3,1,3,12,3,3,2,2
1,3,1,35,0.1,2,1,2,2,1,225.96,1,10,1,3,2,2,13,3,1,3,1
1,3,1,36,1.8,2,1,2,2,1,176.16,1,1,1,3,2,2,11,1,3,1,3
1,3,1,37,0.2,3,3,2,2,1,255.25,1,19,1,1,3,3,12,1,1,3,3
1,3,1,38,0.1,2,3,2,1,0,317.86,0,3,3,1,2,2,5,3,3,1,1
1,3,1,39,0.2,1,1,1,1,1,280.42,1,12,1,1,1,1,6,3,3,3,3
1,3,1,40,1.8,1,3,1,1,1,176.97,1,15,3,1,3,1,13,3,3,1,1
1,3,1,41,0.8,2,1,2,2,1,181.66,1,15,3,1,2,2,10,3,3,3,3
1,3,1,42,0.4,1,2,1,1,1,238.48,1,5,3,3,3,3,18,3,3,2,2
1,3,1,43,1.8,1,3,1,2,0,177.9,1,18,3,3,3,3,1,1,1,3,3
1,3,1,44,0.2,3,3,2,2,1,259.32,1,3,3,1,1,3,8,1,1,3,3
1,3,1,45,0.05,1,2,1,2,0,240.67,1,7,1,3,1,3,2,3,1,2,2
1,3,1,46,1.8,1,3,1,1,1,194.25,1,19,3,1,3,1,17,3,3,1,1
1,3,1,47,0.8,1,3,1,1,1,175.71,1,13,3,1,3,1,10,3,3,1,1
1,3,1,48,0.2,1,2,1,2,0,227.99,1,5,1,1,1,1,6,1,3,2,2
1,3,1,49,0.4,3,2,2,2,1,186.39,1,7,1,3,3,1,17,3,1,2,2
1,3,1,50,0.8,1,1,1,1,1,179.55,1,2,1,1,1,1,17,1,1,1,1
1,3,1,51,0.8,1,1,1,1,1,181.19,1,8,3,1,3,1,10,3,3,3,3
1,3,1,52,0.1,3,3,2,2,1,247.79,1,5,3,3,1,1,12,1,3,3,1
1,3,1,53,0.8,2,3,2,2,1,181.68,1,5,3,3,2,2,5,1,3,3,1
1,3,1,54,0.05,2,2,2,2,1,293.83,1,14,1,3,2,2,6,1,1,2,2
1,3,1,55,0.4,1,1,1,1,1,193.6,1,1,3,1,3,1,11,3,3,3,3
1,3,1,56,0.8,1,2,1,2,0,177.33,1,7,1,1,1,1,14,3,1,2,2
1,3,1,57,0.1,1,2,1,1,1,310.17,0,20,1,1,1,1,1,1,1,2,2
1,3,1,58,1.8,1,2,1,1,1,185.55,1,12,1,3,1,3,12,3,1,2,2
1,3,1,59,1.8,1,3,1,1,1,198.33,1,14,1,1,1,1,18,1,1,3,3
1,3,1,60,0.05,3,2,2,2,1,266.77,1,10,1,1,3,3,14,3,1,2,2
1,3,1,61,1.8,2,3,2,2,1,174.82,1,15,3,1,2,2,19,3,1,1,3
1,3,1,62,0.05,1,1,1,2,0,302.91,0,1,3,1,3,1,9,1,1,1,1
1,3,1,63,0.2,3,1,2,2,1,296.53,1,16,3,1,1,3,16,1,3,1,3
1,3,1,64,0.2,3,3,2,1,0,228.86,1,17,3,3,1,1,17,3,3,1,1
1,3,1,65,0.4,1,2,1,1,1,203.59,1,15,1,3,1,3,18,3,3,2,2
1,3,1,66,1.8,3,2,2,2,1,193.33,1,14,3,1,1,3,11,3,1,2,2
1,3,1,67,0.05,1,2,1,2,0,311.25,0,4,1,1,1,1,15,3,3,2,2
1,3,1,68,0.05,1,2,1,1,1,309.33,0,8,1,1,1,1,2,1,1,2,2
1,3,1,69,0.4,2,1,2,1,0,212.85,1,11,1,1,2,2,12,3,1,3,1
1,3,1,70,0.8,1,1,1,1,1,186.07,1,1,1,1,1,1,16,1,1,1,1
1,3,1,71,0.1,2,2,2,1,0,283.45,1,6,3,1,2,2,15,1,3,2,2
1,3,1,72,0.4,1,3,1,1,1,174.41,1,14,3,1,3,1,8,1,1,3,3
1,3,1,73,0.05,2,2,2,2,1,311.46,0,13,1,3,2,2,14,3,1,2,2
1,3,1,74,1.8,1,2,1,1,1,179.24,1,13,1,1,1,1,14,3,1,2,2
1,3,1,75,1.8,2,1,2,1,0,180.08,1,7,3,3,2,2,3,1,3,1,3
1,3,1,76,0.05,1,1,1,2,0,280.44,1,4,1,3,1,3,2,3,1,3,1
1,3,1,77,0.8,2,1,2,2,1,216.93,1,17,1,1,2,2,2,1,3,1,3
1,3,1,78,0.2,3,2,2,1,0,188.14,1,17,3,3,1,1,10,3,1,2,2
1,3,2,1,0.05,3,3,2,2,1,317.09,0,12,1,3,3,1,4,3,1,1,3
1,3,2,2,0.2,3,1,2,1,0,281.23,1,18,1,1,3,3,18,3,1,3,1
1,3,2,3,0.8,1,1,1,1,1,179.45,1,19,3,3,3,3,5,3,1,3,1
1,3,2,4,0.1,3,2,2,1,0,290.49,1,16,1,3,3,1,19,3,1,2,2
1,3,2,5,0.2,3,3,2,1,0,239.51,1,17,3,3,1,1,8,3,3,1,1
1,3,2,6,0.2,1,3,1,2,0,218.39,1,11,3,3,3,3,7,1,3,3,1
1,3,2,7,0.2,3,3,2,2,1,176.95,1,6,1,3,3,1,11,3,3,1,1
1,3,2,8,0.8,2,3,2,2,1,183.34,1,11,3,3,2,2,16,1,1,3,3
1,3,2,9,0.2,1,2,1,2,0,269.41,1,20,3,3,3,3,18,1,1,2,2
1,3,2,10,0.05,2,1,2,2,1,294.87,1,15,3,3,2,2,20,1,3,1,3
1,3,2,11,0.2,2,2,2,1,0,260.27,1,17,1,3,2,2,17,1,1,2,2
1,3,2,12,0.4,2,1,2,1,0,226.84,1,10,1,1,2,2,3,1,1,1,1
1,3,2,13,0.4,2,1,2,1,0,232.41,1,10,3,1,2,2,7,3,3,3,3
1,3,2,14,0.2,2,1,2,2,1,244.58,1,16,3,1,2,2,7,1,1,1,1
1,3,2,15,0.1,3,1,2,2,1,249.93,1,1,3,1,1,3,2,1,3,1,3
1,3,2,16,0.05,1,3,1,1,1,247.85,1,19,3,3,3,3,15,3,1,1,3
1,3,2,17,0.8,3,1,NaN,NaN,NaN,NaN,NaN,2,1,3,3,1,12,3,3,3,3
1,3,2,18,0.4,1,3,1,1,1,284.63,1,6,1,1,1,1,12,3,1,1,3
1,3,2,19,1.8,2,2,2,1,0,189.38,1,10,1,1,2,2,18,3,1,2,2
1,3,2,20,1.8,2,2,2,1,0,181.32,1,20,1,3,2,2,17,1,3,2,2
1,3,2,21,0.05,3,1,2,2,1,343.03,0,7,3,3,1,1,9,1,3,1,3
1,3,2,22,0.1,3,2,2,2,1,258.36,1,1,1,3,3,1,17,1,3,2,2
1,3,2,23,0.8,2,2,NaN,NaN,NaN,NaN,NaN,15,3,3,2,2,16,3,1,2,2
1,3,2,24,0.1,3,2,2,2,1,264.1,1,10,3,1,1,3,17,3,3,2,2
1,3,2,25,0.4,1,2,1,1,1,183.75,1,20,3,3,3,3,11,3,3,2,2
1,3,2,26,0.05,1,3,1,2,0,249.49,1,13,1,1,1,1,7,1,3,3,1
1,3,2,27,0.8,1,2,1,1,1,205.76,1,4,3,1,3,1,2,1,1,2,2
1,3,2,28,0.4,1,2,1,2,0,240.76,1,19,1,3,1,3,20,1,3,2,2
1,3,2,29,0.8,1,1,1,1,1,188.58,1,3,3,1,3,1,18,1,1,1,1
1,3,2,30,0.8,3,1,2,2,1,187.74,1,4,1,3,3,1,20,1,3,1,3
1,3,2,31,0.05,2,1,2,2,1,304.09,0,16,3,1,2,2,20,1,3,1,3
1,3,2,32,1.8,3,2,2,2,1,196.93,1,3,1,1,3,3,16,3,1,2,2
1,3,2,33,0.2,3,2,2,2,1,299.41,1,2,1,1,3,3,10,3,3,2,2
1,3,2,34,1.8,2,3,2,2,1,179.16,1,7,1,3,2,2,7,1,1,3,3
1,3,2,35,0.8,3,1,2,2,1,223.99,1,6,3,3,1,1,13,1,3,1,3
1,3,2,36,0.2,1,2,1,1,1,277.78,1,1,3,3,3,3,1,3,3,2,2
1,3,2,37,0.2,1,1,1,1,1,272.78,1,10,1,1,1,1,2,3,3,3,3
1,3,2,38,0.2,1,2,1,1,1,229.89,1,10,1,1,1,1,10,3,1,2,2
1,3,2,39,0.1,2,1,2,1,0,367.71,0,4,3,3,2,2,1,1,3,1,3
1,3,2,40,0.1,2,3,2,2,1,320.47,0,17,1,1,2,2,8,3,3,1,1
1,3,2,41,1.8,2,3,2,2,1,240.44,1,7,3,3,2,2,6,3,1,1,3
1,3,2,42,0.05,2,1,2,2,1,322,0,12,1,3,2,2,13,3,1,3,1
1,3,2,43,0.4,1,3,1,1,1,197.23,1,5,3,3,3,3,6,1,3,3,1
1,3,2,44,0.4,3,3,2,2,1,206.96,1,17,3,1,1,3,13,3,1,1,3
1,3,2,45,0.4,1,1,1,1,1,183.85,1,12,3,1,3,1,17,3,1,3,1
1,3,2,46,0.4,1,1,1,1,1,233.08,1,10,3,1,3,1,9,3,3,3,3
1,3,2,47,1.8,2,1,2,2,1,199.02,1,6,3,1,2,2,4,1,3,1,3
1,3,2,48,0.8,1,1,1,1,1,177.96,1,9,1,1,1,1,15,1,1,1,1
1,3,2,49,1.8,2,3,2,2,1,213.41,1,5,1,3,2,2,9,1,1,3,3
1,3,2,50,0.1,2,3,2,2,1,361.97,0,10,1,3,2,2,3,1,3,3,1
1,3,2,51,0.8,1,1,1,1,1,212.92,1,6,3,3,3,3,6,1,1,1,1
1,3,2,52,0.05,2,2,2,1,0,317.47,0,12,3,3,2,2,17,1,1,2,2
1,3,2,53,0.8,2,2,2,1,0,187.82,1,20,3,1,2,2,2,3,3,2,2
1,3,2,54,0.1,3,3,2,2,1,279.66,1,16,3,3,1,1,15,3,1,1,3
1,3,2,55,0.4,1,3,1,1,1,182.02,1,1,1,3,1,3,14,1,3,3,1
1,3,2,56,1.8,2,3,2,2,1,196.25,1,5,3,1,2,2,9,1,3,3,1
1,3,2,57,0.1,1,3,1,1,1,285.47,1,17,3,1,3,1,6,3,1,1,3
1,3,2,58,1.8,1,1,1,1,1,159.91,1,13,1,1,1,1,4,3,1,3,1
1,3,2,59,0.05,3,3,2,2,1,323.77,0,9,1,1,3,3,6,3,1,1,3
1,3,2,60,0.2,1,2,1,1,1,288.38,1,5,3,1,3,1,9,1,3,2,2
1,3,2,61,0.4,2,3,2,2,1,206.47,1,3,1,3,2,2,17,1,3,3,1
1,3,2,62,0.8,1,2,1,1,1,199.39,1,2,1,1,1,1,2,1,3,2,2
1,3,2,63,0.05,3,2,2,1,0,283.05,1,17,1,1,3,3,10,3,1,2,2
1,3,2,64,0.05,1,1,1,2,0,285.49,1,1,3,3,3,3,19,3,3,3,3
1,3,2,65,1.8,2,2,2,2,1,191.44,1,3,3,1,2,2,10,3,1,2,2
1,3,2,66,0.8,2,1,2,1,0,199.82,1,7,1,1,2,2,1,1,1,1,1
1,3,2,67,1.8,1,3,1,1,1,187.01,1,15,1,3,1,3,11,3,1,1,3
1,3,2,68,1.8,2,3,2,2,1,250.79,1,12,1,3,2,2,5,3,3,1,1
1,3,2,69,0.05,3,3,2,2,1,310.98,0,13,3,3,1,1,5,1,1,3,3
1,3,2,70,0.4,2,3,2,2,1,170.16,1,15,3,3,2,2,14,1,3,3,1
1,3,2,71,0.1,1,3,1,1,1,302.91,0,18,3,1,3,1,2,3,1,1,3
1,3,2,72,0.2,2,3,2,1,0,192.04,1,8,1,3,2,2,20,1,3,3,1
1,3,2,73,1.8,1,1,1,1,1,201.73,1,19,1,1,1,1,11,1,3,1,3
1,3,2,74,0.1,3,2,2,2,1,302.21,0,7,3,3,1,1,9,1,1,2,2
1,3,2,75,0.1,2,1,2,1,0,302.91,0,18,1,1,2,2,2,3,1,3,1
1,3,2,76,0.05,1,2,1,1,1,340.04,0,2,3,1,3,1,8,1,3,2,2
1,3,2,77,0.4,3,1,2,2,1,236.13,1,13,3,3,1,1,12,3,3,3,3
1,3,2,78,0.1,3,1,2,2,1,481.56,0,15,3,3,1,1,2,3,1,3,1
1,3,3,1,0.05,3,3,2,2,1,263.83,1,11,3,3,1,1,9,3,1,1,3
1,3,3,2,0.2,2,1,2,2,1,199.21,1,10,3,3,2,2,13,3,3,3,3
1,3,3,3,1.8,3,3,2,2,1,213.97,1,6,1,3,3,1,5,1,3,3,1
1,3,3,4,0.8,2,3,2,1,0,226.95,1,6,1,3,2,2,18,3,3,1,1
1,3,3,5,1.8,3,2,2,2,1,189.06,1,14,3,3,1,1,9,3,1,2,2
1,3,3,6,0.8,2,1,2,1,0,217.43,1,17,1,1,2,2,14,3,3,3,3
1,3,3,7,0.4,3,2,2,2,1,197.1,1,7,3,1,1,3,7,3,3,2,2
1,3,3,8,0.4,3,1,2,2,1,204.29,1,14,3,1,1,3,18,3,3,3,3
1,3,3,9,0.1,1,1,1,2,0,303.97,0,15,1,1,1,1,18,1,1,1,1
1,3,3,10,0.8,1,1,1,2,0,210.93,1,19,1,3,1,3,4,1,3,1,3
1,3,3,11,1.8,1,3,1,1,1,204.61,1,11,1,1,1,1,7,1,1,3,3
1,3,3,12,0.4,2,3,2,2,1,186.32,1,20,1,3,2,2,11,3,1,1,3
1,3,3,13,0.05,1,3,1,2,0,302.16,0,15,1,3,1,3,2,1,3,3,1
1,3,3,14,0.2,1,1,1,2,0,278.5,1,2,1,3,1,3,14,3,1,3,1
1,3,3,15,0.2,2,3,2,2,1,251.21,1,9,1,3,2,2,20,1,3,3,1
1,3,3,16,0.1,2,1,2,1,0,264.26,1,2,1,1,2,2,16,1,3,1,3
1,3,3,17,0.8,1,3,1,1,1,210.24,1,8,1,3,1,3,5,1,3,3,1
1,3,3,18,0.2,3,3,2,2,1,192.94,1,4,1,1,3,3,19,3,1,1,3
1,3,3,19,0.05,1,2,1,1,1,281.96,1,14,3,3,3,3,18,1,3,2,2
1,3,3,20,1.8,1,3,NaN,NaN,NaN,NaN,NaN,11,1,1,1,1,6,3,1,1,3
1,3,3,21,0.8,1,1,1,1,1,190.51,1,6,1,1,1,1,12,3,3,3,3
1,3,3,22,0.8,3,2,2,2,1,215.47,1,12,1,1,3,3,13,1,3,2,2
1,3,3,23,0.4,1,1,1,1,1,238.75,1,17,3,3,3,3,20,3,3,3,3
1,3,3,24,0.4,3,3,2,2,1,209.14,1,16,1,3,3,1,17,1,3,3,1
1,3,3,25,1.8,1,3,1,2,0,205.42,1,8,3,3,3,3,18,3,1,1,3
1,3,3,26,1.8,1,1,1,1,1,220,1,17,1,1,1,1,1,1,3,1,3
1,3,3,27,0.05,1,1,1,2,0,372.79,0,6,1,1,1,1,17,1,3,1,3
1,3,3,28,0.8,1,2,1,1,1,217.29,1,5,1,1,1,1,2,1,1,2,2
1,3,3,29,0.2,2,3,2,2,1,257.71,1,4,3,1,2,2,7,1,1,3,3
1,3,3,30,1.8,1,2,1,1,1,233.2,1,12,3,3,3,3,20,3,3,2,2
1,3,3,31,0.2,1,1,1,1,1,266.78,1,14,3,1,3,1,3,3,1,3,1
1,3,3,32,0.1,3,3,2,2,1,291.47,1,7,1,3,3,1,5,1,3,3,1
1,3,3,33,0.2,1,2,1,1,1,238.04,1,13,3,1,3,1,20,1,3,2,2
1,3,3,34,0.4,2,1,2,2,1,259.03,1,7,1,1,2,2,16,3,3,3,3
1,3,3,35,0.4,3,3,2,2,1,227.01,1,7,1,3,3,1,17,1,1,3,3
1,3,3,36,0.8,1,1,NaN,NaN,NaN,NaN,NaN,16,1,3,1,3,18,1,1,1,1
1,3,3,37,1.8,2,1,2,1,0,240.22,1,12,3,3,2,2,9,3,3,3,3
1,3,3,38,0.1,3,1,2,1,0,300.94,0,12,3,3,1,1,12,1,3,1,3
1,3,3,39,0.1,1,3,1,2,0,313.23,0,18,3,1,3,1,18,1,3,3,1
1,3,3,40,0.2,3,2,2,2,1,250.19,1,20,3,3,1,1,18,1,3,2,2
1,3,3,41,0.05,2,2,2,2,1,322.27,0,11,1,1,2,2,11,1,1,2,2
1,3,3,42,0.1,1,3,1,2,0,331.32,0,2,3,1,3,1,13,3,1,1,3
1,3,3,43,0.05,2,3,2,2,1,336.48,0,17,3,3,2,2,18,1,3,3,1
1,3,3,44,0.1,1,1,1,1,1,305.13,0,16,1,1,1,1,17,1,1,1,1
1,3,3,45,1.8,3,1,2,2,1,195.04,1,5,1,1,3,3,16,1,1,1,1
1,3,3,46,1.8,1,1,1,1,1,200.58,1,10,1,3,1,3,3,3,3,3,3
1,3,3,47,0.8,1,1,1,1,1,189.95,1,16,3,3,3,3,15,1,3,1,3
1,3,3,48,0.1,1,1,1,1,1,298.43,1,3,1,1,1,1,6,1,3,1,3
1,3,3,49,1.8,1,1,1,1,1,194.92,1,10,1,3,1,3,18,3,3,3,3
1,3,3,50,0.2,1,1,1,2,0,337.54,0,16,3,3,3,3,1,1,1,1,1
1,3,3,51,0.8,3,2,2,2,1,192.22,1,1,3,3,1,1,4,3,1,2,2
1,3,3,52,0.8,2,3,2,2,1,195.09,1,11,3,3,2,2,13,1,3,3,1
1,3,3,53,0.2,3,2,2,2,1,269.76,1,3,1,3,3,1,20,3,1,2,2
1,3,3,54,0.1,1,1,1,1,1,342.55,0,9,3,3,3,3,17,3,1,3,1
1,3,3,55,0.1,1,3,1,2,0,303.81,0,9,3,3,3,3,16,1,1,3,3
1,3,3,56,0.8,3,1,2,1,0,203.36,1,15,1,1,3,3,17,1,3,1,3
1,3,3,57,0.4,1,1,1,1,1,210.95,1,14,1,1,1,1,3,1,1,1,1
1,3,3,58,0.1,2,1,2,2,1,268.87,1,10,1,1,2,2,17,3,1,3,1
1,3,3,59,0.4,1,1,1,1,1,205.45,1,10,3,1,3,1,15,1,3,1,3
1,3,3,60,0.2,3,1,2,2,1,244.26,1,15,1,3,3,1,16,1,1,1,1
1,3,3,61,0.1,1,3,1,1,1,286.31,1,20,1,1,1,1,7,3,1,1,3
1,3,3,62,0.4,1,2,1,1,1,214.65,1,20,1,1,1,1,1,1,1,2,2
1,3,3,63,0.2,1,1,1,1,1,254.48,1,4,1,3,1,3,1,3,3,3,3
1,3,3,64,0.4,2,1,2,2,1,175.97,1,3,1,1,2,2,14,3,1,3,1
1,3,3,65,0.4,1,3,1,1,1,222.44,1,15,1,1,1,1,3,1,3,3,1
1,3,3,66,0.05,2,3,2,2,1,283.53,1,4,1,3,2,2,14,1,3,3,1
1,3,3,67,0.05,2,1,2,1,0,320.03,0,15,3,1,2,2,7,1,3,1,3
1,3,3,68,0.8,1,2,1,1,1,194.5,1,7,3,3,3,3,12,3,3,2,2
1,3,3,69,0.05,2,3,2,2,1,289.58,1,20,3,1,2,2,5,1,1,3,3
1,3,3,70,0.2,3,1,2,2,1,241.47,1,4,3,3,1,1,19,3,1,3,1
1,3,3,71,1.8,3,2,2,2,1,209.59,1,3,1,3,3,1,7,1,3,2,2
1,3,3,72,0.05,3,3,2,2,1,280.44,1,2,1,3,3,1,19,3,1,1,3
1,3,3,73,0.05,3,2,2,2,1,336.32,0,17,3,1,1,3,14,3,1,2,2
1,3,3,74,1.8,3,2,2,2,1,182.26,1,19,3,3,1,1,18,3,1,2,2
1,3,3,75,0.05,1,3,1,1,1,193.22,1,13,1,1,1,1,13,3,3,1,1
1,3,3,76,0.1,2,1,2,2,1,282.36,1,4,1,3,2,2,9,1,3,1,3
1,3,3,77,0.4,3,2,2,2,1,185.03,1,17,1,3,3,1,19,3,3,2,2
1,3,3,78,0.05,2,1,2,2,1,384.77,0,10,3,1,2,2,17,1,3,1,3
1,3,4,1,1.8,1,3,1,1,1,193.07,1,4,1,1,1,1,18,1,1,3,3
1,3,4,2,0.05,3,3,2,2,1,318.79,0,8,1,1,3,3,19,1,1,3,3
1,3,4,3,1.8,2,1,2,2,1,302.9,0,1,3,3,2,2,17,1,1,1,1
1,3,4,4,0.05,2,3,2,2,1,452.13,0,11,3,3,2,2,5,3,3,1,1
1,3,4,5,1.8,1,1,1,1,1,307.68,0,5,3,1,3,1,11,3,1,3,1
1,3,4,6,0.4,3,3,2,2,1,197.41,1,14,1,3,3,1,9,1,3,3,1
1,3,4,7,0.2,3,1,2,2,1,235.02,1,18,3,3,1,1,7,3,3,3,3
1,3,4,8,1.8,1,1,1,1,1,213.06,1,12,3,3,3,3,16,1,1,1,1
1,3,4,9,0.2,1,2,1,2,0,191.29,1,15,1,1,1,1,20,3,1,2,2
1,3,4,10,0.05,1,1,1,1,1,323.4,0,9,1,3,1,3,10,1,1,1,1
1,3,4,11,0.4,3,1,2,2,1,203.92,1,16,1,1,3,3,14,3,3,3,3
1,3,4,12,1.8,1,2,1,1,1,188.79,1,19,1,3,1,3,10,3,3,2,2
1,3,4,13,0.8,1,2,1,1,1,196.67,1,15,3,1,3,1,19,3,3,2,2
1,3,4,14,0.4,3,3,2,2,1,204.18,1,16,1,3,3,1,7,3,1,1,3
1,3,4,15,0.05,1,2,1,2,0,292.48,1,14,1,3,1,3,18,1,3,2,2
1,3,4,16,0.1,1,1,1,1,1,322.2,0,3,3,3,3,3,3,1,1,1,1
1,3,4,17,0.8,1,1,NaN,NaN,NaN,NaN,NaN,18,1,1,1,1,17,3,3,3,3
1,3,4,18,0.4,2,3,2,2,1,262.3,1,6,3,3,2,2,13,1,3,3,1
1,3,4,19,0.4,1,1,1,1,1,206.12,1,17,1,1,1,1,15,3,3,3,3
1,3,4,20,0.2,2,3,2,2,1,244.75,1,20,3,1,2,2,20,3,3,1,1
1,3,4,21,0.2,3,2,2,2,1,239.25,1,18,3,1,1,3,4,1,1,2,2
1,3,4,22,0.1,1,3,1,1,1,301.25,0,11,1,3,1,3,18,1,1,3,3
1,3,4,23,0.1,2,1,2,2,1,280.02,1,11,3,3,2,2,2,3,1,3,1
1,3,4,24,0.2,1,2,1,1,1,225.05,1,12,1,1,1,1,8,1,3,2,2
1,3,4,25,0.8,1,3,1,1,1,170.78,1,6,3,3,3,3,20,3,1,1,3
1,3,4,26,0.8,1,1,1,1,1,195.22,1,10,1,3,1,3,4,3,1,3,1
1,3,4,27,0.05,2,1,2,1,0,319.87,0,12,3,1,2,2,11,3,1,3,1
1,3,4,28,0.2,2,3,2,2,1,216.46,1,13,1,3,2,2,4,3,1,1,3
1,3,4,29,0.4,3,2,2,2,1,204.6,1,10,1,3,3,1,20,1,3,2,2
1,3,4,30,0.1,2,2,2,2,1,317.91,0,13,3,1,2,2,13,1,3,2,2
1,3,4,31,0.2,1,2,1,1,1,232.14,1,8,1,1,1,1,10,3,3,2,2
1,3,4,32,0.05,1,3,1,1,1,343.05,0,9,3,3,3,3,15,3,3,1,1
1,3,4,33,0.2,3,2,2,2,1,260.41,1,4,3,3,1,1,20,1,3,2,2
1,3,4,34,0.05,1,1,1,1,1,311.31,0,18,3,3,3,3,20,1,3,1,3
1,3,4,35,0.8,1,2,1,1,1,201.98,1,17,1,3,1,3,14,1,1,2,2
1,3,4,36,0.4,1,2,1,1,1,261.53,1,10,1,1,1,1,12,3,1,2,2
1,3,4,37,0.2,2,3,2,2,1,240.34,1,4,3,1,2,2,8,1,1,3,3
1,3,4,38,0.1,1,3,1,2,0,185.71,1,7,3,3,3,3,5,3,1,1,3
1,3,4,39,1.8,3,3,2,2,1,200.42,1,3,3,1,1,3,15,1,1,3,3
1,3,4,40,0.8,2,3,2,2,1,225.25,1,6,3,1,2,2,4,3,1,1,3
1,3,4,41,0.4,1,1,1,1,1,262.12,1,3,3,1,3,1,13,3,1,3,1
1,3,4,42,0.1,3,3,2,2,1,286.14,1,18,3,3,1,1,2,3,3,1,1
1,3,4,43,1.8,3,1,2,2,1,212.33,1,15,1,3,3,1,20,3,1,3,1
1,3,4,44,0.4,2,1,2,2,1,212.33,1,9,3,1,2,2,17,1,1,1,1
1,3,4,45,0.2,1,2,1,1,1,252.1,1,20,1,3,1,3,8,3,1,2,2
1,3,4,46,0.8,1,2,1,1,1,214.74,1,20,3,1,3,1,11,3,3,2,2
1,3,4,47,0.1,1,1,1,1,1,325.44,0,1,1,3,1,3,7,3,1,3,1
1,3,4,48,0.05,1,2,1,1,1,300.3,0,14,3,3,3,3,4,3,3,2,2
1,3,4,49,0.1,1,3,1,1,1,266.51,1,20,3,1,3,1,3,3,1,1,3
1,3,4,50,0.4,1,2,1,1,1,231.94,1,9,3,1,3,1,11,3,3,2,2
1,3,4,51,0.05,1,1,1,1,1,344.75,0,1,3,3,3,3,1,1,3,1,3
1,3,4,52,0.2,3,2,2,2,1,209.04,1,2,3,3,1,1,10,1,1,2,2
1,3,4,53,1.8,2,1,2,2,1,195.91,1,10,3,1,2,2,18,3,3,3,3
1,3,4,54,1.8,1,3,1,1,1,222.67,1,1,3,3,3,3,1,1,1,3,3
1,3,4,55,1.8,2,3,2,1,0,170.91,1,15,1,3,2,2,6,3,1,1,3
1,3,4,56,1.8,1,3,1,1,1,377.25,0,6,1,1,1,1,11,3,3,1,1
1,3,4,57,0.8,1,3,1,1,1,187.71,1,13,3,3,3,3,14,3,3,1,1
1,3,4,58,0.8,1,2,1,1,1,186.16,1,16,1,1,1,1,5,3,1,2,2
1,3,4,59,0.05,1,3,1,1,1,356.55,0,1,1,1,1,1,18,1,3,3,1
1,3,4,60,0.4,2,1,2,2,1,206.4,1,3,1,1,2,2,11,3,1,3,1
1,3,4,61,0.1,1,2,1,2,0,376.9,0,15,1,3,1,3,14,1,1,2,2
1,3,4,62,0.1,1,2,1,1,1,186.86,1,9,1,3,1,3,4,3,1,2,2
1,3,4,63,0.8,2,1,2,1,0,193.65,1,12,1,1,2,2,2,1,3,1,3
1,3,4,64,0.2,2,2,2,1,0,184.83,1,12,3,3,2,2,7,3,3,2,2
1,3,4,65,0.1,1,1,1,1,1,279.32,1,16,1,1,1,1,4,3,1,3,1
1,3,4,66,0.8,1,3,1,1,1,186.74,1,14,1,1,1,1,14,1,1,3,3
1,3,4,67,0.8,3,2,2,2,1,257.4,1,11,3,3,1,1,11,3,3,2,2
1,3,4,68,0.1,1,3,1,1,1,277.08,1,10,3,1,3,1,20,1,3,3,1
1,3,4,69,0.05,1,1,1,1,1,324.52,0,16,1,3,1,3,17,3,1,3,1
1,3,4,70,0.8,2,2,2,2,1,210.68,1,4,3,1,2,2,15,3,3,2,2
1,3,4,71,0.4,3,1,2,2,1,212.1,1,16,3,3,1,1,10,3,1,3,1
1,3,4,72,0.05,2,1,2,1,0,246.01,1,9,1,1,2,2,2,1,1,1,1
1,3,4,73,0.4,3,3,2,2,1,230.8,1,12,3,1,1,3,10,3,1,1,3
1,3,4,74,1.8,1,1,1,1,1,184.23,1,15,3,1,3,1,14,1,1,1,1
1,3,4,75,0.05,1,1,1,1,1,268.75,1,6,3,3,3,3,8,3,3,3,3
1,3,4,76,0.1,1,1,1,1,1,243.43,1,10,3,3,3,3,9,3,1,3,1
1,3,4,77,0.2,1,2,1,1,1,255.87,1,17,3,3,3,3,14,3,3,2,2
1,3,4,78,1.8,1,2,1,1,1,187.81,1,4,3,3,3,3,8,1,3,2,2
1,3,5,1,1.8,2,3,2,2,1,232.34,1,14,1,3,2,2,8,3,3,1,1
1,3,5,2,1.8,1,2,1,1,1,191.96,1,3,3,1,3,1,20,3,3,2,2
1,3,5,3,0.4,1,1,1,1,1,192.94,1,14,3,1,3,1,11,1,1,1,1
1,3,5,4,0.8,1,3,1,1,1,190.54,1,9,1,1,1,1,10,1,1,3,3
1,3,5,5,0.4,2,1,2,2,1,241.21,1,19,3,1,2,2,7,3,3,3,3
1,3,5,6,1.8,1,3,1,1,1,473.94,0,3,1,1,1,1,8,1,3,3,1
1,3,5,7,1.8,1,1,1,1,1,199.32,1,2,1,3,1,3,4,1,1,1,1
1,3,5,8,0.1,1,2,1,1,1,276.43,1,18,1,3,1,3,18,1,3,2,2
1,3,5,9,0.1,1,1,1,1,1,252.92,1,18,1,1,1,1,19,3,1,3,1
1,3,5,10,0.8,3,2,2,2,1,189.23,1,19,1,1,3,3,5,3,1,2,2
1,3,5,11,0.4,1,1,1,1,1,186.91,1,1,3,1,3,1,14,3,3,3,3
1,3,5,12,0.8,3,1,NaN,NaN,NaN,NaN,NaN,14,3,3,1,1,17,3,3,3,3
1,3,5,13,0.05,1,3,1,1,1,295,1,6,1,3,1,3,10,3,1,1,3
1,3,5,14,0.2,2,1,2,1,0,271.22,1,20,1,3,2,2,7,1,3,1,3
1,3,5,15,0.2,1,2,1,1,1,274.32,1,3,1,1,1,1,4,1,1,2,2
1,3,5,16,0.8,3,2,2,2,1,194.41,1,15,3,1,1,3,17,1,3,2,2
1,3,5,17,1.8,1,1,1,1,1,200.65,1,5,3,1,3,1,2,3,3,3,3
1,3,5,18,0.1,2,3,2,2,1,333.17,0,1,3,3,2,2,18,1,1,3,3
1,3,5,19,0.2,2,1,2,2,1,242.69,1,10,3,1,2,2,4,1,3,1,3
1,3,5,20,0.8,1,3,1,1,1,186.94,1,17,3,3,3,3,1,3,1,1,3
1,3,5,21,0.4,1,3,1,1,1,189.83,1,3,3,3,3,3,10,1,1,3,3
1,3,5,22,0.1,3,2,2,2,1,264.28,1,1,1,3,3,1,1,3,1,2,2
1,3,5,23,0.1,1,2,1,2,0,306.85,0,15,3,1,3,1,3,1,1,2,2
1,3,5,24,1.8,1,3,1,1,1,197.42,1,16,1,1,1,1,14,1,3,3,1
1,3,5,25,0.2,1,2,1,2,0,281.2,1,12,3,3,3,3,14,1,1,2,2
1,3,5,26,0.05,1,3,1,1,1,344.12,0,10,1,3,1,3,18,1,3,3,1
1,3,5,27,0.8,3,3,2,2,1,179.37,1,11,1,3,3,1,20,3,1,1,3
1,3,5,28,0.1,3,1,2,2,1,261.79,1,9,3,1,1,3,11,3,3,3,3
1,3,5,29,0.05,1,2,1,1,1,186.8,1,3,1,3,1,3,5,1,1,2,2
1,3,5,30,0.1,1,2,1,2,0,102.38,1,5,1,1,1,1,15,3,3,2,2
1,3,5,31,0.8,1,2,NaN,NaN,NaN,NaN,NaN,3,1,3,1,3,2,3,1,2,2
1,3,5,32,0.4,2,1,2,2,1,222.07,1,19,3,1,2,2,2,3,1,3,1
1,3,5,33,0.05,2,2,2,1,0,226.03,1,18,1,1,2,2,4,3,3,2,2
1,3,5,34,0.4,1,1,1,1,1,207.13,1,16,1,1,1,1,8,1,1,1,1
1,3,5,35,0.1,1,3,1,1,1,252.37,1,10,1,1,1,1,1,1,3,3,1
1,3,5,36,0.1,1,1,1,1,1,292.89,1,15,3,3,3,3,9,1,3,1,3
1,3,5,37,0.8,1,1,1,1,1,199.12,1,17,1,1,1,1,11,3,1,3,1
1,3,5,38,0.4,1,3,1,1,1,220.31,1,13,1,3,1,3,4,3,3,1,1
1,3,5,39,0.8,1,2,1,1,1,195.78,1,13,1,3,1,3,13,1,1,2,2
1,3,5,40,0.8,1,2,1,1,1,183.75,1,1,1,1,1,1,9,3,1,2,2
1,3,5,41,0.2,1,2,1,1,1,226.84,1,2,3,1,3,1,5,1,3,2,2
1,3,5,42,0.8,2,3,2,1,0,225.17,1,1,3,1,2,2,18,1,1,3,3
1,3,5,43,0.2,3,1,2,1,0,312.75,0,12,3,1,1,3,9,3,1,3,1
1,3,5,44,1.8,2,3,2,2,1,232.59,1,1,3,1,2,2,11,1,3,3,1
1,3,5,45,0.4,2,2,2,2,1,212.41,1,16,1,1,2,2,14,1,1,2,2
1,3,5,46,0.05,2,1,2,1,0,335.23,0,1,1,3,2,2,12,3,1,3,1
1,3,5,47,0.4,3,1,2,2,1,220.09,1,10,1,1,3,3,9,1,1,1,1
1,3,5,48,0.05,1,2,1,1,1,379.85,0,14,3,3,3,3,16,3,1,2,2
1,3,5,49,0.05,1,1,1,1,1,325.42,0,19,3,1,3,1,10,1,3,1,3
1,3,5,50,0.05,2,3,2,2,1,284.78,1,17,3,1,2,2,11,3,3,1,1
1,3,5,51,0.2,1,2,1,1,1,258.47,1,17,3,1,3,1,10,1,1,2,2
1,3,5,52,1.8,2,2,2,1,0,201.36,1,4,1,3,2,2,15,3,1,2,2
1,3,5,53,0.2,1,3,1,2,0,308.32,0,13,3,1,3,1,20,3,3,1,1
1,3,5,54,0.2,2,3,2,1,0,327.76,0,11,3,1,2,2,20,3,3,1,1
1,3,5,55,0.05,1,2,1,2,0,292.47,1,9,1,3,1,3,16,1,1,2,2
1,3,5,56,0.4,1,2,1,1,1,233.6,1,7,3,3,3,3,17,1,1,2,2
1,3,5,57,1.8,1,1,1,2,0,241.41,1,3,1,1,1,1,5,3,3,3,3
1,3,5,58,0.1,3,2,2,2,1,467.37,0,5,1,3,3,1,12,3,1,2,2
1,3,5,59,0.05,3,2,2,1,0,299.73,1,15,3,3,1,1,13,3,1,2,2
1,3,5,60,0.4,2,2,2,1,0,211.32,1,12,3,1,2,2,16,3,1,2,2
1,3,5,61,0.2,2,3,2,2,1,261.59,1,11,3,3,2,2,11,3,1,1,3
1,3,5,62,0.4,3,2,2,2,1,239.67,1,11,1,1,3,3,3,3,3,2,2
1,3,5,63,0.4,2,1,2,1,0,273.92,1,7,1,3,2,2,19,3,3,3,3
1,3,5,64,0.05,1,1,1,2,0,278.37,1,5,3,1,3,1,9,3,1,3,1
1,3,5,65,1.8,1,1,1,2,0,185.9,1,8,3,1,3,1,10,3,1,3,1
1,3,5,66,0.1,1,3,1,2,0,327.1,0,13,1,1,1,1,4,3,3,1,1
1,3,5,67,1.8,1,3,1,2,0,207.55,1,10,3,1,3,1,19,3,1,1,3
1,3,5,68,0.8,3,1,2,2,1,224.29,1,20,3,3,1,1,6,1,1,1,1
1,3,5,69,1.8,2,1,2,2,1,187.01,1,9,3,1,2,2,20,1,3,1,3
1,3,5,70,0.2,2,2,2,2,1,178.31,1,14,3,3,2,2,11,3,3,2,2
1,3,5,71,1.8,2,3,2,2,1,179.34,1,11,1,1,2,2,13,3,1,1,3
1,3,5,72,0.1,3,1,2,2,1,291.51,1,9,1,1,3,3,11,3,1,3,1
1,3,5,73,0.05,1,1,1,1,1,375.68,0,14,3,3,3,3,4,3,3,3,3
1,3,5,74,0.05,1,1,1,1,1,263.48,1,14,1,3,1,3,7,3,3,3,3
1,3,5,75,0.2,1,3,1,1,1,309.22,0,14,3,3,3,3,7,3,1,1,3
1,3,5,76,0.2,1,2,1,2,0,297.58,1,11,3,3,3,3,13,3,3,2,2
1,3,5,77,0.1,1,3,1,1,1,341.72,0,1,3,3,3,3,7,1,3,3,1
1,3,5,78,0.8,2,3,NaN,NaN,NaN,NaN,NaN,7,3,1,2,2,15,1,3,3,1
1,3,6,1,0.1,1,3,1,1,1,305.82,0,11,3,1,3,1,16,3,1,1,3
1,3,6,2,0.05,1,2,1,1,1,259.71,1,13,3,3,3,3,8,3,3,2,2
1,3,6,3,1.8,2,2,2,2,1,185.92,1,10,1,3,2,2,10,1,3,2,2
1,3,6,4,0.4,1,1,1,1,1,214.79,1,2,1,3,1,3,20,1,1,1,1
1,3,6,5,0.1,1,1,1,1,1,232.09,1,5,1,1,1,1,2,3,1,3,1
1,3,6,6,1.8,1,1,1,1,1,184.95,1,7,1,3,1,3,20,1,1,1,1
1,3,6,7,0.05,2,3,2,1,0,282.82,1,5,3,3,2,2,16,3,1,1,3
1,3,6,8,0.4,1,2,1,1,1,184.51,1,7,1,1,1,1,7,3,1,2,2
1,3,6,9,0.2,1,1,1,2,0,269.56,1,7,1,3,1,3,4,1,1,1,1
1,3,6,10,0.8,3,3,2,2,1,314.33,0,13,3,1,1,3,11,3,1,1,3
1,3,6,11,0.4,3,1,2,2,1,213.26,1,6,3,1,1,3,8,3,1,3,1
1,3,6,12,0.1,2,3,2,2,1,275.58,1,19,3,3,2,2,14,1,3,3,1
1,3,6,13,0.4,1,2,1,1,1,238.56,1,5,1,1,1,1,1,1,3,2,2
1,3,6,14,0.4,1,2,1,1,1,241.92,1,12,1,1,1,1,1,1,1,2,2
1,3,6,15,1.8,2,1,2,2,1,191.98,1,19,3,1,2,2,15,3,1,3,1
1,3,6,16,0.05,3,2,2,2,1,325.01,0,1,1,3,3,1,18,3,3,2,2
1,3,6,17,0.4,2,3,2,2,1,227.35,1,11,1,1,2,2,12,1,3,3,1
1,3,6,18,0.1,2,3,2,2,1,296.79,1,10,3,3,2,2,11,1,1,3,3
1,3,6,19,0.4,2,1,2,2,1,247.77,1,3,1,1,2,2,3,1,1,1,1
1,3,6,20,0.05,1,3,1,1,1,345.19,0,5,1,3,1,3,1,3,3,1,1
1,3,6,21,0.4,1,1,1,1,1,186.13,1,10,1,1,1,1,11,3,3,3,3
1,3,6,22,0.8,1,2,1,1,1,223.09,1,14,3,1,3,1,15,1,1,2,2
1,3,6,23,0.05,1,1,1,2,0,284.2,1,17,3,1,3,1,16,3,1,3,1
1,3,6,24,0.4,2,1,2,2,1,209.82,1,6,3,1,2,2,4,1,1,1,1
1,3,6,25,0.1,1,3,1,1,1,264.32,1,12,1,3,1,3,19,1,1,3,3
1,3,6,26,0.1,1,1,1,1,1,257.94,1,19,1,3,1,3,13,1,1,1,1
1,3,6,27,0.05,2,2,2,2,1,330.07,0,3,3,1,2,2,17,1,3,2,2
1,3,6,28,0.8,1,3,1,1,1,180.54,1,1,3,1,3,1,9,1,3,3,1
1,3,6,29,1.8,1,2,NaN,NaN,NaN,NaN,NaN,15,1,3,1,3,5,1,1,2,2
1,3,6,30,0.1,1,3,1,1,1,246.99,1,8,3,1,3,1,17,3,1,1,3
1,3,6,31,0.8,1,3,1,2,0,205.09,1,19,1,1,1,1,6,3,1,1,3
1,3,6,32,0.8,2,1,2,1,0,179.59,1,2,3,1,2,2,14,3,3,3,3
1,3,6,33,0.1,3,2,2,2,1,265.95,1,6,3,3,1,1,8,3,3,2,2
1,3,6,34,0.1,3,1,2,2,1,310.42,0,13,3,3,1,1,13,3,1,3,1
1,3,6,35,1.8,3,2,2,2,1,187.91,1,3,3,3,1,1,5,3,1,2,2
1,3,6,36,0.8,2,3,2,2,1,182.55,1,20,3,3,2,2,17,1,1,3,3
1,3,6,37,1.8,1,1,1,1,1,181.59,1,9,3,1,3,1,20,1,1,1,1
1,3,6,38,0.2,3,1,2,2,1,263.89,1,13,3,1,1,3,3,3,1,3,1
1,3,6,39,0.2,1,2,1,2,0,271.92,1,6,3,1,3,1,16,3,3,2,2
1,3,6,40,0.8,1,1,1,2,0,190.14,1,20,3,1,3,1,16,3,1,3,1
1,3,6,41,0.8,1,1,1,1,1,214.38,1,13,3,1,3,1,6,1,3,1,3
1,3,6,42,0.05,1,3,1,2,0,341.09,0,4,1,1,1,1,19,3,1,1,3
1,3,6,43,1.8,3,1,NaN,NaN,NaN,NaN,NaN,13,3,3,1,1,4,1,3,1,3
1,3,6,44,0.05,1,1,1,2,0,351.46,0,18,1,1,1,1,16,1,3,1,3
1,3,6,45,1.8,1,2,1,1,1,206.92,1,9,1,1,1,1,3,1,1,2,2
1,3,6,46,0.1,1,1,1,1,1,319.57,0,3,3,1,3,1,6,3,1,3,1
1,3,6,47,0.8,2,2,2,2,1,204.32,1,18,1,1,2,2,18,1,3,2,2
1,3,6,48,0.1,1,2,1,2,0,293.33,1,17,1,3,1,3,13,3,3,2,2
1,3,6,49,0.4,3,2,2,2,1,180.17,1,13,3,3,1,1,16,3,3,2,2
1,3,6,50,0.05,3,2,2,2,1,276.75,1,12,3,3,1,1,20,1,3,2,2
1,3,6,51,0.1,1,2,1,1,1,253.48,1,2,1,3,1,3,11,1,3,2,2
1,3,6,52,0.2,2,3,2,1,0,248.96,1,1,1,1,2,2,12,3,3,1,1
1,3,6,53,0.8,2,3,2,2,1,227.59,1,6,1,3,2,2,16,1,3,3,1
1,3,6,54,0.4,1,1,1,1,1,195.9,1,17,3,1,3,1,15,1,3,1,3
1,3,6,55,1.8,1,1,1,1,1,190.66,1,6,3,3,3,3,12,1,1,1,1
1,3,6,56,1.8,1,1,NaN,NaN,NaN,NaN,NaN,14,1,1,1,1,3,1,3,1,3
1,3,6,57,0.8,1,2,1,1,1,208.08,1,3,1,3,1,3,13,3,3,2,2
1,3,6,58,0.2,1,1,1,1,1,282.37,1,11,3,3,3,3,4,1,1,1,1
1,3,6,59,0.2,1,3,1,1,1,266.97,1,18,3,1,3,1,15,3,1,1,3
1,3,6,60,0.2,1,2,1,2,0,286.76,1,7,1,1,1,1,12,3,1,2,2
1,3,6,61,1.8,1,3,1,1,1,207.09,1,11,1,1,1,1,12,1,1,3,3
1,3,6,62,0.2,1,3,1,1,1,247.94,1,14,3,3,3,3,6,1,1,3,3
1,3,6,63,0.4,2,1,2,2,1,230.35,1,1,1,3,2,2,16,1,3,1,3
1,3,6,64,1.8,3,1,2,2,1,187.83,1,1,1,1,3,3,7,1,3,1,3
1,3,6,65,0.1,1,2,1,1,1,298.81,1,18,1,3,1,3,14,1,1,2,2
1,3,6,66,0.8,3,1,2,2,1,205.35,1,5,3,1,1,3,14,3,3,3,3
1,3,6,67,0.05,1,3,1,1,1,328.36,0,3,3,1,3,1,10,3,1,1,3
1,3,6,68,0.2,3,1,2,2,1,211.94,1,8,1,1,3,3,3,3,1,3,1
1,3,6,69,0.2,1,3,1,1,1,264.42,1,10,3,1,3,1,1,1,1,3,3
1,3,6,70,0.4,2,3,2,2,1,252.82,1,7,3,3,2,2,1,1,3,3,1
1,3,6,71,0.05,1,2,1,1,1,356.58,0,17,3,1,3,1,12,1,3,2,2
1,3,6,72,0.05,1,3,1,1,1,346.75,0,20,1,1,1,1,6,1,3,3,1
1,3,6,73,0.8,1,1,1,2,0,212.53,1,4,1,1,1,1,16,1,1,1,1
1,3,6,74,0.2,2,2,2,2,1,263.08,1,16,3,1,2,2,17,3,3,2,2
1,3,6,75,0.2,3,1,2,2,1,308.71,0,7,3,3,1,1,6,1,3,1,3
1,3,6,76,0.2,2,1,2,2,1,306.21,0,1,3,1,2,2,5,1,1,1,1
1,3,6,77,0.05,1,3,1,2,0,385.99,0,4,1,3,1,3,15,3,3,1,1
1,3,6,78,1.8,3,1,2,2,1,224.96,1,2,1,3,3,1,11,1,1,1,1
1,3,7,1,0.4,1,1,1,1,1,177.92,1,20,3,1,3,1,10,1,3,1,3
1,3,7,2,0.1,1,2,1,1,1,268.24,1,8,1,1,1,1,19,3,3,2,2
1,3,7,3,0.2,1,2,1,1,1,251.08,1,5,3,3,3,3,17,3,1,2,2
1,3,7,4,0.2,1,2,1,1,1,239.33,1,13,3,1,3,1,10,3,3,2,2
1,3,7,5,0.1,3,3,2,2,1,290.16,1,14,1,1,3,3,10,3,3,1,1
1,3,7,6,0.2,1,3,1,1,1,259.23,1,15,1,3,1,3,8,3,1,1,3
1,3,7,7,0.1,1,2,1,2,0,332.81,0,17,3,3,3,3,15,1,3,2,2
1,3,7,8,1.8,2,2,2,2,1,186.9,1,13,1,3,2,2,14,1,3,2,2
1,3,7,9,1.8,1,1,1,1,1,191.85,1,6,1,1,1,1,2,1,3,1,3
1,3,7,10,1.8,3,2,2,2,1,188.05,1,2,3,3,1,1,9,3,3,2,2
1,3,7,11,0.4,3,1,2,2,1,256.89,1,2,1,1,3,3,20,3,3,3,3
1,3,7,12,0.2,3,2,2,2,1,281.59,1,11,1,1,3,3,8,1,1,2,2
1,3,7,13,0.1,1,1,1,2,0,338.14,0,4,3,3,3,3,15,3,3,3,3
1,3,7,14,0.05,1,1,1,2,0,381.98,0,19,1,3,1,3,3,3,1,3,1
1,3,7,15,1.8,1,3,1,2,0,215.62,1,6,3,3,3,3,8,3,3,1,1
1,3,7,16,0.1,3,1,2,2,1,455.16,0,12,3,3,1,1,7,3,1,3,1
1,3,7,17,0.4,3,3,2,2,1,310.94,0,12,3,3,1,1,7,3,1,1,3
1,3,7,18,0.1,1,2,1,1,1,304.06,0,16,3,3,3,3,12,3,1,2,2
1,3,7,19,0.8,3,2,2,2,1,180.45,1,1,3,3,1,1,11,3,1,2,2
1,3,7,20,0.4,3,2,2,2,1,182.38,1,19,3,1,1,3,9,1,1,2,2
1,3,7,21,0.2,3,2,2,2,1,237.69,1,3,1,1,3,3,12,3,3,2,2
1,3,7,22,0.1,2,1,2,1,0,257.53,1,10,1,1,2,2,15,3,3,3,3
1,3,7,23,1.8,3,2,2,2,1,178.76,1,17,3,3,1,1,20,1,1,2,2
1,3,7,24,0.8,3,3,2,2,1,183.36,1,2,3,3,1,1,13,3,1,1,3
1,3,7,25,0.05,3,1,2,2,1,327.22,0,12,3,1,1,3,10,1,3,1,3
1,3,7,26,1.8,1,3,1,1,1,200.37,1,3,3,1,3,1,5,3,1,1,3
1,3,7,27,0.05,1,3,1,1,1,330.59,0,10,3,1,3,1,5,1,3,3,1
1,3,7,28,0.4,3,2,2,2,1,213.81,1,18,3,3,1,1,9,1,3,2,2
1,3,7,29,0.8,1,2,1,1,1,204.82,1,13,1,1,1,1,18,1,1,2,2
1,3,7,30,0.05,1,3,1,1,1,325.11,0,7,3,3,3,3,13,1,1,3,3
1,3,7,31,0.4,1,1,1,1,1,255.34,1,7,3,1,3,1,5,3,1,3,1
1,3,7,32,1.8,1,1,1,1,1,206.69,1,11,3,3,3,3,9,1,1,1,1
1,3,7,33,1.8,3,3,2,2,1,203.29,1,13,3,1,1,3,6,1,1,3,3
1,3,7,34,0.4,1,3,1,1,1,195.06,1,16,3,1,3,1,14,1,3,3,1
1,3,7,35,0.2,1,3,1,1,1,268.81,1,15,3,1,3,1,9,1,3,3,1
1,3,7,36,1.8,2,1,2,1,0,193.12,1,3,3,1,2,2,4,3,3,3,3
1,3,7,37,0.8,2,1,2,1,0,202.76,1,10,1,1,2,2,20,3,3,3,3
1,3,7,38,0.1,3,1,2,2,1,202.73,1,19,3,1,1,3,9,3,3,3,3
1,3,7,39,0.8,2,2,2,2,1,271.09,1,19,1,1,2,2,5,3,1,2,2
1,3,7,40,0.05,1,2,1,1,1,377.01,0,3,3,1,3,1,4,3,3,2,2
1,3,7,41,0.8,2,2,2,1,0,182.07,1,18,1,1,2,2,1,1,3,2,2
1,3,7,42,0.4,1,2,1,1,1,189.11,1,19,3,3,3,3,2,1,3,2,2
1,3,7,43,0.05,2,3,2,2,1,307.62,0,8,3,1,2,2,7,1,1,3,3
1,3,7,44,0.2,1,2,1,1,1,226.18,1,12,3,1,3,1,18,3,1,2,2
1,3,7,45,0.4,1,3,1,1,1,205.76,1,4,3,3,3,3,2,1,3,3,1
1,3,7,46,0.4,2,1,2,2,1,232.12,1,14,1,1,2,2,7,1,1,1,1
1,3,7,47,0.8,2,1,2,2,1,193.13,1,1,1,1,2,2,16,3,3,3,3
1,3,7,48,0.2,2,1,2,1,0,280.42,1,18,1,3,2,2,11,1,3,1,3
1,3,7,49,0.8,3,2,2,2,1,190.01,1,1,1,3,3,1,19,1,3,2,2
1,3,7,50,0.1,2,3,2,2,1,333.22,0,14,3,3,2,2,17,3,1,1,3
1,3,7,51,0.8,1,3,1,2,0,189.8,1,11,3,1,3,1,10,1,3,3,1
1,3,7,52,0.05,1,2,1,1,1,292.47,1,17,1,3,1,3,5,3,1,2,2
1,3,7,53,0.8,3,1,2,2,1,188.27,1,14,1,1,3,3,11,1,3,1,3
1,3,7,54,0.05,1,2,1,1,1,346.94,0,6,1,3,1,3,6,3,3,2,2
1,3,7,55,1.8,3,3,2,2,1,188.01,1,9,1,3,3,1,13,3,1,1,3
1,3,7,56,0.8,2,2,2,1,0,184.72,1,16,3,3,2,2,17,3,1,2,2
1,3,7,57,0.1,3,2,2,2,1,286.32,1,13,1,1,3,3,3,1,1,2,2
1,3,7,58,0.05,2,1,2,1,0,323.28,0,7,1,3,2,2,10,3,1,3,1
1,3,7,59,0.4,1,3,1,1,1,222.26,1,12,3,1,3,1,15,3,1,1,3
1,3,7,60,0.8,1,1,1,1,1,180.86,1,18,3,1,3,1,13,1,3,1,3
1,3,7,61,0.1,2,3,2,2,1,290.96,1,15,3,1,2,2,5,1,1,3,3
1,3,7,62,0.8,1,1,1,1,1,185.91,1,4,3,1,3,1,8,3,1,3,1
1,3,7,63,0.05,3,3,2,2,1,368.12,0,16,3,1,1,3,9,3,1,1,3
1,3,7,64,0.4,1,3,1,1,1,193.68,1,3,3,1,3,1,4,3,1,1,3
1,3,7,65,0.05,2,3,2,2,1,296.8,1,8,1,3,2,2,10,1,3,3,1
1,3,7,66,0.05,1,2,1,1,1,347.15,0,19,1,1,1,1,4,3,1,2,2
1,3,7,67,0.2,1,2,1,2,0,261.53,1,20,3,3,3,3,15,3,3,2,2
1,3,7,68,0.2,1,2,1,2,0,299.73,1,3,3,1,3,1,10,3,3,2,2
1,3,7,69,1.8,3,1,2,2,1,235.47,1,9,3,3,1,1,17,1,1,1,1
1,3,7,70,0.1,1,2,1,1,1,297.69,1,2,3,1,3,1,16,1,3,2,2
1,3,7,71,1.8,2,3,2,1,0,395.41,0,15,1,3,2,2,12,1,3,3,1
1,3,7,72,0.2,1,3,1,1,1,227.51,1,16,3,3,3,3,10,3,3,1,1
1,3,7,73,0.2,2,3,2,2,1,218.47,1,5,1,3,2,2,4,3,1,1,3
1,3,7,74,0.1,3,3,2,2,1,263.4,1,3,1,1,3,3,14,1,3,3,1
1,3,7,75,0.4,1,2,1,1,1,227.28,1,9,3,3,3,3,9,1,3,2,2
1,3,7,76,0.05,3,2,2,2,1,357.43,0,8,1,3,3,1,15,3,1,2,2
1,3,7,77,0.2,3,2,2,2,1,285.6,1,9,1,3,3,1,12,3,3,2,2
1,3,7,78,1.8,3,2,2,2,1,181.77,1,11,3,1,1,3,2,3,3,2,2
1,3,8,1,1.8,1,1,1,1,1,265.65,1,13,1,1,1,1,20,1,3,1,3
1,3,8,2,0.2,1,3,1,1,1,298.06,1,3,3,1,3,1,3,1,1,3,3
1,3,8,3,1.8,2,2,2,2,1,181.75,1,5,1,3,2,2,8,3,3,2,2
1,3,8,4,0.05,1,1,1,1,1,274.67,1,9,1,3,1,3,7,1,3,1,3
1,3,8,5,0.2,3,3,2,2,1,238.92,1,17,3,3,1,1,15,3,3,1,1
1,3,8,6,0.4,3,1,2,2,1,238.55,1,18,1,3,3,1,12,3,1,3,1
1,3,8,7,0.4,1,1,1,1,1,201.92,1,2,1,3,1,3,2,3,3,3,3
1,3,8,8,0.8,1,3,1,1,1,170.67,1,18,1,1,1,1,5,1,3,3,1
1,3,8,9,0.8,1,2,1,1,1,177.5,1,18,1,1,1,1,16,1,1,2,2
1,3,8,10,1.8,1,2,1,1,1,193.64,1,15,1,1,1,1,3,3,3,2,2
1,3,8,11,0.2,1,1,1,1,1,224.82,1,20,3,1,3,1,11,1,3,1,3
1,3,8,12,1.8,1,3,1,1,1,176.57,1,7,1,3,1,3,10,3,3,1,1
1,3,8,13,0.1,3,1,2,2,1,270.67,1,13,1,1,3,3,20,1,3,1,3
1,3,8,14,0.8,1,1,1,2,0,190.82,1,12,1,3,1,3,8,1,3,1,3
1,3,8,15,0.2,1,1,1,1,1,280.65,1,10,3,3,3,3,4,1,1,1,1
1,3,8,16,0.1,2,2,2,1,0,297.88,1,17,3,3,2,2,9,1,3,2,2
1,3,8,17,0.1,1,3,1,1,1,228.72,1,20,3,1,3,1,8,3,1,1,3
1,3,8,18,0.8,2,3,2,1,0,192.87,1,6,3,1,2,2,3,1,1,3,3
1,3,8,19,0.2,1,2,1,1,1,251.1,1,2,1,3,1,3,10,3,1,2,2
1,3,8,20,0.05,1,2,1,2,0,309.13,0,7,1,1,1,1,20,1,1,2,2
1,3,8,21,0.8,3,2,2,2,1,268.47,1,20,1,3,3,1,12,3,3,2,2
1,3,8,22,1.8,1,1,1,1,1,197.85,1,9,1,1,1,1,18,3,1,3,1
1,3,8,23,0.8,2,1,2,2,1,186.97,1,17,1,3,2,2,18,1,3,1,3
1,3,8,24,0.4,2,3,2,1,0,221.81,1,10,3,3,2,2,2,1,3,3,1
1,3,8,25,0.4,3,3,2,2,1,212.48,1,5,1,3,3,1,14,3,3,1,1
1,3,8,26,0.4,2,2,2,2,1,197.69,1,4,1,1,2,2,16,3,1,2,2
1,3,8,27,0.8,3,2,2,2,1,196.38,1,2,1,1,3,3,1,1,1,2,2
1,3,8,28,0.4,3,1,2,2,1,211.34,1,13,3,3,1,1,3,3,1,3,1
1,3,8,29,0.2,3,1,2,2,1,260.18,1,3,1,3,3,1,16,3,3,3,3
1,3,8,30,0.4,1,2,1,1,1,198.13,1,10,3,1,3,1,4,3,3,2,2
1,3,8,31,0.1,3,2,2,2,1,293.68,1,11,3,1,1,3,7,3,1,2,2
1,3,8,32,0.2,2,3,2,2,1,292.14,1,8,3,1,2,2,18,1,1,3,3
1,3,8,33,1.8,3,1,2,2,1,215.54,1,15,3,3,1,1,14,3,3,3,3
1,3,8,34,0.1,2,1,2,2,1,332.06,0,15,1,3,2,2,12,1,1,1,1
1,3,8,35,0.05,2,3,2,1,0,330.78,0,15,1,3,2,2,2,1,3,3,1
1,3,8,36,1.8,1,2,1,1,1,183.24,1,16,3,1,3,1,18,3,1,2,2
1,3,8,37,0.2,1,1,1,1,1,259.54,1,1,3,3,3,3,9,1,3,1,3
1,3,8,38,0.8,1,2,1,1,1,199.9,1,17,3,3,3,3,20,1,3,2,2
1,3,8,39,0.2,3,2,2,2,1,260.23,1,11,1,3,3,1,5,1,1,2,2
1,3,8,40,0.4,1,3,1,1,1,215.77,1,2,3,3,3,3,7,3,3,1,1
1,3,8,41,0.4,1,3,1,1,1,215.4,1,1,1,3,1,3,11,1,3,3,1
1,3,8,42,0.05,2,2,2,1,0,311.15,0,6,1,3,2,2,10,1,3,2,2
1,3,8,43,0.2,3,3,2,2,1,138.5,1,15,3,3,1,1,5,1,1,3,3
1,3,8,44,0.05,1,1,1,1,1,305.99,0,12,1,1,1,1,4,1,1,1,1
1,3,8,45,0.8,1,1,1,1,1,230.87,1,17,3,1,3,1,11,3,3,3,3
1,3,8,46,0.05,1,2,1,1,1,275.15,1,2,3,3,3,3,8,1,3,2,2
1,3,8,47,0.1,3,3,2,1,0,301.53,0,2,3,3,1,1,3,1,3,3,1
1,3,8,48,0.1,2,3,2,2,1,264.9,1,9,3,1,2,2,1,1,1,3,3
1,3,8,49,0.4,1,1,1,1,1,33.927,2,2,3,3,3,3,9,1,3,1,3
1,3,8,50,0.05,1,2,1,1,1,248.34,1,13,1,1,1,1,10,3,1,2,2
1,3,8,51,0.8,1,1,1,2,0,215.32,1,3,1,1,1,1,5,1,3,1,3
1,3,8,52,0.4,1,2,1,1,1,225.24,1,16,3,3,3,3,9,3,3,2,2
1,3,8,53,0.1,2,2,2,2,1,283.41,1,9,3,1,2,2,7,1,3,2,2
1,3,8,54,0.2,1,1,1,1,1,236.38,1,6,1,3,1,3,18,3,1,3,1
1,3,8,55,1.8,1,2,1,1,1,468.01,0,7,3,1,3,1,12,1,1,2,2
1,3,8,56,0.05,1,3,1,1,1,292.21,1,8,3,1,3,1,19,3,1,1,3
1,3,8,57,0.8,3,3,2,2,1,205.35,1,15,1,1,3,3,13,1,1,3,3
1,3,8,58,1.8,1,1,1,1,1,211.32,1,13,3,3,3,3,19,3,1,3,1
1,3,8,59,0.4,1,2,1,1,1,228.64,1,5,3,3,3,3,20,3,1,2,2
1,3,8,60,0.05,1,2,1,1,1,276.12,1,8,3,3,3,3,15,1,1,2,2
1,3,8,61,0.05,1,1,1,1,1,262.67,1,17,3,1,3,1,6,1,3,1,3
1,3,8,62,0.05,2,3,2,1,0,256.18,1,10,1,3,2,2,4,1,3,3,1
1,3,8,63,0.05,1,2,1,1,1,244.35,1,10,1,3,1,3,14,3,1,2,2
1,3,8,64,0.2,2,1,2,2,1,264.12,1,2,3,3,2,2,3,1,3,1,3
1,3,8,65,1.8,2,2,2,2,1,201.64,1,6,3,1,2,2,16,1,1,2,2
1,3,8,66,0.2,2,3,2,2,1,121.06,1,10,3,3,2,2,6,3,3,1,1
1,3,8,67,0.4,3,1,2,2,1,176.15,1,4,3,3,1,1,20,3,1,3,1
1,3,8,68,0.1,2,3,2,2,1,280.29,1,13,3,3,2,2,1,1,1,3,3
1,3,8,69,0.1,2,2,2,2,1,303.95,0,12,3,3,2,2,2,3,1,2,2
1,3,8,70,0.8,1,3,NaN,NaN,NaN,NaN,NaN,9,3,3,3,3,18,1,1,3,3
1,3,8,71,1.8,3,1,2,2,1,248.42,1,3,3,3,1,1,17,3,1,3,1
1,3,8,72,1.8,1,1,1,1,1,243.01,1,9,3,3,3,3,1,3,1,3,1
1,3,8,73,0.1,1,1,1,1,1,325.41,0,9,1,3,1,3,10,3,3,3,3
1,3,8,74,1.8,3,1,2,2,1,184.1,1,10,3,3,1,1,12,1,3,1,3
1,3,8,75,0.1,2,3,2,1,0,282.41,1,1,1,3,2,2,1,1,1,3,3
1,3,8,76,0.1,2,2,2,2,1,282.17,1,13,3,3,2,2,6,1,3,2,2
1,3,8,77,0.05,1,3,1,1,1,298.26,1,15,3,1,3,1,16,3,1,1,3
1,3,8,78,0.8,1,1,1,1,1,203.83,1,3,1,1,1,1,8,1,3,1,3
1,3,9,1,0.4,1,3,1,1,1,178.16,1,16,3,1,3,1,17,1,1,3,3
1,3,9,2,0.2,1,2,1,1,1,238,1,20,3,3,3,3,13,3,1,2,2
1,3,9,3,0.4,3,3,2,2,1,-1.955,2,11,1,1,3,3,5,1,3,3,1
1,3,9,4,0.1,1,2,1,1,1,296.13,1,19,3,1,3,1,10,3,3,2,2
1,3,9,5,0.8,2,2,2,1,0,170.16,1,3,3,3,2,2,3,3,1,2,2
1,3,9,6,0.4,2,2,2,2,1,233.86,1,16,3,1,2,2,14,1,3,2,2
1,3,9,7,0.8,3,1,2,2,1,231.97,1,9,3,1,1,3,17,3,1,3,1
1,3,9,8,0.2,3,1,2,1,0,255.29,1,2,1,1,3,3,13,3,3,3,3
1,3,9,9,0.8,3,2,2,1,0,214.61,1,4,1,1,3,3,11,3,1,2,2
1,3,9,10,0.8,3,2,2,1,0,206.41,1,5,1,1,3,3,9,1,3,2,2
1,3,9,11,0.8,3,3,2,2,1,188.35,1,3,1,1,3,3,14,1,1,3,3
1,3,9,12,1.8,1,3,1,1,1,179.57,1,3,1,1,1,1,11,1,3,3,1
1,3,9,13,0.05,1,3,1,1,1,271.97,1,14,3,1,3,1,2,1,3,3,1
1,3,9,14,0.2,1,3,1,1,1,194.74,1,6,1,3,1,3,13,1,3,3,1
1,3,9,15,0.1,1,1,1,1,1,255.89,1,11,1,3,1,3,5,1,1,1,1
1,3,9,16,0.05,1,3,1,1,1,286.75,1,18,1,3,1,3,5,3,3,1,1
1,3,9,17,1.8,2,3,2,2,1,197.73,1,14,3,1,2,2,10,3,1,1,3
1,3,9,18,1.8,2,3,2,2,1,194.8,1,2,1,3,2,2,15,3,3,1,1
1,3,9,19,0.8,1,2,1,1,1,187.4,1,1,1,1,1,1,13,3,1,2,2
1,3,9,20,0.4,1,1,1,1,1,197.26,1,20,1,1,1,1,18,1,1,1,1
1,3,9,21,0.4,3,2,2,2,1,365.26,0,1,3,1,1,3,3,1,3,2,2
1,3,9,22,0.1,1,1,1,1,1,268.05,1,18,3,3,3,3,17,3,1,3,1
1,3,9,23,0.1,1,1,1,1,1,265.05,1,7,3,3,3,3,18,1,1,1,1
1,3,9,24,0.1,2,3,2,2,1,282.86,1,14,3,1,2,2,18,3,3,1,1
1,3,9,25,0.4,1,3,1,2,0,193.75,1,12,3,3,3,3,19,3,3,1,1
1,3,9,26,0.05,3,3,2,2,1,313.06,0,14,1,3,3,1,19,1,3,3,1
1,3,9,27,0.1,1,3,1,1,1,240.07,1,14,3,1,3,1,9,3,1,1,3
1,3,9,28,1.8,1,3,1,1,1,250.06,1,4,1,3,1,3,18,3,1,1,3
1,3,9,29,0.4,1,1,1,1,1,217.12,1,10,3,1,3,1,6,3,1,3,1
1,3,9,30,0.2,1,3,1,1,1,227.69,1,6,1,1,1,1,12,3,1,1,3
1,3,9,31,0.2,1,2,1,1,1,198.99,1,13,3,3,3,3,5,3,3,2,2
1,3,9,32,0.2,2,1,2,2,1,256.14,1,3,1,1,2,2,5,3,3,3,3
1,3,9,33,0.2,1,2,1,1,1,221.69,1,11,3,3,3,3,14,3,1,2,2
1,3,9,34,1.8,1,1,1,1,1,223.37,1,1,3,3,3,3,11,1,1,1,1
1,3,9,35,0.8,3,2,2,2,1,173.76,1,6,1,1,3,3,9,1,3,2,2
1,3,9,36,0.05,3,2,2,2,1,323.59,0,10,3,3,1,1,8,1,1,2,2
1,3,9,37,0.05,1,2,1,1,1,323.19,0,14,1,3,1,3,6,3,1,2,2
1,3,9,38,1.8,1,3,1,1,1,221.2,1,4,1,3,1,3,6,3,1,1,3
1,3,9,39,0.05,2,3,2,2,1,329.47,0,19,1,3,2,2,5,3,3,1,1
1,3,9,40,1.8,3,2,2,2,1,188.69,1,5,3,3,1,1,9,1,1,2,2
1,3,9,41,1.8,1,1,1,1,1,192.06,1,16,3,1,3,1,10,3,1,3,1
1,3,9,42,0.05,2,3,2,1,0,309.92,0,17,1,1,2,2,19,3,3,1,1
1,3,9,43,0.05,3,2,2,2,1,318.65,0,1,1,3,3,1,14,1,3,2,2
1,3,9,44,0.4,3,2,2,2,1,275.32,1,14,1,3,3,1,17,3,3,2,2
1,3,9,45,0.1,2,2,2,1,0,267.61,1,9,3,1,2,2,8,3,1,2,2
1,3,9,46,1.8,1,3,NaN,NaN,NaN,NaN,NaN,7,3,3,3,3,2,1,1,3,3
1,3,9,47,0.4,2,3,2,2,1,246.38,1,16,1,1,2,2,14,3,1,1,3
1,3,9,48,0.2,2,3,2,2,1,251.03,1,4,3,1,2,2,1,1,1,3,3
1,3,9,49,0.4,3,2,2,2,1,192.23,1,8,3,1,1,3,19,1,3,2,2
1,3,9,50,0.1,1,2,1,1,1,295.83,1,17,1,3,1,3,20,3,1,2,2
1,3,9,51,0.8,1,3,1,1,1,213.16,1,3,3,1,3,1,5,3,3,1,1
1,3,9,52,0.4,1,1,1,1,1,207.81,1,6,3,1,3,1,16,3,1,3,1
1,3,9,53,0.4,2,1,2,1,0,207.72,1,4,1,3,2,2,1,1,3,1,3
1,3,9,54,0.2,2,1,2,2,1,279.76,1,9,3,3,2,2,20,3,3,3,3
1,3,9,55,0.8,2,3,2,1,0,188.29,1,6,1,1,2,2,15,1,1,3,3
1,3,9,56,0.05,2,3,2,2,1,378.85,0,11,1,1,2,2,9,3,3,1,1
1,3,9,57,0.2,3,3,2,2,1,272.73,1,4,3,1,1,3,19,3,3,1,1
1,3,9,58,1.8,1,3,1,1,1,189.43,1,4,1,3,1,3,10,3,3,1,1
1,3,9,59,0.8,1,2,1,1,1,247.66,1,6,3,3,3,3,12,3,1,2,2
1,3,9,60,0.05,2,1,2,2,1,327.24,0,12,3,1,2,2,6,3,1,3,1
1,3,9,61,0.1,1,1,1,1,1,225.97,1,13,1,3,1,3,3,3,3,3,3
1,3,9,62,0.1,3,3,2,2,1,291.83,1,11,3,3,1,1,17,3,1,1,3
1,3,9,63,0.8,1,1,1,1,1,236.76,1,2,1,3,1,3,9,1,1,1,1
1,3,9,64,1.8,1,3,1,1,1,194.35,1,1,1,1,1,1,7,1,1,3,3
1,3,9,65,0.05,3,3,2,2,1,292.29,1,8,1,3,3,1,17,3,1,1,3
1,3,9,66,0.1,1,3,1,2,0,208.75,1,8,1,3,1,3,15,3,3,1,1
1,3,9,67,0.8,3,2,2,2,1,258.92,1,17,1,1,3,3,10,3,1,2,2
1,3,9,68,0.8,1,1,1,2,0,207.42,1,15,3,1,3,1,17,1,3,1,3
1,3,9,69,0.2,1,3,1,1,1,251.95,1,13,3,3,3,3,4,1,3,3,1
1,3,9,70,0.05,2,3,2,2,1,324.82,0,18,1,3,2,2,3,3,3,1,1
1,3,9,71,0.2,1,1,1,1,1,250.44,1,18,1,1,1,1,2,1,1,1,1
1,3,9,72,1.8,1,3,1,1,1,183.46,1,5,3,1,3,1,19,3,3,1,1
1,3,9,73,0.1,3,2,2,2,1,300.77,0,15,3,1,1,3,6,1,3,2,2
1,3,9,74,0.05,1,1,1,1,1,304.94,0,3,3,3,3,3,3,1,3,1,3
1,3,9,75,0.1,1,3,1,1,1,219.8,1,12,3,1,3,1,11,1,1,3,3
1,3,9,76,0.2,1,1,1,1,1,242.42,1,18,3,3,3,3,2,1,1,1,1
1,3,9,77,0.4,1,2,1,1,1,234.61,1,7,3,1,3,1,11,1,3,2,2
1,3,9,78,1.8,2,2,2,2,1,226.64,1,6,3,1,2,2,2,1,1,2,2
1,3,10,1,1.8,3,2,2,2,1,185.88,1,17,3,1,1,3,1,3,1,2,2
1,3,10,2,0.05,2,1,2,2,1,448.12,0,18,3,3,2,2,12,1,3,1,3
1,3,10,3,0.1,2,1,2,2,1,356.91,0,10,1,3,2,2,4,1,3,1,3
1,3,10,4,0.4,2,3,2,1,0,249.46,1,2,1,3,2,2,8,3,1,1,3
1,3,10,5,0.05,2,1,2,1,0,282.56,1,8,1,3,2,2,8,1,1,1,1
1,3,10,6,0.1,1,1,1,2,0,251.66,1,17,3,1,3,1,2,3,3,3,3
1,3,10,7,1.8,1,2,1,1,1,188.68,1,12,1,1,1,1,11,1,3,2,2
1,3,10,8,0.4,2,1,2,2,1,203,1,16,3,3,2,2,13,3,3,3,3
1,3,10,9,0.05,2,2,2,1,0,279.41,1,3,1,3,2,2,12,3,1,2,2
1,3,10,10,0.1,1,3,1,1,1,235.58,1,3,1,1,1,1,11,1,3,3,1
1,3,10,11,0.05,1,1,1,1,1,291.43,1,14,1,1,1,1,9,3,1,3,1
1,3,10,12,0.2,2,2,2,1,0,236.89,1,10,3,3,2,2,19,3,3,2,2
1,3,10,13,0.8,3,3,2,2,1,208.82,1,6,1,1,3,3,10,1,3,3,1
1,3,10,14,0.1,1,1,1,1,1,281.96,1,9,1,1,1,1,12,3,3,3,3
1,3,10,15,0.4,2,1,2,2,1,189.59,1,8,3,3,2,2,19,1,3,1,3
1,3,10,16,0.1,1,2,1,1,1,347.23,0,19,1,1,1,1,10,1,3,2,2
1,3,10,17,0.2,1,2,1,1,1,186.91,1,9,3,3,3,3,14,1,3,2,2
1,3,10,18,0.8,1,2,1,1,1,193.73,1,15,1,3,1,3,18,1,1,2,2
1,3,10,19,1.8,2,2,2,2,1,177.18,1,17,1,1,2,2,13,1,1,2,2
1,3,10,20,0.4,3,1,2,2,1,210.07,1,15,1,1,3,3,10,3,3,3,3
1,3,10,21,0.2,1,3,1,1,1,271.45,1,14,3,3,3,3,7,3,3,1,1
1,3,10,22,1.8,1,1,1,1,1,183.99,1,7,1,3,1,3,13,1,3,1,3
1,3,10,23,0.4,3,1,2,2,1,203.07,1,8,3,3,1,1,5,1,1,1,1
1,3,10,24,0.1,1,2,1,1,1,294.91,1,16,1,3,1,3,11,1,1,2,2
1,3,10,25,0.4,1,3,1,2,0,774.52,0,18,1,1,1,1,7,1,1,3,3
1,3,10,26,0.2,2,3,2,1,0,252.42,1,11,1,3,2,2,16,1,1,3,3
1,3,10,27,0.05,2,1,2,2,1,337.13,0,19,3,1,2,2,5,3,1,3,1
1,3,10,28,0.8,1,3,1,1,1,181.12,1,5,3,3,3,3,16,1,3,3,1
1,3,10,29,0.2,1,3,1,1,1,268.84,1,9,3,3,3,3,13,3,3,1,1
1,3,10,30,0.2,2,3,2,2,1,185.42,1,19,3,3,2,2,17,3,1,1,3
1,3,10,31,0.8,2,2,2,1,0,229.1,1,8,3,1,2,2,10,1,3,2,2
1,3,10,32,0.1,1,3,1,1,1,311.98,0,12,1,3,1,3,19,3,1,1,3
1,3,10,33,0.8,2,1,2,2,1,208.46,1,10,3,1,2,2,6,3,1,3,1
1,3,10,34,0.8,2,1,2,1,0,270.17,1,8,3,1,2,2,12,3,1,3,1
1,3,10,35,0.8,1,2,1,1,1,159.58,1,15,3,1,3,1,2,3,1,2,2
1,3,10,36,0.05,1,2,1,2,0,336.59,0,15,1,3,1,3,17,1,1,2,2
1,3,10,37,0.4,1,2,1,1,1,226.58,1,16,1,3,1,3,17,3,1,2,2
1,3,10,38,0.1,1,1,1,1,1,351.64,0,11,1,1,1,1,16,1,1,1,1
1,3,10,39,0.2,1,1,1,1,1,259.43,1,4,1,1,1,1,18,3,1,3,1
1,3,10,40,0.05,1,1,1,1,1,300.52,0,6,3,3,3,3,9,3,1,3,1
1,3,10,41,1.8,1,1,1,2,0,190.79,1,17,1,3,1,3,20,3,3,3,3
1,3,10,42,0.05,3,2,2,2,1,337.68,0,9,3,1,1,3,11,3,3,2,2
1,3,10,43,0.05,1,2,1,1,1,277.02,1,7,1,1,1,1,10,3,3,2,2
1,3,10,44,0.05,3,1,2,2,1,294.84,1,20,3,3,1,1,14,1,3,1,3
1,3,10,45,1.8,3,2,NaN,NaN,NaN,NaN,NaN,5,3,3,1,1,3,1,3,2,2
1,3,10,46,0.2,3,3,2,2,1,262.89,1,8,3,1,1,3,18,3,3,1,1
1,3,10,47,0.05,2,3,2,2,1,315.98,0,11,1,3,2,2,8,3,1,1,3
1,3,10,48,0.4,1,2,1,1,1,208.07,1,1,1,3,1,3,18,3,3,2,2
1,3,10,49,1.8,1,1,1,1,1,195.71,1,14,3,1,3,1,14,1,3,1,3
1,3,10,50,1.8,2,2,2,2,1,184,1,15,1,3,2,2,5,1,3,2,2
1,3,10,51,0.2,1,1,1,1,1,254.15,1,5,1,3,1,3,14,1,1,1,1
1,3,10,52,0.8,1,1,1,1,1,211.52,1,1,3,1,3,1,4,1,1,1,1
1,3,10,53,0.8,2,1,2,1,0,239.51,1,20,1,3,2,2,9,1,1,1,1
1,3,10,54,1.8,2,2,NaN,NaN,NaN,NaN,NaN,7,1,1,2,2,15,3,3,2,2
1,3,10,55,0.1,3,2,2,1,0,401.44,0,12,3,1,1,3,8,3,3,2,2
1,3,10,56,0.2,1,2,1,1,1,245.56,1,4,1,3,1,3,14,1,1,2,2
1,3,10,57,0.8,3,1,2,2,1,354.05,0,20,1,1,3,3,14,1,1,1,1
1,3,10,58,0.8,1,2,1,1,1,201.61,1,8,3,1,3,1,5,3,3,2,2
1,3,10,59,0.1,1,1,1,1,1,173.61,1,4,1,3,1,3,5,1,1,1,1
1,3,10,60,1.8,1,2,1,1,1,384.15,0,7,1,1,1,1,18,1,3,2,2
1,3,10,61,0.05,2,1,2,1,0,319.8,0,15,1,3,2,2,9,1,1,1,1
1,3,10,62,0.05,2,2,2,2,1,272.54,1,13,3,1,2,2,17,1,1,2,2
1,3,10,63,0.1,3,1,2,2,1,328.16,0,14,1,3,3,1,18,1,3,1,3
1,3,10,64,1.8,1,1,1,1,1,199.47,1,13,1,1,1,1,15,3,1,3,1
1,3,10,65,0.4,3,1,2,2,1,207.41,1,15,1,1,3,3,18,1,1,1,1
1,3,10,66,0.4,2,2,2,1,0,242.01,1,11,1,1,2,2,5,1,3,2,2
1,3,10,67,0.8,3,2,2,2,1,199.54,1,16,3,3,1,1,4,1,1,2,2
1,3,10,68,0.4,1,3,1,1,1,190.13,1,18,1,1,1,1,1,1,1,3,3
1,3,10,69,0.1,2,2,2,1,0,304.77,0,20,1,3,2,2,14,3,1,2,2
1,3,10,70,0.2,2,3,2,1,0,253.73,1,1,1,1,2,2,17,3,1,1,3
1,3,10,71,0.2,1,1,1,1,1,318.02,0,20,1,3,1,3,7,3,3,3,3
1,3,10,72,1.8,3,1,2,2,1,182.95,1,1,1,1,3,3,9,1,3,1,3
1,3,10,73,0.2,3,1,2,2,1,212.39,1,10,3,3,1,1,4,3,1,3,1
1,3,10,74,0.4,1,2,1,2,0,223.74,1,6,3,1,3,1,8,3,3,2,2
1,3,10,75,0.4,2,3,2,2,1,216.34,1,13,3,1,2,2,9,3,1,1,3
1,3,10,76,1.8,1,2,1,1,1,182.73,1,18,3,1,3,1,17,1,1,2,2
1,3,10,77,0.1,1,2,1,2,0,332.27,0,3,3,3,3,3,2,1,3,2,2
1,3,10,78,0.8,1,3,1,1,1,290.97,1,16,1,3,1,3,15,3,1,1,3
