4,8,1,1,0.05,1,1,1,1,1,262.23,1,11,3,3,3,3,4,3,1,3,1
4,8,1,2,0.4,2,2,2,2,1,213.46,1,20,1,1,2,2,12,3,1,2,2
4,8,1,3,0.8,1,2,1,1,1,212.13,1,8,1,1,1,1,12,1,1,2,2
4,8,1,4,0.8,1,2,1,1,1,200.7,1,4,3,3,3,3,15,1,3,2,2
4,8,1,5,1.8,1,1,1,1,1,214,1,3,3,1,3,1,17,3,3,3,3
4,8,1,6,0.4,1,1,1,1,1,217.85,1,17,1,1,1,1,18,3,1,3,1
4,8,1,7,0.8,2,1,2,2,1,395.01,0,16,3,1,2,2,12,1,1,1,1
4,8,1,8,0.1,2,3,2,2,1,281,1,3,1,1,2,2,6,1,1,3,3
4,8,1,9,0.1,2,3,2,1,0,236.34,1,3,3,1,2,2,17,3,1,1,3
4,8,1,10,0.05,3,1,2,2,1,242.72,1,13,1,3,3,1,16,1,1,1,1
4,8,1,11,0.05,1,3,1,1,1,177.66,1,19,3,3,3,3,19,3,3,1,1
4,8,1,12,1.8,2,2,2,2,1,233.21,1,6,3,1,2,2,9,3,3,2,2
4,8,1,13,0.8,3,2,2,2,1,202.41,1,4,3,3,1,1,4,3,3,2,2
4,8,1,14,0.1,1,1,1,1,1,219.32,1,6,3,3,3,3,6,1,1,1,1
4,8,1,15,0.1,2,1,2,1,0,224.4,1,4,3,1,2,2,11,1,3,1,3
4,8,1,16,1.8,1,2,1,1,1,217.46,1,13,3,1,3,1,13,1,3,2,2
4,8,1,17,0.2,1,3,1,1,1,205.85,1,13,3,1,3,1,2,1,1,3,3
4,8,1,18,0.05,1,2,1,2,0,263.8,1,4,1,1,1,1,8,1,1,2,2
4,8,1,19,0.2,1,3,1,1,1,249.76,1,3,1,3,1,3,7,1,1,3,3
4,8,1,20,1.8,2,3,2,2,1,204.77,1,5,1,3,2,2,17,1,3,3,1
4,8,1,21,0.05,1,3,1,1,1,204.77,1,3,1,3,1,3,2,1,3,3,1
4,8,1,22,0.8,3,3,2,2,1,265.54,1,12,3,1,1,3,14,3,3,1,1
4,8,1,23,0.1,1,2,1,1,1,319.65,0,3,1,1,1,1,4,1,1,2,2
4,8,1,24,0.4,1,1,1,1,1,218.43,1,3,3,1,3,1,7,1,1,1,1
4,8,1,25,0.4,3,3,2,2,1,233.64,1,8,3,1,1,3,1,3,1,1,3
4,8,1,26,0.8,2,1,2,2,1,233,1,1,1,1,2,2,20,3,3,3,3
4,8,1,27,1.8,1,3,1,1,1,234.06,1,5,3,1,3,1,4,1,1,3,3
4,8,1,28,1.8,1,2,1,1,1,204.35,1,11,1,3,1,3,18,3,1,2,2
4,8,1,29,0.4,2,1,2,2,1,248.23,1,16,1,1,2,2,11,3,3,3,3
4,8,1,30,0.1,2,1,2,2,1,373.32,0,20,1,1,2,2,7,3,3,3,3
4,8,1,31,0.4,2,3,2,2,1,220.94,1,18,3,3,2,2,8,3,3,1,1
4,8,1,32,0.1,3,1,2,2,1,366.56,0,7,1,3,3,1,2,1,1,1,1
4,8,1,33,0.05,1,2,1,1,1,333.36,0,19,1,1,1,1,9,1,1,2,2
4,8,1,34,1.8,1,2,1,1,1,218.91,1,3,3,3,3,3,8,3,3,2,2
4,8,1,35,0.2,2,1,2,1,0,251.54,1,20,1,3,2,2,8,3,3,3,3
4,8,1,36,0.4,3,2,2,2,1,226.52,1,13,3,3,1,1,18,3,3,2,2
4,8,1,37,0.05,1,3,1,1,1,261.88,1,11,3,1,3,1,3,3,3,1,1
4,8,1,38,0.1,3,3,2,2,1,276.78,1,4,3,1,1,3,11,3,1,1,3
4,8,1,39,0.8,3,3,2,2,1,214.4,1,18,3,3,1,1,20,1,3,3,1
4,8,1,40,0.4,2,1,2,2,1,194.06,1,17,1,3,2,2,14,3,1,3,1
4,8,1,41,0.1,1,3,1,1,1,251.84,1,18,1,3,1,3,2,3,3,1,1
4,8,1,42,0.1,1,3,1,1,1,237.29,1,20,1,1,1,1,18,3,1,1,3
4,8,1,43,0.2,1,3,1,1,1,223.23,1,6,1,1,1,1,10,1,1,3,3
4,8,1,44,0.2,2,2,2,2,1,251.12,1,8,1,3,2,2,2,3,3,2,2
4,8,1,45,1.8,3,3,2,2,1,224.27,1,4,3,3,1,1,11,3,1,1,3
4,8,1,46,0.2,1,3,1,2,0,268.64,1,9,3,3,3,3,8,3,3,1,1
4,8,1,47,1.8,1,1,1,1,1,242.72,1,9,3,1,3,1,9,1,3,1,3
4,8,1,48,1.8,3,3,2,2,1,208.2,1,3,1,3,3,1,2,3,3,1,1
4,8,1,49,0.2,1,2,1,1,1,243.45,1,2,1,3,1,3,3,1,1,2,2
4,8,1,50,0.2,1,1,1,1,1,202.69,1,18,3,1,3,1,1,1,1,1,1
4,8,1,51,0.8,1,1,1,1,1,250.84,1,16,1,3,1,3,3,1,3,1,3
4,8,1,52,0.8,3,2,2,2,1,292.02,1,15,1,3,3,1,16,3,1,2,2
4,8,1,53,1.8,2,2,2,2,1,228.95,1,9,1,3,2,2,5,1,1,2,2
4,8,1,54,0.05,2,1,2,1,0,323.69,0,4,3,1,2,2,14,3,3,3,3
4,8,1,55,0.8,2,1,2,1,0,247.24,1,7,3,3,2,2,13,1,3,1,3
4,8,1,56,1.8,1,1,1,1,1,252.57,1,10,1,1,1,1,15,3,1,3,1
4,8,1,57,0.1,2,3,2,2,1,290.06,1,9,3,1,2,2,7,3,3,1,1
4,8,1,58,0.8,2,3,2,2,1,230.7,1,2,1,1,2,2,13,1,1,3,3
4,8,1,59,0.4,3,1,2,2,1,239.18,1,16,1,3,3,1,10,1,3,1,3
4,8,1,60,0.4,2,2,2,1,0,213.17,1,11,1,3,2,2,19,1,3,2,2
4,8,1,61,0.1,1,1,1,1,1,244.2,1,20,3,3,3,3,9,1,3,1,3
4,8,1,62,0.4,2,2,2,1,0,238.01,1,1,3,1,2,2,18,1,3,2,2
4,8,1,63,0.2,3,2,2,1,0,241.95,1,12,1,3,3,1,14,3,1,2,2
4,8,1,64,0.4,1,3,NaN,NaN,NaN,NaN,NaN,2,3,3,3,3,6,3,1,1,3
4,8,1,65,0.2,1,3,1,2,0,284.72,1,9,3,3,3,3,17,1,3,3,1
4,8,1,66,0.05,2,1,2,2,1,536.16,0,13,1,3,2,2,6,3,1,3,1
4,8,1,67,0.05,1,2,1,1,1,275.22,1,18,3,3,3,3,5,1,1,2,2
4,8,1,68,0.2,1,1,1,1,1,192.59,1,5,3,1,3,1,2,1,1,1,1
4,8,1,69,0.05,1,3,1,1,1,363.91,0,16,3,1,3,1,13,1,3,3,1
4,8,1,70,0.4,1,2,1,1,1,238.28,1,17,1,3,1,3,11,1,3,2,2
4,8,1,71,0.2,3,1,2,2,1,229.19,1,2,3,3,1,1,18,1,1,1,1
4,8,1,72,0.05,1,3,1,1,1,317.18,0,10,1,1,1,1,20,1,3,3,1
4,8,1,73,1.8,3,3,2,2,1,264.19,1,11,1,1,3,3,7,3,1,1,3
4,8,1,74,0.8,3,1,2,2,1,254.97,1,7,1,3,3,1,17,3,3,3,3
4,8,1,75,0.2,1,1,1,1,1,236.31,1,20,1,3,1,3,14,3,1,3,1
4,8,1,76,0.1,1,2,1,1,1,287.24,1,3,1,1,1,1,13,1,1,2,2
4,8,1,77,0.8,1,1,1,1,1,202.16,1,14,3,1,3,1,19,3,3,3,3
4,8,1,78,0.05,3,3,2,2,1,491.99,0,16,1,3,3,1,5,1,3,3,1
4,8,2,1,0.4,1,2,1,1,1,238.37,1,5,3,1,3,1,14,3,1,2,2
4,8,2,2,1.8,1,3,1,1,1,211.18,1,9,1,3,1,3,10,1,1,3,3
4,8,2,3,0.1,1,2,1,1,1,277.36,1,20,1,1,1,1,16,3,1,2,2
4,8,2,4,0.2,3,3,2,2,1,242.66,1,11,3,3,1,1,14,3,3,1,1
4,8,2,5,1.8,2,3,2,2,1,322.13,0,8,3,3,2,2,17,3,3,1,1
4,8,2,6,0.05,1,3,1,1,1,300.36,0,17,1,3,1,3,12,3,1,1,3
4,8,2,7,0.2,2,1,2,1,0,235.8,1,12,1,3,2,2,3,1,1,1,1
4,8,2,8,0.05,3,3,2,2,1,347.02,0,19,3,3,1,1,10,3,3,1,1
4,8,2,9,1.8,1,3,1,1,1,228.89,1,12,3,3,3,3,16,3,1,1,3
4,8,2,10,0.1,1,2,1,1,1,355.37,0,14,1,3,1,3,13,1,1,2,2
4,8,2,11,0.8,1,1,1,1,1,180.28,1,11,3,1,3,1,14,3,3,3,3
4,8,2,12,0.2,1,1,1,1,1,204.1,1,13,1,3,1,3,15,3,3,3,3
4,8,2,13,0.4,3,2,2,2,1,256.5,1,18,1,1,3,3,8,1,3,2,2
4,8,2,14,0.05,1,3,1,1,1,284.58,1,16,1,1,1,1,3,1,1,3,3
4,8,2,15,0.8,3,1,2,2,1,252.21,1,1,1,3,3,1,5,1,1,1,1
4,8,2,16,0.4,3,2,2,2,1,316.58,0,6,3,3,1,1,19,1,1,2,2
4,8,2,17,1.8,2,2,2,1,0,241.26,1,10,3,1,2,2,9,1,1,2,2
4,8,2,18,0.8,1,3,1,1,1,240.63,1,5,3,1,3,1,18,1,3,3,1
4,8,2,19,0.8,1,1,1,1,1,222.28,1,6,1,3,1,3,11,3,1,3,1
4,8,2,20,0.05,3,1,2,2,1,414.18,0,9,1,3,3,1,10,1,1,1,1
4,8,2,21,0.1,1,1,1,1,1,310.3,0,15,1,3,1,3,13,1,3,1,3
4,8,2,22,0.2,1,2,1,1,1,242.07,1,2,1,3,1,3,11,1,3,2,2
4,8,2,23,0.2,2,2,2,1,0,219.98,1,14,3,3,2,2,6,3,1,2,2
4,8,2,24,0.8,1,2,1,1,1,247.47,1,12,3,1,3,1,10,1,1,2,2
4,8,2,25,1.8,1,3,1,2,0,242.27,1,19,1,3,1,3,10,3,1,1,3
4,8,2,26,0.8,1,2,1,1,1,204.28,1,7,1,3,1,3,18,3,3,2,2
4,8,2,27,0.05,3,3,2,2,1,364.08,0,10,3,1,1,3,13,3,3,1,1
4,8,2,28,1.8,1,2,1,1,1,210.87,1,17,1,3,1,3,14,1,1,2,2
4,8,2,29,0.2,1,3,1,1,1,311.17,0,1,1,1,1,1,14,1,1,3,3
4,8,2,30,0.4,1,1,1,1,1,204.94,1,5,3,3,3,3,18,3,1,3,1
4,8,2,31,0.1,1,3,1,1,1,475.38,0,12,3,3,3,3,13,3,3,1,1
4,8,2,32,0.05,1,1,1,1,1,277.71,1,11,3,3,3,3,2,3,1,3,1
4,8,2,33,0.4,3,2,2,2,1,243.46,1,14,1,1,3,3,1,1,1,2,2
4,8,2,34,0.8,2,2,2,2,1,266.77,1,10,1,3,2,2,9,1,1,2,2
4,8,2,35,0.8,1,1,1,1,1,240.08,1,18,1,3,1,3,12,1,1,1,1
4,8,2,36,0.4,3,3,2,2,1,304.16,0,12,3,3,1,1,8,1,1,3,3
4,8,2,37,1.8,2,3,2,2,1,245.97,1,20,1,3,2,2,19,3,3,1,1
4,8,2,38,0.4,3,1,2,2,1,264.25,1,10,1,3,3,1,12,3,3,3,3
4,8,2,39,0.2,1,3,1,1,1,240.52,1,3,3,3,3,3,9,3,3,1,1
4,8,2,40,1.8,1,2,1,1,1,220.22,1,15,1,1,1,1,5,1,3,2,2
4,8,2,41,0.8,1,3,1,1,1,243.61,1,11,1,3,1,3,19,1,3,3,1
4,8,2,42,0.1,1,3,1,1,1,285.57,1,10,3,1,3,1,9,3,1,1,3
4,8,2,43,0.1,1,2,1,1,1,41.079,2,14,3,1,3,1,15,3,1,2,2
4,8,2,44,0.2,1,3,1,1,1,271.92,1,6,1,3,1,3,15,3,3,1,1
4,8,2,45,0.2,3,2,2,2,1,283.8,1,1,1,3,3,1,6,1,1,2,2
4,8,2,46,0.8,3,2,2,2,1,264.93,1,12,3,3,1,1,10,1,1,2,2
4,8,2,47,0.1,3,3,2,2,1,331.24,0,13,3,1,1,3,7,3,3,1,1
4,8,2,48,1.8,1,1,1,1,1,248.87,1,9,1,1,1,1,19,1,3,1,3
4,8,2,49,0.1,2,2,2,1,0,277.26,1,4,1,3,2,2,16,1,1,2,2
4,8,2,50,0.8,2,1,2,2,1,410.13,0,5,3,1,2,2,1,1,3,1,3
4,8,2,51,0.1,1,3,1,1,1,317.88,0,9,1,3,1,3,17,3,3,1,1
4,8,2,52,0.1,1,3,1,1,1,280.14,1,20,3,3,3,3,9,1,3,3,1
4,8,2,53,0.4,2,3,2,2,1,268.35,1,3,3,1,2,2,19,3,1,1,3
4,8,2,54,0.8,1,2,1,1,1,222.88,1,2,1,1,1,1,20,1,3,2,2
4,8,2,55,0.2,1,3,1,1,1,219,1,4,3,3,3,3,20,1,1,3,3
4,8,2,56,0.05,1,2,1,1,1,252.83,1,1,1,1,1,1,7,1,1,2,2
4,8,2,57,0.05,1,3,1,1,1,248.33,1,10,3,1,3,1,14,1,3,3,1
4,8,2,58,1.8,3,3,2,2,1,242.69,1,15,1,3,3,1,6,1,3,3,1
4,8,2,59,1.8,1,2,1,1,1,255.02,1,4,1,3,1,3,13,3,1,2,2
4,8,2,60,0.4,1,2,1,1,1,221.2,1,16,3,3,3,3,10,3,3,2,2
4,8,2,61,0.05,1,3,1,1,1,318.74,0,19,1,3,1,3,7,1,3,3,1
4,8,2,62,0.1,1,2,1,1,1,256.5,1,16,3,3,3,3,11,1,1,2,2
4,8,2,63,0.4,1,2,1,2,0,247.47,1,19,1,1,1,1,5,3,1,2,2
4,8,2,64,1.8,3,3,2,2,1,220.28,1,2,3,1,1,3,11,3,3,1,1
4,8,2,65,0.2,3,2,2,2,1,257.2,1,18,3,3,1,1,9,3,3,2,2
4,8,2,66,0.2,2,3,2,2,1,256.23,1,8,1,3,2,2,5,1,1,3,3
4,8,2,67,0.1,3,2,2,2,1,346.15,0,12,3,1,1,3,11,1,1,2,2
4,8,2,68,1.8,1,1,1,1,1,229.03,1,15,3,3,3,3,4,1,3,1,3
4,8,2,69,0.4,3,3,2,2,1,232.02,1,2,1,3,3,1,20,3,3,1,1
4,8,2,70,0.1,1,2,1,1,1,251.54,1,11,3,1,3,1,7,1,1,2,2
4,8,2,71,0.05,1,2,1,1,1,283.77,1,7,3,3,3,3,11,1,3,2,2
4,8,2,72,0.4,1,2,1,1,1,247.55,1,11,1,1,1,1,15,3,1,2,2
4,8,2,73,0.05,1,3,1,1,1,369.86,0,4,3,3,3,3,2,3,3,1,1
4,8,2,74,0.4,1,2,1,1,1,267.21,1,4,3,3,3,3,11,3,1,2,2
4,8,2,75,0.05,1,3,1,1,1,393.84,0,8,3,3,3,3,2,1,3,3,1
4,8,2,76,0.05,2,2,2,2,1,796.4,0,10,3,1,2,2,15,1,3,2,2
4,8,2,77,0.8,3,3,2,2,1,240.92,1,19,1,1,3,3,18,3,1,1,3
4,8,2,78,0.2,1,2,1,1,1,213.43,1,15,1,1,1,1,13,1,1,2,2
4,8,3,1,1.8,1,2,1,1,1,227.61,1,8,1,1,1,1,19,1,3,2,2
4,8,3,2,0.05,1,3,1,1,1,282.24,1,1,1,3,1,3,3,1,3,3,1
4,8,3,3,0.05,3,3,2,2,1,318.9,0,8,3,1,1,3,13,3,1,1,3
4,8,3,4,0.8,1,1,1,1,1,228.85,1,15,3,3,3,3,10,3,1,3,1
4,8,3,5,0.1,3,1,2,2,1,303.91,0,5,3,3,1,1,18,3,3,3,3
4,8,3,6,0.05,3,3,2,2,1,295.71,1,11,1,1,3,3,6,1,3,3,1
4,8,3,7,0.2,1,2,1,1,1,180.12,1,8,3,1,3,1,10,1,1,2,2
4,8,3,8,0.1,2,3,2,1,0,226.12,1,12,1,3,2,2,1,1,1,3,3
4,8,3,9,0.1,1,1,1,1,1,198.84,1,19,1,1,1,1,3,3,3,3,3
4,8,3,10,0.4,2,2,2,2,1,238.75,1,16,1,3,2,2,9,3,3,2,2
4,8,3,11,0.8,1,1,1,1,1,240.98,1,6,1,3,1,3,5,3,1,3,1
4,8,3,12,0.4,1,1,1,1,1,228.62,1,17,3,3,3,3,1,1,3,1,3
4,8,3,13,0.2,3,3,2,2,1,231.21,1,19,3,1,1,3,4,1,3,3,1
4,8,3,14,0.8,1,3,1,1,1,212.35,1,18,1,1,1,1,14,1,3,3,1
4,8,3,15,1.8,1,2,1,1,1,227.68,1,1,1,1,1,1,16,1,3,2,2
4,8,3,16,0.1,2,2,2,2,1,242.62,1,3,1,3,2,2,14,1,3,2,2
4,8,3,17,0.2,3,3,2,2,1,255.87,1,8,3,1,1,3,13,3,1,1,3
4,8,3,18,0.8,3,1,NaN,NaN,NaN,NaN,NaN,7,1,1,3,3,13,3,1,3,1
4,8,3,19,0.05,2,3,2,1,0,308.84,0,19,3,1,2,2,14,3,3,1,1
4,8,3,20,0.1,1,1,1,1,1,375.36,0,13,1,1,1,1,16,1,1,1,1
4,8,3,21,0.4,2,3,2,2,1,242.72,1,12,3,1,2,2,14,1,3,3,1
4,8,3,22,0.1,3,2,2,1,0,263.73,1,20,3,1,1,3,6,1,3,2,2
4,8,3,23,0.05,3,3,2,2,1,302.29,0,17,1,3,3,1,20,3,3,1,1
4,8,3,24,1.8,1,3,1,1,1,232.53,1,6,3,3,3,3,4,1,3,3,1
4,8,3,25,0.05,1,3,1,1,1,528.39,0,17,1,3,1,3,19,1,1,3,3
4,8,3,26,1.8,2,3,2,2,1,227.76,1,6,3,1,2,2,10,3,1,1,3
4,8,3,27,0.4,2,2,2,2,1,278.99,1,13,1,3,2,2,12,1,3,2,2
4,8,3,28,1.8,3,2,NaN,NaN,NaN,NaN,NaN,19,1,1,3,3,6,3,1,2,2
4,8,3,29,1.8,1,3,1,1,1,260.84,1,15,3,1,3,1,16,1,3,3,1
4,8,3,30,0.2,2,1,2,1,0,283.98,1,12,1,3,2,2,20,1,3,1,3
4,8,3,31,0.05,3,2,2,2,1,383.78,0,1,1,3,3,1,15,1,1,2,2
4,8,3,32,0.2,3,2,2,1,0,227.26,1,12,1,1,3,3,12,1,1,2,2
4,8,3,33,0.1,1,3,1,1,1,304.75,0,13,1,1,1,1,1,1,3,3,1
4,8,3,34,0.8,2,2,2,2,1,252.2,1,10,1,1,2,2,4,3,3,2,2
4,8,3,35,0.4,1,2,1,1,1,266.48,1,6,1,3,1,3,19,1,1,2,2
4,8,3,36,0.2,1,3,1,1,1,255.04,1,5,1,3,1,3,19,1,3,3,1
4,8,3,37,1.8,1,1,1,1,1,211.7,1,15,3,1,3,1,12,1,3,1,3
4,8,3,38,0.8,3,3,2,2,1,249.04,1,9,1,3,3,1,15,3,1,1,3
4,8,3,39,0.1,2,3,2,1,0,291.81,1,8,1,3,2,2,4,3,1,1,3
4,8,3,40,0.4,3,3,2,1,0,367.84,0,12,3,3,1,1,16,3,1,1,3
4,8,3,41,0.8,3,3,2,2,1,239.6,1,4,1,3,3,1,9,1,1,3,3
4,8,3,42,0.2,3,2,2,2,1,244.47,1,18,3,1,1,3,11,1,3,2,2
4,8,3,43,0.4,1,1,1,2,0,357.73,0,12,3,1,3,1,5,1,1,1,1
4,8,3,44,0.05,1,2,1,1,1,315.05,0,15,3,1,3,1,14,3,3,2,2
4,8,3,45,0.05,1,1,1,1,1,257.48,1,3,3,3,3,3,9,1,3,1,3
4,8,3,46,1.8,3,1,2,2,1,234.37,1,19,1,3,3,1,20,1,1,1,1
4,8,3,47,0.4,1,3,1,2,0,305.11,0,12,1,3,1,3,11,3,3,1,1
4,8,3,48,0.8,2,3,2,2,1,233,1,19,1,1,2,2,17,3,1,1,3
4,8,3,49,0.2,1,1,1,1,1,285,1,5,1,1,1,1,11,3,3,3,3
4,8,3,50,0.4,2,3,2,2,1,238.92,1,11,3,3,2,2,5,3,3,1,1
4,8,3,51,0.1,1,2,1,1,1,234.21,1,10,3,1,3,1,3,1,1,2,2
4,8,3,52,1.8,1,3,1,1,1,245.23,1,17,3,1,3,1,20,1,3,3,1
4,8,3,53,0.2,2,3,2,2,1,330.14,0,16,3,1,2,2,15,3,1,1,3
4,8,3,54,1.8,1,3,1,1,1,230.49,1,18,3,3,3,3,7,1,1,3,3
4,8,3,55,0.1,1,1,1,1,1,255.46,1,13,3,1,3,1,8,3,1,3,1
4,8,3,56,0.8,3,3,2,2,1,266.61,1,8,1,1,3,3,8,1,3,3,1
4,8,3,57,0.1,1,2,1,1,1,304.07,0,18,1,1,1,1,20,3,1,2,2
4,8,3,58,0.8,1,1,1,1,1,264.78,1,15,1,1,1,1,12,3,3,3,3
4,8,3,59,0.2,2,3,2,1,0,162.19,1,20,1,3,2,2,19,1,1,3,3
4,8,3,60,0.05,2,1,2,2,1,435.9,0,12,3,1,2,2,5,3,3,3,3
4,8,3,61,0.8,1,3,1,1,1,230.22,1,10,3,3,3,3,7,3,3,1,1
4,8,3,62,0.1,1,2,1,1,1,226.99,1,11,1,1,1,1,9,1,1,2,2
4,8,3,63,0.05,1,2,1,1,1,374.45,0,5,3,1,3,1,19,3,1,2,2
4,8,3,64,1.8,3,1,2,2,1,233.29,1,13,3,1,1,3,8,3,3,3,3
4,8,3,65,0.4,3,2,2,2,1,275.24,1,20,3,1,1,3,12,3,1,2,2
4,8,3,66,0.4,2,2,2,2,1,261.49,1,10,1,3,2,2,14,1,3,2,2
4,8,3,67,0.8,2,1,2,2,1,267.28,1,6,1,1,2,2,10,3,1,3,1
4,8,3,68,1.8,1,2,1,1,1,224.66,1,17,3,3,3,3,2,1,1,2,2
4,8,3,69,0.1,1,2,1,1,1,302.3,0,8,3,3,3,3,18,1,1,2,2
4,8,3,70,0.4,1,3,1,2,0,339.83,0,13,1,1,1,1,20,3,3,1,1
4,8,3,71,0.2,1,3,1,1,1,161.13,1,18,3,1,3,1,4,1,1,3,3
4,8,3,72,0.4,1,2,1,1,1,230.18,1,4,3,3,3,3,16,3,1,2,2
4,8,3,73,1.8,1,2,1,1,1,278.49,1,3,3,1,3,1,18,3,1,2,2
4,8,3,74,0.2,3,2,2,2,1,272.03,1,3,1,1,3,3,19,1,1,2,2
4,8,3,75,0.8,3,1,2,2,1,230.81,1,10,3,3,1,1,19,3,3,3,3
4,8,3,76,0.05,2,1,2,2,1,450.01,0,11,1,1,2,2,6,3,1,3,1
4,8,3,77,0.05,1,2,1,1,1,404.69,0,10,1,3,1,3,11,3,1,2,2
4,8,3,78,0.2,3,3,2,2,1,242.29,1,2,1,1,3,3,13,1,1,3,3
4,8,4,1,0.05,3,2,2,2,1,388.43,0,13,3,3,1,1,1,1,1,2,2
4,8,4,2,0.1,3,1,2,2,1,285.42,1,18,3,1,1,3,17,1,3,1,3
4,8,4,3,0.2,1,1,1,1,1,215.17,1,9,3,1,3,1,3,3,3,3,3
4,8,4,4,0.4,3,2,2,2,1,263.03,1,11,1,1,3,3,5,3,1,2,2
4,8,4,5,0.8,1,3,1,1,1,242.33,1,15,3,1,3,1,3,1,3,3,1
4,8,4,6,1.8,3,1,2,2,1,198.38,1,18,3,1,1,3,2,3,3,3,3
4,8,4,7,1.8,1,1,1,1,1,217.58,1,13,3,3,3,3,1,3,1,3,1
4,8,4,8,0.05,2,2,2,1,0,347.64,0,15,3,1,2,2,11,1,1,2,2
4,8,4,9,0.4,2,2,2,2,1,259.54,1,13,1,1,2,2,19,3,3,2,2
4,8,4,10,0.05,2,2,2,1,0,267.25,1,19,3,1,2,2,9,1,1,2,2
4,8,4,11,0.1,1,1,1,1,1,251.43,1,11,3,1,3,1,13,3,1,3,1
4,8,4,12,0.8,1,3,1,1,1,246.68,1,13,3,3,3,3,5,3,3,1,1
4,8,4,13,0.8,1,1,1,1,1,251.9,1,10,1,3,1,3,6,1,3,1,3
4,8,4,14,1.8,1,2,1,1,1,226.74,1,18,1,1,1,1,19,3,1,2,2
4,8,4,15,1.8,1,1,1,1,1,229.31,1,2,1,1,1,1,8,1,3,1,3
4,8,4,16,0.05,1,1,1,1,1,281.88,1,18,1,3,1,3,11,3,3,3,3
4,8,4,17,0.4,1,2,1,1,1,233.39,1,10,1,3,1,3,3,3,1,2,2
4,8,4,18,0.05,1,1,1,1,1,272.52,1,13,3,3,3,3,12,3,3,3,3
4,8,4,19,0.1,1,1,1,1,1,221.11,1,1,1,1,1,1,19,3,3,3,3
4,8,4,20,0.05,2,1,2,2,1,391.09,0,17,3,1,2,2,6,1,3,1,3
4,8,4,21,0.8,1,1,1,1,1,205.94,1,2,1,3,1,3,20,1,3,1,3
4,8,4,22,0.4,3,3,2,2,1,300.36,0,2,3,3,1,1,5,3,1,1,3
4,8,4,23,0.2,1,2,1,1,1,230.79,1,17,3,1,3,1,1,3,1,2,2
4,8,4,24,0.8,2,2,2,2,1,239.04,1,20,3,3,2,2,2,1,3,2,2
4,8,4,25,0.4,1,1,1,1,1,249.71,1,2,3,3,3,3,15,1,1,1,1
4,8,4,26,0.4,2,3,2,1,0,234.99,1,12,1,3,2,2,16,1,3,3,1
4,8,4,27,1.8,1,1,1,1,1,227.06,1,2,3,3,3,3,17,1,3,1,3
4,8,4,28,0.05,1,3,1,1,1,268.93,1,20,3,1,3,1,9,1,3,3,1
4,8,4,29,0.1,1,2,1,1,1,278.82,1,14,3,1,3,1,19,3,1,2,2
4,8,4,30,0.8,1,1,1,1,1,232.84,1,9,1,3,1,3,20,3,1,3,1
4,8,4,31,0.2,1,1,1,1,1,218.92,1,13,3,1,3,1,6,1,1,1,1
4,8,4,32,0.1,1,2,1,1,1,267.87,1,12,3,3,3,3,3,3,3,2,2
4,8,4,33,0.05,3,3,2,2,1,304.71,0,5,3,1,1,3,6,1,1,3,3
4,8,4,34,0.2,3,2,2,2,1,242.68,1,5,1,3,3,1,19,1,3,2,2
4,8,4,35,0.05,3,3,2,2,1,283.76,1,4,1,3,3,1,17,1,1,3,3
4,8,4,36,0.1,1,1,1,1,1,229.19,1,3,3,3,3,3,17,3,1,3,1
4,8,4,37,0.1,2,3,2,2,1,351.83,0,16,1,1,2,2,2,3,1,1,3
4,8,4,38,0.8,3,1,2,2,1,242.07,1,2,3,1,1,3,1,3,3,3,3
4,8,4,39,0.05,3,1,2,2,1,327.56,0,4,1,1,3,3,5,1,3,1,3
4,8,4,40,0.05,2,3,2,2,1,327.06,0,5,1,3,2,2,18,3,1,1,3
4,8,4,41,0.4,3,1,2,2,1,265.51,1,9,1,1,3,3,14,1,1,1,1
4,8,4,42,0.1,3,1,2,2,1,367.1,0,5,3,3,1,1,6,1,1,1,1
4,8,4,43,0.2,3,3,2,2,1,280.9,1,15,3,1,1,3,1,1,3,3,1
4,8,4,44,0.2,2,3,2,1,0,244.23,1,12,1,1,2,2,6,3,3,1,1
4,8,4,45,0.2,1,2,1,2,0,296.48,1,5,3,1,3,1,7,3,1,2,2
4,8,4,46,1.8,3,2,2,2,1,219.2,1,11,1,1,3,3,11,3,3,2,2
4,8,4,47,1.8,1,1,1,1,1,237.19,1,5,1,1,1,1,11,1,1,1,1
4,8,4,48,0.4,1,2,1,1,1,205.62,1,6,1,1,1,1,1,3,1,2,2
4,8,4,49,0.1,3,3,2,2,1,308.64,0,1,3,3,1,1,6,3,1,1,3
4,8,4,50,0.4,1,1,1,1,1,228.62,1,7,1,3,1,3,8,1,3,1,3
4,8,4,51,1.8,1,3,1,1,1,216.23,1,2,3,3,3,3,13,1,3,3,1
4,8,4,52,1.8,3,1,2,2,1,216.34,1,5,3,3,1,1,12,3,1,3,1
4,8,4,53,0.1,3,2,2,2,1,321.89,0,6,3,1,1,3,10,1,1,2,2
4,8,4,54,0.1,1,2,1,1,1,311.67,0,19,3,3,3,3,1,3,1,2,2
4,8,4,55,0.8,3,3,2,2,1,236.06,1,20,3,3,1,1,15,3,3,1,1
4,8,4,56,0.8,2,2,2,1,0,210.27,1,13,3,3,2,2,7,3,1,2,2
4,8,4,57,0.8,3,2,2,2,1,252.16,1,2,3,3,1,1,2,1,3,2,2
4,8,4,58,0.2,3,1,2,2,1,242.55,1,2,1,1,3,3,3,1,1,1,1
4,8,4,59,0.4,2,1,2,2,1,277.1,1,9,3,3,2,2,20,1,1,1,1
4,8,4,60,0.2,3,2,2,2,1,261.4,1,4,3,1,1,3,17,1,1,2,2
4,8,4,61,0.2,3,2,2,2,1,253.83,1,4,3,3,1,1,3,3,1,2,2
4,8,4,62,0.2,1,2,1,1,1,257.43,1,7,1,1,1,1,1,3,1,2,2
4,8,4,63,0.8,3,1,2,2,1,236.79,1,17,1,1,3,3,3,1,1,1,1
4,8,4,64,1.8,1,3,1,1,1,234.94,1,8,1,3,1,3,2,3,3,1,1
4,8,4,65,0.05,3,2,2,2,1,649.51,0,15,1,1,3,3,15,1,3,2,2
4,8,4,66,0.2,1,1,1,1,1,241.12,1,16,1,3,1,3,19,3,1,3,1
4,8,4,67,0.1,2,2,2,2,1,253.34,1,4,1,1,2,2,13,3,1,2,2
4,8,4,68,0.05,1,1,1,1,1,415.39,0,18,1,1,1,1,14,3,3,3,3
4,8,4,69,1.8,2,1,2,2,1,234.64,1,17,1,1,2,2,11,1,1,1,1
4,8,4,70,0.1,1,3,1,1,1,314.49,0,15,3,3,3,3,4,1,1,3,3
4,8,4,71,0.8,1,1,1,1,1,237.2,1,20,3,1,3,1,8,3,3,3,3
4,8,4,72,0.4,2,1,2,1,0,275.02,1,14,1,1,2,2,4,1,3,1,3
4,8,4,73,0.8,1,3,1,1,1,236.95,1,8,1,3,1,3,16,3,1,1,3
4,8,4,74,1.8,3,1,2,2,1,242.67,1,9,1,1,3,3,2,3,3,3,3
4,8,4,75,0.4,1,2,1,1,1,283.14,1,17,1,1,1,1,20,3,1,2,2
4,8,4,76,0.2,1,2,1,1,1,270.71,1,7,1,1,1,1,17,1,3,2,2
4,8,4,77,0.4,2,3,2,2,1,239.43,1,14,3,3,2,2,2,3,3,1,1
4,8,4,78,1.8,1,1,1,1,1,215.47,1,14,1,1,1,1,8,3,1,3,1
4,8,5,1,0.4,1,1,1,1,1,236.12,1,5,1,3,1,3,17,3,3,3,3
4,8,5,2,1.8,1,3,1,1,1,233.85,1,20,1,1,1,1,20,3,1,1,3
4,8,5,3,0.05,1,3,1,1,1,307.71,0,13,1,3,1,3,8,3,1,1,3
4,8,5,4,0.1,1,1,1,1,1,254.07,1,18,3,3,3,3,3,3,3,3,3
4,8,5,5,0.2,1,1,1,1,1,210.71,1,8,1,1,1,1,12,3,3,3,3
4,8,5,6,0.1,3,2,2,2,1,340.13,0,5,1,3,3,1,18,1,1,2,2
4,8,5,7,0.4,1,2,1,1,1,263.65,1,5,3,3,3,3,20,3,1,2,2
4,8,5,8,1.8,1,1,1,1,1,251.68,1,17,1,3,1,3,7,3,3,3,3
4,8,5,9,0.05,2,1,2,1,0,316.44,0,14,1,1,2,2,2,3,3,3,3
4,8,5,10,0.2,2,2,2,2,1,381.22,0,17,3,1,2,2,4,1,3,2,2
4,8,5,11,0.05,3,2,2,2,1,523.33,0,14,1,1,3,3,8,3,1,2,2
4,8,5,12,0.4,1,2,1,1,1,230.82,1,16,3,1,3,1,1,3,3,2,2
4,8,5,13,0.2,1,2,1,1,1,204.47,1,10,3,3,3,3,14,3,1,2,2
4,8,5,14,0.4,1,3,1,1,1,232.23,1,12,3,1,3,1,13,3,1,1,3
4,8,5,15,0.4,1,2,1,1,1,231.12,1,16,1,1,1,1,2,3,3,2,2
4,8,5,16,0.8,1,1,1,1,1,247.89,1,10,1,3,1,3,18,1,1,1,1
4,8,5,17,0.05,1,2,1,1,1,258.14,1,6,1,3,1,3,9,1,1,2,2
4,8,5,18,0.4,1,1,1,1,1,226.59,1,3,1,3,1,3,14,3,3,3,3
4,8,5,19,1.8,2,1,2,2,1,285.13,1,9,3,1,2,2,8,1,1,1,1
4,8,5,20,0.05,3,1,2,2,1,598.1,0,11,1,3,3,1,8,1,3,1,3
4,8,5,21,0.05,2,2,2,2,1,427.22,0,16,1,1,2,2,12,3,3,2,2
4,8,5,22,0.05,2,2,2,1,0,280.95,1,20,1,3,2,2,3,1,1,2,2
4,8,5,23,0.4,1,1,1,1,1,251.07,1,11,1,3,1,3,20,1,1,1,1
4,8,5,24,0.1,1,2,1,1,1,231.62,1,15,1,1,1,1,6,3,1,2,2
4,8,5,25,0.2,1,1,1,1,1,229.37,1,4,3,1,3,1,15,3,1,3,1
4,8,5,26,0.4,1,3,1,1,1,260.97,1,20,1,3,1,3,17,3,1,1,3
4,8,5,27,0.1,1,3,1,1,1,249.61,1,7,1,3,1,3,3,3,3,1,1
4,8,5,28,1.8,1,2,1,1,1,247.41,1,13,3,3,3,3,9,3,3,2,2
4,8,5,29,1.8,3,3,2,2,1,265.93,1,15,1,3,3,1,17,1,3,3,1
4,8,5,30,0.1,1,1,1,1,1,277.05,1,7,3,3,3,3,20,3,1,3,1
4,8,5,31,0.1,1,3,1,1,1,297.69,1,16,1,3,1,3,14,1,3,3,1
4,8,5,32,0.4,1,3,1,1,1,254.49,1,2,1,3,1,3,5,3,3,1,1
4,8,5,33,0.2,1,1,1,1,1,220.51,1,9,1,1,1,1,18,3,1,3,1
4,8,5,34,1.8,3,3,2,2,1,237.73,1,14,1,3,3,1,3,3,3,1,1
4,8,5,35,0.8,2,3,2,1,0,231.56,1,17,3,1,2,2,7,3,1,1,3
4,8,5,36,0.8,3,1,2,2,1,268.93,1,3,3,1,1,3,15,1,1,1,1
4,8,5,37,0.1,2,2,2,1,0,308.5,0,15,1,3,2,2,20,1,3,2,2
4,8,5,38,0.2,2,3,2,2,1,291.15,1,9,1,1,2,2,6,3,1,1,3
4,8,5,39,0.1,1,1,1,1,1,242.74,1,7,3,1,3,1,15,3,3,3,3
4,8,5,40,0.8,1,3,1,1,1,229.71,1,2,3,1,3,1,9,1,3,3,1
4,8,5,41,0.2,1,1,1,1,1,226.53,1,6,3,1,3,1,6,3,1,3,1
4,8,5,42,0.1,3,3,2,2,1,348.57,0,20,3,3,1,1,4,3,1,1,3
4,8,5,43,0.4,1,3,1,1,1,255.49,1,18,3,3,3,3,10,3,3,1,1
4,8,5,44,1.8,1,2,1,1,1,258.81,1,16,1,1,1,1,13,3,3,2,2
4,8,5,45,1.8,1,3,NaN,NaN,NaN,NaN,NaN,9,1,3,1,3,9,3,3,1,1
4,8,5,46,0.2,1,2,1,1,1,240.5,1,10,1,3,1,3,19,1,3,2,2
4,8,5,47,0.4,2,1,2,2,1,254.02,1,16,3,3,2,2,8,3,3,3,3
4,8,5,48,0.05,3,3,2,2,1,385.11,0,5,1,1,3,3,15,1,1,3,3
4,8,5,49,0.2,2,2,2,1,0,207.39,1,5,1,3,2,2,17,3,1,2,2
4,8,5,50,1.8,3,3,2,2,1,235.18,1,5,3,1,1,3,5,1,1,3,3
4,8,5,51,0.8,1,1,1,1,1,204.02,1,10,3,1,3,1,16,3,1,3,1
4,8,5,52,0.8,1,1,1,1,1,226.2,1,17,3,1,3,1,10,3,1,3,1
4,8,5,53,0.4,1,1,1,1,1,266.29,1,19,3,1,3,1,18,1,1,1,1
4,8,5,54,1.8,1,3,1,1,1,220.3,1,15,1,1,1,1,8,1,1,3,3
4,8,5,55,0.05,3,2,2,2,1,339.79,0,6,1,3,3,1,17,1,1,2,2
4,8,5,56,0.8,3,1,2,2,1,260.59,1,20,1,1,3,3,16,1,1,1,1
4,8,5,57,0.8,1,1,1,1,1,209.2,1,6,3,1,3,1,5,3,1,3,1
4,8,5,58,0.8,3,2,2,2,1,236.74,1,10,1,1,3,3,5,1,1,2,2
4,8,5,59,0.8,1,1,1,1,1,208.04,1,17,3,3,3,3,9,1,1,1,1
4,8,5,60,0.1,3,1,2,2,1,314.58,0,12,3,1,1,3,19,1,1,1,1
4,8,5,61,0.05,3,1,2,2,1,224.8,1,11,3,1,1,3,20,3,1,3,1
4,8,5,62,0.8,3,1,2,2,1,246.23,1,11,3,3,1,1,7,1,1,1,1
4,8,5,63,0.1,1,3,1,1,1,236.41,1,19,1,1,1,1,20,3,1,1,3
4,8,5,64,0.2,1,3,1,1,1,250,1,18,1,3,1,3,8,1,3,3,1
4,8,5,65,0.05,1,2,1,1,1,412.48,0,1,1,3,1,3,16,1,3,2,2
4,8,5,66,1.8,1,2,1,1,1,219.15,1,13,3,3,3,3,18,1,1,2,2
4,8,5,67,0.2,2,3,2,1,0,236.2,1,14,1,1,2,2,3,3,3,1,1
4,8,5,68,0.8,1,3,1,1,1,235.42,1,16,1,1,1,1,14,1,3,3,1
4,8,5,69,0.2,2,2,2,2,1,479.62,0,17,3,1,2,2,19,3,3,2,2
4,8,5,70,0.05,1,3,1,1,1,331.32,0,9,3,1,3,1,6,3,3,1,1
4,8,5,71,0.1,3,1,2,2,1,367.43,0,9,3,1,1,3,13,1,3,1,3
4,8,5,72,1.8,1,2,1,1,1,205.08,1,11,1,1,1,1,9,1,3,2,2
4,8,5,73,0.2,3,2,2,2,1,265.07,1,13,3,3,1,1,6,3,3,2,2
4,8,5,74,0.1,1,3,1,1,1,295.88,1,5,3,1,3,1,17,3,1,1,3
4,8,5,75,0.05,1,1,1,1,1,248.03,1,8,1,3,1,3,16,3,3,3,3
4,8,5,76,0.4,3,1,2,2,1,278.97,1,18,1,1,3,3,19,1,1,1,1
4,8,5,77,1.8,1,3,NaN,NaN,NaN,NaN,NaN,15,3,3,3,3,19,3,1,1,3
4,8,5,78,0.8,2,3,2,1,0,247.83,1,12,3,1,2,2,1,3,1,1,3
4,8,6,1,0.05,2,2,2,1,0,605.82,0,8,3,3,2,2,2,1,3,2,2
4,8,6,2,0.05,1,2,1,1,1,257.18,1,2,3,1,3,1,14,3,3,2,2
4,8,6,3,0.05,1,2,1,1,1,282.79,1,13,1,3,1,3,5,3,1,2,2
4,8,6,4,1.8,1,1,1,1,1,237.93,1,10,3,1,3,1,15,3,1,3,1
4,8,6,5,0.4,1,3,1,1,1,202.07,1,18,3,1,3,1,20,1,1,3,3
4,8,6,6,0.8,2,3,2,2,1,274.94,1,18,1,1,2,2,3,1,1,3,3
4,8,6,7,0.05,3,3,2,2,1,366.77,0,14,1,1,3,3,10,1,3,3,1
4,8,6,8,0.4,1,3,1,1,1,258.29,1,17,1,3,1,3,15,1,3,3,1
4,8,6,9,1.8,2,1,2,1,0,238.34,1,1,1,3,2,2,8,3,1,3,1
4,8,6,10,0.2,2,1,2,2,1,297.26,1,10,3,3,2,2,12,3,3,3,3
4,8,6,11,0.8,1,3,1,1,1,241.26,1,13,1,3,1,3,2,1,1,3,3
4,8,6,12,0.1,1,3,1,1,1,321.5,0,17,3,1,3,1,9,1,3,3,1
4,8,6,13,0.8,2,3,2,2,1,271.98,1,4,1,1,2,2,18,3,1,1,3
4,8,6,14,0.4,2,1,2,2,1,290.06,1,12,1,3,2,2,2,3,3,3,3
4,8,6,15,0.05,1,3,1,1,1,359.67,0,12,1,1,1,1,17,1,3,3,1
4,8,6,16,0.2,2,1,2,2,1,441.44,0,5,3,3,2,2,13,3,3,3,3
4,8,6,17,0.05,1,1,1,1,1,371.83,0,8,1,3,1,3,6,1,3,1,3
4,8,6,18,1.8,3,3,2,2,1,257.97,1,20,1,3,3,1,10,1,1,3,3
4,8,6,19,0.1,1,2,1,1,1,264.94,1,17,3,3,3,3,1,3,1,2,2
4,8,6,20,0.4,1,3,1,1,1,240.9,1,16,1,3,1,3,1,1,3,3,1
4,8,6,21,0.2,1,3,1,1,1,198.31,1,19,1,3,1,3,8,3,1,1,3
4,8,6,22,0.1,3,3,2,2,1,333.72,0,10,3,1,1,3,8,1,3,3,1
4,8,6,23,0.1,2,3,2,2,1,317.67,0,17,1,1,2,2,17,3,3,1,1
4,8,6,24,0.2,2,1,2,1,0,292.11,1,9,1,1,2,2,3,1,1,1,1
4,8,6,25,0.4,2,3,2,2,1,226.18,1,4,1,1,2,2,1,1,3,3,1
4,8,6,26,1.8,3,3,2,2,1,211.13,1,7,3,1,1,3,2,1,1,3,3
4,8,6,27,0.05,1,1,1,1,1,265.13,1,18,1,3,1,3,8,3,3,3,3
4,8,6,28,1.8,1,2,1,1,1,277.63,1,9,3,3,3,3,2,3,3,2,2
4,8,6,29,0.8,3,2,2,2,1,280.29,1,14,1,3,3,1,9,3,1,2,2
4,8,6,30,0.8,1,3,1,1,1,251.81,1,1,3,1,3,1,9,3,1,1,3
4,8,6,31,0.05,1,3,1,1,1,325.52,0,19,1,1,1,1,2,1,1,3,3
4,8,6,32,1.8,1,1,1,1,1,236.7,1,6,3,3,3,3,3,3,3,3,3
4,8,6,33,0.8,2,3,2,2,1,277.57,1,2,1,1,2,2,12,1,1,3,3
4,8,6,34,0.8,1,3,1,1,1,281.2,1,16,1,1,1,1,14,1,3,3,1
4,8,6,35,0.1,3,2,2,2,1,384.67,0,20,3,3,1,1,5,3,3,2,2
4,8,6,36,0.4,3,1,2,2,1,252.13,1,17,1,1,3,3,4,1,3,1,3
4,8,6,37,1.8,1,3,1,1,1,267.64,1,17,3,3,3,3,9,3,1,1,3
4,8,6,38,1.8,1,3,1,1,1,244.03,1,8,3,3,3,3,18,3,3,1,1
4,8,6,39,1.8,3,2,2,2,1,316.53,0,16,3,1,1,3,2,3,3,2,2
4,8,6,40,0.1,1,1,1,1,1,256.27,1,2,1,1,1,1,12,1,1,1,1
4,8,6,41,0.8,1,2,1,1,1,288.8,1,20,3,1,3,1,18,3,3,2,2
4,8,6,42,0.2,2,1,2,2,1,278.73,1,20,3,3,2,2,8,1,1,1,1
4,8,6,43,0.4,2,3,2,2,1,292.82,1,8,1,1,2,2,5,3,3,1,1
4,8,6,44,0.4,1,2,1,1,1,16.17,2,4,3,1,3,1,6,1,1,2,2
4,8,6,45,0.2,2,2,2,2,1,325.41,0,20,1,3,2,2,18,3,1,2,2
4,8,6,46,0.1,3,1,2,2,1,248.99,1,7,1,1,3,3,14,1,1,1,1
4,8,6,47,0.8,3,3,2,2,1,243.61,1,19,3,3,1,1,15,3,3,1,1
4,8,6,48,0.8,2,3,2,2,1,266.48,1,16,1,3,2,2,13,1,3,3,1
4,8,6,49,0.2,1,2,1,1,1,246.31,1,10,1,1,1,1,4,1,3,2,2
4,8,6,50,0.05,2,2,2,2,1,417.65,0,9,3,1,2,2,5,1,3,2,2
4,8,6,51,0.1,1,2,1,1,1,275.66,1,16,3,3,3,3,9,1,1,2,2
4,8,6,52,0.1,1,1,1,1,1,310.29,0,20,1,3,1,3,14,3,1,3,1
4,8,6,53,0.1,2,2,2,1,0,600.52,0,7,3,1,2,2,5,1,3,2,2
4,8,6,54,0.05,2,1,2,2,1,330.55,0,8,1,1,2,2,20,3,1,3,1
4,8,6,55,0.4,1,2,1,2,0,266.06,1,2,3,3,3,3,3,3,3,2,2
4,8,6,56,0.2,1,3,1,1,1,211.49,1,1,3,1,3,1,9,1,1,3,3
4,8,6,57,0.1,1,3,1,1,1,264.32,1,14,1,1,1,1,7,3,1,1,3
4,8,6,58,0.1,1,3,1,1,1,225.79,1,19,1,1,1,1,5,1,3,3,1
4,8,6,59,0.8,1,1,1,1,1,212.27,1,8,1,1,1,1,7,3,3,3,3
4,8,6,60,0.2,2,1,2,2,1,407.88,0,16,1,3,2,2,18,3,3,3,3
4,8,6,61,0.4,1,2,1,1,1,225.52,1,12,3,1,3,1,15,3,3,2,2
4,8,6,62,0.1,1,3,1,1,1,315.65,0,3,3,1,3,1,15,3,1,1,3
4,8,6,63,0.05,1,2,1,1,1,263.99,1,10,3,1,3,1,11,3,1,2,2
4,8,6,64,0.2,1,3,1,1,1,246.8,1,4,1,1,1,1,10,1,3,3,1
4,8,6,65,0.2,1,3,1,1,1,246.94,1,3,1,1,1,1,6,3,3,1,1
4,8,6,66,0.4,2,3,2,2,1,250.96,1,12,1,3,2,2,19,3,1,1,3
4,8,6,67,0.4,1,1,1,1,1,232.69,1,18,1,3,1,3,17,3,3,3,3
4,8,6,68,1.8,1,1,1,1,1,233.16,1,6,3,3,3,3,14,1,3,1,3
4,8,6,69,0.8,2,3,2,2,1,277.45,1,3,3,3,2,2,13,3,3,1,1
4,8,6,70,0.05,1,2,1,1,1,355.96,0,5,3,1,3,1,8,3,1,2,2
4,8,6,71,1.8,3,2,2,2,1,299.07,1,1,3,1,1,3,7,1,3,2,2
4,8,6,72,1.8,1,3,1,1,1,269.26,1,14,3,1,3,1,10,3,3,1,1
4,8,6,73,0.4,3,1,2,2,1,267.21,1,13,1,3,3,1,12,1,1,1,1
4,8,6,74,0.8,3,2,2,2,1,234.36,1,6,3,1,1,3,12,1,3,2,2
4,8,6,75,0.05,1,2,1,1,1,257.95,1,4,1,1,1,1,17,1,1,2,2
4,8,6,76,1.8,1,1,1,1,1,231.02,1,11,3,3,3,3,10,3,3,3,3
4,8,6,77,0.2,1,2,1,1,1,305.3,0,4,1,1,1,1,3,3,3,2,2
4,8,6,78,0.2,3,3,2,2,1,282.99,1,12,3,3,1,1,8,1,1,3,3
4,8,7,1,0.4,1,2,1,1,1,215.9,1,16,3,1,3,1,6,1,3,2,2
4,8,7,2,0.05,1,3,1,1,1,286.5,1,4,3,3,3,3,7,1,3,3,1
4,8,7,3,0.8,2,2,2,2,1,231,1,14,3,1,2,2,1,3,3,2,2
4,8,7,4,1.8,1,2,1,1,1,214.99,1,1,3,1,3,1,13,3,3,2,2
4,8,7,5,0.2,3,3,2,2,1,264.7,1,13,3,1,1,3,16,3,1,1,3
4,8,7,6,0.4,2,3,2,1,0,223.3,1,11,1,3,2,2,6,3,1,1,3
4,8,7,7,0.05,2,1,2,1,0,299.46,1,9,1,3,2,2,17,1,1,1,1
4,8,7,8,0.05,3,3,2,2,1,294.54,1,20,3,3,1,1,9,1,3,3,1
4,8,7,9,0.05,2,1,2,2,1,450.22,0,20,1,1,2,2,15,3,3,3,3
4,8,7,10,0.05,3,1,2,2,1,454.58,0,20,1,3,3,1,14,1,1,1,1
4,8,7,11,0.05,2,1,2,2,1,297.57,1,16,3,3,2,2,11,1,1,1,1
4,8,7,12,0.1,2,1,2,1,0,277.13,1,9,1,1,2,2,9,1,3,1,3
4,8,7,13,0.8,2,1,2,1,0,257.19,1,3,3,1,2,2,3,3,3,3,3
4,8,7,14,0.1,1,3,1,1,1,253.2,1,9,1,3,1,3,6,1,3,3,1
4,8,7,15,1.8,1,2,1,1,1,220.44,1,13,3,3,3,3,11,3,1,2,2
4,8,7,16,0.8,1,1,1,1,1,229.78,1,16,3,3,3,3,14,1,3,1,3
4,8,7,17,0.8,1,3,1,1,1,21.538,2,1,1,3,1,3,16,3,3,1,1
4,8,7,18,0.4,3,1,2,2,1,266.18,1,2,1,1,3,3,7,1,3,1,3
4,8,7,19,0.05,3,1,2,2,1,351.62,0,18,3,3,1,1,7,1,1,1,1
4,8,7,20,0.8,1,1,1,1,1,223.76,1,17,3,1,3,1,1,1,1,1,1
4,8,7,21,0.8,3,3,2,2,1,248.81,1,5,1,3,3,1,19,1,1,3,3
4,8,7,22,1.8,1,2,1,1,1,226.47,1,19,1,1,1,1,4,1,1,2,2
4,8,7,23,0.8,1,1,1,1,1,238.94,1,19,1,1,1,1,4,3,3,3,3
4,8,7,24,1.8,1,2,1,1,1,221.96,1,11,3,3,3,3,9,1,1,2,2
4,8,7,25,0.4,1,2,1,1,1,264.29,1,1,1,3,1,3,15,1,1,2,2
4,8,7,26,0.2,1,3,1,1,1,267.87,1,4,3,3,3,3,12,1,1,3,3
4,8,7,27,0.4,2,1,2,2,1,306.59,0,5,3,3,2,2,4,1,3,1,3
4,8,7,28,1.8,1,2,1,1,1,263.21,1,15,3,1,3,1,1,1,3,2,2
4,8,7,29,0.2,1,3,1,1,1,246.52,1,13,3,1,3,1,14,3,1,1,3
4,8,7,30,0.4,1,2,1,1,1,215.73,1,3,1,1,1,1,13,3,1,2,2
4,8,7,31,0.1,3,1,2,2,1,356.14,0,10,3,3,1,1,7,3,3,3,3
4,8,7,32,0.1,3,2,2,2,1,547.2,0,16,3,1,1,3,14,3,1,2,2
4,8,7,33,0.2,2,2,2,2,1,358.97,0,20,3,3,2,2,20,1,3,2,2
4,8,7,34,0.2,1,3,1,1,1,283.45,1,18,1,3,1,3,18,1,3,3,1
4,8,7,35,0.1,2,3,2,1,0,316.87,0,16,1,3,2,2,19,3,3,1,1
4,8,7,36,1.8,2,3,2,2,1,230.4,1,20,1,3,2,2,4,3,3,1,1
4,8,7,37,0.05,1,3,1,1,1,276.79,1,8,3,1,3,1,16,1,3,3,1
4,8,7,38,0.1,1,1,1,1,1,261.76,1,13,3,1,3,1,7,3,1,3,1
4,8,7,39,0.2,1,2,1,1,1,270.85,1,2,3,1,3,1,3,3,3,2,2
4,8,7,40,0.05,1,1,1,1,1,281.74,1,18,1,3,1,3,12,3,3,3,3
4,8,7,41,0.1,2,2,2,2,1,339.92,0,10,1,1,2,2,10,3,3,2,2
4,8,7,42,0.4,3,2,2,2,1,248.26,1,12,1,3,3,1,3,1,3,2,2
4,8,7,43,0.4,3,3,2,2,1,272.06,1,13,3,1,1,3,4,3,3,1,1
4,8,7,44,0.1,3,2,2,2,1,339.99,0,9,3,3,1,1,7,1,3,2,2
4,8,7,45,0.2,1,2,1,1,1,212.94,1,11,1,1,1,1,18,1,1,2,2
4,8,7,46,0.2,1,3,1,1,1,265.87,1,12,3,1,3,1,5,1,1,3,3
4,8,7,47,1.8,3,3,2,2,1,253.51,1,11,1,1,3,3,20,1,1,3,3
4,8,7,48,0.8,3,3,2,2,1,250.74,1,20,3,1,1,3,18,3,1,1,3
4,8,7,49,0.4,1,1,1,1,1,182.43,1,18,1,1,1,1,17,3,3,3,3
4,8,7,50,0.1,1,1,1,1,1,305.28,0,17,1,3,1,3,14,3,3,3,3
4,8,7,51,0.4,1,1,1,1,1,228.93,1,8,1,1,1,1,1,1,1,1,1
4,8,7,52,1.8,1,3,1,1,1,222.95,1,16,3,3,3,3,15,1,1,3,3
4,8,7,53,0.1,1,1,1,1,1,301,0,20,1,1,1,1,5,3,3,3,3
4,8,7,54,0.2,1,3,1,1,1,291.39,1,12,3,3,3,3,15,3,3,1,1
4,8,7,55,0.1,2,1,2,1,0,259.23,1,11,1,3,2,2,14,3,3,3,3
4,8,7,56,0.2,2,1,2,2,1,310.89,0,14,3,3,2,2,5,1,1,1,1
4,8,7,57,0.1,1,1,1,1,1,275.45,1,8,3,1,3,1,7,1,3,1,3
4,8,7,58,0.05,1,1,1,1,1,282.11,1,16,1,1,1,1,12,3,3,3,3
4,8,7,59,1.8,2,3,2,2,1,285.38,1,14,1,1,2,2,16,3,1,1,3
4,8,7,60,0.8,2,2,2,2,1,260.23,1,14,1,3,2,2,2,3,3,2,2
4,8,7,61,0.4,2,3,2,2,1,232.53,1,2,1,1,2,2,12,1,1,3,3
4,8,7,62,0.05,1,3,1,1,1,260.37,1,12,3,1,3,1,10,3,1,1,3
4,8,7,63,0.2,1,2,1,1,1,132.31,1,13,3,3,3,3,6,3,3,2,2
4,8,7,64,0.05,3,1,2,2,1,324.79,0,9,3,1,1,3,11,3,1,3,1
4,8,7,65,0.8,2,3,2,2,1,249.5,1,3,1,3,2,2,12,1,3,3,1
4,8,7,66,0.1,1,1,1,1,1,284.88,1,1,1,3,1,3,1,3,3,3,3
4,8,7,67,0.2,1,2,1,1,1,214.7,1,4,1,1,1,1,15,1,1,2,2
4,8,7,68,0.4,1,3,1,1,1,172.54,1,11,1,3,1,3,10,1,1,3,3
4,8,7,69,0.8,2,3,2,2,1,288.98,1,11,1,3,2,2,12,1,3,3,1
4,8,7,70,0.8,1,2,1,1,1,248.65,1,13,1,3,1,3,4,3,1,2,2
4,8,7,71,1.8,2,2,2,2,1,278.44,1,17,1,1,2,2,15,1,1,2,2
4,8,7,72,1.8,2,1,2,2,1,260.19,1,1,3,3,2,2,11,1,1,1,1
4,8,7,73,0.8,1,2,1,1,1,228.13,1,12,3,1,3,1,3,3,3,2,2
4,8,7,74,1.8,1,3,1,1,1,228.1,1,5,3,1,3,1,9,3,1,1,3
4,8,7,75,0.05,3,3,2,2,1,391.96,0,15,1,1,3,3,6,3,1,1,3
4,8,7,76,0.2,1,2,1,1,1,209.63,1,19,1,1,1,1,2,1,3,2,2
4,8,7,77,1.8,2,3,2,2,1,251.68,1,3,1,1,2,2,3,1,1,3,3
4,8,7,78,0.4,1,2,1,1,1,213.23,1,4,3,1,3,1,19,1,1,2,2
4,8,8,1,0.4,3,2,2,2,1,232.22,1,20,1,1,3,3,11,3,1,2,2
4,8,8,2,0.1,1,1,1,1,1,223.47,1,16,3,1,3,1,15,3,1,3,1
4,8,8,3,0.05,3,2,2,2,1,352.37,0,13,1,1,3,3,1,1,1,2,2
4,8,8,4,0.2,3,2,2,2,1,243.64,1,8,3,3,1,1,16,3,1,2,2
4,8,8,5,0.4,2,3,2,2,1,266.27,1,20,3,3,2,2,15,1,1,3,3
4,8,8,6,0.4,1,1,1,1,1,221.26,1,6,3,1,3,1,15,3,3,3,3
4,8,8,7,0.05,2,2,2,1,0,332.78,0,8,3,1,2,2,20,1,1,2,2
4,8,8,8,0.1,1,1,1,1,1,255.8,1,14,3,3,3,3,1,1,3,1,3
4,8,8,9,0.8,3,3,2,2,1,241.91,1,6,3,1,1,3,3,1,3,3,1
4,8,8,10,0.2,1,2,1,1,1,288.73,1,8,1,3,1,3,2,3,1,2,2
4,8,8,11,0.2,2,1,2,2,1,251.46,1,6,3,3,2,2,18,1,3,1,3
4,8,8,12,1.8,1,2,1,1,1,238.32,1,5,3,1,3,1,10,1,3,2,2
4,8,8,13,0.8,1,2,1,1,1,236.97,1,8,3,3,3,3,8,1,1,2,2
4,8,8,14,0.1,2,2,2,2,1,483.19,0,9,3,3,2,2,7,3,3,2,2
4,8,8,15,1.8,2,2,2,2,1,235.28,1,20,1,3,2,2,17,1,1,2,2
4,8,8,16,1.8,1,2,1,1,1,273.29,1,15,1,1,1,1,1,3,3,2,2
4,8,8,17,0.05,1,2,1,1,1,312.21,0,9,3,3,3,3,20,1,3,2,2
4,8,8,18,0.4,3,2,2,2,1,270.76,1,14,1,1,3,3,20,3,1,2,2
4,8,8,19,0.8,1,1,1,1,1,268.8,1,5,1,1,1,1,10,1,3,1,3
4,8,8,20,0.2,3,2,2,2,1,308.3,0,17,3,1,1,3,14,3,3,2,2
4,8,8,21,0.1,3,1,2,1,0,330.14,0,12,3,3,1,1,3,3,1,3,1
4,8,8,22,0.4,1,1,1,1,1,254.43,1,18,3,1,3,1,5,3,3,3,3
4,8,8,23,0.05,1,3,1,1,1,341.45,0,6,1,1,1,1,11,1,3,3,1
4,8,8,24,0.2,1,3,1,1,1,277.4,1,5,1,1,1,1,2,3,3,1,1
4,8,8,25,1.8,1,2,1,1,1,258.42,1,13,3,3,3,3,16,1,3,2,2
4,8,8,26,0.4,2,3,2,2,1,302.9,0,1,3,3,2,2,14,3,3,1,1
4,8,8,27,0.05,1,2,1,1,1,307.95,0,18,1,1,1,1,10,1,1,2,2
4,8,8,28,0.05,1,3,1,1,1,266.92,1,2,1,3,1,3,14,3,3,1,1
4,8,8,29,0.1,3,1,2,2,1,254.77,1,16,1,1,3,3,4,1,3,1,3
4,8,8,30,0.05,3,1,2,2,1,620.84,0,14,3,3,1,1,10,3,3,3,3
4,8,8,31,0.8,1,3,1,1,1,247.73,1,18,3,3,3,3,7,3,3,1,1
4,8,8,32,1.8,2,3,2,2,1,268.45,1,15,3,3,2,2,5,1,1,3,3
4,8,8,33,0.8,1,2,1,1,1,241.77,1,2,3,3,3,3,5,3,3,2,2
4,8,8,34,0.8,1,3,1,1,1,268.59,1,1,1,3,1,3,15,3,1,1,3
4,8,8,35,0.05,2,1,2,1,0,262.94,1,8,3,1,2,2,11,3,1,3,1
4,8,8,36,1.8,1,1,1,1,1,235.76,1,16,1,1,1,1,6,1,1,1,1
4,8,8,37,0.05,1,3,1,1,1,276.12,1,11,1,3,1,3,2,1,1,3,3
4,8,8,38,0.2,3,1,2,2,1,256.05,1,10,1,3,3,1,15,1,3,1,3
4,8,8,39,0.05,3,1,2,1,0,430.41,0,12,1,1,3,3,14,1,3,1,3
4,8,8,40,0.1,1,1,1,1,1,242.34,1,7,1,3,1,3,4,1,1,1,1
4,8,8,41,0.1,1,1,1,1,1,276.64,1,9,3,1,3,1,1,1,1,1,1
4,8,8,42,0.05,1,2,1,1,1,219.7,1,9,3,1,3,1,5,1,3,2,2
4,8,8,43,1.8,3,2,2,2,1,246.46,1,15,1,1,3,3,19,3,3,2,2
4,8,8,44,0.8,1,1,1,1,1,253.97,1,12,1,1,1,1,1,1,1,1,1
4,8,8,45,0.8,1,2,1,1,1,255.78,1,14,1,1,1,1,19,1,3,2,2
4,8,8,46,0.1,2,3,2,1,0,433.67,0,8,1,3,2,2,3,1,3,3,1
4,8,8,47,0.05,2,2,2,1,0,333.94,0,4,3,1,2,2,1,3,1,2,2
4,8,8,48,0.2,2,1,2,2,1,308.38,0,2,3,1,2,2,17,1,1,1,1
4,8,8,49,0.2,1,3,1,1,1,276.67,1,8,3,1,3,1,19,3,3,1,1
4,8,8,50,1.8,1,1,1,1,1,205.67,1,1,3,1,3,1,14,1,3,1,3
4,8,8,51,0.4,3,3,2,2,1,292.6,1,3,3,1,1,3,9,1,3,3,1
4,8,8,52,0.1,3,1,2,2,1,387.98,0,18,1,1,3,3,1,3,3,3,3
4,8,8,53,0.8,3,3,2,2,1,230.2,1,3,1,3,3,1,4,3,3,1,1
4,8,8,54,1.8,1,2,1,1,1,216.88,1,8,1,1,1,1,6,3,3,2,2
4,8,8,55,0.8,1,2,1,1,1,260.13,1,14,1,3,1,3,12,1,3,2,2
4,8,8,56,0.8,2,2,2,2,1,263.67,1,14,1,3,2,2,11,1,3,2,2
4,8,8,57,0.2,1,1,1,1,1,221.06,1,20,1,1,1,1,9,3,1,3,1
4,8,8,58,0.4,3,2,2,2,1,273.87,1,3,1,3,3,1,10,3,1,2,2
4,8,8,59,0.2,1,3,1,1,1,252.9,1,9,3,1,3,1,3,1,3,3,1
4,8,8,60,0.4,1,1,1,1,1,289.07,1,6,1,3,1,3,16,1,3,1,3
4,8,8,61,0.4,1,3,1,1,1,225.63,1,19,1,1,1,1,19,1,3,3,1
4,8,8,62,0.8,3,2,2,2,1,237.12,1,9,1,1,3,3,20,1,3,2,2
4,8,8,63,0.1,1,1,1,1,1,290.44,1,12,3,3,3,3,20,1,3,1,3
4,8,8,64,1.8,1,2,1,1,1,206.26,1,8,1,3,1,3,14,1,3,2,2
4,8,8,65,0.2,2,1,2,1,0,281.88,1,17,3,1,2,2,5,3,1,3,1
4,8,8,66,0.8,3,1,2,2,1,257.05,1,14,3,3,1,1,19,1,3,1,3
4,8,8,67,0.4,2,3,2,2,1,243.1,1,19,3,1,2,2,9,1,1,3,3
4,8,8,68,0.05,3,3,2,2,1,368.23,0,2,1,3,3,1,11,1,3,3,1
4,8,8,69,0.1,1,3,1,1,1,278.73,1,20,3,3,3,3,4,3,1,1,3
4,8,8,70,1.8,2,1,2,2,1,237.36,1,5,3,3,2,2,17,3,1,3,1
4,8,8,71,0.1,1,3,1,1,1,296.16,1,3,3,1,3,1,8,1,1,3,3
4,8,8,72,0.2,1,1,1,1,1,216.87,1,10,3,1,3,1,20,1,3,1,3
4,8,8,73,0.2,1,2,1,1,1,252.51,1,6,3,3,3,3,8,1,3,2,2
4,8,8,74,1.8,1,3,1,1,1,230.96,1,10,3,1,3,1,17,3,1,1,3
4,8,8,75,0.4,2,2,2,1,0,203.74,1,20,3,1,2,2,14,1,3,2,2
4,8,8,76,0.1,3,3,2,2,1,379.79,0,16,3,3,1,1,3,1,1,3,3
4,8,8,77,0.4,3,2,2,2,1,297.9,1,19,1,1,3,3,8,3,3,2,2
4,8,8,78,1.8,1,3,1,1,1,219.28,1,2,3,3,3,3,12,3,1,1,3
4,8,9,1,0.4,3,3,2,2,1,235.43,1,3,3,1,1,3,16,1,3,3,1
4,8,9,2,0.4,3,2,2,2,1,238.43,1,11,1,1,3,3,15,1,3,2,2
4,8,9,3,0.8,3,1,2,2,1,264.15,1,2,1,1,3,3,4,1,1,1,1
4,8,9,4,0.8,2,3,2,2,1,228.41,1,10,3,1,2,2,11,3,1,1,3
4,8,9,5,0.8,1,1,1,1,1,267.75,1,2,1,3,1,3,13,3,3,3,3
4,8,9,6,0.8,3,1,2,2,1,209.24,1,4,3,3,1,1,20,1,1,1,1
4,8,9,7,0.2,2,3,2,2,1,244.87,1,17,1,1,2,2,14,1,1,3,3
4,8,9,8,0.05,3,2,2,2,1,378.27,0,18,1,1,3,3,2,3,3,2,2
4,8,9,9,0.1,1,1,1,1,1,212.04,1,6,3,3,3,3,7,3,3,3,3
4,8,9,10,0.05,1,2,1,1,1,288.54,1,14,1,1,1,1,13,1,3,2,2
4,8,9,11,0.8,1,3,1,1,1,232.23,1,11,3,1,3,1,6,3,1,1,3
4,8,9,12,0.1,1,1,1,1,1,273.37,1,11,3,3,3,3,10,1,3,1,3
4,8,9,13,0.8,1,2,1,1,1,230.55,1,15,1,1,1,1,17,3,3,2,2
4,8,9,14,1.8,3,1,2,2,1,231.79,1,18,1,1,3,3,19,3,1,3,1
4,8,9,15,0.4,2,3,2,2,1,279.67,1,12,1,3,2,2,7,3,3,1,1
4,8,9,16,0.2,1,2,1,1,1,90.555,2,18,1,1,1,1,14,1,3,2,2
4,8,9,17,1.8,2,3,2,2,1,228.61,1,19,1,3,2,2,5,1,1,3,3
4,8,9,18,0.05,3,3,2,2,1,387.38,0,18,3,1,1,3,1,1,3,3,1
4,8,9,19,0.2,1,3,1,1,1,127.04,1,9,3,1,3,1,4,1,3,3,1
4,8,9,20,0.1,1,2,1,1,1,135.73,1,6,1,3,1,3,8,3,3,2,2
4,8,9,21,0.4,2,3,2,2,1,271.86,1,8,1,3,2,2,11,1,1,3,3
4,8,9,22,0.05,1,3,1,1,1,374.49,0,12,3,3,3,3,3,3,3,1,1
4,8,9,23,0.4,3,2,2,2,1,284.28,1,15,1,1,3,3,20,1,3,2,2
4,8,9,24,0.2,2,2,2,1,0,260.08,1,1,1,3,2,2,13,3,1,2,2
4,8,9,25,1.8,1,2,NaN,NaN,NaN,NaN,NaN,20,3,1,3,1,8,3,1,2,2
4,8,9,26,0.05,1,1,1,1,1,268.03,1,12,3,3,3,3,19,1,1,1,1
4,8,9,27,0.8,1,2,NaN,NaN,NaN,NaN,NaN,8,1,3,1,3,12,1,1,2,2
4,8,9,28,0.4,1,3,1,1,1,277.68,1,1,1,1,1,1,11,1,3,3,1
4,8,9,29,0.2,1,3,1,1,1,262.94,1,15,3,1,3,1,7,3,1,1,3
4,8,9,30,0.05,1,1,1,1,1,270.88,1,11,1,3,1,3,6,3,1,3,1
4,8,9,31,0.4,2,2,2,2,1,292.9,1,3,1,3,2,2,2,3,1,2,2
4,8,9,32,0.1,1,2,1,1,1,269.37,1,6,1,1,1,1,15,1,1,2,2
4,8,9,33,0.2,1,3,1,1,1,224.74,1,5,3,3,3,3,14,3,3,1,1
4,8,9,34,0.8,1,1,1,1,1,239.63,1,16,3,1,3,1,13,3,1,3,1
4,8,9,35,1.8,1,1,1,1,1,256.24,1,5,3,1,3,1,18,3,3,3,3
4,8,9,36,0.2,2,1,2,1,0,241.95,1,1,1,3,2,2,9,1,3,1,3
4,8,9,37,0.4,1,2,1,1,1,256.96,1,11,1,1,1,1,5,1,1,2,2
4,8,9,38,0.4,1,2,1,1,1,246.23,1,18,1,1,1,1,3,3,1,2,2
4,8,9,39,0.8,3,1,2,2,1,288.81,1,11,3,1,1,3,10,1,3,1,3
4,8,9,40,0.8,2,2,2,2,1,261.61,1,2,3,1,2,2,16,1,1,2,2
4,8,9,41,0.05,3,2,2,2,1,378.41,0,10,1,3,3,1,19,1,1,2,2
4,8,9,42,1.8,2,1,2,2,1,254.69,1,17,3,3,2,2,12,3,1,3,1
4,8,9,43,0.1,1,1,1,1,1,346.53,0,14,3,1,3,1,5,1,3,1,3
4,8,9,44,0.05,1,3,1,1,1,349.28,0,19,3,3,3,3,6,3,1,1,3
4,8,9,45,0.1,1,1,1,1,1,243.35,1,3,3,1,3,1,9,1,1,1,1
4,8,9,46,0.1,1,1,1,1,1,277.18,1,14,1,1,1,1,6,1,3,1,3
4,8,9,47,0.05,1,3,1,1,1,361.79,0,7,1,1,1,1,18,3,3,1,1
4,8,9,48,1.8,1,1,1,1,1,251.06,1,10,3,1,3,1,17,3,1,3,1
4,8,9,49,1.8,1,1,1,1,1,229.01,1,1,3,1,3,1,3,1,1,1,1
4,8,9,50,0.05,1,3,1,1,1,269.75,1,14,1,1,1,1,5,1,3,3,1
4,8,9,51,1.8,1,1,1,1,1,261.99,1,11,3,1,3,1,8,1,1,1,1
4,8,9,52,1.8,1,2,1,1,1,250.92,1,14,1,3,1,3,19,1,3,2,2
4,8,9,53,0.1,3,2,2,2,1,393.64,0,15,3,1,1,3,3,3,1,2,2
4,8,9,54,0.2,3,1,2,2,1,272.15,1,3,3,1,1,3,2,3,1,3,1
4,8,9,55,0.4,3,2,2,2,1,273.63,1,11,3,3,1,1,10,3,1,2,2
4,8,9,56,0.1,2,1,2,2,1,368.51,0,6,1,3,2,2,8,1,1,1,1
4,8,9,57,0.2,2,1,2,2,1,297.72,1,18,1,3,2,2,11,3,1,3,1
4,8,9,58,1.8,3,3,2,2,1,137.31,1,4,3,3,1,1,17,3,1,1,3
4,8,9,59,0.05,1,1,1,1,1,280.89,1,17,3,1,3,1,2,3,3,3,3
4,8,9,60,0.2,1,3,1,1,1,270.76,1,12,3,3,3,3,7,3,3,1,1
4,8,9,61,0.4,3,1,2,2,1,297.94,1,2,3,3,1,1,7,3,3,3,3
4,8,9,62,1.8,3,3,2,2,1,271.13,1,16,3,3,1,1,14,3,3,1,1
4,8,9,63,0.1,3,1,2,2,1,313.5,0,6,1,1,3,3,4,3,3,3,3
4,8,9,64,0.1,2,2,2,2,1,321.9,0,6,3,3,2,2,13,1,1,2,2
4,8,9,65,0.1,3,2,2,2,1,256.99,1,5,1,1,3,3,13,1,1,2,2
4,8,9,66,0.8,3,2,2,2,1,247.76,1,17,3,3,1,1,8,1,1,2,2
4,8,9,67,1.8,1,1,1,1,1,393.16,0,13,1,1,1,1,8,1,1,1,1
4,8,9,68,0.1,1,1,1,1,1,247.13,1,15,3,3,3,3,1,1,3,1,3
4,8,9,69,1.8,1,2,1,1,1,215.79,1,8,1,3,1,3,15,3,1,2,2
4,8,9,70,0.05,1,1,1,1,1,294.94,1,10,3,3,3,3,9,3,1,3,1
4,8,9,71,0.4,3,1,2,2,1,279.76,1,18,3,1,1,3,13,1,3,1,3
4,8,9,72,0.8,1,2,1,1,1,266.37,1,7,1,3,1,3,1,1,3,2,2
4,8,9,73,0.2,1,3,1,1,1,270.15,1,14,3,3,3,3,6,1,1,3,3
4,8,9,74,0.2,1,2,1,1,1,240.29,1,8,3,3,3,3,14,3,3,2,2
4,8,9,75,0.05,3,1,2,2,1,433.31,0,13,3,1,1,3,18,1,3,1,3
4,8,9,76,0.4,2,3,2,2,1,310.02,0,15,1,3,2,2,16,3,1,1,3
4,8,9,77,0.2,3,3,2,2,1,279.4,1,13,3,3,1,1,8,3,3,1,1
4,8,9,78,0.8,3,2,2,2,1,292.04,1,4,3,3,1,1,10,1,1,2,2
4,8,10,1,1.8,3,1,2,2,1,303.85,0,17,1,3,3,1,16,3,1,3,1
4,8,10,2,1.8,3,2,2,2,1,256.37,1,1,1,3,3,1,11,3,1,2,2
4,8,10,3,1.8,1,2,1,1,1,224.55,1,10,1,1,1,1,11,1,1,2,2
4,8,10,4,1.8,2,2,2,1,0,273.86,1,1,1,3,2,2,11,1,3,2,2
4,8,10,5,0.4,3,1,2,2,1,259.13,1,8,3,1,1,3,6,1,3,1,3
4,8,10,6,0.2,2,1,2,2,1,212.15,1,3,3,3,2,2,17,1,3,1,3
4,8,10,7,0.05,3,3,2,2,1,319.62,0,5,3,3,1,1,17,1,1,3,3
4,8,10,8,1.8,1,3,1,1,1,258.81,1,14,1,1,1,1,3,1,3,3,1
4,8,10,9,0.1,3,3,2,2,1,324.12,0,9,1,3,3,1,4,3,3,1,1
4,8,10,10,0.8,1,2,1,1,1,251.81,1,15,3,3,3,3,17,1,3,2,2
4,8,10,11,0.05,2,2,2,1,0,323.68,0,9,1,1,2,2,18,3,1,2,2
4,8,10,12,0.2,1,3,1,1,1,181.75,1,5,3,3,3,3,15,3,1,1,3
4,8,10,13,0.4,1,1,1,1,1,214.48,1,5,1,1,1,1,3,3,3,3,3
4,8,10,14,1.8,3,2,2,2,1,241.88,1,12,1,1,3,3,19,1,3,2,2
4,8,10,15,1.8,1,2,1,1,1,227.01,1,7,3,1,3,1,6,3,3,2,2
4,8,10,16,0.2,1,3,1,1,1,251.62,1,14,1,1,1,1,16,3,3,1,1
4,8,10,17,0.2,2,1,2,1,0,195.63,1,13,3,3,2,2,19,3,3,3,3
4,8,10,18,0.1,3,1,2,1,0,317.67,0,12,1,3,3,1,18,3,3,3,3
4,8,10,19,0.05,1,1,1,1,1,300.61,0,10,1,1,1,1,9,1,1,1,1
4,8,10,20,0.8,2,3,2,2,1,308.52,0,14,1,1,2,2,19,1,1,3,3
4,8,10,21,0.8,1,3,1,1,1,230.78,1,17,1,1,1,1,3,3,3,1,1
4,8,10,22,1.8,3,3,2,2,1,234.16,1,4,3,3,1,1,12,1,3,3,1
4,8,10,23,0.1,1,3,1,1,1,203.81,1,4,1,3,1,3,13,1,3,3,1
4,8,10,24,0.05,1,1,1,1,1,277.41,1,15,1,1,1,1,12,3,1,3,1
4,8,10,25,0.05,1,1,1,1,1,267.01,1,10,1,1,1,1,6,1,1,1,1
4,8,10,26,0.2,1,2,1,1,1,236.36,1,8,1,3,1,3,15,1,1,2,2
4,8,10,27,0.05,3,1,2,2,1,392.97,0,19,3,1,1,3,14,3,3,3,3
4,8,10,28,0.05,3,2,2,2,1,351.07,0,18,3,3,1,1,9,3,1,2,2
4,8,10,29,0.4,3,1,2,2,1,239.39,1,11,3,3,1,1,13,1,3,1,3
4,8,10,30,0.2,1,2,1,1,1,236.61,1,2,3,3,3,3,19,3,3,2,2
4,8,10,31,1.8,1,3,1,1,1,215.01,1,20,1,3,1,3,18,3,3,1,1
4,8,10,32,0.4,1,3,1,1,1,225,1,8,3,3,3,3,18,1,3,3,1
4,8,10,33,0.05,1,3,1,1,1,284.31,1,14,3,3,3,3,18,3,3,1,1
4,8,10,34,1.8,2,2,2,2,1,293.37,1,19,3,3,2,2,1,3,1,2,2
4,8,10,35,0.4,2,3,2,2,1,285.56,1,10,3,3,2,2,11,3,1,1,3
4,8,10,36,0.8,1,1,1,1,1,269.68,1,17,3,1,3,1,5,1,1,1,1
4,8,10,37,0.4,2,1,2,2,1,249.22,1,6,3,1,2,2,11,1,1,1,1
4,8,10,38,0.4,2,3,2,2,1,310.12,0,18,1,1,2,2,14,1,1,3,3
4,8,10,39,0.8,1,3,1,1,1,277.23,1,10,1,3,1,3,4,3,3,1,1
4,8,10,40,0.05,2,2,2,1,0,321.87,0,7,1,3,2,2,1,1,1,2,2
4,8,10,41,0.8,1,2,1,1,1,263.32,1,8,3,1,3,1,11,1,3,2,2
4,8,10,42,0.2,1,2,1,2,0,323.85,0,8,3,3,3,3,1,1,1,2,2
4,8,10,43,0.2,1,1,1,1,1,200.8,1,14,3,1,3,1,6,1,1,1,1
4,8,10,44,0.4,3,1,2,2,1,230.77,1,12,3,3,1,1,15,3,3,3,3
4,8,10,45,1.8,2,1,2,2,1,275.3,1,14,3,3,2,2,2,3,1,3,1
4,8,10,46,0.8,2,1,2,1,0,256.75,1,3,1,3,2,2,17,1,3,1,3
4,8,10,47,0.4,2,2,2,2,1,244.53,1,15,1,3,2,2,9,3,3,2,2
4,8,10,48,1.8,2,2,2,2,1,262.17,1,3,1,1,2,2,15,3,3,2,2
4,8,10,49,0.4,2,1,2,2,1,394.86,0,6,3,3,2,2,5,3,1,3,1
4,8,10,50,0.1,1,3,1,1,1,256.73,1,17,1,3,1,3,11,1,1,3,3
4,8,10,51,0.4,1,1,1,2,0,290,1,4,3,1,3,1,15,3,1,3,1
4,8,10,52,1.8,2,3,2,2,1,250.04,1,14,1,1,2,2,7,1,1,3,3
4,8,10,53,0.1,3,1,2,2,1,315.28,0,16,3,1,1,3,5,1,3,1,3
4,8,10,54,0.1,3,1,2,2,1,298.4,1,5,3,3,1,1,3,1,1,1,1
4,8,10,55,0.2,1,2,1,1,1,245.34,1,1,3,1,3,1,13,3,1,2,2
4,8,10,56,0.1,1,3,1,1,1,204.8,1,5,1,3,1,3,17,3,1,1,3
4,8,10,57,0.8,2,3,2,2,1,241.52,1,5,3,3,2,2,17,3,3,1,1
4,8,10,58,0.8,3,2,2,2,1,237.5,1,13,1,1,3,3,12,3,3,2,2
4,8,10,59,0.05,1,1,1,1,1,279.09,1,14,3,1,3,1,1,1,1,1,1
4,8,10,60,0.2,3,2,2,2,1,276.46,1,5,3,1,1,3,9,3,3,2,2
4,8,10,61,0.05,2,2,2,2,1,482.05,0,7,3,1,2,2,16,1,3,2,2
4,8,10,62,0.2,1,2,1,1,1,204.65,1,19,1,1,1,1,12,3,3,2,2
4,8,10,63,0.8,2,3,2,1,0,217.71,1,18,1,1,2,2,15,1,1,3,3
4,8,10,64,0.8,2,3,2,2,1,271.22,1,17,3,3,2,2,14,3,3,1,1
4,8,10,65,0.1,1,2,1,1,1,296.97,1,4,3,3,3,3,8,3,1,2,2
4,8,10,66,0.1,3,2,2,2,1,332.29,0,9,3,3,1,1,15,1,1,2,2
4,8,10,67,0.1,2,2,2,1,0,315.79,0,9,3,3,2,2,5,3,1,2,2
4,8,10,68,0.1,3,2,2,2,1,349.89,0,5,1,1,3,3,3,1,3,2,2
4,8,10,69,0.05,2,3,2,2,1,375.95,0,10,1,1,2,2,7,1,3,3,1
4,8,10,70,0.8,2,2,2,2,1,245.25,1,1,1,1,2,2,10,3,3,2,2
4,8,10,71,0.2,1,1,1,1,1,269.54,1,14,1,3,1,3,1,1,1,1,1
4,8,10,72,0.1,1,2,1,1,1,213.02,1,10,3,3,3,3,20,1,1,2,2
4,8,10,73,0.4,3,1,2,2,1,273.96,1,18,1,1,3,3,13,1,3,1,3
4,8,10,74,0.1,3,2,2,1,0,293.23,1,15,1,1,3,3,10,1,1,2,2
4,8,10,75,0.2,3,1,2,2,1,200.09,1,2,3,3,1,1,12,3,3,3,3
4,8,10,76,0.4,2,3,2,2,1,216.73,1,7,1,1,2,2,9,3,3,1,1
4,8,10,77,0.8,1,2,1,1,1,249.33,1,11,3,1,3,1,16,3,3,2,2
4,8,10,78,0.05,1,3,1,1,1,313.98,0,20,1,1,1,1,6,1,1,3,3
