1,2,1,1,0.05,1,2,1,1,1,651.65,0,12,1,1,1,1,17,1,3,2,2
1,2,1,2,0.4,2,3,2,2,1,225.09,1,8,1,1,2,2,4,1,3,3,1
1,2,1,3,1.8,3,2,2,2,1,190.83,1,4,1,3,3,1,20,1,1,2,2
1,2,1,4,0.8,1,2,1,1,1,207.24,1,19,1,3,1,3,9,3,1,2,2
1,2,1,5,1.8,1,2,1,1,1,192.62,1,16,1,1,1,1,18,3,3,2,2
1,2,1,6,0.1,1,1,1,1,1,343.42,0,10,3,3,3,3,7,3,1,3,1
1,2,1,7,1.8,1,1,1,1,1,191.19,1,9,1,1,1,1,3,1,1,1,1
1,2,1,8,0.2,1,2,1,1,1,281.21,1,8,1,1,1,1,14,3,1,2,2
1,2,1,9,0.1,2,1,2,1,0,356.44,0,8,3,1,2,2,8,1,3,1,3
1,2,1,10,0.2,1,1,1,2,0,313.85,0,20,1,3,1,3,4,1,1,1,1
1,2,1,11,0.1,2,1,2,1,0,431.86,0,19,1,1,2,2,7,1,3,1,3
1,2,1,12,0.8,1,2,1,1,1,189.65,1,2,1,1,1,1,10,3,1,2,2
1,2,1,13,0.4,2,2,2,1,0,276.01,1,15,3,1,2,2,17,3,3,2,2
1,2,1,14,0.05,1,1,1,1,1,328.68,0,10,3,3,3,3,10,3,1,3,1
1,2,1,15,0.1,1,3,1,1,1,294.82,1,20,3,1,3,1,10,3,1,1,3
1,2,1,16,0.05,1,1,1,1,1,356.92,0,17,1,3,1,3,20,3,3,3,3
1,2,1,17,0.8,1,3,1,1,1,172.73,1,11,3,3,3,3,20,1,1,3,3
1,2,1,18,0.8,3,3,2,2,1,190.68,1,13,1,3,3,1,12,1,3,3,1
1,2,1,19,0.2,2,2,2,1,0,325.98,0,1,3,3,2,2,9,1,3,2,2
1,2,1,20,0.2,1,2,1,2,0,218.68,1,10,1,3,1,3,14,3,1,2,2
1,2,1,21,0.4,1,3,1,2,0,275.01,1,2,1,1,1,1,13,1,3,3,1
1,2,1,22,0.2,2,1,2,2,1,276.08,1,2,1,1,2,2,2,1,3,1,3
1,2,1,23,0.4,2,1,2,1,0,234.29,1,8,3,1,2,2,19,1,3,1,3
1,2,1,24,0.1,2,2,2,1,0,314.04,0,14,3,1,2,2,13,1,3,2,2
1,2,1,25,0.1,3,3,2,2,1,400.9,0,11,1,1,3,3,11,3,1,1,3
1,2,1,26,0.1,2,2,2,2,1,504.34,0,4,3,3,2,2,14,1,1,2,2
1,2,1,27,0.1,3,1,2,2,1,276.19,1,19,3,1,1,3,19,1,3,1,3
1,2,1,28,0.8,2,1,2,2,1,187.15,1,8,3,1,2,2,18,1,3,1,3
1,2,1,29,0.1,1,1,1,2,0,357.31,0,17,1,1,1,1,15,1,1,1,1
1,2,1,30,1.8,1,3,1,1,1,186.65,1,12,1,3,1,3,10,1,1,3,3
1,2,1,31,0.8,3,2,2,2,1,214.83,1,3,1,1,3,3,7,3,3,2,2
1,2,1,32,1.8,3,2,2,2,1,199.3,1,13,1,3,3,1,19,3,1,2,2
1,2,1,33,0.4,1,1,1,2,0,247.78,1,5,1,1,1,1,13,3,1,3,1
1,2,1,34,0.2,1,3,1,1,1,462.19,0,5,3,1,3,1,20,3,3,1,1
1,2,1,35,0.05,1,1,1,2,0,522.84,0,16,3,3,3,3,13,1,3,1,3
1,2,1,36,1.8,1,2,1,1,1,198.56,1,3,3,3,3,3,2,1,3,2,2
1,2,1,37,0.05,3,3,2,2,1,356.04,0,14,1,1,3,3,2,3,1,1,3
1,2,1,38,0.2,1,3,1,1,1,345.1,0,17,1,1,1,1,12,3,3,1,1
1,2,1,39,1.8,1,2,1,1,1,364.74,0,20,1,1,1,1,1,3,1,2,2
1,2,1,40,0.1,1,1,1,1,1,307.63,0,8,1,1,1,1,13,1,3,1,3
1,2,1,41,0.8,1,3,1,1,1,201.89,1,18,3,1,3,1,19,3,1,1,3
1,2,1,42,0.05,1,3,1,1,1,402.03,0,6,1,1,1,1,5,1,3,3,1
1,2,1,43,0.05,3,1,2,2,1,390.31,0,9,3,3,1,1,14,1,1,1,1
1,2,1,44,0.4,2,2,2,2,1,252.36,1,2,1,3,2,2,4,1,1,2,2
1,2,1,45,0.8,3,1,2,2,1,175.16,1,13,3,1,1,3,9,1,1,1,1
1,2,1,46,1.8,1,3,1,2,0,194.5,1,7,1,3,1,3,15,3,1,1,3
1,2,1,47,1.8,2,3,2,2,1,187.99,1,16,3,3,2,2,2,1,3,3,1
1,2,1,48,0.2,1,1,1,1,1,192.63,1,3,1,3,1,3,6,1,1,1,1
1,2,1,49,1.8,1,1,1,1,1,194.41,1,10,3,1,3,1,9,3,1,3,1
1,2,1,50,0.05,3,3,2,2,1,345,0,18,1,3,3,1,12,1,1,3,3
1,2,1,51,1.8,3,1,2,2,1,218.57,1,11,3,1,1,3,15,1,1,1,1
1,2,1,52,0.05,2,1,2,2,1,374.18,0,18,1,1,2,2,1,1,1,1,1
1,2,1,53,0.8,2,2,2,2,1,257.93,1,9,3,3,2,2,3,3,1,2,2
1,2,1,54,1.8,1,3,1,1,1,191.54,1,1,1,1,1,1,5,3,1,1,3
1,2,1,55,1.8,1,2,1,2,0,246.88,1,19,1,3,1,3,19,3,1,2,2
1,2,1,56,0.2,1,2,1,1,1,321.2,0,16,3,3,3,3,5,1,1,2,2
1,2,1,57,0.4,1,1,1,1,1,243.11,1,17,1,1,1,1,7,3,3,3,3
1,2,1,58,0.05,2,2,2,2,1,400.2,0,7,1,3,2,2,2,1,3,2,2
1,2,1,59,0.4,3,2,2,2,1,204.17,1,14,3,3,1,1,5,1,1,2,2
1,2,1,60,0.4,2,1,2,1,0,206.59,1,12,3,1,2,2,2,1,1,1,1
1,2,1,61,0.8,1,1,1,1,1,187.13,1,13,3,1,3,1,20,3,1,3,1
1,2,1,62,0.2,1,3,1,1,1,291.27,1,10,1,3,1,3,16,1,3,3,1
1,2,1,63,0.05,1,1,1,1,1,360.03,0,18,3,1,3,1,17,3,1,3,1
1,2,1,64,0.4,1,1,1,1,1,194.46,1,17,3,1,3,1,14,1,3,1,3
1,2,1,65,0.05,1,1,1,1,1,299.18,1,12,3,1,3,1,1,3,1,3,1
1,2,1,66,0.4,1,3,1,1,1,185.65,1,13,3,1,3,1,5,3,1,1,3
1,2,1,67,0.2,2,1,2,2,1,292.82,1,2,1,1,2,2,12,3,3,3,3
1,2,1,68,0.8,1,2,1,1,1,242.94,1,12,3,1,3,1,12,1,3,2,2
1,2,1,69,0.05,2,1,2,2,1,393.45,0,3,3,1,2,2,7,3,1,3,1
1,2,1,70,0.1,3,2,2,2,1,302.98,0,8,1,3,3,1,6,1,3,2,2
1,2,1,71,0.1,1,3,1,2,0,310.69,0,2,3,3,3,3,20,3,3,1,1
1,2,1,72,0.1,1,1,1,1,1,390.36,0,13,3,3,3,3,6,1,1,1,1
1,2,1,73,0.2,1,3,1,2,0,284.98,1,2,1,1,1,1,1,1,3,3,1
1,2,1,74,0.8,3,2,2,2,1,170.56,1,4,3,3,1,1,2,3,3,2,2
1,2,1,75,0.8,2,2,2,2,1,199.8,1,19,1,1,2,2,8,3,1,2,2
1,2,1,76,0.2,3,2,2,2,1,311.37,0,6,3,3,1,1,18,3,3,2,2
1,2,1,77,0.4,1,2,1,1,1,222.07,1,18,3,1,3,1,3,3,3,2,2
1,2,1,78,0.4,3,2,2,2,1,235.83,1,3,1,1,3,3,19,1,1,2,2
1,2,2,1,1.8,1,3,1,1,1,195.39,1,16,1,1,1,1,19,1,3,3,1
1,2,2,2,0.05,3,2,2,2,1,323.54,0,16,3,3,1,1,14,3,3,2,2
1,2,2,3,0.05,2,1,2,2,1,352.34,0,7,3,1,2,2,11,3,3,3,3
1,2,2,4,0.05,3,3,2,2,1,293.23,1,15,3,1,1,3,10,3,3,1,1
1,2,2,5,0.05,1,1,1,1,1,525.54,0,9,3,3,3,3,14,1,1,1,1
1,2,2,6,0.2,1,2,1,1,1,170.1,1,1,3,1,3,1,3,1,1,2,2
1,2,2,7,0.2,1,1,1,1,1,310.65,0,11,1,1,1,1,8,3,1,3,1
1,2,2,8,0.05,3,2,2,2,1,297.35,1,1,3,3,1,1,8,3,3,2,2
1,2,2,9,0.1,1,3,1,1,1,326.02,0,5,3,3,3,3,15,1,3,3,1
1,2,2,10,0.4,1,2,1,1,1,246.89,1,12,3,1,3,1,20,3,3,2,2
1,2,2,11,1.8,1,3,1,1,1,219.76,1,16,1,3,1,3,16,3,1,1,3
1,2,2,12,1.8,2,1,2,1,0,173.18,1,15,1,1,2,2,1,1,3,1,3
1,2,2,13,0.05,2,2,2,2,1,722.02,0,9,3,3,2,2,5,3,3,2,2
1,2,2,14,0.4,3,1,2,2,1,227.23,1,20,3,3,1,1,7,1,3,1,3
1,2,2,15,0.4,1,3,1,1,1,205.06,1,4,3,3,3,3,5,1,1,3,3
1,2,2,16,0.2,2,2,2,1,0,175.98,1,12,1,3,2,2,4,3,3,2,2
1,2,2,17,0.1,1,1,1,1,1,377.57,0,6,3,1,3,1,17,1,1,1,1
1,2,2,18,0.1,2,2,2,1,0,271.48,1,10,3,1,2,2,9,1,1,2,2
1,2,2,19,0.2,1,1,1,2,0,241.14,1,13,3,3,3,3,1,1,1,1,1
1,2,2,20,0.1,2,2,2,2,1,290.1,1,1,3,3,2,2,6,1,3,2,2
1,2,2,21,0.2,1,2,1,1,1,248.24,1,8,3,3,3,3,16,1,3,2,2
1,2,2,22,0.4,1,2,1,1,1,211.69,1,19,3,1,3,1,2,3,3,2,2
1,2,2,23,0.8,1,2,NaN,NaN,NaN,NaN,NaN,13,3,3,3,3,8,1,3,2,2
1,2,2,24,0.4,2,1,2,2,1,243.01,1,6,1,3,2,2,15,1,3,1,3
1,2,2,25,0.4,1,1,1,1,1,270.56,1,5,1,1,1,1,10,1,1,1,1
1,2,2,26,0.8,1,2,1,1,1,209.88,1,16,3,1,3,1,8,3,3,2,2
1,2,2,27,0.8,1,1,1,1,1,191.12,1,14,1,1,1,1,4,1,1,1,1
1,2,2,28,0.4,1,2,1,2,0,245.31,1,5,3,1,3,1,8,3,3,2,2
1,2,2,29,0.4,1,1,1,1,1,279.91,1,1,3,3,3,3,7,1,1,1,1
1,2,2,30,0.1,3,3,2,2,1,352.28,0,20,3,1,1,3,7,1,1,3,3
1,2,2,31,0.8,1,3,1,1,1,226.95,1,9,1,3,1,3,10,1,3,3,1
1,2,2,32,0.1,2,2,2,2,1,359.64,0,20,3,3,2,2,15,3,1,2,2
1,2,2,33,0.05,3,2,2,2,1,409.05,0,8,1,3,3,1,14,3,3,2,2
1,2,2,34,0.1,2,2,2,2,1,394.39,0,17,3,1,2,2,19,1,3,2,2
1,2,2,35,0.05,2,3,2,2,1,400.25,0,14,3,1,2,2,6,3,3,1,1
1,2,2,36,0.8,1,1,1,1,1,190.51,1,10,3,1,3,1,12,1,1,1,1
1,2,2,37,0.1,3,2,2,2,1,243.49,1,7,3,1,1,3,6,3,3,2,2
1,2,2,38,0.4,1,3,1,1,1,220.59,1,15,3,3,3,3,4,3,3,1,1
1,2,2,39,0.1,2,1,2,2,1,271.17,1,3,1,1,2,2,17,1,3,1,3
1,2,2,40,0.05,3,2,2,2,1,299.3,1,3,3,3,1,1,19,1,3,2,2
1,2,2,41,0.4,3,1,2,2,1,195.38,1,19,1,1,3,3,17,3,3,3,3
1,2,2,42,0.4,1,2,1,1,1,192.72,1,12,3,1,3,1,5,1,3,2,2
1,2,2,43,1.8,3,2,2,2,1,182.42,1,4,1,1,3,3,15,3,3,2,2
1,2,2,44,0.2,3,2,2,2,1,227.94,1,15,1,3,3,1,11,1,3,2,2
1,2,2,45,0.05,1,2,1,1,1,277.58,1,6,1,1,1,1,3,1,3,2,2
1,2,2,46,0.2,3,3,2,2,1,181.38,1,17,1,1,3,3,12,1,3,3,1
1,2,2,47,0.4,1,1,1,1,1,237.9,1,13,3,1,3,1,18,3,1,3,1
1,2,2,48,0.2,2,3,2,2,1,288.49,1,18,1,3,2,2,3,1,1,3,3
1,2,2,49,0.05,1,1,1,1,1,237.95,1,12,1,3,1,3,16,3,1,3,1
1,2,2,50,0.05,3,1,2,2,1,321.31,0,10,1,1,3,3,3,3,3,3,3
1,2,2,51,0.4,1,1,1,1,1,204.16,1,16,3,1,3,1,15,3,1,3,1
1,2,2,52,0.1,1,2,1,1,1,139.62,1,18,1,3,1,3,14,3,1,2,2
1,2,2,53,0.2,2,3,2,2,1,26.2,2,5,3,3,2,2,5,1,3,3,1
1,2,2,54,0.1,3,2,2,2,1,301.18,0,8,3,1,1,3,6,1,3,2,2
1,2,2,55,1.8,1,3,1,2,0,184.02,1,2,1,1,1,1,3,1,1,3,3
1,2,2,56,0.8,3,1,2,2,1,198.37,1,2,3,3,1,1,20,1,1,1,1
1,2,2,57,1.8,2,3,2,1,0,198.21,1,5,3,1,2,2,7,3,3,1,1
1,2,2,58,0.05,1,1,1,1,1,252.84,1,15,1,3,1,3,7,1,3,1,3
1,2,2,59,0.2,2,2,2,2,1,237.41,1,1,1,1,2,2,19,1,1,2,2
1,2,2,60,1.8,1,2,1,2,0,173.6,1,7,3,3,3,3,6,1,3,2,2
1,2,2,61,0.2,1,1,1,1,1,272.23,1,17,1,3,1,3,6,3,1,3,1
1,2,2,62,1.8,1,3,1,1,1,194.61,1,1,1,3,1,3,10,3,3,1,1
1,2,2,63,0.1,3,3,2,2,1,280.28,1,18,1,1,3,3,11,3,1,1,3
1,2,2,64,0.1,1,1,1,1,1,288.5,1,12,3,1,3,1,9,1,3,1,3
1,2,2,65,1.8,2,1,2,2,1,181.53,1,11,1,3,2,2,15,3,3,3,3
1,2,2,66,1.8,1,3,1,1,1,198.54,1,16,3,1,3,1,7,3,1,1,3
1,2,2,67,1.8,1,3,1,1,1,190.82,1,17,3,3,3,3,18,1,1,3,3
1,2,2,68,0.8,2,1,2,1,0,207.38,1,4,1,1,2,2,10,1,3,1,3
1,2,2,69,0.2,1,1,1,2,0,231.36,1,16,3,3,3,3,13,1,3,1,3
1,2,2,70,0.8,1,2,1,1,1,183.3,1,20,3,3,3,3,2,3,1,2,2
1,2,2,71,0.8,1,2,1,1,1,196.87,1,11,3,3,3,3,3,1,3,2,2
1,2,2,72,0.8,3,3,2,2,1,199.51,1,4,3,3,1,1,14,1,1,3,3
1,2,2,73,0.8,1,3,1,2,0,214.42,1,16,3,3,3,3,7,1,3,3,1
1,2,2,74,1.8,2,1,2,2,1,219,1,7,3,1,2,2,2,1,3,1,3
1,2,2,75,1.8,2,2,2,1,0,267.69,1,9,1,1,2,2,5,3,1,2,2
1,2,2,76,0.2,1,3,1,1,1,209.77,1,6,1,3,1,3,20,1,1,3,3
1,2,2,77,0.8,3,2,2,2,1,204.18,1,1,3,1,1,3,1,1,3,2,2
1,2,2,78,0.8,3,3,2,2,1,182.71,1,9,3,3,1,1,15,1,1,3,3
1,2,3,1,0.8,3,3,2,2,1,173.16,1,2,3,1,1,3,20,3,1,1,3
1,2,3,2,0.1,2,2,2,2,1,372.28,0,2,1,3,2,2,17,3,3,2,2
1,2,3,3,0.05,3,3,2,2,1,253.09,1,9,3,3,1,1,9,1,3,3,1
1,2,3,4,0.05,2,1,2,2,1,280.9,1,7,3,1,2,2,5,1,3,1,3
1,2,3,5,0.2,1,1,1,1,1,238.8,1,9,1,3,1,3,2,1,3,1,3
1,2,3,6,0.05,3,3,2,2,1,293.63,1,14,3,1,1,3,3,3,3,1,1
1,2,3,7,0.4,1,1,1,1,1,267.43,1,6,3,3,3,3,13,1,3,1,3
1,2,3,8,0.4,2,2,2,1,0,202.63,1,17,3,1,2,2,20,1,3,2,2
1,2,3,9,1.8,1,2,1,1,1,228.13,1,13,3,3,3,3,10,1,1,2,2
1,2,3,10,0.2,1,2,1,2,0,252.51,1,19,1,3,1,3,11,3,1,2,2
1,2,3,11,1.8,1,2,1,1,1,637.97,0,5,3,1,3,1,19,1,3,2,2
1,2,3,12,1.8,1,1,NaN,NaN,NaN,NaN,NaN,7,3,3,3,3,6,3,1,3,1
1,2,3,13,0.4,1,3,1,1,1,243.93,1,12,1,1,1,1,14,3,3,1,1
1,2,3,14,0.8,3,2,2,2,1,202.71,1,10,3,1,1,3,4,1,3,2,2
1,2,3,15,0.05,1,1,1,1,1,335.34,0,16,1,1,1,1,11,1,1,1,1
1,2,3,16,0.05,2,1,2,2,1,303.12,0,11,1,1,2,2,16,3,1,3,1
1,2,3,17,0.1,2,1,2,2,1,208.68,1,17,3,1,2,2,18,3,1,3,1
1,2,3,18,1.8,1,1,1,1,1,199.36,1,1,3,1,3,1,19,1,1,1,1
1,2,3,19,0.05,1,1,1,1,1,283.37,1,6,3,3,3,3,9,1,3,1,3
1,2,3,20,1.8,3,2,2,2,1,176.54,1,4,3,1,1,3,4,1,1,2,2
1,2,3,21,1.8,1,1,1,1,1,221.56,1,12,1,1,1,1,5,1,1,1,1
1,2,3,22,0.2,1,2,1,1,1,241.35,1,4,1,3,1,3,18,3,1,2,2
1,2,3,23,0.1,2,1,2,2,1,264.27,1,7,3,3,2,2,10,3,3,3,3
1,2,3,24,0.4,1,2,1,1,1,252.87,1,18,3,1,3,1,7,1,3,2,2
1,2,3,25,0.2,1,1,1,2,0,312.72,0,18,1,1,1,1,6,1,1,1,1
1,2,3,26,0.2,1,3,1,1,1,290.73,1,13,1,3,1,3,7,3,3,1,1
1,2,3,27,0.05,1,1,1,1,1,240.06,1,10,3,3,3,3,2,1,3,1,3
1,2,3,28,0.8,1,2,NaN,NaN,NaN,NaN,NaN,17,3,1,3,1,6,3,3,2,2
1,2,3,29,0.4,1,3,1,1,1,209.5,1,19,1,1,1,1,12,3,1,1,3
1,2,3,30,0.2,1,3,1,1,1,285,1,20,1,1,1,1,15,1,1,3,3
1,2,3,31,0.1,1,3,1,1,1,249.87,1,1,1,1,1,1,10,1,3,3,1
1,2,3,32,0.8,2,3,2,2,1,202.96,1,11,3,3,2,2,19,3,3,1,1
1,2,3,33,0.1,1,2,1,2,0,656.84,0,13,3,3,3,3,11,3,3,2,2
1,2,3,34,0.05,1,2,1,2,0,314.31,0,2,3,1,3,1,20,1,1,2,2
1,2,3,35,0.1,1,3,1,1,1,279.6,1,5,3,3,3,3,18,1,3,3,1
1,2,3,36,0.4,3,1,2,1,0,-17.011,2,20,3,1,1,3,11,1,1,1,1
1,2,3,37,0.1,3,3,2,2,1,335.63,0,15,1,3,3,1,5,3,3,1,1
1,2,3,38,0.4,1,1,1,2,0,288.3,1,8,3,1,3,1,11,1,3,1,3
1,2,3,39,0.8,2,1,2,2,1,198.85,1,12,1,1,2,2,6,3,1,3,1
1,2,3,40,0.1,3,2,2,2,1,356.43,0,11,3,1,1,3,18,3,1,2,2
1,2,3,41,0.8,3,1,2,2,1,186.07,1,10,1,3,3,1,1,1,3,1,3
1,2,3,42,0.8,2,2,2,2,1,197.39,1,8,3,3,2,2,14,1,3,2,2
1,2,3,43,0.4,2,2,2,2,1,231.17,1,11,1,1,2,2,14,1,1,2,2
1,2,3,44,0.1,1,3,1,1,1,435.47,0,15,1,3,1,3,9,3,3,1,1
1,2,3,45,0.4,2,1,2,2,1,247.9,1,7,1,1,2,2,10,1,3,1,3
1,2,3,46,1.8,3,3,2,2,1,163.8,1,14,1,1,3,3,10,1,1,3,3
1,2,3,47,0.4,1,1,1,1,1,202.2,1,1,3,3,3,3,18,3,3,3,3
1,2,3,48,1.8,3,1,2,2,1,174.14,1,16,3,3,1,1,9,1,3,1,3
1,2,3,49,0.4,2,3,2,2,1,280.72,1,1,3,3,2,2,16,3,3,1,1
1,2,3,50,0.1,3,1,2,2,1,291.29,1,2,3,3,1,1,2,1,3,1,3
1,2,3,51,0.8,3,3,2,2,1,176.35,1,6,3,3,1,1,19,3,1,1,3
1,2,3,52,0.05,1,3,1,2,0,262.57,1,4,3,3,3,3,7,1,1,3,3
1,2,3,53,0.2,1,3,1,1,1,331.04,0,1,1,1,1,1,3,3,1,1,3
1,2,3,54,1.8,1,2,1,2,0,224.63,1,6,3,3,3,3,16,3,3,2,2
1,2,3,55,0.2,2,3,2,2,1,208.82,1,3,1,3,2,2,6,1,1,3,3
1,2,3,56,1.8,3,1,2,2,1,174.1,1,17,1,3,3,1,10,1,1,1,1
1,2,3,57,0.4,1,2,1,2,0,260.75,1,17,3,3,3,3,16,3,3,2,2
1,2,3,58,1.8,2,3,2,2,1,242.26,1,11,1,3,2,2,18,1,3,3,1
1,2,3,59,0.05,2,1,2,1,0,387.51,0,12,3,1,2,2,18,3,1,3,1
1,2,3,60,0.8,3,3,2,2,1,168.73,1,15,1,1,3,3,17,1,3,3,1
1,2,3,61,1.8,2,1,2,1,0,190.92,1,18,3,3,2,2,17,1,3,1,3
1,2,3,62,0.8,1,3,1,1,1,187.65,1,17,1,1,1,1,19,1,1,3,3
1,2,3,63,0.2,1,3,1,1,1,302.52,0,17,1,1,1,1,16,3,3,1,1
1,2,3,64,0.8,1,3,1,2,0,239.37,1,16,3,3,3,3,13,1,1,3,3
1,2,3,65,0.1,1,1,1,1,1,193.02,1,4,1,1,1,1,19,3,1,3,1
1,2,3,66,0.1,3,2,2,1,0,228.04,1,15,1,3,3,1,5,1,3,2,2
1,2,3,67,0.2,1,1,1,1,1,284.81,1,17,1,1,1,1,17,3,1,3,1
1,2,3,68,0.05,1,2,1,2,0,397.02,0,10,1,3,1,3,2,1,1,2,2
1,2,3,69,1.8,1,3,1,1,1,177.6,1,6,3,1,3,1,2,1,1,3,3
1,2,3,70,0.2,1,3,1,2,0,245.2,1,16,1,3,1,3,19,3,1,1,3
1,2,3,71,0.1,3,2,2,2,1,305.91,0,9,3,1,1,3,14,1,3,2,2
1,2,3,72,0.05,3,1,2,1,0,302.87,0,14,1,3,3,1,4,3,1,3,1
1,2,3,73,0.4,3,1,2,2,1,184.71,1,13,3,1,1,3,4,3,1,3,1
1,2,3,74,0.2,1,1,1,2,0,288.08,1,6,3,1,3,1,19,3,3,3,3
1,2,3,75,0.8,1,3,1,1,1,145.62,1,12,1,3,1,3,4,3,1,1,3
1,2,3,76,0.2,1,1,1,1,1,69.71,2,5,3,1,3,1,17,3,1,3,1
1,2,3,77,0.8,2,1,2,1,0,197.25,1,12,1,3,2,2,2,3,1,3,1
1,2,3,78,0.05,2,1,2,2,1,389.92,0,13,3,3,2,2,1,1,3,1,3
1,2,4,1,0.2,1,2,1,1,1,268.37,1,4,3,1,3,1,5,3,1,2,2
1,2,4,2,0.4,1,3,1,2,0,216.56,1,10,1,3,1,3,17,3,1,1,3
1,2,4,3,1.8,3,1,2,2,1,175.1,1,4,3,1,1,3,20,1,1,1,1
1,2,4,4,0.8,2,2,2,1,0,255.33,1,9,3,3,2,2,6,1,3,2,2
1,2,4,5,0.1,3,1,2,2,1,356.21,0,13,3,3,1,1,10,3,3,3,3
1,2,4,6,0.05,2,2,2,2,1,320.66,0,19,3,1,2,2,15,1,1,2,2
1,2,4,7,0.8,1,1,1,1,1,184.57,1,4,3,1,3,1,13,3,3,3,3
1,2,4,8,0.05,1,2,1,1,1,314.73,0,8,1,1,1,1,10,1,1,2,2
1,2,4,9,0.05,2,1,2,2,1,326.73,0,3,1,3,2,2,9,3,1,3,1
1,2,4,10,1.8,2,2,2,1,0,173.82,1,17,3,1,2,2,9,1,1,2,2
1,2,4,11,0.8,1,1,1,1,1,187.06,1,19,1,1,1,1,13,1,3,1,3
1,2,4,12,0.05,2,2,2,1,0,286.62,1,18,1,1,2,2,18,3,1,2,2
1,2,4,13,0.05,1,3,1,1,1,283.05,1,7,1,3,1,3,3,3,3,1,1
1,2,4,14,0.1,1,1,1,1,1,253.53,1,20,3,3,3,3,11,1,3,1,3
1,2,4,15,1.8,1,3,1,1,1,177.45,1,17,1,1,1,1,2,3,3,1,1
1,2,4,16,1.8,1,3,1,1,1,239.07,1,6,1,1,1,1,6,1,3,3,1
1,2,4,17,0.05,2,1,2,2,1,544.48,0,12,1,3,2,2,14,3,1,3,1
1,2,4,18,0.8,2,3,2,2,1,193.4,1,13,1,1,2,2,7,3,1,1,3
1,2,4,19,0.4,1,3,1,2,0,195.04,1,4,3,3,3,3,6,3,3,1,1
1,2,4,20,1.8,3,1,NaN,NaN,NaN,NaN,NaN,20,1,3,3,1,20,3,1,3,1
1,2,4,21,0.05,1,3,1,1,1,385.48,0,18,3,1,3,1,1,3,3,1,1
1,2,4,22,0.05,2,1,2,2,1,289.5,1,18,3,3,2,2,15,3,3,3,3
1,2,4,23,0.4,1,1,1,1,1,205.17,1,7,3,1,3,1,20,1,1,1,1
1,2,4,24,0.2,1,2,1,1,1,258.96,1,17,3,3,3,3,2,3,3,2,2
1,2,4,25,0.1,2,1,2,2,1,292.84,1,13,3,3,2,2,18,3,3,3,3
1,2,4,26,0.4,1,2,1,1,1,189.58,1,6,1,1,1,1,8,3,3,2,2
1,2,4,27,1.8,2,1,2,1,0,179.66,1,3,1,1,2,2,6,3,1,3,1
1,2,4,28,0.8,3,1,2,2,1,176.98,1,16,1,3,3,1,20,1,1,1,1
1,2,4,29,0.4,1,2,1,1,1,232.03,1,4,1,1,1,1,12,3,3,2,2
1,2,4,30,0.1,3,1,2,2,1,338.34,0,10,3,1,1,3,17,3,3,3,3
1,2,4,31,0.2,1,2,1,1,1,267.77,1,7,3,3,3,3,19,3,3,2,2
1,2,4,32,0.2,3,2,2,2,1,207.61,1,2,1,3,3,1,14,3,3,2,2
1,2,4,33,0.4,1,2,1,1,1,193.15,1,17,3,3,3,3,19,3,1,2,2
1,2,4,34,1.8,3,2,2,2,1,176.3,1,3,3,3,1,1,1,3,3,2,2
1,2,4,35,0.8,2,2,2,1,0,208.99,1,9,1,1,2,2,18,3,3,2,2
1,2,4,36,0.8,1,1,1,1,1,190.85,1,17,1,3,1,3,6,1,1,1,1
1,2,4,37,0.8,2,1,2,2,1,260.95,1,18,3,1,2,2,14,1,3,1,3
1,2,4,38,0.05,2,1,2,2,1,406.44,0,10,3,3,2,2,9,1,3,1,3
1,2,4,39,0.4,1,2,1,1,1,294.77,1,7,1,1,1,1,7,1,1,2,2
1,2,4,40,1.8,2,3,2,1,0,189.15,1,20,3,3,2,2,14,1,1,3,3
1,2,4,41,0.1,1,1,1,1,1,255.58,1,15,3,3,3,3,15,1,1,1,1
1,2,4,42,0.2,2,1,2,1,0,248.92,1,16,1,1,2,2,1,1,1,1,1
1,2,4,43,0.05,1,3,1,1,1,177.23,1,16,3,3,3,3,1,3,3,1,1
1,2,4,44,0.4,2,1,2,2,1,198.24,1,4,1,1,2,2,2,3,3,3,3
1,2,4,45,0.4,1,1,NaN,NaN,NaN,NaN,NaN,7,3,3,3,3,17,1,3,1,3
1,2,4,46,0.1,2,2,2,2,1,321.36,0,9,1,1,2,2,15,3,1,2,2
1,2,4,47,0.2,1,3,1,2,0,293.74,1,2,3,1,3,1,8,1,1,3,3
1,2,4,48,0.05,1,3,1,1,1,302.15,0,3,1,3,1,3,11,1,3,3,1
1,2,4,49,0.4,3,1,2,2,1,208.12,1,6,3,1,1,3,8,1,1,1,1
1,2,4,50,0.8,3,2,2,2,1,145.11,1,4,1,3,3,1,1,1,3,2,2
1,2,4,51,0.1,1,3,1,1,1,315.54,0,14,3,1,3,1,18,1,1,3,3
1,2,4,52,0.1,3,3,2,2,1,265.57,1,11,1,1,3,3,19,3,3,1,1
1,2,4,53,0.2,3,1,2,2,1,240.69,1,5,3,1,1,3,19,1,3,1,3
1,2,4,54,0.8,1,1,NaN,NaN,NaN,NaN,NaN,4,3,1,3,1,13,1,3,1,3
1,2,4,55,0.1,2,2,2,2,1,273.61,1,16,3,3,2,2,15,3,3,2,2
1,2,4,56,0.8,3,1,2,2,1,188.17,1,17,1,3,3,1,3,1,1,1,1
1,2,4,57,0.2,1,2,1,1,1,253.42,1,17,1,1,1,1,10,3,1,2,2
1,2,4,58,0.05,3,2,2,2,1,307.4,0,5,3,3,1,1,19,3,3,2,2
1,2,4,59,0.2,3,3,2,2,1,237.2,1,5,3,1,1,3,14,3,3,1,1
1,2,4,60,0.1,1,3,1,2,0,253.16,1,19,1,3,1,3,13,3,1,1,3
1,2,4,61,1.8,3,3,2,2,1,182.32,1,18,3,1,1,3,11,3,1,1,3
1,2,4,62,0.2,1,1,1,1,1,252.26,1,20,3,1,3,1,19,3,3,3,3
1,2,4,63,0.2,2,1,2,2,1,248.53,1,16,1,3,2,2,20,3,1,3,1
1,2,4,64,0.1,1,1,1,1,1,282.7,1,7,1,3,1,3,20,3,1,3,1
1,2,4,65,1.8,2,3,2,1,0,194.11,1,10,1,3,2,2,20,3,1,1,3
1,2,4,66,1.8,1,3,1,1,1,195.01,1,4,3,3,3,3,6,1,3,3,1
1,2,4,67,1.8,1,2,1,1,1,231.48,1,17,3,1,3,1,4,1,1,2,2
1,2,4,68,0.4,1,1,1,2,0,316.25,0,7,1,1,1,1,6,1,3,1,3
1,2,4,69,0.4,2,2,2,2,1,242.09,1,2,3,3,2,2,1,3,1,2,2
1,2,4,70,0.8,3,1,2,2,1,213.4,1,4,3,3,1,1,13,3,1,3,1
1,2,4,71,0.4,3,3,2,2,1,251.82,1,20,3,3,1,1,12,1,3,3,1
1,2,4,72,0.2,2,2,2,2,1,265.07,1,8,1,1,2,2,4,3,1,2,2
1,2,4,73,0.05,3,3,2,2,1,319.32,0,7,1,1,3,3,1,1,1,3,3
1,2,4,74,0.8,2,1,2,1,0,216.39,1,6,3,1,2,2,13,1,3,1,3
1,2,4,75,0.1,1,3,1,1,1,373.8,0,13,1,3,1,3,14,1,3,3,1
1,2,4,76,0.2,2,2,2,1,0,27.336,2,13,3,1,2,2,18,1,1,2,2
1,2,4,77,0.1,3,1,2,2,1,266.7,1,14,1,3,3,1,20,3,1,3,1
1,2,4,78,1.8,1,3,NaN,NaN,NaN,NaN,NaN,1,1,1,1,1,18,1,1,3,3
1,2,5,1,0.8,1,2,1,2,0,326.05,0,19,1,1,1,1,20,1,1,2,2
1,2,5,2,0.8,2,1,2,2,1,177.72,1,14,1,1,2,2,1,3,1,3,1
1,2,5,3,0.4,3,3,2,2,1,194.71,1,20,1,1,3,3,13,3,3,1,1
1,2,5,4,0.8,1,1,1,1,1,178.53,1,9,3,1,3,1,11,3,3,3,3
1,2,5,5,0.1,2,1,2,1,0,284.44,1,18,1,1,2,2,1,1,1,1,1
1,2,5,6,0.05,2,1,2,1,0,309.87,0,10,3,1,2,2,11,1,1,1,1
1,2,5,7,0.8,1,3,1,1,1,217.68,1,13,1,3,1,3,8,1,1,3,3
1,2,5,8,0.4,1,2,1,2,0,254.33,1,15,3,1,3,1,14,3,1,2,2
1,2,5,9,0.4,1,1,1,1,1,242.54,1,17,3,1,3,1,19,1,3,1,3
1,2,5,10,0.8,1,2,1,2,0,236.06,1,3,1,1,1,1,5,1,1,2,2
1,2,5,11,0.2,2,1,2,2,1,260.12,1,6,3,3,2,2,19,1,1,1,1
1,2,5,12,1.8,1,3,1,1,1,187.45,1,17,1,3,1,3,2,3,3,1,1
1,2,5,13,1.8,3,2,2,2,1,167.84,1,18,1,3,3,1,10,3,1,2,2
1,2,5,14,0.4,1,1,1,1,1,246.38,1,19,3,1,3,1,14,3,1,3,1
1,2,5,15,0.05,3,2,2,2,1,333.75,0,1,1,3,3,1,16,3,1,2,2
1,2,5,16,0.05,2,3,2,2,1,340.01,0,8,3,1,2,2,12,1,1,3,3
1,2,5,17,0.1,3,2,2,2,1,288.84,1,1,3,3,1,1,17,3,3,2,2
1,2,5,18,0.1,1,2,1,2,0,270.86,1,2,3,3,3,3,6,3,1,2,2
1,2,5,19,0.2,1,2,1,1,1,286.62,1,17,3,3,3,3,5,3,1,2,2
1,2,5,20,1.8,1,1,1,1,1,208.51,1,10,1,3,1,3,7,3,1,3,1
1,2,5,21,0.4,1,2,1,1,1,197.87,1,4,1,3,1,3,17,3,3,2,2
1,2,5,22,1.8,1,2,1,1,1,193.88,1,8,3,1,3,1,5,3,3,2,2
1,2,5,23,1.8,3,1,2,2,1,198.24,1,5,1,1,3,3,10,3,3,3,3
1,2,5,24,0.05,3,1,2,2,1,407.66,0,7,1,3,3,1,16,3,1,3,1
1,2,5,25,0.1,3,1,2,2,1,353.43,0,17,1,3,3,1,10,1,1,1,1
1,2,5,26,0.1,1,1,1,1,1,153.51,1,20,1,1,1,1,20,1,3,1,3
1,2,5,27,0.1,3,2,2,2,1,249.88,1,6,3,3,1,1,1,1,3,2,2
1,2,5,28,0.1,3,2,2,2,1,262.49,1,6,3,1,1,3,19,3,3,2,2
1,2,5,29,1.8,1,2,1,1,1,200.75,1,7,3,1,3,1,18,1,1,2,2
1,2,5,30,0.05,1,1,1,1,1,369.8,0,2,3,1,3,1,18,1,3,1,3
1,2,5,31,0.05,1,3,1,1,1,320.49,0,18,1,3,1,3,18,3,1,1,3
1,2,5,32,0.8,2,2,2,2,1,219.48,1,14,1,1,2,2,12,3,1,2,2
1,2,5,33,0.05,3,2,2,2,1,332.8,0,15,3,1,1,3,16,1,1,2,2
1,2,5,34,0.8,3,3,2,2,1,185.16,1,9,3,1,1,3,4,3,1,1,3
1,2,5,35,0.4,3,1,2,2,1,315.24,0,18,1,3,3,1,1,3,3,3,3
1,2,5,36,0.1,2,1,2,1,0,346.21,0,8,3,1,2,2,6,3,3,3,3
1,2,5,37,1.8,3,2,2,2,1,308.08,0,7,1,3,3,1,1,1,3,2,2
1,2,5,38,0.05,1,1,1,1,1,286.09,1,2,1,1,1,1,6,3,3,3,3
1,2,5,39,0.4,3,3,NaN,NaN,NaN,NaN,NaN,8,3,1,1,3,10,3,1,1,3
1,2,5,40,1.8,3,2,2,2,1,188.46,1,14,3,3,1,1,17,3,1,2,2
1,2,5,41,0.2,2,3,2,2,1,179.46,1,5,1,1,2,2,16,1,1,3,3
1,2,5,42,0.4,1,3,1,1,1,186.28,1,5,3,1,3,1,13,3,1,1,3
1,2,5,43,1.8,3,3,2,1,0,188.65,1,12,3,1,1,3,13,1,1,3,3
1,2,5,44,0.1,2,2,2,2,1,287.63,1,6,1,1,2,2,17,3,3,2,2
1,2,5,45,0.4,1,2,1,1,1,217.99,1,3,3,1,3,1,2,3,1,2,2
1,2,5,46,0.2,1,3,1,1,1,261.24,1,14,1,3,1,3,17,3,3,1,1
1,2,5,47,0.4,1,2,1,1,1,198.75,1,10,3,1,3,1,8,3,3,2,2
1,2,5,48,0.2,1,2,1,1,1,231.62,1,1,1,3,1,3,12,3,1,2,2
1,2,5,49,0.8,1,1,1,1,1,180.6,1,16,3,3,3,3,8,3,1,3,1
1,2,5,50,0.1,1,1,1,1,1,274.65,1,11,3,3,3,3,7,1,1,1,1
1,2,5,51,0.1,2,1,2,1,0,267.79,1,3,1,3,2,2,5,3,3,3,3
1,2,5,52,1.8,1,3,1,1,1,211.22,1,10,1,3,1,3,11,1,1,3,3
1,2,5,53,0.2,1,2,1,1,1,200.57,1,4,3,1,3,1,13,3,1,2,2
1,2,5,54,0.05,2,2,2,2,1,358.29,0,2,3,3,2,2,13,3,3,2,2
1,2,5,55,0.2,3,1,2,2,1,295.69,1,13,1,3,3,1,2,3,1,3,1
1,2,5,56,0.8,1,3,1,1,1,184.6,1,11,3,1,3,1,13,3,3,1,1
1,2,5,57,1.8,2,2,2,2,1,174.65,1,11,1,3,2,2,11,1,3,2,2
1,2,5,58,1.8,3,1,2,2,1,204.86,1,17,3,1,1,3,19,1,3,1,3
1,2,5,59,0.2,3,1,2,2,1,227.16,1,2,3,3,1,1,11,1,1,1,1
1,2,5,60,0.2,1,2,1,1,1,291.07,1,18,3,1,3,1,3,3,3,2,2
1,2,5,61,0.2,2,2,2,2,1,246.03,1,16,3,3,2,2,10,1,3,2,2
1,2,5,62,0.4,2,3,2,2,1,217.21,1,8,3,1,2,2,6,1,1,3,3
1,2,5,63,0.4,1,1,1,1,1,204.78,1,4,3,3,3,3,15,3,1,3,1
1,2,5,64,0.2,2,3,2,2,1,244.07,1,2,3,1,2,2,11,1,1,3,3
1,2,5,65,0.4,3,1,2,2,1,174.39,1,8,1,1,3,3,6,3,3,3,3
1,2,5,66,1.8,2,3,2,1,0,189.06,1,4,1,1,2,2,1,1,1,3,3
1,2,5,67,0.8,1,3,1,1,1,191.5,1,13,1,3,1,3,8,3,1,1,3
1,2,5,68,0.1,3,3,2,2,1,319.15,0,7,1,1,3,3,8,3,3,1,1
1,2,5,69,0.05,3,2,2,1,0,288.97,1,17,1,1,3,3,8,1,3,2,2
1,2,5,70,0.05,2,1,2,2,1,303.29,0,12,1,3,2,2,16,1,1,1,1
1,2,5,71,0.8,1,1,1,1,1,181.02,1,15,1,1,1,1,9,1,3,1,3
1,2,5,72,0.8,2,3,2,1,0,193.54,1,16,1,1,2,2,9,3,3,1,1
1,2,5,73,0.8,3,2,2,2,1,171.52,1,13,1,1,3,3,16,1,3,2,2
1,2,5,74,0.05,3,2,2,2,1,310.38,0,10,1,3,3,1,4,3,3,2,2
1,2,5,75,0.2,1,2,1,2,0,249.06,1,12,1,1,1,1,13,3,3,2,2
1,2,5,76,0.1,1,1,1,1,1,210.86,1,5,3,3,3,3,14,1,3,1,3
1,2,5,77,0.2,1,1,1,1,1,225.25,1,2,1,1,1,1,14,3,1,3,1
1,2,5,78,0.05,1,1,1,1,1,277.26,1,1,1,3,1,3,17,3,1,3,1
1,2,6,1,1.8,1,3,NaN,NaN,NaN,NaN,NaN,4,1,1,1,1,13,3,3,1,1
1,2,6,2,0.8,1,3,1,1,1,188.64,1,16,3,1,3,1,11,1,3,3,1
1,2,6,3,0.05,2,1,2,1,0,292.96,1,7,3,1,2,2,8,1,3,1,3
1,2,6,4,1.8,3,3,NaN,NaN,NaN,NaN,NaN,18,1,1,3,3,11,3,1,1,3
1,2,6,5,0.8,1,2,1,1,1,197.46,1,5,3,1,3,1,14,1,3,2,2
1,2,6,6,0.2,3,1,2,2,1,244.64,1,19,3,1,1,3,16,3,3,3,3
1,2,6,7,0.8,1,3,1,1,1,185.1,1,1,3,1,3,1,20,1,3,3,1
1,2,6,8,0.8,1,1,1,1,1,186.51,1,18,3,1,3,1,10,1,1,1,1
1,2,6,9,0.4,3,1,2,2,1,200.79,1,20,3,3,1,1,11,3,3,3,3
1,2,6,10,0.2,1,3,1,1,1,259.7,1,11,1,3,1,3,11,3,3,1,1
1,2,6,11,0.4,1,1,1,1,1,201.78,1,12,1,3,1,3,4,1,1,1,1
1,2,6,12,0.2,2,1,2,1,0,240.91,1,10,3,3,2,2,10,3,1,3,1
1,2,6,13,0.05,1,3,1,1,1,296.24,1,5,3,1,3,1,18,1,3,3,1
1,2,6,14,0.05,3,3,2,2,1,321.58,0,13,3,3,1,1,16,3,3,1,1
1,2,6,15,0.4,3,3,2,2,1,198.95,1,5,1,3,3,1,17,1,3,3,1
1,2,6,16,1.8,1,3,1,1,1,255.11,1,10,3,1,3,1,9,3,1,1,3
1,2,6,17,1.8,1,1,1,1,1,191.48,1,16,1,1,1,1,12,1,3,1,3
1,2,6,18,0.1,3,1,2,2,1,276.5,1,9,1,1,3,3,15,1,1,1,1
1,2,6,19,0.4,2,2,2,2,1,190.83,1,5,1,3,2,2,11,3,1,2,2
1,2,6,20,1.8,3,3,2,2,1,183.4,1,12,1,3,3,1,14,1,3,3,1
1,2,6,21,0.05,1,3,1,1,1,296.6,1,3,3,3,3,3,2,3,1,1,3
1,2,6,22,0.1,3,2,2,2,1,274.13,1,2,3,1,1,3,10,1,3,2,2
1,2,6,23,0.2,1,2,1,2,0,241.6,1,13,1,1,1,1,5,1,1,2,2
1,2,6,24,0.2,3,3,2,2,1,231.47,1,11,1,3,3,1,18,1,1,3,3
1,2,6,25,1.8,1,1,NaN,NaN,NaN,NaN,NaN,4,1,1,1,1,7,3,1,3,1
1,2,6,26,0.4,1,2,1,1,1,218.59,1,19,1,1,1,1,3,1,1,2,2
1,2,6,27,0.8,3,3,2,2,1,183.02,1,11,3,1,1,3,19,3,3,1,1
1,2,6,28,1.8,1,1,1,1,1,189.49,1,11,3,1,3,1,13,3,3,3,3
1,2,6,29,0.4,1,3,1,1,1,207.17,1,17,1,3,1,3,2,3,3,1,1
1,2,6,30,0.1,3,3,2,2,1,279.77,1,1,1,1,3,3,6,3,1,1,3
1,2,6,31,1.8,1,3,1,2,0,304.94,0,15,3,1,3,1,11,3,1,1,3
1,2,6,32,0.4,2,1,2,1,0,259.94,1,9,1,1,2,2,13,1,3,1,3
1,2,6,33,0.1,1,2,1,2,0,259.82,1,4,3,1,3,1,20,1,1,2,2
1,2,6,34,0.1,3,1,2,2,1,272.36,1,13,1,3,3,1,4,3,1,3,1
1,2,6,35,1.8,1,2,1,1,1,222.09,1,3,3,3,3,3,1,1,3,2,2
1,2,6,36,0.05,1,2,1,1,1,300.05,0,14,3,3,3,3,1,1,3,2,2
1,2,6,37,0.1,2,3,2,1,0,274.15,1,2,1,1,2,2,4,1,3,3,1
1,2,6,38,0.1,2,2,2,2,1,253.82,1,17,3,1,2,2,12,1,1,2,2
1,2,6,39,0.2,1,3,1,1,1,197.19,1,1,3,1,3,1,9,3,1,1,3
1,2,6,40,1.8,2,2,2,1,0,186.94,1,2,1,3,2,2,10,3,1,2,2
1,2,6,41,0.05,1,2,1,1,1,296.52,1,3,3,1,3,1,1,1,3,2,2
1,2,6,42,0.4,1,2,1,1,1,191.85,1,7,3,3,3,3,18,1,1,2,2
1,2,6,43,1.8,1,2,NaN,NaN,NaN,NaN,NaN,3,1,3,1,3,18,3,3,2,2
1,2,6,44,0.8,1,2,1,2,0,337.92,0,14,1,1,1,1,6,1,1,2,2
1,2,6,45,0.4,1,3,1,1,1,174.96,1,13,1,1,1,1,20,1,1,3,3
1,2,6,46,0.8,1,3,1,1,1,206.05,1,3,1,1,1,1,5,1,3,3,1
1,2,6,47,0.2,1,3,1,2,0,269.36,1,6,1,3,1,3,12,3,1,1,3
1,2,6,48,0.1,3,3,2,2,1,318.1,0,7,1,1,3,3,12,3,1,1,3
1,2,6,49,0.8,1,1,NaN,NaN,NaN,NaN,NaN,11,3,3,3,3,7,1,1,1,1
1,2,6,50,0.05,3,2,2,1,0,299.78,1,5,3,3,1,1,19,3,1,2,2
1,2,6,51,0.1,2,2,2,2,1,266.18,1,7,1,3,2,2,19,1,1,2,2
1,2,6,52,0.8,1,1,1,1,1,178.63,1,8,3,1,3,1,18,1,3,1,3
1,2,6,53,0.1,1,3,1,1,1,254.25,1,10,1,3,1,3,3,1,3,3,1
1,2,6,54,0.4,1,1,1,1,1,222.13,1,3,3,3,3,3,10,3,1,3,1
1,2,6,55,1.8,2,2,2,2,1,174.59,1,2,3,3,2,2,15,3,1,2,2
1,2,6,56,0.1,1,1,1,1,1,200.76,1,16,3,1,3,1,2,3,3,3,3
1,2,6,57,1.8,2,3,2,1,0,187.74,1,15,1,3,2,2,16,3,3,1,1
1,2,6,58,0.1,1,3,1,1,1,234.96,1,12,1,1,1,1,1,3,3,1,1
1,2,6,59,0.05,2,3,2,2,1,313.37,0,2,1,3,2,2,11,1,1,3,3
1,2,6,60,0.8,2,1,2,2,1,205.21,1,11,1,3,2,2,12,1,1,1,1
1,2,6,61,0.8,2,2,2,1,0,237.67,1,15,3,1,2,2,19,1,3,2,2
1,2,6,62,0.1,3,1,2,2,1,232.26,1,18,3,1,1,3,11,3,1,3,1
1,2,6,63,0.2,1,2,1,1,1,231.58,1,9,1,1,1,1,2,3,1,2,2
1,2,6,64,0.2,2,3,2,2,1,199.77,1,7,3,1,2,2,5,1,3,3,1
1,2,6,65,0.05,1,3,1,1,1,252.21,1,6,1,3,1,3,11,3,3,1,1
1,2,6,66,0.2,2,1,2,1,0,251.29,1,1,1,3,2,2,16,1,3,1,3
1,2,6,67,0.4,1,3,1,1,1,211.86,1,6,3,1,3,1,15,3,3,1,1
1,2,6,68,0.05,2,1,2,2,1,312.45,0,10,1,3,2,2,5,3,3,3,3
1,2,6,69,0.8,2,1,NaN,NaN,NaN,NaN,NaN,9,1,3,2,2,17,1,3,1,3
1,2,6,70,0.8,1,1,1,1,1,200.09,1,6,3,3,3,3,12,1,1,1,1
1,2,6,71,0.4,1,2,1,1,1,195.48,1,17,3,1,3,1,20,3,1,2,2
1,2,6,72,0.05,1,2,1,1,1,293.81,1,11,3,1,3,1,6,3,3,2,2
1,2,6,73,0.4,1,2,1,1,1,79.767,2,7,3,3,3,3,7,1,1,2,2
1,2,6,74,0.05,2,2,2,1,0,315.45,0,17,1,1,2,2,4,3,3,2,2
1,2,6,75,0.05,3,3,2,2,1,284.11,1,17,3,3,1,1,7,3,3,1,1
1,2,6,76,0.2,2,3,2,2,1,267.21,1,8,1,3,2,2,3,3,1,1,3
1,2,6,77,0.2,1,1,1,1,1,240.03,1,19,3,1,3,1,4,1,1,1,1
1,2,6,78,0.2,1,3,1,1,1,181.69,1,15,3,1,3,1,6,3,1,1,3
1,2,7,1,0.05,3,1,2,2,1,309.91,0,9,1,1,3,3,9,1,3,1,3
1,2,7,2,0.8,1,2,1,1,1,169.18,1,13,1,3,1,3,9,1,3,2,2
1,2,7,3,1.8,1,1,1,1,1,186.03,1,18,3,1,3,1,19,3,1,3,1
1,2,7,4,1.8,1,1,1,1,1,195.65,1,11,1,1,1,1,12,3,3,3,3
1,2,7,5,1.8,1,3,1,1,1,183.48,1,5,3,1,3,1,3,3,1,1,3
1,2,7,6,0.2,3,1,2,2,1,237.38,1,5,1,3,3,1,4,1,1,1,1
1,2,7,7,0.05,3,3,2,2,1,265.08,1,3,3,3,1,1,20,3,3,1,1
1,2,7,8,1.8,1,2,1,1,1,184.38,1,13,3,3,3,3,19,3,3,2,2
1,2,7,9,0.2,1,2,1,1,1,254.68,1,11,3,1,3,1,20,1,1,2,2
1,2,7,10,0.2,3,2,2,2,1,277.05,1,12,3,3,1,1,17,3,1,2,2
1,2,7,11,0.2,3,3,2,2,1,237.21,1,13,1,3,3,1,1,1,1,3,3
1,2,7,12,0.1,3,3,2,2,1,232.81,1,19,1,3,3,1,8,3,1,1,3
1,2,7,13,0.8,2,1,2,2,1,179.1,1,20,3,3,2,2,19,1,1,1,1
1,2,7,14,0.8,1,2,1,1,1,181.06,1,20,3,1,3,1,10,3,3,2,2
1,2,7,15,0.05,2,3,2,2,1,284.9,1,4,3,1,2,2,11,3,1,1,3
1,2,7,16,0.2,1,3,1,1,1,320.93,0,15,1,3,1,3,4,3,1,1,3
1,2,7,17,0.1,1,1,1,1,1,284.97,1,3,1,3,1,3,18,3,1,3,1
1,2,7,18,0.8,1,3,1,2,0,188.43,1,6,1,3,1,3,1,3,1,1,3
1,2,7,19,0.8,2,1,2,1,0,199.08,1,12,3,1,2,2,8,3,1,3,1
1,2,7,20,0.4,1,3,1,1,1,194.35,1,9,1,3,1,3,15,1,3,3,1
1,2,7,21,0.2,1,1,1,1,1,258.47,1,5,1,3,1,3,2,1,1,1,1
1,2,7,22,0.05,1,2,1,1,1,286.38,1,8,1,1,1,1,18,1,1,2,2
1,2,7,23,0.8,2,1,NaN,NaN,NaN,NaN,NaN,18,1,3,2,2,18,1,3,1,3
1,2,7,24,0.2,1,2,1,1,1,280.18,1,1,3,1,3,1,7,1,1,2,2
1,2,7,25,0.4,1,3,1,1,1,212.97,1,16,3,3,3,3,9,1,3,3,1
1,2,7,26,0.2,1,3,1,1,1,256.72,1,15,1,1,1,1,14,1,3,3,1
1,2,7,27,0.1,3,3,2,2,1,217.26,1,4,1,1,3,3,19,3,1,1,3
1,2,7,28,0.1,2,3,2,2,1,317.16,0,12,1,3,2,2,1,3,3,1,1
1,2,7,29,0.1,1,1,1,1,1,202.62,1,11,3,1,3,1,14,1,3,1,3
1,2,7,30,1.8,1,2,1,1,1,182.2,1,8,1,3,1,3,3,3,1,2,2
1,2,7,31,0.1,2,1,2,2,1,246.79,1,4,1,3,2,2,8,3,3,3,3
1,2,7,32,0.8,1,1,1,1,1,193.42,1,14,1,3,1,3,14,3,3,3,3
1,2,7,33,0.4,2,2,2,2,1,214.93,1,5,3,3,2,2,20,1,3,2,2
1,2,7,34,0.2,1,1,1,1,1,237.06,1,20,3,1,3,1,14,3,1,3,1
1,2,7,35,0.05,1,3,1,1,1,310.87,0,11,1,1,1,1,9,1,3,3,1
1,2,7,36,1.8,1,2,1,2,0,182.93,1,16,1,3,1,3,7,1,1,2,2
1,2,7,37,0.1,2,3,2,2,1,304.95,0,3,3,1,2,2,18,3,1,1,3
1,2,7,38,0.4,2,3,2,2,1,191.17,1,5,3,3,2,2,9,1,1,3,3
1,2,7,39,0.05,1,3,1,1,1,226.28,1,13,3,1,3,1,10,3,1,1,3
1,2,7,40,0.2,2,2,2,1,0,81.789,2,15,3,1,2,2,15,1,1,2,2
1,2,7,41,0.8,3,1,2,2,1,177.66,1,9,1,3,3,1,4,3,3,3,3
1,2,7,42,0.1,1,3,1,1,1,393.63,0,4,1,3,1,3,13,1,3,3,1
1,2,7,43,0.1,1,3,1,2,0,291.23,1,19,1,3,1,3,1,1,3,3,1
1,2,7,44,0.4,1,3,1,1,1,318.14,0,12,1,1,1,1,16,3,1,1,3
1,2,7,45,0.8,1,1,1,1,1,187.55,1,4,3,3,3,3,16,3,3,3,3
1,2,7,46,1.8,1,2,1,1,1,186.04,1,14,3,3,3,3,15,1,1,2,2
1,2,7,47,0.2,2,3,2,2,1,247.3,1,2,1,1,2,2,3,1,3,3,1
1,2,7,48,0.1,1,1,1,2,0,334.31,0,9,3,3,3,3,11,3,1,3,1
1,2,7,49,1.8,1,3,1,1,1,222.45,1,1,3,3,3,3,17,3,1,1,3
1,2,7,50,0.05,1,3,1,1,1,241.5,1,17,3,1,3,1,3,1,1,3,3
1,2,7,51,1.8,1,2,NaN,NaN,NaN,NaN,NaN,19,1,1,1,1,7,1,1,2,2
1,2,7,52,1.8,1,3,NaN,NaN,NaN,NaN,NaN,2,3,3,3,3,9,3,1,1,3
1,2,7,53,1.8,3,1,2,2,1,208.7,1,15,1,1,3,3,14,1,1,1,1
1,2,7,54,0.2,1,1,1,1,1,228.28,1,1,1,1,1,1,12,1,1,1,1
1,2,7,55,0.8,2,1,2,2,1,182.34,1,3,3,1,2,2,14,3,1,3,1
1,2,7,56,0.05,1,3,1,1,1,309.46,0,5,3,1,3,1,10,1,3,3,1
1,2,7,57,0.4,1,1,1,1,1,184.83,1,19,3,1,3,1,4,3,3,3,3
1,2,7,58,0.4,3,3,2,2,1,196.63,1,5,1,1,3,3,7,1,3,3,1
1,2,7,59,0.8,3,1,2,2,1,177.15,1,7,3,3,1,1,4,1,1,1,1
1,2,7,60,0.4,1,3,1,1,1,189.17,1,2,1,3,1,3,14,3,3,1,1
1,2,7,61,0.05,2,1,2,2,1,298.12,1,5,1,1,2,2,18,3,1,3,1
1,2,7,62,0.4,2,3,2,2,1,187.74,1,2,1,1,2,2,11,3,1,1,3
1,2,7,63,0.05,3,1,2,2,1,325.42,0,20,3,1,1,3,1,1,1,1,1
1,2,7,64,0.8,3,2,2,2,1,192.39,1,16,1,3,3,1,10,1,3,2,2
1,2,7,65,0.4,1,1,1,1,1,197.21,1,17,3,1,3,1,1,1,1,1,1
1,2,7,66,0.8,2,2,2,2,1,150.24,1,14,1,3,2,2,4,1,3,2,2
1,2,7,67,0.05,1,1,1,1,1,302.75,0,1,3,1,3,1,2,3,1,3,1
1,2,7,68,0.1,1,1,1,1,1,280.34,1,5,3,1,3,1,8,1,3,1,3
1,2,7,69,0.05,2,2,2,1,0,305.6,0,12,3,3,2,2,11,3,3,2,2
1,2,7,70,0.05,1,3,1,1,1,265.83,1,12,1,3,1,3,4,3,1,1,3
1,2,7,71,0.1,2,3,2,2,1,253.18,1,7,3,1,2,2,11,1,1,3,3
1,2,7,72,0.1,2,1,2,1,0,382.16,0,6,1,3,2,2,19,1,1,1,1
1,2,7,73,0.2,1,3,1,1,1,236.79,1,20,3,3,3,3,7,3,1,1,3
1,2,7,74,1.8,1,1,1,1,1,180.22,1,6,1,1,1,1,3,1,1,1,1
1,2,7,75,1.8,3,2,NaN,NaN,NaN,NaN,NaN,1,1,3,3,1,8,1,1,2,2
1,2,7,76,0.4,1,2,1,1,1,238.35,1,11,1,3,1,3,11,3,3,2,2
1,2,7,77,0.4,3,2,2,2,1,203.39,1,9,1,1,3,3,19,1,1,2,2
1,2,7,78,0.4,1,3,1,2,0,256.91,1,20,1,3,1,3,12,3,1,1,3
1,2,8,1,0.05,3,1,2,2,1,282.98,1,9,1,1,3,3,9,1,3,1,3
1,2,8,2,0.8,1,2,1,1,1,221.73,1,13,1,3,1,3,9,1,3,2,2
1,2,8,3,1.8,1,1,1,1,1,186.21,1,18,3,1,3,1,19,3,1,3,1
1,2,8,4,1.8,1,1,1,1,1,183,1,11,1,1,1,1,12,3,3,3,3
1,2,8,5,1.8,1,3,1,1,1,229.65,1,5,3,1,3,1,3,3,1,1,3
1,2,8,6,0.2,3,1,2,2,1,230.2,1,5,1,3,3,1,4,1,1,1,1
1,2,8,7,0.05,3,3,2,2,1,271.66,1,3,3,3,1,1,20,3,3,1,1
1,2,8,8,1.8,1,2,1,1,1,234.45,1,13,3,3,3,3,19,3,3,2,2
1,2,8,9,0.2,1,2,1,2,0,213.57,1,11,3,1,3,1,20,1,1,2,2
1,2,8,10,0.2,3,2,2,2,1,240.66,1,12,3,3,1,1,17,3,1,2,2
1,2,8,11,0.2,3,3,2,2,1,192.07,1,13,1,3,3,1,1,1,1,3,3
1,2,8,12,0.1,3,3,2,2,1,250.07,1,19,1,3,3,1,8,3,1,1,3
1,2,8,13,0.8,2,1,2,2,1,178.56,1,20,3,3,2,2,19,1,1,1,1
1,2,8,14,0.8,1,2,1,1,1,177.97,1,20,3,1,3,1,10,3,3,2,2
1,2,8,15,0.05,2,3,2,2,1,289.25,1,4,3,1,2,2,11,3,1,1,3
1,2,8,16,0.2,1,3,1,1,1,250.51,1,15,1,3,1,3,4,3,1,1,3
1,2,8,17,0.1,1,1,1,1,1,280.87,1,3,1,3,1,3,18,3,1,3,1
1,2,8,18,0.8,1,3,1,1,1,209.01,1,6,1,3,1,3,1,3,1,1,3
1,2,8,19,0.8,2,1,2,1,0,212.42,1,12,3,1,2,2,8,3,1,3,1
1,2,8,20,0.4,1,3,1,1,1,196.71,1,9,1,3,1,3,15,1,3,3,1
1,2,8,21,0.2,1,1,1,1,1,229.75,1,5,1,3,1,3,2,1,1,1,1
1,2,8,22,0.05,1,2,1,2,0,299.31,1,8,1,1,1,1,18,1,1,2,2
1,2,8,23,0.8,2,1,2,2,1,183.41,1,18,1,3,2,2,18,1,3,1,3
1,2,8,24,0.2,1,2,1,1,1,255.38,1,19,3,1,3,1,2,1,3,2,2
1,2,8,25,0.4,1,2,1,1,1,188.83,1,4,1,1,1,1,20,3,3,2,2
1,2,8,26,0.2,2,2,2,1,0,243.35,1,17,3,3,2,2,17,3,1,2,2
1,2,8,27,0.1,2,1,2,2,1,271.67,1,16,1,3,2,2,19,1,1,1,1
1,2,8,28,0.1,1,1,1,1,1,243.5,1,4,3,3,3,3,6,3,1,3,1
1,2,8,29,0.1,1,1,1,1,1,247.74,1,7,3,3,3,3,8,3,3,3,3
1,2,8,30,1.8,1,1,1,1,1,247.72,1,4,1,3,1,3,1,3,3,3,3
1,2,8,31,0.1,1,2,1,1,1,271.14,1,1,1,3,1,3,7,3,3,2,2
1,2,8,32,0.8,1,3,1,1,1,196.86,1,14,1,1,1,1,15,3,1,1,3
1,2,8,33,0.4,3,1,2,2,1,204.32,1,11,1,3,3,1,14,3,1,3,1
1,2,8,34,0.2,3,1,2,2,1,228.56,1,16,3,3,1,1,14,3,3,3,3
1,2,8,35,0.05,3,2,2,2,1,287.86,1,19,1,3,3,1,1,3,3,2,2
1,2,8,36,1.8,1,3,1,1,1,179.71,1,15,3,1,3,1,7,1,1,3,3
1,2,8,37,0.1,3,3,2,2,1,231.74,1,6,3,3,1,1,14,3,3,1,1
1,2,8,38,0.4,1,3,1,2,0,162.66,1,13,3,3,3,3,19,3,3,1,1
1,2,8,39,0.05,2,3,2,2,1,284.47,1,8,1,1,2,2,6,3,1,1,3
1,2,8,40,0.2,1,2,1,2,0,191.12,1,14,3,3,3,3,16,1,1,2,2
1,2,8,41,0.8,2,2,2,1,0,180.21,1,20,1,1,2,2,15,3,3,2,2
1,2,8,42,0.1,3,1,2,2,1,287.48,1,7,1,1,3,3,15,1,3,1,3
1,2,8,43,0.1,1,1,1,2,0,247.93,1,18,1,3,1,3,20,3,1,3,1
1,2,8,44,0.4,3,3,2,2,1,197.77,1,8,3,1,1,3,4,3,3,1,1
1,2,8,45,0.8,1,2,1,1,1,171.67,1,3,1,3,1,3,20,1,1,2,2
1,2,8,46,1.8,2,3,2,2,1,189.36,1,17,1,3,2,2,15,3,1,1,3
1,2,8,47,0.2,1,3,1,1,1,239.89,1,19,3,3,3,3,11,1,3,3,1
1,2,8,48,0.1,1,1,1,1,1,246.91,1,18,1,1,1,1,13,1,3,1,3
1,2,8,49,1.8,3,3,2,2,1,167.81,1,17,1,3,3,1,1,3,1,1,3
1,2,8,50,0.05,2,3,2,2,1,317.26,0,13,1,1,2,2,18,1,3,3,1
1,2,8,51,1.8,2,2,NaN,NaN,NaN,NaN,NaN,8,3,3,2,2,15,3,3,2,2
1,2,8,52,1.8,1,3,1,1,1,213.67,1,15,1,1,1,1,1,3,3,1,1
1,2,8,53,1.8,2,3,2,2,1,213.26,1,7,1,1,2,2,5,3,3,1,1
1,2,8,54,0.2,1,3,1,1,1,199.36,1,6,3,1,3,1,18,1,1,3,3
1,2,8,55,0.8,1,2,1,2,0,183.47,1,20,1,3,1,3,11,1,1,2,2
1,2,8,56,0.05,1,2,1,1,1,307.38,0,17,3,3,3,3,12,1,3,2,2
1,2,8,57,0.4,2,2,2,1,0,209.2,1,12,1,1,2,2,14,1,3,2,2
1,2,8,58,0.4,2,2,2,2,1,200.11,1,10,1,3,2,2,10,3,3,2,2
1,2,8,59,0.8,3,2,2,2,1,185.43,1,2,3,3,1,1,6,1,3,2,2
1,2,8,60,0.4,3,2,2,2,1,204.55,1,7,1,3,3,1,14,1,3,2,2
1,2,8,61,0.05,3,1,2,1,0,320.07,0,15,1,3,3,1,4,3,3,3,3
1,2,8,62,0.4,1,3,1,1,1,240.12,1,8,3,3,3,3,18,1,1,3,3
1,2,8,63,0.05,3,2,2,2,1,286.81,1,18,3,1,1,3,16,3,3,2,2
1,2,8,64,0.8,1,1,1,2,0,212.06,1,9,1,3,1,3,6,3,1,3,1
1,2,8,65,0.4,2,1,2,2,1,176.07,1,8,3,3,2,2,5,3,1,3,1
1,2,8,66,0.8,3,2,2,2,1,352.3,0,9,1,1,3,3,12,3,1,2,2
1,2,8,67,0.05,2,2,2,1,0,377.19,0,7,1,1,2,2,6,3,3,2,2
1,2,8,68,0.1,3,3,2,2,1,231.52,1,4,3,3,1,1,8,3,3,1,1
1,2,8,69,0.05,1,1,1,1,1,303.36,0,19,3,3,3,3,4,1,3,1,3
1,2,8,70,0.05,1,2,1,1,1,236.65,1,3,1,1,1,1,12,3,1,2,2
1,2,8,71,0.1,3,3,2,2,1,260.17,1,10,3,1,1,3,7,3,3,1,1
1,2,8,72,0.1,1,3,1,1,1,230.35,1,14,3,3,3,3,20,1,3,3,1
1,2,8,73,0.2,1,2,1,1,1,108.18,1,2,1,1,1,1,2,3,1,2,2
1,2,8,74,1.8,1,3,1,1,1,186.48,1,14,1,1,1,1,16,1,1,3,3
1,2,8,75,1.8,1,3,1,2,0,226.79,1,15,1,3,1,3,10,3,3,1,1
1,2,8,76,0.4,2,1,2,2,1,187.97,1,4,1,3,2,2,19,3,1,3,1
1,2,8,77,0.4,3,2,2,2,1,182.02,1,4,3,1,1,3,14,3,3,2,2
1,2,8,78,0.4,2,1,2,2,1,226.24,1,3,3,1,2,2,17,3,3,3,3
1,2,9,1,0.05,1,2,1,1,1,357.49,0,12,1,1,1,1,17,1,3,2,2
1,2,9,2,0.4,2,3,2,1,0,218.14,1,8,1,1,2,2,4,1,3,3,1
1,2,9,3,1.8,3,2,2,2,1,182.96,1,4,1,3,3,1,20,1,1,2,2
1,2,9,4,0.8,1,2,1,1,1,203.77,1,19,1,3,1,3,9,3,1,2,2
1,2,9,5,1.8,1,2,1,1,1,186.37,1,16,1,1,1,1,18,3,3,2,2
1,2,9,6,0.1,1,1,1,1,1,271.13,1,10,3,3,3,3,7,3,1,3,1
1,2,9,7,1.8,1,1,1,1,1,190.73,1,9,1,1,1,1,3,1,1,1,1
1,2,9,8,0.2,1,2,1,1,1,248.82,1,8,1,1,1,1,14,3,1,2,2
1,2,9,9,0.1,2,1,2,1,0,300.17,0,8,3,1,2,2,8,1,3,1,3
1,2,9,10,0.2,1,1,1,1,1,262.22,1,20,1,3,1,3,4,1,1,1,1
1,2,9,11,0.1,2,1,2,2,1,283.06,1,19,1,1,2,2,7,1,3,1,3
1,2,9,12,0.8,1,2,1,1,1,186.02,1,2,1,1,1,1,10,3,1,2,2
1,2,9,13,0.4,2,2,2,1,0,210.81,1,15,3,1,2,2,17,3,3,2,2
1,2,9,14,0.05,1,1,1,2,0,361.67,0,10,3,3,3,3,10,3,1,3,1
1,2,9,15,0.1,1,3,1,1,1,240.78,1,20,3,1,3,1,10,3,1,1,3
1,2,9,16,0.05,1,1,1,1,1,243.82,1,17,1,3,1,3,20,3,3,3,3
1,2,9,17,0.8,1,3,1,2,0,221.44,1,11,3,3,3,3,20,1,1,3,3
1,2,9,18,0.8,3,3,2,2,1,179.81,1,13,1,3,3,1,12,1,3,3,1
1,2,9,19,0.2,2,2,2,2,1,181.7,1,1,3,3,2,2,9,1,3,2,2
1,2,9,20,0.2,1,2,1,2,0,269.61,1,10,1,3,1,3,14,3,1,2,2
1,2,9,21,0.4,1,3,1,2,0,386.04,0,2,1,1,1,1,13,1,3,3,1
1,2,9,22,0.2,2,1,2,2,1,245.39,1,2,1,1,2,2,2,1,3,1,3
1,2,9,23,0.4,2,1,2,1,0,217.18,1,8,3,1,2,2,19,1,3,1,3
1,2,9,24,0.1,2,2,2,2,1,257.65,1,14,3,1,2,2,13,1,3,2,2
1,2,9,25,0.1,3,3,2,2,1,303.8,0,11,1,1,3,3,11,3,1,1,3
1,2,9,26,0.1,2,2,2,2,1,330.2,0,4,3,3,2,2,14,1,1,2,2
1,2,9,27,0.1,3,1,2,2,1,257.8,1,19,3,1,1,3,19,1,3,1,3
1,2,9,28,0.8,2,1,2,2,1,202.79,1,8,3,1,2,2,18,1,3,1,3
1,2,9,29,0.1,1,1,1,2,0,222.64,1,17,1,1,1,1,15,1,1,1,1
1,2,9,30,1.8,1,3,1,1,1,186.11,1,12,1,3,1,3,10,1,1,3,3
1,2,9,31,0.8,3,2,2,2,1,178.77,1,3,1,1,3,3,7,3,3,2,2
1,2,9,32,1.8,3,2,2,2,1,104.86,1,13,1,3,3,1,19,3,1,2,2
1,2,9,33,0.4,1,1,1,1,1,223.99,1,5,1,1,1,1,13,3,1,3,1
1,2,9,34,0.2,1,3,1,1,1,241.63,1,5,3,1,3,1,20,3,3,1,1
1,2,9,35,0.05,1,1,1,1,1,371.14,0,16,3,3,3,3,13,1,3,1,3
1,2,9,36,1.8,1,2,1,1,1,183.34,1,3,3,3,3,3,2,1,3,2,2
1,2,9,37,0.05,3,3,2,2,1,337.36,0,14,1,1,3,3,2,3,1,1,3
1,2,9,38,0.2,1,3,1,1,1,354.96,0,17,1,1,1,1,12,3,3,1,1
1,2,9,39,1.8,1,2,1,2,0,182.38,1,20,1,1,1,1,1,3,1,2,2
1,2,9,40,0.1,1,1,1,1,1,304.92,0,8,1,1,1,1,13,1,3,1,3
1,2,9,41,0.8,1,3,1,1,1,174.95,1,18,3,1,3,1,19,3,1,1,3
1,2,9,42,0.05,1,3,1,1,1,271.64,1,6,1,1,1,1,5,1,3,3,1
1,2,9,43,0.05,3,1,2,2,1,306.17,0,9,3,3,1,1,14,1,1,1,1
1,2,9,44,0.4,2,2,2,2,1,292.24,1,2,1,3,2,2,4,1,1,2,2
1,2,9,45,0.8,3,1,NaN,NaN,NaN,NaN,NaN,13,3,1,1,3,9,1,1,1,1
1,2,9,46,1.8,3,1,2,2,1,180.18,1,14,3,1,1,3,18,3,1,3,1
1,2,9,47,1.8,3,2,2,2,1,184.9,1,3,1,3,3,1,6,3,1,2,2
1,2,9,48,0.2,1,2,1,1,1,297.24,1,20,3,1,3,1,8,3,3,2,2
1,2,9,49,1.8,2,2,2,2,1,197.69,1,11,1,3,2,2,15,3,3,2,2
1,2,9,50,0.05,1,3,1,1,1,359.71,0,13,1,3,1,3,3,1,3,3,1
1,2,9,51,1.8,1,1,1,2,0,206.2,1,14,3,1,3,1,6,1,3,1,3
1,2,9,52,0.05,1,1,1,1,1,342.29,0,4,3,3,3,3,10,1,1,1,1
1,2,9,53,0.8,3,2,2,2,1,210.34,1,4,3,3,1,1,10,3,3,2,2
1,2,9,54,1.8,1,1,NaN,NaN,NaN,NaN,NaN,4,1,3,1,3,14,3,3,3,3
1,2,9,55,1.8,1,2,1,1,1,199.11,1,2,3,1,3,1,10,3,1,2,2
1,2,9,56,0.2,1,1,1,1,1,301.04,0,2,1,3,1,3,13,3,3,3,3
1,2,9,57,0.4,2,2,2,2,1,200.98,1,18,3,1,2,2,1,1,3,2,2
1,2,9,58,0.05,3,2,2,2,1,400.62,0,17,1,1,3,3,8,1,1,2,2
1,2,9,59,0.4,3,3,2,2,1,194.99,1,20,3,3,1,1,12,3,3,1,1
1,2,9,60,0.4,1,1,1,1,1,203.64,1,18,1,3,1,3,9,3,3,3,3
1,2,9,61,0.8,1,3,1,2,0,230.24,1,18,1,1,1,1,18,1,1,3,3
1,2,9,62,0.2,1,3,1,1,1,238.82,1,3,1,1,1,1,16,3,1,1,3
1,2,9,63,0.05,2,1,2,2,1,306.9,0,9,1,1,2,2,17,1,1,1,1
1,2,9,64,0.4,1,2,1,1,1,197.91,1,16,3,1,3,1,10,1,1,2,2
1,2,9,65,0.05,1,3,1,1,1,262.02,1,14,3,3,3,3,1,3,1,1,3
1,2,9,66,0.4,1,2,1,1,1,177.9,1,3,1,1,1,1,4,3,1,2,2
1,2,9,67,0.2,2,3,2,1,0,213.67,1,6,3,3,2,2,12,3,1,1,3
1,2,9,68,0.8,2,2,NaN,NaN,NaN,NaN,NaN,16,1,3,2,2,11,1,1,2,2
1,2,9,69,0.05,1,2,1,2,0,359.22,0,2,1,1,1,1,18,1,3,2,2
1,2,9,70,0.1,3,3,2,1,0,262.35,1,15,1,1,3,3,8,1,3,3,1
1,2,9,71,0.1,1,1,1,1,1,252.77,1,1,1,1,1,1,20,3,1,3,1
1,2,9,72,0.1,1,3,1,2,0,252.92,1,10,1,3,1,3,2,1,3,3,1
1,2,9,73,0.2,2,2,2,2,1,193.28,1,10,3,1,2,2,1,1,1,2,2
1,2,9,74,0.8,1,1,1,1,1,225.34,1,3,1,1,1,1,15,3,3,3,3
1,2,9,75,0.8,3,1,2,2,1,228.2,1,10,3,1,1,3,2,3,3,3,3
1,2,9,76,0.2,2,2,2,2,1,213.58,1,3,1,1,2,2,17,1,3,2,2
1,2,9,77,0.4,1,2,1,1,1,183,1,11,1,3,1,3,9,3,1,2,2
1,2,9,78,0.4,1,2,1,1,1,183.45,1,7,3,3,3,3,3,1,1,2,2
1,2,10,1,0.8,1,3,1,1,1,188.49,1,2,1,3,1,3,9,1,3,3,1
1,2,10,2,1.8,1,3,1,1,1,178.13,1,5,1,3,1,3,5,1,1,3,3
1,2,10,3,0.1,2,1,2,2,1,389.91,0,13,3,1,2,2,5,1,3,1,3
1,2,10,4,0.1,1,2,1,2,0,236.21,1,4,3,1,3,1,15,3,3,2,2
1,2,10,5,1.8,3,2,2,2,1,174.17,1,6,3,3,1,1,11,3,3,2,2
1,2,10,6,0.8,1,1,1,1,1,191.85,1,2,1,1,1,1,13,3,3,3,3
1,2,10,7,0.4,1,2,1,1,1,188.92,1,5,1,1,1,1,13,1,1,2,2
1,2,10,8,1.8,2,2,2,1,0,188.96,1,1,3,1,2,2,14,1,3,2,2
1,2,10,9,0.05,1,3,1,1,1,321.28,0,18,1,1,1,1,17,3,3,1,1
1,2,10,10,1.8,1,2,1,2,0,179.99,1,6,3,3,3,3,8,3,1,2,2
1,2,10,11,0.05,2,1,2,2,1,280.1,1,17,3,1,2,2,9,1,3,1,3
1,2,10,12,0.2,2,2,2,1,0,442.56,0,2,3,3,2,2,15,3,3,2,2
1,2,10,13,1.8,1,2,1,1,1,175.02,1,6,3,3,3,3,2,3,3,2,2
1,2,10,14,0.05,2,3,2,2,1,283.19,1,10,3,3,2,2,10,1,1,3,3
1,2,10,15,0.1,1,2,1,1,1,296.27,1,10,1,3,1,3,13,3,3,2,2
1,2,10,16,0.8,3,2,NaN,NaN,NaN,NaN,NaN,16,3,3,1,1,15,1,3,2,2
1,2,10,17,0.4,1,2,1,1,1,223.65,1,13,3,1,3,1,18,1,3,2,2
1,2,10,18,0.4,2,1,2,2,1,251.07,1,6,3,1,2,2,18,1,1,1,1
1,2,10,19,0.2,1,1,1,1,1,235.99,1,12,3,3,3,3,12,1,1,1,1
1,2,10,20,0.1,3,3,2,2,1,269.9,1,1,1,1,3,3,7,1,3,3,1
1,2,10,21,0.8,1,3,1,1,1,199,1,8,1,1,1,1,5,3,3,1,1
1,2,10,22,0.4,2,3,2,2,1,200.56,1,3,1,1,2,2,18,3,1,1,3
1,2,10,23,0.1,3,1,2,2,1,269.17,1,11,1,1,3,3,7,1,1,1,1
1,2,10,24,0.1,1,1,1,1,1,260.2,1,11,1,3,1,3,19,3,3,3,3
1,2,10,25,1.8,2,3,2,1,0,213.38,1,10,3,1,2,2,17,1,1,3,3
1,2,10,26,0.8,1,2,1,1,1,186.68,1,10,3,3,3,3,8,3,3,2,2
1,2,10,27,1.8,3,2,2,2,1,177.46,1,15,3,3,1,1,17,3,1,2,2
1,2,10,28,0.2,3,1,2,2,1,240.89,1,13,3,3,1,1,19,3,3,3,3
1,2,10,29,0.4,2,3,2,2,1,233.11,1,15,3,1,2,2,2,1,3,3,1
1,2,10,30,0.8,2,2,2,2,1,244.67,1,10,3,1,2,2,8,1,3,2,2
1,2,10,31,0.8,1,1,1,1,1,198.14,1,12,1,3,1,3,3,1,3,1,3
1,2,10,32,0.05,2,1,2,2,1,291.31,1,9,3,1,2,2,2,3,1,3,1
1,2,10,33,0.4,3,1,2,2,1,213.64,1,8,3,1,1,3,15,1,3,1,3
1,2,10,34,0.2,3,1,2,2,1,243.5,1,2,1,1,3,3,6,3,3,3,3
1,2,10,35,0.2,3,3,2,2,1,243.8,1,13,1,3,3,1,10,1,3,3,1
1,2,10,36,1.8,3,3,2,2,1,183.28,1,17,3,3,1,1,16,1,3,3,1
1,2,10,37,0.2,1,3,1,1,1,261.19,1,9,3,3,3,3,13,1,3,3,1
1,2,10,38,0.1,3,2,2,2,1,280.42,1,8,3,1,1,3,20,3,3,2,2
1,2,10,39,1.8,2,2,2,2,1,192.36,1,17,1,3,2,2,3,1,3,2,2
1,2,10,40,1.8,1,1,1,1,1,196.92,1,4,3,3,3,3,10,1,1,1,1
1,2,10,41,0.2,3,2,2,2,1,261.95,1,9,3,3,1,1,5,1,3,2,2
1,2,10,42,0.4,1,3,1,2,0,260.57,1,13,1,3,1,3,13,3,3,1,1
1,2,10,43,0.1,2,1,2,2,1,331.4,0,5,1,1,2,2,16,1,3,1,3
1,2,10,44,0.4,1,2,1,1,1,228.78,1,6,1,1,1,1,8,3,1,2,2
1,2,10,45,1.8,1,1,1,1,1,469.3,0,11,3,3,3,3,6,3,1,3,1
1,2,10,46,0.05,3,1,2,2,1,285.94,1,18,3,3,1,1,19,1,1,1,1
1,2,10,47,0.8,1,1,1,2,0,189.44,1,7,1,3,1,3,5,3,3,3,3
1,2,10,48,0.05,2,2,2,2,1,319,0,13,3,3,2,2,14,1,3,2,2
1,2,10,49,0.8,1,1,1,1,1,184,1,5,1,3,1,3,4,3,3,3,3
1,2,10,50,0.05,1,1,1,2,0,262.29,1,19,1,3,1,3,17,3,1,3,1
1,2,10,51,0.2,2,1,2,1,0,249.48,1,18,1,3,2,2,12,1,1,1,1
1,2,10,52,0.8,3,1,2,2,1,182.47,1,13,1,3,3,1,20,3,3,3,3
1,2,10,53,1.8,1,3,1,1,1,171.69,1,5,3,3,3,3,10,1,1,3,3
1,2,10,54,0.4,2,1,2,1,0,235.1,1,16,3,1,2,2,6,3,1,3,1
1,2,10,55,0.2,1,1,1,1,1,218.07,1,17,3,3,3,3,10,1,3,1,3
1,2,10,56,1.8,2,1,2,1,0,178.38,1,11,1,3,2,2,17,1,3,1,3
1,2,10,57,0.1,2,3,2,2,1,291.04,1,7,1,3,2,2,2,3,3,1,1
1,2,10,58,0.1,2,2,2,2,1,281.2,1,20,1,3,2,2,15,3,1,2,2
1,2,10,59,0.8,1,1,1,1,1,229.66,1,20,1,3,1,3,2,3,3,3,3
1,2,10,60,0.4,1,2,1,1,1,228.46,1,1,1,3,1,3,13,1,3,2,2
1,2,10,61,0.1,1,3,1,1,1,264.33,1,3,1,3,1,3,12,1,1,3,3
1,2,10,62,0.05,2,3,2,1,0,276.13,1,11,3,1,2,2,17,3,1,1,3
1,2,10,63,0.1,3,1,2,2,1,288.04,1,17,3,3,1,1,3,3,1,3,1
1,2,10,64,0.2,1,2,1,1,1,245.72,1,6,3,1,3,1,12,1,3,2,2
1,2,10,65,0.05,3,1,2,2,1,303.3,0,17,3,1,1,3,18,1,1,1,1
1,2,10,66,0.1,3,2,2,2,1,178.86,1,20,3,1,1,3,17,3,1,2,2
1,2,10,67,0.4,3,2,2,2,1,198.63,1,11,3,3,1,1,18,1,3,2,2
1,2,10,68,0.2,1,3,1,2,0,244.52,1,14,3,3,3,3,18,1,3,3,1
1,2,10,69,0.05,1,1,1,2,0,329.45,0,18,1,3,1,3,18,3,3,3,3
1,2,10,70,0.05,3,3,2,2,1,300.97,0,1,3,3,1,1,15,1,3,3,1
1,2,10,71,0.05,2,1,2,1,0,305.96,0,9,1,3,2,2,11,3,3,3,3
1,2,10,72,0.8,2,2,NaN,NaN,NaN,NaN,NaN,12,3,3,2,2,14,3,3,2,2
1,2,10,73,0.2,3,2,2,2,1,224.73,1,10,1,3,3,1,16,3,3,2,2
1,2,10,74,0.4,2,2,2,2,1,275.68,1,8,3,1,2,2,13,1,1,2,2
1,2,10,75,0.4,2,2,2,2,1,198.73,1,6,1,3,2,2,12,3,1,2,2
1,2,10,76,0.2,3,3,2,2,1,261.93,1,5,3,3,1,1,17,1,1,3,3
1,2,10,77,0.8,2,2,2,2,1,182.38,1,1,3,3,2,2,14,1,1,2,2
1,2,10,78,0.05,3,2,2,2,1,284.61,1,8,1,1,3,3,9,3,3,2,2
