3,14,1,1,1.8,1,3,1,1,1,237.33,1,4,3,1,3,1,18,3,1,1,3
3,14,1,2,0.1,1,1,1,2,0,253.89,1,20,3,1,3,1,16,3,1,3,1
3,14,1,3,0.2,1,2,1,1,1,212.23,1,14,3,3,3,3,19,1,1,2,2
3,14,1,4,0.2,1,3,1,1,1,220.92,1,10,3,3,3,3,1,3,3,1,1
3,14,1,5,0.8,3,3,2,2,1,268.14,1,16,1,3,3,1,9,1,1,3,3
3,14,1,6,1.8,1,3,1,1,1,231.79,1,11,3,3,3,3,18,1,3,3,1
3,14,1,7,0.4,3,3,2,2,1,248.04,1,19,1,1,3,3,6,1,3,3,1
3,14,1,8,0.1,1,1,1,1,1,241.48,1,16,3,1,3,1,20,1,1,1,1
3,14,1,9,0.1,3,3,2,2,1,169.23,1,2,3,3,1,1,19,1,1,3,3
3,14,1,10,0.05,3,3,2,2,1,284.85,1,10,3,1,1,3,13,1,3,3,1
3,14,1,11,0.2,2,1,2,2,1,91.979,2,14,3,1,2,2,17,1,1,1,1
3,14,1,12,0.8,3,2,2,2,1,240.16,1,8,1,1,3,3,14,1,1,2,2
3,14,1,13,0.8,1,2,1,1,1,258.91,1,11,1,3,1,3,3,1,3,2,2
3,14,1,14,0.4,1,1,1,1,1,254.02,1,6,3,3,3,3,9,3,1,3,1
3,14,1,15,0.2,1,2,1,1,1,233.61,1,5,3,3,3,3,11,1,1,2,2
3,14,1,16,1.8,3,1,2,2,1,247.79,1,9,1,3,3,1,6,3,3,3,3
3,14,1,17,0.05,2,2,2,1,0,279.02,1,6,3,1,2,2,14,3,1,2,2
3,14,1,18,0.05,3,1,2,2,1,282.96,1,6,1,1,3,3,12,3,1,3,1
3,14,1,19,0.05,1,3,1,1,1,324.24,0,18,3,1,3,1,14,1,1,3,3
3,14,1,20,0.2,1,3,1,2,0,185.27,1,2,1,1,1,1,12,3,1,1,3
3,14,1,21,0.8,1,2,1,1,1,230.34,1,8,1,3,1,3,5,1,1,2,2
3,14,1,22,1.8,1,1,1,1,1,252.72,1,12,1,3,1,3,14,1,3,1,3
3,14,1,23,0.1,1,3,1,1,1,324.44,0,8,3,3,3,3,10,1,1,3,3
3,14,1,24,0.1,3,1,2,2,1,265.38,1,13,3,3,1,1,12,3,3,3,3
3,14,1,25,0.8,3,3,2,2,1,211.03,1,9,3,3,1,1,2,3,3,1,1
3,14,1,26,1.8,1,3,1,1,1,237.65,1,17,1,3,1,3,2,3,3,1,1
3,14,1,27,0.1,2,3,2,1,0,243.22,1,9,3,1,2,2,19,1,1,3,3
3,14,1,28,1.8,3,3,2,2,1,224.5,1,7,3,3,1,1,9,1,3,3,1
3,14,1,29,0.4,1,2,1,1,1,217.52,1,2,3,3,3,3,9,3,1,2,2
3,14,1,30,0.2,3,1,2,1,0,308.43,0,2,1,3,3,1,16,3,3,3,3
3,14,1,31,0.2,2,1,2,1,0,393.31,0,2,1,1,2,2,3,3,1,3,1
3,14,1,32,0.1,1,1,1,1,1,310.81,0,15,1,3,1,3,6,3,3,3,3
3,14,1,33,1.8,1,1,1,1,1,288.67,1,5,1,1,1,1,20,3,3,3,3
3,14,1,34,0.8,1,2,1,1,1,208.54,1,9,3,1,3,1,5,3,1,2,2
3,14,1,35,0.4,2,1,2,2,1,335.79,0,4,3,1,2,2,18,1,1,1,1
3,14,1,36,0.2,1,1,1,1,1,224.53,1,12,3,3,3,3,11,3,1,3,1
3,14,1,37,0.8,2,2,NaN,NaN,NaN,NaN,NaN,7,3,3,2,2,8,3,3,2,2
3,14,1,38,0.1,1,3,1,1,1,263.56,1,10,1,1,1,1,16,1,1,3,3
3,14,1,39,0.8,2,2,2,2,1,263.27,1,18,3,3,2,2,2,1,3,2,2
3,14,1,40,0.2,1,1,1,1,1,330.63,0,9,1,3,1,3,11,1,3,1,3
3,14,1,41,0.05,1,3,1,1,1,273.38,1,10,3,1,3,1,8,1,1,3,3
3,14,1,42,0.2,3,2,2,2,1,309.02,0,10,1,1,3,3,6,3,3,2,2
3,14,1,43,1.8,2,3,2,2,1,208.56,1,1,1,1,2,2,9,3,1,1,3
3,14,1,44,1.8,3,2,2,2,1,212.1,1,20,1,3,3,1,16,3,3,2,2
3,14,1,45,0.8,3,1,2,2,1,276.62,1,4,3,1,1,3,10,3,3,3,3
3,14,1,46,0.2,1,3,1,1,1,303.08,0,12,1,1,1,1,14,1,3,3,1
3,14,1,47,0.8,3,3,2,2,1,245.32,1,20,3,1,1,3,17,1,1,3,3
3,14,1,48,0.05,2,1,2,1,0,258.91,1,9,3,1,2,2,11,3,3,3,3
3,14,1,49,0.4,2,1,2,2,1,225.07,1,2,1,1,2,2,1,3,1,3,1
3,14,1,50,0.05,1,1,1,1,1,307.74,0,12,3,3,3,3,8,3,3,3,3
3,14,1,51,0.05,1,1,1,1,1,266.83,1,10,1,1,1,1,5,3,1,3,1
3,14,1,52,0.05,2,3,2,1,0,462.12,0,12,3,1,2,2,3,3,1,1,3
3,14,1,53,0.4,3,2,2,2,1,195.31,1,5,1,1,3,3,6,3,1,2,2
3,14,1,54,0.2,1,2,1,1,1,309.13,0,6,3,3,3,3,4,1,3,2,2
3,14,1,55,1.8,2,1,2,2,1,256.21,1,16,1,3,2,2,18,1,1,1,1
3,14,1,56,1.8,1,1,1,1,1,282.92,1,15,3,3,3,3,10,1,1,1,1
3,14,1,57,0.4,1,1,1,1,1,386.7,0,3,1,1,1,1,12,1,1,1,1
3,14,1,58,0.4,3,2,2,2,1,304.81,0,14,3,1,1,3,3,1,3,2,2
3,14,1,59,0.1,2,2,2,1,0,244.5,1,5,1,1,2,2,5,3,1,2,2
3,14,1,60,0.8,1,2,1,2,0,240.32,1,20,3,3,3,3,5,1,1,2,2
3,14,1,61,0.4,1,1,1,1,1,280.31,1,15,3,1,3,1,2,1,1,1,1
3,14,1,62,0.1,1,1,1,2,0,316.05,0,19,3,1,3,1,17,1,3,1,3
3,14,1,63,0.4,1,1,1,1,1,419.18,0,13,1,3,1,3,14,1,1,1,1
3,14,1,64,0.1,2,2,2,2,1,326.59,0,3,1,1,2,2,13,1,1,2,2
3,14,1,65,0.1,2,2,2,2,1,244.32,1,19,1,3,2,2,20,3,1,2,2
3,14,1,66,0.2,1,3,1,1,1,242.72,1,12,1,1,1,1,14,1,3,3,1
3,14,1,67,0.05,1,2,1,1,1,219.64,1,16,1,3,1,3,14,3,3,2,2
3,14,1,68,0.4,1,2,1,1,1,257.82,1,20,1,3,1,3,15,3,1,2,2
3,14,1,69,0.05,3,3,2,2,1,288.08,1,19,1,3,3,1,7,1,3,3,1
3,14,1,70,1.8,3,3,2,2,1,190.91,1,1,1,1,3,3,2,1,3,3,1
3,14,1,71,0.05,1,2,1,1,1,238.67,1,2,3,3,3,3,10,3,3,2,2
3,14,1,72,0.05,1,1,1,1,1,219.7,1,13,1,1,1,1,17,3,3,3,3
3,14,1,73,0.8,2,1,NaN,NaN,NaN,NaN,NaN,10,1,3,2,2,11,1,3,1,3
3,14,1,74,0.4,2,1,2,1,0,372.34,0,1,1,3,2,2,17,3,1,3,1
3,14,1,75,0.8,1,2,1,1,1,224.42,1,14,1,3,1,3,18,1,1,2,2
3,14,1,76,0.1,1,3,1,1,1,238.45,1,14,1,1,1,1,16,1,3,3,1
3,14,1,77,0.4,2,1,2,1,0,234.08,1,1,3,1,2,2,13,3,3,3,3
3,14,1,78,1.8,3,2,2,2,1,204.97,1,2,3,3,1,1,6,3,1,2,2
3,14,2,1,1.8,2,1,2,1,0,281.12,1,18,3,3,2,2,10,3,1,3,1
3,14,2,2,0.1,1,1,1,1,1,221.71,1,15,1,3,1,3,13,1,3,1,3
3,14,2,3,0.2,3,3,2,2,1,238.13,1,13,3,3,1,1,9,3,3,1,1
3,14,2,4,0.2,1,1,1,1,1,321.68,0,4,1,1,1,1,1,1,3,1,3
3,14,2,5,0.2,3,1,2,2,1,231.36,1,7,3,3,1,1,5,1,1,1,1
3,14,2,6,0.2,1,1,1,1,1,234.43,1,10,1,3,1,3,15,3,1,3,1
3,14,2,7,0.8,2,1,NaN,NaN,NaN,NaN,NaN,12,3,1,2,2,7,3,1,3,1
3,14,2,8,0.1,1,3,1,1,1,283.58,1,11,3,3,3,3,9,3,1,1,3
3,14,2,9,1.8,3,2,2,2,1,219.63,1,1,3,1,1,3,17,1,3,2,2
3,14,2,10,0.8,1,1,NaN,NaN,NaN,NaN,NaN,6,1,3,1,3,16,3,1,3,1
3,14,2,11,0.4,3,1,2,2,1,283.11,1,14,1,3,3,1,18,3,3,3,3
3,14,2,12,0.1,2,1,2,2,1,360.58,0,13,3,1,2,2,15,3,3,3,3
3,14,2,13,1.8,1,3,1,2,0,206.27,1,9,1,1,1,1,13,1,3,3,1
3,14,2,14,0.05,2,2,2,2,1,275.33,1,14,3,1,2,2,1,3,1,2,2
3,14,2,15,0.8,1,2,1,1,1,208.73,1,10,1,3,1,3,13,3,1,2,2
3,14,2,16,0.05,3,3,2,2,1,259.46,1,10,1,3,3,1,10,3,3,1,1
3,14,2,17,0.4,1,3,1,1,1,276.47,1,6,1,3,1,3,15,1,1,3,3
3,14,2,18,0.4,3,3,2,2,1,327.1,0,19,3,3,1,1,12,3,1,1,3
3,14,2,19,0.8,3,1,2,2,1,217.3,1,12,1,1,3,3,20,1,1,1,1
3,14,2,20,0.4,3,2,2,2,1,231.38,1,5,1,3,3,1,8,1,3,2,2
3,14,2,21,0.8,1,1,1,1,1,223.19,1,12,3,3,3,3,2,1,3,1,3
3,14,2,22,0.1,3,1,2,2,1,262.2,1,15,3,3,1,1,15,1,1,1,1
3,14,2,23,0.1,1,1,1,2,0,294.28,1,15,3,1,3,1,13,1,1,1,1
3,14,2,24,0.05,3,3,2,1,0,238.77,1,3,1,3,3,1,8,1,3,3,1
3,14,2,25,1.8,3,3,NaN,NaN,NaN,NaN,NaN,7,3,1,1,3,2,1,3,3,1
3,14,2,26,1.8,1,3,1,2,0,215.71,1,20,1,1,1,1,12,1,3,3,1
3,14,2,27,0.8,1,1,1,1,1,223.69,1,18,1,3,1,3,16,1,1,1,1
3,14,2,28,0.4,3,3,2,2,1,247.19,1,12,3,3,1,1,4,1,1,3,3
3,14,2,29,1.8,1,2,1,1,1,277.02,1,15,1,1,1,1,6,1,3,2,2
3,14,2,30,0.8,1,2,1,1,1,274.28,1,6,1,1,1,1,3,1,1,2,2
3,14,2,31,1.8,2,1,2,2,1,214.24,1,19,1,1,2,2,19,3,1,3,1
3,14,2,32,0.2,1,2,1,1,1,267.68,1,18,1,1,1,1,18,3,3,2,2
3,14,2,33,0.2,1,3,1,1,1,267.18,1,13,3,3,3,3,5,3,1,1,3
3,14,2,34,0.1,1,1,1,1,1,257.8,1,7,3,1,3,1,17,3,1,3,1
3,14,2,35,0.2,1,2,1,1,1,259.71,1,7,1,3,1,3,14,1,1,2,2
3,14,2,36,0.8,3,2,2,2,1,257.84,1,5,3,1,1,3,20,1,1,2,2
3,14,2,37,1.8,3,1,2,2,1,226.12,1,10,3,1,1,3,6,1,3,1,3
3,14,2,38,0.05,2,3,2,1,0,333.58,0,1,1,1,2,2,2,3,3,1,1
3,14,2,39,0.05,2,2,2,2,1,305.62,0,17,3,3,2,2,17,1,1,2,2
3,14,2,40,0.4,1,1,1,1,1,260.21,1,8,1,3,1,3,3,1,1,1,1
3,14,2,41,0.8,2,1,NaN,NaN,NaN,NaN,NaN,14,1,1,2,2,8,3,3,3,3
3,14,2,42,0.2,1,1,1,1,1,258.09,1,1,3,1,3,1,17,1,3,1,3
3,14,2,43,0.8,2,3,2,1,0,250.82,1,12,1,3,2,2,18,3,3,1,1
3,14,2,44,0.05,1,2,1,2,0,326.43,0,4,3,1,3,1,9,3,3,2,2
3,14,2,45,0.2,1,1,1,1,1,222.93,1,10,1,1,1,1,4,3,3,3,3
3,14,2,46,0.05,2,3,2,2,1,249.26,1,19,1,1,2,2,1,3,3,1,1
3,14,2,47,0.1,2,2,2,2,1,251.95,1,20,1,1,2,2,8,3,3,2,2
3,14,2,48,0.4,2,1,2,2,1,564.32,0,5,1,1,2,2,17,1,1,1,1
3,14,2,49,0.1,1,1,1,1,1,291.3,1,12,1,3,1,3,14,3,3,3,3
3,14,2,50,1.8,1,3,1,1,1,269.8,1,5,1,1,1,1,8,1,1,3,3
3,14,2,51,1.8,3,1,2,2,1,237.59,1,6,3,3,1,1,2,1,1,1,1
3,14,2,52,0.05,2,2,2,2,1,280.58,1,4,3,3,2,2,7,3,1,2,2
3,14,2,53,0.1,1,2,1,2,0,221,1,11,3,3,3,3,20,3,1,2,2
3,14,2,54,0.05,1,2,1,1,1,281.08,1,3,3,1,3,1,2,3,1,2,2
3,14,2,55,0.8,1,1,1,1,1,296.51,1,9,3,1,3,1,3,3,3,3,3
3,14,2,56,0.05,1,1,1,2,0,305.08,0,1,3,1,3,1,13,1,1,1,1
3,14,2,57,0.8,1,2,1,1,1,263.93,1,14,3,3,3,3,9,1,1,2,2
3,14,2,58,0.2,1,2,1,1,1,280.12,1,1,3,1,3,1,14,3,1,2,2
3,14,2,59,0.8,1,3,1,1,1,224.72,1,8,1,3,1,3,5,3,1,1,3
3,14,2,60,0.1,1,1,1,1,1,298.17,1,7,1,3,1,3,19,3,3,3,3
3,14,2,61,0.05,2,1,2,2,1,240.91,1,6,1,3,2,2,17,3,1,3,1
3,14,2,62,0.2,1,2,1,1,1,255.56,1,6,3,1,3,1,16,3,1,2,2
3,14,2,63,0.05,1,2,1,1,1,286.36,1,13,1,3,1,3,9,3,1,2,2
3,14,2,64,1.8,1,1,1,1,1,219.71,1,7,3,3,3,3,5,1,3,1,3
3,14,2,65,0.4,3,2,2,2,1,288.64,1,20,3,3,1,1,6,1,1,2,2
3,14,2,66,1.8,2,1,2,2,1,222.08,1,14,1,3,2,2,6,3,3,3,3
3,14,2,67,0.1,3,2,2,2,1,237.67,1,19,1,1,3,3,6,3,1,2,2
3,14,2,68,0.2,1,2,1,1,1,279.49,1,4,1,3,1,3,6,3,1,2,2
3,14,2,69,0.1,1,2,1,1,1,303.77,0,14,3,1,3,1,7,1,1,2,2
3,14,2,70,0.4,2,2,2,2,1,281.44,1,8,1,3,2,2,3,1,3,2,2
3,14,2,71,0.1,3,2,2,2,1,309.55,0,6,3,1,1,3,10,3,3,2,2
3,14,2,72,0.4,3,3,2,2,1,275.72,1,7,1,3,3,1,18,1,3,3,1
3,14,2,73,1.8,1,2,1,1,1,245.67,1,20,1,1,1,1,9,1,1,2,2
3,14,2,74,0.4,1,1,1,1,1,243.72,1,17,3,3,3,3,19,3,1,3,1
3,14,2,75,0.2,3,3,2,2,1,282.14,1,13,3,1,1,3,3,3,3,1,1
3,14,2,76,0.05,3,2,NaN,NaN,NaN,NaN,NaN,3,1,3,3,1,4,3,1,2,2
3,14,2,77,0.4,1,2,1,1,1,262.06,1,7,1,1,1,1,2,1,1,2,2
3,14,2,78,0.4,1,2,1,1,1,205.37,1,20,3,1,3,1,1,3,3,2,2
3,14,3,1,1.8,1,3,1,1,1,264.76,1,17,1,3,1,3,2,3,1,1,3
3,14,3,2,0.8,1,3,1,1,1,239.96,1,11,3,1,3,1,10,3,1,1,3
3,14,3,3,0.2,1,1,1,1,1,257.02,1,6,3,3,3,3,9,1,3,1,3
3,14,3,4,0.05,1,1,1,1,1,245.86,1,14,1,3,1,3,3,3,3,3,3
3,14,3,5,1.8,2,3,2,2,1,205.6,1,8,3,1,2,2,5,1,3,3,1
3,14,3,6,1.8,3,2,2,2,1,198.46,1,14,3,1,1,3,10,3,3,2,2
3,14,3,7,0.4,3,3,2,2,1,213.13,1,2,3,3,1,1,13,1,3,3,1
3,14,3,8,1.8,2,2,2,1,0,224.65,1,12,1,1,2,2,2,1,1,2,2
3,14,3,9,0.1,1,2,1,1,1,216.16,1,15,3,3,3,3,1,3,3,2,2
3,14,3,10,1.8,1,3,1,1,1,208.68,1,19,1,1,1,1,9,1,3,3,1
3,14,3,11,0.4,2,2,2,2,1,398.42,0,8,3,3,2,2,18,3,1,2,2
3,14,3,12,0.1,3,2,2,2,1,210.05,1,14,3,3,1,1,18,3,3,2,2
3,14,3,13,0.8,1,3,1,2,0,251.76,1,20,3,3,3,3,19,3,1,1,3
3,14,3,14,0.2,1,1,1,1,1,252.05,1,9,3,1,3,1,14,1,3,1,3
3,14,3,15,0.05,1,3,1,1,1,299.95,1,3,3,1,3,1,8,1,3,3,1
3,14,3,16,0.8,3,2,2,2,1,252.36,1,11,3,1,1,3,12,3,3,2,2
3,14,3,17,0.1,2,3,2,2,1,292.88,1,4,3,3,2,2,1,3,1,1,3
3,14,3,18,1.8,2,2,2,2,1,17.567,2,15,1,1,2,2,4,1,3,2,2
3,14,3,19,0.2,3,1,2,2,1,282.18,1,19,1,1,3,3,8,1,3,1,3
3,14,3,20,0.4,1,1,1,1,1,284.32,1,20,3,1,3,1,12,1,3,1,3
3,14,3,21,0.05,2,1,2,2,1,330.67,0,20,1,1,2,2,1,3,3,3,3
3,14,3,22,1.8,2,2,2,2,1,212.31,1,3,1,3,2,2,19,1,1,2,2
3,14,3,23,1.8,1,2,1,2,0,226.38,1,11,1,3,1,3,8,1,3,2,2
3,14,3,24,0.2,1,3,1,2,0,330.73,0,10,3,1,3,1,11,1,3,3,1
3,14,3,25,0.4,1,3,1,1,1,260.89,1,6,3,1,3,1,7,3,1,1,3
3,14,3,26,0.8,1,2,1,1,1,237.14,1,20,3,3,3,3,7,1,1,2,2
3,14,3,27,0.05,2,2,2,2,1,294.82,1,13,1,3,2,2,14,1,1,2,2
3,14,3,28,0.8,3,1,2,2,1,268.72,1,2,3,3,1,1,3,3,1,3,1
3,14,3,29,0.8,1,3,1,1,1,395.76,0,10,1,3,1,3,5,1,3,3,1
3,14,3,30,0.1,3,1,2,2,1,284.92,1,3,1,3,3,1,10,1,3,1,3
3,14,3,31,0.2,3,3,2,2,1,239.06,1,10,3,3,1,1,5,1,1,3,3
3,14,3,32,0.1,2,2,2,2,1,384.44,0,7,1,3,2,2,14,1,1,2,2
3,14,3,33,1.8,3,1,2,2,1,224.34,1,15,3,1,1,3,17,3,1,3,1
3,14,3,34,0.8,1,2,1,1,1,284.36,1,13,3,1,3,1,7,3,1,2,2
3,14,3,35,1.8,3,1,NaN,NaN,NaN,NaN,NaN,5,1,1,3,3,15,3,3,3,3
3,14,3,36,0.4,2,3,2,2,1,230.54,1,11,1,1,2,2,17,1,1,3,3
3,14,3,37,0.2,3,3,2,2,1,290.05,1,10,1,3,3,1,4,3,3,1,1
3,14,3,38,0.1,2,1,2,2,1,312.22,0,11,1,1,2,2,15,3,3,3,3
3,14,3,39,0.1,2,2,2,1,0,400.18,0,12,3,1,2,2,19,3,1,2,2
3,14,3,40,0.4,1,2,1,1,1,245.45,1,19,3,1,3,1,1,3,3,2,2
3,14,3,41,0.1,1,1,1,1,1,333.98,0,19,3,1,3,1,8,1,3,1,3
3,14,3,42,0.1,2,1,2,2,1,267.1,1,16,3,1,2,2,15,1,1,1,1
3,14,3,43,0.2,2,2,2,2,1,208.27,1,11,3,3,2,2,8,3,1,2,2
3,14,3,44,0.8,1,3,1,1,1,267.04,1,16,3,3,3,3,10,1,3,3,1
3,14,3,45,0.2,1,3,1,1,1,300.35,0,18,1,3,1,3,11,1,1,3,3
3,14,3,46,0.8,1,1,NaN,NaN,NaN,NaN,NaN,16,3,1,3,1,16,1,3,1,3
3,14,3,47,0.05,3,3,2,1,0,266.24,1,12,1,1,3,3,11,1,1,3,3
3,14,3,48,0.4,1,1,1,1,1,263.39,1,7,3,1,3,1,13,3,1,3,1
3,14,3,49,0.4,1,1,1,1,1,215.03,1,19,1,1,1,1,7,1,1,1,1
3,14,3,50,0.05,3,1,2,1,0,236.65,1,20,1,3,3,1,11,1,3,1,3
3,14,3,51,0.2,2,2,2,2,1,245.06,1,7,1,1,2,2,12,3,1,2,2
3,14,3,52,0.05,1,3,1,2,0,302.41,0,11,3,3,3,3,13,1,1,3,3
3,14,3,53,0.4,1,3,1,2,0,228.68,1,18,3,3,3,3,5,1,1,3,3
3,14,3,54,0.8,1,3,1,2,0,222.32,1,8,1,3,1,3,11,1,3,3,1
3,14,3,55,0.2,2,2,2,2,1,317.62,0,14,1,1,2,2,8,3,1,2,2
3,14,3,56,0.1,1,1,1,1,1,301.7,0,8,3,1,3,1,8,3,3,3,3
3,14,3,57,0.05,2,1,2,1,0,276.54,1,18,1,1,2,2,4,3,1,3,1
3,14,3,58,0.2,2,1,2,1,0,276.78,1,7,1,1,2,2,9,1,3,1,3
3,14,3,59,1.8,2,1,2,2,1,270.63,1,6,3,3,2,2,10,1,1,1,1
3,14,3,60,0.8,3,1,2,2,1,241.35,1,16,1,1,3,3,19,1,1,1,1
3,14,3,61,0.05,2,1,2,2,1,251.52,1,6,3,3,2,2,17,1,3,1,3
3,14,3,62,0.1,2,2,2,2,1,205.12,1,19,3,1,2,2,10,1,3,2,2
3,14,3,63,0.05,1,3,1,1,1,288.61,1,2,3,1,3,1,4,3,1,1,3
3,14,3,64,0.8,1,2,1,2,0,259.58,1,15,1,3,1,3,3,3,1,2,2
3,14,3,65,0.05,1,1,1,1,1,292.21,1,2,1,1,1,1,11,3,3,3,3
3,14,3,66,0.05,1,2,1,1,1,331.84,0,4,1,3,1,3,19,1,1,2,2
3,14,3,67,0.4,2,2,2,2,1,246.25,1,13,3,3,2,2,3,1,1,2,2
3,14,3,68,1.8,1,3,1,1,1,256.52,1,16,3,1,3,1,9,1,3,3,1
3,14,3,69,0.4,1,2,1,2,0,263.02,1,18,3,3,3,3,4,3,1,2,2
3,14,3,70,0.4,2,1,2,2,1,239.6,1,19,3,1,2,2,1,3,3,3,3
3,14,3,71,0.8,3,3,2,2,1,231.48,1,16,3,1,1,3,7,1,3,3,1
3,14,3,72,0.4,3,2,2,2,1,242.42,1,16,3,3,1,1,4,1,3,2,2
3,14,3,73,1.8,1,3,1,1,1,255.46,1,18,3,3,3,3,14,1,1,3,3
3,14,3,74,0.1,1,1,1,1,1,689.16,0,7,3,1,3,1,8,1,1,1,1
3,14,3,75,0.1,1,3,1,2,0,291.21,1,14,1,3,1,3,12,3,3,1,1
3,14,3,76,0.2,1,3,1,1,1,377.6,0,18,3,3,3,3,15,3,3,1,1
3,14,3,77,0.05,3,3,2,1,0,286.24,1,12,1,1,3,3,10,1,1,3,3
3,14,3,78,0.2,3,1,2,2,1,146.41,1,13,1,1,3,3,10,3,1,3,1
3,14,4,1,1.8,1,3,1,1,1,203.28,1,6,1,1,1,1,20,1,1,3,3
3,14,4,2,0.2,1,2,1,1,1,290.99,1,10,1,3,1,3,16,3,1,2,2
3,14,4,3,0.1,2,2,2,1,0,258.85,1,20,3,1,2,2,16,1,1,2,2
3,14,4,4,0.2,2,3,2,1,0,416.09,0,2,1,1,2,2,15,3,1,1,3
3,14,4,5,0.2,1,1,1,1,1,205.9,1,3,1,3,1,3,3,1,3,1,3
3,14,4,6,0.05,1,3,1,1,1,292.51,1,9,3,3,3,3,12,3,3,1,1
3,14,4,7,1.8,1,2,1,1,1,275.17,1,16,3,1,3,1,12,1,3,2,2
3,14,4,8,1.8,1,1,NaN,NaN,NaN,NaN,NaN,3,1,1,1,1,18,1,1,1,1
3,14,4,9,0.2,1,3,1,1,1,250.1,1,17,1,1,1,1,15,3,1,1,3
3,14,4,10,0.4,1,3,1,1,1,313.32,0,12,1,1,1,1,16,1,1,3,3
3,14,4,11,0.2,2,3,2,1,0,224.56,1,13,3,1,2,2,20,3,1,1,3
3,14,4,12,0.05,2,2,2,1,0,316.26,0,15,3,1,2,2,7,1,3,2,2
3,14,4,13,0.4,1,3,1,1,1,259.35,1,19,3,1,3,1,16,1,1,3,3
3,14,4,14,0.4,1,3,1,1,1,212.21,1,20,3,1,3,1,3,3,1,1,3
3,14,4,15,0.4,1,3,1,1,1,222.26,1,7,3,3,3,3,13,1,3,3,1
3,14,4,16,1.8,1,1,1,1,1,216.45,1,17,3,3,3,3,7,1,1,1,1
3,14,4,17,0.8,1,3,NaN,NaN,NaN,NaN,NaN,15,3,3,3,3,4,1,1,3,3
3,14,4,18,0.05,1,3,1,1,1,284.06,1,7,3,1,3,1,18,1,3,3,1
3,14,4,19,0.05,1,2,1,1,1,222.45,1,8,3,3,3,3,13,3,1,2,2
3,14,4,20,0.8,3,2,2,2,1,250.32,1,14,3,1,1,3,8,3,1,2,2
3,14,4,21,0.1,3,2,2,2,1,296.61,1,2,3,1,1,3,1,3,1,2,2
3,14,4,22,0.1,1,3,1,1,1,315.08,0,19,1,1,1,1,18,1,1,3,3
3,14,4,23,0.1,3,1,2,2,1,279.29,1,15,3,3,1,1,11,3,1,3,1
3,14,4,24,0.4,1,2,1,1,1,290.64,1,9,3,1,3,1,18,1,1,2,2
3,14,4,25,0.8,1,1,1,1,1,345.57,0,17,3,3,3,3,13,3,1,3,1
3,14,4,26,0.1,1,2,1,1,1,356.96,0,12,3,1,3,1,18,3,1,2,2
3,14,4,27,0.05,1,3,1,1,1,281.57,1,6,3,1,3,1,19,1,3,3,1
3,14,4,28,0.4,1,3,1,1,1,253.54,1,6,3,3,3,3,3,3,1,1,3
3,14,4,29,0.1,1,2,1,1,1,205.3,1,17,1,1,1,1,4,3,3,2,2
3,14,4,30,1.8,1,2,1,1,1,204.82,1,4,3,3,3,3,16,1,3,2,2
3,14,4,31,1.8,1,3,1,1,1,224.72,1,5,1,3,1,3,12,1,3,3,1
3,14,4,32,0.05,2,2,2,2,1,327.3,0,7,1,3,2,2,14,3,3,2,2
3,14,4,33,0.05,1,2,1,1,1,346.5,0,14,3,3,3,3,9,3,1,2,2
3,14,4,34,0.4,3,2,NaN,NaN,NaN,NaN,NaN,14,1,1,3,3,4,1,3,2,2
3,14,4,35,0.1,1,2,1,1,1,268.86,1,17,1,3,1,3,6,3,1,2,2
3,14,4,36,0.05,2,2,2,2,1,298.39,1,7,3,1,2,2,5,1,1,2,2
3,14,4,37,0.2,1,2,1,1,1,148.38,1,14,1,3,1,3,2,1,3,2,2
3,14,4,38,0.8,1,3,1,1,1,278.54,1,11,1,3,1,3,8,3,3,1,1
3,14,4,39,0.4,1,3,1,1,1,330.38,0,16,1,1,1,1,10,1,3,3,1
3,14,4,40,0.1,3,2,2,2,1,250.28,1,5,1,1,3,3,15,3,3,2,2
3,14,4,41,0.2,3,1,2,2,1,330.07,0,4,1,1,3,3,18,3,3,3,3
3,14,4,42,0.8,1,3,1,1,1,230.8,1,14,1,1,1,1,2,3,3,1,1
3,14,4,43,0.4,1,3,1,1,1,283.37,1,9,3,3,3,3,7,1,1,3,3
3,14,4,44,0.2,1,3,1,2,0,273.21,1,14,3,1,3,1,7,3,3,1,1
3,14,4,45,0.2,1,3,1,1,1,185.21,1,11,1,3,1,3,12,1,3,3,1
3,14,4,46,0.8,2,1,2,2,1,217.84,1,17,1,1,2,2,12,3,3,3,3
3,14,4,47,0.1,3,2,2,2,1,275.91,1,11,1,3,3,1,19,1,3,2,2
3,14,4,48,0.4,1,1,1,1,1,264.02,1,5,3,1,3,1,20,3,3,3,3
3,14,4,49,0.2,1,1,1,1,1,234.43,1,3,1,1,1,1,18,1,1,1,1
3,14,4,50,0.05,1,2,1,1,1,311.47,0,2,1,1,1,1,16,1,1,2,2
3,14,4,51,0.05,1,3,1,1,1,317.4,0,17,3,1,3,1,3,3,1,1,3
3,14,4,52,0.1,1,2,1,1,1,236.2,1,19,3,3,3,3,7,1,1,2,2
3,14,4,53,1.8,3,2,NaN,NaN,NaN,NaN,NaN,11,1,3,3,1,9,3,3,2,2
3,14,4,54,0.4,3,1,2,2,1,251.56,1,16,3,1,1,3,5,3,1,3,1
3,14,4,55,1.8,1,2,1,1,1,239.29,1,2,1,1,1,1,17,3,1,2,2
3,14,4,56,0.05,3,3,2,2,1,278.1,1,11,3,1,1,3,10,1,3,3,1
3,14,4,57,0.8,2,2,2,2,1,233.34,1,17,3,3,2,2,12,1,3,2,2
3,14,4,58,0.8,2,3,2,2,1,217.89,1,13,3,1,2,2,17,3,1,1,3
3,14,4,59,0.05,3,3,2,2,1,227.78,1,12,3,3,1,1,5,1,3,3,1
3,14,4,60,0.2,2,3,2,2,1,249.9,1,7,1,1,2,2,15,3,1,1,3
3,14,4,61,0.4,3,2,2,2,1,208.63,1,16,3,3,1,1,18,3,1,2,2
3,14,4,62,0.2,3,1,2,2,1,297.72,1,1,3,1,1,3,15,3,1,3,1
3,14,4,63,0.1,1,1,1,1,1,285.44,1,6,3,1,3,1,4,1,1,1,1
3,14,4,64,0.4,2,3,2,2,1,264.62,1,14,3,3,2,2,10,3,1,1,3
3,14,4,65,0.8,2,1,2,2,1,198.63,1,9,1,3,2,2,14,3,1,3,1
3,14,4,66,0.8,1,1,1,1,1,256.87,1,19,3,1,3,1,12,3,1,3,1
3,14,4,67,0.8,2,1,NaN,NaN,NaN,NaN,NaN,16,3,1,2,2,17,1,1,1,1
3,14,4,68,1.8,1,3,1,1,1,277.22,1,16,3,3,3,3,14,3,1,1,3
3,14,4,69,0.05,2,2,2,1,0,1125.2,0,4,1,3,2,2,16,1,1,2,2
3,14,4,70,0.8,1,3,1,2,0,247.69,1,15,1,1,1,1,4,3,3,1,1
3,14,4,71,0.1,1,2,1,1,1,241.34,1,20,1,3,1,3,12,3,1,2,2
3,14,4,72,1.8,1,1,1,1,1,286.53,1,4,3,3,3,3,20,3,3,3,3
3,14,4,73,0.1,1,1,1,1,1,260.96,1,1,3,1,3,1,17,1,3,1,3
3,14,4,74,1.8,1,3,1,1,1,254.67,1,9,3,3,3,3,8,1,3,3,1
3,14,4,75,1.8,2,3,2,2,1,214.32,1,9,1,3,2,2,6,3,1,1,3
3,14,4,76,0.8,3,2,2,2,1,330.22,0,8,1,3,3,1,16,1,1,2,2
3,14,4,77,0.2,1,2,1,1,1,255.16,1,14,1,1,1,1,19,1,3,2,2
3,14,4,78,1.8,3,3,NaN,NaN,NaN,NaN,NaN,2,3,3,1,1,10,3,3,1,1
3,14,5,1,0.8,2,1,2,2,1,267.82,1,18,3,3,2,2,4,1,3,1,3
3,14,5,2,0.05,1,2,1,1,1,287.89,1,10,1,3,1,3,19,3,3,2,2
3,14,5,3,1.8,3,2,2,1,0,264.25,1,12,1,1,3,3,12,1,1,2,2
3,14,5,4,0.8,1,3,1,1,1,318.46,0,6,1,3,1,3,4,1,1,3,3
3,14,5,5,0.8,1,1,1,1,1,288.62,1,20,1,3,1,3,5,1,3,1,3
3,14,5,6,0.4,1,3,1,1,1,286.37,1,19,1,3,1,3,12,1,1,3,3
3,14,5,7,0.05,2,3,2,2,1,297.71,1,1,3,1,2,2,19,3,3,1,1
3,14,5,8,0.1,1,2,1,1,1,244.13,1,14,3,1,3,1,12,3,1,2,2
3,14,5,9,0.4,1,1,1,1,1,202.77,1,15,1,1,1,1,18,3,3,3,3
3,14,5,10,0.4,1,1,NaN,NaN,NaN,NaN,NaN,7,3,3,3,3,8,1,1,1,1
3,14,5,11,0.05,1,3,1,1,1,303.9,0,8,3,1,3,1,10,1,3,3,1
3,14,5,12,0.05,3,2,2,1,0,219.55,1,12,1,1,3,3,13,3,1,2,2
3,14,5,13,0.4,2,3,2,2,1,311.52,0,1,1,3,2,2,9,3,1,1,3
3,14,5,14,0.2,1,3,1,1,1,215.39,1,3,3,1,3,1,13,1,1,3,3
3,14,5,15,0.8,3,2,2,2,1,218.34,1,12,1,1,3,3,6,3,1,2,2
3,14,5,16,0.8,2,3,NaN,NaN,NaN,NaN,NaN,14,1,1,2,2,20,1,1,3,3
3,14,5,17,0.1,1,1,1,1,1,311.86,0,14,3,1,3,1,13,1,1,1,1
3,14,5,18,0.2,1,2,1,1,1,236.79,1,14,3,3,3,3,5,1,1,2,2
3,14,5,19,0.05,2,1,2,1,0,281.64,1,5,3,3,2,2,7,1,3,1,3
3,14,5,20,0.1,3,2,2,2,1,259.59,1,18,3,3,1,1,10,3,1,2,2
3,14,5,21,0.4,1,3,1,1,1,225.92,1,18,1,3,1,3,1,3,1,1,3
3,14,5,22,0.2,2,1,2,2,1,186.11,1,20,1,3,2,2,6,3,3,3,3
3,14,5,23,0.4,1,3,NaN,NaN,NaN,NaN,NaN,14,3,3,3,3,15,3,1,1,3
3,14,5,24,0.4,1,1,1,1,1,273.51,1,9,1,1,1,1,2,1,3,1,3
3,14,5,25,1.8,3,1,2,2,1,193.79,1,2,3,1,1,3,3,3,3,3,3
3,14,5,26,0.8,3,1,2,2,1,237.72,1,12,3,3,1,1,10,3,1,3,1
3,14,5,27,0.05,1,3,1,1,1,355.54,0,19,1,3,1,3,8,1,3,3,1
3,14,5,28,0.8,1,2,1,1,1,278.05,1,1,3,1,3,1,3,3,1,2,2
3,14,5,29,0.1,1,2,1,1,1,285.66,1,13,3,3,3,3,2,1,3,2,2
3,14,5,30,0.8,2,1,2,1,0,277.42,1,20,1,3,2,2,16,1,1,1,1
3,14,5,31,1.8,1,2,1,1,1,295.04,1,5,1,1,1,1,9,3,1,2,2
3,14,5,32,0.05,1,3,1,1,1,326.29,0,10,3,3,3,3,8,3,1,1,3
3,14,5,33,0.1,2,3,2,1,0,269.85,1,18,3,1,2,2,5,1,1,3,3
3,14,5,34,0.2,1,2,1,1,1,214.62,1,10,1,3,1,3,9,3,3,2,2
3,14,5,35,1.8,2,2,NaN,NaN,NaN,NaN,NaN,16,3,1,2,2,17,1,1,2,2
3,14,5,36,0.2,2,2,2,2,1,291.29,1,19,1,3,2,2,5,1,1,2,2
3,14,5,37,0.8,1,2,1,1,1,297.52,1,2,3,3,3,3,20,1,3,2,2
3,14,5,38,0.4,3,2,2,2,1,217.6,1,1,3,3,1,1,14,1,1,2,2
3,14,5,39,1.8,2,1,2,2,1,200.31,1,19,1,3,2,2,20,1,3,1,3
3,14,5,40,0.1,3,3,2,2,1,334.81,0,14,3,1,1,3,19,1,1,3,3
3,14,5,41,0.05,1,2,1,1,1,260.98,1,17,3,1,3,1,4,1,3,2,2
3,14,5,42,0.05,1,1,1,1,1,312.13,0,9,3,3,3,3,19,1,1,1,1
3,14,5,43,0.1,1,2,1,1,1,245.36,1,7,3,1,3,1,1,1,3,2,2
3,14,5,44,0.1,3,3,2,2,1,277,1,7,1,1,3,3,9,1,3,3,1
3,14,5,45,0.2,2,1,2,2,1,257.67,1,1,3,3,2,2,12,3,1,3,1
3,14,5,46,0.2,2,2,2,2,1,332.59,0,5,1,3,2,2,5,3,3,2,2
3,14,5,47,1.8,1,3,1,1,1,350.42,0,3,3,1,3,1,16,3,3,1,1
3,14,5,48,0.2,2,3,2,2,1,280.03,1,14,3,1,2,2,11,1,1,3,3
3,14,5,49,0.8,3,3,2,2,1,272.16,1,16,3,3,1,1,15,1,3,3,1
3,14,5,50,1.8,1,3,NaN,NaN,NaN,NaN,NaN,19,1,1,1,1,17,1,3,3,1
3,14,5,51,0.05,2,2,2,2,1,691.38,0,7,1,3,2,2,20,1,3,2,2
3,14,5,52,1.8,1,3,1,1,1,1636.4,0,12,3,3,3,3,1,3,1,1,3
3,14,5,53,0.05,2,2,2,1,0,262.61,1,4,1,3,2,2,11,3,3,2,2
3,14,5,54,0.4,1,1,1,1,1,299.73,1,14,1,1,1,1,5,1,3,1,3
3,14,5,55,1.8,3,2,2,2,1,271.88,1,19,3,1,1,3,13,1,1,2,2
3,14,5,56,0.05,2,1,2,2,1,339.96,0,2,3,1,2,2,17,1,3,1,3
3,14,5,57,0.8,1,1,1,1,1,267.16,1,4,3,3,3,3,5,3,3,3,3
3,14,5,58,0.2,2,2,2,2,1,171.46,1,2,1,3,2,2,3,1,3,2,2
3,14,5,59,0.2,3,3,2,2,1,157.1,1,8,1,1,3,3,5,3,3,1,1
3,14,5,60,0.1,1,3,1,1,1,818.17,0,13,1,1,1,1,7,1,3,3,1
3,14,5,61,1.8,3,1,2,2,1,230.76,1,9,1,1,3,3,12,1,1,1,1
3,14,5,62,0.4,2,1,2,1,0,246.08,1,12,1,1,2,2,11,1,3,1,3
3,14,5,63,0.2,1,2,1,2,0,284.05,1,2,3,3,3,3,13,1,3,2,2
3,14,5,64,1.8,3,2,2,2,1,290.9,1,2,1,1,3,3,15,3,1,2,2
3,14,5,65,0.05,3,1,2,2,1,252.53,1,9,1,3,3,1,19,3,3,3,3
3,14,5,66,0.1,3,1,2,2,1,265.86,1,17,3,1,1,3,17,1,1,1,1
3,14,5,67,0.4,1,3,1,1,1,269.26,1,19,1,1,1,1,14,3,3,1,1
3,14,5,68,0.4,3,1,2,2,1,303.64,0,15,1,3,3,1,15,1,1,1,1
3,14,5,69,1.8,3,2,2,2,1,194.42,1,11,1,1,3,3,8,1,3,2,2
3,14,5,70,0.2,2,1,2,1,0,264.09,1,1,1,1,2,2,3,3,3,3,3
3,14,5,71,1.8,1,1,1,1,1,233.86,1,19,1,1,1,1,2,3,1,3,1
3,14,5,72,0.1,1,3,1,1,1,297.46,1,17,1,3,1,3,1,3,1,1,3
3,14,5,73,0.8,2,3,2,2,1,47.012,2,9,1,3,2,2,19,3,3,1,1
3,14,5,74,0.8,1,2,1,1,1,258.79,1,18,3,3,3,3,8,3,3,2,2
3,14,5,75,0.1,1,3,1,1,1,244.93,1,10,1,1,1,1,19,3,3,1,1
3,14,5,76,0.1,3,1,2,2,1,217.36,1,19,1,3,3,1,19,3,3,3,3
3,14,5,77,0.4,1,2,1,1,1,524.97,0,4,3,1,3,1,6,3,3,2,2
3,14,5,78,0.2,1,3,1,1,1,173.82,1,7,3,1,3,1,18,1,1,3,3
3,14,6,1,1.8,3,3,2,2,1,242.61,1,9,3,3,1,1,14,1,1,3,3
3,14,6,2,0.2,1,3,1,1,1,345.32,0,6,1,1,1,1,20,1,3,3,1
3,14,6,3,0.4,1,3,1,1,1,271.11,1,19,1,3,1,3,6,1,1,3,3
3,14,6,4,0.05,1,1,1,1,1,283.71,1,2,1,3,1,3,11,3,1,3,1
3,14,6,5,0.1,1,2,1,1,1,250.8,1,16,1,3,1,3,5,1,1,2,2
3,14,6,6,0.1,1,2,1,1,1,178.95,1,3,3,1,3,1,19,3,1,2,2
3,14,6,7,0.4,3,2,2,2,1,232.96,1,9,1,1,3,3,3,3,3,2,2
3,14,6,8,0.8,1,3,1,1,1,237.97,1,15,1,3,1,3,18,1,3,3,1
3,14,6,9,0.05,1,3,1,1,1,331.92,0,14,3,1,3,1,18,3,3,1,1
3,14,6,10,0.8,2,2,2,1,0,229.62,1,4,3,3,2,2,9,1,1,2,2
3,14,6,11,0.1,2,3,2,2,1,277.07,1,13,3,3,2,2,9,1,1,3,3
3,14,6,12,1.8,1,2,1,1,1,255.38,1,8,3,1,3,1,1,3,3,2,2
3,14,6,13,0.1,1,3,1,2,0,262.18,1,8,3,1,3,1,14,3,1,1,3
3,14,6,14,0.8,3,1,2,2,1,301.09,0,2,3,1,1,3,11,3,1,3,1
3,14,6,15,0.1,1,2,1,1,1,313.65,0,6,3,1,3,1,20,3,3,2,2
3,14,6,16,0.4,3,3,2,2,1,269.37,1,11,1,3,3,1,10,3,3,1,1
3,14,6,17,0.2,1,1,1,1,1,308.2,0,17,3,3,3,3,8,1,3,1,3
3,14,6,18,0.4,1,1,1,1,1,160.04,1,14,1,1,1,1,8,3,1,3,1
3,14,6,19,0.4,1,2,1,1,1,311.85,0,10,1,1,1,1,13,3,1,2,2
3,14,6,20,0.05,2,2,2,1,0,248.1,1,7,3,3,2,2,9,3,1,2,2
3,14,6,21,0.1,2,3,2,2,1,278.57,1,9,3,3,2,2,14,3,3,1,1
3,14,6,22,0.2,3,3,2,2,1,368.67,0,3,1,3,3,1,9,1,3,3,1
3,14,6,23,0.2,3,1,2,2,1,271.38,1,16,1,1,3,3,1,1,3,1,3
3,14,6,24,1.8,2,2,NaN,NaN,NaN,NaN,NaN,7,1,1,2,2,15,3,1,2,2
3,14,6,25,1.8,3,1,2,2,1,306.9,0,2,3,1,1,3,11,3,1,3,1
3,14,6,26,1.8,2,1,2,2,1,279.43,1,9,1,3,2,2,9,3,1,3,1
3,14,6,27,0.4,3,3,2,1,0,336.66,0,2,3,3,1,1,15,1,1,3,3
3,14,6,28,0.05,1,2,1,1,1,334.14,0,3,1,3,1,3,20,3,3,2,2
3,14,6,29,0.1,1,1,1,1,1,245.67,1,8,1,3,1,3,16,1,1,1,1
3,14,6,30,1.8,2,3,NaN,NaN,NaN,NaN,NaN,9,3,3,2,2,18,1,3,3,1
3,14,6,31,0.8,1,1,1,1,1,231.27,1,17,1,3,1,3,3,1,1,1,1
3,14,6,32,0.1,3,1,2,2,1,252.72,1,12,3,3,1,1,20,3,3,3,3
3,14,6,33,1.8,1,2,1,1,1,234.04,1,15,1,3,1,3,3,1,3,2,2
3,14,6,34,0.2,1,3,1,1,1,369.64,0,18,1,3,1,3,9,3,1,1,3
3,14,6,35,1.8,1,1,1,1,1,219.8,1,3,1,1,1,1,19,1,3,1,3
3,14,6,36,0.4,1,2,1,1,1,136.12,1,16,3,1,3,1,18,1,3,2,2
3,14,6,37,0.05,1,1,1,1,1,224.6,1,8,1,3,1,3,8,1,1,1,1
3,14,6,38,0.05,1,1,1,1,1,315.91,0,3,1,1,1,1,8,3,1,3,1
3,14,6,39,0.1,1,1,1,1,1,248.47,1,13,1,1,1,1,19,1,3,1,3
3,14,6,40,0.8,3,1,2,2,1,-6.0084,2,8,1,3,3,1,14,3,3,3,3
3,14,6,41,0.05,3,1,2,2,1,470.28,0,12,3,3,1,1,16,1,1,1,1
3,14,6,42,0.2,1,1,1,1,1,246.28,1,10,3,1,3,1,11,1,3,1,3
3,14,6,43,0.2,1,2,1,1,1,221.95,1,19,1,3,1,3,7,3,1,2,2
3,14,6,44,0.2,3,1,2,2,1,286.78,1,11,1,3,3,1,12,3,3,3,3
3,14,6,45,0.05,1,3,1,1,1,320.5,0,17,1,1,1,1,15,1,3,3,1
3,14,6,46,0.05,2,3,2,2,1,204.68,1,13,3,1,2,2,6,3,3,1,1
3,14,6,47,0.8,1,2,1,1,1,220.18,1,19,3,3,3,3,1,1,3,2,2
3,14,6,48,0.2,1,1,1,1,1,158.17,1,9,3,1,3,1,11,1,1,1,1
3,14,6,49,0.8,2,3,2,2,1,246.23,1,2,3,1,2,2,2,1,1,3,3
3,14,6,50,0.05,1,1,1,1,1,242.64,1,18,3,3,3,3,12,3,3,3,3
3,14,6,51,0.8,2,3,2,2,1,226.9,1,12,1,1,2,2,12,3,1,1,3
3,14,6,52,0.4,3,1,2,2,1,259.29,1,13,1,1,3,3,2,3,3,3,3
3,14,6,53,0.4,1,3,1,1,1,272.81,1,20,3,3,3,3,5,1,1,3,3
3,14,6,54,0.4,2,3,2,2,1,243.83,1,7,3,1,2,2,4,1,3,3,1
3,14,6,55,0.2,2,3,2,1,0,222.56,1,17,1,1,2,2,17,3,1,1,3
3,14,6,56,0.2,1,1,1,1,1,283.52,1,12,1,3,1,3,9,3,3,3,3
3,14,6,57,0.8,3,3,NaN,NaN,NaN,NaN,NaN,2,3,1,1,3,7,3,1,1,3
3,14,6,58,0.05,3,3,2,2,1,273.77,1,18,1,3,3,1,7,1,1,3,3
3,14,6,59,0.4,2,2,2,2,1,270.55,1,18,3,1,2,2,7,1,1,2,2
3,14,6,60,0.2,2,3,2,2,1,169.6,1,10,1,3,2,2,8,3,3,1,1
3,14,6,61,1.8,1,3,1,1,1,219.76,1,14,3,3,3,3,12,1,3,3,1
3,14,6,62,0.4,1,3,1,1,1,209.65,1,3,3,1,3,1,1,1,3,3,1
3,14,6,63,0.8,3,3,2,2,1,234.7,1,9,3,1,1,3,12,3,1,1,3
3,14,6,64,1.8,3,2,2,2,1,242.4,1,6,3,3,1,1,12,1,3,2,2
3,14,6,65,0.1,1,2,1,1,1,257.74,1,6,1,3,1,3,13,3,1,2,2
3,14,6,66,1.8,2,1,2,2,1,201.69,1,9,1,1,2,2,14,1,1,1,1
3,14,6,67,0.05,1,3,1,1,1,254.28,1,5,3,3,3,3,2,1,3,3,1
3,14,6,68,0.1,2,3,2,1,0,257.42,1,3,3,1,2,2,3,3,1,1,3
3,14,6,69,0.1,2,2,2,2,1,239.33,1,10,3,1,2,2,20,3,1,2,2
3,14,6,70,0.8,2,1,2,2,1,244.1,1,16,3,3,2,2,17,3,1,3,1
3,14,6,71,0.4,3,2,2,2,1,266.14,1,1,1,1,3,3,3,3,1,2,2
3,14,6,72,1.8,1,2,1,1,1,233.9,1,5,3,3,3,3,14,1,1,2,2
3,14,6,73,0.8,1,1,1,1,1,216.43,1,10,3,3,3,3,4,1,3,1,3
3,14,6,74,0.8,1,3,1,2,0,187.36,1,2,1,3,1,3,13,1,3,3,1
3,14,6,75,1.8,1,2,1,1,1,289.83,1,2,3,1,3,1,13,1,3,2,2
3,14,6,76,0.2,1,1,1,1,1,297.09,1,20,1,3,1,3,4,1,3,1,3
3,14,6,77,0.1,3,1,2,2,1,286.38,1,4,1,3,3,1,10,1,1,1,1
3,14,6,78,0.05,1,3,1,2,0,355.17,0,14,3,3,3,3,13,1,3,3,1
3,14,7,1,0.8,1,2,1,1,1,265.32,1,17,3,3,3,3,9,1,3,2,2
3,14,7,2,0.4,1,2,1,1,1,224.36,1,14,3,1,3,1,14,3,3,2,2
3,14,7,3,0.1,1,3,1,1,1,271.44,1,5,1,3,1,3,15,1,3,3,1
3,14,7,4,0.1,2,1,2,1,0,223.98,1,3,1,3,2,2,4,3,1,3,1
3,14,7,5,0.05,1,3,1,1,1,275.08,1,6,3,1,3,1,2,1,3,3,1
3,14,7,6,0.8,1,3,1,1,1,213.36,1,4,1,1,1,1,17,3,3,1,1
3,14,7,7,0.8,1,2,1,1,1,330.14,0,20,1,1,1,1,18,1,3,2,2
3,14,7,8,1.8,3,2,2,2,1,218.02,1,12,1,1,3,3,10,1,1,2,2
3,14,7,9,0.05,1,3,1,1,1,313.15,0,11,3,1,3,1,9,1,1,3,3
3,14,7,10,0.05,1,1,1,1,1,267.38,1,19,1,3,1,3,19,1,1,1,1
3,14,7,11,0.2,1,3,1,1,1,77.248,2,11,3,3,3,3,11,1,1,3,3
3,14,7,12,0.4,3,2,2,2,1,205.46,1,3,1,3,3,1,3,3,3,2,2
3,14,7,13,0.8,1,1,1,1,1,224.3,1,1,1,3,1,3,20,3,1,3,1
3,14,7,14,0.4,1,3,1,1,1,235.75,1,17,3,1,3,1,2,1,3,3,1
3,14,7,15,0.05,2,3,2,2,1,277.44,1,2,1,3,2,2,20,1,1,3,3
3,14,7,16,0.4,1,3,1,1,1,240.77,1,15,1,3,1,3,8,1,1,3,3
3,14,7,17,0.1,3,2,2,2,1,252.05,1,16,3,1,1,3,17,1,1,2,2
3,14,7,18,0.8,3,1,2,2,1,47.761,2,17,3,1,1,3,6,1,1,1,1
3,14,7,19,0.8,3,2,2,2,1,235.17,1,17,1,3,3,1,9,1,3,2,2
3,14,7,20,0.4,2,3,2,2,1,248.46,1,20,1,1,2,2,12,1,3,3,1
3,14,7,21,1.8,1,3,1,2,0,208.72,1,1,3,1,3,1,11,1,1,3,3
3,14,7,22,1.8,1,1,1,2,0,213.64,1,13,1,1,1,1,1,1,3,1,3
3,14,7,23,0.1,1,1,1,1,1,240.23,1,2,1,1,1,1,13,1,1,1,1
3,14,7,24,0.05,1,1,1,1,1,334.35,0,6,1,3,1,3,20,3,3,3,3
3,14,7,25,0.2,1,2,1,1,1,234.86,1,8,1,1,1,1,1,1,3,2,2
3,14,7,26,0.2,1,1,1,1,1,228.46,1,20,1,3,1,3,3,3,3,3,3
3,14,7,27,0.05,3,2,2,2,1,288.52,1,13,1,3,3,1,14,1,3,2,2
3,14,7,28,0.4,1,3,1,2,0,284.07,1,18,3,1,3,1,13,3,3,1,1
3,14,7,29,0.1,3,2,2,2,1,233.95,1,14,3,3,1,1,4,1,3,2,2
3,14,7,30,0.1,3,2,2,2,1,232.16,1,12,3,1,1,3,2,1,3,2,2
3,14,7,31,0.8,3,2,2,2,1,195.11,1,5,1,1,3,3,3,3,3,2,2
3,14,7,32,1.8,1,1,1,1,1,234.99,1,19,3,3,3,3,7,1,3,1,3
3,14,7,33,1.8,3,3,2,2,1,212.08,1,20,1,3,3,1,14,3,1,1,3
3,14,7,34,1.8,2,2,2,2,1,244.85,1,2,1,3,2,2,14,1,1,2,2
3,14,7,35,0.8,1,2,1,1,1,254.85,1,10,3,3,3,3,19,1,1,2,2
3,14,7,36,0.05,1,2,1,1,1,266.08,1,20,1,1,1,1,2,1,1,2,2
3,14,7,37,0.2,3,1,2,2,1,304.49,0,11,1,1,3,3,1,3,1,3,1
3,14,7,38,0.8,1,2,1,1,1,354.08,0,6,3,1,3,1,2,3,3,2,2
3,14,7,39,0.4,1,2,1,1,1,101.44,1,3,3,1,3,1,12,3,1,2,2
3,14,7,40,0.05,1,1,1,1,1,292,1,12,3,3,3,3,4,1,1,1,1
3,14,7,41,0.4,1,1,1,1,1,254.18,1,4,1,3,1,3,17,1,1,1,1
3,14,7,42,0.1,3,1,2,2,1,241.48,1,2,3,1,1,3,10,1,3,1,3
3,14,7,43,0.1,1,1,1,1,1,262.65,1,17,3,3,3,3,11,1,1,1,1
3,14,7,44,0.8,2,3,2,2,1,227.17,1,1,1,1,2,2,20,3,1,1,3
3,14,7,45,0.4,1,3,1,1,1,253.44,1,10,1,3,1,3,19,3,3,1,1
3,14,7,46,0.05,1,3,1,1,1,272.04,1,8,1,1,1,1,15,1,3,3,1
3,14,7,47,0.4,1,1,1,2,0,260.57,1,16,1,1,1,1,5,1,1,1,1
3,14,7,48,0.1,3,3,2,2,1,246.23,1,11,1,3,3,1,2,1,1,3,3
3,14,7,49,0.05,3,3,2,2,1,258.25,1,5,3,3,1,1,3,1,1,3,3
3,14,7,50,1.8,3,1,2,2,1,210.41,1,20,1,1,3,3,16,1,1,1,1
3,14,7,51,0.1,1,1,1,1,1,315.93,0,12,1,3,1,3,1,3,3,3,3
3,14,7,52,1.8,1,2,NaN,NaN,NaN,NaN,NaN,10,3,3,3,3,15,3,3,2,2
3,14,7,53,0.8,1,1,1,1,1,252.86,1,4,3,3,3,3,13,3,3,3,3
3,14,7,54,0.8,1,2,1,1,1,248.88,1,16,1,3,1,3,6,3,3,2,2
3,14,7,55,0.2,1,3,1,1,1,224.24,1,10,3,1,3,1,17,1,1,3,3
3,14,7,56,1.8,3,2,2,2,1,15.3,2,8,1,3,3,1,19,1,3,2,2
3,14,7,57,0.2,1,3,1,1,1,303.86,0,11,1,1,1,1,20,3,1,1,3
3,14,7,58,0.4,1,2,1,1,1,234.96,1,2,1,1,1,1,1,3,3,2,2
3,14,7,59,0.4,2,1,2,2,1,223.59,1,9,3,3,2,2,17,1,1,1,1
3,14,7,60,0.2,3,3,2,2,1,252.82,1,14,3,1,1,3,8,3,1,1,3
3,14,7,61,1.8,1,3,1,1,1,219.53,1,5,3,3,3,3,12,1,3,3,1
3,14,7,62,0.1,2,1,2,1,0,258.62,1,13,3,1,2,2,10,1,3,1,3
3,14,7,63,1.8,1,3,1,2,0,215.7,1,15,3,3,3,3,16,3,3,1,1
3,14,7,64,0.4,1,2,1,1,1,307.58,0,9,1,1,1,1,19,1,1,2,2
3,14,7,65,1.8,1,3,1,1,1,189.22,1,6,3,3,3,3,6,3,1,1,3
3,14,7,66,0.2,1,3,1,1,1,244.03,1,20,3,3,3,3,18,3,3,1,1
3,14,7,67,0.2,1,1,1,1,1,261.75,1,3,3,3,3,3,9,1,1,1,1
3,14,7,68,0.05,1,3,1,1,1,255.43,1,13,1,1,1,1,4,3,3,1,1
3,14,7,69,0.8,1,2,1,1,1,233.8,1,15,3,3,3,3,11,3,3,2,2
3,14,7,70,0.2,1,2,1,1,1,260.44,1,13,1,1,1,1,9,3,3,2,2
3,14,7,71,0.2,2,1,2,1,0,314.54,0,6,3,3,2,2,2,3,1,3,1
3,14,7,72,0.2,1,2,1,1,1,251.01,1,7,3,3,3,3,10,3,3,2,2
3,14,7,73,0.1,1,3,1,1,1,247.2,1,4,1,1,1,1,7,3,1,1,3
3,14,7,74,0.1,1,2,1,1,1,235.17,1,1,3,1,3,1,5,3,1,2,2
3,14,7,75,0.05,3,1,2,2,1,263.89,1,18,3,1,1,3,1,1,3,1,3
3,14,7,76,0.2,3,3,2,2,1,146.93,1,9,3,1,1,3,9,3,3,1,1
3,14,7,77,0.05,2,2,2,2,1,348.02,0,16,1,1,2,2,6,3,3,2,2
3,14,7,78,1.8,1,1,1,1,1,219.94,1,8,3,3,3,3,6,1,1,1,1
3,14,8,1,0.4,1,3,1,1,1,275.53,1,10,3,3,3,3,10,1,1,3,3
3,14,8,2,0.8,1,2,1,1,1,287.76,1,7,3,3,3,3,1,1,1,2,2
3,14,8,3,0.2,1,2,1,1,1,245.76,1,20,1,1,1,1,18,1,3,2,2
3,14,8,4,0.8,1,2,1,1,1,263.66,1,1,3,3,3,3,9,3,3,2,2
3,14,8,5,0.1,1,3,1,1,1,282.8,1,17,1,1,1,1,20,1,3,3,1
3,14,8,6,0.05,1,3,1,1,1,297.29,1,8,3,3,3,3,10,1,3,3,1
3,14,8,7,1.8,1,2,1,1,1,297.08,1,3,3,1,3,1,3,1,1,2,2
3,14,8,8,0.4,2,2,2,2,1,293.29,1,4,3,1,2,2,10,3,3,2,2
3,14,8,9,1.8,3,1,2,2,1,193.39,1,18,3,3,1,1,1,1,3,1,3
3,14,8,10,0.2,1,2,1,1,1,277.45,1,16,1,1,1,1,14,1,1,2,2
3,14,8,11,0.2,1,2,1,1,1,297.54,1,4,3,3,3,3,6,3,3,2,2
3,14,8,12,1.8,1,1,1,1,1,208.54,1,6,3,3,3,3,17,3,1,3,1
3,14,8,13,0.8,3,2,2,2,1,260.43,1,13,1,3,3,1,9,3,1,2,2
3,14,8,14,0.2,3,1,2,2,1,287.35,1,10,3,1,1,3,12,1,1,1,1
3,14,8,15,0.05,3,1,2,2,1,280.84,1,14,3,3,1,1,7,3,3,3,3
3,14,8,16,0.8,1,3,1,1,1,310.66,0,6,3,1,3,1,17,1,1,3,3
3,14,8,17,0.4,2,1,2,1,0,288.9,1,15,1,3,2,2,15,1,3,1,3
3,14,8,18,0.1,3,2,2,2,1,288.41,1,4,1,1,3,3,20,3,3,2,2
3,14,8,19,0.1,1,3,1,1,1,265.98,1,17,3,3,3,3,19,1,1,3,3
3,14,8,20,0.8,1,2,1,1,1,232.55,1,8,1,1,1,1,12,3,3,2,2
3,14,8,21,0.05,1,3,1,1,1,272.19,1,14,1,1,1,1,11,1,1,3,3
3,14,8,22,0.05,2,1,2,1,0,243.1,1,17,1,3,2,2,14,1,1,1,1
3,14,8,23,1.8,2,3,2,2,1,218.32,1,11,1,3,2,2,8,3,1,1,3
3,14,8,24,1.8,1,3,1,1,1,211.92,1,4,3,1,3,1,8,3,1,1,3
3,14,8,25,0.05,1,3,1,2,0,265.49,1,20,3,1,3,1,20,1,1,3,3
3,14,8,26,1.8,3,3,2,2,1,200.59,1,14,3,3,1,1,14,1,3,3,1
3,14,8,27,0.05,1,2,1,1,1,269.29,1,17,3,1,3,1,14,1,3,2,2
3,14,8,28,0.1,1,3,1,1,1,224.33,1,5,3,3,3,3,2,1,3,3,1
3,14,8,29,0.2,3,3,2,2,1,253.27,1,14,1,1,3,3,19,3,3,1,1
3,14,8,30,0.8,1,3,1,1,1,240.03,1,2,3,3,3,3,15,1,3,3,1
3,14,8,31,0.8,3,3,2,2,1,242.83,1,10,3,3,1,1,17,3,3,1,1
3,14,8,32,0.1,1,1,1,1,1,281.75,1,20,1,1,1,1,17,1,3,1,3
3,14,8,33,0.2,1,3,1,1,1,258.99,1,11,1,1,1,1,14,3,3,1,1
3,14,8,34,0.4,1,1,1,1,1,267.05,1,15,3,1,3,1,8,1,1,1,1
3,14,8,35,0.1,1,1,1,1,1,291.26,1,3,1,1,1,1,10,1,3,1,3
3,14,8,36,0.4,3,2,2,2,1,281.77,1,12,1,1,3,3,7,1,3,2,2
3,14,8,37,0.2,1,1,1,1,1,251.98,1,14,1,1,1,1,8,3,3,3,3
3,14,8,38,0.1,1,1,1,1,1,215.15,1,4,3,3,3,3,6,3,1,3,1
3,14,8,39,0.8,1,1,1,1,1,253.47,1,16,3,1,3,1,6,1,3,1,3
3,14,8,40,0.8,1,3,1,1,1,240.44,1,13,1,3,1,3,2,3,1,1,3
3,14,8,41,1.8,1,1,1,1,1,205.17,1,16,3,1,3,1,19,3,3,3,3
3,14,8,42,0.2,2,1,2,1,0,283.06,1,15,1,1,2,2,11,3,1,3,1
3,14,8,43,0.4,3,2,2,2,1,246.87,1,5,3,3,1,1,19,1,1,2,2
3,14,8,44,0.8,1,2,1,1,1,229.9,1,8,3,3,3,3,8,1,3,2,2
3,14,8,45,0.4,1,1,1,1,1,261.94,1,19,1,3,1,3,1,1,3,1,3
3,14,8,46,0.4,1,2,1,1,1,245.37,1,19,3,1,3,1,7,1,1,2,2
3,14,8,47,1.8,1,1,1,1,1,220.69,1,17,1,3,1,3,11,1,1,1,1
3,14,8,48,0.2,1,1,1,1,1,234.64,1,10,3,1,3,1,9,3,1,3,1
3,14,8,49,0.2,1,1,1,1,1,280.92,1,10,3,3,3,3,16,1,3,1,3
3,14,8,50,1.8,1,1,1,1,1,246.68,1,9,1,1,1,1,1,3,3,3,3
3,14,8,51,0.1,1,2,1,1,1,329.87,0,9,1,1,1,1,5,1,3,2,2
3,14,8,52,0.05,2,3,2,2,1,797.91,0,7,3,3,2,2,10,3,1,1,3
3,14,8,53,0.1,1,1,1,2,0,269.33,1,18,3,1,3,1,7,3,1,3,1
3,14,8,54,0.8,1,1,1,2,0,242.5,1,14,3,3,3,3,3,3,1,3,1
3,14,8,55,0.8,2,1,2,1,0,246.92,1,1,1,3,2,2,4,3,1,3,1
3,14,8,56,0.4,1,1,1,1,1,244.32,1,20,1,1,1,1,16,3,3,3,3
3,14,8,57,0.2,1,3,1,1,1,261.28,1,19,1,1,1,1,18,1,1,3,3
3,14,8,58,0.8,1,2,1,1,1,247.11,1,17,1,1,1,1,9,1,3,2,2
3,14,8,59,0.2,2,3,2,2,1,281.32,1,18,1,1,2,2,14,1,1,3,3
3,14,8,60,1.8,3,2,2,2,1,229.38,1,17,1,3,3,1,1,3,3,2,2
3,14,8,61,0.05,1,2,1,1,1,262.38,1,1,1,1,1,1,6,1,3,2,2
3,14,8,62,0.05,1,3,1,2,0,602.97,0,1,3,3,3,3,7,3,3,1,1
3,14,8,63,0.05,1,1,1,1,1,259.02,1,12,3,1,3,1,14,1,1,1,1
3,14,8,64,0.4,1,1,1,1,1,232.63,1,1,1,3,1,3,20,3,3,3,3
3,14,8,65,0.1,1,1,1,1,1,280.21,1,14,3,1,3,1,17,1,1,1,1
3,14,8,66,0.2,3,1,2,2,1,156.58,1,8,1,1,3,3,18,3,3,3,3
3,14,8,67,0.05,1,1,1,2,0,316.03,0,4,3,3,3,3,4,1,1,1,1
3,14,8,68,1.8,1,1,1,1,1,270.94,1,15,3,3,3,3,14,3,3,3,3
3,14,8,69,0.4,1,1,1,1,1,242.83,1,19,1,3,1,3,16,1,3,1,3
3,14,8,70,1.8,1,1,1,1,1,210.28,1,8,3,1,3,1,5,3,1,3,1
3,14,8,71,0.1,1,1,1,1,1,278.76,1,18,3,1,3,1,13,3,3,3,3
3,14,8,72,0.1,1,1,1,1,1,225.96,1,11,1,3,1,3,17,3,3,3,3
3,14,8,73,0.05,1,1,1,1,1,258.06,1,7,1,3,1,3,4,3,3,3,3
3,14,8,74,0.05,1,1,1,1,1,265.36,1,15,1,1,1,1,16,3,3,3,3
3,14,8,75,1.8,3,3,2,2,1,279.69,1,16,3,1,1,3,14,1,3,3,1
3,14,8,76,0.1,3,2,2,1,0,301.19,0,1,1,3,3,1,10,1,1,2,2
3,14,8,77,0.4,1,1,1,1,1,240.15,1,10,1,1,1,1,7,3,1,3,1
3,14,8,78,0.4,3,2,2,2,1,252.66,1,2,3,1,1,3,8,3,3,2,2
3,14,9,1,0.1,1,1,1,1,1,280.73,1,8,1,1,1,1,18,1,1,1,1
3,14,9,2,1.8,3,3,2,2,1,203.95,1,14,1,1,3,3,15,1,1,3,3
3,14,9,3,1.8,2,2,2,2,1,186.32,1,18,1,1,2,2,7,3,3,2,2
3,14,9,4,1.8,3,2,2,2,1,243.52,1,6,1,3,3,1,15,3,1,2,2
3,14,9,5,0.05,3,1,2,1,0,287.71,1,4,3,1,1,3,16,1,3,1,3
3,14,9,6,0.4,3,3,2,2,1,356.08,0,9,3,1,1,3,10,1,1,3,3
3,14,9,7,0.05,2,3,2,2,1,283.31,1,1,1,3,2,2,2,1,3,3,1
3,14,9,8,0.2,3,2,2,2,1,263.15,1,14,3,1,1,3,20,3,1,2,2
3,14,9,9,0.05,2,1,2,2,1,303.59,0,9,3,3,2,2,13,3,1,3,1
3,14,9,10,1.8,1,2,NaN,NaN,NaN,NaN,NaN,18,3,1,3,1,14,3,3,2,2
3,14,9,11,0.2,2,2,2,1,0,265.23,1,9,3,1,2,2,11,3,1,2,2
3,14,9,12,0.05,2,2,2,1,0,268.05,1,16,3,3,2,2,9,3,3,2,2
3,14,9,13,0.05,2,1,2,1,0,271.93,1,4,1,1,2,2,14,3,1,3,1
3,14,9,14,0.4,1,3,1,1,1,223.57,1,7,3,3,3,3,15,1,3,3,1
3,14,9,15,0.2,2,3,2,2,1,320.67,0,19,1,1,2,2,18,1,3,3,1
3,14,9,16,0.8,1,3,1,1,1,225.18,1,14,1,1,1,1,2,1,1,3,3
3,14,9,17,0.2,1,1,1,1,1,199.71,1,19,3,1,3,1,3,1,3,1,3
3,14,9,18,1.8,2,3,2,2,1,214.41,1,15,1,1,2,2,14,3,1,1,3
3,14,9,19,0.4,1,2,1,1,1,229.82,1,5,1,1,1,1,1,1,3,2,2
3,14,9,20,0.2,2,3,2,2,1,125.22,1,9,3,3,2,2,16,1,1,3,3
3,14,9,21,0.4,1,3,1,2,0,227.48,1,13,3,3,3,3,20,3,3,1,1
3,14,9,22,0.1,1,1,1,1,1,261.13,1,16,3,3,3,3,5,3,3,3,3
3,14,9,23,0.05,2,1,2,1,0,374.96,0,15,3,1,2,2,15,1,1,1,1
3,14,9,24,0.4,1,1,1,1,1,237.11,1,19,1,3,1,3,19,3,1,3,1
3,14,9,25,0.8,1,1,1,1,1,271.11,1,3,1,1,1,1,4,3,3,3,3
3,14,9,26,0.05,1,3,1,2,0,301.17,0,13,3,3,3,3,19,3,1,1,3
3,14,9,27,0.4,3,2,2,2,1,233.61,1,20,1,3,3,1,8,3,3,2,2
3,14,9,28,0.05,2,2,2,2,1,336.92,0,3,1,3,2,2,1,3,3,2,2
3,14,9,29,0.05,1,3,1,2,0,272.68,1,15,3,3,3,3,9,1,3,3,1
3,14,9,30,0.4,1,3,1,1,1,263.52,1,6,3,1,3,1,4,3,3,1,1
3,14,9,31,0.8,1,1,1,1,1,235.65,1,16,3,3,3,3,12,1,3,1,3
3,14,9,32,0.2,3,2,2,2,1,201.63,1,2,1,1,3,3,2,3,1,2,2
3,14,9,33,0.8,1,1,1,1,1,271,1,12,1,1,1,1,4,1,3,1,3
3,14,9,34,0.1,3,3,2,2,1,240.01,1,14,1,3,3,1,16,1,3,3,1
3,14,9,35,0.2,3,2,2,2,1,234.94,1,3,1,3,3,1,20,1,1,2,2
3,14,9,36,0.05,3,2,2,2,1,261.06,1,8,3,3,1,1,1,1,3,2,2
3,14,9,37,0.2,1,3,1,1,1,317.05,0,11,3,1,3,1,15,3,1,1,3
3,14,9,38,1.8,1,2,1,1,1,156.77,1,6,3,3,3,3,19,1,3,2,2
3,14,9,39,1.8,3,2,2,2,1,241.13,1,3,1,3,3,1,6,3,3,2,2
3,14,9,40,0.1,1,3,1,2,0,284.24,1,13,3,3,3,3,13,3,1,1,3
3,14,9,41,0.2,1,2,1,1,1,228.6,1,16,1,1,1,1,13,3,3,2,2
3,14,9,42,0.4,3,1,2,2,1,227.39,1,17,3,1,1,3,6,1,1,1,1
3,14,9,43,0.05,3,1,2,2,1,283.39,1,17,3,1,1,3,4,3,1,3,1
3,14,9,44,0.4,3,3,2,2,1,222.61,1,18,3,3,1,1,1,1,1,3,3
3,14,9,45,0.8,1,2,1,1,1,230.62,1,18,1,1,1,1,8,1,1,2,2
3,14,9,46,0.1,1,3,1,2,0,221.33,1,16,1,3,1,3,11,1,1,3,3
3,14,9,47,0.8,2,3,2,1,0,239.63,1,20,3,1,2,2,2,1,1,3,3
3,14,9,48,0.8,1,2,1,1,1,246.21,1,1,3,3,3,3,14,1,3,2,2
3,14,9,49,0.8,1,1,NaN,NaN,NaN,NaN,NaN,6,1,1,1,1,4,3,1,3,1
3,14,9,50,0.1,1,3,1,1,1,243.64,1,9,3,1,3,1,16,1,3,3,1
3,14,9,51,0.2,1,2,1,1,1,217.42,1,4,1,3,1,3,20,3,1,2,2
3,14,9,52,0.4,1,1,1,1,1,319.11,0,4,3,1,3,1,6,3,1,3,1
3,14,9,53,0.4,3,3,2,2,1,275.37,1,6,1,1,3,3,13,1,3,3,1
3,14,9,54,0.1,1,1,1,1,1,237.82,1,15,1,3,1,3,12,3,3,3,3
3,14,9,55,0.2,1,2,1,1,1,305.63,0,8,3,1,3,1,9,3,1,2,2
3,14,9,56,0.8,1,2,1,1,1,204.44,1,15,1,3,1,3,19,1,3,2,2
3,14,9,57,0.8,1,2,1,1,1,223.94,1,10,3,3,3,3,2,3,1,2,2
3,14,9,58,0.1,1,3,1,1,1,282.27,1,4,1,1,1,1,9,1,1,3,3
3,14,9,59,1.8,1,1,1,1,1,197.69,1,4,3,3,3,3,18,3,3,3,3
3,14,9,60,0.1,3,1,2,2,1,223.32,1,5,3,3,1,1,20,3,1,3,1
3,14,9,61,1.8,2,1,2,2,1,232.2,1,11,1,3,2,2,5,1,3,1,3
3,14,9,62,0.05,2,1,2,1,0,359.06,0,17,1,1,2,2,8,3,3,3,3
3,14,9,63,0.1,1,1,1,1,1,202.56,1,1,1,3,1,3,16,3,3,3,3
3,14,9,64,0.1,3,2,2,2,1,239.79,1,10,1,3,3,1,18,1,3,2,2
3,14,9,65,0.05,1,1,1,1,1,268.59,1,2,3,3,3,3,6,3,1,3,1
3,14,9,66,0.1,1,3,1,1,1,197.07,1,16,3,1,3,1,3,1,3,3,1
3,14,9,67,1.8,1,3,NaN,NaN,NaN,NaN,NaN,18,1,3,1,3,7,3,1,1,3
3,14,9,68,0.8,2,2,2,2,1,280.3,1,7,1,1,2,2,7,3,3,2,2
3,14,9,69,1.8,2,1,2,2,1,191.58,1,14,3,1,2,2,19,3,3,3,3
3,14,9,70,0.8,1,1,1,2,0,230.39,1,4,3,1,3,1,7,1,1,1,1
3,14,9,71,0.4,2,2,2,2,1,191.22,1,8,1,3,2,2,1,3,1,2,2
3,14,9,72,0.1,3,1,2,2,1,322.8,0,10,1,3,3,1,1,3,1,3,1
3,14,9,73,0.8,1,3,1,1,1,209.11,1,10,3,1,3,1,2,3,3,1,1
3,14,9,74,1.8,2,2,2,1,0,190.7,1,12,1,3,2,2,20,1,3,2,2
3,14,9,75,0.2,2,1,2,1,0,245.11,1,17,3,1,2,2,1,3,1,3,1
3,14,9,76,0.2,3,1,2,2,1,194.71,1,3,1,1,3,3,12,3,1,3,1
3,14,9,77,1.8,3,3,2,2,1,216.54,1,18,3,3,1,1,12,1,1,3,3
3,14,9,78,0.4,2,1,2,2,1,304.07,0,3,1,1,2,2,19,1,1,1,1
3,14,10,1,0.05,1,1,1,1,1,322.35,0,19,1,3,1,3,20,3,3,3,3
3,14,10,2,0.05,1,2,1,1,1,290.39,1,16,3,1,3,1,9,3,1,2,2
3,14,10,3,0.8,2,3,2,1,0,267.47,1,12,3,3,2,2,18,1,1,3,3
3,14,10,4,0.1,1,1,1,1,1,219.74,1,20,1,3,1,3,5,3,1,3,1
3,14,10,5,0.4,2,2,2,1,0,229.11,1,20,1,3,2,2,10,1,3,2,2
3,14,10,6,0.4,3,2,2,2,1,222.84,1,6,3,3,1,1,12,3,1,2,2
3,14,10,7,0.2,1,1,1,1,1,271.26,1,16,3,1,3,1,18,1,3,1,3
3,14,10,8,1.8,1,2,1,1,1,191.36,1,15,3,3,3,3,12,1,3,2,2
3,14,10,9,0.4,1,1,1,1,1,237.27,1,18,1,1,1,1,9,1,1,1,1
3,14,10,10,1.8,1,3,1,1,1,208.58,1,8,3,3,3,3,11,3,1,1,3
3,14,10,11,0.2,2,1,2,1,0,225.22,1,10,1,1,2,2,6,3,3,3,3
3,14,10,12,0.8,2,2,2,1,0,226.9,1,12,1,3,2,2,4,1,3,2,2
3,14,10,13,0.1,3,3,2,2,1,173.24,1,2,1,1,3,3,17,3,1,1,3
3,14,10,14,0.2,1,1,1,1,1,234.97,1,3,3,3,3,3,20,1,3,1,3
3,14,10,15,0.8,1,2,1,1,1,238.17,1,15,1,1,1,1,5,1,3,2,2
3,14,10,16,0.2,1,2,1,1,1,232.22,1,1,1,3,1,3,10,1,3,2,2
3,14,10,17,0.4,2,2,2,1,0,216.72,1,1,3,1,2,2,11,3,1,2,2
3,14,10,18,0.4,3,2,2,2,1,203.55,1,14,3,1,1,3,16,3,1,2,2
3,14,10,19,0.1,1,1,1,1,1,283.3,1,19,1,3,1,3,8,3,3,3,3
3,14,10,20,1.8,3,2,2,2,1,232.08,1,17,1,3,3,1,4,1,3,2,2
3,14,10,21,0.05,3,2,2,2,1,250.04,1,5,1,1,3,3,13,1,3,2,2
3,14,10,22,0.1,3,2,2,2,1,263.48,1,3,3,3,1,1,10,1,1,2,2
3,14,10,23,0.4,1,1,1,1,1,220.56,1,3,1,3,1,3,14,1,1,1,1
3,14,10,24,0.4,1,3,1,1,1,272.63,1,5,1,3,1,3,11,3,1,1,3
3,14,10,25,0.8,1,2,1,1,1,82.737,2,14,3,1,3,1,1,3,1,2,2
3,14,10,26,1.8,3,2,2,2,1,220.16,1,18,1,1,3,3,9,1,3,2,2
3,14,10,27,0.4,1,3,1,1,1,239.94,1,8,1,3,1,3,7,1,3,3,1
3,14,10,28,0.4,2,3,2,2,1,245.38,1,8,1,1,2,2,5,3,1,1,3
3,14,10,29,0.05,2,3,2,1,0,284.23,1,12,1,3,2,2,1,1,1,3,3
3,14,10,30,0.1,1,2,1,1,1,226.07,1,10,1,1,1,1,12,1,1,2,2
3,14,10,31,1.8,1,2,NaN,NaN,NaN,NaN,NaN,15,3,1,3,1,16,1,3,2,2
3,14,10,32,0.05,3,3,2,1,0,287.1,1,1,3,3,1,1,3,1,3,3,1
3,14,10,33,0.8,1,2,1,1,1,207.88,1,3,1,3,1,3,8,1,1,2,2
3,14,10,34,1.8,3,3,2,2,1,223.48,1,2,3,1,1,3,10,1,1,3,3
3,14,10,35,1.8,2,1,2,2,1,210.51,1,19,1,1,2,2,11,3,3,3,3
3,14,10,36,0.2,3,2,2,2,1,243.68,1,19,1,3,3,1,20,1,1,2,2
3,14,10,37,0.4,2,1,2,2,1,291.74,1,1,3,1,2,2,9,1,1,1,1
3,14,10,38,0.8,1,2,1,2,0,282.14,1,17,3,3,3,3,6,3,1,2,2
3,14,10,39,0.2,1,1,1,1,1,271.93,1,3,3,3,3,3,6,3,1,3,1
3,14,10,40,0.2,1,2,1,1,1,1629.1,0,17,1,3,1,3,7,1,1,2,2
3,14,10,41,0.2,1,3,1,1,1,290.2,1,17,1,1,1,1,18,3,3,1,1
3,14,10,42,0.8,2,3,2,2,1,256.73,1,20,3,1,2,2,16,3,1,1,3
3,14,10,43,0.1,1,1,1,1,1,251.47,1,14,1,1,1,1,11,3,1,3,1
3,14,10,44,1.8,3,3,2,2,1,266.97,1,20,1,1,3,3,15,3,1,1,3
3,14,10,45,0.1,1,1,1,1,1,207.44,1,9,1,1,1,1,20,1,1,1,1
3,14,10,46,0.05,1,3,1,1,1,275.54,1,20,3,3,3,3,6,1,1,3,3
3,14,10,47,0.05,1,2,1,2,0,235.72,1,1,1,1,1,1,7,3,3,2,2
3,14,10,48,0.1,1,1,1,1,1,172,1,10,1,3,1,3,17,3,1,3,1
3,14,10,49,0.4,3,1,2,2,1,311.3,0,4,1,1,3,3,14,1,3,1,3
3,14,10,50,0.8,2,2,2,1,0,234.66,1,10,1,1,2,2,12,3,3,2,2
3,14,10,51,0.2,1,1,1,1,1,281.7,1,17,1,3,1,3,3,3,3,3,3
3,14,10,52,0.1,2,3,2,2,1,305.62,0,9,1,1,2,2,18,1,3,3,1
3,14,10,53,0.1,1,2,1,1,1,222.33,1,8,1,3,1,3,19,1,1,2,2
3,14,10,54,0.2,3,1,2,2,1,280.12,1,15,1,3,3,1,17,1,1,1,1
3,14,10,55,1.8,1,2,1,1,1,620.01,0,16,3,1,3,1,20,1,1,2,2
3,14,10,56,0.8,1,3,1,1,1,220.92,1,11,1,3,1,3,1,3,3,1,1
3,14,10,57,0.4,1,3,1,1,1,239.56,1,11,1,1,1,1,15,1,1,3,3
3,14,10,58,0.05,3,1,2,2,1,348.77,0,11,1,1,3,3,15,3,1,3,1
3,14,10,59,1.8,1,1,1,1,1,273.25,1,1,3,1,3,1,1,3,3,3,3
3,14,10,60,0.8,2,3,2,2,1,257.95,1,13,3,3,2,2,15,1,3,3,1
3,14,10,61,0.05,1,2,1,1,1,280.26,1,12,3,3,3,3,11,1,1,2,2
3,14,10,62,0.05,2,3,2,1,0,216.8,1,12,1,1,2,2,16,1,1,3,3
3,14,10,63,0.1,1,1,1,1,1,236.92,1,16,1,3,1,3,7,1,3,1,3
3,14,10,64,0.05,3,3,2,2,1,301.45,0,9,1,3,3,1,8,3,3,1,1
3,14,10,65,0.8,2,2,2,1,0,278.63,1,12,1,1,2,2,4,3,1,2,2
3,14,10,66,0.8,1,2,1,1,1,255.76,1,18,3,3,3,3,6,3,3,2,2
3,14,10,67,0.1,1,1,1,1,1,233.6,1,14,3,3,3,3,5,1,3,1,3
3,14,10,68,0.8,2,2,2,2,1,228.06,1,18,1,1,2,2,10,1,1,2,2
3,14,10,69,0.2,1,1,1,1,1,210.67,1,14,1,1,1,1,11,3,3,3,3
3,14,10,70,0.2,3,1,2,2,1,469.44,0,20,3,1,1,3,4,1,1,1,1
3,14,10,71,0.05,3,2,2,2,1,262.71,1,5,3,3,1,1,2,1,1,2,2
3,14,10,72,1.8,2,3,2,2,1,228.66,1,9,3,1,2,2,4,1,1,3,3
3,14,10,73,0.4,1,1,1,1,1,290.43,1,3,1,3,1,3,8,1,3,1,3
3,14,10,74,0.1,1,1,1,1,1,286.57,1,4,3,3,3,3,9,1,1,1,1
3,14,10,75,0.2,1,3,1,1,1,268.71,1,5,1,1,1,1,8,3,3,1,1
3,14,10,76,1.8,2,2,2,1,0,224.23,1,8,3,1,2,2,18,1,3,2,2
3,14,10,77,0.05,1,3,1,1,1,283.45,1,9,1,1,1,1,16,1,1,3,3
3,14,10,78,1.8,1,1,1,1,1,239.55,1,1,3,3,3,3,7,3,3,3,3
