3,1,1,1,0.4,1,1,1,1,1,312.75,0,17,3,1,3,1,6,1,3,1,3
3,1,1,2,0.05,1,1,1,2,0,247.34,1,3,3,1,3,1,14,3,1,3,1
3,1,1,3,0.1,1,1,1,2,0,216.86,1,18,1,1,1,1,8,1,3,1,3
3,1,1,4,0.4,3,3,2,2,1,225.02,1,5,3,3,1,1,13,1,1,3,3
3,1,1,5,0.8,1,1,1,2,0,229.16,1,10,1,3,1,3,10,1,3,1,3
3,1,1,6,0.1,3,3,2,2,1,433.43,0,11,3,1,1,3,19,3,1,1,3
3,1,1,7,0.4,3,3,2,2,1,236.02,1,6,3,1,1,3,15,3,1,1,3
3,1,1,8,0.4,1,1,1,2,0,221.76,1,7,3,3,3,3,2,3,3,3,3
3,1,1,9,0.4,1,1,1,2,0,198.84,1,20,3,3,3,3,9,1,1,1,1
3,1,1,10,1.8,1,1,1,2,0,231.39,1,19,1,1,1,1,15,1,1,1,1
3,1,1,11,1.8,1,1,1,1,1,227.32,1,14,3,3,3,3,18,3,3,3,3
3,1,1,12,0.05,1,1,1,1,1,336.21,0,15,3,1,3,1,14,3,1,3,1
3,1,1,13,0.8,3,3,2,1,0,208.35,1,3,1,3,3,1,20,3,1,1,3
3,1,1,14,0.8,1,1,1,1,1,211.17,1,19,3,3,3,3,13,1,3,1,3
3,1,1,15,0.8,3,3,2,1,0,238.11,1,11,1,1,3,3,9,3,1,1,3
3,1,1,16,0.1,1,1,1,1,1,299.29,1,13,1,1,1,1,1,3,1,3,1
3,1,1,17,0.4,3,3,2,1,0,212.87,1,7,1,1,3,3,6,1,3,3,1
3,1,1,18,1.8,1,1,1,1,1,216.08,1,17,3,1,3,1,4,1,3,1,3
3,1,1,19,0.05,3,3,2,1,0,298.5,1,15,3,3,1,1,12,3,3,1,1
3,1,1,20,0.2,1,1,1,1,1,205.75,1,19,3,1,3,1,7,1,1,1,1
3,1,1,21,0.1,3,3,2,1,0,220.49,1,5,3,1,1,3,10,3,3,1,1
3,1,1,22,0.05,3,3,2,1,0,194.88,1,20,3,1,1,3,18,3,1,1,3
3,1,1,23,0.8,3,3,2,1,0,197.75,1,10,3,3,1,1,17,1,3,3,1
3,1,1,24,0.1,3,3,2,2,1,264.46,1,20,3,1,1,3,14,3,3,1,1
3,1,1,25,0.05,3,3,2,1,0,275.77,1,12,1,1,3,3,9,3,1,1,3
3,1,1,26,1.8,1,1,NaN,NaN,NaN,NaN,NaN,1,1,3,1,3,16,1,3,1,3
3,1,1,27,1.8,3,3,2,1,0,247.19,1,1,1,3,3,1,6,3,3,1,1
3,1,1,28,0.05,3,3,2,1,0,292.38,1,20,3,1,1,3,6,3,1,1,3
3,1,1,29,0.2,1,1,1,1,1,222.68,1,1,1,3,1,3,3,3,1,3,1
3,1,1,30,0.2,3,3,2,1,0,251.46,1,7,1,1,3,3,3,1,3,3,1
3,1,1,31,0.2,3,3,2,1,0,244.11,1,9,3,1,1,3,20,3,1,1,3
3,1,1,32,0.8,1,1,1,1,1,213.45,1,17,1,1,1,1,17,3,1,3,1
3,1,1,33,0.2,3,3,2,1,0,230.42,1,5,1,3,3,1,15,3,3,1,1
3,1,1,34,0.05,3,3,2,1,0,257.31,1,12,1,3,3,1,20,3,3,1,1
3,1,1,35,0.2,1,1,1,1,1,-9.8448,2,11,3,1,3,1,3,3,1,3,1
3,1,1,36,0.1,3,3,2,1,0,226.29,1,19,3,1,1,3,7,1,3,3,1
3,1,1,37,0.8,3,3,2,1,0,260.97,1,16,1,3,3,1,16,3,3,1,1
3,1,1,38,1.8,1,1,1,2,0,252.27,1,4,1,1,1,1,11,3,1,3,1
3,1,1,39,0.05,1,1,1,1,1,310.85,0,9,3,1,3,1,16,1,3,1,3
3,1,1,40,0.4,1,1,1,1,1,211.36,1,11,3,1,3,1,20,1,3,1,3
3,1,1,41,0.4,3,3,2,2,1,233.35,1,4,1,3,3,1,13,1,1,3,3
3,1,1,42,0.2,1,1,1,1,1,241.09,1,7,3,3,3,3,2,1,3,1,3
3,1,1,43,0.8,1,1,1,1,1,258.18,1,20,3,1,3,1,13,3,3,3,3
3,1,1,44,0.4,1,1,1,2,0,628.04,0,5,1,3,1,3,17,3,1,3,1
3,1,1,45,0.1,1,1,1,2,0,244.66,1,10,3,3,3,3,20,3,1,3,1
3,1,1,46,1.8,3,3,2,1,0,271.53,1,9,1,1,3,3,19,1,3,3,1
3,1,1,47,0.05,3,3,2,1,0,312.1,0,7,1,1,3,3,15,1,1,3,3
3,1,1,48,0.05,1,1,1,1,1,347.68,0,19,1,1,1,1,5,1,3,1,3
3,1,1,49,0.1,1,1,1,2,0,370.88,0,2,3,3,3,3,18,1,1,1,1
3,1,1,50,0.1,1,1,1,2,0,258.87,1,4,1,1,1,1,1,3,1,3,1
3,1,1,51,1.8,3,3,2,2,1,294.55,1,19,3,3,1,1,11,3,3,1,1
3,1,1,52,0.8,1,1,1,2,0,211.85,1,16,1,1,1,1,11,1,1,1,1
3,1,1,53,0.1,3,3,2,1,0,293.67,1,15,3,1,1,3,8,3,3,1,1
3,1,1,54,0.8,3,3,2,1,0,239.52,1,3,1,1,3,3,10,3,3,1,1
3,1,1,55,0.05,1,1,1,1,1,317.46,0,5,1,3,1,3,12,3,1,3,1
3,1,1,56,0.8,3,3,2,1,0,195.78,1,5,1,1,3,3,3,3,1,1,3
3,1,1,57,0.1,3,3,2,2,1,225.53,1,6,3,3,1,1,17,3,3,1,1
3,1,1,58,0.2,3,3,2,1,0,256.17,1,8,1,3,3,1,7,1,3,3,1
3,1,1,59,0.2,1,1,1,1,1,211.22,1,18,1,1,1,1,18,1,1,1,1
3,1,1,60,0.8,3,3,2,1,0,217.01,1,17,1,3,3,1,3,3,1,1,3
3,1,1,61,1.8,3,3,2,1,0,211.99,1,2,1,1,3,3,9,3,3,1,1
3,1,1,62,0.4,3,3,2,1,0,234.27,1,14,1,1,3,3,13,3,1,1,3
3,1,1,63,0.2,3,3,2,1,0,292.01,1,19,3,1,1,3,3,3,3,1,1
3,1,1,64,1.8,1,1,1,1,1,243.48,1,4,3,3,3,3,15,1,1,1,1
3,1,1,65,0.4,3,3,2,1,0,287.06,1,18,1,3,3,1,3,1,3,3,1
3,1,1,66,1.8,1,1,1,2,0,265.88,1,7,1,3,1,3,13,1,1,1,1
3,1,1,67,1.8,3,3,2,2,1,258.43,1,7,1,1,3,3,19,1,3,3,1
3,1,1,68,1.8,1,1,1,2,0,268.77,1,12,3,1,3,1,1,3,1,3,1
3,1,1,69,0.05,1,1,1,2,0,407.12,0,1,1,1,1,1,17,3,3,3,3
3,1,1,70,0.2,3,3,2,2,1,245.55,1,15,1,3,3,1,15,3,3,1,1
3,1,1,71,0.05,1,1,1,2,0,226.23,1,9,1,1,1,1,5,3,1,3,1
3,1,1,72,0.1,3,3,2,2,1,271.22,1,15,3,3,1,1,11,1,3,3,1
3,1,1,73,0.1,3,3,2,2,1,248.58,1,5,1,3,3,1,6,1,1,3,3
3,1,1,74,0.2,1,1,1,1,1,238.48,1,11,3,1,3,1,15,1,3,1,3
3,1,1,75,0.4,3,3,2,1,0,235.73,1,1,1,3,3,1,12,3,1,1,3
3,1,1,76,0.8,1,1,1,2,0,16.541,2,11,1,1,1,1,3,1,1,1,1
3,1,1,77,0.2,3,3,2,1,0,228.25,1,17,3,3,1,1,2,3,1,1,3
3,1,1,78,0.4,1,1,1,1,1,269.45,1,15,1,1,1,1,16,1,3,1,3
3,1,2,1,0.05,3,3,2,2,1,322.4,0,13,1,1,3,3,9,3,1,1,3
3,1,2,2,0.1,1,1,1,2,0,257.65,1,4,1,1,1,1,20,3,1,3,1
3,1,2,3,0.05,1,1,1,2,0,207.1,1,18,1,3,1,3,14,3,1,3,1
3,1,2,4,0.1,3,3,2,2,1,210.7,1,20,1,3,3,1,8,1,1,3,3
3,1,2,5,0.8,1,1,1,1,1,227.84,1,9,1,1,1,1,2,1,1,1,1
3,1,2,6,0.05,3,3,2,1,0,243.63,1,20,1,1,3,3,12,3,1,1,3
3,1,2,7,0.4,1,1,1,1,1,215.38,1,17,1,1,1,1,7,1,3,1,3
3,1,2,8,0.05,1,1,1,2,0,215.77,1,7,3,1,3,1,12,1,1,1,1
3,1,2,9,0.05,1,1,1,1,1,220.99,1,12,1,3,1,3,7,1,1,1,1
3,1,2,10,0.4,1,1,1,1,1,223.71,1,14,1,3,1,3,15,1,1,1,1
3,1,2,11,0.8,3,3,2,2,1,290.35,1,11,1,1,3,3,5,3,1,1,3
3,1,2,12,0.2,3,3,2,1,0,274.36,1,11,1,1,3,3,15,1,1,3,3
3,1,2,13,0.4,1,1,1,1,1,237.95,1,11,3,1,3,1,19,3,3,3,3
3,1,2,14,0.05,1,1,1,1,1,251.29,1,14,1,1,1,1,10,3,1,3,1
3,1,2,15,0.2,1,1,1,1,1,201.33,1,9,1,1,1,1,15,3,3,3,3
3,1,2,16,0.4,1,1,1,1,1,214.51,1,13,3,3,3,3,14,3,1,3,1
3,1,2,17,0.8,3,3,2,1,0,227.28,1,15,3,1,1,3,3,3,3,1,1
3,1,2,18,0.1,1,1,1,2,0,208.18,1,16,3,3,3,3,1,3,1,3,1
3,1,2,19,1.8,3,3,2,1,0,257.93,1,15,3,1,1,3,15,3,3,1,1
3,1,2,20,0.05,1,1,1,2,0,285.44,1,19,1,3,1,3,19,1,3,1,3
3,1,2,21,0.1,1,1,1,2,0,183.57,1,7,1,3,1,3,1,3,3,3,3
3,1,2,22,0.4,3,3,2,1,0,234.74,1,4,3,3,1,1,20,1,3,3,1
3,1,2,23,0.05,1,1,1,1,1,397.76,0,13,1,1,1,1,18,3,1,3,1
3,1,2,24,0.8,1,1,1,1,1,207.19,1,12,1,1,1,1,10,1,3,1,3
3,1,2,25,0.1,3,3,2,1,0,230.89,1,8,3,1,1,3,11,3,3,1,1
3,1,2,26,0.2,3,3,2,1,0,27.253,2,17,3,3,1,1,9,1,3,3,1
3,1,2,27,0.8,3,3,2,2,1,207.46,1,16,3,3,1,1,2,3,1,1,3
3,1,2,28,0.8,1,1,1,2,0,194.99,1,5,3,1,3,1,15,3,3,3,3
3,1,2,29,0.4,3,3,2,2,1,218.27,1,13,3,1,1,3,11,3,1,1,3
3,1,2,30,0.2,1,1,1,2,0,238.1,1,5,3,3,3,3,17,1,3,1,3
3,1,2,31,0.1,3,3,2,2,1,369.87,0,3,1,3,3,1,9,1,3,3,1
3,1,2,32,0.05,1,1,1,2,0,219.49,1,10,1,1,1,1,4,3,1,3,1
3,1,2,33,1.8,3,3,2,2,1,230.29,1,2,1,1,3,3,10,1,3,3,1
3,1,2,34,0.4,1,1,1,2,0,211.7,1,17,3,3,3,3,4,3,1,3,1
3,1,2,35,1.8,1,1,1,1,1,229.68,1,11,1,1,1,1,1,1,3,1,3
3,1,2,36,0.05,3,3,2,1,0,319.2,0,16,1,3,3,1,2,3,3,1,1
3,1,2,37,0.05,1,1,1,1,1,258.62,1,12,1,1,1,1,7,3,1,3,1
3,1,2,38,0.4,1,1,1,1,1,553.01,0,4,1,1,1,1,18,1,1,1,1
3,1,2,39,0.1,3,3,2,1,0,223.44,1,12,3,1,1,3,20,1,3,3,1
3,1,2,40,0.1,1,1,1,2,0,163.92,1,2,1,3,1,3,9,3,1,3,1
3,1,2,41,0.2,3,3,2,2,1,229.71,1,9,1,1,3,3,10,1,1,3,3
3,1,2,42,0.1,1,1,1,2,0,230.97,1,17,3,3,3,3,12,3,3,3,3
3,1,2,43,0.8,3,3,NaN,NaN,NaN,NaN,NaN,10,1,3,3,1,14,1,3,3,1
3,1,2,44,0.2,3,3,2,1,0,239.02,1,12,3,3,1,1,6,1,3,3,1
3,1,2,45,0.8,1,1,1,1,1,286.86,1,9,1,1,1,1,4,1,3,1,3
3,1,2,46,0.2,3,3,2,1,0,235.1,1,12,1,1,3,3,7,3,1,1,3
3,1,2,47,1.8,1,1,1,1,1,254.22,1,20,3,3,3,3,10,1,1,1,1
3,1,2,48,0.8,3,3,2,1,0,270.28,1,19,3,3,1,1,6,1,1,3,3
3,1,2,49,1.8,3,3,2,2,1,263.93,1,20,3,1,1,3,14,1,1,3,3
3,1,2,50,0.2,3,3,2,2,1,495.04,0,12,3,1,1,3,1,1,1,3,3
3,1,2,51,0.4,1,1,1,2,0,225.12,1,9,1,1,1,1,19,1,1,1,1
3,1,2,52,0.05,1,1,1,2,0,295.02,1,5,1,1,1,1,18,3,1,3,1
3,1,2,53,0.2,3,3,2,2,1,238.79,1,6,1,1,3,3,13,1,1,3,3
3,1,2,54,0.2,3,3,2,2,1,175.19,1,7,1,3,3,1,17,3,1,1,3
3,1,2,55,1.8,1,1,1,1,1,243.39,1,18,3,1,3,1,19,1,3,1,3
3,1,2,56,0.8,1,1,1,1,1,222.38,1,17,3,1,3,1,20,1,1,1,1
3,1,2,57,0.1,3,3,2,1,0,255.88,1,20,1,3,3,1,19,1,3,3,1
3,1,2,58,0.1,1,1,1,1,1,243.79,1,20,3,3,3,3,8,1,3,1,3
3,1,2,59,0.2,3,3,2,1,0,234.58,1,12,1,1,3,3,20,1,1,3,3
3,1,2,60,0.1,1,1,1,1,1,234.1,1,5,3,3,3,3,3,1,1,1,1
3,1,2,61,0.4,3,3,2,1,0,250.45,1,8,3,3,1,1,6,3,1,1,3
3,1,2,62,1.8,3,3,2,1,0,275.24,1,8,1,1,3,3,1,1,1,3,3
3,1,2,63,0.4,1,1,1,1,1,275.41,1,14,1,3,1,3,3,1,3,1,3
3,1,2,64,0.2,1,1,1,2,0,233.2,1,18,1,3,1,3,6,3,3,3,3
3,1,2,65,1.8,1,1,1,1,1,249.16,1,13,1,3,1,3,10,3,3,3,3
3,1,2,66,0.2,3,3,2,1,0,281.49,1,17,1,1,3,3,7,1,1,3,3
3,1,2,67,0.05,3,3,2,1,0,349.05,0,14,1,1,3,3,14,3,1,1,3
3,1,2,68,0.8,3,3,2,1,0,264.51,1,18,1,1,3,3,8,3,3,1,1
3,1,2,69,1.8,3,3,2,1,0,246.84,1,9,3,3,1,1,19,1,3,3,1
3,1,2,70,0.8,1,1,1,1,1,246.06,1,14,3,3,3,3,1,1,3,1,3
3,1,2,71,0.8,1,1,1,1,1,301.28,0,19,1,3,1,3,10,3,1,3,1
3,1,2,72,1.8,3,3,2,1,0,245.86,1,12,3,3,1,1,17,3,1,1,3
3,1,2,73,0.4,1,1,1,2,0,289.54,1,11,3,3,3,3,2,3,1,3,1
3,1,2,74,0.4,1,1,1,2,0,234.16,1,16,1,3,1,3,16,3,3,3,3
3,1,2,75,1.8,1,1,1,1,1,245.87,1,8,3,3,3,3,10,1,1,1,1
3,1,2,76,1.8,3,3,2,1,0,237.8,1,9,1,3,3,1,20,1,1,3,3
3,1,2,77,1.8,3,3,2,1,0,254.79,1,12,3,1,1,3,10,3,3,1,1
3,1,2,78,0.1,1,1,1,1,1,328.16,0,6,3,3,3,3,20,3,3,3,3
3,1,3,1,0.8,1,1,1,2,0,350.47,0,16,3,1,3,1,8,3,3,3,3
3,1,3,2,0.2,1,1,1,2,0,212.39,1,6,3,1,3,1,9,3,1,3,1
3,1,3,3,0.1,1,1,1,2,0,304.25,0,9,1,3,1,3,15,1,3,1,3
3,1,3,4,0.05,3,3,2,2,1,233.84,1,13,1,3,3,1,15,3,1,1,3
3,1,3,5,0.1,3,3,2,2,1,294.31,1,16,1,3,3,1,1,1,3,3,1
3,1,3,6,0.05,3,3,2,2,1,265.85,1,5,1,3,3,1,16,3,1,1,3
3,1,3,7,1.8,3,3,2,1,0,248.88,1,15,1,1,3,3,4,3,3,1,1
3,1,3,8,1.8,3,3,2,2,1,242.84,1,11,1,1,3,3,2,3,3,1,1
3,1,3,9,0.4,1,1,1,2,0,204.58,1,10,1,1,1,1,13,1,1,1,1
3,1,3,10,0.2,1,1,1,2,0,211.38,1,14,3,1,3,1,9,1,1,1,1
3,1,3,11,0.2,1,1,1,1,1,252.38,1,5,1,1,1,1,2,1,3,1,3
3,1,3,12,0.2,3,3,2,1,0,239.18,1,1,3,3,1,1,13,1,3,3,1
3,1,3,13,0.05,3,3,2,1,0,208.19,1,16,1,1,3,3,19,3,1,1,3
3,1,3,14,0.05,3,3,2,1,0,239.93,1,6,1,1,3,3,20,3,3,1,1
3,1,3,15,0.4,1,1,1,1,1,258.48,1,7,3,3,3,3,12,3,1,3,1
3,1,3,16,0.8,3,3,NaN,NaN,NaN,NaN,NaN,10,3,1,1,3,7,1,3,3,1
3,1,3,17,0.4,1,1,1,2,0,406.08,0,19,3,3,3,3,6,3,3,3,3
3,1,3,18,0.4,3,3,2,2,1,252.8,1,5,3,3,1,1,13,1,3,3,1
3,1,3,19,0.8,3,3,2,1,0,236.12,1,10,1,1,3,3,3,3,1,1,3
3,1,3,20,0.2,3,3,2,1,0,226.24,1,6,1,3,3,1,4,1,3,3,1
3,1,3,21,0.05,1,1,1,2,0,211.59,1,12,3,1,3,1,16,3,1,3,1
3,1,3,22,0.4,1,1,1,2,0,216.66,1,1,1,1,1,1,2,3,1,3,1
3,1,3,23,0.1,3,3,2,2,1,234.76,1,13,1,1,3,3,2,1,1,3,3
3,1,3,24,0.05,1,1,1,2,0,242.64,1,11,3,3,3,3,20,1,3,1,3
3,1,3,25,0.2,1,1,1,2,0,235.21,1,5,3,1,3,1,19,1,3,1,3
3,1,3,26,0.1,1,1,1,2,0,177.69,1,8,1,3,1,3,14,3,3,3,3
3,1,3,27,1.8,3,3,NaN,NaN,NaN,NaN,NaN,7,1,1,3,3,13,1,3,3,1
3,1,3,28,0.2,3,3,2,2,1,291.55,1,16,1,3,3,1,16,1,3,3,1
3,1,3,29,0.1,3,3,2,2,1,257.91,1,7,1,1,3,3,18,3,3,1,1
3,1,3,30,0.05,3,3,2,1,0,236.58,1,3,1,1,3,3,14,3,1,1,3
3,1,3,31,0.4,3,3,2,1,0,245.27,1,20,3,3,1,1,11,3,3,1,1
3,1,3,32,0.4,1,1,1,1,1,241.01,1,7,1,1,1,1,15,1,3,1,3
3,1,3,33,0.1,1,1,1,2,0,251.69,1,12,1,1,1,1,11,1,1,1,1
3,1,3,34,0.8,1,1,1,1,1,252.29,1,20,3,3,3,3,16,1,1,1,1
3,1,3,35,0.1,1,1,1,2,0,235.1,1,2,3,3,3,3,19,3,3,3,3
3,1,3,36,0.8,1,1,1,1,1,239.5,1,9,3,1,3,1,20,3,1,3,1
3,1,3,37,0.8,1,1,1,2,0,240.01,1,8,1,1,1,1,11,3,1,3,1
3,1,3,38,0.1,1,1,1,1,1,260.26,1,5,3,3,3,3,4,1,1,1,1
3,1,3,39,0.8,3,3,2,2,1,246.99,1,19,3,3,1,1,19,3,3,1,1
3,1,3,40,1.8,3,3,2,1,0,242.87,1,18,1,1,3,3,18,3,3,1,1
3,1,3,41,0.1,1,1,1,2,0,289.71,1,18,1,1,1,1,15,3,3,3,3
3,1,3,42,0.8,3,3,2,2,1,211.79,1,18,1,3,3,1,13,1,1,3,3
3,1,3,43,0.4,3,3,2,1,0,268.77,1,1,1,3,3,1,16,1,1,3,3
3,1,3,44,0.2,1,1,1,2,0,255.33,1,6,1,3,1,3,8,1,1,1,1
3,1,3,45,1.8,3,3,2,1,0,237.17,1,3,3,3,1,1,3,1,1,3,3
3,1,3,46,0.8,3,3,2,2,1,231.93,1,1,1,3,3,1,3,3,1,1,3
3,1,3,47,1.8,3,3,2,2,1,272.17,1,19,3,3,1,1,13,3,3,1,1
3,1,3,48,1.8,1,1,1,2,0,284.95,1,2,3,1,3,1,20,1,3,1,3
3,1,3,49,1.8,1,1,1,2,0,308.4,0,16,1,1,1,1,3,1,3,1,3
3,1,3,50,0.1,3,3,2,2,1,486.92,0,8,3,1,1,3,10,3,1,1,3
3,1,3,51,0.8,1,1,1,2,0,266.87,1,8,3,3,3,3,5,3,1,3,1
3,1,3,52,0.2,1,1,1,2,0,255.41,1,16,3,3,3,3,11,3,1,3,1
3,1,3,53,0.2,1,1,1,2,0,210.97,1,6,1,3,1,3,6,3,3,3,3
3,1,3,54,0.05,3,3,2,2,1,225.06,1,1,1,1,3,3,2,1,1,3,3
3,1,3,55,0.05,3,3,2,2,1,264.11,1,20,3,3,1,1,5,3,1,1,3
3,1,3,56,0.1,3,3,2,2,1,232.02,1,20,3,1,1,3,20,1,1,3,3
3,1,3,57,0.8,1,1,1,2,0,238.01,1,13,3,1,3,1,1,1,3,1,3
3,1,3,58,0.05,3,3,2,2,1,387.26,0,5,3,1,1,3,11,1,1,3,3
3,1,3,59,0.4,1,1,1,2,0,248.79,1,4,3,1,3,1,6,3,3,3,3
3,1,3,60,1.8,1,1,1,2,0,252.55,1,8,1,3,1,3,4,1,3,1,3
3,1,3,61,0.05,3,3,2,2,1,303.6,0,13,3,1,1,3,2,1,3,3,1
3,1,3,62,1.8,1,1,1,2,0,270.29,1,13,1,3,1,3,20,1,3,1,3
3,1,3,63,0.4,3,3,2,1,0,237.22,1,13,1,1,3,3,17,1,3,3,1
3,1,3,64,0.4,1,1,1,2,0,291.56,1,7,3,3,3,3,10,3,3,3,3
3,1,3,65,0.2,1,1,1,2,0,309.91,0,18,1,1,1,1,18,1,1,1,1
3,1,3,66,1.8,3,3,2,1,0,249.21,1,11,3,1,1,3,12,1,1,3,3
3,1,3,67,0.2,1,1,1,1,1,263.72,1,18,1,1,1,1,8,3,3,3,3
3,1,3,68,0.05,3,3,2,2,1,259.21,1,9,3,3,1,1,19,3,3,1,1
3,1,3,69,0.4,3,3,2,1,0,209.93,1,13,1,3,3,1,15,3,1,1,3
3,1,3,70,1.8,1,1,1,2,0,209.32,1,18,1,3,1,3,18,3,1,3,1
3,1,3,71,0.05,1,1,1,1,1,207.26,1,12,1,3,1,3,16,1,1,1,1
3,1,3,72,1.8,3,3,2,1,0,238.99,1,10,1,1,3,3,6,1,3,3,1
3,1,3,73,0.4,3,3,2,1,0,255.71,1,4,3,1,1,3,8,1,3,3,1
3,1,3,74,0.8,3,3,2,1,0,237.12,1,1,1,3,3,1,8,3,1,1,3
3,1,3,75,0.1,1,1,1,2,0,298.55,1,4,1,1,1,1,5,3,1,3,1
3,1,3,76,0.2,1,1,1,1,1,244.62,1,17,1,3,1,3,19,1,3,1,3
3,1,3,77,0.1,1,1,1,2,0,298.38,1,14,3,3,3,3,18,1,1,1,1
3,1,3,78,0.8,3,3,2,2,1,465.8,0,19,1,1,3,3,8,3,3,1,1
3,1,4,1,0.1,3,3,2,2,1,255.85,1,11,1,1,3,3,15,1,3,3,1
3,1,4,2,0.1,3,3,2,2,1,230.41,1,6,1,1,3,3,4,3,1,1,3
3,1,4,3,0.8,1,1,1,2,0,236.63,1,5,3,1,3,1,20,1,1,1,1
3,1,4,4,0.05,3,3,2,2,1,257.58,1,14,3,1,1,3,11,3,3,1,1
3,1,4,5,0.8,1,1,1,2,0,241.35,1,14,3,3,3,3,7,1,3,1,3
3,1,4,6,1.8,1,1,1,2,0,234.61,1,14,1,3,1,3,17,3,1,3,1
3,1,4,7,0.05,3,3,2,2,1,239.84,1,19,3,1,1,3,18,1,1,3,3
3,1,4,8,0.4,3,3,2,2,1,203.01,1,8,1,3,3,1,3,3,1,1,3
3,1,4,9,1.8,1,1,1,2,0,332.85,0,4,3,1,3,1,3,1,3,1,3
3,1,4,10,0.1,1,1,1,2,0,372.69,0,3,3,3,3,3,12,1,1,1,1
3,1,4,11,0.05,3,3,2,2,1,202.03,1,12,1,3,3,1,10,3,1,1,3
3,1,4,12,0.4,1,1,NaN,NaN,NaN,NaN,NaN,19,1,3,1,3,3,3,3,3,3
3,1,4,13,0.8,1,1,1,2,0,288.96,1,20,3,1,3,1,9,1,1,1,1
3,1,4,14,0.2,3,3,2,2,1,252,1,6,1,3,3,1,13,1,3,3,1
3,1,4,15,0.4,1,1,1,2,0,217.11,1,3,3,1,3,1,17,1,3,1,3
3,1,4,16,0.1,1,1,1,2,0,263.01,1,2,1,1,1,1,4,1,1,1,1
3,1,4,17,0.2,1,1,1,2,0,64.941,2,11,3,1,3,1,3,1,1,1,1
3,1,4,18,0.8,1,1,1,2,0,256.09,1,12,3,3,3,3,1,1,3,1,3
3,1,4,19,0.05,1,1,1,2,0,347.28,0,3,1,3,1,3,13,3,3,3,3
3,1,4,20,0.2,3,3,2,2,1,218.09,1,3,1,3,3,1,3,3,1,1,3
3,1,4,21,1.8,1,1,1,2,0,226.73,1,6,1,3,1,3,20,3,1,3,1
3,1,4,22,1.8,3,3,2,2,1,318.74,0,10,3,1,1,3,7,3,3,1,1
3,1,4,23,0.8,1,1,1,2,0,234.24,1,17,3,1,3,1,13,1,1,1,1
3,1,4,24,0.4,1,1,1,2,0,272.94,1,9,1,1,1,1,19,1,1,1,1
3,1,4,25,0.2,3,3,2,2,1,250.43,1,5,3,1,1,3,3,3,3,1,1
3,1,4,26,0.4,1,1,1,2,0,236.96,1,7,1,3,1,3,9,1,3,1,3
3,1,4,27,0.4,1,1,1,2,0,238.19,1,9,3,3,3,3,2,1,3,1,3
3,1,4,28,0.2,3,3,2,2,1,200.14,1,19,3,3,1,1,7,1,3,3,1
3,1,4,29,0.2,1,1,1,2,0,294.48,1,16,3,1,3,1,4,3,3,3,3
3,1,4,30,0.05,3,3,2,2,1,291.9,1,16,1,3,3,1,2,1,1,3,3
3,1,4,31,0.05,3,3,2,2,1,353.27,0,5,1,3,3,1,14,3,3,1,1
3,1,4,32,0.8,3,3,2,2,1,268.37,1,19,3,1,1,3,7,3,1,1,3
3,1,4,33,1.8,3,3,2,2,1,251.28,1,13,3,1,1,3,19,1,3,3,1
3,1,4,34,0.4,1,1,1,2,0,290.69,1,17,3,3,3,3,12,3,1,3,1
3,1,4,35,0.4,1,1,1,2,0,317.78,0,19,1,1,1,1,3,1,1,1,1
3,1,4,36,0.1,1,1,1,2,0,318.78,0,14,1,1,1,1,8,1,3,1,3
3,1,4,37,0.1,1,1,1,2,0,257.94,1,12,1,1,1,1,2,3,3,3,3
3,1,4,38,0.05,3,3,2,2,1,306.85,0,20,1,3,3,1,16,1,1,3,3
3,1,4,39,0.4,3,3,NaN,NaN,NaN,NaN,NaN,3,1,3,3,1,3,1,3,3,1
3,1,4,40,0.1,3,3,2,2,1,376.51,0,2,3,3,1,1,20,3,1,1,3
3,1,4,41,0.4,1,1,1,2,0,284.22,1,20,3,3,3,3,10,1,1,1,1
3,1,4,42,1.8,3,3,2,1,0,260.71,1,13,1,3,3,1,10,3,1,1,3
3,1,4,43,0.8,1,1,1,1,1,304.88,0,11,3,3,3,3,9,1,3,1,3
3,1,4,44,0.2,1,1,1,1,1,243.86,1,5,1,3,1,3,10,3,1,3,1
3,1,4,45,0.8,1,1,1,1,1,223.08,1,6,1,1,1,1,14,1,3,1,3
3,1,4,46,0.05,1,1,1,1,1,346.25,0,2,1,3,1,3,14,1,1,1,1
3,1,4,47,1.8,1,1,1,1,1,285.5,1,4,1,3,1,3,16,3,1,3,1
3,1,4,48,0.4,3,3,2,1,0,331.03,0,8,1,3,3,1,19,3,1,1,3
3,1,4,49,1.8,3,3,2,1,0,223.04,1,7,1,1,3,3,3,1,1,3,3
3,1,4,50,0.2,3,3,2,1,0,355.02,0,1,3,1,1,3,13,1,1,3,3
3,1,4,51,0.2,3,3,2,1,0,324.21,0,18,1,1,3,3,4,3,3,1,1
3,1,4,52,1.8,3,3,2,2,1,238.35,1,11,1,3,3,1,3,3,3,1,1
3,1,4,53,0.1,1,1,1,2,0,270.27,1,8,1,1,1,1,17,3,1,3,1
3,1,4,54,0.1,3,3,2,2,1,444.35,0,17,1,3,3,1,9,1,1,3,3
3,1,4,55,0.05,3,3,2,2,1,226.02,1,10,3,3,1,1,13,1,3,3,1
3,1,4,56,0.1,1,1,1,2,0,243.56,1,8,1,3,1,3,11,3,1,3,1
3,1,4,57,0.8,1,1,1,2,0,211.25,1,7,1,1,1,1,3,1,1,1,1
3,1,4,58,1.8,3,3,2,2,1,298.2,1,7,3,3,1,1,14,1,3,3,1
3,1,4,59,1.8,1,1,1,1,1,231.41,1,11,1,1,1,1,15,3,1,3,1
3,1,4,60,0.8,1,1,1,1,1,264.39,1,6,3,1,3,1,11,3,3,3,3
3,1,4,61,0.05,3,3,2,1,0,298.29,1,6,1,1,3,3,16,3,1,1,3
3,1,4,62,0.4,1,1,1,1,1,232.48,1,11,3,1,3,1,6,1,1,1,1
3,1,4,63,0.05,3,3,2,1,0,257.32,1,15,3,3,1,1,2,3,3,1,1
3,1,4,64,1.8,1,1,1,1,1,200.24,1,1,3,3,3,3,1,1,3,1,3
3,1,4,65,0.2,1,1,1,2,0,266.82,1,9,3,1,3,1,3,1,1,1,1
3,1,4,66,0.05,1,1,1,2,0,355.34,0,18,3,3,3,3,2,3,3,3,3
3,1,4,67,0.8,3,3,2,2,1,247.71,1,9,1,3,3,1,11,3,1,1,3
3,1,4,68,0.1,1,1,1,1,1,277.23,1,1,1,1,1,1,17,1,3,1,3
3,1,4,69,0.4,3,3,2,1,0,255.45,1,15,1,3,3,1,5,1,1,3,3
3,1,4,70,0.05,3,3,2,1,0,249.41,1,12,3,3,1,1,17,1,1,3,3
3,1,4,71,0.2,1,1,1,1,1,263.16,1,11,1,3,1,3,1,1,1,1,1
3,1,4,72,0.8,1,1,1,1,1,223.87,1,19,3,3,3,3,1,1,3,1,3
3,1,4,73,1.8,3,3,2,1,0,241.04,1,2,1,3,3,1,4,1,1,3,3
3,1,4,74,0.2,3,3,2,1,0,391.76,0,3,3,3,1,1,6,3,1,1,3
3,1,4,75,0.1,1,1,1,1,1,166.49,1,3,1,1,1,1,1,1,3,1,3
3,1,4,76,0.2,1,1,1,1,1,56.344,2,4,1,3,1,3,19,1,3,1,3
3,1,4,77,0.1,3,3,2,2,1,210.73,1,7,3,1,1,3,11,3,1,1,3
3,1,4,78,0.8,1,1,1,2,0,417.41,0,19,3,1,3,1,15,1,3,1,3
3,1,5,1,0.2,3,3,2,2,1,254.03,1,5,1,3,3,1,20,1,1,3,3
3,1,5,2,0.4,3,3,2,2,1,210.52,1,1,3,1,1,3,14,3,1,1,3
3,1,5,3,0.05,1,1,1,2,0,256.85,1,10,1,1,1,1,17,3,1,3,1
3,1,5,4,0.1,1,1,1,2,0,220.7,1,11,1,3,1,3,12,3,1,3,1
3,1,5,5,0.1,1,1,1,2,0,219.54,1,8,1,3,1,3,11,1,3,1,3
3,1,5,6,0.2,1,1,1,2,0,207.07,1,2,1,1,1,1,14,3,1,3,1
3,1,5,7,0.2,1,1,1,2,0,182.96,1,7,3,1,3,1,11,3,1,3,1
3,1,5,8,0.4,1,1,1,2,0,199.88,1,4,1,3,1,3,16,3,3,3,3
3,1,5,9,0.1,1,1,1,2,0,258.87,1,19,1,1,1,1,13,3,3,3,3
3,1,5,10,1.8,3,3,2,2,1,237.71,1,2,3,1,1,3,6,1,1,3,3
3,1,5,11,0.8,1,1,1,2,0,315.36,0,13,1,3,1,3,10,3,3,3,3
3,1,5,12,0.05,3,3,2,2,1,355.78,0,6,1,3,3,1,16,1,3,3,1
3,1,5,13,0.4,3,3,2,1,0,349.42,0,11,1,1,3,3,16,3,3,1,1
3,1,5,14,0.2,1,1,1,1,1,282.62,1,5,1,1,1,1,5,3,3,3,3
3,1,5,15,0.8,1,1,1,1,1,202.45,1,13,3,1,3,1,15,3,3,3,3
3,1,5,16,1.8,1,1,1,1,1,225.57,1,13,1,3,1,3,6,3,3,3,3
3,1,5,17,0.8,3,3,2,1,0,275.98,1,19,3,1,1,3,10,3,1,1,3
3,1,5,18,0.1,1,1,1,1,1,425.96,0,3,3,3,3,3,7,3,3,3,3
3,1,5,19,0.4,3,3,2,1,0,219.04,1,15,1,3,3,1,20,3,3,1,1
3,1,5,20,0.05,1,1,1,1,1,286.6,1,15,1,3,1,3,15,3,3,3,3
3,1,5,21,0.1,1,1,1,1,1,305.42,0,4,3,1,3,1,18,3,1,3,1
3,1,5,22,0.05,3,3,2,1,0,241.68,1,20,1,3,3,1,11,3,3,1,1
3,1,5,23,0.2,3,3,2,1,0,289.14,1,2,1,1,3,3,7,1,3,3,1
3,1,5,24,0.05,3,3,2,1,0,276.2,1,14,1,3,3,1,7,3,3,1,1
3,1,5,25,0.1,1,1,1,1,1,210.76,1,8,3,1,3,1,17,1,1,1,1
3,1,5,26,0.4,3,3,2,1,0,204.42,1,10,1,1,3,3,9,1,3,3,1
3,1,5,27,1.8,1,1,NaN,NaN,NaN,NaN,NaN,2,1,1,1,1,11,1,3,1,3
3,1,5,28,0.2,3,3,2,2,1,239.9,1,5,1,1,3,3,4,3,1,1,3
3,1,5,29,0.05,1,1,1,2,0,216.79,1,5,3,1,3,1,17,3,3,3,3
3,1,5,30,0.4,1,1,1,2,0,213.19,1,7,1,3,1,3,1,1,3,1,3
3,1,5,31,0.05,1,1,1,2,0,268.28,1,7,3,1,3,1,14,3,1,3,1
3,1,5,32,1.8,3,3,NaN,NaN,NaN,NaN,NaN,4,1,3,3,1,2,3,3,1,1
3,1,5,33,0.8,3,3,2,2,1,265.55,1,1,3,1,1,3,12,1,1,3,3
3,1,5,34,0.1,1,1,1,2,0,256.83,1,7,3,3,3,3,14,1,3,1,3
3,1,5,35,0.8,1,1,1,2,0,227.53,1,3,3,3,3,3,10,3,3,3,3
3,1,5,36,0.1,1,1,1,2,0,257.03,1,3,3,1,3,1,9,3,1,3,1
3,1,5,37,0.1,1,1,1,2,0,242.76,1,8,1,1,1,1,12,3,3,3,3
3,1,5,38,0.2,3,3,2,2,1,229.57,1,5,1,1,3,3,19,3,1,1,3
3,1,5,39,0.2,3,3,2,2,1,223.81,1,5,3,3,1,1,9,1,1,3,3
3,1,5,40,0.8,3,3,2,2,1,227.23,1,5,1,3,3,1,3,3,1,1,3
3,1,5,41,0.05,1,1,1,2,0,238.19,1,16,1,3,1,3,10,3,1,3,1
3,1,5,42,0.2,3,3,2,2,1,226.06,1,13,1,3,3,1,8,3,1,1,3
3,1,5,43,0.05,3,3,2,2,1,224.91,1,16,3,1,1,3,5,1,3,3,1
3,1,5,44,0.1,3,3,2,2,1,238.47,1,15,3,3,1,1,10,1,3,3,1
3,1,5,45,0.8,3,3,2,2,1,248.54,1,11,1,1,3,3,17,3,1,1,3
3,1,5,46,0.4,1,1,1,2,0,196.57,1,13,3,3,3,3,6,1,3,1,3
3,1,5,47,0.2,3,3,2,2,1,218.46,1,5,3,1,1,3,7,3,3,1,1
3,1,5,48,0.8,3,3,2,2,1,233.06,1,3,1,3,3,1,10,1,1,3,3
3,1,5,49,0.8,3,3,2,2,1,227.35,1,17,1,1,3,3,16,3,3,1,1
3,1,5,50,1.8,1,1,1,2,0,216.45,1,6,1,3,1,3,6,3,1,3,1
3,1,5,51,0.4,1,1,1,2,0,243.42,1,14,1,3,1,3,11,3,1,3,1
3,1,5,52,0.05,1,1,1,1,1,241.72,1,9,3,3,3,3,3,3,1,3,1
3,1,5,53,0.2,3,3,2,1,0,225.03,1,16,1,1,3,3,11,3,1,1,3
3,1,5,54,0.05,1,1,1,1,1,301.16,0,6,1,3,1,3,19,1,3,1,3
3,1,5,55,0.05,3,3,2,1,0,233.42,1,4,3,1,1,3,6,1,1,3,3
3,1,5,56,1.8,3,3,2,1,0,233.71,1,3,1,1,3,3,20,3,1,1,3
3,1,5,57,0.4,3,3,2,2,1,226.29,1,19,1,1,3,3,2,3,3,1,1
3,1,5,58,1.8,3,3,NaN,NaN,NaN,NaN,NaN,18,1,1,3,3,16,1,1,3,3
3,1,5,59,0.1,1,1,1,2,0,254.53,1,3,1,1,1,1,16,3,3,3,3
3,1,5,60,0.8,3,3,2,2,1,277.44,1,20,1,3,3,1,11,3,3,1,1
3,1,5,61,0.2,3,3,2,2,1,249.16,1,5,1,1,3,3,19,3,1,1,3
3,1,5,62,0.4,1,1,1,2,0,263.74,1,10,1,3,1,3,10,1,1,1,1
3,1,5,63,0.1,1,1,1,2,0,251.74,1,5,3,1,3,1,7,3,3,3,3
3,1,5,64,0.4,1,1,1,2,0,241.05,1,19,3,1,3,1,14,3,3,3,3
3,1,5,65,0.4,1,1,1,2,0,231.09,1,6,3,1,3,1,4,1,1,1,1
3,1,5,66,0.8,1,1,1,2,0,214.48,1,7,1,1,1,1,11,1,1,1,1
3,1,5,67,0.4,1,1,1,2,0,256.97,1,7,1,1,1,1,19,3,1,3,1
3,1,5,68,0.2,1,1,1,2,0,215.54,1,15,1,1,1,1,10,1,1,1,1
3,1,5,69,1.8,3,3,2,2,1,254.57,1,12,1,1,3,3,13,1,3,3,1
3,1,5,70,1.8,1,1,1,2,0,266.36,1,1,1,1,1,1,13,1,3,1,3
3,1,5,71,0.8,3,3,2,2,1,257.42,1,2,3,1,1,3,13,3,3,1,1
3,1,5,72,1.8,1,1,1,2,0,283.07,1,19,3,1,3,1,11,1,1,1,1
3,1,5,73,1.8,1,1,1,2,0,237.57,1,1,3,3,3,3,11,3,1,3,1
3,1,5,74,1.8,1,1,1,2,0,276.76,1,15,3,3,3,3,19,3,1,3,1
3,1,5,75,0.05,3,3,2,2,1,407.18,0,15,3,1,1,3,5,3,1,1,3
3,1,5,76,0.8,1,1,1,2,0,216.74,1,12,3,1,3,1,6,3,3,3,3
3,1,5,77,0.1,3,3,2,2,1,354.16,0,2,1,3,3,1,3,1,1,3,3
3,1,5,78,1.8,3,3,2,2,1,228.56,1,9,3,1,1,3,18,1,1,3,3
3,1,6,1,1.8,1,1,1,1,1,219.66,1,7,1,3,1,3,2,3,1,3,1
3,1,6,2,0.2,1,1,1,1,1,248.06,1,14,1,3,1,3,9,3,3,3,3
3,1,6,3,0.4,1,1,1,1,1,221.55,1,3,1,3,1,3,13,3,3,3,3
3,1,6,4,0.05,3,3,2,1,0,230.96,1,2,1,3,3,1,15,1,3,3,1
3,1,6,5,0.4,3,3,2,1,0,204.18,1,4,1,1,3,3,5,1,3,3,1
3,1,6,6,0.8,1,1,1,2,0,229.44,1,17,1,1,1,1,4,3,1,3,1
3,1,6,7,0.2,1,1,1,1,1,219.56,1,5,3,3,3,3,14,3,1,3,1
3,1,6,8,0.8,3,3,2,1,0,215.65,1,3,3,3,1,1,17,1,1,3,3
3,1,6,9,0.1,3,3,2,1,0,444.95,0,20,1,3,3,1,16,1,3,3,1
3,1,6,10,0.4,3,3,2,1,0,199.5,1,13,3,3,1,1,3,1,1,3,3
3,1,6,11,0.1,1,1,1,1,1,221.05,1,16,3,3,3,3,5,3,3,3,3
3,1,6,12,0.8,3,3,2,1,0,195.82,1,6,1,3,3,1,9,3,3,1,1
3,1,6,13,0.05,1,1,1,1,1,236.08,1,5,3,1,3,1,8,1,3,1,3
3,1,6,14,0.05,3,3,2,1,0,238.6,1,12,1,3,3,1,7,3,1,1,3
3,1,6,15,0.1,3,3,2,1,0,192.63,1,18,1,3,3,1,7,1,1,3,3
3,1,6,16,0.4,3,3,2,1,0,201.44,1,16,3,3,1,1,6,1,3,3,1
3,1,6,17,0.05,1,1,1,2,0,195.28,1,17,1,3,1,3,13,1,3,1,3
3,1,6,18,0.1,1,1,1,1,1,209.74,1,11,3,1,3,1,4,3,3,3,3
3,1,6,19,0.05,1,1,1,1,1,213.48,1,8,3,3,3,3,10,3,1,3,1
3,1,6,20,0.1,1,1,1,1,1,238.37,1,2,1,3,1,3,1,3,1,3,1
3,1,6,21,0.1,1,1,1,1,1,242.33,1,6,1,3,1,3,1,1,3,1,3
3,1,6,22,0.2,1,1,1,1,1,48.524,2,2,3,3,3,3,3,3,3,3,3
3,1,6,23,0.8,3,3,2,2,1,210.25,1,12,1,3,3,1,18,1,3,3,1
3,1,6,24,0.2,1,1,1,2,0,33.159,2,9,1,1,1,1,14,1,3,1,3
3,1,6,25,1.8,1,1,1,2,0,223.48,1,2,3,3,3,3,1,1,3,1,3
3,1,6,26,0.1,1,1,1,2,0,259.64,1,15,3,1,3,1,5,3,1,3,1
3,1,6,27,0.1,3,3,2,2,1,251.35,1,9,3,1,1,3,8,1,3,3,1
3,1,6,28,1.8,1,1,1,2,0,230.23,1,4,3,3,3,3,20,1,3,1,3
3,1,6,29,0.4,1,1,1,2,0,314.33,0,8,1,1,1,1,6,1,3,1,3
3,1,6,30,0.4,3,3,2,1,0,215.44,1,20,1,3,3,1,16,3,1,1,3
3,1,6,31,1.8,1,1,1,1,1,238.9,1,2,1,1,1,1,14,3,3,3,3
3,1,6,32,0.4,1,1,1,2,0,255.15,1,20,3,3,3,3,20,1,3,1,3
3,1,6,33,0.2,3,3,2,1,0,205.94,1,9,3,3,1,1,9,3,3,1,1
3,1,6,34,0.2,1,1,1,1,1,236.52,1,20,3,1,3,1,14,1,3,1,3
3,1,6,35,1.8,3,3,NaN,NaN,NaN,NaN,NaN,8,3,1,1,3,13,3,1,1,3
3,1,6,36,0.05,3,3,2,1,0,278.85,1,1,3,1,1,3,14,1,3,3,1
3,1,6,37,1.8,1,1,1,1,1,242.58,1,13,1,1,1,1,12,1,3,1,3
3,1,6,38,1.8,1,1,1,1,1,268.15,1,5,3,3,3,3,8,1,3,1,3
3,1,6,39,0.1,1,1,1,1,1,244.68,1,3,1,3,1,3,11,3,3,3,3
3,1,6,40,0.2,1,1,1,1,1,240.46,1,1,3,3,3,3,6,1,1,1,1
3,1,6,41,0.4,3,3,2,1,0,249.45,1,8,1,3,3,1,11,1,1,3,3
3,1,6,42,0.8,3,3,2,1,0,226.15,1,14,1,1,3,3,11,3,3,1,1
3,1,6,43,0.2,1,1,1,1,1,251.01,1,1,1,1,1,1,15,3,3,3,3
3,1,6,44,0.4,3,3,2,1,0,447.22,0,19,3,3,1,1,15,1,3,3,1
3,1,6,45,0.1,3,3,2,2,1,248.85,1,13,3,1,1,3,3,3,1,1,3
3,1,6,46,0.4,3,3,2,2,1,228.44,1,2,1,3,3,1,9,1,3,3,1
3,1,6,47,1.8,3,3,2,2,1,251.77,1,16,3,1,1,3,9,3,1,1,3
3,1,6,48,0.05,1,1,1,2,0,261.98,1,2,1,3,1,3,3,1,1,1,1
3,1,6,49,1.8,1,1,1,2,0,286.96,1,4,1,1,1,1,7,1,3,1,3
3,1,6,50,0.8,3,3,2,2,1,228.62,1,7,3,3,1,1,15,1,1,3,3
3,1,6,51,0.8,3,3,2,2,1,225.75,1,16,1,1,3,3,8,1,3,3,1
3,1,6,52,1.8,3,3,NaN,NaN,NaN,NaN,NaN,16,1,1,3,3,15,3,1,1,3
3,1,6,53,0.8,3,3,2,2,1,292.33,1,3,1,1,3,3,3,1,1,3,3
3,1,6,54,0.1,3,3,2,2,1,282.47,1,2,1,3,3,1,14,3,1,1,3
3,1,6,55,0.8,1,1,1,2,0,234.14,1,2,3,1,3,1,10,1,3,1,3
3,1,6,56,0.05,3,3,2,2,1,243.13,1,15,3,1,1,3,10,1,3,3,1
3,1,6,57,0.2,3,3,2,2,1,229.19,1,17,1,1,3,3,8,1,1,3,3
3,1,6,58,0.4,3,3,2,2,1,202.81,1,7,1,1,3,3,19,1,1,3,3
3,1,6,59,0.2,1,1,1,2,0,271.73,1,13,1,1,1,1,4,3,3,3,3
3,1,6,60,0.8,3,3,2,2,1,257.16,1,10,3,1,1,3,13,1,3,3,1
3,1,6,61,0.2,3,3,2,2,1,261.79,1,7,1,3,3,1,14,1,3,3,1
3,1,6,62,0.05,1,1,1,2,0,265.6,1,20,3,3,3,3,14,1,3,1,3
3,1,6,63,0.4,1,1,1,2,0,221.71,1,11,1,1,1,1,9,3,1,3,1
3,1,6,64,1.8,3,3,2,2,1,227.53,1,17,3,3,1,1,16,3,3,1,1
3,1,6,65,0.4,3,3,2,2,1,198.74,1,12,1,1,3,3,17,3,1,1,3
3,1,6,66,0.05,3,3,2,2,1,255.56,1,3,1,3,3,1,13,3,1,1,3
3,1,6,67,0.2,1,1,1,2,0,220.52,1,6,1,3,1,3,8,1,1,1,1
3,1,6,68,0.1,3,3,2,2,1,248.65,1,1,1,1,3,3,18,3,3,1,1
3,1,6,69,0.8,1,1,1,2,0,212.68,1,5,3,3,3,3,11,3,1,3,1
3,1,6,70,0.05,3,3,2,2,1,259.87,1,10,1,1,3,3,5,3,3,1,1
3,1,6,71,0.05,3,3,2,2,1,240.46,1,13,1,1,3,3,8,1,1,3,3
3,1,6,72,0.1,1,1,1,2,0,254.68,1,13,3,3,3,3,17,3,1,3,1
3,1,6,73,0.8,1,1,1,2,0,208.02,1,17,1,1,1,1,3,1,3,1,3
3,1,6,74,1.8,3,3,2,2,1,377.81,0,14,1,3,3,1,8,1,1,3,3
3,1,6,75,0.05,3,3,2,2,1,249.07,1,3,3,1,1,3,5,1,3,3,1
3,1,6,76,0.2,1,1,1,2,0,225.89,1,17,3,1,3,1,14,3,1,3,1
3,1,6,77,0.8,1,1,1,2,0,215.17,1,20,3,1,3,1,1,1,1,1,1
3,1,6,78,1.8,3,3,2,2,1,249.68,1,15,1,1,3,3,8,1,1,3,3
3,1,7,1,1.8,1,1,NaN,NaN,NaN,NaN,NaN,20,1,3,1,3,19,1,3,1,3
3,1,7,2,1.8,3,3,2,2,1,233.53,1,4,1,3,3,1,2,1,3,3,1
3,1,7,3,0.4,3,3,2,2,1,244.13,1,5,3,1,1,3,3,3,1,1,3
3,1,7,4,0.2,3,3,2,2,1,283.46,1,20,1,1,3,3,13,3,3,1,1
3,1,7,5,0.4,3,3,2,2,1,218.05,1,7,3,3,1,1,9,1,1,3,3
3,1,7,6,0.1,3,3,2,2,1,303.9,0,6,3,3,1,1,13,1,3,3,1
3,1,7,7,0.4,1,1,1,1,1,197.9,1,15,3,3,3,3,2,1,1,1,1
3,1,7,8,0.1,3,3,2,2,1,279.28,1,3,1,1,3,3,9,3,1,1,3
3,1,7,9,0.1,3,3,2,2,1,284.76,1,19,1,1,3,3,9,1,1,3,3
3,1,7,10,0.1,3,3,2,2,1,299.36,1,13,1,3,3,1,14,3,1,1,3
3,1,7,11,1.8,3,3,2,2,1,263.25,1,17,3,3,1,1,19,1,1,3,3
3,1,7,12,0.4,1,1,1,1,1,315.76,0,2,3,3,3,3,10,1,1,1,1
3,1,7,13,0.1,1,1,1,1,1,368.7,0,4,1,1,1,1,2,3,3,3,3
3,1,7,14,1.8,3,3,2,2,1,231.6,1,10,3,1,1,3,5,1,1,3,3
3,1,7,15,0.2,3,3,2,2,1,278.07,1,13,1,1,3,3,7,1,1,3,3
3,1,7,16,0.8,1,1,1,1,1,400.7,0,20,3,3,3,3,12,3,3,3,3
3,1,7,17,0.2,1,1,1,1,1,263.58,1,5,1,3,1,3,4,3,1,3,1
3,1,7,18,0.4,1,1,1,1,1,220.82,1,17,3,3,3,3,18,1,1,1,1
3,1,7,19,0.8,3,3,2,2,1,225.47,1,19,1,3,3,1,2,3,1,1,3
3,1,7,20,0.05,3,3,2,2,1,344.71,0,17,3,1,1,3,15,1,3,3,1
3,1,7,21,0.8,1,1,1,1,1,211.35,1,12,1,3,1,3,11,1,1,1,1
3,1,7,22,0.05,3,3,2,2,1,358.37,0,17,3,3,1,1,20,3,3,1,1
3,1,7,23,0.1,3,3,2,2,1,290.22,1,19,1,3,3,1,8,1,3,3,1
3,1,7,24,0.05,1,1,1,1,1,265.97,1,12,3,3,3,3,1,3,1,3,1
3,1,7,25,0.4,3,3,2,2,1,234.29,1,8,3,1,1,3,4,3,1,1,3
3,1,7,26,0.4,1,1,1,1,1,212.14,1,10,1,3,1,3,6,1,3,1,3
3,1,7,27,1.8,1,1,1,1,1,250.19,1,18,3,1,3,1,13,1,3,1,3
3,1,7,28,0.05,3,3,2,2,1,450.2,0,4,3,3,1,1,8,1,3,3,1
3,1,7,29,0.05,1,1,1,1,1,238.44,1,8,1,3,1,3,14,3,3,3,3
3,1,7,30,0.1,3,3,2,2,1,281.85,1,3,3,1,1,3,3,1,1,3,3
3,1,7,31,0.8,3,3,2,2,1,292.88,1,1,3,1,1,3,4,1,1,3,3
3,1,7,32,0.1,3,3,2,2,1,298.84,1,19,3,3,1,1,12,3,1,1,3
3,1,7,33,1.8,1,1,1,1,1,236.55,1,10,1,3,1,3,20,1,3,1,3
3,1,7,34,1.8,3,3,2,2,1,242.8,1,7,3,1,1,3,3,1,3,3,1
3,1,7,35,1.8,1,1,1,1,1,234.53,1,11,1,3,1,3,16,1,1,1,1
3,1,7,36,0.2,1,1,1,1,1,337.88,0,11,3,1,3,1,15,3,3,3,3
3,1,7,37,0.8,1,1,1,1,1,225.28,1,14,1,3,1,3,8,3,3,3,3
3,1,7,38,0.05,3,3,2,2,1,262.4,1,15,3,3,1,1,14,1,1,3,3
3,1,7,39,0.2,1,1,1,1,1,257.26,1,7,1,1,1,1,15,1,3,1,3
3,1,7,40,0.05,3,3,2,2,1,268.59,1,15,1,1,3,3,18,1,3,3,1
3,1,7,41,0.4,1,1,1,1,1,181.97,1,4,3,3,3,3,18,3,1,3,1
3,1,7,42,0.4,1,1,1,1,1,191.61,1,16,3,1,3,1,19,1,3,1,3
3,1,7,43,0.2,3,3,2,2,1,208.6,1,4,3,1,1,3,9,3,1,1,3
3,1,7,44,0.05,1,1,1,1,1,215.27,1,9,1,3,1,3,16,1,1,1,1
3,1,7,45,1.8,3,3,2,2,1,233.92,1,12,3,1,1,3,4,3,3,1,1
3,1,7,46,1.8,3,3,2,2,1,220.93,1,12,1,1,3,3,17,1,1,3,3
3,1,7,47,0.8,1,1,1,1,1,278.05,1,11,1,1,1,1,3,3,3,3,3
3,1,7,48,0.05,3,3,2,2,1,303.5,0,17,3,3,1,1,8,3,3,1,1
3,1,7,49,0.05,3,3,2,1,0,337.45,0,16,3,3,1,1,12,3,3,1,1
3,1,7,50,0.2,3,3,2,1,0,29.507,2,10,1,1,3,3,14,3,3,1,1
3,1,7,51,0.05,3,3,2,2,1,279.38,1,5,3,1,1,3,5,1,1,3,3
3,1,7,52,0.2,3,3,2,2,1,184.66,1,13,3,1,1,3,9,3,1,1,3
3,1,7,53,0.1,1,1,1,1,1,421.02,0,5,1,3,1,3,9,1,1,1,1
3,1,7,54,0.8,3,3,NaN,NaN,NaN,NaN,NaN,20,1,1,3,3,19,3,1,1,3
3,1,7,55,1.8,3,3,2,2,1,269.48,1,12,3,1,1,3,10,3,3,1,1
3,1,7,56,1.8,3,3,NaN,NaN,NaN,NaN,NaN,17,3,3,1,1,17,1,1,3,3
3,1,7,57,0.05,1,1,1,1,1,321.48,0,1,3,1,3,1,6,3,1,3,1
3,1,7,58,0.2,3,3,2,2,1,261.58,1,17,3,1,1,3,3,1,1,3,3
3,1,7,59,0.2,1,1,1,1,1,218.95,1,15,3,1,3,1,17,1,3,1,3
3,1,7,60,0.4,3,3,2,2,1,194.5,1,17,1,1,3,3,19,1,1,3,3
3,1,7,61,0.05,3,3,2,2,1,240.25,1,18,3,1,1,3,5,1,3,3,1
3,1,7,62,0.2,1,1,1,1,1,251.17,1,8,1,3,1,3,7,1,3,1,3
3,1,7,63,1.8,3,3,2,2,1,220.1,1,3,3,3,1,1,8,1,1,3,3
3,1,7,64,0.8,3,3,2,2,1,254.83,1,2,3,1,1,3,8,1,3,3,1
3,1,7,65,0.2,3,3,2,2,1,242.54,1,15,3,1,1,3,15,1,1,3,3
3,1,7,66,0.8,1,1,1,1,1,232.91,1,18,3,1,3,1,4,1,1,1,1
3,1,7,67,0.4,3,3,2,2,1,282.87,1,12,1,3,3,1,13,3,3,1,1
3,1,7,68,0.1,1,1,1,2,0,292.63,1,9,3,3,3,3,3,1,1,1,1
3,1,7,69,0.2,1,1,1,1,1,250.95,1,8,3,3,3,3,15,3,1,3,1
3,1,7,70,0.1,3,3,2,2,1,264.35,1,4,3,3,1,1,19,1,3,3,1
3,1,7,71,0.8,3,3,2,2,1,222.47,1,8,1,1,3,3,7,1,3,3,1
3,1,7,72,0.4,3,3,NaN,NaN,NaN,NaN,NaN,20,1,1,3,3,1,1,1,3,3
3,1,7,73,0.8,1,1,1,1,1,237.57,1,20,3,1,3,1,7,1,1,1,1
3,1,7,74,0.8,3,3,2,2,1,220.8,1,15,3,3,1,1,19,1,3,3,1
3,1,7,75,0.1,1,1,1,1,1,247.89,1,4,1,3,1,3,2,1,1,1,1
3,1,7,76,0.8,3,3,2,2,1,229.6,1,14,1,1,3,3,2,3,3,1,1
3,1,7,77,0.4,1,1,1,1,1,235.44,1,9,1,3,1,3,7,1,1,1,1
3,1,7,78,0.1,1,1,1,1,1,425.29,0,8,1,3,1,3,10,3,1,3,1
3,1,8,1,0.1,1,1,1,1,1,274.3,1,2,1,3,1,3,2,3,1,3,1
3,1,8,2,0.1,1,1,1,1,1,222.3,1,10,3,3,3,3,7,1,1,1,1
3,1,8,3,0.8,3,3,NaN,NaN,NaN,NaN,NaN,15,3,1,1,3,11,1,1,3,3
3,1,8,4,0.2,3,3,2,2,1,193.48,1,9,1,1,3,3,8,1,1,3,3
3,1,8,5,0.8,1,1,1,1,1,229.7,1,11,1,1,1,1,16,3,1,3,1
3,1,8,6,1.8,3,3,2,2,1,255.1,1,2,3,3,1,1,7,1,3,3,1
3,1,8,7,0.1,3,3,2,2,1,340.39,0,10,3,3,1,1,4,3,1,1,3
3,1,8,8,1.8,1,1,1,1,1,236.38,1,2,1,1,1,1,12,3,3,3,3
3,1,8,9,0.05,3,3,2,2,1,309.68,0,9,1,3,3,1,5,3,3,1,1
3,1,8,10,0.8,3,3,2,2,1,205.16,1,5,3,3,1,1,15,3,3,1,1
3,1,8,11,0.4,1,1,1,1,1,226.68,1,12,1,3,1,3,10,1,3,1,3
3,1,8,12,0.05,3,3,2,2,1,374.56,0,9,3,1,1,3,13,3,1,1,3
3,1,8,13,0.05,3,3,2,2,1,334.13,0,1,1,1,3,3,6,1,1,3,3
3,1,8,14,0.8,1,1,1,1,1,214.98,1,17,3,1,3,1,3,3,1,3,1
3,1,8,15,0.1,3,3,2,2,1,304.26,0,5,1,1,3,3,16,1,1,3,3
3,1,8,16,0.4,1,1,1,1,1,251.81,1,13,3,3,3,3,11,1,3,1,3
3,1,8,17,0.1,3,3,2,2,1,282.78,1,5,1,3,3,1,16,3,3,1,1
3,1,8,18,0.05,3,3,2,2,1,337.87,0,19,3,3,1,1,7,3,3,1,1
3,1,8,19,0.1,3,3,2,2,1,261.45,1,3,1,3,3,1,14,3,1,1,3
3,1,8,20,0.05,1,1,1,1,1,215.74,1,3,1,3,1,3,17,1,1,1,1
3,1,8,21,0.4,3,3,2,2,1,212.07,1,19,1,1,3,3,18,3,1,1,3
3,1,8,22,1.8,1,1,1,1,1,210.8,1,17,1,3,1,3,17,1,3,1,3
3,1,8,23,0.8,3,3,2,2,1,251.78,1,7,3,1,1,3,6,1,3,3,1
3,1,8,24,0.2,1,1,1,1,1,271.34,1,13,3,3,3,3,11,3,3,3,3
3,1,8,25,1.8,3,3,2,2,1,205.46,1,2,1,3,3,1,11,1,3,3,1
3,1,8,26,1.8,1,1,1,1,1,239.24,1,4,1,3,1,3,14,1,1,1,1
3,1,8,27,0.1,3,3,2,2,1,335.4,0,20,1,1,3,3,5,1,1,3,3
3,1,8,28,0.1,1,1,1,1,1,244.87,1,2,1,1,1,1,13,1,1,1,1
3,1,8,29,1.8,3,3,2,2,1,240.12,1,7,3,1,1,3,5,1,1,3,3
3,1,8,30,1.8,1,1,1,1,1,230.55,1,9,3,1,3,1,20,1,1,1,1
3,1,8,31,0.1,3,3,2,2,1,280.83,1,12,1,3,3,1,8,1,3,3,1
3,1,8,32,0.8,3,3,2,2,1,230.13,1,17,3,3,1,1,15,3,3,1,1
3,1,8,33,0.8,1,1,1,1,1,259.47,1,8,1,3,1,3,16,3,1,3,1
3,1,8,34,0.4,1,1,1,1,1,219.7,1,11,3,3,3,3,15,1,3,1,3
3,1,8,35,0.1,1,1,1,2,0,264.07,1,11,1,3,1,3,3,3,1,3,1
3,1,8,36,0.4,1,1,1,1,1,216.46,1,8,3,3,3,3,5,3,3,3,3
3,1,8,37,0.05,1,1,1,1,1,246.48,1,10,3,3,3,3,5,1,3,1,3
3,1,8,38,0.4,3,3,2,2,1,236.15,1,8,1,3,3,1,19,3,1,1,3
3,1,8,39,0.2,3,3,2,2,1,278.81,1,18,3,1,1,3,10,3,3,1,1
3,1,8,40,0.05,1,1,1,2,0,302.15,0,3,3,3,3,3,12,1,1,1,1
3,1,8,41,0.8,1,1,NaN,NaN,NaN,NaN,NaN,10,1,1,1,1,18,1,3,1,3
3,1,8,42,0.8,3,3,2,2,1,240.4,1,7,3,3,1,1,8,3,3,1,1
3,1,8,43,0.05,3,3,2,2,1,363.96,0,11,1,3,3,1,9,1,1,3,3
3,1,8,44,0.1,3,3,2,2,1,286.59,1,10,1,3,3,1,15,1,1,3,3
3,1,8,45,1.8,3,3,NaN,NaN,NaN,NaN,NaN,5,1,1,3,3,20,3,3,1,1
3,1,8,46,1.8,1,1,1,1,1,278.19,1,10,3,1,3,1,18,3,1,3,1
3,1,8,47,0.2,3,3,2,2,1,290.43,1,18,3,3,1,1,15,1,1,3,3
3,1,8,48,0.8,1,1,1,1,1,255.27,1,3,3,1,3,1,7,1,3,1,3
3,1,8,49,0.2,3,3,2,2,1,222.84,1,12,1,3,3,1,7,1,1,3,3
3,1,8,50,0.2,3,3,2,2,1,357.12,0,5,3,1,1,3,12,3,3,1,1
3,1,8,51,0.4,3,3,2,2,1,262.59,1,12,3,1,1,3,12,1,1,3,3
3,1,8,52,0.4,1,1,1,1,1,231.18,1,7,3,1,3,1,8,3,3,3,3
3,1,8,53,0.05,1,1,1,1,1,384.84,0,13,1,3,1,3,17,3,1,3,1
3,1,8,54,0.05,1,1,1,1,1,277.26,1,3,3,3,3,3,18,1,3,1,3
3,1,8,55,1.8,1,1,1,1,1,205.64,1,9,1,3,1,3,19,3,3,3,3
3,1,8,56,0.2,1,1,1,1,1,373.18,0,3,1,1,1,1,17,1,1,1,1
3,1,8,57,1.8,1,1,NaN,NaN,NaN,NaN,NaN,20,1,3,1,3,13,3,3,3,3
3,1,8,58,0.4,1,1,1,1,1,263.63,1,5,3,3,3,3,5,3,3,3,3
3,1,8,59,0.8,3,3,2,2,1,271.62,1,7,1,1,3,3,18,1,3,3,1
3,1,8,60,0.05,1,1,1,1,1,369.96,0,1,1,3,1,3,15,1,3,1,3
3,1,8,61,0.1,3,3,2,2,1,319.42,0,7,1,1,3,3,7,3,1,1,3
3,1,8,62,0.05,1,1,1,1,1,227.46,1,9,3,1,3,1,18,3,3,3,3
3,1,8,63,1.8,1,1,1,1,1,256.81,1,12,3,1,3,1,9,3,3,3,3
3,1,8,64,0.2,3,3,2,2,1,268.13,1,8,3,1,1,3,19,3,1,1,3
3,1,8,65,0.2,3,3,2,1,0,45.863,2,12,1,1,3,3,3,3,3,1,1
3,1,8,66,0.2,1,1,1,1,1,296.66,1,20,1,1,1,1,17,1,1,1,1
3,1,8,67,0.2,3,3,2,2,1,279.28,1,18,1,3,3,1,18,3,3,1,1
3,1,8,68,0.1,3,3,2,1,0,282.81,1,12,3,1,1,3,13,3,1,1,3
3,1,8,69,0.8,1,1,1,1,1,244.1,1,14,3,3,3,3,20,3,3,3,3
3,1,8,70,0.8,1,1,1,1,1,245.07,1,17,3,3,3,3,1,3,1,3,1
3,1,8,71,1.8,1,1,1,1,1,242.95,1,18,3,1,3,1,14,1,1,1,1
3,1,8,72,0.4,3,3,2,2,1,237.84,1,11,1,3,3,1,7,3,3,1,1
3,1,8,73,0.4,1,1,1,1,1,167.07,1,13,1,1,1,1,3,3,3,3,3
3,1,8,74,0.4,3,3,2,2,1,259.47,1,8,3,1,1,3,16,3,1,1,3
3,1,8,75,0.05,1,1,1,1,1,272.71,1,20,1,1,1,1,4,1,1,1,1
3,1,8,76,0.2,3,3,2,2,1,248.96,1,12,1,1,3,3,20,3,3,1,1
3,1,8,77,0.4,3,3,2,2,1,207.93,1,19,3,3,1,1,8,1,3,3,1
3,1,8,78,0.2,1,1,1,1,1,297.61,1,15,3,1,3,1,10,1,3,1,3
3,1,9,1,0.2,1,1,1,1,1,259.08,1,18,1,1,1,1,4,1,3,1,3
3,1,9,2,0.4,3,3,2,2,1,211.72,1,8,3,3,1,1,18,3,3,1,1
3,1,9,3,1.8,1,1,NaN,NaN,NaN,NaN,NaN,18,1,1,1,1,14,1,3,1,3
3,1,9,4,0.05,1,1,1,1,1,302.82,0,11,3,3,3,3,9,3,1,3,1
3,1,9,5,0.1,1,1,1,1,1,227.96,1,11,1,1,1,1,1,3,1,3,1
3,1,9,6,0.2,3,3,2,2,1,227.48,1,15,1,3,3,1,7,3,3,1,1
3,1,9,7,1.8,1,1,NaN,NaN,NaN,NaN,NaN,13,3,3,3,3,19,1,3,1,3
3,1,9,8,0.4,1,1,1,1,1,262.97,1,13,1,1,1,1,20,1,1,1,1
3,1,9,9,0.4,1,1,1,1,1,254.14,1,4,1,3,1,3,10,1,1,1,1
3,1,9,10,0.8,3,3,2,2,1,224.05,1,8,1,1,3,3,20,1,3,3,1
3,1,9,11,1.8,1,1,1,1,1,260.42,1,10,1,3,1,3,4,3,3,3,3
3,1,9,12,0.2,3,3,2,2,1,351.96,0,11,1,1,3,3,2,3,3,1,1
3,1,9,13,0.05,1,1,1,1,1,243.9,1,8,3,3,3,3,19,3,1,3,1
3,1,9,14,0.05,3,3,2,2,1,326.53,0,13,1,3,3,1,11,3,1,1,3
3,1,9,15,0.1,3,3,2,2,1,333.18,0,9,3,1,1,3,14,3,1,1,3
3,1,9,16,0.8,3,3,2,2,1,210.84,1,11,3,3,1,1,20,1,3,3,1
3,1,9,17,0.8,3,3,2,2,1,213.57,1,6,1,1,3,3,17,1,1,3,3
3,1,9,18,0.8,1,1,1,1,1,238.77,1,20,3,1,3,1,15,1,1,1,1
3,1,9,19,0.1,3,3,2,2,1,238.38,1,15,1,3,3,1,16,1,3,3,1
3,1,9,20,0.4,1,1,1,1,1,235.83,1,11,1,3,1,3,13,3,1,3,1
3,1,9,21,1.8,3,3,2,2,1,221.2,1,10,3,1,1,3,19,1,1,3,3
3,1,9,22,0.05,3,3,2,2,1,305.58,0,14,3,1,1,3,5,3,1,1,3
3,1,9,23,0.4,3,3,2,2,1,216.56,1,15,3,3,1,1,15,3,1,1,3
3,1,9,24,0.4,3,3,2,2,1,423.09,0,1,1,3,3,1,4,1,3,3,1
3,1,9,25,0.1,3,3,2,2,1,298.21,1,9,1,3,3,1,13,1,3,3,1
3,1,9,26,0.1,1,1,1,1,1,305.85,0,14,3,3,3,3,19,1,1,1,1
3,1,9,27,0.05,3,3,2,2,1,268.73,1,3,3,3,1,1,2,1,1,3,3
3,1,9,28,0.1,3,3,2,2,1,270.76,1,7,3,1,1,3,13,3,1,1,3
3,1,9,29,0.2,3,3,2,2,1,247.05,1,15,1,1,3,3,4,1,3,3,1
3,1,9,30,0.8,3,3,NaN,NaN,NaN,NaN,NaN,17,3,3,1,1,19,3,1,1,3
3,1,9,31,0.4,1,1,1,1,1,235.78,1,4,1,3,1,3,14,3,1,3,1
3,1,9,32,0.2,1,1,1,1,1,235.92,1,9,3,3,3,3,6,1,3,1,3
3,1,9,33,0.05,1,1,1,1,1,260.51,1,8,1,1,1,1,18,3,3,3,3
3,1,9,34,1.8,1,1,1,1,1,256.62,1,7,1,1,1,1,3,3,1,3,1
3,1,9,35,1.8,3,3,2,2,1,240.86,1,3,1,3,3,1,2,1,1,3,3
3,1,9,36,0.8,1,1,1,1,1,248.25,1,18,3,3,3,3,6,3,1,3,1
3,1,9,37,0.2,1,1,1,1,1,236.36,1,2,3,3,3,3,8,1,1,1,1
3,1,9,38,0.1,1,1,1,1,1,266.4,1,19,3,3,3,3,5,3,3,3,3
3,1,9,39,0.2,1,1,1,1,1,247.2,1,12,3,1,3,1,4,3,3,3,3
3,1,9,40,0.05,1,1,1,2,0,365.81,0,20,3,3,3,3,19,1,3,1,3
3,1,9,41,0.1,1,1,1,1,1,280.11,1,8,3,3,3,3,18,1,1,1,1
3,1,9,42,1.8,1,1,1,1,1,243.28,1,3,1,3,1,3,19,1,1,1,1
3,1,9,43,0.2,1,1,1,1,1,284.33,1,8,1,1,1,1,10,1,3,1,3
3,1,9,44,0.2,1,1,1,1,1,303.57,0,12,1,3,1,3,5,3,3,3,3
3,1,9,45,0.4,1,1,NaN,NaN,NaN,NaN,NaN,1,1,1,1,1,9,3,1,3,1
3,1,9,46,0.8,1,1,1,1,1,246.69,1,16,3,1,3,1,10,3,1,3,1
3,1,9,47,0.05,3,3,2,1,0,270.46,1,17,1,1,3,3,19,3,3,1,1
3,1,9,48,0.8,3,3,2,2,1,219.51,1,1,1,3,3,1,14,1,3,3,1
3,1,9,49,0.8,3,3,2,2,1,250.78,1,14,1,3,3,1,17,3,3,1,1
3,1,9,50,0.1,3,3,2,2,1,336.64,0,9,3,1,1,3,8,3,1,1,3
3,1,9,51,1.8,1,1,1,1,1,273.04,1,7,3,3,3,3,2,1,1,1,1
3,1,9,52,1.8,1,1,1,1,1,244.63,1,12,1,3,1,3,18,3,1,3,1
3,1,9,53,0.8,3,3,2,2,1,242.28,1,20,3,3,1,1,4,1,1,3,3
3,1,9,54,0.05,3,3,2,2,1,308.63,0,14,1,1,3,3,2,3,1,1,3
3,1,9,55,1.8,3,3,NaN,NaN,NaN,NaN,NaN,8,1,1,3,3,16,3,1,1,3
3,1,9,56,1.8,1,1,1,1,1,281.46,1,3,3,1,3,1,5,3,3,3,3
3,1,9,57,0.4,1,1,1,1,1,311.48,0,6,3,1,3,1,16,3,1,3,1
3,1,9,58,0.4,3,3,2,2,1,275.3,1,4,1,3,3,1,1,1,3,3,1
3,1,9,59,0.8,3,3,2,2,1,286.62,1,9,3,3,1,1,20,3,3,1,1
3,1,9,60,0.4,3,3,2,2,1,269.46,1,6,1,1,3,3,15,1,1,3,3
3,1,9,61,1.8,3,3,2,2,1,233.84,1,11,1,1,3,3,9,3,3,1,1
3,1,9,62,0.2,3,3,2,2,1,261.28,1,4,3,1,1,3,19,3,3,1,1
3,1,9,63,0.4,1,1,1,1,1,312.17,0,4,1,3,1,3,10,3,3,3,3
3,1,9,64,0.2,1,1,1,1,1,295.14,1,6,3,3,3,3,12,3,1,3,1
3,1,9,65,0.4,3,3,2,1,0,321.34,0,12,3,1,1,3,6,3,1,1,3
3,1,9,66,0.2,1,1,1,1,1,289.54,1,13,1,3,1,3,3,3,3,3,3
3,1,9,67,0.05,3,3,2,2,1,314.79,0,11,3,3,1,1,17,3,1,1,3
3,1,9,68,0.05,1,1,1,1,1,286.35,1,2,1,3,1,3,9,1,1,1,1
3,1,9,69,1.8,1,1,1,2,0,260.07,1,1,1,1,1,1,7,1,1,1,1
3,1,9,70,0.1,3,3,2,2,1,383.98,0,8,1,3,3,1,17,3,1,1,3
3,1,9,71,0.8,1,1,1,1,1,254.54,1,8,1,3,1,3,15,3,3,3,3
3,1,9,72,0.05,3,3,2,2,1,347.99,0,17,1,1,3,3,10,3,1,1,3
3,1,9,73,0.1,1,1,1,1,1,300.3,0,15,3,1,3,1,17,1,3,1,3
3,1,9,74,0.1,1,1,1,1,1,202.32,1,13,3,3,3,3,4,1,3,1,3
3,1,9,75,0.2,3,3,2,2,1,251.38,1,18,1,3,3,1,3,3,3,1,1
3,1,9,76,0.1,1,1,1,1,1,269.1,1,18,1,1,1,1,2,1,1,1,1
3,1,9,77,0.8,1,1,1,1,1,247.99,1,5,3,1,3,1,19,3,3,3,3
3,1,9,78,0.05,3,3,2,2,1,373.25,0,15,3,1,1,3,6,1,3,3,1
3,1,10,1,1.8,3,3,NaN,NaN,NaN,NaN,NaN,9,1,3,3,1,7,3,1,1,3
3,1,10,2,0.2,1,1,1,1,1,304.12,0,15,1,1,1,1,18,3,3,3,3
3,1,10,3,0.2,1,1,1,1,1,244.25,1,14,1,1,1,1,12,3,3,3,3
3,1,10,4,0.1,3,3,2,2,1,265.77,1,17,1,3,3,1,7,1,1,3,3
3,1,10,5,0.4,1,1,1,1,1,228.2,1,6,1,3,1,3,4,3,1,3,1
3,1,10,6,0.1,1,1,1,1,1,317.16,0,16,3,3,3,3,15,3,1,3,1
3,1,10,7,0.2,3,3,2,2,1,252.87,1,16,3,3,1,1,8,3,1,1,3
3,1,10,8,0.1,1,1,1,1,1,301.86,0,16,1,3,1,3,14,3,1,3,1
3,1,10,9,0.8,1,1,1,1,1,219.3,1,20,1,1,1,1,4,3,3,3,3
3,1,10,10,0.4,3,3,2,2,1,47.08,2,19,1,3,3,1,16,3,1,1,3
3,1,10,11,0.2,3,3,2,2,1,263.91,1,7,3,3,1,1,16,3,3,1,1
3,1,10,12,0.4,3,3,2,2,1,230.4,1,11,1,3,3,1,16,3,1,1,3
3,1,10,13,0.05,3,3,2,2,1,357.21,0,9,1,3,3,1,9,3,3,1,1
3,1,10,14,0.2,1,1,1,1,1,288.95,1,7,1,1,1,1,6,3,3,3,3
3,1,10,15,1.8,3,3,2,2,1,256.39,1,7,1,3,3,1,15,1,1,3,3
3,1,10,16,0.05,3,3,2,2,1,421.78,0,2,1,3,3,1,5,3,1,1,3
3,1,10,17,1.8,1,1,1,1,1,259.88,1,11,3,1,3,1,18,3,3,3,3
3,1,10,18,0.1,3,3,2,2,1,350.96,0,15,1,1,3,3,2,1,3,3,1
3,1,10,19,0.8,3,3,2,2,1,212.42,1,13,3,1,1,3,20,1,3,3,1
3,1,10,20,0.1,3,3,2,2,1,311.54,0,7,3,3,1,1,9,1,1,3,3
3,1,10,21,1.8,3,3,2,2,1,246.23,1,8,1,1,3,3,2,1,3,3,1
3,1,10,22,0.4,3,3,2,2,1,272.16,1,2,3,1,1,3,9,1,1,3,3
3,1,10,23,0.2,1,1,1,1,1,284.27,1,20,1,3,1,3,7,3,3,3,3
3,1,10,24,0.05,1,1,1,1,1,420.66,0,6,1,1,1,1,13,1,1,1,1
3,1,10,25,0.2,1,1,1,1,1,199.99,1,12,3,3,3,3,1,3,3,3,3
3,1,10,26,0.4,1,1,1,1,1,233.7,1,17,1,1,1,1,16,1,1,1,1
3,1,10,27,0.2,1,1,1,1,1,305.02,0,4,3,3,3,3,1,1,1,1,1
3,1,10,28,0.1,3,3,2,2,1,350.55,0,5,1,1,3,3,9,1,1,3,3
3,1,10,29,0.05,1,1,1,1,1,217.27,1,9,3,1,3,1,12,3,1,3,1
3,1,10,30,0.4,1,1,1,1,1,221.38,1,4,1,1,1,1,16,3,3,3,3
3,1,10,31,0.1,3,3,2,2,1,296.87,1,10,3,1,1,3,11,1,3,3,1
3,1,10,32,0.05,1,1,1,1,1,239.99,1,6,1,1,1,1,20,3,1,3,1
3,1,10,33,0.8,1,1,1,1,1,210.59,1,7,1,1,1,1,1,1,3,1,3
3,1,10,34,0.4,3,3,2,2,1,200.85,1,6,3,3,1,1,6,1,3,3,1
3,1,10,35,0.05,3,3,2,2,1,383.16,0,5,3,3,1,1,10,1,3,3,1
3,1,10,36,0.1,1,1,1,1,1,191.89,1,20,1,1,1,1,9,1,3,1,3
3,1,10,37,0.8,1,1,1,1,1,254.26,1,13,1,3,1,3,17,1,1,1,1
3,1,10,38,0.8,1,1,1,1,1,232.53,1,13,1,1,1,1,13,1,1,1,1
3,1,10,39,0.8,3,3,2,2,1,207.44,1,3,3,1,1,3,4,3,1,1,3
3,1,10,40,0.1,3,3,2,2,1,296.21,1,13,1,1,3,3,13,1,3,3,1
3,1,10,41,0.1,3,3,2,1,0,198.61,1,17,3,3,1,1,17,1,3,3,1
3,1,10,42,0.4,3,3,2,2,1,233.72,1,9,3,1,1,3,10,1,1,3,3
3,1,10,43,0.05,3,3,2,2,1,331.33,0,15,3,3,1,1,19,1,3,3,1
3,1,10,44,0.05,3,3,2,2,1,296.98,1,15,3,3,1,1,4,3,3,1,1
3,1,10,45,0.2,3,3,2,2,1,230.74,1,3,3,3,1,1,4,1,3,3,1
3,1,10,46,0.1,1,1,1,2,0,286.96,1,16,3,3,3,3,5,3,3,3,3
3,1,10,47,0.4,3,3,2,2,1,420.81,0,17,3,1,1,3,10,1,1,3,3
3,1,10,48,0.8,3,3,NaN,NaN,NaN,NaN,NaN,14,3,3,1,1,18,3,1,1,3
3,1,10,49,1.8,1,1,1,1,1,266.83,1,10,3,3,3,3,7,3,3,3,3
3,1,10,50,0.8,1,1,1,1,1,273.26,1,3,3,1,3,1,4,1,1,1,1
3,1,10,51,0.05,3,3,2,2,1,304.94,0,10,3,3,1,1,9,3,3,1,1
3,1,10,52,1.8,1,1,1,1,1,243.24,1,7,1,1,1,1,5,1,1,1,1
3,1,10,53,1.8,1,1,1,1,1,209.51,1,20,3,3,3,3,9,1,1,1,1
3,1,10,54,0.4,3,3,2,2,1,214.7,1,19,1,1,3,3,13,1,3,3,1
3,1,10,55,1.8,1,1,1,1,1,293.11,1,4,1,1,1,1,11,1,3,1,3
3,1,10,56,0.1,3,3,2,2,1,300.05,0,19,1,1,3,3,10,3,1,1,3
3,1,10,57,0.2,1,1,1,1,1,232.88,1,10,1,3,1,3,16,1,3,1,3
3,1,10,58,0.4,3,3,2,2,1,230.83,1,12,3,1,1,3,15,3,3,1,1
3,1,10,59,0.05,1,1,1,1,1,247.85,1,5,1,1,1,1,17,3,3,3,3
3,1,10,60,0.05,3,3,2,2,1,272.58,1,12,3,1,1,3,8,3,3,1,1
3,1,10,61,0.4,1,1,1,1,1,264.53,1,4,1,3,1,3,14,1,1,1,1
3,1,10,62,1.8,3,3,2,2,1,247.76,1,20,1,1,3,3,14,1,1,3,3
3,1,10,63,1.8,1,1,1,1,1,244.02,1,8,3,1,3,1,5,3,3,3,3
3,1,10,64,1.8,1,1,1,1,1,296.24,1,4,1,3,1,3,5,1,1,1,1
3,1,10,65,0.05,1,1,1,1,1,271.66,1,7,1,1,1,1,18,1,3,1,3
3,1,10,66,0.2,3,3,2,1,0,281.89,1,15,1,3,3,1,9,1,1,3,3
3,1,10,67,0.1,3,3,2,2,1,242.19,1,13,3,1,1,3,17,1,1,3,3
3,1,10,68,0.2,3,3,2,2,1,272.3,1,14,1,3,3,1,18,1,3,3,1
3,1,10,69,0.8,1,1,1,1,1,465.96,0,13,1,1,1,1,15,3,1,3,1
3,1,10,70,0.2,3,3,2,2,1,253.93,1,15,1,1,3,3,18,1,1,3,3
3,1,10,71,0.8,3,3,NaN,NaN,NaN,NaN,NaN,11,1,1,3,3,5,1,3,3,1
3,1,10,72,0.8,3,3,2,2,1,279.33,1,16,1,3,3,1,3,3,3,1,1
3,1,10,73,0.4,1,1,1,1,1,284.1,1,15,3,3,3,3,16,1,3,1,3
3,1,10,74,0.8,3,3,2,2,1,279.27,1,15,3,3,1,1,19,3,3,1,1
3,1,10,75,0.05,3,3,2,2,1,323.98,0,15,1,1,3,3,19,3,1,1,3
3,1,10,76,0.8,1,1,1,1,1,257.22,1,2,1,1,1,1,12,1,1,1,1
3,1,10,77,1.8,3,3,2,2,1,273.45,1,16,1,1,3,3,13,3,1,1,3
3,1,10,78,1.8,1,1,1,1,1,283.17,1,15,3,3,3,3,7,3,3,3,3
