3,4,1,1,0.1,3,3,2,2,1,245.18,1,20,1,1,3,3,10,1,1,3,3
3,4,1,2,0.4,2,3,2,2,1,199.89,1,2,1,1,2,2,19,1,3,3,1
3,4,1,3,0.1,1,2,1,1,1,206.83,1,12,3,1,3,1,19,1,1,2,2
3,4,1,4,0.8,2,3,2,1,0,197.45,1,20,1,3,2,2,14,1,3,3,1
3,4,1,5,1.8,1,2,1,1,1,200.7,1,13,1,1,1,1,6,1,3,2,2
3,4,1,6,0.05,3,3,2,2,1,256.65,1,19,1,1,3,3,19,3,3,1,1
3,4,1,7,0.1,2,1,2,1,0,276,1,4,1,1,2,2,7,3,1,3,1
3,4,1,8,1.8,2,3,2,2,1,225.27,1,15,3,1,2,2,11,3,1,1,3
3,4,1,9,0.2,2,1,2,1,0,313.85,0,18,3,3,2,2,3,3,3,3,3
3,4,1,10,0.2,3,3,2,2,1,180.36,1,7,1,1,3,3,2,1,1,3,3
3,4,1,11,0.05,2,3,2,2,1,276.49,1,9,3,3,2,2,18,3,1,1,3
3,4,1,12,0.4,1,3,1,2,0,215.6,1,13,3,3,3,3,12,3,1,1,3
3,4,1,13,0.05,1,1,1,1,1,277.25,1,7,3,1,3,1,13,1,3,1,3
3,4,1,14,0.2,3,2,2,2,1,130.66,1,15,1,3,3,1,13,1,3,2,2
3,4,1,15,1.8,2,3,2,1,0,187.36,1,1,1,1,2,2,13,3,1,1,3
3,4,1,16,1.8,1,3,1,1,1,196.65,1,3,1,1,1,1,20,1,1,3,3
3,4,1,17,0.05,2,1,2,1,0,293.06,1,6,3,1,2,2,2,1,1,1,1
3,4,1,18,0.1,1,2,1,1,1,237.5,1,6,1,1,1,1,19,3,1,2,2
3,4,1,19,0.4,3,3,2,2,1,198.03,1,7,3,3,1,1,20,1,1,3,3
3,4,1,20,0.8,3,2,2,2,1,232.72,1,1,3,1,1,3,9,1,1,2,2
3,4,1,21,0.8,1,1,1,1,1,216.88,1,9,3,3,3,3,6,1,3,1,3
3,4,1,22,0.4,1,1,1,1,1,219.7,1,1,3,3,3,3,4,3,1,3,1
3,4,1,23,1.8,1,3,1,1,1,201.02,1,11,1,3,1,3,20,3,1,1,3
3,4,1,24,1.8,3,1,2,2,1,204.97,1,15,1,1,3,3,1,3,3,3,3
3,4,1,25,1.8,1,3,1,1,1,198.31,1,16,1,1,1,1,15,3,3,1,1
3,4,1,26,0.05,1,2,1,1,1,394.91,0,14,1,3,1,3,2,3,3,2,2
3,4,1,27,0.1,1,2,1,1,1,264.93,1,7,1,1,1,1,12,1,3,2,2
3,4,1,28,0.05,1,2,1,1,1,248.76,1,7,3,1,3,1,20,3,3,2,2
3,4,1,29,0.4,1,3,1,1,1,208.8,1,8,1,1,1,1,17,1,3,3,1
3,4,1,30,0.4,1,3,1,1,1,234.78,1,18,3,3,3,3,13,1,3,3,1
3,4,1,31,0.8,1,1,1,1,1,218.27,1,4,1,1,1,1,13,3,3,3,3
3,4,1,32,0.8,2,2,2,2,1,213.78,1,16,1,3,2,2,19,3,1,2,2
3,4,1,33,0.1,1,1,1,1,1,205.19,1,11,1,3,1,3,4,3,1,3,1
3,4,1,34,0.1,3,3,2,2,1,267.84,1,9,1,3,3,1,7,1,3,3,1
3,4,1,35,0.2,2,1,2,1,0,244.98,1,5,3,3,2,2,5,3,3,3,3
3,4,1,36,0.2,1,2,1,1,1,227.24,1,15,1,3,1,3,11,3,1,2,2
3,4,1,37,1.8,1,2,1,1,1,222.74,1,13,1,1,1,1,8,1,1,2,2
3,4,1,38,0.05,1,1,1,1,1,334.94,0,2,1,1,1,1,12,3,1,3,1
3,4,1,39,0.1,2,2,2,1,0,186.73,1,8,3,1,2,2,18,1,3,2,2
3,4,1,40,0.4,1,3,1,1,1,238.23,1,16,3,3,3,3,2,1,3,3,1
3,4,1,41,0.1,1,3,1,2,0,343.37,0,16,1,3,1,3,12,1,3,3,1
3,4,1,42,0.2,2,3,2,2,1,268.25,1,14,1,1,2,2,9,3,1,1,3
3,4,1,43,0.8,3,2,2,2,1,206.14,1,3,3,3,1,1,12,3,1,2,2
3,4,1,44,0.05,2,2,2,1,0,331.42,0,8,1,3,2,2,5,3,3,2,2
3,4,1,45,0.8,1,2,1,1,1,215.1,1,4,1,1,1,1,2,1,1,2,2
3,4,1,46,0.8,1,1,1,1,1,204.64,1,7,3,3,3,3,6,3,1,3,1
3,4,1,47,0.4,1,3,1,1,1,229.38,1,2,3,1,3,1,16,1,3,3,1
3,4,1,48,0.2,1,3,1,1,1,237.98,1,17,1,3,1,3,17,3,1,1,3
3,4,1,49,0.1,1,1,1,1,1,291.21,1,6,1,1,1,1,12,1,3,1,3
3,4,1,50,1.8,2,3,2,2,1,229.03,1,14,3,3,2,2,15,1,3,3,1
3,4,1,51,0.2,2,2,2,2,1,245.98,1,7,1,3,2,2,11,3,3,2,2
3,4,1,52,0.1,1,3,1,1,1,289.13,1,20,1,3,1,3,12,1,1,3,3
3,4,1,53,0.8,2,3,2,2,1,238.65,1,8,1,1,2,2,10,3,1,1,3
3,4,1,54,1.8,2,3,2,2,1,216.97,1,6,3,1,2,2,4,3,3,1,1
3,4,1,55,0.05,2,1,2,1,0,295.08,1,13,3,1,2,2,9,3,1,3,1
3,4,1,56,0.05,2,1,2,2,1,334.36,0,11,1,1,2,2,8,3,1,3,1
3,4,1,57,0.1,1,3,1,1,1,250.06,1,13,3,1,3,1,10,3,1,1,3
3,4,1,58,0.2,3,2,2,2,1,236.22,1,20,1,3,3,1,18,1,1,2,2
3,4,1,59,1.8,1,2,1,1,1,241.42,1,1,3,3,3,3,7,3,1,2,2
3,4,1,60,0.2,1,3,1,1,1,241.48,1,18,3,1,3,1,10,1,1,3,3
3,4,1,61,0.8,1,2,1,1,1,206.06,1,2,3,3,3,3,6,1,1,2,2
3,4,1,62,0.8,1,1,1,1,1,222.77,1,2,3,3,3,3,8,1,3,1,3
3,4,1,63,0.4,3,3,2,2,1,217.01,1,12,3,1,1,3,18,3,3,1,1
3,4,1,64,0.05,3,2,2,2,1,316.22,0,7,3,1,1,3,4,3,3,2,2
3,4,1,65,0.4,2,3,2,2,1,262.26,1,8,1,1,2,2,20,1,1,3,3
3,4,1,66,0.05,1,3,1,2,0,337.96,0,12,1,3,1,3,12,3,3,1,1
3,4,1,67,0.4,3,2,2,2,1,202.23,1,6,3,3,1,1,13,3,3,2,2
3,4,1,68,1.8,1,3,1,1,1,214.67,1,18,1,1,1,1,12,3,3,1,1
3,4,1,69,0.2,1,1,1,1,1,275.55,1,14,1,3,1,3,4,1,1,1,1
3,4,1,70,0.4,1,1,1,1,1,212.77,1,7,1,3,1,3,17,3,1,3,1
3,4,1,71,0.1,2,1,2,1,0,293.6,1,18,1,3,2,2,3,1,3,1,3
3,4,1,72,0.4,3,1,2,2,1,206.06,1,5,1,3,3,1,14,1,3,1,3
3,4,1,73,0.2,1,3,1,1,1,216.62,1,2,3,3,3,3,5,1,3,3,1
3,4,1,74,0.05,3,3,2,2,1,232.24,1,11,3,1,1,3,5,1,3,3,1
3,4,1,75,1.8,1,3,1,1,1,201.97,1,1,3,1,3,1,16,1,3,3,1
3,4,1,76,0.8,3,3,2,2,1,217.14,1,11,3,1,1,3,6,3,1,1,3
3,4,1,77,0.2,1,2,1,1,1,256.76,1,11,3,1,3,1,2,1,1,2,2
3,4,1,78,0.8,2,3,2,2,1,228.4,1,4,3,1,2,2,20,1,1,3,3
3,4,2,1,0.05,1,2,1,1,1,314.39,0,2,1,1,1,1,19,3,1,2,2
3,4,2,2,0.8,3,1,2,2,1,220.18,1,6,1,1,3,3,7,3,1,3,1
3,4,2,3,0.05,2,3,2,2,1,291.97,1,4,3,1,2,2,20,3,3,1,1
3,4,2,4,0.2,3,3,2,2,1,239.76,1,6,3,1,1,3,7,3,3,1,1
3,4,2,5,0.8,3,2,2,2,1,193.64,1,9,1,3,3,1,13,3,1,2,2
3,4,2,6,0.4,2,3,2,1,0,222.36,1,12,1,3,2,2,14,1,3,3,1
3,4,2,7,0.8,1,1,1,1,1,196.22,1,19,3,1,3,1,8,3,3,3,3
3,4,2,8,0.2,1,2,1,1,1,204.94,1,13,3,1,3,1,13,1,3,2,2
3,4,2,9,1.8,1,1,1,1,1,221.92,1,12,3,3,3,3,17,1,1,1,1
3,4,2,10,0.8,1,1,1,1,1,202.7,1,18,3,3,3,3,17,3,3,3,3
3,4,2,11,0.05,3,1,2,2,1,323.22,0,8,1,1,3,3,14,3,1,3,1
3,4,2,12,0.05,2,1,2,2,1,295.9,1,2,1,1,2,2,18,1,1,1,1
3,4,2,13,0.8,2,1,2,2,1,223.51,1,2,1,3,2,2,12,1,1,1,1
3,4,2,14,0.2,1,2,1,1,1,224.6,1,3,1,3,1,3,12,1,1,2,2
3,4,2,15,0.2,1,1,1,1,1,247.2,1,8,1,3,1,3,4,1,1,1,1
3,4,2,16,1.8,2,2,2,2,1,216.77,1,19,1,1,2,2,12,3,3,2,2
3,4,2,17,0.4,1,1,1,1,1,233.28,1,16,1,3,1,3,6,1,3,1,3
3,4,2,18,0.4,1,1,1,1,1,231.37,1,17,1,3,1,3,2,1,1,1,1
3,4,2,19,0.8,3,1,2,2,1,220.63,1,1,1,1,3,3,11,3,1,3,1
3,4,2,20,0.8,2,3,2,2,1,214.97,1,17,1,1,2,2,19,3,1,1,3
3,4,2,21,0.8,1,2,1,1,1,197.66,1,16,1,3,1,3,8,3,3,2,2
3,4,2,22,0.05,3,2,2,2,1,312.44,0,11,1,3,3,1,20,3,1,2,2
3,4,2,23,0.1,3,2,2,2,1,366.52,0,1,1,3,3,1,16,1,3,2,2
3,4,2,24,0.2,2,3,2,1,0,176.1,1,17,1,1,2,2,7,3,3,1,1
3,4,2,25,0.8,2,3,2,2,1,208.17,1,11,1,3,2,2,12,1,1,3,3
3,4,2,26,0.4,1,2,1,1,1,234.21,1,9,1,1,1,1,3,3,3,2,2
3,4,2,27,0.05,1,1,1,1,1,246.34,1,8,3,1,3,1,9,3,1,3,1
3,4,2,28,0.1,1,1,1,1,1,272.22,1,1,3,1,3,1,1,3,1,3,1
3,4,2,29,1.8,1,1,1,1,1,219.57,1,2,3,3,3,3,11,3,3,3,3
3,4,2,30,1.8,3,1,2,1,0,198.68,1,20,1,3,3,1,10,1,3,1,3
3,4,2,31,1.8,1,2,1,1,1,181.04,1,10,1,1,1,1,18,3,3,2,2
3,4,2,32,0.1,3,1,2,2,1,321.49,0,1,1,1,3,3,7,3,1,3,1
3,4,2,33,0.4,3,2,2,2,1,202.26,1,2,1,1,3,3,10,3,3,2,2
3,4,2,34,0.1,1,2,1,1,1,210.68,1,10,1,1,1,1,13,1,3,2,2
3,4,2,35,0.1,1,2,1,1,1,226.03,1,6,1,3,1,3,20,1,1,2,2
3,4,2,36,0.1,3,3,2,2,1,220.76,1,16,3,3,1,1,19,3,3,1,1
3,4,2,37,0.2,1,1,1,1,1,235.2,1,10,1,1,1,1,4,3,1,3,1
3,4,2,38,0.1,3,1,2,2,1,252.02,1,1,3,3,1,1,9,1,1,1,1
3,4,2,39,0.2,1,1,1,1,1,232.71,1,10,1,3,1,3,18,1,3,1,3
3,4,2,40,1.8,2,2,2,2,1,226.6,1,16,3,3,2,2,14,3,3,2,2
3,4,2,41,0.4,1,1,1,1,1,218.74,1,17,3,3,3,3,17,3,1,3,1
3,4,2,42,0.2,2,3,2,1,0,236.52,1,16,3,3,2,2,8,1,1,3,3
3,4,2,43,0.4,2,1,2,2,1,200.29,1,19,1,3,2,2,7,1,1,1,1
3,4,2,44,0.8,2,3,2,2,1,196.82,1,1,3,3,2,2,19,3,3,1,1
3,4,2,45,0.05,2,1,2,1,0,281.93,1,18,3,1,2,2,2,1,1,1,1
3,4,2,46,0.2,3,3,2,2,1,348.88,0,10,3,3,1,1,18,1,3,3,1
3,4,2,47,0.2,2,2,2,1,0,191.05,1,15,3,1,2,2,10,1,1,2,2
3,4,2,48,1.8,1,3,1,1,1,222.3,1,5,1,3,1,3,14,1,1,3,3
3,4,2,49,0.8,1,3,1,1,1,164.12,1,8,3,1,3,1,19,3,1,1,3
3,4,2,50,1.8,1,2,1,1,1,215.15,1,6,1,3,1,3,4,3,1,2,2
3,4,2,51,1.8,1,1,1,1,1,215.2,1,19,3,3,3,3,20,1,1,1,1
3,4,2,52,0.1,1,1,1,1,1,279.92,1,15,1,1,1,1,11,3,3,3,3
3,4,2,53,0.4,1,3,1,1,1,253.78,1,14,3,1,3,1,17,3,3,1,1
3,4,2,54,0.4,1,1,1,1,1,222.05,1,1,3,3,3,3,7,3,3,3,3
3,4,2,55,0.8,2,2,2,2,1,197.97,1,19,3,3,2,2,13,1,1,2,2
3,4,2,56,0.4,1,1,1,1,1,208.07,1,17,3,3,3,3,2,3,1,3,1
3,4,2,57,1.8,1,1,1,1,1,221.54,1,20,1,1,1,1,7,3,3,3,3
3,4,2,58,0.05,3,3,2,2,1,323.74,0,10,3,1,1,3,18,1,3,3,1
3,4,2,59,0.05,1,1,1,1,1,271.55,1,12,3,3,3,3,7,3,3,3,3
3,4,2,60,0.1,1,2,1,1,1,284.74,1,14,1,1,1,1,8,1,1,2,2
3,4,2,61,1.8,2,1,2,2,1,189.91,1,8,1,3,2,2,5,3,3,3,3
3,4,2,62,0.8,1,3,1,1,1,208.43,1,8,1,3,1,3,11,1,1,3,3
3,4,2,63,0.1,2,3,2,2,1,266.81,1,19,1,1,2,2,11,3,1,1,3
3,4,2,64,0.05,1,3,1,1,1,277.21,1,12,1,1,1,1,10,1,1,3,3
3,4,2,65,0.05,1,2,1,1,1,318.7,0,14,3,3,3,3,6,3,1,2,2
3,4,2,66,0.05,2,3,2,2,1,329.75,0,14,1,3,2,2,12,1,1,3,3
3,4,2,67,0.4,1,3,NaN,NaN,NaN,NaN,NaN,16,1,1,1,1,15,1,1,3,3
3,4,2,68,1.8,3,1,2,2,1,220.32,1,1,3,3,1,1,20,1,1,1,1
3,4,2,69,0.2,1,2,1,1,1,376.57,0,18,3,1,3,1,19,3,3,2,2
3,4,2,70,0.2,1,3,1,1,1,250.85,1,18,3,3,3,3,11,3,1,1,3
3,4,2,71,1.8,2,3,2,1,0,227.76,1,10,3,3,2,2,9,1,1,3,3
3,4,2,72,0.1,1,1,1,1,1,286.9,1,16,3,1,3,1,19,3,3,3,3
3,4,2,73,0.2,1,2,1,1,1,213.02,1,2,3,1,3,1,5,1,1,2,2
3,4,2,74,0.05,1,2,1,1,1,284.82,1,7,1,1,1,1,16,3,3,2,2
3,4,2,75,0.4,2,1,2,1,0,221.74,1,6,3,1,2,2,13,1,3,1,3
3,4,2,76,0.4,1,2,1,1,1,199.75,1,4,3,3,3,3,8,1,1,2,2
3,4,2,77,0.1,1,1,1,1,1,236.35,1,16,3,3,3,3,16,1,3,1,3
3,4,2,78,0.1,1,2,1,1,1,328.06,0,4,1,3,1,3,9,1,3,2,2
3,4,3,1,0.4,3,1,2,2,1,201.49,1,5,1,3,3,1,2,1,3,1,3
3,4,3,2,1.8,2,3,2,2,1,227.92,1,3,1,3,2,2,19,3,1,1,3
3,4,3,3,0.2,3,2,2,2,1,244.29,1,11,1,3,3,1,4,1,1,2,2
3,4,3,4,0.1,2,3,2,1,0,202.96,1,20,1,1,2,2,18,1,1,3,3
3,4,3,5,0.05,1,3,1,1,1,249.95,1,13,3,3,3,3,15,3,1,1,3
3,4,3,6,0.4,1,2,1,1,1,296.13,1,2,1,1,1,1,17,3,1,2,2
3,4,3,7,0.8,1,1,1,1,1,260.95,1,13,1,3,1,3,14,3,1,3,1
3,4,3,8,0.8,3,3,2,2,1,270.62,1,19,3,3,1,1,2,3,1,1,3
3,4,3,9,0.1,1,1,1,1,1,239.81,1,8,1,1,1,1,6,3,1,3,1
3,4,3,10,1.8,1,2,1,1,1,207.2,1,4,1,3,1,3,8,1,3,2,2
3,4,3,11,0.1,1,2,1,1,1,223.03,1,20,1,1,1,1,17,1,1,2,2
3,4,3,12,0.8,1,3,1,1,1,405.31,0,9,1,1,1,1,4,3,3,1,1
3,4,3,13,0.05,1,3,1,1,1,227.53,1,2,3,3,3,3,17,1,3,3,1
3,4,3,14,0.1,2,3,2,2,1,291.3,1,17,3,3,2,2,19,3,3,1,1
3,4,3,15,1.8,3,3,2,2,1,223.36,1,8,3,3,1,1,9,3,3,1,1
3,4,3,16,1.8,1,2,1,1,1,222.03,1,5,3,1,3,1,8,3,3,2,2
3,4,3,17,0.2,3,3,2,2,1,159.15,1,18,3,3,1,1,9,3,3,1,1
3,4,3,18,0.8,3,2,2,2,1,281.04,1,12,3,1,1,3,7,1,1,2,2
3,4,3,19,0.05,2,3,2,2,1,336.68,0,5,1,3,2,2,15,3,1,1,3
3,4,3,20,0.2,2,1,2,2,1,281.43,1,7,3,3,2,2,17,1,3,1,3
3,4,3,21,0.05,1,1,1,1,1,232.6,1,9,1,1,1,1,13,1,3,1,3
3,4,3,22,0.2,3,1,2,2,1,207.92,1,2,3,3,1,1,2,1,1,1,1
3,4,3,23,0.8,1,1,1,1,1,223.26,1,4,3,3,3,3,18,1,3,1,3
3,4,3,24,0.1,1,2,1,1,1,133.91,1,8,3,3,3,3,13,1,3,2,2
3,4,3,25,0.2,2,3,2,2,1,280.69,1,4,1,1,2,2,10,3,1,1,3
3,4,3,26,0.8,3,2,2,2,1,219.34,1,20,1,1,3,3,15,3,1,2,2
3,4,3,27,0.2,2,2,2,2,1,267.04,1,15,3,1,2,2,19,3,1,2,2
3,4,3,28,0.8,3,3,2,2,1,241.8,1,16,3,1,1,3,16,3,1,1,3
3,4,3,29,1.8,1,3,1,1,1,200.11,1,7,1,3,1,3,18,3,1,1,3
3,4,3,30,0.2,1,1,1,1,1,216.79,1,6,3,3,3,3,4,1,3,1,3
3,4,3,31,0.8,3,1,2,2,1,257.87,1,9,1,1,3,3,7,3,1,3,1
3,4,3,32,0.2,1,3,1,1,1,188.2,1,7,3,3,3,3,3,1,1,3,3
3,4,3,33,0.8,2,2,2,2,1,222.98,1,8,3,3,2,2,5,1,1,2,2
3,4,3,34,0.4,2,3,2,2,1,247.9,1,7,1,1,2,2,2,3,1,1,3
3,4,3,35,1.8,2,3,2,2,1,197.98,1,5,1,1,2,2,13,3,1,1,3
3,4,3,36,1.8,1,2,1,1,1,195.88,1,5,3,1,3,1,6,1,3,2,2
3,4,3,37,0.1,1,2,1,1,1,219.41,1,20,1,1,1,1,7,3,1,2,2
3,4,3,38,0.05,1,3,1,1,1,266.71,1,2,3,1,3,1,15,1,3,3,1
3,4,3,39,1.8,1,2,1,1,1,202.91,1,5,1,1,1,1,10,3,3,2,2
3,4,3,40,0.05,1,1,1,1,1,255.06,1,3,1,3,1,3,11,1,3,1,3
3,4,3,41,0.2,2,1,2,2,1,262.89,1,5,3,3,2,2,1,3,1,3,1
3,4,3,42,0.4,1,3,1,2,0,211.94,1,1,3,3,3,3,20,3,3,1,1
3,4,3,43,0.2,2,2,2,1,0,250.68,1,18,1,3,2,2,14,3,1,2,2
3,4,3,44,0.2,2,3,2,1,0,283.52,1,1,3,1,2,2,4,1,1,3,3
3,4,3,45,0.1,3,1,2,2,1,248.76,1,15,3,3,1,1,10,3,1,3,1
3,4,3,46,0.1,3,1,2,1,0,255.8,1,14,1,1,3,3,4,1,1,1,1
3,4,3,47,0.4,1,1,1,1,1,213.6,1,2,3,3,3,3,10,3,1,3,1
3,4,3,48,0.8,3,3,NaN,NaN,NaN,NaN,NaN,15,3,1,1,3,12,3,3,1,1
3,4,3,49,1.8,1,2,1,1,1,183.66,1,2,3,3,3,3,20,1,3,2,2
3,4,3,50,0.2,1,2,1,1,1,224.34,1,7,1,1,1,1,1,3,1,2,2
3,4,3,51,0.4,1,2,NaN,NaN,NaN,NaN,NaN,15,1,3,1,3,12,3,3,2,2
3,4,3,52,0.8,3,1,2,1,0,206.33,1,20,3,1,1,3,20,1,3,1,3
3,4,3,53,0.4,1,3,1,1,1,233.87,1,4,3,3,3,3,5,3,1,1,3
3,4,3,54,0.8,2,3,2,2,1,215.18,1,2,1,1,2,2,12,3,1,1,3
3,4,3,55,0.8,1,3,1,1,1,221.74,1,2,1,3,1,3,14,1,3,3,1
3,4,3,56,0.2,3,3,2,2,1,288.24,1,8,1,1,3,3,11,3,3,1,1
3,4,3,57,1.8,3,2,2,2,1,203.72,1,11,1,1,3,3,13,1,1,2,2
3,4,3,58,0.05,3,3,2,2,1,346.99,0,9,1,3,3,1,1,3,1,1,3
3,4,3,59,0.05,1,3,1,1,1,379.59,0,19,3,3,3,3,1,1,3,3,1
3,4,3,60,0.05,3,3,2,2,1,279.01,1,9,3,3,1,1,4,1,3,3,1
3,4,3,61,0.4,1,3,1,2,0,187.88,1,2,1,3,1,3,7,3,1,1,3
3,4,3,62,0.4,1,1,1,1,1,238.94,1,20,1,3,1,3,10,1,1,1,1
3,4,3,63,0.1,2,2,2,1,0,596.51,0,10,3,1,2,2,17,1,3,2,2
3,4,3,64,0.1,1,3,1,1,1,269.52,1,19,1,3,1,3,5,3,1,1,3
3,4,3,65,0.1,2,2,2,2,1,316.67,0,12,3,1,2,2,11,1,1,2,2
3,4,3,66,1.8,1,2,1,1,1,237.31,1,1,3,3,3,3,12,1,1,2,2
3,4,3,67,0.4,1,1,1,1,1,221.55,1,2,3,1,3,1,12,1,3,1,3
3,4,3,68,0.4,1,2,1,1,1,215.33,1,1,1,1,1,1,11,3,1,2,2
3,4,3,69,0.1,3,1,2,1,0,196.86,1,7,3,1,1,3,4,3,1,3,1
3,4,3,70,0.05,2,3,2,2,1,306.53,0,20,3,1,2,2,18,1,3,3,1
3,4,3,71,0.4,1,1,1,1,1,205.1,1,19,3,1,3,1,2,3,3,3,3
3,4,3,72,1.8,1,2,1,1,1,203.03,1,7,3,1,3,1,2,3,3,2,2
3,4,3,73,1.8,2,1,2,2,1,254.02,1,9,3,3,2,2,12,1,3,1,3
3,4,3,74,0.05,2,3,2,1,0,256.79,1,8,1,1,2,2,5,3,1,1,3
3,4,3,75,0.05,1,2,1,1,1,201.33,1,12,3,1,3,1,9,1,3,2,2
3,4,3,76,0.1,3,1,2,2,1,344.47,0,13,3,3,1,1,8,3,1,3,1
3,4,3,77,0.05,1,2,1,1,1,181.34,1,4,3,1,3,1,14,1,3,2,2
3,4,3,78,0.4,1,2,NaN,NaN,NaN,NaN,NaN,7,3,3,3,3,9,1,1,2,2
3,4,4,1,0.4,1,3,NaN,NaN,NaN,NaN,NaN,5,1,3,1,3,20,1,1,3,3
3,4,4,2,0.4,3,1,2,2,1,239.03,1,13,1,3,3,1,10,3,3,3,3
3,4,4,3,0.1,3,3,2,2,1,306.91,0,12,3,1,1,3,1,3,3,1,1
3,4,4,4,0.1,3,2,2,1,0,227.5,1,20,3,1,1,3,15,1,3,2,2
3,4,4,5,0.1,2,2,2,2,1,255.99,1,3,1,3,2,2,2,3,1,2,2
3,4,4,6,0.4,1,1,1,1,1,199.07,1,11,1,1,1,1,12,1,3,1,3
3,4,4,7,0.1,2,1,2,1,0,263.14,1,20,3,1,2,2,17,3,1,3,1
3,4,4,8,0.4,1,3,1,1,1,210.67,1,8,1,1,1,1,17,1,1,3,3
3,4,4,9,0.2,2,1,2,2,1,264.37,1,14,3,3,2,2,7,1,3,1,3
3,4,4,10,0.1,3,2,2,2,1,294.48,1,6,3,3,1,1,7,3,1,2,2
3,4,4,11,1.8,1,3,1,2,0,207.7,1,20,3,1,3,1,8,3,3,1,1
3,4,4,12,0.1,1,2,1,1,1,265.78,1,20,1,1,1,1,15,3,3,2,2
3,4,4,13,0.4,1,3,1,1,1,192.28,1,1,1,1,1,1,8,3,3,1,1
3,4,4,14,0.2,1,2,1,1,1,259.36,1,7,3,1,3,1,3,3,3,2,2
3,4,4,15,0.4,1,1,1,1,1,219.06,1,15,1,1,1,1,8,1,3,1,3
3,4,4,16,0.2,1,3,1,1,1,198.98,1,13,3,1,3,1,14,3,3,1,1
3,4,4,17,0.8,1,2,1,1,1,229.9,1,17,1,3,1,3,14,3,3,2,2
3,4,4,18,0.1,3,1,2,1,0,292.97,1,7,3,3,1,1,12,3,1,3,1
3,4,4,19,0.05,2,2,2,1,0,356.97,0,1,3,1,2,2,11,3,1,2,2
3,4,4,20,0.4,1,3,1,1,1,202.7,1,12,1,1,1,1,6,3,3,1,1
3,4,4,21,0.1,3,2,2,2,1,277.53,1,9,3,3,1,1,4,3,1,2,2
3,4,4,22,0.4,1,3,1,1,1,506.98,0,9,1,1,1,1,16,3,1,1,3
3,4,4,23,0.4,3,2,2,2,1,211.96,1,6,3,3,1,1,11,3,3,2,2
3,4,4,24,0.4,2,2,2,2,1,220.13,1,8,1,3,2,2,6,3,1,2,2
3,4,4,25,0.8,1,3,1,1,1,204.47,1,4,3,1,3,1,8,3,3,1,1
3,4,4,26,0.2,2,1,2,2,1,427.92,0,4,1,1,2,2,12,1,3,1,3
3,4,4,27,1.8,1,1,1,1,1,224.32,1,16,1,1,1,1,12,3,3,3,3
3,4,4,28,1.8,1,1,1,1,1,224.45,1,8,1,1,1,1,10,1,1,1,1
3,4,4,29,1.8,1,3,1,1,1,248.02,1,3,3,3,3,3,20,1,3,3,1
3,4,4,30,0.1,1,3,1,1,1,284.28,1,7,1,1,1,1,15,1,3,3,1
3,4,4,31,0.1,2,3,2,2,1,328.87,0,6,1,1,2,2,7,1,1,3,3
3,4,4,32,0.1,2,2,2,2,1,382.43,0,2,3,3,2,2,11,3,3,2,2
3,4,4,33,1.8,1,3,NaN,NaN,NaN,NaN,NaN,7,1,1,1,1,15,1,1,3,3
3,4,4,34,0.2,1,3,1,1,1,782.29,0,9,3,3,3,3,15,3,3,1,1
3,4,4,35,0.05,1,1,1,1,1,264.42,1,19,3,3,3,3,11,3,3,3,3
3,4,4,36,0.2,2,3,2,2,1,340.9,0,11,3,1,2,2,17,1,3,3,1
3,4,4,37,0.05,1,1,1,1,1,271.41,1,18,1,3,1,3,2,3,1,3,1
3,4,4,38,0.05,2,1,2,1,0,235.77,1,15,1,3,2,2,13,1,3,1,3
3,4,4,39,1.8,1,1,1,1,1,249.75,1,11,3,1,3,1,16,1,3,1,3
3,4,4,40,0.2,1,1,1,1,1,246.07,1,2,3,1,3,1,17,1,1,1,1
3,4,4,41,0.8,3,1,2,2,1,212.07,1,14,3,1,1,3,7,3,3,3,3
3,4,4,42,0.1,3,3,2,2,1,247.24,1,13,3,1,1,3,1,3,1,1,3
3,4,4,43,0.4,1,3,1,1,1,230.19,1,11,1,1,1,1,20,3,3,1,1
3,4,4,44,0.8,3,2,2,2,1,219.1,1,10,1,3,3,1,3,1,1,2,2
3,4,4,45,0.2,3,2,2,2,1,278.44,1,2,3,1,1,3,13,1,3,2,2
3,4,4,46,0.8,2,1,2,2,1,244.47,1,9,1,3,2,2,2,1,1,1,1
3,4,4,47,0.8,1,1,1,1,1,207.59,1,19,1,1,1,1,12,3,1,3,1
3,4,4,48,0.8,1,3,1,1,1,217.33,1,1,1,3,1,3,7,1,3,3,1
3,4,4,49,0.8,1,1,1,1,1,181.9,1,16,1,1,1,1,1,1,1,1,1
3,4,4,50,0.05,3,2,2,2,1,311.93,0,6,3,3,1,1,2,1,3,2,2
3,4,4,51,1.8,1,1,1,1,1,224.09,1,19,3,1,3,1,17,1,3,1,3
3,4,4,52,0.2,2,2,2,2,1,284.76,1,8,1,3,2,2,18,1,1,2,2
3,4,4,53,0.2,3,1,2,2,1,251.92,1,15,3,1,1,3,6,1,3,1,3
3,4,4,54,1.8,3,1,2,2,1,270.99,1,9,1,1,3,3,11,1,1,1,1
3,4,4,55,0.05,1,2,1,1,1,304.43,0,11,3,3,3,3,6,3,1,2,2
3,4,4,56,0.8,1,2,1,1,1,210.76,1,15,1,3,1,3,14,1,1,2,2
3,4,4,57,1.8,3,1,NaN,NaN,NaN,NaN,NaN,3,3,3,1,1,2,1,3,1,3
3,4,4,58,0.1,1,3,1,1,1,249.98,1,10,3,1,3,1,11,1,1,3,3
3,4,4,59,0.8,2,2,2,1,0,274.8,1,12,1,1,2,2,9,3,1,2,2
3,4,4,60,1.8,2,2,2,1,0,222.99,1,3,1,1,2,2,15,3,1,2,2
3,4,4,61,0.05,1,3,1,1,1,337.43,0,6,3,1,3,1,5,3,1,1,3
3,4,4,62,0.2,1,3,1,1,1,233.05,1,14,1,3,1,3,9,1,1,3,3
3,4,4,63,0.8,1,2,NaN,NaN,NaN,NaN,NaN,8,1,1,1,1,11,1,1,2,2
3,4,4,64,0.4,3,1,2,2,1,269.4,1,15,1,1,3,3,13,1,1,1,1
3,4,4,65,0.2,3,3,2,1,0,264.12,1,12,1,3,3,1,4,3,3,1,1
3,4,4,66,0.8,1,3,1,1,1,223.57,1,2,3,1,3,1,3,1,3,3,1
3,4,4,67,1.8,1,3,1,1,1,248.16,1,13,1,3,1,3,9,3,3,1,1
3,4,4,68,0.05,1,1,1,1,1,286.59,1,13,3,3,3,3,9,1,1,1,1
3,4,4,69,0.05,3,3,2,2,1,363.66,0,2,3,1,1,3,8,3,3,1,1
3,4,4,70,0.05,2,3,2,2,1,333.63,0,17,3,3,2,2,16,1,1,3,3
3,4,4,71,0.4,1,1,NaN,NaN,NaN,NaN,NaN,11,3,1,3,1,18,3,1,3,1
3,4,4,72,1.8,1,2,1,1,1,226.59,1,20,1,3,1,3,4,1,3,2,2
3,4,4,73,0.2,1,2,1,1,1,258.94,1,14,1,3,1,3,15,1,1,2,2
3,4,4,74,0.05,1,2,1,1,1,250.73,1,2,1,3,1,3,3,3,1,2,2
3,4,4,75,1.8,3,3,2,2,1,218.49,1,14,3,3,1,1,17,1,3,3,1
3,4,4,76,0.05,1,1,1,1,1,234.11,1,13,3,1,3,1,1,3,1,3,1
3,4,4,77,0.8,3,1,2,2,1,239.71,1,9,3,3,1,1,4,1,3,1,3
3,4,4,78,0.05,1,3,1,1,1,242.81,1,16,1,1,1,1,12,3,3,1,1
3,4,5,1,0.05,1,3,1,1,1,179.24,1,17,1,1,1,1,18,3,1,1,3
3,4,5,2,0.2,3,3,2,2,1,230.77,1,2,1,1,3,3,15,1,1,3,3
3,4,5,3,0.05,1,3,1,1,1,232.53,1,11,3,1,3,1,8,1,1,3,3
3,4,5,4,0.8,1,1,1,1,1,210.51,1,7,3,3,3,3,15,3,1,3,1
3,4,5,5,0.8,2,2,2,1,0,202.01,1,6,3,1,2,2,15,3,1,2,2
3,4,5,6,0.05,1,1,1,1,1,289.18,1,15,3,3,3,3,18,1,3,1,3
3,4,5,7,0.2,3,1,2,2,1,267.86,1,2,3,3,1,1,11,1,3,1,3
3,4,5,8,0.4,2,2,2,2,1,280.2,1,15,3,1,2,2,8,1,3,2,2
3,4,5,9,1.8,1,3,NaN,NaN,NaN,NaN,NaN,14,3,1,3,1,6,1,3,3,1
3,4,5,10,0.1,1,3,1,1,1,176.69,1,4,1,1,1,1,15,1,1,3,3
3,4,5,11,0.2,1,3,1,1,1,269.78,1,15,1,1,1,1,13,1,1,3,3
3,4,5,12,0.05,1,1,1,1,1,212.66,1,5,3,3,3,3,12,1,1,1,1
3,4,5,13,0.05,1,1,1,1,1,203.96,1,3,3,3,3,3,2,1,3,1,3
3,4,5,14,0.4,3,1,NaN,NaN,NaN,NaN,NaN,19,3,1,1,3,12,1,3,1,3
3,4,5,15,0.05,2,1,2,2,1,335.21,0,11,3,3,2,2,1,3,3,3,3
3,4,5,16,0.8,1,1,NaN,NaN,NaN,NaN,NaN,8,1,3,1,3,17,3,3,3,3
3,4,5,17,0.05,2,2,2,1,0,264.72,1,7,1,3,2,2,9,3,1,2,2
3,4,5,18,0.05,3,1,2,2,1,323.54,0,10,3,1,1,3,11,3,3,3,3
3,4,5,19,0.4,2,1,2,2,1,200.03,1,3,3,3,2,2,14,1,3,1,3
3,4,5,20,0.4,3,1,2,2,1,336.1,0,4,1,1,3,3,18,1,1,1,1
3,4,5,21,0.1,1,2,1,1,1,272.41,1,19,1,1,1,1,12,1,1,2,2
3,4,5,22,0.8,1,1,1,1,1,222.4,1,17,1,3,1,3,18,3,3,3,3
3,4,5,23,0.2,1,2,1,1,1,282.74,1,7,3,3,3,3,3,3,3,2,2
3,4,5,24,1.8,3,1,2,2,1,248.24,1,6,1,3,3,1,3,3,1,3,1
3,4,5,25,0.8,1,1,1,1,1,233.8,1,20,1,3,1,3,14,1,3,1,3
3,4,5,26,0.1,1,1,1,1,1,270.88,1,2,1,1,1,1,1,3,1,3,1
3,4,5,27,0.4,3,2,2,2,1,237.46,1,12,1,3,3,1,12,3,3,2,2
3,4,5,28,0.4,3,2,2,2,1,208.54,1,15,3,3,1,1,14,3,1,2,2
3,4,5,29,0.8,1,3,1,2,0,225.43,1,14,3,3,3,3,13,3,3,1,1
3,4,5,30,1.8,2,3,2,2,1,234.65,1,20,3,1,2,2,3,3,1,1,3
3,4,5,31,1.8,2,1,2,2,1,245,1,7,3,1,2,2,5,1,1,1,1
3,4,5,32,0.8,1,3,1,1,1,192.83,1,10,3,1,3,1,2,3,1,1,3
3,4,5,33,0.2,1,2,1,1,1,285.72,1,5,1,1,1,1,13,3,3,2,2
3,4,5,34,0.8,2,2,2,1,0,228.42,1,20,1,1,2,2,14,1,3,2,2
3,4,5,35,0.1,3,2,2,2,1,256.11,1,3,1,1,3,3,18,3,3,2,2
3,4,5,36,0.05,1,3,1,1,1,288.87,1,1,1,3,1,3,17,1,1,3,3
3,4,5,37,0.4,1,1,1,1,1,214.85,1,1,1,3,1,3,3,1,3,1,3
3,4,5,38,0.05,3,3,2,2,1,321.89,0,2,3,3,1,1,19,3,3,1,1
3,4,5,39,0.1,1,3,1,1,1,265.81,1,11,3,1,3,1,2,1,3,3,1
3,4,5,40,0.2,3,1,2,2,1,260.63,1,7,1,1,3,3,17,3,1,3,1
3,4,5,41,1.8,2,3,2,2,1,213.6,1,1,3,3,2,2,3,1,3,3,1
3,4,5,42,1.8,1,1,1,1,1,213.74,1,15,1,1,1,1,5,3,3,3,3
3,4,5,43,0.2,2,3,2,2,1,414.22,0,3,3,3,2,2,4,1,3,3,1
3,4,5,44,0.4,1,3,NaN,NaN,NaN,NaN,NaN,1,1,3,1,3,18,1,3,3,1
3,4,5,45,0.2,1,3,1,1,1,245.06,1,10,1,3,1,3,4,3,1,1,3
3,4,5,46,0.8,1,2,1,1,1,237.37,1,2,1,1,1,1,14,3,3,2,2
3,4,5,47,0.8,3,2,2,2,1,239.94,1,11,1,1,3,3,11,3,1,2,2
3,4,5,48,0.8,1,3,NaN,NaN,NaN,NaN,NaN,18,1,1,1,1,6,1,1,3,3
3,4,5,49,0.8,1,3,1,1,1,243.76,1,15,3,1,3,1,7,1,3,3,1
3,4,5,50,0.05,2,1,2,1,0,322.53,0,6,3,1,2,2,2,3,3,3,3
3,4,5,51,1.8,3,2,NaN,NaN,NaN,NaN,NaN,11,1,3,3,1,8,3,3,2,2
3,4,5,52,0.2,2,1,2,1,0,257.81,1,19,1,1,2,2,20,1,1,1,1
3,4,5,53,0.2,2,3,2,1,0,265.82,1,9,1,3,2,2,4,1,3,3,1
3,4,5,54,0.8,2,2,2,1,0,219.58,1,19,1,3,2,2,10,3,3,2,2
3,4,5,55,0.1,3,1,2,2,1,264.38,1,1,3,1,1,3,13,3,1,3,1
3,4,5,56,0.4,2,1,2,2,1,224.85,1,14,3,1,2,2,11,1,1,1,1
3,4,5,57,1.8,3,3,NaN,NaN,NaN,NaN,NaN,17,3,3,1,1,10,1,3,3,1
3,4,5,58,0.1,1,2,1,1,1,282.96,1,11,1,1,1,1,17,3,3,2,2
3,4,5,59,0.1,1,3,1,1,1,251.63,1,6,1,1,1,1,17,1,3,3,1
3,4,5,60,1.8,2,1,2,2,1,208.83,1,14,1,3,2,2,12,1,3,1,3
3,4,5,61,0.05,2,2,2,2,1,320.65,0,16,3,1,2,2,17,3,1,2,2
3,4,5,62,0.1,2,2,2,1,0,191.95,1,1,3,1,2,2,16,1,3,2,2
3,4,5,63,0.1,2,1,2,1,0,320.37,0,6,3,1,2,2,5,3,1,3,1
3,4,5,64,0.2,2,3,2,1,0,260.63,1,13,1,1,2,2,3,3,1,1,3
3,4,5,65,1.8,1,3,1,1,1,217.09,1,17,3,3,3,3,14,3,1,1,3
3,4,5,66,0.1,3,1,2,2,1,243.82,1,3,3,3,1,1,14,1,1,1,1
3,4,5,67,0.4,2,3,2,2,1,246.77,1,14,3,3,2,2,1,1,1,3,3
3,4,5,68,0.4,1,2,1,1,1,239.04,1,16,3,3,3,3,10,1,3,2,2
3,4,5,69,1.8,1,1,1,1,1,209.88,1,6,3,3,3,3,9,3,1,3,1
3,4,5,70,1.8,3,1,2,2,1,203.44,1,15,3,1,1,3,4,3,3,3,3
3,4,5,71,1.8,3,3,2,2,1,215.41,1,7,1,3,3,1,6,3,3,1,1
3,4,5,72,0.1,1,1,1,1,1,307.1,0,8,1,1,1,1,6,1,3,1,3
3,4,5,73,0.05,1,1,1,1,1,238.66,1,18,3,1,3,1,19,3,3,3,3
3,4,5,74,0.2,1,2,1,1,1,258.56,1,2,3,1,3,1,14,1,3,2,2
3,4,5,75,0.4,2,1,2,2,1,328.11,0,2,1,3,2,2,13,3,1,3,1
3,4,5,76,0.2,1,3,1,1,1,243.08,1,12,3,3,3,3,20,1,3,3,1
3,4,5,77,0.4,2,2,2,1,0,239.68,1,13,1,1,2,2,18,1,1,2,2
3,4,5,78,0.1,1,3,1,1,1,271.67,1,18,1,3,1,3,11,1,1,3,3
3,4,6,1,0.1,2,2,2,2,1,288.69,1,11,1,3,2,2,15,3,3,2,2
3,4,6,2,1.8,3,3,2,2,1,204.26,1,18,3,1,1,3,14,1,3,3,1
3,4,6,3,0.4,3,3,2,2,1,231.95,1,7,3,1,1,3,17,3,1,1,3
3,4,6,4,0.2,1,2,1,1,1,234.79,1,11,3,3,3,3,15,3,3,2,2
3,4,6,5,0.4,2,1,2,1,0,246.07,1,17,3,1,2,2,3,3,1,3,1
3,4,6,6,0.05,3,1,2,2,1,338.53,0,5,1,3,3,1,17,1,1,1,1
3,4,6,7,0.05,1,3,1,1,1,337.24,0,10,3,3,3,3,1,3,1,1,3
3,4,6,8,0.05,2,1,2,1,0,207.63,1,18,3,1,2,2,11,1,1,1,1
3,4,6,9,0.1,1,1,1,1,1,211.75,1,20,3,1,3,1,20,1,1,1,1
3,4,6,10,0.1,1,1,1,1,1,248.18,1,9,1,1,1,1,19,3,1,3,1
3,4,6,11,1.8,2,1,2,2,1,202.18,1,6,3,1,2,2,13,1,1,1,1
3,4,6,12,0.2,3,1,2,2,1,296.67,1,18,3,3,1,1,15,1,3,1,3
3,4,6,13,0.1,1,2,1,1,1,223.68,1,20,1,1,1,1,13,1,1,2,2
3,4,6,14,0.2,2,1,2,2,1,271.39,1,20,1,1,2,2,8,3,3,3,3
3,4,6,15,0.8,3,2,2,2,1,287.53,1,1,1,3,3,1,2,3,1,2,2
3,4,6,16,0.05,3,1,2,2,1,301.11,0,19,1,1,3,3,4,3,3,3,3
3,4,6,17,0.8,1,2,1,1,1,403.93,0,17,1,3,1,3,10,1,1,2,2
3,4,6,18,0.2,2,2,2,1,0,211.01,1,13,1,1,2,2,20,1,3,2,2
3,4,6,19,0.2,1,3,1,1,1,198.99,1,14,1,1,1,1,20,1,3,3,1
3,4,6,20,0.2,1,2,1,2,0,267.07,1,4,3,3,3,3,17,1,3,2,2
3,4,6,21,0.2,1,2,1,1,1,234.84,1,14,1,3,1,3,2,3,3,2,2
3,4,6,22,1.8,1,1,NaN,NaN,NaN,NaN,NaN,20,1,3,1,3,9,3,3,3,3
3,4,6,23,0.8,1,3,1,1,1,251.09,1,17,1,1,1,1,18,1,1,3,3
3,4,6,24,0.2,1,1,1,1,1,289.94,1,6,3,3,3,3,18,3,1,3,1
3,4,6,25,0.8,2,1,2,2,1,262.94,1,11,1,1,2,2,11,1,1,1,1
3,4,6,26,0.4,2,2,2,1,0,393.95,0,13,1,1,2,2,19,1,1,2,2
3,4,6,27,0.8,1,3,1,2,0,214.03,1,4,3,1,3,1,13,3,1,1,3
3,4,6,28,1.8,3,1,2,2,1,180.93,1,20,3,1,1,3,4,1,3,1,3
3,4,6,29,0.4,1,3,1,1,1,252.55,1,19,3,3,3,3,18,1,3,3,1
3,4,6,30,1.8,3,2,2,2,1,234.51,1,5,3,1,1,3,9,1,1,2,2
3,4,6,31,0.8,2,3,2,2,1,208.55,1,8,3,1,2,2,17,1,1,3,3
3,4,6,32,0.05,3,3,2,2,1,280.19,1,14,1,1,3,3,11,3,3,1,1
3,4,6,33,1.8,3,3,2,2,1,254.69,1,12,3,1,1,3,11,3,1,1,3
3,4,6,34,0.05,1,1,1,1,1,337.84,0,11,1,1,1,1,16,1,3,1,3
3,4,6,35,0.4,3,3,2,2,1,257.29,1,20,1,3,3,1,15,1,1,3,3
3,4,6,36,0.1,1,2,1,1,1,299.47,1,9,3,1,3,1,14,3,3,2,2
3,4,6,37,0.4,1,3,1,1,1,242.7,1,16,3,1,3,1,9,1,3,3,1
3,4,6,38,0.1,2,2,2,2,1,271.42,1,15,3,1,2,2,5,1,3,2,2
3,4,6,39,0.05,3,3,2,2,1,330.21,0,11,3,3,1,1,4,1,3,3,1
3,4,6,40,1.8,2,3,2,2,1,233.86,1,16,3,1,2,2,18,1,3,3,1
3,4,6,41,0.8,3,2,2,2,1,246.26,1,11,1,1,3,3,1,1,1,2,2
3,4,6,42,0.2,3,1,2,2,1,161.5,1,11,3,1,1,3,12,3,3,3,3
3,4,6,43,0.2,1,1,1,1,1,223.86,1,17,1,1,1,1,4,3,3,3,3
3,4,6,44,0.4,1,3,1,1,1,256.7,1,8,1,3,1,3,10,1,3,3,1
3,4,6,45,0.05,3,1,2,2,1,402.08,0,1,3,1,1,3,15,1,1,1,1
3,4,6,46,0.4,1,1,NaN,NaN,NaN,NaN,NaN,5,1,1,1,1,15,3,1,3,1
3,4,6,47,0.05,3,1,2,2,1,321.04,0,10,1,3,3,1,20,3,1,3,1
3,4,6,48,1.8,1,3,1,1,1,216.46,1,8,1,1,1,1,19,3,1,1,3
3,4,6,49,0.05,1,3,1,1,1,290.37,1,16,3,3,3,3,20,1,1,3,3
3,4,6,50,0.1,3,3,2,1,0,271.26,1,20,3,1,1,3,14,3,3,1,1
3,4,6,51,1.8,3,2,2,2,1,240.63,1,7,1,3,3,1,5,1,3,2,2
3,4,6,52,0.05,1,2,1,1,1,279.26,1,1,1,1,1,1,2,3,3,2,2
3,4,6,53,0.1,3,3,2,2,1,301.16,0,3,3,3,1,1,6,3,3,1,1
3,4,6,54,0.2,1,1,1,1,1,112.14,1,8,3,3,3,3,1,3,3,3,3
3,4,6,55,0.1,2,2,2,1,0,265.43,1,1,1,3,2,2,10,1,3,2,2
3,4,6,56,0.8,3,1,2,2,1,244.86,1,4,1,1,3,3,16,1,3,1,3
3,4,6,57,0.8,2,1,2,2,1,233.98,1,16,1,1,2,2,18,1,1,1,1
3,4,6,58,0.8,3,2,2,2,1,273.06,1,7,3,1,1,3,13,3,1,2,2
3,4,6,59,0.4,1,2,1,1,1,182.51,1,20,3,3,3,3,14,3,3,2,2
3,4,6,60,1.8,1,2,1,1,1,194.12,1,2,1,3,1,3,7,3,1,2,2
3,4,6,61,0.4,2,2,2,2,1,228.52,1,14,3,3,2,2,10,3,3,2,2
3,4,6,62,0.8,1,2,1,1,1,280.79,1,12,3,1,3,1,9,1,1,2,2
3,4,6,63,0.05,2,3,2,2,1,252.19,1,6,1,3,2,2,19,3,3,1,1
3,4,6,64,0.4,1,3,1,1,1,227.94,1,11,1,1,1,1,9,3,3,1,1
3,4,6,65,0.05,1,1,1,1,1,240.97,1,8,3,1,3,1,3,3,3,3,3
3,4,6,66,0.1,2,3,2,1,0,228.44,1,2,1,1,2,2,1,3,3,1,1
3,4,6,67,0.1,3,3,2,2,1,300.22,0,4,3,1,1,3,12,3,3,1,1
3,4,6,68,0.1,1,3,1,1,1,165.16,1,2,3,1,3,1,5,3,1,1,3
3,4,6,69,1.8,1,1,1,1,1,197.84,1,14,3,3,3,3,1,3,1,3,1
3,4,6,70,0.2,2,1,2,2,1,287.82,1,5,1,1,2,2,5,1,3,1,3
3,4,6,71,0.4,3,2,2,2,1,246.54,1,17,3,1,1,3,11,1,1,2,2
3,4,6,72,1.8,3,2,2,2,1,180.25,1,8,3,1,1,3,6,1,3,2,2
3,4,6,73,0.1,1,1,1,1,1,228.55,1,4,1,3,1,3,18,3,1,3,1
3,4,6,74,0.4,1,1,1,1,1,219.63,1,15,3,3,3,3,19,1,1,1,1
3,4,6,75,0.2,1,2,1,1,1,253.18,1,20,1,3,1,3,12,1,1,2,2
3,4,6,76,1.8,2,2,2,2,1,291.21,1,3,1,1,2,2,7,3,1,2,2
3,4,6,77,0.8,1,1,1,1,1,207.95,1,15,1,1,1,1,20,1,3,1,3
3,4,6,78,0.8,1,1,1,1,1,93.937,2,16,3,1,3,1,20,3,1,3,1
3,4,7,1,0.1,3,1,2,2,1,303.23,0,1,1,1,3,3,10,3,1,3,1
3,4,7,2,0.2,3,2,2,1,0,52.323,2,5,1,1,3,3,11,3,3,2,2
3,4,7,3,0.1,2,1,2,2,1,289.38,1,18,1,1,2,2,18,1,3,1,3
3,4,7,4,0.2,2,2,2,2,1,224.28,1,14,1,3,2,2,5,1,3,2,2
3,4,7,5,0.1,2,3,2,1,0,228.21,1,12,3,3,2,2,11,3,3,1,1
3,4,7,6,0.4,3,3,2,2,1,217.63,1,6,1,3,3,1,13,3,3,1,1
3,4,7,7,0.4,1,2,1,1,1,233.23,1,10,3,1,3,1,3,3,1,2,2
3,4,7,8,0.8,2,3,2,2,1,216.89,1,6,3,3,2,2,14,1,1,3,3
3,4,7,9,0.8,2,3,2,2,1,228.05,1,16,1,3,2,2,11,3,1,1,3
3,4,7,10,0.8,2,3,2,1,0,248.21,1,19,1,3,2,2,3,1,3,3,1
3,4,7,11,0.2,1,2,NaN,NaN,NaN,NaN,NaN,2,1,3,1,3,5,3,1,2,2
3,4,7,12,0.8,3,2,2,2,1,224.8,1,8,1,3,3,1,17,3,3,2,2
3,4,7,13,0.2,3,3,2,2,1,210.82,1,6,1,3,3,1,4,1,1,3,3
3,4,7,14,0.1,2,3,2,2,1,206.33,1,16,1,1,2,2,2,1,1,3,3
3,4,7,15,0.05,3,1,2,2,1,319.98,0,8,1,1,3,3,19,3,1,3,1
3,4,7,16,1.8,2,1,NaN,NaN,NaN,NaN,NaN,20,1,1,2,2,14,3,3,3,3
3,4,7,17,1.8,2,2,2,2,1,191.08,1,4,1,1,2,2,1,3,3,2,2
3,4,7,18,0.05,1,1,1,1,1,409.31,0,8,1,3,1,3,20,3,1,3,1
3,4,7,19,0.2,2,1,2,2,1,282.59,1,7,3,1,2,2,4,1,1,1,1
3,4,7,20,0.4,2,3,2,2,1,389.46,0,6,3,3,2,2,19,3,3,1,1
3,4,7,21,0.4,2,2,NaN,NaN,NaN,NaN,NaN,5,3,1,2,2,9,1,3,2,2
3,4,7,22,0.05,2,1,2,2,1,498.98,0,9,3,1,2,2,11,3,3,3,3
3,4,7,23,1.8,2,1,2,2,1,220.05,1,17,3,3,2,2,1,1,3,1,3
3,4,7,24,1.8,3,2,2,2,1,240.48,1,2,3,1,1,3,7,1,1,2,2
3,4,7,25,0.4,1,3,1,1,1,240.38,1,19,3,3,3,3,4,1,1,3,3
3,4,7,26,0.1,2,2,2,2,1,273.01,1,15,3,3,2,2,17,1,1,2,2
3,4,7,27,0.1,2,1,2,1,0,268.8,1,18,3,3,2,2,7,1,3,1,3
3,4,7,28,0.1,1,3,1,2,0,307.12,0,3,1,1,1,1,12,1,1,3,3
3,4,7,29,0.1,1,3,1,1,1,188.6,1,19,3,1,3,1,10,1,1,3,3
3,4,7,30,0.05,1,2,1,1,1,206.13,1,15,1,1,1,1,9,1,3,2,2
3,4,7,31,0.8,1,3,1,2,0,237.83,1,2,1,1,1,1,12,3,3,1,1
3,4,7,32,0.1,3,3,2,1,0,240.24,1,3,3,1,1,3,19,1,1,3,3
3,4,7,33,1.8,1,1,1,1,1,184.84,1,16,3,3,3,3,10,3,1,3,1
3,4,7,34,1.8,3,1,2,2,1,229.91,1,11,3,3,1,1,19,3,1,3,1
3,4,7,35,0.4,3,2,2,2,1,208.29,1,3,3,3,1,1,13,3,1,2,2
3,4,7,36,0.2,2,2,2,2,1,254.92,1,6,3,1,2,2,14,3,1,2,2
3,4,7,37,0.05,1,3,1,1,1,279.71,1,7,1,1,1,1,6,1,3,3,1
3,4,7,38,0.4,2,1,2,2,1,214.18,1,16,3,1,2,2,4,1,1,1,1
3,4,7,39,1.8,2,2,2,2,1,248.56,1,18,1,3,2,2,4,1,3,2,2
3,4,7,40,0.8,1,2,1,2,0,255.08,1,4,3,1,3,1,15,3,1,2,2
3,4,7,41,0.05,3,2,2,2,1,338.98,0,6,1,1,3,3,18,3,1,2,2
3,4,7,42,0.2,3,3,2,2,1,257.13,1,8,3,3,1,1,4,1,3,3,1
3,4,7,43,0.2,3,2,2,2,1,126.92,1,4,3,1,1,3,1,1,1,2,2
3,4,7,44,0.8,3,2,NaN,NaN,NaN,NaN,NaN,11,1,1,3,3,16,3,1,2,2
3,4,7,45,0.4,3,1,2,2,1,278.81,1,12,1,1,3,3,13,3,3,3,3
3,4,7,46,0.05,1,1,1,1,1,384.37,0,6,3,1,3,1,9,3,1,3,1
3,4,7,47,0.05,1,1,1,1,1,282.07,1,20,1,3,1,3,16,1,3,1,3
3,4,7,48,0.2,3,1,2,2,1,164.08,1,13,1,1,3,3,11,1,1,1,1
3,4,7,49,0.4,2,2,2,2,1,186.11,1,9,1,3,2,2,13,3,3,2,2
3,4,7,50,0.2,1,3,1,1,1,291.48,1,19,3,3,3,3,8,1,3,3,1
3,4,7,51,0.8,2,1,2,2,1,203.38,1,3,1,1,2,2,18,3,1,3,1
3,4,7,52,0.8,3,3,2,2,1,267.85,1,19,3,3,1,1,7,3,3,1,1
3,4,7,53,0.1,3,2,2,2,1,287.12,1,5,1,1,3,3,3,1,1,2,2
3,4,7,54,0.05,1,2,1,1,1,271.74,1,16,1,3,1,3,15,3,3,2,2
3,4,7,55,0.2,3,2,2,2,1,84.36,2,15,3,1,1,3,14,1,3,2,2
3,4,7,56,0.1,1,3,1,1,1,273.04,1,10,3,1,3,1,8,1,3,3,1
3,4,7,57,0.8,3,3,2,2,1,255.41,1,3,1,1,3,3,15,3,3,1,1
3,4,7,58,1.8,2,2,2,2,1,223.92,1,1,3,1,2,2,20,3,1,2,2
3,4,7,59,1.8,1,1,1,1,1,225.57,1,9,3,1,3,1,19,3,3,3,3
3,4,7,60,0.4,1,3,1,1,1,229.61,1,1,3,3,3,3,14,1,3,3,1
3,4,7,61,1.8,3,2,2,2,1,252.56,1,9,1,3,3,1,4,1,1,2,2
3,4,7,62,0.05,3,2,2,2,1,348.71,0,6,3,1,1,3,17,3,1,2,2
3,4,7,63,0.4,1,3,1,1,1,293.4,1,20,1,1,1,1,14,3,3,1,1
3,4,7,64,0.8,3,2,NaN,NaN,NaN,NaN,NaN,19,3,3,1,1,6,3,3,2,2
3,4,7,65,0.05,3,1,2,2,1,331.74,0,16,1,1,3,3,15,3,1,3,1
3,4,7,66,0.8,1,3,1,1,1,232.75,1,3,3,1,3,1,18,1,1,3,3
3,4,7,67,0.2,3,1,2,2,1,267.92,1,9,1,3,3,1,15,3,1,3,1
3,4,7,68,0.05,1,1,1,1,1,286.41,1,11,1,3,1,3,5,3,1,3,1
3,4,7,69,0.8,3,2,2,2,1,228.82,1,18,1,1,3,3,8,3,3,2,2
3,4,7,70,1.8,3,2,2,2,1,234.95,1,1,1,3,3,1,1,3,3,2,2
3,4,7,71,0.4,2,3,2,1,0,286.66,1,1,1,1,2,2,9,1,3,3,1
3,4,7,72,0.4,1,3,1,1,1,264.11,1,17,1,3,1,3,2,3,1,1,3
3,4,7,73,0.05,1,1,1,1,1,300.92,0,5,1,1,1,1,9,1,3,1,3
3,4,7,74,1.8,1,1,1,1,1,227.94,1,9,1,1,1,1,10,1,1,1,1
3,4,7,75,1.8,1,1,1,1,1,251.2,1,1,1,3,1,3,19,3,3,3,3
3,4,7,76,0.1,2,3,2,2,1,374.82,0,18,3,3,2,2,12,1,3,3,1
3,4,7,77,0.1,1,2,1,1,1,232.29,1,16,1,3,1,3,11,1,3,2,2
3,4,7,78,0.2,3,3,2,2,1,284.71,1,14,3,1,1,3,18,3,3,1,1
3,4,8,1,0.2,3,2,2,2,1,227.64,1,9,1,1,3,3,17,1,3,2,2
3,4,8,2,0.2,1,1,1,1,1,275.29,1,8,3,3,3,3,14,1,1,1,1
3,4,8,3,0.2,3,3,2,2,1,254.51,1,20,3,1,1,3,7,3,1,1,3
3,4,8,4,0.05,1,1,1,1,1,325.35,0,14,1,3,1,3,15,3,1,3,1
3,4,8,5,0.1,3,3,2,2,1,273.74,1,15,1,3,3,1,18,1,1,3,3
3,4,8,6,0.4,3,2,2,2,1,245.26,1,16,1,1,3,3,18,3,1,2,2
3,4,8,7,0.05,1,3,1,1,1,325,0,2,1,3,1,3,8,3,3,1,1
3,4,8,8,1.8,1,1,1,1,1,217.47,1,14,1,3,1,3,7,1,3,1,3
3,4,8,9,0.2,1,3,1,1,1,251.52,1,11,3,3,3,3,15,1,1,3,3
3,4,8,10,0.4,1,2,1,1,1,193.03,1,8,3,1,3,1,4,1,3,2,2
3,4,8,11,0.2,1,3,1,1,1,27.663,2,9,3,1,3,1,5,3,1,1,3
3,4,8,12,0.4,1,3,1,1,1,250.81,1,1,3,3,3,3,4,1,3,3,1
3,4,8,13,1.8,1,1,1,1,1,242.2,1,11,3,1,3,1,5,1,3,1,3
3,4,8,14,0.2,3,3,2,2,1,300.14,0,5,1,1,3,3,17,3,1,1,3
3,4,8,15,0.1,1,1,1,1,1,289.14,1,7,3,3,3,3,7,3,1,3,1
3,4,8,16,1.8,2,2,2,2,1,227.79,1,4,3,1,2,2,18,1,3,2,2
3,4,8,17,0.4,3,1,2,2,1,258.28,1,7,1,1,3,3,12,3,3,3,3
3,4,8,18,0.8,3,3,2,2,1,246.5,1,13,3,1,1,3,10,3,1,1,3
3,4,8,19,0.1,1,2,1,1,1,275.49,1,14,3,1,3,1,20,3,1,2,2
3,4,8,20,0.05,3,2,2,2,1,273.45,1,6,1,1,3,3,5,3,1,2,2
3,4,8,21,0.8,1,3,1,2,0,186.27,1,14,3,3,3,3,11,3,1,1,3
3,4,8,22,0.2,1,1,1,1,1,231.26,1,14,3,3,3,3,15,3,3,3,3
3,4,8,23,0.2,1,2,1,1,1,215.44,1,8,3,3,3,3,18,1,3,2,2
3,4,8,24,0.4,2,1,2,2,1,220.77,1,11,1,3,2,2,3,1,1,1,1
3,4,8,25,0.05,3,1,2,1,0,702.47,0,13,1,1,3,3,13,3,3,3,3
3,4,8,26,0.05,1,3,1,1,1,274.15,1,2,3,3,3,3,19,3,3,1,1
3,4,8,27,0.1,1,3,1,1,1,276.43,1,3,3,1,3,1,13,1,3,3,1
3,4,8,28,0.8,1,3,1,1,1,220.57,1,9,3,3,3,3,8,1,3,3,1
3,4,8,29,0.1,1,1,1,1,1,239.48,1,3,1,3,1,3,10,3,1,3,1
3,4,8,30,0.8,1,3,1,1,1,243.75,1,3,3,3,3,3,1,3,1,1,3
3,4,8,31,0.4,1,1,1,1,1,243.49,1,10,1,3,1,3,3,3,1,3,1
3,4,8,32,1.8,3,3,2,2,1,220.02,1,6,1,1,3,3,14,3,1,1,3
3,4,8,33,1.8,1,2,1,1,1,165.75,1,9,1,1,1,1,9,3,3,2,2
3,4,8,34,0.4,1,2,1,1,1,214.28,1,14,3,1,3,1,7,1,3,2,2
3,4,8,35,0.1,3,3,2,2,1,223.04,1,1,3,3,1,1,12,1,3,3,1
3,4,8,36,0.1,1,1,1,1,1,226.45,1,5,3,1,3,1,13,3,1,3,1
3,4,8,37,0.8,1,3,1,1,1,241.08,1,1,3,3,3,3,18,1,1,3,3
3,4,8,38,0.8,1,2,1,1,1,271.25,1,12,1,3,1,3,19,3,1,2,2
3,4,8,39,0.05,1,2,1,1,1,289.04,1,14,3,1,3,1,15,1,1,2,2
3,4,8,40,0.05,3,2,2,2,1,305.18,0,5,1,3,3,1,10,3,1,2,2
3,4,8,41,0.4,2,2,2,1,0,224.33,1,6,3,1,2,2,11,1,1,2,2
3,4,8,42,0.05,1,2,1,1,1,254.5,1,1,1,1,1,1,12,1,1,2,2
3,4,8,43,0.8,1,2,1,1,1,272.35,1,17,1,3,1,3,17,1,3,2,2
3,4,8,44,0.2,1,1,1,1,1,248.99,1,4,3,3,3,3,11,1,1,1,1
3,4,8,45,0.4,1,3,1,1,1,209.88,1,20,1,1,1,1,18,3,1,1,3
3,4,8,46,0.8,1,2,1,1,1,213.34,1,12,1,1,1,1,5,1,1,2,2
3,4,8,47,0.1,2,2,2,1,0,291.37,1,6,3,1,2,2,4,1,3,2,2
3,4,8,48,1.8,3,2,2,2,1,213.93,1,7,1,3,3,1,2,1,1,2,2
3,4,8,49,1.8,3,3,2,2,1,308.47,0,6,1,3,3,1,2,3,3,1,1
3,4,8,50,0.05,3,2,2,1,0,382.96,0,19,1,3,3,1,5,1,3,2,2
3,4,8,51,0.05,3,1,2,2,1,290.2,1,5,1,3,3,1,11,1,1,1,1
3,4,8,52,0.2,2,1,2,2,1,413.92,0,8,1,1,2,2,9,3,3,3,3
3,4,8,53,0.05,1,1,1,1,1,244.7,1,10,1,3,1,3,18,1,3,1,3
3,4,8,54,1.8,1,2,1,1,1,248.88,1,14,3,1,3,1,16,1,3,2,2
3,4,8,55,0.1,3,1,2,2,1,280.17,1,16,1,3,3,1,3,3,3,3,3
3,4,8,56,0.8,2,2,2,2,1,273.83,1,5,3,1,2,2,20,3,1,2,2
3,4,8,57,0.1,2,1,2,1,0,224.25,1,17,1,1,2,2,9,3,3,3,3
3,4,8,58,0.2,1,1,1,1,1,240.98,1,2,1,1,1,1,9,1,1,1,1
3,4,8,59,0.8,3,3,2,2,1,253.37,1,9,1,1,3,3,14,3,3,1,1
3,4,8,60,0.05,1,2,1,2,0,295.87,1,19,3,3,3,3,13,1,3,2,2
3,4,8,61,0.1,1,2,1,1,1,251.08,1,15,3,1,3,1,2,1,1,2,2
3,4,8,62,0.1,1,2,1,1,1,206.48,1,1,1,1,1,1,6,1,1,2,2
3,4,8,63,0.4,1,2,1,1,1,243.5,1,20,3,1,3,1,13,3,3,2,2
3,4,8,64,0.4,2,1,2,1,0,256.3,1,16,3,3,2,2,16,1,1,1,1
3,4,8,65,1.8,1,2,1,1,1,229.31,1,12,3,3,3,3,12,1,1,2,2
3,4,8,66,0.8,2,2,2,2,1,209.41,1,4,3,3,2,2,15,1,3,2,2
3,4,8,67,0.8,1,2,1,1,1,249.2,1,20,1,1,1,1,16,3,1,2,2
3,4,8,68,0.1,2,3,2,1,0,287.05,1,4,1,3,2,2,10,3,3,1,1
3,4,8,69,0.05,3,3,2,2,1,350.78,0,14,1,1,3,3,9,3,3,1,1
3,4,8,70,0.2,1,3,1,1,1,231.64,1,5,1,1,1,1,6,1,3,3,1
3,4,8,71,1.8,1,1,1,1,1,216.78,1,18,3,1,3,1,3,1,1,1,1
3,4,8,72,0.4,3,3,2,2,1,235.08,1,12,3,1,1,3,16,3,3,1,1
3,4,8,73,0.4,3,2,2,2,1,217.56,1,2,1,3,3,1,2,1,3,2,2
3,4,8,74,1.8,1,1,1,1,1,80.738,2,4,3,3,3,3,3,1,1,1,1
3,4,8,75,0.2,1,2,1,1,1,249.58,1,8,3,3,3,3,10,1,1,2,2
3,4,8,76,0.8,2,3,2,1,0,273.04,1,12,1,1,2,2,15,1,1,3,3
3,4,8,77,1.8,1,2,1,1,1,254.76,1,14,1,1,1,1,2,3,3,2,2
3,4,8,78,1.8,3,1,2,2,1,231.38,1,5,3,1,1,3,17,3,1,3,1
3,4,9,1,1.8,2,1,2,1,0,227.87,1,8,1,3,2,2,10,1,1,1,1
3,4,9,2,0.1,1,3,1,1,1,422.2,0,15,1,3,1,3,4,3,3,1,1
3,4,9,3,0.05,3,2,2,1,0,202.59,1,4,3,3,1,1,14,3,1,2,2
3,4,9,4,0.8,1,1,1,1,1,255.23,1,11,1,1,1,1,5,1,1,1,1
3,4,9,5,0.1,3,1,2,1,0,298.22,1,1,3,1,1,3,4,1,3,1,3
3,4,9,6,0.05,1,1,1,1,1,231.45,1,15,3,1,3,1,19,3,1,3,1
3,4,9,7,0.8,1,3,1,1,1,261.85,1,11,3,3,3,3,1,1,1,3,3
3,4,9,8,0.05,3,2,2,2,1,277.75,1,2,1,1,3,3,6,3,1,2,2
3,4,9,9,0.4,3,1,2,2,1,351.21,0,18,3,3,1,1,13,1,3,1,3
3,4,9,10,0.1,1,3,1,1,1,281.09,1,1,3,3,3,3,15,3,3,1,1
3,4,9,11,0.2,2,3,2,2,1,264.19,1,2,1,3,2,2,17,1,1,3,3
3,4,9,12,0.05,1,3,1,1,1,235.44,1,18,3,3,3,3,9,1,1,3,3
3,4,9,13,1.8,2,1,2,2,1,225.56,1,17,3,1,2,2,18,3,1,3,1
3,4,9,14,0.2,1,2,1,1,1,266.79,1,7,1,3,1,3,19,1,1,2,2
3,4,9,15,0.1,1,2,1,1,1,227.08,1,9,1,1,1,1,13,1,3,2,2
3,4,9,16,1.8,1,2,1,1,1,212.63,1,6,1,3,1,3,11,3,1,2,2
3,4,9,17,0.05,3,1,2,2,1,295.48,1,19,3,3,1,1,11,3,3,3,3
3,4,9,18,0.4,3,2,2,2,1,282.23,1,11,3,3,1,1,9,3,3,2,2
3,4,9,19,1.8,1,1,1,1,1,235.29,1,2,3,1,3,1,11,3,1,3,1
3,4,9,20,0.1,1,3,1,1,1,259,1,6,1,3,1,3,12,1,1,3,3
3,4,9,21,0.05,1,2,1,1,1,210.55,1,3,1,1,1,1,5,1,1,2,2
3,4,9,22,0.1,1,1,1,1,1,233.52,1,17,3,3,3,3,2,3,3,3,3
3,4,9,23,0.2,2,3,2,1,0,271.86,1,1,1,1,2,2,17,1,1,3,3
3,4,9,24,0.8,2,1,NaN,NaN,NaN,NaN,NaN,11,1,1,2,2,5,1,1,1,1
3,4,9,25,1.8,1,3,1,1,1,265.49,1,3,3,3,3,3,3,1,1,3,3
3,4,9,26,1.8,3,3,2,1,0,253.56,1,10,3,3,1,1,13,3,1,1,3
3,4,9,27,0.05,1,1,1,1,1,236.08,1,9,1,3,1,3,19,1,3,1,3
3,4,9,28,0.4,1,2,1,1,1,254.03,1,6,1,3,1,3,4,3,1,2,2
3,4,9,29,0.2,1,1,1,1,1,53.403,2,6,1,3,1,3,17,3,3,3,3
3,4,9,30,0.2,1,1,1,1,1,233.8,1,13,1,1,1,1,5,1,1,1,1
3,4,9,31,0.2,1,1,1,1,1,256.6,1,19,1,1,1,1,1,3,1,3,1
3,4,9,32,0.8,1,3,1,2,0,264.19,1,2,3,3,3,3,12,3,1,1,3
3,4,9,33,0.4,1,3,1,2,0,314.05,0,9,1,3,1,3,7,3,3,1,1
3,4,9,34,0.05,3,2,2,2,1,318.51,0,11,1,1,3,3,10,1,3,2,2
3,4,9,35,1.8,3,3,2,2,1,235.78,1,3,1,1,3,3,8,1,1,3,3
3,4,9,36,0.1,3,3,2,2,1,272.99,1,10,1,1,3,3,18,1,3,3,1
3,4,9,37,0.8,1,3,1,1,1,287.03,1,16,3,1,3,1,10,1,3,3,1
3,4,9,38,0.05,1,2,1,1,1,274.29,1,5,3,1,3,1,1,3,1,2,2
3,4,9,39,1.8,3,3,2,2,1,217.19,1,3,1,3,3,1,7,1,1,3,3
3,4,9,40,0.1,1,2,1,1,1,236.82,1,4,3,3,3,3,6,3,1,2,2
3,4,9,41,0.1,1,3,1,1,1,232.38,1,7,1,1,1,1,6,1,3,3,1
3,4,9,42,0.4,2,2,NaN,NaN,NaN,NaN,NaN,9,1,1,2,2,3,1,1,2,2
3,4,9,43,0.2,1,1,1,1,1,259.91,1,4,1,1,1,1,18,1,3,1,3
3,4,9,44,0.05,1,2,1,1,1,252.61,1,16,1,3,1,3,10,3,1,2,2
3,4,9,45,1.8,1,1,NaN,NaN,NaN,NaN,NaN,19,1,3,1,3,12,3,1,3,1
3,4,9,46,1.8,2,2,2,2,1,241.74,1,18,3,1,2,2,8,1,1,2,2
3,4,9,47,0.1,3,1,2,2,1,287.46,1,16,3,3,1,1,13,3,3,3,3
3,4,9,48,0.2,2,2,2,1,0,282.39,1,15,1,3,2,2,5,1,3,2,2
3,4,9,49,0.1,3,2,2,2,1,273.47,1,10,3,1,1,3,8,1,3,2,2
3,4,9,50,0.4,1,1,1,1,1,225.83,1,3,1,3,1,3,15,3,3,3,3
3,4,9,51,0.05,1,1,1,1,1,274.82,1,9,1,3,1,3,11,3,1,3,1
3,4,9,52,0.8,1,1,1,1,1,209.62,1,6,1,3,1,3,17,3,3,3,3
3,4,9,53,0.4,1,3,1,1,1,264.56,1,19,1,3,1,3,15,1,1,3,3
3,4,9,54,0.4,3,1,2,2,1,229.29,1,3,1,1,3,3,2,1,1,1,1
3,4,9,55,0.8,2,1,2,2,1,214.35,1,18,3,3,2,2,6,3,3,3,3
3,4,9,56,0.05,1,1,1,1,1,286.02,1,12,1,1,1,1,17,1,3,1,3
3,4,9,57,1.8,3,3,2,2,1,251.07,1,20,1,1,3,3,14,3,1,1,3
3,4,9,58,0.05,3,2,2,2,1,351.35,0,16,1,3,3,1,1,3,3,2,2
3,4,9,59,0.2,3,2,2,2,1,227.68,1,9,3,3,1,1,15,3,3,2,2
3,4,9,60,0.8,1,2,1,1,1,234.67,1,2,1,1,1,1,14,3,1,2,2
3,4,9,61,0.2,1,3,1,1,1,294.08,1,6,3,3,3,3,14,1,1,3,3
3,4,9,62,0.2,3,2,2,2,1,320.48,0,7,3,3,1,1,8,3,1,2,2
3,4,9,63,0.1,1,1,1,1,1,249.09,1,3,3,1,3,1,6,1,1,1,1
3,4,9,64,1.8,1,2,1,1,1,392.07,0,19,1,1,1,1,6,3,3,2,2
3,4,9,65,0.4,3,1,2,2,1,215.62,1,13,1,3,3,1,15,1,1,1,1
3,4,9,66,0.2,1,2,1,1,1,237.82,1,1,3,1,3,1,6,3,1,2,2
3,4,9,67,0.8,2,1,2,2,1,211.58,1,17,3,3,2,2,11,1,3,1,3
3,4,9,68,0.8,2,2,2,2,1,232.35,1,8,1,3,2,2,3,1,3,2,2
3,4,9,69,0.4,3,1,2,2,1,247.52,1,14,1,1,3,3,19,1,1,1,1
3,4,9,70,1.8,2,1,2,2,1,194.08,1,9,1,1,2,2,18,1,3,1,3
3,4,9,71,0.4,1,3,1,2,0,258.42,1,6,1,3,1,3,20,3,3,1,1
3,4,9,72,0.8,3,2,2,1,0,241.92,1,14,1,1,3,3,9,3,1,2,2
3,4,9,73,0.4,3,1,2,2,1,211.2,1,2,3,3,1,1,8,3,3,3,3
3,4,9,74,0.8,1,3,1,1,1,192.07,1,5,1,3,1,3,16,1,3,3,1
3,4,9,75,0.2,3,1,2,2,1,236.4,1,2,1,3,3,1,9,3,1,3,1
3,4,9,76,0.1,3,3,2,2,1,290.59,1,11,1,3,3,1,16,3,1,1,3
3,4,9,77,0.8,2,3,2,2,1,259.5,1,8,3,3,2,2,14,3,3,1,1
3,4,9,78,0.4,1,1,1,1,1,260.96,1,11,3,1,3,1,15,1,1,1,1
3,4,10,1,1.8,1,3,1,1,1,218.65,1,17,1,1,1,1,12,3,3,1,1
3,4,10,2,1.8,1,1,1,1,1,199.27,1,10,1,3,1,3,5,3,1,3,1
3,4,10,3,0.4,2,3,2,2,1,297.68,1,13,1,1,2,2,9,3,3,1,1
3,4,10,4,0.1,1,3,1,1,1,289.41,1,15,1,3,1,3,10,1,1,3,3
3,4,10,5,0.4,1,1,1,1,1,234.74,1,16,3,3,3,3,3,1,1,1,1
3,4,10,6,0.1,1,3,1,1,1,314.97,0,7,3,3,3,3,7,3,3,1,1
3,4,10,7,0.8,1,2,1,1,1,245.17,1,11,1,1,1,1,20,3,1,2,2
3,4,10,8,0.05,1,1,1,1,1,248.94,1,15,3,3,3,3,12,1,3,1,3
3,4,10,9,0.2,1,3,1,1,1,398.81,0,20,3,3,3,3,9,3,1,1,3
3,4,10,10,0.05,2,2,2,1,0,242.72,1,15,3,1,2,2,3,3,1,2,2
3,4,10,11,1.8,1,3,1,1,1,246.34,1,8,3,1,3,1,5,1,1,3,3
3,4,10,12,0.2,1,2,1,1,1,223.99,1,16,3,3,3,3,8,1,3,2,2
3,4,10,13,0.05,2,3,2,2,1,315.63,0,5,3,3,2,2,7,3,1,1,3
3,4,10,14,0.8,1,3,1,1,1,222.24,1,18,3,3,3,3,1,1,3,3,1
3,4,10,15,1.8,3,1,NaN,NaN,NaN,NaN,NaN,13,1,1,3,3,13,3,3,3,3
3,4,10,16,0.2,3,3,2,2,1,300.35,0,9,1,3,3,1,1,3,3,1,1
3,4,10,17,0.1,3,1,2,2,1,243.04,1,9,3,3,1,1,18,3,1,3,1
3,4,10,18,1.8,2,3,NaN,NaN,NaN,NaN,NaN,5,1,1,2,2,5,1,3,3,1
3,4,10,19,0.05,1,2,1,1,1,320.61,0,17,3,1,3,1,2,1,1,2,2
3,4,10,20,1.8,2,3,2,2,1,260.34,1,9,1,1,2,2,4,1,1,3,3
3,4,10,21,0.05,1,2,1,1,1,302.13,0,12,3,1,3,1,4,3,1,2,2
3,4,10,22,1.8,1,3,1,1,1,214.59,1,6,3,3,3,3,16,3,3,1,1
3,4,10,23,0.1,3,2,2,2,1,256.08,1,7,1,3,3,1,4,3,1,2,2
3,4,10,24,0.05,1,2,1,1,1,248.91,1,19,1,1,1,1,16,1,3,2,2
3,4,10,25,0.1,2,3,2,2,1,299.78,1,20,3,1,2,2,3,1,3,3,1
3,4,10,26,0.2,1,3,1,1,1,139.04,1,6,1,3,1,3,14,3,3,1,1
3,4,10,27,0.8,2,1,2,2,1,261.89,1,4,3,1,2,2,7,3,1,3,1
3,4,10,28,0.8,3,3,2,2,1,479.81,0,1,1,1,3,3,7,3,3,1,1
3,4,10,29,0.8,1,3,1,1,1,225.19,1,10,3,3,3,3,8,1,1,3,3
3,4,10,30,0.2,1,2,1,1,1,134.12,1,6,1,3,1,3,3,3,3,2,2
3,4,10,31,1.8,2,2,2,1,0,201.41,1,12,3,1,2,2,15,3,3,2,2
3,4,10,32,0.2,3,3,2,2,1,196.05,1,8,1,1,3,3,15,1,1,3,3
3,4,10,33,0.05,2,1,2,1,0,253.11,1,1,3,3,2,2,16,3,1,3,1
3,4,10,34,0.05,3,1,2,2,1,284.88,1,6,3,3,1,1,8,3,1,3,1
3,4,10,35,1.8,3,2,NaN,NaN,NaN,NaN,NaN,12,3,1,1,3,14,1,1,2,2
3,4,10,36,0.4,3,3,2,2,1,258.23,1,4,1,3,3,1,12,1,1,3,3
3,4,10,37,0.4,3,3,2,2,1,290.49,1,4,1,1,3,3,17,1,3,3,1
3,4,10,38,0.1,1,1,1,1,1,249.29,1,16,1,1,1,1,8,1,3,1,3
3,4,10,39,0.8,1,2,1,1,1,215.56,1,15,1,3,1,3,2,3,3,2,2
3,4,10,40,0.8,2,1,2,1,0,271.01,1,14,3,1,2,2,16,1,3,1,3
3,4,10,41,0.8,3,2,2,2,1,262.58,1,19,3,3,1,1,12,1,1,2,2
3,4,10,42,0.4,1,2,NaN,NaN,NaN,NaN,NaN,7,3,1,3,1,15,1,3,2,2
3,4,10,43,0.05,3,3,2,2,1,308.29,0,10,3,1,1,3,7,1,1,3,3
3,4,10,44,0.8,1,1,1,1,1,269.11,1,16,3,3,3,3,14,1,3,1,3
3,4,10,45,0.05,1,3,1,1,1,320.08,0,13,1,3,1,3,1,3,3,1,1
3,4,10,46,0.1,1,1,1,1,1,240.08,1,5,1,1,1,1,1,1,3,1,3
3,4,10,47,0.2,2,1,2,1,0,303.83,0,14,1,1,2,2,18,1,1,1,1
3,4,10,48,0.1,3,2,2,2,1,234.19,1,20,3,3,1,1,8,3,1,2,2
3,4,10,49,0.4,1,1,NaN,NaN,NaN,NaN,NaN,16,3,1,3,1,6,3,1,3,1
3,4,10,50,0.1,1,3,1,1,1,260.75,1,19,3,1,3,1,1,1,1,3,3
3,4,10,51,0.4,1,1,1,1,1,232.1,1,5,3,1,3,1,17,3,1,3,1
3,4,10,52,1.8,3,3,2,2,1,222.45,1,1,1,1,3,3,2,3,3,1,1
3,4,10,53,0.2,3,3,2,2,1,285.73,1,9,1,3,3,1,4,3,1,1,3
3,4,10,54,0.2,3,3,2,2,1,278,1,7,1,3,3,1,13,3,1,1,3
3,4,10,55,0.2,1,1,1,1,1,264.42,1,4,3,1,3,1,12,1,3,1,3
3,4,10,56,0.4,2,3,2,2,1,242.59,1,2,1,1,2,2,19,3,1,1,3
3,4,10,57,0.1,1,1,1,1,1,253.31,1,15,1,3,1,3,6,1,1,1,1
3,4,10,58,0.8,1,1,1,1,1,214.37,1,16,3,3,3,3,9,3,1,3,1
3,4,10,59,0.8,1,1,1,1,1,218.36,1,13,1,1,1,1,20,3,1,3,1
3,4,10,60,0.8,2,3,2,2,1,229.63,1,11,1,3,2,2,9,1,3,3,1
3,4,10,61,0.4,1,3,1,1,1,231.2,1,1,1,3,1,3,19,1,3,3,1
3,4,10,62,0.4,2,1,2,2,1,201.76,1,6,1,3,2,2,10,3,3,3,3
3,4,10,63,0.05,1,2,1,1,1,353.63,0,5,3,1,3,1,17,3,1,2,2
3,4,10,64,1.8,2,2,2,2,1,194.13,1,8,1,1,2,2,5,1,1,2,2
3,4,10,65,0.4,2,1,2,1,0,358.14,0,10,3,1,2,2,20,3,1,3,1
3,4,10,66,0.8,3,1,2,2,1,204.76,1,9,3,3,1,1,10,1,3,1,3
3,4,10,67,0.05,2,2,2,1,0,260.61,1,10,1,1,2,2,16,1,1,2,2
3,4,10,68,1.8,1,1,1,1,1,370.92,0,9,1,1,1,1,11,1,3,1,3
3,4,10,69,0.4,2,1,2,2,1,246.63,1,11,1,3,2,2,11,1,1,1,1
3,4,10,70,0.2,3,3,2,2,1,244.7,1,15,3,3,1,1,1,1,1,3,3
3,4,10,71,0.1,1,1,1,1,1,157.79,1,5,3,3,3,3,1,3,3,3,3
3,4,10,72,0.4,2,3,2,2,1,241.88,1,19,1,3,2,2,18,3,1,1,3
3,4,10,73,0.05,1,2,1,1,1,319.76,0,20,1,1,1,1,18,3,1,2,2
3,4,10,74,0.1,2,1,2,1,0,257.65,1,17,1,1,2,2,20,3,3,3,3
3,4,10,75,0.2,3,3,2,2,1,209.63,1,12,3,1,1,3,4,3,3,1,1
3,4,10,76,1.8,1,3,1,1,1,221.69,1,10,3,1,3,1,11,1,1,3,3
3,4,10,77,0.1,1,3,1,1,1,231.62,1,11,1,3,1,3,4,1,3,3,1
3,4,10,78,0.2,1,2,1,1,1,245.25,1,2,1,3,1,3,8,3,3,2,2
