3,15,1,1,0.2,1,1,1,1,1,212.99,1,15,1,1,1,1,12,3,3,3,3
3,15,1,2,0.4,1,3,1,1,1,199.29,1,15,3,1,3,1,13,3,3,1,1
3,15,1,3,0.4,2,2,2,2,1,205.44,1,13,1,3,2,2,10,3,1,2,2
3,15,1,4,1.8,1,3,1,1,1,205.58,1,17,1,1,1,1,13,3,3,1,1
3,15,1,5,0.4,1,3,1,1,1,213.47,1,6,3,3,3,3,3,1,3,3,1
3,15,1,6,0.05,1,2,1,1,1,261.32,1,6,1,1,1,1,8,3,1,2,2
3,15,1,7,0.05,3,3,2,2,1,493.68,0,13,3,1,1,3,11,1,3,3,1
3,15,1,8,0.4,1,2,1,1,1,200,1,12,1,3,1,3,10,3,3,2,2
3,15,1,9,0.1,3,3,2,2,1,232.34,1,14,1,3,3,1,13,1,3,3,1
3,15,1,10,0.2,1,3,1,2,0,216.96,1,16,3,3,3,3,12,3,3,1,1
3,15,1,11,0.4,3,1,2,2,1,243.4,1,17,3,1,1,3,2,3,3,3,3
3,15,1,12,0.8,1,1,1,1,1,201.27,1,16,1,1,1,1,10,1,3,1,3
3,15,1,13,0.2,2,2,2,2,1,257.79,1,16,3,1,2,2,1,1,1,2,2
3,15,1,14,0.8,1,3,1,1,1,205.96,1,4,1,1,1,1,9,1,3,3,1
3,15,1,15,0.05,3,1,2,2,1,295.8,1,20,1,1,3,3,5,3,1,3,1
3,15,1,16,0.8,2,2,2,2,1,192.67,1,1,1,3,2,2,4,1,3,2,2
3,15,1,17,0.4,1,3,1,2,0,211.79,1,13,3,1,3,1,19,1,3,3,1
3,15,1,18,0.05,1,3,1,1,1,261.98,1,17,1,3,1,3,4,1,1,3,3
3,15,1,19,0.05,1,1,1,1,1,606.37,0,15,1,1,1,1,17,3,1,3,1
3,15,1,20,0.1,3,2,2,2,1,225.99,1,4,1,1,3,3,4,3,1,2,2
3,15,1,21,0.4,1,1,1,1,1,208.17,1,16,1,1,1,1,7,1,1,1,1
3,15,1,22,0.2,2,2,2,2,1,306.18,0,13,3,3,2,2,6,1,1,2,2
3,15,1,23,1.8,2,1,2,1,0,203.18,1,20,1,1,2,2,20,3,1,3,1
3,15,1,24,0.8,2,1,2,2,1,236.93,1,4,3,1,2,2,8,3,1,3,1
3,15,1,25,0.05,3,2,2,1,0,247.63,1,16,3,3,1,1,12,3,3,2,2
3,15,1,26,0.4,2,2,2,2,1,168.31,1,16,3,3,2,2,3,3,3,2,2
3,15,1,27,1.8,1,3,1,1,1,197.85,1,4,1,3,1,3,8,3,1,1,3
3,15,1,28,0.05,1,1,1,1,1,304.78,0,3,3,3,3,3,5,1,1,1,1
3,15,1,29,1.8,1,1,1,1,1,219.69,1,1,3,1,3,1,2,3,3,3,3
3,15,1,30,0.1,1,3,1,1,1,216.96,1,13,1,3,1,3,2,3,1,1,3
3,15,1,31,0.2,3,2,2,2,1,254.35,1,1,3,1,1,3,18,1,3,2,2
3,15,1,32,0.1,3,1,2,2,1,221.17,1,11,1,3,3,1,4,1,3,1,3
3,15,1,33,0.1,3,1,2,2,1,281.54,1,6,1,3,3,1,16,1,3,1,3
3,15,1,34,1.8,1,2,1,1,1,266.64,1,16,3,1,3,1,2,3,1,2,2
3,15,1,35,0.05,2,3,2,1,0,1050.1,0,15,1,1,2,2,18,3,1,1,3
3,15,1,36,0.1,1,3,1,2,0,331.56,0,7,3,1,3,1,14,1,3,3,1
3,15,1,37,0.1,1,1,1,1,1,208.87,1,5,3,1,3,1,2,1,1,1,1
3,15,1,38,0.2,1,1,1,1,1,299.42,1,18,3,3,3,3,2,1,3,1,3
3,15,1,39,0.2,1,3,1,1,1,256.48,1,18,1,3,1,3,9,1,1,3,3
3,15,1,40,0.1,3,1,2,2,1,259.79,1,3,1,3,3,1,5,1,1,1,1
3,15,1,41,0.2,1,2,1,1,1,254.29,1,15,3,3,3,3,18,3,3,2,2
3,15,1,42,0.8,1,1,1,1,1,207.19,1,1,3,3,3,3,10,1,1,1,1
3,15,1,43,0.8,3,3,2,2,1,193.83,1,18,3,3,1,1,16,3,3,1,1
3,15,1,44,0.1,2,1,2,1,0,242.3,1,17,3,1,2,2,5,3,1,3,1
3,15,1,45,0.2,1,3,1,2,0,334.22,0,14,1,1,1,1,11,1,3,3,1
3,15,1,46,0.8,2,3,2,2,1,246.93,1,6,1,3,2,2,12,3,3,1,1
3,15,1,47,0.4,3,3,2,2,1,270.36,1,16,3,1,1,3,4,3,3,1,1
3,15,1,48,0.1,1,1,1,1,1,250.17,1,11,3,3,3,3,19,1,1,1,1
3,15,1,49,0.1,3,1,2,2,1,334.54,0,15,3,3,1,1,16,1,1,1,1
3,15,1,50,1.8,3,1,2,2,1,221.85,1,7,1,1,3,3,20,1,1,1,1
3,15,1,51,1.8,2,2,2,2,1,230.83,1,19,3,1,2,2,19,1,1,2,2
3,15,1,52,0.8,2,2,2,2,1,227.1,1,18,1,1,2,2,1,1,1,2,2
3,15,1,53,0.05,3,3,2,2,1,310.23,0,16,1,3,3,1,8,1,1,3,3
3,15,1,54,0.05,2,1,2,1,0,270.05,1,1,1,1,2,2,12,3,3,3,3
3,15,1,55,0.1,1,3,1,1,1,254.51,1,1,3,3,3,3,4,1,3,3,1
3,15,1,56,0.4,3,1,2,2,1,232.47,1,13,1,3,3,1,10,1,3,1,3
3,15,1,57,0.05,3,1,2,2,1,306.06,0,11,3,1,1,3,1,1,3,1,3
3,15,1,58,0.4,2,2,NaN,NaN,NaN,NaN,NaN,10,1,1,2,2,18,3,1,2,2
3,15,1,59,0.8,1,1,1,1,1,239.52,1,2,1,1,1,1,10,1,3,1,3
3,15,1,60,1.8,1,2,1,1,1,227.3,1,15,3,1,3,1,11,1,1,2,2
3,15,1,61,0.4,2,1,2,2,1,302.46,0,17,1,3,2,2,10,3,1,3,1
3,15,1,62,0.4,1,2,1,1,1,276.83,1,16,3,3,3,3,2,3,1,2,2
3,15,1,63,0.05,1,1,1,1,1,261.32,1,15,3,3,3,3,8,3,1,3,1
3,15,1,64,0.05,1,1,1,1,1,178.37,1,7,1,1,1,1,16,1,3,1,3
3,15,1,65,0.8,2,2,2,2,1,213.4,1,10,1,3,2,2,11,3,3,2,2
3,15,1,66,1.8,3,1,2,2,1,209.99,1,19,1,3,3,1,15,1,3,1,3
3,15,1,67,1.8,3,3,2,2,1,233.47,1,16,3,1,1,3,15,1,1,3,3
3,15,1,68,0.8,1,1,1,1,1,235.65,1,19,3,1,3,1,5,3,1,3,1
3,15,1,69,0.8,1,2,1,1,1,50.615,2,5,3,3,3,3,2,3,1,2,2
3,15,1,70,1.8,1,3,1,1,1,184.24,1,8,1,3,1,3,18,3,1,1,3
3,15,1,71,0.2,1,1,1,1,1,236.88,1,14,3,1,3,1,19,3,3,3,3
3,15,1,72,0.2,3,3,2,2,1,319.98,0,11,1,1,3,3,9,3,3,1,1
3,15,1,73,1.8,1,2,1,1,1,224.11,1,18,1,1,1,1,8,1,3,2,2
3,15,1,74,0.2,2,1,2,2,1,280.61,1,13,1,3,2,2,18,1,3,1,3
3,15,1,75,0.2,2,1,2,2,1,218.64,1,20,1,3,2,2,5,3,1,3,1
3,15,1,76,1.8,3,3,2,2,1,227.23,1,9,1,3,3,1,15,3,1,1,3
3,15,1,77,0.1,1,1,1,1,1,253.41,1,19,1,1,1,1,9,3,1,3,1
3,15,1,78,0.8,2,2,2,2,1,222.58,1,14,1,3,2,2,16,1,1,2,2
3,15,2,1,0.8,1,3,1,1,1,275.22,1,10,1,3,1,3,10,1,3,3,1
3,15,2,2,0.2,3,3,2,2,1,155.61,1,19,3,1,1,3,7,1,3,3,1
3,15,2,3,0.05,2,1,2,1,0,423,0,12,1,1,2,2,2,3,1,3,1
3,15,2,4,0.4,1,3,1,1,1,235.97,1,5,3,3,3,3,18,3,3,1,1
3,15,2,5,0.2,1,3,1,1,1,249.02,1,3,3,3,3,3,4,3,1,1,3
3,15,2,6,0.8,1,1,1,1,1,207.03,1,3,3,1,3,1,10,3,3,3,3
3,15,2,7,1.8,3,2,2,2,1,219.09,1,13,1,1,3,3,10,1,3,2,2
3,15,2,8,0.05,2,2,2,2,1,444.23,0,20,3,3,2,2,17,3,1,2,2
3,15,2,9,0.1,2,1,2,2,1,222.28,1,20,3,3,2,2,6,1,1,1,1
3,15,2,10,0.4,1,2,1,1,1,268.97,1,14,1,3,1,3,3,1,3,2,2
3,15,2,11,0.05,1,2,1,2,0,300.56,0,6,3,1,3,1,10,3,3,2,2
3,15,2,12,0.2,1,3,1,1,1,259.34,1,16,3,1,3,1,11,1,3,3,1
3,15,2,13,1.8,3,1,NaN,NaN,NaN,NaN,NaN,17,1,3,3,1,11,3,1,3,1
3,15,2,14,0.2,1,1,1,1,1,235.43,1,2,1,3,1,3,17,1,3,1,3
3,15,2,15,0.4,2,2,2,2,1,259.46,1,20,3,3,2,2,19,3,3,2,2
3,15,2,16,0.2,3,2,2,2,1,277.5,1,14,3,3,1,1,2,1,1,2,2
3,15,2,17,1.8,2,3,2,2,1,218.84,1,5,1,1,2,2,3,1,3,3,1
3,15,2,18,0.05,3,2,2,2,1,270.84,1,13,3,1,1,3,20,3,3,2,2
3,15,2,19,0.4,1,1,1,1,1,220.35,1,9,1,1,1,1,11,1,3,1,3
3,15,2,20,0.05,1,1,1,1,1,283.56,1,12,1,3,1,3,13,3,1,3,1
3,15,2,21,0.8,1,2,NaN,NaN,NaN,NaN,NaN,16,1,3,1,3,11,1,1,2,2
3,15,2,22,0.05,3,3,2,2,1,285.67,1,17,1,3,3,1,16,3,3,1,1
3,15,2,23,0.1,1,1,1,1,1,287.77,1,3,1,3,1,3,19,3,1,3,1
3,15,2,24,0.8,1,3,1,1,1,234.88,1,5,1,3,1,3,15,3,1,1,3
3,15,2,25,1.8,1,3,1,1,1,204.67,1,4,3,3,3,3,2,1,3,3,1
3,15,2,26,0.8,1,2,1,1,1,244.48,1,2,1,1,1,1,18,1,1,2,2
3,15,2,27,1.8,1,1,1,1,1,168.53,1,15,1,3,1,3,6,1,1,1,1
3,15,2,28,0.05,1,3,1,1,1,289.24,1,5,3,1,3,1,19,1,3,3,1
3,15,2,29,0.4,3,1,2,2,1,218.05,1,13,1,3,3,1,11,1,3,1,3
3,15,2,30,1.8,3,1,2,2,1,200.64,1,3,3,3,1,1,8,3,1,3,1
3,15,2,31,0.4,1,2,1,1,1,275.11,1,19,1,1,1,1,17,1,3,2,2
3,15,2,32,1.8,1,3,1,1,1,207.82,1,12,3,3,3,3,12,3,1,1,3
3,15,2,33,0.1,1,2,1,1,1,251.2,1,3,3,1,3,1,17,1,3,2,2
3,15,2,34,0.8,1,1,NaN,NaN,NaN,NaN,NaN,10,1,3,1,3,12,1,1,1,1
3,15,2,35,0.8,2,1,2,2,1,261.79,1,1,1,1,2,2,11,1,3,1,3
3,15,2,36,0.2,1,2,1,1,1,199.12,1,3,1,3,1,3,8,1,1,2,2
3,15,2,37,0.8,2,2,2,1,0,224.29,1,14,1,1,2,2,5,1,1,2,2
3,15,2,38,0.05,3,3,2,2,1,259.99,1,6,3,3,1,1,11,3,3,1,1
3,15,2,39,0.2,2,1,2,2,1,169.09,1,2,3,3,2,2,14,1,3,1,3
3,15,2,40,0.4,1,2,1,1,1,225.36,1,11,1,3,1,3,16,3,3,2,2
3,15,2,41,0.1,2,1,2,2,1,259.84,1,20,1,3,2,2,2,3,1,3,1
3,15,2,42,0.1,1,3,1,2,0,309.2,0,18,3,3,3,3,12,3,1,1,3
3,15,2,43,0.2,1,3,1,1,1,240.92,1,6,1,3,1,3,7,1,1,3,3
3,15,2,44,0.2,2,2,2,2,1,161.02,1,2,3,3,2,2,4,3,3,2,2
3,15,2,45,0.8,2,2,2,2,1,237.53,1,20,3,3,2,2,7,1,1,2,2
3,15,2,46,0.8,1,3,1,1,1,247.33,1,8,1,3,1,3,7,3,1,1,3
3,15,2,47,0.1,3,3,2,2,1,255.06,1,14,3,3,1,1,1,3,3,1,1
3,15,2,48,0.1,1,2,1,1,1,233.15,1,8,3,3,3,3,13,1,1,2,2
3,15,2,49,0.05,1,2,1,1,1,278.52,1,14,1,3,1,3,20,3,3,2,2
3,15,2,50,1.8,3,1,2,2,1,231.89,1,17,3,1,1,3,15,1,3,1,3
3,15,2,51,1.8,2,3,2,2,1,188.27,1,8,3,3,2,2,8,1,3,3,1
3,15,2,52,0.4,1,2,1,1,1,258.36,1,10,3,3,3,3,3,1,3,2,2
3,15,2,53,1.8,1,2,1,1,1,206.19,1,11,3,1,3,1,18,1,3,2,2
3,15,2,54,1.8,2,2,2,2,1,226.94,1,1,1,3,2,2,11,1,3,2,2
3,15,2,55,0.8,2,2,2,2,1,227.61,1,14,1,1,2,2,11,3,3,2,2
3,15,2,56,0.1,3,1,2,2,1,290.14,1,4,3,1,1,3,17,1,1,1,1
3,15,2,57,0.1,2,1,2,2,1,212.85,1,18,1,1,2,2,7,3,1,3,1
3,15,2,58,0.1,1,3,1,1,1,598.62,0,13,1,3,1,3,16,1,1,3,3
3,15,2,59,0.4,3,2,2,2,1,228.34,1,1,3,1,1,3,20,1,1,2,2
3,15,2,60,0.2,3,3,2,2,1,288.91,1,6,3,3,1,1,18,1,3,3,1
3,15,2,61,0.2,1,2,1,1,1,317.96,0,13,3,3,3,3,8,3,1,2,2
3,15,2,62,0.05,2,3,2,2,1,333.87,0,16,3,1,2,2,4,1,3,3,1
3,15,2,63,0.4,1,2,1,1,1,250.77,1,10,3,1,3,1,13,3,3,2,2
3,15,2,64,0.05,3,2,2,2,1,271.5,1,9,3,3,1,1,17,3,3,2,2
3,15,2,65,1.8,2,1,NaN,NaN,NaN,NaN,NaN,14,3,3,2,2,7,1,3,1,3
3,15,2,66,0.4,1,1,1,1,1,239.07,1,18,3,3,3,3,20,3,3,3,3
3,15,2,67,0.2,3,3,2,2,1,270.46,1,17,3,1,1,3,15,3,3,1,1
3,15,2,68,0.1,1,1,1,1,1,264.99,1,15,1,3,1,3,17,1,1,1,1
3,15,2,69,0.4,1,3,1,1,1,265.26,1,14,1,3,1,3,9,1,1,3,3
3,15,2,70,0.05,1,3,1,1,1,300.69,0,2,3,1,3,1,6,1,3,3,1
3,15,2,71,0.05,3,1,2,2,1,268.63,1,9,1,1,3,3,6,1,3,1,3
3,15,2,72,1.8,1,1,1,1,1,259.97,1,3,3,1,3,1,11,3,1,3,1
3,15,2,73,0.1,1,3,1,1,1,300.27,0,1,1,1,1,1,20,1,3,3,1
3,15,2,74,0.8,1,2,1,1,1,339.08,0,7,3,3,3,3,6,3,1,2,2
3,15,2,75,0.4,3,2,2,2,1,248.71,1,18,3,1,1,3,7,3,1,2,2
3,15,2,76,0.1,2,1,2,2,1,326.56,0,2,3,3,2,2,8,3,1,3,1
3,15,2,77,0.2,2,3,2,2,1,214.24,1,8,3,1,2,2,1,3,1,1,3
3,15,2,78,0.8,1,3,1,1,1,265.22,1,2,3,1,3,1,3,1,3,3,1
3,15,3,1,0.1,3,3,2,2,1,265.68,1,15,1,3,3,1,3,3,1,1,3
3,15,3,2,0.4,2,1,2,2,1,228.79,1,1,3,3,2,2,3,3,1,3,1
3,15,3,3,0.05,1,3,1,1,1,272.18,1,12,3,3,3,3,7,1,3,3,1
3,15,3,4,0.8,1,3,1,1,1,261.45,1,15,1,3,1,3,10,3,1,1,3
3,15,3,5,1.8,1,3,1,1,1,243.43,1,15,3,1,3,1,13,1,1,3,3
3,15,3,6,0.05,2,1,2,1,0,288.39,1,14,1,1,2,2,18,1,1,1,1
3,15,3,7,0.8,3,2,NaN,NaN,NaN,NaN,NaN,2,3,1,1,3,16,1,3,2,2
3,15,3,8,0.4,1,1,1,1,1,328.12,0,17,1,1,1,1,9,1,1,1,1
3,15,3,9,1.8,1,1,1,1,1,230.6,1,11,1,3,1,3,5,3,1,3,1
3,15,3,10,0.2,2,3,2,2,1,236.78,1,4,1,3,2,2,2,1,3,3,1
3,15,3,11,1.8,2,1,NaN,NaN,NaN,NaN,NaN,2,1,1,2,2,17,1,1,1,1
3,15,3,12,0.8,2,2,2,2,1,323.76,0,19,1,3,2,2,11,1,3,2,2
3,15,3,13,1.8,1,3,1,1,1,212.56,1,11,1,3,1,3,6,3,3,1,1
3,15,3,14,1.8,3,1,2,2,1,251.3,1,19,1,3,3,1,13,3,3,3,3
3,15,3,15,0.4,1,1,1,1,1,245.06,1,16,1,3,1,3,9,3,3,3,3
3,15,3,16,0.2,2,2,2,2,1,235.04,1,9,1,1,2,2,9,1,3,2,2
3,15,3,17,0.05,2,2,2,2,1,496.92,0,4,3,3,2,2,3,3,1,2,2
3,15,3,18,0.4,2,3,2,2,1,239.22,1,9,1,1,2,2,16,1,3,3,1
3,15,3,19,0.2,3,1,2,2,1,301.91,0,15,1,1,3,3,9,1,1,1,1
3,15,3,20,0.2,2,3,2,2,1,246.96,1,17,3,3,2,2,11,3,1,1,3
3,15,3,21,0.05,3,1,2,1,0,320.68,0,7,1,1,3,3,8,3,3,3,3
3,15,3,22,0.8,1,2,1,1,1,204.78,1,16,3,3,3,3,14,3,1,2,2
3,15,3,23,0.05,1,1,1,1,1,281.64,1,16,3,3,3,3,12,1,1,1,1
3,15,3,24,0.1,1,3,1,1,1,241.17,1,10,1,1,1,1,8,1,3,3,1
3,15,3,25,1.8,1,1,1,1,1,250.59,1,20,1,3,1,3,14,3,3,3,3
3,15,3,26,0.8,3,3,2,2,1,265.67,1,2,1,3,3,1,15,1,1,3,3
3,15,3,27,0.1,2,3,2,1,0,310.02,0,7,1,1,2,2,2,3,3,1,1
3,15,3,28,0.8,2,3,2,2,1,231.42,1,14,1,1,2,2,16,3,1,1,3
3,15,3,29,0.4,2,2,2,2,1,270.42,1,17,3,3,2,2,20,3,3,2,2
3,15,3,30,0.05,3,3,2,2,1,282.21,1,15,3,3,1,1,7,1,1,3,3
3,15,3,31,0.4,3,3,2,2,1,203.53,1,16,3,3,1,1,7,3,1,1,3
3,15,3,32,1.8,2,1,2,2,1,216.49,1,6,3,3,2,2,17,1,3,1,3
3,15,3,33,1.8,1,2,1,1,1,227.25,1,18,3,1,3,1,11,3,3,2,2
3,15,3,34,0.1,2,2,2,2,1,540.62,0,3,3,1,2,2,7,3,3,2,2
3,15,3,35,0.05,1,2,1,1,1,228.22,1,7,1,1,1,1,3,1,3,2,2
3,15,3,36,0.1,1,1,1,1,1,243.01,1,17,3,3,3,3,9,3,1,3,1
3,15,3,37,0.1,3,3,2,2,1,215.42,1,1,3,3,1,1,5,3,1,1,3
3,15,3,38,0.8,1,2,1,1,1,301.75,0,20,3,3,3,3,6,3,3,2,2
3,15,3,39,0.8,3,2,2,2,1,251.15,1,15,1,1,3,3,20,3,3,2,2
3,15,3,40,0.4,2,3,2,2,1,260.17,1,17,1,1,2,2,7,3,1,1,3
3,15,3,41,0.4,1,1,1,2,0,304.66,0,16,1,1,1,1,18,3,1,3,1
3,15,3,42,0.8,1,1,1,1,1,260.5,1,19,3,3,3,3,6,3,1,3,1
3,15,3,43,0.1,2,3,2,1,0,254.32,1,17,1,1,2,2,10,1,1,3,3
3,15,3,44,1.8,1,3,1,1,1,208.34,1,18,3,3,3,3,1,1,3,3,1
3,15,3,45,0.2,2,2,2,2,1,243.55,1,11,1,3,2,2,18,3,3,2,2
3,15,3,46,0.05,2,3,2,2,1,428,0,20,1,3,2,2,16,3,3,1,1
3,15,3,47,0.4,3,2,2,2,1,277.49,1,15,1,3,3,1,13,3,1,2,2
3,15,3,48,0.2,3,2,2,2,1,177.11,1,3,1,1,3,3,8,1,3,2,2
3,15,3,49,0.2,2,2,2,2,1,191.47,1,7,1,1,2,2,19,1,3,2,2
3,15,3,50,1.8,1,3,NaN,NaN,NaN,NaN,NaN,19,1,3,1,3,12,1,3,3,1
3,15,3,51,0.4,1,2,1,1,1,279.78,1,14,1,3,1,3,11,3,1,2,2
3,15,3,52,0.8,1,3,1,1,1,225.03,1,18,3,1,3,1,18,3,3,1,1
3,15,3,53,0.1,1,2,1,1,1,282.05,1,3,1,3,1,3,8,1,1,2,2
3,15,3,54,0.2,1,2,1,1,1,239.06,1,5,1,3,1,3,8,3,1,2,2
3,15,3,55,0.1,3,1,2,2,1,296.1,1,15,1,3,3,1,16,3,1,3,1
3,15,3,56,0.4,2,2,NaN,NaN,NaN,NaN,NaN,20,3,1,2,2,3,1,3,2,2
3,15,3,57,0.8,3,2,2,2,1,246.17,1,5,1,3,3,1,4,1,3,2,2
3,15,3,58,0.05,1,3,1,1,1,283.73,1,1,1,3,1,3,20,1,3,3,1
3,15,3,59,0.05,1,1,1,1,1,296.23,1,10,1,1,1,1,1,1,1,1,1
3,15,3,60,0.2,3,2,2,2,1,309.95,0,17,3,1,1,3,5,1,1,2,2
3,15,3,61,0.8,2,2,2,2,1,217.64,1,5,3,1,2,2,17,1,3,2,2
3,15,3,62,1.8,1,3,1,1,1,230.25,1,9,3,1,3,1,15,3,1,1,3
3,15,3,63,0.05,3,1,2,2,1,222.47,1,20,3,3,1,1,15,1,1,1,1
3,15,3,64,0.2,2,3,2,2,1,277.61,1,9,1,1,2,2,17,3,1,1,3
3,15,3,65,0.8,1,3,1,1,1,254.64,1,9,1,1,1,1,8,1,1,3,3
3,15,3,66,0.1,2,1,2,2,1,287.5,1,17,3,3,2,2,15,3,3,3,3
3,15,3,67,1.8,1,2,1,1,1,394.51,0,12,3,1,3,1,9,3,3,2,2
3,15,3,68,0.2,2,3,2,1,0,264.2,1,17,3,1,2,2,18,3,3,1,1
3,15,3,69,0.1,1,1,1,1,1,235.56,1,11,1,3,1,3,13,3,1,3,1
3,15,3,70,0.05,1,2,1,2,0,297.77,1,1,1,1,1,1,18,1,1,2,2
3,15,3,71,0.4,3,1,2,2,1,262.91,1,3,3,1,1,3,2,3,3,3,3
3,15,3,72,0.05,1,3,1,1,1,276.27,1,11,1,3,1,3,6,1,3,3,1
3,15,3,73,0.4,2,1,2,2,1,312.8,0,20,3,1,2,2,11,1,1,1,1
3,15,3,74,0.1,3,1,2,2,1,269.14,1,2,1,1,3,3,12,3,1,3,1
3,15,3,75,0.2,3,3,2,2,1,231.4,1,9,3,1,1,3,9,3,3,1,1
3,15,3,76,1.8,2,2,2,1,0,241.61,1,17,3,1,2,2,19,1,3,2,2
3,15,3,77,0.1,1,3,1,1,1,239.61,1,3,1,3,1,3,14,1,3,3,1
3,15,3,78,0.2,1,1,1,2,0,292.32,1,13,1,3,1,3,20,1,3,1,3
3,15,4,1,0.2,3,2,2,2,1,269.47,1,7,1,1,3,3,8,3,3,2,2
3,15,4,2,0.4,3,3,2,2,1,214.77,1,19,1,1,3,3,11,1,1,3,3
3,15,4,3,1.8,2,2,2,1,0,211.42,1,20,3,1,2,2,13,3,1,2,2
3,15,4,4,0.1,1,1,1,1,1,248.82,1,5,1,1,1,1,9,1,1,1,1
3,15,4,5,0.1,2,1,2,2,1,307.95,0,8,1,1,2,2,5,1,1,1,1
3,15,4,6,0.8,2,3,2,1,0,236.64,1,18,1,1,2,2,4,3,3,1,1
3,15,4,7,0.05,1,3,1,1,1,390.18,0,12,3,3,3,3,15,3,1,1,3
3,15,4,8,0.05,1,3,1,1,1,307.69,0,4,3,3,3,3,20,3,3,1,1
3,15,4,9,0.2,1,1,1,1,1,176.65,1,18,3,1,3,1,17,3,3,3,3
3,15,4,10,0.05,1,2,1,2,0,266.07,1,14,3,3,3,3,7,3,1,2,2
3,15,4,11,1.8,1,3,1,1,1,217.1,1,10,3,1,3,1,16,1,3,3,1
3,15,4,12,0.4,1,3,1,1,1,221.52,1,6,3,1,3,1,3,3,3,1,1
3,15,4,13,1.8,1,3,1,1,1,222.8,1,3,3,3,3,3,19,1,1,3,3
3,15,4,14,0.2,1,1,1,1,1,203.97,1,1,1,3,1,3,10,3,3,3,3
3,15,4,15,0.4,2,2,2,1,0,228.6,1,3,3,1,2,2,17,3,3,2,2
3,15,4,16,0.05,3,3,2,2,1,308.33,0,20,3,1,1,3,11,3,1,1,3
3,15,4,17,1.8,1,3,1,1,1,220.54,1,19,1,3,1,3,2,3,3,1,1
3,15,4,18,1.8,1,1,1,1,1,220.82,1,17,3,1,3,1,10,3,3,3,3
3,15,4,19,0.8,3,1,2,2,1,263.17,1,5,1,1,3,3,7,1,3,1,3
3,15,4,20,0.4,1,3,1,1,1,276.52,1,7,3,1,3,1,7,3,3,1,1
3,15,4,21,1.8,2,2,2,2,1,198.9,1,5,1,1,2,2,2,1,1,2,2
3,15,4,22,0.8,1,1,1,1,1,319.81,0,15,1,3,1,3,2,1,3,1,3
3,15,4,23,0.05,2,1,2,1,0,320.98,0,12,1,1,2,2,7,3,3,3,3
3,15,4,24,0.05,1,3,1,1,1,321.97,0,9,1,3,1,3,6,1,3,3,1
3,15,4,25,0.2,2,3,2,2,1,381.49,0,5,3,3,2,2,18,1,1,3,3
3,15,4,26,0.1,3,2,2,2,1,337.51,0,4,1,1,3,3,16,1,3,2,2
3,15,4,27,0.4,3,1,2,2,1,272.06,1,14,3,3,1,1,10,1,1,1,1
3,15,4,28,0.2,2,1,2,1,0,256,1,7,1,1,2,2,13,1,1,1,1
3,15,4,29,1.8,1,1,1,1,1,233.22,1,7,3,1,3,1,16,3,1,3,1
3,15,4,30,0.05,2,3,2,2,1,303.65,0,7,1,3,2,2,11,1,1,3,3
3,15,4,31,0.05,2,2,2,1,0,279.92,1,14,1,1,2,2,3,1,1,2,2
3,15,4,32,0.1,1,3,1,1,1,278.73,1,4,3,3,3,3,10,1,3,3,1
3,15,4,33,1.8,1,3,1,1,1,236.55,1,3,1,3,1,3,19,3,1,1,3
3,15,4,34,0.1,3,1,2,2,1,257.76,1,8,1,1,3,3,14,1,3,1,3
3,15,4,35,0.4,2,2,2,2,1,216.95,1,15,1,3,2,2,8,1,1,2,2
3,15,4,36,1.8,1,2,1,1,1,212.84,1,1,1,1,1,1,4,3,1,2,2
3,15,4,37,0.4,1,1,1,1,1,305.95,0,12,1,1,1,1,18,1,3,1,3
3,15,4,38,0.1,2,3,2,1,0,710.79,0,4,3,3,2,2,6,3,1,1,3
3,15,4,39,0.8,1,1,1,1,1,263.11,1,4,3,1,3,1,2,3,1,3,1
3,15,4,40,0.8,2,2,2,2,1,265.46,1,18,1,1,2,2,5,1,1,2,2
3,15,4,41,0.8,3,1,2,2,1,245.51,1,10,3,3,1,1,4,1,3,1,3
3,15,4,42,0.4,1,3,1,1,1,233.03,1,14,1,3,1,3,18,3,1,1,3
3,15,4,43,0.1,1,3,1,1,1,225.35,1,15,1,3,1,3,7,1,3,3,1
3,15,4,44,0.05,2,2,2,2,1,304.03,0,8,3,3,2,2,13,1,3,2,2
3,15,4,45,0.8,3,1,2,2,1,266.53,1,9,3,3,1,1,2,3,3,3,3
3,15,4,46,0.05,1,1,1,1,1,310.71,0,19,1,1,1,1,9,1,3,1,3
3,15,4,47,0.4,3,3,2,2,1,280.6,1,4,1,1,3,3,20,1,3,3,1
3,15,4,48,1.8,2,1,2,2,1,250.25,1,7,3,1,2,2,3,3,3,3,3
3,15,4,49,0.8,1,3,1,1,1,277.69,1,19,3,3,3,3,3,3,3,1,1
3,15,4,50,0.4,1,3,1,1,1,239.59,1,12,1,1,1,1,6,3,3,1,1
3,15,4,51,0.8,1,3,NaN,NaN,NaN,NaN,NaN,3,3,1,3,1,16,3,1,1,3
3,15,4,52,1.8,1,2,1,1,1,221.43,1,1,3,1,3,1,1,1,3,2,2
3,15,4,53,0.05,1,3,1,1,1,421.14,0,3,3,1,3,1,9,1,3,3,1
3,15,4,54,0.8,1,2,1,1,1,283.12,1,14,3,3,3,3,15,3,3,2,2
3,15,4,55,0.2,1,3,1,1,1,267.32,1,13,1,3,1,3,12,1,1,3,3
3,15,4,56,0.2,2,1,2,2,1,268.62,1,11,1,3,2,2,14,1,1,1,1
3,15,4,57,1.8,2,2,2,2,1,256.22,1,16,1,3,2,2,2,3,3,2,2
3,15,4,58,0.8,1,1,1,1,1,223.11,1,5,3,1,3,1,3,3,1,3,1
3,15,4,59,0.2,1,3,1,1,1,266.9,1,11,3,3,3,3,17,3,3,1,1
3,15,4,60,0.4,3,2,2,2,1,291.32,1,17,3,3,1,1,17,3,3,2,2
3,15,4,61,0.1,2,3,2,2,1,315.65,0,2,3,1,2,2,7,1,3,3,1
3,15,4,62,0.8,1,3,1,1,1,315.96,0,10,1,3,1,3,1,1,3,3,1
3,15,4,63,0.2,1,2,1,1,1,254.47,1,3,3,1,3,1,19,1,1,2,2
3,15,4,64,0.4,1,1,1,1,1,281.27,1,12,1,3,1,3,6,3,3,3,3
3,15,4,65,1.8,1,3,1,1,1,204.5,1,16,1,3,1,3,16,3,3,1,1
3,15,4,66,0.4,1,3,1,1,1,395.26,0,6,1,1,1,1,19,3,3,1,1
3,15,4,67,0.05,1,3,1,1,1,265.96,1,8,3,1,3,1,10,1,3,3,1
3,15,4,68,0.1,2,1,2,1,0,207.65,1,12,3,1,2,2,7,1,1,1,1
3,15,4,69,0.1,1,3,1,1,1,301.63,0,16,3,1,3,1,17,1,1,3,3
3,15,4,70,0.1,1,3,1,1,1,262.74,1,12,1,1,1,1,5,1,3,3,1
3,15,4,71,0.1,1,3,1,1,1,271.66,1,19,3,1,3,1,13,1,3,3,1
3,15,4,72,0.2,1,1,1,1,1,259.27,1,11,1,3,1,3,6,1,1,1,1
3,15,4,73,0.05,2,3,2,2,1,343.34,0,5,1,1,2,2,1,1,1,3,3
3,15,4,74,0.2,3,1,2,2,1,262.4,1,17,1,1,3,3,15,3,1,3,1
3,15,4,75,0.8,3,3,2,2,1,237.52,1,17,3,3,1,1,12,1,1,3,3
3,15,4,76,0.1,1,1,1,1,1,240.78,1,10,1,3,1,3,20,1,3,1,3
3,15,4,77,0.2,3,1,2,2,1,278.68,1,5,3,3,1,1,7,1,1,1,1
3,15,4,78,0.2,1,2,1,1,1,239.18,1,20,3,1,3,1,13,1,1,2,2
3,15,5,1,0.4,3,1,2,2,1,204.6,1,8,1,1,3,3,12,1,3,1,3
3,15,5,2,0.2,1,2,1,1,1,211.47,1,15,3,1,3,1,16,1,1,2,2
3,15,5,3,0.05,1,3,1,1,1,248.04,1,20,3,3,3,3,1,3,3,1,1
3,15,5,4,0.4,1,2,1,1,1,211.7,1,16,3,1,3,1,8,1,3,2,2
3,15,5,5,1.8,1,2,1,1,1,240.22,1,4,1,1,1,1,5,3,3,2,2
3,15,5,6,0.1,3,1,2,2,1,334.29,0,10,3,3,1,1,10,3,3,3,3
3,15,5,7,0.8,3,3,2,2,1,228.66,1,10,1,1,3,3,1,3,1,1,3
3,15,5,8,0.05,1,3,1,1,1,266.36,1,5,1,1,1,1,2,3,1,1,3
3,15,5,9,0.8,3,2,2,2,1,231.27,1,8,1,3,3,1,19,1,1,2,2
3,15,5,10,0.8,3,3,2,2,1,221.4,1,9,3,1,1,3,5,1,3,3,1
3,15,5,11,1.8,3,3,2,2,1,223.44,1,14,1,1,3,3,9,1,3,3,1
3,15,5,12,0.1,2,1,2,1,0,835.33,0,12,3,1,2,2,20,3,1,3,1
3,15,5,13,0.1,3,2,2,1,0,206.48,1,12,1,1,3,3,2,3,1,2,2
3,15,5,14,0.1,3,1,2,2,1,273.98,1,15,3,3,1,1,2,3,1,3,1
3,15,5,15,0.8,1,1,1,1,1,224.07,1,4,3,1,3,1,3,3,3,3,3
3,15,5,16,0.2,1,3,1,1,1,261.62,1,14,3,3,3,3,16,1,3,3,1
3,15,5,17,0.2,1,1,1,1,1,271.89,1,6,3,1,3,1,17,1,3,1,3
3,15,5,18,1.8,3,1,2,2,1,228.28,1,16,1,3,3,1,18,3,1,3,1
3,15,5,19,0.4,2,3,2,2,1,250.99,1,18,1,3,2,2,7,3,1,1,3
3,15,5,20,1.8,1,1,1,1,1,216.14,1,14,3,1,3,1,20,3,3,3,3
3,15,5,21,0.1,3,3,2,2,1,265.93,1,14,1,3,3,1,7,3,1,1,3
3,15,5,22,0.2,1,3,1,1,1,143.41,1,15,3,1,3,1,19,3,3,1,1
3,15,5,23,0.2,1,2,1,1,1,245.72,1,18,3,3,3,3,17,3,1,2,2
3,15,5,24,0.4,3,1,2,2,1,211.07,1,10,1,3,3,1,2,3,3,3,3
3,15,5,25,0.1,3,3,2,2,1,272.84,1,3,3,1,1,3,10,3,1,1,3
3,15,5,26,0.1,3,2,2,2,1,281.64,1,16,1,3,3,1,12,1,1,2,2
3,15,5,27,1.8,2,2,2,2,1,207.81,1,17,1,1,2,2,2,3,3,2,2
3,15,5,28,0.4,1,3,1,1,1,264.97,1,17,1,3,1,3,8,1,1,3,3
3,15,5,29,0.8,3,1,2,2,1,246.75,1,11,1,3,3,1,8,3,1,3,1
3,15,5,30,0.8,1,3,1,1,1,238.85,1,18,1,1,1,1,20,1,3,3,1
3,15,5,31,1.8,1,2,1,1,1,413.69,0,10,3,3,3,3,8,1,3,2,2
3,15,5,32,0.05,1,1,1,1,1,253.92,1,18,1,1,1,1,2,1,1,1,1
3,15,5,33,0.2,1,1,1,1,1,121.61,1,6,1,3,1,3,20,1,3,1,3
3,15,5,34,0.8,1,2,1,1,1,220.04,1,8,1,3,1,3,10,3,3,2,2
3,15,5,35,1.8,1,1,1,1,1,213.26,1,17,1,1,1,1,17,3,3,3,3
3,15,5,36,0.1,1,3,1,1,1,543.97,0,7,3,1,3,1,7,1,1,3,3
3,15,5,37,1.8,2,3,2,2,1,201.57,1,14,3,1,2,2,19,1,3,3,1
3,15,5,38,0.8,1,1,1,1,1,239.01,1,6,1,1,1,1,2,1,3,1,3
3,15,5,39,0.1,2,3,2,2,1,217.57,1,3,3,1,2,2,16,1,1,3,3
3,15,5,40,0.2,1,1,1,1,1,251.77,1,4,1,3,1,3,17,3,3,3,3
3,15,5,41,1.8,1,3,1,1,1,219.38,1,13,1,3,1,3,11,1,3,3,1
3,15,5,42,0.05,1,1,1,1,1,234.03,1,18,1,3,1,3,5,3,3,3,3
3,15,5,43,0.2,3,3,2,2,1,201.65,1,6,1,3,3,1,13,3,3,1,1
3,15,5,44,0.4,3,2,2,2,1,269.66,1,8,1,1,3,3,4,3,1,2,2
3,15,5,45,1.8,1,2,1,1,1,205.39,1,12,1,1,1,1,14,3,3,2,2
3,15,5,46,0.8,1,1,1,1,1,234.02,1,10,1,3,1,3,2,3,3,3,3
3,15,5,47,0.4,3,1,2,2,1,224.33,1,13,1,1,3,3,7,3,3,3,3
3,15,5,48,0.1,1,3,1,1,1,292.28,1,20,3,3,3,3,3,1,1,3,3
3,15,5,49,0.1,1,2,1,1,1,238.8,1,4,3,1,3,1,8,3,1,2,2
3,15,5,50,0.05,2,1,2,2,1,453.55,0,3,3,3,2,2,20,1,3,1,3
3,15,5,51,0.8,1,2,NaN,NaN,NaN,NaN,NaN,14,1,1,1,1,3,1,3,2,2
3,15,5,52,0.05,1,1,1,1,1,291.25,1,14,1,3,1,3,17,1,3,1,3
3,15,5,53,0.05,2,3,2,2,1,299.31,1,2,1,1,2,2,18,3,3,1,1
3,15,5,54,0.2,1,2,1,1,1,204.41,1,5,1,1,1,1,13,1,3,2,2
3,15,5,55,0.8,2,1,2,2,1,250.49,1,20,1,1,2,2,14,1,1,1,1
3,15,5,56,0.8,2,3,2,2,1,95.021,2,18,3,1,2,2,10,1,3,3,1
3,15,5,57,0.1,1,1,1,1,1,224.7,1,14,1,1,1,1,4,1,3,1,3
3,15,5,58,0.2,2,2,2,1,0,241,1,4,1,3,2,2,14,1,1,2,2
3,15,5,59,0.8,1,3,1,1,1,230.21,1,15,3,3,3,3,2,1,3,3,1
3,15,5,60,1.8,1,3,NaN,NaN,NaN,NaN,NaN,20,1,1,1,1,5,3,1,1,3
3,15,5,61,0.05,1,1,1,1,1,261.86,1,9,1,3,1,3,16,3,1,3,1
3,15,5,62,0.2,3,1,2,2,1,160.28,1,16,1,3,3,1,17,1,3,1,3
3,15,5,63,0.05,2,2,2,1,0,286.82,1,13,3,1,2,2,11,1,3,2,2
3,15,5,64,0.4,1,3,1,1,1,257.57,1,2,3,1,3,1,7,3,3,1,1
3,15,5,65,0.4,3,3,2,2,1,283.85,1,17,3,3,1,1,18,1,3,3,1
3,15,5,66,0.05,2,1,2,1,0,271.04,1,10,1,1,2,2,18,1,1,1,1
3,15,5,67,1.8,1,2,NaN,NaN,NaN,NaN,NaN,13,1,3,1,3,15,3,1,2,2
3,15,5,68,0.05,1,2,1,2,0,306.19,0,2,3,1,3,1,19,3,1,2,2
3,15,5,69,0.4,1,3,1,1,1,271.33,1,13,3,3,3,3,1,3,1,1,3
3,15,5,70,0.1,1,3,1,1,1,202.93,1,5,1,1,1,1,3,1,3,3,1
3,15,5,71,0.05,2,3,2,1,0,325.36,0,15,3,3,2,2,14,1,3,3,1
3,15,5,72,1.8,2,2,2,2,1,214.3,1,13,3,3,2,2,18,3,3,2,2
3,15,5,73,0.4,1,3,1,2,0,317.69,0,5,1,1,1,1,19,3,1,1,3
3,15,5,74,0.05,3,3,2,2,1,270.03,1,16,3,1,1,3,7,1,1,3,3
3,15,5,75,0.2,1,1,1,1,1,222.21,1,8,3,3,3,3,7,1,3,1,3
3,15,5,76,0.2,3,3,2,2,1,279.73,1,18,3,1,1,3,20,3,3,1,1
3,15,5,77,0.4,1,3,1,1,1,267.61,1,20,3,3,3,3,5,1,3,3,1
3,15,5,78,0.4,3,3,2,2,1,236.9,1,20,1,1,3,3,13,1,1,3,3
3,15,6,1,0.1,1,3,1,2,0,298.1,1,19,3,1,3,1,20,3,3,1,1
3,15,6,2,0.05,1,2,1,1,1,250.73,1,6,1,1,1,1,17,1,1,2,2
3,15,6,3,1.8,2,3,2,2,1,181.71,1,18,3,1,2,2,10,3,1,1,3
3,15,6,4,0.4,2,2,2,2,1,83.035,2,9,1,3,2,2,3,3,1,2,2
3,15,6,5,0.1,1,1,1,1,1,273.33,1,14,3,1,3,1,17,1,1,1,1
3,15,6,6,0.1,1,3,1,1,1,216.64,1,1,1,3,1,3,4,1,1,3,3
3,15,6,7,0.05,2,2,2,2,1,524.75,0,16,3,1,2,2,10,1,3,2,2
3,15,6,8,0.8,1,3,NaN,NaN,NaN,NaN,NaN,7,3,3,3,3,3,3,3,1,1
3,15,6,9,0.05,3,2,2,2,1,285.21,1,14,3,1,1,3,19,3,3,2,2
3,15,6,10,0.8,3,3,2,2,1,248.75,1,12,1,3,3,1,8,3,1,1,3
3,15,6,11,0.1,1,3,1,1,1,270.76,1,5,1,1,1,1,19,1,3,3,1
3,15,6,12,0.4,3,3,NaN,NaN,NaN,NaN,NaN,4,3,1,1,3,17,1,3,3,1
3,15,6,13,0.2,1,1,1,1,1,214.49,1,20,1,1,1,1,20,3,1,3,1
3,15,6,14,0.2,1,3,1,1,1,228.45,1,3,1,1,1,1,16,3,3,1,1
3,15,6,15,0.4,2,1,2,2,1,250.95,1,10,3,3,2,2,13,1,3,1,3
3,15,6,16,0.2,1,1,1,1,1,262.7,1,9,1,1,1,1,2,3,3,3,3
3,15,6,17,0.4,3,2,2,2,1,258.67,1,20,3,1,1,3,9,1,3,2,2
3,15,6,18,1.8,3,1,2,2,1,222.76,1,2,3,3,1,1,7,1,1,1,1
3,15,6,19,0.4,1,3,1,2,0,322.96,0,17,3,1,3,1,1,1,3,3,1
3,15,6,20,0.1,2,1,2,2,1,262.11,1,9,1,3,2,2,5,1,1,1,1
3,15,6,21,0.2,2,3,2,2,1,259.59,1,19,1,1,2,2,5,1,1,3,3
3,15,6,22,0.05,1,1,1,1,1,285.49,1,3,1,3,1,3,5,3,3,3,3
3,15,6,23,0.8,3,3,NaN,NaN,NaN,NaN,NaN,5,1,1,3,3,16,1,1,3,3
3,15,6,24,1.8,1,3,1,1,1,203.72,1,9,3,1,3,1,2,1,1,3,3
3,15,6,25,0.05,1,3,1,2,0,457.61,0,14,3,1,3,1,12,3,3,1,1
3,15,6,26,0.2,2,2,2,2,1,271.59,1,5,1,1,2,2,14,3,3,2,2
3,15,6,27,0.8,1,1,1,1,1,218.97,1,5,1,3,1,3,9,1,3,1,3
3,15,6,28,0.8,2,1,2,2,1,247.01,1,4,1,3,2,2,12,3,3,3,3
3,15,6,29,0.05,3,1,2,2,1,270.61,1,14,3,3,1,1,10,1,1,1,1
3,15,6,30,0.8,1,1,1,1,1,217.9,1,18,3,1,3,1,5,3,3,3,3
3,15,6,31,0.8,3,3,2,2,1,230.87,1,9,1,1,3,3,3,3,3,1,1
3,15,6,32,0.1,3,2,2,2,1,217.18,1,2,3,1,1,3,4,1,1,2,2
3,15,6,33,0.4,1,1,1,1,1,244.36,1,15,3,3,3,3,15,3,1,3,1
3,15,6,34,0.05,1,1,1,1,1,246.11,1,10,3,1,3,1,19,1,3,1,3
3,15,6,35,0.2,3,2,2,2,1,264.71,1,14,3,1,1,3,10,3,1,2,2
3,15,6,36,1.8,2,3,2,2,1,199.23,1,3,3,3,2,2,2,3,1,1,3
3,15,6,37,1.8,1,1,1,1,1,210.29,1,17,3,3,3,3,5,1,1,1,1
3,15,6,38,0.2,3,3,2,2,1,230.22,1,17,3,3,1,1,11,3,3,1,1
3,15,6,39,0.2,2,3,2,2,1,320.8,0,17,3,1,2,2,6,1,1,3,3
3,15,6,40,0.1,1,1,1,1,1,248.35,1,3,1,1,1,1,19,3,3,3,3
3,15,6,41,0.8,1,3,1,1,1,252.91,1,13,3,3,3,3,5,3,3,1,1
3,15,6,42,0.4,2,2,2,1,0,233.15,1,2,3,1,2,2,20,1,3,2,2
3,15,6,43,0.4,3,2,2,2,1,10.209,2,18,3,3,1,1,16,3,1,2,2
3,15,6,44,0.2,1,1,1,1,1,229.59,1,9,3,1,3,1,9,1,3,1,3
3,15,6,45,1.8,1,3,1,1,1,213.15,1,3,3,3,3,3,7,1,3,3,1
3,15,6,46,0.1,2,1,2,1,0,303.87,0,15,1,1,2,2,9,1,1,1,1
3,15,6,47,1.8,1,2,1,1,1,239.98,1,9,3,3,3,3,12,3,1,2,2
3,15,6,48,1.8,1,1,1,1,1,235.13,1,2,3,3,3,3,15,1,1,1,1
3,15,6,49,0.2,1,2,1,1,1,243.67,1,13,3,1,3,1,15,3,3,2,2
3,15,6,50,1.8,1,2,1,1,1,228.75,1,11,1,3,1,3,8,3,1,2,2
3,15,6,51,0.2,1,2,1,1,1,232.22,1,1,3,3,3,3,14,1,1,2,2
3,15,6,52,0.05,1,1,1,1,1,262.17,1,20,1,3,1,3,13,3,1,3,1
3,15,6,53,0.05,3,1,2,2,1,325.05,0,5,3,1,1,3,9,1,1,1,1
3,15,6,54,0.1,3,3,2,2,1,312.65,0,19,1,1,3,3,4,3,1,1,3
3,15,6,55,0.05,2,3,2,2,1,288.06,1,18,1,3,2,2,1,1,3,3,1
3,15,6,56,0.05,1,3,NaN,NaN,NaN,NaN,NaN,1,3,1,3,1,9,1,1,3,3
3,15,6,57,0.8,2,2,2,2,1,243.77,1,7,3,1,2,2,17,1,3,2,2
3,15,6,58,1.8,1,2,1,1,1,223.38,1,2,1,3,1,3,8,3,1,2,2
3,15,6,59,0.2,1,2,1,2,0,276.89,1,9,3,3,3,3,6,1,3,2,2
3,15,6,60,0.8,3,3,2,2,1,191.11,1,3,3,3,1,1,20,3,3,1,1
3,15,6,61,0.1,1,2,1,1,1,266.51,1,12,3,1,3,1,9,1,3,2,2
3,15,6,62,0.4,2,1,2,2,1,248.54,1,12,3,3,2,2,4,3,1,3,1
3,15,6,63,1.8,2,2,2,2,1,204.8,1,11,1,3,2,2,2,1,3,2,2
3,15,6,64,0.2,3,1,2,2,1,206.67,1,1,1,1,3,3,7,1,3,1,3
3,15,6,65,0.4,3,3,2,2,1,250.77,1,18,1,3,3,1,2,3,3,1,1
3,15,6,66,0.1,1,1,1,1,1,290.42,1,10,3,3,3,3,16,1,3,1,3
3,15,6,67,0.8,1,3,1,1,1,263.16,1,11,3,1,3,1,3,3,1,1,3
3,15,6,68,0.05,2,1,2,2,1,280.54,1,16,3,1,2,2,11,3,1,3,1
3,15,6,69,0.1,1,2,1,1,1,258.29,1,1,1,3,1,3,6,3,1,2,2
3,15,6,70,0.4,1,3,1,1,1,245.69,1,2,3,3,3,3,15,1,3,3,1
3,15,6,71,0.05,1,1,1,1,1,278.31,1,11,3,1,3,1,19,1,1,1,1
3,15,6,72,1.8,2,2,2,2,1,254.9,1,8,1,1,2,2,18,1,3,2,2
3,15,6,73,0.8,2,3,2,2,1,213.83,1,9,1,3,2,2,19,1,1,3,3
3,15,6,74,1.8,3,1,2,2,1,249.5,1,16,1,3,3,1,8,1,3,1,3
3,15,6,75,0.8,1,1,1,1,1,238.75,1,4,1,3,1,3,16,3,1,3,1
3,15,6,76,0.1,1,1,1,1,1,300.88,0,8,3,1,3,1,18,1,3,1,3
3,15,6,77,0.4,2,3,2,2,1,297.3,1,20,3,1,2,2,15,1,3,3,1
3,15,6,78,0.4,1,1,1,1,1,253.72,1,18,1,3,1,3,10,3,3,3,3
3,15,7,1,0.05,3,2,2,2,1,332.68,0,10,1,1,3,3,19,3,3,2,2
3,15,7,2,0.4,1,1,1,1,1,242.64,1,20,3,1,3,1,11,1,3,1,3
3,15,7,3,0.1,1,1,1,1,1,215.48,1,11,1,1,1,1,15,1,3,1,3
3,15,7,4,0.4,3,2,NaN,NaN,NaN,NaN,NaN,6,1,1,3,3,7,1,3,2,2
3,15,7,5,0.8,1,2,1,1,1,242.07,1,8,1,1,1,1,9,3,1,2,2
3,15,7,6,0.1,1,2,1,1,1,287.08,1,4,3,3,3,3,10,1,1,2,2
3,15,7,7,1.8,3,2,2,2,1,189.9,1,18,3,3,1,1,5,1,1,2,2
3,15,7,8,0.4,2,3,2,2,1,212.28,1,3,3,3,2,2,13,3,3,1,1
3,15,7,9,0.2,3,3,2,2,1,248.88,1,17,3,3,1,1,15,3,3,1,1
3,15,7,10,0.05,2,1,2,2,1,283.03,1,13,1,3,2,2,1,3,3,3,3
3,15,7,11,1.8,2,3,2,1,0,209.04,1,18,1,3,2,2,15,1,1,3,3
3,15,7,12,0.4,1,3,1,1,1,273.32,1,17,1,3,1,3,5,3,1,1,3
3,15,7,13,0.2,1,3,1,1,1,276.36,1,20,3,3,3,3,19,3,3,1,1
3,15,7,14,0.05,1,2,1,1,1,272.59,1,12,1,1,1,1,16,1,3,2,2
3,15,7,15,0.1,2,1,2,2,1,328.06,0,14,3,1,2,2,2,3,3,3,3
3,15,7,16,0.4,1,2,1,1,1,247.52,1,20,1,3,1,3,4,1,1,2,2
3,15,7,17,0.2,3,1,2,2,1,230.34,1,15,3,1,1,3,16,3,3,3,3
3,15,7,18,0.4,1,1,1,1,1,233.65,1,2,1,3,1,3,19,1,1,1,1
3,15,7,19,1.8,3,2,2,2,1,204.61,1,15,1,3,3,1,10,1,3,2,2
3,15,7,20,0.05,3,3,2,2,1,304.02,0,4,3,1,1,3,4,3,3,1,1
3,15,7,21,1.8,2,3,NaN,NaN,NaN,NaN,NaN,2,1,3,2,2,7,3,1,1,3
3,15,7,22,0.05,1,1,1,1,1,293.34,1,16,3,3,3,3,20,1,3,1,3
3,15,7,23,0.4,2,3,2,2,1,259.7,1,11,3,1,2,2,16,1,1,3,3
3,15,7,24,0.2,3,2,2,2,1,245.2,1,15,1,3,3,1,7,3,1,2,2
3,15,7,25,0.4,1,2,1,1,1,211.41,1,15,3,3,3,3,6,3,1,2,2
3,15,7,26,0.8,2,3,2,2,1,215.62,1,8,3,3,2,2,6,3,3,1,1
3,15,7,27,0.1,1,2,1,1,1,237.07,1,8,3,1,3,1,9,1,1,2,2
3,15,7,28,0.2,3,3,2,2,1,254.6,1,17,1,1,3,3,16,3,3,1,1
3,15,7,29,1.8,3,3,2,2,1,214.29,1,8,1,1,3,3,11,3,1,1,3
3,15,7,30,0.05,1,2,1,1,1,364.24,0,19,1,1,1,1,16,3,3,2,2
3,15,7,31,1.8,2,1,2,2,1,206.25,1,19,3,3,2,2,1,3,1,3,1
3,15,7,32,0.05,3,2,2,1,0,249.24,1,15,3,3,1,1,18,3,1,2,2
3,15,7,33,0.8,3,3,2,2,1,265.4,1,8,3,1,1,3,16,3,3,1,1
3,15,7,34,1.8,2,3,2,2,1,218.61,1,17,3,3,2,2,15,1,1,3,3
3,15,7,35,1.8,3,1,2,2,1,212.69,1,12,1,1,3,3,12,1,1,1,1
3,15,7,36,0.1,3,1,2,2,1,292.79,1,2,3,3,1,1,2,1,1,1,1
3,15,7,37,0.8,3,3,2,2,1,243.88,1,8,1,3,3,1,13,1,3,3,1
3,15,7,38,0.4,3,1,2,2,1,287.77,1,17,1,1,3,3,20,1,3,1,3
3,15,7,39,0.2,1,3,1,1,1,217.94,1,12,1,1,1,1,10,1,3,3,1
3,15,7,40,0.1,1,1,1,1,1,247.27,1,10,3,3,3,3,16,3,3,3,3
3,15,7,41,0.1,1,1,1,1,1,210.3,1,1,1,3,1,3,16,3,3,3,3
3,15,7,42,0.2,3,2,2,2,1,269.36,1,10,3,1,1,3,1,1,1,2,2
3,15,7,43,0.1,2,1,2,2,1,295.8,1,13,1,1,2,2,17,1,1,1,1
3,15,7,44,0.8,1,2,1,1,1,248.47,1,11,3,3,3,3,17,3,3,2,2
3,15,7,45,1.8,1,2,1,1,1,257.42,1,6,3,3,3,3,10,3,1,2,2
3,15,7,46,0.4,3,2,2,2,1,256.66,1,3,1,3,3,1,7,3,1,2,2
3,15,7,47,0.2,2,1,2,2,1,253.16,1,8,1,3,2,2,20,1,1,1,1
3,15,7,48,0.05,2,2,2,2,1,335.81,0,3,1,1,2,2,15,3,3,2,2
3,15,7,49,0.05,2,2,2,2,1,270.91,1,11,3,3,2,2,3,1,3,2,2
3,15,7,50,1.8,1,2,1,1,1,244.7,1,4,1,3,1,3,11,3,1,2,2
3,15,7,51,0.1,2,3,2,2,1,249.4,1,14,1,1,2,2,5,1,1,3,3
3,15,7,52,0.05,1,2,1,1,1,242.77,1,5,3,3,3,3,19,1,3,2,2
3,15,7,53,0.05,3,1,2,2,1,272.43,1,13,3,1,1,3,5,1,1,1,1
3,15,7,54,0.1,1,3,1,1,1,215.08,1,8,3,3,3,3,13,3,1,1,3
3,15,7,55,0.1,1,2,1,2,0,234.43,1,11,3,3,3,3,10,3,3,2,2
3,15,7,56,0.8,2,3,2,2,1,262.66,1,1,1,1,2,2,7,1,3,3,1
3,15,7,57,0.8,2,1,2,2,1,250.68,1,6,1,1,2,2,18,3,1,3,1
3,15,7,58,1.8,2,2,NaN,NaN,NaN,NaN,NaN,19,3,3,2,2,15,3,1,2,2
3,15,7,59,0.2,1,2,1,2,0,294.58,1,4,3,3,3,3,8,1,3,2,2
3,15,7,60,0.4,2,1,2,2,1,265.25,1,2,3,1,2,2,3,3,1,3,1
3,15,7,61,0.8,1,1,1,1,1,230.96,1,19,1,1,1,1,12,3,1,3,1
3,15,7,62,0.1,2,1,2,2,1,328.45,0,20,1,3,2,2,3,1,3,1,3
3,15,7,63,1.8,2,1,2,2,1,219.05,1,6,1,3,2,2,20,3,3,3,3
3,15,7,64,0.2,1,3,1,1,1,244.39,1,8,3,1,3,1,11,3,1,1,3
3,15,7,65,1.8,1,3,1,1,1,213.84,1,16,3,3,3,3,14,1,1,3,3
3,15,7,66,0.2,3,2,2,2,1,290.24,1,4,3,3,1,1,4,1,1,2,2
3,15,7,67,0.4,2,2,2,1,0,282.1,1,3,3,1,2,2,11,3,1,2,2
3,15,7,68,0.05,2,3,2,2,1,322.6,0,2,1,3,2,2,20,1,3,3,1
3,15,7,69,0.4,2,3,2,2,1,272.77,1,7,3,3,2,2,10,1,1,3,3
3,15,7,70,0.8,1,1,1,1,1,295.97,1,5,3,3,3,3,13,1,1,1,1
3,15,7,71,0.8,1,1,1,1,1,241.55,1,13,1,3,1,3,11,3,1,3,1
3,15,7,72,0.8,1,3,1,1,1,208.31,1,8,3,3,3,3,17,1,3,3,1
3,15,7,73,0.1,1,3,1,1,1,287.72,1,18,1,1,1,1,6,1,1,3,3
3,15,7,74,0.8,2,3,2,1,0,269.74,1,18,3,1,2,2,4,3,1,1,3
3,15,7,75,0.05,3,3,2,2,1,229.43,1,10,3,3,1,1,14,1,1,3,3
3,15,7,76,0.2,2,3,2,1,0,227.31,1,15,1,1,2,2,10,1,1,3,3
3,15,7,77,0.8,3,1,2,2,1,237.49,1,20,1,1,3,3,7,1,3,1,3
3,15,7,78,0.2,2,3,2,2,1,323.91,0,16,3,1,2,2,18,1,3,3,1
3,15,8,1,1.8,1,2,1,1,1,239.1,1,18,3,1,3,1,2,1,3,2,2
3,15,8,2,0.8,2,2,2,2,1,199.84,1,18,1,1,2,2,5,3,1,2,2
3,15,8,3,0.4,1,3,1,1,1,265.13,1,8,1,1,1,1,14,1,3,3,1
3,15,8,4,0.2,2,3,2,2,1,281.45,1,8,3,1,2,2,2,3,1,1,3
3,15,8,5,1.8,2,3,2,2,1,277.32,1,19,1,1,2,2,15,1,3,3,1
3,15,8,6,0.05,2,3,2,2,1,311.07,0,13,3,3,2,2,15,3,1,1,3
3,15,8,7,0.4,1,3,1,1,1,228.02,1,4,1,3,1,3,20,3,1,1,3
3,15,8,8,0.4,2,3,2,2,1,263.83,1,15,1,3,2,2,17,3,3,1,1
3,15,8,9,1.8,3,3,2,2,1,224.42,1,9,3,1,1,3,20,3,1,1,3
3,15,8,10,0.05,1,3,1,1,1,282.43,1,12,3,1,3,1,3,3,3,1,1
3,15,8,11,0.2,3,1,2,2,1,293.82,1,18,1,3,3,1,10,3,3,3,3
3,15,8,12,1.8,2,1,2,2,1,244.18,1,19,3,1,2,2,9,3,1,3,1
3,15,8,13,0.1,2,1,2,2,1,286.3,1,11,1,1,2,2,8,1,1,1,1
3,15,8,14,0.8,1,1,1,1,1,181.39,1,16,3,3,3,3,3,1,3,1,3
3,15,8,15,0.4,2,3,2,2,1,244.08,1,17,3,3,2,2,3,3,1,1,3
3,15,8,16,0.2,3,1,2,2,1,260.32,1,11,1,1,3,3,10,1,1,1,1
3,15,8,17,0.8,2,1,2,2,1,233.68,1,15,1,3,2,2,4,3,3,3,3
3,15,8,18,0.05,2,1,2,2,1,340.08,0,8,3,1,2,2,17,3,1,3,1
3,15,8,19,0.2,2,3,2,2,1,256.86,1,6,3,3,2,2,5,1,3,3,1
3,15,8,20,0.2,1,3,1,1,1,243.39,1,16,3,1,3,1,6,3,3,1,1
3,15,8,21,0.05,2,3,2,2,1,292.26,1,10,1,1,2,2,19,3,1,1,3
3,15,8,22,0.1,2,3,2,2,1,252.78,1,8,3,1,2,2,9,1,1,3,3
3,15,8,23,1.8,1,3,1,1,1,223.78,1,18,3,1,3,1,6,3,1,1,3
3,15,8,24,0.05,3,2,2,2,1,293.34,1,7,1,3,3,1,17,1,3,2,2
3,15,8,25,0.1,1,1,1,1,1,264.88,1,14,3,1,3,1,1,1,1,1,1
3,15,8,26,1.8,2,2,2,2,1,228.08,1,11,3,1,2,2,14,1,1,2,2
3,15,8,27,0.2,2,3,2,2,1,250.99,1,4,3,1,2,2,4,1,1,3,3
3,15,8,28,1.8,3,3,2,2,1,240.23,1,5,1,1,3,3,20,1,1,3,3
3,15,8,29,0.1,2,1,2,2,1,285.56,1,20,1,1,2,2,19,1,3,1,3
3,15,8,30,0.8,3,1,2,2,1,233.23,1,3,3,3,1,1,14,3,3,3,3
3,15,8,31,0.2,1,1,1,1,1,221.39,1,15,3,3,3,3,6,1,3,1,3
3,15,8,32,0.1,1,1,1,1,1,245.3,1,12,3,3,3,3,8,3,1,3,1
3,15,8,33,1.8,1,2,1,1,1,250.83,1,3,3,1,3,1,15,1,3,2,2
3,15,8,34,0.4,3,3,2,2,1,224.84,1,20,1,1,3,3,3,3,1,1,3
3,15,8,35,0.05,1,1,1,2,0,323.38,0,2,1,3,1,3,19,3,3,3,3
3,15,8,36,0.1,1,3,1,1,1,270.58,1,1,3,1,3,1,13,3,3,1,1
3,15,8,37,0.2,3,2,2,2,1,261.16,1,18,1,3,3,1,16,1,3,2,2
3,15,8,38,0.05,3,2,2,2,1,280.71,1,1,1,3,3,1,17,1,3,2,2
3,15,8,39,0.1,3,1,2,2,1,244.39,1,16,1,3,3,1,6,3,3,3,3
3,15,8,40,0.05,2,2,2,2,1,291.25,1,11,1,3,2,2,7,3,1,2,2
3,15,8,41,0.05,1,1,1,2,0,250.28,1,8,1,3,1,3,15,1,1,1,1
3,15,8,42,0.4,1,1,1,1,1,236.56,1,8,3,1,3,1,10,1,1,1,1
3,15,8,43,0.1,1,2,1,1,1,280.45,1,16,3,3,3,3,2,1,1,2,2
3,15,8,44,1.8,3,2,2,2,1,197.26,1,5,3,1,1,3,10,1,3,2,2
3,15,8,45,0.8,3,3,2,2,1,276.85,1,3,3,1,1,3,8,1,3,3,1
3,15,8,46,0.8,2,3,2,2,1,297.33,1,16,3,1,2,2,5,1,1,3,3
3,15,8,47,0.05,2,1,2,1,0,287.74,1,19,1,3,2,2,7,1,3,1,3
3,15,8,48,0.2,2,1,2,1,0,189.23,1,20,1,3,2,2,18,1,3,1,3
3,15,8,49,0.4,1,3,1,1,1,269.98,1,13,3,1,3,1,17,1,3,3,1
3,15,8,50,0.1,1,1,1,1,1,284.96,1,19,3,1,3,1,4,3,1,3,1
3,15,8,51,0.8,2,2,2,2,1,229.99,1,20,1,3,2,2,1,3,1,2,2
3,15,8,52,0.8,1,1,1,1,1,236.18,1,18,3,3,3,3,2,3,1,3,1
3,15,8,53,0.05,1,2,1,2,0,284.94,1,2,1,1,1,1,10,1,3,2,2
3,15,8,54,1.8,3,3,2,2,1,209.03,1,20,3,3,1,1,5,3,3,1,1
3,15,8,55,0.8,3,2,2,2,1,231.82,1,15,3,1,1,3,20,3,1,2,2
3,15,8,56,0.8,1,3,1,2,0,231.9,1,11,1,3,1,3,2,3,1,1,3
3,15,8,57,0.2,1,2,1,1,1,206.54,1,19,1,1,1,1,5,3,3,2,2
3,15,8,58,0.4,1,2,1,2,0,305.65,0,14,1,3,1,3,5,1,1,2,2
3,15,8,59,0.4,1,3,1,1,1,264.98,1,5,3,1,3,1,10,1,1,3,3
3,15,8,60,0.2,1,1,1,1,1,292.95,1,10,3,3,3,3,1,1,3,1,3
3,15,8,61,0.1,2,3,2,2,1,617.62,0,11,3,3,2,2,11,1,3,3,1
3,15,8,62,0.1,1,2,1,1,1,208.66,1,13,1,1,1,1,16,3,3,2,2
3,15,8,63,0.8,1,1,1,1,1,265.15,1,11,3,1,3,1,8,1,1,1,1
3,15,8,64,0.1,1,1,1,1,1,241.02,1,16,3,1,3,1,3,3,1,3,1
3,15,8,65,0.4,1,3,1,1,1,219.89,1,13,3,1,3,1,3,3,1,1,3
3,15,8,66,1.8,2,3,2,2,1,222.89,1,3,1,1,2,2,9,3,3,1,1
3,15,8,67,0.4,3,1,2,2,1,303.2,0,4,1,3,3,1,11,3,3,3,3
3,15,8,68,0.05,1,3,1,1,1,259.11,1,19,3,3,3,3,9,1,3,3,1
3,15,8,69,0.4,3,3,2,2,1,252.66,1,11,3,3,1,1,13,3,1,1,3
3,15,8,70,0.2,1,1,1,1,1,196.5,1,7,3,1,3,1,7,3,3,3,3
3,15,8,71,0.8,1,1,1,1,1,211.7,1,4,1,1,1,1,15,1,1,1,1
3,15,8,72,0.8,1,2,1,1,1,217.89,1,5,1,1,1,1,16,1,3,2,2
3,15,8,73,0.1,1,1,1,1,1,300.8,0,5,1,3,1,3,6,3,3,3,3
3,15,8,74,1.8,1,3,1,1,1,213.31,1,2,3,3,3,3,20,3,3,1,1
3,15,8,75,0.2,2,1,2,2,1,351.02,0,14,1,3,2,2,16,1,1,1,1
3,15,8,76,0.05,3,1,2,2,1,265.58,1,5,3,3,1,1,3,1,3,1,3
3,15,8,77,1.8,3,2,2,2,1,247.61,1,19,1,3,3,1,14,1,1,2,2
3,15,8,78,0.4,1,2,1,1,1,237.02,1,18,3,3,3,3,4,1,1,2,2
3,15,9,1,0.1,3,1,2,2,1,269.76,1,17,1,3,3,1,2,1,3,1,3
3,15,9,2,0.8,1,2,NaN,NaN,NaN,NaN,NaN,7,1,3,1,3,15,3,1,2,2
3,15,9,3,0.05,2,2,2,2,1,259.1,1,16,1,3,2,2,6,3,1,2,2
3,15,9,4,0.2,3,1,2,2,1,461.76,0,2,3,3,1,1,14,3,3,3,3
3,15,9,5,0.1,1,1,1,1,1,325.35,0,18,3,1,3,1,20,3,3,3,3
3,15,9,6,0.4,1,1,1,1,1,268.86,1,16,3,3,3,3,7,3,1,3,1
3,15,9,7,1.8,3,1,2,2,1,250.04,1,9,3,1,1,3,4,3,3,3,3
3,15,9,8,0.2,2,2,2,1,0,264.92,1,12,3,1,2,2,2,1,3,2,2
3,15,9,9,0.1,3,3,2,2,1,252.65,1,16,1,1,3,3,16,1,3,3,1
3,15,9,10,0.4,3,1,2,2,1,231.93,1,5,1,1,3,3,9,3,1,3,1
3,15,9,11,0.4,2,1,2,1,0,272.94,1,7,3,3,2,2,15,3,1,3,1
3,15,9,12,0.4,1,2,1,1,1,275.55,1,17,3,3,3,3,20,1,3,2,2
3,15,9,13,0.05,3,2,2,2,1,545.65,0,4,1,3,3,1,9,3,1,2,2
3,15,9,14,0.2,3,2,2,2,1,235.28,1,7,1,3,3,1,11,3,3,2,2
3,15,9,15,0.2,1,3,1,1,1,252.4,1,14,3,1,3,1,16,3,3,1,1
3,15,9,16,1.8,3,2,2,2,1,228.39,1,10,1,1,3,3,8,3,3,2,2
3,15,9,17,0.1,3,1,2,2,1,216.48,1,14,3,1,1,3,20,1,1,1,1
3,15,9,18,0.4,1,2,1,1,1,216.87,1,2,3,1,3,1,7,1,1,2,2
3,15,9,19,1.8,3,2,2,2,1,235.69,1,1,3,1,1,3,8,3,1,2,2
3,15,9,20,1.8,1,2,1,1,1,234.72,1,11,3,3,3,3,20,1,3,2,2
3,15,9,21,0.8,2,3,2,2,1,267.65,1,13,3,3,2,2,19,3,1,1,3
3,15,9,22,0.05,1,3,1,1,1,282.17,1,16,1,3,1,3,10,3,3,1,1
3,15,9,23,0.4,1,2,1,1,1,264.87,1,4,3,1,3,1,12,3,1,2,2
3,15,9,24,0.1,1,1,1,1,1,286.38,1,20,1,3,1,3,5,1,1,1,1
3,15,9,25,1.8,3,1,2,2,1,249.49,1,4,1,1,3,3,1,3,3,3,3
3,15,9,26,0.05,1,1,1,1,1,250.64,1,17,1,1,1,1,8,3,1,3,1
3,15,9,27,0.8,2,3,2,2,1,244.6,1,3,1,1,2,2,11,3,3,1,1
3,15,9,28,0.2,2,2,2,2,1,294.54,1,3,3,3,2,2,7,3,3,2,2
3,15,9,29,0.05,1,3,1,1,1,275.38,1,8,1,3,1,3,19,3,3,1,1
3,15,9,30,0.05,3,3,2,1,0,264.56,1,15,3,3,1,1,11,1,1,3,3
3,15,9,31,0.4,1,3,1,1,1,244.44,1,10,3,3,3,3,12,3,3,1,1
3,15,9,32,0.8,3,2,NaN,NaN,NaN,NaN,NaN,10,3,3,1,1,9,3,1,2,2
3,15,9,33,0.8,3,3,2,2,1,258.22,1,10,3,1,1,3,3,3,1,1,3
3,15,9,34,0.1,1,3,1,1,1,284.58,1,7,1,3,1,3,2,1,3,3,1
3,15,9,35,0.1,1,1,1,1,1,283.66,1,1,3,3,3,3,6,3,1,3,1
3,15,9,36,0.1,2,3,2,2,1,322.38,0,13,1,3,2,2,20,1,1,3,3
3,15,9,37,0.1,3,2,2,1,0,256.78,1,12,3,3,1,1,10,1,3,2,2
3,15,9,38,0.05,1,2,1,1,1,248.13,1,9,3,3,3,3,1,1,3,2,2
3,15,9,39,0.05,1,3,1,1,1,629.39,0,19,3,1,3,1,15,3,3,1,1
3,15,9,40,0.4,2,3,2,2,1,242.3,1,16,3,3,2,2,1,3,3,1,1
3,15,9,41,1.8,3,1,2,2,1,241.54,1,9,1,1,3,3,5,3,3,3,3
3,15,9,42,0.1,3,1,2,2,1,299.44,1,12,3,1,1,3,12,1,1,1,1
3,15,9,43,0.2,1,3,1,1,1,288.3,1,11,3,3,3,3,19,1,3,3,1
3,15,9,44,1.8,2,2,2,1,0,228.25,1,1,1,1,2,2,19,1,1,2,2
3,15,9,45,0.1,3,3,2,2,1,277.78,1,4,1,3,3,1,14,3,1,1,3
3,15,9,46,0.05,2,1,2,1,0,245.29,1,14,1,3,2,2,4,1,1,1,1
3,15,9,47,0.05,2,3,2,2,1,301.19,0,8,3,3,2,2,20,3,3,1,1
3,15,9,48,0.2,1,1,1,1,1,266.57,1,10,3,3,3,3,6,1,1,1,1
3,15,9,49,0.8,1,2,1,1,1,220.43,1,12,3,3,3,3,14,3,1,2,2
3,15,9,50,0.8,1,3,1,1,1,207.9,1,10,1,1,1,1,14,1,3,3,1
3,15,9,51,0.8,3,1,2,2,1,228.31,1,16,3,1,1,3,7,3,3,3,3
3,15,9,52,0.2,3,2,2,2,1,295.35,1,12,1,3,3,1,19,1,3,2,2
3,15,9,53,0.05,3,1,2,2,1,359.09,0,2,1,1,3,3,19,3,1,3,1
3,15,9,54,1.8,2,2,2,2,1,206.12,1,2,1,1,2,2,4,1,3,2,2
3,15,9,55,0.8,1,1,1,1,1,269.49,1,13,1,1,1,1,13,1,3,1,3
3,15,9,56,0.4,3,3,2,2,1,313.95,0,16,3,1,1,3,13,3,1,1,3
3,15,9,57,0.4,3,3,2,2,1,254.71,1,12,1,1,3,3,10,3,3,1,1
3,15,9,58,0.8,3,3,2,2,1,244.51,1,13,1,3,3,1,18,3,3,1,1
3,15,9,59,0.1,3,2,2,2,1,268.75,1,15,3,1,1,3,18,1,3,2,2
3,15,9,60,0.8,2,1,2,2,1,250.05,1,19,1,3,2,2,16,1,1,1,1
3,15,9,61,1.8,3,3,2,2,1,188.46,1,17,1,1,3,3,3,1,1,3,3
3,15,9,62,0.4,3,1,2,2,1,253.67,1,14,3,3,1,1,15,1,1,1,1
3,15,9,63,0.1,3,1,2,2,1,274.16,1,3,3,3,1,1,14,3,1,3,1
3,15,9,64,0.2,1,1,1,1,1,350.65,0,13,3,1,3,1,12,3,3,3,3
3,15,9,65,0.05,1,1,1,1,1,275.23,1,20,1,3,1,3,7,1,3,1,3
3,15,9,66,0.05,1,2,1,1,1,273.71,1,14,1,3,1,3,7,3,1,2,2
3,15,9,67,1.8,2,1,2,2,1,245.82,1,18,3,1,2,2,5,3,3,3,3
3,15,9,68,0.8,1,2,1,2,0,276.85,1,7,3,3,3,3,7,3,3,2,2
3,15,9,69,0.2,1,2,1,1,1,270.31,1,20,1,3,1,3,6,3,3,2,2
3,15,9,70,1.8,1,2,1,1,1,225.73,1,17,1,3,1,3,9,1,1,2,2
3,15,9,71,0.2,1,1,1,1,1,266.12,1,19,1,1,1,1,16,1,3,1,3
3,15,9,72,1.8,1,3,1,1,1,244.95,1,17,3,3,3,3,10,1,3,3,1
3,15,9,73,1.8,1,1,1,1,1,246.13,1,16,3,3,3,3,16,3,1,3,1
3,15,9,74,0.4,1,2,1,1,1,245.95,1,11,1,3,1,3,3,1,3,2,2
3,15,9,75,0.2,1,3,1,1,1,313.65,0,12,3,3,3,3,19,3,1,1,3
3,15,9,76,0.4,1,2,1,1,1,273.07,1,6,1,3,1,3,12,1,3,2,2
3,15,9,77,0.8,1,1,1,1,1,248.7,1,9,3,1,3,1,17,1,3,1,3
3,15,9,78,0.2,3,1,2,2,1,271.84,1,1,3,3,1,1,11,1,3,1,3
3,15,10,1,0.2,2,3,2,1,0,223.24,1,3,1,1,2,2,5,3,3,1,1
3,15,10,2,0.2,3,2,2,2,1,233.69,1,4,1,3,3,1,19,3,3,2,2
3,15,10,3,0.4,2,1,2,1,0,254.28,1,17,1,3,2,2,19,3,1,3,1
3,15,10,4,0.1,2,2,2,2,1,325.18,0,7,1,1,2,2,14,3,1,2,2
3,15,10,5,0.8,2,2,NaN,NaN,NaN,NaN,NaN,1,1,3,2,2,6,1,1,2,2
3,15,10,6,0.1,1,3,1,1,1,347.49,0,13,1,1,1,1,5,3,3,1,1
3,15,10,7,0.1,1,2,1,1,1,260.23,1,1,3,3,3,3,16,3,3,2,2
3,15,10,8,0.4,1,3,1,1,1,250.93,1,19,3,3,3,3,17,3,3,1,1
3,15,10,9,0.2,1,3,1,1,1,239.08,1,1,3,1,3,1,18,3,1,1,3
3,15,10,10,0.1,1,2,1,1,1,286.65,1,12,1,1,1,1,13,1,3,2,2
3,15,10,11,0.2,1,1,1,1,1,403.09,0,10,1,1,1,1,19,3,1,3,1
3,15,10,12,0.1,2,3,2,1,0,219.41,1,2,1,1,2,2,13,3,3,1,1
3,15,10,13,0.8,2,2,2,1,0,251.13,1,3,3,1,2,2,19,3,1,2,2
3,15,10,14,0.8,1,1,1,1,1,251.92,1,1,1,1,1,1,2,3,1,3,1
3,15,10,15,1.8,3,1,2,2,1,240.09,1,3,1,3,3,1,16,3,1,3,1
3,15,10,16,1.8,2,3,2,2,1,206.09,1,4,3,1,2,2,4,3,3,1,1
3,15,10,17,1.8,1,2,1,1,1,228.65,1,11,1,3,1,3,15,1,3,2,2
3,15,10,18,0.05,1,3,1,1,1,281.97,1,10,1,1,1,1,3,1,3,3,1
3,15,10,19,0.2,1,2,1,1,1,233.46,1,1,3,1,3,1,10,3,3,2,2
3,15,10,20,0.4,2,3,2,2,1,262.83,1,5,1,3,2,2,11,3,1,1,3
3,15,10,21,0.05,1,3,1,1,1,266.3,1,13,3,1,3,1,5,3,3,1,1
3,15,10,22,0.8,3,1,2,2,1,236.21,1,2,1,3,3,1,13,1,1,1,1
3,15,10,23,1.8,1,3,1,1,1,411.36,0,12,1,1,1,1,13,1,3,3,1
3,15,10,24,0.8,1,3,1,1,1,279.05,1,10,1,3,1,3,15,1,3,3,1
3,15,10,25,0.1,2,2,2,1,0,251.98,1,1,3,3,2,2,8,3,1,2,2
3,15,10,26,0.8,1,2,1,1,1,213.76,1,7,3,3,3,3,20,3,3,2,2
3,15,10,27,0.8,1,2,1,1,1,256.96,1,14,3,1,3,1,1,1,3,2,2
3,15,10,28,0.4,3,1,2,2,1,221.61,1,15,1,3,3,1,17,1,1,1,1
3,15,10,29,0.05,3,2,2,2,1,309.6,0,1,3,3,1,1,6,1,3,2,2
3,15,10,30,0.05,1,2,1,1,1,281.09,1,5,3,3,3,3,8,1,3,2,2
3,15,10,31,0.4,1,1,1,1,1,261.78,1,6,3,1,3,1,8,1,1,1,1
3,15,10,32,1.8,2,3,2,2,1,193.93,1,11,1,1,2,2,18,3,3,1,1
3,15,10,33,0.2,1,1,1,1,1,230.86,1,20,3,1,3,1,16,1,3,1,3
3,15,10,34,0.05,1,1,1,2,0,534.03,0,20,1,3,1,3,1,3,1,3,1
3,15,10,35,0.2,1,3,1,2,0,336.79,0,7,1,1,1,1,1,3,1,1,3
3,15,10,36,0.2,2,1,2,2,1,224.25,1,16,3,1,2,2,13,1,1,1,1
3,15,10,37,0.05,1,2,1,1,1,268.01,1,7,3,1,3,1,12,3,1,2,2
3,15,10,38,0.2,1,1,1,1,1,211.4,1,12,1,1,1,1,15,3,1,3,1
3,15,10,39,0.4,1,3,1,1,1,437.43,0,15,1,1,1,1,15,3,1,1,3
3,15,10,40,0.4,1,1,1,2,0,305.6,0,7,1,1,1,1,4,1,3,1,3
3,15,10,41,0.05,1,1,1,1,1,282.98,1,7,3,1,3,1,3,3,1,3,1
3,15,10,42,1.8,3,2,2,2,1,242.23,1,17,3,1,1,3,9,3,3,2,2
3,15,10,43,0.8,1,3,NaN,NaN,NaN,NaN,NaN,14,3,1,3,1,12,3,1,1,3
3,15,10,44,0.8,1,3,1,1,1,261.42,1,1,3,3,3,3,9,1,1,3,3
3,15,10,45,0.1,3,2,2,2,1,320.92,0,19,3,3,1,1,5,3,1,2,2
3,15,10,46,0.05,2,2,2,1,0,296.96,1,6,3,1,2,2,20,3,3,2,2
3,15,10,47,0.4,1,3,1,1,1,212.03,1,5,3,3,3,3,11,3,1,1,3
3,15,10,48,0.2,1,1,1,1,1,251.77,1,17,3,1,3,1,8,1,1,1,1
3,15,10,49,0.1,1,2,1,1,1,288.11,1,19,3,1,3,1,11,3,1,2,2
3,15,10,50,0.4,1,1,1,1,1,225.27,1,7,1,1,1,1,15,3,1,3,1
3,15,10,51,0.8,1,2,1,1,1,229.07,1,9,3,3,3,3,9,1,1,2,2
3,15,10,52,0.05,1,3,1,1,1,269.61,1,19,1,1,1,1,15,1,1,3,3
3,15,10,53,1.8,1,1,1,1,1,199.04,1,18,3,3,3,3,7,1,3,1,3
3,15,10,54,0.1,3,3,2,2,1,256.07,1,6,1,3,3,1,1,1,3,3,1
3,15,10,55,1.8,1,1,1,1,1,214.67,1,6,3,3,3,3,17,1,3,1,3
3,15,10,56,0.05,1,1,1,1,1,256.19,1,5,1,1,1,1,1,3,1,3,1
3,15,10,57,0.2,1,2,1,1,1,158,1,17,3,1,3,1,7,1,3,2,2
3,15,10,58,0.1,1,3,1,1,1,229.47,1,3,1,3,1,3,10,3,3,1,1
3,15,10,59,0.05,1,2,1,1,1,250.6,1,14,3,1,3,1,7,1,1,2,2
3,15,10,60,0.4,1,1,1,1,1,272.52,1,13,1,3,1,3,1,3,3,3,3
3,15,10,61,0.4,3,1,2,2,1,288.67,1,9,1,3,3,1,8,3,3,3,3
3,15,10,62,0.05,1,3,1,1,1,273.75,1,11,3,1,3,1,12,3,3,1,1
3,15,10,63,0.2,2,3,2,2,1,254.61,1,19,3,1,2,2,3,1,3,3,1
3,15,10,64,0.1,3,2,2,2,1,359.27,0,11,1,1,3,3,18,3,1,2,2
3,15,10,65,1.8,1,2,1,1,1,247.63,1,15,3,3,3,3,12,1,1,2,2
3,15,10,66,0.1,1,2,1,1,1,247.94,1,20,1,3,1,3,9,1,3,2,2
3,15,10,67,0.05,3,1,2,2,1,286.94,1,5,1,1,3,3,8,3,1,3,1
3,15,10,68,1.8,1,2,1,1,1,228.56,1,17,3,1,3,1,6,1,3,2,2
3,15,10,69,1.8,2,2,2,2,1,287.33,1,14,3,1,2,2,19,3,1,2,2
3,15,10,70,0.4,1,2,1,1,1,266.47,1,11,1,1,1,1,16,3,3,2,2
3,15,10,71,0.1,1,2,1,1,1,250.62,1,7,1,1,1,1,18,3,1,2,2
3,15,10,72,0.8,1,2,1,1,1,242.06,1,4,1,3,1,3,8,3,1,2,2
3,15,10,73,0.4,2,2,2,2,1,241.13,1,11,1,1,2,2,17,3,3,2,2
3,15,10,74,0.8,1,3,NaN,NaN,NaN,NaN,NaN,19,1,1,1,1,4,1,1,3,3
3,15,10,75,1.8,1,3,1,1,1,214.6,1,12,3,1,3,1,13,1,1,3,3
3,15,10,76,0.8,2,3,2,2,1,258.32,1,13,1,3,2,2,2,3,3,1,1
3,15,10,77,1.8,3,1,2,2,1,234.06,1,3,1,1,3,3,2,3,1,3,1
3,15,10,78,0.2,3,1,2,2,1,284.36,1,15,1,1,3,3,13,3,1,3,1
