3,15,1,1,0.2,1,3,1,1,1,264.71,1,10,1,1,1,1,20,1,3,3,1
3,15,1,2,0.4,3,1,2,2,1,216.24,1,9,3,3,1,1,19,1,3,1,3
3,15,1,3,0.2,1,3,1,1,1,242.29,1,5,3,1,3,1,12,3,3,1,1
3,15,1,4,0.8,1,1,1,1,1,250.65,1,1,1,1,1,1,18,3,1,3,1
3,15,1,5,1.8,1,2,1,1,1,284.65,1,8,1,1,1,1,12,1,3,2,2
3,15,1,6,0.2,1,3,1,1,1,256.47,1,9,3,3,3,3,17,1,3,3,1
3,15,1,7,0.05,1,3,1,1,1,290.06,1,10,3,3,3,3,1,1,3,3,1
3,15,1,8,0.4,2,1,2,2,1,312.53,0,2,1,3,2,2,3,1,1,1,1
3,15,1,9,0.1,1,2,1,1,1,186.14,1,15,1,3,1,3,17,1,3,2,2
3,15,1,10,1.8,3,1,2,2,1,251.95,1,6,3,1,1,3,4,3,1,3,1
3,15,1,11,0.1,1,3,1,1,1,268.73,1,1,3,3,3,3,4,1,3,3,1
3,15,1,12,0.4,1,3,1,1,1,263.42,1,6,3,1,3,1,17,1,3,3,1
3,15,1,13,0.8,3,2,2,2,1,262.87,1,3,3,1,1,3,3,1,3,2,2
3,15,1,14,0.1,2,3,2,2,1,266.29,1,13,1,3,2,2,5,3,3,1,1
3,15,1,15,0.8,1,2,1,1,1,268.73,1,8,1,1,1,1,17,1,3,2,2
3,15,1,16,0.05,2,2,2,2,1,245.39,1,5,3,3,2,2,4,1,1,2,2
3,15,1,17,0.8,2,2,2,2,1,263.86,1,13,1,1,2,2,20,3,3,2,2
3,15,1,18,0.2,1,2,1,1,1,277.95,1,9,1,1,1,1,15,3,3,2,2
3,15,1,19,0.05,1,3,1,1,1,281.57,1,14,1,1,1,1,12,1,3,3,1
3,15,1,20,0.05,3,1,2,2,1,252.51,1,10,3,3,1,1,3,1,3,1,3
3,15,1,21,0.1,1,1,1,1,1,212.18,1,16,1,1,1,1,12,1,1,1,1
3,15,1,22,0.4,2,2,2,2,1,249.54,1,16,1,1,2,2,19,3,1,2,2
3,15,1,23,0.2,1,1,1,1,1,227.78,1,15,1,1,1,1,6,1,3,1,3
3,15,1,24,1.8,1,1,1,1,1,280.05,1,5,1,1,1,1,13,3,3,3,3
3,15,1,25,0.4,1,2,NaN,NaN,NaN,NaN,NaN,7,1,3,1,3,16,1,1,2,2
3,15,1,26,0.05,1,2,1,1,1,271.55,1,8,1,1,1,1,3,3,3,2,2
3,15,1,27,0.4,1,1,1,1,1,290.04,1,11,3,3,3,3,19,3,3,3,3
3,15,1,28,1.8,3,2,NaN,NaN,NaN,NaN,NaN,15,1,3,3,1,2,3,1,2,2
3,15,1,29,0.05,1,1,1,1,1,318.25,0,2,3,3,3,3,13,3,3,3,3
3,15,1,30,0.8,1,1,1,1,1,255.04,1,14,3,1,3,1,9,1,1,1,1
3,15,1,31,0.1,3,1,2,2,1,266.19,1,14,1,1,3,3,9,3,1,3,1
3,15,1,32,0.2,1,1,1,1,1,244.07,1,11,1,3,1,3,18,3,3,3,3
3,15,1,33,0.05,2,1,2,2,1,279.37,1,8,3,1,2,2,1,3,1,3,1
3,15,1,34,0.05,1,2,1,1,1,319.51,0,6,3,3,3,3,9,1,3,2,2
3,15,1,35,1.8,2,3,2,1,0,246.88,1,20,1,3,2,2,13,3,3,1,1
3,15,1,36,0.1,2,2,2,1,0,210.47,1,15,1,1,2,2,11,1,1,2,2
3,15,1,37,0.05,1,2,1,1,1,292.98,1,14,1,3,1,3,12,1,1,2,2
3,15,1,38,0.1,1,2,1,1,1,242.75,1,20,3,3,3,3,20,3,3,2,2
3,15,1,39,0.2,3,2,2,2,1,158.14,1,19,3,1,1,3,4,1,1,2,2
3,15,1,40,0.1,3,2,2,2,1,275.57,1,11,1,3,3,1,9,3,3,2,2
3,15,1,41,0.1,1,1,1,1,1,288.1,1,19,3,1,3,1,18,1,1,1,1
3,15,1,42,0.4,2,2,2,2,1,267.44,1,7,1,3,2,2,2,1,1,2,2
3,15,1,43,0.8,1,1,NaN,NaN,NaN,NaN,NaN,14,1,3,1,3,8,3,1,3,1
3,15,1,44,0.05,3,2,2,2,1,263.54,1,16,1,3,3,1,7,3,3,2,2
3,15,1,45,0.2,3,1,2,2,1,364.65,0,19,1,1,3,3,7,1,1,1,1
3,15,1,46,0.4,1,2,1,1,1,300.16,0,5,1,1,1,1,20,1,3,2,2
3,15,1,47,0.4,1,1,1,1,1,261.45,1,14,3,3,3,3,7,3,1,3,1
3,15,1,48,1.8,1,3,1,1,1,215.83,1,16,1,1,1,1,13,3,3,1,1
3,15,1,49,0.1,1,2,1,1,1,276.56,1,20,3,3,3,3,13,1,1,2,2
3,15,1,50,0.05,1,3,1,1,1,274.76,1,6,3,1,3,1,19,1,1,3,3
3,15,1,51,1.8,2,2,NaN,NaN,NaN,NaN,NaN,19,1,3,2,2,8,3,3,2,2
3,15,1,52,1.8,2,1,2,2,1,260.21,1,18,1,1,2,2,17,1,3,1,3
3,15,1,53,1.8,1,3,1,1,1,318.59,0,5,3,1,3,1,12,3,3,1,1
3,15,1,54,0.8,1,2,1,2,0,247.52,1,18,3,1,3,1,7,3,3,2,2
3,15,1,55,0.05,3,2,2,2,1,320.22,0,9,3,3,1,1,11,3,3,2,2
3,15,1,56,0.1,2,2,2,1,0,295.24,1,11,3,1,2,2,16,1,1,2,2
3,15,1,57,0.4,1,3,1,1,1,240.61,1,11,3,1,3,1,7,1,3,3,1
3,15,1,58,1.8,1,3,1,1,1,235.66,1,12,3,3,3,3,14,1,3,3,1
3,15,1,59,0.2,1,1,1,1,1,272.47,1,9,1,1,1,1,10,3,3,3,3
3,15,1,60,0.8,2,1,2,2,1,237.19,1,1,3,1,2,2,2,1,3,1,3
3,15,1,61,0.8,2,3,2,2,1,272.55,1,9,3,3,2,2,12,3,3,1,1
3,15,1,62,0.4,1,3,1,1,1,286.45,1,13,3,1,3,1,17,3,3,1,1
3,15,1,63,0.2,2,1,2,1,0,307.54,0,15,1,1,2,2,19,1,3,1,3
3,15,1,64,0.05,2,3,2,1,0,332.61,0,13,1,3,2,2,14,3,1,1,3
3,15,1,65,0.4,1,3,1,1,1,505.07,0,12,3,1,3,1,5,3,1,1,3
3,15,1,66,1.8,3,2,NaN,NaN,NaN,NaN,NaN,5,3,3,1,1,5,3,3,2,2
3,15,1,67,0.8,3,1,2,2,1,280.43,1,10,1,1,3,3,20,3,3,3,3
3,15,1,68,0.4,3,2,2,2,1,281.7,1,15,3,3,1,1,5,3,3,2,2
3,15,1,69,0.8,2,3,2,2,1,262.16,1,19,1,3,2,2,19,3,3,1,1
3,15,1,70,1.8,2,3,2,2,1,279.18,1,18,3,1,2,2,20,1,3,3,1
3,15,1,71,0.2,1,2,1,2,0,327.92,0,11,1,3,1,3,3,3,1,2,2
3,15,1,72,0.2,2,2,2,2,1,320.44,0,1,1,3,2,2,17,1,3,2,2
3,15,1,73,0.8,1,2,1,1,1,253.4,1,6,1,3,1,3,4,3,1,2,2
3,15,1,74,0.1,3,3,2,2,1,266.06,1,10,3,3,1,1,4,1,3,3,1
3,15,1,75,0.2,1,3,1,1,1,273.61,1,17,3,3,3,3,12,1,1,3,3
3,15,1,76,1.8,1,3,1,1,1,226.07,1,2,3,3,3,3,7,1,1,3,3
3,15,1,77,0.1,2,3,2,2,1,264.95,1,2,3,3,2,2,14,3,1,1,3
3,15,1,78,0.8,2,3,2,2,1,246.57,1,13,3,1,2,2,11,3,1,1,3
3,15,2,1,0.8,3,2,2,2,1,226.82,1,1,1,3,3,1,6,1,3,2,2
3,15,2,2,0.05,1,3,1,1,1,273.45,1,4,1,3,1,3,9,3,1,1,3
3,15,2,3,0.2,2,2,2,2,1,283.36,1,3,1,3,2,2,13,3,1,2,2
3,15,2,4,0.8,2,3,NaN,NaN,NaN,NaN,NaN,11,3,1,2,2,17,3,1,1,3
3,15,2,5,0.4,2,2,2,2,1,225.87,1,6,1,3,2,2,18,3,1,2,2
3,15,2,6,0.4,1,2,1,1,1,299.12,1,13,1,1,1,1,10,3,1,2,2
3,15,2,7,0.8,1,3,1,1,1,279.78,1,1,3,3,3,3,19,1,3,3,1
3,15,2,8,0.1,2,2,2,2,1,236.49,1,3,1,3,2,2,3,3,3,2,2
3,15,2,9,0.8,1,3,NaN,NaN,NaN,NaN,NaN,15,3,1,3,1,4,1,1,3,3
3,15,2,10,1.8,2,1,NaN,NaN,NaN,NaN,NaN,11,3,3,2,2,8,3,3,3,3
3,15,2,11,0.4,3,2,2,2,1,281.62,1,18,1,1,3,3,1,1,3,2,2
3,15,2,12,0.2,2,2,2,2,1,280.22,1,16,1,1,2,2,7,1,3,2,2
3,15,2,13,0.4,3,2,2,2,1,255.7,1,13,3,3,1,1,17,3,1,2,2
3,15,2,14,0.4,1,2,1,1,1,295.68,1,10,3,1,3,1,6,3,1,2,2
3,15,2,15,0.05,3,1,2,2,1,332.59,0,4,1,1,3,3,15,3,1,3,1
3,15,2,16,0.8,3,1,2,2,1,594.65,0,8,3,1,1,3,15,1,1,1,1
3,15,2,17,0.8,1,1,NaN,NaN,NaN,NaN,NaN,9,3,1,3,1,18,3,3,3,3
3,15,2,18,1.8,1,3,1,1,1,231.23,1,16,3,3,3,3,14,3,1,1,3
3,15,2,19,0.1,1,2,1,1,1,280.9,1,6,1,1,1,1,12,3,3,2,2
3,15,2,20,1.8,1,1,1,1,1,302.72,0,15,3,3,3,3,20,3,1,3,1
3,15,2,21,0.05,2,2,2,2,1,274.6,1,11,1,3,2,2,3,1,1,2,2
3,15,2,22,1.8,2,3,2,2,1,185.23,1,13,1,3,2,2,13,1,3,3,1
3,15,2,23,1.8,1,3,1,1,1,232.23,1,16,1,3,1,3,19,1,3,3,1
3,15,2,24,0.4,2,2,2,2,1,268.81,1,15,3,1,2,2,11,1,1,2,2
3,15,2,25,0.1,3,3,2,2,1,253.48,1,9,3,1,1,3,16,3,1,1,3
3,15,2,26,0.05,2,3,2,1,0,304.21,0,14,3,3,2,2,14,1,1,3,3
3,15,2,27,0.4,1,2,1,1,1,298.24,1,12,3,1,3,1,12,3,3,2,2
3,15,2,28,1.8,2,3,2,2,1,210.68,1,11,3,3,2,2,2,3,1,1,3
3,15,2,29,0.4,1,2,1,1,1,242.01,1,8,3,1,3,1,15,3,1,2,2
3,15,2,30,0.1,3,2,2,2,1,401.74,0,5,1,3,3,1,18,1,1,2,2
3,15,2,31,0.1,1,3,1,1,1,266.66,1,18,3,3,3,3,5,1,1,3,3
3,15,2,32,0.4,2,2,2,1,0,559.08,0,20,3,3,2,2,14,1,3,2,2
3,15,2,33,0.2,3,1,2,2,1,257.34,1,11,3,3,1,1,5,3,3,3,3
3,15,2,34,0.1,1,1,1,1,1,319.02,0,12,3,1,3,1,3,1,1,1,1
3,15,2,35,0.05,2,3,2,1,0,333.25,0,18,3,3,2,2,12,1,3,3,1
3,15,2,36,0.2,2,2,2,2,1,190.56,1,20,1,1,2,2,16,3,1,2,2
3,15,2,37,0.05,3,3,2,2,1,292.51,1,1,1,1,3,3,18,3,1,1,3
3,15,2,38,0.4,1,3,1,1,1,242.19,1,14,3,3,3,3,4,3,3,1,1
3,15,2,39,0.05,1,1,1,1,1,251.66,1,2,1,1,1,1,13,1,1,1,1
3,15,2,40,0.8,2,3,2,2,1,289.23,1,14,1,1,2,2,12,1,1,3,3
3,15,2,41,0.8,1,2,1,1,1,234.24,1,5,3,3,3,3,3,1,3,2,2
3,15,2,42,0.2,1,2,1,1,1,295.75,1,18,3,3,3,3,13,1,1,2,2
3,15,2,43,0.8,1,3,1,1,1,298.73,1,17,1,1,1,1,10,3,3,1,1
3,15,2,44,0.2,1,1,1,2,0,272.07,1,1,1,3,1,3,16,3,1,3,1
3,15,2,45,0.1,2,1,2,1,0,288.44,1,20,3,1,2,2,2,3,3,3,3
3,15,2,46,0.2,1,3,1,1,1,260.04,1,11,1,3,1,3,9,3,1,1,3
3,15,2,47,1.8,1,2,1,1,1,274.12,1,6,3,1,3,1,7,1,3,2,2
3,15,2,48,0.05,3,3,2,2,1,305.65,0,16,1,3,3,1,8,3,1,1,3
3,15,2,49,0.4,1,2,1,1,1,235.43,1,7,3,3,3,3,5,3,1,2,2
3,15,2,50,0.05,2,3,2,2,1,338.4,0,14,3,1,2,2,13,3,1,1,3
3,15,2,51,0.2,2,1,2,1,0,280.11,1,20,3,3,2,2,19,1,3,1,3
3,15,2,52,0.1,1,1,1,1,1,297.47,1,19,3,3,3,3,6,3,1,3,1
3,15,2,53,0.1,3,1,2,1,0,309.61,0,12,3,3,1,1,8,1,3,1,3
3,15,2,54,1.8,3,3,2,2,1,307.72,0,14,1,1,3,3,11,3,1,1,3
3,15,2,55,0.8,1,2,1,1,1,248.28,1,9,3,3,3,3,1,3,3,2,2
3,15,2,56,1.8,2,2,2,2,1,211.39,1,18,3,3,2,2,4,3,3,2,2
3,15,2,57,0.1,3,3,2,2,1,281.75,1,9,1,3,3,1,12,1,1,3,3
3,15,2,58,0.8,1,3,1,1,1,267.59,1,18,3,1,3,1,11,3,1,1,3
3,15,2,59,0.4,1,3,1,1,1,243.43,1,8,1,3,1,3,12,3,3,1,1
3,15,2,60,0.1,1,1,1,1,1,223.47,1,16,3,3,3,3,5,3,3,3,3
3,15,2,61,1.8,1,3,1,1,1,255.02,1,18,1,3,1,3,8,3,1,1,3
3,15,2,62,0.05,3,3,2,2,1,282.14,1,17,3,1,1,3,12,1,1,3,3
3,15,2,63,0.05,1,3,1,1,1,250.76,1,15,3,3,3,3,1,1,1,3,3
3,15,2,64,0.2,1,1,1,1,1,248.12,1,1,3,3,3,3,1,1,3,1,3
3,15,2,65,0.4,1,2,NaN,NaN,NaN,NaN,NaN,10,3,1,3,1,13,3,3,2,2
3,15,2,66,0.2,1,1,1,1,1,251.36,1,15,1,3,1,3,4,3,3,3,3
3,15,2,67,0.2,1,2,1,1,1,283.35,1,18,1,1,1,1,6,3,1,2,2
3,15,2,68,1.8,1,2,1,1,1,242.58,1,20,1,1,1,1,13,3,3,2,2
3,15,2,69,0.8,1,3,1,1,1,286.62,1,9,3,1,3,1,18,3,3,1,1
3,15,2,70,0.8,3,1,2,2,1,302.75,0,16,1,3,3,1,12,3,3,3,3
3,15,2,71,1.8,1,3,1,1,1,222.32,1,3,1,3,1,3,12,1,3,3,1
3,15,2,72,0.1,1,2,1,1,1,271.55,1,6,3,1,3,1,8,1,1,2,2
3,15,2,73,0.1,1,2,NaN,NaN,NaN,NaN,NaN,8,3,1,3,1,6,3,3,2,2
3,15,2,74,0.05,1,2,1,1,1,358.11,0,20,3,1,3,1,17,1,1,2,2
3,15,2,75,1.8,1,1,1,1,1,249.45,1,2,1,3,1,3,14,1,1,1,1
3,15,2,76,0.2,3,1,2,2,1,313.53,0,12,1,3,3,1,19,1,3,1,3
3,15,2,77,0.2,3,1,2,2,1,367.97,0,18,1,3,3,1,1,1,1,1,1
3,15,2,78,0.05,1,1,1,1,1,345.03,0,17,3,3,3,3,16,3,3,3,3
3,15,3,1,1.8,1,2,1,1,1,243.51,1,7,1,1,1,1,5,1,3,2,2
3,15,3,2,1.8,1,1,NaN,NaN,NaN,NaN,NaN,9,1,1,1,1,6,3,3,3,3
3,15,3,3,0.05,1,1,1,1,1,279.22,1,17,1,1,1,1,18,3,1,3,1
3,15,3,4,0.1,1,2,1,1,1,278.86,1,4,3,3,3,3,14,1,1,2,2
3,15,3,5,0.2,2,2,2,2,1,256.61,1,3,1,1,2,2,6,3,3,2,2
3,15,3,6,0.05,1,3,1,1,1,289.38,1,7,1,3,1,3,5,1,3,3,1
3,15,3,7,0.2,1,2,1,1,1,229.88,1,17,3,1,3,1,13,3,1,2,2
3,15,3,8,0.2,1,1,1,1,1,291.72,1,6,3,3,3,3,7,3,3,3,3
3,15,3,9,0.05,1,2,1,1,1,255,1,20,3,3,3,3,5,1,3,2,2
3,15,3,10,0.8,1,2,1,1,1,259.82,1,12,3,3,3,3,17,1,3,2,2
3,15,3,11,0.05,3,1,2,2,1,306.7,0,9,1,1,3,3,18,1,3,1,3
3,15,3,12,0.8,2,2,2,1,0,316.89,0,2,1,1,2,2,6,1,3,2,2
3,15,3,13,0.2,1,1,1,1,1,278.12,1,18,1,1,1,1,8,1,3,1,3
3,15,3,14,1.8,1,3,1,1,1,331.89,0,13,1,1,1,1,13,3,1,1,3
3,15,3,15,0.1,1,2,1,1,1,267.59,1,20,3,3,3,3,5,1,1,2,2
3,15,3,16,0.4,1,3,1,1,1,380.37,0,14,3,3,3,3,12,1,3,3,1
3,15,3,17,0.05,3,1,2,2,1,339.67,0,12,1,1,3,3,4,3,3,3,3
3,15,3,18,0.8,3,1,2,2,1,289.38,1,11,3,3,1,1,15,3,1,3,1
3,15,3,19,0.2,2,1,2,2,1,268.78,1,18,3,3,2,2,17,3,3,3,3
3,15,3,20,0.8,2,3,2,2,1,259.31,1,9,3,3,2,2,16,1,1,3,3
3,15,3,21,0.05,1,2,1,1,1,274.87,1,3,3,1,3,1,17,3,3,2,2
3,15,3,22,0.2,1,2,1,1,1,292.3,1,8,1,1,1,1,18,1,1,2,2
3,15,3,23,0.8,3,3,2,2,1,346.83,0,1,1,3,3,1,20,1,1,3,3
3,15,3,24,0.8,1,3,1,1,1,281.17,1,11,3,3,3,3,5,1,1,3,3
3,15,3,25,1.8,2,1,2,1,0,422.74,0,20,1,3,2,2,10,1,1,1,1
3,15,3,26,1.8,3,3,NaN,NaN,NaN,NaN,NaN,15,1,3,3,1,4,1,1,3,3
3,15,3,27,0.4,1,1,1,1,1,272.02,1,16,3,3,3,3,14,3,1,3,1
3,15,3,28,0.8,1,1,1,1,1,351.1,0,11,1,1,1,1,10,1,3,1,3
3,15,3,29,1.8,1,3,1,1,1,251.34,1,4,1,1,1,1,19,1,3,3,1
3,15,3,30,0.1,1,2,1,1,1,315.83,0,1,1,3,1,3,10,1,3,2,2
3,15,3,31,0.2,1,3,1,1,1,253.85,1,5,3,3,3,3,5,3,3,1,1
3,15,3,32,0.4,1,1,1,1,1,280.62,1,19,1,1,1,1,19,3,3,3,3
3,15,3,33,0.4,1,1,1,1,1,262.47,1,17,1,3,1,3,7,1,3,1,3
3,15,3,34,0.2,3,3,2,2,1,293.05,1,2,1,3,3,1,5,1,1,3,3
3,15,3,35,0.05,1,1,1,1,1,390.53,0,19,3,3,3,3,15,1,3,1,3
3,15,3,36,1.8,1,3,1,1,1,318.62,0,19,3,3,3,3,5,1,1,3,3
3,15,3,37,1.8,1,1,1,1,1,283.23,1,15,1,1,1,1,20,1,1,1,1
3,15,3,38,0.4,3,3,2,2,1,326.69,0,18,1,1,3,3,17,1,1,3,3
3,15,3,39,0.8,1,1,1,1,1,370.54,0,9,1,3,1,3,1,1,1,1,1
3,15,3,40,0.8,1,3,1,1,1,342.17,0,2,1,3,1,3,7,3,3,1,1
3,15,3,41,0.05,2,1,2,2,1,299.03,1,9,3,3,2,2,6,3,1,3,1
3,15,3,42,0.1,1,1,1,1,1,257.44,1,1,3,1,3,1,2,1,3,1,3
3,15,3,43,0.1,1,3,1,1,1,261.48,1,2,3,3,3,3,8,1,1,3,3
3,15,3,44,0.4,1,1,1,1,1,220.64,1,7,3,1,3,1,11,1,3,1,3
3,15,3,45,0.8,1,1,1,1,1,215.8,1,17,1,3,1,3,2,3,3,3,3
3,15,3,46,0.1,1,3,1,1,1,233.9,1,12,1,1,1,1,9,1,3,3,1
3,15,3,47,0.1,1,2,1,1,1,306.19,0,18,1,1,1,1,7,3,3,2,2
3,15,3,48,0.1,2,1,2,2,1,256.86,1,11,3,3,2,2,15,3,3,3,3
3,15,3,49,1.8,2,2,2,1,0,259.54,1,7,3,3,2,2,2,3,1,2,2
3,15,3,50,0.8,2,3,2,2,1,295.43,1,3,1,1,2,2,5,3,3,1,1
3,15,3,51,1.8,3,2,2,2,1,333.46,0,19,3,3,1,1,12,1,3,2,2
3,15,3,52,1.8,3,1,2,2,1,275.59,1,2,1,1,3,3,12,1,1,1,1
3,15,3,53,0.1,1,2,1,1,1,289.74,1,11,1,3,1,3,19,3,1,2,2
3,15,3,54,0.8,1,2,1,1,1,322.75,0,14,1,1,1,1,6,1,1,2,2
3,15,3,55,0.05,3,1,2,2,1,332.74,0,3,1,3,3,1,17,1,1,1,1
3,15,3,56,0.2,1,3,1,1,1,325.44,0,7,1,1,1,1,16,3,3,1,1
3,15,3,57,0.05,1,1,1,1,1,343.59,0,7,3,3,3,3,6,1,3,1,3
3,15,3,58,0.2,2,2,2,1,0,265.34,1,14,1,1,2,2,10,3,3,2,2
3,15,3,59,0.4,1,1,1,1,1,272.15,1,9,1,3,1,3,17,3,3,3,3
3,15,3,60,0.1,1,1,1,1,1,281.23,1,20,3,3,3,3,14,3,1,3,1
3,15,3,61,0.2,3,2,2,2,1,216.18,1,15,3,1,1,3,14,3,1,2,2
3,15,3,62,0.1,3,3,2,2,1,314.93,0,5,1,3,3,1,17,1,3,3,1
3,15,3,63,0.2,3,1,2,2,1,229.94,1,9,1,1,3,3,10,1,3,1,3
3,15,3,64,0.4,2,3,2,2,1,2.4717,2,15,3,1,2,2,9,3,1,1,3
3,15,3,65,0.1,2,1,2,2,1,334.33,0,10,1,3,2,2,17,3,1,3,1
3,15,3,66,0.8,1,1,NaN,NaN,NaN,NaN,NaN,18,3,1,3,1,7,3,3,3,3
3,15,3,67,0.05,3,3,2,2,1,303.97,0,8,1,3,3,1,13,1,1,3,3
3,15,3,68,0.4,3,2,2,2,1,271.13,1,18,1,1,3,3,8,1,1,2,2
3,15,3,69,0.2,2,3,2,2,1,198.83,1,8,3,3,2,2,11,3,1,1,3
3,15,3,70,1.8,3,1,2,2,1,229.69,1,14,1,3,3,1,13,3,3,3,3
3,15,3,71,0.4,1,1,1,1,1,262.67,1,3,3,1,3,1,19,3,1,3,1
3,15,3,72,0.4,1,2,1,1,1,277.83,1,8,3,1,3,1,16,3,3,2,2
3,15,3,73,0.4,2,1,2,2,1,274.26,1,10,3,3,2,2,18,1,1,1,1
3,15,3,74,0.1,3,3,2,2,1,361.04,0,7,1,1,3,3,11,1,1,3,3
3,15,3,75,0.05,1,3,1,1,1,207.34,1,18,1,3,1,3,17,3,1,1,3
3,15,3,76,0.05,1,1,1,1,1,287.72,1,6,3,1,3,1,15,1,3,1,3
3,15,3,77,1.8,2,2,2,2,1,282.68,1,7,3,1,2,2,10,1,3,2,2
3,15,3,78,0.4,1,2,1,1,1,251.18,1,9,3,1,3,1,19,3,3,2,2
3,15,4,1,0.8,2,1,2,2,1,270.25,1,1,3,1,2,2,2,3,1,3,1
3,15,4,2,0.2,1,3,1,1,1,100.23,1,18,3,3,3,3,18,1,3,3,1
3,15,4,3,0.2,1,2,1,1,1,243.03,1,17,3,1,3,1,17,3,3,2,2
3,15,4,4,1.8,1,1,1,1,1,223.34,1,4,3,1,3,1,2,1,3,1,3
3,15,4,5,0.05,3,3,2,2,1,256.92,1,8,1,1,3,3,16,3,3,1,1
3,15,4,6,0.2,1,3,1,1,1,218.04,1,20,3,3,3,3,5,1,3,3,1
3,15,4,7,0.4,3,2,2,2,1,244.6,1,3,3,3,1,1,12,1,1,2,2
3,15,4,8,0.2,1,2,1,1,1,289.58,1,1,3,3,3,3,15,1,1,2,2
3,15,4,9,0.4,1,2,1,1,1,245.17,1,19,1,1,1,1,9,1,1,2,2
3,15,4,10,0.05,1,2,1,1,1,225.02,1,10,1,3,1,3,9,3,3,2,2
3,15,4,11,0.05,1,3,1,1,1,297.25,1,10,1,1,1,1,10,3,3,1,1
3,15,4,12,0.1,3,1,2,2,1,278.98,1,9,3,1,1,3,19,3,1,3,1
3,15,4,13,0.1,1,2,1,1,1,265.56,1,13,1,1,1,1,12,3,3,2,2
3,15,4,14,0.8,3,3,2,2,1,373.79,0,9,3,3,1,1,4,3,3,1,1
3,15,4,15,0.4,2,3,2,2,1,238.44,1,17,3,1,2,2,19,3,3,1,1
3,15,4,16,0.8,2,2,2,1,0,228.84,1,2,1,1,2,2,15,1,3,2,2
3,15,4,17,0.4,1,2,1,1,1,284.66,1,11,3,3,3,3,18,1,1,2,2
3,15,4,18,0.1,1,2,1,1,1,267.13,1,6,3,1,3,1,18,3,3,2,2
3,15,4,19,0.05,2,3,2,1,0,267.61,1,4,3,3,2,2,4,1,1,3,3
3,15,4,20,1.8,1,2,1,1,1,252.01,1,2,3,1,3,1,9,1,1,2,2
3,15,4,21,0.4,2,3,2,2,1,258.68,1,5,3,1,2,2,18,1,1,3,3
3,15,4,22,0.05,1,2,1,1,1,285.03,1,17,3,3,3,3,5,1,1,2,2
3,15,4,23,0.1,1,3,1,1,1,289.2,1,12,3,1,3,1,4,1,1,3,3
3,15,4,24,0.2,2,2,2,2,1,285.06,1,9,1,1,2,2,5,1,3,2,2
3,15,4,25,0.05,1,2,1,1,1,303.71,0,2,1,3,1,3,1,3,3,2,2
3,15,4,26,1.8,1,1,NaN,NaN,NaN,NaN,NaN,3,3,3,3,3,1,1,3,1,3
3,15,4,27,0.05,1,3,1,1,1,306.45,0,4,1,3,1,3,13,3,3,1,1
3,15,4,28,1.8,1,1,1,1,1,297.75,1,19,1,1,1,1,14,1,3,1,3
3,15,4,29,0.8,1,3,NaN,NaN,NaN,NaN,NaN,8,1,1,1,1,15,1,3,3,1
3,15,4,30,0.2,3,2,2,2,1,336.65,0,12,3,3,1,1,18,3,3,2,2
3,15,4,31,0.2,1,2,1,2,0,295.02,1,7,1,3,1,3,20,1,3,2,2
3,15,4,32,0.2,3,1,2,2,1,306.16,0,17,1,3,3,1,16,3,1,3,1
3,15,4,33,0.05,1,1,1,1,1,305.02,0,16,1,3,1,3,20,3,3,3,3
3,15,4,34,0.4,2,2,2,2,1,280.58,1,13,1,3,2,2,4,1,3,2,2
3,15,4,35,0.8,2,3,2,1,0,261.23,1,14,1,1,2,2,6,1,3,3,1
3,15,4,36,1.8,1,1,1,1,1,214.97,1,16,1,3,1,3,13,3,3,3,3
3,15,4,37,0.8,3,2,2,2,1,262.41,1,5,3,1,1,3,14,1,1,2,2
3,15,4,38,0.8,1,3,1,1,1,291.03,1,3,3,3,3,3,8,1,1,3,3
3,15,4,39,1.8,1,1,1,2,0,233.12,1,9,1,3,1,3,16,1,3,1,3
3,15,4,40,0.05,2,3,2,1,0,293.09,1,16,1,1,2,2,14,3,3,1,1
3,15,4,41,0.4,2,3,2,2,1,86.53,2,9,1,1,2,2,4,3,3,1,1
3,15,4,42,0.2,3,1,2,2,1,255.33,1,10,1,1,3,3,1,1,1,1,1
3,15,4,43,1.8,3,2,2,2,1,196,1,4,1,1,3,3,20,1,3,2,2
3,15,4,44,0.1,1,2,1,1,1,391.94,0,3,3,3,3,3,1,3,3,2,2
3,15,4,45,0.8,3,3,2,2,1,353.22,0,17,3,3,1,1,1,1,3,3,1
3,15,4,46,1.8,1,2,1,2,0,210.47,1,3,3,1,3,1,5,1,1,2,2
3,15,4,47,0.4,1,3,1,1,1,259.51,1,9,1,3,1,3,12,1,3,3,1
3,15,4,48,0.2,1,3,1,1,1,284.92,1,8,3,1,3,1,5,1,3,3,1
3,15,4,49,0.05,2,2,2,1,0,289.92,1,1,3,3,2,2,20,1,1,2,2
3,15,4,50,0.1,2,3,2,2,1,334.72,0,18,1,3,2,2,15,1,3,3,1
3,15,4,51,1.8,1,3,1,1,1,240.5,1,16,1,1,1,1,13,3,1,1,3
3,15,4,52,0.8,1,3,NaN,NaN,NaN,NaN,NaN,5,1,1,1,1,17,3,3,1,1
3,15,4,53,0.2,1,2,1,1,1,378.62,0,8,1,3,1,3,17,1,3,2,2
3,15,4,54,1.8,1,1,1,1,1,289.81,1,9,3,1,3,1,12,3,1,3,1
3,15,4,55,1.8,1,1,1,1,1,213.54,1,16,3,1,3,1,19,1,3,1,3
3,15,4,56,1.8,2,3,2,2,1,262.61,1,17,3,1,2,2,10,3,1,1,3
3,15,4,57,0.1,3,2,2,2,1,174.42,1,13,1,3,3,1,13,3,1,2,2
3,15,4,58,0.8,2,2,2,2,1,254.21,1,16,1,3,2,2,3,1,3,2,2
3,15,4,59,0.05,2,1,2,2,1,358.92,0,14,1,1,2,2,17,3,3,3,3
3,15,4,60,0.2,3,2,2,2,1,263.93,1,5,3,1,1,3,18,3,1,2,2
3,15,4,61,0.2,3,2,2,2,1,260.87,1,2,3,3,1,1,7,3,3,2,2
3,15,4,62,0.1,2,2,2,1,0,318.95,0,12,3,1,2,2,17,1,3,2,2
3,15,4,63,0.1,2,1,2,2,1,334.43,0,12,1,1,2,2,9,1,1,1,1
3,15,4,64,0.8,1,1,1,1,1,295.64,1,16,1,1,1,1,13,3,3,3,3
3,15,4,65,0.4,1,2,1,2,0,255.98,1,4,3,1,3,1,18,1,1,2,2
3,15,4,66,0.05,2,3,2,2,1,329.98,0,1,3,3,2,2,1,3,1,1,3
3,15,4,67,0.1,3,2,2,2,1,282.27,1,5,3,3,1,1,11,1,3,2,2
3,15,4,68,0.4,1,1,1,1,1,63.149,2,10,3,3,3,3,16,3,1,3,1
3,15,4,69,0.4,3,1,2,2,1,269.49,1,4,1,1,3,3,5,1,1,1,1
3,15,4,70,1.8,3,2,2,2,1,307.38,0,9,1,1,3,3,1,1,3,2,2
3,15,4,71,0.8,1,2,1,1,1,262.26,1,15,1,1,1,1,11,1,1,2,2
3,15,4,72,0.1,1,1,1,1,1,323.04,0,3,1,3,1,3,20,1,3,1,3
3,15,4,73,0.8,2,3,NaN,NaN,NaN,NaN,NaN,10,1,1,2,2,20,1,3,3,1
3,15,4,74,0.1,1,1,1,2,0,298.54,1,18,3,3,3,3,9,3,3,3,3
3,15,4,75,0.4,1,3,1,1,1,260.38,1,10,1,1,1,1,20,1,3,3,1
3,15,4,76,0.4,2,2,2,2,1,258.08,1,6,3,3,2,2,1,1,1,2,2
3,15,4,77,0.05,3,2,2,2,1,291.48,1,19,3,1,1,3,11,1,3,2,2
3,15,4,78,0.1,3,1,2,2,1,247.18,1,16,3,1,1,3,20,3,1,3,1
3,15,5,1,0.8,1,3,1,1,1,257.97,1,12,1,1,1,1,7,3,3,1,1
3,15,5,2,0.05,1,3,1,1,1,277.64,1,4,3,1,3,1,18,3,3,1,1
3,15,5,3,0.2,1,1,1,1,1,299.57,1,19,1,3,1,3,9,1,3,1,3
3,15,5,4,0.2,2,1,NaN,NaN,NaN,NaN,NaN,7,3,1,2,2,10,3,1,3,1
3,15,5,5,0.2,1,2,1,1,1,451.09,0,12,1,3,1,3,1,1,1,2,2
3,15,5,6,1.8,1,1,1,1,1,266.66,1,11,1,1,1,1,12,1,3,1,3
3,15,5,7,1.8,2,1,2,2,1,239.37,1,11,1,1,2,2,12,3,3,3,3
3,15,5,8,1.8,1,2,1,1,1,251.75,1,10,3,1,3,1,12,3,3,2,2
3,15,5,9,0.05,1,3,1,1,1,326.22,0,16,1,1,1,1,15,3,1,1,3
3,15,5,10,0.1,2,2,2,2,1,344.24,0,9,3,1,2,2,4,1,3,2,2
3,15,5,11,0.2,2,1,2,2,1,291.96,1,15,1,3,2,2,13,3,3,3,3
3,15,5,12,1.8,2,2,2,2,1,245.59,1,17,3,3,2,2,5,1,3,2,2
3,15,5,13,0.4,1,1,1,1,1,293.39,1,15,1,3,1,3,12,3,3,3,3
3,15,5,14,0.05,2,1,2,2,1,274.47,1,16,1,1,2,2,4,1,1,1,1
3,15,5,15,0.1,2,3,2,2,1,289.05,1,7,1,3,2,2,17,1,3,3,1
3,15,5,16,0.05,2,3,2,2,1,397.35,0,17,3,1,2,2,20,3,3,1,1
3,15,5,17,1.8,2,2,2,2,1,227.58,1,17,1,3,2,2,20,3,1,2,2
3,15,5,18,0.8,3,2,2,2,1,303.73,0,18,1,3,3,1,3,3,3,2,2
3,15,5,19,0.05,1,1,1,2,0,301.97,0,14,3,3,3,3,1,3,3,3,3
3,15,5,20,0.4,1,3,1,1,1,283.1,1,6,1,3,1,3,14,1,3,3,1
3,15,5,21,1.8,1,1,1,1,1,250.45,1,4,3,1,3,1,19,1,3,1,3
3,15,5,22,0.8,1,2,1,1,1,270.91,1,16,1,1,1,1,5,3,3,2,2
3,15,5,23,0.1,2,3,2,1,0,258.54,1,10,1,1,2,2,11,3,3,1,1
3,15,5,24,0.8,1,3,1,1,1,233.09,1,6,3,3,3,3,14,1,1,3,3
3,15,5,25,0.2,2,2,2,1,0,362.75,0,12,1,3,2,2,8,1,3,2,2
3,15,5,26,0.2,3,3,2,2,1,165.16,1,12,3,1,1,3,2,3,3,1,1
3,15,5,27,0.05,2,2,2,2,1,291.3,1,1,1,1,2,2,1,3,3,2,2
3,15,5,28,0.8,1,1,1,1,1,271.27,1,18,1,3,1,3,19,3,3,3,3
3,15,5,29,0.8,1,1,1,1,1,240.7,1,14,3,3,3,3,13,3,1,3,1
3,15,5,30,0.4,2,3,2,2,1,283.22,1,3,1,1,2,2,10,1,1,3,3
3,15,5,31,1.8,3,3,2,2,1,226.46,1,18,3,1,1,3,3,1,3,3,1
3,15,5,32,0.8,1,3,1,1,1,242.89,1,8,1,1,1,1,7,1,3,3,1
3,15,5,33,0.4,1,1,1,1,1,288.09,1,18,1,1,1,1,6,1,3,1,3
3,15,5,34,0.05,1,1,1,1,1,280.46,1,6,1,1,1,1,12,3,1,3,1
3,15,5,35,0.8,2,1,2,1,0,202.69,1,15,3,1,2,2,7,1,3,1,3
3,15,5,36,0.1,1,1,1,1,1,288.36,1,16,3,1,3,1,9,1,1,1,1
3,15,5,37,0.2,2,2,2,2,1,226.18,1,11,3,1,2,2,13,1,1,2,2
3,15,5,38,0.8,3,2,2,2,1,272.47,1,8,1,3,3,1,7,1,3,2,2
3,15,5,39,0.1,2,3,2,1,0,322.99,0,11,1,1,2,2,14,3,1,1,3
3,15,5,40,1.8,1,3,1,1,1,297.69,1,10,1,1,1,1,19,3,1,1,3
3,15,5,41,0.2,2,3,2,2,1,236.93,1,18,3,1,2,2,4,3,3,1,1
3,15,5,42,0.4,1,3,1,1,1,363.31,0,11,3,3,3,3,1,1,1,3,3
3,15,5,43,0.05,1,1,1,1,1,307.86,0,7,3,1,3,1,19,1,3,1,3
3,15,5,44,0.05,3,3,2,2,1,312.79,0,13,1,3,3,1,20,1,1,3,3
3,15,5,45,1.8,2,1,2,2,1,312.25,0,7,3,1,2,2,8,1,1,1,1
3,15,5,46,0.4,2,3,2,2,1,274.05,1,15,3,3,2,2,7,3,3,1,1
3,15,5,47,0.1,1,3,1,1,1,273.25,1,8,1,1,1,1,16,3,1,1,3
3,15,5,48,0.1,1,1,1,1,1,274.88,1,12,3,3,3,3,8,1,3,1,3
3,15,5,49,0.1,2,2,2,2,1,241.94,1,8,1,1,2,2,9,1,1,2,2
3,15,5,50,0.8,3,3,2,1,0,308.25,0,12,3,3,1,1,12,1,3,3,1
3,15,5,51,0.8,2,2,2,2,1,287.42,1,8,1,1,2,2,20,1,3,2,2
3,15,5,52,1.8,1,2,1,1,1,235.45,1,8,3,1,3,1,17,1,3,2,2
3,15,5,53,1.8,1,2,NaN,NaN,NaN,NaN,NaN,19,3,1,3,1,7,3,3,2,2
3,15,5,54,0.1,1,3,1,1,1,338.62,0,8,1,1,1,1,5,1,1,3,3
3,15,5,55,0.4,1,2,1,1,1,312.19,0,16,3,1,3,1,3,3,3,2,2
3,15,5,56,0.1,1,2,1,1,1,230.99,1,15,1,3,1,3,5,3,3,2,2
3,15,5,57,0.4,3,1,2,2,1,261.22,1,10,1,3,3,1,5,1,3,1,3
3,15,5,58,0.2,3,3,2,2,1,285.46,1,20,1,3,3,1,5,3,1,1,3
3,15,5,59,0.4,3,2,2,2,1,228.42,1,7,3,1,1,3,5,1,3,2,2
3,15,5,60,1.8,2,1,2,2,1,290.69,1,9,3,1,2,2,13,1,1,1,1
3,15,5,61,0.1,3,1,2,2,1,306.09,0,13,3,1,1,3,14,3,3,3,3
3,15,5,62,1.8,1,3,1,1,1,244.41,1,13,3,1,3,1,8,3,3,1,1
3,15,5,63,0.05,1,1,1,1,1,284.59,1,10,3,1,3,1,5,3,1,3,1
3,15,5,64,0.8,1,2,1,1,1,267.84,1,5,1,3,1,3,14,1,3,2,2
3,15,5,65,0.4,3,3,2,2,1,242.17,1,5,1,1,3,3,4,3,3,1,1
3,15,5,66,0.8,1,2,1,1,1,286.09,1,11,3,3,3,3,11,1,1,2,2
3,15,5,67,0.4,3,3,2,2,1,217.04,1,1,1,1,3,3,5,3,1,1,3
3,15,5,68,0.05,3,1,2,2,1,356.57,0,5,1,1,3,3,6,1,3,1,3
3,15,5,69,0.05,3,1,2,2,1,286.02,1,6,1,1,3,3,15,1,3,1,3
3,15,5,70,0.4,1,2,1,1,1,352.25,0,12,3,1,3,1,12,3,1,2,2
3,15,5,71,0.1,1,1,1,1,1,254.03,1,12,1,1,1,1,12,1,3,1,3
3,15,5,72,0.2,1,2,1,1,1,105.24,1,4,1,3,1,3,19,1,1,2,2
3,15,5,73,0.1,3,2,2,2,1,259,1,16,3,1,1,3,15,1,3,2,2
3,15,5,74,0.2,1,1,1,1,1,282.32,1,8,1,3,1,3,4,1,1,1,1
3,15,5,75,0.2,1,2,1,1,1,250.78,1,9,3,1,3,1,20,1,1,2,2
3,15,5,76,0.2,3,3,2,2,1,194.07,1,7,1,1,3,3,6,1,3,3,1
3,15,5,77,0.05,1,1,1,1,1,318.23,0,14,1,3,1,3,3,3,3,3,3
3,15,5,78,0.4,1,2,1,1,1,242.55,1,9,1,1,1,1,18,3,3,2,2
3,15,6,1,0.1,3,3,2,2,1,238.81,1,16,3,1,1,3,13,1,3,3,1
3,15,6,2,0.4,1,3,1,1,1,264.08,1,11,3,1,3,1,7,1,1,3,3
3,15,6,3,0.2,3,1,2,2,1,262.21,1,8,1,1,3,3,3,3,1,3,1
3,15,6,4,0.4,2,1,2,2,1,267.28,1,20,1,3,2,2,2,1,1,1,1
3,15,6,5,0.05,1,3,1,2,0,269.05,1,13,1,3,1,3,15,3,1,1,3
3,15,6,6,0.2,1,3,1,1,1,90.347,2,19,3,1,3,1,2,1,3,3,1
3,15,6,7,1.8,1,2,1,1,1,266.12,1,15,3,3,3,3,9,1,1,2,2
3,15,6,8,0.8,2,1,2,2,1,236.37,1,3,1,1,2,2,18,3,3,3,3
3,15,6,9,0.1,1,2,1,1,1,283.24,1,9,3,1,3,1,15,1,3,2,2
3,15,6,10,0.2,2,2,2,2,1,254.17,1,6,1,1,2,2,6,3,3,2,2
3,15,6,11,1.8,2,3,2,2,1,214.38,1,3,3,1,2,2,10,1,3,3,1
3,15,6,12,0.1,2,3,2,2,1,253.61,1,3,1,1,2,2,1,3,1,1,3
3,15,6,13,0.1,1,2,1,2,0,318.2,0,17,1,3,1,3,15,3,3,2,2
3,15,6,14,0.8,1,2,1,2,0,287.81,1,7,1,1,1,1,5,3,3,2,2
3,15,6,15,0.4,3,2,2,2,1,159.3,1,20,1,3,3,1,11,3,1,2,2
3,15,6,16,0.05,2,2,2,2,1,357.97,0,20,1,3,2,2,3,3,1,2,2
3,15,6,17,0.8,3,2,NaN,NaN,NaN,NaN,NaN,6,1,1,3,3,9,3,3,2,2
3,15,6,18,0.2,2,1,2,2,1,247.39,1,14,3,1,2,2,6,3,3,3,3
3,15,6,19,0.8,1,3,1,1,1,394.95,0,13,3,3,3,3,4,3,3,1,1
3,15,6,20,0.8,1,2,1,1,1,260.85,1,13,3,1,3,1,15,1,3,2,2
3,15,6,21,0.2,1,2,1,1,1,268.66,1,14,1,3,1,3,10,1,1,2,2
3,15,6,22,1.8,1,3,1,1,1,305.63,0,20,1,3,1,3,16,3,1,1,3
3,15,6,23,1.8,3,2,2,2,1,282.91,1,3,3,3,1,1,12,1,3,2,2
3,15,6,24,0.1,1,3,1,1,1,235.88,1,9,3,1,3,1,5,3,1,1,3
3,15,6,25,0.2,1,2,1,2,0,345.96,0,6,1,1,1,1,8,1,3,2,2
3,15,6,26,1.8,1,1,NaN,NaN,NaN,NaN,NaN,8,3,3,3,3,8,1,1,1,1
3,15,6,27,1.8,1,1,1,1,1,287.25,1,10,1,3,1,3,11,3,3,3,3
3,15,6,28,0.2,3,3,2,2,1,275.18,1,14,1,1,3,3,2,1,3,3,1
3,15,6,29,0.2,1,2,1,1,1,356.99,0,18,3,1,3,1,14,3,3,2,2
3,15,6,30,0.2,1,1,1,1,1,330.2,0,5,1,1,1,1,5,3,1,3,1
3,15,6,31,0.4,1,2,1,1,1,278.37,1,6,1,1,1,1,5,3,1,2,2
3,15,6,32,1.8,1,2,1,1,1,280.33,1,3,3,3,3,3,14,1,3,2,2
3,15,6,33,0.4,3,1,2,2,1,239.89,1,20,3,1,1,3,9,3,1,3,1
3,15,6,34,1.8,1,1,1,1,1,332.68,0,4,3,3,3,3,16,3,3,3,3
3,15,6,35,1.8,1,2,1,1,1,232.96,1,3,1,1,1,1,11,3,3,2,2
3,15,6,36,0.05,2,1,2,1,0,320.42,0,17,1,1,2,2,19,3,3,3,3
3,15,6,37,0.4,1,2,1,1,1,254.74,1,16,3,1,3,1,11,3,3,2,2
3,15,6,38,0.4,1,3,1,1,1,241.63,1,15,1,1,1,1,10,3,3,1,1
3,15,6,39,0.4,1,1,1,1,1,330.22,0,16,3,1,3,1,17,3,1,3,1
3,15,6,40,0.1,1,1,1,1,1,284.01,1,2,3,3,3,3,7,3,3,3,3
3,15,6,41,0.1,1,1,1,1,1,297.72,1,20,1,1,1,1,20,1,1,1,1
3,15,6,42,0.8,2,3,2,2,1,244.84,1,19,1,1,2,2,5,1,3,3,1
3,15,6,43,0.2,1,3,1,1,1,300.12,0,16,1,1,1,1,15,3,3,1,1
3,15,6,44,0.4,3,3,2,2,1,1.9283,2,11,3,1,1,3,5,3,1,1,3
3,15,6,45,0.8,2,3,2,2,1,269.23,1,6,1,3,2,2,20,3,3,1,1
3,15,6,46,0.8,3,2,2,2,1,304.26,0,5,3,3,1,1,15,1,3,2,2
3,15,6,47,0.05,3,2,2,2,1,305.13,0,2,1,3,3,1,3,1,3,2,2
3,15,6,48,0.4,2,3,2,2,1,261.28,1,15,1,1,2,2,10,1,3,3,1
3,15,6,49,0.05,3,2,2,2,1,493.99,0,13,3,3,1,1,11,1,3,2,2
3,15,6,50,1.8,1,3,1,1,1,270.37,1,16,1,1,1,1,11,3,3,1,1
3,15,6,51,0.05,1,1,1,2,0,297.64,1,19,1,3,1,3,10,1,3,1,3
3,15,6,52,0.2,1,3,1,1,1,273.16,1,14,1,3,1,3,13,3,1,1,3
3,15,6,53,0.4,1,2,1,1,1,297.93,1,12,3,3,3,3,5,3,1,2,2
3,15,6,54,0.05,3,3,2,1,0,283.91,1,8,1,3,3,1,12,3,1,1,3
3,15,6,55,0.2,1,3,1,1,1,259.95,1,2,1,1,1,1,19,1,1,3,3
3,15,6,56,0.05,2,1,2,1,0,238.95,1,12,1,1,2,2,19,3,1,3,1
3,15,6,57,0.4,2,1,2,2,1,205.35,1,11,1,1,2,2,16,3,1,3,1
3,15,6,58,0.05,1,3,1,1,1,292.53,1,15,3,1,3,1,4,3,1,1,3
3,15,6,59,0.1,1,2,1,1,1,241.15,1,18,1,3,1,3,5,1,1,2,2
3,15,6,60,0.1,3,1,2,2,1,445.86,0,18,3,3,1,1,3,3,3,3,3
3,15,6,61,0.8,3,1,NaN,NaN,NaN,NaN,NaN,19,1,1,3,3,12,1,1,1,1
3,15,6,62,0.8,2,3,2,2,1,269.86,1,18,1,3,2,2,11,3,3,1,1
3,15,6,63,0.05,2,1,2,1,0,278.23,1,18,3,3,2,2,4,3,1,3,1
3,15,6,64,1.8,1,3,1,1,1,286.05,1,15,1,3,1,3,10,1,3,3,1
3,15,6,65,0.05,1,3,1,1,1,279.11,1,16,1,1,1,1,8,3,3,1,1
3,15,6,66,0.1,1,1,1,1,1,303.82,0,1,1,3,1,3,20,1,1,1,1
3,15,6,67,1.8,1,1,1,1,1,233.18,1,15,3,1,3,1,12,3,3,3,3
3,15,6,68,0.8,2,1,2,2,1,324.24,0,9,3,3,2,2,8,3,1,3,1
3,15,6,69,0.05,2,1,2,1,0,305.53,0,16,1,1,2,2,17,1,3,1,3
3,15,6,70,0.1,2,2,2,1,0,289.96,1,19,1,3,2,2,10,1,3,2,2
3,15,6,71,0.1,1,3,1,1,1,390.6,0,18,1,3,1,3,3,1,1,3,3
3,15,6,72,1.8,3,3,2,2,1,218.78,1,6,1,1,3,3,19,1,1,3,3
3,15,6,73,0.8,1,1,1,2,0,283.5,1,20,1,3,1,3,4,1,1,1,1
3,15,6,74,0.2,3,3,2,2,1,262.87,1,11,1,3,3,1,2,1,3,3,1
3,15,6,75,0.05,1,2,1,2,0,831.99,0,1,1,1,1,1,5,1,3,2,2
3,15,6,76,0.8,1,3,1,1,1,257.58,1,16,1,1,1,1,15,3,3,1,1
3,15,6,77,0.1,1,3,1,2,0,259.5,1,18,1,1,1,1,8,1,3,3,1
3,15,6,78,0.4,2,3,2,2,1,257.98,1,17,3,3,2,2,18,1,3,3,1
3,15,7,1,1.8,1,3,1,1,1,257.41,1,1,1,3,1,3,15,1,1,3,3
3,15,7,2,0.05,3,1,2,2,1,284,1,20,1,3,3,1,19,1,3,1,3
3,15,7,3,0.8,2,1,NaN,NaN,NaN,NaN,NaN,2,3,1,2,2,18,1,1,1,1
3,15,7,4,0.8,1,2,1,1,1,245.67,1,13,1,3,1,3,5,3,3,2,2
3,15,7,5,0.05,1,2,1,1,1,285.51,1,2,3,3,3,3,10,3,1,2,2
3,15,7,6,0.2,1,3,1,1,1,298.91,1,10,3,1,3,1,7,3,1,1,3
3,15,7,7,0.1,3,1,2,2,1,278.32,1,12,3,3,1,1,12,1,3,1,3
3,15,7,8,0.8,2,2,NaN,NaN,NaN,NaN,NaN,11,1,1,2,2,1,1,1,2,2
3,15,7,9,0.05,3,3,2,2,1,279.73,1,15,3,3,1,1,19,3,3,1,1
3,15,7,10,1.8,3,1,2,2,1,299.23,1,17,3,3,1,1,6,3,3,3,3
3,15,7,11,0.2,1,3,1,1,1,295.76,1,6,1,3,1,3,9,1,3,3,1
3,15,7,12,1.8,2,2,2,2,1,238.91,1,1,1,3,2,2,2,1,1,2,2
3,15,7,13,0.8,1,1,1,1,1,280.87,1,14,1,1,1,1,1,3,3,3,3
3,15,7,14,0.4,2,3,2,1,0,303.65,0,1,1,1,2,2,10,1,1,3,3
3,15,7,15,0.4,2,3,2,2,1,271.74,1,13,1,3,2,2,4,1,3,3,1
3,15,7,16,0.1,1,3,1,1,1,303.24,0,13,3,1,3,1,8,3,1,1,3
3,15,7,17,0.4,3,3,2,2,1,214.82,1,18,1,1,3,3,3,1,1,3,3
3,15,7,18,1.8,3,2,2,2,1,245.38,1,14,1,1,3,3,11,3,1,2,2
3,15,7,19,0.2,1,1,1,1,1,323.81,0,18,3,1,3,1,15,1,1,1,1
3,15,7,20,0.1,2,3,2,1,0,419.44,0,20,3,1,2,2,19,1,1,3,3
3,15,7,21,0.05,1,3,1,1,1,302.62,0,6,3,1,3,1,14,3,1,1,3
3,15,7,22,1.8,1,1,1,1,1,270.95,1,4,3,1,3,1,9,1,1,1,1
3,15,7,23,0.4,1,1,1,1,1,329.56,0,16,1,3,1,3,13,3,1,3,1
3,15,7,24,0.4,3,2,2,2,1,355.27,0,14,3,3,1,1,6,3,1,2,2
3,15,7,25,0.05,2,1,2,2,1,256.21,1,4,3,1,2,2,3,1,3,1,3
3,15,7,26,0.2,1,3,1,1,1,317.03,0,4,3,3,3,3,12,1,3,3,1
3,15,7,27,0.8,1,1,1,1,1,277.12,1,14,1,1,1,1,5,1,3,1,3
3,15,7,28,0.05,1,2,1,2,0,362.32,0,10,1,1,1,1,9,3,3,2,2
3,15,7,29,0.1,2,3,2,2,1,326.97,0,14,1,1,2,2,10,3,1,1,3
3,15,7,30,0.05,3,2,2,2,1,364.5,0,7,1,3,3,1,11,3,3,2,2
3,15,7,31,0.4,1,2,1,1,1,282.91,1,17,3,1,3,1,13,3,3,2,2
3,15,7,32,0.1,1,2,1,1,1,271.33,1,10,3,1,3,1,10,1,1,2,2
3,15,7,33,0.1,1,2,1,1,1,258.16,1,5,3,3,3,3,2,1,3,2,2
3,15,7,34,0.4,1,1,1,1,1,184.86,1,11,3,1,3,1,6,3,3,3,3
3,15,7,35,0.8,2,3,NaN,NaN,NaN,NaN,NaN,6,1,1,2,2,9,3,1,1,3
3,15,7,36,0.05,1,1,1,1,1,309.27,0,5,3,3,3,3,19,3,1,3,1
3,15,7,37,0.4,2,2,2,2,1,367.42,0,9,1,1,2,2,18,3,1,2,2
3,15,7,38,0.1,3,2,2,2,1,270.08,1,16,1,3,3,1,3,1,1,2,2
3,15,7,39,0.8,3,2,NaN,NaN,NaN,NaN,NaN,8,3,1,1,3,14,3,1,2,2
3,15,7,40,0.1,1,3,1,1,1,244.13,1,13,1,1,1,1,18,1,3,3,1
3,15,7,41,1.8,1,3,1,1,1,276.34,1,14,1,1,1,1,4,1,3,3,1
3,15,7,42,0.8,2,3,2,2,1,264.43,1,13,1,3,2,2,12,1,1,3,3
3,15,7,43,0.05,1,3,1,1,1,285.45,1,15,1,1,1,1,11,3,3,1,1
3,15,7,44,0.4,1,2,1,1,1,265.91,1,15,3,1,3,1,9,3,3,2,2
3,15,7,45,0.8,1,1,1,1,1,306.19,0,11,1,3,1,3,4,1,1,1,1
3,15,7,46,0.1,3,1,2,2,1,249.02,1,14,1,3,3,1,3,1,1,1,1
3,15,7,47,0.2,3,3,2,2,1,234.16,1,8,1,3,3,1,19,1,3,3,1
3,15,7,48,0.1,1,2,1,1,1,325.69,0,15,1,1,1,1,12,3,1,2,2
3,15,7,49,1.8,1,3,1,1,1,255.22,1,18,1,3,1,3,16,1,1,3,3
3,15,7,50,0.4,2,1,2,2,1,247.13,1,5,3,1,2,2,17,1,1,1,1
3,15,7,51,1.8,3,2,2,2,1,253.23,1,5,1,1,3,3,20,3,1,2,2
3,15,7,52,0.4,3,3,2,2,1,237.3,1,10,1,1,3,3,19,1,3,3,1
3,15,7,53,1.8,3,3,NaN,NaN,NaN,NaN,NaN,9,3,3,1,1,16,3,1,1,3
3,15,7,54,0.8,1,1,1,1,1,259.09,1,7,1,1,1,1,12,3,3,3,3
3,15,7,55,0.2,2,1,2,2,1,171.14,1,7,3,1,2,2,18,1,1,1,1
3,15,7,56,0.05,3,2,2,2,1,293.97,1,9,3,3,1,1,2,3,1,2,2
3,15,7,57,0.05,1,2,1,2,0,275.03,1,13,3,1,3,1,7,1,3,2,2
3,15,7,58,1.8,2,2,NaN,NaN,NaN,NaN,NaN,10,3,1,2,2,15,1,1,2,2
3,15,7,59,0.4,1,2,1,1,1,283.05,1,7,1,1,1,1,13,3,1,2,2
3,15,7,60,0.2,3,3,2,2,1,258.54,1,13,1,1,3,3,3,1,1,3,3
3,15,7,61,0.2,3,2,2,2,1,283.75,1,11,1,3,3,1,3,1,1,2,2
3,15,7,62,0.2,1,3,1,1,1,324.21,0,20,1,3,1,3,20,3,1,1,3
3,15,7,63,1.8,1,2,1,1,1,299.21,1,5,3,3,3,3,7,3,3,2,2
3,15,7,64,1.8,3,2,2,2,1,259.19,1,18,1,3,3,1,15,3,1,2,2
3,15,7,65,0.8,1,1,1,1,1,293.59,1,5,3,3,3,3,18,1,1,1,1
3,15,7,66,0.05,1,1,1,1,1,305.42,0,1,3,3,3,3,15,3,1,3,1
3,15,7,67,0.8,2,3,NaN,NaN,NaN,NaN,NaN,17,1,3,2,2,11,1,3,3,1
3,15,7,68,0.1,1,1,1,1,1,283.65,1,20,1,3,1,3,12,3,1,3,1
3,15,7,69,0.1,1,3,1,1,1,359.93,0,8,1,3,1,3,6,1,3,3,1
3,15,7,70,0.4,3,3,2,2,1,29.826,2,20,3,1,1,3,8,1,1,3,3
3,15,7,71,0.1,3,3,2,2,1,303.72,0,3,1,3,3,1,1,3,1,1,3
3,15,7,72,0.2,1,1,1,1,1,281.39,1,13,3,3,3,3,12,3,3,3,3
3,15,7,73,0.05,1,2,1,2,0,382.68,0,13,1,3,1,3,12,1,3,2,2
3,15,7,74,1.8,2,2,2,2,1,257.92,1,7,3,3,2,2,20,3,3,2,2
3,15,7,75,0.2,1,1,1,1,1,335.86,0,12,3,3,3,3,2,3,1,3,1
3,15,7,76,0.2,3,3,2,2,1,274.78,1,7,3,3,1,1,18,1,3,3,1
3,15,7,77,0.2,1,3,1,1,1,212.26,1,11,3,3,3,3,18,3,1,1,3
3,15,7,78,0.8,2,3,2,2,1,280.89,1,16,3,3,2,2,15,1,3,3,1
3,15,8,1,0.8,2,3,NaN,NaN,NaN,NaN,NaN,16,3,1,2,2,9,1,3,3,1
3,15,8,2,0.2,1,3,1,1,1,281.26,1,13,1,3,1,3,13,3,1,1,3
3,15,8,3,0.1,3,3,2,2,1,295.61,1,15,1,3,3,1,14,1,1,3,3
3,15,8,4,0.4,3,2,2,2,1,257.83,1,16,1,3,3,1,8,3,1,2,2
3,15,8,5,1.8,3,2,2,2,1,256.73,1,1,1,1,3,3,17,3,3,2,2
3,15,8,6,0.05,2,2,2,1,0,316.49,0,5,1,3,2,2,10,1,1,2,2
3,15,8,7,0.8,1,1,1,1,1,232.15,1,14,1,3,1,3,5,1,1,1,1
3,15,8,8,0.1,3,3,2,2,1,319.69,0,9,3,1,1,3,5,1,3,3,1
3,15,8,9,1.8,2,2,NaN,NaN,NaN,NaN,NaN,6,3,3,2,2,8,3,3,2,2
3,15,8,10,0.05,2,3,2,2,1,337.48,0,13,3,1,2,2,10,1,1,3,3
3,15,8,11,0.1,2,3,2,1,0,336.97,0,1,3,3,2,2,6,1,3,3,1
3,15,8,12,0.2,1,1,1,1,1,266.64,1,13,1,1,1,1,12,1,1,1,1
3,15,8,13,1.8,2,1,2,2,1,260.64,1,5,1,1,2,2,1,1,3,1,3
3,15,8,14,0.4,3,3,2,2,1,302.89,0,14,1,3,3,1,4,3,3,1,1
3,15,8,15,0.05,1,3,1,1,1,382.89,0,5,3,3,3,3,13,3,1,1,3
3,15,8,16,1.8,1,3,1,1,1,229.71,1,9,1,3,1,3,12,3,3,1,1
3,15,8,17,0.4,2,3,2,1,0,248.54,1,2,3,1,2,2,18,3,1,1,3
3,15,8,18,0.4,3,1,2,2,1,410.72,0,6,3,1,1,3,18,3,1,3,1
3,15,8,19,1.8,2,3,2,2,1,352.25,0,17,1,3,2,2,4,1,3,3,1
3,15,8,20,0.05,1,3,1,1,1,308.32,0,7,3,3,3,3,3,3,1,1,3
3,15,8,21,0.4,2,1,2,2,1,269.77,1,15,1,1,2,2,11,1,1,1,1
3,15,8,22,0.05,1,2,1,1,1,316.65,0,10,1,3,1,3,9,1,1,2,2
3,15,8,23,0.1,2,2,2,2,1,236.55,1,18,3,1,2,2,5,1,1,2,2
3,15,8,24,0.2,3,2,2,2,1,293.31,1,20,3,3,1,1,10,3,1,2,2
3,15,8,25,0.1,1,1,1,2,0,302.9,0,7,3,3,3,3,17,3,1,3,1
3,15,8,26,0.8,2,3,NaN,NaN,NaN,NaN,NaN,7,1,3,2,2,2,3,3,1,1
3,15,8,27,0.2,3,2,2,2,1,277.79,1,16,1,1,3,3,20,3,3,2,2
3,15,8,28,1.8,2,1,2,2,1,258.91,1,1,3,3,2,2,16,3,1,3,1
3,15,8,29,0.05,3,2,2,2,1,312.03,0,7,1,3,3,1,7,1,3,2,2
3,15,8,30,1.8,3,3,2,2,1,262.92,1,3,3,1,1,3,16,3,3,1,1
3,15,8,31,0.1,1,1,1,1,1,315.69,0,11,3,1,3,1,14,1,3,1,3
3,15,8,32,1.8,3,2,2,2,1,279.24,1,4,1,1,3,3,7,3,1,2,2
3,15,8,33,0.4,1,1,1,1,1,288.77,1,7,3,3,3,3,7,1,1,1,1
3,15,8,34,0.2,3,1,2,2,1,247.78,1,1,1,3,3,1,1,1,1,1,1
3,15,8,35,0.1,3,3,2,2,1,260.09,1,10,3,3,1,1,8,3,3,1,1
3,15,8,36,0.2,2,1,2,2,1,309.97,0,11,3,1,2,2,9,3,3,3,3
3,15,8,37,1.8,2,3,NaN,NaN,NaN,NaN,NaN,16,1,1,2,2,4,3,1,1,3
3,15,8,38,0.05,1,3,1,2,0,305.78,0,14,1,1,1,1,18,3,1,1,3
3,15,8,39,0.4,1,1,1,1,1,303.83,0,9,3,1,3,1,11,1,1,1,1
3,15,8,40,0.2,1,2,1,1,1,200.16,1,10,3,3,3,3,10,1,3,2,2
3,15,8,41,0.4,1,1,1,2,0,314.82,0,17,3,3,3,3,2,3,1,3,1
3,15,8,42,0.05,3,2,2,2,1,516.69,0,11,3,3,1,1,11,1,1,2,2
3,15,8,43,0.8,1,3,NaN,NaN,NaN,NaN,NaN,3,1,3,1,3,8,1,1,3,3
3,15,8,44,0.2,1,3,1,1,1,297.28,1,4,1,1,1,1,3,1,3,3,1
3,15,8,45,1.8,2,2,2,2,1,307.31,0,9,3,1,2,2,7,1,1,2,2
3,15,8,46,0.4,2,1,2,2,1,291.71,1,19,1,1,2,2,11,3,3,3,3
3,15,8,47,0.8,1,1,1,1,1,287.67,1,19,1,1,1,1,6,3,3,3,3
3,15,8,48,0.2,1,3,1,1,1,303.33,0,13,1,1,1,1,2,1,3,3,1
3,15,8,49,0.2,3,2,2,2,1,181.42,1,14,3,1,1,3,14,1,3,2,2
3,15,8,50,0.8,1,3,1,1,1,261.95,1,4,1,3,1,3,17,1,3,3,1
3,15,8,51,0.4,3,1,2,2,1,297.76,1,2,3,3,1,1,12,3,1,3,1
3,15,8,52,1.8,3,2,2,2,1,248.37,1,7,3,1,1,3,2,1,1,2,2
3,15,8,53,0.2,2,1,2,1,0,306.26,0,19,1,1,2,2,18,1,1,1,1
3,15,8,54,0.1,3,3,2,2,1,244.11,1,19,3,1,1,3,7,1,1,3,3
3,15,8,55,1.8,1,2,NaN,NaN,NaN,NaN,NaN,16,3,3,3,3,12,3,3,2,2
3,15,8,56,0.05,2,1,2,2,1,285.37,1,16,3,1,2,2,2,1,1,1,1
3,15,8,57,0.8,1,2,1,1,1,311.36,0,3,1,3,1,3,8,1,3,2,2
3,15,8,58,0.1,2,2,2,2,1,327.16,0,10,1,3,2,2,1,1,1,2,2
3,15,8,59,0.2,3,2,2,2,1,245.15,1,8,1,1,3,3,17,1,1,2,2
3,15,8,60,0.8,3,2,2,2,1,278.29,1,7,3,1,1,3,19,1,1,2,2
3,15,8,61,0.05,1,1,1,1,1,328.77,0,9,1,3,1,3,11,1,3,1,3
3,15,8,62,1.8,3,3,2,2,1,233.91,1,8,1,1,3,3,11,3,3,1,1
3,15,8,63,0.8,1,1,1,1,1,250.99,1,20,1,3,1,3,12,1,3,1,3
3,15,8,64,0.1,2,2,2,2,1,291.33,1,2,3,1,2,2,6,3,1,2,2
3,15,8,65,0.8,2,1,NaN,NaN,NaN,NaN,NaN,13,3,3,2,2,13,3,1,3,1
3,15,8,66,0.05,3,3,2,2,1,307.29,0,14,3,1,1,3,12,1,3,3,1
3,15,8,67,0.8,1,2,1,1,1,266.72,1,15,3,1,3,1,14,3,1,2,2
3,15,8,68,0.8,1,2,1,1,1,325.23,0,9,1,3,1,3,18,3,1,2,2
3,15,8,69,0.1,3,3,2,2,1,228.3,1,3,3,3,1,1,20,1,1,3,3
3,15,8,70,0.4,1,2,1,1,1,266.98,1,15,3,1,3,1,2,1,1,2,2
3,15,8,71,0.05,1,3,1,1,1,341.76,0,16,1,3,1,3,3,3,1,1,3
3,15,8,72,0.8,3,1,2,2,1,257.71,1,13,1,3,3,1,17,3,3,3,3
3,15,8,73,0.05,1,2,1,2,0,305.45,0,4,3,1,3,1,2,3,1,2,2
3,15,8,74,0.4,2,1,2,2,1,225.98,1,19,3,1,2,2,11,3,3,3,3
3,15,8,75,0.4,1,3,1,1,1,235.27,1,6,1,1,1,1,13,1,1,3,3
3,15,8,76,0.2,2,2,2,2,1,238.88,1,13,3,3,2,2,20,1,3,2,2
3,15,8,77,0.1,1,2,1,1,1,315.69,0,4,1,1,1,1,12,3,3,2,2
3,15,8,78,0.1,2,1,2,2,1,374,0,11,3,3,2,2,13,1,1,1,1
3,15,9,1,0.1,2,2,2,1,0,250.65,1,17,3,3,2,2,1,3,3,2,2
3,15,9,2,0.4,2,1,NaN,NaN,NaN,NaN,NaN,16,3,1,2,2,12,1,3,1,3
3,15,9,3,0.8,3,2,2,2,1,282.83,1,14,1,1,3,3,11,1,1,2,2
3,15,9,4,0.2,3,2,2,2,1,251.81,1,10,1,3,3,1,4,3,1,2,2
3,15,9,5,0.4,3,3,2,2,1,258.62,1,17,3,3,1,1,13,1,3,3,1
3,15,9,6,0.1,1,1,1,1,1,304.76,0,8,3,3,3,3,7,1,1,1,1
3,15,9,7,1.8,2,2,2,1,0,276.41,1,1,3,1,2,2,3,1,1,2,2
3,15,9,8,0.4,1,3,1,1,1,309.89,0,1,1,3,1,3,12,3,1,1,3
3,15,9,9,1.8,1,1,1,2,0,218.89,1,1,1,1,1,1,19,1,1,1,1
3,15,9,10,0.1,2,3,2,2,1,256.12,1,18,3,1,2,2,5,1,1,3,3
3,15,9,11,0.2,3,2,2,2,1,234.46,1,9,1,3,3,1,15,1,1,2,2
3,15,9,12,0.8,2,1,2,1,0,320.28,0,14,3,1,2,2,2,3,3,3,3
3,15,9,13,0.05,3,3,2,2,1,306.52,0,13,3,1,1,3,12,1,3,3,1
3,15,9,14,0.05,1,1,1,1,1,266.35,1,7,1,1,1,1,9,1,1,1,1
3,15,9,15,0.1,1,3,1,1,1,242.92,1,8,3,1,3,1,4,1,1,3,3
3,15,9,16,0.1,1,3,1,1,1,291.05,1,12,1,3,1,3,19,1,3,3,1
3,15,9,17,0.1,3,1,2,2,1,249.89,1,17,1,1,3,3,16,1,1,1,1
3,15,9,18,0.05,2,2,2,1,0,310.41,0,4,3,1,2,2,6,1,1,2,2
3,15,9,19,0.4,1,2,NaN,NaN,NaN,NaN,NaN,15,3,3,3,3,6,3,1,2,2
3,15,9,20,1.8,3,1,2,2,1,205.52,1,20,3,1,1,3,10,3,3,3,3
3,15,9,21,0.2,1,3,1,1,1,263.84,1,6,1,1,1,1,6,1,3,3,1
3,15,9,22,1.8,2,1,2,2,1,275.04,1,13,1,1,2,2,2,1,1,1,1
3,15,9,23,0.1,1,1,1,1,1,264.59,1,20,1,1,1,1,11,3,1,3,1
3,15,9,24,1.8,2,3,2,2,1,247.52,1,10,1,3,2,2,14,3,3,1,1
3,15,9,25,0.05,3,2,2,2,1,303.33,0,2,3,3,1,1,5,3,3,2,2
3,15,9,26,0.05,2,3,2,2,1,283.42,1,11,3,3,2,2,13,1,3,3,1
3,15,9,27,0.4,1,3,1,1,1,228.53,1,2,3,3,3,3,9,3,1,1,3
3,15,9,28,0.05,1,2,1,1,1,315.4,0,13,1,3,1,3,11,3,1,2,2
3,15,9,29,0.05,3,3,2,2,1,346.01,0,13,3,1,1,3,9,1,1,3,3
3,15,9,30,0.8,1,3,NaN,NaN,NaN,NaN,NaN,11,1,1,1,1,4,3,1,1,3
3,15,9,31,0.4,1,3,1,1,1,271.07,1,15,3,3,3,3,4,1,3,3,1
3,15,9,32,0.05,3,3,2,2,1,307.02,0,17,3,3,1,1,12,1,3,3,1
3,15,9,33,0.8,1,3,NaN,NaN,NaN,NaN,NaN,9,1,3,1,3,15,1,1,3,3
3,15,9,34,0.2,1,2,1,1,1,292.71,1,10,3,3,3,3,9,3,3,2,2
3,15,9,35,0.2,1,3,1,1,1,271.86,1,12,3,1,3,1,7,3,1,1,3
3,15,9,36,0.1,2,2,2,2,1,276.05,1,5,1,1,2,2,1,1,3,2,2
3,15,9,37,0.8,2,1,2,2,1,275.54,1,1,3,3,2,2,14,1,1,1,1
3,15,9,38,0.2,3,3,2,2,1,344.53,0,8,3,1,1,3,1,3,1,1,3
3,15,9,39,0.2,1,3,1,1,1,340.68,0,11,3,3,3,3,17,1,3,3,1
3,15,9,40,0.2,2,2,2,1,0,248.87,1,7,3,3,2,2,14,1,3,2,2
3,15,9,41,1.8,2,3,2,1,0,260.13,1,19,3,3,2,2,7,3,3,1,1
3,15,9,42,0.1,3,3,2,2,1,262.95,1,11,1,1,3,3,20,3,1,1,3
3,15,9,43,1.8,2,1,2,2,1,248.2,1,12,3,3,2,2,9,1,1,1,1
3,15,9,44,0.4,1,1,1,1,1,273.92,1,9,3,1,3,1,19,1,1,1,1
3,15,9,45,0.2,3,3,2,2,1,99.306,2,16,1,1,3,3,14,1,3,3,1
3,15,9,46,0.4,1,3,1,1,1,241.59,1,5,3,1,3,1,16,3,1,1,3
3,15,9,47,0.1,1,3,1,1,1,267.84,1,4,3,3,3,3,14,3,3,1,1
3,15,9,48,0.2,2,2,2,2,1,270.42,1,16,1,1,2,2,14,3,1,2,2
3,15,9,49,0.8,1,3,1,1,1,224.49,1,8,3,3,3,3,7,3,3,1,1
3,15,9,50,0.2,1,2,1,1,1,246.67,1,18,3,3,3,3,14,1,3,2,2
3,15,9,51,0.1,2,1,2,2,1,293.38,1,10,1,3,2,2,16,3,1,3,1
3,15,9,52,0.8,1,3,1,2,0,196.05,1,1,3,1,3,1,18,3,3,1,1
3,15,9,53,0.05,2,2,2,2,1,442.53,0,9,1,1,2,2,16,1,1,2,2
3,15,9,54,0.8,1,2,1,1,1,284.94,1,6,1,3,1,3,2,1,1,2,2
3,15,9,55,0.05,1,2,1,1,1,255.82,1,9,3,3,3,3,6,1,1,2,2
3,15,9,56,0.1,3,2,2,2,1,222.92,1,17,3,3,1,1,15,3,3,2,2
3,15,9,57,0.1,1,2,1,1,1,312.69,0,14,3,1,3,1,19,3,3,2,2
3,15,9,58,0.05,3,3,2,2,1,258.98,1,8,3,1,1,3,16,1,1,3,3
3,15,9,59,0.4,2,2,2,2,1,316.76,0,20,1,1,2,2,11,3,1,2,2
3,15,9,60,1.8,1,3,1,1,1,268.39,1,10,3,1,3,1,6,3,1,1,3
3,15,9,61,0.8,1,1,1,1,1,261.94,1,10,3,3,3,3,12,1,3,1,3
3,15,9,62,1.8,1,3,1,1,1,324.07,0,15,3,3,3,3,2,3,1,1,3
3,15,9,63,0.4,1,1,1,1,1,393.89,0,8,3,3,3,3,13,3,1,3,1
3,15,9,64,0.2,1,3,1,1,1,158.53,1,3,1,1,1,1,14,3,1,1,3
3,15,9,65,0.8,2,2,2,2,1,242,1,6,1,1,2,2,9,3,3,2,2
3,15,9,66,0.4,1,1,1,1,1,271.73,1,14,1,1,1,1,12,3,3,3,3
3,15,9,67,0.2,1,3,1,1,1,266.06,1,17,1,3,1,3,14,3,1,1,3
3,15,9,68,0.4,3,2,2,2,1,267.29,1,3,1,3,3,1,3,1,3,2,2
3,15,9,69,0.05,1,2,1,1,1,341.05,0,8,3,1,3,1,14,1,3,2,2
3,15,9,70,0.8,1,1,1,1,1,340.44,0,16,1,3,1,3,10,1,1,1,1
3,15,9,71,1.8,3,2,NaN,NaN,NaN,NaN,NaN,12,1,3,3,1,1,1,1,2,2
3,15,9,72,0.8,3,1,2,2,1,237.7,1,16,1,1,3,3,11,3,1,3,1
3,15,9,73,0.05,3,1,2,2,1,258.26,1,3,1,1,3,3,20,3,1,3,1
3,15,9,74,1.8,2,1,NaN,NaN,NaN,NaN,NaN,15,1,1,2,2,13,3,3,3,3
3,15,9,75,0.4,2,2,2,2,1,257.12,1,19,3,1,2,2,10,1,1,2,2
3,15,9,76,0.8,2,1,2,2,1,274.7,1,10,3,3,2,2,20,1,3,1,3
3,15,9,77,1.8,3,2,2,2,1,258.41,1,20,3,1,1,3,11,3,1,2,2
3,15,9,78,1.8,2,1,2,2,1,288.76,1,2,3,1,2,2,2,3,3,3,3
3,15,10,1,0.1,2,1,2,2,1,313.33,0,1,1,3,2,2,7,3,3,3,3
3,15,10,2,0.2,1,1,1,1,1,186.7,1,2,1,1,1,1,18,1,1,1,1
3,15,10,3,0.2,1,3,1,1,1,295.39,1,3,1,3,1,3,8,1,3,3,1
3,15,10,4,0.4,3,1,2,2,1,304,0,20,3,3,1,1,6,3,3,3,3
3,15,10,5,0.05,3,3,2,2,1,562.81,0,8,3,1,1,3,17,1,3,3,1
3,15,10,6,1.8,3,1,2,2,1,227.78,1,4,1,1,3,3,3,3,3,3,3
3,15,10,7,1.8,1,2,1,1,1,313.99,0,1,3,1,3,1,20,1,1,2,2
3,15,10,8,0.8,1,3,1,1,1,359.39,0,5,1,3,1,3,1,1,1,3,3
3,15,10,9,0.1,3,1,2,2,1,250.18,1,1,3,3,1,1,20,3,1,3,1
3,15,10,10,0.4,3,3,2,2,1,281.95,1,5,3,3,1,1,3,1,1,3,3
3,15,10,11,1.8,1,2,1,1,1,411.69,0,7,1,1,1,1,9,1,1,2,2
3,15,10,12,0.05,1,3,1,2,0,344.9,0,13,3,1,3,1,2,3,1,1,3
3,15,10,13,0.4,3,3,2,2,1,300.31,0,11,3,3,1,1,1,3,1,1,3
3,15,10,14,0.1,1,1,1,1,1,264.06,1,19,1,1,1,1,8,1,1,1,1
3,15,10,15,0.8,1,2,1,1,1,362.52,0,4,3,3,3,3,14,1,1,2,2
3,15,10,16,0.05,2,2,2,2,1,346.84,0,2,3,3,2,2,1,3,3,2,2
3,15,10,17,0.1,1,1,1,1,1,277.39,1,13,1,1,1,1,4,3,1,3,1
3,15,10,18,0.2,3,3,2,2,1,185.46,1,5,3,3,1,1,8,3,3,1,1
3,15,10,19,0.05,1,1,1,1,1,272.64,1,16,3,3,3,3,5,1,3,1,3
3,15,10,20,0.1,2,2,2,2,1,318.83,0,17,3,3,2,2,10,3,1,2,2
3,15,10,21,1.8,3,3,2,2,1,285.42,1,18,3,1,1,3,9,1,3,3,1
3,15,10,22,1.8,2,3,2,2,1,249.29,1,13,1,3,2,2,5,1,1,3,3
3,15,10,23,1.8,3,3,2,2,1,305.72,0,19,3,1,1,3,3,1,1,3,3
3,15,10,24,1.8,1,2,1,1,1,285.09,1,13,3,3,3,3,16,1,1,2,2
3,15,10,25,0.1,3,3,2,2,1,333.11,0,19,3,1,1,3,14,3,3,1,1
3,15,10,26,0.2,3,2,2,2,1,303.69,0,2,3,1,1,3,2,3,1,2,2
3,15,10,27,0.2,1,2,1,1,1,319.32,0,16,3,1,3,1,13,1,1,2,2
3,15,10,28,0.2,1,1,1,1,1,290.05,1,4,3,3,3,3,16,3,3,3,3
3,15,10,29,0.4,2,3,2,2,1,269.72,1,15,1,3,2,2,6,1,3,3,1
3,15,10,30,0.2,1,1,1,2,0,225.75,1,3,1,3,1,3,9,3,3,3,3
3,15,10,31,0.4,1,1,1,1,1,292.28,1,10,3,3,3,3,4,3,3,3,3
3,15,10,32,1.8,3,3,NaN,NaN,NaN,NaN,NaN,11,3,1,1,3,16,1,1,3,3
3,15,10,33,1.8,2,1,2,2,1,291.85,1,19,3,3,2,2,16,3,1,3,1
3,15,10,34,0.8,2,1,2,1,0,273.81,1,10,1,1,2,2,16,3,1,3,1
3,15,10,35,0.4,1,3,1,1,1,258.35,1,15,1,1,1,1,17,1,3,3,1
3,15,10,36,0.8,2,3,2,2,1,291.34,1,16,3,3,2,2,1,3,1,1,3
3,15,10,37,1.8,1,3,1,1,1,299.27,1,8,1,3,1,3,9,1,1,3,3
3,15,10,38,0.05,1,3,1,2,0,374.23,0,5,1,3,1,3,14,3,3,1,1
3,15,10,39,0.05,1,1,1,1,1,285.07,1,20,1,3,1,3,17,1,3,1,3
3,15,10,40,0.4,1,3,1,1,1,260.37,1,10,3,3,3,3,13,3,3,1,1
3,15,10,41,0.8,1,3,1,1,1,355.55,0,15,3,3,3,3,5,3,1,1,3
3,15,10,42,0.2,1,1,1,1,1,388.77,0,3,1,3,1,3,8,1,1,1,1
3,15,10,43,0.05,3,2,2,2,1,315.03,0,16,1,3,3,1,15,3,3,2,2
3,15,10,44,0.2,1,2,1,1,1,371.94,0,15,1,1,1,1,2,1,1,2,2
3,15,10,45,0.1,1,2,1,1,1,272.16,1,20,1,3,1,3,20,1,3,2,2
3,15,10,46,0.05,1,2,1,2,0,634.89,0,8,3,1,3,1,19,3,1,2,2
3,15,10,47,0.4,2,1,2,2,1,230.08,1,1,3,1,2,2,19,1,3,1,3
3,15,10,48,0.8,3,3,2,2,1,369.01,0,18,3,1,1,3,7,3,1,1,3
3,15,10,49,0.05,1,2,1,1,1,272.37,1,11,1,1,1,1,4,3,1,2,2
3,15,10,50,1.8,1,1,1,1,1,287.32,1,12,1,1,1,1,4,3,1,3,1
3,15,10,51,0.1,3,1,2,2,1,335.49,0,18,1,1,3,3,4,1,3,1,3
3,15,10,52,0.2,1,2,1,2,0,350.23,0,16,3,3,3,3,10,1,1,2,2
3,15,10,53,0.8,1,3,1,1,1,274.79,1,16,1,1,1,1,18,3,1,1,3
3,15,10,54,0.8,1,2,1,1,1,309.77,0,4,1,3,1,3,19,3,3,2,2
3,15,10,55,0.2,1,3,1,1,1,280.38,1,19,1,1,1,1,20,1,1,3,3
3,15,10,56,0.2,1,3,1,1,1,230.48,1,9,1,1,1,1,10,3,1,1,3
3,15,10,57,0.8,3,1,2,2,1,258.88,1,5,3,1,1,3,18,3,1,3,1
3,15,10,58,0.05,3,3,2,2,1,269.49,1,20,3,3,1,1,14,1,3,3,1
3,15,10,59,0.8,1,3,1,1,1,238.19,1,11,3,1,3,1,9,3,3,1,1
3,15,10,60,0.4,2,1,2,2,1,245.2,1,8,1,1,2,2,4,1,1,1,1
3,15,10,61,0.4,1,3,1,1,1,286.24,1,11,3,1,3,1,5,3,1,1,3
3,15,10,62,0.1,1,2,1,1,1,269.84,1,15,3,1,3,1,3,3,3,2,2
3,15,10,63,0.05,1,1,1,1,1,257.54,1,9,1,1,1,1,5,1,3,1,3
3,15,10,64,0.8,3,1,2,2,1,264.88,1,15,1,1,3,3,8,3,3,3,3
3,15,10,65,1.8,1,3,NaN,NaN,NaN,NaN,NaN,7,1,3,1,3,3,1,1,3,3
3,15,10,66,0.05,1,3,1,1,1,329.1,0,3,1,1,1,1,13,1,1,3,3
3,15,10,67,0.4,1,1,1,1,1,281.37,1,12,3,1,3,1,12,3,3,3,3
3,15,10,68,0.1,2,1,2,2,1,290.91,1,1,3,3,2,2,3,1,1,1,1
3,15,10,69,0.05,3,2,2,2,1,300.03,0,7,1,3,3,1,18,1,1,2,2
3,15,10,70,0.1,3,1,2,2,1,433.16,0,7,3,3,1,1,14,3,3,3,3
3,15,10,71,0.8,1,1,1,1,1,277.04,1,10,3,1,3,1,4,1,1,1,1
3,15,10,72,0.4,3,2,2,2,1,338.74,0,20,1,3,3,1,8,3,1,2,2
3,15,10,73,0.1,3,1,2,2,1,241.75,1,5,1,1,3,3,13,1,3,1,3
3,15,10,74,0.2,1,1,1,1,1,258.05,1,8,3,3,3,3,7,3,3,3,3
3,15,10,75,0.8,2,2,2,1,0,230.82,1,10,1,1,2,2,13,3,3,2,2
3,15,10,76,1.8,2,1,NaN,NaN,NaN,NaN,NaN,1,1,1,2,2,9,1,3,1,3
3,15,10,77,0.1,1,3,1,1,1,279.24,1,15,3,3,3,3,9,1,1,3,3
3,15,10,78,0.4,3,2,2,2,1,329.57,0,13,3,3,1,1,11,1,1,2,2
