2,13,1,1,0.4,1,3,1,1,1,238.16,1,19,3,3,3,3,2,1,3,3,1
2,13,1,2,0.2,1,3,1,1,1,302.51,0,19,3,3,3,3,7,3,1,1,3
2,13,1,3,0.8,1,1,1,1,1,190.9,1,18,3,3,3,3,20,1,3,1,3
2,13,1,4,1.8,1,3,NaN,NaN,NaN,NaN,NaN,6,3,3,3,3,10,1,3,3,1
2,13,1,5,0.2,2,3,2,2,1,248.59,1,13,1,1,2,2,4,1,1,3,3
2,13,1,6,0.4,2,2,2,2,1,245.96,1,2,1,3,2,2,1,3,3,2,2
2,13,1,7,0.05,2,2,2,2,1,312.6,0,8,3,3,2,2,15,1,1,2,2
2,13,1,8,0.1,2,3,2,2,1,273.44,1,14,1,1,2,2,5,1,1,3,3
2,13,1,9,0.1,1,2,1,2,0,299.69,1,18,3,3,3,3,6,1,3,2,2
2,13,1,10,0.05,2,3,2,2,1,255.75,1,14,3,3,2,2,1,3,1,1,3
2,13,1,11,0.8,3,3,2,2,1,235.11,1,16,1,1,3,3,15,1,3,3,1
2,13,1,12,0.05,1,3,1,1,1,271.39,1,2,1,1,1,1,8,1,3,3,1
2,13,1,13,1.8,3,1,2,2,1,219.94,1,3,3,1,1,3,20,3,3,3,3
2,13,1,14,0.05,2,2,2,2,1,235.65,1,4,3,3,2,2,3,3,3,2,2
2,13,1,15,0.8,1,3,1,1,1,250.01,1,17,3,1,3,1,18,3,1,1,3
2,13,1,16,0.1,2,1,2,2,1,314.86,0,11,3,1,2,2,9,3,1,3,1
2,13,1,17,0.2,3,2,2,2,1,245.54,1,15,3,3,1,1,5,3,3,2,2
2,13,1,18,0.8,1,3,1,2,0,243.85,1,3,3,1,3,1,6,1,1,3,3
2,13,1,19,0.4,1,1,1,1,1,228.47,1,8,1,3,1,3,16,1,3,1,3
2,13,1,20,0.05,3,3,2,2,1,267.77,1,1,3,3,1,1,12,3,1,1,3
2,13,1,21,0.4,2,2,2,2,1,330.68,0,6,1,1,2,2,7,3,3,2,2
2,13,1,22,0.2,1,1,1,1,1,251.41,1,17,1,1,1,1,8,3,1,3,1
2,13,1,23,0.4,1,3,1,1,1,252.42,1,7,1,1,1,1,1,1,1,3,3
2,13,1,24,0.05,3,3,2,2,1,284.53,1,6,1,3,3,1,5,1,3,3,1
2,13,1,25,0.4,2,2,2,1,0,209.95,1,18,1,1,2,2,15,3,1,2,2
2,13,1,26,0.8,1,2,1,1,1,184.84,1,1,1,3,1,3,17,1,3,2,2
2,13,1,27,1.8,3,3,2,2,1,177.12,1,19,3,3,1,1,11,3,3,1,1
2,13,1,28,0.8,2,1,2,2,1,182.83,1,16,1,3,2,2,12,1,1,1,1
2,13,1,29,0.05,1,2,1,1,1,322.39,0,2,1,1,1,1,4,3,1,2,2
2,13,1,30,0.2,1,1,1,1,1,255,1,8,1,1,1,1,18,1,3,1,3
2,13,1,31,0.05,3,1,2,1,0,279.7,1,18,1,3,3,1,19,3,3,3,3
2,13,1,32,0.1,1,3,1,1,1,256.95,1,17,3,3,3,3,15,3,1,1,3
2,13,1,33,0.1,1,2,1,1,1,258.74,1,10,3,3,3,3,14,1,3,2,2
2,13,1,34,0.1,3,1,2,2,1,244.47,1,13,1,3,3,1,15,1,3,1,3
2,13,1,35,1.8,2,3,2,2,1,179.88,1,11,1,3,2,2,1,1,3,3,1
2,13,1,36,0.4,2,3,2,2,1,278.01,1,11,3,3,2,2,1,3,3,1,1
2,13,1,37,0.05,1,1,1,1,1,284.34,1,6,1,1,1,1,17,3,3,3,3
2,13,1,38,0.4,2,2,2,2,1,299.26,1,15,1,3,2,2,16,1,1,2,2
2,13,1,39,0.1,1,2,1,1,1,263.66,1,2,3,3,3,3,14,3,3,2,2
2,13,1,40,0.2,3,1,2,2,1,263.47,1,3,1,3,3,1,5,1,1,1,1
2,13,1,41,0.1,1,2,1,1,1,301.1,0,11,3,1,3,1,18,1,3,2,2
2,13,1,42,0.8,1,2,1,1,1,224.14,1,15,3,3,3,3,18,1,1,2,2
2,13,1,43,0.2,1,2,1,1,1,259.61,1,16,3,1,3,1,4,3,1,2,2
2,13,1,44,0.1,1,3,1,1,1,429.97,0,12,1,1,1,1,16,3,1,1,3
2,13,1,45,0.4,1,1,1,2,0,283.32,1,3,1,3,1,3,5,1,1,1,1
2,13,1,46,0.05,3,1,2,2,1,322.67,0,9,1,1,3,3,10,3,1,3,1
2,13,1,47,0.4,2,3,2,2,1,252.92,1,1,3,1,2,2,3,3,3,1,1
2,13,1,48,0.4,1,3,1,1,1,205.02,1,7,3,3,3,3,15,1,1,3,3
2,13,1,49,0.2,3,1,2,2,1,273.97,1,10,3,3,1,1,4,3,3,3,3
2,13,1,50,0.8,3,1,2,2,1,233.48,1,19,3,1,1,3,8,1,1,1,1
2,13,1,51,0.1,3,1,2,2,1,274.57,1,15,1,1,3,3,16,3,1,3,1
2,13,1,52,0.4,2,1,2,2,1,237.22,1,9,1,1,2,2,4,1,3,1,3
2,13,1,53,0.8,1,3,1,2,0,253.37,1,16,3,1,3,1,20,3,1,1,3
2,13,1,54,0.2,2,3,2,2,1,165.14,1,3,3,1,2,2,3,1,1,3,3
2,13,1,55,0.05,1,3,1,2,0,310.48,0,1,3,3,3,3,4,1,3,3,1
2,13,1,56,0.4,1,3,1,1,1,228.16,1,14,3,1,3,1,18,3,1,1,3
2,13,1,57,0.05,1,1,1,2,0,303.23,0,14,3,3,3,3,10,3,1,3,1
2,13,1,58,0.8,1,1,NaN,NaN,NaN,NaN,NaN,12,3,3,3,3,5,3,1,3,1
2,13,1,59,0.1,3,2,2,2,1,249.87,1,16,3,3,1,1,12,1,3,2,2
2,13,1,60,0.8,3,2,2,2,1,246.32,1,13,1,1,3,3,20,3,3,2,2
2,13,1,61,1.8,3,2,2,2,1,204.28,1,6,1,1,3,3,11,3,3,2,2
2,13,1,62,1.8,1,2,1,1,1,206.09,1,3,3,1,3,1,6,1,3,2,2
2,13,1,63,1.8,1,3,1,1,1,193.35,1,19,1,1,1,1,5,3,3,1,1
2,13,1,64,1.8,1,3,1,2,0,209.63,1,9,3,1,3,1,6,1,3,3,1
2,13,1,65,0.8,2,2,2,2,1,259.86,1,11,1,1,2,2,7,3,1,2,2
2,13,1,66,1.8,1,3,NaN,NaN,NaN,NaN,NaN,20,3,3,3,3,19,1,3,3,1
2,13,1,67,0.1,1,1,1,1,1,247.21,1,5,3,3,3,3,9,3,3,3,3
2,13,1,68,0.2,1,3,1,1,1,243.51,1,1,1,1,1,1,20,3,1,1,3
2,13,1,69,0.2,1,1,1,1,1,280.34,1,1,3,3,3,3,16,1,1,1,1
2,13,1,70,1.8,2,3,2,2,1,211.82,1,16,3,1,2,2,2,1,3,3,1
2,13,1,71,0.05,2,1,2,1,0,294.1,1,8,1,3,2,2,15,3,3,3,3
2,13,1,72,0.8,3,3,2,2,1,205.69,1,5,1,3,3,1,15,1,1,3,3
2,13,1,73,0.2,3,1,2,2,1,209.12,1,18,3,3,1,1,18,1,3,1,3
2,13,1,74,0.2,1,2,1,1,1,232.21,1,10,1,3,1,3,20,3,3,2,2
2,13,1,75,1.8,2,3,2,2,1,204.88,1,11,3,1,2,2,1,1,1,3,3
2,13,1,76,1.8,2,1,2,1,0,242.65,1,11,1,1,2,2,20,1,3,1,3
2,13,1,77,1.8,1,1,1,1,1,245.54,1,20,1,1,1,1,14,3,1,3,1
2,13,1,78,0.1,1,2,1,2,0,294.97,1,11,3,1,3,1,3,3,3,2,2
2,13,2,1,1.8,3,1,2,2,1,186.53,1,5,3,1,1,3,6,1,3,1,3
2,13,2,2,0.05,3,1,2,2,1,253.18,1,8,1,1,3,3,15,3,3,3,3
2,13,2,3,1.8,1,2,1,1,1,173.97,1,8,3,1,3,1,9,1,3,2,2
2,13,2,4,0.2,3,3,2,2,1,193.51,1,7,1,3,3,1,9,3,3,1,1
2,13,2,5,1.8,2,2,2,2,1,195.48,1,17,3,3,2,2,13,3,1,2,2
2,13,2,6,0.8,2,2,2,2,1,219.84,1,18,1,1,2,2,19,1,1,2,2
2,13,2,7,0.4,3,1,2,2,1,211.92,1,11,3,1,1,3,3,1,1,1,1
2,13,2,8,0.05,1,3,1,1,1,322.54,0,19,1,3,1,3,19,1,1,3,3
2,13,2,9,0.4,2,2,2,1,0,204.01,1,15,1,3,2,2,12,1,1,2,2
2,13,2,10,1.8,3,1,2,2,1,235.4,1,13,3,1,1,3,13,1,3,1,3
2,13,2,11,0.4,1,3,1,2,0,251.47,1,15,1,3,1,3,6,3,3,1,1
2,13,2,12,0.1,1,1,1,2,0,316.64,0,15,1,1,1,1,1,1,3,1,3
2,13,2,13,0.1,2,1,2,2,1,277.51,1,18,1,1,2,2,14,3,1,3,1
2,13,2,14,0.8,1,1,1,1,1,210.98,1,11,3,1,3,1,3,1,3,1,3
2,13,2,15,0.1,3,3,2,2,1,279.23,1,2,1,3,3,1,13,3,3,1,1
2,13,2,16,1.8,3,3,2,2,1,212.74,1,20,3,3,1,1,5,3,1,1,3
2,13,2,17,0.1,2,2,2,1,0,301.55,0,5,3,1,2,2,6,1,1,2,2
2,13,2,18,0.4,1,1,1,1,1,199.87,1,19,1,1,1,1,9,1,1,1,1
2,13,2,19,0.2,3,3,2,2,1,283.15,1,16,3,1,1,3,20,3,1,1,3
2,13,2,20,0.8,2,3,2,2,1,221,1,15,1,1,2,2,7,1,1,3,3
2,13,2,21,0.4,1,2,1,1,1,228.38,1,9,3,3,3,3,20,1,3,2,2
2,13,2,22,0.05,1,2,1,2,0,310.6,0,2,3,1,3,1,17,1,1,2,2
2,13,2,23,0.2,2,1,2,1,0,240.41,1,13,1,3,2,2,19,3,3,3,3
2,13,2,24,0.8,1,2,1,1,1,210.24,1,16,1,3,1,3,5,1,3,2,2
2,13,2,25,0.8,1,2,1,2,0,249.56,1,8,1,3,1,3,4,3,3,2,2
2,13,2,26,0.4,1,2,1,1,1,274.6,1,4,3,1,3,1,14,1,3,2,2
2,13,2,27,0.05,2,3,2,1,0,322.76,0,10,1,1,2,2,10,1,1,3,3
2,13,2,28,0.2,3,3,2,2,1,225.12,1,17,1,3,3,1,11,3,3,1,1
2,13,2,29,0.2,3,3,2,2,1,248.45,1,2,1,3,3,1,19,1,1,3,3
2,13,2,30,0.8,2,1,2,2,1,204,1,6,1,3,2,2,7,3,3,3,3
2,13,2,31,0.8,1,3,1,2,0,228.55,1,4,1,1,1,1,7,3,3,1,1
2,13,2,32,1.8,1,1,1,1,1,254.72,1,4,1,1,1,1,17,1,3,1,3
2,13,2,33,0.05,1,1,1,2,0,286.6,1,12,1,1,1,1,7,1,3,1,3
2,13,2,34,0.4,1,2,1,1,1,219.13,1,16,1,3,1,3,9,3,1,2,2
2,13,2,35,0.2,2,1,2,2,1,315.46,0,10,3,3,2,2,18,1,1,1,1
2,13,2,36,0.4,2,1,2,2,1,207.8,1,11,1,1,2,2,9,1,3,1,3
2,13,2,37,0.1,2,2,2,2,1,285.53,1,2,3,1,2,2,7,3,1,2,2
2,13,2,38,0.05,3,3,2,2,1,301.96,0,16,1,3,3,1,16,1,1,3,3
2,13,2,39,0.4,3,3,2,2,1,244.86,1,9,3,1,1,3,19,3,1,1,3
2,13,2,40,1.8,3,1,2,2,1,199.34,1,8,3,3,1,1,20,3,1,3,1
2,13,2,41,0.1,2,2,2,2,1,264.66,1,20,1,1,2,2,16,1,3,2,2
2,13,2,42,0.05,2,2,2,2,1,289.34,1,20,1,3,2,2,6,1,3,2,2
2,13,2,43,1.8,1,2,1,1,1,192,1,3,1,3,1,3,8,3,1,2,2
2,13,2,44,1.8,1,1,NaN,NaN,NaN,NaN,NaN,19,3,1,3,1,15,1,1,1,1
2,13,2,45,0.1,1,3,1,1,1,272.01,1,20,1,3,1,3,1,1,1,3,3
2,13,2,46,0.2,2,3,2,1,0,258.79,1,12,1,3,2,2,8,1,1,3,3
2,13,2,47,0.8,1,1,1,1,1,207.01,1,1,1,3,1,3,3,1,1,1,1
2,13,2,48,0.2,3,3,2,2,1,267.03,1,10,3,3,1,1,5,1,3,3,1
2,13,2,49,0.8,2,1,2,2,1,204.96,1,11,3,3,2,2,4,1,3,1,3
2,13,2,50,0.4,2,3,2,2,1,278.44,1,10,3,3,2,2,16,3,1,1,3
2,13,2,51,0.2,1,3,1,2,0,290.47,1,3,3,3,3,3,11,1,1,3,3
2,13,2,52,0.05,1,2,1,1,1,280.14,1,10,1,3,1,3,5,1,1,2,2
2,13,2,53,0.8,1,1,1,1,1,198.34,1,17,1,1,1,1,9,1,1,1,1
2,13,2,54,0.1,3,2,2,2,1,238.71,1,7,3,1,1,3,14,1,3,2,2
2,13,2,55,0.1,1,1,1,1,1,202.44,1,13,3,3,3,3,8,1,3,1,3
2,13,2,56,0.05,2,1,2,2,1,319.31,0,20,1,1,2,2,19,3,3,3,3
2,13,2,57,0.2,2,3,2,2,1,270.05,1,2,3,1,2,2,19,3,3,1,1
2,13,2,58,0.05,2,2,2,1,0,366.29,0,20,1,1,2,2,13,1,3,2,2
2,13,2,59,1.8,2,3,2,2,1,185.16,1,20,1,1,2,2,5,3,1,1,3
2,13,2,60,0.05,2,1,2,2,1,320.05,0,13,1,1,2,2,14,1,1,1,1
2,13,2,61,0.8,3,3,2,2,1,301.08,0,14,1,3,3,1,17,1,3,3,1
2,13,2,62,0.4,3,3,2,2,1,256.84,1,11,3,3,1,1,9,3,1,1,3
2,13,2,63,0.2,3,2,2,2,1,203.88,1,1,1,1,3,3,1,3,3,2,2
2,13,2,64,0.2,3,3,2,2,1,231.27,1,4,1,3,3,1,3,1,3,3,1
2,13,2,65,1.8,1,2,1,1,1,205.36,1,7,1,3,1,3,13,3,1,2,2
2,13,2,66,1.8,2,3,2,2,1,196.03,1,1,3,1,2,2,6,1,3,3,1
2,13,2,67,1.8,2,1,2,1,0,195.7,1,6,3,1,2,2,17,3,3,3,3
2,13,2,68,0.1,2,2,2,2,1,264.63,1,10,3,3,2,2,9,3,1,2,2
2,13,2,69,0.1,3,2,2,2,1,263.39,1,16,1,3,3,1,4,1,1,2,2
2,13,2,70,0.2,2,2,2,2,1,288.59,1,10,1,1,2,2,16,3,1,2,2
2,13,2,71,0.4,3,2,2,2,1,207.96,1,1,3,1,1,3,16,3,1,2,2
2,13,2,72,0.1,3,1,2,2,1,288.29,1,14,1,1,3,3,19,3,1,3,1
2,13,2,73,0.05,1,1,1,1,1,327.88,0,19,3,3,3,3,20,3,3,3,3
2,13,2,74,0.4,1,3,1,1,1,164.41,1,15,1,3,1,3,18,3,3,1,1
2,13,2,75,0.05,2,1,2,2,1,281.84,1,1,3,3,2,2,12,3,3,3,3
2,13,2,76,0.8,1,3,1,1,1,226.3,1,14,3,3,3,3,7,1,3,3,1
2,13,2,77,0.1,1,1,1,1,1,247.52,1,17,3,3,3,3,2,1,3,1,3
2,13,2,78,0.8,1,1,1,1,1,201.67,1,11,1,3,1,3,5,3,1,3,1
2,13,3,1,0.8,3,3,2,2,1,195.97,1,9,3,1,1,3,10,1,3,3,1
2,13,3,2,0.05,1,1,1,1,1,275.79,1,8,3,3,3,3,20,3,3,3,3
2,13,3,3,0.1,1,3,1,2,0,242,1,10,3,1,3,1,12,1,1,3,3
2,13,3,4,0.2,3,3,2,2,1,375.53,0,4,1,3,3,1,12,3,3,1,1
2,13,3,5,1.8,1,3,1,1,1,205.26,1,19,1,3,1,3,5,3,1,1,3
2,13,3,6,0.8,3,3,2,2,1,204.96,1,18,3,1,1,3,10,3,3,1,1
2,13,3,7,0.1,3,3,2,2,1,219.21,1,10,3,1,1,3,5,3,3,1,1
2,13,3,8,0.05,1,1,1,1,1,264.72,1,9,1,3,1,3,5,1,1,1,1
2,13,3,9,0.8,1,2,1,1,1,195.83,1,6,1,3,1,3,15,3,3,2,2
2,13,3,10,0.2,1,2,1,1,1,196.68,1,3,1,1,1,1,10,3,3,2,2
2,13,3,11,0.2,2,3,2,2,1,194.21,1,20,3,1,2,2,2,1,3,3,1
2,13,3,12,0.4,2,2,2,2,1,272.21,1,4,1,1,2,2,17,3,1,2,2
2,13,3,13,0.2,1,2,1,1,1,249,1,4,3,1,3,1,9,3,1,2,2
2,13,3,14,0.2,1,1,1,1,1,287.09,1,18,3,1,3,1,8,1,1,1,1
2,13,3,15,0.8,1,3,1,1,1,223.65,1,6,3,1,3,1,13,1,3,3,1
2,13,3,16,1.8,1,1,1,1,1,182.6,1,12,1,3,1,3,14,3,1,3,1
2,13,3,17,1.8,1,2,1,1,1,226.56,1,3,1,3,1,3,20,1,3,2,2
2,13,3,18,0.05,2,3,2,2,1,267.67,1,13,1,3,2,2,15,3,3,1,1
2,13,3,19,0.4,3,2,NaN,NaN,NaN,NaN,NaN,13,1,1,3,3,6,1,3,2,2
2,13,3,20,0.2,3,3,2,1,0,244.39,1,12,1,1,3,3,14,3,1,1,3
2,13,3,21,0.2,1,3,1,1,1,255.97,1,5,3,3,3,3,15,3,3,1,1
2,13,3,22,1.8,2,1,NaN,NaN,NaN,NaN,NaN,12,3,3,2,2,3,3,3,3,3
2,13,3,23,0.4,1,3,1,1,1,283.48,1,1,3,1,3,1,7,1,3,3,1
2,13,3,24,0.1,3,3,2,2,1,247.56,1,4,3,1,1,3,9,3,1,1,3
2,13,3,25,0.1,3,1,2,2,1,362.3,0,4,1,1,3,3,17,3,1,3,1
2,13,3,26,0.1,1,2,1,2,0,328.74,0,9,3,1,3,1,7,1,1,2,2
2,13,3,27,1.8,1,2,1,1,1,190.25,1,15,3,3,3,3,4,3,3,2,2
2,13,3,28,0.8,1,1,1,2,0,250.95,1,20,3,3,3,3,19,3,1,3,1
2,13,3,29,0.05,3,2,2,2,1,323.15,0,4,1,3,3,1,20,3,1,2,2
2,13,3,30,1.8,1,1,1,2,0,173.29,1,19,3,1,3,1,5,3,1,3,1
2,13,3,31,0.2,2,1,2,2,1,242.2,1,2,3,3,2,2,6,3,1,3,1
2,13,3,32,0.4,3,1,2,2,1,248.16,1,13,3,1,1,3,5,3,3,3,3
2,13,3,33,0.05,1,1,1,1,1,272.22,1,4,1,1,1,1,16,1,1,1,1
2,13,3,34,0.8,1,1,1,1,1,188.65,1,2,3,1,3,1,1,1,3,1,3
2,13,3,35,0.2,2,3,2,2,1,253.24,1,12,3,1,2,2,1,1,1,3,3
2,13,3,36,0.8,3,2,2,2,1,241.86,1,8,3,1,1,3,7,1,1,2,2
2,13,3,37,0.1,1,3,1,2,0,235.69,1,12,3,1,3,1,6,1,1,3,3
2,13,3,38,0.1,1,3,1,2,0,256.46,1,8,1,1,1,1,19,1,1,3,3
2,13,3,39,0.05,2,2,2,2,1,245.73,1,6,3,1,2,2,13,3,1,2,2
2,13,3,40,0.1,3,2,2,2,1,241.72,1,14,1,1,3,3,16,1,3,2,2
2,13,3,41,0.4,1,1,1,1,1,201.11,1,4,3,1,3,1,5,1,3,1,3
2,13,3,42,0.4,2,2,2,2,1,206.46,1,9,1,1,2,2,8,1,1,2,2
2,13,3,43,0.05,2,1,2,2,1,263.92,1,13,3,1,2,2,2,1,1,1,1
2,13,3,44,0.4,1,2,1,1,1,242.26,1,2,3,3,3,3,5,1,1,2,2
2,13,3,45,1.8,1,3,1,1,1,174.67,1,17,1,3,1,3,16,3,1,1,3
2,13,3,46,0.1,1,1,1,2,0,259.54,1,9,3,1,3,1,8,1,1,1,1
2,13,3,47,1.8,2,1,2,2,1,187.04,1,11,3,1,2,2,9,3,1,3,1
2,13,3,48,0.4,1,1,1,1,1,266.37,1,10,1,1,1,1,20,1,1,1,1
2,13,3,49,0.1,1,1,1,1,1,260.43,1,13,1,3,1,3,6,1,3,1,3
2,13,3,50,0.4,1,1,1,1,1,263.79,1,1,1,1,1,1,13,1,3,1,3
2,13,3,51,0.8,1,1,1,1,1,216.75,1,10,3,1,3,1,11,3,3,3,3
2,13,3,52,0.05,1,3,1,2,0,337.12,0,11,3,3,3,3,8,1,1,3,3
2,13,3,53,0.8,3,2,2,2,1,208.71,1,8,3,3,1,1,4,3,1,2,2
2,13,3,54,0.05,2,1,2,1,0,296.9,1,12,3,3,2,2,5,3,3,3,3
2,13,3,55,0.2,1,1,1,1,1,239.84,1,14,1,1,1,1,11,3,3,3,3
2,13,3,56,0.8,2,3,2,1,0,223.81,1,1,1,1,2,2,9,3,1,1,3
2,13,3,57,0.2,1,3,1,1,1,272.94,1,20,1,3,1,3,18,3,1,1,3
2,13,3,58,0.8,1,1,1,2,0,242.93,1,20,3,1,3,1,7,1,1,1,1
2,13,3,59,1.8,1,1,1,1,1,203.5,1,6,1,3,1,3,17,3,1,3,1
2,13,3,60,1.8,1,1,1,1,1,194.44,1,6,1,1,1,1,5,3,1,3,1
2,13,3,61,0.8,1,1,1,1,1,222.23,1,15,3,3,3,3,4,3,3,3,3
2,13,3,62,0.1,3,1,2,2,1,271.93,1,14,1,1,3,3,13,3,1,3,1
2,13,3,63,0.05,2,1,2,2,1,304.59,0,9,1,1,2,2,19,1,1,1,1
2,13,3,64,0.05,1,3,1,2,0,314.05,0,1,3,3,3,3,2,1,3,3,1
2,13,3,65,0.4,1,3,1,2,0,299.22,1,16,3,3,3,3,6,1,3,3,1
2,13,3,66,1.8,3,3,2,2,1,190.16,1,2,3,1,1,3,11,3,3,1,1
2,13,3,67,0.4,3,3,2,2,1,250.42,1,9,1,1,3,3,12,1,3,3,1
2,13,3,68,0.4,3,3,2,2,1,263.79,1,8,1,3,3,1,1,3,3,1,1
2,13,3,69,0.4,1,3,1,1,1,241.9,1,4,1,1,1,1,13,1,3,3,1
2,13,3,70,0.1,2,1,2,2,1,275.07,1,1,1,3,2,2,12,1,3,1,3
2,13,3,71,0.2,3,1,2,2,1,208.7,1,7,3,3,1,1,3,1,3,1,3
2,13,3,72,0.2,1,1,1,1,1,216.19,1,14,1,1,1,1,19,3,1,3,1
2,13,3,73,0.1,3,3,2,2,1,260.87,1,2,1,3,3,1,18,3,1,1,3
2,13,3,74,1.8,3,3,2,2,1,243.36,1,8,1,3,3,1,6,1,3,3,1
2,13,3,75,0.05,1,3,1,1,1,300.89,0,15,1,3,1,3,14,1,3,3,1
2,13,3,76,0.8,3,3,2,2,1,238.1,1,6,1,1,3,3,15,3,1,1,3
2,13,3,77,0.05,3,3,2,2,1,265.17,1,18,1,1,3,3,11,1,3,3,1
2,13,3,78,1.8,2,1,2,2,1,191.71,1,4,3,1,2,2,13,3,1,3,1
2,13,4,1,0.8,1,2,1,1,1,209.32,1,7,1,3,1,3,6,3,3,2,2
2,13,4,2,0.8,1,1,1,1,1,209.52,1,7,1,1,1,1,17,3,1,3,1
2,13,4,3,0.05,1,3,1,2,0,359.32,0,11,1,3,1,3,10,3,1,1,3
2,13,4,4,1.8,2,2,2,2,1,267.44,1,9,1,1,2,2,12,3,1,2,2
2,13,4,5,0.05,2,3,2,2,1,277.82,1,7,3,3,2,2,19,1,3,3,1
2,13,4,6,0.2,2,1,2,2,1,349,0,7,1,3,2,2,1,1,1,1,1
2,13,4,7,1.8,3,3,2,2,1,210.06,1,17,1,1,3,3,7,3,1,1,3
2,13,4,8,0.8,1,3,1,2,0,227.12,1,19,3,3,3,3,9,1,3,3,1
2,13,4,9,0.8,1,2,1,1,1,213.49,1,6,1,3,1,3,13,3,1,2,2
2,13,4,10,0.8,2,2,2,2,1,199.3,1,20,3,1,2,2,3,3,1,2,2
2,13,4,11,0.1,3,2,2,2,1,313.61,0,15,1,1,3,3,20,3,3,2,2
2,13,4,12,0.8,2,1,2,1,0,264.6,1,15,1,3,2,2,2,1,1,1,1
2,13,4,13,1.8,1,1,1,1,1,209.31,1,6,1,1,1,1,6,1,3,1,3
2,13,4,14,0.8,3,1,2,2,1,235.77,1,7,1,1,3,3,19,1,3,1,3
2,13,4,15,0.4,1,2,1,1,1,216.61,1,6,1,1,1,1,3,1,1,2,2
2,13,4,16,1.8,1,2,1,2,0,188.06,1,13,1,3,1,3,16,3,1,2,2
2,13,4,17,0.05,2,3,2,1,0,331.12,0,16,1,1,2,2,9,3,1,1,3
2,13,4,18,0.2,1,2,1,1,1,245.44,1,3,3,1,3,1,16,3,3,2,2
2,13,4,19,0.4,1,1,1,1,1,289.27,1,18,1,1,1,1,16,3,1,3,1
2,13,4,20,0.2,1,1,1,2,0,209.29,1,10,3,1,3,1,7,1,1,1,1
2,13,4,21,0.4,2,1,2,2,1,259.99,1,2,3,3,2,2,7,3,3,3,3
2,13,4,22,1.8,1,2,NaN,NaN,NaN,NaN,NaN,2,1,1,1,1,18,3,1,2,2
2,13,4,23,0.1,1,2,1,2,0,376.26,0,19,1,1,1,1,15,1,3,2,2
2,13,4,24,0.1,3,2,2,2,1,255.12,1,20,1,1,3,3,4,3,1,2,2
2,13,4,25,0.05,3,3,2,2,1,288.5,1,8,1,3,3,1,17,3,3,1,1
2,13,4,26,0.4,1,3,1,1,1,368.91,0,1,1,1,1,1,10,3,1,1,3
2,13,4,27,0.4,1,3,1,1,1,197.34,1,11,1,3,1,3,5,3,1,1,3
2,13,4,28,0.05,1,1,1,1,1,269.06,1,12,1,1,1,1,5,3,1,3,1
2,13,4,29,0.05,3,3,2,2,1,310.84,0,16,3,3,1,1,13,3,3,1,1
2,13,4,30,0.1,2,3,2,1,0,281.18,1,12,3,1,2,2,13,1,1,3,3
2,13,4,31,1.8,1,2,1,1,1,205.95,1,17,1,3,1,3,6,1,3,2,2
2,13,4,32,0.1,2,3,2,2,1,263.56,1,11,1,3,2,2,20,1,3,3,1
2,13,4,33,0.2,1,1,1,1,1,274.22,1,3,3,1,3,1,11,1,3,1,3
2,13,4,34,0.4,1,1,1,1,1,276.18,1,15,1,3,1,3,16,3,1,3,1
2,13,4,35,0.05,1,3,1,1,1,294.71,1,17,1,1,1,1,19,3,1,1,3
2,13,4,36,0.1,2,1,2,2,1,295.48,1,11,3,1,2,2,14,1,3,1,3
2,13,4,37,1.8,1,3,NaN,NaN,NaN,NaN,NaN,19,3,3,3,3,17,3,3,1,1
2,13,4,38,0.1,1,3,1,1,1,264.51,1,12,1,1,1,1,18,3,1,1,3
2,13,4,39,0.2,1,3,1,1,1,255.97,1,14,3,1,3,1,15,3,3,1,1
2,13,4,40,0.8,1,1,1,1,1,265.3,1,16,3,1,3,1,9,1,3,1,3
2,13,4,41,0.8,1,1,1,1,1,231.61,1,16,3,3,3,3,16,1,3,1,3
2,13,4,42,0.1,2,1,2,2,1,259.25,1,17,3,1,2,2,5,1,1,1,1
2,13,4,43,0.2,2,2,2,2,1,257.79,1,10,3,1,2,2,9,1,1,2,2
2,13,4,44,0.1,2,1,2,2,1,261.17,1,11,1,1,2,2,15,3,1,3,1
2,13,4,45,0.2,1,2,1,1,1,260.3,1,20,3,3,3,3,9,1,3,2,2
2,13,4,46,0.2,1,1,1,1,1,340.94,0,19,3,3,3,3,8,3,3,3,3
2,13,4,47,0.2,1,2,1,1,1,174.49,1,12,3,1,3,1,6,3,3,2,2
2,13,4,48,1.8,1,1,1,1,1,234.22,1,20,3,1,3,1,17,1,1,1,1
2,13,4,49,0.8,2,2,2,2,1,233.4,1,17,3,3,2,2,10,1,3,2,2
2,13,4,50,1.8,3,2,2,2,1,206.66,1,7,3,1,1,3,2,1,3,2,2
2,13,4,51,1.8,2,1,2,2,1,222.19,1,16,3,1,2,2,6,3,1,3,1
2,13,4,52,0.8,3,2,2,2,1,230.94,1,14,1,3,3,1,11,1,3,2,2
2,13,4,53,0.05,3,2,2,2,1,282.85,1,20,3,1,1,3,6,1,3,2,2
2,13,4,54,0.4,2,1,2,1,0,272.72,1,12,1,1,2,2,9,3,3,3,3
2,13,4,55,0.05,3,1,2,2,1,275.12,1,7,1,3,3,1,12,3,3,3,3
2,13,4,56,0.8,3,2,2,2,1,227.54,1,14,3,3,1,1,4,1,3,2,2
2,13,4,57,0.1,1,1,1,1,1,289.69,1,5,1,1,1,1,13,1,1,1,1
2,13,4,58,0.05,1,2,1,1,1,283.36,1,1,1,1,1,1,9,3,3,2,2
2,13,4,59,0.4,1,1,1,1,1,274.87,1,5,1,3,1,3,15,1,1,1,1
2,13,4,60,0.1,1,1,1,2,0,312.54,0,18,1,1,1,1,6,3,1,3,1
2,13,4,61,1.8,1,3,1,1,1,209.13,1,14,1,1,1,1,5,1,1,3,3
2,13,4,62,1.8,1,1,1,1,1,261.49,1,13,3,3,3,3,20,3,1,3,1
2,13,4,63,0.2,2,1,2,1,0,305.25,0,13,1,3,2,2,2,1,1,1,1
2,13,4,64,0.4,2,2,2,2,1,215.86,1,8,1,3,2,2,7,3,3,2,2
2,13,4,65,0.4,1,3,1,2,0,304.5,0,17,3,1,3,1,1,3,1,1,3
2,13,4,66,0.4,1,3,1,2,0,245.69,1,20,3,3,3,3,2,1,1,3,3
2,13,4,67,0.05,1,3,1,2,0,332.1,0,20,1,1,1,1,8,3,3,1,1
2,13,4,68,0.2,2,1,2,1,0,237.67,1,15,3,3,2,2,13,3,3,3,3
2,13,4,69,0.4,1,3,1,1,1,211.01,1,5,1,3,1,3,19,1,1,3,3
2,13,4,70,0.8,3,3,2,2,1,232.03,1,5,3,3,1,1,16,1,3,3,1
2,13,4,71,1.8,1,3,1,1,1,198.16,1,6,1,1,1,1,13,1,1,3,3
2,13,4,72,0.1,1,2,1,1,1,254.26,1,18,1,1,1,1,5,3,1,2,2
2,13,4,73,0.4,2,2,2,2,1,271.65,1,9,3,1,2,2,9,3,1,2,2
2,13,4,74,0.05,2,2,2,2,1,358.91,0,17,3,1,2,2,7,1,3,2,2
2,13,4,75,0.2,2,1,2,1,0,299.74,1,8,1,1,2,2,19,1,3,1,3
2,13,4,76,0.1,1,1,1,1,1,209.28,1,19,1,1,1,1,14,1,3,1,3
2,13,4,77,0.2,3,1,2,2,1,265.14,1,10,1,1,3,3,19,3,1,3,1
2,13,4,78,0.05,1,1,1,1,1,243.57,1,15,3,3,3,3,12,3,1,3,1
2,13,5,1,0.4,3,3,2,2,1,245.06,1,2,3,3,1,1,18,3,1,1,3
2,13,5,2,0.1,1,3,1,2,0,294.11,1,19,3,1,3,1,11,1,1,3,3
2,13,5,3,0.2,3,1,2,2,1,203.87,1,17,1,3,3,1,8,3,1,3,1
2,13,5,4,0.8,1,1,1,1,1,213.18,1,7,3,3,3,3,5,3,3,3,3
2,13,5,5,0.1,3,1,2,2,1,223.86,1,11,3,1,1,3,2,3,1,3,1
2,13,5,6,0.4,3,3,2,2,1,211.11,1,11,3,1,1,3,18,1,3,3,1
2,13,5,7,0.2,3,3,2,2,1,185.83,1,6,1,3,3,1,10,1,3,3,1
2,13,5,8,0.4,1,2,1,1,1,264.48,1,7,3,1,3,1,7,3,3,2,2
2,13,5,9,0.8,2,1,2,2,1,210.48,1,9,3,3,2,2,19,1,3,1,3
2,13,5,10,0.8,1,1,1,1,1,261.91,1,8,3,3,3,3,20,1,1,1,1
2,13,5,11,0.4,2,2,2,2,1,328.48,0,2,1,1,2,2,1,1,1,2,2
2,13,5,12,0.2,3,2,2,2,1,277.6,1,1,3,1,1,3,16,3,3,2,2
2,13,5,13,0.4,1,3,1,2,0,203.27,1,11,1,1,1,1,19,3,1,1,3
2,13,5,14,0.8,3,1,NaN,NaN,NaN,NaN,NaN,3,3,1,1,3,16,1,1,1,1
2,13,5,15,0.4,2,1,2,1,0,268.81,1,15,3,1,2,2,2,1,3,1,3
2,13,5,16,0.2,2,3,2,2,1,253.41,1,5,3,1,2,2,3,3,3,1,1
2,13,5,17,0.8,2,3,2,2,1,215.31,1,12,1,1,2,2,12,1,3,3,1
2,13,5,18,0.1,3,1,2,2,1,304.82,0,17,1,3,3,1,20,3,1,3,1
2,13,5,19,0.1,2,3,2,2,1,311.96,0,7,3,1,2,2,1,3,1,1,3
2,13,5,20,0.8,1,1,1,1,1,245.25,1,20,1,1,1,1,5,1,3,1,3
2,13,5,21,0.05,2,3,2,2,1,264.18,1,16,1,1,2,2,10,3,1,1,3
2,13,5,22,0.4,2,2,2,2,1,262.41,1,2,1,3,2,2,9,3,1,2,2
2,13,5,23,0.2,2,2,2,2,1,232.36,1,19,3,1,2,2,11,3,1,2,2
2,13,5,24,0.05,1,2,1,1,1,301.07,0,3,1,1,1,1,13,3,1,2,2
2,13,5,25,0.1,1,1,1,1,1,209.32,1,4,3,1,3,1,12,1,1,1,1
2,13,5,26,0.2,1,1,1,1,1,190.22,1,4,3,1,3,1,20,3,3,3,3
2,13,5,27,1.8,1,2,1,1,1,208.4,1,5,1,1,1,1,1,3,3,2,2
2,13,5,28,1.8,3,2,2,2,1,252.1,1,7,1,1,3,3,2,3,3,2,2
2,13,5,29,0.2,2,1,2,1,0,263.32,1,13,1,3,2,2,16,1,1,1,1
2,13,5,30,0.8,3,1,2,2,1,249.84,1,5,3,1,1,3,1,1,1,1,1
2,13,5,31,0.4,1,1,1,1,1,300.19,0,8,3,1,3,1,13,1,3,1,3
2,13,5,32,0.2,1,1,1,1,1,160.89,1,7,1,1,1,1,17,1,3,1,3
2,13,5,33,0.2,2,1,2,2,1,219.84,1,5,3,1,2,2,10,1,1,1,1
2,13,5,34,0.1,1,2,1,1,1,223.62,1,8,1,3,1,3,9,3,3,2,2
2,13,5,35,0.2,1,3,1,1,1,255.73,1,3,1,1,1,1,4,1,1,3,3
2,13,5,36,0.1,1,1,1,1,1,222.18,1,4,3,1,3,1,6,3,1,3,1
2,13,5,37,0.8,3,3,NaN,NaN,NaN,NaN,NaN,14,1,1,3,3,12,3,3,1,1
2,13,5,38,0.05,1,1,1,1,1,254.54,1,7,1,3,1,3,9,1,1,1,1
2,13,5,39,0.05,1,3,1,2,0,273.01,1,3,3,3,3,3,7,1,1,3,3
2,13,5,40,1.8,1,2,1,1,1,220.62,1,18,3,3,3,3,2,3,3,2,2
2,13,5,41,0.1,1,2,1,1,1,261.79,1,12,1,1,1,1,19,1,3,2,2
2,13,5,42,0.05,2,3,2,2,1,336.11,0,13,3,3,2,2,7,1,3,3,1
2,13,5,43,0.8,1,1,1,1,1,279.06,1,15,3,1,3,1,8,3,3,3,3
2,13,5,44,0.1,2,2,2,2,1,293.25,1,3,1,1,2,2,20,3,3,2,2
2,13,5,45,0.05,2,1,2,2,1,414.23,0,16,1,3,2,2,13,1,1,1,1
2,13,5,46,0.05,1,1,1,2,0,317.11,0,17,1,3,1,3,8,1,3,1,3
2,13,5,47,0.2,1,2,1,1,1,171.55,1,14,3,1,3,1,12,3,1,2,2
2,13,5,48,0.8,1,1,1,1,1,213.11,1,18,3,1,3,1,7,3,1,3,1
2,13,5,49,0.4,2,2,2,2,1,277.23,1,13,3,3,2,2,4,3,1,2,2
2,13,5,50,1.8,2,1,NaN,NaN,NaN,NaN,NaN,15,3,3,2,2,4,3,1,3,1
2,13,5,51,0.1,2,1,2,2,1,309.75,0,9,1,1,2,2,9,1,1,1,1
2,13,5,52,0.05,3,1,2,2,1,259.1,1,15,3,3,1,1,11,1,1,1,1
2,13,5,53,1.8,1,3,1,1,1,222.16,1,2,3,3,3,3,15,1,1,3,3
2,13,5,54,0.2,2,2,2,2,1,271,1,4,1,3,2,2,9,3,3,2,2
2,13,5,55,0.1,1,3,1,1,1,283.17,1,7,3,3,3,3,15,1,1,3,3
2,13,5,56,0.05,2,2,2,2,1,321.03,0,13,3,3,2,2,3,1,1,2,2
2,13,5,57,1.8,1,2,1,1,1,174.7,1,8,3,1,3,1,16,3,3,2,2
2,13,5,58,0.05,2,3,2,2,1,258.27,1,2,3,3,2,2,12,3,1,1,3
2,13,5,59,0.4,3,1,2,2,1,236.56,1,17,1,3,3,1,16,3,1,3,1
2,13,5,60,0.4,1,3,1,1,1,217.15,1,6,1,1,1,1,15,1,1,3,3
2,13,5,61,1.8,3,2,2,2,1,212.45,1,10,3,1,1,3,8,1,1,2,2
2,13,5,62,0.4,1,3,1,1,1,228.47,1,11,3,1,3,1,7,3,3,1,1
2,13,5,63,1.8,3,2,2,2,1,209.43,1,9,1,1,3,3,20,1,1,2,2
2,13,5,64,1.8,2,2,2,1,0,220.62,1,2,1,1,2,2,15,1,3,2,2
2,13,5,65,0.05,1,2,1,1,1,291.86,1,12,1,3,1,3,14,3,1,2,2
2,13,5,66,1.8,1,3,1,1,1,209.78,1,4,3,3,3,3,5,1,3,3,1
2,13,5,67,0.2,2,3,2,2,1,228.21,1,16,1,3,2,2,11,1,3,3,1
2,13,5,68,0.8,2,3,2,1,0,231.46,1,10,1,3,2,2,4,3,3,1,1
2,13,5,69,0.1,3,1,2,2,1,265.66,1,6,3,3,1,1,2,1,3,1,3
2,13,5,70,0.05,1,2,1,1,1,301.02,0,5,1,3,1,3,10,1,3,2,2
2,13,5,71,0.1,1,2,1,1,1,319.38,0,13,3,1,3,1,11,1,1,2,2
2,13,5,72,0.05,1,2,1,1,1,252.62,1,14,1,3,1,3,14,1,1,2,2
2,13,5,73,1.8,1,2,NaN,NaN,NaN,NaN,NaN,3,1,3,1,3,18,3,3,2,2
2,13,5,74,0.8,1,3,1,1,1,224.33,1,2,3,3,3,3,18,3,1,1,3
2,13,5,75,0.8,2,2,2,1,0,207.09,1,1,1,1,2,2,3,1,3,2,2
2,13,5,76,1.8,1,1,1,1,1,179.46,1,2,3,3,3,3,10,3,3,3,3
2,13,5,77,0.4,3,2,2,2,1,295.06,1,1,1,1,3,3,1,3,1,2,2
2,13,5,78,1.8,2,1,2,1,0,210.44,1,8,1,1,2,2,2,3,1,3,1
2,13,6,1,0.05,1,2,1,2,0,224.49,1,14,1,1,1,1,12,1,3,2,2
2,13,6,2,1.8,1,3,1,1,1,40.7,2,17,1,3,1,3,2,1,3,3,1
2,13,6,3,0.05,1,2,1,1,1,262.71,1,15,1,3,1,3,14,3,3,2,2
2,13,6,4,1.8,1,3,1,1,1,220.9,1,17,3,3,3,3,19,1,3,3,1
2,13,6,5,0.8,1,1,1,1,1,229.17,1,4,1,3,1,3,15,3,3,3,3
2,13,6,6,0.1,1,2,1,1,1,233.31,1,14,3,1,3,1,8,1,1,2,2
2,13,6,7,0.8,2,1,2,1,0,220.53,1,2,3,1,2,2,15,1,3,1,3
2,13,6,8,0.4,1,2,1,2,0,275.05,1,19,3,1,3,1,12,3,1,2,2
2,13,6,9,0.8,1,1,1,1,1,232.9,1,2,3,1,3,1,7,1,3,1,3
2,13,6,10,0.1,3,2,2,2,1,257.75,1,14,1,1,3,3,16,1,3,2,2
2,13,6,11,0.4,1,1,1,1,1,268.72,1,2,3,1,3,1,13,1,1,1,1
2,13,6,12,0.05,1,3,1,1,1,267.38,1,16,1,3,1,3,4,1,3,3,1
2,13,6,13,0.1,1,2,1,1,1,262.88,1,11,1,3,1,3,8,1,1,2,2
2,13,6,14,0.05,1,1,1,2,0,246.23,1,15,3,1,3,1,1,1,3,1,3
2,13,6,15,0.4,2,3,2,2,1,253.8,1,2,1,3,2,2,11,1,3,3,1
2,13,6,16,0.4,1,2,1,1,1,212.19,1,6,3,3,3,3,10,1,1,2,2
2,13,6,17,0.2,2,1,2,2,1,305.45,0,19,1,3,2,2,16,1,3,1,3
2,13,6,18,0.05,1,1,1,1,1,253.93,1,17,3,1,3,1,14,1,3,1,3
2,13,6,19,0.4,1,2,1,1,1,201.34,1,9,3,3,3,3,8,3,1,2,2
2,13,6,20,0.8,3,3,2,2,1,192.8,1,16,3,1,1,3,7,3,3,1,1
2,13,6,21,0.1,3,1,2,2,1,245.16,1,3,3,3,1,1,3,1,3,1,3
2,13,6,22,0.2,1,3,1,1,1,215.76,1,5,3,1,3,1,11,3,3,1,1
2,13,6,23,0.8,3,3,2,2,1,200.86,1,17,1,3,3,1,9,1,3,3,1
2,13,6,24,1.8,1,3,1,1,1,228.21,1,11,1,3,1,3,2,3,3,1,1
2,13,6,25,0.05,3,3,2,2,1,307.76,0,10,1,1,3,3,12,3,3,1,1
2,13,6,26,0.1,1,2,1,2,0,311.28,0,15,1,3,1,3,7,3,1,2,2
2,13,6,27,0.2,2,1,2,2,1,227.7,1,19,3,1,2,2,15,3,3,3,3
2,13,6,28,1.8,1,2,1,1,1,214.99,1,9,1,1,1,1,15,3,1,2,2
2,13,6,29,0.05,2,2,2,1,0,278.91,1,2,3,1,2,2,15,3,3,2,2
2,13,6,30,1.8,3,2,2,2,1,255.68,1,18,3,3,1,1,4,3,1,2,2
2,13,6,31,0.2,2,3,2,2,1,303.61,0,13,1,3,2,2,3,1,3,3,1
2,13,6,32,0.1,2,3,2,2,1,266.06,1,7,3,3,2,2,11,1,3,3,1
2,13,6,33,0.8,1,3,1,1,1,240.32,1,10,1,1,1,1,10,1,1,3,3
2,13,6,34,0.4,1,2,1,1,1,281.05,1,10,3,1,3,1,19,3,3,2,2
2,13,6,35,0.1,1,1,1,1,1,314.62,0,8,3,3,3,3,12,1,3,1,3
2,13,6,36,0.2,2,2,2,2,1,249.68,1,4,3,1,2,2,18,3,3,2,2
2,13,6,37,0.8,1,1,1,1,1,219.31,1,9,1,1,1,1,10,1,1,1,1
2,13,6,38,0.8,1,2,1,1,1,220.39,1,3,3,3,3,3,20,3,1,2,2
2,13,6,39,0.05,3,2,2,2,1,276.95,1,15,1,1,3,3,2,3,3,2,2
2,13,6,40,1.8,2,3,2,1,0,198.67,1,6,3,1,2,2,10,3,1,1,3
2,13,6,41,0.1,3,1,2,2,1,258.55,1,3,1,3,3,1,10,3,1,3,1
2,13,6,42,0.2,2,1,2,2,1,279.15,1,10,3,1,2,2,15,3,3,3,3
2,13,6,43,0.2,1,1,1,1,1,261.87,1,11,3,1,3,1,11,1,1,1,1
2,13,6,44,0.8,2,1,2,1,0,220.32,1,1,3,1,2,2,14,1,1,1,1
2,13,6,45,0.4,1,1,1,1,1,224.82,1,1,3,1,3,1,10,3,3,3,3
2,13,6,46,1.8,1,3,1,1,1,249.68,1,16,1,1,1,1,20,3,1,1,3
2,13,6,47,0.8,3,1,2,2,1,229.23,1,7,1,3,3,1,10,1,1,1,1
2,13,6,48,1.8,1,2,1,1,1,223.73,1,16,3,1,3,1,12,3,3,2,2
2,13,6,49,0.1,2,2,2,1,0,266,1,3,3,1,2,2,7,3,1,2,2
2,13,6,50,0.4,3,1,2,2,1,229.48,1,7,1,3,3,1,15,3,3,3,3
2,13,6,51,0.2,1,1,1,1,1,209.34,1,18,3,3,3,3,13,3,1,3,1
2,13,6,52,0.2,3,3,2,2,1,256.94,1,18,3,3,1,1,11,3,3,1,1
2,13,6,53,0.05,1,3,1,2,0,270.26,1,5,1,1,1,1,9,1,3,3,1
2,13,6,54,0.05,3,1,2,2,1,1021,0,4,1,3,3,1,1,1,1,1,1
2,13,6,55,0.4,3,3,2,2,1,282.1,1,5,3,1,1,3,3,1,1,3,3
2,13,6,56,0.2,3,1,2,2,1,265.69,1,12,3,1,1,3,7,1,1,1,1
2,13,6,57,0.4,2,3,2,2,1,267.49,1,9,3,3,2,2,1,3,3,1,1
2,13,6,58,0.8,1,1,1,1,1,207.17,1,2,1,3,1,3,2,1,3,1,3
2,13,6,59,0.05,3,2,2,2,1,284.4,1,6,1,3,3,1,15,3,1,2,2
2,13,6,60,0.8,1,2,1,1,1,214.02,1,4,1,3,1,3,5,1,3,2,2
2,13,6,61,0.2,3,1,2,2,1,284.9,1,6,3,1,1,3,11,3,1,3,1
2,13,6,62,1.8,2,2,2,1,0,199.18,1,4,3,3,2,2,12,1,1,2,2
2,13,6,63,0.4,1,1,1,1,1,231.57,1,12,1,1,1,1,19,1,3,1,3
2,13,6,64,0.1,2,1,2,2,1,280.17,1,6,3,3,2,2,18,3,1,3,1
2,13,6,65,0.2,3,2,2,2,1,214.79,1,16,3,1,1,3,19,3,3,2,2
2,13,6,66,0.1,2,3,2,2,1,285.56,1,8,1,3,2,2,18,3,3,1,1
2,13,6,67,0.4,1,2,1,1,1,227.71,1,17,1,3,1,3,1,3,1,2,2
2,13,6,68,1.8,1,1,1,1,1,203.06,1,15,1,3,1,3,7,1,1,1,1
2,13,6,69,0.1,3,2,2,2,1,225.75,1,10,1,3,3,1,17,1,3,2,2
2,13,6,70,1.8,2,3,2,2,1,204.61,1,6,3,3,2,2,15,3,1,1,3
2,13,6,71,1.8,2,2,2,2,1,203.9,1,1,3,3,2,2,8,1,3,2,2
2,13,6,72,0.4,3,3,2,2,1,249.2,1,9,3,1,1,3,3,3,1,1,3
2,13,6,73,0.8,1,1,1,1,1,214.06,1,8,1,3,1,3,6,3,3,3,3
2,13,6,74,0.1,1,2,1,1,1,255.42,1,17,3,1,3,1,17,1,3,2,2
2,13,6,75,1.8,1,3,1,1,1,204.69,1,3,1,3,1,3,3,1,3,3,1
2,13,6,76,0.2,2,2,2,1,0,265.79,1,9,3,1,2,2,17,3,3,2,2
2,13,6,77,0.05,3,1,2,2,1,268.84,1,20,3,1,1,3,3,3,3,3,3
2,13,6,78,0.05,2,3,2,2,1,273.27,1,20,3,1,2,2,20,1,3,3,1
2,13,7,1,0.8,1,3,1,1,1,232.95,1,16,3,3,3,3,13,1,1,3,3
2,13,7,2,0.05,1,2,1,1,1,262.23,1,6,1,3,1,3,16,1,1,2,2
2,13,7,3,0.1,3,1,2,2,1,263.53,1,3,1,3,3,1,4,3,3,3,3
2,13,7,4,0.2,2,1,2,2,1,236.34,1,4,3,1,2,2,6,3,3,3,3
2,13,7,5,0.4,2,2,NaN,NaN,NaN,NaN,NaN,18,3,3,2,2,12,1,3,2,2
2,13,7,6,0.8,3,3,NaN,NaN,NaN,NaN,NaN,10,3,1,1,3,20,3,1,1,3
2,13,7,7,0.4,1,1,1,1,1,262.14,1,20,3,3,3,3,4,1,3,1,3
2,13,7,8,1.8,1,2,1,1,1,208.43,1,9,3,1,3,1,11,3,3,2,2
2,13,7,9,0.8,2,2,2,1,0,219.23,1,12,3,3,2,2,3,1,1,2,2
2,13,7,10,0.4,1,3,1,1,1,240.71,1,2,1,1,1,1,10,3,1,1,3
2,13,7,11,0.05,1,3,1,1,1,347.2,0,5,3,3,3,3,13,3,3,1,1
2,13,7,12,0.2,1,2,1,1,1,245.38,1,3,3,3,3,3,11,3,1,2,2
2,13,7,13,0.1,2,1,2,2,1,294.6,1,9,1,1,2,2,7,1,1,1,1
2,13,7,14,1.8,2,1,2,2,1,200.61,1,17,1,3,2,2,7,1,3,1,3
2,13,7,15,0.8,1,3,1,2,0,188.44,1,2,3,1,3,1,16,1,3,3,1
2,13,7,16,0.2,3,1,2,2,1,254.84,1,11,3,1,1,3,3,1,1,1,1
2,13,7,17,0.2,1,1,1,1,1,194.46,1,17,3,1,3,1,9,1,1,1,1
2,13,7,18,0.4,2,2,2,1,0,274.93,1,18,3,3,2,2,12,3,1,2,2
2,13,7,19,0.05,1,2,1,1,1,287.67,1,19,1,3,1,3,14,1,1,2,2
2,13,7,20,0.2,1,1,1,1,1,288.06,1,14,1,1,1,1,11,3,3,3,3
2,13,7,21,0.05,1,2,1,2,0,254.91,1,17,3,3,3,3,1,3,3,2,2
2,13,7,22,0.1,1,1,1,2,0,303.58,0,1,1,3,1,3,17,1,3,1,3
2,13,7,23,0.2,3,2,2,2,1,155.08,1,9,3,3,1,1,5,1,1,2,2
2,13,7,24,0.4,1,3,1,1,1,254.96,1,4,1,3,1,3,15,1,1,3,3
2,13,7,25,0.05,1,2,1,1,1,276.69,1,12,3,1,3,1,16,1,3,2,2
2,13,7,26,0.1,2,3,2,2,1,251.95,1,6,1,3,2,2,3,3,3,1,1
2,13,7,27,0.1,3,3,2,2,1,257.66,1,13,3,1,1,3,15,1,3,3,1
2,13,7,28,0.1,1,3,1,1,1,258.57,1,9,1,3,1,3,17,3,1,1,3
2,13,7,29,1.8,1,3,1,1,1,214.2,1,18,3,3,3,3,6,1,3,3,1
2,13,7,30,0.2,1,2,1,1,1,234.33,1,18,1,1,1,1,3,3,1,2,2
2,13,7,31,0.1,1,1,1,1,1,274.43,1,15,1,1,1,1,19,1,3,1,3
2,13,7,32,0.8,1,3,1,1,1,219.01,1,8,1,1,1,1,10,1,1,3,3
2,13,7,33,0.2,1,2,1,1,1,171.68,1,20,1,3,1,3,5,1,3,2,2
2,13,7,34,0.4,1,3,1,1,1,253.54,1,1,1,1,1,1,13,1,1,3,3
2,13,7,35,0.1,1,1,1,1,1,307.94,0,8,1,1,1,1,10,1,1,1,1
2,13,7,36,0.4,1,2,1,1,1,220.72,1,19,1,1,1,1,6,3,3,2,2
2,13,7,37,0.8,2,2,2,2,1,215.25,1,17,3,1,2,2,11,3,3,2,2
2,13,7,38,1.8,3,3,2,1,0,219.6,1,12,1,1,3,3,17,3,3,1,1
2,13,7,39,1.8,1,2,1,1,1,217.85,1,6,1,1,1,1,14,1,3,2,2
2,13,7,40,0.05,1,1,1,1,1,367.45,0,19,3,1,3,1,11,1,1,1,1
2,13,7,41,0.05,3,2,2,2,1,267.09,1,18,1,3,3,1,7,3,3,2,2
2,13,7,42,0.8,3,3,2,2,1,200.96,1,5,3,1,1,3,6,1,1,3,3
2,13,7,43,0.2,1,3,1,1,1,235.2,1,7,3,3,3,3,11,1,1,3,3
2,13,7,44,0.4,1,1,1,1,1,254.34,1,20,3,3,3,3,2,3,1,3,1
2,13,7,45,0.1,2,3,2,2,1,264.33,1,16,3,1,2,2,10,3,1,1,3
2,13,7,46,0.8,1,3,1,1,1,248.59,1,5,1,3,1,3,9,1,1,3,3
2,13,7,47,1.8,3,1,2,2,1,205.45,1,3,1,3,3,1,3,3,3,3,3
2,13,7,48,0.4,2,1,2,2,1,257.98,1,16,1,3,2,2,16,1,3,1,3
2,13,7,49,0.4,1,2,1,1,1,246.33,1,12,1,3,1,3,10,1,3,2,2
2,13,7,50,0.8,2,1,2,1,0,259.99,1,10,1,1,2,2,20,1,1,1,1
2,13,7,51,1.8,3,2,2,2,1,226.1,1,20,1,3,3,1,4,1,1,2,2
2,13,7,52,0.05,1,2,1,1,1,339.84,0,4,3,3,3,3,18,1,3,2,2
2,13,7,53,1.8,1,1,1,1,1,201.77,1,14,3,1,3,1,18,1,1,1,1
2,13,7,54,0.8,3,1,2,2,1,224.88,1,18,1,1,3,3,3,3,1,3,1
2,13,7,55,0.4,1,3,1,1,1,279.01,1,6,3,3,3,3,4,3,3,1,1
2,13,7,56,0.1,3,1,2,2,1,324.87,0,15,3,1,1,3,2,1,1,1,1
2,13,7,57,0.2,2,1,2,2,1,233.27,1,8,3,3,2,2,15,1,3,1,3
2,13,7,58,0.8,3,3,2,2,1,219.12,1,18,1,3,3,1,6,1,3,3,1
2,13,7,59,1.8,3,1,2,2,1,276.66,1,2,3,1,1,3,16,3,3,3,3
2,13,7,60,0.4,3,2,2,2,1,265.18,1,16,3,1,1,3,12,3,3,2,2
2,13,7,61,0.1,3,3,2,2,1,293.31,1,8,3,1,1,3,15,3,1,1,3
2,13,7,62,0.05,1,1,1,1,1,381.6,0,9,3,3,3,3,13,1,3,1,3
2,13,7,63,1.8,3,2,2,2,1,203.74,1,13,1,3,3,1,13,3,3,2,2
2,13,7,64,0.2,2,3,2,2,1,206.06,1,6,3,1,2,2,1,1,3,3,1
2,13,7,65,0.8,3,1,2,2,1,222.03,1,7,1,1,3,3,1,1,1,1,1
2,13,7,66,0.2,1,2,1,1,1,205.86,1,11,1,1,1,1,9,3,1,2,2
2,13,7,67,0.1,2,2,2,2,1,294.49,1,10,1,1,2,2,5,1,3,2,2
2,13,7,68,0.05,1,1,1,1,1,293.51,1,14,3,1,3,1,11,1,1,1,1
2,13,7,69,0.05,1,1,1,1,1,259.01,1,13,1,3,1,3,12,3,1,3,1
2,13,7,70,0.8,3,2,2,2,1,252.41,1,19,1,3,3,1,17,3,1,2,2
2,13,7,71,0.4,3,2,2,2,1,246.8,1,2,3,3,1,1,9,3,3,2,2
2,13,7,72,0.1,1,2,1,1,1,240.2,1,12,3,1,3,1,5,1,3,2,2
2,13,7,73,1.8,1,3,1,1,1,152.81,1,18,1,1,1,1,16,3,1,1,3
2,13,7,74,1.8,3,3,2,2,1,234.07,1,17,1,1,3,3,9,1,3,3,1
2,13,7,75,1.8,2,2,2,2,1,242.31,1,16,1,3,2,2,16,3,1,2,2
2,13,7,76,0.2,2,2,2,2,1,291.33,1,5,3,3,2,2,16,3,3,2,2
2,13,7,77,0.05,1,3,1,2,0,281.67,1,11,1,1,1,1,7,1,1,3,3
2,13,7,78,0.05,2,3,2,2,1,348.76,0,3,3,3,2,2,9,3,1,1,3
2,13,8,1,0.1,1,3,1,2,0,229.49,1,17,1,3,1,3,7,1,3,3,1
2,13,8,2,0.8,1,3,1,1,1,232.87,1,6,3,3,3,3,11,1,3,3,1
2,13,8,3,0.4,1,1,1,1,1,210.15,1,10,3,1,3,1,16,3,3,3,3
2,13,8,4,0.05,1,2,1,1,1,246.31,1,18,3,3,3,3,20,3,1,2,2
2,13,8,5,0.2,3,3,2,2,1,250.67,1,11,1,3,3,1,17,1,3,3,1
2,13,8,6,0.05,3,2,2,2,1,265.89,1,10,1,3,3,1,17,3,3,2,2
2,13,8,7,0.8,1,2,1,1,1,198.66,1,13,1,1,1,1,16,1,3,2,2
2,13,8,8,0.05,1,3,1,1,1,242.09,1,7,3,1,3,1,4,3,3,1,1
2,13,8,9,1.8,2,3,2,1,0,173.14,1,3,3,1,2,2,16,1,1,3,3
2,13,8,10,0.4,1,2,NaN,NaN,NaN,NaN,NaN,1,1,1,1,1,5,1,3,2,2
2,13,8,11,0.4,3,1,2,2,1,194.72,1,10,3,1,1,3,1,3,3,3,3
2,13,8,12,0.2,2,2,2,1,0,257.31,1,1,1,1,2,2,17,1,1,2,2
2,13,8,13,0.8,1,2,1,1,1,244.25,1,11,1,1,1,1,20,1,1,2,2
2,13,8,14,0.4,2,3,2,1,0,281.51,1,1,1,1,2,2,11,1,1,3,3
2,13,8,15,0.05,1,3,1,1,1,315.14,0,10,1,1,1,1,11,3,1,1,3
2,13,8,16,0.05,1,1,1,2,0,241.62,1,19,1,3,1,3,17,1,3,1,3
2,13,8,17,0.1,2,3,2,1,0,238.93,1,13,1,1,2,2,1,1,3,3,1
2,13,8,18,0.05,1,2,1,1,1,237.96,1,2,1,1,1,1,17,1,3,2,2
2,13,8,19,0.2,1,1,1,1,1,238.59,1,6,3,1,3,1,7,3,1,3,1
2,13,8,20,0.4,1,3,1,2,0,209.29,1,4,3,1,3,1,20,3,3,1,1
2,13,8,21,0.2,3,3,2,1,0,229,1,12,3,3,1,1,8,1,1,3,3
2,13,8,22,1.8,2,2,2,1,0,194.97,1,15,1,3,2,2,11,1,3,2,2
2,13,8,23,0.05,3,2,2,2,1,266.31,1,3,3,1,1,3,20,3,1,2,2
2,13,8,24,0.8,1,2,1,1,1,174.39,1,12,3,3,3,3,6,3,1,2,2
2,13,8,25,0.4,1,2,1,1,1,239.9,1,16,1,3,1,3,13,3,1,2,2
2,13,8,26,0.4,1,2,1,1,1,232.7,1,8,3,1,3,1,6,3,3,2,2
2,13,8,27,0.8,2,3,2,2,1,223.76,1,18,1,3,2,2,17,1,3,3,1
2,13,8,28,0.1,2,3,2,2,1,298.26,1,6,1,1,2,2,15,1,1,3,3
2,13,8,29,1.8,2,2,2,1,0,196.91,1,12,1,3,2,2,4,1,3,2,2
2,13,8,30,1.8,2,1,2,2,1,212.33,1,14,3,1,2,2,17,1,3,1,3
2,13,8,31,0.2,1,3,1,1,1,235.43,1,16,3,3,3,3,15,1,1,3,3
2,13,8,32,0.8,2,1,2,2,1,211.85,1,13,3,3,2,2,15,1,1,1,1
2,13,8,33,0.05,2,3,2,2,1,269.75,1,2,1,3,2,2,18,1,1,3,3
2,13,8,34,0.4,1,3,1,2,0,235.84,1,11,3,3,3,3,18,3,3,1,1
2,13,8,35,0.2,1,1,1,1,1,217.51,1,16,3,1,3,1,14,1,3,1,3
2,13,8,36,0.1,3,2,2,2,1,250.14,1,17,1,1,3,3,13,1,1,2,2
2,13,8,37,1.8,2,1,2,1,0,199.94,1,12,3,3,2,2,17,1,3,1,3
2,13,8,38,1.8,3,2,2,2,1,186.2,1,10,3,1,1,3,7,3,3,2,2
2,13,8,39,0.4,2,3,2,2,1,256.82,1,14,3,1,2,2,13,3,3,1,1
2,13,8,40,1.8,1,3,1,1,1,239.78,1,7,1,1,1,1,5,1,3,3,1
2,13,8,41,0.8,2,1,2,2,1,217.87,1,8,1,1,2,2,11,3,3,3,3
2,13,8,42,0.1,1,1,1,1,1,240.38,1,15,1,1,1,1,17,1,1,1,1
2,13,8,43,0.05,1,3,1,2,0,320.82,0,11,1,1,1,1,4,3,1,1,3
2,13,8,44,0.2,1,3,1,1,1,251.12,1,11,3,3,3,3,3,1,1,3,3
2,13,8,45,0.1,1,1,1,1,1,228.61,1,18,1,3,1,3,17,3,1,3,1
2,13,8,46,0.4,2,1,2,2,1,206.84,1,3,3,3,2,2,2,1,1,1,1
2,13,8,47,1.8,1,2,1,1,1,222.88,1,5,3,1,3,1,8,3,1,2,2
2,13,8,48,0.8,3,3,2,2,1,217.37,1,2,3,1,1,3,17,1,3,3,1
2,13,8,49,0.05,1,2,1,1,1,261.27,1,18,3,3,3,3,5,3,3,2,2
2,13,8,50,0.1,1,1,1,1,1,189.25,1,6,1,1,1,1,4,3,3,3,3
2,13,8,51,0.1,3,2,2,2,1,210.89,1,4,1,3,3,1,6,1,3,2,2
2,13,8,52,0.05,3,2,2,2,1,251.11,1,15,1,3,3,1,10,3,1,2,2
2,13,8,53,0.8,3,3,2,2,1,184.81,1,19,1,1,3,3,18,1,3,3,1
2,13,8,54,0.2,1,2,1,1,1,198.59,1,2,3,3,3,3,15,1,3,2,2
2,13,8,55,0.8,1,3,1,1,1,223.24,1,15,1,3,1,3,17,3,1,1,3
2,13,8,56,0.4,3,1,2,2,1,260.7,1,4,3,3,1,1,5,1,3,1,3
2,13,8,57,0.2,1,1,1,1,1,239.73,1,4,1,1,1,1,17,3,1,3,1
2,13,8,58,1.8,3,1,2,2,1,245.53,1,1,3,3,1,1,1,3,1,3,1
2,13,8,59,0.1,1,2,1,1,1,259.34,1,4,3,3,3,3,11,1,3,2,2
2,13,8,60,0.1,1,2,1,1,1,256.41,1,19,1,3,1,3,18,1,3,2,2
2,13,8,61,0.1,3,2,2,2,1,255.23,1,2,3,3,1,1,11,1,3,2,2
2,13,8,62,0.05,2,3,2,1,0,280.1,1,15,3,1,2,2,2,3,1,1,3
2,13,8,63,1.8,2,2,2,2,1,234.1,1,2,3,3,2,2,13,1,1,2,2
2,13,8,64,0.8,2,1,2,1,0,211.17,1,12,3,3,2,2,8,1,1,1,1
2,13,8,65,0.4,1,2,1,1,1,204.46,1,17,1,1,1,1,13,3,1,2,2
2,13,8,66,0.1,1,1,1,1,1,271.03,1,7,1,3,1,3,10,3,3,3,3
2,13,8,67,0.2,2,2,2,1,0,256.87,1,4,1,1,2,2,12,1,1,2,2
2,13,8,68,1.8,3,1,NaN,NaN,NaN,NaN,NaN,12,3,1,1,3,17,3,3,3,3
2,13,8,69,0.05,1,3,1,1,1,244,1,20,1,3,1,3,8,3,3,1,1
2,13,8,70,0.4,3,2,2,1,0,179.03,1,12,3,3,1,1,11,1,3,2,2
2,13,8,71,0.1,2,1,2,2,1,253.88,1,17,1,3,2,2,19,1,3,1,3
2,13,8,72,1.8,3,3,NaN,NaN,NaN,NaN,NaN,3,3,3,1,1,16,3,3,1,1
2,13,8,73,0.2,3,1,2,2,1,330.62,0,16,1,1,3,3,11,1,1,1,1
2,13,8,74,0.2,3,2,2,2,1,191.63,1,4,3,3,1,1,6,1,3,2,2
2,13,8,75,0.8,1,1,1,1,1,186.3,1,19,3,3,3,3,20,3,3,3,3
2,13,8,76,0.2,1,3,1,1,1,224.24,1,6,1,1,1,1,18,3,1,1,3
2,13,8,77,0.8,1,2,1,1,1,225.01,1,7,3,3,3,3,1,3,3,2,2
2,13,8,78,1.8,2,1,2,2,1,206.14,1,2,1,1,2,2,7,1,1,1,1
2,13,9,1,1.8,1,3,1,1,1,189.71,1,11,1,1,1,1,5,3,1,1,3
2,13,9,2,1.8,3,2,2,2,1,203.49,1,18,3,3,1,1,8,1,3,2,2
2,13,9,3,0.05,3,2,2,2,1,279.17,1,1,1,3,3,1,1,3,1,2,2
2,13,9,4,0.1,1,2,1,1,1,272.7,1,8,1,3,1,3,19,1,1,2,2
2,13,9,5,0.8,2,3,2,1,0,235.5,1,4,1,3,2,2,6,3,1,1,3
2,13,9,6,1.8,1,3,1,1,1,189.7,1,4,3,3,3,3,16,1,1,3,3
2,13,9,7,1.8,1,2,1,1,1,186.6,1,17,1,3,1,3,16,1,3,2,2
2,13,9,8,0.05,3,2,2,2,1,277.77,1,3,1,1,3,3,14,1,1,2,2
2,13,9,9,0.2,2,2,2,1,0,269.16,1,15,3,1,2,2,20,3,3,2,2
2,13,9,10,0.2,1,2,1,1,1,170.06,1,5,1,1,1,1,14,3,1,2,2
2,13,9,11,1.8,1,2,1,1,1,206.74,1,6,1,3,1,3,7,3,1,2,2
2,13,9,12,0.05,2,3,2,1,0,293.46,1,2,1,1,2,2,8,3,1,1,3
2,13,9,13,0.05,1,1,1,1,1,282.77,1,3,1,1,1,1,11,1,1,1,1
2,13,9,14,0.8,1,3,1,1,1,226.81,1,4,1,1,1,1,10,3,1,1,3
2,13,9,15,0.8,3,1,2,2,1,246.05,1,3,3,1,1,3,19,1,3,1,3
2,13,9,16,0.2,1,2,1,1,1,281.65,1,16,3,1,3,1,5,3,3,2,2
2,13,9,17,0.4,1,2,1,1,1,243.45,1,15,1,3,1,3,4,3,3,2,2
2,13,9,18,0.1,1,2,1,1,1,359.97,0,2,1,3,1,3,11,3,3,2,2
2,13,9,19,0.8,1,2,1,1,1,214.64,1,19,3,1,3,1,13,3,1,2,2
2,13,9,20,0.4,1,3,1,1,1,212.48,1,17,1,1,1,1,7,3,1,1,3
2,13,9,21,0.8,2,3,2,2,1,210.58,1,7,3,3,2,2,18,1,1,3,3
2,13,9,22,0.1,3,3,2,2,1,208.06,1,5,3,3,1,1,18,3,1,1,3
2,13,9,23,0.8,1,1,1,1,1,188.06,1,10,1,3,1,3,13,1,3,1,3
2,13,9,24,1.8,2,1,2,1,0,197.4,1,16,3,3,2,2,8,3,3,3,3
2,13,9,25,0.2,1,1,1,1,1,201.1,1,8,3,3,3,3,7,3,3,3,3
2,13,9,26,1.8,2,2,2,2,1,199.46,1,8,3,1,2,2,3,3,1,2,2
2,13,9,27,0.1,1,3,1,1,1,250.28,1,16,1,3,1,3,7,3,1,1,3
2,13,9,28,0.4,2,3,2,2,1,284.94,1,19,3,3,2,2,16,3,3,1,1
2,13,9,29,0.2,3,3,2,2,1,303.21,0,3,1,3,3,1,5,1,1,3,3
2,13,9,30,1.8,1,2,1,1,1,194.01,1,8,3,3,3,3,4,1,3,2,2
2,13,9,31,0.1,1,1,1,1,1,284.61,1,17,1,1,1,1,12,1,1,1,1
2,13,9,32,0.8,3,2,2,2,1,205.54,1,3,1,1,3,3,11,3,3,2,2
2,13,9,33,0.05,3,1,2,2,1,280.07,1,1,1,3,3,1,12,3,1,3,1
2,13,9,34,0.05,1,3,1,1,1,268.11,1,18,3,3,3,3,7,3,1,1,3
2,13,9,35,0.05,2,2,2,2,1,339.77,0,3,3,1,2,2,9,1,3,2,2
2,13,9,36,0.1,1,1,1,1,1,180.53,1,12,1,3,1,3,3,3,1,3,1
2,13,9,37,0.1,1,2,1,1,1,243.57,1,11,3,3,3,3,17,1,3,2,2
2,13,9,38,0.8,1,3,1,1,1,203.7,1,20,1,3,1,3,17,1,1,3,3
2,13,9,39,0.1,2,3,2,2,1,232.55,1,1,1,1,2,2,7,1,1,3,3
2,13,9,40,0.4,1,3,1,1,1,219.25,1,14,1,1,1,1,2,1,3,3,1
2,13,9,41,0.1,3,2,2,2,1,256.01,1,11,3,3,1,1,20,1,1,2,2
2,13,9,42,0.2,1,1,1,1,1,189.95,1,2,3,3,3,3,7,1,1,1,1
2,13,9,43,0.4,3,1,2,1,0,214.86,1,12,3,3,1,1,9,1,1,1,1
2,13,9,44,1.8,2,3,2,2,1,197.96,1,11,3,1,2,2,9,3,3,1,1
2,13,9,45,0.2,1,2,1,1,1,258.08,1,20,3,1,3,1,10,1,3,2,2
2,13,9,46,0.1,3,1,2,2,1,266.68,1,10,3,3,1,1,6,3,3,3,3
2,13,9,47,0.4,1,1,1,1,1,232.77,1,17,1,3,1,3,6,3,3,3,3
2,13,9,48,0.8,1,2,1,1,1,210.39,1,18,1,1,1,1,14,3,3,2,2
2,13,9,49,0.1,1,2,1,1,1,259.81,1,11,1,1,1,1,19,1,1,2,2
2,13,9,50,1.8,1,3,1,1,1,233,1,14,3,3,3,3,2,1,1,3,3
2,13,9,51,0.4,3,1,2,2,1,215.69,1,11,3,3,1,1,8,1,1,1,1
2,13,9,52,0.4,1,1,1,1,1,217.61,1,12,3,3,3,3,16,3,1,3,1
2,13,9,53,0.1,2,2,2,2,1,273.54,1,9,1,1,2,2,19,1,1,2,2
2,13,9,54,0.05,2,2,2,2,1,321.66,0,7,1,1,2,2,20,3,3,2,2
2,13,9,55,0.4,1,2,1,1,1,200.28,1,15,3,3,3,3,5,1,3,2,2
2,13,9,56,0.8,3,1,2,2,1,184.91,1,18,3,3,1,1,1,1,3,1,3
2,13,9,57,0.8,1,1,1,1,1,187.03,1,13,1,1,1,1,17,3,3,3,3
2,13,9,58,0.2,3,1,2,2,1,285.07,1,6,1,3,3,1,10,1,1,1,1
2,13,9,59,0.8,2,1,2,1,0,197.41,1,12,1,3,2,2,20,1,1,1,1
2,13,9,60,0.4,2,1,2,2,1,230.72,1,14,1,3,2,2,11,1,3,1,3
2,13,9,61,0.05,3,1,2,2,1,340.3,0,13,3,1,1,3,14,3,3,3,3
2,13,9,62,0.4,1,1,1,1,1,51.551,2,20,1,1,1,1,5,1,3,1,3
2,13,9,63,1.8,3,3,2,2,1,177.23,1,10,1,1,3,3,14,3,1,1,3
2,13,9,64,0.8,3,3,2,2,1,252.35,1,18,3,3,1,1,12,1,3,3,1
2,13,9,65,0.05,2,2,2,2,1,266.38,1,1,3,1,2,2,6,3,1,2,2
2,13,9,66,0.4,2,2,2,1,0,252.12,1,6,3,1,2,2,2,1,3,2,2
2,13,9,67,0.2,1,2,1,1,1,245.7,1,1,3,3,3,3,12,1,1,2,2
2,13,9,68,0.2,1,2,1,2,0,248.15,1,2,3,3,3,3,10,3,1,2,2
2,13,9,69,0.05,2,3,2,2,1,293.05,1,2,3,3,2,2,8,1,1,3,3
2,13,9,70,0.1,3,2,2,2,1,252.37,1,20,3,3,1,1,1,3,3,2,2
2,13,9,71,0.4,1,2,1,1,1,225.66,1,19,1,3,1,3,3,1,1,2,2
2,13,9,72,1.8,1,1,1,1,1,175.21,1,13,3,1,3,1,11,3,3,3,3
2,13,9,73,0.05,3,1,2,2,1,289,1,4,3,3,1,1,1,3,1,3,1
2,13,9,74,0.05,1,2,1,2,0,289.3,1,20,1,3,1,3,16,3,3,2,2
2,13,9,75,0.2,3,1,2,2,1,217,1,10,1,3,3,1,6,3,1,3,1
2,13,9,76,1.8,3,2,2,2,1,208.04,1,18,1,3,3,1,4,3,3,2,2
2,13,9,77,0.2,3,3,2,2,1,264.18,1,16,3,1,1,3,12,1,1,3,3
2,13,9,78,0.2,3,1,2,2,1,99.16,2,6,1,1,3,3,10,1,1,1,1
2,13,10,1,1.8,3,2,2,2,1,194.75,1,5,1,1,3,3,2,3,1,2,2
2,13,10,2,0.4,3,2,2,2,1,209.22,1,4,3,3,1,1,6,3,3,2,2
2,13,10,3,0.4,2,3,2,2,1,228.9,1,16,1,3,2,2,16,1,3,3,1
2,13,10,4,0.05,3,2,2,2,1,254.6,1,8,1,3,3,1,20,1,3,2,2
2,13,10,5,0.2,3,2,2,2,1,221.77,1,1,1,1,3,3,7,1,1,2,2
2,13,10,6,0.8,2,1,2,2,1,207.87,1,8,1,1,2,2,18,1,3,1,3
2,13,10,7,0.2,1,2,1,1,1,275.7,1,10,1,1,1,1,1,1,1,2,2
2,13,10,8,0.8,3,3,2,2,1,229.9,1,7,1,1,3,3,12,3,3,1,1
2,13,10,9,0.05,2,2,2,1,0,300.37,0,5,3,3,2,2,11,3,1,2,2
2,13,10,10,0.1,1,3,1,1,1,261.6,1,20,3,1,3,1,10,3,1,1,3
2,13,10,11,0.1,3,2,2,2,1,267.72,1,17,1,3,3,1,3,1,1,2,2
2,13,10,12,0.05,1,1,1,1,1,287.64,1,16,3,1,3,1,4,1,1,1,1
2,13,10,13,0.4,1,3,1,1,1,268.35,1,6,3,3,3,3,1,3,3,1,1
2,13,10,14,0.05,1,1,1,2,0,276.74,1,17,3,3,3,3,19,3,1,3,1
2,13,10,15,0.8,3,2,NaN,NaN,NaN,NaN,NaN,6,3,1,1,3,1,3,3,2,2
2,13,10,16,0.1,2,3,2,1,0,251.35,1,7,1,3,2,2,10,1,1,3,3
2,13,10,17,0.2,1,1,1,1,1,179.53,1,13,1,3,1,3,14,1,3,1,3
2,13,10,18,0.8,2,3,2,2,1,203.69,1,10,3,3,2,2,15,3,1,1,3
2,13,10,19,0.2,1,3,1,1,1,253.86,1,20,3,3,3,3,13,1,3,3,1
2,13,10,20,0.8,1,1,1,1,1,203.84,1,17,3,1,3,1,2,3,1,3,1
2,13,10,21,0.2,3,1,2,2,1,258.86,1,20,3,1,1,3,17,1,3,1,3
2,13,10,22,1.8,1,1,1,1,1,180.62,1,14,1,1,1,1,6,3,1,3,1
2,13,10,23,0.05,1,3,1,1,1,353.36,0,3,3,3,3,3,15,1,3,3,1
2,13,10,24,1.8,1,3,1,1,1,192.63,1,6,3,1,3,1,11,3,1,1,3
2,13,10,25,0.1,3,1,2,2,1,219.21,1,6,3,3,1,1,11,3,3,3,3
2,13,10,26,0.1,1,1,1,2,0,261.3,1,19,3,1,3,1,18,3,3,3,3
2,13,10,27,0.2,2,1,2,2,1,278.07,1,8,3,3,2,2,15,1,1,1,1
2,13,10,28,0.8,2,3,2,2,1,238.63,1,16,3,3,2,2,3,1,1,3,3
2,13,10,29,0.8,1,2,1,1,1,217.17,1,7,1,3,1,3,12,3,1,2,2
2,13,10,30,0.8,1,3,1,1,1,241.93,1,7,1,3,1,3,10,3,3,1,1
2,13,10,31,0.05,1,2,1,1,1,281.83,1,18,3,1,3,1,10,3,3,2,2
2,13,10,32,0.05,1,2,1,1,1,377.25,0,18,1,1,1,1,13,3,1,2,2
2,13,10,33,0.8,3,2,2,2,1,182.4,1,4,1,1,3,3,13,1,1,2,2
2,13,10,34,0.4,2,1,2,2,1,249.32,1,6,1,1,2,2,20,1,1,1,1
2,13,10,35,0.05,2,1,2,1,0,266.55,1,2,3,1,2,2,17,1,1,1,1
2,13,10,36,0.05,1,2,1,2,0,236.4,1,2,1,3,1,3,14,3,1,2,2
2,13,10,37,1.8,1,1,1,1,1,192.3,1,4,3,3,3,3,11,3,1,3,1
2,13,10,38,0.1,3,1,2,2,1,278.28,1,17,3,3,1,1,12,3,3,3,3
2,13,10,39,0.4,1,2,1,1,1,223.32,1,7,1,3,1,3,16,3,1,2,2
2,13,10,40,0.2,1,1,1,1,1,241.85,1,12,3,1,3,1,9,1,3,1,3
2,13,10,41,0.4,2,3,2,2,1,309.12,0,17,1,3,2,2,19,3,1,1,3
2,13,10,42,0.4,3,1,2,2,1,289.62,1,8,1,3,3,1,3,1,1,1,1
2,13,10,43,1.8,2,1,2,2,1,169.27,1,20,1,1,2,2,14,1,1,1,1
2,13,10,44,0.05,3,1,2,2,1,206.36,1,5,3,1,1,3,15,3,3,3,3
2,13,10,45,0.2,1,2,1,1,1,247.52,1,1,1,3,1,3,1,3,1,2,2
2,13,10,46,0.1,1,3,1,1,1,255.36,1,19,1,1,1,1,11,1,1,3,3
2,13,10,47,0.2,1,2,1,1,1,252.5,1,14,1,1,1,1,2,1,1,2,2
2,13,10,48,0.2,1,3,1,2,0,212.41,1,11,3,3,3,3,10,1,1,3,3
2,13,10,49,0.4,3,1,2,2,1,267.35,1,9,1,1,3,3,10,3,3,3,3
2,13,10,50,0.4,1,3,1,1,1,248.57,1,12,3,1,3,1,8,3,3,1,1
2,13,10,51,0.4,3,2,2,2,1,257.6,1,12,3,1,1,3,4,1,3,2,2
2,13,10,52,0.1,1,2,1,1,1,257.31,1,9,3,3,3,3,10,1,3,2,2
2,13,10,53,0.05,1,3,1,2,0,327.55,0,2,3,1,3,1,18,1,1,3,3
2,13,10,54,1.8,1,1,1,1,1,191.99,1,6,1,1,1,1,19,1,1,1,1
2,13,10,55,0.1,2,2,2,2,1,251.46,1,14,3,3,2,2,5,3,1,2,2
2,13,10,56,0.8,3,1,2,2,1,234.15,1,17,1,1,3,3,10,3,1,3,1
2,13,10,57,1.8,1,2,1,1,1,202.88,1,11,3,1,3,1,13,1,3,2,2
2,13,10,58,0.4,3,3,2,2,1,237.76,1,15,3,3,1,1,19,3,3,1,1
2,13,10,59,0.1,1,1,1,1,1,246.61,1,13,3,1,3,1,16,1,3,1,3
2,13,10,60,1.8,2,2,NaN,NaN,NaN,NaN,NaN,1,3,3,2,2,19,1,1,2,2
2,13,10,61,1.8,1,3,1,1,1,204.34,1,14,1,1,1,1,17,1,3,3,1
2,13,10,62,0.05,1,2,1,2,0,272.99,1,5,1,1,1,1,17,1,1,2,2
2,13,10,63,1.8,1,3,1,1,1,209.97,1,1,1,1,1,1,12,3,3,1,1
2,13,10,64,1.8,1,1,1,1,1,206.87,1,20,1,3,1,3,18,3,3,3,3
2,13,10,65,0.2,1,1,1,1,1,207.6,1,14,1,3,1,3,15,3,3,3,3
2,13,10,66,1.8,3,3,2,2,1,200.39,1,12,3,1,1,3,7,3,3,1,1
2,13,10,67,0.05,3,1,2,2,1,262.95,1,13,3,3,1,1,10,1,3,1,3
2,13,10,68,0.4,1,3,1,1,1,205.53,1,17,3,1,3,1,11,1,3,3,1
2,13,10,69,0.2,3,2,2,2,1,250.3,1,15,3,1,1,3,4,3,3,2,2
2,13,10,70,0.2,3,3,2,2,1,265.29,1,19,1,3,3,1,20,3,1,1,3
2,13,10,71,0.1,3,1,2,2,1,258.75,1,2,1,3,3,1,15,1,3,1,3
2,13,10,72,0.8,3,2,2,2,1,199.08,1,18,3,1,1,3,8,1,1,2,2
2,13,10,73,0.1,1,3,1,1,1,280.65,1,3,1,3,1,3,8,1,3,3,1
2,13,10,74,0.8,3,1,2,2,1,179.82,1,10,3,1,1,3,18,3,1,3,1
2,13,10,75,0.8,1,3,1,2,0,243.82,1,2,3,1,3,1,18,1,3,3,1
2,13,10,76,0.1,1,3,1,1,1,229.37,1,15,1,1,1,1,1,3,3,1,1
2,13,10,77,0.4,2,1,2,1,0,232.19,1,1,3,1,2,2,8,1,3,1,3
2,13,10,78,1.8,2,1,2,2,1,184.6,1,11,1,1,2,2,10,3,3,3,3
