3,6,1,1,0.05,3,1,2,2,1,282.59,1,6,1,1,3,3,7,3,1,3,1
3,6,1,2,0.2,3,3,2,2,1,131.53,1,5,3,3,1,1,4,1,1,3,3
3,6,1,3,0.4,2,1,2,1,0,287.42,1,7,1,1,2,2,6,1,3,1,3
3,6,1,4,1.8,2,3,2,2,1,251.57,1,13,1,1,2,2,10,3,1,1,3
3,6,1,5,0.1,1,3,1,1,1,239.75,1,8,3,1,3,1,16,3,3,1,1
3,6,1,6,0.8,1,3,NaN,NaN,NaN,NaN,NaN,3,1,1,1,1,14,3,1,1,3
3,6,1,7,1.8,3,3,2,2,1,223.95,1,8,1,3,3,1,10,3,3,1,1
3,6,1,8,0.8,2,1,2,2,1,260.34,1,1,1,3,2,2,8,1,3,1,3
3,6,1,9,0.8,1,3,1,1,1,268.33,1,3,3,3,3,3,1,3,1,1,3
3,6,1,10,0.2,1,3,1,1,1,293.59,1,19,3,3,3,3,10,1,1,3,3
3,6,1,11,0.05,3,3,2,2,1,282.23,1,15,3,1,1,3,7,1,1,3,3
3,6,1,12,0.2,1,1,1,1,1,221.86,1,20,1,1,1,1,16,3,3,3,3
3,6,1,13,0.8,2,2,2,2,1,271.76,1,16,3,1,2,2,20,3,3,2,2
3,6,1,14,1.8,2,2,2,2,1,254.14,1,10,3,3,2,2,4,3,3,2,2
3,6,1,15,1.8,3,1,2,2,1,219.07,1,14,1,3,3,1,12,1,1,1,1
3,6,1,16,0.4,1,1,1,1,1,241.39,1,2,3,1,3,1,7,3,3,3,3
3,6,1,17,1.8,3,2,2,2,1,296.08,1,6,3,1,1,3,13,1,1,2,2
3,6,1,18,0.1,3,2,2,2,1,320.6,0,13,1,1,3,3,16,1,3,2,2
3,6,1,19,0.2,1,2,1,1,1,279.46,1,4,1,3,1,3,19,3,1,2,2
3,6,1,20,0.8,3,2,2,2,1,301.26,0,4,1,1,3,3,1,3,1,2,2
3,6,1,21,0.05,1,3,1,1,1,327.85,0,10,3,1,3,1,5,1,1,3,3
3,6,1,22,0.1,1,1,1,1,1,303.76,0,20,1,3,1,3,6,3,3,3,3
3,6,1,23,0.2,1,1,1,1,1,221.57,1,16,3,3,3,3,11,1,1,1,1
3,6,1,24,0.05,2,3,2,2,1,317.55,0,9,1,3,2,2,19,3,1,1,3
3,6,1,25,0.4,2,2,2,2,1,190.86,1,11,3,3,2,2,7,3,3,2,2
3,6,1,26,0.1,2,1,2,1,0,270.49,1,10,1,1,2,2,3,1,3,1,3
3,6,1,27,0.1,2,2,2,1,0,309.53,0,10,1,1,2,2,20,1,3,2,2
3,6,1,28,0.8,1,3,1,1,1,265.46,1,13,3,3,3,3,13,1,1,3,3
3,6,1,29,1.8,2,3,2,2,1,249.78,1,19,1,1,2,2,10,3,3,1,1
3,6,1,30,0.1,1,2,1,1,1,347.89,0,19,3,1,3,1,6,1,1,2,2
3,6,1,31,1.8,1,3,1,1,1,259.44,1,19,3,3,3,3,18,3,1,1,3
3,6,1,32,1.8,3,3,2,2,1,241.03,1,15,3,1,1,3,9,3,3,1,1
3,6,1,33,0.05,3,2,2,2,1,301.05,0,20,3,3,1,1,19,3,1,2,2
3,6,1,34,0.1,3,2,2,2,1,303.9,0,20,1,1,3,3,16,1,3,2,2
3,6,1,35,0.05,3,2,2,2,1,389.31,0,12,1,3,3,1,11,3,1,2,2
3,6,1,36,0.4,3,1,2,2,1,290.8,1,5,3,3,1,1,13,3,3,3,3
3,6,1,37,0.05,2,3,2,2,1,314.88,0,4,1,3,2,2,13,1,1,3,3
3,6,1,38,0.2,1,2,1,1,1,150.35,1,4,3,1,3,1,9,1,1,2,2
3,6,1,39,0.2,3,3,2,2,1,275.86,1,17,1,3,3,1,15,1,3,3,1
3,6,1,40,0.1,1,3,1,1,1,258.8,1,11,3,1,3,1,7,3,3,1,1
3,6,1,41,0.8,2,3,2,2,1,283.98,1,18,3,3,2,2,1,1,3,3,1
3,6,1,42,0.4,3,1,2,2,1,272.95,1,18,3,1,1,3,18,3,3,3,3
3,6,1,43,0.4,2,3,2,2,1,195.7,1,9,3,1,2,2,18,1,1,3,3
3,6,1,44,0.2,2,3,2,2,1,255.39,1,8,3,1,2,2,10,1,3,3,1
3,6,1,45,1.8,3,3,2,2,1,253.9,1,10,3,1,1,3,9,3,3,1,1
3,6,1,46,0.4,2,3,2,2,1,300.4,0,17,3,3,2,2,10,3,1,1,3
3,6,1,47,0.4,2,3,2,1,0,241.26,1,12,1,1,2,2,15,3,1,1,3
3,6,1,48,0.1,2,2,2,2,1,247.91,1,15,1,3,2,2,15,1,3,2,2
3,6,1,49,0.2,3,2,2,2,1,255.39,1,13,1,1,3,3,9,3,1,2,2
3,6,1,50,0.05,1,3,1,1,1,237.86,1,9,3,1,3,1,16,3,3,1,1
3,6,1,51,0.4,2,1,2,2,1,201.42,1,4,1,3,2,2,13,3,3,3,3
3,6,1,52,1.8,1,1,NaN,NaN,NaN,NaN,NaN,8,3,1,3,1,2,3,3,3,3
3,6,1,53,0.05,1,2,1,1,1,300.98,0,17,3,1,3,1,4,1,3,2,2
3,6,1,54,0.8,1,3,1,1,1,250.46,1,20,3,1,3,1,6,1,3,3,1
3,6,1,55,1.8,1,3,1,1,1,237.04,1,11,1,3,1,3,10,1,1,3,3
3,6,1,56,0.05,2,2,2,2,1,324.08,0,10,3,1,2,2,11,1,3,2,2
3,6,1,57,0.4,2,2,NaN,NaN,NaN,NaN,NaN,10,3,3,2,2,4,1,1,2,2
3,6,1,58,0.1,1,2,1,1,1,266.61,1,7,3,1,3,1,3,3,3,2,2
3,6,1,59,0.2,3,2,2,2,1,338.81,0,15,3,3,1,1,16,3,1,2,2
3,6,1,60,0.2,1,3,1,1,1,260.06,1,15,1,1,1,1,5,1,3,3,1
3,6,1,61,0.05,1,1,1,1,1,263.26,1,19,3,1,3,1,20,3,1,3,1
3,6,1,62,0.4,1,1,1,1,1,335.23,0,17,1,1,1,1,6,1,1,1,1
3,6,1,63,0.8,3,3,2,2,1,216.47,1,10,3,1,1,3,6,3,1,1,3
3,6,1,64,1.8,3,2,2,2,1,212.58,1,13,3,3,1,1,12,1,3,2,2
3,6,1,65,0.8,1,3,1,1,1,245.24,1,9,1,3,1,3,1,3,3,1,1
3,6,1,66,0.8,1,1,1,1,1,282.65,1,10,3,1,3,1,8,1,1,1,1
3,6,1,67,1.8,2,1,2,2,1,224.75,1,14,1,1,2,2,17,1,3,1,3
3,6,1,68,0.05,1,2,1,1,1,326.25,0,15,1,1,1,1,14,3,1,2,2
3,6,1,69,0.4,1,3,1,1,1,250.58,1,8,3,1,3,1,20,1,1,3,3
3,6,1,70,0.1,1,1,1,1,1,223.44,1,7,3,1,3,1,13,3,3,3,3
3,6,1,71,0.8,1,1,NaN,NaN,NaN,NaN,NaN,3,1,1,1,1,5,3,1,3,1
3,6,1,72,0.8,3,2,2,2,1,240.01,1,16,3,1,1,3,4,3,1,2,2
3,6,1,73,0.4,1,3,1,1,1,307.87,0,2,3,1,3,1,12,3,1,1,3
3,6,1,74,0.1,1,3,1,1,1,359.66,0,6,3,1,3,1,20,1,1,3,3
3,6,1,75,0.2,3,3,2,2,1,302.1,0,17,3,1,1,3,20,3,1,1,3
3,6,1,76,0.2,1,2,1,1,1,284.39,1,14,3,1,3,1,8,3,3,2,2
3,6,1,77,0.1,3,3,2,2,1,260.9,1,5,3,1,1,3,20,3,3,1,1
3,6,1,78,0.05,1,2,1,1,1,276.08,1,17,3,3,3,3,17,1,3,2,2
3,6,2,1,0.1,1,3,1,1,1,265.59,1,1,1,3,1,3,4,3,3,1,1
3,6,2,2,0.2,3,1,2,2,1,295.63,1,15,1,3,3,1,5,1,3,1,3
3,6,2,3,0.4,2,3,2,2,1,244.12,1,1,3,1,2,2,2,3,3,1,1
3,6,2,4,1.8,2,2,2,2,1,261.82,1,6,1,1,2,2,18,1,3,2,2
3,6,2,5,0.1,3,1,2,2,1,236.08,1,18,3,1,1,3,19,1,3,1,3
3,6,2,6,1.8,1,2,1,1,1,270.74,1,10,1,3,1,3,10,1,1,2,2
3,6,2,7,1.8,1,2,NaN,NaN,NaN,NaN,NaN,13,1,3,1,3,14,3,1,2,2
3,6,2,8,1.8,2,2,2,2,1,249.85,1,16,1,3,2,2,2,3,3,2,2
3,6,2,9,1.8,1,2,1,1,1,272.21,1,4,1,3,1,3,20,1,3,2,2
3,6,2,10,0.2,3,2,2,2,1,310.24,0,5,3,1,1,3,15,3,1,2,2
3,6,2,11,0.1,2,2,2,1,0,273.83,1,13,3,1,2,2,4,1,3,2,2
3,6,2,12,0.8,1,2,1,1,1,291.72,1,8,1,3,1,3,12,1,1,2,2
3,6,2,13,0.4,1,1,1,1,1,228.09,1,3,3,1,3,1,9,3,3,3,3
3,6,2,14,0.1,3,3,2,2,1,290.37,1,20,1,1,3,3,1,1,3,3,1
3,6,2,15,0.2,3,3,2,2,1,111.97,1,15,3,3,1,1,10,1,1,3,3
3,6,2,16,0.2,3,2,2,2,1,308.49,0,6,3,3,1,1,11,3,1,2,2
3,6,2,17,0.05,2,1,2,2,1,259.23,1,14,3,1,2,2,12,3,1,3,1
3,6,2,18,0.05,1,2,1,1,1,253.58,1,16,3,3,3,3,19,1,1,2,2
3,6,2,19,0.05,3,3,2,2,1,290.01,1,18,1,3,3,1,15,3,1,1,3
3,6,2,20,1.8,3,2,2,2,1,227.7,1,6,3,1,1,3,10,3,3,2,2
3,6,2,21,0.4,2,1,2,2,1,236.95,1,1,3,1,2,2,12,1,3,1,3
3,6,2,22,0.05,3,2,2,2,1,418.98,0,9,3,3,1,1,4,3,3,2,2
3,6,2,23,0.1,3,2,2,2,1,302.24,0,1,1,3,3,1,10,1,3,2,2
3,6,2,24,0.4,3,2,2,2,1,302.35,0,12,1,3,3,1,10,3,3,2,2
3,6,2,25,0.2,2,3,2,2,1,265.75,1,17,1,1,2,2,13,3,3,1,1
3,6,2,26,0.8,3,1,2,2,1,249.89,1,9,3,1,1,3,10,1,1,1,1
3,6,2,27,0.05,1,1,1,1,1,375.3,0,13,1,3,1,3,12,3,1,3,1
3,6,2,28,0.1,2,3,2,2,1,276.68,1,4,3,1,2,2,1,1,3,3,1
3,6,2,29,0.05,2,2,2,2,1,332.45,0,19,3,1,2,2,13,3,1,2,2
3,6,2,30,0.8,3,1,2,2,1,261.84,1,10,1,3,3,1,16,3,1,3,1
3,6,2,31,0.8,1,3,1,2,0,237.91,1,2,1,1,1,1,9,1,3,3,1
3,6,2,32,0.8,3,2,NaN,NaN,NaN,NaN,NaN,1,1,1,3,3,6,1,3,2,2
3,6,2,33,0.05,3,2,2,2,1,303.6,0,14,3,1,1,3,6,1,3,2,2
3,6,2,34,0.8,1,2,1,1,1,326.58,0,4,3,3,3,3,19,3,1,2,2
3,6,2,35,0.05,1,1,1,1,1,293.79,1,18,1,1,1,1,3,3,1,3,1
3,6,2,36,1.8,1,1,NaN,NaN,NaN,NaN,NaN,3,1,3,1,3,12,1,3,1,3
3,6,2,37,0.1,3,3,2,2,1,250.6,1,15,1,1,3,3,7,1,1,3,3
3,6,2,38,0.4,3,1,2,2,1,263.99,1,15,1,1,3,3,8,1,3,1,3
3,6,2,39,0.8,3,1,2,2,1,256.06,1,14,3,1,1,3,12,3,1,3,1
3,6,2,40,0.8,1,3,1,1,1,280.23,1,9,3,1,3,1,9,3,3,1,1
3,6,2,41,0.2,1,2,1,1,1,250.33,1,9,3,3,3,3,2,1,1,2,2
3,6,2,42,0.2,2,1,2,2,1,261.94,1,8,1,3,2,2,9,3,1,3,1
3,6,2,43,0.4,2,1,2,2,1,244.78,1,19,1,3,2,2,9,3,3,3,3
3,6,2,44,0.8,1,2,1,1,1,293.56,1,1,1,3,1,3,10,3,1,2,2
3,6,2,45,0.8,3,3,2,2,1,253.5,1,17,3,1,1,3,18,3,3,1,1
3,6,2,46,0.1,2,3,2,2,1,409.6,0,3,1,1,2,2,16,3,1,1,3
3,6,2,47,0.2,3,2,2,2,1,255.92,1,7,3,3,1,1,14,1,1,2,2
3,6,2,48,0.05,3,3,2,2,1,306.16,0,19,1,3,3,1,6,3,1,1,3
3,6,2,49,0.4,3,1,2,2,1,9.7573,2,16,1,3,3,1,14,1,1,1,1
3,6,2,50,0.2,3,3,2,2,1,257.72,1,6,1,3,3,1,12,3,3,1,1
3,6,2,51,0.2,1,2,1,1,1,283.99,1,3,3,3,3,3,14,3,3,2,2
3,6,2,52,0.4,1,3,1,1,1,256.57,1,18,1,3,1,3,18,3,3,1,1
3,6,2,53,0.1,1,2,1,1,1,353.89,0,9,3,3,3,3,9,1,3,2,2
3,6,2,54,0.2,1,3,1,1,1,300.67,0,19,3,3,3,3,20,3,3,1,1
3,6,2,55,0.8,1,3,1,1,1,294.41,1,3,1,3,1,3,3,1,1,3,3
3,6,2,56,0.2,3,2,2,2,1,232.56,1,3,1,1,3,3,18,1,3,2,2
3,6,2,57,0.1,2,3,2,2,1,232.2,1,15,3,1,2,2,18,3,1,1,3
3,6,2,58,1.8,1,3,1,1,1,224.19,1,18,3,3,3,3,12,3,1,1,3
3,6,2,59,1.8,1,3,1,1,1,229.59,1,7,3,3,3,3,10,3,1,1,3
3,6,2,60,0.2,1,1,1,2,0,408.32,0,10,1,3,1,3,18,3,3,3,3
3,6,2,61,1.8,2,2,2,2,1,186.43,1,20,1,3,2,2,4,3,3,2,2
3,6,2,62,0.8,1,3,1,1,1,285.55,1,1,1,1,1,1,11,1,3,3,1
3,6,2,63,0.05,2,3,2,1,0,309.86,0,10,3,3,2,2,1,3,1,1,3
3,6,2,64,0.05,1,3,1,1,1,566.49,0,15,3,1,3,1,1,1,1,3,3
3,6,2,65,0.05,1,2,1,1,1,305.13,0,12,3,3,3,3,18,1,3,2,2
3,6,2,66,0.4,1,3,1,1,1,308.7,0,6,1,1,1,1,7,1,1,3,3
3,6,2,67,1.8,2,2,2,2,1,192.6,1,18,1,3,2,2,16,3,1,2,2
3,6,2,68,0.4,3,2,2,2,1,280.57,1,16,1,1,3,3,6,3,3,2,2
3,6,2,69,0.4,2,3,2,2,1,264.28,1,5,1,1,2,2,12,3,1,1,3
3,6,2,70,0.1,1,3,1,1,1,350.17,0,11,3,3,3,3,3,1,1,3,3
3,6,2,71,0.1,1,3,1,1,1,248.25,1,19,1,3,1,3,17,3,1,1,3
3,6,2,72,1.8,1,3,1,1,1,230.64,1,17,3,1,3,1,20,1,1,3,3
3,6,2,73,0.4,2,1,2,2,1,268.84,1,7,3,1,2,2,12,3,3,3,3
3,6,2,74,0.8,1,3,1,1,1,234.85,1,19,3,1,3,1,15,3,1,1,3
3,6,2,75,0.05,2,3,2,2,1,260.2,1,5,3,1,2,2,5,1,3,3,1
3,6,2,76,1.8,2,2,2,2,1,222.7,1,7,1,1,2,2,5,1,1,2,2
3,6,2,77,0.1,3,3,2,2,1,331.97,0,6,1,1,3,3,15,1,3,3,1
3,6,2,78,0.4,1,3,1,1,1,269.06,1,8,1,1,1,1,12,3,1,1,3
3,6,3,1,0.2,2,2,2,2,1,279.12,1,8,1,1,2,2,15,3,1,2,2
3,6,3,2,0.1,1,2,1,1,1,241.35,1,1,1,3,1,3,4,1,3,2,2
3,6,3,3,0.1,3,3,2,2,1,267.78,1,9,1,1,3,3,9,1,1,3,3
3,6,3,4,0.8,1,3,1,1,1,264.31,1,16,3,1,3,1,11,1,3,3,1
3,6,3,5,0.4,2,2,2,2,1,347.93,0,10,3,3,2,2,2,1,3,2,2
3,6,3,6,0.8,2,3,2,2,1,244.13,1,4,3,1,2,2,12,3,1,1,3
3,6,3,7,0.8,3,1,NaN,NaN,NaN,NaN,NaN,13,3,1,1,3,4,1,1,1,1
3,6,3,8,1.8,3,3,2,2,1,257.46,1,4,3,3,1,1,16,3,1,1,3
3,6,3,9,0.4,1,2,1,1,1,241.68,1,8,3,1,3,1,3,1,1,2,2
3,6,3,10,1.8,2,1,2,2,1,221.55,1,10,1,3,2,2,17,3,1,3,1
3,6,3,11,0.1,1,1,1,1,1,313.57,0,19,1,3,1,3,9,3,1,3,1
3,6,3,12,0.2,1,1,1,1,1,254.74,1,2,1,1,1,1,9,1,1,1,1
3,6,3,13,0.8,2,1,2,2,1,219.69,1,2,3,1,2,2,7,1,1,1,1
3,6,3,14,0.2,1,3,1,1,1,592.52,0,7,3,3,3,3,15,3,1,1,3
3,6,3,15,0.2,1,1,1,1,1,182.07,1,12,3,3,3,3,19,1,3,1,3
3,6,3,16,0.4,2,2,2,2,1,238.51,1,9,1,1,2,2,2,1,1,2,2
3,6,3,17,0.4,1,1,1,1,1,210.95,1,11,1,1,1,1,4,3,3,3,3
3,6,3,18,0.2,1,2,1,1,1,256.72,1,15,3,1,3,1,7,1,3,2,2
3,6,3,19,0.05,1,1,1,1,1,290.37,1,20,1,1,1,1,4,3,1,3,1
3,6,3,20,0.4,1,1,1,1,1,273.35,1,3,1,1,1,1,13,3,3,3,3
3,6,3,21,0.4,1,1,1,1,1,266.56,1,11,1,1,1,1,1,3,3,3,3
3,6,3,22,0.05,1,1,1,1,1,259.12,1,1,1,1,1,1,4,1,3,1,3
3,6,3,23,1.8,2,3,2,2,1,256.38,1,2,1,1,2,2,1,1,1,3,3
3,6,3,24,0.8,3,3,2,2,1,247.53,1,9,3,1,1,3,3,1,3,3,1
3,6,3,25,0.1,2,1,2,1,0,265.25,1,9,1,3,2,2,7,3,3,3,3
3,6,3,26,1.8,2,3,2,1,0,290.2,1,15,3,3,2,2,4,3,1,1,3
3,6,3,27,0.2,1,1,1,1,1,410.92,0,12,1,1,1,1,1,1,1,1,1
3,6,3,28,0.4,1,1,NaN,NaN,NaN,NaN,NaN,9,3,3,3,3,10,1,1,1,1
3,6,3,29,0.1,3,2,2,2,1,286.83,1,5,1,3,3,1,10,3,1,2,2
3,6,3,30,0.05,1,3,1,1,1,321.88,0,17,3,1,3,1,16,1,3,3,1
3,6,3,31,0.1,1,3,1,1,1,284.36,1,9,3,3,3,3,3,3,1,1,3
3,6,3,32,0.8,1,3,NaN,NaN,NaN,NaN,NaN,4,1,3,1,3,13,1,1,3,3
3,6,3,33,1.8,1,3,1,1,1,220.71,1,20,1,1,1,1,14,1,1,3,3
3,6,3,34,0.8,1,3,1,1,1,276.87,1,19,1,1,1,1,6,3,1,1,3
3,6,3,35,1.8,2,3,2,1,0,292.99,1,15,3,3,2,2,9,3,1,1,3
3,6,3,36,0.05,2,3,2,1,0,260.45,1,4,1,1,2,2,18,3,1,1,3
3,6,3,37,0.2,1,3,1,1,1,216.42,1,12,3,1,3,1,10,1,3,3,1
3,6,3,38,0.1,1,1,1,1,1,253.69,1,9,1,3,1,3,13,3,1,3,1
3,6,3,39,0.05,3,1,2,2,1,316.02,0,8,3,3,1,1,7,3,3,3,3
3,6,3,40,0.05,2,1,2,2,1,304.32,0,14,3,1,2,2,17,1,1,1,1
3,6,3,41,0.4,2,3,2,1,0,240.31,1,19,3,1,2,2,12,3,1,1,3
3,6,3,42,1.8,1,2,1,1,1,294.55,1,8,1,3,1,3,2,1,1,2,2
3,6,3,43,0.1,1,3,1,1,1,288.39,1,14,3,3,3,3,4,1,3,3,1
3,6,3,44,0.1,1,1,1,1,1,241.49,1,19,1,1,1,1,2,1,3,1,3
3,6,3,45,0.1,1,3,1,1,1,292.41,1,4,1,3,1,3,3,3,1,1,3
3,6,3,46,1.8,1,3,1,1,1,245.76,1,5,3,1,3,1,9,3,3,1,1
3,6,3,47,1.8,3,1,2,2,1,270.08,1,12,1,3,3,1,16,1,3,1,3
3,6,3,48,0.8,1,3,1,1,1,281.08,1,14,1,1,1,1,5,1,3,3,1
3,6,3,49,0.1,1,2,1,1,1,247.31,1,4,3,3,3,3,2,1,1,2,2
3,6,3,50,1.8,1,2,1,1,1,285.51,1,1,3,3,3,3,18,3,1,2,2
3,6,3,51,0.05,2,3,2,1,0,257.78,1,2,3,1,2,2,12,1,3,3,1
3,6,3,52,0.4,1,3,1,1,1,241.83,1,16,1,1,1,1,8,3,3,1,1
3,6,3,53,0.2,1,3,1,1,1,254.77,1,16,3,3,3,3,6,1,1,3,3
3,6,3,54,0.2,3,1,2,2,1,240.82,1,20,1,3,3,1,15,1,3,1,3
3,6,3,55,0.4,3,3,2,2,1,232.81,1,9,3,1,1,3,5,3,1,1,3
3,6,3,56,1.8,1,2,NaN,NaN,NaN,NaN,NaN,6,1,3,1,3,6,3,3,2,2
3,6,3,57,0.8,1,1,1,1,1,255.12,1,10,3,3,3,3,1,3,3,3,3
3,6,3,58,0.8,1,1,1,1,1,278.52,1,17,3,1,3,1,20,3,1,3,1
3,6,3,59,0.4,2,3,2,2,1,272.13,1,2,3,3,2,2,12,1,1,3,3
3,6,3,60,0.05,1,2,1,1,1,768.94,0,12,1,1,1,1,15,1,3,2,2
3,6,3,61,0.05,1,3,1,1,1,274.94,1,2,1,1,1,1,16,1,3,3,1
3,6,3,62,1.8,1,2,1,1,1,238.13,1,18,3,3,3,3,3,1,3,2,2
3,6,3,63,0.1,3,2,2,2,1,282.37,1,3,3,1,1,3,4,3,3,2,2
3,6,3,64,0.2,3,2,2,2,1,240.55,1,1,1,1,3,3,8,1,1,2,2
3,6,3,65,0.05,2,1,2,2,1,322.4,0,20,1,3,2,2,4,3,1,3,1
3,6,3,66,0.8,1,3,1,1,1,224.69,1,13,3,3,3,3,19,1,3,3,1
3,6,3,67,1.8,2,2,2,2,1,267.58,1,16,1,1,2,2,18,3,3,2,2
3,6,3,68,0.05,2,2,2,2,1,365.55,0,9,1,3,2,2,2,1,1,2,2
3,6,3,69,0.05,1,3,1,1,1,282.98,1,13,1,1,1,1,3,1,3,3,1
3,6,3,70,0.2,2,3,2,2,1,292.57,1,15,3,3,2,2,10,1,1,3,3
3,6,3,71,0.8,2,3,2,2,1,260.36,1,17,3,3,2,2,2,3,1,1,3
3,6,3,72,0.8,1,3,1,1,1,326.6,0,7,3,1,3,1,14,3,1,1,3
3,6,3,73,0.2,3,1,2,2,1,318.79,0,19,3,3,1,1,10,1,1,1,1
3,6,3,74,0.2,1,2,1,1,1,268.07,1,1,3,3,3,3,12,1,1,2,2
3,6,3,75,0.4,3,2,2,2,1,190.75,1,11,3,3,1,1,14,3,3,2,2
3,6,3,76,0.4,2,1,2,1,0,296.89,1,12,1,1,2,2,10,3,3,3,3
3,6,3,77,0.1,3,2,2,1,0,314.3,0,11,1,1,3,3,5,3,1,2,2
3,6,3,78,0.05,1,1,1,1,1,287.03,1,13,3,1,3,1,14,3,3,3,3
3,6,4,1,0.05,1,1,1,1,1,264.28,1,14,1,3,1,3,4,1,1,1,1
3,6,4,2,0.4,3,3,2,2,1,257.79,1,7,3,3,1,1,1,1,1,3,3
3,6,4,3,0.05,2,2,2,2,1,311.16,0,12,1,1,2,2,10,3,3,2,2
3,6,4,4,0.1,1,2,1,1,1,225.12,1,4,1,3,1,3,19,1,1,2,2
3,6,4,5,0.05,2,2,2,2,1,247.29,1,1,3,3,2,2,17,3,1,2,2
3,6,4,6,0.05,1,3,1,1,1,288.95,1,13,3,1,3,1,8,1,3,3,1
3,6,4,7,0.8,3,3,2,2,1,273.83,1,16,3,1,1,3,11,1,3,3,1
3,6,4,8,0.8,1,3,1,1,1,264.61,1,2,3,1,3,1,7,3,3,1,1
3,6,4,9,0.4,1,2,1,1,1,227.76,1,15,1,3,1,3,18,1,1,2,2
3,6,4,10,0.05,1,1,1,1,1,279.1,1,15,3,1,3,1,4,3,3,3,3
3,6,4,11,0.8,1,3,1,1,1,248.8,1,8,3,1,3,1,8,3,1,1,3
3,6,4,12,1.8,1,2,NaN,NaN,NaN,NaN,NaN,8,3,1,3,1,19,1,1,2,2
3,6,4,13,0.2,2,3,2,2,1,266.23,1,13,1,1,2,2,3,3,3,1,1
3,6,4,14,0.4,1,1,1,1,1,269.31,1,9,3,1,3,1,9,1,3,1,3
3,6,4,15,0.05,3,2,2,2,1,261.83,1,6,1,3,3,1,15,1,1,2,2
3,6,4,16,0.2,3,1,2,2,1,279,1,19,1,1,3,3,1,3,1,3,1
3,6,4,17,0.1,1,3,1,1,1,256.09,1,13,3,1,3,1,7,3,3,1,1
3,6,4,18,0.8,1,3,1,1,1,241.99,1,20,1,3,1,3,15,1,3,3,1
3,6,4,19,0.4,3,1,2,2,1,253.13,1,13,3,3,1,1,16,1,1,1,1
3,6,4,20,0.1,3,1,2,2,1,282.92,1,12,3,1,1,3,10,1,3,1,3
3,6,4,21,0.1,2,1,2,1,0,398.01,0,1,3,1,2,2,14,3,1,3,1
3,6,4,22,1.8,3,2,2,2,1,209.14,1,18,1,3,3,1,8,1,1,2,2
3,6,4,23,1.8,3,1,2,2,1,255.77,1,2,3,3,1,1,13,3,3,3,3
3,6,4,24,0.4,2,2,2,2,1,270.08,1,4,1,3,2,2,18,3,3,2,2
3,6,4,25,0.1,2,3,2,2,1,270.11,1,2,1,3,2,2,8,3,1,1,3
3,6,4,26,0.4,1,3,NaN,NaN,NaN,NaN,NaN,3,3,3,3,3,17,1,1,3,3
3,6,4,27,1.8,1,1,NaN,NaN,NaN,NaN,NaN,14,1,3,1,3,7,3,3,3,3
3,6,4,28,0.8,1,2,1,2,0,298.48,1,18,1,3,1,3,10,3,1,2,2
3,6,4,29,0.2,3,3,2,2,1,303.77,0,15,3,3,1,1,19,1,3,3,1
3,6,4,30,0.2,3,1,2,2,1,324.71,0,7,3,1,1,3,4,3,1,3,1
3,6,4,31,1.8,3,2,2,2,1,242.7,1,13,1,1,3,3,16,3,3,2,2
3,6,4,32,0.05,1,2,1,1,1,314.36,0,4,3,3,3,3,17,3,1,2,2
3,6,4,33,0.1,2,2,2,1,0,309.28,0,12,1,3,2,2,20,1,1,2,2
3,6,4,34,0.4,1,3,1,1,1,264.28,1,5,1,3,1,3,17,3,1,1,3
3,6,4,35,0.1,1,2,1,1,1,323.13,0,12,1,3,1,3,17,3,3,2,2
3,6,4,36,0.1,1,2,1,1,1,315.94,0,9,3,1,3,1,6,3,1,2,2
3,6,4,37,0.8,1,1,1,1,1,177.59,1,2,3,3,3,3,1,1,3,1,3
3,6,4,38,0.1,3,2,2,2,1,285.48,1,20,3,3,1,1,10,3,3,2,2
3,6,4,39,0.2,1,3,1,1,1,250.09,1,5,3,1,3,1,5,3,1,1,3
3,6,4,40,0.05,1,3,1,1,1,252.33,1,5,3,1,3,1,5,1,3,3,1
3,6,4,41,0.4,1,2,1,1,1,293.23,1,16,3,1,3,1,13,3,1,2,2
3,6,4,42,0.2,1,2,1,2,0,292.44,1,6,3,1,3,1,20,3,1,2,2
3,6,4,43,0.2,1,2,1,1,1,224.55,1,18,3,1,3,1,7,3,1,2,2
3,6,4,44,1.8,1,1,1,1,1,267.61,1,5,3,1,3,1,8,1,1,1,1
3,6,4,45,0.4,2,1,2,2,1,190.44,1,5,3,1,2,2,12,1,1,1,1
3,6,4,46,0.4,3,2,2,2,1,259.46,1,17,3,3,1,1,20,3,3,2,2
3,6,4,47,0.2,3,2,2,2,1,348.8,0,3,3,1,1,3,20,1,3,2,2
3,6,4,48,0.4,1,3,1,1,1,266.94,1,19,1,1,1,1,13,1,3,3,1
3,6,4,49,0.4,1,1,1,1,1,270.15,1,5,1,3,1,3,1,3,1,3,1
3,6,4,50,0.8,2,2,2,2,1,266.06,1,4,1,3,2,2,9,1,1,2,2
3,6,4,51,1.8,1,2,1,1,1,314.11,0,6,1,3,1,3,6,3,1,2,2
3,6,4,52,0.05,3,3,2,2,1,272.39,1,16,3,1,1,3,20,3,1,1,3
3,6,4,53,1.8,1,3,1,1,1,275.64,1,6,3,1,3,1,2,3,1,1,3
3,6,4,54,0.05,3,2,2,2,1,323.97,0,9,3,1,1,3,9,3,3,2,2
3,6,4,55,0.8,2,3,2,2,1,293.11,1,8,1,1,2,2,14,1,1,3,3
3,6,4,56,0.2,2,2,2,2,1,332.05,0,4,3,1,2,2,15,3,1,2,2
3,6,4,57,0.2,1,3,1,1,1,265.67,1,6,1,1,1,1,13,3,3,1,1
3,6,4,58,0.05,2,1,2,1,0,332.44,0,4,3,1,2,2,18,3,3,3,3
3,6,4,59,0.2,2,2,2,1,0,288.88,1,20,1,3,2,2,14,3,3,2,2
3,6,4,60,0.2,2,3,2,2,1,304.76,0,8,1,3,2,2,10,3,3,1,1
3,6,4,61,1.8,3,1,2,2,1,246.54,1,20,1,1,3,3,12,3,3,3,3
3,6,4,62,0.8,1,3,1,1,1,338.52,0,7,1,1,1,1,2,3,1,1,3
3,6,4,63,0.4,1,3,1,1,1,219.07,1,8,3,3,3,3,4,1,3,3,1
3,6,4,64,1.8,1,3,1,1,1,181.06,1,7,1,1,1,1,6,3,1,1,3
3,6,4,65,0.8,1,1,1,1,1,200.91,1,12,3,3,3,3,5,1,3,1,3
3,6,4,66,0.8,3,2,2,2,1,192.25,1,3,1,3,3,1,18,1,1,2,2
3,6,4,67,0.05,3,1,2,2,1,284.17,1,15,1,1,3,3,5,1,3,1,3
3,6,4,68,1.8,1,1,1,1,1,270.33,1,17,3,1,3,1,12,1,3,1,3
3,6,4,69,0.05,2,2,2,2,1,243.2,1,19,3,1,2,2,10,3,1,2,2
3,6,4,70,0.1,2,3,2,2,1,286.77,1,3,3,1,2,2,7,1,3,3,1
3,6,4,71,0.1,3,1,2,2,1,254.52,1,16,3,3,1,1,19,1,1,1,1
3,6,4,72,0.8,3,3,2,2,1,264.93,1,20,3,3,1,1,6,1,3,3,1
3,6,4,73,1.8,3,2,2,2,1,236.37,1,3,3,1,1,3,4,1,1,2,2
3,6,4,74,0.8,3,2,2,2,1,258.74,1,13,3,3,1,1,3,3,3,2,2
3,6,4,75,0.2,2,2,2,2,1,251.6,1,10,1,3,2,2,18,3,3,2,2
3,6,4,76,0.1,3,3,2,2,1,230.23,1,17,3,3,1,1,10,3,1,1,3
3,6,4,77,0.1,1,3,1,1,1,291.14,1,7,3,1,3,1,19,1,3,3,1
3,6,4,78,1.8,2,1,NaN,NaN,NaN,NaN,NaN,2,3,1,2,2,2,1,1,1,1
3,6,5,1,0.4,3,2,2,2,1,269.02,1,2,1,3,3,1,2,1,3,2,2
3,6,5,2,0.2,2,3,2,2,1,193.11,1,9,1,1,2,2,1,3,3,1,1
3,6,5,3,0.8,1,3,1,1,1,229.5,1,18,1,3,1,3,17,1,3,3,1
3,6,5,4,0.4,2,1,2,2,1,245.98,1,13,1,1,2,2,10,1,3,1,3
3,6,5,5,0.05,1,3,1,1,1,260.14,1,14,3,1,3,1,9,3,3,1,1
3,6,5,6,0.4,1,1,1,1,1,221.52,1,7,3,3,3,3,2,3,1,3,1
3,6,5,7,0.4,1,1,1,1,1,247.66,1,13,1,1,1,1,12,3,3,3,3
3,6,5,8,0.2,3,2,2,2,1,201.4,1,2,3,3,1,1,20,3,3,2,2
3,6,5,9,0.1,1,1,1,1,1,294.48,1,19,1,3,1,3,7,3,3,3,3
3,6,5,10,0.4,1,2,1,1,1,214.93,1,13,3,1,3,1,7,3,1,2,2
3,6,5,11,1.8,1,3,NaN,NaN,NaN,NaN,NaN,3,1,1,1,1,11,1,3,3,1
3,6,5,12,0.8,1,1,1,1,1,232.89,1,8,3,1,3,1,1,3,1,3,1
3,6,5,13,0.1,2,2,2,1,0,262.56,1,14,1,1,2,2,20,3,3,2,2
3,6,5,14,0.8,3,1,2,2,1,237.54,1,11,3,1,1,3,12,1,3,1,3
3,6,5,15,0.4,1,2,1,1,1,225.6,1,11,1,1,1,1,16,1,1,2,2
3,6,5,16,0.2,1,2,1,1,1,191.43,1,18,1,1,1,1,7,3,1,2,2
3,6,5,17,1.8,2,1,2,1,0,199.51,1,17,3,1,2,2,3,3,1,3,1
3,6,5,18,0.2,1,3,1,1,1,292.22,1,10,1,3,1,3,16,1,3,3,1
3,6,5,19,0.8,3,1,NaN,NaN,NaN,NaN,NaN,15,3,3,1,1,11,3,3,3,3
3,6,5,20,0.2,1,3,1,1,1,285.63,1,2,1,1,1,1,5,1,3,3,1
3,6,5,21,0.4,1,1,1,1,1,228.51,1,8,1,1,1,1,19,3,3,3,3
3,6,5,22,1.8,1,3,1,1,1,244.36,1,2,1,3,1,3,15,1,1,3,3
3,6,5,23,1.8,1,3,NaN,NaN,NaN,NaN,NaN,10,3,1,3,1,12,3,3,1,1
3,6,5,24,0.4,1,3,1,1,1,275.69,1,18,3,3,3,3,12,3,1,1,3
3,6,5,25,0.1,1,1,1,1,1,282.91,1,18,1,1,1,1,20,1,1,1,1
3,6,5,26,0.8,3,3,2,2,1,248.48,1,4,3,3,1,1,1,3,3,1,1
3,6,5,27,0.05,1,3,1,1,1,276.75,1,18,1,1,1,1,8,3,3,1,1
3,6,5,28,1.8,3,2,2,2,1,300.75,0,19,3,1,1,3,20,1,1,2,2
3,6,5,29,0.2,1,3,1,1,1,267.09,1,16,3,3,3,3,1,3,1,1,3
3,6,5,30,0.05,1,3,1,1,1,300.95,0,16,3,3,3,3,20,3,3,1,1
3,6,5,31,0.2,2,3,2,2,1,248.08,1,6,1,3,2,2,17,3,3,1,1
3,6,5,32,0.4,1,3,1,1,1,319.12,0,10,3,3,3,3,15,1,1,3,3
3,6,5,33,0.8,1,3,1,1,1,270.64,1,19,3,1,3,1,6,3,3,1,1
3,6,5,34,0.8,1,2,1,1,1,214.14,1,9,3,3,3,3,17,1,3,2,2
3,6,5,35,0.8,3,2,2,2,1,273.05,1,4,3,3,1,1,12,3,3,2,2
3,6,5,36,0.1,1,2,1,1,1,274.83,1,15,3,1,3,1,5,1,1,2,2
3,6,5,37,0.05,3,1,2,2,1,311.68,0,16,3,3,1,1,1,1,1,1,1
3,6,5,38,1.8,3,3,NaN,NaN,NaN,NaN,NaN,7,1,1,3,3,15,1,3,3,1
3,6,5,39,0.05,3,1,2,2,1,256.04,1,3,1,1,3,3,12,3,3,3,3
3,6,5,40,1.8,3,3,NaN,NaN,NaN,NaN,NaN,12,3,1,1,3,8,1,1,3,3
3,6,5,41,0.1,3,3,2,2,1,281.08,1,2,1,3,3,1,3,3,3,1,1
3,6,5,42,0.2,3,3,2,2,1,293.26,1,8,3,1,1,3,17,1,3,3,1
3,6,5,43,1.8,1,3,1,1,1,277.66,1,9,3,3,3,3,13,1,3,3,1
3,6,5,44,0.4,3,3,2,2,1,284.85,1,7,3,1,1,3,16,1,3,3,1
3,6,5,45,0.2,1,1,1,1,1,278.22,1,19,1,1,1,1,9,3,3,3,3
3,6,5,46,0.05,1,3,1,1,1,282.9,1,12,3,3,3,3,19,3,3,1,1
3,6,5,47,0.05,2,1,2,2,1,266.51,1,8,1,3,2,2,9,3,3,3,3
3,6,5,48,0.1,2,2,2,1,0,244.04,1,15,1,3,2,2,12,1,1,2,2
3,6,5,49,1.8,1,2,1,1,1,209.79,1,19,3,3,3,3,10,3,1,2,2
3,6,5,50,0.2,3,3,2,2,1,207.14,1,13,1,1,3,3,1,3,3,1,1
3,6,5,51,1.8,1,2,1,1,1,298.19,1,18,3,1,3,1,2,1,1,2,2
3,6,5,52,0.1,1,2,1,1,1,213.7,1,7,3,1,3,1,3,3,3,2,2
3,6,5,53,1.8,2,2,2,1,0,265.55,1,15,3,3,2,2,7,3,3,2,2
3,6,5,54,0.1,3,2,2,2,1,299.13,1,4,3,3,1,1,8,1,3,2,2
3,6,5,55,0.4,3,1,2,2,1,260.65,1,12,1,1,3,3,12,3,3,3,3
3,6,5,56,0.05,1,2,1,1,1,294.21,1,5,1,3,1,3,12,1,1,2,2
3,6,5,57,0.8,3,1,2,2,1,309.48,0,14,3,3,1,1,5,3,3,3,3
3,6,5,58,0.2,1,3,1,1,1,266.78,1,7,3,3,3,3,7,1,1,3,3
3,6,5,59,0.1,1,2,1,1,1,280.72,1,13,1,3,1,3,11,3,1,2,2
3,6,5,60,0.2,3,1,2,2,1,263.92,1,12,3,1,1,3,12,1,1,1,1
3,6,5,61,0.05,1,2,1,1,1,268.5,1,19,3,3,3,3,2,3,1,2,2
3,6,5,62,0.1,1,2,1,1,1,231.55,1,16,1,3,1,3,16,3,1,2,2
3,6,5,63,0.1,1,3,1,1,1,867.46,0,13,3,3,3,3,13,3,3,1,1
3,6,5,64,0.8,2,3,2,2,1,247.96,1,10,1,1,2,2,2,1,3,3,1
3,6,5,65,0.05,2,1,2,1,0,243.44,1,15,1,3,2,2,3,3,1,3,1
3,6,5,66,0.8,2,3,2,2,1,274.64,1,16,1,3,2,2,1,3,1,1,3
3,6,5,67,0.8,1,3,1,1,1,236.53,1,1,1,1,1,1,16,3,3,1,1
3,6,5,68,0.4,1,3,1,1,1,288.98,1,20,3,3,3,3,3,1,3,3,1
3,6,5,69,0.05,1,1,1,2,0,318.97,0,14,3,1,3,1,20,1,3,1,3
3,6,5,70,0.1,3,2,2,2,1,241.37,1,11,3,1,1,3,6,1,1,2,2
3,6,5,71,0.05,3,1,2,1,0,241.81,1,10,3,3,1,1,1,1,1,1,1
3,6,5,72,1.8,1,2,NaN,NaN,NaN,NaN,NaN,16,3,3,3,3,7,1,1,2,2
3,6,5,73,0.1,1,3,1,1,1,208.27,1,4,1,1,1,1,13,1,1,3,3
3,6,5,74,0.4,1,2,1,1,1,268.06,1,13,3,1,3,1,11,3,3,2,2
3,6,5,75,0.05,1,3,1,1,1,272.01,1,17,1,3,1,3,8,1,1,3,3
3,6,5,76,1.8,2,2,2,2,1,240.95,1,3,1,3,2,2,1,3,1,2,2
3,6,5,77,0.8,1,2,NaN,NaN,NaN,NaN,NaN,14,3,1,3,1,2,3,3,2,2
3,6,5,78,0.2,1,2,1,1,1,234.2,1,12,3,1,3,1,18,3,1,2,2
3,6,6,1,0.05,2,1,2,2,1,320.27,0,19,3,3,2,2,12,1,3,1,3
3,6,6,2,0.8,2,3,2,2,1,248.05,1,6,1,3,2,2,16,3,1,1,3
3,6,6,3,0.2,2,2,2,2,1,225.54,1,20,3,3,2,2,2,1,3,2,2
3,6,6,4,1.8,2,3,2,2,1,196.25,1,4,1,3,2,2,5,3,1,1,3
3,6,6,5,0.05,3,2,2,2,1,243.38,1,18,1,3,3,1,20,1,3,2,2
3,6,6,6,0.4,1,1,1,1,1,224.1,1,18,3,3,3,3,11,3,3,3,3
3,6,6,7,0.2,1,1,1,1,1,250.9,1,6,1,1,1,1,20,3,3,3,3
3,6,6,8,1.8,3,2,2,2,1,232.05,1,3,1,1,3,3,6,1,1,2,2
3,6,6,9,0.1,1,3,1,1,1,290.77,1,15,3,1,3,1,18,1,3,3,1
3,6,6,10,0.1,2,2,2,1,0,288.03,1,4,1,3,2,2,2,3,3,2,2
3,6,6,11,0.1,2,1,2,2,1,247.67,1,13,1,3,2,2,3,1,1,1,1
3,6,6,12,0.2,2,3,2,2,1,273.52,1,19,1,1,2,2,4,1,1,3,3
3,6,6,13,1.8,2,2,2,1,0,265.76,1,4,3,3,2,2,3,1,1,2,2
3,6,6,14,0.1,2,2,2,2,1,242.43,1,3,1,3,2,2,12,3,1,2,2
3,6,6,15,0.1,3,2,2,2,1,274.2,1,12,1,3,3,1,14,3,3,2,2
3,6,6,16,1.8,2,2,2,2,1,283.12,1,3,1,1,2,2,5,3,3,2,2
3,6,6,17,0.8,1,3,1,1,1,282.41,1,5,1,3,1,3,2,1,3,3,1
3,6,6,18,0.4,1,2,1,1,1,331.59,0,7,1,3,1,3,4,3,1,2,2
3,6,6,19,1.8,1,2,1,1,1,217.65,1,16,1,3,1,3,20,3,1,2,2
3,6,6,20,0.1,1,1,1,1,1,286.42,1,7,1,1,1,1,6,1,1,1,1
3,6,6,21,1.8,1,1,1,1,1,288.24,1,18,3,1,3,1,4,1,1,1,1
3,6,6,22,0.8,3,1,2,2,1,331.81,0,9,3,1,1,3,15,1,3,1,3
3,6,6,23,0.2,1,1,1,1,1,181.8,1,1,1,1,1,1,8,3,1,3,1
3,6,6,24,1.8,1,1,1,1,1,277.06,1,19,1,3,1,3,11,3,3,3,3
3,6,6,25,0.4,1,2,1,1,1,384.03,0,15,1,3,1,3,4,1,3,2,2
3,6,6,26,0.1,1,2,1,1,1,312.14,0,10,3,3,3,3,18,1,3,2,2
3,6,6,27,0.4,1,2,1,1,1,234.1,1,9,3,3,3,3,5,3,3,2,2
3,6,6,28,0.05,3,3,2,2,1,251.9,1,5,1,1,3,3,11,1,1,3,3
3,6,6,29,0.4,1,3,1,1,1,260.4,1,11,3,1,3,1,10,1,3,3,1
3,6,6,30,0.2,3,1,2,2,1,295.83,1,8,1,1,3,3,20,3,3,3,3
3,6,6,31,0.05,3,1,2,2,1,430.78,0,15,1,1,3,3,8,3,3,3,3
3,6,6,32,0.05,3,1,2,2,1,251.84,1,8,1,3,3,1,1,1,3,1,3
3,6,6,33,0.2,3,2,2,2,1,204.65,1,18,1,1,3,3,3,1,3,2,2
3,6,6,34,0.05,1,1,1,1,1,276.82,1,3,3,3,3,3,8,3,3,3,3
3,6,6,35,0.1,2,1,2,2,1,291.6,1,13,3,1,2,2,2,3,1,3,1
3,6,6,36,0.2,2,1,2,2,1,155.8,1,18,1,3,2,2,15,1,1,1,1
3,6,6,37,0.2,1,2,1,1,1,268.62,1,14,1,1,1,1,15,3,1,2,2
3,6,6,38,0.05,3,3,2,2,1,258.17,1,13,3,3,1,1,12,3,1,1,3
3,6,6,39,0.2,2,1,2,2,1,130.01,1,18,3,1,2,2,17,3,1,3,1
3,6,6,40,0.1,2,2,2,1,0,304.64,0,5,1,1,2,2,20,3,1,2,2
3,6,6,41,0.8,1,2,1,1,1,259.56,1,7,1,1,1,1,13,1,3,2,2
3,6,6,42,0.4,1,3,1,1,1,335.71,0,19,3,3,3,3,6,1,1,3,3
3,6,6,43,1.8,1,3,1,1,1,243.13,1,3,3,1,3,1,9,1,1,3,3
3,6,6,44,0.4,2,2,2,2,1,258.97,1,13,3,1,2,2,17,3,3,2,2
3,6,6,45,0.8,3,3,2,2,1,224.93,1,12,3,1,1,3,2,1,1,3,3
3,6,6,46,0.05,2,3,2,2,1,308.5,0,3,1,1,2,2,11,1,1,3,3
3,6,6,47,0.8,1,1,1,1,1,217.08,1,2,1,1,1,1,13,3,3,3,3
3,6,6,48,0.4,1,1,1,1,1,339.21,0,7,3,3,3,3,15,1,1,1,1
3,6,6,49,0.8,1,3,1,1,1,247.46,1,9,1,3,1,3,10,1,3,3,1
3,6,6,50,0.4,3,2,2,2,1,275.58,1,8,3,1,1,3,3,3,3,2,2
3,6,6,51,0.05,3,1,2,2,1,333.08,0,10,1,3,3,1,15,3,1,3,1
3,6,6,52,1.8,3,1,2,2,1,249.58,1,11,1,1,3,3,19,1,1,1,1
3,6,6,53,0.05,1,2,1,2,0,269.12,1,19,1,3,1,3,20,1,3,2,2
3,6,6,54,0.05,1,2,1,1,1,275.6,1,10,3,3,3,3,5,3,3,2,2
3,6,6,55,0.05,3,2,2,2,1,311.21,0,17,3,1,1,3,13,1,1,2,2
3,6,6,56,1.8,3,1,2,2,1,229.37,1,8,1,1,3,3,2,1,3,1,3
3,6,6,57,0.4,1,3,1,1,1,278.51,1,20,1,1,1,1,14,3,3,1,1
3,6,6,58,0.1,3,2,2,2,1,173.88,1,9,1,1,3,3,5,3,1,2,2
3,6,6,59,1.8,2,1,NaN,NaN,NaN,NaN,NaN,8,3,1,2,2,14,3,1,3,1
3,6,6,60,1.8,3,1,2,2,1,226.61,1,10,1,3,3,1,17,3,1,3,1
3,6,6,61,0.4,1,3,1,1,1,-0.76652,2,10,1,1,1,1,12,1,1,3,3
3,6,6,62,0.8,1,1,1,1,1,247.54,1,9,3,3,3,3,18,1,3,1,3
3,6,6,63,0.1,1,1,1,1,1,303.48,0,3,3,1,3,1,19,3,3,3,3
3,6,6,64,0.8,1,2,1,1,1,221.23,1,7,1,3,1,3,3,1,3,2,2
3,6,6,65,0.8,3,3,NaN,NaN,NaN,NaN,NaN,6,3,3,1,1,19,3,1,1,3
3,6,6,66,1.8,1,2,1,1,1,222.55,1,5,1,3,1,3,1,3,1,2,2
3,6,6,67,0.8,1,2,1,1,1,223.72,1,19,3,1,3,1,7,3,1,2,2
3,6,6,68,0.8,1,3,1,1,1,281.58,1,19,3,3,3,3,2,1,3,3,1
3,6,6,69,0.2,1,1,1,1,1,278.14,1,18,3,3,3,3,9,1,1,1,1
3,6,6,70,0.2,3,2,2,2,1,316.73,0,6,1,3,3,1,17,1,3,2,2
3,6,6,71,0.8,3,2,2,2,1,301.21,0,14,1,3,3,1,10,3,1,2,2
3,6,6,72,0.1,3,3,2,2,1,316.02,0,2,1,1,3,3,5,3,3,1,1
3,6,6,73,0.4,1,2,1,1,1,260.17,1,4,1,3,1,3,18,1,1,2,2
3,6,6,74,0.2,1,3,1,1,1,275.63,1,14,1,3,1,3,16,3,1,1,3
3,6,6,75,0.4,1,1,1,1,1,230.24,1,18,3,1,3,1,2,3,3,3,3
3,6,6,76,0.05,1,1,1,1,1,259.1,1,11,1,1,1,1,13,1,3,1,3
3,6,6,77,0.1,2,1,2,1,0,226.98,1,9,3,3,2,2,8,1,3,1,3
3,6,6,78,0.2,1,2,1,1,1,280.5,1,19,1,3,1,3,7,1,3,2,2
3,6,7,1,0.1,3,2,2,2,1,259.01,1,12,3,3,1,1,6,3,1,2,2
3,6,7,2,0.8,2,1,NaN,NaN,NaN,NaN,NaN,1,3,1,2,2,9,1,3,1,3
3,6,7,3,0.05,1,2,1,1,1,241.65,1,8,3,1,3,1,13,3,3,2,2
3,6,7,4,0.2,1,3,1,1,1,264.95,1,12,1,1,1,1,10,3,3,1,1
3,6,7,5,0.05,1,3,1,1,1,263.37,1,16,3,3,3,3,9,3,3,1,1
3,6,7,6,0.05,1,2,1,1,1,283.29,1,11,3,3,3,3,18,3,3,2,2
3,6,7,7,0.4,3,1,2,2,1,321.91,0,20,1,1,3,3,14,1,1,1,1
3,6,7,8,0.1,3,2,2,2,1,275.51,1,8,1,1,3,3,7,3,1,2,2
3,6,7,9,0.1,1,2,1,1,1,280.41,1,12,3,3,3,3,12,1,1,2,2
3,6,7,10,0.05,1,2,1,2,0,280.57,1,12,1,3,1,3,8,3,1,2,2
3,6,7,11,0.1,2,1,2,2,1,262.94,1,4,3,1,2,2,17,3,3,3,3
3,6,7,12,0.1,3,1,2,2,1,276.19,1,17,3,1,1,3,7,3,3,3,3
3,6,7,13,1.8,3,1,2,2,1,240.69,1,12,3,1,1,3,7,1,3,1,3
3,6,7,14,0.05,2,1,2,1,0,305.66,0,20,1,1,2,2,10,3,1,3,1
3,6,7,15,1.8,2,1,2,2,1,280.85,1,8,1,3,2,2,17,1,1,1,1
3,6,7,16,1.8,2,2,2,2,1,308.25,0,1,1,3,2,2,19,3,1,2,2
3,6,7,17,0.8,3,3,2,2,1,262.54,1,11,1,3,3,1,1,1,3,3,1
3,6,7,18,0.8,1,3,1,1,1,271.59,1,4,3,1,3,1,8,1,1,3,3
3,6,7,19,0.2,2,3,2,2,1,341.59,0,20,3,1,2,2,1,3,1,1,3
3,6,7,20,1.8,1,3,NaN,NaN,NaN,NaN,NaN,2,1,1,1,1,18,3,3,1,1
3,6,7,21,1.8,1,3,1,1,1,287.14,1,17,3,3,3,3,5,1,3,3,1
3,6,7,22,0.2,1,2,1,1,1,294.5,1,20,1,3,1,3,5,1,1,2,2
3,6,7,23,1.8,1,3,1,1,1,266.01,1,8,1,1,1,1,10,3,1,1,3
3,6,7,24,0.8,1,2,1,1,1,259.76,1,3,3,3,3,3,7,1,3,2,2
3,6,7,25,0.4,1,1,1,1,1,355.89,0,5,3,3,3,3,9,1,3,1,3
3,6,7,26,0.2,1,1,1,1,1,292.4,1,11,3,1,3,1,16,1,1,1,1
3,6,7,27,0.1,1,3,1,1,1,288.93,1,5,1,3,1,3,19,3,1,1,3
3,6,7,28,0.2,3,3,2,2,1,232.67,1,12,1,1,3,3,19,3,1,1,3
3,6,7,29,0.05,1,2,1,1,1,282.39,1,20,3,1,3,1,5,3,3,2,2
3,6,7,30,0.4,1,3,1,1,1,195.02,1,10,1,1,1,1,5,1,3,3,1
3,6,7,31,0.1,1,2,1,1,1,267.75,1,3,3,1,3,1,14,3,3,2,2
3,6,7,32,0.4,1,1,1,1,1,264.9,1,15,1,1,1,1,18,3,1,3,1
3,6,7,33,0.4,1,1,1,1,1,278.22,1,15,1,1,1,1,2,1,1,1,1
3,6,7,34,0.2,1,1,1,1,1,266.68,1,18,3,3,3,3,1,1,3,1,3
3,6,7,35,0.2,2,2,2,2,1,180.28,1,6,1,1,2,2,16,1,3,2,2
3,6,7,36,1.8,1,3,1,1,1,270.95,1,7,1,1,1,1,14,3,3,1,1
3,6,7,37,0.4,3,1,2,2,1,252.57,1,18,3,3,1,1,17,3,1,3,1
3,6,7,38,0.4,1,2,1,1,1,278.82,1,17,3,1,3,1,1,1,1,2,2
3,6,7,39,0.1,1,3,1,1,1,300.28,0,12,1,3,1,3,3,3,1,1,3
3,6,7,40,0.2,1,2,1,1,1,220.18,1,18,1,1,1,1,2,3,3,2,2
3,6,7,41,0.2,2,2,2,1,0,287.98,1,19,1,3,2,2,18,3,1,2,2
3,6,7,42,0.1,2,3,2,2,1,279.53,1,6,1,3,2,2,20,1,1,3,3
3,6,7,43,0.05,2,2,2,1,0,273.64,1,13,3,1,2,2,2,1,3,2,2
3,6,7,44,1.8,2,1,NaN,NaN,NaN,NaN,NaN,19,3,1,2,2,13,1,3,1,3
3,6,7,45,0.2,3,3,2,2,1,256.86,1,3,1,3,3,1,15,1,1,3,3
3,6,7,46,0.1,1,3,1,1,1,300.03,0,11,1,3,1,3,9,3,1,1,3
3,6,7,47,0.8,3,3,2,2,1,207.07,1,4,3,3,1,1,2,1,3,3,1
3,6,7,48,0.8,3,2,2,2,1,222.73,1,2,3,1,1,3,12,1,1,2,2
3,6,7,49,0.05,1,2,1,1,1,277.22,1,1,3,3,3,3,18,3,1,2,2
3,6,7,50,0.4,3,1,2,2,1,328.11,0,2,1,3,3,1,8,1,1,1,1
3,6,7,51,0.4,1,2,1,1,1,249.63,1,20,1,3,1,3,10,1,1,2,2
3,6,7,52,0.2,1,3,1,2,0,273.92,1,7,1,1,1,1,16,3,3,1,1
3,6,7,53,1.8,1,1,1,1,1,238.91,1,8,3,3,3,3,20,1,3,1,3
3,6,7,54,0.05,3,3,2,2,1,275.9,1,17,1,1,3,3,4,1,1,3,3
3,6,7,55,0.05,3,2,2,2,1,301.83,0,2,3,3,1,1,16,1,3,2,2
3,6,7,56,0.05,1,2,1,1,1,301.63,0,10,1,3,1,3,5,1,3,2,2
3,6,7,57,1.8,1,1,1,1,1,223.89,1,2,1,3,1,3,17,1,3,1,3
3,6,7,58,0.1,1,3,1,1,1,228.56,1,5,1,3,1,3,14,3,3,1,1
3,6,7,59,0.05,2,2,2,2,1,270.32,1,9,1,3,2,2,18,1,1,2,2
3,6,7,60,0.1,2,2,2,2,1,182.16,1,6,1,1,2,2,8,3,1,2,2
3,6,7,61,1.8,1,1,1,1,1,322.54,0,14,3,3,3,3,11,3,3,3,3
3,6,7,62,0.8,1,3,1,1,1,285.14,1,10,1,3,1,3,8,3,1,1,3
3,6,7,63,0.05,1,3,1,1,1,216.5,1,17,1,1,1,1,17,1,3,3,1
3,6,7,64,0.4,3,3,2,2,1,231.02,1,13,3,1,1,3,4,1,3,3,1
3,6,7,65,1.8,2,2,NaN,NaN,NaN,NaN,NaN,10,1,1,2,2,4,1,3,2,2
3,6,7,66,0.2,3,3,2,2,1,301.09,0,7,1,3,3,1,20,1,1,3,3
3,6,7,67,0.4,1,3,1,2,0,251.73,1,16,1,3,1,3,13,1,1,3,3
3,6,7,68,0.8,2,1,NaN,NaN,NaN,NaN,NaN,17,1,3,2,2,8,1,1,1,1
3,6,7,69,0.2,1,3,1,1,1,376.44,0,18,3,1,3,1,7,1,3,3,1
3,6,7,70,0.8,1,2,1,1,1,245.98,1,12,1,3,1,3,16,1,3,2,2
3,6,7,71,1.8,2,1,2,2,1,254.23,1,18,1,3,2,2,3,1,1,1,1
3,6,7,72,0.8,1,3,1,1,1,268.96,1,9,1,3,1,3,6,3,3,1,1
3,6,7,73,0.4,2,2,2,2,1,159.24,1,10,1,3,2,2,10,1,1,2,2
3,6,7,74,0.8,2,3,NaN,NaN,NaN,NaN,NaN,2,1,3,2,2,11,3,3,1,1
3,6,7,75,0.8,3,1,2,2,1,265.27,1,17,3,3,1,1,12,1,1,1,1
3,6,7,76,0.8,2,3,2,2,1,267.39,1,15,3,1,2,2,10,3,3,1,1
3,6,7,77,0.4,2,1,2,2,1,286.24,1,14,1,3,2,2,3,1,3,1,3
3,6,7,78,0.1,1,3,1,1,1,276.56,1,4,1,1,1,1,11,1,1,3,3
3,6,8,1,0.1,3,1,2,2,1,262.54,1,16,1,1,3,3,7,3,1,3,1
3,6,8,2,0.1,3,2,2,2,1,368.78,0,9,1,3,3,1,12,3,1,2,2
3,6,8,3,0.1,3,3,2,1,0,270.92,1,12,1,3,3,1,14,1,3,3,1
3,6,8,4,1.8,3,1,NaN,NaN,NaN,NaN,NaN,9,3,3,1,1,19,3,3,3,3
3,6,8,5,1.8,2,3,2,2,1,275.29,1,8,1,1,2,2,7,1,3,3,1
3,6,8,6,0.1,3,2,2,2,1,276.63,1,15,1,1,3,3,2,1,3,2,2
3,6,8,7,0.05,1,3,1,1,1,307.76,0,5,3,3,3,3,9,3,3,1,1
3,6,8,8,0.2,3,1,2,2,1,242.25,1,18,3,1,1,3,7,3,3,3,3
3,6,8,9,1.8,3,3,2,2,1,217.06,1,5,1,3,3,1,8,3,1,1,3
3,6,8,10,0.05,1,3,1,1,1,316.45,0,18,1,3,1,3,5,3,1,1,3
3,6,8,11,0.4,1,2,1,1,1,289.79,1,8,3,3,3,3,19,3,1,2,2
3,6,8,12,0.05,3,2,2,2,1,326.88,0,11,3,1,1,3,4,3,3,2,2
3,6,8,13,1.8,1,1,1,1,1,238.8,1,16,3,3,3,3,7,1,1,1,1
3,6,8,14,0.05,1,1,1,1,1,280.08,1,4,1,3,1,3,19,1,3,1,3
3,6,8,15,1.8,1,2,1,1,1,306.63,0,4,1,3,1,3,13,3,3,2,2
3,6,8,16,0.4,1,1,1,1,1,293.62,1,9,1,1,1,1,4,1,1,1,1
3,6,8,17,0.1,1,1,1,1,1,311.98,0,4,3,3,3,3,1,3,1,3,1
3,6,8,18,0.4,3,2,2,2,1,257.59,1,1,1,3,3,1,13,3,1,2,2
3,6,8,19,0.8,1,1,1,1,1,272.56,1,4,3,1,3,1,4,1,3,1,3
3,6,8,20,1.8,1,1,1,1,1,277.89,1,11,1,1,1,1,14,1,3,1,3
3,6,8,21,0.05,3,3,2,2,1,426.33,0,8,1,3,3,1,12,3,1,1,3
3,6,8,22,0.4,1,2,1,1,1,267.49,1,5,3,1,3,1,2,1,1,2,2
3,6,8,23,0.1,1,3,1,1,1,223.94,1,7,3,3,3,3,2,3,1,1,3
3,6,8,24,1.8,3,3,2,2,1,281.18,1,9,1,1,3,3,1,1,3,3,1
3,6,8,25,0.8,1,3,1,1,1,258.75,1,13,3,3,3,3,8,1,3,3,1
3,6,8,26,0.2,1,2,1,1,1,260.94,1,18,1,3,1,3,20,1,3,2,2
3,6,8,27,0.1,1,2,1,1,1,256.62,1,9,1,1,1,1,7,1,3,2,2
3,6,8,28,0.8,1,3,1,1,1,224.45,1,10,3,3,3,3,14,3,1,1,3
3,6,8,29,0.8,3,2,2,2,1,263.16,1,20,3,3,1,1,19,3,3,2,2
3,6,8,30,0.4,1,3,1,1,1,262.55,1,1,1,1,1,1,19,3,3,1,1
3,6,8,31,1.8,3,2,2,2,1,293.22,1,12,1,1,3,3,2,3,3,2,2
3,6,8,32,1.8,1,2,1,1,1,249.21,1,6,1,1,1,1,1,1,1,2,2
3,6,8,33,1.8,1,1,NaN,NaN,NaN,NaN,NaN,20,1,1,1,1,4,1,3,1,3
3,6,8,34,0.05,3,3,2,2,1,462.92,0,2,3,1,1,3,1,3,3,1,1
3,6,8,35,0.2,2,2,2,2,1,275.13,1,19,3,1,2,2,3,1,3,2,2
3,6,8,36,0.1,3,2,2,2,1,344.04,0,1,3,3,1,1,1,3,3,2,2
3,6,8,37,0.1,3,1,2,2,1,274.16,1,2,3,3,1,1,17,3,1,3,1
3,6,8,38,0.05,1,1,1,2,0,328.4,0,8,3,1,3,1,20,3,1,3,1
3,6,8,39,0.4,2,1,2,2,1,226.15,1,5,3,3,2,2,8,1,3,1,3
3,6,8,40,1.8,1,3,NaN,NaN,NaN,NaN,NaN,3,3,1,3,1,14,3,3,1,1
3,6,8,41,0.8,1,1,1,1,1,255.36,1,13,3,1,3,1,19,3,3,3,3
3,6,8,42,0.05,1,2,1,1,1,243.35,1,7,3,3,3,3,7,1,1,2,2
3,6,8,43,0.1,1,1,1,1,1,271.41,1,18,1,3,1,3,14,1,3,1,3
3,6,8,44,0.4,3,3,2,2,1,239.15,1,7,1,3,3,1,17,3,3,1,1
3,6,8,45,0.2,2,1,2,1,0,264.34,1,7,3,3,2,2,8,1,3,1,3
3,6,8,46,1.8,1,2,1,1,1,253.64,1,16,1,1,1,1,15,3,3,2,2
3,6,8,47,0.2,2,3,2,2,1,232.75,1,12,3,3,2,2,17,1,3,3,1
3,6,8,48,0.2,2,2,2,2,1,358.31,0,15,1,3,2,2,9,3,3,2,2
3,6,8,49,0.2,1,3,1,1,1,217.9,1,5,3,3,3,3,7,1,3,3,1
3,6,8,50,0.05,1,2,1,1,1,302.16,0,19,3,3,3,3,11,3,1,2,2
3,6,8,51,0.2,1,2,1,1,1,284.68,1,11,1,3,1,3,17,3,1,2,2
3,6,8,52,0.8,2,1,2,2,1,198.26,1,19,1,1,2,2,3,1,3,1,3
3,6,8,53,0.4,1,3,1,1,1,264.77,1,11,3,3,3,3,9,1,3,3,1
3,6,8,54,0.1,1,1,1,1,1,287.99,1,18,3,1,3,1,8,3,3,3,3
3,6,8,55,0.4,1,3,1,1,1,219.97,1,16,1,1,1,1,10,1,1,3,3
3,6,8,56,0.4,2,3,2,2,1,230.76,1,7,3,1,2,2,19,1,3,3,1
3,6,8,57,0.1,1,1,1,1,1,260.1,1,13,3,1,3,1,9,3,3,3,3
3,6,8,58,1.8,3,2,2,2,1,242.75,1,12,3,1,1,3,9,3,3,2,2
3,6,8,59,0.1,1,1,1,1,1,256.39,1,16,3,1,3,1,2,1,1,1,1
3,6,8,60,0.8,1,1,NaN,NaN,NaN,NaN,NaN,9,3,1,3,1,13,1,3,1,3
3,6,8,61,0.05,2,3,2,2,1,337.33,0,20,1,3,2,2,3,3,3,1,1
3,6,8,62,0.4,3,1,2,2,1,332.25,0,3,1,3,3,1,14,3,3,3,3
3,6,8,63,0.2,1,2,1,1,1,244.48,1,19,1,1,1,1,4,1,1,2,2
3,6,8,64,0.2,3,3,2,2,1,326.4,0,6,3,1,1,3,6,1,3,3,1
3,6,8,65,0.8,1,2,1,1,1,215.93,1,15,3,3,3,3,12,1,3,2,2
3,6,8,66,0.05,1,2,1,1,1,299.13,1,12,1,3,1,3,17,1,1,2,2
3,6,8,67,0.05,1,1,1,1,1,328.74,0,13,3,1,3,1,7,1,3,1,3
3,6,8,68,0.8,1,1,1,1,1,265.51,1,20,3,3,3,3,6,3,1,3,1
3,6,8,69,0.05,2,2,2,2,1,332.64,0,15,1,3,2,2,20,1,3,2,2
3,6,8,70,0.8,1,3,1,1,1,264.04,1,1,1,1,1,1,13,3,3,1,1
3,6,8,71,0.4,1,2,1,1,1,268.44,1,17,1,1,1,1,11,3,1,2,2
3,6,8,72,0.8,2,2,2,2,1,224.76,1,1,1,3,2,2,18,1,3,2,2
3,6,8,73,0.2,3,3,2,2,1,276.35,1,19,1,3,3,1,15,1,3,3,1
3,6,8,74,0.8,3,3,2,2,1,226.02,1,6,1,1,3,3,20,3,1,1,3
3,6,8,75,0.8,3,3,2,2,1,212.2,1,3,1,3,3,1,12,3,3,1,1
3,6,8,76,0.2,1,1,1,1,1,155.8,1,10,3,1,3,1,18,3,1,3,1
3,6,8,77,0.4,3,2,2,2,1,255.8,1,17,3,1,1,3,10,3,1,2,2
3,6,8,78,0.2,1,2,1,1,1,248.43,1,4,3,3,3,3,9,1,1,2,2
3,6,9,1,1.8,1,3,1,1,1,224.78,1,18,1,1,1,1,1,1,1,3,3
3,6,9,2,0.05,2,2,2,1,0,281.13,1,17,3,1,2,2,3,1,3,2,2
3,6,9,3,0.8,3,3,2,2,1,190.34,1,4,1,3,3,1,18,3,3,1,1
3,6,9,4,0.1,1,3,1,1,1,235,1,15,3,3,3,3,19,3,3,1,1
3,6,9,5,0.8,2,2,2,2,1,221.46,1,13,1,1,2,2,2,1,3,2,2
3,6,9,6,1.8,1,3,NaN,NaN,NaN,NaN,NaN,13,1,3,1,3,3,1,3,3,1
3,6,9,7,0.05,3,3,2,2,1,316.22,0,4,3,1,1,3,18,3,1,1,3
3,6,9,8,0.1,1,2,1,1,1,241.86,1,19,1,3,1,3,14,3,1,2,2
3,6,9,9,0.05,2,3,2,2,1,353.66,0,20,3,1,2,2,16,1,3,3,1
3,6,9,10,0.2,2,2,2,2,1,266.02,1,17,3,3,2,2,10,1,3,2,2
3,6,9,11,0.8,3,3,2,2,1,258.23,1,15,3,3,1,1,4,3,3,1,1
3,6,9,12,0.8,2,2,2,2,1,221.66,1,17,1,3,2,2,7,3,1,2,2
3,6,9,13,0.2,1,1,1,1,1,215.28,1,6,3,1,3,1,2,1,1,1,1
3,6,9,14,0.8,2,2,2,2,1,287.38,1,11,3,3,2,2,11,1,3,2,2
3,6,9,15,0.1,3,2,2,1,0,400.69,0,14,3,1,1,3,18,1,1,2,2
3,6,9,16,0.1,2,1,2,2,1,446.43,0,3,1,3,2,2,1,1,1,1,1
3,6,9,17,1.8,1,1,1,1,1,232.8,1,12,1,1,1,1,20,1,3,1,3
3,6,9,18,0.05,2,2,2,2,1,336.2,0,8,1,3,2,2,16,1,3,2,2
3,6,9,19,1.8,1,3,1,1,1,222.81,1,6,3,1,3,1,10,3,1,1,3
3,6,9,20,0.1,2,2,2,2,1,298.8,1,18,1,3,2,2,8,3,1,2,2
3,6,9,21,0.2,2,2,2,2,1,286.68,1,6,3,3,2,2,12,3,1,2,2
3,6,9,22,0.8,3,3,2,2,1,271.21,1,20,3,1,1,3,12,3,1,1,3
3,6,9,23,0.05,1,3,1,1,1,298.17,1,18,1,1,1,1,15,3,1,1,3
3,6,9,24,0.8,3,2,NaN,NaN,NaN,NaN,NaN,10,3,1,1,3,17,1,3,2,2
3,6,9,25,0.4,1,1,1,1,1,250.02,1,15,3,1,3,1,4,3,3,3,3
3,6,9,26,0.05,2,3,2,2,1,316.07,0,16,3,1,2,2,8,3,3,1,1
3,6,9,27,1.8,3,3,2,2,1,221.33,1,16,3,1,1,3,14,3,1,1,3
3,6,9,28,0.2,2,1,2,2,1,331.4,0,11,1,1,2,2,18,3,1,3,1
3,6,9,29,0.2,3,3,2,2,1,252.69,1,1,3,3,1,1,11,1,1,3,3
3,6,9,30,0.2,1,1,1,1,1,257.44,1,20,1,3,1,3,19,1,1,1,1
3,6,9,31,1.8,2,1,2,2,1,222.84,1,10,3,3,2,2,4,1,1,1,1
3,6,9,32,0.1,1,3,1,1,1,299.54,1,9,3,3,3,3,7,3,1,1,3
3,6,9,33,0.8,1,2,1,1,1,268.38,1,2,1,3,1,3,14,1,1,2,2
3,6,9,34,0.8,1,3,1,1,1,231.02,1,7,1,1,1,1,19,1,3,3,1
3,6,9,35,0.4,1,3,1,1,1,297.28,1,16,3,3,3,3,17,3,1,1,3
3,6,9,36,0.1,1,2,1,1,1,261.56,1,20,3,1,3,1,11,1,1,2,2
3,6,9,37,0.4,1,2,1,1,1,321.58,0,17,3,1,3,1,12,1,1,2,2
3,6,9,38,1.8,3,2,2,2,1,228.73,1,15,1,3,3,1,2,1,1,2,2
3,6,9,39,0.1,3,2,2,2,1,296.79,1,11,1,3,3,1,4,1,3,2,2
3,6,9,40,0.05,3,1,2,2,1,285.5,1,10,1,1,3,3,12,1,3,1,3
3,6,9,41,1.8,3,1,2,2,1,228.16,1,4,1,3,3,1,5,3,3,3,3
3,6,9,42,0.8,1,3,1,1,1,269.84,1,9,1,1,1,1,16,3,1,1,3
3,6,9,43,1.8,2,2,2,2,1,272.66,1,19,1,3,2,2,13,1,1,2,2
3,6,9,44,0.4,2,1,2,2,1,260.33,1,4,1,1,2,2,16,1,1,1,1
3,6,9,45,0.1,3,3,2,1,0,315.39,0,12,3,3,1,1,12,3,1,1,3
3,6,9,46,0.1,1,3,1,1,1,264.77,1,20,1,3,1,3,13,3,1,1,3
3,6,9,47,0.05,2,2,2,1,0,318.9,0,17,3,1,2,2,17,1,1,2,2
3,6,9,48,0.4,1,3,1,1,1,256.86,1,4,1,1,1,1,20,1,1,3,3
3,6,9,49,0.2,1,2,1,1,1,236.18,1,1,3,3,3,3,19,3,3,2,2
3,6,9,50,0.05,2,3,2,2,1,369.02,0,2,3,3,2,2,7,1,1,3,3
3,6,9,51,0.4,3,2,2,2,1,216.96,1,16,1,1,3,3,1,3,1,2,2
3,6,9,52,0.4,1,3,1,1,1,283.67,1,3,1,1,1,1,3,1,1,3,3
3,6,9,53,0.05,3,2,2,2,1,282.24,1,2,3,1,1,3,12,1,1,2,2
3,6,9,54,0.1,2,3,2,2,1,259.44,1,5,3,3,2,2,9,3,1,1,3
3,6,9,55,0.8,2,2,2,2,1,201.15,1,13,1,1,2,2,11,3,3,2,2
3,6,9,56,1.8,2,3,2,2,1,281.41,1,5,3,1,2,2,5,3,1,1,3
3,6,9,57,0.8,1,1,1,1,1,215.3,1,6,3,3,3,3,8,3,3,3,3
3,6,9,58,0.2,1,1,1,1,1,219.43,1,14,3,1,3,1,14,3,3,3,3
3,6,9,59,0.1,1,3,1,1,1,379.12,0,9,3,1,3,1,16,3,1,1,3
3,6,9,60,0.8,1,2,1,1,1,224.08,1,7,3,1,3,1,10,1,1,2,2
3,6,9,61,0.2,1,3,1,2,0,283.23,1,14,3,1,3,1,1,1,3,3,1
3,6,9,62,0.05,2,2,2,2,1,293.04,1,9,3,3,2,2,16,1,3,2,2
3,6,9,63,1.8,1,1,1,1,1,213.83,1,4,3,1,3,1,14,3,1,3,1
3,6,9,64,1.8,1,2,1,1,1,252.58,1,6,3,3,3,3,11,3,1,2,2
3,6,9,65,0.4,3,3,2,2,1,233.03,1,4,1,1,3,3,5,3,1,1,3
3,6,9,66,0.4,2,1,2,1,0,321.18,0,7,1,3,2,2,12,1,1,1,1
3,6,9,67,0.05,3,3,2,2,1,330.76,0,12,1,3,3,1,16,1,1,3,3
3,6,9,68,0.4,3,2,2,2,1,212.92,1,15,1,3,3,1,2,1,3,2,2
3,6,9,69,0.4,1,2,1,1,1,264.74,1,4,3,3,3,3,9,3,1,2,2
3,6,9,70,0.4,3,1,2,2,1,286.33,1,14,1,1,3,3,18,3,1,3,1
3,6,9,71,0.4,2,3,2,2,1,196.48,1,4,3,3,2,2,15,3,1,1,3
3,6,9,72,0.2,2,1,2,2,1,267.7,1,3,1,1,2,2,16,3,3,3,3
3,6,9,73,1.8,2,3,2,2,1,222.71,1,11,3,3,2,2,14,1,3,3,1
3,6,9,74,0.1,3,2,2,2,1,287.42,1,20,1,1,3,3,4,3,3,2,2
3,6,9,75,0.2,1,3,1,2,0,230.53,1,14,1,1,1,1,12,1,1,3,3
3,6,9,76,0.2,3,2,2,2,1,276.1,1,13,1,1,3,3,2,3,3,2,2
3,6,9,77,0.2,1,3,1,1,1,229.63,1,1,1,1,1,1,3,1,3,3,1
3,6,9,78,0.05,1,1,1,1,1,288.16,1,14,3,1,3,1,12,3,1,3,1
3,6,10,1,0.2,3,2,2,2,1,280.09,1,18,1,1,3,3,10,1,1,2,2
3,6,10,2,0.1,1,2,1,1,1,258.46,1,13,3,3,3,3,18,1,1,2,2
3,6,10,3,0.4,2,2,2,2,1,238,1,20,1,3,2,2,16,1,1,2,2
3,6,10,4,0.1,3,2,2,2,1,303.21,0,6,1,1,3,3,6,3,1,2,2
3,6,10,5,0.8,1,1,1,2,0,252.75,1,12,1,1,1,1,5,3,1,3,1
3,6,10,6,0.05,1,2,1,1,1,326.01,0,2,1,3,1,3,7,3,1,2,2
3,6,10,7,0.1,1,2,1,1,1,304.26,0,12,3,1,3,1,1,1,1,2,2
3,6,10,8,0.4,3,1,2,2,1,47.732,2,18,1,1,3,3,6,3,1,3,1
3,6,10,9,0.2,1,1,1,1,1,225.46,1,17,1,3,1,3,12,3,1,3,1
3,6,10,10,1.8,3,1,2,2,1,204.09,1,5,3,3,1,1,4,3,1,3,1
3,6,10,11,0.1,2,1,2,2,1,348.3,0,14,1,1,2,2,14,1,3,1,3
3,6,10,12,0.1,1,1,1,1,1,206.25,1,3,3,1,3,1,2,1,3,1,3
3,6,10,13,0.4,3,1,2,2,1,231.53,1,15,3,1,1,3,18,3,3,3,3
3,6,10,14,0.1,1,1,1,1,1,258.65,1,5,3,1,3,1,17,1,1,1,1
3,6,10,15,1.8,2,3,2,1,0,249.09,1,19,1,3,2,2,9,3,3,1,1
3,6,10,16,1.8,1,1,NaN,NaN,NaN,NaN,NaN,18,1,3,1,3,1,1,1,1,1
3,6,10,17,0.4,2,2,2,2,1,288.58,1,18,3,1,2,2,11,3,1,2,2
3,6,10,18,0.4,1,3,1,1,1,287.15,1,9,3,1,3,1,12,1,1,3,3
3,6,10,19,0.8,2,3,2,2,1,339.83,0,17,1,3,2,2,20,1,1,3,3
3,6,10,20,0.8,3,2,2,2,1,266.72,1,14,1,1,3,3,12,3,1,2,2
3,6,10,21,1.8,1,3,1,1,1,252.97,1,15,3,3,3,3,17,1,3,3,1
3,6,10,22,1.8,1,2,1,1,1,297.86,1,20,1,1,1,1,8,1,1,2,2
3,6,10,23,0.4,3,2,2,2,1,249.99,1,20,1,3,3,1,18,1,3,2,2
3,6,10,24,0.8,1,3,1,1,1,290.58,1,6,1,1,1,1,4,1,3,3,1
3,6,10,25,0.05,1,1,1,2,0,330.73,0,18,3,3,3,3,13,3,3,3,3
3,6,10,26,0.1,1,1,1,2,0,283.23,1,13,1,3,1,3,7,1,1,1,1
3,6,10,27,0.8,2,2,2,2,1,231.89,1,6,1,3,2,2,18,1,1,2,2
3,6,10,28,0.8,1,1,1,1,1,243.18,1,12,3,1,3,1,19,1,3,1,3
3,6,10,29,0.2,2,1,2,2,1,228.85,1,17,3,3,2,2,17,3,3,3,3
3,6,10,30,0.05,3,1,2,1,0,314.56,0,7,3,3,1,1,9,3,3,3,3
3,6,10,31,0.05,1,3,1,1,1,302.9,0,4,3,1,3,1,3,3,1,1,3
3,6,10,32,0.4,3,3,2,2,1,226.74,1,13,3,1,1,3,9,1,1,3,3
3,6,10,33,0.1,3,2,2,2,1,305.08,0,17,3,3,1,1,19,1,3,2,2
3,6,10,34,0.8,1,2,NaN,NaN,NaN,NaN,NaN,17,3,3,3,3,3,3,3,2,2
3,6,10,35,1.8,2,2,2,2,1,206.21,1,13,3,1,2,2,8,3,1,2,2
3,6,10,36,1.8,1,2,1,1,1,268.61,1,17,3,3,3,3,8,3,3,2,2
3,6,10,37,0.4,1,1,1,1,1,266.47,1,7,3,1,3,1,14,1,3,1,3
3,6,10,38,0.4,1,2,1,1,1,283.66,1,15,3,1,3,1,14,3,1,2,2
3,6,10,39,0.8,1,2,1,1,1,294.81,1,19,3,3,3,3,10,3,1,2,2
3,6,10,40,0.2,3,2,2,2,1,302.73,0,18,3,3,1,1,14,3,3,2,2
3,6,10,41,0.1,2,2,2,1,0,326.58,0,17,1,1,2,2,7,1,1,2,2
3,6,10,42,0.1,2,2,2,2,1,269.7,1,10,1,3,2,2,19,3,1,2,2
3,6,10,43,0.05,3,2,2,2,1,294.06,1,6,1,1,3,3,14,1,3,2,2
3,6,10,44,0.2,3,2,2,2,1,304.43,0,19,3,3,1,1,5,3,3,2,2
3,6,10,45,0.8,2,2,NaN,NaN,NaN,NaN,NaN,5,1,1,2,2,3,3,1,2,2
3,6,10,46,0.8,1,1,1,1,1,281.17,1,15,1,3,1,3,15,1,3,1,3
3,6,10,47,0.1,2,3,2,2,1,230.77,1,10,1,3,2,2,11,3,3,1,1
3,6,10,48,1.8,2,1,2,2,1,220.8,1,7,1,3,2,2,8,3,1,3,1
3,6,10,49,0.8,3,1,2,2,1,236.03,1,19,3,3,1,1,18,3,1,3,1
3,6,10,50,0.2,3,1,2,2,1,270.38,1,11,3,1,1,3,13,3,1,3,1
3,6,10,51,0.05,2,1,2,2,1,283.98,1,6,1,1,2,2,15,3,1,3,1
3,6,10,52,0.05,2,3,2,2,1,289.63,1,13,1,3,2,2,6,3,3,1,1
3,6,10,53,0.2,2,2,2,2,1,221.39,1,13,1,1,2,2,8,1,3,2,2
3,6,10,54,1.8,3,1,2,2,1,280.45,1,6,1,3,3,1,19,3,1,3,1
3,6,10,55,0.8,1,1,1,1,1,255.14,1,19,3,3,3,3,3,1,3,1,3
3,6,10,56,0.2,1,1,1,1,1,213.84,1,19,3,3,3,3,11,1,1,1,1
3,6,10,57,0.05,2,1,2,2,1,294.93,1,11,3,3,2,2,2,3,3,3,3
3,6,10,58,0.05,3,3,2,2,1,283.11,1,10,1,3,3,1,8,1,1,3,3
3,6,10,59,0.05,2,2,2,2,1,301.86,0,6,3,1,2,2,18,3,3,2,2
3,6,10,60,0.2,3,2,2,2,1,259.47,1,1,1,1,3,3,13,1,1,2,2
3,6,10,61,0.05,1,1,1,1,1,283.51,1,11,1,1,1,1,10,1,3,1,3
3,6,10,62,0.05,1,3,1,1,1,343.85,0,20,3,3,3,3,18,1,3,3,1
3,6,10,63,1.8,2,1,NaN,NaN,NaN,NaN,NaN,13,3,1,2,2,16,1,3,1,3
3,6,10,64,1.8,2,1,2,2,1,221.39,1,8,1,3,2,2,10,3,3,3,3
3,6,10,65,0.2,1,2,1,1,1,226.48,1,20,3,1,3,1,15,1,1,2,2
3,6,10,66,0.1,1,1,1,1,1,268.61,1,13,3,1,3,1,11,3,3,3,3
3,6,10,67,0.1,2,3,2,2,1,218.65,1,12,3,3,2,2,11,3,3,1,1
3,6,10,68,0.05,1,3,1,1,1,272.1,1,16,1,3,1,3,14,1,1,3,3
3,6,10,69,0.2,3,2,2,2,1,297.69,1,17,1,3,3,1,15,1,3,2,2
3,6,10,70,0.4,3,2,2,2,1,236.07,1,20,3,1,1,3,7,1,1,2,2
3,6,10,71,0.2,1,1,1,1,1,274.45,1,18,1,3,1,3,19,3,3,3,3
3,6,10,72,1.8,2,3,2,2,1,200.76,1,3,3,1,2,2,13,1,1,3,3
3,6,10,73,0.4,3,3,2,2,1,237.45,1,1,1,1,3,3,20,3,3,1,1
3,6,10,74,0.2,2,2,2,2,1,255.36,1,20,3,3,2,2,15,1,1,2,2
3,6,10,75,1.8,2,2,2,2,1,205.38,1,4,3,3,2,2,19,3,1,2,2
3,6,10,76,0.4,2,3,2,2,1,61.153,2,12,1,3,2,2,6,3,3,1,1
3,6,10,77,0.4,1,3,1,2,0,232.57,1,5,3,1,3,1,4,3,3,1,1
3,6,10,78,0.8,2,3,NaN,NaN,NaN,NaN,NaN,11,3,1,2,2,19,3,1,1,3
