3,8,1,1,1.8,1,3,1,1,1,206.07,1,2,1,1,1,1,4,3,3,1,1
3,8,1,2,0.4,1,1,1,1,1,233.8,1,19,1,1,1,1,1,1,1,1,1
3,8,1,3,0.05,3,1,2,2,1,380.12,0,20,1,3,3,1,17,1,1,1,1
3,8,1,4,0.8,3,3,NaN,NaN,NaN,NaN,NaN,1,3,1,1,3,10,3,1,1,3
3,8,1,5,0.8,1,1,1,1,1,248.17,1,6,1,1,1,1,17,1,3,1,3
3,8,1,6,0.05,3,1,2,2,1,266.47,1,4,1,3,3,1,10,3,1,3,1
3,8,1,7,0.2,1,3,1,1,1,277.74,1,4,3,1,3,1,2,3,3,1,1
3,8,1,8,0.05,1,2,1,2,0,310.49,0,3,1,3,1,3,10,1,1,2,2
3,8,1,9,0.05,3,3,2,2,1,304.61,0,17,3,1,1,3,13,1,3,3,1
3,8,1,10,0.2,3,1,2,2,1,229.73,1,11,1,3,3,1,20,3,3,3,3
3,8,1,11,0.1,3,1,2,2,1,283.81,1,14,3,1,1,3,13,1,3,1,3
3,8,1,12,0.8,3,3,2,2,1,236.36,1,13,3,3,1,1,12,1,3,3,1
3,8,1,13,1.8,1,1,1,1,1,256.59,1,10,1,3,1,3,5,1,3,1,3
3,8,1,14,0.8,1,3,1,1,1,293.89,1,1,3,3,3,3,18,1,1,3,3
3,8,1,15,1.8,3,2,2,2,1,385.59,0,17,3,3,1,1,20,3,3,2,2
3,8,1,16,0.1,2,1,2,2,1,352.69,0,5,3,1,2,2,1,1,3,1,3
3,8,1,17,0.2,1,2,1,1,1,237.16,1,1,1,3,1,3,9,3,1,2,2
3,8,1,18,0.4,3,1,2,2,1,132.88,1,12,1,1,3,3,11,1,3,1,3
3,8,1,19,0.1,1,2,1,1,1,269.03,1,9,1,1,1,1,1,3,3,2,2
3,8,1,20,0.4,1,2,1,1,1,224.01,1,2,1,1,1,1,7,3,1,2,2
3,8,1,21,0.4,3,2,2,2,1,278.37,1,20,1,3,3,1,2,3,3,2,2
3,8,1,22,0.8,2,2,2,2,1,227.73,1,11,1,1,2,2,6,3,3,2,2
3,8,1,23,0.1,3,3,2,2,1,255.81,1,17,1,1,3,3,16,1,1,3,3
3,8,1,24,0.4,1,2,1,1,1,183.16,1,15,3,3,3,3,8,1,3,2,2
3,8,1,25,1.8,3,1,2,2,1,233.8,1,5,3,1,1,3,18,1,3,1,3
3,8,1,26,1.8,1,2,1,1,1,211.99,1,16,3,1,3,1,12,3,3,2,2
3,8,1,27,0.1,1,3,1,1,1,260.82,1,12,3,3,3,3,9,1,3,3,1
3,8,1,28,0.2,3,1,2,2,1,288.24,1,10,3,3,1,1,15,1,3,1,3
3,8,1,29,0.05,3,3,2,2,1,313.32,0,17,1,1,3,3,12,3,3,1,1
3,8,1,30,0.2,2,3,2,2,1,154.49,1,5,3,1,2,2,8,3,3,1,1
3,8,1,31,0.05,3,2,2,2,1,319.9,0,5,3,3,1,1,13,3,3,2,2
3,8,1,32,1.8,1,1,1,1,1,216.34,1,18,1,3,1,3,19,3,3,3,3
3,8,1,33,0.05,2,3,2,2,1,320.36,0,13,1,3,2,2,15,3,1,1,3
3,8,1,34,0.2,1,1,1,1,1,209.33,1,4,3,3,3,3,19,1,1,1,1
3,8,1,35,0.2,2,3,2,2,1,226.23,1,11,3,3,2,2,8,3,1,1,3
3,8,1,36,0.1,1,3,1,1,1,261.25,1,14,1,3,1,3,9,1,3,3,1
3,8,1,37,0.2,1,1,1,1,1,225.36,1,16,1,3,1,3,13,1,3,1,3
3,8,1,38,1.8,1,2,1,2,0,33.75,2,13,1,3,1,3,2,3,3,2,2
3,8,1,39,0.4,3,3,2,2,1,233.66,1,6,1,1,3,3,8,3,3,1,1
3,8,1,40,0.05,1,2,1,1,1,261.67,1,12,1,1,1,1,13,3,1,2,2
3,8,1,41,0.1,1,2,1,2,0,229.14,1,10,3,1,3,1,18,3,1,2,2
3,8,1,42,0.8,2,3,2,2,1,228.42,1,17,1,3,2,2,16,1,3,3,1
3,8,1,43,0.8,1,1,1,1,1,210.95,1,7,1,1,1,1,15,3,3,3,3
3,8,1,44,0.8,1,3,1,1,1,258.65,1,5,3,1,3,1,17,1,1,3,3
3,8,1,45,1.8,2,2,2,2,1,286.41,1,14,1,3,2,2,11,3,1,2,2
3,8,1,46,0.05,3,3,2,2,1,360.82,0,16,3,3,1,1,14,3,3,1,1
3,8,1,47,0.05,3,3,2,2,1,271.75,1,8,3,1,1,3,16,3,3,1,1
3,8,1,48,0.2,2,2,2,2,1,162.94,1,9,3,3,2,2,5,3,1,2,2
3,8,1,49,0.8,1,1,1,1,1,236.37,1,13,1,3,1,3,2,3,3,3,3
3,8,1,50,1.8,1,3,NaN,NaN,NaN,NaN,NaN,18,3,3,3,3,12,3,1,1,3
3,8,1,51,1.8,2,2,2,2,1,233.52,1,17,3,3,2,2,15,1,3,2,2
3,8,1,52,0.2,1,2,1,1,1,269.21,1,10,3,1,3,1,1,1,3,2,2
3,8,1,53,0.8,1,2,1,1,1,215.75,1,16,1,1,1,1,2,3,3,2,2
3,8,1,54,0.4,1,1,1,1,1,252.18,1,3,3,3,3,3,12,3,1,3,1
3,8,1,55,0.8,3,2,2,2,1,248.19,1,19,1,3,3,1,6,1,1,2,2
3,8,1,56,1.8,3,1,2,2,1,224,1,9,3,3,1,1,17,3,1,3,1
3,8,1,57,0.05,1,3,1,1,1,317.63,0,9,1,1,1,1,11,3,3,1,1
3,8,1,58,1.8,3,2,2,2,1,225.56,1,5,1,1,3,3,16,1,3,2,2
3,8,1,59,0.8,1,1,1,1,1,216.24,1,16,3,1,3,1,6,1,3,1,3
3,8,1,60,1.8,1,3,1,1,1,205.83,1,2,1,1,1,1,11,3,1,1,3
3,8,1,61,0.4,1,1,1,1,1,309.51,0,6,3,1,3,1,1,1,3,1,3
3,8,1,62,0.2,1,1,1,1,1,334.4,0,15,3,1,3,1,9,3,1,3,1
3,8,1,63,0.1,2,2,2,1,0,325.45,0,4,1,1,2,2,11,3,3,2,2
3,8,1,64,0.1,1,3,1,2,0,288.4,1,18,1,1,1,1,6,3,3,1,1
3,8,1,65,0.2,1,3,1,1,1,263.29,1,2,1,1,1,1,8,1,3,3,1
3,8,1,66,0.2,1,2,1,1,1,175.69,1,11,3,3,3,3,5,1,3,2,2
3,8,1,67,0.1,1,2,1,1,1,216.13,1,10,3,3,3,3,19,1,3,2,2
3,8,1,68,0.1,3,2,2,2,1,283.9,1,14,1,3,3,1,20,1,3,2,2
3,8,1,69,0.4,3,1,2,2,1,82.499,2,11,3,3,1,1,11,1,1,1,1
3,8,1,70,0.05,2,1,2,2,1,304.35,0,4,3,1,2,2,20,3,1,3,1
3,8,1,71,0.1,1,3,1,1,1,252.01,1,20,1,3,1,3,8,3,3,1,1
3,8,1,72,0.4,1,3,1,1,1,204.48,1,14,3,1,3,1,6,3,3,1,1
3,8,1,73,0.4,1,2,1,1,1,289.8,1,9,3,3,3,3,11,3,1,2,2
3,8,1,74,0.4,1,2,1,1,1,212.57,1,17,1,3,1,3,3,1,3,2,2
3,8,1,75,0.05,2,1,2,1,0,263.7,1,17,3,1,2,2,19,3,3,3,3
3,8,1,76,0.1,2,3,2,2,1,262.29,1,7,3,3,2,2,8,1,3,3,1
3,8,1,77,0.4,1,2,1,1,1,221.26,1,20,3,1,3,1,11,1,1,2,2
3,8,1,78,0.8,2,1,2,2,1,236.1,1,12,3,1,2,2,8,3,1,3,1
3,8,2,1,0.05,1,3,1,1,1,250.16,1,10,3,1,3,1,19,1,1,3,3
3,8,2,2,1.8,1,3,1,1,1,219.52,1,20,3,3,3,3,7,1,1,3,3
3,8,2,3,0.4,3,1,2,2,1,275.12,1,17,1,1,3,3,19,1,3,1,3
3,8,2,4,0.05,2,1,2,2,1,284.91,1,7,1,1,2,2,18,1,1,1,1
3,8,2,5,0.2,3,1,2,2,1,279,1,3,1,1,3,3,14,1,3,1,3
3,8,2,6,0.05,2,2,2,2,1,300.97,0,9,1,1,2,2,2,1,1,2,2
3,8,2,7,0.1,1,1,1,1,1,337.09,0,12,3,3,3,3,17,1,1,1,1
3,8,2,8,0.4,2,1,2,2,1,206.49,1,5,3,1,2,2,11,1,3,1,3
3,8,2,9,0.05,1,2,1,1,1,260.97,1,10,1,1,1,1,5,3,1,2,2
3,8,2,10,0.8,1,1,NaN,NaN,NaN,NaN,NaN,9,1,3,1,3,7,3,1,3,1
3,8,2,11,0.1,1,3,1,1,1,284.54,1,14,1,1,1,1,8,3,3,1,1
3,8,2,12,0.4,3,3,2,2,1,247.97,1,17,3,1,1,3,20,1,1,3,3
3,8,2,13,0.8,3,1,2,2,1,216.14,1,17,1,3,3,1,10,3,1,3,1
3,8,2,14,0.05,3,3,2,2,1,298.23,1,4,3,1,1,3,16,1,3,3,1
3,8,2,15,0.8,1,2,1,1,1,237.64,1,8,3,1,3,1,5,3,1,2,2
3,8,2,16,0.05,1,2,1,2,0,277.6,1,14,1,3,1,3,3,3,1,2,2
3,8,2,17,0.4,2,2,2,2,1,234.47,1,5,3,1,2,2,17,3,1,2,2
3,8,2,18,0.8,3,3,2,2,1,245.52,1,14,1,3,3,1,7,1,1,3,3
3,8,2,19,0.8,1,3,1,1,1,244.12,1,15,3,1,3,1,7,3,3,1,1
3,8,2,20,1.8,2,1,2,2,1,250.34,1,14,1,3,2,2,9,1,3,1,3
3,8,2,21,0.8,1,2,1,1,1,216.08,1,10,3,3,3,3,11,3,1,2,2
3,8,2,22,0.1,2,3,2,2,1,260.37,1,2,3,3,2,2,17,3,1,1,3
3,8,2,23,0.05,2,1,2,2,1,292.34,1,9,1,3,2,2,8,1,3,1,3
3,8,2,24,0.2,1,3,1,1,1,244.69,1,20,1,3,1,3,18,1,3,3,1
3,8,2,25,1.8,1,1,1,1,1,248.44,1,17,1,1,1,1,4,1,3,1,3
3,8,2,26,0.2,3,2,2,2,1,286.35,1,12,3,1,1,3,15,3,1,2,2
3,8,2,27,0.2,2,1,2,2,1,241.88,1,1,1,1,2,2,16,3,1,3,1
3,8,2,28,0.4,1,3,1,1,1,260.33,1,15,1,1,1,1,4,3,1,1,3
3,8,2,29,0.2,2,1,2,2,1,295.03,1,8,1,1,2,2,9,3,1,3,1
3,8,2,30,0.05,1,1,1,1,1,315.34,0,14,3,3,3,3,8,1,1,1,1
3,8,2,31,0.1,3,1,2,2,1,283.88,1,16,1,3,3,1,6,1,3,1,3
3,8,2,32,0.4,1,2,1,1,1,206.51,1,6,3,3,3,3,8,1,1,2,2
3,8,2,33,0.2,1,1,1,1,1,311.63,0,15,1,3,1,3,3,1,1,1,1
3,8,2,34,0.1,1,3,1,1,1,247.62,1,13,1,1,1,1,17,1,1,3,3
3,8,2,35,0.05,1,1,1,2,0,401.83,0,2,3,1,3,1,12,1,3,1,3
3,8,2,36,0.8,3,3,2,2,1,272.64,1,7,1,3,3,1,14,3,1,1,3
3,8,2,37,0.4,3,2,2,2,1,327.46,0,11,3,1,1,3,18,3,3,2,2
3,8,2,38,0.4,1,3,1,1,1,254,1,9,1,3,1,3,4,1,1,3,3
3,8,2,39,0.1,1,3,1,1,1,242.84,1,4,3,3,3,3,5,3,3,1,1
3,8,2,40,0.05,3,1,2,2,1,311.12,0,1,3,3,1,1,9,1,1,1,1
3,8,2,41,0.8,1,1,1,1,1,273.79,1,16,1,1,1,1,7,1,3,1,3
3,8,2,42,1.8,1,1,NaN,NaN,NaN,NaN,NaN,4,1,1,1,1,13,1,1,1,1
3,8,2,43,0.8,1,2,1,1,1,235.3,1,13,3,3,3,3,13,3,3,2,2
3,8,2,44,0.2,1,2,1,1,1,309.5,0,14,1,3,1,3,3,3,3,2,2
3,8,2,45,0.8,1,3,1,1,1,217.16,1,5,1,1,1,1,10,3,1,1,3
3,8,2,46,0.1,3,3,2,2,1,266.18,1,17,1,1,3,3,16,3,1,1,3
3,8,2,47,1.8,3,2,2,2,1,284.69,1,19,3,1,1,3,9,3,1,2,2
3,8,2,48,0.2,3,2,2,2,1,324.63,0,15,3,1,1,3,18,1,3,2,2
3,8,2,49,0.1,1,3,1,1,1,267.01,1,20,3,3,3,3,11,1,3,3,1
3,8,2,50,0.1,1,2,1,1,1,285.98,1,12,3,1,3,1,5,1,1,2,2
3,8,2,51,0.2,1,3,1,1,1,264.58,1,7,3,3,3,3,18,3,1,1,3
3,8,2,52,0.8,3,2,2,2,1,255.87,1,4,3,1,1,3,12,3,1,2,2
3,8,2,53,0.1,2,1,2,2,1,438.69,0,8,1,1,2,2,4,1,3,1,3
3,8,2,54,0.2,2,3,2,2,1,303.73,0,17,1,3,2,2,14,3,3,1,1
3,8,2,55,0.8,2,1,2,2,1,254.45,1,15,3,3,2,2,12,1,3,1,3
3,8,2,56,1.8,1,1,1,1,1,240.41,1,14,1,3,1,3,13,3,1,3,1
3,8,2,57,1.8,1,3,1,1,1,235.76,1,20,3,1,3,1,11,3,3,1,1
3,8,2,58,0.4,1,1,1,1,1,282.38,1,5,3,3,3,3,4,1,1,1,1
3,8,2,59,1.8,2,2,2,2,1,239.18,1,18,3,3,2,2,12,3,1,2,2
3,8,2,60,0.4,2,2,2,1,0,745.63,0,18,3,3,2,2,18,1,1,2,2
3,8,2,61,0.05,1,2,1,1,1,304.32,0,18,1,3,1,3,18,3,1,2,2
3,8,2,62,0.4,1,3,1,1,1,254.17,1,11,1,3,1,3,16,3,1,1,3
3,8,2,63,0.2,1,2,1,1,1,236.75,1,13,3,3,3,3,5,3,1,2,2
3,8,2,64,1.8,2,2,2,2,1,243.39,1,9,1,3,2,2,18,1,1,2,2
3,8,2,65,1.8,2,2,2,2,1,330.04,0,8,3,1,2,2,20,1,1,2,2
3,8,2,66,1.8,3,1,NaN,NaN,NaN,NaN,NaN,18,1,1,3,3,18,1,3,1,3
3,8,2,67,0.8,2,1,2,2,1,249.28,1,5,3,3,2,2,5,3,3,3,3
3,8,2,68,0.4,2,2,2,2,1,275.87,1,8,1,3,2,2,18,3,3,2,2
3,8,2,69,0.1,1,2,1,1,1,282.02,1,17,3,3,3,3,5,3,1,2,2
3,8,2,70,0.2,1,1,1,1,1,223.04,1,20,1,3,1,3,18,1,3,1,3
3,8,2,71,0.1,1,3,1,1,1,311.93,0,19,3,3,3,3,19,3,3,1,1
3,8,2,72,0.05,1,3,1,1,1,295.89,1,7,1,1,1,1,4,1,1,3,3
3,8,2,73,1.8,2,2,2,2,1,274.88,1,7,1,3,2,2,15,1,1,2,2
3,8,2,74,0.05,1,3,1,1,1,297.51,1,4,1,1,1,1,4,3,3,1,1
3,8,2,75,0.1,2,2,2,2,1,304.69,0,14,1,1,2,2,13,1,3,2,2
3,8,2,76,1.8,2,1,2,2,1,178.64,1,10,3,3,2,2,2,1,1,1,1
3,8,2,77,0.4,3,2,2,2,1,235.61,1,14,3,1,1,3,10,3,1,2,2
3,8,2,78,0.2,3,1,2,2,1,296.06,1,19,1,1,3,3,1,3,1,3,1
3,8,3,1,0.8,1,3,1,1,1,262.46,1,12,1,3,1,3,4,3,3,1,1
3,8,3,2,0.4,2,3,2,2,1,293.66,1,9,3,1,2,2,5,1,3,3,1
3,8,3,3,0.1,3,3,2,2,1,303.23,0,5,3,1,1,3,2,3,3,1,1
3,8,3,4,1.8,2,3,2,2,1,248.55,1,13,1,1,2,2,12,3,1,1,3
3,8,3,5,0.05,1,2,1,1,1,265.01,1,1,1,1,1,1,2,1,1,2,2
3,8,3,6,0.4,1,3,1,1,1,245.72,1,15,3,1,3,1,14,3,1,1,3
3,8,3,7,0.2,3,3,2,2,1,227.93,1,20,1,3,3,1,4,1,3,3,1
3,8,3,8,0.05,1,1,1,1,1,277.47,1,12,1,3,1,3,10,1,3,1,3
3,8,3,9,0.05,2,1,2,2,1,469.65,0,19,1,3,2,2,15,3,1,3,1
3,8,3,10,0.05,2,1,2,1,0,268.17,1,17,1,1,2,2,2,1,3,1,3
3,8,3,11,0.4,1,3,1,1,1,259.92,1,1,1,1,1,1,19,1,1,3,3
3,8,3,12,0.05,2,1,2,2,1,294.65,1,20,1,3,2,2,19,1,1,1,1
3,8,3,13,1.8,3,1,2,2,1,246.88,1,13,1,3,3,1,20,3,1,3,1
3,8,3,14,0.2,2,3,2,1,0,281.01,1,18,1,1,2,2,7,3,3,1,1
3,8,3,15,0.1,1,3,1,1,1,259.22,1,12,1,1,1,1,18,3,1,1,3
3,8,3,16,0.2,3,2,2,2,1,695.25,0,5,3,1,1,3,6,3,1,2,2
3,8,3,17,0.4,1,3,1,1,1,271.25,1,5,1,3,1,3,5,1,1,3,3
3,8,3,18,0.2,3,3,2,2,1,281.14,1,5,3,3,1,1,20,3,3,1,1
3,8,3,19,0.1,3,2,2,2,1,289.85,1,14,3,3,1,1,10,1,1,2,2
3,8,3,20,0.8,2,3,2,2,1,257.5,1,9,1,1,2,2,19,3,1,1,3
3,8,3,21,0.05,1,3,1,1,1,305.22,0,5,1,3,1,3,8,1,1,3,3
3,8,3,22,0.1,1,1,1,1,1,260.24,1,17,3,1,3,1,9,3,1,3,1
3,8,3,23,1.8,3,3,NaN,NaN,NaN,NaN,NaN,4,3,1,1,3,10,3,1,1,3
3,8,3,24,0.1,1,3,1,1,1,278.76,1,15,1,3,1,3,16,1,1,3,3
3,8,3,25,0.1,1,1,1,1,1,278.68,1,19,3,1,3,1,8,3,3,3,3
3,8,3,26,0.8,3,2,2,2,1,240.08,1,19,3,3,1,1,4,1,3,2,2
3,8,3,27,0.05,3,2,2,2,1,340.03,0,14,3,1,1,3,3,3,3,2,2
3,8,3,28,0.1,1,2,1,1,1,282.57,1,19,3,1,3,1,9,1,1,2,2
3,8,3,29,0.4,1,1,1,1,1,202.29,1,2,1,1,1,1,12,1,1,1,1
3,8,3,30,0.2,1,3,1,1,1,259.48,1,1,3,1,3,1,10,1,1,3,3
3,8,3,31,0.05,3,1,2,2,1,306.18,0,1,1,3,3,1,17,1,1,1,1
3,8,3,32,0.4,1,1,1,1,1,236.53,1,11,1,1,1,1,17,1,3,1,3
3,8,3,33,1.8,1,3,1,1,1,233.41,1,2,3,1,3,1,9,1,1,3,3
3,8,3,34,1.8,1,2,1,1,1,234.51,1,8,3,3,3,3,17,3,3,2,2
3,8,3,35,0.4,2,3,2,2,1,256.45,1,7,3,1,2,2,7,3,3,1,1
3,8,3,36,1.8,2,1,2,2,1,250.93,1,5,3,3,2,2,17,3,1,3,1
3,8,3,37,1.8,3,1,2,2,1,253.2,1,1,3,1,1,3,11,1,1,1,1
3,8,3,38,1.8,1,2,1,1,1,238.19,1,2,3,1,3,1,8,3,1,2,2
3,8,3,39,0.4,1,3,1,1,1,29.687,2,6,1,3,1,3,15,3,1,1,3
3,8,3,40,0.8,2,3,2,1,0,253.38,1,7,1,3,2,2,1,1,1,3,3
3,8,3,41,0.8,1,1,1,1,1,254.68,1,8,3,3,3,3,8,1,3,1,3
3,8,3,42,0.2,2,1,2,2,1,315.24,0,14,3,1,2,2,10,3,3,3,3
3,8,3,43,0.1,1,3,1,1,1,270.13,1,10,3,1,3,1,9,1,1,3,3
3,8,3,44,0.2,3,2,2,2,1,303.11,0,4,1,1,3,3,14,1,1,2,2
3,8,3,45,0.8,2,3,2,2,1,217.5,1,6,1,3,2,2,14,1,1,3,3
3,8,3,46,0.8,1,1,1,1,1,216.38,1,19,1,1,1,1,18,1,3,1,3
3,8,3,47,0.4,1,2,1,1,1,201.71,1,18,3,1,3,1,3,1,1,2,2
3,8,3,48,0.1,1,2,1,1,1,263.99,1,4,1,3,1,3,7,1,3,2,2
3,8,3,49,0.1,2,3,2,2,1,311.29,0,5,3,1,2,2,6,3,3,1,1
3,8,3,50,0.8,2,1,2,1,0,220.55,1,17,3,1,2,2,16,3,3,3,3
3,8,3,51,1.8,3,3,2,2,1,251.86,1,17,3,3,1,1,13,3,1,1,3
3,8,3,52,0.4,1,2,1,1,1,271.41,1,16,3,1,3,1,10,3,1,2,2
3,8,3,53,0.1,1,1,1,1,1,306.96,0,3,1,3,1,3,5,1,3,1,3
3,8,3,54,0.05,1,1,1,1,1,293.66,1,17,1,1,1,1,4,1,3,1,3
3,8,3,55,0.8,3,1,2,2,1,226.7,1,10,1,3,3,1,16,3,3,3,3
3,8,3,56,1.8,1,3,NaN,NaN,NaN,NaN,NaN,9,1,1,1,1,2,3,3,1,1
3,8,3,57,0.2,2,3,2,2,1,233.46,1,13,1,1,2,2,11,3,3,1,1
3,8,3,58,0.8,2,3,2,2,1,291.25,1,5,1,1,2,2,2,1,3,3,1
3,8,3,59,0.05,1,1,1,1,1,288.89,1,1,1,3,1,3,1,3,3,3,3
3,8,3,60,0.2,2,1,2,2,1,329.82,0,10,3,3,2,2,13,3,3,3,3
3,8,3,61,0.2,1,3,1,1,1,271.76,1,17,1,1,1,1,4,1,3,3,1
3,8,3,62,0.05,3,2,2,2,1,340.77,0,13,1,1,3,3,13,3,3,2,2
3,8,3,63,1.8,3,2,2,2,1,278.7,1,14,1,3,3,1,13,1,1,2,2
3,8,3,64,0.4,3,3,2,2,1,296.95,1,6,1,1,3,3,9,1,3,3,1
3,8,3,65,0.2,1,3,1,1,1,265.08,1,16,1,1,1,1,15,1,3,3,1
3,8,3,66,0.05,3,1,2,2,1,317.91,0,12,3,1,1,3,7,1,1,1,1
3,8,3,67,0.1,1,2,1,1,1,275.33,1,2,1,3,1,3,10,1,3,2,2
3,8,3,68,0.4,1,3,1,1,1,236.15,1,14,3,3,3,3,20,3,3,1,1
3,8,3,69,1.8,3,3,2,2,1,251.21,1,3,3,3,1,1,2,1,3,3,1
3,8,3,70,0.2,3,1,2,2,1,287.92,1,8,3,3,1,1,19,3,1,3,1
3,8,3,71,0.1,1,1,1,1,1,303.67,0,10,3,3,3,3,10,3,3,3,3
3,8,3,72,0.05,3,2,2,2,1,294.82,1,11,1,1,3,3,10,3,3,2,2
3,8,3,73,0.8,1,2,1,1,1,215.5,1,6,1,3,1,3,13,3,3,2,2
3,8,3,74,0.8,1,1,NaN,NaN,NaN,NaN,NaN,11,1,1,1,1,6,3,3,3,3
3,8,3,75,0.8,1,2,1,1,1,271.61,1,17,1,1,1,1,20,3,3,2,2
3,8,3,76,1.8,1,2,1,1,1,238.04,1,15,3,1,3,1,10,1,3,2,2
3,8,3,77,0.4,2,2,2,2,1,314.46,0,17,3,3,2,2,10,3,1,2,2
3,8,3,78,0.2,3,3,2,1,0,369.36,0,15,1,3,3,1,8,1,1,3,3
3,8,4,1,0.2,1,1,1,1,1,79.899,2,11,3,1,3,1,4,3,3,3,3
3,8,4,2,0.05,1,2,1,1,1,303.15,0,2,1,1,1,1,4,1,3,2,2
3,8,4,3,0.05,3,1,2,2,1,300.49,0,14,3,3,1,1,8,3,3,3,3
3,8,4,4,0.2,1,1,1,1,1,230.75,1,5,1,1,1,1,3,1,1,1,1
3,8,4,5,0.8,2,3,2,2,1,235.9,1,6,1,3,2,2,2,1,3,3,1
3,8,4,6,1.8,1,1,1,1,1,218.6,1,20,1,1,1,1,10,1,3,1,3
3,8,4,7,0.2,2,2,2,2,1,323.64,0,1,3,3,2,2,10,1,1,2,2
3,8,4,8,0.4,2,1,2,1,0,226.39,1,15,1,3,2,2,14,3,3,3,3
3,8,4,9,0.2,1,1,1,1,1,233.91,1,6,3,1,3,1,1,1,1,1,1
3,8,4,10,0.8,1,3,1,1,1,220.46,1,7,1,1,1,1,15,1,1,3,3
3,8,4,11,1.8,3,2,2,2,1,252.73,1,12,3,3,1,1,3,3,3,2,2
3,8,4,12,0.2,3,3,2,2,1,295.86,1,16,3,1,1,3,8,1,1,3,3
3,8,4,13,0.1,1,3,1,2,0,362.82,0,7,1,3,1,3,15,3,3,1,1
3,8,4,14,1.8,1,1,1,1,1,263.74,1,20,3,3,3,3,8,1,1,1,1
3,8,4,15,0.05,2,1,2,2,1,414.87,0,4,3,3,2,2,5,3,1,3,1
3,8,4,16,0.4,2,2,2,2,1,297.05,1,9,3,1,2,2,20,1,1,2,2
3,8,4,17,0.8,3,3,2,2,1,248.29,1,8,1,1,3,3,12,1,3,3,1
3,8,4,18,0.05,2,2,2,1,0,315.9,0,12,1,3,2,2,16,3,1,2,2
3,8,4,19,0.1,1,2,1,1,1,312.78,0,16,3,1,3,1,11,1,1,2,2
3,8,4,20,0.05,1,3,1,1,1,290.39,1,4,3,3,3,3,12,3,3,1,1
3,8,4,21,0.8,3,3,2,2,1,216.92,1,11,1,1,3,3,2,3,1,1,3
3,8,4,22,0.8,1,3,1,1,1,217.59,1,2,3,3,3,3,2,1,1,3,3
3,8,4,23,0.1,3,2,2,2,1,290.44,1,16,1,3,3,1,10,1,3,2,2
3,8,4,24,0.2,3,1,2,2,1,293.47,1,20,3,1,1,3,4,3,3,3,3
3,8,4,25,0.1,1,3,1,1,1,285.22,1,20,1,3,1,3,8,1,1,3,3
3,8,4,26,0.8,1,1,1,2,0,236.43,1,15,1,1,1,1,2,3,3,3,3
3,8,4,27,0.4,1,1,1,1,1,264.81,1,18,1,1,1,1,16,3,3,3,3
3,8,4,28,0.4,1,3,1,1,1,239.46,1,6,3,1,3,1,1,3,1,1,3
3,8,4,29,0.2,1,3,1,1,1,265.67,1,6,3,3,3,3,20,1,3,3,1
3,8,4,30,0.05,3,1,2,2,1,280.14,1,15,1,1,3,3,6,3,1,3,1
3,8,4,31,0.2,1,3,1,1,1,217.49,1,15,3,3,3,3,4,3,3,1,1
3,8,4,32,0.05,1,1,1,1,1,793.54,0,7,3,1,3,1,4,1,3,1,3
3,8,4,33,1.8,1,1,1,1,1,200.83,1,20,1,3,1,3,9,3,3,3,3
3,8,4,34,0.2,3,3,2,2,1,315.52,0,6,3,3,1,1,8,1,1,3,3
3,8,4,35,0.8,2,2,2,2,1,231.67,1,12,3,3,2,2,15,3,3,2,2
3,8,4,36,0.4,1,2,1,1,1,198.83,1,19,3,1,3,1,2,3,1,2,2
3,8,4,37,0.1,3,2,2,2,1,298.38,1,2,3,3,1,1,19,1,3,2,2
3,8,4,38,1.8,1,2,1,1,1,211.25,1,2,1,3,1,3,1,1,3,2,2
3,8,4,39,0.1,3,2,2,2,1,268.79,1,7,1,3,3,1,13,1,3,2,2
3,8,4,40,0.8,3,2,2,2,1,253.1,1,19,1,1,3,3,3,3,3,2,2
3,8,4,41,0.8,2,3,2,2,1,302.8,0,17,3,1,2,2,17,1,1,3,3
3,8,4,42,0.2,1,3,1,1,1,187.5,1,12,3,3,3,3,7,3,3,1,1
3,8,4,43,1.8,2,2,2,2,1,223.66,1,11,3,3,2,2,9,1,3,2,2
3,8,4,44,0.05,2,3,2,2,1,323.17,0,15,1,1,2,2,19,1,1,3,3
3,8,4,45,0.1,2,1,2,2,1,293.95,1,9,1,3,2,2,7,3,3,3,3
3,8,4,46,1.8,1,1,1,1,1,236.71,1,6,1,1,1,1,18,1,3,1,3
3,8,4,47,1.8,2,3,NaN,NaN,NaN,NaN,NaN,7,1,1,2,2,3,1,3,3,1
3,8,4,48,0.1,2,1,2,2,1,294.55,1,4,3,1,2,2,15,1,1,1,1
3,8,4,49,0.1,3,3,2,2,1,291.13,1,10,1,1,3,3,1,1,1,3,3
3,8,4,50,0.05,1,2,1,1,1,301.07,0,3,1,1,1,1,2,3,3,2,2
3,8,4,51,0.1,1,3,1,1,1,264.44,1,7,1,3,1,3,3,3,1,1,3
3,8,4,52,0.1,1,1,1,1,1,238.27,1,6,1,1,1,1,8,1,3,1,3
3,8,4,53,1.8,1,2,1,1,1,228.91,1,9,1,3,1,3,7,3,3,2,2
3,8,4,54,0.4,1,3,NaN,NaN,NaN,NaN,NaN,1,3,1,3,1,1,3,1,1,3
3,8,4,55,0.4,1,2,1,1,1,229.13,1,17,3,1,3,1,8,3,1,2,2
3,8,4,56,0.8,1,3,1,1,1,246.03,1,18,1,1,1,1,11,1,1,3,3
3,8,4,57,0.05,2,3,2,2,1,292.88,1,9,3,1,2,2,6,3,3,1,1
3,8,4,58,0.8,1,2,1,1,1,221.51,1,16,3,1,3,1,8,3,1,2,2
3,8,4,59,0.4,1,3,1,1,1,262.7,1,5,1,1,1,1,20,1,3,3,1
3,8,4,60,0.05,3,3,2,2,1,338.72,0,9,1,3,3,1,13,3,1,1,3
3,8,4,61,1.8,1,3,NaN,NaN,NaN,NaN,NaN,3,1,3,1,3,3,3,3,1,1
3,8,4,62,0.4,1,1,1,1,1,220.25,1,10,3,1,3,1,15,3,1,3,1
3,8,4,63,0.1,2,1,2,2,1,264.04,1,5,3,3,2,2,1,1,1,1,1
3,8,4,64,0.4,1,2,1,1,1,250.1,1,17,3,3,3,3,13,3,1,2,2
3,8,4,65,0.1,3,2,2,2,1,290.82,1,9,1,1,3,3,11,3,3,2,2
3,8,4,66,0.4,2,2,2,1,0,246.78,1,12,3,3,2,2,14,1,3,2,2
3,8,4,67,0.05,2,2,2,2,1,287.88,1,5,1,1,2,2,11,3,3,2,2
3,8,4,68,1.8,2,2,2,2,1,242.52,1,17,1,3,2,2,6,3,3,2,2
3,8,4,69,0.8,1,3,NaN,NaN,NaN,NaN,NaN,2,3,1,3,1,18,1,3,3,1
3,8,4,70,0.2,3,3,2,2,1,308.65,0,16,1,1,3,3,2,1,1,3,3
3,8,4,71,1.8,3,2,2,2,1,236.25,1,20,1,1,3,3,3,1,1,2,2
3,8,4,72,0.2,3,2,2,2,1,268.33,1,14,3,3,1,1,7,3,1,2,2
3,8,4,73,1.8,1,1,NaN,NaN,NaN,NaN,NaN,1,3,1,3,1,4,1,1,1,1
3,8,4,74,0.4,1,2,1,1,1,298.52,1,18,1,1,1,1,3,1,1,2,2
3,8,4,75,0.4,1,2,1,1,1,235.61,1,12,3,1,3,1,18,3,1,2,2
3,8,4,76,0.2,2,1,2,2,1,281.07,1,19,3,3,2,2,17,3,3,3,3
3,8,4,77,0.05,3,1,2,2,1,283.78,1,9,1,1,3,3,6,1,1,1,1
3,8,4,78,0.8,1,3,1,2,0,257.48,1,20,1,1,1,1,16,3,3,1,1
3,8,5,1,0.1,2,1,2,2,1,265.2,1,14,3,1,2,2,6,3,1,3,1
3,8,5,2,0.05,2,3,2,1,0,277.67,1,14,1,1,2,2,1,3,1,1,3
3,8,5,3,1.8,1,2,1,1,1,213.95,1,2,1,1,1,1,13,1,3,2,2
3,8,5,4,0.05,1,2,1,1,1,239.1,1,8,1,3,1,3,4,1,3,2,2
3,8,5,5,0.4,1,1,1,1,1,227.74,1,6,1,1,1,1,3,1,3,1,3
3,8,5,6,1.8,1,3,1,1,1,252.2,1,12,1,3,1,3,19,3,3,1,1
3,8,5,7,0.1,1,3,1,1,1,210.5,1,9,1,3,1,3,20,3,3,1,1
3,8,5,8,0.2,1,1,1,1,1,231.33,1,8,3,3,3,3,4,1,3,1,3
3,8,5,9,0.05,1,2,1,1,1,252.6,1,5,3,1,3,1,3,1,3,2,2
3,8,5,10,0.2,1,3,1,1,1,58.841,2,13,3,3,3,3,7,1,1,3,3
3,8,5,11,0.2,3,1,2,2,1,241.52,1,5,1,1,3,3,19,3,1,3,1
3,8,5,12,0.1,2,1,2,1,0,207.73,1,17,1,1,2,2,4,3,1,3,1
3,8,5,13,0.4,1,3,1,1,1,243.85,1,20,3,3,3,3,3,1,3,3,1
3,8,5,14,0.2,1,2,1,1,1,238.64,1,12,3,3,3,3,13,3,1,2,2
3,8,5,15,1.8,1,1,NaN,NaN,NaN,NaN,NaN,7,1,3,1,3,20,3,3,3,3
3,8,5,16,0.1,3,3,2,1,0,284.4,1,12,1,1,3,3,2,1,1,3,3
3,8,5,17,0.4,2,1,2,2,1,286.45,1,2,1,3,2,2,2,3,3,3,3
3,8,5,18,1.8,2,2,2,2,1,258.46,1,16,3,1,2,2,4,1,1,2,2
3,8,5,19,0.4,2,1,2,2,1,276.85,1,18,1,1,2,2,18,3,3,3,3
3,8,5,20,0.1,2,2,2,2,1,374.84,0,13,3,1,2,2,14,1,3,2,2
3,8,5,21,0.05,1,1,1,1,1,269.14,1,9,3,3,3,3,3,3,3,3,3
3,8,5,22,0.1,1,2,1,1,1,586.8,0,4,3,3,3,3,20,3,1,2,2
3,8,5,23,0.8,2,2,2,2,1,228.64,1,8,3,1,2,2,16,3,1,2,2
3,8,5,24,0.4,2,2,2,2,1,270.09,1,3,1,1,2,2,7,3,3,2,2
3,8,5,25,1.8,3,1,2,2,1,231.72,1,19,1,1,3,3,13,3,1,3,1
3,8,5,26,1.8,1,1,1,1,1,226.35,1,19,1,1,1,1,1,1,3,1,3
3,8,5,27,0.05,3,3,2,2,1,271.5,1,20,1,3,3,1,10,3,1,1,3
3,8,5,28,0.8,1,1,1,1,1,269.94,1,20,3,1,3,1,3,3,3,3,3
3,8,5,29,0.2,1,3,1,1,1,243.2,1,2,1,3,1,3,12,1,1,3,3
3,8,5,30,0.05,3,3,2,2,1,292.27,1,2,3,3,1,1,8,1,1,3,3
3,8,5,31,0.8,2,3,2,1,0,268.56,1,2,1,1,2,2,1,1,3,3,1
3,8,5,32,1.8,3,2,2,2,1,245.25,1,11,3,3,1,1,19,3,3,2,2
3,8,5,33,0.05,3,2,2,2,1,269,1,17,3,1,1,3,13,3,1,2,2
3,8,5,34,0.8,3,3,2,2,1,260.32,1,17,3,3,1,1,3,3,3,1,1
3,8,5,35,0.1,1,2,1,1,1,271.13,1,14,1,3,1,3,8,1,3,2,2
3,8,5,36,0.1,1,1,1,1,1,304.1,0,10,1,3,1,3,8,3,1,3,1
3,8,5,37,0.4,3,3,2,2,1,307.66,0,6,3,1,1,3,3,3,3,1,1
3,8,5,38,0.4,2,2,2,2,1,243.92,1,15,1,3,2,2,14,1,3,2,2
3,8,5,39,0.4,2,2,2,2,1,287.56,1,19,1,3,2,2,19,3,3,2,2
3,8,5,40,0.8,1,1,NaN,NaN,NaN,NaN,NaN,12,3,1,3,1,12,1,3,1,3
3,8,5,41,0.8,1,3,1,1,1,238.02,1,1,1,3,1,3,9,1,3,3,1
3,8,5,42,0.05,1,1,1,2,0,373.9,0,2,3,1,3,1,20,3,1,3,1
3,8,5,43,0.2,1,1,1,1,1,252.44,1,4,3,1,3,1,11,3,1,3,1
3,8,5,44,0.05,1,1,1,1,1,259.12,1,7,1,3,1,3,1,1,1,1,1
3,8,5,45,0.8,2,2,2,2,1,236.71,1,2,3,1,2,2,20,3,1,2,2
3,8,5,46,1.8,1,1,1,1,1,304.41,0,10,1,3,1,3,20,1,1,1,1
3,8,5,47,0.2,1,3,1,1,1,254.22,1,18,1,1,1,1,2,1,3,3,1
3,8,5,48,1.8,1,3,NaN,NaN,NaN,NaN,NaN,15,3,3,3,3,5,1,1,3,3
3,8,5,49,0.2,1,2,1,1,1,254.73,1,6,1,3,1,3,15,1,1,2,2
3,8,5,50,0.8,1,3,1,1,1,251.14,1,8,1,1,1,1,17,3,3,1,1
3,8,5,51,0.8,2,3,2,1,0,245.56,1,11,1,1,2,2,15,1,3,3,1
3,8,5,52,1.8,1,3,1,1,1,220.14,1,10,3,3,3,3,10,3,3,1,1
3,8,5,53,1.8,2,2,2,2,1,262.19,1,7,1,1,2,2,15,1,3,2,2
3,8,5,54,0.1,2,2,2,2,1,567.49,0,7,3,3,2,2,1,3,3,2,2
3,8,5,55,0.05,3,2,2,2,1,290.96,1,13,1,1,3,3,11,1,1,2,2
3,8,5,56,0.2,1,1,1,1,1,233.99,1,5,1,1,1,1,11,3,1,3,1
3,8,5,57,0.8,2,3,2,2,1,238.55,1,8,3,1,2,2,4,3,1,1,3
3,8,5,58,1.8,1,1,1,1,1,192.76,1,1,3,1,3,1,4,3,3,3,3
3,8,5,59,0.1,3,3,2,2,1,319.15,0,11,1,3,3,1,2,1,3,3,1
3,8,5,60,0.2,1,1,1,1,1,271.53,1,7,1,3,1,3,7,1,3,1,3
3,8,5,61,0.1,3,3,2,2,1,283.56,1,15,3,1,1,3,11,3,3,1,1
3,8,5,62,0.2,3,1,2,2,1,242.76,1,19,1,3,3,1,16,3,3,3,3
3,8,5,63,0.8,3,3,NaN,NaN,NaN,NaN,NaN,8,1,1,3,3,4,1,1,3,3
3,8,5,64,0.4,3,1,2,2,1,241.74,1,19,3,3,1,1,20,1,3,1,3
3,8,5,65,0.2,1,1,1,2,0,357.2,0,16,3,3,3,3,17,1,1,1,1
3,8,5,66,0.4,3,2,2,2,1,257.97,1,9,3,3,1,1,12,3,1,2,2
3,8,5,67,0.05,1,1,1,1,1,320.99,0,4,1,1,1,1,1,3,3,3,3
3,8,5,68,0.1,1,3,1,1,1,247.1,1,13,3,3,3,3,18,3,3,1,1
3,8,5,69,0.05,1,3,1,2,0,301.93,0,8,3,1,3,1,19,3,1,1,3
3,8,5,70,0.1,2,3,2,1,0,195.22,1,8,1,1,2,2,15,1,3,3,1
3,8,5,71,0.8,2,3,2,1,0,227.23,1,18,1,3,2,2,18,3,3,1,1
3,8,5,72,0.05,2,2,2,1,0,251.61,1,2,1,1,2,2,9,3,1,2,2
3,8,5,73,0.2,1,1,1,1,1,197.73,1,6,3,3,3,3,16,3,3,3,3
3,8,5,74,0.4,1,1,1,1,1,242.63,1,14,3,3,3,3,11,1,3,1,3
3,8,5,75,0.4,2,3,2,2,1,252.81,1,19,1,3,2,2,6,3,3,1,1
3,8,5,76,0.8,3,2,NaN,NaN,NaN,NaN,NaN,20,3,3,1,1,15,1,1,2,2
3,8,5,77,1.8,1,3,1,1,1,236.38,1,6,1,3,1,3,19,3,1,1,3
3,8,5,78,0.4,1,1,1,1,1,269.59,1,3,3,3,3,3,9,3,1,3,1
3,8,6,1,0.1,1,3,1,1,1,257.7,1,3,3,3,3,3,19,1,3,3,1
3,8,6,2,0.1,2,2,2,2,1,315.01,0,14,1,3,2,2,2,3,1,2,2
3,8,6,3,0.1,1,1,1,1,1,281.71,1,19,1,3,1,3,17,3,1,3,1
3,8,6,4,1.8,1,3,1,1,1,257.23,1,16,3,1,3,1,8,1,3,3,1
3,8,6,5,0.2,1,1,1,1,1,141.81,1,17,3,3,3,3,9,1,1,1,1
3,8,6,6,0.05,1,1,1,1,1,279.38,1,16,1,1,1,1,11,3,3,3,3
3,8,6,7,0.05,1,3,1,1,1,265.44,1,17,3,1,3,1,1,3,1,1,3
3,8,6,8,1.8,3,1,2,2,1,215.38,1,8,3,1,1,3,20,3,3,3,3
3,8,6,9,0.05,1,1,1,1,1,333.12,0,8,1,1,1,1,4,3,1,3,1
3,8,6,10,0.4,1,2,1,1,1,264.27,1,3,1,1,1,1,6,3,3,2,2
3,8,6,11,1.8,2,2,2,1,0,217.01,1,4,1,1,2,2,1,3,1,2,2
3,8,6,12,0.1,3,1,2,1,0,344.34,0,18,3,1,1,3,16,1,3,1,3
3,8,6,13,1.8,3,1,NaN,NaN,NaN,NaN,NaN,12,3,1,1,3,19,3,3,3,3
3,8,6,14,0.1,1,1,1,1,1,232.73,1,6,1,1,1,1,5,3,3,3,3
3,8,6,15,0.05,3,3,2,2,1,332.46,0,11,1,3,3,1,18,3,1,1,3
3,8,6,16,0.8,2,1,NaN,NaN,NaN,NaN,NaN,9,1,1,2,2,9,1,3,1,3
3,8,6,17,0.8,1,2,1,1,1,226.77,1,19,3,3,3,3,7,1,3,2,2
3,8,6,18,1.8,3,3,2,2,1,304.36,0,20,3,1,1,3,14,3,1,1,3
3,8,6,19,0.8,1,3,NaN,NaN,NaN,NaN,NaN,7,1,1,1,1,12,3,3,1,1
3,8,6,20,0.4,1,1,1,1,1,244.48,1,2,1,3,1,3,10,1,3,1,3
3,8,6,21,0.1,3,2,2,2,1,253.83,1,1,3,1,1,3,6,1,1,2,2
3,8,6,22,0.1,2,2,2,1,0,294.56,1,9,3,1,2,2,11,3,3,2,2
3,8,6,23,0.4,3,3,2,2,1,254.27,1,19,1,3,3,1,14,1,3,3,1
3,8,6,24,0.1,3,1,2,2,1,630.09,0,18,3,3,1,1,13,3,3,3,3
3,8,6,25,0.1,1,1,1,1,1,256.29,1,1,1,1,1,1,17,3,3,3,3
3,8,6,26,0.05,1,1,1,1,1,776.81,0,8,3,1,3,1,18,3,3,3,3
3,8,6,27,1.8,2,3,NaN,NaN,NaN,NaN,NaN,8,3,3,2,2,18,1,3,3,1
3,8,6,28,1.8,1,1,1,1,1,237.81,1,20,3,3,3,3,20,3,3,3,3
3,8,6,29,0.4,1,2,1,1,1,248.86,1,5,1,1,1,1,2,3,3,2,2
3,8,6,30,0.8,2,1,2,1,0,253.13,1,2,3,1,2,2,8,3,1,3,1
3,8,6,31,0.2,3,2,2,2,1,228.78,1,19,3,1,1,3,18,3,3,2,2
3,8,6,32,0.05,1,3,1,1,1,273.19,1,12,1,1,1,1,1,1,3,3,1
3,8,6,33,0.1,2,3,2,2,1,435.01,0,11,1,1,2,2,2,1,3,3,1
3,8,6,34,0.2,3,3,2,2,1,292.8,1,11,1,3,3,1,17,1,1,3,3
3,8,6,35,0.2,1,2,1,1,1,219.86,1,7,3,3,3,3,12,1,3,2,2
3,8,6,36,0.05,1,2,1,1,1,290.05,1,12,3,1,3,1,20,1,1,2,2
3,8,6,37,0.8,1,3,1,1,1,212.92,1,19,3,1,3,1,12,1,3,3,1
3,8,6,38,0.4,3,2,2,2,1,217.52,1,14,1,1,3,3,7,3,3,2,2
3,8,6,39,1.8,2,3,2,2,1,200.72,1,14,1,1,2,2,14,3,3,1,1
3,8,6,40,0.8,1,1,1,1,1,292.11,1,17,3,3,3,3,3,1,1,1,1
3,8,6,41,0.05,1,2,1,1,1,280.04,1,1,1,1,1,1,1,1,1,2,2
3,8,6,42,1.8,2,1,2,2,1,181.41,1,15,3,3,2,2,13,1,1,1,1
3,8,6,43,0.05,1,3,1,1,1,293.9,1,16,1,1,1,1,20,1,3,3,1
3,8,6,44,1.8,3,3,2,2,1,259.17,1,4,3,1,1,3,3,3,1,1,3
3,8,6,45,0.8,1,1,1,1,1,222.6,1,12,3,1,3,1,8,3,1,3,1
3,8,6,46,0.8,1,3,1,1,1,242.21,1,14,1,3,1,3,12,1,3,3,1
3,8,6,47,0.4,1,2,1,1,1,238.02,1,9,3,3,3,3,9,1,1,2,2
3,8,6,48,0.4,1,2,1,1,1,246.49,1,10,1,3,1,3,5,3,3,2,2
3,8,6,49,0.05,1,2,1,1,1,227.98,1,3,1,1,1,1,14,3,1,2,2
3,8,6,50,0.2,1,1,1,1,1,256.53,1,13,1,1,1,1,3,1,1,1,1
3,8,6,51,0.4,1,1,1,1,1,270.21,1,7,1,3,1,3,19,3,3,3,3
3,8,6,52,0.8,3,1,2,2,1,261.99,1,4,1,1,3,3,8,1,1,1,1
3,8,6,53,0.2,3,3,2,2,1,304.6,0,20,3,3,1,1,7,1,1,3,3
3,8,6,54,0.8,3,3,2,2,1,207.02,1,9,3,1,1,3,11,1,1,3,3
3,8,6,55,0.2,3,2,2,2,1,273.43,1,2,3,1,1,3,17,1,3,2,2
3,8,6,56,0.8,3,2,NaN,NaN,NaN,NaN,NaN,11,1,3,3,1,13,1,3,2,2
3,8,6,57,0.8,1,1,1,1,1,273.88,1,14,3,1,3,1,20,3,3,3,3
3,8,6,58,0.1,1,1,1,1,1,301.63,0,16,3,1,3,1,12,3,3,3,3
3,8,6,59,0.2,2,2,2,2,1,339.97,0,9,3,3,2,2,18,1,1,2,2
3,8,6,60,0.4,1,1,1,1,1,291.22,1,3,3,1,3,1,4,1,3,1,3
3,8,6,61,0.4,1,2,1,1,1,241.1,1,7,3,3,3,3,12,3,3,2,2
3,8,6,62,0.4,2,3,2,2,1,278.73,1,7,1,3,2,2,14,1,1,3,3
3,8,6,63,0.05,1,2,1,1,1,322.13,0,2,1,3,1,3,14,1,3,2,2
3,8,6,64,0.05,1,2,1,1,1,252.08,1,19,1,3,1,3,4,1,3,2,2
3,8,6,65,0.1,1,2,1,1,1,279.75,1,14,1,1,1,1,15,1,1,2,2
3,8,6,66,0.1,2,1,2,2,1,257.95,1,13,1,1,2,2,6,1,1,1,1
3,8,6,67,0.8,3,2,2,2,1,255.69,1,1,3,1,1,3,17,1,1,2,2
3,8,6,68,1.8,1,1,1,1,1,241.77,1,18,3,3,3,3,12,3,3,3,3
3,8,6,69,0.2,2,2,2,2,1,293.29,1,11,3,3,2,2,3,1,1,2,2
3,8,6,70,0.2,1,1,1,1,1,253.97,1,11,1,3,1,3,1,3,3,3,3
3,8,6,71,0.4,1,3,1,1,1,355.83,0,11,1,1,1,1,6,1,3,3,1
3,8,6,72,0.2,1,2,1,1,1,217.72,1,2,3,3,3,3,17,3,3,2,2
3,8,6,73,0.2,2,3,2,2,1,148.51,1,8,3,1,2,2,13,3,3,1,1
3,8,6,74,1.8,2,1,2,1,0,194.68,1,7,3,3,2,2,4,1,3,1,3
3,8,6,75,1.8,3,2,2,2,1,199.13,1,15,1,3,3,1,18,1,1,2,2
3,8,6,76,0.2,1,3,1,1,1,282.08,1,13,3,1,3,1,9,3,3,1,1
3,8,6,77,0.05,1,2,1,1,1,273.75,1,1,1,3,1,3,16,1,1,2,2
3,8,6,78,0.4,3,1,2,2,1,279.86,1,2,3,1,1,3,14,3,3,3,3
3,8,7,1,0.05,1,3,1,1,1,267.62,1,4,1,1,1,1,13,1,3,3,1
3,8,7,2,0.1,1,3,1,1,1,246.6,1,1,1,3,1,3,19,3,1,1,3
3,8,7,3,0.2,1,3,1,1,1,201.75,1,17,3,1,3,1,3,1,1,3,3
3,8,7,4,1.8,1,2,NaN,NaN,NaN,NaN,NaN,2,1,1,1,1,7,3,3,2,2
3,8,7,5,1.8,3,2,2,2,1,269.76,1,12,1,1,3,3,2,1,1,2,2
3,8,7,6,0.2,1,1,1,1,1,202.35,1,6,1,1,1,1,8,1,1,1,1
3,8,7,7,0.1,2,2,2,2,1,427.06,0,9,3,1,2,2,17,1,1,2,2
3,8,7,8,0.05,1,3,1,1,1,247.19,1,11,1,1,1,1,17,1,1,3,3
3,8,7,9,0.1,1,3,1,1,1,247.47,1,15,3,3,3,3,9,1,1,3,3
3,8,7,10,0.4,3,2,2,2,1,268.41,1,17,3,3,1,1,4,3,3,2,2
3,8,7,11,0.4,1,1,1,2,0,322.04,0,11,1,1,1,1,5,1,3,1,3
3,8,7,12,0.8,3,3,NaN,NaN,NaN,NaN,NaN,10,3,3,1,1,13,3,3,1,1
3,8,7,13,0.8,2,2,2,2,1,237.82,1,2,3,3,2,2,3,1,1,2,2
3,8,7,14,0.8,2,3,2,2,1,272.75,1,2,3,3,2,2,9,1,1,3,3
3,8,7,15,0.1,3,1,2,2,1,285.18,1,13,3,1,1,3,4,3,1,3,1
3,8,7,16,0.4,1,1,1,1,1,347.13,0,16,3,1,3,1,11,3,1,3,1
3,8,7,17,0.2,3,3,2,2,1,303.73,0,19,1,3,3,1,9,1,1,3,3
3,8,7,18,0.4,1,2,1,2,0,561.39,0,12,3,3,3,3,12,3,3,2,2
3,8,7,19,0.2,2,3,2,2,1,369.43,0,5,1,1,2,2,9,1,1,3,3
3,8,7,20,1.8,1,1,NaN,NaN,NaN,NaN,NaN,20,3,1,3,1,7,3,3,3,3
3,8,7,21,0.2,1,3,1,2,0,509.82,0,2,3,3,3,3,12,3,1,1,3
3,8,7,22,0.2,2,2,2,2,1,289.74,1,5,3,3,2,2,5,3,1,2,2
3,8,7,23,0.1,2,1,2,2,1,306.46,0,7,1,3,2,2,16,3,1,3,1
3,8,7,24,0.8,3,1,2,2,1,355.37,0,15,1,3,3,1,18,3,1,3,1
3,8,7,25,0.05,3,3,2,1,0,574.54,0,9,1,1,3,3,4,3,1,1,3
3,8,7,26,0.8,3,2,2,2,1,211.27,1,5,1,3,3,1,1,3,3,2,2
3,8,7,27,0.1,1,3,1,1,1,264.77,1,2,1,1,1,1,13,3,1,1,3
3,8,7,28,0.1,2,2,2,2,1,248.96,1,3,1,3,2,2,9,3,3,2,2
3,8,7,29,0.1,2,3,2,2,1,245.47,1,8,3,1,2,2,12,1,1,3,3
3,8,7,30,0.4,2,2,2,2,1,242.67,1,11,3,1,2,2,9,3,1,2,2
3,8,7,31,0.05,1,2,1,1,1,253.52,1,9,1,3,1,3,9,3,3,2,2
3,8,7,32,0.1,3,2,2,2,1,208.7,1,19,3,1,1,3,4,3,1,2,2
3,8,7,33,0.05,1,1,1,1,1,232.72,1,13,1,1,1,1,4,1,3,1,3
3,8,7,34,0.8,2,2,2,2,1,211.37,1,10,1,1,2,2,12,3,1,2,2
3,8,7,35,0.8,1,1,1,1,1,218.47,1,7,1,3,1,3,10,3,3,3,3
3,8,7,36,0.8,2,1,2,2,1,217.95,1,19,3,1,2,2,12,1,1,1,1
3,8,7,37,0.05,1,3,1,2,0,309.22,0,14,3,3,3,3,7,1,1,3,3
3,8,7,38,1.8,3,1,2,2,1,245.31,1,19,3,3,1,1,17,1,3,1,3
3,8,7,39,0.2,3,3,2,2,1,266.42,1,16,3,3,1,1,10,1,3,3,1
3,8,7,40,0.4,1,1,1,1,1,32.588,2,15,3,3,3,3,2,3,3,3,3
3,8,7,41,1.8,1,2,1,1,1,221.96,1,11,1,1,1,1,4,1,1,2,2
3,8,7,42,0.05,1,3,1,1,1,238.8,1,7,1,3,1,3,17,3,1,1,3
3,8,7,43,0.2,3,2,2,2,1,268.41,1,13,1,3,3,1,16,3,1,2,2
3,8,7,44,1.8,3,2,NaN,NaN,NaN,NaN,NaN,15,3,3,1,1,7,1,1,2,2
3,8,7,45,1.8,3,2,2,2,1,245.54,1,12,3,3,1,1,7,1,1,2,2
3,8,7,46,0.2,2,1,2,2,1,468.84,0,16,3,3,2,2,4,3,3,3,3
3,8,7,47,0.4,3,3,2,2,1,217.27,1,15,1,1,3,3,1,1,3,3,1
3,8,7,48,1.8,1,1,1,1,1,251.89,1,19,1,1,1,1,4,1,3,1,3
3,8,7,49,0.4,1,2,1,1,1,237.27,1,3,1,3,1,3,12,3,3,2,2
3,8,7,50,0.8,2,3,2,2,1,257.06,1,12,3,1,2,2,8,3,1,1,3
3,8,7,51,0.2,2,2,2,1,0,299.04,1,2,1,1,2,2,14,1,1,2,2
3,8,7,52,0.1,1,3,1,1,1,312.5,0,5,1,1,1,1,13,1,1,3,3
3,8,7,53,0.05,3,1,2,2,1,255.22,1,7,3,1,1,3,11,3,1,3,1
3,8,7,54,0.4,2,3,2,2,1,254.3,1,1,1,3,2,2,7,3,3,1,1
3,8,7,55,1.8,1,2,1,1,1,229.96,1,5,1,3,1,3,15,1,3,2,2
3,8,7,56,0.8,3,1,2,2,1,265.3,1,6,1,1,3,3,15,3,1,3,1
3,8,7,57,0.4,1,3,1,1,1,216.27,1,15,1,1,1,1,15,1,1,3,3
3,8,7,58,0.1,3,1,2,2,1,275.49,1,6,3,3,1,1,18,3,3,3,3
3,8,7,59,0.05,3,3,2,2,1,525.38,0,18,3,3,1,1,12,3,3,1,1
3,8,7,60,0.4,2,3,2,2,1,251.65,1,18,1,3,2,2,9,3,1,1,3
3,8,7,61,0.8,3,3,2,2,1,249.08,1,17,1,1,3,3,6,3,3,1,1
3,8,7,62,0.8,3,1,2,2,1,296.58,1,11,1,3,3,1,8,1,1,1,1
3,8,7,63,1.8,1,1,1,1,1,245.35,1,14,1,1,1,1,8,3,3,3,3
3,8,7,64,0.05,1,3,1,1,1,335.82,0,8,1,1,1,1,9,3,3,1,1
3,8,7,65,0.05,2,3,2,2,1,258.74,1,9,3,3,2,2,3,1,1,3,3
3,8,7,66,1.8,2,1,2,2,1,211.11,1,3,1,1,2,2,2,1,3,1,3
3,8,7,67,0.2,1,1,1,1,1,230.73,1,5,3,3,3,3,12,3,1,3,1
3,8,7,68,1.8,1,2,1,1,1,195.54,1,6,1,3,1,3,14,1,3,2,2
3,8,7,69,0.4,1,3,1,1,1,223.92,1,9,1,3,1,3,13,1,1,3,3
3,8,7,70,0.05,1,1,1,1,1,313.01,0,18,3,1,3,1,2,3,1,3,1
3,8,7,71,0.1,1,3,1,1,1,251.72,1,8,1,3,1,3,4,3,3,1,1
3,8,7,72,0.1,2,3,2,2,1,322.62,0,7,3,1,2,2,6,1,3,3,1
3,8,7,73,0.8,1,1,1,1,1,231.66,1,10,3,1,3,1,12,1,3,1,3
3,8,7,74,0.2,1,2,1,1,1,255.69,1,17,1,3,1,3,5,3,3,2,2
3,8,7,75,0.05,1,2,1,2,0,284.36,1,20,3,3,3,3,5,1,3,2,2
3,8,7,76,0.4,3,3,2,2,1,272.2,1,11,1,1,3,3,4,3,3,1,1
3,8,7,77,1.8,1,3,NaN,NaN,NaN,NaN,NaN,14,1,1,1,1,6,3,1,1,3
3,8,7,78,0.2,1,2,1,1,1,409.4,0,4,1,3,1,3,3,3,1,2,2
3,8,8,1,0.1,1,2,1,2,0,245.54,1,10,1,1,1,1,3,1,1,2,2
3,8,8,2,0.2,1,2,1,1,1,246.88,1,2,1,3,1,3,14,1,1,2,2
3,8,8,3,1.8,3,2,2,2,1,266.25,1,8,3,3,1,1,11,3,1,2,2
3,8,8,4,0.8,3,3,2,2,1,242.63,1,20,1,3,3,1,12,1,3,3,1
3,8,8,5,0.4,2,3,2,2,1,227.05,1,8,1,1,2,2,17,1,1,3,3
3,8,8,6,0.05,1,1,1,1,1,283.59,1,6,3,1,3,1,12,3,1,3,1
3,8,8,7,0.4,3,1,2,2,1,-2.4059,2,9,3,1,1,3,19,3,1,3,1
3,8,8,8,0.4,1,2,1,1,1,241.83,1,10,1,3,1,3,6,1,3,2,2
3,8,8,9,0.8,1,2,1,1,1,249.77,1,17,1,1,1,1,11,1,3,2,2
3,8,8,10,0.2,2,2,2,2,1,283.28,1,8,1,3,2,2,16,1,3,2,2
3,8,8,11,0.4,3,2,2,2,1,268.77,1,11,3,1,1,3,4,3,1,2,2
3,8,8,12,0.1,1,3,1,1,1,552.77,0,11,3,1,3,1,1,1,3,3,1
3,8,8,13,0.8,2,3,2,2,1,225.74,1,7,1,3,2,2,5,1,3,3,1
3,8,8,14,0.2,1,1,1,1,1,313.04,0,10,1,1,1,1,6,1,3,1,3
3,8,8,15,0.4,3,3,2,2,1,287.99,1,2,3,1,1,3,5,1,3,3,1
3,8,8,16,0.4,1,2,1,1,1,253.96,1,10,3,1,3,1,4,1,3,2,2
3,8,8,17,0.8,2,2,2,2,1,252.82,1,19,1,1,2,2,16,3,3,2,2
3,8,8,18,0.05,3,1,2,2,1,302.1,0,7,3,1,1,3,14,1,3,1,3
3,8,8,19,0.1,3,1,2,2,1,310.92,0,3,1,1,3,3,7,1,3,1,3
3,8,8,20,0.05,1,1,1,1,1,231.49,1,8,1,3,1,3,5,3,3,3,3
3,8,8,21,0.2,1,1,1,1,1,258.98,1,13,3,1,3,1,16,3,3,3,3
3,8,8,22,0.4,3,1,2,1,0,305.95,0,12,3,3,1,1,15,1,3,1,3
3,8,8,23,0.1,1,3,1,1,1,242.08,1,12,3,3,3,3,2,1,1,3,3
3,8,8,24,0.4,2,2,2,2,1,3.0217,2,15,1,1,2,2,17,3,1,2,2
3,8,8,25,0.1,1,1,1,1,1,287.93,1,2,1,3,1,3,18,1,1,1,1
3,8,8,26,0.05,1,3,1,1,1,313.76,0,3,1,1,1,1,8,1,3,3,1
3,8,8,27,1.8,1,3,1,1,1,225.96,1,12,1,1,1,1,7,1,3,3,1
3,8,8,28,0.8,3,2,2,2,1,235.93,1,4,1,1,3,3,12,3,1,2,2
3,8,8,29,0.4,3,1,2,2,1,165.91,1,11,3,1,1,3,17,1,1,1,1
3,8,8,30,0.2,1,2,1,1,1,224.78,1,12,3,3,3,3,15,1,1,2,2
3,8,8,31,0.2,1,3,1,1,1,230.52,1,4,3,3,3,3,2,3,3,1,1
3,8,8,32,0.1,3,1,2,2,1,213.18,1,4,3,1,1,3,17,1,1,1,1
3,8,8,33,0.2,1,3,1,1,1,278.62,1,9,3,3,3,3,16,3,3,1,1
3,8,8,34,1.8,1,1,NaN,NaN,NaN,NaN,NaN,9,3,3,3,3,7,1,1,1,1
3,8,8,35,1.8,1,1,1,1,1,271.08,1,15,3,3,3,3,14,3,3,3,3
3,8,8,36,1.8,1,3,1,1,1,253.66,1,8,3,1,3,1,17,1,1,3,3
3,8,8,37,1.8,2,3,2,2,1,258.06,1,17,1,3,2,2,19,3,3,1,1
3,8,8,38,0.8,1,2,1,1,1,243.11,1,20,3,3,3,3,2,1,1,2,2
3,8,8,39,0.4,3,2,2,2,1,224.01,1,14,1,1,3,3,17,3,3,2,2
3,8,8,40,0.8,3,1,2,2,1,241.11,1,19,3,1,1,3,10,1,3,1,3
3,8,8,41,0.8,2,2,2,2,1,207.27,1,12,3,1,2,2,3,3,3,2,2
3,8,8,42,0.8,1,2,1,1,1,213.09,1,19,1,3,1,3,9,1,3,2,2
3,8,8,43,0.8,3,1,2,2,1,232.79,1,19,1,1,3,3,18,3,1,3,1
3,8,8,44,0.05,2,2,2,2,1,343.23,0,17,1,3,2,2,20,1,1,2,2
3,8,8,45,0.8,2,2,2,1,0,267.25,1,8,1,1,2,2,2,1,3,2,2
3,8,8,46,0.05,3,2,2,1,0,281.48,1,10,3,1,1,3,12,1,1,2,2
3,8,8,47,0.4,1,1,1,1,1,231.29,1,17,3,1,3,1,3,1,1,1,1
3,8,8,48,0.1,1,2,1,1,1,235.84,1,10,3,1,3,1,7,1,3,2,2
3,8,8,49,0.05,3,3,2,2,1,309.24,0,2,1,3,3,1,14,3,3,1,1
3,8,8,50,1.8,1,2,1,1,1,237.66,1,11,1,1,1,1,10,1,1,2,2
3,8,8,51,0.2,1,3,1,1,1,202.12,1,14,3,3,3,3,8,1,1,3,3
3,8,8,52,0.8,3,3,NaN,NaN,NaN,NaN,NaN,14,1,3,3,1,20,3,3,1,1
3,8,8,53,1.8,2,2,2,2,1,230.46,1,9,1,1,2,2,19,1,3,2,2
3,8,8,54,0.05,3,3,2,2,1,302.17,0,18,1,1,3,3,1,1,3,3,1
3,8,8,55,0.1,2,2,2,2,1,444.41,0,15,1,1,2,2,15,3,1,2,2
3,8,8,56,0.05,1,3,1,1,1,279.24,1,12,3,1,3,1,8,1,3,3,1
3,8,8,57,1.8,2,2,2,2,1,198.86,1,20,3,1,2,2,16,3,3,2,2
3,8,8,58,0.2,3,3,2,2,1,228.51,1,17,1,1,3,3,17,1,3,3,1
3,8,8,59,0.1,3,1,2,2,1,328.62,0,10,3,3,1,1,5,1,1,1,1
3,8,8,60,0.4,3,2,2,2,1,187.36,1,19,1,3,3,1,3,3,3,2,2
3,8,8,61,0.05,1,2,1,1,1,383.8,0,15,1,1,1,1,5,1,3,2,2
3,8,8,62,1.8,3,1,NaN,NaN,NaN,NaN,NaN,8,1,3,3,1,13,1,1,1,1
3,8,8,63,0.2,1,3,1,1,1,261.91,1,2,1,3,1,3,11,1,3,3,1
3,8,8,64,0.1,2,1,2,2,1,286.33,1,1,1,1,2,2,20,3,1,3,1
3,8,8,65,0.2,1,1,1,1,1,263.26,1,4,1,3,1,3,20,1,3,1,3
3,8,8,66,0.4,1,1,1,1,1,262.58,1,8,1,1,1,1,9,3,3,3,3
3,8,8,67,0.1,2,1,2,1,0,269.91,1,3,1,3,2,2,9,1,3,1,3
3,8,8,68,0.05,1,3,1,1,1,260.83,1,9,1,3,1,3,10,1,1,3,3
3,8,8,69,0.2,3,1,2,2,1,225.02,1,3,3,1,1,3,10,1,1,1,1
3,8,8,70,0.05,3,2,2,2,1,276.24,1,2,1,1,3,3,17,3,1,2,2
3,8,8,71,1.8,2,2,2,2,1,199.67,1,3,1,3,2,2,20,3,3,2,2
3,8,8,72,1.8,1,3,1,1,1,217.15,1,5,3,3,3,3,1,3,1,1,3
3,8,8,73,0.1,3,2,2,2,1,288.45,1,4,1,1,3,3,10,1,1,2,2
3,8,8,74,0.05,1,3,1,1,1,296.3,1,20,3,3,3,3,13,1,3,3,1
3,8,8,75,0.1,3,2,2,2,1,290.8,1,1,3,3,1,1,12,1,3,2,2
3,8,8,76,1.8,1,1,1,1,1,247.44,1,13,1,1,1,1,6,3,3,3,3
3,8,8,77,0.2,1,1,1,1,1,222.04,1,7,1,3,1,3,16,1,3,1,3
3,8,8,78,0.8,3,2,2,2,1,274.98,1,2,1,1,3,3,12,1,1,2,2
3,8,9,1,0.2,1,2,1,1,1,164.02,1,18,1,1,1,1,6,1,1,2,2
3,8,9,2,1.8,2,3,NaN,NaN,NaN,NaN,NaN,11,1,1,2,2,2,1,3,3,1
3,8,9,3,1.8,1,1,1,1,1,207.23,1,3,3,1,3,1,14,3,3,3,3
3,8,9,4,0.8,1,1,1,1,1,244.79,1,11,3,3,3,3,6,3,1,3,1
3,8,9,5,0.8,1,2,1,1,1,213.36,1,7,1,1,1,1,2,3,3,2,2
3,8,9,6,0.4,2,1,2,2,1,219.35,1,17,1,3,2,2,18,3,1,3,1
3,8,9,7,0.05,2,2,2,2,1,292.98,1,16,1,3,2,2,9,1,3,2,2
3,8,9,8,0.1,2,3,2,1,0,211.56,1,3,3,1,2,2,8,1,1,3,3
3,8,9,9,0.1,1,3,1,1,1,213.89,1,20,3,1,3,1,20,3,1,1,3
3,8,9,10,0.1,2,1,2,2,1,411.1,0,13,3,1,2,2,6,3,3,3,3
3,8,9,11,0.2,2,2,2,2,1,216.94,1,4,3,3,2,2,15,3,1,2,2
3,8,9,12,1.8,1,2,1,1,1,203.56,1,14,1,3,1,3,3,3,3,2,2
3,8,9,13,1.8,3,1,2,2,1,235.52,1,18,1,1,3,3,6,3,1,3,1
3,8,9,14,0.2,1,3,1,1,1,246.58,1,8,1,1,1,1,2,3,1,1,3
3,8,9,15,0.4,2,3,2,2,1,231.52,1,10,3,3,2,2,8,3,3,1,1
3,8,9,16,0.05,2,3,2,2,1,301.58,0,11,1,1,2,2,8,1,3,3,1
3,8,9,17,0.1,2,1,2,1,0,259.57,1,3,1,3,2,2,9,3,3,3,3
3,8,9,18,0.8,1,3,1,1,1,248.09,1,5,1,3,1,3,9,1,3,3,1
3,8,9,19,0.2,3,3,2,2,1,285.07,1,19,1,3,3,1,17,1,3,3,1
3,8,9,20,0.4,2,2,2,2,1,220.09,1,18,1,3,2,2,10,3,1,2,2
3,8,9,21,1.8,2,1,2,2,1,206.21,1,17,1,3,2,2,8,1,1,1,1
3,8,9,22,0.8,1,2,1,1,1,252.12,1,8,3,3,3,3,4,1,3,2,2
3,8,9,23,0.05,3,3,2,2,1,312.39,0,2,3,1,1,3,8,1,1,3,3
3,8,9,24,0.05,1,1,1,2,0,309.99,0,13,3,3,3,3,7,1,3,1,3
3,8,9,25,0.05,3,2,2,1,0,303.8,0,12,1,3,3,1,11,3,1,2,2
3,8,9,26,0.2,1,3,1,1,1,242.26,1,19,1,1,1,1,17,1,3,3,1
3,8,9,27,0.2,1,3,1,1,1,227.84,1,4,1,3,1,3,4,1,1,3,3
3,8,9,28,0.4,3,2,2,2,1,258.32,1,17,1,1,3,3,18,3,3,2,2
3,8,9,29,0.8,2,1,2,2,1,244.29,1,7,1,1,2,2,7,1,1,1,1
3,8,9,30,0.4,1,2,1,1,1,256.99,1,3,1,3,1,3,3,3,1,2,2
3,8,9,31,1.8,2,3,2,2,1,206.07,1,18,1,1,2,2,18,1,3,3,1
3,8,9,32,0.05,3,1,2,2,1,279.18,1,1,1,3,3,1,5,3,1,3,1
3,8,9,33,1.8,1,3,1,1,1,221.2,1,11,3,1,3,1,16,3,1,1,3
3,8,9,34,1.8,1,2,1,1,1,216.96,1,16,1,3,1,3,17,1,1,2,2
3,8,9,35,0.1,1,3,1,1,1,276.06,1,2,1,1,1,1,8,3,3,1,1
3,8,9,36,1.8,2,2,NaN,NaN,NaN,NaN,NaN,16,3,1,2,2,18,3,1,2,2
3,8,9,37,0.1,3,1,2,2,1,254.38,1,9,1,3,3,1,2,1,3,1,3
3,8,9,38,0.8,2,1,2,2,1,265.06,1,12,1,3,2,2,10,3,1,3,1
3,8,9,39,0.1,3,3,2,2,1,283.89,1,14,3,1,1,3,12,3,3,1,1
3,8,9,40,0.4,3,2,2,2,1,248.7,1,14,1,3,3,1,1,3,3,2,2
3,8,9,41,0.05,2,3,2,1,0,274.86,1,4,1,3,2,2,6,3,1,1,3
3,8,9,42,0.2,2,1,2,1,0,135.05,1,15,3,3,2,2,9,1,1,1,1
3,8,9,43,0.8,1,3,1,1,1,279.52,1,2,3,3,3,3,10,3,1,1,3
3,8,9,44,0.1,3,1,2,2,1,271.92,1,7,3,1,1,3,16,3,3,3,3
3,8,9,45,1.8,2,3,2,2,1,182.55,1,11,3,3,2,2,11,3,1,1,3
3,8,9,46,0.2,1,2,1,1,1,223.98,1,10,1,1,1,1,20,1,3,2,2
3,8,9,47,0.2,2,1,2,2,1,291.38,1,4,1,3,2,2,7,3,3,3,3
3,8,9,48,1.8,3,2,2,2,1,234.71,1,11,1,3,3,1,8,3,3,2,2
3,8,9,49,0.1,3,1,2,2,1,238.83,1,12,1,1,3,3,2,1,3,1,3
3,8,9,50,0.4,3,3,2,2,1,292.91,1,15,1,3,3,1,15,3,3,1,1
3,8,9,51,0.05,1,1,1,1,1,511.57,0,17,3,1,3,1,7,3,3,3,3
3,8,9,52,0.2,1,2,1,1,1,259.32,1,13,1,1,1,1,3,3,3,2,2
3,8,9,53,0.05,1,1,1,1,1,377.44,0,14,1,1,1,1,10,1,3,1,3
3,8,9,54,0.05,1,2,1,1,1,353.84,0,14,3,3,3,3,16,1,1,2,2
3,8,9,55,1.8,1,3,NaN,NaN,NaN,NaN,NaN,14,1,3,1,3,2,3,1,1,3
3,8,9,56,0.8,2,3,2,2,1,256.02,1,3,3,3,2,2,5,3,1,1,3
3,8,9,57,0.4,1,2,1,1,1,291.99,1,2,1,3,1,3,2,3,1,2,2
3,8,9,58,0.05,1,3,1,2,0,374.49,0,7,3,3,3,3,17,3,3,1,1
3,8,9,59,0.1,3,2,2,2,1,291.92,1,15,1,1,3,3,17,3,1,2,2
3,8,9,60,0.4,1,1,1,1,1,284.6,1,20,1,3,1,3,19,1,3,1,3
3,8,9,61,0.8,3,2,2,2,1,294.85,1,7,1,3,3,1,1,1,1,2,2
3,8,9,62,0.05,3,1,2,2,1,297.03,1,20,3,1,1,3,8,1,1,1,1
3,8,9,63,0.8,1,3,1,1,1,281.45,1,1,3,1,3,1,17,1,1,3,3
3,8,9,64,0.8,3,3,NaN,NaN,NaN,NaN,NaN,11,1,1,3,3,9,3,3,1,1
3,8,9,65,0.1,2,1,2,2,1,264.93,1,13,1,1,2,2,20,1,1,1,1
3,8,9,66,0.1,2,1,2,2,1,251.6,1,17,1,1,2,2,7,3,3,3,3
3,8,9,67,0.2,1,1,1,1,1,265.29,1,10,3,1,3,1,2,3,1,3,1
3,8,9,68,0.4,1,3,1,1,1,306.35,0,14,1,1,1,1,9,1,3,3,1
3,8,9,69,1.8,3,1,2,2,1,229.74,1,13,3,1,1,3,2,3,3,3,3
3,8,9,70,0.4,2,2,2,2,1,289.1,1,13,1,3,2,2,15,3,1,2,2
3,8,9,71,0.8,1,3,1,1,1,260.36,1,6,3,1,3,1,14,1,3,3,1
3,8,9,72,0.4,3,3,2,2,1,246.45,1,13,3,3,1,1,5,3,3,1,1
3,8,9,73,0.05,1,2,1,1,1,326.32,0,20,1,1,1,1,20,3,3,2,2
3,8,9,74,0.2,3,3,2,2,1,271.1,1,6,3,1,1,3,1,3,3,1,1
3,8,9,75,0.1,3,2,2,2,1,210.37,1,2,1,3,3,1,17,1,1,2,2
3,8,9,76,0.4,1,2,1,1,1,236.13,1,3,1,1,1,1,10,1,3,2,2
3,8,9,77,0.8,2,1,2,2,1,270.78,1,14,3,3,2,2,16,1,1,1,1
3,8,9,78,0.2,3,2,2,2,1,251.88,1,7,3,3,1,1,6,1,1,2,2
3,8,10,1,0.2,1,3,1,1,1,264.84,1,1,1,3,1,3,14,1,1,3,3
3,8,10,2,0.05,1,1,1,2,0,270.51,1,1,1,1,1,1,9,1,1,1,1
3,8,10,3,0.05,1,1,1,1,1,270.75,1,1,3,3,3,3,8,3,1,3,1
3,8,10,4,0.8,1,2,1,1,1,231.06,1,15,1,3,1,3,3,1,3,2,2
3,8,10,5,1.8,3,1,2,2,1,225.89,1,4,3,3,1,1,15,3,3,3,3
3,8,10,6,0.8,1,2,1,1,1,184.82,1,10,1,1,1,1,19,3,1,2,2
3,8,10,7,0.4,1,2,1,1,1,298.49,1,12,3,3,3,3,20,1,1,2,2
3,8,10,8,0.05,1,1,1,1,1,301.54,0,20,1,1,1,1,15,1,3,1,3
3,8,10,9,0.2,1,2,1,2,0,250.13,1,18,3,1,3,1,7,3,1,2,2
3,8,10,10,0.05,1,2,1,1,1,224.85,1,19,1,3,1,3,17,1,1,2,2
3,8,10,11,0.8,1,1,1,1,1,243.18,1,3,3,3,3,3,9,1,3,1,3
3,8,10,12,1.8,3,2,2,2,1,214.16,1,13,3,3,1,1,12,1,3,2,2
3,8,10,13,0.2,2,2,2,2,1,272.45,1,18,3,3,2,2,8,3,3,2,2
3,8,10,14,0.2,1,2,1,1,1,249.68,1,19,1,3,1,3,14,1,1,2,2
3,8,10,15,0.2,1,3,1,1,1,253.27,1,19,3,1,3,1,13,1,3,3,1
3,8,10,16,1.8,2,2,2,2,1,236.04,1,5,1,3,2,2,10,3,1,2,2
3,8,10,17,0.1,3,2,2,2,1,241.13,1,4,3,1,1,3,4,1,1,2,2
3,8,10,18,0.2,1,3,1,1,1,249.36,1,20,3,1,3,1,3,1,1,3,3
3,8,10,19,0.8,1,3,1,1,1,236.51,1,7,3,3,3,3,19,1,3,3,1
3,8,10,20,0.4,1,3,1,1,1,259.67,1,5,3,3,3,3,6,3,1,1,3
3,8,10,21,0.4,1,3,1,1,1,284.45,1,16,1,3,1,3,1,3,3,1,1
3,8,10,22,0.8,1,2,1,1,1,215.94,1,3,3,1,3,1,12,1,1,2,2
3,8,10,23,0.8,1,3,1,1,1,239.93,1,13,1,3,1,3,14,1,1,3,3
3,8,10,24,0.8,1,3,NaN,NaN,NaN,NaN,NaN,17,3,1,3,1,5,1,1,3,3
3,8,10,25,0.4,2,1,2,2,1,223.76,1,15,3,1,2,2,17,3,1,3,1
3,8,10,26,0.4,1,3,1,1,1,210.74,1,5,3,3,3,3,12,1,1,3,3
3,8,10,27,0.2,1,2,1,1,1,261.46,1,16,3,3,3,3,3,1,1,2,2
3,8,10,28,0.2,3,3,2,2,1,237.47,1,14,3,1,1,3,7,3,3,1,1
3,8,10,29,0.1,3,3,2,2,1,243.58,1,11,1,3,3,1,14,1,1,3,3
3,8,10,30,0.8,1,3,1,1,1,241.04,1,17,3,3,3,3,7,1,1,3,3
3,8,10,31,0.1,3,2,2,2,1,260.8,1,16,1,1,3,3,12,1,3,2,2
3,8,10,32,0.05,1,2,1,1,1,318.89,0,16,3,3,3,3,5,3,1,2,2
3,8,10,33,0.1,2,1,2,1,0,280.17,1,3,3,3,2,2,2,1,1,1,1
3,8,10,34,0.1,3,3,2,2,1,269.55,1,9,3,1,1,3,9,1,1,3,3
3,8,10,35,0.1,2,1,2,1,0,273.47,1,12,3,3,2,2,2,1,1,1,1
3,8,10,36,0.8,1,2,1,1,1,243.41,1,17,1,1,1,1,12,1,3,2,2
3,8,10,37,1.8,1,3,1,1,1,248.36,1,15,3,1,3,1,12,3,3,1,1
3,8,10,38,0.2,3,3,2,2,1,299.36,1,20,1,1,3,3,17,3,1,1,3
3,8,10,39,1.8,3,3,2,2,1,221.97,1,20,3,1,1,3,6,1,1,3,3
3,8,10,40,0.2,2,3,2,2,1,276.21,1,19,1,1,2,2,7,3,3,1,1
3,8,10,41,0.05,2,3,2,1,0,322.95,0,8,1,1,2,2,12,1,1,3,3
3,8,10,42,1.8,1,1,1,1,1,206.76,1,19,3,3,3,3,1,1,1,1,1
3,8,10,43,0.05,2,1,2,2,1,268.44,1,7,3,1,2,2,7,1,3,1,3
3,8,10,44,0.1,1,2,1,1,1,290.26,1,16,1,1,1,1,17,3,1,2,2
3,8,10,45,1.8,2,2,2,2,1,199.45,1,18,3,3,2,2,6,1,3,2,2
3,8,10,46,0.05,1,2,1,1,1,288.7,1,3,1,3,1,3,20,1,3,2,2
3,8,10,47,0.4,1,2,1,1,1,262.58,1,2,1,3,1,3,17,1,3,2,2
3,8,10,48,0.1,3,1,2,2,1,265.56,1,7,3,3,1,1,1,3,1,3,1
3,8,10,49,0.8,3,3,2,2,1,311.84,0,1,1,3,3,1,9,1,1,3,3
3,8,10,50,1.8,2,1,2,1,0,200.49,1,12,1,1,2,2,10,1,1,1,1
3,8,10,51,1.8,3,1,NaN,NaN,NaN,NaN,NaN,9,1,3,3,1,8,3,3,3,3
3,8,10,52,0.4,2,2,2,1,0,283.92,1,19,1,3,2,2,4,3,1,2,2
3,8,10,53,0.4,1,1,1,1,1,343.67,0,19,1,3,1,3,8,3,3,3,3
3,8,10,54,0.2,1,2,1,1,1,270.52,1,16,1,3,1,3,8,3,1,2,2
3,8,10,55,0.05,1,3,1,1,1,272.1,1,8,3,3,3,3,11,1,3,3,1
3,8,10,56,0.05,3,3,2,2,1,301.3,0,16,3,1,1,3,2,1,3,3,1
3,8,10,57,0.4,1,1,1,1,1,264.93,1,1,3,3,3,3,14,1,1,1,1
3,8,10,58,0.05,3,1,2,1,0,240.79,1,20,3,3,1,1,7,1,1,1,1
3,8,10,59,0.4,3,2,2,2,1,271.51,1,7,3,1,1,3,3,3,3,2,2
3,8,10,60,0.2,1,1,1,1,1,248.44,1,20,3,3,3,3,3,1,1,1,1
3,8,10,61,1.8,3,2,2,2,1,214.36,1,12,3,1,1,3,11,1,3,2,2
3,8,10,62,0.05,2,1,2,2,1,295.46,1,8,3,1,2,2,16,1,3,1,3
3,8,10,63,0.2,3,1,2,2,1,304,0,13,3,1,1,3,17,1,1,1,1
3,8,10,64,0.4,3,2,2,2,1,230.66,1,14,3,3,1,1,20,3,3,2,2
3,8,10,65,0.8,2,2,2,2,1,282.17,1,2,1,3,2,2,7,3,1,2,2
3,8,10,66,0.1,2,3,2,2,1,336.24,0,9,1,1,2,2,4,1,1,3,3
3,8,10,67,0.1,1,1,1,1,1,319.56,0,12,3,3,3,3,18,1,1,1,1
3,8,10,68,0.8,3,1,2,2,1,262.82,1,13,3,3,1,1,10,3,3,3,3
3,8,10,69,1.8,2,2,2,2,1,272.02,1,3,1,3,2,2,20,1,1,2,2
3,8,10,70,1.8,1,1,1,1,1,283.15,1,2,1,3,1,3,1,1,1,1,1
3,8,10,71,0.4,3,2,2,2,1,299.42,1,3,3,3,1,1,17,3,1,2,2
3,8,10,72,0.4,1,3,1,1,1,229.82,1,9,3,3,3,3,20,1,1,3,3
3,8,10,73,1.8,3,2,2,2,1,281.35,1,1,1,1,3,3,13,1,3,2,2
3,8,10,74,0.1,1,3,1,2,0,318.58,0,4,1,3,1,3,15,1,3,3,1
3,8,10,75,0.05,3,2,2,1,0,314.41,0,7,1,3,3,1,12,1,1,2,2
3,8,10,76,0.1,3,1,2,2,1,327.89,0,12,3,1,1,3,12,3,3,3,3
3,8,10,77,0.8,2,1,2,2,1,232.68,1,1,3,3,2,2,5,1,1,1,1
3,8,10,78,0.1,1,3,1,2,0,319.91,0,7,3,1,3,1,17,3,1,1,3
