3,9,1,1,1.8,1,3,1,1,1,225.89,1,15,1,3,1,3,11,3,1,1,3
3,9,1,2,0.8,2,3,2,2,1,248.26,1,20,3,3,2,2,19,1,1,3,3
3,9,1,3,0.05,3,3,2,2,1,310.94,0,11,1,1,3,3,5,3,1,1,3
3,9,1,4,1.8,1,1,1,1,1,205.68,1,19,1,1,1,1,11,3,1,3,1
3,9,1,5,1.8,2,1,2,2,1,193.43,1,3,3,1,2,2,7,1,3,1,3
3,9,1,6,0.2,1,3,1,1,1,248.16,1,15,3,3,3,3,9,3,3,1,1
3,9,1,7,0.2,1,3,1,1,1,235.82,1,11,1,1,1,1,17,1,3,3,1
3,9,1,8,0.4,1,1,1,1,1,210.06,1,11,1,3,1,3,19,3,3,3,3
3,9,1,9,0.2,3,3,2,2,1,284.51,1,15,1,3,3,1,18,3,1,1,3
3,9,1,10,0.8,2,3,2,2,1,268.88,1,10,1,1,2,2,3,1,3,3,1
3,9,1,11,0.05,1,1,1,1,1,274.83,1,20,1,1,1,1,1,3,1,3,1
3,9,1,12,0.05,3,3,2,2,1,254.82,1,10,1,3,3,1,7,1,1,3,3
3,9,1,13,0.8,1,3,1,1,1,192.25,1,1,3,1,3,1,17,1,3,3,1
3,9,1,14,0.4,2,3,2,2,1,241.61,1,12,1,3,2,2,19,3,1,1,3
3,9,1,15,0.4,1,2,1,1,1,264.64,1,19,3,3,3,3,10,3,3,2,2
3,9,1,16,0.2,1,1,1,2,0,204.57,1,3,1,3,1,3,16,3,3,3,3
3,9,1,17,0.4,3,1,2,2,1,247.23,1,20,3,1,1,3,15,3,3,3,3
3,9,1,18,1.8,2,3,2,2,1,197.04,1,5,3,1,2,2,5,3,1,1,3
3,9,1,19,1.8,2,2,2,2,1,237.45,1,12,1,1,2,2,16,3,1,2,2
3,9,1,20,0.05,1,1,1,1,1,260.75,1,7,1,1,1,1,1,1,1,1,1
3,9,1,21,0.4,1,2,1,1,1,254.57,1,12,3,1,3,1,18,1,1,2,2
3,9,1,22,0.4,2,2,2,2,1,199.38,1,1,3,1,2,2,7,3,3,2,2
3,9,1,23,0.8,1,2,1,1,1,251.85,1,5,3,1,3,1,2,3,1,2,2
3,9,1,24,0.4,1,2,1,1,1,222.83,1,2,3,3,3,3,17,1,1,2,2
3,9,1,25,0.8,3,1,2,2,1,217.56,1,7,3,1,1,3,2,3,3,3,3
3,9,1,26,1.8,1,2,1,1,1,204.86,1,8,1,3,1,3,7,1,1,2,2
3,9,1,27,0.8,3,2,2,2,1,249.68,1,20,3,3,1,1,18,3,1,2,2
3,9,1,28,0.2,1,1,1,1,1,259.77,1,6,1,3,1,3,18,1,3,1,3
3,9,1,29,0.8,3,2,2,2,1,213.69,1,2,3,3,1,1,6,1,3,2,2
3,9,1,30,0.05,1,3,1,1,1,297.61,1,6,1,1,1,1,11,1,3,3,1
3,9,1,31,1.8,1,2,1,1,1,251.5,1,18,3,1,3,1,14,3,3,2,2
3,9,1,32,0.1,2,1,2,2,1,301.23,0,18,3,1,2,2,9,3,1,3,1
3,9,1,33,0.2,3,3,2,2,1,294.21,1,7,3,1,1,3,6,3,3,1,1
3,9,1,34,0.1,1,3,1,1,1,251.01,1,1,1,3,1,3,14,3,1,1,3
3,9,1,35,0.05,1,1,1,1,1,227.56,1,17,3,1,3,1,8,1,1,1,1
3,9,1,36,0.8,3,3,2,2,1,200.01,1,19,3,3,1,1,16,3,3,1,1
3,9,1,37,0.1,1,3,1,1,1,281.27,1,11,1,1,1,1,17,3,1,1,3
3,9,1,38,0.1,3,1,2,2,1,201.33,1,2,1,1,3,3,9,1,1,1,1
3,9,1,39,0.8,1,3,1,1,1,195.52,1,8,1,1,1,1,20,1,1,3,3
3,9,1,40,0.4,1,2,1,1,1,177.36,1,15,1,3,1,3,16,3,1,2,2
3,9,1,41,0.05,3,3,2,2,1,256.57,1,12,3,1,1,3,15,1,1,3,3
3,9,1,42,0.1,3,1,2,2,1,224.57,1,9,1,1,3,3,4,3,1,3,1
3,9,1,43,0.1,1,2,1,1,1,190.56,1,1,3,3,3,3,12,1,1,2,2
3,9,1,44,0.05,2,3,2,1,0,261.76,1,12,1,1,2,2,10,1,3,3,1
3,9,1,45,1.8,1,2,1,1,1,200.86,1,13,1,3,1,3,20,1,3,2,2
3,9,1,46,1.8,1,1,1,1,1,193.07,1,9,3,1,3,1,7,3,1,3,1
3,9,1,47,0.05,3,2,2,2,1,261.14,1,6,1,1,3,3,10,1,3,2,2
3,9,1,48,0.8,1,2,1,1,1,176.11,1,20,3,3,3,3,13,1,1,2,2
3,9,1,49,0.8,1,2,1,1,1,204.94,1,9,3,3,3,3,19,1,3,2,2
3,9,1,50,0.1,1,2,1,1,1,268.61,1,13,1,3,1,3,9,3,3,2,2
3,9,1,51,0.1,1,2,1,1,1,223.63,1,9,1,1,1,1,15,1,1,2,2
3,9,1,52,0.1,1,1,1,1,1,242.83,1,3,1,1,1,1,19,1,1,1,1
3,9,1,53,0.05,3,2,2,1,0,222.79,1,10,1,1,3,3,7,1,1,2,2
3,9,1,54,0.1,2,1,2,2,1,227.79,1,15,3,1,2,2,14,3,3,3,3
3,9,1,55,0.4,2,3,2,2,1,219.42,1,6,1,3,2,2,20,1,1,3,3
3,9,1,56,0.2,2,2,2,2,1,223.27,1,14,3,1,2,2,8,3,3,2,2
3,9,1,57,0.4,1,2,1,1,1,246.85,1,17,1,3,1,3,16,3,1,2,2
3,9,1,58,0.1,1,3,1,1,1,265.82,1,13,3,3,3,3,3,1,3,3,1
3,9,1,59,1.8,1,1,1,1,1,188.01,1,19,1,3,1,3,14,1,1,1,1
3,9,1,60,0.2,1,3,1,1,1,275.02,1,14,1,1,1,1,10,3,1,1,3
3,9,1,61,0.4,2,2,2,2,1,286.74,1,14,1,1,2,2,6,1,1,2,2
3,9,1,62,0.8,2,1,2,2,1,234.7,1,8,1,1,2,2,15,3,3,3,3
3,9,1,63,0.05,1,2,1,1,1,272.07,1,16,3,1,3,1,11,1,1,2,2
3,9,1,64,0.1,2,3,2,2,1,285.15,1,17,1,1,2,2,3,1,3,3,1
3,9,1,65,1.8,3,3,2,2,1,239.29,1,9,1,3,3,1,18,1,1,3,3
3,9,1,66,0.1,1,2,1,1,1,255.29,1,16,3,1,3,1,12,3,1,2,2
3,9,1,67,0.8,2,2,2,1,0,327.67,0,12,1,1,2,2,17,3,1,2,2
3,9,1,68,0.2,2,2,2,2,1,70.952,2,9,1,1,2,2,5,3,1,2,2
3,9,1,69,0.2,2,2,2,2,1,228.92,1,1,1,1,2,2,11,3,3,2,2
3,9,1,70,0.4,2,3,2,2,1,259.73,1,5,3,1,2,2,16,3,3,1,1
3,9,1,71,0.2,1,1,1,1,1,274.77,1,14,1,1,1,1,4,3,3,3,3
3,9,1,72,1.8,3,3,2,2,1,301.46,0,4,1,3,3,1,14,1,1,3,3
3,9,1,73,0.05,3,2,2,2,1,305.58,0,9,1,1,3,3,16,3,1,2,2
3,9,1,74,0.2,3,1,2,2,1,216.54,1,17,3,3,1,1,1,1,3,1,3
3,9,1,75,0.2,1,1,1,1,1,237.56,1,3,3,1,3,1,7,1,1,1,1
3,9,1,76,0.4,2,3,2,2,1,275.17,1,10,1,1,2,2,15,3,1,1,3
3,9,1,77,0.05,3,3,2,2,1,281.95,1,17,1,3,3,1,1,3,3,1,1
3,9,1,78,1.8,1,1,1,1,1,203.53,1,4,3,1,3,1,2,3,3,3,3
3,9,2,1,0.05,2,2,2,1,0,270.46,1,19,1,3,2,2,6,1,1,2,2
3,9,2,2,0.8,1,1,1,1,1,287.95,1,19,1,3,1,3,15,1,1,1,1
3,9,2,3,0.4,1,1,NaN,NaN,NaN,NaN,NaN,6,1,3,1,3,12,1,3,1,3
3,9,2,4,0.2,1,3,1,1,1,289.35,1,17,3,3,3,3,7,1,3,3,1
3,9,2,5,0.2,1,2,1,1,1,359.76,0,11,3,3,3,3,7,1,1,2,2
3,9,2,6,0.4,1,1,1,1,1,247.69,1,1,1,1,1,1,10,1,1,1,1
3,9,2,7,0.4,2,1,2,2,1,247.27,1,17,3,3,2,2,16,1,1,1,1
3,9,2,8,0.1,1,3,1,1,1,286.99,1,5,1,1,1,1,9,3,3,1,1
3,9,2,9,0.4,2,3,2,1,0,249.58,1,8,3,1,2,2,19,3,3,1,1
3,9,2,10,0.8,3,2,2,2,1,218.35,1,1,1,3,3,1,15,1,1,2,2
3,9,2,11,0.05,1,1,1,1,1,279.07,1,20,3,1,3,1,16,3,3,3,3
3,9,2,12,1.8,2,1,2,2,1,230.57,1,13,1,1,2,2,4,1,1,1,1
3,9,2,13,0.2,1,1,1,1,1,208.08,1,1,3,3,3,3,10,3,1,3,1
3,9,2,14,0.2,1,2,1,1,1,204.22,1,16,1,1,1,1,2,3,1,2,2
3,9,2,15,1.8,1,1,1,1,1,210.91,1,11,3,1,3,1,10,3,1,3,1
3,9,2,16,0.8,3,3,2,2,1,215.02,1,20,1,1,3,3,18,3,3,1,1
3,9,2,17,0.8,1,1,1,1,1,216.38,1,9,1,3,1,3,6,1,1,1,1
3,9,2,18,1.8,2,3,2,2,1,244.49,1,12,3,3,2,2,19,1,3,3,1
3,9,2,19,0.2,2,3,2,1,0,286.13,1,15,1,1,2,2,9,1,1,3,3
3,9,2,20,0.1,1,1,1,1,1,242.76,1,17,3,3,3,3,16,1,1,1,1
3,9,2,21,0.4,1,1,1,1,1,238.73,1,19,3,3,3,3,14,1,3,1,3
3,9,2,22,0.1,2,1,2,2,1,341.26,0,9,1,3,2,2,20,1,3,1,3
3,9,2,23,0.4,2,1,2,2,1,238.2,1,8,1,1,2,2,7,1,3,1,3
3,9,2,24,0.1,1,2,1,1,1,343.99,0,10,3,1,3,1,18,1,3,2,2
3,9,2,25,0.1,2,1,2,2,1,293.64,1,2,3,1,2,2,4,3,1,3,1
3,9,2,26,0.1,1,1,1,1,1,214.42,1,19,3,1,3,1,6,1,1,1,1
3,9,2,27,1.8,1,3,1,1,1,239.69,1,4,3,1,3,1,6,1,1,3,3
3,9,2,28,0.8,1,2,1,1,1,208.85,1,2,1,1,1,1,5,3,3,2,2
3,9,2,29,0.8,2,1,2,2,1,217.73,1,19,3,3,2,2,9,1,1,1,1
3,9,2,30,0.8,2,2,2,2,1,286.49,1,2,3,1,2,2,20,3,3,2,2
3,9,2,31,0.05,2,1,2,1,0,348.57,0,12,3,3,2,2,3,1,1,1,1
3,9,2,32,0.2,3,2,2,2,1,80.115,2,20,3,3,1,1,9,1,3,2,2
3,9,2,33,0.4,1,3,1,1,1,255.46,1,11,1,3,1,3,6,1,3,3,1
3,9,2,34,0.4,1,1,1,1,1,255.46,1,15,1,1,1,1,4,1,1,1,1
3,9,2,35,1.8,1,1,1,1,1,224.93,1,20,1,1,1,1,20,3,3,3,3
3,9,2,36,0.2,2,3,2,2,1,243.8,1,11,3,3,2,2,6,3,3,1,1
3,9,2,37,0.05,3,3,2,2,1,273.57,1,14,3,3,1,1,4,3,3,1,1
3,9,2,38,0.2,1,3,1,1,1,260.49,1,16,3,1,3,1,3,1,3,3,1
3,9,2,39,0.8,1,1,1,1,1,239.82,1,6,1,3,1,3,14,1,3,1,3
3,9,2,40,0.1,1,2,1,1,1,257.26,1,16,1,3,1,3,5,1,3,2,2
3,9,2,41,1.8,1,3,1,1,1,229.07,1,9,1,1,1,1,5,1,3,3,1
3,9,2,42,0.1,3,1,2,2,1,269.23,1,2,1,3,3,1,2,1,3,1,3
3,9,2,43,0.8,2,3,2,2,1,227.88,1,19,3,3,2,2,1,1,1,3,3
3,9,2,44,0.4,1,2,1,1,1,228.21,1,3,3,3,3,3,18,1,1,2,2
3,9,2,45,0.8,2,2,2,2,1,221.86,1,9,3,1,2,2,9,1,3,2,2
3,9,2,46,0.05,2,1,2,2,1,307.68,0,16,1,1,2,2,10,3,3,3,3
3,9,2,47,0.05,1,1,1,2,0,262.65,1,19,3,1,3,1,15,1,3,1,3
3,9,2,48,0.4,1,1,1,2,0,248.5,1,20,3,1,3,1,11,1,3,1,3
3,9,2,49,0.8,1,1,1,1,1,234.94,1,12,3,1,3,1,16,1,3,1,3
3,9,2,50,0.05,2,2,2,1,0,274.96,1,1,1,3,2,2,3,1,1,2,2
3,9,2,51,1.8,3,1,2,2,1,216.6,1,12,3,3,1,1,9,1,1,1,1
3,9,2,52,0.1,1,1,1,1,1,263.04,1,7,1,3,1,3,18,1,1,1,1
3,9,2,53,0.1,2,2,2,2,1,289.65,1,16,3,1,2,2,18,3,3,2,2
3,9,2,54,0.1,2,1,2,2,1,224.29,1,8,1,3,2,2,2,1,3,1,3
3,9,2,55,0.2,3,2,2,2,1,265.45,1,19,1,3,3,1,9,3,1,2,2
3,9,2,56,1.8,3,3,2,2,1,217.78,1,5,3,3,1,1,12,1,1,3,3
3,9,2,57,0.8,1,2,1,1,1,201.18,1,18,1,1,1,1,2,3,3,2,2
3,9,2,58,0.4,1,2,1,1,1,201.46,1,1,3,3,3,3,13,3,3,2,2
3,9,2,59,0.05,3,3,2,2,1,288.57,1,15,3,3,1,1,18,1,3,3,1
3,9,2,60,0.4,1,1,1,1,1,321.51,0,3,1,1,1,1,11,3,3,3,3
3,9,2,61,1.8,1,2,1,1,1,201.97,1,2,1,3,1,3,20,1,3,2,2
3,9,2,62,1.8,3,1,2,2,1,219.09,1,19,3,1,1,3,8,3,1,3,1
3,9,2,63,0.2,1,3,1,1,1,203.45,1,8,1,3,1,3,19,3,3,1,1
3,9,2,64,0.05,2,3,2,1,0,242.15,1,18,3,3,2,2,9,1,1,3,3
3,9,2,65,1.8,3,2,2,2,1,217.89,1,1,3,1,1,3,1,1,1,2,2
3,9,2,66,0.05,1,2,1,1,1,251.86,1,15,3,1,3,1,8,1,1,2,2
3,9,2,67,0.2,3,3,2,2,1,262.42,1,3,3,1,1,3,14,3,1,1,3
3,9,2,68,0.1,3,1,2,2,1,181.07,1,10,1,1,3,3,20,1,3,1,3
3,9,2,69,1.8,1,1,1,1,1,248.25,1,9,3,3,3,3,16,3,1,3,1
3,9,2,70,0.05,2,3,2,2,1,275.32,1,12,3,1,2,2,19,1,3,3,1
3,9,2,71,0.2,1,1,1,1,1,278.51,1,2,3,1,3,1,8,3,1,3,1
3,9,2,72,0.05,1,3,1,1,1,307.27,0,6,3,3,3,3,19,1,1,3,3
3,9,2,73,0.2,1,2,1,1,1,254.09,1,16,3,1,3,1,14,1,1,2,2
3,9,2,74,0.4,2,2,2,2,1,268.74,1,8,3,1,2,2,12,1,3,2,2
3,9,2,75,0.1,3,3,2,2,1,294.81,1,19,1,1,3,3,9,1,3,3,1
3,9,2,76,1.8,2,2,2,2,1,212.35,1,6,3,1,2,2,7,1,1,2,2
3,9,2,77,0.8,1,2,1,1,1,344.73,0,4,3,1,3,1,20,1,1,2,2
3,9,2,78,0.05,1,3,1,1,1,255.04,1,13,3,1,3,1,1,1,1,3,3
3,9,3,1,0.1,3,2,2,2,1,244.16,1,13,3,1,1,3,8,3,3,2,2
3,9,3,2,0.8,2,1,2,2,1,220.08,1,18,3,1,2,2,9,1,1,1,1
3,9,3,3,0.8,3,2,2,2,1,222.98,1,12,3,1,1,3,6,1,1,2,2
3,9,3,4,1.8,3,3,2,2,1,220.22,1,15,1,1,3,3,12,1,1,3,3
3,9,3,5,0.8,3,3,2,2,1,250.13,1,15,1,3,3,1,14,1,1,3,3
3,9,3,6,0.4,1,1,1,1,1,21.115,2,5,1,3,1,3,18,3,3,3,3
3,9,3,7,1.8,1,1,1,1,1,242.83,1,7,3,3,3,3,1,1,1,1,1
3,9,3,8,0.1,1,3,1,1,1,281.51,1,6,3,3,3,3,14,1,1,3,3
3,9,3,9,0.8,3,1,2,2,1,263.76,1,1,3,3,1,1,6,1,3,1,3
3,9,3,10,0.4,2,3,2,2,1,332.69,0,7,3,3,2,2,8,3,1,1,3
3,9,3,11,0.4,3,2,2,2,1,255.97,1,6,1,3,3,1,19,1,3,2,2
3,9,3,12,0.1,1,1,1,1,1,237.94,1,19,1,3,1,3,18,1,1,1,1
3,9,3,13,0.05,1,3,1,1,1,283.76,1,10,3,1,3,1,15,1,3,3,1
3,9,3,14,0.05,2,1,2,1,0,274.52,1,7,1,1,2,2,2,3,3,3,3
3,9,3,15,0.05,1,2,1,2,0,277.54,1,3,1,3,1,3,12,1,1,2,2
3,9,3,16,0.8,1,3,1,1,1,224.8,1,10,3,1,3,1,4,1,3,3,1
3,9,3,17,0.1,3,3,2,2,1,207.68,1,1,3,3,1,1,5,3,1,1,3
3,9,3,18,0.05,2,2,2,1,0,280.96,1,16,3,3,2,2,7,3,3,2,2
3,9,3,19,0.05,3,1,2,2,1,339.69,0,9,1,1,3,3,16,1,1,1,1
3,9,3,20,0.8,2,2,2,2,1,238.17,1,10,1,1,2,2,7,1,3,2,2
3,9,3,21,0.4,1,3,1,1,1,228.52,1,1,3,3,3,3,14,1,3,3,1
3,9,3,22,0.8,3,1,NaN,NaN,NaN,NaN,NaN,17,3,3,1,1,1,3,1,3,1
3,9,3,23,0.2,3,2,2,2,1,152.77,1,8,3,1,1,3,4,1,3,2,2
3,9,3,24,0.1,3,1,2,2,1,239.17,1,9,1,3,3,1,20,1,3,1,3
3,9,3,25,0.05,1,2,1,1,1,315.38,0,3,3,1,3,1,1,3,3,2,2
3,9,3,26,0.4,3,1,2,2,1,278.55,1,9,1,1,3,3,9,1,1,1,1
3,9,3,27,0.2,2,3,2,2,1,180.15,1,11,3,3,2,2,16,1,3,3,1
3,9,3,28,0.4,2,3,2,2,1,260.19,1,4,1,3,2,2,14,3,1,1,3
3,9,3,29,0.1,1,3,1,1,1,270.61,1,3,1,3,1,3,13,1,3,3,1
3,9,3,30,0.8,1,2,1,1,1,206.26,1,13,3,3,3,3,12,1,1,2,2
3,9,3,31,0.1,1,3,1,1,1,205.13,1,10,1,1,1,1,4,1,1,3,3
3,9,3,32,0.8,2,3,2,2,1,249.21,1,13,1,1,2,2,5,3,3,1,1
3,9,3,33,0.1,2,3,2,2,1,244.72,1,17,3,3,2,2,20,1,1,3,3
3,9,3,34,1.8,1,1,NaN,NaN,NaN,NaN,NaN,2,1,1,1,1,16,1,1,1,1
3,9,3,35,1.8,1,2,1,1,1,274.79,1,11,3,1,3,1,4,3,1,2,2
3,9,3,36,1.8,1,3,NaN,NaN,NaN,NaN,NaN,2,1,3,1,3,19,3,3,1,1
3,9,3,37,0.2,1,2,1,1,1,265.55,1,17,1,1,1,1,16,3,3,2,2
3,9,3,38,1.8,2,1,2,2,1,231.36,1,10,1,1,2,2,18,1,1,1,1
3,9,3,39,0.05,3,2,2,2,1,308.63,0,6,3,3,1,1,9,1,1,2,2
3,9,3,40,0.4,1,1,1,1,1,261.25,1,16,1,1,1,1,6,1,3,1,3
3,9,3,41,0.4,3,2,2,2,1,180,1,13,3,1,1,3,6,1,1,2,2
3,9,3,42,0.4,1,2,1,1,1,289.67,1,20,1,3,1,3,15,1,3,2,2
3,9,3,43,0.2,1,3,1,1,1,266.53,1,14,1,1,1,1,7,1,1,3,3
3,9,3,44,0.2,2,2,2,2,1,273.55,1,11,1,3,2,2,5,1,1,2,2
3,9,3,45,0.2,3,1,2,2,1,285.3,1,8,1,3,3,1,4,3,1,3,1
3,9,3,46,0.8,1,1,1,1,1,330.56,0,11,3,3,3,3,10,3,3,3,3
3,9,3,47,0.05,2,1,2,2,1,318.1,0,20,1,1,2,2,6,1,1,1,1
3,9,3,48,0.8,3,2,2,2,1,248.4,1,15,1,1,3,3,9,1,1,2,2
3,9,3,49,1.8,1,3,1,1,1,212.22,1,8,1,3,1,3,18,1,1,3,3
3,9,3,50,0.8,1,2,1,1,1,229.91,1,4,3,3,3,3,20,1,3,2,2
3,9,3,51,0.4,2,2,2,2,1,281.68,1,6,1,1,2,2,13,1,3,2,2
3,9,3,52,0.2,1,1,1,1,1,278.69,1,16,3,3,3,3,10,1,3,1,3
3,9,3,53,0.05,1,3,1,1,1,309.39,0,17,1,3,1,3,16,1,1,3,3
3,9,3,54,0.4,2,3,2,2,1,267.64,1,9,1,3,2,2,9,3,3,1,1
3,9,3,55,1.8,1,1,1,1,1,363.55,0,15,1,3,1,3,20,3,3,3,3
3,9,3,56,0.2,3,1,2,2,1,175.14,1,12,1,3,3,1,16,1,3,1,3
3,9,3,57,0.2,1,3,1,2,0,286.11,1,11,1,1,1,1,17,1,3,3,1
3,9,3,58,0.1,2,2,2,2,1,251.86,1,14,3,3,2,2,15,1,1,2,2
3,9,3,59,0.8,3,1,NaN,NaN,NaN,NaN,NaN,17,3,3,1,1,19,1,3,1,3
3,9,3,60,0.2,3,2,2,2,1,305.94,0,3,1,1,3,3,16,1,1,2,2
3,9,3,61,0.1,3,1,2,2,1,282.15,1,8,1,3,3,1,15,1,1,1,1
3,9,3,62,0.05,3,1,2,2,1,330.26,0,16,3,1,1,3,1,3,1,3,1
3,9,3,63,1.8,1,1,1,2,0,188.98,1,6,3,3,3,3,8,1,1,1,1
3,9,3,64,0.05,1,3,1,1,1,251.44,1,8,1,3,1,3,7,3,1,1,3
3,9,3,65,0.1,2,2,2,2,1,292.68,1,15,1,3,2,2,15,1,3,2,2
3,9,3,66,0.2,1,3,1,1,1,271.52,1,12,1,3,1,3,7,3,1,1,3
3,9,3,67,0.2,1,3,1,1,1,232.3,1,8,1,1,1,1,17,1,1,3,3
3,9,3,68,0.1,3,1,2,2,1,316.81,0,6,3,1,1,3,10,3,1,3,1
3,9,3,69,1.8,3,3,2,2,1,275.18,1,5,1,1,3,3,6,3,3,1,1
3,9,3,70,1.8,1,3,NaN,NaN,NaN,NaN,NaN,3,1,3,1,3,9,1,3,3,1
3,9,3,71,0.1,1,1,1,1,1,324.66,0,1,3,1,3,1,19,1,3,1,3
3,9,3,72,0.05,1,2,1,1,1,291.75,1,16,3,3,3,3,5,1,1,2,2
3,9,3,73,1.8,1,1,1,1,1,271,1,4,1,3,1,3,3,1,1,1,1
3,9,3,74,0.2,3,3,2,2,1,359.91,0,8,1,3,3,1,15,1,3,3,1
3,9,3,75,0.05,2,2,2,2,1,313.47,0,8,3,3,2,2,13,3,3,2,2
3,9,3,76,1.8,1,1,1,1,1,238.48,1,19,3,1,3,1,10,1,3,1,3
3,9,3,77,0.4,1,2,1,1,1,269.19,1,18,1,1,1,1,5,1,3,2,2
3,9,3,78,0.4,1,2,1,1,1,256.57,1,17,1,3,1,3,13,3,1,2,2
3,9,4,1,0.8,2,2,2,2,1,281.72,1,17,1,1,2,2,13,3,1,2,2
3,9,4,2,0.05,2,1,2,2,1,269.5,1,4,3,1,2,2,16,3,1,3,1
3,9,4,3,0.4,2,2,2,2,1,219.79,1,11,1,3,2,2,8,3,3,2,2
3,9,4,4,0.2,3,2,2,2,1,145.45,1,18,1,3,3,1,2,3,1,2,2
3,9,4,5,0.05,3,2,2,2,1,253.39,1,18,1,1,3,3,4,1,3,2,2
3,9,4,6,0.1,3,2,2,2,1,282.17,1,15,3,3,1,1,3,1,3,2,2
3,9,4,7,0.1,1,2,1,1,1,210.81,1,14,3,1,3,1,18,3,1,2,2
3,9,4,8,0.05,2,3,2,2,1,285.89,1,13,1,1,2,2,1,1,3,3,1
3,9,4,9,0.2,3,3,2,2,1,115,1,19,1,3,3,1,17,1,1,3,3
3,9,4,10,0.4,1,1,1,1,1,243.18,1,20,1,3,1,3,4,3,1,3,1
3,9,4,11,0.8,2,3,2,2,1,229.15,1,5,1,1,2,2,2,1,1,3,3
3,9,4,12,0.1,3,2,2,2,1,285.2,1,1,1,1,3,3,10,3,3,2,2
3,9,4,13,0.05,1,2,1,1,1,295.33,1,3,1,1,1,1,1,3,3,2,2
3,9,4,14,1.8,1,2,1,1,1,204.8,1,11,3,3,3,3,2,1,1,2,2
3,9,4,15,0.05,3,1,2,2,1,312.15,0,14,3,3,1,1,1,1,1,1,1
3,9,4,16,0.4,3,2,2,2,1,238.73,1,3,3,3,1,1,19,1,1,2,2
3,9,4,17,1.8,3,3,2,2,1,235.99,1,7,1,3,3,1,2,1,1,3,3
3,9,4,18,0.1,2,2,2,2,1,296.75,1,8,1,3,2,2,17,3,3,2,2
3,9,4,19,1.8,3,1,2,2,1,214.42,1,3,1,3,3,1,16,1,1,1,1
3,9,4,20,1.8,1,2,1,1,1,199.99,1,8,1,1,1,1,20,3,1,2,2
3,9,4,21,0.2,3,2,2,2,1,217.73,1,9,3,1,1,3,8,1,1,2,2
3,9,4,22,0.4,2,2,2,2,1,260.96,1,3,3,1,2,2,16,1,3,2,2
3,9,4,23,0.8,1,3,1,1,1,270.74,1,19,1,1,1,1,12,1,3,3,1
3,9,4,24,0.05,2,1,2,2,1,335.3,0,13,3,1,2,2,11,1,1,1,1
3,9,4,25,0.8,3,3,2,2,1,214.01,1,13,3,1,1,3,11,3,3,1,1
3,9,4,26,0.4,1,1,1,1,1,253.99,1,17,3,1,3,1,1,3,3,3,3
3,9,4,27,0.05,3,2,2,2,1,309,0,20,1,1,3,3,13,3,1,2,2
3,9,4,28,0.1,2,2,2,2,1,265.44,1,6,1,1,2,2,5,3,1,2,2
3,9,4,29,0.1,3,2,2,2,1,268.02,1,10,1,3,3,1,6,1,3,2,2
3,9,4,30,0.8,3,3,2,2,1,257.29,1,13,1,1,3,3,17,1,3,3,1
3,9,4,31,0.2,1,1,1,1,1,284.45,1,12,3,1,3,1,12,3,1,3,1
3,9,4,32,1.8,3,2,2,2,1,266.73,1,2,1,3,3,1,17,1,1,2,2
3,9,4,33,0.05,1,1,1,1,1,297.22,1,11,1,3,1,3,16,1,3,1,3
3,9,4,34,0.4,2,2,2,2,1,325.3,0,4,1,3,2,2,3,1,3,2,2
3,9,4,35,0.4,1,1,1,1,1,266.45,1,5,3,3,3,3,20,1,1,1,1
3,9,4,36,0.1,2,1,2,2,1,304.84,0,1,3,3,2,2,17,1,1,1,1
3,9,4,37,0.8,1,1,1,1,1,269.37,1,15,3,1,3,1,12,3,3,3,3
3,9,4,38,0.2,1,3,1,2,0,333.07,0,14,3,1,3,1,13,1,3,3,1
3,9,4,39,0.4,1,2,1,1,1,252.94,1,18,1,1,1,1,9,3,3,2,2
3,9,4,40,1.8,1,3,1,1,1,252.29,1,13,1,1,1,1,20,1,1,3,3
3,9,4,41,1.8,2,2,2,2,1,237.99,1,12,1,3,2,2,4,3,3,2,2
3,9,4,42,0.05,2,3,2,2,1,390.77,0,18,3,3,2,2,4,3,3,1,1
3,9,4,43,0.2,2,3,2,2,1,283.36,1,2,1,1,2,2,13,1,3,3,1
3,9,4,44,0.1,1,2,1,1,1,261.51,1,13,3,1,3,1,6,3,3,2,2
3,9,4,45,1.8,1,1,1,1,1,215.91,1,4,1,3,1,3,1,1,3,1,3
3,9,4,46,0.1,1,1,1,1,1,291.9,1,10,1,1,1,1,4,1,3,1,3
3,9,4,47,0.8,3,3,2,2,1,304.92,0,13,3,3,1,1,17,1,3,3,1
3,9,4,48,0.05,1,3,1,1,1,298.39,1,11,3,3,3,3,6,1,3,3,1
3,9,4,49,1.8,1,1,NaN,NaN,NaN,NaN,NaN,10,3,1,3,1,6,1,3,1,3
3,9,4,50,0.4,3,3,2,2,1,272.83,1,20,1,1,3,3,11,1,3,3,1
3,9,4,51,0.8,3,2,2,2,1,262.84,1,4,1,1,3,3,13,3,3,2,2
3,9,4,52,0.2,3,1,2,2,1,306.09,0,19,3,3,1,1,2,1,3,1,3
3,9,4,53,1.8,2,1,2,2,1,237.8,1,18,1,3,2,2,7,1,3,1,3
3,9,4,54,0.2,1,1,1,1,1,323.83,0,2,3,3,3,3,19,3,3,3,3
3,9,4,55,1.8,1,3,1,1,1,271.99,1,19,3,3,3,3,10,1,1,3,3
3,9,4,56,0.1,1,2,1,1,1,255.22,1,1,3,3,3,3,6,1,1,2,2
3,9,4,57,0.8,3,2,2,2,1,256.84,1,11,3,1,1,3,20,1,1,2,2
3,9,4,58,1.8,1,3,1,1,1,222.57,1,9,3,1,3,1,16,1,3,3,1
3,9,4,59,0.1,3,1,2,2,1,226.94,1,6,1,3,3,1,6,1,3,1,3
3,9,4,60,0.8,1,1,1,1,1,253.14,1,13,1,3,1,3,7,3,1,3,1
3,9,4,61,0.4,3,1,2,2,1,285.54,1,14,1,3,3,1,15,3,1,3,1
3,9,4,62,0.05,1,1,1,1,1,282.45,1,12,3,1,3,1,6,3,1,3,1
3,9,4,63,0.2,1,2,1,1,1,228.32,1,18,1,3,1,3,4,3,1,2,2
3,9,4,64,0.1,2,2,2,2,1,299.01,1,13,1,1,2,2,16,3,1,2,2
3,9,4,65,0.2,1,2,1,1,1,229.38,1,14,1,3,1,3,8,3,3,2,2
3,9,4,66,0.05,1,2,1,2,0,313.25,0,9,3,1,3,1,7,3,1,2,2
3,9,4,67,0.4,3,3,2,2,1,287.88,1,14,1,3,3,1,15,3,3,1,1
3,9,4,68,0.8,1,2,NaN,NaN,NaN,NaN,NaN,10,3,1,3,1,8,1,3,2,2
3,9,4,69,0.4,1,3,1,1,1,239.79,1,5,1,3,1,3,9,1,3,3,1
3,9,4,70,0.05,3,3,2,2,1,268.76,1,17,1,1,3,3,9,3,3,1,1
3,9,4,71,1.8,1,1,1,1,1,216.14,1,14,3,1,3,1,17,3,3,3,3
3,9,4,72,0.2,2,1,2,2,1,244.04,1,9,1,1,2,2,4,1,3,1,3
3,9,4,73,0.8,1,2,1,1,1,250.18,1,9,3,3,3,3,2,1,1,2,2
3,9,4,74,0.2,1,3,1,1,1,255.34,1,3,3,1,3,1,6,1,1,3,3
3,9,4,75,0.2,3,1,2,2,1,137.59,1,8,1,1,3,3,11,3,3,3,3
3,9,4,76,0.4,3,3,2,2,1,238.88,1,11,1,1,3,3,9,3,3,1,1
3,9,4,77,0.8,1,2,1,1,1,271.74,1,20,1,3,1,3,18,3,3,2,2
3,9,4,78,0.1,1,2,1,2,0,277.19,1,13,3,1,3,1,20,3,3,2,2
3,9,5,1,0.1,1,2,1,2,0,303.08,0,10,3,1,3,1,16,1,1,2,2
3,9,5,2,1.8,3,2,2,2,1,195.02,1,10,1,1,3,3,15,3,3,2,2
3,9,5,3,0.8,1,2,1,1,1,241.9,1,2,1,1,1,1,15,1,1,2,2
3,9,5,4,0.2,1,1,1,1,1,257.91,1,2,3,1,3,1,9,3,1,3,1
3,9,5,5,0.05,1,1,1,1,1,288.77,1,6,3,1,3,1,3,1,3,1,3
3,9,5,6,0.8,2,1,2,2,1,275.54,1,16,3,3,2,2,2,3,1,3,1
3,9,5,7,0.2,2,1,2,2,1,201.68,1,8,1,1,2,2,5,1,1,1,1
3,9,5,8,1.8,3,1,2,2,1,341.02,0,14,1,1,3,3,11,1,1,1,1
3,9,5,9,1.8,1,1,1,1,1,197.45,1,19,3,3,3,3,4,3,1,3,1
3,9,5,10,0.2,1,1,1,1,1,226.79,1,4,1,3,1,3,5,3,1,3,1
3,9,5,11,0.4,1,1,NaN,NaN,NaN,NaN,NaN,9,3,1,3,1,14,1,3,1,3
3,9,5,12,1.8,2,2,2,2,1,216.86,1,14,1,1,2,2,17,1,3,2,2
3,9,5,13,0.1,3,3,2,2,1,268.62,1,7,3,1,1,3,20,3,3,1,1
3,9,5,14,0.4,2,3,NaN,NaN,NaN,NaN,NaN,17,3,1,2,2,12,1,1,3,3
3,9,5,15,0.05,3,3,2,2,1,319.46,0,3,1,1,3,3,2,1,3,3,1
3,9,5,16,0.8,3,1,2,2,1,268.68,1,11,1,3,3,1,9,3,3,3,3
3,9,5,17,1.8,1,1,1,1,1,233.24,1,17,1,1,1,1,3,3,1,3,1
3,9,5,18,0.1,1,1,1,1,1,246.47,1,4,1,1,1,1,4,1,1,1,1
3,9,5,19,0.2,2,3,2,1,0,218.05,1,15,1,1,2,2,13,1,1,3,3
3,9,5,20,1.8,1,3,1,1,1,234.95,1,5,3,3,3,3,19,3,3,1,1
3,9,5,21,0.05,2,3,2,2,1,322.6,0,8,1,3,2,2,14,3,1,1,3
3,9,5,22,0.8,2,2,2,2,1,254.33,1,15,3,3,2,2,17,3,3,2,2
3,9,5,23,0.4,1,2,1,1,1,230.37,1,11,3,1,3,1,8,3,3,2,2
3,9,5,24,0.05,1,1,1,1,1,283.64,1,10,3,1,3,1,1,3,1,3,1
3,9,5,25,0.8,2,2,2,1,0,218.68,1,12,3,1,2,2,20,3,3,2,2
3,9,5,26,0.1,3,2,2,2,1,264.52,1,7,3,3,1,1,1,1,3,2,2
3,9,5,27,0.05,1,3,1,1,1,304.98,0,11,3,3,3,3,3,1,3,3,1
3,9,5,28,0.05,1,3,1,1,1,298.55,1,18,3,3,3,3,6,1,3,3,1
3,9,5,29,0.1,1,2,1,1,1,231.09,1,9,3,3,3,3,20,1,3,2,2
3,9,5,30,0.05,1,2,1,1,1,287.95,1,6,3,1,3,1,9,1,1,2,2
3,9,5,31,0.05,3,2,2,2,1,281.53,1,11,3,3,1,1,3,1,3,2,2
3,9,5,32,0.4,3,1,2,2,1,299.26,1,9,3,3,1,1,12,3,1,3,1
3,9,5,33,0.1,1,1,1,1,1,290.16,1,6,1,1,1,1,16,3,1,3,1
3,9,5,34,0.2,2,1,2,2,1,119.11,1,6,1,1,2,2,1,3,3,3,3
3,9,5,35,0.4,1,1,1,1,1,236.8,1,2,3,3,3,3,3,3,1,3,1
3,9,5,36,0.2,1,1,1,1,1,249.62,1,16,3,3,3,3,20,1,3,1,3
3,9,5,37,1.8,1,3,1,1,1,227.3,1,13,3,1,3,1,11,1,3,3,1
3,9,5,38,0.4,3,2,NaN,NaN,NaN,NaN,NaN,6,1,3,3,1,2,3,3,2,2
3,9,5,39,0.4,3,3,NaN,NaN,NaN,NaN,NaN,10,3,1,1,3,14,3,3,1,1
3,9,5,40,0.8,1,1,1,1,1,293.39,1,8,1,1,1,1,19,3,3,3,3
3,9,5,41,1.8,3,2,2,2,1,298.17,1,11,3,1,1,3,9,3,1,2,2
3,9,5,42,0.05,2,3,2,1,0,338.57,0,12,1,3,2,2,19,3,1,1,3
3,9,5,43,0.1,2,1,2,2,1,306.04,0,13,3,3,2,2,6,3,1,3,1
3,9,5,44,0.05,1,2,1,1,1,257.42,1,10,1,1,1,1,19,3,3,2,2
3,9,5,45,0.8,3,2,2,2,1,215.27,1,1,3,1,1,3,10,3,3,2,2
3,9,5,46,0.1,1,2,1,1,1,261.26,1,2,1,3,1,3,12,3,3,2,2
3,9,5,47,0.8,1,3,1,1,1,277.37,1,6,3,3,3,3,20,1,3,3,1
3,9,5,48,0.1,2,3,2,2,1,278,1,6,1,3,2,2,9,3,1,1,3
3,9,5,49,0.4,1,1,1,1,1,272.91,1,11,3,3,3,3,11,1,3,1,3
3,9,5,50,0.4,1,1,1,1,1,223.91,1,8,1,3,1,3,16,3,1,3,1
3,9,5,51,1.8,2,3,2,2,1,216.68,1,10,1,3,2,2,4,1,3,3,1
3,9,5,52,0.05,1,3,1,1,1,276.18,1,5,3,1,3,1,8,1,3,3,1
3,9,5,53,0.2,1,3,1,1,1,293.12,1,14,1,1,1,1,5,3,3,1,1
3,9,5,54,0.8,1,1,1,1,1,258.24,1,4,3,1,3,1,12,1,1,1,1
3,9,5,55,0.1,2,1,2,2,1,235.43,1,14,1,1,2,2,18,3,1,3,1
3,9,5,56,0.8,1,1,1,1,1,236.32,1,11,1,1,1,1,4,3,3,3,3
3,9,5,57,1.8,2,2,2,2,1,321.33,0,3,3,3,2,2,12,1,1,2,2
3,9,5,58,0.4,3,1,2,2,1,325.58,0,19,1,1,3,3,11,1,3,1,3
3,9,5,59,0.2,1,2,1,1,1,270.68,1,12,3,3,3,3,4,3,1,2,2
3,9,5,60,0.1,1,2,1,1,1,247.88,1,11,3,3,3,3,5,3,3,2,2
3,9,5,61,1.8,3,2,2,2,1,264.58,1,8,3,3,1,1,1,3,3,2,2
3,9,5,62,0.2,2,2,2,2,1,390.9,0,18,3,3,2,2,2,1,3,2,2
3,9,5,63,0.1,3,1,2,2,1,301.39,0,2,1,1,3,3,11,1,3,1,3
3,9,5,64,0.2,2,1,2,2,1,83.217,2,10,1,3,2,2,2,1,3,1,3
3,9,5,65,1.8,1,3,1,1,1,262.48,1,13,3,3,3,3,7,1,3,3,1
3,9,5,66,0.2,3,1,2,2,1,274.41,1,20,3,3,1,1,5,1,3,1,3
3,9,5,67,0.8,1,3,1,1,1,242.19,1,9,1,3,1,3,20,1,1,3,3
3,9,5,68,0.8,3,2,NaN,NaN,NaN,NaN,NaN,17,3,1,1,3,2,1,3,2,2
3,9,5,69,0.4,1,1,1,1,1,240.88,1,12,3,3,3,3,6,3,3,3,3
3,9,5,70,0.2,2,1,2,2,1,237.47,1,7,3,1,2,2,20,1,1,1,1
3,9,5,71,0.05,2,2,2,2,1,306.97,0,19,3,1,2,2,16,3,3,2,2
3,9,5,72,0.1,3,3,2,2,1,228.13,1,7,1,3,3,1,5,3,1,1,3
3,9,5,73,0.4,1,2,1,1,1,258.75,1,17,3,1,3,1,20,1,3,2,2
3,9,5,74,0.8,1,2,1,1,1,226.16,1,10,3,3,3,3,1,3,3,2,2
3,9,5,75,0.2,1,1,1,1,1,271.6,1,6,3,3,3,3,14,3,1,3,1
3,9,5,76,0.4,1,1,1,1,1,268.42,1,6,3,1,3,1,7,3,3,3,3
3,9,5,77,0.05,3,1,2,2,1,318.58,0,18,1,3,3,1,17,3,3,3,3
3,9,5,78,1.8,1,2,NaN,NaN,NaN,NaN,NaN,1,1,3,1,3,11,3,3,2,2
3,9,6,1,1.8,1,1,1,1,1,213.47,1,1,3,1,3,1,8,1,1,1,1
3,9,6,2,0.2,3,2,2,2,1,286.92,1,19,3,1,1,3,20,3,3,2,2
3,9,6,3,0.4,2,3,2,2,1,218.98,1,15,1,3,2,2,17,1,3,3,1
3,9,6,4,0.05,2,3,2,2,1,276.96,1,18,1,3,2,2,19,3,3,1,1
3,9,6,5,0.8,3,2,2,2,1,247.55,1,1,3,3,1,1,16,1,1,2,2
3,9,6,6,1.8,2,1,2,2,1,251.64,1,12,1,1,2,2,8,1,3,1,3
3,9,6,7,0.4,1,2,1,1,1,254.9,1,17,1,1,1,1,17,3,1,2,2
3,9,6,8,1.8,3,1,2,2,1,219.73,1,17,3,1,1,3,16,1,3,1,3
3,9,6,9,0.2,2,1,2,2,1,234.8,1,6,1,1,2,2,4,3,1,3,1
3,9,6,10,0.8,3,3,2,2,1,237.94,1,12,3,3,1,1,1,3,3,1,1
3,9,6,11,0.2,1,1,1,1,1,254.77,1,15,1,1,1,1,12,3,1,3,1
3,9,6,12,0.4,2,1,2,2,1,245.54,1,1,1,1,2,2,11,1,1,1,1
3,9,6,13,1.8,2,3,2,2,1,243.1,1,15,3,3,2,2,20,1,3,3,1
3,9,6,14,0.8,2,2,2,2,1,214.13,1,18,1,3,2,2,19,1,3,2,2
3,9,6,15,1.8,3,3,2,2,1,235.8,1,8,3,1,1,3,13,3,3,1,1
3,9,6,16,0.1,3,2,2,2,1,283.87,1,7,1,1,3,3,2,3,1,2,2
3,9,6,17,0.05,1,1,1,1,1,283.12,1,3,3,1,3,1,17,1,1,1,1
3,9,6,18,0.2,3,3,2,2,1,236.4,1,3,1,1,3,3,7,1,1,3,3
3,9,6,19,0.1,1,1,1,1,1,457.23,0,10,1,3,1,3,19,1,1,1,1
3,9,6,20,0.2,3,2,2,2,1,246.99,1,4,1,3,3,1,2,1,3,2,2
3,9,6,21,1.8,2,1,2,2,1,198.9,1,20,1,3,2,2,10,3,1,3,1
3,9,6,22,1.8,1,3,1,1,1,265.81,1,1,3,3,3,3,10,3,1,1,3
3,9,6,23,0.05,2,2,2,2,1,267.85,1,17,3,3,2,2,2,1,3,2,2
3,9,6,24,0.2,1,2,1,1,1,258.55,1,11,1,3,1,3,18,1,3,2,2
3,9,6,25,1.8,1,2,1,1,1,222.25,1,11,3,3,3,3,11,3,3,2,2
3,9,6,26,1.8,2,2,2,2,1,264.29,1,17,3,3,2,2,1,1,3,2,2
3,9,6,27,0.05,1,3,1,1,1,291.42,1,16,1,3,1,3,19,1,3,3,1
3,9,6,28,0.1,1,2,1,1,1,269.48,1,9,3,3,3,3,19,3,1,2,2
3,9,6,29,0.8,1,2,1,1,1,247.97,1,16,3,3,3,3,20,3,1,2,2
3,9,6,30,0.05,1,3,1,1,1,257.17,1,1,3,1,3,1,3,3,1,1,3
3,9,6,31,0.1,1,2,1,1,1,277.98,1,16,1,3,1,3,3,1,3,2,2
3,9,6,32,0.8,3,1,2,2,1,258.64,1,8,3,1,1,3,13,1,3,1,3
3,9,6,33,0.05,3,3,2,2,1,328.95,0,18,1,1,3,3,18,3,1,1,3
3,9,6,34,0.4,3,1,2,2,1,183.28,1,14,3,1,1,3,19,1,3,1,3
3,9,6,35,0.2,1,3,1,1,1,286.34,1,2,1,3,1,3,6,1,3,3,1
3,9,6,36,0.4,3,3,2,2,1,246.61,1,17,1,1,3,3,7,3,3,1,1
3,9,6,37,0.2,1,1,1,1,1,321.69,0,19,1,1,1,1,11,3,1,3,1
3,9,6,38,0.2,1,2,1,1,1,176.85,1,8,3,3,3,3,10,1,1,2,2
3,9,6,39,0.1,2,2,2,2,1,279.24,1,17,3,1,2,2,13,1,3,2,2
3,9,6,40,0.8,2,1,2,2,1,207.74,1,16,1,3,2,2,14,3,3,3,3
3,9,6,41,0.8,1,1,1,1,1,272.09,1,9,3,3,3,3,13,1,3,1,3
3,9,6,42,0.4,1,2,1,1,1,242.44,1,9,3,3,3,3,20,1,1,2,2
3,9,6,43,0.2,3,1,2,2,1,278.73,1,1,3,1,1,3,3,1,3,1,3
3,9,6,44,0.05,3,3,2,2,1,318.57,0,6,3,3,1,1,8,1,3,3,1
3,9,6,45,0.1,1,1,1,1,1,229.96,1,11,1,3,1,3,5,1,3,1,3
3,9,6,46,0.4,2,3,2,2,1,247.46,1,6,1,1,2,2,1,3,3,1,1
3,9,6,47,0.1,2,2,2,1,0,255.15,1,5,3,1,2,2,11,3,1,2,2
3,9,6,48,0.05,2,1,2,2,1,295.99,1,9,1,3,2,2,18,3,1,3,1
3,9,6,49,0.1,1,3,1,1,1,206.73,1,9,3,3,3,3,16,3,3,1,1
3,9,6,50,0.4,2,1,2,2,1,317.1,0,1,1,1,2,2,15,3,1,3,1
3,9,6,51,0.1,2,2,2,2,1,284.54,1,4,3,1,2,2,20,1,3,2,2
3,9,6,52,1.8,1,1,1,1,1,209.13,1,9,3,1,3,1,7,1,3,1,3
3,9,6,53,0.05,1,1,1,1,1,299.29,1,19,1,3,1,3,5,1,3,1,3
3,9,6,54,0.05,3,1,2,1,0,275.7,1,1,3,3,1,1,19,3,3,3,3
3,9,6,55,1.8,2,1,2,2,1,223.99,1,19,3,1,2,2,5,1,1,1,1
3,9,6,56,0.4,2,2,2,1,0,257.55,1,12,1,1,2,2,19,1,1,2,2
3,9,6,57,0.2,1,2,1,1,1,234.9,1,17,1,3,1,3,15,3,1,2,2
3,9,6,58,0.4,1,2,1,1,1,304.18,0,3,3,3,3,3,11,3,1,2,2
3,9,6,59,0.1,2,2,2,2,1,274.83,1,3,1,3,2,2,4,1,1,2,2
3,9,6,60,1.8,2,2,2,2,1,232.53,1,8,1,3,2,2,16,1,1,2,2
3,9,6,61,0.8,2,2,2,2,1,246.71,1,3,3,1,2,2,12,1,3,2,2
3,9,6,62,0.1,2,1,2,2,1,312.36,0,2,3,1,2,2,12,3,3,3,3
3,9,6,63,0.8,3,2,2,2,1,245.74,1,13,3,3,1,1,18,1,1,2,2
3,9,6,64,0.1,1,2,1,2,0,285.84,1,15,3,1,3,1,19,1,1,2,2
3,9,6,65,0.05,3,1,2,2,1,252.46,1,15,1,1,3,3,18,1,3,1,3
3,9,6,66,0.2,3,3,2,2,1,279.86,1,10,3,3,1,1,1,1,1,3,3
3,9,6,67,0.4,2,2,2,2,1,309.02,0,19,3,1,2,2,5,1,1,2,2
3,9,6,68,0.8,1,1,1,1,1,169.89,1,20,1,1,1,1,8,1,1,1,1
3,9,6,69,0.4,3,3,2,2,1,262.27,1,14,3,1,1,3,20,1,1,3,3
3,9,6,70,0.4,1,2,1,1,1,358.9,0,10,1,1,1,1,5,1,1,2,2
3,9,6,71,1.8,1,3,1,1,1,216.91,1,1,3,1,3,1,4,1,1,3,3
3,9,6,72,0.1,3,3,2,2,1,251.76,1,7,1,1,3,3,11,3,3,1,1
3,9,6,73,0.2,3,3,2,2,1,280.97,1,14,1,3,3,1,18,3,3,1,1
3,9,6,74,0.8,1,1,1,1,1,302.21,0,19,3,3,3,3,11,1,3,1,3
3,9,6,75,0.05,1,2,1,1,1,241.13,1,12,3,3,3,3,1,1,1,2,2
3,9,6,76,0.8,3,2,2,2,1,296.99,1,15,1,1,3,3,3,3,1,2,2
3,9,6,77,0.8,1,2,1,1,1,240.45,1,4,1,1,1,1,1,1,1,2,2
3,9,6,78,0.05,1,1,1,1,1,255.71,1,14,1,1,1,1,10,3,3,3,3
3,9,7,1,0.4,1,1,1,1,1,233.12,1,11,1,3,1,3,16,1,3,1,3
3,9,7,2,0.4,1,3,1,1,1,260.58,1,15,1,3,1,3,18,3,1,1,3
3,9,7,3,0.2,2,1,2,1,0,257.22,1,4,3,3,2,2,12,1,1,1,1
3,9,7,4,0.1,2,2,2,2,1,324.31,0,1,1,3,2,2,4,3,3,2,2
3,9,7,5,1.8,1,2,1,1,1,240.98,1,10,1,3,1,3,10,3,3,2,2
3,9,7,6,1.8,2,2,2,2,1,225.58,1,18,3,1,2,2,4,1,3,2,2
3,9,7,7,0.1,3,1,2,2,1,321.76,0,14,1,1,3,3,10,3,3,3,3
3,9,7,8,0.8,3,3,2,2,1,278.32,1,15,3,1,1,3,15,3,3,1,1
3,9,7,9,0.4,3,1,NaN,NaN,NaN,NaN,NaN,8,1,3,3,1,19,1,1,1,1
3,9,7,10,0.4,2,2,2,2,1,269.9,1,10,3,1,2,2,19,1,1,2,2
3,9,7,11,0.8,1,1,1,1,1,257.9,1,18,3,3,3,3,14,1,1,1,1
3,9,7,12,1.8,3,1,2,2,1,263.09,1,17,3,1,1,3,12,3,3,3,3
3,9,7,13,0.05,1,3,1,1,1,308.77,0,4,3,3,3,3,19,1,1,3,3
3,9,7,14,0.4,1,2,1,1,1,247.86,1,2,1,3,1,3,7,1,1,2,2
3,9,7,15,0.4,2,2,2,2,1,282.84,1,12,3,3,2,2,3,1,1,2,2
3,9,7,16,0.8,1,3,1,1,1,250.22,1,16,1,1,1,1,6,3,3,1,1
3,9,7,17,0.4,1,3,NaN,NaN,NaN,NaN,NaN,1,1,3,1,3,9,3,1,1,3
3,9,7,18,0.05,1,3,1,1,1,361.52,0,10,3,1,3,1,13,1,1,3,3
3,9,7,19,0.2,1,1,1,1,1,281.22,1,4,3,1,3,1,17,3,3,3,3
3,9,7,20,0.8,1,3,1,1,1,265.23,1,2,3,1,3,1,6,1,1,3,3
3,9,7,21,0.8,3,3,2,2,1,282.02,1,15,3,1,1,3,1,1,1,3,3
3,9,7,22,0.1,1,1,1,1,1,218.58,1,18,3,3,3,3,12,1,3,1,3
3,9,7,23,1.8,1,3,1,1,1,286.88,1,6,1,1,1,1,9,3,1,1,3
3,9,7,24,0.4,1,1,1,1,1,262.21,1,2,1,3,1,3,2,3,3,3,3
3,9,7,25,1.8,3,1,2,2,1,269.28,1,5,3,1,1,3,18,1,3,1,3
3,9,7,26,0.1,3,2,2,2,1,298.04,1,17,1,3,3,1,1,1,3,2,2
3,9,7,27,0.1,2,2,2,2,1,408.69,0,8,1,1,2,2,13,3,3,2,2
3,9,7,28,0.1,2,1,2,1,0,312.57,0,7,1,3,2,2,20,1,1,1,1
3,9,7,29,1.8,1,2,1,1,1,222.85,1,10,1,1,1,1,5,3,1,2,2
3,9,7,30,0.05,3,3,2,2,1,364.99,0,8,1,3,3,1,2,1,1,3,3
3,9,7,31,0.05,1,1,1,1,1,289.15,1,5,3,3,3,3,9,3,3,3,3
3,9,7,32,0.2,1,3,1,1,1,273.07,1,5,3,1,3,1,5,3,3,1,1
3,9,7,33,1.8,1,3,1,1,1,360.05,0,3,3,3,3,3,20,3,3,1,1
3,9,7,34,0.1,1,3,1,1,1,322.15,0,14,1,3,1,3,7,3,1,1,3
3,9,7,35,0.8,2,3,NaN,NaN,NaN,NaN,NaN,13,3,1,2,2,8,1,1,3,3
3,9,7,36,0.1,1,3,1,1,1,275.13,1,12,3,1,3,1,12,3,3,1,1
3,9,7,37,0.4,1,2,1,1,1,305.9,0,13,1,1,1,1,11,3,1,2,2
3,9,7,38,0.8,1,1,1,1,1,250.64,1,17,1,1,1,1,6,1,3,1,3
3,9,7,39,1.8,2,1,2,2,1,229.91,1,12,3,3,2,2,18,3,3,3,3
3,9,7,40,1.8,2,2,2,2,1,326.57,0,4,3,1,2,2,1,1,3,2,2
3,9,7,41,0.2,3,2,2,2,1,307.98,0,5,1,3,3,1,9,3,3,2,2
3,9,7,42,0.05,1,3,1,1,1,305.2,0,1,3,3,3,3,1,3,1,1,3
3,9,7,43,1.8,1,1,1,1,1,242.49,1,19,3,1,3,1,11,1,1,1,1
3,9,7,44,0.2,2,3,2,1,0,286.38,1,10,3,3,2,2,2,1,1,3,3
3,9,7,45,0.2,3,2,2,2,1,236.35,1,20,1,3,3,1,3,1,3,2,2
3,9,7,46,0.2,1,3,1,1,1,270.99,1,16,3,1,3,1,9,1,3,3,1
3,9,7,47,0.05,1,2,1,1,1,268.17,1,19,1,1,1,1,6,1,1,2,2
3,9,7,48,0.05,1,1,1,2,0,331.03,0,1,1,3,1,3,9,3,3,3,3
3,9,7,49,0.4,3,1,2,2,1,267.83,1,6,3,1,1,3,14,1,1,1,1
3,9,7,50,0.2,2,3,2,2,1,278.74,1,13,1,1,2,2,6,1,1,3,3
3,9,7,51,0.8,1,2,1,1,1,226.57,1,4,1,1,1,1,9,3,1,2,2
3,9,7,52,1.8,1,3,NaN,NaN,NaN,NaN,NaN,16,3,3,3,3,10,1,3,3,1
3,9,7,53,0.05,2,2,2,2,1,273.85,1,18,3,1,2,2,11,1,1,2,2
3,9,7,54,0.8,3,3,2,2,1,291.54,1,8,1,3,3,1,10,1,1,3,3
3,9,7,55,0.1,2,3,2,2,1,265.33,1,17,1,1,2,2,5,1,3,3,1
3,9,7,56,0.2,3,3,2,2,1,305.52,0,12,3,1,1,3,15,1,3,3,1
3,9,7,57,0.1,1,2,1,1,1,268.02,1,17,3,3,3,3,4,1,3,2,2
3,9,7,58,0.2,2,2,2,2,1,267.94,1,11,1,1,2,2,12,3,3,2,2
3,9,7,59,1.8,1,3,NaN,NaN,NaN,NaN,NaN,16,3,3,3,3,17,1,3,3,1
3,9,7,60,0.2,2,1,2,2,1,183,1,1,1,1,2,2,9,1,1,1,1
3,9,7,61,1.8,1,2,1,1,1,259.06,1,10,3,1,3,1,14,3,3,2,2
3,9,7,62,0.05,1,3,1,1,1,322.15,0,6,3,1,3,1,12,3,1,1,3
3,9,7,63,0.8,1,3,1,1,1,260.09,1,7,3,1,3,1,12,3,1,1,3
3,9,7,64,0.05,2,3,2,2,1,279.94,1,6,1,1,2,2,18,1,1,3,3
3,9,7,65,0.1,3,2,2,2,1,304.71,0,8,1,3,3,1,6,3,1,2,2
3,9,7,66,0.05,3,3,2,2,1,298.06,1,1,1,1,3,3,4,1,1,3,3
3,9,7,67,0.2,3,2,2,2,1,202.54,1,11,3,3,1,1,1,3,3,2,2
3,9,7,68,0.8,1,3,1,1,1,264.39,1,14,1,3,1,3,19,1,3,3,1
3,9,7,69,0.1,1,1,1,1,1,273.41,1,2,3,3,3,3,11,3,3,3,3
3,9,7,70,0.05,3,1,2,2,1,325.12,0,20,1,1,3,3,4,1,1,1,1
3,9,7,71,0.2,2,3,2,2,1,302.46,0,19,3,3,2,2,13,1,3,3,1
3,9,7,72,0.4,3,3,2,2,1,282.11,1,9,3,3,1,1,11,1,1,3,3
3,9,7,73,0.8,2,2,2,2,1,186.68,1,16,3,3,2,2,13,3,3,2,2
3,9,7,74,0.05,1,2,1,1,1,234.32,1,18,3,1,3,1,9,3,1,2,2
3,9,7,75,0.4,3,2,2,2,1,270.1,1,12,3,3,1,1,16,3,3,2,2
3,9,7,76,0.1,1,3,1,1,1,299.93,1,11,3,1,3,1,9,1,3,3,1
3,9,7,77,0.4,3,2,2,2,1,218.27,1,13,1,1,3,3,6,3,1,2,2
3,9,7,78,0.8,1,1,1,1,1,192.2,1,3,3,1,3,1,17,1,3,1,3
3,9,8,1,0.05,3,2,2,2,1,289.24,1,2,1,1,3,3,3,3,1,2,2
3,9,8,2,0.8,1,2,1,1,1,269.22,1,7,3,1,3,1,17,3,3,2,2
3,9,8,3,1.8,1,2,1,1,1,302.04,0,7,3,3,3,3,11,1,3,2,2
3,9,8,4,0.4,1,3,1,1,1,357.03,0,19,1,3,1,3,5,1,3,3,1
3,9,8,5,0.1,3,2,2,2,1,247.29,1,15,1,3,3,1,4,1,1,2,2
3,9,8,6,0.2,1,3,1,2,0,86.234,2,12,1,3,1,3,1,3,3,1,1
3,9,8,7,0.8,2,2,2,1,0,226.06,1,10,1,1,2,2,14,3,3,2,2
3,9,8,8,0.8,1,3,1,1,1,269.18,1,5,3,1,3,1,15,3,1,1,3
3,9,8,9,0.05,2,1,2,2,1,293.31,1,18,1,1,2,2,9,1,3,1,3
3,9,8,10,0.4,2,1,2,2,1,235.91,1,11,3,1,2,2,11,1,1,1,1
3,9,8,11,1.8,1,2,1,1,1,257.8,1,10,1,3,1,3,3,1,1,2,2
3,9,8,12,0.1,1,2,1,1,1,210.79,1,20,1,3,1,3,7,1,3,2,2
3,9,8,13,0.2,3,2,2,2,1,135.45,1,8,1,3,3,1,5,3,1,2,2
3,9,8,14,0.05,1,2,1,1,1,250.66,1,8,3,3,3,3,7,3,1,2,2
3,9,8,15,1.8,2,3,2,2,1,212.91,1,1,3,1,2,2,12,3,1,1,3
3,9,8,16,0.1,3,2,2,2,1,260.33,1,17,3,3,1,1,3,3,1,2,2
3,9,8,17,0.05,2,1,2,2,1,279.4,1,16,1,3,2,2,4,1,3,1,3
3,9,8,18,0.4,1,3,1,1,1,237.09,1,7,3,1,3,1,10,3,1,1,3
3,9,8,19,1.8,2,3,2,2,1,302.13,0,18,3,1,2,2,1,3,3,1,1
3,9,8,20,0.05,3,1,2,2,1,296.11,1,14,3,1,1,3,16,1,3,1,3
3,9,8,21,0.05,1,1,1,1,1,299.75,1,11,3,3,3,3,6,3,1,3,1
3,9,8,22,0.1,2,2,2,2,1,243.96,1,11,3,3,2,2,18,1,1,2,2
3,9,8,23,0.4,1,1,1,1,1,269.3,1,16,3,1,3,1,11,1,1,1,1
3,9,8,24,1.8,2,1,2,2,1,247.56,1,9,1,1,2,2,20,3,3,3,3
3,9,8,25,0.8,1,3,1,1,1,257.02,1,9,1,3,1,3,1,1,1,3,3
3,9,8,26,0.2,3,1,2,2,1,257.51,1,16,1,1,3,3,15,3,3,3,3
3,9,8,27,0.2,2,1,2,2,1,280.16,1,3,3,3,2,2,2,1,1,1,1
3,9,8,28,0.8,2,2,2,2,1,344.38,0,3,1,1,2,2,17,1,3,2,2
3,9,8,29,0.05,2,2,2,2,1,408.74,0,20,1,3,2,2,14,3,1,2,2
3,9,8,30,0.8,1,3,1,1,1,263.02,1,4,3,1,3,1,10,1,1,3,3
3,9,8,31,0.4,3,3,2,2,1,261.62,1,19,3,3,1,1,4,3,3,1,1
3,9,8,32,0.1,1,3,1,1,1,284.34,1,20,1,3,1,3,2,1,1,3,3
3,9,8,33,0.1,2,2,2,2,1,320.09,0,6,1,1,2,2,3,1,1,2,2
3,9,8,34,0.2,3,2,2,2,1,237.7,1,6,1,1,3,3,12,1,1,2,2
3,9,8,35,0.05,1,3,1,1,1,292.04,1,4,1,3,1,3,8,1,1,3,3
3,9,8,36,0.8,1,2,1,1,1,279.54,1,9,1,1,1,1,18,1,3,2,2
3,9,8,37,0.8,1,3,1,1,1,217.1,1,8,1,3,1,3,3,3,3,1,1
3,9,8,38,0.2,1,2,1,1,1,247.84,1,5,1,1,1,1,17,1,1,2,2
3,9,8,39,1.8,3,2,2,2,1,222.38,1,20,1,3,3,1,7,3,1,2,2
3,9,8,40,0.1,1,1,1,1,1,259.96,1,18,1,3,1,3,17,1,3,1,3
3,9,8,41,0.4,2,2,2,2,1,260.83,1,15,1,3,2,2,8,1,3,2,2
3,9,8,42,1.8,1,2,1,1,1,267.67,1,15,1,1,1,1,9,3,1,2,2
3,9,8,43,0.2,1,2,1,1,1,270.36,1,6,1,3,1,3,2,1,1,2,2
3,9,8,44,0.8,1,2,1,1,1,256.5,1,5,3,3,3,3,20,3,1,2,2
3,9,8,45,1.8,3,3,2,2,1,259.33,1,7,1,3,3,1,10,3,3,1,1
3,9,8,46,0.1,3,1,2,2,1,271.54,1,12,3,1,1,3,1,3,3,3,3
3,9,8,47,0.2,2,2,2,2,1,249.63,1,1,3,3,2,2,12,3,3,2,2
3,9,8,48,0.4,1,2,1,1,1,258.59,1,18,3,1,3,1,14,3,3,2,2
3,9,8,49,0.1,3,1,2,2,1,288.26,1,5,3,3,1,1,18,3,1,3,1
3,9,8,50,0.4,3,3,2,2,1,282.53,1,12,3,1,1,3,18,1,3,3,1
3,9,8,51,1.8,1,1,1,1,1,263.76,1,12,3,3,3,3,20,3,3,3,3
3,9,8,52,1.8,2,3,NaN,NaN,NaN,NaN,NaN,16,1,1,2,2,15,3,1,1,3
3,9,8,53,0.05,3,1,2,2,1,348.92,0,6,3,3,1,1,12,3,1,3,1
3,9,8,54,0.1,1,2,1,1,1,463.83,0,14,1,3,1,3,5,1,3,2,2
3,9,8,55,1.8,3,2,2,2,1,247.12,1,5,3,3,1,1,14,3,3,2,2
3,9,8,56,0.4,1,2,1,2,0,306.2,0,8,1,1,1,1,3,1,1,2,2
3,9,8,57,0.4,1,3,1,1,1,248.49,1,19,1,3,1,3,1,3,3,1,1
3,9,8,58,0.05,1,1,1,1,1,264.78,1,4,1,1,1,1,12,3,3,3,3
3,9,8,59,0.05,2,3,2,2,1,299.61,1,7,1,3,2,2,8,3,3,1,1
3,9,8,60,0.8,1,3,1,1,1,249.58,1,1,1,3,1,3,5,3,3,1,1
3,9,8,61,0.05,3,1,2,2,1,282.95,1,4,3,1,1,3,5,1,1,1,1
3,9,8,62,0.1,3,2,2,2,1,256.92,1,1,1,3,3,1,17,1,1,2,2
3,9,8,63,1.8,1,3,1,1,1,260.04,1,3,3,1,3,1,6,3,3,1,1
3,9,8,64,0.4,2,2,2,1,0,286.42,1,12,3,3,2,2,7,1,3,2,2
3,9,8,65,0.2,1,1,1,1,1,244.91,1,13,1,3,1,3,7,3,1,3,1
3,9,8,66,0.8,3,2,2,2,1,331.36,0,3,3,3,1,1,14,3,1,2,2
3,9,8,67,0.8,2,2,2,2,1,292.71,1,18,3,1,2,2,8,3,1,2,2
3,9,8,68,0.1,1,3,1,1,1,289.93,1,18,1,1,1,1,5,1,1,3,3
3,9,8,69,0.8,2,1,2,2,1,207.11,1,2,1,1,2,2,15,1,1,1,1
3,9,8,70,1.8,1,1,1,1,1,239.1,1,19,1,1,1,1,16,3,3,3,3
3,9,8,71,0.2,3,3,2,2,1,314.69,0,13,1,3,3,1,14,1,1,3,3
3,9,8,72,0.1,2,1,2,2,1,329.11,0,1,1,1,2,2,4,3,3,3,3
3,9,8,73,0.2,2,1,2,1,0,323.5,0,12,3,1,2,2,13,1,1,1,1
3,9,8,74,0.2,3,2,2,2,1,205.73,1,14,3,1,1,3,13,3,1,2,2
3,9,8,75,0.4,2,1,2,2,1,261.85,1,3,3,3,2,2,16,1,3,1,3
3,9,8,76,0.05,2,2,2,2,1,371.06,0,5,1,1,2,2,6,1,3,2,2
3,9,8,77,0.4,2,1,2,2,1,220.74,1,3,1,1,2,2,17,1,3,1,3
3,9,8,78,0.2,1,1,1,1,1,229.81,1,14,1,3,1,3,20,1,3,1,3
3,9,9,1,1.8,1,2,1,1,1,236.94,1,17,3,3,3,3,2,3,1,2,2
3,9,9,2,0.4,1,1,1,1,1,287.44,1,13,1,3,1,3,8,1,3,1,3
3,9,9,3,0.8,1,1,1,1,1,237.26,1,2,1,1,1,1,9,3,3,3,3
3,9,9,4,1.8,2,2,2,2,1,273.87,1,15,3,3,2,2,18,1,3,2,2
3,9,9,5,0.2,2,2,2,2,1,346.12,0,11,1,1,2,2,5,1,3,2,2
3,9,9,6,0.8,3,1,2,2,1,284.64,1,3,3,3,1,1,3,1,3,1,3
3,9,9,7,0.8,3,3,2,2,1,278.49,1,15,3,1,1,3,18,1,3,3,1
3,9,9,8,0.1,3,2,2,2,1,300.05,0,1,1,3,3,1,5,1,1,2,2
3,9,9,9,0.2,3,2,2,2,1,276.83,1,11,1,3,3,1,20,3,3,2,2
3,9,9,10,0.1,2,1,2,2,1,299.19,1,17,1,3,2,2,17,3,3,3,3
3,9,9,11,0.2,1,1,1,1,1,295.69,1,20,1,1,1,1,17,1,3,1,3
3,9,9,12,0.8,2,1,2,2,1,286.08,1,16,3,1,2,2,7,3,3,3,3
3,9,9,13,0.05,2,2,2,2,1,285,1,11,1,3,2,2,17,1,3,2,2
3,9,9,14,0.1,1,3,1,1,1,254.54,1,9,1,1,1,1,11,3,1,1,3
3,9,9,15,1.8,1,3,1,1,1,231,1,16,3,1,3,1,3,3,1,1,3
3,9,9,16,0.4,3,1,2,2,1,272.9,1,19,1,1,3,3,13,1,1,1,1
3,9,9,17,1.8,2,2,2,2,1,281.4,1,18,3,3,2,2,8,1,3,2,2
3,9,9,18,0.05,2,2,2,2,1,314.54,0,11,3,3,2,2,10,3,1,2,2
3,9,9,19,0.4,1,3,1,1,1,307.42,0,5,3,1,3,1,1,1,1,3,3
3,9,9,20,0.1,1,2,1,1,1,286.15,1,17,1,1,1,1,6,1,3,2,2
3,9,9,21,0.4,1,3,1,1,1,224.13,1,16,1,3,1,3,17,3,1,1,3
3,9,9,22,0.05,2,3,2,2,1,296.11,1,8,3,3,2,2,20,3,1,1,3
3,9,9,23,0.05,1,3,1,1,1,327.93,0,11,1,3,1,3,17,1,1,3,3
3,9,9,24,0.4,1,3,1,1,1,446.12,0,17,1,1,1,1,3,1,3,3,1
3,9,9,25,1.8,3,1,2,2,1,227.94,1,6,1,3,3,1,2,1,3,1,3
3,9,9,26,0.05,3,2,2,2,1,290.32,1,12,3,1,1,3,20,1,3,2,2
3,9,9,27,0.05,3,1,2,2,1,290.24,1,12,3,1,1,3,12,3,3,3,3
3,9,9,28,0.2,1,2,1,1,1,264.65,1,16,3,3,3,3,9,1,3,2,2
3,9,9,29,0.1,2,1,2,1,0,255.96,1,18,1,3,2,2,15,1,3,1,3
3,9,9,30,0.2,1,3,1,1,1,310.55,0,13,1,1,1,1,1,3,1,1,3
3,9,9,31,0.05,2,2,2,2,1,290.29,1,5,1,3,2,2,7,3,1,2,2
3,9,9,32,0.05,3,1,2,2,1,333.2,0,11,3,3,1,1,11,1,3,1,3
3,9,9,33,0.1,1,1,1,1,1,309.82,0,20,1,1,1,1,6,3,1,3,1
3,9,9,34,0.1,1,2,1,1,1,336.93,0,15,3,1,3,1,5,1,3,2,2
3,9,9,35,1.8,2,2,2,2,1,250.35,1,5,1,1,2,2,8,3,3,2,2
3,9,9,36,0.4,1,2,1,1,1,290.26,1,8,1,3,1,3,5,3,1,2,2
3,9,9,37,0.4,2,1,2,2,1,262.33,1,7,3,1,2,2,4,3,1,3,1
3,9,9,38,0.2,1,2,1,1,1,249.39,1,12,3,1,3,1,16,3,3,2,2
3,9,9,39,0.2,2,3,2,2,1,298.54,1,12,1,3,2,2,19,3,1,1,3
3,9,9,40,0.2,1,1,1,2,0,318.83,0,11,1,3,1,3,5,3,3,3,3
3,9,9,41,0.4,1,2,1,1,1,293.33,1,12,1,3,1,3,1,3,3,2,2
3,9,9,42,0.2,2,3,2,2,1,310.57,0,9,3,1,2,2,13,3,1,1,3
3,9,9,43,0.1,1,1,1,1,1,261.45,1,10,1,1,1,1,16,3,3,3,3
3,9,9,44,1.8,3,2,2,2,1,270.45,1,13,3,3,1,1,13,3,3,2,2
3,9,9,45,0.4,2,3,2,2,1,318.55,0,18,3,1,2,2,7,3,3,1,1
3,9,9,46,1.8,3,2,2,2,1,249.87,1,15,1,3,3,1,7,3,3,2,2
3,9,9,47,0.8,1,3,1,1,1,319.12,0,19,1,1,1,1,19,1,3,3,1
3,9,9,48,0.05,1,2,1,1,1,312.32,0,18,3,1,3,1,1,1,3,2,2
3,9,9,49,1.8,2,3,2,2,1,275.95,1,6,1,1,2,2,14,3,1,1,3
3,9,9,50,0.8,1,3,1,1,1,288.59,1,11,3,1,3,1,3,1,1,3,3
3,9,9,51,0.1,3,1,2,2,1,338.91,0,7,1,1,3,3,12,1,1,1,1
3,9,9,52,0.8,1,3,NaN,NaN,NaN,NaN,NaN,3,1,3,1,3,16,3,3,1,1
3,9,9,53,0.2,2,1,2,2,1,312.59,0,3,3,3,2,2,9,3,1,3,1
3,9,9,54,1.8,2,3,2,2,1,283.26,1,13,3,3,2,2,19,1,1,3,3
3,9,9,55,0.2,3,3,2,2,1,269.96,1,7,1,3,3,1,14,3,3,1,1
3,9,9,56,0.2,1,3,1,1,1,274.48,1,14,1,3,1,3,13,3,1,1,3
3,9,9,57,0.8,1,2,1,1,1,289.97,1,9,3,3,3,3,7,1,1,2,2
3,9,9,58,0.4,3,3,2,2,1,260.49,1,3,3,1,1,3,2,3,1,1,3
3,9,9,59,0.8,1,2,1,1,1,235.58,1,18,1,1,1,1,1,3,1,2,2
3,9,9,60,0.05,3,2,2,2,1,288.32,1,12,3,1,1,3,6,1,1,2,2
3,9,9,61,0.1,1,1,1,1,1,275.55,1,17,3,1,3,1,10,3,1,3,1
3,9,9,62,0.8,3,2,2,2,1,289.71,1,7,1,1,3,3,6,1,3,2,2
3,9,9,63,0.4,1,1,1,1,1,244.69,1,13,1,1,1,1,19,1,3,1,3
3,9,9,64,0.1,2,3,2,2,1,247.5,1,15,1,3,2,2,15,1,1,3,3
3,9,9,65,1.8,1,2,1,1,1,237.7,1,15,1,3,1,3,20,3,1,2,2
3,9,9,66,0.8,2,3,2,2,1,245.37,1,14,1,3,2,2,2,3,3,1,1
3,9,9,67,0.1,3,3,2,2,1,294.56,1,19,1,3,3,1,20,1,1,3,3
3,9,9,68,0.8,3,3,2,2,1,280.95,1,8,3,1,1,3,8,3,1,1,3
3,9,9,69,0.4,3,1,2,2,1,225.78,1,4,3,3,1,1,19,3,1,3,1
3,9,9,70,0.4,1,3,1,1,1,239.33,1,12,3,3,3,3,12,3,3,1,1
3,9,9,71,0.8,3,2,2,2,1,323.12,0,1,3,3,1,1,2,3,3,2,2
3,9,9,72,0.2,2,1,2,2,1,250.1,1,6,3,1,2,2,3,1,1,1,1
3,9,9,73,0.05,1,2,1,1,1,289.15,1,14,3,1,3,1,3,1,3,2,2
3,9,9,74,1.8,1,2,NaN,NaN,NaN,NaN,NaN,8,3,3,3,3,17,3,1,2,2
3,9,9,75,1.8,1,2,1,1,1,243.58,1,1,3,3,3,3,6,3,1,2,2
3,9,9,76,0.05,2,1,2,2,1,342.06,0,11,3,1,2,2,2,1,1,1,1
3,9,9,77,0.1,1,1,1,1,1,280.91,1,10,3,1,3,1,2,1,3,1,3
3,9,9,78,0.05,3,3,2,2,1,318.41,0,18,3,1,1,3,14,3,3,1,1
3,9,10,1,0.05,1,3,1,1,1,285.11,1,11,1,3,1,3,16,1,3,3,1
3,9,10,2,0.8,1,1,1,1,1,181.07,1,3,1,3,1,3,15,3,1,3,1
3,9,10,3,0.1,3,2,2,2,1,315.12,0,14,3,3,1,1,14,1,3,2,2
3,9,10,4,1.8,1,3,1,1,1,293.21,1,5,3,3,3,3,9,3,3,1,1
3,9,10,5,0.2,1,1,1,1,1,278.64,1,13,3,1,3,1,20,1,1,1,1
3,9,10,6,0.8,2,2,2,2,1,270.87,1,19,3,3,2,2,3,1,1,2,2
3,9,10,7,0.4,3,1,2,2,1,277.09,1,3,3,3,1,1,20,3,1,3,1
3,9,10,8,1.8,1,3,1,1,1,298.61,1,18,3,3,3,3,17,1,3,3,1
3,9,10,9,0.1,1,2,1,1,1,271.82,1,15,3,1,3,1,4,1,1,2,2
3,9,10,10,0.1,1,1,1,1,1,280.67,1,11,3,1,3,1,11,3,3,3,3
3,9,10,11,1.8,1,2,1,1,1,242.17,1,17,1,3,1,3,2,3,3,2,2
3,9,10,12,0.2,1,1,1,1,1,256.76,1,6,1,3,1,3,10,1,1,1,1
3,9,10,13,0.1,2,2,2,1,0,253.59,1,12,1,3,2,2,4,3,1,2,2
3,9,10,14,0.4,1,1,1,1,1,211.63,1,8,1,1,1,1,5,1,3,1,3
3,9,10,15,0.8,1,2,1,1,1,218.2,1,13,3,1,3,1,8,3,3,2,2
3,9,10,16,0.05,1,1,1,1,1,280.12,1,12,3,3,3,3,9,1,1,1,1
3,9,10,17,0.05,2,2,2,2,1,306.42,0,6,3,1,2,2,19,1,1,2,2
3,9,10,18,0.2,1,3,1,1,1,279.43,1,7,1,1,1,1,11,3,3,1,1
3,9,10,19,0.2,1,2,1,1,1,256.49,1,4,1,3,1,3,8,1,3,2,2
3,9,10,20,1.8,2,3,2,2,1,245.31,1,20,3,3,2,2,15,3,3,1,1
3,9,10,21,0.8,1,1,1,1,1,279.3,1,9,3,3,3,3,17,1,1,1,1
3,9,10,22,0.05,2,2,2,2,1,420.32,0,1,3,3,2,2,11,1,1,2,2
3,9,10,23,0.4,2,2,2,2,1,285.05,1,12,1,3,2,2,19,3,3,2,2
3,9,10,24,0.05,1,3,1,1,1,296.68,1,10,3,1,3,1,9,1,1,3,3
3,9,10,25,0.1,2,1,2,2,1,319.91,0,5,1,3,2,2,12,1,1,1,1
3,9,10,26,0.4,2,1,2,2,1,247.39,1,8,3,1,2,2,10,3,1,3,1
3,9,10,27,1.8,1,3,1,1,1,218.25,1,4,3,3,3,3,1,1,3,3,1
3,9,10,28,0.2,1,2,1,1,1,266.72,1,15,1,3,1,3,14,1,3,2,2
3,9,10,29,0.4,3,2,2,2,1,279.58,1,19,3,1,1,3,8,1,1,2,2
3,9,10,30,0.8,1,2,1,1,1,238.72,1,16,1,3,1,3,1,1,1,2,2
3,9,10,31,0.05,3,3,2,2,1,328.14,0,16,3,1,1,3,5,1,1,3,3
3,9,10,32,0.8,2,2,2,1,0,284.9,1,4,1,1,2,2,10,1,1,2,2
3,9,10,33,0.8,1,3,1,1,1,291.65,1,10,3,3,3,3,19,3,3,1,1
3,9,10,34,1.8,3,2,2,2,1,254.73,1,19,1,1,3,3,3,3,3,2,2
3,9,10,35,0.4,2,1,2,1,0,268.95,1,4,3,1,2,2,14,3,1,3,1
3,9,10,36,0.1,1,1,1,1,1,272.66,1,7,3,1,3,1,11,3,3,3,3
3,9,10,37,0.05,1,2,1,1,1,300.17,0,12,1,1,1,1,7,1,1,2,2
3,9,10,38,0.4,3,3,2,2,1,246.21,1,9,1,3,3,1,18,3,1,1,3
3,9,10,39,0.2,2,3,2,2,1,315.62,0,15,1,1,2,2,5,3,3,1,1
3,9,10,40,0.8,2,3,2,2,1,286.31,1,12,1,3,2,2,6,1,1,3,3
3,9,10,41,0.05,2,2,2,2,1,310.6,0,6,1,1,2,2,18,3,1,2,2
3,9,10,42,0.4,1,3,1,1,1,293.43,1,15,3,1,3,1,17,1,3,3,1
3,9,10,43,0.1,3,1,2,2,1,284.52,1,2,1,1,3,3,11,1,1,1,1
3,9,10,44,1.8,1,1,1,1,1,282.55,1,5,1,3,1,3,9,1,3,1,3
3,9,10,45,0.4,1,2,1,1,1,217.58,1,4,1,1,1,1,18,3,1,2,2
3,9,10,46,0.1,1,3,1,1,1,273.02,1,13,1,3,1,3,10,1,3,3,1
3,9,10,47,0.05,2,2,2,2,1,294.7,1,15,1,1,2,2,11,1,3,2,2
3,9,10,48,0.1,1,3,1,1,1,249.28,1,12,3,1,3,1,4,3,3,1,1
3,9,10,49,0.8,1,3,1,1,1,247.94,1,16,3,3,3,3,15,3,1,1,3
3,9,10,50,0.2,2,3,2,1,0,278.33,1,9,1,3,2,2,9,1,1,3,3
3,9,10,51,0.2,2,3,2,2,1,338.71,0,6,1,3,2,2,8,1,1,3,3
3,9,10,52,0.8,3,3,2,2,1,304.28,0,16,3,3,1,1,5,1,3,3,1
3,9,10,53,0.2,1,1,1,1,1,285.13,1,2,3,1,3,1,4,3,3,3,3
3,9,10,54,0.2,3,3,2,2,1,264.52,1,14,1,3,3,1,20,3,1,1,3
3,9,10,55,1.8,2,3,2,2,1,283.15,1,5,1,1,2,2,6,3,3,1,1
3,9,10,56,0.4,3,2,2,2,1,308.7,0,5,3,1,1,3,6,1,3,2,2
3,9,10,57,0.8,3,2,2,2,1,302.05,0,16,3,3,1,1,20,1,1,2,2
3,9,10,58,0.05,1,1,1,1,1,291,1,20,3,1,3,1,16,3,1,3,1
3,9,10,59,0.4,2,3,2,2,1,328.61,0,17,1,1,2,2,7,3,3,1,1
3,9,10,60,0.4,1,1,1,1,1,224.82,1,7,3,1,3,1,10,3,1,3,1
3,9,10,61,1.8,2,2,2,1,0,199.44,1,10,3,3,2,2,17,3,3,2,2
3,9,10,62,0.1,2,1,2,2,1,294.7,1,19,3,1,2,2,1,3,1,3,1
3,9,10,63,1.8,3,3,2,2,1,266.67,1,2,3,1,1,3,2,1,1,3,3
3,9,10,64,0.2,1,3,1,1,1,322.43,0,15,1,3,1,3,4,3,3,1,1
3,9,10,65,0.05,1,1,1,1,1,285.91,1,6,3,3,3,3,9,3,1,3,1
3,9,10,66,0.8,2,1,2,2,1,252.7,1,16,1,1,2,2,19,3,3,3,3
3,9,10,67,1.8,3,2,2,2,1,260.69,1,11,3,3,1,1,11,1,3,2,2
3,9,10,68,0.1,2,1,2,2,1,285.28,1,6,3,3,2,2,15,1,3,1,3
3,9,10,69,1.8,3,3,2,2,1,293.52,1,7,3,1,1,3,17,3,1,1,3
3,9,10,70,0.05,3,1,2,2,1,329.18,0,8,1,3,3,1,11,1,1,1,1
3,9,10,71,0.1,1,2,1,2,0,309.65,0,12,3,3,3,3,3,1,3,2,2
3,9,10,72,1.8,1,1,1,1,1,262.18,1,20,3,1,3,1,15,1,3,1,3
3,9,10,73,0.05,2,3,2,2,1,326.6,0,8,3,3,2,2,13,1,1,3,3
3,9,10,74,0.4,1,2,1,1,1,271.58,1,15,3,1,3,1,1,1,3,2,2
3,9,10,75,0.2,2,2,2,2,1,289.97,1,7,1,1,2,2,10,3,1,2,2
3,9,10,76,0.2,1,2,1,1,1,274.85,1,9,1,3,1,3,20,1,3,2,2
3,9,10,77,0.1,1,1,1,1,1,314.55,0,11,1,1,1,1,14,1,1,1,1
3,9,10,78,0.8,3,2,2,2,1,298.29,1,15,3,1,1,3,18,1,1,2,2
