4,6,1,1,1.8,1,3,1,1,1,239.91,1,2,1,1,1,1,4,3,3,1,1
4,6,1,2,0.4,1,1,1,1,1,231.33,1,19,1,1,1,1,1,1,1,1,1
4,6,1,3,0.05,3,1,2,2,1,394.71,0,20,1,3,3,1,17,1,1,1,1
4,6,1,4,0.8,3,3,2,2,1,232.87,1,1,3,1,1,3,10,3,1,1,3
4,6,1,5,0.8,1,1,1,1,1,191.39,1,5,1,1,1,1,6,3,1,3,1
4,6,1,6,0.05,1,3,1,2,0,368.43,0,16,3,3,3,3,19,1,1,3,3
4,6,1,7,0.2,1,3,1,1,1,190.47,1,16,3,3,3,3,1,1,3,3,1
4,6,1,8,0.05,2,3,2,1,0,226.49,1,13,3,1,2,2,16,3,1,1,3
4,6,1,9,0.05,1,2,1,1,1,201.52,1,11,3,1,3,1,6,1,1,2,2
4,6,1,10,0.2,1,1,1,1,1,197.95,1,5,3,1,3,1,1,1,3,1,3
4,6,1,11,0.1,3,1,2,2,1,232.92,1,14,3,3,1,1,10,1,3,1,3
4,6,1,12,0.8,1,3,1,2,0,206.59,1,20,3,1,3,1,7,3,1,1,3
4,6,1,13,1.8,1,3,1,1,1,207.73,1,8,3,1,3,1,18,1,3,3,1
4,6,1,14,0.8,3,3,2,2,1,211.78,1,8,3,3,1,1,15,1,1,3,3
4,6,1,15,1.8,1,3,1,1,1,214.21,1,20,1,3,1,3,11,3,3,1,1
4,6,1,16,0.1,3,3,2,2,1,242.12,1,12,1,1,3,3,15,1,1,3,3
4,6,1,17,0.2,1,1,1,1,1,233.35,1,19,3,1,3,1,4,1,1,1,1
4,6,1,18,0.4,1,2,1,1,1,239.18,1,17,3,1,3,1,14,3,1,2,2
4,6,1,19,0.1,1,1,1,1,1,249.68,1,7,3,1,3,1,14,1,1,1,1
4,6,1,20,0.4,1,3,1,1,1,213.25,1,16,3,3,3,3,11,1,1,3,3
4,6,1,21,0.4,1,1,1,1,1,245.97,1,15,3,3,3,3,15,3,1,3,1
4,6,1,22,0.8,1,3,1,2,0,232.25,1,9,3,1,3,1,19,1,3,3,1
4,6,1,23,0.1,2,2,2,2,1,269.15,1,10,3,1,2,2,8,1,3,2,2
4,6,1,24,0.4,3,1,2,2,1,222.28,1,1,1,3,3,1,1,3,3,3,3
4,6,1,25,1.8,1,3,1,1,1,207.49,1,7,1,3,1,3,13,3,3,1,1
4,6,1,26,1.8,1,1,1,1,1,204.22,1,4,3,1,3,1,8,3,1,3,1
4,6,1,27,0.1,1,1,1,2,0,314.71,0,14,3,1,3,1,16,1,3,1,3
4,6,1,28,0.2,1,1,1,1,1,224.57,1,12,3,1,3,1,3,1,1,1,1
4,6,1,29,0.05,2,3,2,2,1,750.49,0,17,3,3,2,2,2,1,3,3,1
4,6,1,30,0.2,1,1,1,1,1,212.94,1,13,3,1,3,1,20,1,3,1,3
4,6,1,31,0.05,2,2,2,2,1,307.25,0,13,3,3,2,2,11,1,3,2,2
4,6,1,32,1.8,2,2,2,2,1,216.58,1,15,3,3,2,2,13,1,3,2,2
4,6,1,33,0.05,1,3,1,1,1,293.27,1,7,3,1,3,1,19,1,3,3,1
4,6,1,34,0.2,1,2,1,1,1,220.28,1,13,1,3,1,3,10,3,3,2,2
4,6,1,35,0.2,1,3,1,1,1,245.99,1,11,3,1,3,1,12,1,1,3,3
4,6,1,36,0.1,2,1,2,1,0,248.6,1,8,1,3,2,2,3,1,1,1,1
4,6,1,37,0.2,1,1,1,1,1,209,1,3,1,1,1,1,12,3,1,3,1
4,6,1,38,1.8,2,3,2,2,1,224.02,1,18,3,3,2,2,8,3,1,1,3
4,6,1,39,0.4,1,3,1,1,1,215.92,1,19,1,1,1,1,13,3,3,1,1
4,6,1,40,0.05,3,3,2,1,0,251.39,1,15,3,1,1,3,16,1,3,3,1
4,6,1,41,0.1,1,3,1,2,0,292.9,1,8,3,3,3,3,4,3,3,1,1
4,6,1,42,0.8,3,2,2,2,1,228.71,1,2,3,1,1,3,7,1,1,2,2
4,6,1,43,0.8,2,1,2,2,1,249.23,1,20,1,1,2,2,9,1,1,1,1
4,6,1,44,0.8,1,2,1,1,1,240.67,1,2,1,1,1,1,16,3,1,2,2
4,6,1,45,1.8,1,2,1,1,1,203.43,1,18,3,1,3,1,10,1,1,2,2
4,6,1,46,0.05,3,1,2,2,1,340.47,0,14,3,1,1,3,20,3,1,3,1
4,6,1,47,0.05,1,3,1,1,1,331.06,0,8,1,1,1,1,8,1,3,3,1
4,6,1,48,0.2,2,3,2,1,0,278.48,1,9,1,3,2,2,9,3,3,1,1
4,6,1,49,0.8,1,2,1,1,1,231.48,1,2,1,3,1,3,5,3,1,2,2
4,6,1,50,1.8,2,3,2,2,1,221.9,1,20,1,1,2,2,7,1,1,3,3
4,6,1,51,1.8,1,1,1,1,1,213.41,1,3,1,3,1,3,14,3,3,3,3
4,6,1,52,0.2,3,3,2,2,1,240.74,1,19,1,1,3,3,15,1,3,3,1
4,6,1,53,0.8,2,2,2,2,1,222.95,1,6,1,1,2,2,20,1,1,2,2
4,6,1,54,0.4,2,2,2,2,1,232.24,1,4,3,3,2,2,19,1,1,2,2
4,6,1,55,0.8,1,1,1,1,1,226.17,1,13,1,1,1,1,8,3,1,3,1
4,6,1,56,1.8,3,2,2,2,1,231.3,1,1,1,1,3,3,11,3,1,2,2
4,6,1,57,0.05,3,2,2,2,1,357.65,0,5,3,1,1,3,20,3,1,2,2
4,6,1,58,1.8,1,1,1,1,1,212.1,1,16,1,3,1,3,13,1,1,1,1
4,6,1,59,0.8,3,1,2,2,1,236.73,1,10,3,3,1,1,18,3,1,3,1
4,6,1,60,1.8,1,3,1,1,1,217.38,1,5,3,3,3,3,11,1,3,3,1
4,6,1,61,0.4,2,1,2,1,0,226.2,1,1,1,3,2,2,16,1,1,1,1
4,6,1,62,0.2,3,3,2,2,1,280.1,1,14,3,1,1,3,11,3,3,1,1
4,6,1,63,0.1,1,3,1,1,1,490.31,0,9,3,3,3,3,1,3,3,1,1
4,6,1,64,0.1,1,3,1,1,1,267.6,1,12,1,1,1,1,15,1,1,3,3
4,6,1,65,0.2,1,1,1,1,1,199.36,1,4,3,1,3,1,20,1,1,1,1
4,6,1,66,0.2,1,3,1,1,1,306.29,0,3,1,1,1,1,13,3,1,1,3
4,6,1,67,0.1,1,1,1,1,1,330.96,0,15,3,1,3,1,4,1,3,1,3
4,6,1,68,0.1,1,3,1,2,0,316.5,0,2,1,1,1,1,17,1,1,3,3
4,6,1,69,0.4,3,1,2,2,1,254.03,1,9,3,3,1,1,7,1,1,1,1
4,6,1,70,0.05,1,1,1,1,1,262.65,1,11,1,1,1,1,19,3,3,3,3
4,6,1,71,0.1,3,2,2,2,1,317.6,0,11,3,1,1,3,10,3,1,2,2
4,6,1,72,0.4,2,1,2,2,1,302.05,0,2,1,1,2,2,4,1,1,1,1
4,6,1,73,0.4,1,1,1,2,0,271.51,1,20,1,3,1,3,18,1,3,1,3
4,6,1,74,0.4,1,2,1,1,1,216.76,1,3,1,3,1,3,1,3,3,2,2
4,6,1,75,0.05,1,2,1,1,1,316.61,0,11,1,1,1,1,17,3,1,2,2
4,6,1,76,0.1,1,3,1,1,1,295.51,1,2,1,1,1,1,17,3,1,1,3
4,6,1,77,0.4,2,3,2,2,1,248.29,1,17,3,3,2,2,19,3,3,1,1
4,6,1,78,0.8,1,1,1,1,1,203.86,1,13,3,1,3,1,3,1,3,1,3
4,6,2,1,0.2,3,2,2,2,1,283.35,1,2,1,3,3,1,17,1,1,2,2
4,6,2,2,0.05,3,3,2,2,1,391.65,0,10,1,3,3,1,2,1,1,3,3
4,6,2,3,1.8,2,2,2,2,1,219.55,1,9,3,1,2,2,5,1,1,2,2
4,6,2,4,0.8,2,3,2,1,0,204.18,1,17,1,3,2,2,15,3,3,1,1
4,6,2,5,0.4,2,3,2,2,1,220.63,1,8,1,1,2,2,3,1,1,3,3
4,6,2,6,0.05,1,2,1,1,1,288.6,1,18,3,3,3,3,12,3,3,2,2
4,6,2,7,0.1,1,1,1,1,1,250.14,1,10,3,3,3,3,15,3,1,3,1
4,6,2,8,0.8,3,3,2,2,1,196.62,1,6,1,1,3,3,2,1,1,3,3
4,6,2,9,0.05,1,2,1,1,1,297.98,1,14,1,3,1,3,20,1,3,2,2
4,6,2,10,0.8,1,1,NaN,NaN,NaN,NaN,NaN,14,1,3,1,3,9,3,1,3,1
4,6,2,11,0.1,1,3,1,1,1,261.55,1,7,3,1,3,1,2,3,3,1,1
4,6,2,12,0.4,1,2,1,1,1,237.77,1,4,1,3,1,3,7,1,3,2,2
4,6,2,13,0.1,1,2,1,1,1,270.49,1,3,1,1,1,1,5,1,3,2,2
4,6,2,14,0.05,3,3,2,2,1,496.43,0,13,1,3,3,1,11,3,1,1,3
4,6,2,15,0.1,1,2,1,1,1,259.81,1,18,3,1,3,1,9,3,3,2,2
4,6,2,16,1.8,2,1,NaN,NaN,NaN,NaN,NaN,3,3,1,2,2,13,1,1,1,1
4,6,2,17,0.8,1,2,1,1,1,255.68,1,14,1,1,1,1,13,3,3,2,2
4,6,2,18,0.4,1,2,1,1,1,228.11,1,15,1,1,1,1,12,3,3,2,2
4,6,2,19,0.8,2,3,2,2,1,241.8,1,18,1,1,2,2,7,3,3,1,1
4,6,2,20,0.1,2,2,2,1,0,481.54,0,17,1,1,2,2,10,1,1,2,2
4,6,2,21,0.2,2,1,2,1,0,268.21,1,6,3,1,2,2,8,3,3,3,3
4,6,2,22,0.1,1,3,1,1,1,245.1,1,6,3,3,3,3,14,1,3,3,1
4,6,2,23,0.2,1,3,1,1,1,205.61,1,2,1,1,1,1,3,1,3,3,1
4,6,2,24,1.8,3,2,2,2,1,216.33,1,4,3,3,1,1,18,3,1,2,2
4,6,2,25,0.05,3,3,2,2,1,346.26,0,18,3,1,1,3,19,1,1,3,3
4,6,2,26,1.8,1,3,1,1,1,237.91,1,9,3,3,3,3,5,1,1,3,3
4,6,2,27,0.4,3,3,2,2,1,261.4,1,4,3,3,1,1,16,1,3,3,1
4,6,2,28,0.4,1,1,1,1,1,253.01,1,1,3,3,3,3,13,3,3,3,3
4,6,2,29,0.05,3,2,2,2,1,316.17,0,1,1,3,3,1,7,3,3,2,2
4,6,2,30,0.4,3,1,2,2,1,254.55,1,20,3,3,1,1,12,3,3,3,3
4,6,2,31,0.4,2,2,2,1,0,259.51,1,19,3,1,2,2,14,1,1,2,2
4,6,2,32,1.8,2,3,NaN,NaN,NaN,NaN,NaN,6,3,3,2,2,18,3,3,1,1
4,6,2,33,0.1,1,1,1,2,0,468.75,0,15,1,3,1,3,3,1,1,1,1
4,6,2,34,0.05,1,3,1,1,1,324.87,0,13,1,1,1,1,17,1,1,3,3
4,6,2,35,1.8,1,1,1,2,0,240.89,1,2,3,1,3,1,12,1,3,1,3
4,6,2,36,0.05,3,3,2,2,1,496.26,0,7,1,3,3,1,14,3,1,1,3
4,6,2,37,0.2,3,2,2,2,1,274.81,1,11,3,1,1,3,18,3,3,2,2
4,6,2,38,0.1,1,3,1,2,0,327.27,0,9,1,3,1,3,4,1,1,3,3
4,6,2,39,0.2,1,3,1,1,1,217.24,1,4,3,3,3,3,5,3,3,1,1
4,6,2,40,0.1,3,1,2,2,1,395.19,0,1,3,3,1,1,9,1,1,1,1
4,6,2,41,0.8,1,1,1,1,1,266.47,1,16,1,1,1,1,7,1,3,1,3
4,6,2,42,0.4,1,1,1,2,0,249.21,1,4,1,1,1,1,13,1,1,1,1
4,6,2,43,0.1,1,1,1,1,1,300.84,0,7,3,3,3,3,9,3,3,3,3
4,6,2,44,0.8,1,3,1,1,1,201.19,1,12,3,1,3,1,2,1,3,3,1
4,6,2,45,0.2,2,1,2,1,0,280.89,1,15,3,1,2,2,8,1,1,1,1
4,6,2,46,1.8,3,2,2,2,1,234.57,1,13,1,1,3,3,7,1,1,2,2
4,6,2,47,1.8,2,3,2,2,1,193.61,1,1,3,3,2,2,12,3,3,1,1
4,6,2,48,0.4,1,2,1,1,1,256.56,1,13,1,3,1,3,12,3,1,2,2
4,6,2,49,0.4,3,1,2,2,1,268.78,1,17,1,3,3,1,18,3,3,3,3
4,6,2,50,0.1,1,2,1,1,1,285.1,1,16,3,3,3,3,8,1,1,2,2
4,6,2,51,0.05,3,3,2,2,1,398.91,0,14,1,1,3,3,2,3,3,1,1
4,6,2,52,0.8,2,3,2,1,0,236.71,1,6,1,3,2,2,5,3,3,1,1
4,6,2,53,0.2,3,3,2,2,1,265.31,1,14,3,3,1,1,12,3,3,1,1
4,6,2,54,0.8,2,1,2,1,0,244.47,1,12,1,3,2,2,7,1,3,1,3
4,6,2,55,0.2,3,3,2,2,1,294.29,1,20,1,1,3,3,13,3,1,1,3
4,6,2,56,0.05,1,1,1,1,1,312.03,0,13,3,1,3,1,8,3,3,3,3
4,6,2,57,0.2,1,1,1,1,1,293.25,1,7,3,3,3,3,20,1,3,1,3
4,6,2,58,0.05,1,2,1,1,1,313.15,0,20,3,3,3,3,9,1,3,2,2
4,6,2,59,0.05,3,1,2,2,1,521.71,0,7,1,1,3,3,20,3,1,3,1
4,6,2,60,1.8,2,1,2,1,0,224.71,1,9,1,3,2,2,7,3,1,3,1
4,6,2,61,0.2,1,3,1,1,1,192.15,1,18,3,1,3,1,5,1,3,3,1
4,6,2,62,0.4,1,2,1,1,1,204.29,1,8,3,1,3,1,18,1,3,2,2
4,6,2,63,1.8,1,3,1,1,1,186.59,1,13,1,3,1,3,7,3,3,1,1
4,6,2,64,0.2,3,3,2,2,1,207.3,1,19,3,1,1,3,6,1,1,3,3
4,6,2,65,0.1,1,2,1,1,1,206.13,1,14,1,1,1,1,3,1,1,2,2
4,6,2,66,1.8,1,3,1,1,1,189.79,1,18,3,3,3,3,8,3,1,1,3
4,6,2,67,0.8,1,2,1,1,1,234.19,1,6,3,3,3,3,1,1,1,2,2
4,6,2,68,0.1,1,2,1,1,1,302.74,0,16,1,3,1,3,2,3,3,2,2
4,6,2,69,0.05,2,2,2,1,0,261.22,1,4,1,3,2,2,14,1,3,2,2
4,6,2,70,0.4,2,1,2,2,1,399.15,0,11,3,1,2,2,2,1,3,1,3
4,6,2,71,0.8,1,1,1,1,1,207.01,1,10,3,3,3,3,19,3,3,3,3
4,6,2,72,0.4,3,3,2,2,1,237,1,16,3,3,1,1,11,1,3,3,1
4,6,2,73,1.8,1,1,1,1,1,196.86,1,6,1,1,1,1,3,1,1,1,1
4,6,2,74,0.2,3,1,2,2,1,275.66,1,15,1,3,3,1,8,3,1,3,1
4,6,2,75,0.8,2,3,2,2,1,243.89,1,11,1,3,2,2,12,3,3,1,1
4,6,2,76,0.8,3,1,2,2,1,232.04,1,15,1,3,3,1,6,3,3,3,3
4,6,2,77,0.2,1,2,1,1,1,269.62,1,13,3,3,3,3,9,3,3,2,2
4,6,2,78,1.8,2,2,2,2,1,198.58,1,11,3,1,2,2,3,1,1,2,2
4,6,3,1,0.8,1,2,1,1,1,158.29,1,14,3,3,3,3,11,3,3,2,2
4,6,3,2,0.1,3,1,2,2,1,304.2,0,17,1,1,3,3,8,3,3,3,3
4,6,3,3,0.8,1,2,NaN,NaN,NaN,NaN,NaN,5,3,1,3,1,16,1,1,2,2
4,6,3,4,0.05,1,3,1,1,1,298.28,1,15,1,1,1,1,20,1,3,3,1
4,6,3,5,0.8,3,2,2,2,1,301.61,0,20,1,1,3,3,1,3,1,2,2
4,6,3,6,0.1,2,1,2,2,1,315.67,0,3,3,3,2,2,17,1,1,1,1
4,6,3,7,0.05,3,1,2,2,1,319.89,0,2,3,3,1,1,10,1,3,1,3
4,6,3,8,0.8,1,2,1,1,1,223.96,1,8,3,3,3,3,7,1,1,2,2
4,6,3,9,1.8,1,1,1,1,1,219.83,1,12,1,1,1,1,7,1,3,1,3
4,6,3,10,0.4,1,1,1,1,1,222.31,1,8,1,3,1,3,4,1,3,1,3
4,6,3,11,0.4,3,1,2,2,1,240.53,1,17,1,3,3,1,15,3,3,3,3
4,6,3,12,0.05,2,1,2,1,0,355.25,0,4,3,1,2,2,10,3,1,3,1
4,6,3,13,0.2,2,3,2,2,1,472.1,0,5,1,1,2,2,2,1,1,3,3
4,6,3,14,0.4,2,3,2,2,1,231.14,1,11,1,1,2,2,7,1,1,3,3
4,6,3,15,1.8,1,2,1,1,1,200.28,1,14,3,3,3,3,12,1,3,2,2
4,6,3,16,0.1,1,1,1,1,1,258.41,1,12,1,1,1,1,1,3,3,3,3
4,6,3,17,0.4,1,3,1,1,1,239.41,1,4,1,3,1,3,5,1,1,3,3
4,6,3,18,0.4,1,2,1,1,1,193.27,1,5,3,1,3,1,13,3,3,2,2
4,6,3,19,0.4,2,1,2,2,1,244.2,1,19,1,1,2,2,3,3,1,3,1
4,6,3,20,1.8,1,2,1,1,1,230.89,1,10,1,1,1,1,14,1,1,2,2
4,6,3,21,0.4,1,3,NaN,NaN,NaN,NaN,NaN,19,3,3,3,3,8,3,3,1,1
4,6,3,22,0.4,1,1,1,1,1,236.26,1,17,3,1,3,1,9,3,1,3,1
4,6,3,23,1.8,3,3,2,2,1,230.4,1,4,3,1,1,3,10,3,1,1,3
4,6,3,24,1.8,1,1,1,2,0,278.68,1,19,1,1,1,1,4,1,1,1,1
4,6,3,25,0.2,1,3,1,1,1,229.93,1,3,1,1,1,1,20,3,3,1,1
4,6,3,26,0.8,1,1,1,1,1,208.69,1,2,3,3,3,3,9,1,1,1,1
4,6,3,27,0.05,1,1,1,1,1,303.73,0,16,3,1,3,1,19,1,1,1,1
4,6,3,28,0.4,1,1,1,1,1,235.23,1,4,3,3,3,3,11,1,3,1,3
4,6,3,29,0.05,1,1,1,1,1,271.84,1,10,1,1,1,1,16,1,3,1,3
4,6,3,30,0.05,3,3,2,2,1,406.58,0,4,1,1,3,3,11,3,3,1,1
4,6,3,31,0.2,2,3,2,1,0,222.03,1,12,1,1,2,2,19,1,1,3,3
4,6,3,32,0.8,1,2,1,1,1,222.2,1,16,1,1,1,1,6,3,1,2,2
4,6,3,33,0.4,1,1,1,1,1,218.78,1,16,1,3,1,3,12,1,1,1,1
4,6,3,34,0.2,2,2,2,2,1,267.26,1,14,1,3,2,2,10,1,1,2,2
4,6,3,35,1.8,2,2,2,2,1,236.26,1,19,1,3,2,2,5,1,3,2,2
4,6,3,36,0.05,1,2,1,1,1,462.25,0,10,3,3,3,3,9,3,3,2,2
4,6,3,37,0.2,1,2,1,1,1,199.49,1,6,1,3,1,3,13,1,3,2,2
4,6,3,38,0.8,3,1,2,2,1,243.98,1,20,1,1,3,3,19,3,3,3,3
4,6,3,39,0.2,1,1,1,1,1,223.79,1,3,3,1,3,1,11,1,1,1,1
4,6,3,40,0.8,2,1,2,2,1,260.46,1,15,1,3,2,2,20,1,1,1,1
4,6,3,41,0.4,2,1,2,2,1,271.78,1,17,1,1,2,2,19,3,3,3,3
4,6,3,42,0.2,2,3,2,2,1,294.47,1,7,1,1,2,2,2,3,1,1,3
4,6,3,43,0.05,2,3,2,2,1,478.62,0,18,3,3,2,2,3,3,1,1,3
4,6,3,44,0.1,3,2,2,2,1,335.49,0,7,3,1,1,3,3,3,1,2,2
4,6,3,45,1.8,1,2,1,1,1,216.89,1,16,1,3,1,3,4,1,3,2,2
4,6,3,46,0.1,3,2,2,2,1,305.83,0,4,1,1,3,3,15,3,3,2,2
4,6,3,47,0.4,1,2,1,1,1,91.443,2,4,1,1,1,1,11,3,1,2,2
4,6,3,48,1.8,1,1,1,1,1,200.98,1,11,3,1,3,1,10,3,3,3,3
4,6,3,49,0.8,3,2,2,2,1,258.13,1,4,1,3,3,1,19,3,3,2,2
4,6,3,50,0.4,2,2,2,1,0,271.43,1,9,1,3,2,2,3,1,3,2,2
4,6,3,51,0.2,3,3,2,2,1,285.32,1,8,1,3,3,1,11,3,1,1,3
4,6,3,52,0.1,2,1,2,2,1,354.61,0,10,1,3,2,2,6,1,1,1,1
4,6,3,53,0.1,1,3,1,1,1,344.87,0,9,1,3,1,3,1,1,3,3,1
4,6,3,54,0.05,1,2,1,1,1,294.62,1,20,3,1,3,1,13,1,3,2,2
4,6,3,55,1.8,3,1,2,2,1,232.72,1,18,3,1,1,3,4,1,1,1,1
4,6,3,56,0.1,1,1,1,1,1,265.93,1,14,1,1,1,1,18,1,1,1,1
4,6,3,57,0.8,1,1,1,1,1,219.42,1,11,1,1,1,1,1,3,3,3,3
4,6,3,58,0.2,2,1,2,2,1,499.21,0,6,3,1,2,2,20,1,3,1,3
4,6,3,59,0.8,1,2,1,1,1,225.27,1,4,3,3,3,3,6,1,1,2,2
4,6,3,60,0.05,2,2,2,1,0,320.2,0,12,3,1,2,2,3,3,1,2,2
4,6,3,61,0.1,1,2,1,1,1,232.91,1,3,3,3,3,3,19,3,1,2,2
4,6,3,62,0.2,3,3,2,2,1,318.21,0,18,3,3,1,1,7,1,3,3,1
4,6,3,63,0.1,3,3,2,2,1,592.68,0,15,1,1,3,3,1,3,1,1,3
4,6,3,64,1.8,2,1,2,2,1,233,1,16,3,3,2,2,13,3,3,3,3
4,6,3,65,0.8,3,1,2,2,1,233.86,1,18,3,1,1,3,17,3,1,3,1
4,6,3,66,1.8,2,1,2,2,1,229.48,1,8,3,1,2,2,19,1,1,1,1
4,6,3,67,1.8,1,3,1,1,1,236.1,1,11,3,1,3,1,16,3,1,1,3
4,6,3,68,0.2,3,2,2,2,1,272.6,1,8,1,3,3,1,5,1,3,2,2
4,6,3,69,1.8,1,1,1,1,1,222.15,1,17,1,1,1,1,15,1,1,1,1
4,6,3,70,0.05,1,2,1,1,1,278.8,1,9,1,3,1,3,3,1,1,2,2
4,6,3,71,0.8,1,2,1,1,1,256.29,1,7,1,3,1,3,2,1,3,2,2
4,6,3,72,0.05,1,3,1,1,1,349.95,0,15,3,3,3,3,13,3,3,1,1
4,6,3,73,0.2,3,3,2,2,1,455.26,0,15,1,1,3,3,1,3,1,1,3
4,6,3,74,0.1,3,1,2,2,1,371.41,0,8,3,3,1,1,15,3,3,3,3
4,6,3,75,0.1,1,1,1,1,1,286.34,1,20,3,3,3,3,13,3,3,3,3
4,6,3,76,0.1,2,2,2,1,0,376.09,0,15,3,3,2,2,6,3,3,2,2
4,6,3,77,0.2,1,3,1,2,0,266.21,1,14,3,1,3,1,13,1,1,3,3
4,6,3,78,0.05,1,1,1,1,1,302.26,0,12,3,3,3,3,16,1,3,1,3
4,6,4,1,0.4,1,3,1,1,1,222.34,1,2,1,3,1,3,7,1,1,3,3
4,6,4,2,1.8,1,2,1,1,1,192.87,1,14,3,1,3,1,18,1,1,2,2
4,6,4,3,0.4,1,3,1,1,1,238.77,1,17,3,1,3,1,18,3,1,1,3
4,6,4,4,0.05,1,3,1,1,1,451.53,0,4,3,3,3,3,19,1,3,3,1
4,6,4,5,0.8,1,1,1,1,1,215.59,1,11,1,1,1,1,20,1,1,1,1
4,6,4,6,0.05,3,3,2,2,1,368.27,0,14,3,3,1,1,6,3,3,1,1
4,6,4,7,0.2,1,3,1,1,1,243.06,1,17,3,3,3,3,9,1,3,3,1
4,6,4,8,0.2,2,2,2,2,1,377.78,0,10,3,1,2,2,13,3,3,2,2
4,6,4,9,0.1,2,3,2,1,0,289.68,1,19,3,1,2,2,7,1,3,3,1
4,6,4,10,0.2,1,2,1,1,1,226.37,1,5,3,3,3,3,3,1,1,2,2
4,6,4,11,0.05,1,2,1,1,1,282.64,1,4,1,3,1,3,13,1,1,2,2
4,6,4,12,0.1,1,1,1,1,1,307.48,0,20,1,3,1,3,15,1,3,1,3
4,6,4,13,0.1,3,1,2,2,1,339.64,0,14,1,1,3,3,4,1,1,1,1
4,6,4,14,0.4,1,1,1,1,1,267.03,1,12,1,3,1,3,2,3,1,3,1
4,6,4,15,1.8,1,1,1,1,1,261.32,1,8,3,3,3,3,3,3,3,3,3
4,6,4,16,0.2,3,3,2,2,1,236.93,1,11,1,1,3,3,13,1,3,3,1
4,6,4,17,0.8,2,2,2,2,1,245.25,1,12,1,1,2,2,15,1,1,2,2
4,6,4,18,0.2,3,1,2,2,1,268.17,1,20,3,3,1,1,3,1,3,1,3
4,6,4,19,0.05,1,1,1,1,1,293.65,1,3,1,3,1,3,3,3,1,3,1
4,6,4,20,0.1,1,2,1,1,1,258.31,1,10,3,3,3,3,5,3,3,2,2
4,6,4,21,0.2,2,1,2,2,1,401.02,0,11,1,3,2,2,16,1,1,1,1
4,6,4,22,1.8,1,1,1,1,1,201.4,1,4,1,1,1,1,3,1,1,1,1
4,6,4,23,1.8,1,3,1,1,1,208.14,1,8,3,3,3,3,3,1,1,3,3
4,6,4,24,0.2,1,1,1,1,1,231.9,1,11,3,3,3,3,1,1,1,1,1
4,6,4,25,0.05,1,1,1,1,1,276.24,1,19,3,3,3,3,5,3,1,3,1
4,6,4,26,0.8,2,1,2,2,1,273.85,1,9,3,3,2,2,13,3,1,3,1
4,6,4,27,0.8,1,3,1,1,1,224.24,1,2,3,3,3,3,17,3,3,1,1
4,6,4,28,0.4,1,1,1,1,1,228.94,1,3,3,3,3,3,9,3,1,3,1
4,6,4,29,0.1,1,2,1,1,1,284.59,1,4,3,3,3,3,2,3,3,2,2
4,6,4,30,0.8,1,1,1,1,1,211.21,1,8,1,1,1,1,10,1,3,1,3
4,6,4,31,0.8,1,2,1,1,1,221.56,1,5,3,1,3,1,17,1,1,2,2
4,6,4,32,0.4,1,1,1,1,1,236.45,1,7,1,3,1,3,6,1,3,1,3
4,6,4,33,0.8,1,3,1,1,1,235.22,1,12,3,1,3,1,11,3,1,1,3
4,6,4,34,0.05,3,1,2,2,1,459.89,0,15,3,1,1,3,9,1,1,1,1
4,6,4,35,0.8,1,2,1,1,1,216.6,1,14,3,1,3,1,11,3,3,2,2
4,6,4,36,0.8,2,1,2,1,0,231.46,1,20,1,3,2,2,15,3,1,3,1
4,6,4,37,0.2,1,2,1,1,1,254.77,1,7,3,1,3,1,7,3,3,2,2
4,6,4,38,1.8,1,3,1,1,1,207.28,1,8,1,3,1,3,15,3,3,1,1
4,6,4,39,0.2,3,2,2,2,1,249.9,1,14,1,3,3,1,1,3,1,2,2
4,6,4,40,0.8,3,1,2,2,1,236.77,1,3,3,1,1,3,8,3,1,3,1
4,6,4,41,0.1,3,1,2,2,1,310.19,0,19,1,3,3,1,11,3,1,3,1
4,6,4,42,0.05,2,1,2,2,1,395.02,0,20,1,1,2,2,5,1,3,1,3
4,6,4,43,0.4,1,2,1,1,1,233.57,1,5,3,3,3,3,12,3,1,2,2
4,6,4,44,0.8,3,1,2,2,1,271.62,1,4,3,3,1,1,20,3,3,3,3
4,6,4,45,0.1,2,1,2,2,1,447.12,0,13,3,1,2,2,16,3,3,3,3
4,6,4,46,0.05,3,1,2,2,1,364.89,0,11,1,1,3,3,3,1,3,1,3
4,6,4,47,0.2,1,2,1,1,1,186.37,1,9,1,1,1,1,20,3,3,2,2
4,6,4,48,0.4,2,1,2,2,1,273.42,1,14,3,3,2,2,15,1,1,1,1
4,6,4,49,0.8,3,1,2,2,1,259.36,1,2,1,1,3,3,6,1,3,1,3
4,6,4,50,0.05,1,2,1,1,1,306.5,0,12,1,3,1,3,11,1,3,2,2
4,6,4,51,1.8,3,2,2,2,1,238.07,1,8,3,1,1,3,10,1,1,2,2
4,6,4,52,0.05,2,1,2,1,0,284.7,1,8,3,1,2,2,4,3,3,3,3
4,6,4,53,0.1,2,2,2,2,1,337.18,0,11,1,1,2,2,9,3,1,2,2
4,6,4,54,0.4,1,3,1,1,1,238.68,1,6,3,3,3,3,16,3,3,1,1
4,6,4,55,1.8,1,2,1,1,1,202.65,1,8,3,1,3,1,7,1,1,2,2
4,6,4,56,0.2,1,2,1,1,1,254.68,1,20,1,3,1,3,7,3,3,2,2
4,6,4,57,0.4,2,1,2,2,1,282.52,1,13,3,1,2,2,20,3,3,3,3
4,6,4,58,0.05,1,3,1,1,1,285.69,1,3,3,3,3,3,8,3,1,1,3
4,6,4,59,1.8,1,3,1,1,1,246.45,1,1,1,1,1,1,13,1,1,3,3
4,6,4,60,0.4,3,3,2,2,1,271.88,1,1,3,3,1,1,15,1,3,3,1
4,6,4,61,1.8,1,3,1,1,1,215.43,1,4,1,3,1,3,13,1,1,3,3
4,6,4,62,1.8,2,3,2,2,1,225.52,1,11,1,3,2,2,5,1,3,3,1
4,6,4,63,1.8,1,3,1,1,1,209.26,1,12,3,1,3,1,14,3,1,1,3
4,6,4,64,1.8,2,2,2,2,1,268.5,1,14,3,1,2,2,8,1,1,2,2
4,6,4,65,0.05,3,3,2,2,1,432.59,0,14,3,1,1,3,12,3,1,1,3
4,6,4,66,0.4,1,3,1,2,0,351.37,0,11,1,3,1,3,3,1,1,3,3
4,6,4,67,1.8,2,3,2,2,1,248.11,1,11,1,1,2,2,6,1,3,3,1
4,6,4,68,0.1,2,1,2,1,0,279.1,1,6,3,1,2,2,15,1,1,1,1
4,6,4,69,0.1,1,1,1,1,1,263.71,1,17,3,1,3,1,17,3,3,3,3
4,6,4,70,0.2,1,2,1,1,1,263.13,1,9,1,1,1,1,16,3,3,2,2
4,6,4,71,0.05,1,1,1,1,1,267.73,1,7,1,1,1,1,7,1,1,1,1
4,6,4,72,0.2,1,2,1,1,1,235.2,1,1,3,3,3,3,2,1,1,2,2
4,6,4,73,0.1,1,1,1,1,1,214.25,1,15,3,3,3,3,16,3,3,3,3
4,6,4,74,0.8,1,2,1,1,1,218.04,1,17,3,1,3,1,15,3,1,2,2
4,6,4,75,0.1,1,3,1,1,1,242.39,1,16,1,3,1,3,3,1,3,3,1
4,6,4,76,0.1,2,3,2,2,1,341.36,0,18,3,3,2,2,2,3,1,1,3
4,6,4,77,0.4,1,3,1,1,1,222.2,1,7,1,1,1,1,12,1,3,3,1
4,6,4,78,0.4,1,3,1,1,1,280.62,1,7,3,1,3,1,15,1,3,3,1
4,6,5,1,0.05,1,3,1,1,1,258.29,1,2,3,1,3,1,7,1,3,3,1
4,6,5,2,1.8,1,3,1,1,1,200.27,1,6,1,3,1,3,17,1,1,3,3
4,6,5,3,0.1,3,1,2,2,1,502.63,0,19,1,1,3,3,12,3,3,3,3
4,6,5,4,1.8,1,1,1,1,1,209.65,1,5,1,3,1,3,13,3,3,3,3
4,6,5,5,0.8,1,1,1,1,1,225.09,1,11,1,3,1,3,17,1,3,1,3
4,6,5,6,0.8,1,1,1,1,1,234.47,1,10,3,1,3,1,17,3,1,3,1
4,6,5,7,0.4,1,3,1,1,1,234.69,1,18,1,1,1,1,1,1,3,3,1
4,6,5,8,0.05,1,3,1,1,1,300.49,0,13,3,3,3,3,15,3,3,1,1
4,6,5,9,0.2,1,1,1,1,1,247.32,1,10,1,1,1,1,3,3,3,3,3
4,6,5,10,0.05,2,1,2,2,1,317.23,0,14,1,1,2,2,12,1,3,1,3
4,6,5,11,1.8,1,1,1,1,1,212.44,1,14,1,3,1,3,7,1,3,1,3
4,6,5,12,0.4,2,2,2,2,1,244.28,1,20,1,3,2,2,13,3,1,2,2
4,6,5,13,1.8,2,1,2,2,1,256.06,1,10,1,3,2,2,8,1,3,1,3
4,6,5,14,0.2,3,3,2,2,1,254.32,1,14,1,3,3,1,13,3,1,1,3
4,6,5,15,0.4,3,3,2,2,1,242.51,1,4,1,1,3,3,7,3,1,1,3
4,6,5,16,0.1,3,1,2,2,1,468.75,0,12,1,1,3,3,15,1,1,1,1
4,6,5,17,0.1,2,1,2,2,1,375.92,0,18,3,3,2,2,15,1,3,1,3
4,6,5,18,0.8,1,3,1,1,1,219.26,1,10,1,1,1,1,10,1,1,3,3
4,6,5,19,0.05,1,2,1,1,1,272.65,1,14,1,3,1,3,11,1,1,2,2
4,6,5,20,0.4,1,3,1,1,1,220.22,1,8,3,1,3,1,9,1,3,3,1
4,6,5,21,0.2,1,1,1,1,1,262.41,1,18,1,3,1,3,11,3,1,3,1
4,6,5,22,1.8,2,2,2,1,0,227.39,1,19,3,1,2,2,15,3,3,2,2
4,6,5,23,0.4,1,2,1,1,1,210.64,1,11,1,3,1,3,9,1,1,2,2
4,6,5,24,0.2,3,2,2,2,1,238.2,1,8,3,3,1,1,4,1,3,2,2
4,6,5,25,0.4,1,2,1,1,1,230,1,17,3,3,3,3,6,3,3,2,2
4,6,5,26,0.05,1,1,1,1,1,242.75,1,10,1,3,1,3,3,1,1,1,1
4,6,5,27,0.4,3,3,2,2,1,290.47,1,20,3,3,1,1,1,3,1,1,3
4,6,5,28,0.05,2,3,2,2,1,449.38,0,9,1,3,2,2,5,1,3,3,1
4,6,5,29,0.05,1,3,1,1,1,203.92,1,6,3,3,3,3,7,1,3,3,1
4,6,5,30,0.4,1,2,1,1,1,239.88,1,14,3,3,3,3,19,3,3,2,2
4,6,5,31,0.1,1,1,1,1,1,312.48,0,8,1,1,1,1,17,1,1,1,1
4,6,5,32,0.2,1,1,1,1,1,206.05,1,16,3,1,3,1,3,3,1,3,1
4,6,5,33,1.8,1,2,1,1,1,200.5,1,12,3,3,3,3,8,3,1,2,2
4,6,5,34,0.8,1,2,1,1,1,257.16,1,14,3,3,3,3,10,3,3,2,2
4,6,5,35,0.1,1,3,1,2,0,403.31,0,10,3,3,3,3,19,3,1,1,3
4,6,5,36,0.8,1,1,NaN,NaN,NaN,NaN,NaN,3,1,1,1,1,14,3,3,3,3
4,6,5,37,0.05,2,2,2,2,1,443.65,0,16,3,1,2,2,8,1,1,2,2
4,6,5,38,0.8,1,3,1,1,1,211.82,1,14,3,1,3,1,9,1,1,3,3
4,6,5,39,0.4,1,2,1,1,1,239.13,1,14,1,1,1,1,7,3,3,2,2
4,6,5,40,1.8,2,3,2,2,1,210.43,1,11,1,1,2,2,18,3,3,1,1
4,6,5,41,1.8,1,3,1,1,1,200.92,1,14,1,1,1,1,1,1,3,3,1
4,6,5,42,0.2,1,2,1,1,1,237.6,1,1,1,3,1,3,8,1,1,2,2
4,6,5,43,0.8,2,1,2,2,1,528.99,0,6,3,3,2,2,16,1,3,1,3
4,6,5,44,0.1,1,3,1,1,1,278.19,1,7,3,3,3,3,11,1,1,3,3
4,6,5,45,0.4,1,3,1,1,1,257.7,1,16,3,3,3,3,17,1,1,3,3
4,6,5,46,0.2,1,3,1,1,1,238.54,1,10,1,1,1,1,6,3,3,1,1
4,6,5,47,0.4,1,1,1,1,1,195.04,1,15,3,3,3,3,10,3,1,3,1
4,6,5,48,0.8,3,1,2,2,1,300.9,0,15,1,3,3,1,4,1,3,1,3
4,6,5,49,0.1,3,3,2,2,1,335.42,0,18,1,3,3,1,9,1,1,3,3
4,6,5,50,0.8,1,1,1,1,1,243.88,1,1,1,3,1,3,11,3,3,3,3
4,6,5,51,0.1,1,3,1,1,1,480.65,0,17,1,3,1,3,9,3,3,1,1
4,6,5,52,0.2,1,2,1,1,1,263.31,1,3,3,1,3,1,7,1,1,2,2
4,6,5,53,1.8,2,1,2,2,1,220.57,1,20,3,1,2,2,1,1,3,1,3
4,6,5,54,0.05,3,3,2,2,1,314.37,0,3,1,3,3,1,9,3,1,1,3
4,6,5,55,0.2,1,2,1,1,1,326.85,0,20,3,3,3,3,1,3,3,2,2
4,6,5,56,1.8,2,2,2,1,0,211.87,1,14,1,1,2,2,2,1,3,2,2
4,6,5,57,0.1,1,3,1,1,1,331.69,0,19,1,3,1,3,7,1,3,3,1
4,6,5,58,0.1,1,3,1,1,1,244.83,1,14,3,3,3,3,2,3,3,1,1
4,6,5,59,0.2,1,1,1,1,1,218.12,1,2,1,3,1,3,17,1,1,1,1
4,6,5,60,1.8,2,2,2,2,1,231.67,1,20,1,3,2,2,7,3,1,2,2
4,6,5,61,0.1,1,2,1,1,1,352.26,0,19,1,3,1,3,9,1,3,2,2
4,6,5,62,1.8,1,1,1,1,1,203.93,1,15,1,1,1,1,4,3,3,3,3
4,6,5,63,1.8,3,3,2,2,1,248.08,1,3,1,3,3,1,17,3,1,1,3
4,6,5,64,0.4,1,3,1,1,1,212.44,1,17,1,3,1,3,7,1,3,3,1
4,6,5,65,0.1,2,1,2,2,1,387.63,0,6,3,1,2,2,7,1,1,1,1
4,6,5,66,0.2,3,2,2,2,1,271.69,1,9,1,3,3,1,1,3,3,2,2
4,6,5,67,0.2,1,1,1,1,1,226.35,1,13,3,3,3,3,16,1,1,1,1
4,6,5,68,0.05,3,2,2,2,1,374.33,0,18,3,3,1,1,15,3,1,2,2
4,6,5,69,0.1,1,3,1,1,1,273.27,1,15,3,3,3,3,14,3,1,1,3
4,6,5,70,0.8,1,2,1,1,1,225.44,1,20,1,1,1,1,18,3,3,2,2
4,6,5,71,0.05,3,3,2,2,1,336.6,0,20,1,1,3,3,15,3,3,1,1
4,6,5,72,0.8,3,3,2,2,1,236.08,1,6,1,3,3,1,3,3,3,1,1
4,6,5,73,0.4,1,3,1,1,1,205.81,1,17,3,1,3,1,2,1,3,3,1
4,6,5,74,0.05,1,2,1,1,1,279.19,1,9,3,3,3,3,8,3,3,2,2
4,6,5,75,0.2,3,3,2,2,1,240.93,1,8,1,1,3,3,16,1,1,3,3
4,6,5,76,0.8,1,3,1,2,0,285.9,1,17,1,3,1,3,5,3,1,1,3
4,6,5,77,0.05,1,3,1,1,1,264.89,1,8,1,3,1,3,3,1,3,3,1
4,6,5,78,0.8,2,2,2,2,1,292.99,1,19,3,1,2,2,4,3,3,2,2
4,6,6,1,1.8,1,3,1,1,1,228.21,1,6,1,1,1,1,18,3,1,1,3
4,6,6,2,0.8,1,1,1,1,1,239.5,1,15,1,1,1,1,9,3,3,3,3
4,6,6,3,0.1,3,3,2,2,1,306.48,0,8,1,3,3,1,12,1,1,3,3
4,6,6,4,0.2,3,3,2,1,0,80.809,2,14,3,1,1,3,12,1,3,3,1
4,6,6,5,0.8,2,3,2,2,1,261.38,1,19,3,1,2,2,13,3,1,1,3
4,6,6,6,0.2,1,1,1,1,1,241.51,1,3,1,3,1,3,5,3,1,3,1
4,6,6,7,0.4,1,1,1,1,1,223.38,1,4,1,3,1,3,16,3,3,3,3
4,6,6,8,0.1,1,3,1,1,1,243.56,1,5,1,1,1,1,18,1,1,3,3
4,6,6,9,0.05,1,3,1,1,1,290.92,1,17,1,3,1,3,17,3,1,1,3
4,6,6,10,0.4,1,3,1,1,1,225.07,1,16,1,1,1,1,5,1,1,3,3
4,6,6,11,0.8,3,1,2,2,1,319.89,0,2,1,3,3,1,17,1,1,1,1
4,6,6,12,0.8,2,3,2,2,1,265.44,1,8,3,1,2,2,13,3,3,1,1
4,6,6,13,1.8,1,1,1,1,1,253.51,1,5,3,1,3,1,18,3,3,3,3
4,6,6,14,0.2,1,3,1,1,1,289.62,1,14,3,1,3,1,2,3,1,1,3
4,6,6,15,0.4,2,3,2,2,1,234.31,1,17,1,1,2,2,9,3,3,1,1
4,6,6,16,0.05,2,2,2,2,1,578.31,0,9,3,1,2,2,3,1,3,2,2
4,6,6,17,0.8,3,1,2,2,1,242.14,1,2,3,1,1,3,1,3,3,3,3
4,6,6,18,0.4,3,1,2,2,1,255.76,1,14,3,1,1,3,11,3,1,3,1
4,6,6,19,0.1,3,3,2,2,1,313.21,0,5,1,3,3,1,18,3,1,1,3
4,6,6,20,0.1,1,3,1,1,1,255.99,1,12,3,1,3,1,8,3,1,1,3
4,6,6,21,1.8,1,3,1,2,0,247.72,1,18,3,3,3,3,7,1,3,3,1
4,6,6,22,1.8,2,2,2,2,1,201.58,1,3,3,1,2,2,12,3,3,2,2
4,6,6,23,0.8,3,3,2,2,1,290.74,1,9,3,1,1,3,7,3,3,1,1
4,6,6,24,0.2,1,1,1,1,1,278.43,1,1,1,3,1,3,1,1,1,1,1
4,6,6,25,0.1,2,3,2,1,0,288.57,1,9,3,3,2,2,3,3,1,1,3
4,6,6,26,0.1,3,2,2,2,1,288.5,1,5,3,3,1,1,4,3,3,2,2
4,6,6,27,0.2,1,3,1,1,1,283.76,1,12,1,3,1,3,19,3,3,1,1
4,6,6,28,0.4,1,2,1,2,0,293.49,1,8,3,3,3,3,8,1,1,2,2
4,6,6,29,0.05,1,1,1,1,1,266.82,1,7,3,1,3,1,18,1,3,1,3
4,6,6,30,0.2,1,1,1,1,1,272.22,1,4,1,3,1,3,16,1,3,1,3
4,6,6,31,1.8,2,3,2,2,1,250.39,1,4,3,3,2,2,20,3,1,1,3
4,6,6,32,0.1,1,1,1,1,1,284.14,1,19,3,1,3,1,18,3,3,3,3
4,6,6,33,0.4,1,3,1,1,1,250.06,1,15,3,3,3,3,14,1,3,3,1
4,6,6,34,0.8,1,3,1,1,1,235.59,1,6,3,3,3,3,9,1,1,3,3
4,6,6,35,1.8,2,2,2,2,1,357.23,0,5,1,3,2,2,8,3,1,2,2
4,6,6,36,0.8,2,1,2,1,0,347.81,0,13,1,3,2,2,12,1,1,1,1
4,6,6,37,0.05,2,3,2,2,1,408.83,0,16,3,1,2,2,7,3,3,1,1
4,6,6,38,0.2,2,1,2,1,0,301.02,0,10,3,1,2,2,16,3,1,3,1
4,6,6,39,1.8,1,1,1,1,1,227.73,1,10,1,3,1,3,5,3,1,3,1
4,6,6,40,0.4,1,2,1,1,1,242.34,1,1,3,3,3,3,2,1,1,2,2
4,6,6,41,0.1,2,2,2,2,1,336.74,0,2,3,3,2,2,10,3,1,2,2
4,6,6,42,1.8,1,1,1,1,1,236.51,1,10,1,3,1,3,14,3,3,3,3
4,6,6,43,0.05,1,1,1,1,1,284.76,1,13,1,3,1,3,3,1,1,1,1
4,6,6,44,0.4,2,3,2,2,1,231.03,1,6,1,1,2,2,16,1,1,3,3
4,6,6,45,0.05,1,1,1,1,1,295.27,1,12,1,3,1,3,15,3,3,3,3
4,6,6,46,1.8,2,3,2,2,1,228.85,1,16,1,3,2,2,4,1,1,3,3
4,6,6,47,0.05,3,1,2,2,1,498.87,0,15,1,1,3,3,6,3,1,3,1
4,6,6,48,0.1,1,1,1,1,1,245.03,1,4,3,3,3,3,17,3,3,3,3
4,6,6,49,0.05,3,1,2,2,1,425.41,0,12,3,1,1,3,2,3,1,3,1
4,6,6,50,0.05,3,1,2,2,1,406.75,0,11,3,1,1,3,3,3,3,3,3
4,6,6,51,0.1,2,3,2,1,0,205.19,1,13,3,3,2,2,8,1,1,3,3
4,6,6,52,0.4,3,3,2,2,1,232.49,1,5,1,3,3,1,8,3,3,1,1
4,6,6,53,1.8,1,2,1,1,1,239.91,1,3,3,1,3,1,4,1,3,2,2
4,6,6,54,0.8,2,3,2,2,1,221.77,1,13,1,1,2,2,16,3,3,1,1
4,6,6,55,0.05,1,3,1,1,1,244.99,1,14,3,3,3,3,18,3,1,1,3
4,6,6,56,0.2,1,2,NaN,NaN,NaN,NaN,NaN,18,1,3,1,3,16,3,1,2,2
4,6,6,57,0.8,2,1,2,2,1,295.77,1,3,1,1,2,2,17,1,1,1,1
4,6,6,58,0.2,3,2,2,2,1,241.01,1,14,3,1,1,3,7,1,1,2,2
4,6,6,59,0.2,1,1,1,1,1,237.36,1,19,3,1,3,1,3,3,1,3,1
4,6,6,60,0.05,1,2,1,1,1,338.81,0,12,3,1,3,1,20,3,3,2,2
4,6,6,61,0.1,3,2,2,2,1,333.42,0,5,3,3,1,1,8,1,3,2,2
4,6,6,62,0.8,1,2,1,1,1,260.18,1,20,1,3,1,3,1,1,3,2,2
4,6,6,63,1.8,3,1,2,2,1,341.17,0,16,3,3,1,1,1,3,1,3,1
4,6,6,64,0.8,2,2,2,2,1,299.63,1,18,3,1,2,2,4,3,3,2,2
4,6,6,65,0.4,3,2,2,2,1,291.45,1,8,1,3,3,1,12,3,3,2,2
4,6,6,66,0.2,1,2,1,1,1,270.87,1,20,1,1,1,1,8,1,3,2,2
4,6,6,67,0.05,1,2,1,1,1,317.18,0,14,1,1,1,1,20,3,3,2,2
4,6,6,68,0.4,1,3,1,1,1,261.27,1,8,1,3,1,3,3,1,1,3,3
4,6,6,69,0.8,3,1,2,2,1,287.48,1,7,1,3,3,1,3,1,3,1,3
4,6,6,70,1.8,2,2,2,2,1,253.88,1,10,3,1,2,2,14,1,3,2,2
4,6,6,71,0.2,2,3,2,1,0,307.61,0,12,1,3,2,2,14,1,3,3,1
4,6,6,72,0.2,1,1,1,1,1,238.84,1,11,1,1,1,1,12,1,1,1,1
4,6,6,73,0.1,3,1,2,2,1,535.97,0,12,1,3,3,1,12,3,3,3,3
4,6,6,74,0.1,2,1,2,1,0,290.49,1,8,1,3,2,2,10,3,3,3,3
4,6,6,75,0.4,1,3,1,1,1,241.89,1,4,1,1,1,1,8,1,1,3,3
4,6,6,76,0.05,1,2,1,1,1,438.82,0,13,1,1,1,1,16,1,3,2,2
4,6,6,77,1.8,3,2,2,2,1,242.81,1,12,1,3,3,1,17,1,1,2,2
4,6,6,78,0.4,1,2,1,1,1,222.11,1,7,3,3,3,3,10,3,3,2,2
4,6,7,1,0.05,2,3,2,2,1,410.22,0,6,3,1,2,2,10,3,1,1,3
4,6,7,2,0.1,2,3,2,2,1,456.96,0,8,3,3,2,2,17,1,1,3,3
4,6,7,3,0.8,1,3,1,1,1,241.36,1,16,1,1,1,1,9,1,3,3,1
4,6,7,4,0.4,2,2,2,1,0,207.07,1,17,1,3,2,2,3,3,1,2,2
4,6,7,5,0.4,3,1,2,2,1,281.42,1,8,1,3,3,1,11,3,3,3,3
4,6,7,6,0.4,2,3,2,1,0,307.14,0,9,1,1,2,2,7,1,3,3,1
4,6,7,7,0.4,3,3,2,2,1,254.52,1,15,3,1,1,3,7,1,1,3,3
4,6,7,8,0.1,2,1,2,1,0,255.79,1,12,3,3,2,2,8,3,1,3,1
4,6,7,9,1.8,1,2,1,1,1,239.21,1,14,3,3,3,3,14,1,3,2,2
4,6,7,10,0.1,2,2,2,1,0,263.54,1,12,3,1,2,2,17,3,3,2,2
4,6,7,11,0.1,1,3,1,1,1,240.77,1,17,1,1,1,1,5,1,3,3,1
4,6,7,12,1.8,2,2,2,2,1,248.32,1,2,3,1,2,2,20,3,1,2,2
4,6,7,13,0.4,1,1,1,1,1,224.39,1,12,3,3,3,3,19,3,1,3,1
4,6,7,14,0.1,2,1,2,2,1,303.99,0,6,1,1,2,2,9,1,1,1,1
4,6,7,15,0.2,3,1,2,2,1,701.42,0,19,3,1,1,3,7,3,3,3,3
4,6,7,16,0.4,1,3,1,1,1,236.1,1,2,1,3,1,3,10,3,1,1,3
4,6,7,17,0.8,2,2,2,2,1,285.71,1,12,3,1,2,2,9,1,3,2,2
4,6,7,18,1.8,1,3,1,1,1,237.2,1,19,1,1,1,1,14,1,3,3,1
4,6,7,19,0.8,2,3,2,2,1,234.18,1,9,1,3,2,2,12,1,3,3,1
4,6,7,20,0.05,2,1,2,2,1,401.78,0,14,1,3,2,2,4,1,1,1,1
4,6,7,21,1.8,3,2,2,2,1,221.25,1,8,1,3,3,1,14,3,3,2,2
4,6,7,22,0.8,1,1,1,1,1,254.98,1,2,1,1,1,1,14,1,1,1,1
4,6,7,23,0.8,2,3,2,2,1,223.66,1,18,3,1,2,2,9,3,1,1,3
4,6,7,24,0.2,1,3,1,1,1,240.61,1,12,3,3,3,3,20,3,3,1,1
4,6,7,25,1.8,2,2,2,2,1,241.95,1,16,3,3,2,2,15,3,3,2,2
4,6,7,26,0.8,3,2,2,2,1,294.96,1,2,1,1,3,3,17,3,1,2,2
4,6,7,27,0.4,1,3,1,1,1,252.55,1,16,1,3,1,3,6,1,3,3,1
4,6,7,28,0.1,1,1,1,1,1,302.41,0,13,1,3,1,3,8,1,1,1,1
4,6,7,29,0.2,1,3,1,1,1,296.14,1,6,3,1,3,1,14,3,1,1,3
4,6,7,30,1.8,3,2,2,2,1,271.48,1,4,3,1,1,3,5,1,1,2,2
4,6,7,31,0.2,2,2,2,1,0,226.84,1,15,3,3,2,2,2,3,1,2,2
4,6,7,32,0.1,2,3,2,1,0,298.82,1,3,3,1,2,2,15,1,1,3,3
4,6,7,33,0.2,2,1,2,2,1,283.91,1,18,3,1,2,2,2,3,1,3,1
4,6,7,34,0.2,1,2,1,1,1,213.51,1,9,1,1,1,1,3,3,1,2,2
4,6,7,35,0.05,2,3,2,2,1,406.51,0,9,1,3,2,2,17,1,3,3,1
4,6,7,36,0.05,1,2,1,1,1,287.65,1,7,1,3,1,3,13,1,1,2,2
4,6,7,37,1.8,1,1,1,1,1,208.01,1,4,1,3,1,3,18,1,3,1,3
4,6,7,38,0.05,1,3,1,1,1,268.07,1,18,3,3,3,3,18,3,3,1,1
4,6,7,39,0.05,1,1,1,1,1,259.65,1,20,3,1,3,1,16,3,1,3,1
4,6,7,40,0.8,2,1,2,2,1,258.82,1,19,3,3,2,2,5,3,1,3,1
4,6,7,41,0.05,3,2,2,2,1,358.06,0,3,3,1,1,3,18,1,3,2,2
4,6,7,42,0.05,1,1,1,1,1,257.68,1,13,3,1,3,1,17,3,1,3,1
4,6,7,43,0.1,1,2,1,1,1,268.14,1,9,3,1,3,1,18,3,1,2,2
4,6,7,44,0.2,3,2,2,2,1,249.86,1,14,3,1,1,3,4,3,3,2,2
4,6,7,45,1.8,1,2,1,1,1,282.48,1,5,1,3,1,3,15,1,3,2,2
4,6,7,46,0.2,1,3,1,1,1,258,1,2,1,3,1,3,3,1,3,3,1
4,6,7,47,0.8,3,1,2,2,1,241.82,1,13,3,1,1,3,16,3,3,3,3
4,6,7,48,0.4,1,3,1,1,1,236.15,1,18,1,1,1,1,17,1,1,3,3
4,6,7,49,1.8,1,3,1,1,1,259.66,1,2,1,3,1,3,16,1,1,3,3
4,6,7,50,0.1,2,2,2,2,1,382.29,0,4,3,1,2,2,19,1,1,2,2
4,6,7,51,0.2,1,1,1,1,1,260.15,1,7,1,1,1,1,9,3,1,3,1
4,6,7,52,0.1,2,2,2,1,0,330.51,0,9,3,3,2,2,7,3,3,2,2
4,6,7,53,0.05,1,3,1,1,1,295.51,1,15,1,1,1,1,19,1,1,3,3
4,6,7,54,0.8,3,1,2,2,1,417.02,0,15,3,1,1,3,13,1,3,1,3
4,6,7,55,1.8,1,2,1,1,1,238.38,1,1,3,1,3,1,7,3,3,2,2
4,6,7,56,0.8,1,2,1,1,1,263.76,1,14,3,1,3,1,14,3,1,2,2
4,6,7,57,0.05,2,3,2,1,0,340.62,0,19,1,3,2,2,20,3,3,1,1
4,6,7,58,0.05,1,3,1,1,1,277.85,1,1,3,1,3,1,8,3,3,1,1
4,6,7,59,0.05,1,2,1,1,1,260.65,1,3,3,3,3,3,7,1,1,2,2
4,6,7,60,0.2,3,2,2,2,1,243.92,1,6,3,1,1,3,16,1,1,2,2
4,6,7,61,0.8,1,2,1,1,1,269.25,1,8,1,3,1,3,2,3,3,2,2
4,6,7,62,0.1,1,1,1,1,1,270.07,1,11,3,3,3,3,12,3,3,3,3
4,6,7,63,0.2,1,3,1,1,1,281.32,1,6,3,1,3,1,3,3,1,1,3
4,6,7,64,0.05,2,3,2,2,1,366.15,0,8,1,1,2,2,15,1,1,3,3
4,6,7,65,1.8,1,1,1,1,1,224.72,1,10,3,1,3,1,6,3,1,3,1
4,6,7,66,0.8,1,3,1,1,1,232.03,1,2,1,3,1,3,18,3,3,1,1
4,6,7,67,0.2,3,2,2,2,1,280.81,1,19,1,3,3,1,14,3,3,2,2
4,6,7,68,0.1,1,2,1,1,1,451.38,0,15,3,3,3,3,1,3,1,2,2
4,6,7,69,0.4,1,3,1,1,1,251.82,1,8,3,3,3,3,17,1,3,3,1
4,6,7,70,1.8,1,3,1,1,1,221.09,1,11,1,1,1,1,4,3,1,1,3
4,6,7,71,0.2,1,3,1,1,1,246.31,1,12,1,1,1,1,12,3,1,1,3
4,6,7,72,0.4,2,2,2,2,1,344.73,0,5,1,1,2,2,9,3,1,2,2
4,6,7,73,0.8,1,3,1,1,1,259.75,1,16,3,3,3,3,3,3,1,1,3
4,6,7,74,0.1,2,1,2,2,1,391.87,0,8,3,3,2,2,4,1,3,1,3
4,6,7,75,1.8,2,2,2,2,1,237.57,1,9,3,1,2,2,4,1,3,2,2
4,6,7,76,0.4,2,3,2,2,1,274.68,1,15,3,1,2,2,19,1,3,3,1
4,6,7,77,0.4,2,1,2,2,1,245.07,1,14,3,3,2,2,3,3,1,3,1
4,6,7,78,0.4,2,2,2,2,1,274.95,1,8,1,1,2,2,14,3,1,2,2
4,6,8,1,0.4,2,2,2,2,1,265.11,1,1,3,1,2,2,11,3,3,2,2
4,6,8,2,0.1,1,1,1,1,1,222.83,1,20,1,1,1,1,5,1,3,1,3
4,6,8,3,0.8,1,1,1,1,1,217.1,1,18,3,3,3,3,20,1,3,1,3
4,6,8,4,0.2,2,1,2,2,1,322.21,0,1,1,3,2,2,16,1,1,1,1
4,6,8,5,0.8,1,1,1,1,1,249.93,1,3,1,3,1,3,3,1,1,1,1
4,6,8,6,1.8,3,3,2,2,1,233.4,1,5,1,3,3,1,4,3,3,1,1
4,6,8,7,0.8,1,2,1,1,1,244.35,1,9,1,3,1,3,7,3,3,2,2
4,6,8,8,0.05,3,2,2,2,1,410.61,0,16,3,3,1,1,18,3,3,2,2
4,6,8,9,1.8,3,3,2,2,1,240.09,1,11,1,3,3,1,1,1,1,3,3
4,6,8,10,1.8,1,3,1,1,1,246.37,1,8,3,1,3,1,9,3,1,1,3
4,6,8,11,0.4,2,1,2,2,1,322.54,0,2,1,1,2,2,8,3,3,3,3
4,6,8,12,0.4,2,2,2,2,1,273.61,1,5,3,1,2,2,18,1,3,2,2
4,6,8,13,0.2,3,3,2,2,1,300.26,0,9,3,1,1,3,11,3,1,1,3
4,6,8,14,0.2,3,2,2,2,1,284.39,1,20,1,1,3,3,15,1,1,2,2
4,6,8,15,0.05,2,1,2,2,1,378.67,0,6,3,3,2,2,20,3,1,3,1
4,6,8,16,0.2,1,3,1,2,0,371.87,0,7,3,3,3,3,4,3,3,1,1
4,6,8,17,0.05,2,1,2,2,1,539.88,0,1,3,3,2,2,8,3,3,3,3
4,6,8,18,0.1,1,1,1,1,1,469.13,0,1,1,3,1,3,2,3,3,3,3
4,6,8,19,0.8,3,1,2,2,1,248.55,1,4,3,1,1,3,16,1,3,1,3
4,6,8,20,0.8,3,1,2,2,1,274.14,1,2,1,3,3,1,10,1,3,1,3
4,6,8,21,0.4,1,1,1,1,1,256.74,1,2,3,3,3,3,17,3,3,3,3
4,6,8,22,1.8,1,3,1,2,0,216.79,1,5,3,1,3,1,5,1,3,3,1
4,6,8,23,0.1,1,2,1,1,1,270.66,1,15,3,1,3,1,8,3,1,2,2
4,6,8,24,0.8,3,2,2,2,1,258.89,1,11,3,1,1,3,16,3,3,2,2
4,6,8,25,0.05,3,3,2,2,1,482.61,0,16,1,1,3,3,1,1,1,3,3
4,6,8,26,0.1,1,1,1,1,1,238.97,1,17,1,1,1,1,3,3,3,3,3
4,6,8,27,0.1,3,1,2,2,1,267.18,1,15,3,3,1,1,15,3,1,3,1
4,6,8,28,0.2,1,3,1,1,1,305.48,0,6,3,3,3,3,10,1,1,3,3
4,6,8,29,0.05,3,1,2,2,1,348.67,0,8,3,1,1,3,18,3,3,3,3
4,6,8,30,0.05,2,2,2,2,1,254.25,1,15,3,1,2,2,8,3,1,2,2
4,6,8,31,0.4,1,2,1,1,1,251.26,1,2,3,1,3,1,17,3,1,2,2
4,6,8,32,0.05,1,3,1,1,1,314.25,0,2,1,1,1,1,14,1,1,3,3
4,6,8,33,0.1,2,1,2,2,1,389.21,0,13,1,1,2,2,10,1,3,1,3
4,6,8,34,1.8,1,1,1,1,1,216.3,1,20,1,1,1,1,9,1,3,1,3
4,6,8,35,0.2,3,3,2,2,1,274.86,1,18,3,1,1,3,1,1,3,3,1
4,6,8,36,1.8,1,3,1,1,1,234.09,1,6,1,3,1,3,15,3,3,1,1
4,6,8,37,1.8,2,1,2,2,1,235.53,1,6,3,1,2,2,14,1,1,1,1
4,6,8,38,0.1,2,3,2,1,0,305.18,0,11,1,3,2,2,7,1,3,3,1
4,6,8,39,0.4,1,3,1,2,0,99.248,2,15,3,3,3,3,17,1,1,3,3
4,6,8,40,0.4,3,2,2,2,1,243.1,1,2,1,3,3,1,12,1,3,2,2
4,6,8,41,0.8,2,2,2,2,1,247,1,17,3,3,2,2,19,1,3,2,2
4,6,8,42,0.1,2,1,2,2,1,433.15,0,20,3,3,2,2,3,1,1,1,1
4,6,8,43,0.1,3,3,2,2,1,355.52,0,10,1,3,3,1,10,3,3,1,1
4,6,8,44,0.1,2,3,2,2,1,224.69,1,18,3,1,2,2,8,3,1,1,3
4,6,8,45,1.8,1,3,1,1,1,219.54,1,19,3,1,3,1,5,1,3,3,1
4,6,8,46,0.4,3,3,2,2,1,282.94,1,2,1,3,3,1,11,1,1,3,3
4,6,8,47,0.2,2,2,2,2,1,352.18,0,17,3,3,2,2,7,1,3,2,2
4,6,8,48,0.4,1,3,1,1,1,233.73,1,8,3,3,3,3,19,3,3,1,1
4,6,8,49,0.2,3,1,2,2,1,291.18,1,9,1,3,3,1,19,3,1,3,1
4,6,8,50,0.05,1,3,1,1,1,358.64,0,7,1,3,1,3,5,3,3,1,1
4,6,8,51,0.05,2,1,2,1,0,517.75,0,7,3,1,2,2,4,1,1,1,1
4,6,8,52,0.4,1,1,1,1,1,261.29,1,2,3,1,3,1,17,3,1,3,1
4,6,8,53,0.1,3,2,2,2,1,306.13,0,17,1,3,3,1,12,3,1,2,2
4,6,8,54,0.05,1,2,1,1,1,316.59,0,17,1,3,1,3,15,1,1,2,2
4,6,8,55,0.8,1,3,1,1,1,254.89,1,7,3,3,3,3,2,1,3,3,1
4,6,8,56,0.1,1,1,1,1,1,297.67,1,13,1,1,1,1,4,1,3,1,3
4,6,8,57,0.05,3,3,2,2,1,235.98,1,11,1,1,3,3,1,3,3,1,1
4,6,8,58,1.8,2,2,2,2,1,255.53,1,14,3,3,2,2,6,3,1,2,2
4,6,8,59,1.8,3,2,2,2,1,227.48,1,1,3,1,1,3,2,1,3,2,2
4,6,8,60,0.1,1,1,1,1,1,237.29,1,3,3,3,3,3,3,3,1,3,1
4,6,8,61,0.2,1,1,1,1,1,269.78,1,1,1,1,1,1,18,3,3,3,3
4,6,8,62,0.8,3,3,2,2,1,256.95,1,18,3,3,1,1,14,3,3,1,1
4,6,8,63,0.8,1,2,1,1,1,250.4,1,4,3,3,3,3,19,1,1,2,2
4,6,8,64,1.8,1,3,1,1,1,223.53,1,18,1,1,1,1,15,3,3,1,1
4,6,8,65,0.2,1,2,1,1,1,279.6,1,10,3,3,3,3,8,3,1,2,2
4,6,8,66,0.2,1,1,1,1,1,261.14,1,14,3,1,3,1,20,1,1,1,1
4,6,8,67,0.05,1,3,1,1,1,296.14,1,17,3,1,3,1,3,3,3,1,1
4,6,8,68,0.8,1,3,1,1,1,263.41,1,7,3,3,3,3,12,1,1,3,3
4,6,8,69,0.8,1,1,1,1,1,276.59,1,19,3,3,3,3,1,3,1,3,1
4,6,8,70,0.05,1,1,1,1,1,306.21,0,8,3,1,3,1,17,3,1,3,1
4,6,8,71,0.4,2,3,2,1,0,274.68,1,16,1,3,2,2,15,3,1,1,3
4,6,8,72,0.2,3,3,2,2,1,284.66,1,8,3,1,1,3,10,3,3,1,1
4,6,8,73,0.4,1,2,1,1,1,246.73,1,4,3,3,3,3,12,3,1,2,2
4,6,8,74,0.2,1,1,1,1,1,283.78,1,20,3,1,3,1,6,1,3,1,3
4,6,8,75,1.8,1,3,1,1,1,246.53,1,15,1,1,1,1,14,1,3,3,1
4,6,8,76,1.8,1,2,1,1,1,290.7,1,4,3,3,3,3,17,1,3,2,2
4,6,8,77,0.4,1,1,1,1,1,241.1,1,17,3,1,3,1,6,1,3,1,3
4,6,8,78,0.8,2,1,2,2,1,330.47,0,6,3,1,2,2,9,3,3,3,3
4,6,9,1,1.8,1,3,1,1,1,307.52,0,4,3,1,3,1,9,1,1,3,3
4,6,9,2,0.05,3,1,2,2,1,412.05,0,6,1,1,3,3,12,3,1,3,1
4,6,9,3,0.1,1,3,1,1,1,254.5,1,7,1,1,1,1,20,3,3,1,1
4,6,9,4,0.8,1,2,1,1,1,269.29,1,14,1,3,1,3,4,3,1,2,2
4,6,9,5,0.05,3,3,2,2,1,344.41,0,20,1,1,3,3,6,3,1,1,3
4,6,9,6,0.4,3,3,2,2,1,260.05,1,17,1,1,3,3,13,3,1,1,3
4,6,9,7,0.1,3,1,2,2,1,287.81,1,14,1,3,3,1,20,1,3,1,3
4,6,9,8,0.05,1,1,1,1,1,343.1,0,12,1,1,1,1,20,3,3,3,3
4,6,9,9,0.05,2,2,2,2,1,309.26,0,19,1,1,2,2,5,3,3,2,2
4,6,9,10,0.2,2,1,2,1,0,241.86,1,3,1,3,2,2,12,1,1,1,1
4,6,9,11,1.8,2,1,2,2,1,235.51,1,11,3,3,2,2,16,3,1,3,1
4,6,9,12,0.1,3,3,2,2,1,290.34,1,16,3,1,1,3,14,1,3,3,1
4,6,9,13,0.4,1,2,1,1,1,271.02,1,5,1,1,1,1,18,3,3,2,2
4,6,9,14,0.8,1,1,1,1,1,258.06,1,8,3,1,3,1,6,3,1,3,1
4,6,9,15,0.8,2,2,NaN,NaN,NaN,NaN,NaN,20,3,1,2,2,18,3,3,2,2
4,6,9,16,0.2,3,1,2,2,1,277.26,1,2,1,3,3,1,12,1,1,1,1
4,6,9,17,0.1,1,1,1,1,1,286.01,1,18,3,1,3,1,3,1,3,1,3
4,6,9,18,0.8,2,3,2,2,1,279.43,1,20,3,3,2,2,9,1,1,3,3
4,6,9,19,0.1,1,2,1,1,1,277.57,1,12,3,1,3,1,7,1,1,2,2
4,6,9,20,0.05,1,2,1,1,1,287.02,1,17,3,3,3,3,11,1,1,2,2
4,6,9,21,0.2,2,1,2,2,1,322.52,0,8,3,1,2,2,14,3,1,3,1
4,6,9,22,0.1,1,3,1,1,1,293.91,1,5,3,3,3,3,17,1,1,3,3
4,6,9,23,0.05,3,3,2,2,1,449.66,0,6,1,3,3,1,12,3,3,1,1
4,6,9,24,0.1,3,2,2,2,1,345.15,0,5,3,3,1,1,13,1,1,2,2
4,6,9,25,1.8,2,3,2,2,1,262.06,1,10,1,3,2,2,6,3,3,1,1
4,6,9,26,0.05,1,3,1,1,1,307.18,0,2,3,1,3,1,10,3,3,1,1
4,6,9,27,0.05,2,3,2,1,0,545.06,0,18,3,1,2,2,3,1,1,3,3
4,6,9,28,0.05,1,1,1,1,1,342.35,0,8,3,3,3,3,8,1,1,1,1
4,6,9,29,0.4,1,2,1,1,1,238.02,1,10,3,3,3,3,4,3,1,2,2
4,6,9,30,1.8,1,1,1,1,1,255.53,1,2,3,3,3,3,5,3,1,3,1
4,6,9,31,0.05,2,2,2,2,1,448.9,0,9,3,1,2,2,15,1,3,2,2
4,6,9,32,0.2,1,1,1,1,1,227.4,1,4,1,3,1,3,4,1,3,1,3
4,6,9,33,0.2,2,3,2,2,1,306.56,0,16,3,3,2,2,18,1,1,3,3
4,6,9,34,1.8,1,2,1,1,1,217.84,1,3,1,1,1,1,15,3,3,2,2
4,6,9,35,1.8,2,2,2,2,1,243.28,1,8,3,1,2,2,3,3,3,2,2
4,6,9,36,0.2,1,1,1,1,1,262.33,1,19,1,1,1,1,16,3,3,3,3
4,6,9,37,0.8,1,1,1,1,1,250.34,1,7,3,1,3,1,14,3,1,3,1
4,6,9,38,0.4,1,1,1,1,1,248.91,1,10,1,1,1,1,11,1,1,1,1
4,6,9,39,1.8,3,2,2,2,1,251.41,1,7,1,3,3,1,3,3,1,2,2
4,6,9,40,0.8,3,1,2,2,1,283.17,1,1,3,3,1,1,14,1,3,1,3
4,6,9,41,0.8,1,3,1,1,1,271.39,1,20,1,1,1,1,7,1,3,3,1
4,6,9,42,0.4,1,2,1,1,1,237.74,1,3,3,3,3,3,10,3,3,2,2
4,6,9,43,0.2,2,3,2,2,1,271.55,1,6,1,1,2,2,20,1,3,3,1
4,6,9,44,0.4,1,2,1,1,1,263.57,1,18,3,1,3,1,20,1,3,2,2
4,6,9,45,0.2,3,1,2,2,1,299.4,1,16,1,1,3,3,15,3,1,3,1
4,6,9,46,1.8,1,2,1,2,0,245.27,1,9,1,3,1,3,9,3,1,2,2
4,6,9,47,0.8,2,1,2,2,1,301.12,0,13,1,3,2,2,13,1,3,1,3
4,6,9,48,1.8,3,3,2,2,1,327.81,0,8,1,3,3,1,13,1,3,3,1
4,6,9,49,0.8,1,2,1,1,1,293.09,1,10,1,3,1,3,18,3,1,2,2
4,6,9,50,0.1,1,3,1,1,1,271.01,1,6,1,1,1,1,3,1,1,3,3
4,6,9,51,1.8,1,2,1,1,1,416.74,0,4,1,3,1,3,1,1,3,2,2
4,6,9,52,0.1,1,1,1,1,1,260.34,1,10,3,3,3,3,16,3,1,3,1
4,6,9,53,0.4,1,2,1,1,1,212.51,1,4,1,3,1,3,11,1,1,2,2
4,6,9,54,0.2,3,2,2,2,1,468.35,0,9,3,3,1,1,4,1,3,2,2
4,6,9,55,0.1,1,3,1,1,1,220.11,1,6,1,1,1,1,12,3,3,1,1
4,6,9,56,0.8,1,2,1,1,1,242.67,1,17,1,3,1,3,9,1,3,2,2
4,6,9,57,0.05,3,3,2,2,1,355.94,0,20,1,1,3,3,1,3,1,1,3
4,6,9,58,0.4,1,1,1,2,0,253.34,1,9,3,1,3,1,13,3,1,3,1
4,6,9,59,0.4,3,1,2,2,1,234.29,1,15,1,3,3,1,12,1,3,1,3
4,6,9,60,0.05,1,2,1,1,1,251.83,1,7,1,1,1,1,3,3,3,2,2
4,6,9,61,0.4,1,1,1,1,1,214.59,1,8,1,3,1,3,17,1,3,1,3
4,6,9,62,0.2,2,3,2,1,0,250.38,1,14,3,3,2,2,17,3,3,1,1
4,6,9,63,0.4,1,2,1,1,1,232.18,1,13,3,1,3,1,2,1,1,2,2
4,6,9,64,1.8,1,2,1,1,1,225.5,1,13,1,1,1,1,15,1,1,2,2
4,6,9,65,0.2,1,1,1,1,1,248.8,1,3,3,3,3,3,8,3,3,3,3
4,6,9,66,0.8,3,1,2,2,1,261.21,1,16,3,1,1,3,20,1,3,1,3
4,6,9,67,1.8,2,2,2,1,0,215.53,1,12,1,3,2,2,7,1,3,2,2
4,6,9,68,0.8,1,2,1,1,1,235.06,1,16,3,1,3,1,14,3,3,2,2
4,6,9,69,0.2,3,2,2,2,1,249.26,1,20,3,3,1,1,8,1,1,2,2
4,6,9,70,1.8,1,1,1,1,1,275.32,1,5,1,1,1,1,9,1,3,1,3
4,6,9,71,0.4,1,2,1,1,1,271.87,1,1,1,1,1,1,15,3,1,2,2
4,6,9,72,0.4,2,2,2,1,0,222.76,1,1,1,3,2,2,20,3,1,2,2
4,6,9,73,0.1,1,1,1,1,1,286.89,1,1,3,1,3,1,11,1,1,1,1
4,6,9,74,0.1,2,1,2,2,1,418.69,0,15,3,3,2,2,6,3,1,3,1
4,6,9,75,0.1,1,1,1,1,1,287.16,1,19,3,1,3,1,12,1,1,1,1
4,6,9,76,0.8,1,2,1,1,1,229.1,1,1,1,1,1,1,2,1,1,2,2
4,6,9,77,0.2,3,1,2,2,1,327.8,0,1,1,3,3,1,7,1,3,1,3
4,6,9,78,0.05,1,3,1,1,1,284.69,1,5,1,1,1,1,5,3,3,1,1
4,6,10,1,0.1,1,1,1,1,1,223.56,1,11,1,3,1,3,2,1,3,1,3
4,6,10,2,0.4,2,3,2,1,0,232.5,1,14,1,1,2,2,10,1,1,3,3
4,6,10,3,1.8,3,3,2,2,1,242.65,1,20,3,1,1,3,20,1,3,3,1
4,6,10,4,0.2,1,2,1,1,1,218.51,1,18,3,3,3,3,12,1,3,2,2
4,6,10,5,0.1,3,2,2,2,1,336.46,0,10,3,3,1,1,7,1,3,2,2
4,6,10,6,0.2,2,1,2,1,0,218.76,1,11,1,3,2,2,7,1,3,1,3
4,6,10,7,0.2,1,3,1,1,1,238.66,1,6,3,1,3,1,9,3,3,1,1
4,6,10,8,0.8,2,3,2,2,1,414.25,0,18,3,3,2,2,15,3,1,1,3
4,6,10,9,0.05,2,1,2,1,0,312.19,0,14,1,1,2,2,5,3,3,3,3
4,6,10,10,0.2,1,1,1,1,1,217,1,8,3,3,3,3,16,3,3,3,3
4,6,10,11,0.8,1,3,1,1,1,219.33,1,6,1,1,1,1,14,3,1,1,3
4,6,10,12,0.4,3,1,2,2,1,261.27,1,19,1,1,3,3,11,1,3,1,3
4,6,10,13,0.05,1,2,1,1,1,275.78,1,11,3,3,3,3,17,3,3,2,2
4,6,10,14,0.1,2,1,2,1,0,239.37,1,8,1,1,2,2,16,1,1,1,1
4,6,10,15,1.8,1,2,1,1,1,211.35,1,15,3,3,3,3,16,3,3,2,2
4,6,10,16,0.1,1,1,1,1,1,253.12,1,12,1,3,1,3,3,3,3,3,3
4,6,10,17,0.1,1,3,1,1,1,197.38,1,2,3,3,3,3,9,3,1,1,3
4,6,10,18,1.8,1,1,1,1,1,222.99,1,8,3,1,3,1,12,3,3,3,3
4,6,10,19,0.2,2,1,2,2,1,276.94,1,13,3,1,2,2,17,1,1,1,1
4,6,10,20,0.4,3,1,2,2,1,281.06,1,15,1,3,3,1,15,3,1,3,1
4,6,10,21,1.8,3,2,2,2,1,232.75,1,9,3,1,1,3,20,1,1,2,2
4,6,10,22,0.2,1,2,1,1,1,284.43,1,1,1,1,1,1,20,3,1,2,2
4,6,10,23,0.2,1,3,1,1,1,286.85,1,6,3,3,3,3,19,1,1,3,3
4,6,10,24,0.8,2,1,2,1,0,226.88,1,20,3,1,2,2,8,1,1,1,1
4,6,10,25,0.05,1,1,1,1,1,258.17,1,5,1,3,1,3,19,3,3,3,3
4,6,10,26,0.4,1,2,1,1,1,227.25,1,10,3,3,3,3,7,3,1,2,2
4,6,10,27,0.05,2,3,2,1,0,255.35,1,5,3,1,2,2,16,1,1,3,3
4,6,10,28,0.1,1,2,1,1,1,230.57,1,18,1,1,1,1,18,3,3,2,2
4,6,10,29,1.8,3,3,2,2,1,266.23,1,17,1,3,3,1,3,1,3,3,1
4,6,10,30,0.05,2,3,2,2,1,388.85,0,20,3,1,2,2,2,1,3,3,1
4,6,10,31,0.8,1,1,1,1,1,256.57,1,20,3,3,3,3,7,3,3,3,3
4,6,10,32,0.2,1,3,1,1,1,219.85,1,16,3,3,3,3,1,1,3,3,1
4,6,10,33,0.8,1,3,1,1,1,230.82,1,19,1,1,1,1,12,1,1,3,3
4,6,10,34,1.8,1,3,1,1,1,227.35,1,9,1,1,1,1,9,1,3,3,1
4,6,10,35,0.8,1,1,1,1,1,232.15,1,4,1,1,1,1,20,3,3,3,3
4,6,10,36,1.8,1,1,1,1,1,205.13,1,17,1,3,1,3,17,3,3,3,3
4,6,10,37,0.1,1,2,1,1,1,239.67,1,17,3,1,3,1,16,3,3,2,2
4,6,10,38,0.05,2,2,2,2,1,575.06,0,17,1,1,2,2,4,1,3,2,2
4,6,10,39,0.4,3,2,2,2,1,275.89,1,6,3,1,1,3,8,3,1,2,2
4,6,10,40,0.2,1,2,1,1,1,113.23,1,5,1,3,1,3,12,1,1,2,2
4,6,10,41,0.05,1,1,1,1,1,289.55,1,17,1,3,1,3,9,3,1,3,1
4,6,10,42,0.4,2,1,2,2,1,272.67,1,17,3,3,2,2,18,1,3,1,3
4,6,10,43,0.8,3,2,2,2,1,257.04,1,4,3,3,1,1,16,3,3,2,2
4,6,10,44,0.05,1,2,1,1,1,268.44,1,6,3,3,3,3,6,3,1,2,2
4,6,10,45,0.1,1,3,1,1,1,242.43,1,8,1,1,1,1,4,3,1,1,3
4,6,10,46,0.1,2,3,2,2,1,545.82,0,2,3,3,2,2,12,3,1,1,3
4,6,10,47,0.05,3,1,2,2,1,333.26,0,4,1,1,3,3,9,3,3,3,3
4,6,10,48,0.05,3,1,2,2,1,389.27,0,2,3,3,1,1,8,1,3,1,3
4,6,10,49,0.8,3,3,2,2,1,240.4,1,9,3,1,1,3,12,1,1,3,3
4,6,10,50,0.2,1,3,1,1,1,286.33,1,8,1,3,1,3,6,1,1,3,3
4,6,10,51,0.2,3,1,2,2,1,306.26,0,20,1,3,3,1,17,3,3,3,3
4,6,10,52,0.05,1,2,1,1,1,258.41,1,6,1,1,1,1,5,3,3,2,2
4,6,10,53,1.8,1,3,1,1,1,248.92,1,7,1,3,1,3,4,1,1,3,3
4,6,10,54,0.4,3,2,2,2,1,295.21,1,20,3,1,1,3,2,3,3,2,2
4,6,10,55,1.8,1,2,1,1,1,218.14,1,20,3,1,3,1,20,3,1,2,2
4,6,10,56,0.1,1,2,1,1,1,253.96,1,16,1,3,1,3,2,3,1,2,2
4,6,10,57,1.8,1,1,1,1,1,227.69,1,10,1,3,1,3,19,3,3,3,3
4,6,10,58,0.4,2,1,2,2,1,289.77,1,10,3,1,2,2,16,1,3,1,3
4,6,10,59,0.2,1,1,1,1,1,229.06,1,19,3,3,3,3,3,3,1,3,1
4,6,10,60,1.8,1,3,1,1,1,239.35,1,7,3,1,3,1,18,3,3,1,1
4,6,10,61,0.4,3,2,2,2,1,313.31,0,15,3,1,1,3,5,3,3,2,2
4,6,10,62,0.8,2,1,2,2,1,274.36,1,14,1,3,2,2,6,1,3,1,3
4,6,10,63,0.1,1,1,1,1,1,212.02,1,5,1,3,1,3,3,1,3,1,3
4,6,10,64,0.05,2,2,2,2,1,415.6,0,2,3,3,2,2,16,1,1,2,2
4,6,10,65,0.1,1,1,1,1,1,291.78,1,9,1,1,1,1,12,3,3,3,3
4,6,10,66,0.1,3,3,2,2,1,378.2,0,8,3,3,1,1,18,1,1,3,3
4,6,10,67,1.8,1,2,1,1,1,229.68,1,12,1,1,1,1,10,1,1,2,2
4,6,10,68,0.8,1,2,1,1,1,247.95,1,10,3,3,3,3,13,1,1,2,2
4,6,10,69,0.8,3,1,2,2,1,276.2,1,16,3,1,1,3,18,3,1,3,1
4,6,10,70,0.05,1,1,1,1,1,320.09,0,8,3,3,3,3,1,1,1,1,1
4,6,10,71,0.4,1,2,1,1,1,260.55,1,6,1,1,1,1,6,1,1,2,2
4,6,10,72,0.8,1,2,1,1,1,225.78,1,1,1,3,1,3,5,1,3,2,2
4,6,10,73,0.4,2,1,2,1,0,264.33,1,14,1,1,2,2,3,1,1,1,1
4,6,10,74,1.8,3,1,2,2,1,243.97,1,8,1,3,3,1,20,3,1,3,1
4,6,10,75,0.2,2,3,2,2,1,276.76,1,18,1,3,2,2,6,1,1,3,3
4,6,10,76,0.8,2,1,2,2,1,225.57,1,17,1,1,2,2,4,3,3,3,3
4,6,10,77,0.4,1,2,1,1,1,250.95,1,19,3,3,3,3,15,1,1,2,2
4,6,10,78,0.4,1,1,1,1,1,224.47,1,2,1,1,1,1,14,1,1,1,1
