2,9,1,1,0.05,3,1,2,2,1,246.27,1,6,1,1,3,3,7,3,1,3,1
2,9,1,2,0.2,3,3,2,2,1,118.87,1,5,3,3,1,1,4,1,1,3,3
2,9,1,3,0.4,2,1,2,2,1,233.54,1,7,1,1,2,2,6,1,3,1,3
2,9,1,4,1.8,2,3,2,2,1,191.18,1,13,1,1,2,2,10,3,1,1,3
2,9,1,5,0.1,1,3,1,2,0,255.24,1,8,3,1,3,1,16,3,3,1,1
2,9,1,6,0.8,1,3,1,1,1,205.23,1,3,1,1,1,1,14,3,1,1,3
2,9,1,7,1.8,2,1,2,1,0,175.72,1,18,1,3,2,2,17,3,3,3,3
2,9,1,8,0.8,1,2,1,1,1,207.03,1,19,1,3,1,3,16,1,3,2,2
2,9,1,9,0.8,3,1,2,2,1,241.06,1,13,3,3,1,1,16,1,3,1,3
2,9,1,10,0.2,2,1,2,2,1,243.82,1,9,3,3,2,2,13,3,3,3,3
2,9,1,11,0.05,3,3,2,2,1,244.85,1,5,1,1,3,3,2,1,1,3,3
2,9,1,12,0.2,3,2,2,2,1,257.59,1,12,1,3,3,1,8,1,3,2,2
2,9,1,13,0.8,2,2,2,1,0,239.73,1,8,3,1,2,2,1,1,1,2,2
2,9,1,14,1.8,1,1,1,1,1,154.97,1,11,3,1,3,1,4,1,1,1,1
2,9,1,15,1.8,3,2,2,2,1,170.25,1,15,3,3,1,1,4,3,1,2,2
2,9,1,16,0.4,3,2,2,2,1,235.96,1,5,1,1,3,3,10,3,1,2,2
2,9,1,17,1.8,2,3,2,2,1,208.99,1,18,1,3,2,2,2,1,3,3,1
2,9,1,18,0.1,2,2,2,2,1,284.42,1,20,1,1,2,2,20,1,3,2,2
2,9,1,19,0.2,1,2,1,2,0,259.23,1,14,3,1,3,1,3,1,1,2,2
2,9,1,20,0.8,3,1,2,2,1,215.31,1,18,3,1,1,3,5,3,3,3,3
2,9,1,21,0.05,2,2,2,2,1,316.14,0,20,3,1,2,2,8,1,1,2,2
2,9,1,22,0.1,3,3,2,2,1,239.25,1,12,1,3,3,1,12,1,1,3,3
2,9,1,23,0.2,1,2,1,1,1,237.07,1,10,1,3,1,3,5,3,1,2,2
2,9,1,24,0.05,2,3,2,2,1,268.61,1,9,3,1,2,2,14,3,3,1,1
2,9,1,25,0.4,1,1,1,1,1,189.57,1,1,1,1,1,1,11,1,1,1,1
2,9,1,26,0.1,1,3,1,2,0,322.83,0,11,3,1,3,1,12,1,1,3,3
2,9,1,27,0.1,1,1,1,2,0,153.93,1,17,1,3,1,3,1,1,1,1,1
2,9,1,28,0.8,1,1,NaN,NaN,NaN,NaN,NaN,2,1,1,1,1,20,1,1,1,1
2,9,1,29,1.8,2,3,2,2,1,213.82,1,19,1,1,2,2,10,3,3,1,1
2,9,1,30,0.1,1,2,1,1,1,285.91,1,19,3,1,3,1,6,1,1,2,2
2,9,1,31,1.8,1,3,1,1,1,180.5,1,19,3,3,3,3,18,3,1,1,3
2,9,1,32,1.8,3,3,2,2,1,198.18,1,15,3,1,1,3,9,3,3,1,1
2,9,1,33,0.05,3,2,2,2,1,296.77,1,20,3,3,1,1,19,3,1,2,2
2,9,1,34,0.1,3,2,2,2,1,261.89,1,20,1,1,3,3,16,1,3,2,2
2,9,1,35,0.05,3,2,2,2,1,253.3,1,12,1,3,3,1,11,3,1,2,2
2,9,1,36,0.4,3,1,2,2,1,221.77,1,5,3,3,1,1,13,3,3,3,3
2,9,1,37,0.05,2,3,2,2,1,264.67,1,4,1,3,2,2,13,1,1,3,3
2,9,1,38,0.2,1,2,1,1,1,236.58,1,4,3,1,3,1,9,1,1,2,2
2,9,1,39,0.2,3,3,2,2,1,169.86,1,17,1,3,3,1,15,1,3,3,1
2,9,1,40,0.1,1,3,1,2,0,251.5,1,11,3,1,3,1,7,3,3,1,1
2,9,1,41,0.8,2,3,2,2,1,239.44,1,18,3,3,2,2,1,1,3,3,1
2,9,1,42,0.4,3,1,2,2,1,211.35,1,18,3,1,1,3,18,3,3,3,3
2,9,1,43,0.4,2,3,2,1,0,214.23,1,9,3,1,2,2,18,1,1,3,3
2,9,1,44,0.2,2,3,2,2,1,220.1,1,8,3,1,2,2,10,1,3,3,1
2,9,1,45,1.8,3,3,2,2,1,256.13,1,10,3,1,1,3,9,3,3,1,1
2,9,1,46,0.4,2,3,2,2,1,226.55,1,17,3,3,2,2,10,3,1,1,3
2,9,1,47,0.4,2,3,2,1,0,247.08,1,12,1,1,2,2,15,3,1,1,3
2,9,1,48,0.1,2,2,2,1,0,259.87,1,15,1,3,2,2,15,1,3,2,2
2,9,1,49,0.2,3,2,2,2,1,185.9,1,13,1,1,3,3,9,3,1,2,2
2,9,1,50,0.05,1,3,1,2,0,346.29,0,9,3,1,3,1,16,3,3,1,1
2,9,1,51,0.4,2,1,2,2,1,243.53,1,4,1,3,2,2,13,3,3,3,3
2,9,1,52,1.8,1,1,1,1,1,141.34,1,8,3,1,3,1,2,3,3,3,3
2,9,1,53,0.05,2,3,2,2,1,315.81,0,13,1,3,2,2,10,3,1,1,3
2,9,1,54,0.8,3,3,2,2,1,277.95,1,4,3,3,1,1,12,3,3,1,1
2,9,1,55,1.8,1,3,NaN,NaN,NaN,NaN,NaN,6,3,1,3,1,1,3,1,1,3
2,9,1,56,0.05,2,2,2,2,1,406.43,0,10,3,1,2,2,11,1,3,2,2
2,9,1,57,0.4,2,2,2,2,1,275.92,1,10,3,3,2,2,4,1,1,2,2
2,9,1,58,0.1,3,3,2,2,1,237.22,1,9,3,3,1,1,2,3,1,1,3
2,9,1,59,0.2,1,3,1,1,1,315.74,0,15,1,3,1,3,5,3,1,1,3
2,9,1,60,0.2,3,2,2,2,1,70.556,2,3,1,1,3,3,5,3,1,2,2
2,9,1,61,0.05,1,2,1,2,0,296.98,1,14,3,1,3,1,20,1,1,2,2
2,9,1,62,0.4,3,3,2,2,1,233.12,1,18,1,1,3,3,14,3,3,1,1
2,9,1,63,0.8,1,3,1,2,0,253.29,1,19,3,3,3,3,7,1,1,3,3
2,9,1,64,1.8,2,3,NaN,NaN,NaN,NaN,NaN,5,3,3,2,2,7,1,1,3,3
2,9,1,65,0.8,1,3,1,1,1,218.19,1,9,1,3,1,3,1,3,3,1,1
2,9,1,66,0.8,1,1,1,2,0,225.86,1,10,3,1,3,1,8,1,1,1,1
2,9,1,67,1.8,2,1,NaN,NaN,NaN,NaN,NaN,14,1,1,2,2,17,1,3,1,3
2,9,1,68,0.05,1,2,1,1,1,278.03,1,9,3,3,3,3,14,3,1,2,2
2,9,1,69,0.4,2,3,2,2,1,250.77,1,2,3,3,2,2,7,1,1,3,3
2,9,1,70,0.1,1,2,1,1,1,267.53,1,4,3,1,3,1,19,1,1,2,2
2,9,1,71,0.8,3,1,2,2,1,159.33,1,10,1,1,3,3,9,3,3,3,3
2,9,1,72,0.8,3,2,2,2,1,201.15,1,16,3,1,1,3,4,3,1,2,2
2,9,1,73,0.4,1,3,1,1,1,240.14,1,2,3,1,3,1,12,3,1,1,3
2,9,1,74,0.1,1,3,1,2,0,283.42,1,6,3,1,3,1,20,1,1,3,3
2,9,1,75,0.2,3,3,2,2,1,228.96,1,17,3,1,1,3,20,3,1,1,3
2,9,1,76,0.2,1,2,1,1,1,210.09,1,14,3,1,3,1,8,3,3,2,2
2,9,1,77,0.1,3,3,2,2,1,253.36,1,5,3,1,1,3,20,3,3,1,1
2,9,1,78,0.05,1,2,1,1,1,261.5,1,17,3,3,3,3,17,1,3,2,2
2,9,2,1,0.1,1,3,1,1,1,227.74,1,1,1,3,1,3,4,3,3,1,1
2,9,2,2,0.2,3,1,2,2,1,100.06,1,15,1,3,3,1,5,1,3,1,3
2,9,2,3,0.4,2,3,2,1,0,187.86,1,1,3,1,2,2,2,3,3,1,1
2,9,2,4,1.8,2,2,2,2,1,206.31,1,6,1,1,2,2,18,1,3,2,2
2,9,2,5,0.1,3,1,2,2,1,272.99,1,18,3,1,1,3,19,1,3,1,3
2,9,2,6,1.8,1,2,NaN,NaN,NaN,NaN,NaN,10,1,3,1,3,10,1,1,2,2
2,9,2,7,1.8,3,3,2,2,1,256.9,1,10,3,1,1,3,5,3,1,1,3
2,9,2,8,1.8,2,2,2,2,1,252.53,1,16,1,3,2,2,2,3,3,2,2
2,9,2,9,1.8,1,2,1,1,1,221.09,1,4,1,3,1,3,20,1,3,2,2
2,9,2,10,0.2,3,2,2,2,1,256.4,1,5,3,1,1,3,15,3,1,2,2
2,9,2,11,0.1,2,2,2,2,1,307.41,0,13,3,1,2,2,4,1,3,2,2
2,9,2,12,0.8,1,2,1,1,1,223.23,1,8,1,3,1,3,12,1,1,2,2
2,9,2,13,0.4,1,1,1,1,1,201.62,1,3,3,1,3,1,9,3,3,3,3
2,9,2,14,0.1,3,3,2,2,1,252.09,1,20,1,1,3,3,1,1,3,3,1
2,9,2,15,0.2,3,3,2,2,1,219.83,1,15,3,3,1,1,10,1,1,3,3
2,9,2,16,0.2,3,2,2,2,1,267.81,1,6,3,3,1,1,11,3,1,2,2
2,9,2,17,0.05,2,1,2,2,1,226.15,1,14,3,1,2,2,12,3,1,3,1
2,9,2,18,0.05,1,2,1,1,1,304.19,0,16,3,3,3,3,19,1,1,2,2
2,9,2,19,0.05,3,3,2,2,1,230.29,1,18,1,3,3,1,15,3,1,1,3
2,9,2,20,1.8,3,2,NaN,NaN,NaN,NaN,NaN,6,3,1,1,3,10,3,3,2,2
2,9,2,21,0.4,3,1,2,1,0,245.65,1,12,3,3,1,1,8,3,3,3,3
2,9,2,22,0.05,1,1,1,2,0,295.26,1,7,3,1,3,1,10,1,3,1,3
2,9,2,23,0.1,1,3,1,1,1,225.78,1,18,1,1,1,1,15,3,1,1,3
2,9,2,24,0.4,1,1,NaN,NaN,NaN,NaN,NaN,1,1,3,1,3,15,1,1,1,1
2,9,2,25,0.2,1,1,1,1,1,233.79,1,14,3,1,3,1,14,3,1,3,1
2,9,2,26,0.8,1,3,1,1,1,207.24,1,14,3,1,3,1,6,1,1,3,3
2,9,2,27,0.05,2,1,2,1,0,259.85,1,20,1,1,2,2,16,3,1,3,1
2,9,2,28,0.1,3,3,2,2,1,224.78,1,5,3,1,1,3,11,3,3,1,1
2,9,2,29,0.05,1,2,1,1,1,265.54,1,9,3,1,3,1,1,3,1,2,2
2,9,2,30,0.8,1,3,1,2,0,230.51,1,1,1,1,1,1,6,3,3,1,1
2,9,2,31,0.8,2,1,NaN,NaN,NaN,NaN,NaN,5,1,1,2,2,3,1,1,1,1
2,9,2,32,0.8,3,1,2,2,1,244.43,1,8,3,3,1,1,12,3,3,3,3
2,9,2,33,0.05,1,1,1,2,0,397.46,0,7,1,1,1,1,17,1,3,1,3
2,9,2,34,0.8,3,1,2,2,1,212.68,1,7,3,1,1,3,3,1,3,1,3
2,9,2,35,0.05,1,1,1,1,1,256.83,1,20,3,1,3,1,9,1,3,1,3
2,9,2,36,1.8,2,2,2,2,1,170.15,1,3,3,1,2,2,3,1,1,2,2
2,9,2,37,0.1,1,1,1,1,1,192.23,1,19,3,1,3,1,6,3,1,3,1
2,9,2,38,0.4,1,1,1,1,1,226.39,1,6,3,3,3,3,6,1,3,1,3
2,9,2,39,0.8,2,3,2,2,1,175.83,1,16,1,1,2,2,7,3,1,1,3
2,9,2,40,0.8,1,3,1,2,0,241.02,1,11,1,1,1,1,20,3,1,1,3
2,9,2,41,0.2,1,1,1,1,1,246.02,1,10,3,3,3,3,2,3,1,3,1
2,9,2,42,0.2,1,2,1,2,0,274.78,1,11,1,1,1,1,14,3,3,2,2
2,9,2,43,0.4,1,1,1,1,1,208,1,11,3,3,3,3,15,1,3,1,3
2,9,2,44,0.8,1,2,1,1,1,189.59,1,7,1,3,1,3,9,1,3,2,2
2,9,2,45,0.8,1,3,1,1,1,213.28,1,18,1,3,1,3,17,3,3,1,1
2,9,2,46,0.1,1,2,1,1,1,328.25,0,8,1,1,1,1,19,3,3,2,2
2,9,2,47,0.2,2,3,2,2,1,303.23,0,15,1,3,2,2,6,3,3,1,1
2,9,2,48,0.05,3,2,2,2,1,278.79,1,10,1,1,3,3,15,1,1,2,2
2,9,2,49,0.4,3,3,2,2,1,215.91,1,7,1,3,3,1,11,3,3,1,1
2,9,2,50,0.2,1,1,1,1,1,234.73,1,4,3,1,3,1,10,1,1,1,1
2,9,2,51,0.2,1,2,1,1,1,44.011,2,11,1,3,1,3,5,3,1,2,2
2,9,2,52,0.4,1,1,1,1,1,314.65,0,13,1,1,1,1,14,1,3,1,3
2,9,2,53,0.1,3,1,2,2,1,273.83,1,20,3,1,1,3,11,3,3,3,3
2,9,2,54,0.2,1,1,1,1,1,210.43,1,6,3,1,3,1,9,3,3,3,3
2,9,2,55,0.8,2,2,2,2,1,235.21,1,13,3,3,2,2,10,1,3,2,2
2,9,2,56,0.2,1,1,1,1,1,259.28,1,19,3,3,3,3,10,3,3,3,3
2,9,2,57,0.1,1,2,1,1,1,264.94,1,6,1,1,1,1,20,1,1,2,2
2,9,2,58,1.8,2,3,NaN,NaN,NaN,NaN,NaN,13,3,1,2,2,18,3,1,1,3
2,9,2,59,1.8,1,3,1,1,1,182.32,1,14,1,1,1,1,20,3,1,1,3
2,9,2,60,0.2,1,2,1,1,1,248.99,1,3,3,1,3,1,12,3,3,2,2
2,9,2,61,1.8,1,3,1,1,1,186.6,1,12,1,1,1,1,12,3,3,1,1
2,9,2,62,0.8,2,3,2,2,1,243.19,1,14,3,3,2,2,20,3,3,1,1
2,9,2,63,0.05,3,3,2,1,0,295.74,1,4,1,1,3,3,18,3,3,1,1
2,9,2,64,0.05,2,1,2,2,1,248.97,1,18,3,3,2,2,1,1,3,1,3
2,9,2,65,0.05,1,3,1,1,1,264.51,1,16,1,1,1,1,13,1,3,3,1
2,9,2,66,0.4,1,3,1,1,1,260.02,1,18,1,3,1,3,9,1,1,3,3
2,9,2,67,1.8,2,2,2,1,0,188.1,1,12,1,1,2,2,18,1,1,2,2
2,9,2,68,0.4,3,3,2,2,1,221.06,1,6,3,3,1,1,8,3,3,1,1
2,9,2,69,0.4,1,1,1,1,1,206.18,1,10,3,3,3,3,4,3,1,3,1
2,9,2,70,0.1,1,3,1,1,1,263.6,1,8,1,1,1,1,1,3,1,1,3
2,9,2,71,0.1,2,2,2,1,0,288.11,1,7,3,1,2,2,17,1,3,2,2
2,9,2,72,1.8,3,3,2,2,1,268.81,1,8,1,1,3,3,14,3,3,1,1
2,9,2,73,0.4,2,2,2,1,0,286.35,1,15,1,1,2,2,6,3,3,2,2
2,9,2,74,0.8,3,1,2,2,1,292.73,1,5,3,1,1,3,20,1,1,1,1
2,9,2,75,0.05,2,3,2,1,0,271.19,1,3,1,3,2,2,18,3,1,1,3
2,9,2,76,1.8,1,3,1,1,1,198.52,1,11,1,3,1,3,14,3,1,1,3
2,9,2,77,0.1,1,2,1,2,0,251.25,1,13,3,3,3,3,8,3,3,2,2
2,9,2,78,0.4,1,1,1,1,1,164.5,1,9,1,1,1,1,16,1,1,1,1
2,9,3,1,1.8,3,3,2,2,1,198.94,1,15,1,1,3,3,15,1,1,3,3
2,9,3,2,0.2,2,1,2,1,0,308.41,0,18,1,1,2,2,13,3,3,3,3
2,9,3,3,0.2,1,1,1,1,1,185.63,1,20,1,3,1,3,9,1,1,1,1
2,9,3,4,0.2,1,3,1,1,1,206.77,1,11,1,1,1,1,17,3,3,1,1
2,9,3,5,0.8,1,2,1,1,1,158.89,1,18,3,3,3,3,1,1,3,2,2
2,9,3,6,0.8,1,2,1,1,1,211.37,1,6,1,1,1,1,7,3,3,2,2
2,9,3,7,0.1,1,2,1,1,1,260.28,1,14,1,3,1,3,12,1,1,2,2
2,9,3,8,0.1,1,3,1,2,0,312.57,0,7,1,3,1,3,9,3,1,1,3
2,9,3,9,0.2,1,3,1,2,0,387.76,0,2,3,1,3,1,12,3,3,1,1
2,9,3,10,1.8,2,3,2,2,1,193.01,1,13,3,1,2,2,10,1,1,3,3
2,9,3,11,0.1,2,1,2,2,1,343.81,0,14,1,3,2,2,12,3,3,3,3
2,9,3,12,1.8,1,1,1,1,1,203.54,1,7,3,1,3,1,16,3,1,3,1
2,9,3,13,1.8,2,3,NaN,NaN,NaN,NaN,NaN,11,1,1,2,2,4,1,1,3,3
2,9,3,14,1.8,1,3,1,1,1,175.51,1,3,1,1,1,1,13,3,1,1,3
2,9,3,15,1.8,3,3,2,2,1,222.62,1,3,1,1,3,3,19,3,1,1,3
2,9,3,16,0.4,1,2,1,1,1,212.77,1,1,3,1,3,1,15,3,3,2,2
2,9,3,17,0.4,2,1,2,2,1,219.31,1,13,3,3,2,2,19,3,3,3,3
2,9,3,18,0.2,1,3,1,1,1,233.59,1,7,1,3,1,3,20,1,1,3,3
2,9,3,19,0.05,1,1,1,1,1,299.78,1,17,1,1,1,1,3,1,1,1,1
2,9,3,20,0.2,1,3,1,2,0,316.25,0,8,1,1,1,1,13,1,3,3,1
2,9,3,21,0.05,3,1,2,2,1,287,1,2,3,1,1,3,17,3,3,3,3
2,9,3,22,0.8,2,2,2,1,0,203.23,1,19,3,3,2,2,2,1,3,2,2
2,9,3,23,1.8,1,1,1,1,1,209.45,1,10,3,1,3,1,11,3,3,3,3
2,9,3,24,0.8,3,2,2,2,1,201.9,1,19,3,1,1,3,18,3,3,2,2
2,9,3,25,0.05,3,1,2,2,1,296.79,1,3,1,1,3,3,12,1,1,1,1
2,9,3,26,0.4,2,2,2,1,0,245.54,1,8,3,1,2,2,7,1,3,2,2
2,9,3,27,0.2,2,3,2,2,1,263.21,1,2,1,3,2,2,9,3,1,1,3
2,9,3,28,0.8,1,2,1,1,1,205.64,1,5,1,3,1,3,18,1,1,2,2
2,9,3,29,0.05,3,3,2,2,1,298.77,1,15,1,3,3,1,15,3,3,1,1
2,9,3,30,0.05,1,3,1,2,0,281.89,1,14,3,3,3,3,10,3,3,1,1
2,9,3,31,0.1,1,3,1,1,1,316.41,0,3,3,1,3,1,3,1,3,3,1
2,9,3,32,0.4,1,2,1,1,1,215.01,1,10,1,1,1,1,6,1,3,2,2
2,9,3,33,0.05,1,3,1,1,1,310.62,0,20,1,1,1,1,14,1,1,3,3
2,9,3,34,0.2,1,3,1,1,1,256.17,1,19,1,1,1,1,6,3,1,1,3
2,9,3,35,0.1,2,3,2,2,1,283.29,1,15,3,3,2,2,9,3,1,1,3
2,9,3,36,0.1,2,3,2,2,1,234.5,1,4,1,1,2,2,18,3,1,1,3
2,9,3,37,0.4,1,3,1,1,1,203.53,1,12,3,1,3,1,10,1,3,3,1
2,9,3,38,1.8,1,1,1,1,1,225.77,1,9,1,3,1,3,13,3,1,3,1
2,9,3,39,0.8,3,1,NaN,NaN,NaN,NaN,NaN,8,3,3,1,1,7,3,3,3,3
2,9,3,40,0.2,2,1,2,2,1,303.3,0,1,3,3,2,2,19,1,3,1,3
2,9,3,41,0.05,1,2,1,1,1,288.51,1,12,3,3,3,3,11,3,1,2,2
2,9,3,42,0.4,2,1,2,2,1,265.65,1,10,1,3,2,2,4,1,3,1,3
2,9,3,43,0.1,3,3,2,2,1,275.98,1,16,3,3,1,1,20,3,3,1,1
2,9,3,44,0.4,2,2,2,2,1,232.4,1,9,1,1,2,2,18,3,3,2,2
2,9,3,45,0.8,3,1,2,2,1,226.1,1,2,1,3,3,1,2,1,1,1,1
2,9,3,46,0.8,2,2,2,2,1,254.1,1,3,1,3,2,2,4,1,1,2,2
2,9,3,47,0.8,2,2,2,2,1,229.72,1,6,1,1,2,2,20,3,1,2,2
2,9,3,48,0.1,2,1,2,1,0,288.38,1,1,3,3,2,2,8,3,3,3,3
2,9,3,49,0.2,1,1,1,1,1,329.07,0,13,1,3,1,3,14,3,3,3,3
2,9,3,50,0.1,1,1,1,1,1,217.68,1,3,1,3,1,3,20,3,1,3,1
2,9,3,51,0.8,2,2,2,1,0,247.86,1,1,1,1,2,2,9,3,1,2,2
2,9,3,52,0.2,3,2,2,2,1,262.14,1,11,3,3,1,1,3,3,3,2,2
2,9,3,53,0.1,2,3,2,2,1,293.59,1,17,1,1,2,2,17,1,1,3,3
2,9,3,54,0.05,1,2,1,1,1,279.75,1,4,3,3,3,3,5,1,3,2,2
2,9,3,55,0.4,2,1,2,1,0,208.79,1,18,3,3,2,2,20,1,1,1,1
2,9,3,56,0.05,1,2,1,1,1,276.86,1,16,1,1,1,1,2,3,1,2,2
2,9,3,57,1.8,1,1,1,1,1,216.45,1,10,3,3,3,3,1,3,3,3,3
2,9,3,58,0.05,1,1,1,2,0,260.27,1,17,3,1,3,1,20,3,1,3,1
2,9,3,59,0.05,2,3,2,2,1,266.98,1,2,3,3,2,2,12,1,1,3,3
2,9,3,60,0.1,1,2,1,1,1,253.26,1,12,1,1,1,1,15,1,3,2,2
2,9,3,61,0.4,1,3,1,1,1,237.09,1,2,1,1,1,1,16,1,3,3,1
2,9,3,62,0.8,1,2,1,1,1,225.7,1,18,3,3,3,3,3,1,3,2,2
2,9,3,63,0.1,3,2,2,1,0,267.21,1,3,3,1,1,3,4,3,3,2,2
2,9,3,64,0.8,3,2,NaN,NaN,NaN,NaN,NaN,1,1,1,3,3,8,1,1,2,2
2,9,3,65,1.8,3,3,2,2,1,200.39,1,20,1,1,3,3,15,3,1,1,3
2,9,3,66,0.4,1,2,1,1,1,227.47,1,5,1,3,1,3,12,3,1,2,2
2,9,3,67,0.4,2,1,2,2,1,246.58,1,4,1,3,2,2,18,1,3,1,3
2,9,3,68,0.2,2,3,2,2,1,250.75,1,7,1,1,2,2,20,3,1,1,3
2,9,3,69,0.4,2,2,2,2,1,251.25,1,17,1,3,2,2,9,3,3,2,2
2,9,3,70,1.8,1,2,1,1,1,217.66,1,17,3,3,3,3,4,3,3,2,2
2,9,3,71,1.8,1,3,1,2,0,219.79,1,5,1,1,1,1,10,3,1,1,3
2,9,3,72,1.8,1,1,1,1,1,226.22,1,4,1,3,1,3,6,3,3,3,3
2,9,3,73,0.1,3,1,2,2,1,272.96,1,6,3,1,1,3,9,1,1,1,1
2,9,3,74,0.8,2,3,2,2,1,224.92,1,14,1,3,2,2,5,1,1,3,3
2,9,3,75,0.05,1,2,1,1,1,287.73,1,11,3,3,3,3,15,3,1,2,2
2,9,3,76,0.05,2,2,2,2,1,301.5,0,14,3,3,2,2,2,1,1,2,2
2,9,3,77,0.4,1,3,1,2,0,433.39,0,6,1,3,1,3,1,3,1,1,3
2,9,3,78,0.2,2,2,2,2,1,247.8,1,2,1,1,2,2,11,1,3,2,2
2,9,4,1,0.1,3,2,2,2,1,259.7,1,15,3,1,1,3,11,1,1,2,2
2,9,4,2,0.8,1,3,1,1,1,244.46,1,2,1,1,1,1,18,3,3,1,1
2,9,4,3,0.2,1,3,1,2,0,267.29,1,5,3,3,3,3,7,1,1,3,3
2,9,4,4,0.1,3,1,2,2,1,358.43,0,12,1,3,3,1,9,3,3,3,3
2,9,4,5,0.4,1,2,1,1,1,165.93,1,13,3,3,3,3,15,3,3,2,2
2,9,4,6,0.1,3,2,2,2,1,317.38,0,17,3,1,1,3,1,3,3,2,2
2,9,4,7,0.05,2,2,2,1,0,211.25,1,18,3,1,2,2,16,3,1,2,2
2,9,4,8,0.1,3,2,2,2,1,220.08,1,8,1,3,3,1,7,3,3,2,2
2,9,4,9,1.8,1,2,NaN,NaN,NaN,NaN,NaN,4,1,3,1,3,18,3,1,2,2
2,9,4,10,1.8,1,2,NaN,NaN,NaN,NaN,NaN,5,3,3,3,3,8,1,3,2,2
2,9,4,11,1.8,3,3,2,2,1,215.16,1,8,3,1,1,3,6,1,3,3,1
2,9,4,12,0.2,1,3,1,1,1,211.9,1,14,1,1,1,1,1,1,3,3,1
2,9,4,13,1.8,1,2,1,1,1,227.29,1,14,1,1,1,1,6,1,3,2,2
2,9,4,14,0.05,1,1,1,2,0,338.14,0,1,1,1,1,1,12,3,3,3,3
2,9,4,15,0.05,3,3,2,2,1,240.74,1,19,3,1,1,3,19,1,1,3,3
2,9,4,16,0.8,1,2,1,1,1,223.35,1,2,3,1,3,1,10,3,1,2,2
2,9,4,17,1.8,2,3,2,2,1,199.45,1,18,1,1,2,2,16,1,1,3,3
2,9,4,18,0.05,1,2,1,2,0,416.69,0,6,3,1,3,1,11,1,3,2,2
2,9,4,19,0.2,1,3,1,1,1,286.12,1,9,1,3,1,3,8,3,3,1,1
2,9,4,20,0.8,2,1,2,1,0,216.86,1,12,3,3,2,2,1,3,3,3,3
2,9,4,21,0.4,2,3,2,2,1,256.36,1,13,3,1,2,2,11,3,3,1,1
2,9,4,22,0.1,1,3,1,1,1,337.39,0,10,1,1,1,1,1,3,3,1,1
2,9,4,23,0.8,3,3,2,2,1,245.44,1,8,3,1,1,3,14,1,3,3,1
2,9,4,24,0.2,3,2,2,2,1,296.85,1,13,3,3,1,1,18,3,3,2,2
2,9,4,25,0.4,3,2,2,2,1,249.63,1,8,3,1,1,3,4,1,1,2,2
2,9,4,26,0.05,3,1,2,2,1,277.25,1,10,1,3,3,1,4,3,3,3,3
2,9,4,27,0.1,3,3,2,2,1,257.03,1,3,1,1,3,3,9,1,3,3,1
2,9,4,28,0.8,1,2,1,1,1,247.9,1,18,1,3,1,3,10,3,1,2,2
2,9,4,29,0.2,3,3,2,2,1,241.44,1,15,3,3,1,1,19,1,3,3,1
2,9,4,30,1.8,3,1,NaN,NaN,NaN,NaN,NaN,7,3,1,1,3,4,3,1,3,1
2,9,4,31,0.8,2,3,2,2,1,221.43,1,20,1,1,2,2,1,1,1,3,3
2,9,4,32,0.05,3,3,2,2,1,278.64,1,19,1,3,3,1,18,3,3,1,1
2,9,4,33,0.4,2,2,2,1,0,282.58,1,3,3,1,2,2,16,1,3,2,2
2,9,4,34,0.05,1,3,1,2,0,251.84,1,13,1,1,1,1,9,3,1,1,3
2,9,4,35,0.05,2,2,2,1,0,216.9,1,4,1,1,2,2,1,1,3,2,2
2,9,4,36,0.2,3,3,2,2,1,292.46,1,16,1,1,3,3,9,3,3,1,1
2,9,4,37,0.2,3,1,2,2,1,271.94,1,11,3,1,1,3,10,1,1,1,1
2,9,4,38,1.8,2,2,2,2,1,192.69,1,8,3,1,2,2,20,3,3,2,2
2,9,4,39,0.1,3,3,2,2,1,228.29,1,7,1,3,3,1,3,3,1,1,3
2,9,4,40,0.2,3,2,2,2,1,261.82,1,11,1,3,3,1,19,3,1,2,2
2,9,4,41,0.05,1,2,1,1,1,348.89,0,4,1,3,1,3,3,1,3,2,2
2,9,4,42,0.1,1,1,1,1,1,230.86,1,5,3,3,3,3,3,3,1,3,1
2,9,4,43,0.4,1,1,1,1,1,214.1,1,5,1,3,1,3,12,1,1,1,1
2,9,4,44,0.4,3,3,2,2,1,219.66,1,12,1,3,3,1,13,3,1,1,3
2,9,4,45,0.4,1,1,1,1,1,201.24,1,19,1,1,1,1,16,1,1,1,1
2,9,4,46,0.2,2,2,2,1,0,237.16,1,20,3,3,2,2,8,3,1,2,2
2,9,4,47,1.8,1,2,1,1,1,220.47,1,6,3,1,3,1,9,3,1,2,2
2,9,4,48,0.4,3,1,2,2,1,249.93,1,11,1,1,3,3,5,3,3,3,3
2,9,4,49,0.1,2,1,2,1,0,277.51,1,3,1,3,2,2,13,1,3,1,3
2,9,4,50,0.8,2,3,2,2,1,219.8,1,5,3,1,2,2,6,3,3,1,1
2,9,4,51,1.8,1,1,1,1,1,182.03,1,17,3,1,3,1,7,1,1,1,1
2,9,4,52,0.1,3,3,2,2,1,260.47,1,16,1,3,3,1,6,3,3,1,1
2,9,4,53,0.8,1,2,1,1,1,197.2,1,8,3,3,3,3,7,1,1,2,2
2,9,4,54,0.4,2,2,2,1,0,266.68,1,1,1,1,2,2,16,1,3,2,2
2,9,4,55,1.8,1,1,1,1,1,211.69,1,14,1,1,1,1,3,3,1,3,1
2,9,4,56,0.8,1,2,1,1,1,223.99,1,16,1,1,1,1,8,1,1,2,2
2,9,4,57,0.05,1,2,1,1,1,354.28,0,16,1,3,1,3,9,3,3,2,2
2,9,4,58,1.8,3,1,NaN,NaN,NaN,NaN,NaN,18,3,3,1,1,20,3,1,3,1
2,9,4,59,0.1,1,3,1,1,1,274.09,1,19,1,3,1,3,1,1,1,3,3
2,9,4,60,0.1,2,1,2,2,1,313.59,0,14,1,1,2,2,19,1,3,1,3
2,9,4,61,0.05,2,2,2,1,0,326.88,0,11,3,1,2,2,4,3,3,2,2
2,9,4,62,0.4,3,1,NaN,NaN,NaN,NaN,NaN,8,1,3,3,1,15,3,3,3,3
2,9,4,63,0.05,1,2,1,1,1,297.11,1,15,1,3,1,3,9,1,3,2,2
2,9,4,64,0.4,3,2,2,2,1,260.23,1,11,1,3,3,1,12,1,1,2,2
2,9,4,65,0.05,3,1,2,2,1,353.98,0,11,1,3,3,1,20,3,3,3,3
2,9,4,66,0.2,1,1,1,1,1,255.38,1,9,3,3,3,3,10,1,3,1,3
2,9,4,67,0.8,2,3,2,1,0,244.55,1,9,1,1,2,2,15,3,1,1,3
2,9,4,68,0.8,1,3,1,2,0,213.4,1,20,1,1,1,1,13,3,1,1,3
2,9,4,69,0.8,3,2,2,2,1,182.85,1,3,1,3,3,1,13,3,3,2,2
2,9,4,70,1.8,2,2,2,2,1,262.08,1,16,3,3,2,2,17,1,3,2,2
2,9,4,71,0.1,2,3,2,2,1,271.21,1,15,3,3,2,2,10,1,1,3,3
2,9,4,72,0.2,3,2,2,2,1,204.93,1,11,1,3,3,1,10,1,1,2,2
2,9,4,73,0.2,3,2,2,2,1,321.88,0,2,3,3,1,1,4,1,1,2,2
2,9,4,74,0.4,3,1,2,2,1,257.88,1,19,1,1,3,3,9,1,3,1,3
2,9,4,75,1.8,3,2,2,2,1,233.9,1,16,3,1,1,3,6,3,1,2,2
2,9,4,76,0.8,1,2,NaN,NaN,NaN,NaN,NaN,8,1,3,1,3,2,3,3,2,2
2,9,4,77,0.2,1,3,1,1,1,274.28,1,17,3,3,3,3,15,3,3,1,1
2,9,4,78,0.4,1,1,1,1,1,261.09,1,15,1,1,1,1,8,3,3,3,3
2,9,5,1,0.2,3,1,2,2,1,207.04,1,15,1,3,3,1,19,1,1,1,1
2,9,5,2,1.8,1,2,1,1,1,200.55,1,11,1,1,1,1,20,3,1,2,2
2,9,5,3,0.2,3,3,2,2,1,239.26,1,4,3,1,1,3,16,1,1,3,3
2,9,5,4,0.2,1,2,1,1,1,80.751,2,20,3,1,3,1,5,1,1,2,2
2,9,5,5,0.4,2,1,2,1,0,255,1,10,1,3,2,2,12,3,3,3,3
2,9,5,6,0.05,1,2,1,1,1,269.51,1,3,3,1,3,1,13,3,3,2,2
2,9,5,7,0.05,1,1,1,1,1,248.68,1,14,3,3,3,3,13,3,3,3,3
2,9,5,8,0.8,2,1,2,1,0,225.97,1,10,3,1,2,2,9,1,3,1,3
2,9,5,9,0.05,3,2,2,2,1,254.95,1,12,3,1,1,3,6,3,1,2,2
2,9,5,10,0.2,1,2,1,1,1,231.27,1,5,1,3,1,3,7,1,3,2,2
2,9,5,11,0.05,2,3,2,2,1,261.22,1,6,1,1,2,2,8,1,3,3,1
2,9,5,12,0.05,1,2,1,1,1,255.51,1,13,1,3,1,3,14,3,3,2,2
2,9,5,13,0.1,1,2,1,1,1,260.94,1,10,3,1,3,1,18,1,1,2,2
2,9,5,14,0.1,3,1,2,2,1,183.74,1,8,1,3,3,1,20,3,3,3,3
2,9,5,15,0.8,1,2,1,1,1,252.8,1,12,1,3,1,3,20,3,3,2,2
2,9,5,16,0.1,2,2,2,1,0,249.71,1,10,3,3,2,2,7,3,1,2,2
2,9,5,17,0.8,1,2,1,1,1,167.83,1,8,3,3,3,3,4,3,1,2,2
2,9,5,18,0.4,1,1,1,1,1,243.34,1,1,3,3,3,3,18,3,1,3,1
2,9,5,19,0.05,3,2,2,2,1,301.08,0,4,3,1,1,3,13,3,3,2,2
2,9,5,20,0.1,1,3,1,2,0,298.24,1,10,3,1,3,1,10,3,1,1,3
2,9,5,21,0.4,2,2,2,1,0,219.7,1,9,1,3,2,2,18,3,3,2,2
2,9,5,22,0.4,3,3,2,2,1,362.06,0,13,1,3,3,1,9,1,3,3,1
2,9,5,23,1.8,1,3,1,1,1,186.77,1,12,3,1,3,1,20,3,3,1,1
2,9,5,24,0.8,1,3,1,2,0,187.46,1,18,3,3,3,3,12,3,1,1,3
2,9,5,25,0.05,1,1,1,1,1,266.74,1,18,1,1,1,1,20,1,1,1,1
2,9,5,26,1.8,3,3,2,2,1,192.54,1,4,3,3,1,1,1,3,3,1,1
2,9,5,27,0.05,1,3,1,2,0,376.7,0,18,1,1,1,1,8,3,3,1,1
2,9,5,28,1.8,3,2,2,2,1,204.9,1,19,3,1,1,3,20,1,1,2,2
2,9,5,29,0.8,1,3,1,1,1,195.57,1,16,3,3,3,3,1,3,1,1,3
2,9,5,30,0.05,1,3,1,2,0,329.72,0,16,3,3,3,3,20,3,3,1,1
2,9,5,31,1.8,2,3,2,2,1,215.55,1,6,1,3,2,2,17,3,3,1,1
2,9,5,32,1.8,1,3,1,1,1,189.32,1,10,3,3,3,3,15,1,1,3,3
2,9,5,33,0.8,1,3,1,1,1,216.69,1,19,3,1,3,1,6,3,3,1,1
2,9,5,34,0.2,1,2,1,1,1,252.83,1,9,3,3,3,3,17,1,3,2,2
2,9,5,35,0.1,3,2,2,1,0,267.69,1,4,3,3,1,1,12,3,3,2,2
2,9,5,36,0.05,1,2,1,1,1,253.58,1,15,3,1,3,1,5,1,1,2,2
2,9,5,37,1.8,3,1,2,2,1,170.18,1,16,3,3,1,1,1,1,1,1,1
2,9,5,38,0.4,3,3,2,2,1,230.35,1,7,1,1,3,3,15,1,3,3,1
2,9,5,39,0.1,2,3,2,2,1,321.36,0,10,1,3,2,2,13,3,3,1,1
2,9,5,40,0.8,1,3,1,1,1,199.36,1,5,1,3,1,3,20,3,3,1,1
2,9,5,41,0.1,1,1,1,1,1,293.28,1,4,3,3,3,3,12,1,3,1,3
2,9,5,42,0.2,2,3,2,2,1,201.13,1,3,3,3,2,2,10,1,1,3,3
2,9,5,43,1.8,1,1,1,2,0,176.85,1,14,1,3,1,3,10,3,1,3,1
2,9,5,44,0.1,3,1,2,2,1,259.15,1,19,3,3,1,1,10,3,3,3,3
2,9,5,45,0.1,1,3,1,1,1,246.14,1,1,3,1,3,1,8,3,1,1,3
2,9,5,46,0.1,1,2,1,1,1,271.9,1,4,1,3,1,3,11,1,1,2,2
2,9,5,47,1.8,2,2,2,1,0,171.99,1,17,3,1,2,2,12,1,1,2,2
2,9,5,48,0.05,3,2,2,2,1,256.87,1,9,1,3,3,1,3,1,3,2,2
2,9,5,49,0.05,1,3,1,2,0,279.7,1,3,3,1,3,1,4,1,1,3,3
2,9,5,50,0.4,2,2,2,1,0,266.85,1,8,3,1,2,2,14,1,1,2,2
2,9,5,51,0.2,3,2,2,2,1,178.39,1,1,1,3,3,1,3,3,3,2,2
2,9,5,52,0.4,2,3,2,1,0,209.04,1,18,3,1,2,2,11,1,1,3,3
2,9,5,53,0.8,1,1,1,1,1,226.26,1,7,3,3,3,3,6,3,1,3,1
2,9,5,54,0.8,1,2,1,1,1,204.18,1,12,1,1,1,1,8,3,1,2,2
2,9,5,55,0.1,2,2,2,1,0,236.36,1,16,3,3,2,2,2,3,1,2,2
2,9,5,56,0.1,1,3,1,2,0,272.29,1,8,3,1,3,1,17,1,3,3,1
2,9,5,57,0.1,1,1,1,1,1,242.42,1,18,1,3,1,3,18,3,3,3,3
2,9,5,58,1.8,1,2,1,1,1,89.467,2,18,3,1,3,1,5,1,1,2,2
2,9,5,59,0.4,1,2,1,1,1,230,1,8,3,1,3,1,7,1,3,2,2
2,9,5,60,0.05,1,2,1,2,0,275.33,1,9,1,1,1,1,4,3,1,2,2
2,9,5,61,0.8,1,1,1,1,1,206.12,1,18,1,3,1,3,9,3,1,3,1
2,9,5,62,0.8,1,3,1,1,1,253.78,1,16,3,3,3,3,6,3,1,1,3
2,9,5,63,0.2,2,1,2,1,0,224.83,1,9,1,3,2,2,6,3,3,3,3
2,9,5,64,0.4,2,2,2,1,0,216.25,1,15,3,1,2,2,9,3,3,2,2
2,9,5,65,0.4,1,2,1,2,0,256.06,1,19,3,3,3,3,12,3,3,2,2
2,9,5,66,1.8,3,2,2,2,1,205.3,1,19,3,1,1,3,3,3,3,2,2
2,9,5,67,1.8,1,1,1,1,1,207.81,1,17,3,1,3,1,20,3,1,3,1
2,9,5,68,0.2,3,2,2,2,1,264.72,1,3,1,3,3,1,16,1,3,2,2
2,9,5,69,1.8,1,3,1,1,1,231.65,1,17,3,1,3,1,1,3,1,1,3
2,9,5,70,0.2,2,1,2,2,1,309.17,0,3,3,3,2,2,11,1,3,1,3
2,9,5,71,0.2,3,3,2,2,1,242.48,1,20,1,3,3,1,3,3,1,1,3
2,9,5,72,0.4,2,1,2,2,1,261.39,1,1,3,1,2,2,7,3,1,3,1
2,9,5,73,0.2,2,2,2,2,1,217.66,1,16,1,3,2,2,12,3,1,2,2
2,9,5,74,0.4,1,2,1,1,1,186.1,1,20,1,1,1,1,15,1,1,2,2
2,9,5,75,0.4,3,3,2,2,1,242.58,1,13,1,3,3,1,15,1,1,3,3
2,9,5,76,0.8,1,1,1,1,1,196.09,1,1,1,1,1,1,19,1,1,1,1
2,9,5,77,0.2,1,2,1,1,1,247.83,1,1,1,1,1,1,10,3,3,2,2
2,9,5,78,0.8,1,3,1,1,1,225.49,1,9,3,3,3,3,18,1,3,3,1
2,9,6,1,0.2,1,2,1,1,1,250.96,1,3,3,1,3,1,10,1,3,2,2
2,9,6,2,0.2,1,2,1,1,1,258.45,1,8,1,1,1,1,12,1,1,2,2
2,9,6,3,0.1,3,3,2,2,1,244.92,1,17,1,1,3,3,12,3,1,1,3
2,9,6,4,1.8,2,1,2,2,1,210.49,1,20,3,3,2,2,5,1,1,1,1
2,9,6,5,0.2,2,1,2,1,0,214.57,1,2,1,1,2,2,20,3,1,3,1
2,9,6,6,0.4,1,2,1,1,1,247.38,1,13,3,1,3,1,1,3,1,2,2
2,9,6,7,0.05,1,2,1,1,1,317.46,0,19,1,1,1,1,13,3,3,2,2
2,9,6,8,0.05,1,1,1,1,1,260.2,1,16,1,3,1,3,19,3,1,3,1
2,9,6,9,0.05,2,3,2,2,1,313.8,0,14,3,1,2,2,10,1,1,3,3
2,9,6,10,1.8,1,2,1,1,1,249.12,1,1,3,3,3,3,1,1,1,2,2
2,9,6,11,0.4,1,3,1,1,1,206.4,1,3,3,3,3,3,10,3,3,1,1
2,9,6,12,0.4,2,1,2,1,0,181.3,1,13,3,1,2,2,2,3,1,3,1
2,9,6,13,0.8,3,1,2,2,1,239.6,1,19,3,3,1,1,8,3,1,3,1
2,9,6,14,0.1,1,3,1,1,1,261.85,1,1,1,1,1,1,9,3,3,1,1
2,9,6,15,1.8,3,3,NaN,NaN,NaN,NaN,NaN,5,3,1,1,3,14,3,1,1,3
2,9,6,16,0.2,1,3,1,1,1,226.88,1,15,1,1,1,1,16,3,1,1,3
2,9,6,17,1.8,3,2,2,2,1,221.58,1,3,1,1,3,3,19,1,3,2,2
2,9,6,18,0.05,1,1,1,1,1,254.38,1,1,1,1,1,1,1,1,3,1,3
2,9,6,19,0.05,1,2,1,1,1,263.09,1,3,1,1,1,1,10,3,3,2,2
2,9,6,20,0.1,3,3,2,2,1,253.48,1,6,1,3,3,1,15,3,1,1,3
2,9,6,21,0.4,3,3,2,2,1,214.6,1,2,1,3,3,1,12,1,1,3,3
2,9,6,22,0.8,3,2,2,2,1,235.76,1,15,3,3,1,1,1,1,3,2,2
2,9,6,23,0.4,3,1,2,2,1,220.29,1,16,1,3,3,1,5,3,1,3,1
2,9,6,24,0.8,2,3,2,2,1,224.94,1,1,3,3,2,2,18,1,1,3,3
2,9,6,25,0.05,2,3,2,1,0,296.72,1,1,3,1,2,2,7,3,3,1,1
2,9,6,26,1.8,3,3,2,2,1,195.06,1,13,3,3,1,1,8,3,3,1,1
2,9,6,27,0.1,3,1,2,2,1,333.86,0,10,3,1,1,3,2,1,3,1,3
2,9,6,28,0.2,3,1,2,2,1,215.55,1,14,1,1,3,3,12,3,1,3,1
2,9,6,29,1.8,2,3,2,2,1,190.44,1,11,1,3,2,2,19,3,1,1,3
2,9,6,30,0.8,2,3,2,1,0,274.83,1,10,1,1,2,2,12,3,1,1,3
2,9,6,31,0.8,2,2,2,2,1,206.69,1,14,3,1,2,2,3,1,1,2,2
2,9,6,32,0.8,1,3,1,1,1,212.09,1,8,1,3,1,3,15,1,1,3,3
2,9,6,33,0.1,2,1,2,2,1,299.99,1,17,3,3,2,2,13,1,3,1,3
2,9,6,34,0.8,1,3,1,1,1,195.61,1,6,1,1,1,1,18,3,3,1,1
2,9,6,35,0.8,1,2,1,1,1,217.4,1,2,3,1,3,1,5,3,3,2,2
2,9,6,36,1.8,1,3,1,2,0,168.43,1,20,1,3,1,3,5,1,1,3,3
2,9,6,37,0.2,1,2,1,1,1,204.11,1,13,1,1,1,1,13,1,3,2,2
2,9,6,38,0.2,1,3,1,2,0,246.56,1,5,1,1,1,1,17,1,1,3,3
2,9,6,39,0.05,1,2,1,1,1,242.31,1,6,3,1,3,1,9,3,3,2,2
2,9,6,40,1.8,1,3,1,1,1,225.83,1,18,1,1,1,1,8,3,1,1,3
2,9,6,41,1.8,1,3,1,1,1,195.42,1,15,1,3,1,3,12,3,1,1,3
2,9,6,42,0.4,3,2,2,2,1,415.49,0,9,3,3,1,1,18,1,1,2,2
2,9,6,43,0.8,2,3,2,2,1,215.68,1,7,3,3,2,2,8,1,3,3,1
2,9,6,44,0.1,1,1,1,1,1,284.8,1,13,3,3,3,3,3,1,1,1,1
2,9,6,45,0.1,2,2,2,2,1,351.62,0,5,1,1,2,2,12,1,3,2,2
2,9,6,46,0.05,1,3,1,1,1,291.3,1,20,3,1,3,1,6,1,1,3,3
2,9,6,47,0.4,1,1,1,1,1,198.34,1,20,3,3,3,3,13,1,1,1,1
2,9,6,48,0.4,1,1,1,1,1,344.28,0,20,1,3,1,3,9,3,3,3,3
2,9,6,49,0.05,2,1,2,1,0,286.5,1,1,3,1,2,2,19,3,3,3,3
2,9,6,50,0.2,2,1,2,1,0,226.22,1,11,3,1,2,2,20,3,1,3,1
2,9,6,51,0.1,3,2,2,2,1,270.87,1,4,3,1,1,3,10,1,1,2,2
2,9,6,52,0.4,1,3,1,1,1,183.18,1,12,1,1,1,1,15,1,1,3,3
2,9,6,53,0.1,3,1,2,2,1,272.29,1,5,3,3,1,1,12,1,3,1,3
2,9,6,54,0.4,2,2,2,2,1,201.93,1,9,3,3,2,2,5,1,3,2,2
2,9,6,55,0.05,3,2,2,2,1,263.51,1,3,1,1,3,3,1,3,1,2,2
2,9,6,56,0.8,3,3,2,2,1,199.54,1,13,3,3,1,1,12,1,1,3,3
2,9,6,57,0.1,2,1,2,2,1,238.44,1,4,1,1,2,2,15,1,1,1,1
2,9,6,58,1.8,1,3,1,1,1,301.56,0,11,1,1,1,1,5,3,1,1,3
2,9,6,59,0.4,1,1,1,1,1,222.04,1,11,1,1,1,1,19,3,1,3,1
2,9,6,60,0.05,3,1,2,2,1,289.83,1,5,3,3,1,1,11,3,1,3,1
2,9,6,61,0.2,3,2,2,2,1,250.83,1,2,1,3,3,1,10,3,1,2,2
2,9,6,62,0.1,1,3,1,1,1,231.57,1,17,1,3,1,3,14,3,1,1,3
2,9,6,63,0.8,2,1,2,1,0,226.24,1,1,3,1,2,2,5,1,3,1,3
2,9,6,64,0.2,1,3,1,2,0,268.85,1,7,3,1,3,1,5,3,1,1,3
2,9,6,65,0.8,1,3,1,1,1,241.37,1,2,1,3,1,3,10,1,1,3,3
2,9,6,66,1.8,2,3,2,2,1,175.63,1,9,1,1,2,2,4,1,3,3,1
2,9,6,67,0.2,1,2,1,2,0,341.89,0,17,1,3,1,3,18,3,1,2,2
2,9,6,68,0.1,2,3,2,2,1,226.22,1,10,3,1,2,2,18,1,3,3,1
2,9,6,69,0.4,2,2,2,2,1,264.03,1,5,3,3,2,2,20,3,3,2,2
2,9,6,70,0.05,1,3,1,2,0,260.09,1,18,1,1,1,1,7,3,1,1,3
2,9,6,71,0.1,2,1,2,2,1,222.5,1,16,3,1,2,2,9,3,3,3,3
2,9,6,72,1.8,2,3,2,2,1,224.22,1,2,3,3,2,2,3,1,3,3,1
2,9,6,73,0.2,1,2,1,1,1,220.53,1,13,1,3,1,3,1,1,1,2,2
2,9,6,74,0.2,1,2,1,1,1,229.44,1,8,1,3,1,3,11,1,1,2,2
2,9,6,75,0.4,3,3,NaN,NaN,NaN,NaN,NaN,7,1,3,3,1,7,1,3,3,1
2,9,6,76,1.8,2,3,NaN,NaN,NaN,NaN,NaN,3,3,1,2,2,6,3,3,1,1
2,9,6,77,0.05,1,1,1,1,1,272.78,1,13,1,3,1,3,9,1,1,1,1
2,9,6,78,0.8,1,3,1,1,1,231.26,1,11,3,1,3,1,14,3,3,1,1
2,9,7,1,0.8,1,1,1,1,1,218.29,1,16,1,1,1,1,12,3,3,3,3
2,9,7,2,0.4,2,1,2,1,0,255.3,1,10,1,1,2,2,16,1,1,1,1
2,9,7,3,0.4,1,3,1,1,1,239.52,1,13,1,3,1,3,20,3,3,1,1
2,9,7,4,0.1,1,2,1,1,1,311.18,0,13,3,3,3,3,17,3,1,2,2
2,9,7,5,0.8,1,1,1,1,1,224.72,1,9,3,1,3,1,5,3,1,3,1
2,9,7,6,0.4,1,2,1,1,1,216.36,1,16,3,1,3,1,18,3,3,2,2
2,9,7,7,0.4,3,1,2,2,1,226.61,1,18,3,1,1,3,8,3,1,3,1
2,9,7,8,0.1,1,2,1,1,1,273.26,1,4,3,1,3,1,3,3,1,2,2
2,9,7,9,1.8,1,1,1,1,1,314.46,0,8,1,1,1,1,1,1,3,1,3
2,9,7,10,0.1,3,3,2,2,1,252.15,1,18,1,1,3,3,9,3,1,1,3
2,9,7,11,0.2,2,2,2,2,1,261.23,1,3,1,1,2,2,6,1,3,2,2
2,9,7,12,0.2,2,2,2,2,1,292.73,1,6,3,1,2,2,12,3,3,2,2
2,9,7,13,0.05,1,2,1,2,0,249.21,1,17,1,1,1,1,10,3,3,2,2
2,9,7,14,0.8,1,1,1,1,1,193.46,1,1,1,1,1,1,2,1,1,1,1
2,9,7,15,0.4,1,2,1,1,1,259.64,1,12,1,3,1,3,17,1,1,2,2
2,9,7,16,0.2,3,3,2,2,1,153.47,1,8,1,1,3,3,15,3,1,1,3
2,9,7,17,0.05,1,1,1,2,0,371.02,0,15,3,1,3,1,19,1,1,1,1
2,9,7,18,0.4,1,1,1,1,1,212.16,1,5,1,3,1,3,8,3,1,3,1
2,9,7,19,0.2,2,1,2,2,1,222.68,1,5,1,1,2,2,5,1,3,1,3
2,9,7,20,0.4,2,2,2,2,1,231.13,1,10,3,1,2,2,10,3,3,2,2
2,9,7,21,0.05,1,1,1,1,1,243.66,1,7,1,3,1,3,4,3,1,3,1
2,9,7,22,0.2,3,3,2,2,1,111.84,1,9,1,3,3,1,3,3,3,1,1
2,9,7,23,1.8,2,2,2,2,1,213.98,1,16,1,1,2,2,2,3,1,2,2
2,9,7,24,1.8,2,3,2,2,1,208.03,1,19,3,1,2,2,8,3,3,1,1
2,9,7,25,0.2,3,2,2,2,1,180.3,1,19,3,1,1,3,20,3,1,2,2
2,9,7,26,0.1,1,2,1,1,1,217.27,1,5,3,3,3,3,7,3,1,2,2
2,9,7,27,0.05,2,2,2,2,1,285.79,1,5,1,3,2,2,8,3,1,2,2
2,9,7,28,0.05,1,1,1,1,1,314.94,0,14,3,3,3,3,6,1,1,1,1
2,9,7,29,0.1,1,1,1,1,1,235.99,1,18,3,1,3,1,2,3,1,3,1
2,9,7,30,0.1,2,3,2,2,1,247.57,1,2,1,1,2,2,1,1,3,3,1
2,9,7,31,0.05,3,1,2,2,1,303.41,0,1,1,3,3,1,1,3,3,3,3
2,9,7,32,1.8,3,3,2,2,1,177.07,1,16,1,3,3,1,15,1,1,3,3
2,9,7,33,0.4,2,2,2,2,1,251.83,1,14,3,3,2,2,8,3,3,2,2
2,9,7,34,1.8,3,1,NaN,NaN,NaN,NaN,NaN,17,3,1,1,3,13,3,3,3,3
2,9,7,35,0.8,2,2,2,2,1,242.52,1,16,3,3,2,2,3,1,1,2,2
2,9,7,36,0.4,1,3,NaN,NaN,NaN,NaN,NaN,1,1,3,1,3,17,3,1,1,3
2,9,7,37,0.05,3,1,2,2,1,274.35,1,7,3,1,1,3,4,3,1,3,1
2,9,7,38,0.8,2,1,2,1,0,262.11,1,19,3,3,2,2,10,1,3,1,3
2,9,7,39,0.4,2,2,2,2,1,242.15,1,16,3,1,2,2,18,3,3,2,2
2,9,7,40,0.1,3,1,2,2,1,271.72,1,20,1,1,3,3,7,3,1,3,1
2,9,7,41,0.05,1,2,1,1,1,254.36,1,6,3,1,3,1,15,3,1,2,2
2,9,7,42,1.8,3,3,2,2,1,190.86,1,4,3,3,1,1,4,1,1,3,3
2,9,7,43,0.8,2,2,2,2,1,207.71,1,6,3,1,2,2,14,3,3,2,2
2,9,7,44,0.8,3,3,2,2,1,244.1,1,5,1,1,3,3,18,1,1,3,3
2,9,7,45,0.8,3,2,2,2,1,210.36,1,14,3,3,1,1,7,3,3,2,2
2,9,7,46,0.05,1,2,1,1,1,264.23,1,17,1,1,1,1,11,3,1,2,2
2,9,7,47,0.8,2,2,NaN,NaN,NaN,NaN,NaN,12,3,1,2,2,10,1,1,2,2
2,9,7,48,1.8,1,2,1,1,1,219.27,1,9,3,1,3,1,18,3,3,2,2
2,9,7,49,0.2,1,2,1,1,1,235.47,1,17,1,3,1,3,11,3,1,2,2
2,9,7,50,0.8,2,3,2,2,1,241.16,1,8,1,3,2,2,11,3,3,1,1
2,9,7,51,0.4,1,2,1,1,1,359.81,0,18,3,3,3,3,20,3,1,2,2
2,9,7,52,0.8,1,3,1,1,1,228.48,1,18,1,3,1,3,10,3,1,1,3
2,9,7,53,0.1,3,2,2,2,1,270.32,1,7,1,3,3,1,9,3,1,2,2
2,9,7,54,0.2,1,3,1,1,1,365.93,0,13,3,3,3,3,20,1,3,3,1
2,9,7,55,0.1,2,3,2,2,1,297.43,1,13,1,1,2,2,18,1,3,3,1
2,9,7,56,1.8,2,3,2,2,1,183.6,1,17,3,1,2,2,20,1,1,3,3
2,9,7,57,0.05,1,3,1,1,1,304.63,0,2,1,3,1,3,8,3,1,1,3
2,9,7,58,1.8,2,2,2,2,1,173.6,1,18,3,1,2,2,19,1,1,2,2
2,9,7,59,0.05,2,3,2,2,1,275.35,1,2,3,3,2,2,18,1,3,3,1
2,9,7,60,0.2,2,1,2,2,1,265.39,1,4,3,1,2,2,8,3,3,3,3
2,9,7,61,0.1,1,3,1,1,1,196.33,1,9,3,1,3,1,15,3,1,1,3
2,9,7,62,0.1,1,1,1,2,0,224.03,1,14,3,3,3,3,12,1,1,1,1
2,9,7,63,0.8,1,3,1,1,1,248,1,10,1,3,1,3,18,1,3,3,1
2,9,7,64,0.2,3,3,2,2,1,226.05,1,5,1,3,3,1,4,3,3,1,1
2,9,7,65,0.2,3,1,2,2,1,269.04,1,2,3,3,1,1,15,1,3,1,3
2,9,7,66,0.4,1,3,1,1,1,293.84,1,7,1,3,1,3,10,3,1,1,3
2,9,7,67,0.8,1,2,1,1,1,191.86,1,16,1,3,1,3,6,3,3,2,2
2,9,7,68,0.1,1,2,1,2,0,287.64,1,3,1,1,1,1,11,1,1,2,2
2,9,7,69,1.8,2,1,2,1,0,199.15,1,6,3,3,2,2,9,1,1,1,1
2,9,7,70,0.4,2,2,2,1,0,203.14,1,10,1,1,2,2,15,3,1,2,2
2,9,7,71,0.05,3,1,2,2,1,257.46,1,11,3,3,1,1,16,3,3,3,3
2,9,7,72,0.1,3,1,2,2,1,230.53,1,18,1,1,3,3,20,1,3,1,3
2,9,7,73,1.8,1,1,1,1,1,208.06,1,19,3,1,3,1,17,3,3,3,3
2,9,7,74,0.2,3,1,2,2,1,192.86,1,6,3,3,1,1,2,1,3,1,3
2,9,7,75,1.8,2,2,2,1,0,235.21,1,7,3,3,2,2,20,3,3,2,2
2,9,7,76,0.05,1,3,1,1,1,313.55,0,11,1,3,1,3,14,1,1,3,3
2,9,7,77,1.8,3,1,2,2,1,189.31,1,20,3,1,1,3,17,1,1,1,1
2,9,7,78,0.2,1,3,1,1,1,127.88,1,4,1,3,1,3,5,3,3,1,1
2,9,8,1,0.8,2,3,2,2,1,280.88,1,19,1,3,2,2,11,3,3,1,1
2,9,8,2,0.05,3,2,2,2,1,269.47,1,17,3,3,1,1,14,1,3,2,2
2,9,8,3,0.4,2,3,2,2,1,236.61,1,19,1,3,2,2,10,3,1,1,3
2,9,8,4,0.2,1,2,1,1,1,285.32,1,19,3,3,3,3,10,3,3,2,2
2,9,8,5,0.8,1,2,NaN,NaN,NaN,NaN,NaN,12,3,3,3,3,3,1,3,2,2
2,9,8,6,0.2,1,2,1,1,1,238.17,1,2,3,1,3,1,9,1,1,2,2
2,9,8,7,0.05,2,1,2,1,0,254.33,1,1,3,1,2,2,8,1,1,1,1
2,9,8,8,0.2,2,1,2,2,1,264.04,1,10,3,3,2,2,5,1,1,1,1
2,9,8,9,1.8,1,2,1,1,1,201.55,1,17,1,3,1,3,4,1,1,2,2
2,9,8,10,0.05,3,3,2,2,1,282.83,1,16,3,3,1,1,13,1,3,3,1
2,9,8,11,0.4,3,1,2,1,0,222.77,1,12,3,3,1,1,20,3,3,3,3
2,9,8,12,1.8,1,3,1,1,1,172.01,1,20,1,1,1,1,14,1,3,3,1
2,9,8,13,1.8,1,2,1,1,1,208.89,1,20,3,3,3,3,15,1,3,2,2
2,9,8,14,0.8,1,3,1,2,0,227.67,1,10,3,3,3,3,19,1,3,3,1
2,9,8,15,0.1,1,2,1,1,1,249.9,1,18,3,1,3,1,18,3,3,2,2
2,9,8,16,1.8,1,1,1,1,1,198.43,1,7,1,3,1,3,10,1,3,1,3
2,9,8,17,0.8,1,1,1,1,1,310.16,0,18,1,3,1,3,15,3,1,3,1
2,9,8,18,0.05,2,1,2,1,0,246.72,1,2,3,1,2,2,4,3,1,3,1
2,9,8,19,0.2,3,2,2,2,1,214.08,1,6,3,3,1,1,4,1,3,2,2
2,9,8,20,0.2,1,3,1,1,1,249.08,1,8,1,1,1,1,19,1,1,3,3
2,9,8,21,1.8,1,1,1,1,1,188.49,1,20,3,1,3,1,5,3,3,3,3
2,9,8,22,0.05,1,2,1,1,1,226.32,1,9,1,3,1,3,6,3,3,2,2
2,9,8,23,1.8,2,3,2,2,1,182.5,1,13,1,3,2,2,17,1,1,3,3
2,9,8,24,0.1,2,2,2,2,1,249.58,1,16,1,3,2,2,17,3,1,2,2
2,9,8,25,1.8,2,2,2,2,1,195.96,1,11,1,1,2,2,15,3,1,2,2
2,9,8,26,1.8,1,2,NaN,NaN,NaN,NaN,NaN,7,1,1,1,1,16,3,1,2,2
2,9,8,27,0.1,1,3,1,1,1,320.6,0,19,3,3,3,3,10,1,3,3,1
2,9,8,28,0.1,2,1,2,2,1,253.57,1,2,3,3,2,2,17,3,3,3,3
2,9,8,29,0.4,2,3,2,1,0,245.06,1,1,1,1,2,2,5,3,3,1,1
2,9,8,30,0.05,1,1,1,1,1,258.45,1,4,1,3,1,3,4,1,3,1,3
2,9,8,31,0.1,2,3,2,2,1,231.61,1,11,3,3,2,2,3,1,3,3,1
2,9,8,32,0.8,2,1,NaN,NaN,NaN,NaN,NaN,10,1,1,2,2,20,1,1,1,1
2,9,8,33,0.8,1,3,1,2,0,261.35,1,1,3,3,3,3,18,1,1,3,3
2,9,8,34,0.4,1,2,1,1,1,343.06,0,17,3,1,3,1,14,1,1,2,2
2,9,8,35,0.2,1,1,1,1,1,186.68,1,20,3,1,3,1,2,3,1,3,1
2,9,8,36,0.2,1,1,1,1,1,219.58,1,8,1,3,1,3,11,3,1,3,1
2,9,8,37,0.4,3,3,2,2,1,235.61,1,14,3,3,1,1,10,1,3,3,1
2,9,8,38,0.8,2,2,2,2,1,220.51,1,14,1,3,2,2,13,3,1,2,2
2,9,8,39,0.1,1,3,1,1,1,313.85,0,4,3,1,3,1,3,3,1,1,3
2,9,8,40,0.4,1,1,1,1,1,212.4,1,9,3,3,3,3,17,3,1,3,1
2,9,8,41,0.4,1,3,1,2,0,266.47,1,1,3,1,3,1,17,3,1,1,3
2,9,8,42,1.8,1,2,1,1,1,169.44,1,14,3,3,3,3,8,3,1,2,2
2,9,8,43,0.8,1,2,NaN,NaN,NaN,NaN,NaN,5,1,3,1,3,11,3,3,2,2
2,9,8,44,0.8,3,3,2,2,1,251.37,1,17,1,3,3,1,16,1,3,3,1
2,9,8,45,0.1,3,3,2,2,1,231.96,1,9,3,3,1,1,15,1,3,3,1
2,9,8,46,0.4,1,2,1,1,1,263.49,1,7,1,3,1,3,9,1,3,2,2
2,9,8,47,0.4,2,2,2,1,0,253.1,1,11,3,1,2,2,5,3,3,2,2
2,9,8,48,1.8,1,3,1,2,0,187.13,1,17,3,1,3,1,6,3,3,1,1
2,9,8,49,0.8,2,3,2,2,1,216.99,1,3,1,3,2,2,11,3,3,1,1
2,9,8,50,0.2,1,1,1,1,1,226.98,1,9,1,3,1,3,8,3,1,3,1
2,9,8,51,0.4,3,1,2,2,1,226.99,1,8,3,3,1,1,1,1,3,1,3
2,9,8,52,0.8,1,1,1,1,1,193.62,1,10,1,1,1,1,10,1,3,1,3
2,9,8,53,0.05,2,2,2,2,1,305.35,0,19,1,3,2,2,16,1,1,2,2
2,9,8,54,1.8,3,3,2,2,1,181.78,1,9,3,3,1,1,3,1,1,3,3
2,9,8,55,0.05,2,2,2,2,1,288.58,1,9,3,3,2,2,19,1,1,2,2
2,9,8,56,0.1,1,1,1,1,1,218.99,1,2,1,1,1,1,3,3,1,3,1
2,9,8,57,0.1,1,1,1,1,1,227.47,1,13,1,3,1,3,3,1,1,1,1
2,9,8,58,0.1,2,2,2,2,1,253.33,1,11,3,3,2,2,5,3,1,2,2
2,9,8,59,0.05,1,1,1,2,0,395.57,0,2,1,1,1,1,5,1,3,1,3
2,9,8,60,0.05,1,3,1,1,1,275.97,1,16,3,3,3,3,16,3,1,1,3
2,9,8,61,0.1,3,3,2,2,1,337.37,0,15,3,3,1,1,9,3,1,1,3
2,9,8,62,1.8,1,2,1,1,1,198.89,1,18,3,1,3,1,20,1,3,2,2
2,9,8,63,0.05,3,2,2,2,1,261.86,1,10,1,3,3,1,6,1,3,2,2
2,9,8,64,0.2,2,1,2,1,0,269.25,1,17,3,3,2,2,9,1,1,1,1
2,9,8,65,0.2,1,2,1,1,1,207.22,1,12,3,3,3,3,12,1,1,2,2
2,9,8,66,0.8,2,3,NaN,NaN,NaN,NaN,NaN,15,3,3,2,2,7,1,1,3,3
2,9,8,67,0.2,1,1,1,1,1,178.52,1,13,3,3,3,3,10,1,3,1,3
2,9,8,68,0.2,3,2,2,2,1,243.53,1,11,3,1,1,3,6,3,3,2,2
2,9,8,69,0.1,3,1,2,2,1,696.32,0,18,1,3,3,1,14,3,3,3,3
2,9,8,70,0.1,1,2,1,1,1,187.61,1,15,1,3,1,3,20,1,3,2,2
2,9,8,71,1.8,1,3,1,2,0,187.98,1,20,3,1,3,1,19,1,3,3,1
2,9,8,72,0.4,1,3,1,1,1,257.28,1,12,3,3,3,3,19,1,3,3,1
2,9,8,73,0.05,1,3,1,1,1,335.8,0,18,3,1,3,1,3,3,3,1,1
2,9,8,74,0.2,3,3,2,2,1,108.71,1,10,3,1,1,3,19,1,1,3,3
2,9,8,75,0.8,1,3,NaN,NaN,NaN,NaN,NaN,9,1,1,1,1,6,3,1,1,3
2,9,8,76,0.4,3,3,2,2,1,341.49,0,5,1,1,3,3,18,3,3,1,1
2,9,8,77,0.05,1,2,1,1,1,249.97,1,20,3,3,3,3,1,3,3,2,2
2,9,8,78,0.4,1,2,1,1,1,210.99,1,7,3,3,3,3,5,1,1,2,2
2,9,9,1,0.1,1,3,1,1,1,257.46,1,20,1,1,1,1,8,1,3,3,1
2,9,9,2,0.1,1,2,1,1,1,243.2,1,12,1,3,1,3,20,3,3,2,2
2,9,9,3,0.1,3,3,2,2,1,275.86,1,1,3,3,1,1,13,1,3,3,1
2,9,9,4,0.4,3,2,2,2,1,225.2,1,18,3,1,1,3,20,1,3,2,2
2,9,9,5,0.2,1,2,1,1,1,232.05,1,14,3,1,3,1,7,3,1,2,2
2,9,9,6,1.8,1,2,1,1,1,161.75,1,16,1,3,1,3,17,1,1,2,2
2,9,9,7,0.1,1,3,1,1,1,250.33,1,10,1,3,1,3,14,3,1,1,3
2,9,9,8,1.8,3,1,2,2,1,228.5,1,4,3,3,1,1,20,3,3,3,3
2,9,9,9,0.2,3,1,2,2,1,271.97,1,7,3,1,1,3,15,1,3,1,3
2,9,9,10,0.2,2,3,2,2,1,247.28,1,2,1,1,2,2,3,1,3,3,1
2,9,9,11,0.2,2,1,2,2,1,266.22,1,11,1,3,2,2,14,3,3,3,3
2,9,9,12,0.1,1,2,1,1,1,262.14,1,18,1,1,1,1,17,3,3,2,2
2,9,9,13,0.1,1,2,1,1,1,236.19,1,1,1,1,1,1,12,1,3,2,2
2,9,9,14,0.4,2,1,2,2,1,263.01,1,20,1,3,2,2,3,1,1,1,1
2,9,9,15,0.8,1,3,NaN,NaN,NaN,NaN,NaN,16,1,3,1,3,15,3,1,1,3
2,9,9,16,1.8,3,3,2,2,1,189.29,1,4,1,1,3,3,2,1,3,3,1
2,9,9,17,0.2,1,3,1,1,1,304.51,0,5,1,3,1,3,6,3,3,1,1
2,9,9,18,0.4,1,2,1,1,1,245.29,1,6,3,1,3,1,20,3,1,2,2
2,9,9,19,0.2,3,2,2,2,1,201.4,1,7,3,1,1,3,1,3,3,2,2
2,9,9,20,1.8,1,1,1,1,1,213.43,1,18,3,3,3,3,12,3,1,3,1
2,9,9,21,0.05,1,2,1,1,1,276.82,1,6,3,3,3,3,9,1,3,2,2
2,9,9,22,0.2,1,2,1,2,0,304.29,0,4,3,3,3,3,3,1,3,2,2
2,9,9,23,0.8,2,2,2,2,1,200.38,1,8,3,3,2,2,17,1,3,2,2
2,9,9,24,0.1,3,1,2,2,1,233.31,1,14,3,1,1,3,20,3,1,3,1
2,9,9,25,0.2,1,3,1,1,1,248.98,1,18,3,1,3,1,11,1,1,3,3
2,9,9,26,1.8,1,3,1,1,1,203.59,1,11,1,1,1,1,19,1,3,3,1
2,9,9,27,0.05,2,1,2,1,0,323.28,0,19,1,1,2,2,2,1,1,1,1
2,9,9,28,0.8,1,3,NaN,NaN,NaN,NaN,NaN,4,1,1,1,1,11,1,3,3,1
2,9,9,29,1.8,2,3,2,2,1,217.83,1,6,3,3,2,2,7,1,3,3,1
2,9,9,30,0.8,2,3,2,2,1,250.11,1,14,1,3,2,2,5,1,3,3,1
2,9,9,31,0.05,1,3,1,1,1,260.79,1,3,1,3,1,3,20,3,1,1,3
2,9,9,32,0.8,3,3,2,2,1,206.8,1,14,1,1,3,3,4,1,3,3,1
2,9,9,33,0.8,3,3,2,2,1,215.75,1,15,1,1,3,3,12,1,1,3,3
2,9,9,34,0.4,1,3,1,1,1,208.25,1,1,1,1,1,1,4,1,3,3,1
2,9,9,35,1.8,1,2,1,1,1,191.2,1,9,1,3,1,3,10,3,3,2,2
2,9,9,36,0.4,2,3,2,2,1,252.48,1,14,3,1,2,2,5,3,1,1,3
2,9,9,37,0.1,3,3,2,2,1,250.31,1,11,1,3,3,1,20,3,1,1,3
2,9,9,38,0.4,2,3,2,1,0,226.53,1,20,1,3,2,2,11,3,3,1,1
2,9,9,39,0.1,1,3,1,1,1,297.23,1,4,3,3,3,3,12,3,3,1,1
2,9,9,40,0.05,1,2,1,1,1,282.64,1,3,3,1,3,1,3,3,3,2,2
2,9,9,41,0.05,1,2,1,1,1,258.47,1,17,3,3,3,3,18,3,1,2,2
2,9,9,42,0.05,2,1,2,2,1,409.28,0,7,3,1,2,2,11,1,3,1,3
2,9,9,43,0.8,1,3,1,1,1,237.11,1,3,3,1,3,1,18,1,3,3,1
2,9,9,44,0.8,1,3,1,1,1,195.08,1,6,1,1,1,1,4,1,1,3,3
2,9,9,45,0.4,3,1,2,2,1,197.28,1,1,3,1,1,3,6,1,3,1,3
2,9,9,46,0.4,3,1,2,2,1,222.17,1,1,1,3,3,1,10,1,1,1,1
2,9,9,47,0.8,2,1,2,2,1,227.74,1,17,1,3,2,2,16,3,1,3,1
2,9,9,48,0.05,1,2,1,1,1,311.03,0,13,1,3,1,3,10,3,3,2,2
2,9,9,49,0.8,1,1,1,1,1,226.69,1,19,3,3,3,3,8,3,1,3,1
2,9,9,50,0.4,2,1,2,1,0,252.69,1,3,1,3,2,2,19,3,3,3,3
2,9,9,51,0.1,1,2,1,1,1,245.12,1,4,1,3,1,3,15,1,1,2,2
2,9,9,52,0.4,1,1,1,1,1,162.22,1,3,3,3,3,3,15,1,1,1,1
2,9,9,53,0.8,1,1,1,1,1,207.4,1,2,3,3,3,3,14,1,1,1,1
2,9,9,54,0.1,1,2,1,1,1,190.19,1,7,1,3,1,3,13,1,1,2,2
2,9,9,55,0.05,1,2,1,1,1,278.98,1,12,1,1,1,1,12,1,3,2,2
2,9,9,56,0.2,2,2,2,2,1,331.45,0,9,3,1,2,2,13,1,1,2,2
2,9,9,57,0.4,1,2,1,1,1,189.3,1,14,1,1,1,1,14,1,1,2,2
2,9,9,58,1.8,1,2,1,1,1,196.13,1,16,1,3,1,3,6,3,1,2,2
2,9,9,59,0.05,3,1,2,2,1,285.26,1,9,1,3,3,1,9,1,1,1,1
2,9,9,60,0.2,2,1,2,2,1,370.5,0,12,3,1,2,2,3,1,3,1,3
2,9,9,61,1.8,1,2,1,1,1,204.78,1,20,1,1,1,1,9,3,3,2,2
2,9,9,62,1.8,2,3,2,1,0,202.5,1,17,1,1,2,2,11,1,1,3,3
2,9,9,63,0.2,1,2,1,1,1,269.6,1,13,3,1,3,1,3,1,1,2,2
2,9,9,64,0.2,3,1,2,2,1,219.28,1,14,3,1,1,3,20,1,1,1,1
2,9,9,65,0.4,1,2,1,1,1,240.1,1,11,3,3,3,3,6,1,1,2,2
2,9,9,66,0.05,2,1,2,1,0,286.82,1,18,3,1,2,2,16,3,3,3,3
2,9,9,67,1.8,1,3,1,2,0,211.11,1,10,3,3,3,3,9,3,1,1,3
2,9,9,68,1.8,1,2,1,1,1,215.92,1,8,3,3,3,3,17,3,1,2,2
2,9,9,69,0.05,3,3,2,2,1,367.51,0,1,1,3,3,1,15,1,1,3,3
2,9,9,70,0.05,1,2,1,1,1,292.66,1,1,3,1,3,1,19,3,1,2,2
2,9,9,71,0.1,1,2,1,1,1,245.43,1,5,3,3,3,3,1,3,3,2,2
2,9,9,72,0.1,1,3,1,1,1,244.27,1,8,3,3,3,3,17,1,3,3,1
2,9,9,73,0.2,1,2,1,1,1,269.15,1,16,3,3,3,3,10,1,1,2,2
2,9,9,74,0.8,3,2,2,2,1,212.88,1,2,3,1,1,3,7,1,3,2,2
2,9,9,75,1.8,1,1,1,1,1,240.57,1,10,1,1,1,1,16,3,1,3,1
2,9,9,76,0.4,1,2,1,1,1,221.4,1,6,1,3,1,3,9,3,1,2,2
2,9,9,77,0.8,2,2,2,2,1,212.25,1,13,1,1,2,2,14,3,3,2,2
2,9,9,78,0.05,3,2,2,2,1,293.66,1,8,3,1,1,3,12,1,3,2,2
2,9,10,1,0.05,1,1,1,2,0,297.82,1,2,1,3,1,3,15,3,1,3,1
2,9,10,2,1.8,1,1,1,1,1,195.54,1,10,3,1,3,1,1,1,1,1,1
2,9,10,3,1.8,2,2,2,2,1,184.82,1,20,3,1,2,2,8,3,3,2,2
2,9,10,4,0.2,2,2,2,1,0,218.36,1,2,1,1,2,2,6,3,1,2,2
2,9,10,5,0.2,1,1,1,1,1,171.6,1,4,1,3,1,3,17,3,3,3,3
2,9,10,6,0.1,3,1,2,2,1,233.5,1,4,3,3,1,1,10,3,3,3,3
2,9,10,7,0.1,3,2,2,2,1,274.85,1,14,1,3,3,1,14,1,3,2,2
2,9,10,8,0.2,2,2,2,2,1,280.91,1,12,1,1,2,2,13,1,1,2,2
2,9,10,9,0.2,1,1,1,1,1,222.86,1,17,1,1,1,1,20,3,1,3,1
2,9,10,10,0.1,2,3,2,2,1,278.15,1,5,3,3,2,2,16,3,1,1,3
2,9,10,11,0.8,3,1,2,2,1,232.4,1,18,3,3,1,1,18,3,1,3,1
2,9,10,12,0.05,3,2,2,2,1,299.49,1,15,3,1,1,3,18,1,1,2,2
2,9,10,13,0.8,1,1,1,2,0,246.35,1,17,1,3,1,3,2,1,1,1,1
2,9,10,14,0.05,3,1,2,2,1,458.33,0,11,3,1,1,3,15,1,1,1,1
2,9,10,15,0.2,1,2,1,1,1,254.55,1,12,1,1,1,1,8,3,3,2,2
2,9,10,16,1.8,1,2,1,1,1,181.62,1,20,1,1,1,1,16,1,3,2,2
2,9,10,17,0.4,2,3,2,2,1,238.65,1,12,3,1,2,2,18,1,1,3,3
2,9,10,18,0.2,2,1,2,2,1,312.22,0,17,1,3,2,2,8,3,3,3,3
2,9,10,19,0.8,1,2,1,1,1,194.97,1,8,1,1,1,1,6,3,3,2,2
2,9,10,20,0.1,2,1,2,2,1,277.86,1,18,1,3,2,2,17,3,3,3,3
2,9,10,21,0.05,1,2,1,2,0,298.75,1,4,1,3,1,3,9,3,1,2,2
2,9,10,22,1.8,3,1,2,2,1,196.55,1,13,3,3,1,1,3,3,1,3,1
2,9,10,23,0.2,3,2,2,2,1,215.23,1,7,1,1,3,3,3,1,3,2,2
2,9,10,24,0.4,1,3,1,1,1,263.39,1,18,1,1,1,1,15,1,1,3,3
2,9,10,25,0.4,3,2,2,2,1,307.96,0,19,1,3,3,1,3,1,3,2,2
2,9,10,26,0.1,3,2,2,2,1,288.36,1,17,3,3,1,1,12,1,3,2,2
2,9,10,27,0.05,2,2,2,2,1,249.66,1,9,3,3,2,2,13,1,3,2,2
2,9,10,28,0.4,1,2,1,1,1,110.46,1,3,3,1,3,1,8,1,3,2,2
2,9,10,29,0.8,3,3,2,2,1,207.48,1,9,1,1,3,3,20,3,3,1,1
2,9,10,30,0.8,3,1,2,2,1,159.85,1,19,1,3,3,1,18,3,3,3,3
2,9,10,31,0.4,3,2,2,2,1,221.09,1,3,3,3,1,1,5,3,3,2,2
2,9,10,32,1.8,2,1,2,1,0,236.83,1,3,1,1,2,2,2,1,3,1,3
2,9,10,33,0.2,3,1,2,2,1,268.26,1,12,1,3,3,1,20,1,1,1,1
2,9,10,34,0.1,1,2,1,2,0,313.65,0,6,3,1,3,1,16,1,1,2,2
2,9,10,35,0.8,1,2,1,1,1,239.63,1,1,3,3,3,3,20,3,1,2,2
2,9,10,36,0.05,1,2,1,1,1,296.81,1,18,3,3,3,3,19,3,3,2,2
2,9,10,37,1.8,3,2,2,2,1,227.05,1,11,1,1,3,3,15,1,3,2,2
2,9,10,38,0.1,1,2,1,1,1,265.55,1,15,1,1,1,1,9,3,1,2,2
2,9,10,39,0.1,2,1,2,2,1,263.26,1,7,1,1,2,2,9,1,1,1,1
2,9,10,40,0.1,1,2,1,1,1,248.99,1,7,3,3,3,3,4,1,1,2,2
2,9,10,41,0.4,3,2,2,2,1,250.72,1,5,1,1,3,3,19,3,3,2,2
2,9,10,42,0.1,3,1,2,2,1,268.09,1,13,1,1,3,3,7,3,1,3,1
2,9,10,43,0.05,3,1,2,2,1,255.83,1,9,3,3,1,1,6,1,3,1,3
2,9,10,44,0.1,3,3,2,2,1,271.88,1,6,1,3,3,1,19,3,3,1,1
2,9,10,45,0.05,3,3,2,2,1,317.98,0,2,1,3,3,1,5,3,1,1,3
2,9,10,46,0.05,2,1,2,1,0,385.5,0,7,1,1,2,2,5,3,1,3,1
2,9,10,47,0.4,1,2,1,2,0,422.42,0,20,3,3,3,3,3,3,3,2,2
2,9,10,48,0.4,1,2,1,1,1,221.5,1,1,1,3,1,3,18,3,1,2,2
2,9,10,49,0.8,1,3,1,1,1,234.84,1,2,3,3,3,3,4,3,3,1,1
2,9,10,50,1.8,2,3,2,2,1,180.59,1,11,1,3,2,2,15,3,3,1,1
2,9,10,51,0.2,2,2,2,1,0,544.15,0,1,3,3,2,2,13,1,3,2,2
2,9,10,52,0.4,1,1,1,1,1,185.93,1,12,1,3,1,3,17,3,1,3,1
2,9,10,53,0.2,3,3,2,2,1,74.487,2,20,1,1,3,3,5,3,3,1,1
2,9,10,54,1.8,1,1,1,1,1,207.4,1,15,1,1,1,1,1,1,1,1,1
2,9,10,55,0.8,3,1,2,2,1,208.51,1,7,1,3,3,1,12,1,3,1,3
2,9,10,56,0.1,2,2,2,1,0,280.18,1,6,3,1,2,2,7,1,3,2,2
2,9,10,57,0.4,1,2,1,1,1,241.49,1,19,1,1,1,1,20,3,1,2,2
2,9,10,58,0.05,3,2,2,2,1,267.22,1,14,3,3,1,1,10,3,1,2,2
2,9,10,59,1.8,2,3,2,1,0,165.11,1,10,1,3,2,2,14,1,3,3,1
2,9,10,60,0.2,3,2,2,2,1,235.98,1,16,3,1,1,3,8,1,1,2,2
2,9,10,61,0.4,1,1,1,1,1,244.43,1,8,3,1,3,1,8,1,1,1,1
2,9,10,62,0.05,2,3,2,2,1,330.67,0,1,1,1,2,2,15,1,3,3,1
2,9,10,63,1.8,1,1,1,1,1,204.25,1,3,1,3,1,3,9,3,3,3,3
2,9,10,64,0.2,3,2,2,2,1,214.46,1,2,3,3,1,1,19,3,3,2,2
2,9,10,65,0.1,2,2,2,2,1,353.06,0,12,1,3,2,2,15,1,1,2,2
2,9,10,66,0.8,3,3,2,2,1,206.35,1,4,3,3,1,1,3,3,1,1,3
2,9,10,67,0.4,1,3,1,1,1,221.48,1,11,1,1,1,1,7,3,1,1,3
2,9,10,68,0.4,1,3,1,2,0,187.14,1,9,3,1,3,1,16,3,3,1,1
2,9,10,69,0.05,1,2,1,1,1,293.52,1,2,3,3,3,3,5,1,3,2,2
2,9,10,70,0.05,2,2,2,2,1,299.92,1,14,3,1,2,2,4,3,3,2,2
2,9,10,71,0.2,2,3,2,2,1,288.51,1,13,3,3,2,2,19,1,1,3,3
2,9,10,72,1.8,3,2,2,2,1,141.2,1,6,3,3,1,1,6,3,1,2,2
2,9,10,73,1.8,1,1,1,1,1,200.22,1,15,3,3,3,3,10,1,1,1,1
2,9,10,74,0.8,2,1,2,1,0,206.23,1,20,1,3,2,2,9,3,3,3,3
2,9,10,75,0.8,1,2,1,1,1,-15.075,2,11,3,3,3,3,19,1,3,2,2
2,9,10,76,0.8,1,3,1,1,1,273.56,1,15,3,3,3,3,19,3,1,1,3
2,9,10,77,1.8,1,3,1,1,1,200.21,1,9,3,1,3,1,18,1,3,3,1
2,9,10,78,0.8,2,2,2,1,0,250.04,1,4,3,3,2,2,14,3,1,2,2
