2,6,1,1,0.1,3,3,2,2,1,180.73,1,20,1,1,3,3,10,1,1,3,3
2,6,1,2,0.4,2,3,2,2,1,251.74,1,2,1,1,2,2,19,1,3,3,1
2,6,1,3,0.1,1,2,1,1,1,338.95,0,12,3,1,3,1,19,1,1,2,2
2,6,1,4,0.8,2,3,2,1,0,178.81,1,20,1,3,2,2,14,1,3,3,1
2,6,1,5,1.8,1,2,1,1,1,190.71,1,13,1,1,1,1,6,1,3,2,2
2,6,1,6,0.05,3,3,2,2,1,256.24,1,19,1,1,3,3,19,3,3,1,1
2,6,1,7,0.1,2,1,2,1,0,297.8,1,4,1,1,2,2,7,3,1,3,1
2,6,1,8,1.8,2,3,2,2,1,180.46,1,15,3,1,2,2,11,3,1,1,3
2,6,1,9,0.2,2,1,2,2,1,240.9,1,18,3,3,2,2,3,3,3,3,3
2,6,1,10,0.2,3,3,2,2,1,259.05,1,7,1,1,3,3,2,1,1,3,3
2,6,1,11,0.05,2,3,2,2,1,278.67,1,9,3,3,2,2,18,3,1,1,3
2,6,1,12,0.4,1,3,1,2,0,233.82,1,13,3,3,3,3,12,3,1,1,3
2,6,1,13,0.05,1,1,1,1,1,272.18,1,7,3,1,3,1,13,1,3,1,3
2,6,1,14,0.2,3,2,2,2,1,244.49,1,15,1,3,3,1,13,1,3,2,2
2,6,1,15,1.8,2,3,2,1,0,217.5,1,1,1,1,2,2,13,3,1,1,3
2,6,1,16,1.8,1,3,1,2,0,181.66,1,3,1,1,1,1,20,1,1,3,3
2,6,1,17,0.05,2,1,2,2,1,318.94,0,6,3,1,2,2,2,1,1,1,1
2,6,1,18,0.1,1,2,1,1,1,248.17,1,6,1,1,1,1,19,3,1,2,2
2,6,1,19,0.4,3,3,2,2,1,177.49,1,7,3,3,1,1,20,1,1,3,3
2,6,1,20,0.8,3,2,2,2,1,194.38,1,1,3,1,1,3,9,1,1,2,2
2,6,1,21,0.8,1,1,1,1,1,229.86,1,9,3,3,3,3,6,1,3,1,3
2,6,1,22,0.4,1,1,1,1,1,250.19,1,1,3,3,3,3,4,3,1,3,1
2,6,1,23,1.8,1,3,1,1,1,194.39,1,11,1,3,1,3,20,3,1,1,3
2,6,1,24,1.8,3,1,2,2,1,208.51,1,15,1,1,3,3,1,3,3,3,3
2,6,1,25,1.8,1,3,1,1,1,198.58,1,16,1,1,1,1,15,3,3,1,1
2,6,1,26,0.05,1,2,1,1,1,290.44,1,14,1,3,1,3,2,3,3,2,2
2,6,1,27,0.1,1,2,1,2,0,248.24,1,7,1,1,1,1,12,1,3,2,2
2,6,1,28,0.05,1,2,1,2,0,250.27,1,7,3,1,3,1,20,3,3,2,2
2,6,1,29,0.4,1,3,1,2,0,430.14,0,8,1,1,1,1,17,1,3,3,1
2,6,1,30,0.4,1,3,1,1,1,228.78,1,18,3,3,3,3,13,1,3,3,1
2,6,1,31,0.8,1,1,1,1,1,227.31,1,4,1,1,1,1,13,3,3,3,3
2,6,1,32,0.8,2,2,2,2,1,191.76,1,16,1,3,2,2,19,3,1,2,2
2,6,1,33,0.1,1,1,1,1,1,268.91,1,11,1,3,1,3,4,3,1,3,1
2,6,1,34,0.1,3,3,2,2,1,260.49,1,9,1,3,3,1,7,1,3,3,1
2,6,1,35,0.2,2,1,2,1,0,273.16,1,5,3,3,2,2,5,3,3,3,3
2,6,1,36,0.2,1,2,1,1,1,336.69,0,15,1,3,1,3,11,3,1,2,2
2,6,1,37,1.8,1,2,1,1,1,195.73,1,13,1,1,1,1,8,1,1,2,2
2,6,1,38,0.05,1,1,1,2,0,353.24,0,2,1,1,1,1,12,3,1,3,1
2,6,1,39,0.1,2,2,2,2,1,233.58,1,8,3,1,2,2,18,1,3,2,2
2,6,1,40,0.4,1,3,1,1,1,235.2,1,16,3,3,3,3,2,1,3,3,1
2,6,1,41,0.1,1,3,1,2,0,278.58,1,16,1,3,1,3,12,1,3,3,1
2,6,1,42,0.2,2,3,2,1,0,245.29,1,14,1,1,2,2,9,3,1,1,3
2,6,1,43,0.8,3,2,2,2,1,197.34,1,3,3,3,1,1,12,3,1,2,2
2,6,1,44,0.05,2,2,2,2,1,382.75,0,8,1,3,2,2,5,3,3,2,2
2,6,1,45,0.8,1,2,1,1,1,235.03,1,4,1,1,1,1,2,1,1,2,2
2,6,1,46,0.8,1,1,1,1,1,224.96,1,7,3,3,3,3,6,3,1,3,1
2,6,1,47,0.4,1,3,1,1,1,245.32,1,2,3,1,3,1,16,1,3,3,1
2,6,1,48,0.2,1,3,1,2,0,304.96,0,17,1,3,1,3,17,3,1,1,3
2,6,1,49,0.1,1,1,1,1,1,275.89,1,6,1,1,1,1,12,1,3,1,3
2,6,1,50,1.8,2,3,2,1,0,219.78,1,14,3,3,2,2,15,1,3,3,1
2,6,1,51,0.2,2,2,2,2,1,271.3,1,7,1,3,2,2,11,3,3,2,2
2,6,1,52,0.1,1,3,1,2,0,246.79,1,20,1,3,1,3,12,1,1,3,3
2,6,1,53,0.8,2,3,2,2,1,193.72,1,8,1,1,2,2,10,3,1,1,3
2,6,1,54,1.8,2,3,2,1,0,204.67,1,6,3,1,2,2,4,3,3,1,1
2,6,1,55,0.05,2,1,2,2,1,290.29,1,13,3,1,2,2,9,3,1,3,1
2,6,1,56,0.05,2,1,2,2,1,366.83,0,11,1,1,2,2,8,3,1,3,1
2,6,1,57,0.1,1,3,1,2,0,347.81,0,13,3,1,3,1,10,3,1,1,3
2,6,1,58,0.2,3,2,2,2,1,241.24,1,20,1,3,3,1,18,1,1,2,2
2,6,1,59,1.8,1,2,1,1,1,179.49,1,1,3,3,3,3,7,3,1,2,2
2,6,1,60,0.2,1,3,1,1,1,255.89,1,18,3,1,3,1,10,1,1,3,3
2,6,1,61,0.8,1,2,1,1,1,217.97,1,2,3,3,3,3,6,1,1,2,2
2,6,1,62,0.8,1,1,1,1,1,210.37,1,2,3,3,3,3,8,1,3,1,3
2,6,1,63,0.4,3,3,2,2,1,211.04,1,12,3,1,1,3,18,3,3,1,1
2,6,1,64,0.05,3,2,2,2,1,336.56,0,7,3,1,1,3,4,3,3,2,2
2,6,1,65,0.4,2,3,2,2,1,229.72,1,8,1,1,2,2,20,1,1,3,3
2,6,1,66,0.05,1,3,1,2,0,277.66,1,12,1,3,1,3,12,3,3,1,1
2,6,1,67,0.4,3,2,2,2,1,218.72,1,6,3,3,1,1,13,3,3,2,2
2,6,1,68,1.8,1,3,1,2,0,211.52,1,18,1,1,1,1,12,3,3,1,1
2,6,1,69,0.2,1,1,1,1,1,272.1,1,14,1,3,1,3,4,1,1,1,1
2,6,1,70,0.4,1,1,1,1,1,238.7,1,7,1,3,1,3,17,3,1,3,1
2,6,1,71,0.1,2,1,2,1,0,292.61,1,18,1,3,2,2,3,1,3,1,3
2,6,1,72,0.4,3,1,2,2,1,253.45,1,5,1,3,3,1,14,1,3,1,3
2,6,1,73,0.2,1,3,1,2,0,296.34,1,2,3,3,3,3,5,1,3,3,1
2,6,1,74,0.05,3,3,2,2,1,337.8,0,11,3,1,1,3,5,1,3,3,1
2,6,1,75,1.8,1,3,1,2,0,185.61,1,1,3,1,3,1,16,1,3,3,1
2,6,1,76,0.8,3,3,2,2,1,205.25,1,11,3,1,1,3,6,3,1,1,3
2,6,1,77,0.2,1,2,1,1,1,223.71,1,11,3,1,3,1,2,1,1,2,2
2,6,1,78,0.8,2,3,2,2,1,206.85,1,4,3,1,2,2,20,1,1,3,3
2,6,2,1,0.05,1,2,1,2,0,278.97,1,2,1,1,1,1,19,3,1,2,2
2,6,2,2,0.8,3,1,2,2,1,194.42,1,6,1,1,3,3,7,3,1,3,1
2,6,2,3,0.05,2,3,2,2,1,266.41,1,4,3,1,2,2,20,3,3,1,1
2,6,2,4,0.2,3,3,2,2,1,259.38,1,6,3,1,1,3,7,3,3,1,1
2,6,2,5,0.8,3,2,2,2,1,188.65,1,9,1,3,3,1,13,3,1,2,2
2,6,2,6,0.4,2,3,2,1,0,244.01,1,12,1,3,2,2,14,1,3,3,1
2,6,2,7,0.8,1,1,1,1,1,217.25,1,19,3,1,3,1,8,3,3,3,3
2,6,2,8,0.2,1,2,1,1,1,298.86,1,13,3,1,3,1,13,1,3,2,2
2,6,2,9,1.8,1,1,1,1,1,208.14,1,12,3,3,3,3,17,1,1,1,1
2,6,2,10,0.8,1,1,1,1,1,248.16,1,18,3,3,3,3,17,3,3,3,3
2,6,2,11,0.05,3,1,2,2,1,261.26,1,8,1,1,3,3,14,3,1,3,1
2,6,2,12,0.05,2,1,2,2,1,270.74,1,2,1,1,2,2,18,1,1,1,1
2,6,2,13,0.8,2,1,2,2,1,189.07,1,2,1,3,2,2,12,1,1,1,1
2,6,2,14,0.2,1,2,1,1,1,231.59,1,3,1,3,1,3,12,1,1,2,2
2,6,2,15,0.2,1,1,1,1,1,253.52,1,8,1,3,1,3,4,1,1,1,1
2,6,2,16,1.8,2,2,2,2,1,187.78,1,19,1,1,2,2,12,3,3,2,2
2,6,2,17,0.4,1,1,1,1,1,202.43,1,16,1,3,1,3,6,1,3,1,3
2,6,2,18,0.4,1,1,1,1,1,237.76,1,17,1,3,1,3,2,1,1,1,1
2,6,2,19,0.8,3,1,2,2,1,204.94,1,1,1,1,3,3,11,3,1,3,1
2,6,2,20,0.8,2,3,2,2,1,257.66,1,17,1,1,2,2,19,3,1,1,3
2,6,2,21,0.8,1,2,1,1,1,372.04,0,16,1,3,1,3,8,3,3,2,2
2,6,2,22,0.05,3,2,2,2,1,267.87,1,11,1,3,3,1,20,3,1,2,2
2,6,2,23,0.1,3,2,2,2,1,261.35,1,1,1,3,3,1,16,1,3,2,2
2,6,2,24,0.2,2,3,2,2,1,299.8,1,17,1,1,2,2,7,3,3,1,1
2,6,2,25,0.8,2,3,2,2,1,203.98,1,11,1,3,2,2,12,1,1,3,3
2,6,2,26,0.4,1,2,1,1,1,201.62,1,9,1,1,1,1,3,3,3,2,2
2,6,2,27,0.05,1,1,1,1,1,253.22,1,8,3,1,3,1,9,3,1,3,1
2,6,2,28,0.1,1,1,1,1,1,284.63,1,1,3,1,3,1,1,3,1,3,1
2,6,2,29,1.8,1,1,1,1,1,189.92,1,2,3,3,3,3,11,3,3,3,3
2,6,2,30,1.8,3,1,2,1,0,193.21,1,20,1,3,3,1,10,1,3,1,3
2,6,2,31,1.8,1,2,1,2,0,195.08,1,10,1,1,1,1,18,3,3,2,2
2,6,2,32,0.1,3,1,2,2,1,277.52,1,1,1,1,3,3,7,3,1,3,1
2,6,2,33,0.4,3,2,2,2,1,249.72,1,2,1,1,3,3,10,3,3,2,2
2,6,2,34,0.1,1,2,1,2,0,389.46,0,10,1,1,1,1,13,1,3,2,2
2,6,2,35,0.1,1,2,1,2,0,306.09,0,6,1,3,1,3,20,1,1,2,2
2,6,2,36,0.1,3,3,2,2,1,275.34,1,16,3,3,1,1,19,3,3,1,1
2,6,2,37,0.2,1,1,1,1,1,218.12,1,10,1,1,1,1,4,3,1,3,1
2,6,2,38,0.1,3,1,2,2,1,330.57,0,1,3,3,1,1,9,1,1,1,1
2,6,2,39,0.2,1,1,1,1,1,255.33,1,10,1,3,1,3,18,1,3,1,3
2,6,2,40,1.8,2,2,2,2,1,218.03,1,16,3,3,2,2,14,3,3,2,2
2,6,2,41,0.4,1,1,1,1,1,201.18,1,17,3,3,3,3,17,3,1,3,1
2,6,2,42,0.2,2,3,2,2,1,286.63,1,16,3,3,2,2,8,1,1,3,3
2,6,2,43,0.4,2,1,2,2,1,340.34,0,19,1,3,2,2,7,1,1,1,1
2,6,2,44,0.8,2,3,2,2,1,201.05,1,1,3,3,2,2,19,3,3,1,1
2,6,2,45,0.05,2,1,2,2,1,300.01,0,18,3,1,2,2,2,1,1,1,1
2,6,2,46,0.2,3,3,2,2,1,256.1,1,10,3,3,1,1,18,1,3,3,1
2,6,2,47,0.2,2,2,2,1,0,259.8,1,15,3,1,2,2,10,1,1,2,2
2,6,2,48,1.8,1,3,1,1,1,194.99,1,5,1,3,1,3,14,1,1,3,3
2,6,2,49,0.8,1,3,1,1,1,226.19,1,8,3,1,3,1,19,3,1,1,3
2,6,2,50,1.8,1,2,1,1,1,229.82,1,6,1,3,1,3,4,3,1,2,2
2,6,2,51,1.8,1,1,1,1,1,225.46,1,19,3,3,3,3,20,1,1,1,1
2,6,2,52,0.1,1,1,1,1,1,301.73,0,15,1,1,1,1,11,3,3,3,3
2,6,2,53,0.4,1,3,1,1,1,207.27,1,14,3,1,3,1,17,3,3,1,1
2,6,2,54,0.4,1,1,1,1,1,282.64,1,1,3,3,3,3,7,3,3,3,3
2,6,2,55,0.8,2,2,2,1,0,243.23,1,19,3,3,2,2,13,1,1,2,2
2,6,2,56,0.4,1,1,1,2,0,340.08,0,17,3,3,3,3,2,3,1,3,1
2,6,2,57,1.8,1,1,1,1,1,230.41,1,20,1,1,1,1,7,3,3,3,3
2,6,2,58,0.05,3,3,2,2,1,259.75,1,10,3,1,1,3,18,1,3,3,1
2,6,2,59,0.05,1,1,1,2,0,279.29,1,12,3,3,3,3,7,3,3,3,3
2,6,2,60,0.1,1,2,1,1,1,295.19,1,14,1,1,1,1,8,1,1,2,2
2,6,2,61,1.8,2,1,2,2,1,212.49,1,8,1,3,2,2,5,3,3,3,3
2,6,2,62,0.8,1,3,1,1,1,212.3,1,8,1,3,1,3,11,1,1,3,3
2,6,2,63,0.1,2,3,2,1,0,272.63,1,19,1,1,2,2,11,3,1,1,3
2,6,2,64,0.05,1,3,1,1,1,259.29,1,12,1,1,1,1,10,1,1,3,3
2,6,2,65,0.05,1,2,1,2,0,374.02,0,14,3,3,3,3,6,3,1,2,2
2,6,2,66,0.05,2,3,2,2,1,307,0,14,1,3,2,2,12,1,1,3,3
2,6,2,67,0.4,1,3,1,1,1,221.69,1,16,1,1,1,1,15,1,1,3,3
2,6,2,68,1.8,1,3,1,1,1,222.61,1,18,1,3,1,3,16,1,3,3,1
2,6,2,69,0.2,1,2,1,1,1,225.54,1,5,1,3,1,3,16,1,3,2,2
2,6,2,70,0.2,1,2,1,1,1,252.77,1,15,3,3,3,3,11,1,3,2,2
2,6,2,71,1.8,1,2,1,1,1,231.78,1,9,3,3,3,3,8,3,3,2,2
2,6,2,72,0.1,2,3,2,2,1,346.42,0,16,3,3,2,2,6,1,1,3,3
2,6,2,73,0.2,1,2,1,1,1,269.17,1,2,3,1,3,1,7,1,1,2,2
2,6,2,74,0.05,1,1,1,1,1,294.81,1,7,3,3,3,3,2,1,3,1,3
2,6,2,75,0.4,2,1,2,2,1,214.62,1,5,1,3,2,2,2,1,3,1,3
2,6,2,76,0.4,2,3,2,2,1,230.41,1,11,3,1,2,2,11,3,3,1,1
2,6,2,77,0.1,1,1,1,1,1,251.59,1,17,1,3,1,3,4,3,1,3,1
2,6,2,78,0.1,1,3,1,2,0,317.58,0,9,1,3,1,3,15,3,3,1,1
2,6,3,1,0.2,1,3,1,1,1,300.75,0,19,3,3,3,3,2,3,3,1,1
2,6,3,2,0.8,1,1,1,1,1,258.05,1,7,1,3,1,3,2,1,3,1,3
2,6,3,3,0.8,3,2,2,2,1,215.89,1,4,3,3,1,1,15,1,3,2,2
2,6,3,4,1.8,2,3,2,1,0,190.35,1,1,1,1,2,2,4,3,1,1,3
2,6,3,5,0.8,3,3,2,2,1,186.5,1,1,3,3,1,1,20,3,3,1,1
2,6,3,6,0.1,3,3,2,2,1,264.19,1,16,1,1,3,3,1,3,1,1,3
2,6,3,7,0.05,2,1,2,1,0,259.58,1,7,1,3,2,2,8,3,1,3,1
2,6,3,8,0.2,1,1,1,1,1,229.35,1,12,1,1,1,1,10,3,3,3,3
2,6,3,9,0.4,1,3,1,1,1,236.91,1,19,1,3,1,3,5,3,1,1,3
2,6,3,10,0.2,1,3,1,1,1,244.04,1,10,1,3,1,3,19,1,1,3,3
2,6,3,11,1.8,3,2,2,2,1,203.31,1,15,3,3,1,1,14,1,3,2,2
2,6,3,12,0.8,2,1,2,2,1,206.09,1,5,1,3,2,2,18,1,1,1,1
2,6,3,13,0.05,3,2,2,2,1,314.78,0,15,1,3,3,1,4,3,3,2,2
2,6,3,14,0.2,3,3,2,2,1,264.03,1,8,3,1,1,3,6,1,1,3,3
2,6,3,15,0.8,2,3,2,1,0,219.24,1,8,1,3,2,2,18,3,3,1,1
2,6,3,16,0.8,1,2,1,1,1,237.47,1,1,3,3,3,3,9,1,1,2,2
2,6,3,17,0.4,2,3,2,2,1,234.17,1,13,3,1,2,2,14,1,1,3,3
2,6,3,18,0.05,1,2,1,1,1,276.66,1,20,1,3,1,3,2,3,1,2,2
2,6,3,19,0.2,1,2,1,1,1,299.43,1,12,3,3,3,3,11,1,1,2,2
2,6,3,20,0.1,3,1,2,2,1,268.26,1,2,1,1,3,3,8,3,1,3,1
2,6,3,21,1.8,2,1,2,1,0,199.68,1,10,3,1,2,2,4,1,3,1,3
2,6,3,22,0.05,3,2,2,2,1,251.71,1,11,1,1,3,3,20,3,3,2,2
2,6,3,23,0.4,1,1,1,1,1,191.23,1,1,1,1,1,1,1,3,3,3,3
2,6,3,24,0.1,1,1,1,1,1,265.67,1,7,3,3,3,3,18,3,1,3,1
2,6,3,25,0.2,2,3,2,2,1,243.39,1,17,3,3,2,2,3,1,1,3,3
2,6,3,26,0.05,1,2,1,1,1,290.85,1,1,3,3,3,3,14,1,3,2,2
2,6,3,27,0.2,1,1,1,1,1,220.28,1,15,3,1,3,1,2,3,3,3,3
2,6,3,28,0.8,1,2,1,1,1,242.07,1,8,3,1,3,1,4,1,3,2,2
2,6,3,29,0.1,1,3,1,1,1,261.85,1,1,3,3,3,3,15,1,3,3,1
2,6,3,30,0.2,1,2,1,1,1,225.56,1,13,1,3,1,3,15,1,1,2,2
2,6,3,31,0.05,2,1,2,2,1,326.83,0,15,1,3,2,2,4,3,3,3,3
2,6,3,32,1.8,1,1,1,1,1,205.36,1,19,1,1,1,1,13,1,1,1,1
2,6,3,33,0.4,1,2,1,1,1,210.5,1,14,3,3,3,3,10,1,1,2,2
2,6,3,34,0.1,3,3,2,2,1,265.33,1,1,3,1,1,3,8,1,3,3,1
2,6,3,35,0.4,3,1,2,2,1,253.93,1,10,3,3,1,1,3,1,1,1,1
2,6,3,36,1.8,1,2,1,1,1,210.68,1,11,1,3,1,3,9,3,1,2,2
2,6,3,37,0.8,3,1,2,2,1,229.48,1,13,1,3,3,1,6,3,1,3,1
2,6,3,38,0.4,1,1,1,1,1,247.94,1,3,3,3,3,3,14,1,1,1,1
2,6,3,39,0.05,2,3,2,2,1,295.43,1,11,3,3,2,2,7,1,1,3,3
2,6,3,40,0.1,3,3,2,2,1,296.06,1,9,3,3,1,1,7,3,3,1,1
2,6,3,41,0.1,1,1,1,1,1,314.98,0,19,1,3,1,3,10,1,3,1,3
2,6,3,42,0.05,2,3,2,2,1,288.44,1,2,1,3,2,2,12,1,1,3,3
2,6,3,43,0.05,1,3,1,2,0,285.26,1,19,3,1,3,1,12,3,1,1,3
2,6,3,44,0.1,1,2,1,2,0,491.3,0,19,3,1,3,1,16,3,1,2,2
2,6,3,45,0.4,1,1,1,1,1,224.49,1,7,1,1,1,1,4,1,1,1,1
2,6,3,46,1.8,2,1,2,1,0,208.13,1,4,1,3,2,2,19,1,1,1,1
2,6,3,47,0.8,3,2,NaN,NaN,NaN,NaN,NaN,12,1,3,3,1,18,1,3,2,2
2,6,3,48,0.1,3,3,2,2,1,283.07,1,15,3,1,1,3,12,3,3,1,1
2,6,3,49,1.8,2,3,2,1,0,217.32,1,12,3,3,2,2,19,3,1,1,3
2,6,3,50,0.1,2,2,2,2,1,274.29,1,13,3,1,2,2,2,1,3,2,2
2,6,3,51,1.8,1,2,1,1,1,211.37,1,12,1,1,1,1,16,1,1,2,2
2,6,3,52,0.2,2,2,2,2,1,321.08,0,3,3,3,2,2,17,3,1,2,2
2,6,3,53,0.8,3,1,2,2,1,248.52,1,2,3,3,1,1,15,3,1,3,1
2,6,3,54,0.8,1,1,1,1,1,238.98,1,1,1,1,1,1,10,3,1,3,1
2,6,3,55,0.1,1,3,1,2,0,261.9,1,14,3,3,3,3,16,1,1,3,3
2,6,3,56,1.8,2,1,2,1,0,200.57,1,12,3,3,2,2,3,1,3,1,3
2,6,3,57,0.8,2,1,2,2,1,216.95,1,10,1,3,2,2,9,3,3,3,3
2,6,3,58,0.4,1,2,1,1,1,280.7,1,8,1,1,1,1,8,3,1,2,2
2,6,3,59,0.4,1,2,1,1,1,228.6,1,12,3,1,3,1,14,1,1,2,2
2,6,3,60,0.05,1,1,1,2,0,301.61,0,18,1,3,1,3,18,3,1,3,1
2,6,3,61,0.4,3,2,2,2,1,306.74,0,5,1,3,3,1,17,1,1,2,2
2,6,3,62,0.2,1,1,1,1,1,212.75,1,12,3,1,3,1,16,3,1,3,1
2,6,3,63,1.8,1,1,1,1,1,216.23,1,20,1,3,1,3,7,1,3,1,3
2,6,3,64,0.2,1,1,1,1,1,292.35,1,19,1,3,1,3,3,3,3,3,3
2,6,3,65,0.05,3,1,2,2,1,327.91,0,4,1,3,3,1,20,1,1,1,1
2,6,3,66,0.8,1,3,1,1,1,212.29,1,5,3,1,3,1,12,1,3,3,1
2,6,3,67,0.05,2,1,2,1,0,279.89,1,3,1,3,2,2,10,3,3,3,3
2,6,3,68,1.8,2,2,2,2,1,200.17,1,12,1,3,2,2,18,1,3,2,2
2,6,3,69,0.4,2,2,2,2,1,255.72,1,14,1,1,2,2,16,3,3,2,2
2,6,3,70,0.2,1,3,1,1,1,251.22,1,12,3,3,3,3,9,3,3,1,1
2,6,3,71,0.1,1,3,1,2,0,273.27,1,4,1,3,1,3,5,3,3,1,1
2,6,3,72,0.2,1,2,1,1,1,216.18,1,18,1,3,1,3,19,3,1,2,2
2,6,3,73,0.4,2,1,2,1,0,252.79,1,10,3,3,2,2,12,1,1,1,1
2,6,3,74,1.8,3,1,2,2,1,225.26,1,19,3,1,1,3,9,1,3,1,3
2,6,3,75,0.4,1,3,1,2,0,33.044,2,4,1,3,1,3,17,1,3,3,1
2,6,3,76,0.05,2,2,2,1,0,423.29,0,4,1,1,2,2,1,1,1,2,2
2,6,3,77,1.8,2,1,2,1,0,189.26,1,15,3,1,2,2,19,3,3,3,3
2,6,3,78,0.1,1,3,1,2,0,284.91,1,10,1,1,1,1,20,1,3,3,1
2,6,4,1,1.8,1,3,1,2,0,203.47,1,3,3,1,3,1,6,1,1,3,3
2,6,4,2,0.8,1,2,1,1,1,237.32,1,14,3,1,3,1,10,1,1,2,2
2,6,4,3,0.2,1,1,1,1,1,216.41,1,4,1,1,1,1,19,1,1,1,1
2,6,4,4,1.8,1,2,1,1,1,183.5,1,13,1,1,1,1,13,1,1,2,2
2,6,4,5,1.8,1,1,1,1,1,195.12,1,13,1,1,1,1,12,1,3,1,3
2,6,4,6,0.05,3,2,2,2,1,271.04,1,8,1,1,3,3,14,1,1,2,2
2,6,4,7,1.8,3,1,2,2,1,188.52,1,4,3,3,1,1,20,1,1,1,1
2,6,4,8,0.4,1,1,1,1,1,208.79,1,6,3,1,3,1,13,3,1,3,1
2,6,4,9,0.4,1,2,1,1,1,206.53,1,9,1,3,1,3,6,3,3,2,2
2,6,4,10,0.05,1,2,1,2,0,366.22,0,3,1,1,1,1,3,1,3,2,2
2,6,4,11,0.8,1,3,1,1,1,213.07,1,2,1,3,1,3,12,1,1,3,3
2,6,4,12,1.8,1,3,1,1,1,208.41,1,16,3,3,3,3,15,1,3,3,1
2,6,4,13,0.1,1,2,1,1,1,307.38,0,14,3,1,3,1,4,1,1,2,2
2,6,4,14,0.4,3,1,2,1,0,232.15,1,17,1,1,3,3,15,3,1,3,1
2,6,4,15,0.1,1,1,1,1,1,255.85,1,3,3,1,3,1,3,1,1,1,1
2,6,4,16,0.4,1,1,1,1,1,246.6,1,6,3,1,3,1,6,1,1,1,1
2,6,4,17,0.2,1,2,1,1,1,168.86,1,10,1,1,1,1,7,3,1,2,2
2,6,4,18,0.4,3,2,2,2,1,241.64,1,6,1,3,3,1,3,1,3,2,2
2,6,4,19,0.8,1,3,1,1,1,238.58,1,14,3,3,3,3,18,3,1,1,3
2,6,4,20,0.4,1,2,1,1,1,207.45,1,2,1,1,1,1,10,1,1,2,2
2,6,4,21,0.2,1,2,1,1,1,209.11,1,17,1,1,1,1,17,3,3,2,2
2,6,4,22,0.1,1,3,1,2,0,286.32,1,9,3,1,3,1,11,3,1,1,3
2,6,4,23,0.4,1,1,1,1,1,240.35,1,16,3,1,3,1,2,3,1,3,1
2,6,4,24,1.8,1,1,1,1,1,204.85,1,15,3,3,3,3,1,1,3,1,3
2,6,4,25,0.1,1,1,1,1,1,292.22,1,4,1,3,1,3,3,1,3,1,3
2,6,4,26,0.2,2,2,2,2,1,297.64,1,16,1,1,2,2,3,3,3,2,2
2,6,4,27,0.1,3,1,2,2,1,228.97,1,1,3,3,1,1,17,3,3,3,3
2,6,4,28,0.4,1,3,1,2,0,240.2,1,9,1,3,1,3,12,3,3,1,1
2,6,4,29,0.8,2,3,2,2,1,216.75,1,8,3,1,2,2,9,1,1,3,3
2,6,4,30,0.1,3,2,2,2,1,253.58,1,4,1,3,3,1,19,3,1,2,2
2,6,4,31,0.05,3,2,2,2,1,309.66,0,15,3,3,1,1,8,1,1,2,2
2,6,4,32,0.8,3,3,NaN,NaN,NaN,NaN,NaN,11,3,3,1,1,1,1,3,3,1
2,6,4,33,0.2,1,3,1,1,1,261.6,1,6,3,3,3,3,16,1,3,3,1
2,6,4,34,0.1,2,2,2,2,1,317.04,0,16,1,3,2,2,14,3,3,2,2
2,6,4,35,1.8,2,2,2,2,1,210.54,1,5,1,1,2,2,15,1,1,2,2
2,6,4,36,0.2,1,1,1,1,1,261.32,1,4,1,3,1,3,20,1,3,1,3
2,6,4,37,0.05,3,2,2,2,1,348.25,0,12,1,1,3,3,15,3,1,2,2
2,6,4,38,0.1,2,1,2,1,0,331.34,0,11,1,1,2,2,11,1,3,1,3
2,6,4,39,0.8,1,2,1,1,1,206,1,20,3,1,3,1,4,3,1,2,2
2,6,4,40,0.8,2,3,2,2,1,223.63,1,3,3,3,2,2,12,3,3,1,1
2,6,4,41,0.05,1,1,1,1,1,253.34,1,20,3,1,3,1,20,1,3,1,3
2,6,4,42,0.4,1,3,1,1,1,247.56,1,17,1,1,1,1,1,3,1,1,3
2,6,4,43,0.05,3,2,2,2,1,265.19,1,13,1,3,3,1,7,1,1,2,2
2,6,4,44,0.8,1,2,1,1,1,306.32,0,9,3,1,3,1,18,1,3,2,2
2,6,4,45,0.05,2,1,2,1,0,267.37,1,9,1,3,2,2,9,3,3,3,3
2,6,4,46,0.4,2,3,2,2,1,224.75,1,11,3,3,2,2,1,1,1,3,3
2,6,4,47,0.8,1,1,1,1,1,226.86,1,7,1,3,1,3,16,1,1,1,1
2,6,4,48,0.2,2,3,2,2,1,303.62,0,1,3,1,2,2,16,3,1,1,3
2,6,4,49,0.4,1,2,1,1,1,242.45,1,8,3,1,3,1,12,1,3,2,2
2,6,4,50,0.2,2,3,2,2,1,248.71,1,2,3,1,2,2,4,3,1,1,3
2,6,4,51,0.1,2,1,2,2,1,295.02,1,1,1,1,2,2,12,1,3,1,3
2,6,4,52,0.2,1,1,1,1,1,337.67,0,13,1,1,1,1,1,3,1,3,1
2,6,4,53,0.8,2,3,2,2,1,226.19,1,3,1,1,2,2,2,3,1,1,3
2,6,4,54,0.4,2,3,2,2,1,351.59,0,10,1,3,2,2,10,1,1,3,3
2,6,4,55,0.05,2,3,2,1,0,302.93,0,11,1,1,2,2,10,1,3,3,1
2,6,4,56,0.4,2,1,2,1,0,228.45,1,9,3,1,2,2,15,1,1,1,1
2,6,4,57,0.1,3,2,2,2,1,311.94,0,15,3,1,1,3,15,1,3,2,2
2,6,4,58,0.05,1,3,1,1,1,275.42,1,5,3,1,3,1,9,1,3,3,1
2,6,4,59,0.05,1,2,1,2,0,282.04,1,9,1,1,1,1,9,1,1,2,2
2,6,4,60,0.2,2,2,2,2,1,278.24,1,11,1,1,2,2,5,3,3,2,2
2,6,4,61,1.8,2,1,NaN,NaN,NaN,NaN,NaN,3,3,3,2,2,20,3,1,3,1
2,6,4,62,0.05,2,1,2,2,1,300.66,0,4,3,3,2,2,20,1,3,1,3
2,6,4,63,0.1,2,2,2,2,1,351.13,0,3,1,3,2,2,10,3,1,2,2
2,6,4,64,0.2,1,3,1,2,0,207.26,1,9,3,3,3,3,10,3,3,1,1
2,6,4,65,1.8,1,1,1,1,1,176.82,1,9,1,1,1,1,1,3,1,3,1
2,6,4,66,0.8,2,2,2,2,1,211.35,1,8,3,3,2,2,19,3,3,2,2
2,6,4,67,1.8,1,1,1,1,1,201.39,1,16,1,1,1,1,17,1,1,1,1
2,6,4,68,1.8,1,3,1,1,1,207.14,1,18,3,1,3,1,3,3,3,1,1
2,6,4,69,0.05,1,2,1,1,1,282.65,1,1,1,3,1,3,16,1,3,2,2
2,6,4,70,0.05,1,3,1,2,0,297.99,1,19,3,3,3,3,6,1,1,3,3
2,6,4,71,0.2,2,1,2,1,0,287.07,1,13,1,1,2,2,11,3,1,3,1
2,6,4,72,1.8,1,1,1,1,1,207.03,1,6,3,1,3,1,2,1,3,1,3
2,6,4,73,0.1,1,3,1,2,0,282.17,1,7,1,3,1,3,13,3,1,1,3
2,6,4,74,0.1,2,3,2,2,1,260.17,1,18,1,3,2,2,12,1,1,3,3
2,6,4,75,0.8,1,3,1,1,1,235.55,1,11,1,3,1,3,3,3,3,1,1
2,6,4,76,1.8,1,1,1,1,1,196.56,1,4,1,1,1,1,10,3,1,3,1
2,6,4,77,0.8,1,2,1,1,1,204.85,1,1,1,3,1,3,3,1,3,2,2
2,6,4,78,0.2,2,3,2,2,1,330.02,0,18,1,1,2,2,12,1,1,3,3
2,6,5,1,0.05,1,3,1,1,1,351.84,0,6,1,3,1,3,14,1,3,3,1
2,6,5,2,0.1,3,3,2,2,1,179.76,1,8,3,1,1,3,16,3,3,1,1
2,6,5,3,0.2,1,1,1,1,1,197.66,1,11,1,3,1,3,10,3,1,3,1
2,6,5,4,1.8,1,1,1,1,1,203.59,1,19,1,3,1,3,1,3,1,3,1
2,6,5,5,0.05,3,1,2,2,1,234.98,1,13,1,1,3,3,20,1,1,1,1
2,6,5,6,0.05,1,2,1,1,1,272.67,1,1,3,3,3,3,18,1,1,2,2
2,6,5,7,0.8,2,1,2,1,0,204.24,1,2,3,1,2,2,12,1,3,1,3
2,6,5,8,0.2,3,2,2,2,1,171.56,1,6,3,1,1,3,5,3,1,2,2
2,6,5,9,0.2,3,3,2,2,1,268.34,1,2,1,3,3,1,14,3,1,1,3
2,6,5,10,1.8,1,3,1,1,1,215.61,1,18,1,3,1,3,3,3,1,1,3
2,6,5,11,0.1,2,3,2,2,1,234.58,1,5,3,3,2,2,6,3,3,1,1
2,6,5,12,0.8,3,1,2,2,1,240.84,1,17,3,1,1,3,4,1,3,1,3
2,6,5,13,0.4,1,2,1,1,1,217.35,1,19,3,3,3,3,18,1,1,2,2
2,6,5,14,1.8,2,3,2,2,1,179.32,1,13,1,3,2,2,19,1,3,3,1
2,6,5,15,0.05,1,2,1,1,1,333.7,0,2,3,1,3,1,16,3,1,2,2
2,6,5,16,0.8,2,1,2,2,1,218.59,1,4,1,1,2,2,12,3,1,3,1
2,6,5,17,0.4,1,3,1,2,0,307.07,0,4,3,3,3,3,3,1,1,3,3
2,6,5,18,0.1,1,1,1,1,1,182.43,1,18,3,1,3,1,18,3,3,3,3
2,6,5,19,0.8,2,3,2,2,1,202.62,1,6,1,3,2,2,19,1,1,3,3
2,6,5,20,0.05,3,3,2,2,1,319.77,0,4,3,1,1,3,15,1,1,3,3
2,6,5,21,0.1,1,2,1,1,1,266.06,1,12,1,1,1,1,14,3,3,2,2
2,6,5,22,1.8,2,2,2,2,1,204.28,1,1,1,1,2,2,9,1,1,2,2
2,6,5,23,0.1,1,3,1,1,1,291.81,1,4,3,3,3,3,2,1,1,3,3
2,6,5,24,0.1,3,3,2,2,1,250.51,1,5,1,3,3,1,19,1,1,3,3
2,6,5,25,0.2,1,3,1,1,1,219.39,1,2,1,1,1,1,14,1,3,3,1
2,6,5,26,0.4,1,3,1,1,1,228.21,1,8,3,1,3,1,2,3,3,1,1
2,6,5,27,0.2,3,2,2,2,1,270.16,1,14,1,1,3,3,11,3,1,2,2
2,6,5,28,0.8,1,3,1,2,0,257.95,1,16,1,1,1,1,20,1,1,3,3
2,6,5,29,0.2,1,2,1,1,1,219.92,1,12,3,1,3,1,11,1,1,2,2
2,6,5,30,0.2,2,2,2,2,1,132.36,1,9,1,1,2,2,9,3,3,2,2
2,6,5,31,0.05,3,2,2,2,1,329.11,0,9,3,1,1,3,4,3,1,2,2
2,6,5,32,0.4,3,3,2,2,1,220.15,1,14,3,3,1,1,8,3,3,1,1
2,6,5,33,0.1,3,3,2,2,1,276.34,1,12,3,3,1,1,7,1,3,3,1
2,6,5,34,1.8,1,2,1,1,1,200.27,1,13,3,1,3,1,7,3,3,2,2
2,6,5,35,0.2,3,3,2,2,1,240.48,1,16,3,1,1,3,19,1,1,3,3
2,6,5,36,0.4,2,1,2,1,0,220.27,1,3,1,1,2,2,2,3,3,3,3
2,6,5,37,0.4,2,1,2,2,1,218,1,13,1,1,2,2,3,3,1,3,1
2,6,5,38,0.1,1,1,1,1,1,283.12,1,14,3,1,3,1,4,3,1,3,1
2,6,5,39,1.8,1,3,1,1,1,200.97,1,10,3,3,3,3,17,1,1,3,3
2,6,5,40,0.05,3,3,2,2,1,257.54,1,6,1,1,3,3,15,3,1,1,3
2,6,5,41,0.1,3,2,2,2,1,271.06,1,18,3,3,1,1,2,3,3,2,2
2,6,5,42,0.4,1,1,1,1,1,322.38,0,9,1,3,1,3,5,1,1,1,1
2,6,5,43,1.8,1,2,NaN,NaN,NaN,NaN,NaN,8,3,3,3,3,19,1,3,2,2
2,6,5,44,0.8,2,1,2,1,0,208.84,1,12,1,1,2,2,3,1,3,1,3
2,6,5,45,0.8,1,2,1,1,1,211.57,1,17,3,3,3,3,19,3,3,2,2
2,6,5,46,0.05,2,2,2,2,1,328.05,0,14,1,1,2,2,19,1,1,2,2
2,6,5,47,0.1,2,1,2,1,0,305.22,0,15,1,3,2,2,17,3,3,3,3
2,6,5,48,0.1,1,2,1,1,1,233.99,1,5,1,1,1,1,4,1,1,2,2
2,6,5,49,0.05,1,3,1,1,1,223.31,1,18,3,1,3,1,4,1,3,3,1
2,6,5,50,0.2,1,1,1,1,1,153.3,1,12,1,1,1,1,8,1,1,1,1
2,6,5,51,0.4,1,1,1,1,1,187.7,1,14,3,3,3,3,5,1,1,1,1
2,6,5,52,0.2,1,2,1,1,1,263.67,1,17,3,1,3,1,5,1,1,2,2
2,6,5,53,0.05,1,2,1,1,1,311.75,0,11,3,1,3,1,17,1,1,2,2
2,6,5,54,0.2,1,1,1,1,1,219.1,1,6,1,1,1,1,18,3,3,3,3
2,6,5,55,0.8,1,1,1,1,1,206.97,1,6,1,1,1,1,15,3,1,3,1
2,6,5,56,0.8,1,3,1,1,1,262.7,1,20,3,3,3,3,16,1,3,3,1
2,6,5,57,1.8,1,2,1,1,1,214.23,1,3,3,1,3,1,9,3,1,2,2
2,6,5,58,1.8,3,2,2,2,1,173.62,1,11,1,1,3,3,19,3,3,2,2
2,6,5,59,0.8,3,1,2,2,1,224.22,1,16,3,1,1,3,18,3,1,3,1
2,6,5,60,0.8,3,2,2,2,1,158.07,1,4,3,1,1,3,10,3,3,2,2
2,6,5,61,0.4,1,3,1,1,1,243.23,1,20,1,3,1,3,15,1,3,3,1
2,6,5,62,0.2,1,1,1,1,1,223.85,1,9,3,1,3,1,19,1,1,1,1
2,6,5,63,0.05,3,3,2,2,1,300.76,0,19,1,3,3,1,7,1,3,3,1
2,6,5,64,0.2,1,3,1,1,1,270.03,1,13,3,1,3,1,10,3,3,1,1
2,6,5,65,0.1,2,2,2,1,0,291.46,1,15,1,1,2,2,15,1,3,2,2
2,6,5,66,1.8,1,3,1,1,1,234.75,1,15,1,3,1,3,14,3,1,1,3
2,6,5,67,1.8,2,1,2,2,1,208.78,1,5,1,3,2,2,5,3,3,3,3
2,6,5,68,1.8,3,2,2,2,1,217.53,1,20,3,1,1,3,18,3,1,2,2
2,6,5,69,0.1,1,2,1,1,1,284.24,1,9,1,1,1,1,1,3,3,2,2
2,6,5,70,0.05,1,2,1,2,0,331.87,0,2,3,3,3,3,18,1,3,2,2
2,6,5,71,0.4,1,1,1,1,1,208.84,1,19,3,3,3,3,10,3,3,3,3
2,6,5,72,0.4,2,2,2,2,1,259.91,1,2,3,3,2,2,14,1,3,2,2
2,6,5,73,1.8,1,1,NaN,NaN,NaN,NaN,NaN,14,1,1,1,1,3,3,1,3,1
2,6,5,74,0.4,1,1,1,1,1,220.93,1,8,1,1,1,1,16,1,1,1,1
2,6,5,75,0.4,3,2,2,2,1,307.63,0,13,3,3,1,1,12,1,1,2,2
2,6,5,76,0.05,1,2,1,2,0,315.39,0,4,3,3,3,3,8,3,3,2,2
2,6,5,77,0.8,2,3,2,2,1,246.59,1,11,3,1,2,2,3,3,3,1,1
2,6,5,78,0.8,3,2,2,2,1,258.39,1,5,1,1,3,3,5,3,3,2,2
2,6,6,1,0.4,2,2,2,1,0,266.41,1,1,1,1,2,2,17,1,3,2,2
2,6,6,2,0.8,1,1,1,1,1,216.88,1,11,3,3,3,3,11,1,1,1,1
2,6,6,3,0.8,1,1,1,1,1,251.88,1,11,1,3,1,3,7,1,1,1,1
2,6,6,4,0.2,3,2,2,1,0,378.38,0,12,1,1,3,3,14,3,1,2,2
2,6,6,5,0.2,2,2,2,1,0,172.21,1,10,3,1,2,2,13,1,1,2,2
2,6,6,6,0.8,1,3,1,1,1,229.86,1,12,1,3,1,3,5,1,1,3,3
2,6,6,7,0.4,2,1,2,1,0,232.03,1,18,3,1,2,2,6,3,3,3,3
2,6,6,8,0.1,2,3,2,2,1,285.84,1,13,3,3,2,2,8,1,3,3,1
2,6,6,9,1.8,2,3,2,2,1,191.95,1,7,1,1,2,2,2,3,3,1,1
2,6,6,10,0.2,3,1,2,2,1,430.7,0,17,3,3,1,1,17,3,3,3,3
2,6,6,11,0.05,1,2,1,1,1,248.52,1,2,3,1,3,1,20,3,1,2,2
2,6,6,12,0.8,3,1,2,2,1,295.95,1,10,1,1,3,3,11,3,3,3,3
2,6,6,13,0.1,1,3,1,1,1,266.97,1,7,1,1,1,1,11,3,1,1,3
2,6,6,14,0.05,1,2,1,1,1,269.62,1,16,1,1,1,1,16,3,1,2,2
2,6,6,15,0.05,1,1,1,1,1,220.23,1,15,1,3,1,3,13,1,3,1,3
2,6,6,16,0.1,3,1,2,1,0,208.96,1,12,1,1,3,3,11,1,1,1,1
2,6,6,17,0.1,1,2,1,1,1,241.16,1,16,3,3,3,3,10,3,1,2,2
2,6,6,18,0.1,1,1,1,1,1,217.72,1,11,3,1,3,1,16,1,3,1,3
2,6,6,19,0.4,2,3,2,2,1,217.1,1,2,3,3,2,2,3,3,3,1,1
2,6,6,20,1.8,3,1,2,2,1,193.91,1,2,1,1,3,3,2,1,3,1,3
2,6,6,21,1.8,1,2,1,1,1,275.18,1,17,3,1,3,1,14,3,1,2,2
2,6,6,22,1.8,1,1,1,1,1,279.07,1,3,3,3,3,3,18,3,3,3,3
2,6,6,23,0.05,1,1,1,1,1,272.45,1,14,1,1,1,1,5,1,1,1,1
2,6,6,24,0.05,1,3,1,2,0,271.01,1,16,1,3,1,3,20,3,3,1,1
2,6,6,25,0.4,3,1,2,2,1,248.59,1,3,3,1,1,3,3,3,1,3,1
2,6,6,26,0.8,1,3,1,2,0,242.95,1,7,1,1,1,1,3,1,3,3,1
2,6,6,27,1.8,1,3,1,1,1,205.34,1,18,3,1,3,1,10,3,1,1,3
2,6,6,28,0.1,1,1,1,1,1,326.44,0,3,1,3,1,3,1,1,3,1,3
2,6,6,29,0.2,2,1,2,2,1,342.3,0,17,3,1,2,2,15,1,3,1,3
2,6,6,30,0.8,1,1,1,1,1,209.14,1,4,1,3,1,3,4,3,1,3,1
2,6,6,31,0.2,1,3,1,2,0,263.29,1,15,1,3,1,3,4,1,3,3,1
2,6,6,32,0.05,3,1,2,1,0,310.22,0,12,3,3,1,1,1,1,3,1,3
2,6,6,33,0.8,3,1,2,2,1,238.43,1,6,3,3,1,1,6,1,1,1,1
2,6,6,34,0.8,1,2,1,1,1,236.7,1,1,1,1,1,1,5,3,3,2,2
2,6,6,35,0.8,3,3,2,2,1,238.72,1,4,3,3,1,1,2,1,1,3,3
2,6,6,36,1.8,1,3,1,1,1,271.69,1,13,3,3,3,3,14,1,3,3,1
2,6,6,37,0.2,1,3,1,1,1,334.81,0,8,3,1,3,1,6,3,1,1,3
2,6,6,38,0.2,3,2,2,2,1,289.99,1,8,3,3,1,1,9,1,1,2,2
2,6,6,39,0.8,1,2,1,1,1,204.63,1,10,1,3,1,3,19,1,3,2,2
2,6,6,40,0.2,1,3,1,1,1,212.52,1,1,3,1,3,1,4,1,3,3,1
2,6,6,41,0.8,2,1,2,2,1,227.08,1,18,3,3,2,2,1,3,3,3,3
2,6,6,42,0.2,1,3,1,1,1,223.69,1,15,1,3,1,3,5,1,3,3,1
2,6,6,43,0.4,3,3,2,2,1,324.56,0,19,1,1,3,3,5,3,1,1,3
2,6,6,44,0.2,3,2,2,2,1,332.21,0,4,3,3,1,1,10,1,3,2,2
2,6,6,45,0.05,1,2,1,1,1,301.63,0,19,3,1,3,1,11,1,1,2,2
2,6,6,46,0.05,2,3,2,2,1,269.75,1,17,1,1,2,2,9,1,1,3,3
2,6,6,47,0.4,1,2,1,1,1,208.1,1,5,1,1,1,1,8,3,3,2,2
2,6,6,48,0.4,3,2,2,2,1,231.13,1,9,1,1,3,3,14,3,1,2,2
2,6,6,49,1.8,1,1,1,1,1,205.71,1,8,3,3,3,3,2,1,3,1,3
2,6,6,50,0.05,1,3,1,1,1,299.58,1,12,3,1,3,1,3,1,3,3,1
2,6,6,51,0.05,1,2,1,1,1,270.21,1,7,1,1,1,1,7,3,3,2,2
2,6,6,52,0.1,2,2,2,2,1,327.24,0,11,3,3,2,2,1,3,3,2,2
2,6,6,53,0.05,1,3,1,1,1,295.17,1,3,1,1,1,1,17,1,3,3,1
2,6,6,54,1.8,1,3,1,2,0,281.06,1,7,1,1,1,1,3,1,1,3,3
2,6,6,55,0.8,3,2,2,2,1,207.17,1,14,1,1,3,3,1,3,3,2,2
2,6,6,56,0.1,2,1,2,1,0,305.22,0,7,3,3,2,2,6,3,1,3,1
2,6,6,57,0.05,2,2,2,2,1,369.79,0,5,1,3,2,2,18,1,3,2,2
2,6,6,58,0.2,2,3,2,2,1,235.29,1,4,1,1,2,2,11,1,1,3,3
2,6,6,59,1.8,3,3,2,2,1,220.1,1,4,3,1,1,3,10,1,1,3,3
2,6,6,60,0.2,1,2,1,2,0,128.23,1,20,1,3,1,3,7,3,1,2,2
2,6,6,61,0.4,1,1,1,1,1,207.15,1,17,1,1,1,1,3,3,3,3,3
2,6,6,62,0.4,3,3,2,2,1,248.93,1,5,3,3,1,1,9,1,1,3,3
2,6,6,63,0.4,3,2,2,2,1,207.03,1,1,1,1,3,3,18,3,1,2,2
2,6,6,64,0.1,1,1,1,1,1,252.53,1,13,1,1,1,1,8,3,3,3,3
2,6,6,65,0.1,1,3,1,1,1,176.21,1,5,1,3,1,3,7,3,1,1,3
2,6,6,66,0.1,1,3,1,2,0,306.9,0,3,3,1,3,1,7,3,3,1,1
2,6,6,67,1.8,2,2,2,1,0,217.75,1,15,3,3,2,2,10,1,1,2,2
2,6,6,68,0.4,3,2,2,2,1,254.97,1,19,1,3,3,1,13,1,1,2,2
2,6,6,69,0.8,1,2,1,2,0,270.51,1,7,1,1,1,1,20,1,1,2,2
2,6,6,70,0.1,1,1,1,1,1,278.24,1,15,3,1,3,1,8,1,1,1,1
2,6,6,71,1.8,3,2,2,2,1,202.41,1,20,3,1,1,3,2,1,1,2,2
2,6,6,72,0.2,1,1,1,1,1,211.4,1,6,3,3,3,3,14,3,1,3,1
2,6,6,73,0.1,1,3,1,1,1,256.03,1,6,3,3,3,3,18,1,1,3,3
2,6,6,74,0.05,3,2,2,2,1,487.59,0,4,1,3,3,1,4,3,3,2,2
2,6,6,75,0.4,1,1,1,1,1,228.21,1,17,3,3,3,3,20,1,3,1,3
2,6,6,76,1.8,1,1,1,1,1,217.38,1,9,1,1,1,1,10,1,1,1,1
2,6,6,77,0.4,2,2,2,1,0,248.14,1,17,1,1,2,2,14,1,1,2,2
2,6,6,78,1.8,3,1,2,2,1,172.06,1,4,1,1,3,3,5,1,3,1,3
2,6,7,1,1.8,1,3,1,1,1,185.07,1,16,3,1,3,1,15,3,3,1,1
2,6,7,2,0.8,3,2,2,2,1,183.44,1,20,3,1,1,3,20,1,3,2,2
2,6,7,3,0.1,1,3,1,2,0,279.91,1,19,1,1,1,1,11,1,3,3,1
2,6,7,4,0.2,1,2,1,1,1,196.74,1,11,1,3,1,3,17,3,1,2,2
2,6,7,5,0.4,2,3,2,2,1,257.28,1,9,1,1,2,2,5,1,3,3,1
2,6,7,6,0.1,2,1,2,2,1,281.01,1,3,1,1,2,2,5,3,1,3,1
2,6,7,7,0.05,1,3,1,1,1,273.6,1,10,1,1,1,1,18,3,1,1,3
2,6,7,8,0.2,1,2,1,1,1,198.6,1,11,1,1,1,1,9,3,3,2,2
2,6,7,9,0.4,3,2,2,2,1,193.45,1,17,3,3,1,1,8,1,1,2,2
2,6,7,10,0.1,1,1,1,1,1,1084.2,0,2,3,1,3,1,17,3,1,3,1
2,6,7,11,0.8,3,3,NaN,NaN,NaN,NaN,NaN,20,1,1,3,3,9,1,3,3,1
2,6,7,12,0.1,1,1,1,1,1,254.8,1,6,1,3,1,3,5,3,1,3,1
2,6,7,13,0.8,2,1,2,1,0,203.51,1,15,3,3,2,2,10,3,3,3,3
2,6,7,14,0.05,1,2,1,1,1,261.79,1,10,3,1,3,1,14,3,3,2,2
2,6,7,15,0.2,1,3,1,1,1,256.61,1,10,1,3,1,3,11,3,3,1,1
2,6,7,16,1.8,2,2,2,2,1,186.27,1,3,3,3,2,2,10,1,3,2,2
2,6,7,17,0.2,1,2,1,1,1,187.31,1,11,3,3,3,3,14,3,3,2,2
2,6,7,18,0.2,3,1,2,2,1,282.58,1,4,3,3,1,1,1,3,3,3,3
2,6,7,19,0.1,1,3,1,1,1,272.36,1,7,1,3,1,3,9,3,1,1,3
2,6,7,20,0.1,2,2,2,1,0,249.62,1,1,3,1,2,2,8,1,3,2,2
2,6,7,21,0.1,2,2,2,1,0,251.2,1,11,1,1,2,2,18,3,3,2,2
2,6,7,22,0.2,1,3,1,1,1,260.91,1,16,1,1,1,1,9,1,1,3,3
2,6,7,23,0.05,1,3,1,1,1,269.5,1,1,3,1,3,1,15,1,3,3,1
2,6,7,24,0.8,3,1,2,2,1,197.11,1,5,1,1,3,3,16,3,3,3,3
2,6,7,25,0.4,1,3,1,1,1,100.64,1,19,1,1,1,1,2,1,1,3,3
2,6,7,26,0.8,1,1,1,1,1,237.17,1,6,1,3,1,3,7,3,3,3,3
2,6,7,27,0.2,1,3,1,2,0,296.23,1,20,3,1,3,1,20,1,1,3,3
2,6,7,28,1.8,2,3,2,1,0,187.36,1,11,3,1,2,2,17,1,1,3,3
2,6,7,29,0.8,1,3,1,1,1,219.33,1,12,3,3,3,3,19,1,3,3,1
2,6,7,30,0.1,3,3,2,2,1,193.65,1,8,3,3,1,1,10,3,1,1,3
2,6,7,31,0.05,3,2,2,2,1,342.74,0,17,3,1,1,3,19,1,1,2,2
2,6,7,32,0.05,2,2,2,2,1,263.25,1,11,3,3,2,2,20,3,1,2,2
2,6,7,33,0.2,2,3,2,1,0,210.75,1,15,1,1,2,2,3,1,3,3,1
2,6,7,34,1.8,1,3,1,1,1,212.76,1,18,1,3,1,3,2,3,1,1,3
2,6,7,35,0.2,3,2,2,2,1,263.47,1,6,1,1,3,3,16,3,3,2,2
2,6,7,36,1.8,3,1,2,2,1,193.61,1,5,1,3,3,1,3,3,1,3,1
2,6,7,37,0.1,1,1,1,1,1,304.79,0,16,3,3,3,3,8,1,1,1,1
2,6,7,38,0.1,1,2,1,1,1,314.83,0,15,3,3,3,3,13,1,1,2,2
2,6,7,39,1.8,1,2,1,1,1,277.94,1,4,1,3,1,3,19,1,3,2,2
2,6,7,40,0.8,1,3,1,1,1,238.23,1,9,1,3,1,3,18,1,3,3,1
2,6,7,41,1.8,3,1,2,2,1,177.31,1,18,3,1,1,3,18,1,3,1,3
2,6,7,42,0.2,2,2,2,1,0,234.17,1,12,3,3,2,2,6,1,1,2,2
2,6,7,43,0.8,3,2,NaN,NaN,NaN,NaN,NaN,18,3,3,1,1,15,1,3,2,2
2,6,7,44,0.4,1,3,1,1,1,231.49,1,11,3,3,3,3,19,3,1,1,3
2,6,7,45,0.05,3,2,2,2,1,277.28,1,9,3,1,1,3,16,3,1,2,2
2,6,7,46,0.8,3,2,2,2,1,252.28,1,7,3,1,1,3,16,3,3,2,2
2,6,7,47,0.8,3,3,2,2,1,246.96,1,17,3,1,1,3,16,3,3,1,1
2,6,7,48,0.1,3,1,2,2,1,215.71,1,1,3,3,1,1,19,1,3,1,3
2,6,7,49,0.8,2,2,2,1,0,196.37,1,8,1,1,2,2,2,3,1,2,2
2,6,7,50,0.05,3,2,2,2,1,216.68,1,5,3,3,1,1,20,3,1,2,2
2,6,7,51,0.4,3,2,2,2,1,265,1,16,1,1,3,3,15,1,1,2,2
2,6,7,52,1.8,1,3,NaN,NaN,NaN,NaN,NaN,13,1,3,1,3,6,3,1,1,3
2,6,7,53,1.8,2,3,2,2,1,227.86,1,18,1,3,2,2,6,3,3,1,1
2,6,7,54,0.4,2,2,2,1,0,236.64,1,4,3,3,2,2,2,3,1,2,2
2,6,7,55,0.2,3,2,2,2,1,266.36,1,13,3,3,1,1,15,1,1,2,2
2,6,7,56,0.2,1,2,1,1,1,211.42,1,7,3,3,3,3,17,1,3,2,2
2,6,7,57,0.4,1,2,1,1,1,281.41,1,3,1,3,1,3,10,1,3,2,2
2,6,7,58,0.05,3,2,2,2,1,270.56,1,15,1,3,3,1,18,3,3,2,2
2,6,7,59,0.4,3,3,2,2,1,198.38,1,6,3,3,1,1,20,1,3,3,1
2,6,7,60,0.4,2,1,2,1,0,273.03,1,5,3,3,2,2,20,3,1,3,1
2,6,7,61,0.4,3,2,2,2,1,411.77,0,19,1,3,3,1,18,3,3,2,2
2,6,7,62,0.05,1,3,1,1,1,295.78,1,4,3,1,3,1,18,3,3,1,1
2,6,7,63,0.1,3,3,2,2,1,177.74,1,8,3,1,1,3,3,1,1,3,3
2,6,7,64,0.8,1,2,NaN,NaN,NaN,NaN,NaN,4,3,1,3,1,1,1,3,2,2
2,6,7,65,0.05,3,1,2,2,1,401.82,0,5,1,3,3,1,20,1,1,1,1
2,6,7,66,0.2,3,3,2,2,1,297.66,1,3,1,1,3,3,13,1,1,3,3
2,6,7,67,0.1,3,2,2,2,1,249.15,1,5,3,1,1,3,8,3,1,2,2
2,6,7,68,0.4,3,1,2,2,1,253.92,1,6,3,1,1,3,20,3,3,3,3
2,6,7,69,0.4,1,1,1,1,1,238.92,1,12,1,1,1,1,10,3,1,3,1
2,6,7,70,1.8,1,3,1,1,1,197.33,1,17,3,3,3,3,19,3,3,1,1
2,6,7,71,0.4,1,3,1,1,1,242.04,1,2,1,1,1,1,13,1,3,3,1
2,6,7,72,0.05,3,2,2,2,1,430.07,0,7,1,3,3,1,15,1,3,2,2
2,6,7,73,0.8,3,3,2,2,1,201.93,1,8,3,3,1,1,14,3,1,1,3
2,6,7,74,1.8,1,3,1,1,1,198.13,1,4,3,3,3,3,8,3,3,1,1
2,6,7,75,1.8,1,2,1,1,1,215.61,1,4,3,1,3,1,1,1,1,2,2
2,6,7,76,0.05,1,2,1,1,1,271.78,1,13,3,3,3,3,12,3,3,2,2
2,6,7,77,1.8,1,1,1,1,1,94.096,2,11,1,1,1,1,16,3,3,3,3
2,6,7,78,0.05,1,3,1,2,0,338.96,0,16,1,3,1,3,1,1,1,3,3
2,6,8,1,0.4,2,2,2,1,0,240.94,1,5,3,1,2,2,13,1,1,2,2
2,6,8,2,0.05,1,3,1,2,0,264.34,1,3,1,3,1,3,4,3,1,1,3
2,6,8,3,0.05,1,1,1,1,1,289.22,1,15,3,3,3,3,12,1,3,1,3
2,6,8,4,1.8,1,2,1,1,1,298.9,1,5,3,3,3,3,3,1,3,2,2
2,6,8,5,0.2,2,3,2,2,1,235.33,1,2,3,3,2,2,14,3,1,1,3
2,6,8,6,0.2,2,1,2,1,0,109.33,1,14,1,1,2,2,7,1,1,1,1
2,6,8,7,0.4,1,3,1,1,1,257.55,1,2,3,1,3,1,16,1,1,3,3
2,6,8,8,0.05,1,2,1,1,1,248.96,1,9,3,1,3,1,7,1,3,2,2
2,6,8,9,0.05,1,1,1,1,1,244.65,1,14,1,3,1,3,3,1,3,1,3
2,6,8,10,0.8,3,1,2,1,0,204.98,1,10,1,3,3,1,18,1,1,1,1
2,6,8,11,1.8,2,2,2,1,0,185.7,1,20,1,3,2,2,15,1,1,2,2
2,6,8,12,0.1,2,3,2,1,0,276.56,1,15,1,3,2,2,20,3,1,1,3
2,6,8,13,1.8,1,3,1,1,1,206.34,1,10,3,1,3,1,20,1,1,3,3
2,6,8,14,0.4,1,1,1,1,1,210.2,1,20,3,1,3,1,6,1,3,1,3
2,6,8,15,0.2,3,2,2,2,1,295.19,1,18,3,3,1,1,15,3,3,2,2
2,6,8,16,1.8,3,2,2,1,0,212.5,1,20,1,3,3,1,2,1,3,2,2
2,6,8,17,0.4,1,3,1,1,1,224.48,1,7,3,1,3,1,16,3,1,1,3
2,6,8,18,0.1,1,1,1,1,1,249.9,1,6,3,1,3,1,20,1,3,1,3
2,6,8,19,0.2,1,1,1,1,1,242.55,1,4,3,3,3,3,2,3,3,3,3
2,6,8,20,0.2,3,2,2,2,1,248.62,1,6,1,3,3,1,3,1,3,2,2
2,6,8,21,0.4,2,1,2,1,0,198.79,1,2,3,1,2,2,8,3,1,3,1
2,6,8,22,0.1,1,3,1,1,1,260.48,1,3,3,1,3,1,18,1,3,3,1
2,6,8,23,0.05,1,3,1,1,1,246.7,1,1,3,3,3,3,17,1,3,3,1
2,6,8,24,0.1,2,2,2,1,0,236.19,1,9,3,1,2,2,3,3,1,2,2
2,6,8,25,0.2,1,3,1,1,1,199.35,1,3,3,1,3,1,15,1,1,3,3
2,6,8,26,0.1,1,1,1,1,1,218.18,1,16,1,1,1,1,3,1,1,1,1
2,6,8,27,0.05,1,2,1,1,1,213.93,1,15,3,1,3,1,19,1,1,2,2
2,6,8,28,0.1,3,2,2,2,1,283.14,1,12,1,1,3,3,6,3,3,2,2
2,6,8,29,0.1,3,1,2,2,1,220.46,1,11,3,3,1,1,7,1,3,1,3
2,6,8,30,0.05,2,1,2,1,0,248.1,1,18,3,3,2,2,3,1,1,1,1
2,6,8,31,0.8,1,2,1,1,1,224.73,1,13,1,3,1,3,14,1,1,2,2
2,6,8,32,0.1,3,1,2,2,1,308.57,0,2,3,3,1,1,9,1,1,1,1
2,6,8,33,0.4,1,3,1,1,1,238.95,1,13,1,1,1,1,1,3,1,1,3
2,6,8,34,0.05,1,1,1,1,1,250.48,1,5,1,3,1,3,16,3,1,3,1
2,6,8,35,0.8,1,2,1,1,1,231.95,1,9,1,1,1,1,20,1,1,2,2
2,6,8,36,0.1,1,3,1,1,1,266.43,1,10,1,1,1,1,10,1,1,3,3
2,6,8,37,0.8,1,1,1,1,1,227.2,1,16,1,3,1,3,7,1,3,1,3
2,6,8,38,0.4,2,2,2,1,0,269.04,1,4,1,1,2,2,8,3,1,2,2
2,6,8,39,0.2,2,2,2,2,1,303.5,0,3,3,3,2,2,17,3,1,2,2
2,6,8,40,1.8,2,1,2,2,1,177.4,1,7,1,1,2,2,14,3,1,3,1
2,6,8,41,0.8,1,3,1,1,1,221.47,1,18,3,3,3,3,1,3,3,1,1
2,6,8,42,0.4,2,2,2,2,1,244.72,1,11,3,3,2,2,15,1,3,2,2
2,6,8,43,0.4,2,2,2,1,0,334.83,0,7,3,3,2,2,9,1,1,2,2
2,6,8,44,0.05,3,1,2,2,1,304.52,0,9,1,1,3,3,12,3,1,3,1
2,6,8,45,0.05,3,2,2,2,1,333.57,0,7,3,1,1,3,19,1,1,2,2
2,6,8,46,0.8,1,2,1,1,1,191.31,1,5,1,3,1,3,11,3,1,2,2
2,6,8,47,1.8,2,1,2,2,1,199.77,1,19,1,1,2,2,14,1,1,1,1
2,6,8,48,0.2,1,1,1,1,1,197.05,1,7,1,3,1,3,18,1,3,1,3
2,6,8,49,0.4,1,1,1,1,1,205.19,1,6,3,1,3,1,12,1,3,1,3
2,6,8,50,0.2,1,3,1,1,1,194.28,1,3,3,1,3,1,17,3,3,1,1
2,6,8,51,0.2,3,3,2,2,1,266.78,1,4,3,3,1,1,9,1,3,3,1
2,6,8,52,0.2,1,2,1,1,1,225.43,1,20,1,3,1,3,6,3,3,2,2
2,6,8,53,0.8,1,1,NaN,NaN,NaN,NaN,NaN,12,1,1,1,1,10,1,1,1,1
2,6,8,54,0.1,1,2,1,1,1,292.31,1,15,3,1,3,1,13,3,3,2,2
2,6,8,55,0.8,3,3,2,2,1,267.68,1,5,3,1,1,3,18,1,3,3,1
2,6,8,56,1.8,3,3,2,2,1,267.79,1,4,1,1,3,3,7,3,1,1,3
2,6,8,57,0.8,1,3,1,1,1,207.61,1,4,1,1,1,1,2,3,1,1,3
2,6,8,58,1.8,2,2,2,1,0,213.21,1,17,1,1,2,2,1,1,3,2,2
2,6,8,59,0.4,1,1,1,1,1,227.21,1,9,3,1,3,1,15,1,1,1,1
2,6,8,60,0.05,1,2,1,1,1,244.18,1,13,1,3,1,3,12,3,1,2,2
2,6,8,61,1.8,3,2,2,2,1,220.21,1,14,1,3,3,1,10,3,1,2,2
2,6,8,62,0.05,2,3,2,1,0,257.66,1,16,1,1,2,2,1,1,1,3,3
2,6,8,63,0.4,1,3,1,1,1,212.64,1,3,1,1,1,1,18,1,1,3,3
2,6,8,64,0.4,2,3,2,1,0,250.85,1,20,3,1,2,2,19,3,1,1,3
2,6,8,65,0.1,1,2,1,1,1,296.05,1,11,3,1,3,1,17,1,1,2,2
2,6,8,66,0.1,2,2,2,2,1,287.44,1,6,1,1,2,2,14,1,3,2,2
2,6,8,67,0.1,3,1,2,2,1,322.6,0,20,1,1,3,3,11,3,1,3,1
2,6,8,68,0.8,1,2,1,1,1,220.28,1,6,1,3,1,3,14,1,3,2,2
2,6,8,69,0.8,1,1,1,1,1,212.1,1,11,3,1,3,1,19,3,3,3,3
2,6,8,70,1.8,3,1,2,2,1,193.25,1,5,3,1,1,3,12,3,3,3,3
2,6,8,71,1.8,1,3,1,1,1,205.08,1,19,3,1,3,1,1,3,3,1,1
2,6,8,72,1.8,1,3,1,1,1,217.23,1,16,1,1,1,1,1,3,1,1,3
2,6,8,73,0.05,3,3,2,2,1,296.89,1,17,3,3,1,1,18,3,3,1,1
2,6,8,74,0.2,1,3,1,1,1,241.89,1,8,3,3,3,3,13,1,1,3,3
2,6,8,75,0.2,3,3,2,2,1,231.22,1,3,1,1,3,3,10,3,3,1,1
2,6,8,76,0.8,3,2,2,2,1,246.52,1,7,3,3,1,1,5,1,3,2,2
2,6,8,77,1.8,1,3,1,1,1,210.19,1,13,3,3,3,3,10,3,3,1,1
2,6,8,78,0.8,1,3,1,1,1,210.42,1,2,3,3,3,3,7,3,1,1,3
2,6,9,1,0.1,3,1,2,2,1,269.13,1,13,3,3,1,1,9,3,3,3,3
2,6,9,2,0.1,3,3,2,2,1,387.27,0,1,3,1,1,3,18,1,3,3,1
2,6,9,3,1.8,3,1,NaN,NaN,NaN,NaN,NaN,2,1,1,3,3,6,1,1,1,1
2,6,9,4,0.8,1,2,1,1,1,232.58,1,2,1,3,1,3,19,1,3,2,2
2,6,9,5,0.8,2,1,2,2,1,236.77,1,14,3,3,2,2,5,3,3,3,3
2,6,9,6,0.4,3,2,2,2,1,192.93,1,1,3,1,1,3,20,3,1,2,2
2,6,9,7,1.8,2,2,2,2,1,193.34,1,11,1,3,2,2,3,1,3,2,2
2,6,9,8,0.8,2,2,2,1,0,263.28,1,12,3,3,2,2,3,3,3,2,2
2,6,9,9,1.8,1,2,1,1,1,193.22,1,13,1,1,1,1,1,1,1,2,2
2,6,9,10,0.05,3,3,2,2,1,432.65,0,3,3,1,1,3,14,1,3,3,1
2,6,9,11,0.1,1,3,1,2,0,306.76,0,16,1,1,1,1,19,1,1,3,3
2,6,9,12,0.4,1,3,1,2,0,230.04,1,15,1,3,1,3,11,1,1,3,3
2,6,9,13,0.8,1,1,1,1,1,224.64,1,2,3,1,3,1,1,3,3,3,3
2,6,9,14,1.8,1,2,1,1,1,210.67,1,18,3,3,3,3,4,1,1,2,2
2,6,9,15,0.05,1,3,1,1,1,276.12,1,10,3,1,3,1,20,3,1,1,3
2,6,9,16,0.4,1,2,1,1,1,195.28,1,3,3,1,3,1,20,3,1,2,2
2,6,9,17,0.1,3,1,2,2,1,303.26,0,1,3,1,1,3,1,3,3,3,3
2,6,9,18,0.1,1,3,1,1,1,302.14,0,9,3,1,3,1,15,3,1,1,3
2,6,9,19,0.05,3,3,2,2,1,268.57,1,8,3,3,1,1,18,1,1,3,3
2,6,9,20,0.4,2,3,2,2,1,183.9,1,8,1,3,2,2,9,3,1,1,3
2,6,9,21,0.4,1,1,1,1,1,215.09,1,19,3,1,3,1,15,3,3,3,3
2,6,9,22,1.8,1,2,1,1,1,203.87,1,18,3,1,3,1,1,1,1,2,2
2,6,9,23,0.05,1,1,1,1,1,271.5,1,6,1,3,1,3,15,3,1,3,1
2,6,9,24,0.1,1,3,1,2,0,249.01,1,2,3,1,3,1,3,3,3,1,1
2,6,9,25,0.1,2,1,2,2,1,298.62,1,20,1,3,2,2,8,3,1,3,1
2,6,9,26,0.05,1,1,1,1,1,262.92,1,6,1,1,1,1,9,1,3,1,3
2,6,9,27,0.2,3,3,2,2,1,270.02,1,15,3,3,1,1,11,1,1,3,3
2,6,9,28,0.8,1,3,1,1,1,200.51,1,16,3,3,3,3,5,3,3,1,1
2,6,9,29,0.1,2,3,2,2,1,292.76,1,3,1,3,2,2,10,1,3,3,1
2,6,9,30,0.2,3,2,2,2,1,259.88,1,15,3,3,1,1,12,3,3,2,2
2,6,9,31,0.8,1,1,1,1,1,211.49,1,17,1,3,1,3,3,3,3,3,3
2,6,9,32,0.4,3,2,2,2,1,241.99,1,16,3,1,1,3,16,3,1,2,2
2,6,9,33,0.1,1,1,1,1,1,206.96,1,20,1,1,1,1,14,3,1,3,1
2,6,9,34,1.8,2,3,2,2,1,247.58,1,15,3,3,2,2,18,1,1,3,3
2,6,9,35,0.4,3,3,2,2,1,166.74,1,3,1,3,3,1,8,3,3,1,1
2,6,9,36,0.8,1,3,NaN,NaN,NaN,NaN,NaN,5,3,3,3,3,14,3,3,1,1
2,6,9,37,1.8,2,3,2,2,1,243.89,1,19,1,1,2,2,11,3,3,1,1
2,6,9,38,0.8,1,3,1,1,1,276.79,1,13,1,3,1,3,11,1,1,3,3
2,6,9,39,0.1,3,3,2,2,1,329.7,0,10,1,1,3,3,9,3,3,1,1
2,6,9,40,0.4,1,1,1,1,1,279.42,1,10,3,3,3,3,9,3,1,3,1
2,6,9,41,1.8,2,3,2,1,0,204.34,1,20,1,3,2,2,4,3,3,1,1
2,6,9,42,0.2,1,3,1,1,1,263.33,1,4,3,3,3,3,9,1,1,3,3
2,6,9,43,0.4,2,2,2,1,0,278.49,1,14,1,3,2,2,12,3,1,2,2
2,6,9,44,0.1,1,1,1,1,1,245.86,1,11,1,1,1,1,8,3,1,3,1
2,6,9,45,1.8,2,3,2,1,0,265.56,1,7,1,3,2,2,14,1,3,3,1
2,6,9,46,0.2,3,2,2,2,1,265.24,1,12,3,1,1,3,10,3,1,2,2
2,6,9,47,0.2,3,3,2,2,1,265.96,1,4,1,3,3,1,16,1,1,3,3
2,6,9,48,1.8,2,3,2,2,1,176.94,1,14,3,3,2,2,14,1,1,3,3
2,6,9,49,0.05,3,2,2,2,1,283.12,1,5,1,1,3,3,2,1,1,2,2
2,6,9,50,0.8,3,1,2,2,1,221.51,1,19,3,1,1,3,6,3,3,3,3
2,6,9,51,0.1,3,1,2,2,1,254.2,1,14,1,1,3,3,15,3,3,3,3
2,6,9,52,0.8,3,1,NaN,NaN,NaN,NaN,NaN,5,3,1,1,3,4,3,1,3,1
2,6,9,53,0.4,1,1,1,1,1,265.24,1,15,3,1,3,1,19,3,1,3,1
2,6,9,54,0.8,3,1,2,2,1,235.06,1,20,1,3,3,1,16,1,1,1,1
2,6,9,55,0.2,1,3,1,1,1,320.03,0,14,3,3,3,3,9,3,3,1,1
2,6,9,56,0.2,3,1,2,2,1,287.63,1,7,3,3,1,1,6,3,1,3,1
2,6,9,57,1.8,1,1,1,1,1,224.41,1,11,1,1,1,1,5,1,1,1,1
2,6,9,58,0.05,1,2,1,1,1,220.98,1,20,1,3,1,3,17,3,3,2,2
2,6,9,59,0.2,3,3,2,2,1,227.56,1,2,3,3,1,1,11,1,1,3,3
2,6,9,60,0.2,1,1,1,1,1,222.12,1,11,3,1,3,1,11,1,1,1,1
2,6,9,61,0.2,3,1,2,2,1,267.85,1,5,1,1,3,3,1,1,1,1,1
2,6,9,62,1.8,2,3,2,2,1,189.11,1,11,1,1,2,2,10,1,3,3,1
2,6,9,63,0.2,1,2,1,1,1,236.04,1,1,3,1,3,1,20,1,3,2,2
2,6,9,64,0.05,1,2,1,2,0,277.51,1,15,3,1,3,1,9,3,3,2,2
2,6,9,65,0.4,1,1,1,1,1,243.12,1,17,3,1,3,1,11,1,1,1,1
2,6,9,66,0.8,1,1,1,1,1,355.13,0,4,1,1,1,1,1,3,3,3,3
2,6,9,67,0.05,1,3,1,1,1,251.96,1,5,1,1,1,1,10,3,1,1,3
2,6,9,68,1.8,1,1,1,1,1,216.34,1,1,1,3,1,3,5,3,3,3,3
2,6,9,69,0.1,2,3,2,1,0,256.81,1,4,1,3,2,2,4,3,1,1,3
2,6,9,70,0.2,2,3,2,2,1,225.88,1,4,3,1,2,2,9,3,3,1,1
2,6,9,71,0.4,2,1,2,1,0,243.87,1,19,1,1,2,2,11,3,1,3,1
2,6,9,72,0.05,1,2,1,1,1,261.75,1,10,1,3,1,3,3,1,1,2,2
2,6,9,73,0.05,2,3,2,2,1,296.68,1,1,3,3,2,2,13,1,3,3,1
2,6,9,74,0.05,2,2,2,1,0,352.61,0,17,1,3,2,2,4,1,1,2,2
2,6,9,75,0.2,1,2,1,1,1,228.06,1,8,1,3,1,3,18,3,3,2,2
2,6,9,76,0.4,3,1,2,2,1,251.17,1,7,1,1,3,3,1,3,3,3,3
2,6,9,77,0.05,1,1,1,1,1,263.9,1,9,1,1,1,1,5,3,1,3,1
2,6,9,78,0.8,1,3,1,1,1,230.95,1,2,1,1,1,1,10,3,3,1,1
2,6,10,1,0.05,3,3,2,2,1,273.96,1,2,3,1,1,3,3,1,1,3,3
2,6,10,2,0.2,2,1,2,1,0,261.16,1,5,1,3,2,2,13,1,3,1,3
2,6,10,3,0.05,3,3,2,2,1,240.86,1,6,3,1,1,3,4,3,1,1,3
2,6,10,4,1.8,3,1,2,2,1,204.51,1,6,1,3,3,1,5,1,3,1,3
2,6,10,5,0.4,3,3,2,2,1,253.53,1,19,3,3,1,1,17,1,1,3,3
2,6,10,6,0.1,2,1,2,2,1,265.1,1,5,1,1,2,2,3,3,3,3,3
2,6,10,7,1.8,2,3,2,2,1,175.55,1,12,1,1,2,2,8,1,1,3,3
2,6,10,8,0.1,3,1,2,2,1,256.21,1,16,1,3,3,1,12,1,3,1,3
2,6,10,9,0.2,2,1,2,1,0,243.64,1,11,3,1,2,2,7,3,1,3,1
2,6,10,10,0.05,2,3,2,2,1,275.78,1,9,1,1,2,2,10,1,3,3,1
2,6,10,11,0.2,1,1,1,1,1,292.63,1,20,3,3,3,3,16,1,3,1,3
2,6,10,12,1.8,1,2,1,1,1,194.51,1,10,3,1,3,1,14,3,1,2,2
2,6,10,13,0.4,1,3,1,1,1,218.45,1,5,3,3,3,3,19,3,3,1,1
2,6,10,14,0.1,2,3,2,2,1,220.34,1,14,3,3,2,2,19,3,1,1,3
2,6,10,15,0.1,1,1,1,1,1,236.64,1,13,1,3,1,3,4,1,1,1,1
2,6,10,16,0.8,2,3,2,2,1,234.84,1,7,1,3,2,2,13,1,1,3,3
2,6,10,17,0.2,2,2,2,2,1,273.56,1,13,3,3,2,2,15,1,1,2,2
2,6,10,18,0.8,1,3,1,1,1,231.25,1,15,3,3,3,3,1,3,3,1,1
2,6,10,19,0.05,3,3,2,2,1,311.57,0,13,3,1,1,3,16,3,1,1,3
2,6,10,20,0.05,3,1,2,2,1,287.09,1,13,1,1,3,3,13,1,3,1,3
2,6,10,21,0.1,2,1,2,2,1,312.85,0,4,3,3,2,2,4,3,3,3,3
2,6,10,22,0.8,1,2,1,1,1,222.88,1,11,3,3,3,3,11,3,3,2,2
2,6,10,23,0.2,2,3,2,2,1,201.26,1,6,1,1,2,2,7,3,1,1,3
2,6,10,24,0.4,1,3,1,1,1,219.08,1,8,1,3,1,3,17,1,1,3,3
2,6,10,25,0.2,1,2,1,1,1,246.78,1,13,3,3,3,3,6,3,3,2,2
2,6,10,26,0.4,3,1,2,2,1,256.11,1,16,3,3,1,1,18,1,3,1,3
2,6,10,27,0.05,1,1,1,1,1,251.05,1,18,3,3,3,3,10,3,1,3,1
2,6,10,28,0.2,1,2,1,1,1,251.1,1,2,3,1,3,1,1,3,3,2,2
2,6,10,29,0.2,3,2,2,2,1,232.63,1,8,1,3,3,1,3,1,1,2,2
2,6,10,30,0.4,3,3,2,2,1,261.26,1,19,3,1,1,3,13,3,3,1,1
2,6,10,31,0.05,1,2,1,1,1,279.14,1,17,1,3,1,3,7,3,1,2,2
2,6,10,32,0.8,1,2,1,1,1,208.87,1,18,3,1,3,1,6,1,3,2,2
2,6,10,33,1.8,1,2,1,1,1,214.19,1,2,1,1,1,1,6,3,3,2,2
2,6,10,34,0.4,1,2,1,1,1,276.46,1,20,3,3,3,3,20,3,1,2,2
2,6,10,35,0.2,2,3,2,2,1,327.86,0,14,3,3,2,2,17,1,3,3,1
2,6,10,36,1.8,3,1,2,2,1,207.71,1,19,3,1,1,3,16,1,1,1,1
2,6,10,37,1.8,1,3,1,1,1,218.71,1,18,3,3,3,3,7,1,1,3,3
2,6,10,38,0.1,1,1,1,2,0,290.56,1,18,3,1,3,1,6,3,1,3,1
2,6,10,39,0.4,1,1,1,1,1,226.34,1,14,3,3,3,3,18,3,1,3,1
2,6,10,40,0.1,1,1,1,1,1,247.36,1,19,1,1,1,1,17,3,3,3,3
2,6,10,41,0.1,2,1,2,2,1,323.27,0,20,3,3,2,2,13,1,1,1,1
2,6,10,42,0.8,1,2,1,1,1,258.2,1,5,3,1,3,1,10,3,1,2,2
2,6,10,43,0.05,1,3,1,1,1,286.75,1,8,1,1,1,1,4,1,1,3,3
2,6,10,44,1.8,3,2,2,2,1,214.77,1,10,3,1,1,3,18,3,3,2,2
2,6,10,45,0.8,3,3,2,2,1,311.61,0,13,1,1,3,3,17,3,1,1,3
2,6,10,46,0.8,2,2,2,1,0,242.86,1,12,3,1,2,2,16,3,3,2,2
2,6,10,47,0.05,1,2,1,1,1,303.4,0,12,1,1,1,1,18,3,1,2,2
2,6,10,48,0.4,1,1,NaN,NaN,NaN,NaN,NaN,6,1,3,1,3,10,1,1,1,1
2,6,10,49,0.8,1,1,1,1,1,244.14,1,7,3,1,3,1,6,1,3,1,3
2,6,10,50,0.1,1,2,1,1,1,272.77,1,9,1,1,1,1,19,1,3,2,2
2,6,10,51,0.05,1,3,1,1,1,275.27,1,10,3,1,3,1,8,3,3,1,1
2,6,10,52,0.4,1,3,1,1,1,247.67,1,10,3,1,3,1,2,1,1,3,3
2,6,10,53,0.8,2,3,2,2,1,243.27,1,3,1,3,2,2,4,1,3,3,1
2,6,10,54,1.8,1,2,1,1,1,246.88,1,6,3,3,3,3,8,1,3,2,2
2,6,10,55,0.05,3,1,2,2,1,326.41,0,16,1,3,3,1,10,1,1,1,1
2,6,10,56,0.1,2,2,2,1,0,265.12,1,20,1,3,2,2,1,1,1,2,2
2,6,10,57,0.05,3,2,2,2,1,272.01,1,19,3,1,1,3,9,3,3,2,2
2,6,10,58,0.4,1,3,1,1,1,231.31,1,12,1,3,1,3,6,3,1,1,3
2,6,10,59,0.1,1,3,1,1,1,258.36,1,3,3,3,3,3,2,1,3,3,1
2,6,10,60,0.05,3,2,2,2,1,307.04,0,18,3,1,1,3,17,3,3,2,2
2,6,10,61,1.8,1,2,1,1,1,203,1,11,3,1,3,1,10,3,1,2,2
2,6,10,62,0.8,1,2,1,1,1,209.68,1,19,3,1,3,1,18,1,1,2,2
2,6,10,63,0.8,2,1,2,2,1,210.98,1,5,1,3,2,2,14,3,3,3,3
2,6,10,64,0.8,1,3,1,1,1,253.78,1,6,3,1,3,1,9,1,3,3,1
2,6,10,65,1.8,2,2,2,1,0,313.08,0,17,3,1,2,2,18,3,3,2,2
2,6,10,66,0.2,1,2,1,1,1,233.9,1,1,3,1,3,1,18,3,3,2,2
2,6,10,67,0.2,2,1,2,1,0,207.31,1,13,1,3,2,2,20,3,3,3,3
2,6,10,68,0.4,1,1,1,1,1,220.27,1,12,1,1,1,1,5,3,3,3,3
2,6,10,69,1.8,2,1,2,1,0,195.31,1,7,1,3,2,2,16,3,1,3,1
2,6,10,70,0.2,2,3,2,2,1,278.99,1,16,1,1,2,2,9,1,1,3,3
2,6,10,71,1.8,2,2,2,1,0,197.87,1,20,1,1,2,2,14,3,3,2,2
2,6,10,72,0.4,2,2,2,2,1,228.7,1,20,3,3,2,2,13,3,1,2,2
2,6,10,73,0.1,1,2,1,1,1,210,1,20,1,1,1,1,13,3,1,2,2
2,6,10,74,1.8,1,3,1,2,0,196.18,1,5,3,1,3,1,8,1,1,3,3
2,6,10,75,0.4,1,2,1,1,1,248.16,1,2,1,1,1,1,16,3,3,2,2
2,6,10,76,0.1,1,2,1,1,1,280.45,1,18,3,3,3,3,9,1,1,2,2
2,6,10,77,0.2,1,2,1,1,1,203.58,1,5,1,1,1,1,5,3,1,2,2
2,6,10,78,0.8,3,2,NaN,NaN,NaN,NaN,NaN,15,1,1,3,3,17,3,1,2,2
