2,8,1,1,0.1,1,2,1,2,0,230.33,1,3,3,3,3,3,17,1,3,2,2
2,8,1,2,1.8,1,1,1,1,1,184.68,1,2,3,1,3,1,2,3,1,3,1
2,8,1,3,0.2,1,3,1,2,0,74.676,2,8,1,3,1,3,1,1,1,3,3
2,8,1,4,0.1,3,1,2,2,1,260.52,1,12,3,3,1,1,11,1,1,1,1
2,8,1,5,1.8,2,2,NaN,NaN,NaN,NaN,NaN,9,3,1,2,2,5,1,3,2,2
2,8,1,6,0.05,2,1,2,2,1,291.8,1,5,1,1,2,2,7,3,1,3,1
2,8,1,7,0.2,1,2,1,1,1,269.87,1,4,3,1,3,1,14,3,1,2,2
2,8,1,8,0.8,2,1,2,2,1,225.06,1,5,3,3,2,2,18,3,1,3,1
2,8,1,9,0.05,1,1,1,1,1,245.69,1,7,1,1,1,1,8,1,3,1,3
2,8,1,10,0.8,1,3,NaN,NaN,NaN,NaN,NaN,6,1,3,1,3,9,1,1,3,3
2,8,1,11,0.4,2,1,2,1,0,250.34,1,7,3,3,2,2,10,1,3,1,3
2,8,1,12,0.4,1,3,1,1,1,247.84,1,11,3,3,3,3,14,3,1,1,3
2,8,1,13,0.05,1,1,1,2,0,259.28,1,3,1,1,1,1,7,1,1,1,1
2,8,1,14,1.8,3,1,2,2,1,177.26,1,19,1,1,3,3,2,1,3,1,3
2,8,1,15,0.05,1,2,1,1,1,228.14,1,20,3,1,3,1,15,3,3,2,2
2,8,1,16,0.4,1,3,NaN,NaN,NaN,NaN,NaN,1,3,1,3,1,20,3,3,1,1
2,8,1,17,0.1,2,3,2,2,1,199.94,1,17,3,3,2,2,9,1,3,3,1
2,8,1,18,0.1,1,2,1,2,0,264.94,1,7,1,1,1,1,17,3,1,2,2
2,8,1,19,0.2,2,3,2,2,1,255.34,1,15,1,3,2,2,4,3,3,1,1
2,8,1,20,1.8,2,3,NaN,NaN,NaN,NaN,NaN,3,1,3,2,2,8,3,3,1,1
2,8,1,21,0.05,1,2,1,1,1,294.53,1,2,3,1,3,1,4,1,1,2,2
2,8,1,22,1.8,3,2,2,2,1,207.33,1,8,3,3,1,1,5,3,1,2,2
2,8,1,23,0.4,3,2,2,2,1,233.77,1,9,1,3,3,1,12,1,3,2,2
2,8,1,24,0.2,2,1,2,2,1,207.68,1,5,3,1,2,2,10,1,1,1,1
2,8,1,25,0.1,3,3,2,2,1,257.15,1,2,3,1,1,3,10,1,3,3,1
2,8,1,26,0.1,1,2,1,1,1,238.33,1,2,3,1,3,1,12,3,1,2,2
2,8,1,27,0.2,1,3,1,2,0,234.28,1,2,1,1,1,1,20,1,3,3,1
2,8,1,28,0.05,1,3,1,1,1,258.55,1,14,1,3,1,3,13,3,1,1,3
2,8,1,29,0.4,1,3,1,2,0,185.05,1,15,1,3,1,3,18,3,1,1,3
2,8,1,30,0.1,1,2,1,1,1,250.66,1,10,1,1,1,1,2,1,1,2,2
2,8,1,31,0.4,1,3,1,1,1,213.87,1,14,3,1,3,1,18,1,3,3,1
2,8,1,32,0.8,1,3,1,1,1,211.53,1,17,1,1,1,1,8,1,3,3,1
2,8,1,33,0.05,1,2,1,2,0,264.63,1,20,1,1,1,1,5,3,1,2,2
2,8,1,34,1.8,2,1,2,2,1,177.49,1,8,3,3,2,2,11,1,3,1,3
2,8,1,35,0.8,1,1,1,1,1,198.73,1,20,1,1,1,1,14,3,3,3,3
2,8,1,36,0.8,3,1,2,2,1,205.52,1,13,3,3,1,1,3,1,1,1,1
2,8,1,37,0.1,2,2,2,2,1,270.77,1,6,1,3,2,2,4,3,1,2,2
2,8,1,38,0.4,2,1,2,1,0,223.35,1,20,1,3,2,2,7,1,3,1,3
2,8,1,39,0.2,2,3,2,2,1,254.91,1,11,3,3,2,2,9,1,1,3,3
2,8,1,40,0.1,2,3,2,2,1,265.06,1,3,1,3,2,2,5,1,1,3,3
2,8,1,41,0.1,1,3,1,1,1,323.79,0,3,3,1,3,1,20,3,1,1,3
2,8,1,42,0.4,1,3,1,2,0,155.33,1,10,3,1,3,1,16,1,1,3,3
2,8,1,43,0.05,3,1,2,2,1,253.72,1,8,3,1,1,3,19,1,1,1,1
2,8,1,44,0.2,2,2,2,2,1,195.55,1,14,3,1,2,2,7,3,3,2,2
2,8,1,45,1.8,1,1,1,1,1,181.67,1,6,1,3,1,3,17,1,3,1,3
2,8,1,46,1.8,1,1,1,1,1,198,1,20,3,3,3,3,14,3,1,3,1
2,8,1,47,0.1,2,1,2,2,1,292.32,1,12,1,3,2,2,7,1,1,1,1
2,8,1,48,0.8,2,1,2,2,1,206.73,1,18,3,3,2,2,8,1,1,1,1
2,8,1,49,0.2,1,3,1,2,0,218.52,1,20,3,3,3,3,6,1,1,3,3
2,8,1,50,0.2,1,2,1,1,1,278.4,1,15,1,3,1,3,9,1,1,2,2
2,8,1,51,0.2,3,1,2,2,1,254.67,1,16,3,3,1,1,10,1,1,1,1
2,8,1,52,0.2,2,1,2,2,1,238.76,1,14,3,3,2,2,19,3,1,3,1
2,8,1,53,0.8,3,1,2,2,1,231.32,1,1,1,1,3,3,18,1,3,1,3
2,8,1,54,0.8,2,3,2,2,1,186.83,1,7,3,3,2,2,7,3,3,1,1
2,8,1,55,0.1,3,2,2,2,1,280.62,1,9,3,1,1,3,1,1,3,2,2
2,8,1,56,0.2,1,2,1,1,1,291.69,1,19,3,1,3,1,10,3,3,2,2
2,8,1,57,0.8,1,2,1,1,1,292.35,1,2,3,3,3,3,3,1,3,2,2
2,8,1,58,0.05,2,1,2,2,1,264.66,1,9,3,1,2,2,9,3,1,3,1
2,8,1,59,0.4,1,1,1,1,1,221.68,1,3,1,1,1,1,6,3,3,3,3
2,8,1,60,1.8,1,2,1,1,1,198.99,1,3,1,3,1,3,16,1,1,2,2
2,8,1,61,0.05,2,2,2,2,1,267.7,1,10,3,3,2,2,17,1,3,2,2
2,8,1,62,1.8,1,2,1,1,1,200.31,1,1,1,3,1,3,1,3,1,2,2
2,8,1,63,0.8,2,3,2,1,0,213.07,1,1,1,1,2,2,2,1,3,3,1
2,8,1,64,0.4,2,1,2,1,0,247.79,1,1,3,3,2,2,17,3,3,3,3
2,8,1,65,1.8,1,1,1,1,1,200.24,1,16,3,3,3,3,9,3,1,3,1
2,8,1,66,0.1,1,2,1,1,1,274.84,1,15,1,3,1,3,8,1,3,2,2
2,8,1,67,0.4,1,3,1,1,1,235.72,1,10,1,3,1,3,3,1,3,3,1
2,8,1,68,0.8,1,2,1,1,1,216.54,1,16,1,1,1,1,11,3,1,2,2
2,8,1,69,0.05,1,3,1,2,0,286.91,1,6,1,1,1,1,3,1,1,3,3
2,8,1,70,0.8,1,3,1,1,1,215.58,1,11,3,3,3,3,10,1,1,3,3
2,8,1,71,1.8,2,3,2,2,1,206.79,1,15,1,1,2,2,5,1,3,3,1
2,8,1,72,0.05,3,3,2,2,1,290.52,1,9,3,3,1,1,13,3,1,1,3
2,8,1,73,0.4,3,3,2,2,1,38.6,2,17,3,3,1,1,14,1,3,3,1
2,8,1,74,0.05,1,3,1,1,1,283.46,1,3,3,3,3,3,8,1,1,3,3
2,8,1,75,0.8,2,1,2,2,1,221.95,1,20,1,1,2,2,4,3,1,3,1
2,8,1,76,0.4,2,2,2,1,0,243.4,1,17,3,3,2,2,19,3,1,2,2
2,8,1,77,1.8,1,3,1,1,1,175.93,1,17,3,3,3,3,10,1,3,3,1
2,8,1,78,0.2,3,1,2,2,1,275.98,1,4,1,1,3,3,12,1,3,1,3
2,8,2,1,0.4,3,3,2,2,1,203.24,1,19,3,3,1,1,11,3,3,1,1
2,8,2,2,0.8,1,2,1,1,1,236.49,1,16,3,1,3,1,8,1,3,2,2
2,8,2,3,1.8,1,3,1,2,0,238.98,1,18,3,3,3,3,13,3,1,1,3
2,8,2,4,0.05,3,1,2,2,1,246.89,1,9,3,1,1,3,1,1,3,1,3
2,8,2,5,0.4,1,2,1,1,1,244.09,1,15,1,1,1,1,8,1,1,2,2
2,8,2,6,1.8,2,2,2,1,0,212.53,1,10,1,1,2,2,18,1,1,2,2
2,8,2,7,0.1,1,1,1,2,0,261.76,1,1,3,3,3,3,13,1,1,1,1
2,8,2,8,0.05,1,1,1,1,1,221.05,1,7,1,1,1,1,6,3,3,3,3
2,8,2,9,0.1,2,2,2,1,0,203.75,1,10,1,1,2,2,2,1,1,2,2
2,8,2,10,0.4,1,1,1,1,1,103.29,1,19,1,1,1,1,11,1,1,1,1
2,8,2,11,0.4,2,3,2,2,1,250.09,1,13,3,3,2,2,4,3,1,1,3
2,8,2,12,0.8,1,1,1,1,1,233.08,1,14,3,3,3,3,4,1,3,1,3
2,8,2,13,1.8,1,1,1,1,1,208.81,1,8,1,1,1,1,14,3,1,3,1
2,8,2,14,0.05,1,2,1,1,1,259.31,1,3,1,3,1,3,1,1,3,2,2
2,8,2,15,0.8,2,3,2,2,1,198.53,1,4,1,1,2,2,18,3,1,1,3
2,8,2,16,0.05,1,3,1,1,1,295.67,1,9,1,1,1,1,13,1,3,3,1
2,8,2,17,0.1,3,2,2,2,1,234.09,1,8,1,3,3,1,13,3,1,2,2
2,8,2,18,0.05,3,1,2,2,1,286.72,1,8,1,1,3,3,19,1,1,1,1
2,8,2,19,0.4,2,3,2,2,1,224.15,1,7,1,1,2,2,6,3,1,1,3
2,8,2,20,0.2,2,2,2,2,1,243.5,1,18,3,3,2,2,9,3,3,2,2
2,8,2,21,0.4,1,3,1,1,1,209.54,1,4,1,1,1,1,4,1,3,3,1
2,8,2,22,0.8,1,2,1,1,1,241.5,1,9,1,3,1,3,13,1,3,2,2
2,8,2,23,0.2,3,3,2,2,1,218.35,1,15,1,1,3,3,5,1,3,3,1
2,8,2,24,0.8,1,2,1,1,1,219.28,1,15,3,1,3,1,17,1,3,2,2
2,8,2,25,0.8,1,2,1,1,1,224.54,1,19,1,1,1,1,20,3,1,2,2
2,8,2,26,0.2,1,1,1,2,0,244.57,1,15,3,3,3,3,3,3,1,3,1
2,8,2,27,0.2,1,1,1,1,1,265.56,1,16,1,1,1,1,3,1,1,1,1
2,8,2,28,0.2,1,2,1,1,1,147.94,1,19,1,3,1,3,7,3,3,2,2
2,8,2,29,0.4,1,3,1,2,0,169.29,1,18,1,3,1,3,13,3,1,1,3
2,8,2,30,0.1,1,3,1,1,1,234.13,1,15,3,1,3,1,5,1,1,3,3
2,8,2,31,0.4,2,1,2,1,0,206.81,1,1,3,1,2,2,10,3,1,3,1
2,8,2,32,1.8,1,1,1,1,1,192.69,1,12,1,3,1,3,2,1,3,1,3
2,8,2,33,0.1,3,2,2,2,1,255.79,1,7,3,1,1,3,1,1,3,2,2
2,8,2,34,0.2,3,3,2,2,1,227.07,1,17,3,3,1,1,10,1,1,3,3
2,8,2,35,0.1,3,2,2,2,1,263.74,1,6,3,1,1,3,5,1,1,2,2
2,8,2,36,0.2,3,2,2,2,1,273.61,1,3,1,3,3,1,11,3,1,2,2
2,8,2,37,1.8,3,2,2,2,1,202.38,1,14,3,1,1,3,14,3,1,2,2
2,8,2,38,1.8,1,3,1,1,1,187.49,1,3,1,1,1,1,13,1,3,3,1
2,8,2,39,1.8,2,1,NaN,NaN,NaN,NaN,NaN,4,1,3,2,2,10,3,1,3,1
2,8,2,40,1.8,1,1,1,1,1,195.71,1,8,3,3,3,3,8,1,3,1,3
2,8,2,41,0.4,2,2,2,1,0,287.71,1,15,1,3,2,2,16,1,3,2,2
2,8,2,42,0.8,1,2,1,1,1,212.66,1,12,3,3,3,3,19,1,1,2,2
2,8,2,43,0.8,2,2,2,1,0,250.37,1,18,1,3,2,2,6,1,3,2,2
2,8,2,44,0.1,2,2,2,2,1,268.86,1,1,1,1,2,2,16,3,1,2,2
2,8,2,45,0.05,1,1,1,1,1,271.43,1,16,3,1,3,1,9,1,1,1,1
2,8,2,46,0.2,1,2,1,2,0,179.32,1,7,3,1,3,1,19,1,1,2,2
2,8,2,47,0.2,1,1,1,1,1,206.5,1,13,3,1,3,1,7,1,1,1,1
2,8,2,48,0.2,1,1,1,1,1,274.35,1,20,3,1,3,1,1,3,1,3,1
2,8,2,49,0.1,2,1,2,1,0,296.51,1,2,3,1,2,2,16,3,3,3,3
2,8,2,50,1.8,3,2,2,2,1,182.17,1,15,3,3,1,1,10,1,3,2,2
2,8,2,51,1.8,2,1,2,2,1,187.56,1,7,1,1,2,2,9,1,1,1,1
2,8,2,52,0.2,3,2,2,2,1,244.41,1,9,1,1,3,3,9,3,3,2,2
2,8,2,53,1.8,1,2,NaN,NaN,NaN,NaN,NaN,9,1,1,1,1,14,3,3,2,2
2,8,2,54,0.1,2,1,2,2,1,292.69,1,9,1,1,2,2,16,3,1,3,1
2,8,2,55,0.1,1,2,1,2,0,307.03,0,14,1,3,1,3,2,3,3,2,2
2,8,2,56,1.8,1,2,1,1,1,214.58,1,15,1,1,1,1,6,1,1,2,2
2,8,2,57,0.8,3,2,2,2,1,232.17,1,14,3,1,1,3,16,3,1,2,2
2,8,2,58,0.4,2,1,2,2,1,233.63,1,9,3,3,2,2,2,1,1,1,1
2,8,2,59,0.05,2,1,2,2,1,370.31,0,11,1,1,2,2,6,3,3,3,3
2,8,2,60,0.05,3,3,2,2,1,283.61,1,1,1,3,3,1,8,1,1,3,3
2,8,2,61,0.05,1,2,1,1,1,264.07,1,10,3,1,3,1,7,3,3,2,2
2,8,2,62,1.8,3,2,2,2,1,182.39,1,14,3,1,1,3,6,1,3,2,2
2,8,2,63,0.1,2,3,2,2,1,266.91,1,10,1,1,2,2,13,3,1,1,3
2,8,2,64,0.2,2,2,2,2,1,245.4,1,19,3,1,2,2,7,3,3,2,2
2,8,2,65,0.1,2,1,2,1,0,323.95,0,4,3,1,2,2,12,1,3,1,3
2,8,2,66,0.4,1,1,1,1,1,230.58,1,2,3,1,3,1,5,1,3,1,3
2,8,2,67,0.05,1,1,1,1,1,275.03,1,17,1,1,1,1,6,1,3,1,3
2,8,2,68,0.05,2,2,2,2,1,307.56,0,13,3,1,2,2,14,3,1,2,2
2,8,2,69,0.8,1,1,1,1,1,223.99,1,8,1,3,1,3,16,3,3,3,3
2,8,2,70,0.2,1,1,1,1,1,251.63,1,2,1,3,1,3,11,1,1,1,1
2,8,2,71,0.4,2,1,2,2,1,265.65,1,19,1,1,2,2,4,1,3,1,3
2,8,2,72,0.8,1,1,1,1,1,197.95,1,12,3,1,3,1,5,3,1,3,1
2,8,2,73,0.05,1,1,1,1,1,279.44,1,12,3,1,3,1,13,3,1,3,1
2,8,2,74,0.05,2,1,2,2,1,274.44,1,19,1,3,2,2,20,1,1,1,1
2,8,2,75,0.4,2,3,2,2,1,258.83,1,11,1,3,2,2,12,1,1,3,3
2,8,2,76,0.8,1,2,1,2,0,216.64,1,16,1,1,1,1,12,1,3,2,2
2,8,2,77,0.8,1,2,1,1,1,197.92,1,1,1,3,1,3,16,1,1,2,2
2,8,2,78,0.1,1,3,1,1,1,196.96,1,15,3,1,3,1,20,3,1,1,3
2,8,3,1,1.8,3,1,2,2,1,221.78,1,11,3,3,1,1,17,1,3,1,3
2,8,3,2,0.2,1,1,1,1,1,234.31,1,14,3,1,3,1,7,1,3,1,3
2,8,3,3,0.4,1,3,1,1,1,212.67,1,19,1,3,1,3,11,3,1,1,3
2,8,3,4,0.4,2,2,2,2,1,187.64,1,19,1,1,2,2,8,1,1,2,2
2,8,3,5,0.8,1,2,1,1,1,175.06,1,11,3,1,3,1,12,3,1,2,2
2,8,3,6,0.1,1,3,1,2,0,258.46,1,17,3,1,3,1,16,1,3,3,1
2,8,3,7,0.8,1,2,1,1,1,200.37,1,5,3,3,3,3,5,3,1,2,2
2,8,3,8,0.2,2,3,2,2,1,197.12,1,17,3,1,2,2,18,3,1,1,3
2,8,3,9,0.1,1,1,1,1,1,256.21,1,17,3,3,3,3,4,3,1,3,1
2,8,3,10,0.1,2,1,2,2,1,230.89,1,18,3,1,2,2,9,3,3,3,3
2,8,3,11,0.8,3,1,2,2,1,235.66,1,19,1,3,3,1,14,3,1,3,1
2,8,3,12,1.8,2,3,2,2,1,220.36,1,17,3,3,2,2,6,3,3,1,1
2,8,3,13,1.8,2,2,2,2,1,200.02,1,20,3,3,2,2,19,3,3,2,2
2,8,3,14,1.8,2,1,2,2,1,176.88,1,20,1,3,2,2,15,3,1,3,1
2,8,3,15,0.2,3,2,2,2,1,219.26,1,14,3,1,1,3,6,1,1,2,2
2,8,3,16,0.05,1,1,1,1,1,352.64,0,3,3,1,3,1,18,3,3,3,3
2,8,3,17,0.05,1,2,1,2,0,269.28,1,16,1,3,1,3,9,1,3,2,2
2,8,3,18,0.2,1,1,1,1,1,224.22,1,4,1,1,1,1,1,1,3,1,3
2,8,3,19,1.8,1,2,1,1,1,199.91,1,12,3,1,3,1,6,3,3,2,2
2,8,3,20,0.05,1,1,1,1,1,305.1,0,13,3,3,3,3,13,1,3,1,3
2,8,3,21,0.4,2,1,2,2,1,212.24,1,14,3,1,2,2,5,3,1,3,1
2,8,3,22,0.2,1,1,1,1,1,198.6,1,9,1,1,1,1,8,3,1,3,1
2,8,3,23,0.05,3,2,2,2,1,261.98,1,15,1,3,3,1,18,1,1,2,2
2,8,3,24,0.1,3,3,2,2,1,235.15,1,2,3,3,1,1,4,1,3,3,1
2,8,3,25,0.2,3,3,2,2,1,219.77,1,20,1,1,3,3,2,3,3,1,1
2,8,3,26,0.4,1,3,1,1,1,209.93,1,9,3,1,3,1,5,1,3,3,1
2,8,3,27,0.1,3,3,2,2,1,290.73,1,8,3,3,1,1,19,1,1,3,3
2,8,3,28,0.4,2,1,2,2,1,267.15,1,5,1,3,2,2,8,3,1,3,1
2,8,3,29,0.8,3,2,2,2,1,220,1,9,1,3,3,1,20,3,3,2,2
2,8,3,30,0.05,1,1,1,2,0,363.71,0,15,1,3,1,3,7,3,3,3,3
2,8,3,31,0.4,3,3,2,2,1,198.16,1,14,1,1,3,3,19,3,1,1,3
2,8,3,32,0.1,1,1,1,1,1,298.07,1,10,3,1,3,1,16,1,3,1,3
2,8,3,33,0.1,3,2,2,2,1,260.85,1,8,1,3,3,1,7,1,1,2,2
2,8,3,34,0.1,2,3,2,1,0,306.03,0,18,1,1,2,2,13,1,1,3,3
2,8,3,35,0.8,1,3,NaN,NaN,NaN,NaN,NaN,2,3,1,3,1,16,1,1,3,3
2,8,3,36,1.8,1,1,1,1,1,190.23,1,20,3,3,3,3,3,3,3,3,3
2,8,3,37,1.8,1,1,1,1,1,189.3,1,15,3,1,3,1,4,3,1,3,1
2,8,3,38,0.05,2,1,2,2,1,323.38,0,16,1,1,2,2,7,1,1,1,1
2,8,3,39,0.2,2,1,2,1,0,282.34,1,12,3,3,2,2,10,3,1,3,1
2,8,3,40,0.05,2,1,2,2,1,263.49,1,8,1,3,2,2,5,3,1,3,1
2,8,3,41,0.4,2,3,2,2,1,237.18,1,12,3,3,2,2,20,3,3,1,1
2,8,3,42,0.05,1,1,1,1,1,261.51,1,5,1,1,1,1,5,1,1,1,1
2,8,3,43,0.1,2,1,2,1,0,202.26,1,5,3,3,2,2,20,1,3,1,3
2,8,3,44,0.05,2,2,2,2,1,259.75,1,10,3,1,2,2,7,3,3,2,2
2,8,3,45,1.8,3,1,2,2,1,241.16,1,14,3,1,1,3,9,3,3,3,3
2,8,3,46,0.4,2,3,2,2,1,228.19,1,16,3,3,2,2,5,1,3,3,1
2,8,3,47,0.8,3,2,2,2,1,258,1,13,3,3,1,1,18,3,1,2,2
2,8,3,48,0.05,2,2,2,2,1,238.38,1,8,1,3,2,2,7,1,1,2,2
2,8,3,49,0.4,3,3,2,2,1,254.62,1,8,1,1,3,3,8,3,3,1,1
2,8,3,50,0.1,1,2,1,1,1,287.32,1,15,3,1,3,1,8,3,3,2,2
2,8,3,51,0.05,2,1,2,1,0,314.85,0,1,1,3,2,2,9,1,3,1,3
2,8,3,52,0.2,2,2,2,2,1,255.18,1,15,1,3,2,2,19,1,3,2,2
2,8,3,53,0.2,1,3,1,1,1,245.58,1,15,3,1,3,1,19,3,3,1,1
2,8,3,54,0.2,1,1,1,1,1,233.99,1,16,1,3,1,3,20,3,3,3,3
2,8,3,55,0.4,1,3,1,1,1,204.72,1,3,3,3,3,3,9,1,3,3,1
2,8,3,56,1.8,3,2,NaN,NaN,NaN,NaN,NaN,6,3,3,1,1,20,1,1,2,2
2,8,3,57,1.8,3,1,2,2,1,187.93,1,3,1,1,3,3,4,1,3,1,3
2,8,3,58,0.4,2,1,2,2,1,-13.477,2,18,3,3,2,2,2,3,3,3,3
2,8,3,59,0.8,1,3,1,1,1,206.3,1,9,1,3,1,3,14,3,1,1,3
2,8,3,60,0.1,1,2,1,1,1,273.62,1,7,3,1,3,1,11,1,1,2,2
2,8,3,61,1.8,2,3,2,2,1,187.81,1,14,3,1,2,2,12,1,1,3,3
2,8,3,62,0.2,1,1,1,2,0,325.91,0,11,3,3,3,3,8,3,3,3,3
2,8,3,63,0.2,2,2,2,2,1,236.72,1,6,3,3,2,2,4,3,3,2,2
2,8,3,64,0.05,2,3,2,1,0,326.25,0,3,3,1,2,2,2,1,1,3,3
2,8,3,65,1.8,1,3,1,1,1,175.16,1,18,3,3,3,3,8,1,3,3,1
2,8,3,66,0.8,3,3,2,2,1,195.08,1,14,3,3,1,1,6,3,3,1,1
2,8,3,67,0.4,1,3,1,1,1,255.24,1,17,3,3,3,3,7,3,3,1,1
2,8,3,68,0.8,1,2,1,1,1,211.18,1,4,3,3,3,3,14,1,3,2,2
2,8,3,69,0.1,2,2,2,2,1,267.66,1,1,1,3,2,2,8,1,3,2,2
2,8,3,70,0.2,3,1,2,2,1,259.06,1,17,1,3,3,1,6,3,3,3,3
2,8,3,71,1.8,2,3,2,2,1,214.02,1,15,1,3,2,2,17,3,1,1,3
2,8,3,72,0.8,1,2,NaN,NaN,NaN,NaN,NaN,11,1,3,1,3,20,1,1,2,2
2,8,3,73,0.05,1,3,1,1,1,286.28,1,1,1,3,1,3,9,1,3,3,1
2,8,3,74,0.8,1,3,1,1,1,210.36,1,18,1,3,1,3,17,1,3,3,1
2,8,3,75,0.8,1,1,1,2,0,202.49,1,14,3,3,3,3,6,3,1,3,1
2,8,3,76,0.8,1,2,1,1,1,214.71,1,3,1,3,1,3,7,1,3,2,2
2,8,3,77,0.1,1,1,1,1,1,264.12,1,9,3,3,3,3,14,3,3,3,3
2,8,3,78,0.4,1,2,1,2,0,215.71,1,2,3,3,3,3,3,3,3,2,2
2,8,4,1,0.2,1,2,1,1,1,233.28,1,1,1,3,1,3,9,1,1,2,2
2,8,4,2,0.8,1,1,1,1,1,213.71,1,9,1,1,1,1,2,3,1,3,1
2,8,4,3,0.2,1,2,1,1,1,199.28,1,3,3,3,3,3,11,1,1,2,2
2,8,4,4,0.1,3,3,2,2,1,258.55,1,4,3,1,1,3,15,1,3,3,1
2,8,4,5,0.2,2,1,2,1,0,191.91,1,15,3,3,2,2,3,1,1,1,1
2,8,4,6,0.1,1,2,1,1,1,187.92,1,19,1,3,1,3,10,3,1,2,2
2,8,4,7,0.05,1,1,1,1,1,197.83,1,7,1,3,1,3,8,1,3,1,3
2,8,4,8,0.05,2,3,2,2,1,288.83,1,13,3,1,2,2,8,1,1,3,3
2,8,4,9,1.8,1,1,1,1,1,199.06,1,7,3,1,3,1,4,3,3,3,3
2,8,4,10,0.2,1,1,1,1,1,244.45,1,1,3,3,3,3,4,1,3,1,3
2,8,4,11,0.8,1,2,1,1,1,206.11,1,15,1,3,1,3,19,3,1,2,2
2,8,4,12,1.8,3,2,2,2,1,220.73,1,13,3,1,1,3,16,1,1,2,2
2,8,4,13,1.8,2,1,2,2,1,219.41,1,11,3,1,2,2,2,3,1,3,1
2,8,4,14,1.8,1,3,1,2,0,193.82,1,16,1,1,1,1,18,3,1,1,3
2,8,4,15,0.1,1,3,1,1,1,310.2,0,14,1,1,1,1,10,3,3,1,1
2,8,4,16,0.1,3,1,2,2,1,227.1,1,20,1,1,3,3,17,1,3,1,3
2,8,4,17,1.8,2,1,2,2,1,200.31,1,8,3,1,2,2,15,3,1,3,1
2,8,4,18,0.4,3,1,2,2,1,211.61,1,2,1,1,3,3,1,3,1,3,1
2,8,4,19,0.4,1,2,1,1,1,263.48,1,10,1,3,1,3,7,3,1,2,2
2,8,4,20,1.8,1,1,1,1,1,197.76,1,15,1,1,1,1,17,3,1,3,1
2,8,4,21,0.1,1,1,1,1,1,262,1,17,3,3,3,3,11,3,3,3,3
2,8,4,22,0.2,1,3,1,2,0,267.7,1,15,1,3,1,3,19,1,1,3,3
2,8,4,23,0.8,1,1,1,2,0,232.02,1,6,3,1,3,1,10,3,3,3,3
2,8,4,24,0.1,3,2,2,2,1,281.54,1,4,1,3,3,1,18,1,1,2,2
2,8,4,25,0.4,1,3,1,2,0,255.68,1,11,3,1,3,1,20,3,3,1,1
2,8,4,26,0.8,1,2,1,1,1,226.15,1,7,3,1,3,1,16,1,3,2,2
2,8,4,27,0.1,1,3,1,2,0,288.92,1,11,3,1,3,1,8,1,1,3,3
2,8,4,28,0.8,3,2,2,2,1,28.368,2,4,1,1,3,3,1,1,1,2,2
2,8,4,29,0.05,1,2,1,1,1,346.01,0,10,1,1,1,1,3,3,3,2,2
2,8,4,30,0.8,1,3,1,1,1,227.27,1,9,3,1,3,1,1,1,3,3,1
2,8,4,31,0.2,1,3,1,1,1,234.51,1,7,3,3,3,3,6,3,3,1,1
2,8,4,32,0.05,1,3,1,1,1,267.65,1,19,1,3,1,3,13,3,3,1,1
2,8,4,33,1.8,1,3,1,1,1,198.39,1,7,1,3,1,3,10,3,1,1,3
2,8,4,34,1.8,1,1,1,1,1,191.37,1,13,1,3,1,3,16,3,1,3,1
2,8,4,35,0.8,2,3,2,2,1,223.78,1,7,3,3,2,2,13,1,1,3,3
2,8,4,36,0.05,1,1,1,1,1,270.89,1,12,1,1,1,1,20,1,3,1,3
2,8,4,37,0.8,3,1,2,2,1,242.45,1,1,3,3,1,1,1,3,3,3,3
2,8,4,38,0.4,3,3,2,2,1,238.81,1,12,3,3,1,1,9,1,1,3,3
2,8,4,39,0.4,2,1,2,2,1,210.54,1,3,1,3,2,2,7,1,1,1,1
2,8,4,40,0.8,1,1,1,1,1,270.71,1,8,3,1,3,1,18,3,1,3,1
2,8,4,41,1.8,3,1,2,2,1,196.59,1,17,1,1,3,3,2,3,1,3,1
2,8,4,42,0.4,3,1,2,2,1,213.6,1,4,3,1,1,3,13,1,3,1,3
2,8,4,43,0.4,3,1,2,2,1,203.84,1,3,1,1,3,3,4,3,3,3,3
2,8,4,44,0.8,1,3,1,1,1,260.64,1,15,3,3,3,3,11,3,3,1,1
2,8,4,45,0.1,1,3,1,2,0,270.81,1,17,3,1,3,1,6,1,1,3,3
2,8,4,46,0.05,1,1,1,2,0,311.06,0,12,1,1,1,1,3,3,1,3,1
2,8,4,47,0.1,2,1,2,2,1,351.49,0,9,3,3,2,2,8,3,1,3,1
2,8,4,48,0.05,3,1,2,2,1,286.16,1,13,1,3,3,1,18,3,1,3,1
2,8,4,49,0.2,2,1,2,2,1,204.31,1,2,1,3,2,2,2,3,1,3,1
2,8,4,50,0.05,3,1,2,2,1,259.5,1,6,1,3,3,1,15,3,1,3,1
2,8,4,51,0.4,2,1,2,2,1,230.13,1,11,3,3,2,2,1,3,3,3,3
2,8,4,52,1.8,1,3,1,1,1,230.23,1,6,3,1,3,1,8,3,3,1,1
2,8,4,53,1.8,1,3,1,1,1,166.34,1,8,3,1,3,1,2,1,1,3,3
2,8,4,54,0.8,1,1,1,1,1,251.56,1,3,1,3,1,3,19,3,3,3,3
2,8,4,55,0.1,1,1,1,1,1,288.77,1,15,1,1,1,1,7,3,3,3,3
2,8,4,56,0.2,3,1,2,2,1,273.02,1,19,3,1,1,3,3,3,1,3,1
2,8,4,57,0.2,2,3,2,2,1,197.3,1,2,3,3,2,2,3,3,3,1,1
2,8,4,58,0.4,1,3,1,1,1,222.73,1,16,3,1,3,1,2,3,3,1,1
2,8,4,59,0.1,2,1,2,2,1,254.96,1,4,1,1,2,2,12,3,3,3,3
2,8,4,60,0.05,1,2,1,1,1,253.45,1,10,3,1,3,1,16,3,3,2,2
2,8,4,61,0.2,1,2,1,1,1,281.44,1,15,1,3,1,3,2,1,3,2,2
2,8,4,62,0.4,3,2,2,2,1,375.54,0,5,1,3,3,1,9,3,3,2,2
2,8,4,63,0.4,2,3,2,1,0,-9.4197,2,9,3,3,2,2,12,3,1,1,3
2,8,4,64,0.4,2,1,2,2,1,214.63,1,8,1,1,2,2,6,1,1,1,1
2,8,4,65,0.1,1,1,1,1,1,296.72,1,17,1,3,1,3,6,3,1,3,1
2,8,4,66,0.4,3,2,NaN,NaN,NaN,NaN,NaN,13,3,3,1,1,13,1,3,2,2
2,8,4,67,1.8,1,3,1,1,1,203.09,1,6,3,1,3,1,20,1,3,3,1
2,8,4,68,1.8,3,2,NaN,NaN,NaN,NaN,NaN,1,3,1,1,3,3,3,3,2,2
2,8,4,69,0.8,1,2,1,2,0,244.1,1,9,3,3,3,3,19,3,3,2,2
2,8,4,70,0.05,3,2,2,2,1,366.6,0,16,3,3,1,1,8,1,1,2,2
2,8,4,71,0.2,1,2,1,1,1,211.24,1,8,3,1,3,1,5,1,1,2,2
2,8,4,72,0.1,1,2,1,2,0,285.84,1,6,3,3,3,3,14,1,1,2,2
2,8,4,73,0.05,3,1,2,2,1,272.89,1,11,1,3,3,1,11,3,1,3,1
2,8,4,74,0.8,1,1,1,1,1,182.89,1,7,3,1,3,1,3,1,3,1,3
2,8,4,75,0.2,3,1,2,2,1,224.38,1,11,3,1,1,3,8,1,1,1,1
2,8,4,76,0.2,1,1,1,1,1,195.87,1,7,3,3,3,3,13,1,3,1,3
2,8,4,77,0.05,1,2,1,1,1,251.57,1,14,3,3,3,3,17,3,3,2,2
2,8,4,78,0.05,1,1,1,1,1,218.14,1,1,1,1,1,1,19,3,3,3,3
2,8,5,1,0.1,1,3,1,2,0,246.26,1,7,1,3,1,3,3,3,3,1,1
2,8,5,2,1.8,1,3,1,2,0,200.76,1,20,1,3,1,3,16,1,1,3,3
2,8,5,3,0.8,3,1,2,2,1,308.48,0,4,1,1,3,3,18,3,1,3,1
2,8,5,4,0.05,1,1,1,1,1,264.6,1,12,3,1,3,1,20,3,1,3,1
2,8,5,5,0.8,3,2,2,2,1,228.39,1,10,3,3,1,1,1,1,3,2,2
2,8,5,6,0.05,2,3,2,2,1,254.38,1,4,1,3,2,2,6,1,1,3,3
2,8,5,7,0.8,2,1,2,2,1,240.53,1,11,1,1,2,2,19,3,1,3,1
2,8,5,8,0.8,1,1,1,1,1,171.84,1,12,1,3,1,3,8,1,3,1,3
2,8,5,9,0.2,3,2,2,2,1,204.8,1,8,1,1,3,3,10,1,1,2,2
2,8,5,10,0.2,2,1,2,2,1,202.6,1,20,1,3,2,2,13,1,1,1,1
2,8,5,11,0.05,1,3,1,2,0,309.18,0,14,1,1,1,1,2,1,1,3,3
2,8,5,12,1.8,3,3,2,2,1,182.23,1,6,3,1,1,3,17,1,3,3,1
2,8,5,13,0.8,1,3,1,1,1,49.818,2,16,3,1,3,1,8,1,3,3,1
2,8,5,14,1.8,1,3,1,1,1,197.04,1,11,3,1,3,1,13,3,3,1,1
2,8,5,15,0.2,3,1,2,2,1,210.21,1,14,3,3,1,1,18,3,3,3,3
2,8,5,16,1.8,3,1,2,2,1,232.99,1,11,1,3,3,1,18,3,1,3,1
2,8,5,17,0.2,1,2,1,1,1,245.29,1,19,3,3,3,3,11,1,1,2,2
2,8,5,18,0.05,2,1,2,2,1,342.09,0,6,3,1,2,2,10,3,3,3,3
2,8,5,19,0.05,2,2,2,2,1,211.94,1,7,3,3,2,2,9,1,1,2,2
2,8,5,20,0.8,3,1,2,2,1,231.54,1,15,3,1,1,3,2,1,1,1,1
2,8,5,21,0.4,2,3,2,2,1,262.29,1,7,3,1,2,2,15,3,1,1,3
2,8,5,22,0.05,1,2,1,1,1,329.51,0,16,1,3,1,3,2,3,1,2,2
2,8,5,23,0.4,1,3,1,1,1,218.31,1,5,1,3,1,3,8,3,1,1,3
2,8,5,24,0.05,3,3,2,2,1,280.51,1,11,1,3,3,1,13,1,3,3,1
2,8,5,25,0.1,1,2,1,1,1,255.57,1,20,3,3,3,3,4,3,3,2,2
2,8,5,26,0.2,3,1,2,2,1,224.9,1,3,1,3,3,1,15,3,3,3,3
2,8,5,27,1.8,1,3,1,2,0,176.48,1,16,3,3,3,3,3,3,3,1,1
2,8,5,28,0.2,1,3,1,1,1,230.4,1,17,3,1,3,1,2,1,1,3,3
2,8,5,29,0.1,2,2,2,2,1,245.62,1,12,3,1,2,2,2,3,3,2,2
2,8,5,30,0.1,3,3,2,2,1,219.61,1,15,3,3,1,1,19,3,3,1,1
2,8,5,31,0.8,3,3,2,2,1,215.88,1,19,3,1,1,3,2,3,3,1,1
2,8,5,32,0.8,1,3,1,1,1,245.92,1,9,1,3,1,3,5,1,3,3,1
2,8,5,33,0.8,1,3,1,1,1,228.29,1,19,3,3,3,3,5,1,3,3,1
2,8,5,34,0.2,1,3,1,2,0,259.38,1,2,3,3,3,3,7,1,1,3,3
2,8,5,35,0.2,1,2,1,1,1,248.73,1,7,3,3,3,3,11,3,1,2,2
2,8,5,36,0.4,2,2,2,2,1,234.89,1,2,3,3,2,2,3,3,1,2,2
2,8,5,37,0.2,1,1,1,1,1,258.91,1,17,3,1,3,1,18,1,1,1,1
2,8,5,38,0.05,2,2,2,1,0,312.36,0,13,3,1,2,2,10,3,3,2,2
2,8,5,39,0.8,1,2,1,2,0,235.74,1,11,1,3,1,3,9,1,1,2,2
2,8,5,40,1.8,1,3,1,1,1,210.07,1,18,3,3,3,3,19,1,1,3,3
2,8,5,41,0.4,1,3,1,1,1,184.3,1,11,3,3,3,3,1,1,3,3,1
2,8,5,42,1.8,2,1,2,1,0,223.36,1,15,1,3,2,2,5,1,3,1,3
2,8,5,43,0.4,1,2,1,1,1,261.33,1,18,3,1,3,1,20,3,3,2,2
2,8,5,44,0.2,1,1,1,1,1,249.59,1,13,3,3,3,3,19,1,1,1,1
2,8,5,45,0.8,1,2,1,1,1,209.92,1,9,3,1,3,1,11,1,3,2,2
2,8,5,46,0.05,1,3,1,1,1,282.23,1,20,1,1,1,1,1,3,1,1,3
2,8,5,47,0.4,3,3,2,2,1,177.7,1,19,1,1,3,3,8,3,1,1,3
2,8,5,48,0.1,3,2,2,2,1,289.73,1,9,3,1,1,3,1,3,1,2,2
2,8,5,49,0.4,1,1,1,1,1,247.63,1,15,1,1,1,1,8,1,3,1,3
2,8,5,50,0.4,1,1,1,1,1,224.22,1,7,3,3,3,3,9,3,1,3,1
2,8,5,51,1.8,3,2,2,2,1,187.2,1,16,3,1,1,3,3,3,1,2,2
2,8,5,52,1.8,1,2,1,1,1,186.6,1,13,3,1,3,1,15,1,1,2,2
2,8,5,53,0.4,2,3,2,2,1,255.84,1,16,1,1,2,2,8,1,1,3,3
2,8,5,54,0.4,2,3,2,2,1,211.48,1,13,3,1,2,2,7,1,3,3,1
2,8,5,55,0.1,1,2,1,1,1,313.9,0,3,3,3,3,3,16,1,3,2,2
2,8,5,56,0.8,3,2,2,2,1,222.34,1,12,1,3,3,1,18,1,1,2,2
2,8,5,57,1.8,2,2,2,2,1,226.35,1,10,1,3,2,2,20,1,3,2,2
2,8,5,58,1.8,1,3,1,2,0,192.13,1,17,1,3,1,3,15,3,1,1,3
2,8,5,59,0.8,1,3,1,1,1,168.83,1,1,1,1,1,1,2,1,1,3,3
2,8,5,60,0.2,2,3,2,2,1,285.57,1,15,3,3,2,2,3,3,3,1,1
2,8,5,61,0.1,3,1,2,2,1,351.43,0,10,3,1,1,3,14,3,3,3,3
2,8,5,62,0.4,1,3,1,2,0,227.59,1,2,1,1,1,1,10,3,3,1,1
2,8,5,63,0.05,1,3,1,1,1,389.57,0,15,1,1,1,1,13,3,1,1,3
2,8,5,64,1.8,1,1,1,1,1,226.4,1,13,1,3,1,3,9,3,3,3,3
2,8,5,65,0.1,1,3,1,1,1,273.56,1,8,3,1,3,1,12,1,1,3,3
2,8,5,66,0.4,2,3,2,2,1,252.2,1,15,1,1,2,2,5,3,3,1,1
2,8,5,67,0.4,3,2,2,2,1,211.65,1,10,3,3,1,1,11,3,3,2,2
2,8,5,68,0.1,2,1,2,1,0,262.56,1,15,1,3,2,2,8,1,1,1,1
2,8,5,69,0.05,2,3,2,2,1,224.43,1,18,3,3,2,2,14,3,3,1,1
2,8,5,70,1.8,3,3,2,2,1,199.84,1,11,1,3,3,1,19,3,1,1,3
2,8,5,71,0.05,1,3,1,1,1,298.36,1,12,1,1,1,1,15,3,3,1,1
2,8,5,72,0.1,1,1,1,2,0,246.09,1,13,3,1,3,1,15,1,1,1,1
2,8,5,73,0.1,3,1,2,2,1,240.12,1,19,3,3,1,1,14,1,1,1,1
2,8,5,74,0.1,2,3,2,2,1,256.39,1,1,3,1,2,2,17,3,3,1,1
2,8,5,75,0.1,1,3,1,1,1,292.91,1,20,1,1,1,1,3,1,3,3,1
2,8,5,76,0.2,2,1,2,2,1,205.03,1,8,1,3,2,2,11,1,3,1,3
2,8,5,77,0.2,1,1,1,1,1,253.74,1,10,3,3,3,3,13,1,1,1,1
2,8,5,78,0.05,2,2,2,1,0,250.37,1,2,3,1,2,2,1,3,1,2,2
2,8,6,1,1.8,1,2,1,1,1,161.42,1,17,1,1,1,1,8,1,1,2,2
2,8,6,2,0.1,1,1,1,2,0,253.67,1,9,3,1,3,1,13,1,1,1,1
2,8,6,3,1.8,3,2,NaN,NaN,NaN,NaN,NaN,2,3,1,1,3,8,1,3,2,2
2,8,6,4,0.05,3,1,2,2,1,278.36,1,2,1,3,3,1,1,1,1,1,1
2,8,6,5,0.1,1,2,1,1,1,243.94,1,12,3,1,3,1,19,3,1,2,2
2,8,6,6,0.8,3,1,2,2,1,194.87,1,7,1,3,3,1,12,3,3,3,3
2,8,6,7,0.4,3,2,2,2,1,200.89,1,4,1,3,3,1,2,1,3,2,2
2,8,6,8,0.2,3,3,2,2,1,229.76,1,6,1,1,3,3,11,3,3,1,1
2,8,6,9,0.05,2,3,2,2,1,258.93,1,12,1,3,2,2,11,3,1,1,3
2,8,6,10,0.05,1,2,1,2,0,260.82,1,18,3,3,3,3,1,3,3,2,2
2,8,6,11,0.8,3,1,2,2,1,209.15,1,3,3,3,1,1,14,3,3,3,3
2,8,6,12,0.1,2,1,2,2,1,221.04,1,8,1,3,2,2,10,3,1,3,1
2,8,6,13,0.2,1,2,1,1,1,226.39,1,3,3,3,3,3,20,3,3,2,2
2,8,6,14,0.2,3,1,2,2,1,198.75,1,19,3,3,1,1,2,3,3,3,3
2,8,6,15,0.2,1,2,1,1,1,186.7,1,4,3,1,3,1,7,1,1,2,2
2,8,6,16,1.8,1,1,1,1,1,208.08,1,1,3,3,3,3,6,3,1,3,1
2,8,6,17,0.4,3,1,2,2,1,171.96,1,18,1,1,3,3,4,3,3,3,3
2,8,6,18,0.05,2,2,2,2,1,321.44,0,10,3,3,2,2,16,1,1,2,2
2,8,6,19,0.8,1,2,NaN,NaN,NaN,NaN,NaN,11,3,1,3,1,5,1,3,2,2
2,8,6,20,0.8,1,2,1,1,1,322.12,0,5,1,3,1,3,6,3,1,2,2
2,8,6,21,1.8,3,2,2,2,1,208.96,1,4,3,1,1,3,8,1,3,2,2
2,8,6,22,0.8,1,3,1,1,1,211.67,1,7,1,3,1,3,11,3,1,1,3
2,8,6,23,0.1,1,1,1,1,1,261.81,1,10,1,3,1,3,17,3,1,3,1
2,8,6,24,0.4,1,2,1,1,1,209.38,1,7,1,1,1,1,14,3,3,2,2
2,8,6,25,0.4,1,2,1,1,1,183.11,1,7,3,1,3,1,6,1,1,2,2
2,8,6,26,0.4,3,3,2,2,1,221.12,1,1,1,1,3,3,12,3,3,1,1
2,8,6,27,0.8,1,2,1,1,1,216.66,1,4,3,3,3,3,5,3,1,2,2
2,8,6,28,0.8,3,2,2,2,1,175.84,1,11,1,1,3,3,6,1,1,2,2
2,8,6,29,1.8,2,1,2,1,0,193.49,1,15,3,1,2,2,19,3,3,3,3
2,8,6,30,0.05,1,1,1,2,0,284.79,1,14,3,1,3,1,19,3,3,3,3
2,8,6,31,0.05,1,1,1,1,1,209.26,1,1,3,1,3,1,14,3,3,3,3
2,8,6,32,0.2,2,2,2,1,0,203.71,1,1,1,1,2,2,19,3,1,2,2
2,8,6,33,0.4,3,3,2,2,1,235.89,1,1,1,3,3,1,17,3,1,1,3
2,8,6,34,0.4,1,2,1,1,1,235.86,1,2,1,1,1,1,2,3,1,2,2
2,8,6,35,1.8,1,1,1,1,1,193.62,1,6,1,1,1,1,20,1,3,1,3
2,8,6,36,0.05,2,1,2,2,1,290.06,1,5,1,1,2,2,11,1,1,1,1
2,8,6,37,0.2,3,1,2,2,1,227.4,1,1,1,3,3,1,3,3,1,3,1
2,8,6,38,0.8,1,2,1,1,1,213.03,1,20,3,1,3,1,2,3,3,2,2
2,8,6,39,0.2,1,2,1,1,1,215.81,1,14,1,1,1,1,9,1,3,2,2
2,8,6,40,0.1,2,1,2,1,0,191.49,1,1,3,1,2,2,10,1,1,1,1
2,8,6,41,0.1,1,3,1,1,1,264.53,1,10,1,3,1,3,17,1,1,3,3
2,8,6,42,0.8,3,3,2,2,1,203.47,1,19,1,1,3,3,9,1,3,3,1
2,8,6,43,0.4,1,1,1,1,1,230.99,1,16,1,1,1,1,11,1,1,1,1
2,8,6,44,0.05,2,3,2,2,1,280.24,1,13,3,1,2,2,8,1,1,3,3
2,8,6,45,0.4,1,2,1,1,1,226.07,1,1,1,1,1,1,7,1,3,2,2
2,8,6,46,0.2,1,3,1,2,0,264.77,1,4,1,3,1,3,2,3,1,1,3
2,8,6,47,1.8,2,2,2,1,0,71.453,2,13,1,1,2,2,17,1,1,2,2
2,8,6,48,1.8,2,1,2,2,1,181.16,1,17,3,1,2,2,14,3,1,3,1
2,8,6,49,0.4,2,1,2,2,1,216.26,1,13,3,3,2,2,3,3,3,3,3
2,8,6,50,1.8,2,1,2,2,1,183.01,1,20,3,3,2,2,9,1,3,1,3
2,8,6,51,0.1,3,1,2,2,1,260.26,1,11,3,1,1,3,6,1,1,1,1
2,8,6,52,0.05,1,3,1,1,1,334.56,0,3,1,3,1,3,1,3,3,1,1
2,8,6,53,0.2,1,3,1,1,1,213.52,1,6,1,1,1,1,1,3,3,1,1
2,8,6,54,0.8,3,3,2,2,1,192.45,1,11,1,1,3,3,2,1,3,3,1
2,8,6,55,0.2,1,2,1,1,1,242.77,1,13,1,3,1,3,8,3,3,2,2
2,8,6,56,0.1,2,1,2,2,1,262,1,9,1,3,2,2,6,3,3,3,3
2,8,6,57,0.2,2,2,2,2,1,243.9,1,11,1,1,2,2,18,1,1,2,2
2,8,6,58,0.2,3,3,2,2,1,226.15,1,3,1,1,3,3,9,1,1,3,3
2,8,6,59,0.8,3,2,2,2,1,204.7,1,4,3,1,1,3,12,1,1,2,2
2,8,6,60,0.05,1,1,1,1,1,263.51,1,14,1,3,1,3,9,3,3,3,3
2,8,6,61,0.1,3,2,2,2,1,226.13,1,17,1,3,3,1,16,3,1,2,2
2,8,6,62,1.8,1,1,1,1,1,192.68,1,8,1,3,1,3,14,1,3,1,3
2,8,6,63,0.1,1,2,1,1,1,166.78,1,19,3,1,3,1,12,1,1,2,2
2,8,6,64,0.05,1,1,1,2,0,288.46,1,3,3,3,3,3,13,1,1,1,1
2,8,6,65,0.2,2,3,2,1,0,246.12,1,1,1,3,2,2,6,1,3,3,1
2,8,6,66,0.05,1,2,1,2,0,258.23,1,13,3,1,3,1,9,3,3,2,2
2,8,6,67,0.8,1,1,1,1,1,195.53,1,10,3,1,3,1,9,1,1,1,1
2,8,6,68,0.1,1,2,1,2,0,242.47,1,9,3,1,3,1,16,1,1,2,2
2,8,6,69,0.4,2,3,2,2,1,227,1,6,3,3,2,2,6,3,1,1,3
2,8,6,70,0.8,3,1,2,1,0,209.23,1,12,3,3,1,1,18,1,3,1,3
2,8,6,71,1.8,3,1,2,2,1,165.96,1,7,1,3,3,1,19,3,1,3,1
2,8,6,72,0.4,1,3,1,1,1,231.4,1,11,3,3,3,3,8,3,1,1,3
2,8,6,73,0.4,1,2,1,1,1,196.58,1,15,3,3,3,3,3,1,1,2,2
2,8,6,74,0.1,2,2,2,2,1,315.37,0,19,1,1,2,2,19,3,3,2,2
2,8,6,75,1.8,1,1,1,1,1,155.23,1,2,3,1,3,1,11,3,1,3,1
2,8,6,76,0.1,3,1,2,2,1,224.72,1,10,1,3,3,1,17,1,1,1,1
2,8,6,77,1.8,1,2,1,1,1,202.5,1,13,3,1,3,1,10,3,1,2,2
2,8,6,78,0.05,2,1,2,2,1,292.44,1,6,1,3,2,2,13,3,3,3,3
2,8,7,1,0.8,3,1,2,2,1,196.73,1,7,1,1,3,3,9,1,1,1,1
2,8,7,2,0.4,3,2,2,2,1,216.64,1,2,3,1,1,3,3,3,3,2,2
2,8,7,3,0.4,1,3,1,1,1,250.71,1,17,1,3,1,3,3,1,1,3,3
2,8,7,4,0.8,1,3,1,1,1,203.84,1,5,1,1,1,1,10,3,3,1,1
2,8,7,5,0.1,3,2,2,2,1,189.2,1,11,1,3,3,1,15,1,3,2,2
2,8,7,6,0.8,1,2,1,2,0,242.08,1,10,1,1,1,1,8,3,3,2,2
2,8,7,7,0.05,3,2,2,1,0,297.56,1,12,1,1,3,3,2,3,1,2,2
2,8,7,8,1.8,1,2,1,1,1,209.01,1,17,3,3,3,3,7,3,3,2,2
2,8,7,9,0.4,1,3,1,2,0,247.54,1,5,1,1,1,1,7,3,1,1,3
2,8,7,10,0.4,1,2,1,1,1,204.66,1,6,3,3,3,3,2,3,3,2,2
2,8,7,11,0.2,1,3,1,1,1,84.381,2,20,3,1,3,1,8,1,3,3,1
2,8,7,12,0.05,1,2,1,2,0,258.55,1,19,3,3,3,3,10,1,1,2,2
2,8,7,13,0.8,2,1,2,2,1,179.81,1,16,1,3,2,2,13,1,3,1,3
2,8,7,14,0.1,1,3,1,1,1,238.99,1,8,1,3,1,3,3,3,1,1,3
2,8,7,15,0.1,3,1,2,2,1,208.45,1,20,1,1,3,3,5,3,3,3,3
2,8,7,16,0.05,1,2,1,1,1,281.17,1,16,1,3,1,3,8,1,3,2,2
2,8,7,17,1.8,2,3,NaN,NaN,NaN,NaN,NaN,1,3,3,2,2,11,3,3,1,1
2,8,7,18,0.2,1,3,1,1,1,252.02,1,3,3,3,3,3,9,3,3,1,1
2,8,7,19,0.4,3,3,2,2,1,266.19,1,20,3,1,1,3,19,3,1,1,3
2,8,7,20,0.2,1,2,1,1,1,209.93,1,1,3,3,3,3,10,3,1,2,2
2,8,7,21,0.05,1,1,1,1,1,270.08,1,9,1,3,1,3,11,3,3,3,3
2,8,7,22,0.05,3,1,2,2,1,266.29,1,8,3,3,1,1,7,3,1,3,1
2,8,7,23,0.8,3,1,NaN,NaN,NaN,NaN,NaN,17,1,1,3,3,10,1,1,1,1
2,8,7,24,0.1,2,2,2,1,0,221.34,1,18,1,3,2,2,2,3,3,2,2
2,8,7,25,0.4,3,3,2,2,1,208.78,1,11,1,3,3,1,3,1,3,3,1
2,8,7,26,0.8,3,2,2,2,1,248.67,1,2,3,3,1,1,2,3,3,2,2
2,8,7,27,0.8,3,3,2,2,1,233.61,1,5,3,3,1,1,3,1,1,3,3
2,8,7,28,0.05,1,1,1,1,1,281.87,1,18,1,1,1,1,17,3,3,3,3
2,8,7,29,0.1,3,1,2,2,1,289.44,1,7,1,3,3,1,14,3,3,3,3
2,8,7,30,0.2,3,2,2,2,1,238.63,1,8,1,1,3,3,17,3,3,2,2
2,8,7,31,0.1,3,3,2,2,1,228.88,1,19,1,1,3,3,16,3,1,1,3
2,8,7,32,1.8,1,2,1,1,1,196.28,1,2,1,1,1,1,2,1,1,2,2
2,8,7,33,0.05,1,1,1,2,0,365.33,0,16,1,1,1,1,7,3,3,3,3
2,8,7,34,0.8,2,1,2,1,0,211.62,1,19,3,3,2,2,11,3,1,3,1
2,8,7,35,0.05,2,3,2,2,1,285.75,1,9,1,1,2,2,8,3,3,1,1
2,8,7,36,0.8,3,2,2,2,1,217.67,1,19,1,1,3,3,8,3,3,2,2
2,8,7,37,1.8,3,3,2,2,1,201.15,1,9,1,3,3,1,14,1,3,3,1
2,8,7,38,0.4,3,3,2,2,1,203.76,1,18,3,1,1,3,1,3,1,1,3
2,8,7,39,1.8,2,1,2,2,1,182.04,1,8,3,3,2,2,17,3,1,3,1
2,8,7,40,0.1,2,3,2,2,1,255.17,1,20,1,1,2,2,18,3,1,1,3
2,8,7,41,0.4,1,2,1,1,1,224.5,1,16,3,3,3,3,14,3,1,2,2
2,8,7,42,0.4,1,2,1,1,1,220.86,1,20,1,1,1,1,8,3,3,2,2
2,8,7,43,1.8,1,1,1,1,1,204.72,1,17,1,1,1,1,9,1,1,1,1
2,8,7,44,0.05,1,1,1,1,1,272.9,1,8,3,1,3,1,1,3,3,3,3
2,8,7,45,0.8,1,3,1,1,1,218.41,1,13,3,1,3,1,7,3,1,1,3
2,8,7,46,0.1,1,1,1,1,1,239.91,1,1,3,1,3,1,13,3,1,3,1
2,8,7,47,0.2,3,1,2,2,1,207.6,1,20,3,1,1,3,18,3,1,3,1
2,8,7,48,0.2,1,3,1,1,1,182.71,1,6,1,1,1,1,12,3,3,1,1
2,8,7,49,0.05,3,3,2,2,1,264.17,1,15,1,1,3,3,14,3,3,1,1
2,8,7,50,0.2,1,2,1,1,1,207.95,1,15,3,3,3,3,10,1,3,2,2
2,8,7,51,0.1,1,3,1,1,1,276.56,1,3,3,1,3,1,12,3,3,1,1
2,8,7,52,0.2,1,1,1,1,1,202.18,1,8,1,3,1,3,2,1,3,1,3
2,8,7,53,1.8,1,1,1,1,1,187.96,1,12,1,1,1,1,2,1,3,1,3
2,8,7,54,0.4,2,2,2,2,1,186.73,1,14,1,1,2,2,19,3,1,2,2
2,8,7,55,1.8,1,2,1,1,1,194.52,1,1,1,1,1,1,15,1,3,2,2
2,8,7,56,0.1,3,2,2,2,1,264.35,1,6,3,3,1,1,6,3,3,2,2
2,8,7,57,0.8,3,2,2,2,1,232.44,1,17,3,3,1,1,18,1,1,2,2
2,8,7,58,0.8,3,3,2,2,1,194.06,1,5,3,3,1,1,18,3,3,1,1
2,8,7,59,0.1,3,3,2,2,1,260.93,1,9,3,3,1,1,15,3,1,1,3
2,8,7,60,0.05,3,1,2,2,1,275.98,1,5,3,3,1,1,4,1,1,1,1
2,8,7,61,0.4,1,3,1,2,0,226.57,1,14,3,3,3,3,14,1,3,3,1
2,8,7,62,0.2,1,2,1,1,1,245.24,1,7,1,3,1,3,10,3,1,2,2
2,8,7,63,0.2,1,2,1,1,1,272.66,1,18,3,3,3,3,8,1,3,2,2
2,8,7,64,0.4,2,3,2,2,1,217.09,1,9,1,1,2,2,2,3,1,1,3
2,8,7,65,0.2,3,2,2,2,1,209.45,1,14,3,1,1,3,3,1,3,2,2
2,8,7,66,0.2,1,3,1,1,1,248.29,1,6,1,3,1,3,5,3,3,1,1
2,8,7,67,0.05,1,2,1,2,0,257.98,1,15,1,1,1,1,15,3,1,2,2
2,8,7,68,1.8,1,2,1,1,1,218.73,1,18,3,3,3,3,5,3,1,2,2
2,8,7,69,0.2,1,1,1,1,1,244.62,1,14,3,3,3,3,11,1,1,1,1
2,8,7,70,1.8,1,1,1,1,1,197.18,1,7,1,3,1,3,15,3,1,3,1
2,8,7,71,0.8,1,3,1,2,0,275.72,1,6,3,3,3,3,3,1,3,3,1
2,8,7,72,0.1,3,2,2,2,1,256.83,1,1,3,1,1,3,1,1,1,2,2
2,8,7,73,0.4,3,1,NaN,NaN,NaN,NaN,NaN,19,3,1,1,3,12,3,1,3,1
2,8,7,74,1.8,1,3,1,1,1,201.62,1,9,1,3,1,3,20,1,1,3,3
2,8,7,75,0.05,1,1,1,1,1,262.55,1,17,1,1,1,1,4,3,3,3,3
2,8,7,76,1.8,1,2,1,1,1,202.01,1,5,1,3,1,3,19,1,3,2,2
2,8,7,77,0.1,3,2,2,2,1,245.89,1,10,1,3,3,1,15,1,3,2,2
2,8,7,78,1.8,1,2,NaN,NaN,NaN,NaN,NaN,4,1,1,1,1,9,3,1,2,2
2,8,8,1,0.4,1,1,1,1,1,214.21,1,6,3,1,3,1,17,3,3,3,3
2,8,8,2,0.2,1,1,1,1,1,251.76,1,15,3,3,3,3,13,1,1,1,1
2,8,8,3,0.2,1,3,1,2,0,270.5,1,9,3,3,3,3,11,1,1,3,3
2,8,8,4,0.8,1,1,1,1,1,194.58,1,18,3,1,3,1,14,1,1,1,1
2,8,8,5,0.1,2,1,2,2,1,258.58,1,6,3,1,2,2,3,3,1,3,1
2,8,8,6,0.8,1,3,1,2,0,203.24,1,2,1,1,1,1,6,3,3,1,1
2,8,8,7,0.1,1,1,1,1,1,195.41,1,5,3,1,3,1,4,3,3,3,3
2,8,8,8,0.05,1,3,1,1,1,261.22,1,11,3,3,3,3,11,3,1,1,3
2,8,8,9,0.05,3,2,2,2,1,257.91,1,17,3,1,1,3,15,1,3,2,2
2,8,8,10,1.8,3,3,2,2,1,194.76,1,4,1,3,3,1,5,3,1,1,3
2,8,8,11,1.8,1,2,NaN,NaN,NaN,NaN,NaN,17,3,1,3,1,14,3,3,2,2
2,8,8,12,0.1,3,1,2,2,1,269.71,1,5,3,1,1,3,3,3,1,3,1
2,8,8,13,1.8,1,2,NaN,NaN,NaN,NaN,NaN,10,3,1,3,1,6,3,1,2,2
2,8,8,14,0.8,2,2,2,2,1,229.71,1,1,3,1,2,2,14,1,1,2,2
2,8,8,15,0.4,3,3,2,2,1,251.61,1,6,1,3,3,1,13,1,1,3,3
2,8,8,16,1.8,2,2,2,1,0,211.19,1,15,3,1,2,2,1,3,3,2,2
2,8,8,17,0.2,3,3,2,2,1,255.23,1,7,1,1,3,3,11,1,1,3,3
2,8,8,18,1.8,2,3,NaN,NaN,NaN,NaN,NaN,18,3,3,2,2,11,3,1,1,3
2,8,8,19,0.1,1,3,1,1,1,379.82,0,1,3,3,3,3,20,3,1,1,3
2,8,8,20,0.1,2,2,2,2,1,279.85,1,20,3,3,2,2,3,3,3,2,2
2,8,8,21,0.05,3,1,2,2,1,284.38,1,6,1,3,3,1,9,3,3,3,3
2,8,8,22,0.8,1,3,NaN,NaN,NaN,NaN,NaN,15,3,1,3,1,15,1,1,3,3
2,8,8,23,0.8,1,2,1,1,1,258.1,1,14,3,3,3,3,12,1,1,2,2
2,8,8,24,1.8,2,1,2,1,0,238.23,1,9,3,1,2,2,10,1,3,1,3
2,8,8,25,0.05,2,3,2,2,1,271.02,1,19,3,3,2,2,7,3,1,1,3
2,8,8,26,0.8,1,3,1,2,0,229.01,1,1,1,1,1,1,3,1,1,3,3
2,8,8,27,0.05,1,2,1,1,1,236.12,1,13,3,1,3,1,3,3,3,2,2
2,8,8,28,0.05,1,3,1,1,1,282.11,1,9,1,3,1,3,12,3,1,1,3
2,8,8,29,0.1,1,2,1,1,1,246.5,1,5,1,3,1,3,3,1,3,2,2
2,8,8,30,1.8,1,3,NaN,NaN,NaN,NaN,NaN,8,3,3,3,3,8,1,3,3,1
2,8,8,31,0.8,1,2,1,1,1,262.22,1,17,1,1,1,1,19,1,1,2,2
2,8,8,32,0.2,2,2,2,2,1,326.66,0,18,3,3,2,2,16,1,3,2,2
2,8,8,33,0.8,2,3,2,2,1,213.25,1,19,3,1,2,2,3,3,1,1,3
2,8,8,34,0.4,1,3,1,2,0,246.68,1,6,3,3,3,3,8,1,1,3,3
2,8,8,35,0.05,1,3,1,1,1,309.98,0,12,3,3,3,3,16,3,3,1,1
2,8,8,36,0.4,1,3,1,2,0,219.23,1,10,3,3,3,3,11,1,3,3,1
2,8,8,37,0.4,1,2,1,1,1,201.82,1,10,3,3,3,3,13,1,3,2,2
2,8,8,38,0.8,1,1,1,1,1,214.81,1,8,3,3,3,3,12,3,1,3,1
2,8,8,39,0.1,1,1,1,2,0,244.29,1,16,3,3,3,3,9,1,1,1,1
2,8,8,40,0.8,2,1,2,1,0,357.26,0,18,1,3,2,2,9,3,3,3,3
2,8,8,41,0.1,1,3,1,1,1,244.08,1,13,1,1,1,1,13,3,1,1,3
2,8,8,42,0.2,3,3,2,2,1,244.17,1,6,1,1,3,3,8,3,1,1,3
2,8,8,43,0.4,3,2,2,2,1,277.82,1,10,1,1,3,3,13,1,1,2,2
2,8,8,44,0.4,1,2,1,1,1,228.92,1,14,1,3,1,3,13,1,1,2,2
2,8,8,45,1.8,1,1,1,1,1,152.8,1,17,3,3,3,3,20,1,1,1,1
2,8,8,46,0.4,3,2,2,2,1,216.85,1,3,1,3,3,1,17,3,3,2,2
2,8,8,47,0.2,1,3,1,1,1,255.05,1,2,3,1,3,1,9,3,3,1,1
2,8,8,48,1.8,1,3,NaN,NaN,NaN,NaN,NaN,14,1,3,1,3,1,1,3,3,1
2,8,8,49,0.1,3,3,2,2,1,207.24,1,4,3,1,1,3,9,3,1,1,3
2,8,8,50,0.1,3,3,2,2,1,254.98,1,1,3,1,1,3,4,3,1,1,3
2,8,8,51,0.05,1,3,1,2,0,332.48,0,18,3,1,3,1,10,1,1,3,3
2,8,8,52,0.1,2,2,2,2,1,275.93,1,10,1,3,2,2,12,3,3,2,2
2,8,8,53,0.8,3,1,2,2,1,202.05,1,18,3,1,1,3,8,1,3,1,3
2,8,8,54,0.8,1,3,1,1,1,174.39,1,1,3,3,3,3,16,1,3,3,1
2,8,8,55,0.05,1,1,1,1,1,263.8,1,15,3,3,3,3,13,1,3,1,3
2,8,8,56,0.4,2,2,2,2,1,229.63,1,6,1,1,2,2,11,3,3,2,2
2,8,8,57,0.05,1,3,1,2,0,261.75,1,15,3,3,3,3,5,3,3,1,1
2,8,8,58,0.4,3,1,2,2,1,234.1,1,3,1,3,3,1,18,1,1,1,1
2,8,8,59,0.05,3,3,2,2,1,293.68,1,5,3,1,1,3,2,1,1,3,3
2,8,8,60,0.2,1,1,1,1,1,212.87,1,2,3,3,3,3,15,3,1,3,1
2,8,8,61,0.2,2,1,2,2,1,274.87,1,10,3,3,2,2,2,1,3,1,3
2,8,8,62,0.2,1,2,1,1,1,212.39,1,16,1,3,1,3,15,3,3,2,2
2,8,8,63,0.1,3,3,2,2,1,416.83,0,8,1,3,3,1,14,1,1,3,3
2,8,8,64,0.05,3,2,2,2,1,243,1,8,1,1,3,3,13,1,3,2,2
2,8,8,65,0.1,2,3,2,2,1,239.12,1,14,1,3,2,2,7,3,1,1,3
2,8,8,66,0.2,2,3,2,2,1,260.68,1,12,1,3,2,2,7,1,3,3,1
2,8,8,67,0.4,2,1,2,2,1,247.49,1,3,1,1,2,2,6,1,3,1,3
2,8,8,68,0.4,3,1,NaN,NaN,NaN,NaN,NaN,5,1,1,3,3,10,1,1,1,1
2,8,8,69,1.8,1,2,1,1,1,192.33,1,19,3,3,3,3,7,1,1,2,2
2,8,8,70,0.05,1,3,1,2,0,296.97,1,2,1,3,1,3,19,3,1,1,3
2,8,8,71,1.8,3,3,2,2,1,201.63,1,7,3,3,1,1,7,3,3,1,1
2,8,8,72,0.8,1,2,1,1,1,238.91,1,17,1,3,1,3,17,3,1,2,2
2,8,8,73,0.2,3,2,2,2,1,246.18,1,13,3,3,1,1,6,1,3,2,2
2,8,8,74,1.8,1,2,1,1,1,149.84,1,16,1,3,1,3,1,3,1,2,2
2,8,8,75,0.2,3,1,2,2,1,204.04,1,16,3,3,1,1,8,3,3,3,3
2,8,8,76,0.4,3,1,2,2,1,241.93,1,3,1,3,3,1,4,3,3,3,3
2,8,8,77,0.2,1,3,1,2,0,262.55,1,2,3,1,3,1,19,1,3,3,1
2,8,8,78,1.8,2,2,2,1,0,210.82,1,11,1,3,2,2,1,1,3,2,2
2,8,9,1,0.4,1,1,1,1,1,251.71,1,6,3,1,3,1,12,1,1,1,1
2,8,9,2,0.1,3,2,2,2,1,247.43,1,19,3,3,1,1,16,3,1,2,2
2,8,9,3,0.4,1,3,1,1,1,227.76,1,20,1,3,1,3,13,3,1,1,3
2,8,9,4,1.8,2,1,2,2,1,172.3,1,20,1,3,2,2,1,3,3,3,3
2,8,9,5,0.8,2,2,2,2,1,204.94,1,16,3,3,2,2,10,1,1,2,2
2,8,9,6,0.8,2,2,2,2,1,239.19,1,17,1,3,2,2,17,3,3,2,2
2,8,9,7,0.4,2,1,2,2,1,243.32,1,1,3,3,2,2,9,3,3,3,3
2,8,9,8,0.2,2,2,2,1,0,228.84,1,4,3,1,2,2,15,1,3,2,2
2,8,9,9,0.4,3,2,2,2,1,230.78,1,20,3,3,1,1,12,3,3,2,2
2,8,9,10,0.4,1,3,1,1,1,240.59,1,14,3,3,3,3,18,1,1,3,3
2,8,9,11,0.1,1,3,1,1,1,264.85,1,5,3,3,3,3,11,1,1,3,3
2,8,9,12,0.8,3,2,2,2,1,203.29,1,14,1,1,3,3,5,1,3,2,2
2,8,9,13,0.05,1,3,1,2,0,286.38,1,16,3,1,3,1,17,3,3,1,1
2,8,9,14,0.05,2,2,2,2,1,350.37,0,7,1,1,2,2,18,1,1,2,2
2,8,9,15,0.1,2,3,2,1,0,269.37,1,3,3,1,2,2,3,3,3,1,1
2,8,9,16,0.2,1,1,1,1,1,224.19,1,17,1,3,1,3,13,1,1,1,1
2,8,9,17,0.1,3,1,2,1,0,326.59,0,12,3,3,1,1,10,1,1,1,1
2,8,9,18,0.4,3,2,2,2,1,168.65,1,19,1,3,3,1,18,1,3,2,2
2,8,9,19,0.05,1,1,1,1,1,222.25,1,9,1,3,1,3,17,1,1,1,1
2,8,9,20,0.1,3,1,2,2,1,192.26,1,8,3,1,1,3,13,1,1,1,1
2,8,9,21,0.4,1,2,1,1,1,246.54,1,1,1,1,1,1,1,1,1,2,2
2,8,9,22,0.8,2,3,2,2,1,207.19,1,20,3,1,2,2,20,3,3,1,1
2,8,9,23,0.05,2,2,2,2,1,337.25,0,2,1,1,2,2,20,1,3,2,2
2,8,9,24,0.1,2,3,2,2,1,261.82,1,18,3,3,2,2,14,1,1,3,3
2,8,9,25,0.1,3,2,2,2,1,238.89,1,14,3,1,1,3,17,3,3,2,2
2,8,9,26,0.2,3,2,2,1,0,212.81,1,20,1,3,3,1,10,1,3,2,2
2,8,9,27,0.2,3,3,2,2,1,99.904,2,2,1,1,3,3,18,1,1,3,3
2,8,9,28,0.4,1,1,1,1,1,222.58,1,17,1,1,1,1,2,1,3,1,3
2,8,9,29,1.8,1,1,1,1,1,212.79,1,8,3,1,3,1,4,3,1,3,1
2,8,9,30,0.8,1,1,1,1,1,213.9,1,20,1,3,1,3,9,1,3,1,3
2,8,9,31,0.2,1,2,1,1,1,207.96,1,8,1,3,1,3,14,3,3,2,2
2,8,9,32,0.1,1,3,1,1,1,271.39,1,4,3,3,3,3,18,1,3,3,1
2,8,9,33,0.2,3,1,2,2,1,268.96,1,6,3,3,1,1,20,1,1,1,1
2,8,9,34,0.05,1,1,1,1,1,309.41,0,16,1,1,1,1,1,3,1,3,1
2,8,9,35,0.2,3,1,2,2,1,218.73,1,4,1,3,3,1,13,3,3,3,3
2,8,9,36,0.2,1,1,1,1,1,211.48,1,14,3,3,3,3,7,1,3,1,3
2,8,9,37,1.8,2,3,2,2,1,192.41,1,19,1,3,2,2,19,1,3,3,1
2,8,9,38,0.8,1,1,1,1,1,216.13,1,2,1,3,1,3,18,3,3,3,3
2,8,9,39,0.1,1,3,1,2,0,235.64,1,10,1,3,1,3,20,3,3,1,1
2,8,9,40,0.8,1,1,1,1,1,220.33,1,15,3,1,3,1,4,1,1,1,1
2,8,9,41,0.2,1,3,1,1,1,250.04,1,19,1,3,1,3,2,1,1,3,3
2,8,9,42,0.8,2,2,2,1,0,243.52,1,9,3,3,2,2,3,1,3,2,2
2,8,9,43,0.05,3,3,2,2,1,270.65,1,19,3,1,1,3,13,1,3,3,1
2,8,9,44,0.2,1,1,1,1,1,226.86,1,2,1,3,1,3,4,3,1,3,1
2,8,9,45,0.05,1,1,1,1,1,306.7,0,13,3,1,3,1,19,3,1,3,1
2,8,9,46,1.8,1,2,1,1,1,213.46,1,19,1,1,1,1,15,1,3,2,2
2,8,9,47,1.8,3,3,2,1,0,206.59,1,12,1,1,3,3,4,1,1,3,3
2,8,9,48,0.05,1,3,1,1,1,287.87,1,15,3,1,3,1,14,3,1,1,3
2,8,9,49,0.4,1,3,1,1,1,205.31,1,10,1,1,1,1,3,3,1,1,3
2,8,9,50,0.4,1,1,1,1,1,220.49,1,12,3,1,3,1,18,3,1,3,1
2,8,9,51,0.05,2,3,2,2,1,297.08,1,14,3,1,2,2,7,1,3,3,1
2,8,9,52,1.8,1,3,1,1,1,238.63,1,14,1,3,1,3,17,3,3,1,1
2,8,9,53,0.4,1,3,1,1,1,231.25,1,7,1,3,1,3,19,3,1,1,3
2,8,9,54,0.2,1,2,1,2,0,269.59,1,14,3,1,3,1,7,3,3,2,2
2,8,9,55,0.2,2,3,2,1,0,279.92,1,6,3,3,2,2,14,3,1,1,3
2,8,9,56,0.2,3,1,2,2,1,256.82,1,3,3,1,1,3,1,3,1,3,1
2,8,9,57,1.8,1,1,1,1,1,202.63,1,19,3,1,3,1,5,1,3,1,3
2,8,9,58,1.8,1,1,1,1,1,210.61,1,5,3,1,3,1,10,1,1,1,1
2,8,9,59,0.8,2,1,2,2,1,207.6,1,20,1,1,2,2,15,3,3,3,3
2,8,9,60,0.1,1,1,1,1,1,269.88,1,1,3,1,3,1,1,1,1,1,1
2,8,9,61,0.8,1,3,1,2,0,193.91,1,1,3,1,3,1,1,1,1,3,3
2,8,9,62,0.05,1,1,1,1,1,258.8,1,8,1,1,1,1,11,3,3,3,3
2,8,9,63,0.8,1,2,1,1,1,229,1,18,1,1,1,1,10,3,1,2,2
2,8,9,64,0.1,2,2,2,1,0,255.59,1,2,1,3,2,2,20,3,3,2,2
2,8,9,65,1.8,3,1,2,2,1,219.5,1,5,3,1,1,3,1,1,3,1,3
2,8,9,66,1.8,1,2,1,1,1,197.37,1,17,3,3,3,3,20,3,1,2,2
2,8,9,67,1.8,1,3,1,1,1,228.44,1,2,1,1,1,1,10,1,3,3,1
2,8,9,68,1.8,2,3,2,2,1,179.12,1,7,3,3,2,2,13,3,3,1,1
2,8,9,69,0.1,1,2,1,1,1,283.49,1,16,1,1,1,1,7,1,1,2,2
2,8,9,70,0.4,1,3,1,1,1,269.04,1,12,1,1,1,1,17,1,3,3,1
2,8,9,71,0.8,2,1,2,2,1,209.95,1,4,3,1,2,2,13,1,3,1,3
2,8,9,72,0.05,1,3,1,1,1,280.1,1,4,1,3,1,3,6,1,3,3,1
2,8,9,73,0.1,1,3,1,2,0,283.81,1,4,1,1,1,1,4,3,1,1,3
2,8,9,74,0.8,2,2,2,1,0,283,1,5,3,1,2,2,5,1,3,2,2
2,8,9,75,0.05,2,2,2,2,1,254.82,1,9,1,3,2,2,15,3,3,2,2
2,8,9,76,0.05,1,1,1,1,1,250.11,1,20,3,3,3,3,14,1,1,1,1
2,8,9,77,1.8,3,3,2,2,1,168.48,1,3,3,3,1,1,5,3,1,1,3
2,8,9,78,0.4,3,2,2,2,1,239.37,1,5,3,1,1,3,11,3,1,2,2
2,8,10,1,0.2,1,1,1,1,1,249.56,1,8,1,3,1,3,19,1,1,1,1
2,8,10,2,0.1,1,1,1,1,1,246.99,1,17,1,3,1,3,12,3,3,3,3
2,8,10,3,1.8,2,2,2,1,0,188.32,1,12,3,3,2,2,14,1,3,2,2
2,8,10,4,0.1,3,3,2,2,1,243.64,1,12,1,3,3,1,5,3,3,1,1
2,8,10,5,0.1,1,2,1,1,1,228.93,1,16,1,1,1,1,10,3,3,2,2
2,8,10,6,0.8,1,3,1,2,0,185,1,14,3,1,3,1,13,3,1,1,3
2,8,10,7,0.8,1,3,1,1,1,222.44,1,4,1,1,1,1,9,3,1,1,3
2,8,10,8,0.1,3,3,2,2,1,228.93,1,16,3,1,1,3,1,1,1,3,3
2,8,10,9,1.8,1,2,1,1,1,192.61,1,3,1,3,1,3,13,1,1,2,2
2,8,10,10,1.8,1,2,1,1,1,207.93,1,4,3,3,3,3,9,1,3,2,2
2,8,10,11,0.4,2,2,2,2,1,256.94,1,3,1,1,2,2,4,1,1,2,2
2,8,10,12,0.8,1,3,1,1,1,265.72,1,16,3,3,3,3,12,1,1,3,3
2,8,10,13,0.05,2,1,2,1,0,297.97,1,20,1,3,2,2,3,1,1,1,1
2,8,10,14,0.05,1,2,1,1,1,272.2,1,8,3,3,3,3,15,1,1,2,2
2,8,10,15,0.8,2,1,2,1,0,234.29,1,8,1,1,2,2,11,1,3,1,3
2,8,10,16,0.2,1,1,1,1,1,317.76,0,16,3,3,3,3,18,3,1,3,1
2,8,10,17,0.05,3,3,2,2,1,273.08,1,13,3,1,1,3,6,1,3,3,1
2,8,10,18,0.1,1,2,1,1,1,246.71,1,18,1,3,1,3,20,3,1,2,2
2,8,10,19,0.4,1,3,1,1,1,254.86,1,12,1,1,1,1,17,3,1,1,3
2,8,10,20,0.1,2,3,2,1,0,264.1,1,11,1,3,2,2,20,1,3,3,1
2,8,10,21,0.1,2,1,2,1,0,226.2,1,17,1,1,2,2,2,3,3,3,3
2,8,10,22,1.8,3,3,2,2,1,232.83,1,4,1,3,3,1,2,3,1,1,3
2,8,10,23,0.05,3,2,2,2,1,325.08,0,4,3,1,1,3,6,1,3,2,2
2,8,10,24,0.8,2,3,2,2,1,197.13,1,3,3,1,2,2,19,1,1,3,3
2,8,10,25,0.1,3,1,2,2,1,280.24,1,4,3,3,1,1,1,1,3,1,3
2,8,10,26,0.05,1,3,1,2,0,271.13,1,13,1,3,1,3,15,3,1,1,3
2,8,10,27,0.8,3,1,2,2,1,230.76,1,8,3,1,1,3,4,1,3,1,3
2,8,10,28,0.2,3,3,2,2,1,237.58,1,19,3,1,1,3,12,1,3,3,1
2,8,10,29,1.8,2,1,2,2,1,165.08,1,16,3,1,2,2,19,3,1,3,1
2,8,10,30,0.8,2,3,2,1,0,220.12,1,1,3,1,2,2,4,1,3,3,1
2,8,10,31,0.4,3,2,2,2,1,241.49,1,2,3,3,1,1,15,3,3,2,2
2,8,10,32,1.8,1,1,NaN,NaN,NaN,NaN,NaN,20,3,3,3,3,13,3,1,3,1
2,8,10,33,0.2,1,1,1,1,1,349.25,0,10,1,1,1,1,18,3,1,3,1
2,8,10,34,0.1,1,1,1,1,1,275.2,1,9,1,1,1,1,15,3,1,3,1
2,8,10,35,0.2,1,2,1,1,1,152.04,1,12,1,1,1,1,4,1,1,2,2
2,8,10,36,0.2,3,3,2,2,1,236.61,1,11,1,3,3,1,17,3,3,1,1
2,8,10,37,0.05,3,3,2,2,1,286.75,1,4,1,1,3,3,16,3,3,1,1
2,8,10,38,1.8,3,2,2,2,1,212.78,1,18,1,1,3,3,19,3,1,2,2
2,8,10,39,0.8,2,3,2,2,1,263.48,1,5,3,3,2,2,19,3,3,1,1
2,8,10,40,0.1,1,3,1,1,1,294.09,1,19,3,1,3,1,2,3,1,1,3
2,8,10,41,1.8,2,2,2,2,1,183.17,1,13,3,3,2,2,19,1,3,2,2
2,8,10,42,0.4,3,1,2,2,1,228.78,1,8,1,3,3,1,9,1,3,1,3
2,8,10,43,0.4,1,3,1,1,1,181.11,1,18,3,3,3,3,3,3,3,1,1
2,8,10,44,1.8,3,3,NaN,NaN,NaN,NaN,NaN,9,3,3,1,1,12,1,3,3,1
2,8,10,45,1.8,2,2,2,1,0,225.63,1,12,3,3,2,2,2,3,3,2,2
2,8,10,46,0.05,3,3,2,2,1,264.75,1,19,3,1,1,3,4,1,3,3,1
2,8,10,47,0.2,3,1,2,2,1,245.24,1,4,3,1,1,3,9,3,1,3,1
2,8,10,48,0.4,3,2,2,2,1,231.41,1,8,3,3,1,1,7,1,1,2,2
2,8,10,49,0.4,1,3,1,1,1,252.05,1,9,1,1,1,1,19,3,3,1,1
2,8,10,50,0.4,1,2,1,1,1,236.12,1,3,1,3,1,3,16,1,1,2,2
2,8,10,51,0.4,3,2,2,2,1,258.72,1,1,1,3,3,1,16,1,3,2,2
2,8,10,52,1.8,1,1,1,1,1,219.08,1,8,1,1,1,1,19,3,3,3,3
2,8,10,53,0.05,3,1,2,2,1,282.82,1,17,1,3,3,1,1,1,3,1,3
2,8,10,54,0.4,1,3,1,1,1,247.1,1,18,1,3,1,3,19,3,1,1,3
2,8,10,55,0.2,2,3,2,2,1,243.77,1,10,3,3,2,2,14,1,3,3,1
2,8,10,56,0.2,2,1,2,2,1,282.16,1,15,3,3,2,2,4,1,1,1,1
2,8,10,57,0.4,1,3,1,1,1,260.9,1,16,1,1,1,1,7,3,1,1,3
2,8,10,58,0.1,2,1,2,2,1,279.42,1,1,3,3,2,2,5,1,1,1,1
2,8,10,59,1.8,2,1,2,2,1,189.81,1,2,1,1,2,2,5,3,3,3,3
2,8,10,60,0.8,3,3,2,2,1,206.19,1,16,3,1,1,3,14,3,1,1,3
2,8,10,61,0.1,1,2,1,1,1,338.1,0,18,1,3,1,3,6,1,3,2,2
2,8,10,62,0.8,1,2,1,1,1,210.14,1,14,3,3,3,3,20,1,1,2,2
2,8,10,63,1.8,3,2,2,2,1,195.44,1,11,3,1,1,3,3,1,1,2,2
2,8,10,64,0.4,2,1,2,1,0,245.86,1,15,3,1,2,2,14,1,1,1,1
2,8,10,65,0.05,2,3,2,2,1,284.29,1,13,1,3,2,2,17,3,1,1,3
2,8,10,66,0.05,3,3,2,2,1,260.7,1,19,3,1,1,3,9,3,3,1,1
2,8,10,67,0.05,3,3,2,2,1,252.5,1,20,3,3,1,1,14,3,3,1,1
2,8,10,68,0.2,3,3,2,2,1,304.97,0,11,1,3,3,1,16,3,1,1,3
2,8,10,69,0.2,1,3,1,1,1,277.33,1,3,3,1,3,1,7,1,3,3,1
2,8,10,70,0.05,3,1,2,2,1,262.05,1,3,1,3,3,1,10,3,1,3,1
2,8,10,71,0.8,2,2,2,2,1,187.68,1,17,1,1,2,2,16,3,1,2,2
2,8,10,72,0.2,1,1,1,1,1,232.93,1,2,1,1,1,1,12,1,3,1,3
2,8,10,73,0.1,2,2,2,2,1,238.92,1,15,3,3,2,2,7,1,3,2,2
2,8,10,74,0.8,1,3,1,1,1,201.56,1,11,1,3,1,3,5,1,3,3,1
2,8,10,75,0.2,2,2,2,2,1,223.47,1,5,3,3,2,2,17,1,3,2,2
2,8,10,76,0.8,2,1,2,1,0,211.32,1,8,3,3,2,2,12,1,3,1,3
2,8,10,77,0.05,3,2,2,2,1,273.15,1,20,3,1,1,3,18,1,3,2,2
2,8,10,78,0.4,2,1,2,1,0,256.71,1,11,3,1,2,2,18,3,1,3,1
