2,4,1,1,0.4,1,1,1,1,1,219.14,1,2,3,1,3,1,9,1,3,1,3
2,4,1,2,1.8,2,1,2,1,0,221.98,1,17,3,3,2,2,10,3,3,3,3
2,4,1,3,0.05,2,3,2,2,1,269.74,1,13,3,1,2,2,20,1,3,3,1
2,4,1,4,0.2,1,1,1,1,1,256.59,1,9,1,3,1,3,12,1,3,1,3
2,4,1,5,0.4,3,1,2,2,1,203.04,1,11,3,1,1,3,16,1,3,1,3
2,4,1,6,0.4,1,3,1,1,1,266.24,1,8,3,1,3,1,5,1,1,3,3
2,4,1,7,0.05,2,2,2,2,1,263.59,1,6,1,1,2,2,10,1,1,2,2
2,4,1,8,0.4,1,2,1,2,0,51.217,2,5,1,3,1,3,1,3,3,2,2
2,4,1,9,0.1,3,1,2,1,0,315.38,0,7,3,3,1,1,16,3,3,3,3
2,4,1,10,0.2,3,1,2,2,1,260.64,1,5,1,3,3,1,4,3,1,3,1
2,4,1,11,0.1,1,3,1,1,1,246.63,1,5,3,1,3,1,5,1,1,3,3
2,4,1,12,0.4,2,2,2,1,0,262.65,1,4,1,3,2,2,18,1,3,2,2
2,4,1,13,1.8,3,3,2,2,1,178.48,1,3,1,3,3,1,13,1,3,3,1
2,4,1,14,1.8,1,3,1,1,1,197.97,1,11,3,3,3,3,3,3,3,1,1
2,4,1,15,0.1,1,2,1,1,1,280.65,1,15,1,1,1,1,16,1,3,2,2
2,4,1,16,0.05,2,3,2,1,0,351.62,0,7,3,1,2,2,6,3,1,1,3
2,4,1,17,0.4,3,2,NaN,NaN,NaN,NaN,NaN,11,3,1,1,3,13,1,1,2,2
2,4,1,18,0.2,2,1,2,1,0,462.21,0,17,3,3,2,2,13,3,1,3,1
2,4,1,19,1.8,1,2,1,1,1,193.26,1,2,3,3,3,3,18,1,1,2,2
2,4,1,20,0.4,1,2,1,1,1,212.61,1,14,1,1,1,1,20,1,1,2,2
2,4,1,21,0.8,2,2,2,2,1,240.75,1,10,1,3,2,2,12,3,1,2,2
2,4,1,22,0.4,2,2,2,2,1,267.66,1,18,1,1,2,2,9,3,1,2,2
2,4,1,23,0.4,1,1,1,1,1,233.3,1,15,3,3,3,3,14,3,1,3,1
2,4,1,24,0.05,3,1,2,2,1,286.78,1,16,3,1,1,3,14,3,1,3,1
2,4,1,25,1.8,1,2,1,1,1,193.5,1,2,3,1,3,1,4,3,3,2,2
2,4,1,26,0.8,1,3,1,1,1,219.87,1,4,1,1,1,1,17,1,1,3,3
2,4,1,27,0.2,1,3,1,2,0,348.51,0,7,1,3,1,3,8,3,1,1,3
2,4,1,28,1.8,1,2,1,1,1,215.79,1,1,1,1,1,1,5,1,1,2,2
2,4,1,29,0.05,1,2,1,1,1,289.14,1,1,3,1,3,1,11,3,3,2,2
2,4,1,30,0.8,1,3,1,1,1,223.21,1,17,3,1,3,1,5,3,3,1,1
2,4,1,31,0.05,1,3,1,1,1,378.57,0,15,3,3,3,3,1,1,3,3,1
2,4,1,32,0.8,1,1,1,1,1,223.99,1,8,3,1,3,1,10,3,1,3,1
2,4,1,33,0.8,1,1,1,1,1,214.83,1,18,1,1,1,1,4,1,1,1,1
2,4,1,34,0.4,1,2,1,1,1,244.5,1,5,3,1,3,1,7,3,3,2,2
2,4,1,35,0.2,1,3,1,2,0,307.91,0,4,1,3,1,3,18,3,3,1,1
2,4,1,36,0.2,3,2,2,2,1,1093.3,0,17,1,3,3,1,20,1,3,2,2
2,4,1,37,0.1,1,3,1,1,1,259.16,1,5,1,1,1,1,12,3,3,1,1
2,4,1,38,0.8,2,1,2,1,0,217.59,1,17,3,3,2,2,6,1,1,1,1
2,4,1,39,0.05,1,3,1,1,1,288.99,1,2,3,3,3,3,5,1,1,3,3
2,4,1,40,0.05,1,2,1,1,1,309.33,0,10,3,1,3,1,3,1,3,2,2
2,4,1,41,0.2,1,1,1,1,1,340.46,0,7,1,3,1,3,8,3,1,3,1
2,4,1,42,1.8,2,1,2,1,0,186.34,1,2,1,1,2,2,15,1,3,1,3
2,4,1,43,0.1,3,2,2,2,1,297.74,1,16,1,3,3,1,12,1,3,2,2
2,4,1,44,0.2,3,3,2,2,1,264.08,1,19,1,1,3,3,16,3,1,1,3
2,4,1,45,1.8,2,2,2,1,0,196.41,1,18,3,1,2,2,2,1,1,2,2
2,4,1,46,1.8,1,1,1,1,1,204.11,1,18,1,1,1,1,11,1,1,1,1
2,4,1,47,0.05,2,2,2,1,0,322,0,20,1,1,2,2,3,1,3,2,2
2,4,1,48,1.8,1,2,1,1,1,195.71,1,15,3,3,3,3,4,1,1,2,2
2,4,1,49,0.8,1,3,1,1,1,234.43,1,16,3,1,3,1,3,1,3,3,1
2,4,1,50,0.1,3,1,2,2,1,265.99,1,8,1,1,3,3,2,1,1,1,1
2,4,1,51,1.8,1,3,1,1,1,236.15,1,20,3,1,3,1,19,1,1,3,3
2,4,1,52,0.05,1,2,1,1,1,299.17,1,11,1,3,1,3,11,1,1,2,2
2,4,1,53,0.8,3,2,2,2,1,202.06,1,4,3,3,1,1,3,1,3,2,2
2,4,1,54,0.4,2,2,2,1,0,235.83,1,15,3,3,2,2,12,3,1,2,2
2,4,1,55,0.2,1,2,1,1,1,271.83,1,10,3,1,3,1,11,3,3,2,2
2,4,1,56,0.1,3,3,2,2,1,938.25,0,14,1,1,3,3,5,3,1,1,3
2,4,1,57,0.1,2,1,2,1,0,345.18,0,19,3,3,2,2,13,3,3,3,3
2,4,1,58,0.1,3,1,2,2,1,658.46,0,17,3,3,1,1,7,3,3,3,3
2,4,1,59,0.2,3,2,2,2,1,254.93,1,18,3,1,1,3,10,3,3,2,2
2,4,1,60,0.1,1,2,1,1,1,244.51,1,16,3,3,3,3,12,1,3,2,2
2,4,1,61,0.4,1,2,1,1,1,245.34,1,10,3,3,3,3,6,3,1,2,2
2,4,1,62,0.1,1,2,1,1,1,245.17,1,12,3,3,3,3,9,1,1,2,2
2,4,1,63,0.2,2,1,2,2,1,250.41,1,9,3,3,2,2,14,3,3,3,3
2,4,1,64,0.2,2,3,2,1,0,262.72,1,3,3,3,2,2,12,3,1,1,3
2,4,1,65,0.1,2,3,2,2,1,262.28,1,9,1,3,2,2,17,3,3,1,1
2,4,1,66,0.05,3,3,2,2,1,273.65,1,5,3,1,1,3,18,1,3,3,1
2,4,1,67,0.2,3,3,2,2,1,261.39,1,3,3,3,1,1,6,1,3,3,1
2,4,1,68,0.4,1,2,1,2,0,227.61,1,11,3,1,3,1,6,3,1,2,2
2,4,1,69,1.8,2,3,2,1,0,185.02,1,17,3,3,2,2,7,1,3,3,1
2,4,1,70,0.05,2,3,2,2,1,297.73,1,10,1,3,2,2,18,3,3,1,1
2,4,1,71,1.8,1,2,1,1,1,193.79,1,5,1,1,1,1,20,3,1,2,2
2,4,1,72,0.8,1,3,1,1,1,206.63,1,9,3,3,3,3,5,3,1,1,3
2,4,1,73,0.1,2,2,2,1,0,272.62,1,13,3,1,2,2,5,1,3,2,2
2,4,1,74,0.05,2,2,2,2,1,349.53,0,7,1,1,2,2,5,3,3,2,2
2,4,1,75,0.8,1,3,1,1,1,267.26,1,16,1,3,1,3,1,3,1,1,3
2,4,1,76,0.8,1,2,1,1,1,215.74,1,7,3,1,3,1,6,3,3,2,2
2,4,1,77,0.8,1,3,1,1,1,193.41,1,12,1,3,1,3,20,3,1,1,3
2,4,1,78,0.8,2,3,2,2,1,190.36,1,16,1,3,2,2,8,1,3,3,1
2,4,2,1,0.2,2,1,2,2,1,260.56,1,18,1,1,2,2,2,3,3,3,3
2,4,2,2,1.8,1,3,1,1,1,197.12,1,7,3,1,3,1,8,3,3,1,1
2,4,2,3,0.4,2,2,2,2,1,218.69,1,20,3,1,2,2,20,1,3,2,2
2,4,2,4,0.4,1,2,1,1,1,224.25,1,11,3,3,3,3,2,3,3,2,2
2,4,2,5,0.2,3,1,2,2,1,231.11,1,15,3,3,1,1,17,3,3,3,3
2,4,2,6,0.1,1,3,1,1,1,249.42,1,2,3,3,3,3,19,3,1,1,3
2,4,2,7,0.05,2,1,2,1,0,273.92,1,17,3,1,2,2,10,1,1,1,1
2,4,2,8,0.05,1,1,1,2,0,309.82,0,14,3,3,3,3,11,1,3,1,3
2,4,2,9,0.2,2,1,2,2,1,267.85,1,18,1,3,2,2,12,1,1,1,1
2,4,2,10,0.1,1,1,1,1,1,246.53,1,19,1,1,1,1,19,1,3,1,3
2,4,2,11,1.8,1,1,1,1,1,195.85,1,11,1,1,1,1,7,1,1,1,1
2,4,2,12,0.4,1,1,1,1,1,213.64,1,15,1,3,1,3,19,3,1,3,1
2,4,2,13,0.4,1,1,1,1,1,262.6,1,14,1,1,1,1,19,1,3,1,3
2,4,2,14,0.05,1,3,1,2,0,286.92,1,14,3,3,3,3,6,1,1,3,3
2,4,2,15,0.8,1,2,1,1,1,260.31,1,13,3,1,3,1,15,1,1,2,2
2,4,2,16,1.8,3,1,2,2,1,209.56,1,1,1,3,3,1,6,1,1,1,1
2,4,2,17,0.1,2,3,2,2,1,853.65,0,7,3,3,2,2,5,1,1,3,3
2,4,2,18,0.8,2,3,2,2,1,216.4,1,18,1,1,2,2,17,3,1,1,3
2,4,2,19,0.4,1,2,1,1,1,227.16,1,2,1,1,1,1,2,3,3,2,2
2,4,2,20,0.4,3,3,2,2,1,211.29,1,7,3,3,1,1,18,3,3,1,1
2,4,2,21,0.1,1,3,1,1,1,249.13,1,2,3,1,3,1,12,1,3,3,1
2,4,2,22,0.4,2,2,2,2,1,252.64,1,14,3,1,2,2,15,1,3,2,2
2,4,2,23,0.2,2,3,2,2,1,301.23,0,17,3,3,2,2,20,1,3,3,1
2,4,2,24,0.8,1,2,1,1,1,213.78,1,11,3,3,3,3,1,3,3,2,2
2,4,2,25,0.8,3,3,NaN,NaN,NaN,NaN,NaN,9,1,3,3,1,9,3,3,1,1
2,4,2,26,0.05,1,1,1,1,1,293.25,1,19,1,1,1,1,16,3,1,3,1
2,4,2,27,0.1,2,2,2,2,1,290.7,1,3,1,1,2,2,20,3,3,2,2
2,4,2,28,0.2,2,3,2,2,1,232.15,1,7,3,1,2,2,17,3,3,1,1
2,4,2,29,0.8,3,2,2,2,1,436.36,0,11,3,1,1,3,6,3,1,2,2
2,4,2,30,0.4,3,2,2,2,1,232.91,1,6,3,1,1,3,7,1,1,2,2
2,4,2,31,0.1,2,3,2,1,0,241.59,1,19,1,1,2,2,14,1,3,3,1
2,4,2,32,0.4,2,3,2,2,1,299.61,1,19,3,3,2,2,12,3,3,1,1
2,4,2,33,1.8,2,3,2,2,1,283.38,1,2,3,1,2,2,3,3,1,1,3
2,4,2,34,0.2,1,1,1,1,1,265.14,1,2,1,1,1,1,1,3,1,3,1
2,4,2,35,1.8,1,1,1,1,1,248,1,2,1,3,1,3,9,1,3,1,3
2,4,2,36,0.1,3,3,2,2,1,283.53,1,4,3,1,1,3,14,3,3,1,1
2,4,2,37,0.8,3,2,2,2,1,200.84,1,5,1,1,3,3,9,3,3,2,2
2,4,2,38,0.05,1,1,1,1,1,321.78,0,8,1,3,1,3,6,1,1,1,1
2,4,2,39,0.1,2,3,2,1,0,275.15,1,5,3,1,2,2,19,3,3,1,1
2,4,2,40,0.1,3,3,2,2,1,322.28,0,1,3,1,1,3,7,1,3,3,1
2,4,2,41,0.2,3,2,2,2,1,234.28,1,5,3,1,1,3,5,3,3,2,2
2,4,2,42,0.1,3,1,2,2,1,204.62,1,13,3,3,1,1,8,1,1,1,1
2,4,2,43,0.05,1,2,1,1,1,275.05,1,15,1,1,1,1,20,1,1,2,2
2,4,2,44,1.8,3,3,2,2,1,243.43,1,10,1,1,3,3,14,1,3,3,1
2,4,2,45,1.8,2,3,2,2,1,196.61,1,6,3,3,2,2,14,3,3,1,1
2,4,2,46,0.1,1,2,1,1,1,272.66,1,19,1,3,1,3,17,1,1,2,2
2,4,2,47,0.4,1,1,1,1,1,213.06,1,7,3,1,3,1,3,3,3,3,3
2,4,2,48,0.05,2,1,2,2,1,322.08,0,17,1,3,2,2,17,3,1,3,1
2,4,2,49,1.8,3,3,2,2,1,200.26,1,9,3,1,1,3,8,3,3,1,1
2,4,2,50,0.2,3,1,2,2,1,309.89,0,3,3,3,1,1,1,3,3,3,3
2,4,2,51,1.8,1,2,1,1,1,228.63,1,15,1,1,1,1,20,1,3,2,2
2,4,2,52,0.8,2,1,2,2,1,204.78,1,14,3,3,2,2,13,3,3,3,3
2,4,2,53,0.8,2,3,2,2,1,204.42,1,14,3,1,2,2,16,3,1,1,3
2,4,2,54,0.1,1,1,1,1,1,276.59,1,2,3,3,3,3,17,1,1,1,1
2,4,2,55,0.8,1,2,1,1,1,282.97,1,13,1,3,1,3,1,1,1,2,2
2,4,2,56,0.05,2,1,2,2,1,326.98,0,3,1,3,2,2,14,3,3,3,3
2,4,2,57,0.4,2,3,2,2,1,260.84,1,7,3,3,2,2,15,3,1,1,3
2,4,2,58,0.8,1,2,1,1,1,251.25,1,18,3,1,3,1,1,1,3,2,2
2,4,2,59,0.05,1,1,1,1,1,256.78,1,15,3,3,3,3,18,1,1,1,1
2,4,2,60,0.8,1,2,1,1,1,275.08,1,1,3,1,3,1,3,3,1,2,2
2,4,2,61,1.8,2,2,2,1,0,187.18,1,20,3,3,2,2,11,3,1,2,2
2,4,2,62,1.8,2,2,2,2,1,236.29,1,5,1,1,2,2,12,3,3,2,2
2,4,2,63,0.4,1,1,1,1,1,209.32,1,11,1,1,1,1,18,3,3,3,3
2,4,2,64,0.2,3,2,2,2,1,236.41,1,11,1,3,3,1,16,1,3,2,2
2,4,2,65,0.05,2,1,2,2,1,327.01,0,8,3,1,2,2,17,3,1,3,1
2,4,2,66,0.2,1,3,1,1,1,212.18,1,11,1,3,1,3,2,1,3,3,1
2,4,2,67,0.8,1,1,1,1,1,236.56,1,2,1,3,1,3,6,3,1,3,1
2,4,2,68,0.2,1,1,1,1,1,268.4,1,10,3,3,3,3,6,1,1,1,1
2,4,2,69,0.05,2,3,2,2,1,295.44,1,11,1,3,2,2,6,3,1,1,3
2,4,2,70,0.1,2,2,2,2,1,357.58,0,1,3,3,2,2,1,1,3,2,2
2,4,2,71,0.05,1,3,1,2,0,305.91,0,13,3,3,3,3,2,1,1,3,3
2,4,2,72,1.8,3,3,2,2,1,214.13,1,3,1,3,3,1,4,3,3,1,1
2,4,2,73,0.4,1,2,1,1,1,275.25,1,14,3,3,3,3,5,1,1,2,2
2,4,2,74,0.05,2,1,2,2,1,314.37,0,2,1,3,2,2,4,3,3,3,3
2,4,2,75,0.8,2,1,2,2,1,241.94,1,19,3,3,2,2,20,3,1,3,1
2,4,2,76,1.8,3,3,2,2,1,206.6,1,19,1,1,3,3,18,1,1,3,3
2,4,2,77,0.2,3,2,2,2,1,320.58,0,15,3,1,1,3,16,1,1,2,2
2,4,2,78,0.2,3,2,2,2,1,1310,0,2,1,3,3,1,10,3,3,2,2
2,4,3,1,0.2,1,2,1,2,0,248.93,1,10,3,3,3,3,17,3,3,2,2
2,4,3,2,0.2,2,1,2,2,1,344.18,0,19,1,3,2,2,17,3,1,3,1
2,4,3,3,0.4,1,1,1,1,1,271.75,1,19,3,1,3,1,5,1,3,1,3
2,4,3,4,0.05,2,2,2,1,0,254.78,1,5,1,1,2,2,16,1,1,2,2
2,4,3,5,0.1,2,2,2,2,1,259.02,1,5,1,3,2,2,14,1,1,2,2
2,4,3,6,0.2,2,3,2,2,1,147.65,1,4,3,1,2,2,1,1,3,3,1
2,4,3,7,0.4,2,3,2,2,1,214.72,1,5,1,3,2,2,14,3,3,1,1
2,4,3,8,0.2,2,1,2,2,1,310.32,0,9,1,1,2,2,4,3,1,3,1
2,4,3,9,0.4,1,3,1,1,1,264.76,1,7,1,1,1,1,1,3,3,1,1
2,4,3,10,0.05,1,2,1,2,0,259.74,1,16,1,3,1,3,2,3,1,2,2
2,4,3,11,0.8,3,2,2,2,1,195.09,1,6,1,1,3,3,8,3,1,2,2
2,4,3,12,0.8,2,2,2,2,1,254.71,1,4,3,3,2,2,4,1,1,2,2
2,4,3,13,0.1,3,3,2,2,1,246.45,1,19,1,1,3,3,6,1,1,3,3
2,4,3,14,1.8,1,2,1,1,1,207.13,1,7,1,1,1,1,14,3,3,2,2
2,4,3,15,0.1,3,3,2,2,1,282.88,1,15,1,3,3,1,4,1,1,3,3
2,4,3,16,0.1,3,1,2,2,1,265.58,1,6,3,1,1,3,13,1,1,1,1
2,4,3,17,0.05,1,3,1,1,1,326.49,0,7,1,1,1,1,8,3,1,1,3
2,4,3,18,0.8,3,3,2,2,1,222.64,1,13,1,1,3,3,17,3,1,1,3
2,4,3,19,1.8,1,2,1,1,1,207.08,1,11,1,3,1,3,15,1,3,2,2
2,4,3,20,0.1,1,1,1,1,1,246.3,1,17,3,3,3,3,8,3,3,3,3
2,4,3,21,0.8,3,1,2,2,1,197.56,1,5,3,3,1,1,6,1,1,1,1
2,4,3,22,1.8,1,3,1,1,1,219.73,1,20,3,3,3,3,3,1,1,3,3
2,4,3,23,0.05,3,1,2,2,1,320.12,0,1,1,1,3,3,18,1,3,1,3
2,4,3,24,0.2,1,1,1,1,1,257.64,1,16,3,1,3,1,6,1,1,1,1
2,4,3,25,0.8,1,3,1,1,1,203.43,1,16,1,1,1,1,5,1,3,3,1
2,4,3,26,0.2,3,1,2,2,1,250.15,1,6,3,3,1,1,19,1,3,1,3
2,4,3,27,1.8,2,1,NaN,NaN,NaN,NaN,NaN,20,1,3,2,2,5,1,3,1,3
2,4,3,28,0.05,2,2,2,2,1,317.95,0,8,1,1,2,2,19,1,3,2,2
2,4,3,29,0.8,1,2,1,1,1,250.21,1,2,3,1,3,1,18,1,3,2,2
2,4,3,30,0.4,1,2,1,1,1,196.78,1,19,1,1,1,1,7,3,1,2,2
2,4,3,31,0.4,3,1,2,2,1,226.7,1,20,3,3,1,1,12,1,3,1,3
2,4,3,32,0.05,1,3,1,2,0,297.83,1,18,3,1,3,1,11,1,1,3,3
2,4,3,33,1.8,1,1,1,1,1,214.13,1,3,1,1,1,1,19,3,3,3,3
2,4,3,34,0.2,2,3,2,2,1,276.03,1,20,3,1,2,2,18,1,1,3,3
2,4,3,35,0.8,1,3,1,1,1,241.94,1,17,3,3,3,3,15,3,1,1,3
2,4,3,36,0.2,2,3,2,2,1,244.79,1,19,3,1,2,2,19,3,3,1,1
2,4,3,37,0.05,1,1,1,1,1,306.27,0,12,3,1,3,1,13,3,3,3,3
2,4,3,38,0.2,1,3,1,1,1,248.4,1,4,3,1,3,1,3,3,3,1,1
2,4,3,39,0.2,3,1,2,2,1,301.28,0,11,1,3,3,1,18,3,1,3,1
2,4,3,40,0.05,3,3,2,2,1,266.75,1,16,3,1,1,3,11,1,3,3,1
2,4,3,41,0.1,1,1,1,1,1,215.47,1,13,1,1,1,1,1,3,3,3,3
2,4,3,42,0.1,1,2,1,2,0,317.74,0,12,1,1,1,1,7,1,3,2,2
2,4,3,43,0.2,2,2,2,1,0,204.09,1,12,1,1,2,2,2,3,3,2,2
2,4,3,44,0.8,3,2,2,2,1,238.08,1,8,1,1,3,3,8,1,3,2,2
2,4,3,45,1.8,1,3,1,1,1,221.02,1,20,3,3,3,3,1,3,1,1,3
2,4,3,46,0.1,1,2,1,1,1,279.25,1,10,3,1,3,1,17,3,3,2,2
2,4,3,47,1.8,2,3,2,2,1,203.96,1,16,3,1,2,2,4,1,1,3,3
2,4,3,48,0.8,3,2,2,2,1,254.61,1,13,3,1,1,3,14,1,3,2,2
2,4,3,49,0.8,1,2,1,1,1,295.17,1,20,3,3,3,3,2,1,3,2,2
2,4,3,50,0.4,2,2,2,2,1,283.95,1,10,3,3,2,2,4,3,1,2,2
2,4,3,51,0.1,3,1,2,2,1,304.21,0,17,3,3,1,1,7,1,1,1,1
2,4,3,52,0.4,3,3,2,2,1,231.54,1,11,1,3,3,1,5,1,1,3,3
2,4,3,53,0.05,1,3,1,1,1,368.46,0,19,1,1,1,1,16,3,3,1,1
2,4,3,54,0.1,2,1,2,2,1,268.1,1,6,1,1,2,2,11,1,3,1,3
2,4,3,55,0.05,2,3,2,2,1,296.05,1,8,1,1,2,2,5,1,3,3,1
2,4,3,56,0.1,2,1,2,1,0,277.2,1,5,1,3,2,2,4,1,1,1,1
2,4,3,57,0.4,2,1,2,2,1,205.21,1,3,3,3,2,2,15,1,1,1,1
2,4,3,58,1.8,3,1,NaN,NaN,NaN,NaN,NaN,11,3,3,1,1,18,1,1,1,1
2,4,3,59,0.8,3,1,2,2,1,209.39,1,13,3,3,1,1,5,1,1,1,1
2,4,3,60,1.8,3,1,2,2,1,297.72,1,2,1,1,3,3,10,1,3,1,3
2,4,3,61,1.8,3,1,2,2,1,264.55,1,6,3,3,1,1,18,1,1,1,1
2,4,3,62,1.8,3,3,2,2,1,212.22,1,13,1,1,3,3,3,1,3,3,1
2,4,3,63,0.05,2,3,2,1,0,266.48,1,12,3,1,2,2,17,1,3,3,1
2,4,3,64,1.8,3,1,2,2,1,174.33,1,11,1,1,3,3,13,3,3,3,3
2,4,3,65,0.1,1,1,1,1,1,313.31,0,6,1,1,1,1,20,3,1,3,1
2,4,3,66,0.4,1,3,1,1,1,283.89,1,16,3,1,3,1,4,1,1,3,3
2,4,3,67,0.2,3,1,2,2,1,254.68,1,18,1,1,3,3,18,3,1,3,1
2,4,3,68,0.05,2,1,2,2,1,394.01,0,18,3,3,2,2,8,3,3,3,3
2,4,3,69,0.2,3,2,2,2,1,311.57,0,7,1,3,3,1,2,1,3,2,2
2,4,3,70,0.8,1,3,1,1,1,202.98,1,18,3,3,3,3,18,1,3,3,1
2,4,3,71,0.4,1,1,1,1,1,257.09,1,6,1,1,1,1,20,1,3,1,3
2,4,3,72,0.4,2,1,2,1,0,279.28,1,1,3,3,2,2,7,3,3,3,3
2,4,3,73,0.05,1,2,1,1,1,300.97,0,14,1,1,1,1,12,1,1,2,2
2,4,3,74,0.4,1,2,1,1,1,236.61,1,20,1,3,1,3,11,1,1,2,2
2,4,3,75,0.4,1,3,1,1,1,257.01,1,11,1,3,1,3,13,3,1,1,3
2,4,3,76,0.1,2,2,2,2,1,337.97,0,3,3,1,2,2,14,1,3,2,2
2,4,3,77,1.8,2,3,2,2,1,191.88,1,15,3,3,2,2,19,3,1,1,3
2,4,3,78,0.8,1,3,1,1,1,249.18,1,11,1,3,1,3,9,1,1,3,3
2,4,4,1,0.8,1,1,1,1,1,217.47,1,9,1,3,1,3,11,3,1,3,1
2,4,4,2,0.05,2,3,2,2,1,325.96,0,10,3,1,2,2,13,3,3,1,1
2,4,4,3,0.2,1,1,1,1,1,217.56,1,3,1,3,1,3,3,1,1,1,1
2,4,4,4,1.8,1,1,1,1,1,204.63,1,10,3,3,3,3,15,1,3,1,3
2,4,4,5,0.8,1,2,1,1,1,188.54,1,15,3,1,3,1,12,3,1,2,2
2,4,4,6,0.2,3,3,2,2,1,202.86,1,18,1,3,3,1,3,1,1,3,3
2,4,4,7,0.05,1,3,1,1,1,262.86,1,10,1,1,1,1,19,3,1,1,3
2,4,4,8,1.8,3,3,2,2,1,230.9,1,20,3,1,1,3,20,3,1,1,3
2,4,4,9,0.1,2,2,2,2,1,301.02,0,3,3,3,2,2,2,3,3,2,2
2,4,4,10,0.8,1,1,1,1,1,271.17,1,20,3,1,3,1,18,3,1,3,1
2,4,4,11,0.05,2,2,2,2,1,279.4,1,10,1,3,2,2,13,3,3,2,2
2,4,4,12,0.4,1,3,1,2,0,252.49,1,17,1,3,1,3,20,3,3,1,1
2,4,4,13,0.05,1,2,1,1,1,276.56,1,14,3,3,3,3,6,3,3,2,2
2,4,4,14,0.4,1,3,1,1,1,248.14,1,20,3,3,3,3,19,1,3,3,1
2,4,4,15,1.8,1,3,1,1,1,201.45,1,3,1,1,1,1,11,3,1,1,3
2,4,4,16,0.4,2,1,2,2,1,293.29,1,3,1,3,2,2,10,3,3,3,3
2,4,4,17,0.4,1,3,1,1,1,261.35,1,9,3,3,3,3,17,3,3,1,1
2,4,4,18,0.8,2,3,NaN,NaN,NaN,NaN,NaN,15,3,3,2,2,7,1,1,3,3
2,4,4,19,0.05,1,1,1,2,0,312.91,0,13,1,1,1,1,5,1,3,1,3
2,4,4,20,0.05,1,1,1,2,0,306.83,0,20,3,1,3,1,13,3,1,3,1
2,4,4,21,0.8,2,2,2,2,1,267.45,1,7,1,1,2,2,7,3,3,2,2
2,4,4,22,0.1,3,1,2,2,1,287.64,1,18,1,3,3,1,4,3,1,3,1
2,4,4,23,0.8,1,1,1,1,1,226.46,1,7,1,1,1,1,7,3,1,3,1
2,4,4,24,1.8,2,3,2,2,1,222.15,1,20,1,1,2,2,11,1,1,3,3
2,4,4,25,0.4,3,1,2,2,1,287.6,1,4,1,1,3,3,18,3,3,3,3
2,4,4,26,0.05,2,2,2,1,0,269.06,1,17,3,1,2,2,13,1,3,2,2
2,4,4,27,0.1,1,2,1,2,0,437,0,19,3,3,3,3,13,3,3,2,2
2,4,4,28,0.05,2,1,2,2,1,314.73,0,18,1,3,2,2,8,1,3,1,3
2,4,4,29,0.1,1,3,1,1,1,294.9,1,7,1,3,1,3,3,1,3,3,1
2,4,4,30,0.2,2,1,2,2,1,236.47,1,5,3,3,2,2,20,3,1,3,1
2,4,4,31,0.4,1,1,1,1,1,249.68,1,2,1,1,1,1,19,1,1,1,1
2,4,4,32,0.1,1,2,1,1,1,314.57,0,19,1,1,1,1,9,3,3,2,2
2,4,4,33,1.8,2,1,2,2,1,189.94,1,5,1,3,2,2,7,3,3,3,3
2,4,4,34,0.1,2,1,2,1,0,254.96,1,12,1,1,2,2,20,3,3,3,3
2,4,4,35,1.8,1,1,1,2,0,207.93,1,5,3,1,3,1,4,1,3,1,3
2,4,4,36,0.4,1,1,1,1,1,202.67,1,13,1,3,1,3,19,1,1,1,1
2,4,4,37,0.4,2,1,2,2,1,243.36,1,3,3,1,2,2,11,1,1,1,1
2,4,4,38,0.8,1,2,1,1,1,290.98,1,14,1,3,1,3,8,1,3,2,2
2,4,4,39,0.2,1,2,1,1,1,268.62,1,8,3,1,3,1,6,3,3,2,2
2,4,4,40,0.2,1,2,1,1,1,301.14,0,14,1,3,1,3,4,3,1,2,2
2,4,4,41,0.05,2,2,2,2,1,512.69,0,16,1,1,2,2,18,3,3,2,2
2,4,4,42,0.8,2,1,2,2,1,272.34,1,6,1,3,2,2,18,3,1,3,1
2,4,4,43,1.8,1,3,1,2,0,160.08,1,8,3,1,3,1,12,3,3,1,1
2,4,4,44,0.4,3,1,2,2,1,221.75,1,4,3,1,1,3,10,1,1,1,1
2,4,4,45,0.1,3,3,2,2,1,282.8,1,17,3,3,1,1,14,1,3,3,1
2,4,4,46,0.05,1,1,1,1,1,279.34,1,5,3,3,3,3,17,1,3,1,3
2,4,4,47,0.4,1,2,1,1,1,278.9,1,14,1,1,1,1,6,1,3,2,2
2,4,4,48,0.1,1,3,1,2,0,328.62,0,9,3,3,3,3,9,3,3,1,1
2,4,4,49,0.05,1,1,1,1,1,306.59,0,2,1,3,1,3,15,1,3,1,3
2,4,4,50,1.8,2,2,2,2,1,232.39,1,1,1,1,2,2,8,1,1,2,2
2,4,4,51,1.8,1,3,1,1,1,194.77,1,7,3,3,3,3,20,1,1,3,3
2,4,4,52,0.8,2,3,2,2,1,250.86,1,6,1,3,2,2,6,1,3,3,1
2,4,4,53,0.2,3,2,2,2,1,271.62,1,8,1,1,3,3,9,1,3,2,2
2,4,4,54,0.05,1,1,1,2,0,294.78,1,19,3,3,3,3,8,1,3,1,3
2,4,4,55,0.2,1,1,1,1,1,269.68,1,16,3,1,3,1,15,3,1,3,1
2,4,4,56,0.1,1,1,1,1,1,247.05,1,10,1,1,1,1,2,1,1,1,1
2,4,4,57,0.4,2,1,2,1,0,255.84,1,2,3,1,2,2,6,3,3,3,3
2,4,4,58,1.8,1,2,1,1,1,252.91,1,8,3,1,3,1,4,1,1,2,2
2,4,4,59,0.1,3,3,2,2,1,228.97,1,4,1,3,3,1,13,3,3,1,1
2,4,4,60,0.2,3,3,2,2,1,287.72,1,7,3,1,1,3,2,3,1,1,3
2,4,4,61,1.8,2,3,2,1,0,229.73,1,1,3,1,2,2,10,1,3,3,1
2,4,4,62,0.1,2,2,2,2,1,300.44,0,16,3,3,2,2,5,1,3,2,2
2,4,4,63,0.2,2,2,2,2,1,264.22,1,4,1,1,2,2,17,1,3,2,2
2,4,4,64,0.05,2,2,2,2,1,300.42,0,16,1,3,2,2,16,3,1,2,2
2,4,4,65,0.8,3,1,2,2,1,239.95,1,14,1,3,3,1,15,3,1,3,1
2,4,4,66,1.8,2,2,2,2,1,195.69,1,15,1,3,2,2,9,1,1,2,2
2,4,4,67,0.4,2,2,2,2,1,261.85,1,17,1,3,2,2,15,3,1,2,2
2,4,4,68,0.8,2,1,2,2,1,222.15,1,6,1,1,2,2,5,3,1,3,1
2,4,4,69,0.1,2,3,2,2,1,206.81,1,14,1,1,2,2,9,3,3,1,1
2,4,4,70,0.2,1,1,1,1,1,273.62,1,8,1,1,1,1,18,3,1,3,1
2,4,4,71,0.8,2,2,2,1,0,245.02,1,3,3,1,2,2,5,3,3,2,2
2,4,4,72,1.8,2,2,2,1,0,200.7,1,3,3,1,2,2,6,3,3,2,2
2,4,4,73,0.1,2,1,2,2,1,325.2,0,10,1,3,2,2,1,3,1,3,1
2,4,4,74,0.8,2,3,2,2,1,256.8,1,19,1,3,2,2,10,1,1,3,3
2,4,4,75,0.2,1,1,1,1,1,291.1,1,4,1,3,1,3,9,3,1,3,1
2,4,4,76,0.4,1,2,NaN,NaN,NaN,NaN,NaN,11,1,1,1,1,8,1,1,2,2
2,4,4,77,0.2,1,2,1,1,1,264.07,1,8,3,1,3,1,10,1,3,2,2
2,4,4,78,0.2,1,1,1,1,1,325.36,0,5,3,3,3,3,7,3,3,3,3
2,4,5,1,0.05,3,1,2,2,1,337.59,0,17,3,3,1,1,13,1,3,1,3
2,4,5,2,0.8,1,3,1,1,1,245.24,1,20,3,3,3,3,19,3,1,1,3
2,4,5,3,0.2,3,3,2,2,1,258.84,1,13,1,1,3,3,7,1,3,3,1
2,4,5,4,0.05,1,1,1,1,1,257.31,1,10,3,3,3,3,15,1,1,1,1
2,4,5,5,0.1,3,2,2,2,1,249.69,1,20,1,3,3,1,2,3,3,2,2
2,4,5,6,1.8,3,3,NaN,NaN,NaN,NaN,NaN,8,1,1,3,3,1,1,1,3,3
2,4,5,7,0.1,2,2,2,2,1,305.05,0,1,3,3,2,2,5,3,3,2,2
2,4,5,8,0.8,1,1,1,1,1,185.06,1,20,1,1,1,1,17,1,3,1,3
2,4,5,9,0.1,1,1,1,2,0,214.95,1,17,1,1,1,1,8,1,3,1,3
2,4,5,10,1.8,3,1,2,2,1,221.48,1,3,3,1,1,3,8,3,3,3,3
2,4,5,11,0.8,3,3,2,2,1,51.549,2,17,3,1,1,3,7,3,3,1,1
2,4,5,12,0.1,1,1,1,1,1,244.39,1,11,3,3,3,3,3,3,1,3,1
2,4,5,13,0.05,1,3,1,1,1,231.67,1,12,3,1,3,1,10,3,3,1,1
2,4,5,14,1.8,1,2,1,1,1,272.12,1,14,3,1,3,1,17,1,1,2,2
2,4,5,15,0.8,2,2,2,1,0,273.35,1,3,1,3,2,2,19,3,3,2,2
2,4,5,16,0.8,2,1,2,2,1,201.03,1,15,1,3,2,2,12,1,1,1,1
2,4,5,17,1.8,1,1,1,1,1,219.91,1,20,3,3,3,3,2,3,1,3,1
2,4,5,18,0.2,2,3,2,1,0,210.14,1,17,1,1,2,2,5,1,3,3,1
2,4,5,19,0.05,1,2,1,2,0,261.37,1,1,1,3,1,3,1,1,3,2,2
2,4,5,20,0.4,1,2,1,1,1,221.58,1,11,3,1,3,1,17,3,1,2,2
2,4,5,21,0.05,3,1,2,2,1,265.87,1,19,3,3,1,1,6,1,1,1,1
2,4,5,22,0.1,2,2,2,1,0,269.3,1,12,3,3,2,2,6,1,3,2,2
2,4,5,23,0.2,1,2,1,1,1,304.35,0,1,1,3,1,3,9,1,1,2,2
2,4,5,24,0.4,1,1,1,1,1,233.31,1,13,1,1,1,1,3,1,1,1,1
2,4,5,25,0.2,3,1,2,2,1,259.41,1,19,3,3,1,1,13,1,1,1,1
2,4,5,26,1.8,3,3,2,2,1,205.58,1,12,3,1,1,3,16,3,1,1,3
2,4,5,27,0.05,1,2,1,1,1,254.55,1,20,3,1,3,1,4,1,3,2,2
2,4,5,28,0.8,1,2,1,1,1,207.41,1,2,1,1,1,1,16,3,3,2,2
2,4,5,29,0.4,2,2,2,2,1,188.35,1,11,1,3,2,2,4,1,3,2,2
2,4,5,30,0.1,2,2,2,2,1,236.25,1,16,1,3,2,2,14,1,3,2,2
2,4,5,31,1.8,1,3,1,1,1,199.1,1,7,1,1,1,1,20,1,1,3,3
2,4,5,32,0.05,1,2,1,1,1,274.22,1,14,1,3,1,3,20,1,3,2,2
2,4,5,33,0.05,3,1,2,2,1,294.31,1,16,3,1,1,3,10,3,1,3,1
2,4,5,34,0.2,3,3,2,2,1,357,0,2,1,1,3,3,19,1,3,3,1
2,4,5,35,0.05,3,2,2,2,1,341.44,0,12,1,3,3,1,13,1,1,2,2
2,4,5,36,0.4,1,3,1,1,1,282.48,1,4,1,3,1,3,5,1,3,3,1
2,4,5,37,1.8,1,2,1,1,1,182.32,1,13,3,1,3,1,4,1,1,2,2
2,4,5,38,0.8,3,3,2,2,1,202.27,1,5,3,3,1,1,15,1,3,3,1
2,4,5,39,0.8,2,2,2,2,1,183.23,1,9,1,3,2,2,1,3,3,2,2
2,4,5,40,1.8,2,2,2,2,1,210.91,1,17,1,3,2,2,6,1,3,2,2
2,4,5,41,0.2,1,3,1,1,1,265.16,1,16,3,3,3,3,16,1,3,3,1
2,4,5,42,0.8,1,3,1,1,1,222.49,1,2,3,1,3,1,13,1,1,3,3
2,4,5,43,0.05,3,1,2,2,1,293.94,1,14,1,1,3,3,17,1,1,1,1
2,4,5,44,0.1,1,3,1,1,1,251.51,1,11,1,3,1,3,3,3,1,1,3
2,4,5,45,0.8,1,2,1,1,1,207.8,1,14,3,1,3,1,12,1,3,2,2
2,4,5,46,0.1,1,1,1,1,1,267.91,1,7,3,1,3,1,5,1,1,1,1
2,4,5,47,0.4,3,1,2,2,1,270.42,1,7,3,3,1,1,9,1,3,1,3
2,4,5,48,0.2,1,1,1,1,1,161.88,1,6,1,1,1,1,20,3,1,3,1
2,4,5,49,0.2,3,2,2,2,1,145.99,1,5,1,3,3,1,16,3,1,2,2
2,4,5,50,0.2,1,3,1,1,1,223.11,1,4,3,3,3,3,19,1,1,3,3
2,4,5,51,1.8,3,1,2,2,1,152.05,1,15,3,3,1,1,9,3,3,3,3
2,4,5,52,1.8,2,2,2,2,1,193.9,1,4,3,1,2,2,19,3,1,2,2
2,4,5,53,1.8,2,3,2,2,1,166.01,1,12,3,1,2,2,2,3,3,1,1
2,4,5,54,0.1,1,1,1,1,1,276.58,1,12,3,1,3,1,8,3,1,3,1
2,4,5,55,1.8,2,1,2,2,1,187.69,1,9,1,3,2,2,16,3,1,3,1
2,4,5,56,0.2,3,2,2,2,1,275.54,1,9,1,3,3,1,5,1,3,2,2
2,4,5,57,0.05,1,3,1,1,1,354.4,0,16,1,3,1,3,5,1,3,3,1
2,4,5,58,0.4,1,2,1,1,1,245.96,1,6,1,3,1,3,7,3,1,2,2
2,4,5,59,0.05,3,2,2,2,1,270.65,1,6,1,3,3,1,8,3,1,2,2
2,4,5,60,0.8,1,2,1,1,1,215.44,1,2,3,1,3,1,15,1,3,2,2
2,4,5,61,0.1,2,2,2,2,1,316.45,0,13,3,3,2,2,7,3,1,2,2
2,4,5,62,0.4,1,3,1,1,1,206.13,1,2,1,1,1,1,4,1,3,3,1
2,4,5,63,0.05,3,1,2,2,1,259.1,1,2,3,3,1,1,18,3,1,3,1
2,4,5,64,0.4,1,3,1,1,1,267.22,1,10,3,1,3,1,14,1,1,3,3
2,4,5,65,0.2,1,3,1,1,1,118.42,1,7,3,1,3,1,8,3,1,1,3
2,4,5,66,0.4,3,2,2,2,1,400.79,0,8,1,3,3,1,1,1,3,2,2
2,4,5,67,1.8,1,3,1,1,1,196.4,1,13,1,1,1,1,5,3,1,1,3
2,4,5,68,0.4,1,1,1,1,1,222.5,1,5,3,1,3,1,12,3,1,3,1
2,4,5,69,0.1,1,1,1,1,1,195.97,1,20,3,3,3,3,4,1,3,1,3
2,4,5,70,0.1,3,3,2,1,0,226.61,1,12,3,3,1,1,20,3,3,1,1
2,4,5,71,0.2,3,3,2,2,1,255.05,1,17,3,3,1,1,19,1,3,3,1
2,4,5,72,0.1,1,2,1,1,1,279.06,1,2,3,1,3,1,13,3,1,2,2
2,4,5,73,0.8,3,3,NaN,NaN,NaN,NaN,NaN,10,1,1,3,3,4,1,3,3,1
2,4,5,74,0.4,2,1,2,1,0,202.97,1,20,1,3,2,2,11,3,3,3,3
2,4,5,75,0.4,1,3,1,1,1,238.38,1,12,3,1,3,1,4,1,1,3,3
2,4,5,76,0.4,1,2,1,2,0,68.564,2,11,3,1,3,1,4,1,3,2,2
2,4,5,77,0.8,1,2,NaN,NaN,NaN,NaN,NaN,14,3,1,3,1,10,3,3,2,2
2,4,5,78,0.2,3,3,2,2,1,287.07,1,3,3,3,1,1,12,1,3,3,1
2,4,6,1,0.1,3,3,2,2,1,248.98,1,5,3,3,1,1,4,1,1,3,3
2,4,6,2,0.8,1,3,1,1,1,205.06,1,12,3,1,3,1,10,3,1,1,3
2,4,6,3,0.4,1,1,1,1,1,225.94,1,3,3,3,3,3,9,3,3,3,3
2,4,6,4,0.1,1,2,1,1,1,284.77,1,2,3,3,3,3,3,3,3,2,2
2,4,6,5,0.05,1,1,1,1,1,257.89,1,5,1,1,1,1,19,1,1,1,1
2,4,6,6,0.2,1,3,1,1,1,245.42,1,9,3,1,3,1,16,3,3,1,1
2,4,6,7,1.8,1,1,1,1,1,191.37,1,2,3,1,3,1,12,1,3,1,3
2,4,6,8,0.8,3,2,2,2,1,180.9,1,16,3,1,1,3,3,3,1,2,2
2,4,6,9,1.8,2,1,2,2,1,200.83,1,7,3,3,2,2,7,1,1,1,1
2,4,6,10,1.8,1,1,1,1,1,254.48,1,11,3,3,3,3,4,3,3,3,3
2,4,6,11,0.05,1,2,1,1,1,280.38,1,16,3,3,3,3,14,3,1,2,2
2,4,6,12,0.1,3,3,2,2,1,216.39,1,17,1,3,3,1,17,3,1,1,3
2,4,6,13,0.05,2,2,2,1,0,270.22,1,2,3,3,2,2,17,3,3,2,2
2,4,6,14,0.2,3,1,2,2,1,268.34,1,20,3,3,1,1,17,3,1,3,1
2,4,6,15,0.1,1,2,1,1,1,255.65,1,2,3,1,3,1,4,3,3,2,2
2,4,6,16,0.1,2,1,2,2,1,170.9,1,16,3,1,2,2,9,1,3,1,3
2,4,6,17,0.1,2,3,2,1,0,209.75,1,12,1,1,2,2,13,1,3,3,1
2,4,6,18,0.2,3,3,2,2,1,253.09,1,5,1,1,3,3,15,1,3,3,1
2,4,6,19,0.2,1,3,1,1,1,227.46,1,1,3,1,3,1,1,3,1,1,3
2,4,6,20,0.05,1,3,1,1,1,301.07,0,12,3,3,3,3,18,1,3,3,1
2,4,6,21,0.1,2,2,2,1,0,273.32,1,7,1,3,2,2,14,1,1,2,2
2,4,6,22,0.8,1,1,NaN,NaN,NaN,NaN,NaN,6,1,1,1,1,13,1,3,1,3
2,4,6,23,0.4,1,3,1,1,1,272.61,1,7,3,1,3,1,15,1,3,3,1
2,4,6,24,0.05,1,1,1,1,1,256.33,1,7,1,1,1,1,11,1,1,1,1
2,4,6,25,0.2,1,2,1,1,1,270.51,1,9,1,3,1,3,12,3,3,2,2
2,4,6,26,0.4,2,2,2,2,1,252.51,1,9,1,3,2,2,13,3,3,2,2
2,4,6,27,0.4,1,2,1,1,1,252.46,1,20,3,1,3,1,17,1,1,2,2
2,4,6,28,0.8,1,3,1,1,1,271.02,1,6,1,1,1,1,7,3,1,1,3
2,4,6,29,0.4,1,2,1,1,1,212.64,1,11,3,1,3,1,8,1,1,2,2
2,4,6,30,0.8,1,1,1,1,1,223.6,1,6,3,3,3,3,7,3,3,3,3
2,4,6,31,0.4,3,2,2,2,1,212.02,1,18,1,1,3,3,18,1,3,2,2
2,4,6,32,0.1,2,1,2,1,0,281.5,1,8,1,3,2,2,4,1,1,1,1
2,4,6,33,0.2,3,2,2,2,1,226.51,1,10,1,1,3,3,11,1,1,2,2
2,4,6,34,0.4,3,1,2,2,1,242.55,1,5,1,3,3,1,7,1,3,1,3
2,4,6,35,0.1,3,3,2,2,1,333.28,0,1,3,1,1,3,12,3,3,1,1
2,4,6,36,0.4,2,1,2,2,1,205.4,1,4,3,1,2,2,7,3,3,3,3
2,4,6,37,0.4,1,2,1,1,1,281.12,1,19,3,3,3,3,9,1,3,2,2
2,4,6,38,0.8,1,1,1,1,1,214.66,1,14,1,1,1,1,3,1,3,1,3
2,4,6,39,0.05,1,1,1,2,0,284.96,1,2,1,3,1,3,16,1,1,1,1
2,4,6,40,0.2,2,1,2,2,1,265.28,1,6,3,3,2,2,17,3,1,3,1
2,4,6,41,0.8,3,1,2,2,1,203.59,1,16,3,1,1,3,6,1,1,1,1
2,4,6,42,0.1,2,1,2,2,1,322.54,0,6,1,1,2,2,16,1,3,1,3
2,4,6,43,0.05,1,1,1,2,0,270.59,1,7,3,1,3,1,6,1,1,1,1
2,4,6,44,0.1,1,2,1,1,1,301.75,0,20,3,3,3,3,14,1,1,2,2
2,4,6,45,0.2,3,3,2,2,1,291.13,1,4,3,1,1,3,14,1,1,3,3
2,4,6,46,0.05,1,2,1,1,1,298.13,1,18,3,3,3,3,18,3,1,2,2
2,4,6,47,0.1,1,2,1,1,1,280.27,1,9,3,1,3,1,5,3,3,2,2
2,4,6,48,1.8,1,3,1,1,1,189.03,1,16,1,3,1,3,16,3,1,1,3
2,4,6,49,0.2,3,3,2,2,1,262.83,1,6,1,3,3,1,3,3,1,1,3
2,4,6,50,0.8,1,1,1,1,1,201.56,1,17,1,1,1,1,18,3,1,3,1
2,4,6,51,1.8,1,1,1,1,1,221.33,1,3,3,3,3,3,16,3,3,3,3
2,4,6,52,0.4,2,2,2,2,1,264.61,1,9,3,1,2,2,14,1,3,2,2
2,4,6,53,0.05,3,3,2,2,1,429.74,0,7,1,1,3,3,18,1,3,3,1
2,4,6,54,1.8,2,1,2,2,1,193.51,1,19,1,3,2,2,15,3,3,3,3
2,4,6,55,0.05,3,2,2,2,1,240.99,1,12,3,3,1,1,16,1,1,2,2
2,4,6,56,1.8,1,1,1,1,1,206.55,1,14,1,1,1,1,20,3,3,3,3
2,4,6,57,0.4,1,2,1,1,1,254.43,1,20,3,3,3,3,20,1,1,2,2
2,4,6,58,0.05,3,2,2,2,1,280.4,1,5,3,1,1,3,1,1,1,2,2
2,4,6,59,1.8,3,1,NaN,NaN,NaN,NaN,NaN,9,3,3,1,1,11,1,1,1,1
2,4,6,60,1.8,2,2,2,2,1,201.54,1,6,1,3,2,2,12,3,1,2,2
2,4,6,61,0.8,3,2,2,2,1,221.61,1,15,1,1,3,3,13,3,1,2,2
2,4,6,62,0.2,1,3,1,1,1,239.09,1,15,3,3,3,3,9,1,3,3,1
2,4,6,63,1.8,3,2,2,2,1,217.56,1,20,3,3,1,1,18,1,1,2,2
2,4,6,64,0.2,1,3,1,1,1,282.07,1,9,1,3,1,3,16,3,3,1,1
2,4,6,65,0.4,1,2,1,1,1,212.97,1,5,3,1,3,1,18,1,1,2,2
2,4,6,66,0.8,1,2,1,1,1,200.12,1,7,3,3,3,3,12,1,3,2,2
2,4,6,67,0.8,2,2,2,1,0,226.13,1,4,3,3,2,2,10,1,3,2,2
2,4,6,68,0.2,1,1,1,1,1,278.61,1,8,1,3,1,3,11,1,1,1,1
2,4,6,69,0.8,3,2,2,1,0,394.56,0,20,3,3,1,1,5,3,1,2,2
2,4,6,70,1.8,1,1,1,1,1,213.27,1,7,3,1,3,1,12,1,3,1,3
2,4,6,71,0.1,2,1,2,1,0,365.74,0,19,3,3,2,2,12,3,3,3,3
2,4,6,72,0.2,2,2,2,1,0,307.79,0,19,1,3,2,2,7,1,1,2,2
2,4,6,73,0.8,1,3,1,1,1,241.48,1,19,1,3,1,3,6,1,3,3,1
2,4,6,74,0.05,1,3,1,1,1,268.62,1,13,3,3,3,3,6,1,3,3,1
2,4,6,75,1.8,2,2,2,1,0,196.78,1,2,1,1,2,2,2,1,3,2,2
2,4,6,76,0.4,1,3,1,1,1,217.12,1,1,1,1,1,1,4,1,1,3,3
2,4,6,77,0.05,1,3,1,1,1,263.01,1,20,1,3,1,3,14,3,3,1,1
2,4,6,78,1.8,2,2,2,1,0,221.71,1,10,3,3,2,2,16,1,3,2,2
2,4,7,1,0.8,1,3,NaN,NaN,NaN,NaN,NaN,10,1,1,1,1,11,3,3,1,1
2,4,7,2,0.8,2,2,2,1,0,243.49,1,4,1,3,2,2,2,1,1,2,2
2,4,7,3,0.8,1,3,1,1,1,216.26,1,5,3,1,3,1,19,1,1,3,3
2,4,7,4,1.8,1,3,1,1,1,252.81,1,4,1,3,1,3,17,1,1,3,3
2,4,7,5,1.8,2,2,NaN,NaN,NaN,NaN,NaN,17,3,1,2,2,3,3,3,2,2
2,4,7,6,0.4,2,2,2,1,0,247.95,1,2,3,1,2,2,2,1,1,2,2
2,4,7,7,0.4,1,1,1,1,1,249.96,1,12,3,1,3,1,8,3,3,3,3
2,4,7,8,0.2,2,1,2,2,1,271.84,1,15,3,3,2,2,6,1,3,1,3
2,4,7,9,0.1,1,1,1,1,1,304.87,0,12,1,1,1,1,3,1,3,1,3
2,4,7,10,1.8,1,3,1,1,1,201.48,1,2,3,3,3,3,12,3,1,1,3
2,4,7,11,0.4,1,3,1,1,1,213.13,1,5,3,1,3,1,16,1,1,3,3
2,4,7,12,0.4,1,3,1,1,1,239.79,1,3,1,1,1,1,4,1,3,3,1
2,4,7,13,1.8,1,3,1,1,1,208.84,1,2,1,1,1,1,13,1,1,3,3
2,4,7,14,0.05,1,2,1,1,1,274.18,1,13,3,3,3,3,6,3,3,2,2
2,4,7,15,0.1,2,3,2,2,1,210.61,1,11,3,1,2,2,11,1,3,3,1
2,4,7,16,0.2,2,1,2,2,1,257.18,1,5,3,3,2,2,20,3,3,3,3
2,4,7,17,0.4,1,1,1,2,0,293.56,1,20,3,1,3,1,5,3,1,3,1
2,4,7,18,0.1,3,2,2,2,1,306.57,0,5,1,1,3,3,20,1,3,2,2
2,4,7,19,0.8,3,3,2,2,1,201.08,1,2,1,1,3,3,19,3,3,1,1
2,4,7,20,1.8,2,2,2,1,0,254.34,1,17,1,1,2,2,15,1,1,2,2
2,4,7,21,0.05,1,3,1,1,1,346.97,0,19,1,3,1,3,5,3,3,1,1
2,4,7,22,1.8,3,2,2,2,1,200.17,1,4,1,1,3,3,7,3,1,2,2
2,4,7,23,0.8,2,3,2,1,0,211.44,1,15,1,3,2,2,19,3,1,1,3
2,4,7,24,0.1,1,3,1,1,1,275.51,1,5,3,1,3,1,15,3,3,1,1
2,4,7,25,0.1,2,2,2,2,1,1190.6,0,13,1,1,2,2,10,1,1,2,2
2,4,7,26,0.05,1,2,1,1,1,275.44,1,3,1,3,1,3,2,3,3,2,2
2,4,7,27,0.4,2,3,2,2,1,271.6,1,17,3,1,2,2,5,1,1,3,3
2,4,7,28,0.05,3,3,2,2,1,294.94,1,15,1,3,3,1,16,1,1,3,3
2,4,7,29,0.8,2,2,2,2,1,212.91,1,5,3,3,2,2,6,1,3,2,2
2,4,7,30,0.1,1,2,1,2,0,344.05,0,10,1,1,1,1,16,1,1,2,2
2,4,7,31,1.8,2,3,2,2,1,208.59,1,19,1,3,2,2,20,3,3,1,1
2,4,7,32,1.8,1,1,1,1,1,183.88,1,12,1,1,1,1,17,1,1,1,1
2,4,7,33,0.05,3,3,2,2,1,293.81,1,20,3,3,1,1,19,3,1,1,3
2,4,7,34,0.05,1,2,1,1,1,286.63,1,7,3,3,3,3,15,3,1,2,2
2,4,7,35,0.1,1,3,1,1,1,251,1,17,1,1,1,1,1,3,1,1,3
2,4,7,36,0.05,2,1,2,2,1,327.35,0,13,3,1,2,2,10,1,1,1,1
2,4,7,37,0.05,2,2,2,1,0,286.94,1,18,3,1,2,2,9,1,1,2,2
2,4,7,38,1.8,1,1,1,2,0,184.08,1,13,1,3,1,3,6,3,1,3,1
2,4,7,39,0.2,1,3,1,1,1,275.47,1,6,1,1,1,1,10,3,1,1,3
2,4,7,40,0.05,2,3,2,2,1,297.13,1,6,1,1,2,2,12,1,3,3,1
2,4,7,41,0.8,3,1,2,2,1,207.47,1,17,3,1,1,3,7,3,1,3,1
2,4,7,42,0.05,1,3,1,1,1,315.71,0,14,1,1,1,1,16,3,3,1,1
2,4,7,43,0.1,1,2,1,1,1,229.55,1,4,1,1,1,1,1,1,1,2,2
2,4,7,44,0.2,1,3,1,1,1,203,1,11,1,1,1,1,19,1,1,3,3
2,4,7,45,0.1,2,2,2,1,0,273.81,1,12,1,3,2,2,9,1,3,2,2
2,4,7,46,0.2,2,3,2,1,0,248.86,1,12,3,3,2,2,2,1,1,3,3
2,4,7,47,0.2,1,2,1,1,1,258.54,1,17,1,1,1,1,5,1,1,2,2
2,4,7,48,1.8,2,2,2,1,0,188.85,1,4,3,3,2,2,10,1,1,2,2
2,4,7,49,1.8,2,2,2,2,1,197.85,1,8,1,3,2,2,19,1,3,2,2
2,4,7,50,0.8,1,3,1,2,0,197.09,1,20,1,1,1,1,15,3,1,1,3
2,4,7,51,0.4,1,3,NaN,NaN,NaN,NaN,NaN,5,1,3,1,3,18,3,3,1,1
2,4,7,52,0.2,1,1,1,1,1,257.94,1,10,3,1,3,1,4,3,3,3,3
2,4,7,53,0.8,2,2,2,2,1,197.45,1,12,3,1,2,2,15,1,1,2,2
2,4,7,54,0.05,2,2,2,1,0,275.23,1,10,3,1,2,2,10,3,1,2,2
2,4,7,55,0.8,1,1,NaN,NaN,NaN,NaN,NaN,7,1,1,1,1,7,1,3,1,3
2,4,7,56,0.05,3,1,2,2,1,2365.1,0,11,1,3,3,1,16,3,3,3,3
2,4,7,57,1.8,1,3,1,1,1,179.04,1,13,1,3,1,3,16,3,1,1,3
2,4,7,58,0.2,1,2,1,1,1,272.37,1,3,3,1,3,1,5,1,3,2,2
2,4,7,59,0.2,3,2,2,2,1,263.64,1,1,3,3,1,1,18,1,1,2,2
2,4,7,60,0.2,1,3,1,1,1,255.57,1,19,3,3,3,3,6,3,3,1,1
2,4,7,61,0.2,3,2,2,2,1,249.97,1,15,1,3,3,1,10,1,3,2,2
2,4,7,62,1.8,1,1,NaN,NaN,NaN,NaN,NaN,4,1,1,1,1,4,3,1,3,1
2,4,7,63,0.4,1,1,1,1,1,246.27,1,16,1,1,1,1,16,3,1,3,1
2,4,7,64,0.4,3,2,2,2,1,257.56,1,17,3,1,1,3,4,3,1,2,2
2,4,7,65,0.1,2,2,2,1,0,285.01,1,18,1,1,2,2,3,1,3,2,2
2,4,7,66,0.2,3,1,2,2,1,215.02,1,12,3,3,1,1,3,1,1,1,1
2,4,7,67,0.4,2,1,2,1,0,220.06,1,12,3,1,2,2,16,1,1,1,1
2,4,7,68,0.4,1,2,1,1,1,209.36,1,1,1,1,1,1,11,1,3,2,2
2,4,7,69,0.4,3,1,2,2,1,278.49,1,6,1,1,3,3,13,1,1,1,1
2,4,7,70,0.2,2,3,2,1,0,322.14,0,4,1,3,2,2,8,3,3,1,1
2,4,7,71,0.8,3,3,2,2,1,199.48,1,16,3,1,1,3,10,1,3,3,1
2,4,7,72,0.1,3,2,2,2,1,242.69,1,3,3,3,1,1,17,1,1,2,2
2,4,7,73,0.8,1,2,1,1,1,207.02,1,18,3,1,3,1,17,3,1,2,2
2,4,7,74,0.05,2,3,2,1,0,306.52,0,8,3,1,2,2,15,1,3,3,1
2,4,7,75,0.1,1,2,1,1,1,207.79,1,14,3,1,3,1,7,3,1,2,2
2,4,7,76,0.4,2,2,2,1,0,203.62,1,18,1,3,2,2,19,1,3,2,2
2,4,7,77,0.8,1,2,1,1,1,203.02,1,20,1,3,1,3,6,1,3,2,2
2,4,7,78,0.1,2,2,2,2,1,286.79,1,18,1,1,2,2,4,3,1,2,2
2,4,8,1,0.8,1,3,1,1,1,191.86,1,19,1,1,1,1,7,1,1,3,3
2,4,8,2,1.8,3,3,NaN,NaN,NaN,NaN,NaN,17,3,3,1,1,6,3,3,1,1
2,4,8,3,0.4,3,3,2,2,1,177.53,1,2,1,1,3,3,7,3,1,1,3
2,4,8,4,0.05,1,3,1,1,1,272.97,1,16,1,3,1,3,5,3,1,1,3
2,4,8,5,0.8,1,1,1,1,1,235.92,1,8,3,1,3,1,12,3,1,3,1
2,4,8,6,1.8,1,1,1,1,1,190.05,1,3,1,1,1,1,8,1,1,1,1
2,4,8,7,1.8,1,3,NaN,NaN,NaN,NaN,NaN,14,3,3,3,3,5,1,1,3,3
2,4,8,8,0.2,3,2,2,2,1,249.04,1,10,1,3,3,1,5,3,1,2,2
2,4,8,9,1.8,1,2,1,1,1,180.71,1,8,1,1,1,1,11,3,3,2,2
2,4,8,10,0.2,2,3,2,2,1,267.59,1,12,1,1,2,2,11,1,3,3,1
2,4,8,11,1.8,1,2,1,1,1,190.7,1,5,1,1,1,1,9,3,3,2,2
2,4,8,12,0.8,3,2,2,2,1,212.16,1,14,1,1,3,3,4,3,3,2,2
2,4,8,13,0.05,1,1,1,1,1,298.53,1,14,3,3,3,3,1,1,1,1,1
2,4,8,14,1.8,3,2,2,2,1,152.36,1,14,1,1,3,3,5,1,1,2,2
2,4,8,15,0.8,3,3,NaN,NaN,NaN,NaN,NaN,15,3,1,1,3,19,3,1,1,3
2,4,8,16,0.8,1,2,1,1,1,200.64,1,4,3,3,3,3,13,3,1,2,2
2,4,8,17,0.8,1,1,1,1,1,212.52,1,19,3,1,3,1,15,1,1,1,1
2,4,8,18,0.4,1,1,1,1,1,203.55,1,9,1,3,1,3,7,1,3,1,3
2,4,8,19,0.1,3,1,2,2,1,337.05,0,11,3,1,1,3,5,1,1,1,1
2,4,8,20,0.05,1,3,1,1,1,273.06,1,17,1,3,1,3,17,1,3,3,1
2,4,8,21,0.05,3,2,2,2,1,287.92,1,4,1,3,3,1,14,1,3,2,2
2,4,8,22,1.8,3,2,2,2,1,178.76,1,16,3,3,1,1,8,1,1,2,2
2,4,8,23,0.4,1,2,1,1,1,267.42,1,8,3,1,3,1,11,1,3,2,2
2,4,8,24,0.8,1,3,1,1,1,194.25,1,19,1,1,1,1,19,3,3,1,1
2,4,8,25,0.1,3,2,2,2,1,264.66,1,7,1,3,3,1,15,1,1,2,2
2,4,8,26,0.2,1,3,1,1,1,295.72,1,17,1,3,1,3,13,1,3,3,1
2,4,8,27,0.8,1,1,1,2,0,191.74,1,9,3,3,3,3,3,3,1,3,1
2,4,8,28,0.2,1,1,1,1,1,260.1,1,9,1,3,1,3,9,3,1,3,1
2,4,8,29,0.4,1,1,1,1,1,214.24,1,4,1,3,1,3,18,3,1,3,1
2,4,8,30,0.1,3,1,2,2,1,269.81,1,6,3,3,1,1,4,1,3,1,3
2,4,8,31,0.05,1,1,1,1,1,282.75,1,11,1,3,1,3,13,1,3,1,3
2,4,8,32,1.8,1,2,1,1,1,176.76,1,20,1,1,1,1,4,3,1,2,2
2,4,8,33,0.1,2,1,2,1,0,282.33,1,1,3,3,2,2,15,1,1,1,1
2,4,8,34,0.05,2,3,2,2,1,281.27,1,16,1,3,2,2,14,1,1,3,3
2,4,8,35,0.2,1,3,1,1,1,249.34,1,5,3,3,3,3,18,1,3,3,1
2,4,8,36,0.4,1,3,1,1,1,5.7447,2,6,1,3,1,3,14,3,3,1,1
2,4,8,37,0.05,3,2,2,2,1,296.07,1,3,3,3,1,1,7,3,1,2,2
2,4,8,38,0.4,1,3,1,1,1,320.15,0,16,3,1,3,1,18,1,1,3,3
2,4,8,39,0.8,3,1,NaN,NaN,NaN,NaN,NaN,5,3,3,1,1,16,3,1,3,1
2,4,8,40,0.8,1,3,1,1,1,199.03,1,11,3,3,3,3,5,1,1,3,3
2,4,8,41,1.8,1,2,1,1,1,208.05,1,2,1,3,1,3,17,3,1,2,2
2,4,8,42,0.1,1,3,1,1,1,255.93,1,12,1,1,1,1,10,1,1,3,3
2,4,8,43,0.1,1,1,1,2,0,257.26,1,7,3,3,3,3,3,3,1,3,1
2,4,8,44,1.8,2,2,2,1,0,253.32,1,17,3,1,2,2,14,3,1,2,2
2,4,8,45,0.05,1,3,1,2,0,328.59,0,7,1,1,1,1,10,1,1,3,3
2,4,8,46,0.1,1,3,1,2,0,290.52,1,9,3,1,3,1,3,1,3,3,1
2,4,8,47,0.4,1,3,1,1,1,199.11,1,2,3,3,3,3,19,1,1,3,3
2,4,8,48,1.8,3,3,2,2,1,187.05,1,8,3,3,1,1,12,3,3,1,1
2,4,8,49,0.2,1,3,1,1,1,240.91,1,11,3,3,3,3,15,3,3,1,1
2,4,8,50,0.2,1,3,1,1,1,183.55,1,19,3,1,3,1,4,3,3,1,1
2,4,8,51,0.1,2,1,2,2,1,304.24,0,16,3,3,2,2,11,3,1,3,1
2,4,8,52,0.2,1,1,1,1,1,205.95,1,2,1,3,1,3,17,1,1,1,1
2,4,8,53,0.8,3,2,2,2,1,240.58,1,2,1,1,3,3,18,3,1,2,2
2,4,8,54,0.4,3,1,2,2,1,262.72,1,16,1,3,3,1,8,3,1,3,1
2,4,8,55,0.2,3,1,2,2,1,194.77,1,10,1,1,3,3,12,1,1,1,1
2,4,8,56,0.05,1,2,1,1,1,285.85,1,17,1,3,1,3,5,3,3,2,2
2,4,8,57,0.05,2,1,2,1,0,300.94,0,3,1,3,2,2,4,3,3,3,3
2,4,8,58,0.4,3,1,2,2,1,190.82,1,10,1,1,3,3,9,3,1,3,1
2,4,8,59,0.05,2,2,2,1,0,289.83,1,5,3,3,2,2,9,3,3,2,2
2,4,8,60,0.4,2,3,2,2,1,242.03,1,19,3,3,2,2,1,1,1,3,3
2,4,8,61,0.05,1,2,1,1,1,326.04,0,20,1,1,1,1,19,3,3,2,2
2,4,8,62,0.1,2,3,2,2,1,264.38,1,6,3,3,2,2,11,1,1,3,3
2,4,8,63,0.4,2,3,2,2,1,203.09,1,19,3,1,2,2,12,1,1,3,3
2,4,8,64,1.8,3,3,2,2,1,158.57,1,14,3,3,1,1,15,3,3,1,1
2,4,8,65,0.05,2,1,2,2,1,342.88,0,8,1,3,2,2,6,3,1,3,1
2,4,8,66,0.1,1,3,1,2,0,259.96,1,1,3,1,3,1,20,1,1,3,3
2,4,8,67,0.2,1,3,1,1,1,201.47,1,19,1,3,1,3,12,3,3,1,1
2,4,8,68,0.2,3,2,2,2,1,254.5,1,13,3,3,1,1,16,3,3,2,2
2,4,8,69,1.8,2,2,NaN,NaN,NaN,NaN,NaN,8,1,1,2,2,9,1,1,2,2
2,4,8,70,0.8,1,3,1,1,1,207.18,1,12,3,1,3,1,2,3,1,1,3
2,4,8,71,0.1,1,2,1,1,1,271.32,1,16,1,1,1,1,5,3,1,2,2
2,4,8,72,0.4,1,3,1,1,1,177.19,1,10,3,3,3,3,19,3,3,1,1
2,4,8,73,0.1,1,1,1,1,1,260.34,1,14,3,3,3,3,1,3,1,3,1
2,4,8,74,0.1,1,2,1,1,1,257.22,1,19,1,1,1,1,20,3,3,2,2
2,4,8,75,0.4,3,1,2,2,1,247.75,1,6,3,1,1,3,16,3,3,3,3
2,4,8,76,0.8,3,3,2,1,0,230.88,1,10,3,3,1,1,19,3,1,1,3
2,4,8,77,0.2,3,1,2,2,1,265.33,1,18,3,3,1,1,9,1,1,1,1
2,4,8,78,0.2,2,3,2,1,0,251.67,1,11,3,1,2,2,11,3,3,1,1
2,4,9,1,0.8,1,3,NaN,NaN,NaN,NaN,NaN,18,1,3,1,3,5,3,3,1,1
2,4,9,2,0.8,1,2,1,1,1,234.4,1,16,1,3,1,3,2,1,1,2,2
2,4,9,3,0.8,3,3,2,1,0,235.91,1,10,3,3,1,1,15,1,3,3,1
2,4,9,4,0.05,3,2,2,2,1,310.73,0,4,1,1,3,3,17,1,3,2,2
2,4,9,5,0.1,1,2,1,1,1,256.81,1,20,3,1,3,1,3,1,1,2,2
2,4,9,6,1.8,1,3,1,1,1,211.72,1,20,3,1,3,1,12,1,1,3,3
2,4,9,7,0.2,3,3,2,2,1,268.69,1,10,1,3,3,1,3,1,1,3,3
2,4,9,8,0.05,1,1,1,1,1,297.49,1,17,3,3,3,3,18,1,3,1,3
2,4,9,9,0.4,1,3,1,1,1,204.86,1,17,3,1,3,1,9,3,3,1,1
2,4,9,10,0.8,1,2,1,1,1,222.27,1,15,1,3,1,3,6,1,1,2,2
2,4,9,11,0.4,1,3,1,1,1,239.68,1,10,1,3,1,3,5,3,1,1,3
2,4,9,12,0.2,2,3,2,2,1,267.52,1,9,1,3,2,2,7,1,3,3,1
2,4,9,13,0.1,2,2,2,2,1,278.79,1,9,1,3,2,2,7,1,1,2,2
2,4,9,14,0.2,1,3,1,1,1,222.51,1,15,3,3,3,3,11,1,3,3,1
2,4,9,15,1.8,1,2,1,1,1,203.23,1,16,1,3,1,3,17,3,3,2,2
2,4,9,16,0.4,2,1,2,2,1,204.96,1,11,1,1,2,2,13,1,1,1,1
2,4,9,17,0.4,1,2,1,1,1,223.03,1,18,3,3,3,3,5,3,3,2,2
2,4,9,18,0.05,1,3,1,1,1,387.6,0,13,1,1,1,1,18,1,3,3,1
2,4,9,19,0.05,1,2,1,1,1,238.51,1,6,1,3,1,3,2,1,3,2,2
2,4,9,20,0.05,3,3,2,2,1,267.99,1,10,1,3,3,1,5,3,3,1,1
2,4,9,21,0.05,3,3,2,2,1,281.46,1,6,1,3,3,1,20,3,3,1,1
2,4,9,22,0.05,1,2,1,1,1,261.03,1,5,1,1,1,1,15,3,3,2,2
2,4,9,23,0.4,1,2,1,1,1,244.88,1,6,3,1,3,1,17,3,1,2,2
2,4,9,24,1.8,1,2,NaN,NaN,NaN,NaN,NaN,4,1,3,1,3,1,3,3,2,2
2,4,9,25,0.2,2,1,2,2,1,325.97,0,3,3,3,2,2,4,3,3,3,3
2,4,9,26,0.8,1,1,1,1,1,203.4,1,17,1,1,1,1,20,1,1,1,1
2,4,9,27,0.2,1,3,1,1,1,239.45,1,17,1,1,1,1,8,3,3,1,1
2,4,9,28,0.2,1,2,1,1,1,198.59,1,1,3,1,3,1,10,1,3,2,2
2,4,9,29,1.8,2,3,2,2,1,199,1,17,3,3,2,2,4,1,1,3,3
2,4,9,30,0.2,3,3,2,2,1,244.21,1,18,3,3,1,1,1,1,3,3,1
2,4,9,31,1.8,1,2,1,1,1,202.77,1,20,1,3,1,3,16,1,1,2,2
2,4,9,32,0.2,2,1,2,1,0,261.92,1,10,1,1,2,2,13,1,3,1,3
2,4,9,33,0.05,2,3,2,1,0,268.9,1,9,1,1,2,2,18,3,1,1,3
2,4,9,34,0.1,1,3,1,1,1,261.28,1,4,3,3,3,3,3,3,3,1,1
2,4,9,35,0.4,1,2,1,1,1,236.46,1,16,1,1,1,1,10,3,1,2,2
2,4,9,36,0.1,1,2,1,1,1,242.46,1,11,3,1,3,1,10,1,1,2,2
2,4,9,37,0.1,2,1,2,2,1,541.17,0,5,1,3,2,2,1,1,1,1,1
2,4,9,38,1.8,3,2,NaN,NaN,NaN,NaN,NaN,9,3,3,1,1,8,1,1,2,2
2,4,9,39,0.8,1,3,1,1,1,231.05,1,13,3,1,3,1,7,1,3,3,1
2,4,9,40,0.4,1,2,1,1,1,194.47,1,16,3,1,3,1,12,1,3,2,2
2,4,9,41,0.8,1,3,1,1,1,201.7,1,7,1,3,1,3,4,1,3,3,1
2,4,9,42,1.8,3,3,2,2,1,186.43,1,6,1,3,3,1,7,3,1,1,3
2,4,9,43,0.2,1,2,1,1,1,253.18,1,10,1,3,1,3,17,3,3,2,2
2,4,9,44,0.8,3,2,2,2,1,188.56,1,6,1,3,3,1,18,3,3,2,2
2,4,9,45,0.1,2,2,2,1,0,294.27,1,7,3,3,2,2,1,3,1,2,2
2,4,9,46,0.1,1,3,1,1,1,199.62,1,15,3,1,3,1,13,1,3,3,1
2,4,9,47,0.4,1,2,1,1,1,225.15,1,14,1,3,1,3,8,3,1,2,2
2,4,9,48,0.4,1,3,1,1,1,257.04,1,4,3,3,3,3,13,1,3,3,1
2,4,9,49,1.8,2,2,2,2,1,145.07,1,5,1,1,2,2,4,3,1,2,2
2,4,9,50,0.8,2,3,2,2,1,208.8,1,17,1,3,2,2,1,1,3,3,1
2,4,9,51,1.8,1,2,NaN,NaN,NaN,NaN,NaN,9,1,3,1,3,10,1,1,2,2
2,4,9,52,0.8,1,3,1,2,0,204.24,1,14,1,3,1,3,10,1,3,3,1
2,4,9,53,0.05,3,1,2,2,1,378.82,0,16,1,3,3,1,14,1,3,1,3
2,4,9,54,0.1,3,3,2,2,1,264.25,1,11,3,3,1,1,12,3,3,1,1
2,4,9,55,0.4,2,1,2,1,0,190.78,1,20,3,3,2,2,3,1,3,1,3
2,4,9,56,1.8,1,1,1,1,1,267.94,1,9,1,3,1,3,20,3,3,3,3
2,4,9,57,1.8,2,1,2,2,1,201.7,1,10,1,3,2,2,8,1,3,1,3
2,4,9,58,0.4,3,1,2,2,1,204.88,1,16,3,1,1,3,11,1,1,1,1
2,4,9,59,0.05,2,2,2,2,1,312.27,0,16,1,1,2,2,7,3,1,2,2
2,4,9,60,0.1,1,2,1,1,1,245.15,1,11,1,1,1,1,13,1,3,2,2
2,4,9,61,0.8,3,1,2,2,1,182.07,1,11,1,3,3,1,20,3,1,3,1
2,4,9,62,0.05,2,2,2,2,1,309.71,0,11,1,3,2,2,8,1,1,2,2
2,4,9,63,0.2,2,2,2,1,0,153.7,1,18,1,3,2,2,11,3,3,2,2
2,4,9,64,0.8,1,2,1,1,1,227.1,1,19,1,1,1,1,2,3,1,2,2
2,4,9,65,0.05,2,2,2,2,1,878.52,0,4,1,1,2,2,3,3,3,2,2
2,4,9,66,0.4,2,1,2,2,1,299.38,1,20,3,3,2,2,1,3,1,3,1
2,4,9,67,0.1,1,2,1,1,1,289.68,1,4,3,1,3,1,1,3,3,2,2
2,4,9,68,0.2,1,3,1,1,1,227.01,1,20,3,1,3,1,1,1,3,3,1
2,4,9,69,0.1,3,2,2,2,1,270.04,1,3,3,1,1,3,12,3,3,2,2
2,4,9,70,0.8,2,2,2,1,0,245.08,1,4,3,3,2,2,11,1,1,2,2
2,4,9,71,0.4,3,2,2,2,1,250.54,1,1,3,3,1,1,5,3,3,2,2
2,4,9,72,1.8,3,2,2,2,1,188.81,1,13,1,1,3,3,17,1,1,2,2
2,4,9,73,0.2,1,1,1,1,1,228.74,1,8,3,3,3,3,19,3,3,3,3
2,4,9,74,0.05,1,1,1,1,1,258.57,1,12,3,3,3,3,3,3,1,3,1
2,4,9,75,0.2,2,2,2,2,1,267.92,1,9,1,3,2,2,4,1,1,2,2
2,4,9,76,1.8,1,1,1,1,1,186.78,1,20,3,3,3,3,18,3,1,3,1
2,4,9,77,0.1,1,1,1,1,1,254.44,1,8,3,3,3,3,11,1,3,1,3
2,4,9,78,0.1,1,1,1,1,1,201.88,1,11,3,1,3,1,3,3,3,3,3
2,4,10,1,1.8,2,2,2,1,0,196.79,1,8,1,1,2,2,16,1,3,2,2
2,4,10,2,0.4,3,3,2,2,1,216.87,1,3,1,3,3,1,12,3,1,1,3
2,4,10,3,0.1,1,2,1,1,1,249.07,1,16,1,3,1,3,8,3,1,2,2
2,4,10,4,1.8,3,1,NaN,NaN,NaN,NaN,NaN,1,1,3,3,1,8,1,3,1,3
2,4,10,5,0.1,3,1,2,2,1,416.02,0,5,3,1,1,3,10,3,3,3,3
2,4,10,6,0.2,1,1,1,1,1,191.08,1,4,3,1,3,1,19,3,3,3,3
2,4,10,7,0.2,3,3,2,1,0,264.51,1,12,3,3,1,1,9,1,1,3,3
2,4,10,8,0.05,1,1,1,1,1,248.26,1,4,1,1,1,1,13,3,1,3,1
2,4,10,9,0.8,3,1,2,2,1,195.15,1,15,3,1,1,3,9,3,3,3,3
2,4,10,10,0.2,3,3,2,2,1,253.76,1,7,1,1,3,3,4,1,1,3,3
2,4,10,11,0.1,3,2,2,2,1,259.15,1,13,1,3,3,1,11,3,3,2,2
2,4,10,12,0.05,3,1,2,2,1,269.08,1,8,1,1,3,3,17,1,1,1,1
2,4,10,13,1.8,1,1,1,2,0,176.49,1,4,1,1,1,1,12,1,3,1,3
2,4,10,14,0.4,2,2,2,2,1,252.09,1,7,1,1,2,2,3,3,1,2,2
2,4,10,15,0.2,3,3,2,2,1,166.5,1,4,1,3,3,1,11,3,1,1,3
2,4,10,16,0.8,2,3,NaN,NaN,NaN,NaN,NaN,7,1,3,2,2,12,3,3,1,1
2,4,10,17,0.1,1,3,1,1,1,268.14,1,20,3,3,3,3,20,3,3,1,1
2,4,10,18,0.1,1,2,1,1,1,247.99,1,5,3,1,3,1,19,3,1,2,2
2,4,10,19,0.4,3,3,2,2,1,217.69,1,1,1,3,3,1,17,3,1,1,3
2,4,10,20,0.1,1,2,1,1,1,247.97,1,7,3,1,3,1,3,3,3,2,2
2,4,10,21,1.8,3,1,2,2,1,193.27,1,1,1,3,3,1,19,1,1,1,1
2,4,10,22,0.4,3,3,2,2,1,198.75,1,2,3,3,1,1,14,1,3,3,1
2,4,10,23,1.8,3,3,2,2,1,176.51,1,9,3,1,1,3,13,3,1,1,3
2,4,10,24,0.2,1,2,1,1,1,259.53,1,19,3,3,3,3,6,3,3,2,2
2,4,10,25,0.1,3,2,2,2,1,267.86,1,17,1,3,3,1,12,1,1,2,2
2,4,10,26,0.4,3,1,2,2,1,176.05,1,15,3,3,1,1,16,1,3,1,3
2,4,10,27,0.1,1,2,1,1,1,187.53,1,3,3,3,3,3,19,3,3,2,2
2,4,10,28,0.4,1,1,1,1,1,260.58,1,2,1,3,1,3,15,3,1,3,1
2,4,10,29,0.8,1,1,1,1,1,200.14,1,8,3,3,3,3,6,3,3,3,3
2,4,10,30,0.8,1,3,1,1,1,181.64,1,7,1,3,1,3,14,1,3,3,1
2,4,10,31,0.1,1,2,1,1,1,254.53,1,11,3,1,3,1,8,1,1,2,2
2,4,10,32,0.8,1,3,1,1,1,239.27,1,7,1,3,1,3,20,3,3,1,1
2,4,10,33,0.4,1,2,1,1,1,213.7,1,14,1,1,1,1,17,3,1,2,2
2,4,10,34,1.8,1,3,1,1,1,186.13,1,17,3,3,3,3,3,3,3,1,1
2,4,10,35,0.8,3,3,2,2,1,202.51,1,8,3,3,1,1,4,1,3,3,1
2,4,10,36,1.8,1,1,1,1,1,219.48,1,6,1,1,1,1,17,3,1,3,1
2,4,10,37,0.05,1,1,1,1,1,275.56,1,9,3,3,3,3,10,1,1,1,1
2,4,10,38,0.4,1,1,1,1,1,247.2,1,9,3,1,3,1,5,3,3,3,3
2,4,10,39,1.8,1,3,1,1,1,186.21,1,2,3,3,3,3,14,3,1,1,3
2,4,10,40,0.2,1,1,1,1,1,280.45,1,14,3,3,3,3,2,1,3,1,3
2,4,10,41,1.8,2,1,2,2,1,200.01,1,15,3,1,2,2,18,1,1,1,1
2,4,10,42,1.8,1,3,1,1,1,192.65,1,17,1,1,1,1,18,3,3,1,1
2,4,10,43,0.05,3,2,2,1,0,371.84,0,3,1,3,3,1,8,3,1,2,2
2,4,10,44,0.1,3,1,2,2,1,227.69,1,16,3,1,1,3,17,3,3,3,3
2,4,10,45,0.05,3,3,2,1,0,305.27,0,15,1,3,3,1,17,1,3,3,1
2,4,10,46,0.05,1,1,1,1,1,276.32,1,2,3,3,3,3,1,3,1,3,1
2,4,10,47,0.2,1,3,1,1,1,196.86,1,13,1,1,1,1,2,3,1,1,3
2,4,10,48,0.4,3,1,2,2,1,6.6817,2,8,1,3,3,1,5,1,1,1,1
2,4,10,49,0.2,3,3,2,2,1,267.08,1,14,1,3,3,1,12,3,1,1,3
2,4,10,50,0.4,1,2,NaN,NaN,NaN,NaN,NaN,15,3,3,3,3,18,1,3,2,2
2,4,10,51,0.05,2,1,2,1,0,274.37,1,19,1,3,2,2,2,3,3,3,3
2,4,10,52,0.05,2,1,2,2,1,307.9,0,11,3,1,2,2,13,3,1,3,1
2,4,10,53,0.4,3,2,2,2,1,256.53,1,3,1,1,3,3,18,3,3,2,2
2,4,10,54,0.8,1,1,1,1,1,201.18,1,18,3,3,3,3,18,3,3,3,3
2,4,10,55,0.8,1,2,1,1,1,221.3,1,8,3,1,3,1,19,3,1,2,2
2,4,10,56,0.1,1,2,1,2,0,243.92,1,10,3,1,3,1,16,3,1,2,2
2,4,10,57,0.4,2,2,2,1,0,196.96,1,1,3,1,2,2,8,3,1,2,2
2,4,10,58,0.8,1,3,1,1,1,254.82,1,8,1,3,1,3,4,1,3,3,1
2,4,10,59,0.2,2,2,2,2,1,209,1,6,1,1,2,2,13,3,3,2,2
2,4,10,60,0.8,1,2,1,1,1,206.5,1,16,3,1,3,1,17,1,1,2,2
2,4,10,61,1.8,3,1,NaN,NaN,NaN,NaN,NaN,8,1,1,3,3,6,3,3,3,3
2,4,10,62,0.2,3,1,2,2,1,245.51,1,4,1,3,3,1,11,3,3,3,3
2,4,10,63,0.2,1,1,1,1,1,227.87,1,12,1,1,1,1,9,1,3,1,3
2,4,10,64,0.1,1,3,1,1,1,270.6,1,8,1,1,1,1,6,3,1,1,3
2,4,10,65,0.8,1,2,1,1,1,239.75,1,6,3,3,3,3,16,1,1,2,2
2,4,10,66,0.2,1,2,1,1,1,209.48,1,1,1,1,1,1,12,1,1,2,2
2,4,10,67,0.05,1,1,1,1,1,319.75,0,7,1,1,1,1,13,3,3,3,3
2,4,10,68,0.05,2,3,2,2,1,282.09,1,10,1,3,2,2,8,1,1,3,3
2,4,10,69,0.8,1,2,1,1,1,194.55,1,14,3,3,3,3,15,3,1,2,2
2,4,10,70,0.05,3,2,2,2,1,285.15,1,1,3,1,1,3,16,3,1,2,2
2,4,10,71,0.1,1,1,1,2,0,256.02,1,15,1,3,1,3,5,3,1,3,1
2,4,10,72,0.05,3,2,2,2,1,292.92,1,13,1,1,3,3,4,1,3,2,2
2,4,10,73,0.8,2,2,2,2,1,227.67,1,13,3,1,2,2,6,3,3,2,2
2,4,10,74,1.8,3,3,2,2,1,184.36,1,13,3,3,1,1,20,3,3,1,1
2,4,10,75,0.2,3,1,2,2,1,236.6,1,18,1,3,3,1,11,3,3,3,3
2,4,10,76,0.05,2,1,2,2,1,284,1,13,1,3,2,2,11,1,1,1,1
2,4,10,77,0.4,1,1,1,1,1,247.26,1,19,3,3,3,3,4,1,1,1,1
2,4,10,78,1.8,1,2,NaN,NaN,NaN,NaN,NaN,10,3,1,3,1,19,1,3,2,2
