3,2,1,1,1.8,1,3,NaN,NaN,NaN,NaN,NaN,15,1,1,1,1,5,1,1,3,3
3,2,1,2,0.05,3,3,2,2,1,294.91,1,8,1,3,3,1,5,1,3,3,1
3,2,1,3,0.8,2,1,2,1,0,222.07,1,2,3,3,2,2,7,1,1,1,1
3,2,1,4,1.8,1,2,1,1,1,214.56,1,12,1,3,1,3,9,3,1,2,2
3,2,1,5,0.1,3,3,2,2,1,195.35,1,12,3,1,1,3,20,1,3,3,1
3,2,1,6,0.2,1,3,1,2,0,275.12,1,19,1,3,1,3,1,1,3,3,1
3,2,1,7,0.05,3,1,2,1,0,231.83,1,16,3,1,1,3,13,3,3,3,3
3,2,1,8,1.8,1,1,1,1,1,207.39,1,8,1,1,1,1,12,1,1,1,1
3,2,1,9,0.8,1,1,1,1,1,229.26,1,16,1,1,1,1,10,3,1,3,1
3,2,1,10,0.1,1,2,1,2,0,283.37,1,9,1,1,1,1,3,1,3,2,2
3,2,1,11,0.4,1,3,1,1,1,255.81,1,11,3,3,3,3,5,3,3,1,1
3,2,1,12,0.05,1,3,1,1,1,309.62,0,14,3,3,3,3,20,3,1,1,3
3,2,1,13,0.05,2,3,2,2,1,264.42,1,17,1,3,2,2,10,1,3,3,1
3,2,1,14,0.05,3,2,2,2,1,271.9,1,14,1,3,3,1,19,3,3,2,2
3,2,1,15,0.2,3,2,2,2,1,258.11,1,2,1,3,3,1,6,3,1,2,2
3,2,1,16,0.05,1,2,1,1,1,306.98,0,12,1,3,1,3,16,1,3,2,2
3,2,1,17,0.4,1,1,1,1,1,247.58,1,13,3,1,3,1,14,1,1,1,1
3,2,1,18,0.1,1,1,1,1,1,292.57,1,2,3,3,3,3,2,1,1,1,1
3,2,1,19,0.1,3,1,NaN,NaN,NaN,NaN,NaN,9,3,1,1,3,20,1,3,1,3
3,2,1,20,0.8,1,1,1,1,1,256.86,1,20,1,1,1,1,14,1,3,1,3
3,2,1,21,0.4,1,1,1,1,1,234.25,1,16,3,1,3,1,8,3,1,3,1
3,2,1,22,0.05,1,1,1,1,1,289.88,1,14,3,3,3,3,2,3,3,3,3
3,2,1,23,1.8,2,3,2,2,1,243.32,1,17,1,1,2,2,3,3,1,1,3
3,2,1,24,0.8,1,1,1,1,1,79.863,2,10,1,1,1,1,1,1,3,1,3
3,2,1,25,0.8,3,3,2,2,1,301.25,0,6,1,1,3,3,3,3,1,1,3
3,2,1,26,0.05,2,1,2,2,1,362.51,0,10,1,3,2,2,11,3,3,3,3
3,2,1,27,0.4,1,2,1,1,1,260.3,1,5,1,1,1,1,20,1,3,2,2
3,2,1,28,0.2,2,3,2,1,0,313.6,0,10,1,1,2,2,7,3,3,1,1
3,2,1,29,0.1,2,1,2,2,1,233.14,1,1,3,1,2,2,17,1,1,1,1
3,2,1,30,0.4,2,2,2,2,1,253.34,1,10,3,3,2,2,3,3,1,2,2
3,2,1,31,0.2,1,2,1,1,1,292.36,1,7,1,1,1,1,18,3,1,2,2
3,2,1,32,0.05,3,1,2,2,1,315.66,0,19,3,1,1,3,18,3,1,3,1
3,2,1,33,0.05,3,1,2,2,1,242.26,1,14,3,3,1,1,15,1,1,1,1
3,2,1,34,0.1,2,3,2,2,1,420.02,0,16,3,1,2,2,13,3,3,1,1
3,2,1,35,0.1,1,3,1,2,0,290.44,1,4,3,1,3,1,17,1,1,3,3
3,2,1,36,0.4,1,3,1,1,1,245.15,1,14,1,1,1,1,1,1,3,3,1
3,2,1,37,1.8,3,1,NaN,NaN,NaN,NaN,NaN,18,3,3,1,1,9,1,3,1,3
3,2,1,38,1.8,3,2,2,2,1,243.31,1,13,1,3,3,1,7,1,1,2,2
3,2,1,39,0.2,2,3,2,2,1,247.04,1,8,3,3,2,2,2,3,1,1,3
3,2,1,40,1.8,2,1,2,2,1,209.46,1,12,3,3,2,2,8,1,3,1,3
3,2,1,41,1.8,1,3,1,1,1,306.98,0,9,1,1,1,1,5,3,3,1,1
3,2,1,42,1.8,1,3,1,1,1,224.72,1,4,1,1,1,1,20,3,3,1,1
3,2,1,43,1.8,1,3,1,2,0,208.97,1,9,3,3,3,3,7,1,1,3,3
3,2,1,44,0.4,1,2,1,1,1,265.58,1,9,1,1,1,1,16,1,3,2,2
3,2,1,45,0.1,1,1,1,2,0,331.94,0,17,3,1,3,1,18,1,1,1,1
3,2,1,46,0.1,2,2,2,2,1,416.57,0,4,3,3,2,2,9,3,3,2,2
3,2,1,47,0.2,1,2,1,2,0,366.58,0,15,1,3,1,3,2,3,3,2,2
3,2,1,48,0.05,2,3,2,2,1,474.78,0,20,3,1,2,2,2,1,3,3,1
3,2,1,49,0.8,3,1,NaN,NaN,NaN,NaN,NaN,17,3,3,1,1,5,1,3,1,3
3,2,1,50,0.2,1,3,1,1,1,280.46,1,20,3,3,3,3,9,3,1,1,3
3,2,1,51,0.1,3,2,2,2,1,298.17,1,11,3,3,1,1,20,1,1,2,2
3,2,1,52,0.4,1,2,NaN,NaN,NaN,NaN,NaN,7,3,1,3,1,19,1,1,2,2
3,2,1,53,0.2,3,1,2,2,1,337.58,0,15,3,1,1,3,17,3,3,3,3
3,2,1,54,0.4,2,1,2,2,1,257.29,1,3,3,3,2,2,14,3,1,3,1
3,2,1,55,0.8,1,3,1,1,1,245.73,1,19,1,1,1,1,6,3,3,1,1
3,2,1,56,0.8,1,2,1,1,1,242.19,1,8,1,1,1,1,3,1,1,2,2
3,2,1,57,0.8,1,2,1,1,1,248.82,1,4,1,1,1,1,7,3,1,2,2
3,2,1,58,0.4,3,2,2,2,1,244.26,1,19,1,3,3,1,14,3,1,2,2
3,2,1,59,0.1,2,2,2,1,0,358.2,0,17,3,1,2,2,17,1,3,2,2
3,2,1,60,0.8,2,1,2,1,0,321.83,0,4,3,1,2,2,19,1,3,1,3
3,2,1,61,0.05,2,3,2,2,1,367.41,0,3,3,3,2,2,16,1,3,3,1
3,2,1,62,0.2,2,2,2,1,0,361.29,0,3,3,1,2,2,19,1,3,2,2
3,2,1,63,1.8,2,1,2,1,0,206.46,1,14,1,1,2,2,20,1,3,1,3
3,2,1,64,0.2,1,1,1,1,1,272.4,1,8,3,1,3,1,17,1,1,1,1
3,2,1,65,0.2,2,3,2,2,1,236.86,1,3,3,3,2,2,4,1,1,3,3
3,2,1,66,0.4,2,1,2,2,1,362.82,0,13,3,1,2,2,15,3,1,3,1
3,2,1,67,0.8,1,2,NaN,NaN,NaN,NaN,NaN,5,3,3,3,3,7,1,1,2,2
3,2,1,68,1.8,2,3,NaN,NaN,NaN,NaN,NaN,15,3,1,2,2,17,3,1,1,3
3,2,1,69,0.2,1,2,1,1,1,288.37,1,5,1,1,1,1,20,1,3,2,2
3,2,1,70,1.8,3,1,2,2,1,226.49,1,6,3,3,1,1,2,3,1,3,1
3,2,1,71,0.1,1,1,1,1,1,559.64,0,18,3,3,3,3,2,3,3,3,3
3,2,1,72,0.8,3,3,2,2,1,253.9,1,14,1,1,3,3,19,1,3,3,1
3,2,1,73,0.4,1,3,1,1,1,227.4,1,17,1,3,1,3,16,1,1,3,3
3,2,1,74,0.05,1,2,1,1,1,341.94,0,1,1,3,1,3,15,1,3,2,2
3,2,1,75,0.2,1,1,1,1,1,257.72,1,19,3,3,3,3,5,3,3,3,3
3,2,1,76,0.1,2,3,2,2,1,292.57,1,7,3,1,2,2,5,1,3,3,1
3,2,1,77,0.8,3,1,2,2,1,333.28,0,12,1,3,3,1,7,1,1,1,1
3,2,1,78,0.4,2,2,2,2,1,214.56,1,13,1,1,2,2,4,3,1,2,2
3,2,2,1,0.2,3,1,2,2,1,297.86,1,4,1,1,3,3,10,3,1,3,1
3,2,2,2,0.8,1,1,1,1,1,238.35,1,20,1,3,1,3,14,3,1,3,1
3,2,2,3,0.05,2,2,2,2,1,336.12,0,8,3,1,2,2,20,1,1,2,2
3,2,2,4,0.1,3,1,2,2,1,266.45,1,9,1,1,3,3,8,3,3,3,3
3,2,2,5,0.1,2,2,2,1,0,282.17,1,4,3,3,2,2,8,3,3,2,2
3,2,2,6,0.4,2,3,2,1,0,252.95,1,20,1,3,2,2,3,1,3,3,1
3,2,2,7,0.1,1,3,1,1,1,275.62,1,2,3,1,3,1,18,1,1,3,3
3,2,2,8,1.8,3,1,2,2,1,272.97,1,18,1,1,3,3,12,3,3,3,3
3,2,2,9,0.4,3,3,2,2,1,272.73,1,13,1,1,3,3,6,3,1,1,3
3,2,2,10,0.2,1,1,1,1,1,286.97,1,7,1,3,1,3,7,1,1,1,1
3,2,2,11,0.05,1,1,1,1,1,301.52,0,8,1,1,1,1,7,3,3,3,3
3,2,2,12,0.4,3,3,2,2,1,253.8,1,17,3,3,1,1,13,3,1,1,3
3,2,2,13,0.05,1,3,1,1,1,324.41,0,1,3,3,3,3,17,3,3,1,1
3,2,2,14,1.8,3,1,2,2,1,254.15,1,5,1,3,3,1,19,1,1,1,1
3,2,2,15,0.2,1,1,1,1,1,179.24,1,16,1,3,1,3,15,1,1,1,1
3,2,2,16,1.8,3,2,2,2,1,265.11,1,11,1,1,3,3,17,3,1,2,2
3,2,2,17,0.05,1,2,1,1,1,334.3,0,2,1,3,1,3,12,3,1,2,2
3,2,2,18,0.05,1,3,1,2,0,331.51,0,9,3,3,3,3,11,3,1,1,3
3,2,2,19,0.1,2,2,2,2,1,241.96,1,11,1,3,2,2,18,3,1,2,2
3,2,2,20,0.4,1,3,NaN,NaN,NaN,NaN,NaN,13,3,3,3,3,11,3,1,1,3
3,2,2,21,0.4,2,1,2,2,1,354.82,0,1,1,1,2,2,4,1,1,1,1
3,2,2,22,0.1,2,1,2,2,1,322.75,0,17,3,1,2,2,15,1,1,1,1
3,2,2,23,0.05,1,3,1,1,1,265.08,1,1,3,3,3,3,17,3,3,1,1
3,2,2,24,0.4,1,2,1,1,1,217.75,1,13,3,1,3,1,5,3,3,2,2
3,2,2,25,0.2,3,1,2,2,1,323.07,0,12,1,3,3,1,13,3,1,3,1
3,2,2,26,0.05,1,1,1,1,1,280.25,1,11,3,1,3,1,5,1,3,1,3
3,2,2,27,0.8,3,3,2,2,1,248.3,1,18,1,1,3,3,19,3,3,1,1
3,2,2,28,0.05,1,1,1,1,1,342.66,0,11,1,3,1,3,10,1,3,1,3
3,2,2,29,0.8,1,3,1,1,1,234.06,1,6,1,3,1,3,6,3,3,1,1
3,2,2,30,1.8,3,3,2,2,1,276.02,1,12,3,3,1,1,18,3,3,1,1
3,2,2,31,0.8,3,1,2,1,0,281.1,1,12,3,3,1,1,19,3,1,3,1
3,2,2,32,0.4,1,1,1,1,1,214.15,1,5,3,1,3,1,13,3,1,3,1
3,2,2,33,0.4,1,2,1,1,1,272.92,1,10,1,3,1,3,4,1,3,2,2
3,2,2,34,0.8,3,3,2,2,1,357.14,0,15,1,3,3,1,16,3,1,1,3
3,2,2,35,1.8,3,1,2,2,1,220.23,1,17,1,1,3,3,12,1,3,1,3
3,2,2,36,0.8,1,3,1,1,1,234.16,1,16,3,1,3,1,16,3,3,1,1
3,2,2,37,0.4,1,1,1,1,1,243.62,1,3,3,3,3,3,6,1,3,1,3
3,2,2,38,1.8,2,3,2,2,1,252.7,1,3,1,3,2,2,18,1,3,3,1
3,2,2,39,1.8,1,2,1,1,1,216.65,1,1,1,3,1,3,13,3,3,2,2
3,2,2,40,0.1,1,2,1,1,1,274.13,1,15,1,3,1,3,3,3,1,2,2
3,2,2,41,0.4,2,1,2,2,1,276.09,1,11,1,3,2,2,4,3,1,3,1
3,2,2,42,0.1,1,2,1,1,1,263.49,1,15,1,1,1,1,20,3,1,2,2
3,2,2,43,1.8,2,2,2,1,0,225.25,1,3,1,3,2,2,6,1,3,2,2
3,2,2,44,1.8,3,1,2,2,1,212.9,1,10,1,1,3,3,2,1,1,1,1
3,2,2,45,0.1,1,1,1,1,1,314.44,0,2,3,1,3,1,3,1,1,1,1
3,2,2,46,0.8,1,1,1,1,1,215.89,1,15,1,1,1,1,4,1,1,1,1
3,2,2,47,0.2,1,3,1,2,0,395.17,0,20,1,1,1,1,3,1,1,3,3
3,2,2,48,0.05,1,3,1,1,1,306.18,0,17,3,1,3,1,9,3,3,1,1
3,2,2,49,0.05,1,1,1,1,1,247.8,1,12,1,3,1,3,2,1,1,1,1
3,2,2,50,0.8,3,1,2,2,1,277.15,1,1,1,3,3,1,1,1,1,1,1
3,2,2,51,0.2,2,2,2,2,1,298.64,1,7,1,1,2,2,6,3,1,2,2
3,2,2,52,0.8,1,3,1,1,1,248.61,1,8,1,3,1,3,1,1,1,3,3
3,2,2,53,0.8,2,3,2,2,1,198.15,1,4,1,3,2,2,15,3,1,1,3
3,2,2,54,0.2,3,3,2,2,1,291.07,1,8,1,3,3,1,1,3,1,1,3
3,2,2,55,0.8,2,1,2,2,1,233.93,1,13,1,1,2,2,12,1,1,1,1
3,2,2,56,0.05,1,1,1,1,1,297.67,1,18,1,1,1,1,15,1,1,1,1
3,2,2,57,1.8,3,3,2,2,1,212.36,1,14,3,3,1,1,20,1,1,3,3
3,2,2,58,0.2,1,2,1,1,1,273.59,1,8,1,1,1,1,12,1,1,2,2
3,2,2,59,0.4,2,2,2,2,1,250.32,1,14,3,3,2,2,14,3,1,2,2
3,2,2,60,0.1,1,3,1,1,1,252.66,1,15,3,1,3,1,7,1,1,3,3
3,2,2,61,0.2,1,2,1,1,1,210.49,1,10,3,1,3,1,19,1,1,2,2
3,2,2,62,0.2,2,1,2,2,1,347.47,0,2,1,1,2,2,17,1,1,1,1
3,2,2,63,1.8,3,1,2,2,1,211.83,1,16,3,1,1,3,15,3,1,3,1
3,2,2,64,0.05,2,3,2,1,0,261.16,1,10,1,1,2,2,18,1,1,3,3
3,2,2,65,1.8,1,2,1,1,1,187.66,1,15,3,1,3,1,8,3,1,2,2
3,2,2,66,1.8,3,1,2,2,1,234.59,1,2,3,3,1,1,17,1,3,1,3
3,2,2,67,0.1,3,2,2,2,1,320.77,0,1,3,1,1,3,11,3,1,2,2
3,2,2,68,0.2,1,1,1,1,1,287.04,1,10,1,1,1,1,4,1,3,1,3
3,2,2,69,0.4,2,2,2,1,0,52.389,2,4,3,3,2,2,11,1,1,2,2
3,2,2,70,0.1,1,3,1,1,1,253.01,1,15,3,3,3,3,7,1,3,3,1
3,2,2,71,0.05,3,2,2,2,1,309.23,0,6,3,1,1,3,3,3,1,2,2
3,2,2,72,0.2,2,3,2,2,1,248.51,1,10,1,3,2,2,8,1,3,3,1
3,2,2,73,0.8,1,2,NaN,NaN,NaN,NaN,NaN,2,1,1,1,1,11,3,3,2,2
3,2,2,74,0.8,1,1,1,1,1,276.93,1,13,1,1,1,1,5,1,3,1,3
3,2,2,75,0.1,3,3,2,2,1,292.61,1,5,3,3,1,1,6,1,1,3,3
3,2,2,76,0.4,2,3,2,1,0,259.25,1,15,1,1,2,2,17,3,3,1,1
3,2,2,77,0.1,3,2,2,2,1,287.99,1,8,1,3,3,1,1,1,3,2,2
3,2,2,78,0.2,3,3,2,2,1,246.72,1,9,3,3,1,1,17,3,1,1,3
3,2,3,1,0.05,1,2,1,1,1,288.51,1,9,3,3,3,3,3,3,3,2,2
3,2,3,2,0.2,2,3,2,2,1,375.38,0,4,1,1,2,2,15,1,1,3,3
3,2,3,3,0.2,3,1,2,2,1,179,1,20,3,3,1,1,16,3,1,3,1
3,2,3,4,0.05,3,1,2,2,1,272.47,1,11,1,3,3,1,17,3,3,3,3
3,2,3,5,0.4,1,3,1,1,1,211.49,1,4,3,1,3,1,17,1,1,3,3
3,2,3,6,0.1,1,2,1,1,1,303.19,0,14,3,3,3,3,6,1,1,2,2
3,2,3,7,0.2,1,3,1,1,1,93.241,2,19,1,1,1,1,15,3,3,1,1
3,2,3,8,0.4,1,2,1,1,1,265.37,1,7,1,3,1,3,19,1,3,2,2
3,2,3,9,1.8,2,2,2,2,1,226.51,1,9,3,1,2,2,19,1,3,2,2
3,2,3,10,0.8,2,3,2,1,0,213.54,1,12,3,3,2,2,6,1,3,3,1
3,2,3,11,0.4,1,1,1,1,1,236.99,1,20,3,1,3,1,4,1,1,1,1
3,2,3,12,0.2,1,1,1,1,1,264.36,1,7,1,3,1,3,13,3,3,3,3
3,2,3,13,0.4,3,3,2,2,1,227.13,1,12,3,3,1,1,8,3,1,1,3
3,2,3,14,1.8,1,1,1,1,1,218.22,1,19,3,3,3,3,9,1,1,1,1
3,2,3,15,0.05,2,3,2,2,1,346.77,0,5,1,3,2,2,18,3,1,1,3
3,2,3,16,0.1,1,1,1,1,1,279.07,1,17,3,1,3,1,7,1,1,1,1
3,2,3,17,0.8,3,3,2,2,1,575.31,0,8,3,3,1,1,14,3,1,1,3
3,2,3,18,0.4,1,2,1,2,0,11.285,2,6,3,1,3,1,11,1,1,2,2
3,2,3,19,0.2,3,2,2,2,1,308.04,0,15,1,3,3,1,3,1,1,2,2
3,2,3,20,0.2,1,1,1,1,1,305.83,0,18,3,1,3,1,17,1,3,1,3
3,2,3,21,0.2,3,1,2,2,1,318.75,0,2,1,3,3,1,2,3,1,3,1
3,2,3,22,0.8,1,1,1,1,1,222.83,1,2,1,1,1,1,4,1,1,1,1
3,2,3,23,0.1,3,3,2,2,1,312.84,0,11,1,1,3,3,2,1,3,3,1
3,2,3,24,0.8,2,1,2,2,1,249.69,1,7,1,1,2,2,18,1,1,1,1
3,2,3,25,0.4,2,2,2,2,1,209.46,1,13,1,3,2,2,7,1,1,2,2
3,2,3,26,0.05,1,3,1,1,1,301.12,0,2,1,3,1,3,1,1,1,3,3
3,2,3,27,0.05,1,3,1,1,1,241.02,1,11,1,3,1,3,17,1,3,3,1
3,2,3,28,0.4,1,2,1,1,1,226.82,1,17,1,3,1,3,12,3,1,2,2
3,2,3,29,1.8,1,1,NaN,NaN,NaN,NaN,NaN,10,1,1,1,1,15,3,3,3,3
3,2,3,30,0.1,1,3,1,1,1,278.36,1,16,1,3,1,3,6,3,3,1,1
3,2,3,31,0.1,1,1,1,1,1,341.56,0,14,1,1,1,1,2,1,3,1,3
3,2,3,32,0.1,2,1,2,2,1,294.36,1,16,1,1,2,2,10,3,3,3,3
3,2,3,33,0.05,1,3,1,1,1,346.89,0,13,3,3,3,3,11,3,3,1,1
3,2,3,34,0.8,1,3,1,2,0,203.62,1,10,3,1,3,1,16,3,1,1,3
3,2,3,35,0.2,3,2,2,2,1,341.91,0,5,1,1,3,3,11,3,1,2,2
3,2,3,36,0.05,1,3,1,1,1,251.21,1,4,1,1,1,1,13,1,3,3,1
3,2,3,37,0.8,1,3,1,1,1,232.2,1,8,1,3,1,3,19,1,3,3,1
3,2,3,38,0.2,3,2,2,2,1,290.54,1,9,3,3,1,1,20,1,1,2,2
3,2,3,39,1.8,3,2,2,2,1,148.53,1,1,1,1,3,3,18,3,3,2,2
3,2,3,40,0.4,2,1,2,2,1,241.16,1,13,1,3,2,2,1,1,3,1,3
3,2,3,41,0.8,2,3,2,2,1,235.54,1,19,1,1,2,2,8,3,3,1,1
3,2,3,42,0.8,3,2,NaN,NaN,NaN,NaN,NaN,11,1,1,3,3,11,3,1,2,2
3,2,3,43,1.8,1,1,1,1,1,226.04,1,5,1,3,1,3,14,3,3,3,3
3,2,3,44,0.1,2,3,2,2,1,338.44,0,3,3,3,2,2,9,3,3,1,1
3,2,3,45,0.05,1,2,1,1,1,347.63,0,11,1,3,1,3,5,3,3,2,2
3,2,3,46,0.2,1,2,1,1,1,152.78,1,11,1,3,1,3,13,1,1,2,2
3,2,3,47,0.05,2,2,2,2,1,420.75,0,18,3,1,2,2,12,3,1,2,2
3,2,3,48,1.8,1,3,1,1,1,219.21,1,13,3,1,3,1,18,3,3,1,1
3,2,3,49,1.8,2,1,NaN,NaN,NaN,NaN,NaN,4,3,3,2,2,20,3,1,3,1
3,2,3,50,0.1,1,3,1,2,0,318.17,0,9,3,3,3,3,20,3,3,1,1
3,2,3,51,0.4,1,3,1,1,1,241.31,1,5,1,1,1,1,6,3,1,1,3
3,2,3,52,0.1,3,1,2,2,1,294.62,1,3,3,1,1,3,8,3,3,3,3
3,2,3,53,0.8,2,2,2,2,1,304.45,0,14,3,3,2,2,2,3,3,2,2
3,2,3,54,0.8,1,2,1,1,1,268.81,1,4,3,1,3,1,2,1,1,2,2
3,2,3,55,0.05,1,2,1,1,1,748.99,0,19,1,1,1,1,14,1,3,2,2
3,2,3,56,0.4,1,1,1,1,1,228.14,1,18,3,1,3,1,5,1,3,1,3
3,2,3,57,1.8,1,3,1,2,0,194.88,1,16,1,3,1,3,7,3,3,1,1
3,2,3,58,0.2,1,2,1,1,1,261.2,1,3,1,1,1,1,1,1,1,2,2
3,2,3,59,0.8,1,3,1,1,1,220.49,1,6,3,3,3,3,11,1,3,3,1
3,2,3,60,0.1,2,2,2,1,0,222.71,1,1,3,1,2,2,5,1,1,2,2
3,2,3,61,0.2,1,2,1,1,1,277.02,1,9,3,3,3,3,18,3,3,2,2
3,2,3,62,0.05,3,2,2,2,1,277.94,1,8,1,3,3,1,20,1,1,2,2
3,2,3,63,1.8,2,1,2,2,1,223.79,1,2,1,3,2,2,18,3,1,3,1
3,2,3,64,0.8,3,2,2,2,1,223.76,1,5,3,1,1,3,12,1,3,2,2
3,2,3,65,1.8,1,2,NaN,NaN,NaN,NaN,NaN,14,3,3,3,3,2,1,1,2,2
3,2,3,66,0.4,2,2,2,2,1,263.74,1,20,3,1,2,2,1,1,3,2,2
3,2,3,67,1.8,3,2,NaN,NaN,NaN,NaN,NaN,12,3,1,1,3,18,3,1,2,2
3,2,3,68,0.05,3,1,2,2,1,346.05,0,19,1,1,3,3,19,1,1,1,1
3,2,3,69,0.2,1,3,1,1,1,283.84,1,11,1,3,1,3,4,1,1,3,3
3,2,3,70,0.1,3,1,2,2,1,289.66,1,16,3,1,1,3,18,3,3,3,3
3,2,3,71,0.1,2,3,2,2,1,324.89,0,7,1,1,2,2,15,3,1,1,3
3,2,3,72,1.8,2,3,2,2,1,225.11,1,5,1,1,2,2,7,1,1,3,3
3,2,3,73,1.8,2,1,NaN,NaN,NaN,NaN,NaN,6,1,1,2,2,7,3,1,3,1
3,2,3,74,0.4,1,2,1,1,1,229.39,1,8,3,1,3,1,3,1,3,2,2
3,2,3,75,0.4,1,3,1,1,1,280.64,1,17,3,1,3,1,11,3,1,1,3
3,2,3,76,0.8,2,3,2,2,1,249.99,1,13,1,3,2,2,2,1,3,3,1
3,2,3,77,0.05,1,1,1,1,1,286.78,1,9,3,3,3,3,3,1,1,1,1
3,2,3,78,0.1,3,2,2,2,1,225.04,1,15,3,3,1,1,5,1,3,2,2
3,2,4,1,0.8,1,2,1,1,1,216.71,1,8,1,3,1,3,17,3,1,2,2
3,2,4,2,0.8,3,1,2,2,1,214.11,1,11,1,3,3,1,17,1,3,1,3
3,2,4,3,0.4,2,2,2,2,1,217.62,1,3,3,3,2,2,17,3,3,2,2
3,2,4,4,0.05,2,3,2,1,0,289.21,1,12,1,1,2,2,13,1,1,3,3
3,2,4,5,0.4,3,1,2,2,1,234.02,1,8,1,1,3,3,7,3,1,3,1
3,2,4,6,0.05,1,1,1,1,1,242.08,1,9,3,1,3,1,7,3,3,3,3
3,2,4,7,0.1,2,1,2,1,0,273.05,1,5,1,1,2,2,20,3,1,3,1
3,2,4,8,0.1,2,1,2,1,0,197.05,1,5,3,1,2,2,4,3,3,3,3
3,2,4,9,0.4,2,1,2,2,1,265.58,1,8,1,3,2,2,6,3,3,3,3
3,2,4,10,1.8,3,1,2,1,0,230.02,1,11,3,3,1,1,19,3,3,3,3
3,2,4,11,0.8,1,2,1,2,0,253.9,1,17,1,1,1,1,3,1,1,2,2
3,2,4,12,0.8,3,1,NaN,NaN,NaN,NaN,NaN,4,3,3,1,1,16,1,3,1,3
3,2,4,13,1.8,1,3,1,1,1,284.02,1,10,3,3,3,3,13,3,1,1,3
3,2,4,14,0.2,1,3,1,1,1,301.65,0,9,3,3,3,3,19,1,3,3,1
3,2,4,15,0.2,3,3,2,2,1,239.9,1,4,1,3,3,1,8,1,3,3,1
3,2,4,16,0.2,1,1,1,2,0,370.51,0,13,1,1,1,1,1,3,1,3,1
3,2,4,17,0.8,1,3,1,2,0,201.33,1,8,1,1,1,1,1,1,1,3,3
3,2,4,18,0.1,2,1,2,1,0,316.45,0,15,1,1,2,2,9,3,3,3,3
3,2,4,19,0.4,3,1,2,2,1,117.8,1,8,3,3,1,1,9,3,3,3,3
3,2,4,20,0.4,2,3,2,2,1,275.54,1,20,3,1,2,2,15,1,1,3,3
3,2,4,21,0.2,1,1,1,1,1,268.45,1,4,1,1,1,1,15,1,1,1,1
3,2,4,22,0.8,3,3,2,1,0,347.67,0,14,3,1,1,3,1,3,1,1,3
3,2,4,23,0.1,1,2,1,2,0,336.02,0,7,1,1,1,1,12,1,3,2,2
3,2,4,24,0.1,1,2,1,1,1,317.76,0,8,3,1,3,1,20,1,3,2,2
3,2,4,25,0.05,2,3,2,1,0,322.31,0,2,1,1,2,2,12,1,1,3,3
3,2,4,26,1.8,3,2,2,2,1,206.62,1,17,1,3,3,1,1,3,3,2,2
3,2,4,27,1.8,1,2,1,1,1,219.96,1,17,1,3,1,3,1,1,3,2,2
3,2,4,28,0.1,2,1,2,2,1,339.3,0,5,1,1,2,2,11,1,1,1,1
3,2,4,29,0.1,1,2,1,1,1,311.56,0,6,1,3,1,3,19,1,1,2,2
3,2,4,30,0.1,2,3,2,2,1,314.44,0,3,1,3,2,2,17,1,3,3,1
3,2,4,31,0.05,1,1,1,1,1,327.25,0,13,3,3,3,3,12,1,1,1,1
3,2,4,32,0.1,1,3,1,1,1,290.47,1,14,3,1,3,1,10,1,1,3,3
3,2,4,33,1.8,3,2,NaN,NaN,NaN,NaN,NaN,13,3,1,1,3,20,3,3,2,2
3,2,4,34,0.2,2,3,2,2,1,262.69,1,2,1,3,2,2,14,3,1,1,3
3,2,4,35,0.8,3,3,NaN,NaN,NaN,NaN,NaN,3,3,1,1,3,12,1,1,3,3
3,2,4,36,0.05,2,2,2,2,1,321.99,0,3,1,1,2,2,6,1,1,2,2
3,2,4,37,1.8,1,3,1,1,1,237.97,1,20,1,1,1,1,20,3,3,1,1
3,2,4,38,0.8,2,3,2,2,1,255.39,1,19,1,1,2,2,9,1,3,3,1
3,2,4,39,0.1,3,2,2,2,1,307.49,0,13,1,1,3,3,7,1,1,2,2
3,2,4,40,0.2,2,3,2,1,0,138.75,1,19,1,3,2,2,15,1,3,3,1
3,2,4,41,0.05,3,1,2,2,1,273.18,1,14,3,1,1,3,20,3,3,3,3
3,2,4,42,0.4,1,3,1,1,1,226.68,1,20,3,3,3,3,16,3,1,1,3
3,2,4,43,0.4,1,3,1,1,1,259.07,1,10,3,1,3,1,9,3,1,1,3
3,2,4,44,0.8,1,2,1,1,1,235.16,1,13,3,1,3,1,17,1,3,2,2
3,2,4,45,0.2,1,3,1,1,1,232.3,1,8,1,1,1,1,2,3,3,1,1
3,2,4,46,0.1,3,2,2,2,1,325.28,0,3,3,3,1,1,2,3,1,2,2
3,2,4,47,0.05,1,3,1,1,1,265.31,1,4,3,3,3,3,3,1,3,3,1
3,2,4,48,1.8,1,2,1,1,1,232.48,1,20,1,3,1,3,19,1,3,2,2
3,2,4,49,0.2,1,2,1,1,1,270.57,1,1,1,1,1,1,8,3,3,2,2
3,2,4,50,0.2,2,3,2,2,1,221.62,1,16,1,3,2,2,20,1,1,3,3
3,2,4,51,0.05,3,3,2,2,1,316.3,0,5,3,1,1,3,17,3,3,1,1
3,2,4,52,1.8,2,2,2,1,0,220.43,1,9,3,1,2,2,18,3,1,2,2
3,2,4,53,0.8,1,2,1,1,1,276.02,1,10,3,3,3,3,16,3,1,2,2
3,2,4,54,0.4,2,1,2,2,1,281.62,1,8,3,3,2,2,1,1,1,1,1
3,2,4,55,0.8,1,2,1,1,1,213.59,1,17,3,1,3,1,12,1,3,2,2
3,2,4,56,0.1,3,3,2,2,1,315.84,0,18,3,1,1,3,18,1,1,3,3
3,2,4,57,0.1,2,1,2,1,0,322.27,0,17,3,1,2,2,9,3,1,3,1
3,2,4,58,0.2,1,1,1,1,1,300.19,0,16,1,1,1,1,12,3,3,3,3
3,2,4,59,0.4,2,3,2,2,1,224.59,1,11,3,1,2,2,5,3,3,1,1
3,2,4,60,1.8,2,1,NaN,NaN,NaN,NaN,NaN,3,3,1,2,2,5,3,1,3,1
3,2,4,61,1.8,3,1,2,2,1,251.88,1,3,3,3,1,1,15,1,3,1,3
3,2,4,62,1.8,1,3,1,1,1,202.43,1,5,1,3,1,3,4,3,3,1,1
3,2,4,63,0.2,1,3,1,2,0,282.71,1,6,3,1,3,1,17,1,1,3,3
3,2,4,64,0.2,2,3,2,2,1,283.78,1,7,1,1,2,2,4,1,1,3,3
3,2,4,65,0.8,3,1,NaN,NaN,NaN,NaN,NaN,3,3,3,1,1,10,3,3,3,3
3,2,4,66,0.8,1,3,1,1,1,259.56,1,13,1,3,1,3,6,3,1,1,3
3,2,4,67,1.8,2,3,2,2,1,190.66,1,19,3,1,2,2,7,1,1,3,3
3,2,4,68,0.2,2,1,2,2,1,663.59,0,16,3,1,2,2,10,1,1,1,1
3,2,4,69,0.4,2,2,2,2,1,265.44,1,11,1,1,2,2,19,3,1,2,2
3,2,4,70,0.4,3,2,2,1,0,317.45,0,2,3,3,1,1,4,1,1,2,2
3,2,4,71,1.8,2,1,2,2,1,230.71,1,18,1,3,2,2,9,1,3,1,3
3,2,4,72,0.05,1,2,1,1,1,303.13,0,4,3,3,3,3,20,1,3,2,2
3,2,4,73,0.05,2,2,2,2,1,314.7,0,19,3,1,2,2,20,3,3,2,2
3,2,4,74,0.05,2,2,2,1,0,254.21,1,3,3,1,2,2,9,1,1,2,2
3,2,4,75,0.05,2,1,2,1,0,300.18,0,17,1,3,2,2,7,1,1,1,1
3,2,4,76,0.4,2,2,2,1,0,221.81,1,17,1,3,2,2,19,3,3,2,2
3,2,4,77,0.05,1,2,1,2,0,276.82,1,4,1,1,1,1,7,3,1,2,2
3,2,4,78,0.4,1,1,1,1,1,246.82,1,4,1,3,1,3,18,3,1,3,1
3,2,5,1,0.1,1,1,1,1,1,281.38,1,18,1,3,1,3,14,1,1,1,1
3,2,5,2,0.1,1,1,1,1,1,322.51,0,14,3,3,3,3,9,1,3,1,3
3,2,5,3,1.8,3,1,NaN,NaN,NaN,NaN,NaN,9,1,1,3,3,10,3,3,3,3
3,2,5,4,1.8,1,2,1,1,1,232.56,1,2,3,1,3,1,10,3,1,2,2
3,2,5,5,0.2,3,2,2,2,1,335.18,0,19,1,3,3,1,9,3,1,2,2
3,2,5,6,1.8,2,1,NaN,NaN,NaN,NaN,NaN,4,3,1,2,2,14,1,3,1,3
3,2,5,7,0.4,1,3,1,2,0,310.35,0,10,1,1,1,1,16,3,1,1,3
3,2,5,8,0.2,1,1,1,1,1,271.65,1,18,3,1,3,1,8,3,3,3,3
3,2,5,9,0.8,3,2,2,2,1,259.26,1,13,1,3,3,1,7,3,1,2,2
3,2,5,10,0.05,1,3,1,1,1,318.93,0,7,1,1,1,1,18,3,1,1,3
3,2,5,11,0.05,1,2,1,2,0,309.28,0,7,1,3,1,3,16,3,3,2,2
3,2,5,12,0.2,1,3,1,1,1,260.91,1,20,1,3,1,3,11,1,3,3,1
3,2,5,13,0.05,1,2,1,2,0,314.39,0,3,3,3,3,3,8,1,1,2,2
3,2,5,14,0.05,3,2,2,2,1,473.88,0,19,3,1,1,3,19,3,1,2,2
3,2,5,15,0.4,2,2,2,2,1,204,1,12,3,1,2,2,2,3,1,2,2
3,2,5,16,0.8,1,2,NaN,NaN,NaN,NaN,NaN,3,1,1,1,1,20,1,1,2,2
3,2,5,17,0.05,2,2,2,1,0,325.95,0,10,1,1,2,2,4,3,3,2,2
3,2,5,18,0.1,1,1,1,1,1,250.87,1,16,1,3,1,3,16,3,3,3,3
3,2,5,19,0.2,1,2,1,1,1,281.55,1,3,3,1,3,1,12,3,1,2,2
3,2,5,20,0.4,1,2,1,1,1,262.08,1,20,1,3,1,3,2,3,3,2,2
3,2,5,21,0.2,3,3,2,2,1,240.9,1,15,3,1,1,3,14,3,3,1,1
3,2,5,22,0.1,3,3,2,2,1,229.02,1,2,3,3,1,1,14,1,1,3,3
3,2,5,23,0.8,1,3,1,1,1,271.9,1,5,1,3,1,3,10,1,3,3,1
3,2,5,24,0.1,1,1,1,1,1,356.81,0,5,1,3,1,3,16,1,3,1,3
3,2,5,25,0.8,1,2,NaN,NaN,NaN,NaN,NaN,8,1,1,1,1,10,3,3,2,2
3,2,5,26,0.05,1,2,1,1,1,327.71,0,6,1,1,1,1,3,1,1,2,2
3,2,5,27,0.4,3,2,2,2,1,232.18,1,15,1,3,3,1,12,1,3,2,2
3,2,5,28,0.4,3,1,2,2,1,227.17,1,16,3,3,1,1,11,1,1,1,1
3,2,5,29,1.8,1,2,1,2,0,269.82,1,5,3,1,3,1,12,3,1,2,2
3,2,5,30,0.05,2,2,2,1,0,356.57,0,16,1,1,2,2,7,1,1,2,2
3,2,5,31,0.1,1,3,1,1,1,281.88,1,13,1,3,1,3,14,1,3,3,1
3,2,5,32,0.4,3,1,2,2,1,221.22,1,10,1,3,3,1,12,3,1,3,1
3,2,5,33,0.1,2,3,2,2,1,363.77,0,11,1,1,2,2,18,3,1,1,3
3,2,5,34,0.2,3,1,2,2,1,270.93,1,1,3,3,1,1,1,3,3,3,3
3,2,5,35,0.1,3,2,2,2,1,335.96,0,5,3,1,1,3,20,1,3,2,2
3,2,5,36,0.8,1,3,1,1,1,241.97,1,9,1,3,1,3,13,1,3,3,1
3,2,5,37,1.8,1,1,1,2,0,217.44,1,13,1,3,1,3,4,3,3,3,3
3,2,5,38,0.8,2,1,2,2,1,226.02,1,6,3,1,2,2,1,1,1,1,1
3,2,5,39,0.2,1,2,1,1,1,247.08,1,2,3,1,3,1,5,3,3,2,2
3,2,5,40,1.8,1,2,1,1,1,235.61,1,4,3,1,3,1,15,3,3,2,2
3,2,5,41,1.8,3,3,2,2,1,257.82,1,9,1,1,3,3,6,1,1,3,3
3,2,5,42,0.4,2,2,2,2,1,207.99,1,11,3,3,2,2,15,3,1,2,2
3,2,5,43,0.8,1,3,1,2,0,298.8,1,6,3,3,3,3,17,1,3,3,1
3,2,5,44,0.4,1,3,1,2,0,237.72,1,10,3,1,3,1,16,3,3,1,1
3,2,5,45,1.8,2,3,2,2,1,246.83,1,6,3,3,2,2,14,1,3,3,1
3,2,5,46,0.05,2,3,2,1,0,303.28,0,15,1,1,2,2,4,1,3,3,1
3,2,5,47,0.2,3,1,2,2,1,290.3,1,20,1,3,3,1,12,3,3,3,3
3,2,5,48,0.8,2,3,2,2,1,229.07,1,14,3,3,2,2,1,1,1,3,3
3,2,5,49,0.1,1,2,1,2,0,299.86,1,13,1,3,1,3,6,3,3,2,2
3,2,5,50,0.05,2,2,2,1,0,238.28,1,12,3,3,2,2,10,3,1,2,2
3,2,5,51,0.8,1,1,1,1,1,246.04,1,13,3,3,3,3,1,1,1,1,1
3,2,5,52,0.1,1,3,1,2,0,298.7,1,10,3,1,3,1,2,3,1,1,3
3,2,5,53,1.8,3,2,2,2,1,235.89,1,15,3,1,1,3,7,3,3,2,2
3,2,5,54,0.05,1,2,1,1,1,301.02,0,1,1,1,1,1,6,3,3,2,2
3,2,5,55,0.8,2,3,2,2,1,267.73,1,15,3,3,2,2,14,1,3,3,1
3,2,5,56,0.2,3,2,2,2,1,259.24,1,13,3,3,1,1,9,1,1,2,2
3,2,5,57,1.8,1,1,1,1,1,213.73,1,18,1,1,1,1,16,3,3,3,3
3,2,5,58,0.1,1,1,1,2,0,291.74,1,9,3,3,3,3,13,3,3,3,3
3,2,5,59,0.4,1,3,1,1,1,234.39,1,4,3,1,3,1,6,1,1,3,3
3,2,5,60,0.8,3,3,2,2,1,239.41,1,2,1,3,3,1,11,1,3,3,1
3,2,5,61,1.8,1,1,1,1,1,224.93,1,7,1,3,1,3,19,1,3,1,3
3,2,5,62,0.05,3,3,2,2,1,323.7,0,11,1,1,3,3,1,3,1,1,3
3,2,5,63,0.1,2,2,2,2,1,186.59,1,2,3,1,2,2,1,3,1,2,2
3,2,5,64,1.8,1,1,NaN,NaN,NaN,NaN,NaN,12,1,3,1,3,15,3,3,3,3
3,2,5,65,0.4,3,1,2,2,1,290.14,1,3,3,3,1,1,19,1,1,1,1
3,2,5,66,0.2,1,1,1,1,1,349.35,0,6,3,3,3,3,12,3,3,3,3
3,2,5,67,0.1,3,1,2,2,1,284.38,1,6,3,1,1,3,11,3,1,3,1
3,2,5,68,0.4,1,1,1,1,1,223.55,1,2,3,3,3,3,7,1,3,1,3
3,2,5,69,0.2,1,1,1,2,0,299.95,1,7,1,3,1,3,9,1,3,1,3
3,2,5,70,0.4,2,2,2,2,1,210.2,1,9,1,3,2,2,20,3,1,2,2
3,2,5,71,0.2,1,2,1,1,1,246.82,1,11,1,1,1,1,9,1,1,2,2
3,2,5,72,0.05,1,1,1,1,1,280.65,1,13,1,1,1,1,2,3,3,3,3
3,2,5,73,0.2,2,2,2,2,1,255.04,1,8,1,3,2,2,5,1,3,2,2
3,2,5,74,0.05,2,2,2,1,0,270.98,1,4,1,1,2,2,11,1,1,2,2
3,2,5,75,0.8,1,3,NaN,NaN,NaN,NaN,NaN,4,3,3,3,3,10,1,3,3,1
3,2,5,76,0.4,2,1,2,2,1,217.87,1,14,1,3,2,2,1,3,3,3,3
3,2,5,77,0.8,1,1,1,1,1,233.46,1,6,1,3,1,3,7,1,1,1,1
3,2,5,78,1.8,1,1,1,1,1,226.6,1,4,1,1,1,1,16,1,1,1,1
3,2,6,1,0.05,1,3,1,1,1,269.77,1,3,1,3,1,3,15,1,1,3,3
3,2,6,2,1.8,2,1,2,2,1,205.94,1,12,1,3,2,2,18,1,1,1,1
3,2,6,3,0.05,3,2,2,2,1,238.21,1,5,3,3,1,1,14,3,1,2,2
3,2,6,4,0.2,2,2,2,1,0,196.19,1,1,3,1,2,2,16,3,1,2,2
3,2,6,5,0.2,1,2,1,1,1,209.58,1,12,3,1,3,1,4,3,3,2,2
3,2,6,6,0.2,3,2,2,2,1,97.053,2,15,1,1,3,3,14,3,1,2,2
3,2,6,7,0.4,1,3,NaN,NaN,NaN,NaN,NaN,3,3,3,3,3,4,3,1,1,3
3,2,6,8,0.05,1,3,1,1,1,269.92,1,2,3,1,3,1,13,3,3,1,1
3,2,6,9,0.05,2,3,2,2,1,301.4,0,13,3,1,2,2,7,1,1,3,3
3,2,6,10,0.05,1,1,1,1,1,262.42,1,12,1,3,1,3,16,1,1,1,1
3,2,6,11,0.1,1,1,1,1,1,211.78,1,7,3,3,3,3,11,3,3,3,3
3,2,6,12,1.8,3,2,2,2,1,220.4,1,2,1,1,3,3,8,1,1,2,2
3,2,6,13,0.1,1,1,1,1,1,254.22,1,5,3,1,3,1,10,3,3,3,3
3,2,6,14,0.1,3,3,2,2,1,219.06,1,20,3,1,1,3,11,3,3,1,1
3,2,6,15,1.8,1,1,1,1,1,221.14,1,11,1,3,1,3,14,1,1,1,1
3,2,6,16,0.2,1,2,1,1,1,229.75,1,3,3,1,3,1,12,3,1,2,2
3,2,6,17,1.8,1,3,NaN,NaN,NaN,NaN,NaN,6,3,3,3,3,15,3,1,1,3
3,2,6,18,1.8,1,2,1,1,1,225.07,1,2,3,1,3,1,19,3,3,2,2
3,2,6,19,0.4,2,1,2,2,1,220.21,1,7,1,3,2,2,11,3,3,3,3
3,2,6,20,0.1,3,1,2,2,1,280.03,1,2,1,3,3,1,4,3,3,3,3
3,2,6,21,0.2,2,1,2,2,1,260.28,1,14,3,1,2,2,5,3,3,3,3
3,2,6,22,0.1,1,1,1,1,1,182.39,1,8,3,1,3,1,2,3,3,3,3
3,2,6,23,0.05,1,3,1,1,1,282.84,1,20,1,3,1,3,2,1,3,3,1
3,2,6,24,0.2,1,3,1,1,1,250.38,1,16,1,3,1,3,12,1,1,3,3
3,2,6,25,0.05,3,3,2,2,1,226.17,1,6,1,3,3,1,17,1,3,3,1
3,2,6,26,1.8,1,3,NaN,NaN,NaN,NaN,NaN,20,3,1,3,1,2,1,1,3,3
3,2,6,27,0.4,2,2,2,2,1,236.38,1,5,1,1,2,2,12,3,3,2,2
3,2,6,28,0.1,1,3,1,1,1,251.23,1,20,1,3,1,3,18,3,3,1,1
3,2,6,29,1.8,1,1,1,1,1,230.08,1,19,1,3,1,3,10,1,1,1,1
3,2,6,30,0.8,1,3,1,1,1,209.63,1,10,1,1,1,1,15,1,3,3,1
3,2,6,31,0.05,3,3,2,2,1,303.08,0,2,1,1,3,3,6,3,3,1,1
3,2,6,32,0.8,3,3,2,2,1,264.5,1,19,3,3,1,1,20,3,1,1,3
3,2,6,33,0.4,3,1,2,2,1,247.91,1,3,1,1,3,3,3,1,1,1,1
3,2,6,34,1.8,1,2,1,1,1,233.29,1,3,1,1,1,1,20,3,3,2,2
3,2,6,35,0.8,3,1,2,2,1,269.44,1,8,1,1,3,3,6,1,1,1,1
3,2,6,36,0.8,1,2,1,1,1,241.84,1,16,1,3,1,3,15,3,1,2,2
3,2,6,37,0.4,1,3,1,1,1,247.13,1,6,1,3,1,3,17,1,3,3,1
3,2,6,38,0.05,2,1,2,2,1,278.8,1,2,3,3,2,2,3,1,3,1,3
3,2,6,39,0.1,3,1,2,2,1,263.23,1,13,1,1,3,3,19,3,1,3,1
3,2,6,40,0.05,1,2,1,1,1,284.1,1,19,1,1,1,1,13,1,3,2,2
3,2,6,41,0.05,3,3,2,2,1,254.87,1,8,3,3,1,1,12,1,3,3,1
3,2,6,42,0.8,1,1,1,1,1,66.472,2,17,3,3,3,3,7,1,3,1,3
3,2,6,43,0.4,3,2,2,2,1,254.22,1,14,3,1,1,3,14,1,3,2,2
3,2,6,44,1.8,2,1,2,2,1,241.29,1,17,1,3,2,2,7,1,1,1,1
3,2,6,45,0.8,2,2,2,2,1,224.02,1,18,3,3,2,2,9,3,1,2,2
3,2,6,46,0.8,1,1,1,1,1,217.56,1,17,1,1,1,1,13,3,3,3,3
3,2,6,47,0.8,1,2,1,1,1,215.28,1,15,1,1,1,1,7,1,3,2,2
3,2,6,48,1.8,1,1,1,1,1,224.38,1,13,1,1,1,1,2,3,3,3,3
3,2,6,49,0.2,3,2,2,2,1,229.63,1,17,3,3,1,1,7,3,3,2,2
3,2,6,50,0.4,2,3,2,2,1,273.86,1,1,1,1,2,2,12,1,3,3,1
3,2,6,51,0.2,3,1,2,2,1,281.79,1,11,1,1,3,3,16,1,3,1,3
3,2,6,52,0.1,1,3,1,2,0,331.73,0,4,3,1,3,1,16,1,3,3,1
3,2,6,53,0.8,1,1,1,1,1,228.66,1,3,3,3,3,3,15,3,1,3,1
3,2,6,54,0.1,3,1,2,2,1,253.25,1,10,1,3,3,1,19,1,1,1,1
3,2,6,55,0.8,3,3,2,2,1,230.97,1,16,3,3,1,1,13,3,3,1,1
3,2,6,56,0.05,1,3,1,2,0,299.84,1,2,3,3,3,3,1,1,3,3,1
3,2,6,57,0.4,1,1,1,1,1,269.42,1,11,1,3,1,3,6,1,3,1,3
3,2,6,58,0.2,2,1,2,2,1,185.79,1,15,1,1,2,2,4,1,3,1,3
3,2,6,59,0.1,2,2,2,2,1,259.65,1,17,3,3,2,2,8,1,3,2,2
3,2,6,60,0.4,3,2,2,2,1,229.21,1,3,1,3,3,1,11,3,3,2,2
3,2,6,61,0.05,2,3,2,2,1,255.64,1,7,3,1,2,2,11,3,1,1,3
3,2,6,62,0.8,1,1,1,1,1,265.68,1,5,3,1,3,1,4,1,3,1,3
3,2,6,63,1.8,3,3,NaN,NaN,NaN,NaN,NaN,13,1,3,3,1,8,3,3,1,1
3,2,6,64,0.1,1,3,1,1,1,250.9,1,14,1,3,1,3,13,3,1,1,3
3,2,6,65,0.8,2,3,2,2,1,312.37,0,7,3,1,2,2,16,1,3,3,1
3,2,6,66,0.4,1,2,1,1,1,243.02,1,12,3,3,3,3,5,3,1,2,2
3,2,6,67,0.2,2,1,2,2,1,275.35,1,13,1,3,2,2,13,3,3,3,3
3,2,6,68,0.1,2,3,2,1,0,286.11,1,12,3,3,2,2,1,1,1,3,3
3,2,6,69,0.8,3,1,2,2,1,227.83,1,9,3,1,1,3,14,3,1,3,1
3,2,6,70,0.4,3,1,2,2,1,288.76,1,10,3,1,1,3,9,1,3,1,3
3,2,6,71,1.8,1,1,1,1,1,249.66,1,4,3,3,3,3,12,3,3,3,3
3,2,6,72,0.2,3,1,2,2,1,128.5,1,5,3,3,1,1,20,3,1,3,1
3,2,6,73,0.4,3,1,2,2,1,47.396,2,17,1,1,3,3,8,3,3,3,3
3,2,6,74,0.4,3,3,2,2,1,192.6,1,8,1,1,3,3,13,3,1,1,3
3,2,6,75,0.1,1,1,1,1,1,343.57,0,16,1,3,1,3,4,1,1,1,1
3,2,6,76,0.2,2,2,2,1,0,347.26,0,20,3,3,2,2,19,1,1,2,2
3,2,6,77,1.8,3,3,2,2,1,214.98,1,13,3,3,1,1,6,1,1,3,3
3,2,6,78,0.2,1,1,1,1,1,306.73,0,8,3,3,3,3,2,1,3,1,3
3,2,7,1,1.8,3,1,2,2,1,228.82,1,19,1,3,3,1,9,3,3,3,3
3,2,7,2,0.4,1,1,1,1,1,245.76,1,1,1,1,1,1,6,3,3,3,3
3,2,7,3,0.05,3,1,2,2,1,296.98,1,20,3,1,1,3,13,3,1,3,1
3,2,7,4,0.1,1,2,1,1,1,202.26,1,13,3,1,3,1,19,1,3,2,2
3,2,7,5,0.1,1,3,1,1,1,206.81,1,16,1,3,1,3,20,3,3,1,1
3,2,7,6,0.2,2,3,2,2,1,266.61,1,15,1,1,2,2,14,3,3,1,1
3,2,7,7,0.4,1,3,1,1,1,276.53,1,4,1,3,1,3,8,1,1,3,3
3,2,7,8,1.8,1,3,NaN,NaN,NaN,NaN,NaN,4,1,1,1,1,18,3,1,1,3
3,2,7,9,0.8,1,2,1,1,1,237.59,1,4,3,1,3,1,14,3,3,2,2
3,2,7,10,0.4,3,2,2,2,1,241.17,1,10,1,1,3,3,8,1,3,2,2
3,2,7,11,1.8,3,1,2,2,1,209.6,1,18,1,3,3,1,13,3,3,3,3
3,2,7,12,0.1,3,1,2,2,1,312.13,0,2,3,1,1,3,6,3,3,3,3
3,2,7,13,0.8,3,2,2,1,0,211.84,1,15,3,1,1,3,7,1,1,2,2
3,2,7,14,0.2,1,1,1,2,0,373.03,0,8,1,3,1,3,1,1,3,1,3
3,2,7,15,0.05,1,1,1,1,1,253.5,1,16,3,3,3,3,2,1,3,1,3
3,2,7,16,0.1,2,1,2,2,1,274.39,1,19,1,1,2,2,5,3,3,3,3
3,2,7,17,0.8,1,3,1,1,1,247.58,1,20,1,1,1,1,6,3,1,1,3
3,2,7,18,0.05,1,3,1,1,1,220.92,1,12,3,3,3,3,9,1,1,3,3
3,2,7,19,1.8,1,2,NaN,NaN,NaN,NaN,NaN,11,1,3,1,3,9,1,3,2,2
3,2,7,20,0.8,3,3,2,2,1,232.02,1,6,3,3,1,1,14,1,1,3,3
3,2,7,21,0.4,2,3,2,1,0,238.81,1,15,1,1,2,2,7,3,3,1,1
3,2,7,22,1.8,1,2,NaN,NaN,NaN,NaN,NaN,1,1,1,1,1,13,1,3,2,2
3,2,7,23,0.05,1,1,1,1,1,282.81,1,8,3,3,3,3,7,3,3,3,3
3,2,7,24,1.8,1,1,1,1,1,253.1,1,17,3,1,3,1,2,3,3,3,3
3,2,7,25,0.2,1,1,1,1,1,369.05,0,7,1,3,1,3,2,3,1,3,1
3,2,7,26,1.8,2,1,2,1,0,224.62,1,17,3,1,2,2,13,1,1,1,1
3,2,7,27,0.4,2,3,2,2,1,229.14,1,8,3,1,2,2,11,1,3,3,1
3,2,7,28,0.1,1,1,1,1,1,267.7,1,20,3,1,3,1,19,1,1,1,1
3,2,7,29,0.1,1,2,1,1,1,283.04,1,2,3,3,3,3,6,3,1,2,2
3,2,7,30,0.1,2,1,2,2,1,314.27,0,4,3,3,2,2,16,1,1,1,1
3,2,7,31,0.2,3,3,2,2,1,334.5,0,15,3,3,1,1,3,1,3,3,1
3,2,7,32,0.05,1,3,1,1,1,300.13,0,4,1,3,1,3,19,1,3,3,1
3,2,7,33,0.05,2,1,2,2,1,255.83,1,5,3,3,2,2,9,1,3,1,3
3,2,7,34,0.2,1,2,1,1,1,321.86,0,12,1,1,1,1,2,3,1,2,2
3,2,7,35,0.05,1,3,1,1,1,210.25,1,1,3,1,3,1,20,1,3,3,1
3,2,7,36,0.2,2,1,2,2,1,228.3,1,19,1,1,2,2,4,1,1,1,1
3,2,7,37,0.2,2,3,2,2,1,283.45,1,5,3,1,2,2,19,1,3,3,1
3,2,7,38,0.05,1,3,1,1,1,221.72,1,3,3,3,3,3,3,1,1,3,3
3,2,7,39,0.2,3,3,2,2,1,163.61,1,1,3,3,1,1,19,1,1,3,3
3,2,7,40,0.4,1,1,NaN,NaN,NaN,NaN,NaN,1,1,3,1,3,9,3,1,3,1
3,2,7,41,0.8,3,1,2,2,1,251.12,1,7,1,3,3,1,14,3,3,3,3
3,2,7,42,0.2,1,2,1,1,1,221.94,1,4,3,1,3,1,15,3,1,2,2
3,2,7,43,0.2,3,1,2,2,1,212.6,1,6,1,1,3,3,7,1,3,1,3
3,2,7,44,0.8,1,2,1,1,1,242.56,1,1,1,1,1,1,9,1,1,2,2
3,2,7,45,1.8,3,3,2,2,1,231.67,1,14,3,1,1,3,8,1,1,3,3
3,2,7,46,0.8,1,2,1,1,1,239.06,1,6,3,3,3,3,4,3,3,2,2
3,2,7,47,0.05,3,1,2,2,1,266.24,1,16,3,1,1,3,4,1,3,1,3
3,2,7,48,0.8,3,2,2,2,1,272.92,1,9,3,3,1,1,16,3,3,2,2
3,2,7,49,0.05,2,1,2,1,0,269.62,1,20,3,1,2,2,2,3,3,3,3
3,2,7,50,0.4,3,1,2,2,1,270.61,1,17,1,1,3,3,9,1,1,1,1
3,2,7,51,0.4,3,2,2,2,1,222.11,1,6,3,1,1,3,2,1,3,2,2
3,2,7,52,0.05,2,1,2,2,1,302.15,0,6,1,3,2,2,5,3,3,3,3
3,2,7,53,0.8,1,2,NaN,NaN,NaN,NaN,NaN,8,1,1,1,1,19,3,3,2,2
3,2,7,54,0.8,3,2,2,2,1,243.51,1,16,1,3,3,1,5,3,1,2,2
3,2,7,55,0.8,3,3,2,2,1,256.72,1,14,3,1,1,3,1,1,1,3,3
3,2,7,56,0.4,1,3,1,1,1,238.56,1,13,3,3,3,3,5,1,1,3,3
3,2,7,57,0.1,2,2,2,1,0,240.6,1,15,3,3,2,2,7,3,1,2,2
3,2,7,58,0.1,1,2,1,1,1,293.05,1,19,1,1,1,1,2,3,3,2,2
3,2,7,59,0.4,1,3,1,1,1,220.42,1,10,3,1,3,1,9,1,1,3,3
3,2,7,60,1.8,1,1,1,1,1,217.1,1,13,3,1,3,1,17,3,1,3,1
3,2,7,61,0.2,1,2,1,1,1,235.96,1,1,3,3,3,3,20,1,3,2,2
3,2,7,62,1.8,3,3,2,2,1,247.15,1,2,1,1,3,3,2,3,1,1,3
3,2,7,63,0.8,3,2,2,2,1,301.12,0,20,1,3,3,1,5,3,1,2,2
3,2,7,64,1.8,3,3,2,2,1,229.03,1,5,3,1,1,3,11,3,1,1,3
3,2,7,65,0.05,1,1,1,1,1,269.88,1,6,1,1,1,1,15,1,1,1,1
3,2,7,66,0.8,3,1,2,2,1,252.03,1,7,1,3,3,1,10,3,1,3,1
3,2,7,67,0.1,1,3,1,1,1,228.92,1,5,1,1,1,1,17,3,3,1,1
3,2,7,68,0.4,1,3,1,1,1,287.25,1,2,1,1,1,1,12,1,3,3,1
3,2,7,69,0.05,3,3,2,2,1,296.33,1,4,1,3,3,1,20,3,3,1,1
3,2,7,70,0.1,2,1,2,2,1,348.32,0,2,3,1,2,2,9,1,1,1,1
3,2,7,71,0.1,3,3,2,2,1,324.32,0,16,1,3,3,1,4,3,3,1,1
3,2,7,72,0.4,3,2,2,2,1,245.18,1,20,3,3,1,1,7,1,3,2,2
3,2,7,73,1.8,3,2,NaN,NaN,NaN,NaN,NaN,19,1,3,3,1,2,1,3,2,2
3,2,7,74,0.1,1,2,1,1,1,254.21,1,17,1,3,1,3,19,1,3,2,2
3,2,7,75,0.2,1,1,1,1,1,244.69,1,1,1,1,1,1,2,1,3,1,3
3,2,7,76,0.4,1,1,1,1,1,243.86,1,2,1,1,1,1,7,3,1,3,1
3,2,7,77,0.2,1,2,1,1,1,279.08,1,17,1,3,1,3,10,1,1,2,2
3,2,7,78,1.8,1,1,1,1,1,224.74,1,11,3,3,3,3,14,3,1,3,1
3,2,8,1,0.05,3,2,2,2,1,326.14,0,15,3,1,1,3,14,3,3,2,2
3,2,8,2,0.2,2,2,2,2,1,117.96,1,6,1,1,2,2,7,3,3,2,2
3,2,8,3,0.4,1,2,NaN,NaN,NaN,NaN,NaN,13,3,1,3,1,2,3,3,2,2
3,2,8,4,0.4,1,1,1,1,1,251.45,1,9,3,3,3,3,19,3,1,3,1
3,2,8,5,0.8,1,3,NaN,NaN,NaN,NaN,NaN,10,1,1,1,1,20,1,1,3,3
3,2,8,6,1.8,2,3,2,2,1,210.99,1,6,1,1,2,2,4,3,3,1,1
3,2,8,7,0.1,2,1,2,1,0,241.48,1,3,3,3,2,2,4,1,3,1,3
3,2,8,8,0.8,2,1,2,2,1,208.06,1,12,1,3,2,2,9,3,1,3,1
3,2,8,9,0.2,1,2,1,1,1,237.31,1,5,1,1,1,1,14,3,1,2,2
3,2,8,10,0.05,3,2,2,2,1,314.7,0,19,3,1,1,3,9,1,1,2,2
3,2,8,11,0.1,2,1,2,1,0,209.34,1,13,3,1,2,2,10,3,3,3,3
3,2,8,12,1.8,1,3,1,1,1,248.56,1,7,1,1,1,1,3,1,1,3,3
3,2,8,13,1.8,2,2,2,2,1,213.04,1,6,3,1,2,2,7,1,3,2,2
3,2,8,14,1.8,2,1,2,2,1,199.64,1,3,3,3,2,2,8,1,1,1,1
3,2,8,15,1.8,1,1,1,2,0,180.58,1,16,3,3,3,3,11,1,3,1,3
3,2,8,16,0.05,1,2,1,1,1,285.07,1,10,1,3,1,3,7,1,1,2,2
3,2,8,17,0.4,2,1,2,1,0,245.18,1,4,1,1,2,2,10,3,3,3,3
3,2,8,18,1.8,3,3,2,2,1,222.93,1,16,3,3,1,1,11,3,3,1,1
3,2,8,19,0.2,1,3,1,1,1,317.47,0,8,1,3,1,3,17,1,3,3,1
3,2,8,20,0.1,2,3,2,1,0,183.16,1,18,3,3,2,2,17,3,1,1,3
3,2,8,21,0.8,2,2,2,2,1,256.96,1,16,1,3,2,2,19,3,1,2,2
3,2,8,22,0.05,1,2,1,1,1,298.47,1,10,1,1,1,1,13,1,3,2,2
3,2,8,23,0.8,3,3,2,2,1,234.79,1,2,1,3,3,1,9,3,1,1,3
3,2,8,24,0.05,1,3,1,1,1,257.69,1,14,1,1,1,1,18,1,3,3,1
3,2,8,25,0.1,1,1,1,1,1,301.55,0,15,1,1,1,1,7,3,3,3,3
3,2,8,26,0.2,1,3,1,1,1,268.98,1,20,3,3,3,3,4,1,1,3,3
3,2,8,27,1.8,2,3,2,2,1,217.71,1,19,3,3,2,2,13,1,1,3,3
3,2,8,28,1.8,1,3,1,1,1,245.98,1,8,1,1,1,1,9,1,3,3,1
3,2,8,29,0.4,3,3,2,2,1,244.35,1,2,1,1,3,3,8,3,1,1,3
3,2,8,30,0.4,2,3,2,2,1,349.44,0,5,3,3,2,2,9,1,3,3,1
3,2,8,31,0.1,1,3,1,1,1,231.61,1,12,1,1,1,1,4,3,3,1,1
3,2,8,32,0.2,1,3,1,1,1,283.09,1,1,1,3,1,3,4,1,3,3,1
3,2,8,33,0.05,1,2,1,2,0,300.41,0,18,1,1,1,1,20,3,1,2,2
3,2,8,34,1.8,3,2,2,2,1,233.68,1,7,1,3,3,1,20,1,1,2,2
3,2,8,35,0.1,2,3,2,2,1,267.41,1,10,1,3,2,2,18,1,3,3,1
3,2,8,36,0.8,1,1,NaN,NaN,NaN,NaN,NaN,12,3,3,3,3,9,3,3,3,3
3,2,8,37,0.4,1,3,1,1,1,269.06,1,19,1,3,1,3,13,3,3,1,1
3,2,8,38,0.4,3,2,2,2,1,236.44,1,9,1,3,3,1,8,3,3,2,2
3,2,8,39,0.2,1,2,1,1,1,243.51,1,1,1,1,1,1,9,3,3,2,2
3,2,8,40,0.8,2,1,NaN,NaN,NaN,NaN,NaN,3,3,3,2,2,1,3,1,3,1
3,2,8,41,0.4,2,2,2,2,1,308.05,0,11,3,1,2,2,19,3,1,2,2
3,2,8,42,0.4,1,1,1,1,1,265.7,1,14,3,1,3,1,11,3,1,3,1
3,2,8,43,0.4,1,3,1,2,0,299.63,1,14,1,1,1,1,15,1,3,3,1
3,2,8,44,1.8,1,2,1,1,1,235.32,1,20,1,3,1,3,10,3,1,2,2
3,2,8,45,0.1,3,1,2,2,1,284.48,1,12,1,3,3,1,4,1,1,1,1
3,2,8,46,0.8,3,2,2,2,1,245.87,1,3,3,1,1,3,11,3,1,2,2
3,2,8,47,0.1,1,1,1,1,1,275.95,1,16,3,1,3,1,5,1,3,1,3
3,2,8,48,0.2,1,1,1,1,1,81.794,2,18,3,1,3,1,19,3,1,3,1
3,2,8,49,0.05,2,3,2,2,1,264.83,1,8,3,3,2,2,17,1,3,3,1
3,2,8,50,0.4,3,3,2,2,1,329.76,0,13,1,3,3,1,20,3,1,1,3
3,2,8,51,0.1,3,2,2,2,1,277.93,1,12,3,1,1,3,5,3,3,2,2
3,2,8,52,0.8,2,3,2,2,1,234.18,1,1,1,3,2,2,15,1,1,3,3
3,2,8,53,0.2,1,1,1,1,1,281.36,1,9,3,3,3,3,9,3,1,3,1
3,2,8,54,0.05,1,3,1,1,1,301.22,0,18,3,1,3,1,16,1,1,3,3
3,2,8,55,0.8,2,2,2,2,1,396.97,0,16,1,1,2,2,8,3,1,2,2
3,2,8,56,0.05,1,1,1,1,1,262.93,1,19,3,3,3,3,5,3,1,3,1
3,2,8,57,1.8,1,2,1,1,1,234.31,1,12,1,1,1,1,1,1,1,2,2
3,2,8,58,0.4,3,3,2,2,1,258.51,1,19,1,3,3,1,17,3,1,1,3
3,2,8,59,0.1,3,2,2,2,1,297.62,1,14,3,3,1,1,1,3,1,2,2
3,2,8,60,0.1,1,2,1,1,1,291.43,1,8,1,1,1,1,9,1,3,2,2
3,2,8,61,0.1,1,1,1,1,1,291.63,1,3,1,3,1,3,18,3,1,3,1
3,2,8,62,0.8,1,1,NaN,NaN,NaN,NaN,NaN,8,1,3,1,3,12,3,1,3,1
3,2,8,63,0.05,1,2,1,2,0,470.55,0,19,3,3,3,3,6,1,1,2,2
3,2,8,64,0.05,1,2,1,1,1,330,0,6,1,1,1,1,9,1,3,2,2
3,2,8,65,1.8,1,3,1,1,1,262.73,1,1,1,3,1,3,4,1,1,3,3
3,2,8,66,0.05,2,3,2,2,1,323.26,0,5,1,1,2,2,5,3,3,1,1
3,2,8,67,0.2,3,2,2,2,1,267.71,1,7,3,1,1,3,17,3,3,2,2
3,2,8,68,0.8,1,1,1,1,1,243.19,1,5,1,1,1,1,9,1,1,1,1
3,2,8,69,0.05,3,2,2,2,1,311.11,0,17,1,1,3,3,16,3,1,2,2
3,2,8,70,0.2,1,2,1,1,1,146.73,1,7,3,1,3,1,2,1,3,2,2
3,2,8,71,0.1,2,1,2,2,1,276.52,1,11,3,1,2,2,16,3,1,3,1
3,2,8,72,0.2,2,3,2,2,1,316.42,0,9,3,3,2,2,5,1,1,3,3
3,2,8,73,1.8,3,1,2,2,1,216.04,1,1,1,1,3,3,15,3,1,3,1
3,2,8,74,0.2,1,1,1,1,1,277.41,1,11,1,1,1,1,16,3,3,3,3
3,2,8,75,0.8,1,1,1,1,1,214.49,1,17,3,3,3,3,15,3,3,3,3
3,2,8,76,0.2,1,3,1,2,0,296.18,1,14,3,1,3,1,20,3,1,1,3
3,2,8,77,0.4,1,3,1,1,1,257.75,1,4,1,1,1,1,16,1,1,3,3
3,2,8,78,0.8,3,2,2,2,1,210.55,1,20,3,1,1,3,13,3,1,2,2
3,2,9,1,0.05,2,3,2,2,1,386.71,0,15,1,3,2,2,20,3,1,1,3
3,2,9,2,0.05,2,2,2,2,1,324.02,0,20,3,1,2,2,6,1,1,2,2
3,2,9,3,0.2,1,2,1,1,1,143.23,1,1,1,3,1,3,18,3,1,2,2
3,2,9,4,0.1,1,1,1,1,1,296.6,1,15,1,3,1,3,1,3,1,3,1
3,2,9,5,1.8,1,2,1,1,1,225.48,1,13,1,3,1,3,7,3,3,2,2
3,2,9,6,0.4,1,1,1,1,1,262.51,1,17,3,1,3,1,5,3,3,3,3
3,2,9,7,0.05,1,3,1,1,1,277.29,1,3,1,3,1,3,18,3,3,1,1
3,2,9,8,0.1,3,2,2,2,1,278.99,1,6,1,1,3,3,1,1,1,2,2
3,2,9,9,0.1,2,2,2,2,1,294.68,1,7,3,1,2,2,9,1,3,2,2
3,2,9,10,0.8,2,2,2,2,1,211.6,1,6,3,3,2,2,15,1,3,2,2
3,2,9,11,1.8,1,2,1,1,1,203.42,1,13,1,3,1,3,1,1,1,2,2
3,2,9,12,0.1,2,2,2,2,1,379.66,0,17,1,3,2,2,4,1,3,2,2
3,2,9,13,0.05,2,2,2,2,1,322.46,0,18,3,1,2,2,16,3,3,2,2
3,2,9,14,0.2,1,1,1,1,1,255.05,1,4,3,3,3,3,20,1,3,1,3
3,2,9,15,0.4,2,2,2,2,1,253.18,1,19,3,1,2,2,6,1,3,2,2
3,2,9,16,0.1,1,1,1,1,1,264.59,1,13,1,3,1,3,13,1,3,1,3
3,2,9,17,0.05,1,3,1,1,1,258.23,1,16,3,3,3,3,12,1,1,3,3
3,2,9,18,0.8,1,2,1,1,1,249.41,1,1,3,1,3,1,15,1,3,2,2
3,2,9,19,0.2,3,2,2,2,1,270.51,1,4,3,1,1,3,3,1,1,2,2
3,2,9,20,0.05,2,1,2,2,1,341.64,0,11,3,1,2,2,2,1,3,1,3
3,2,9,21,1.8,1,2,NaN,NaN,NaN,NaN,NaN,13,1,1,1,1,19,3,3,2,2
3,2,9,22,0.4,2,3,2,1,0,362,0,3,3,3,2,2,2,1,1,3,3
3,2,9,23,0.4,1,2,1,1,1,226.75,1,5,1,3,1,3,9,3,1,2,2
3,2,9,24,0.05,1,2,1,1,1,279.08,1,16,1,1,1,1,2,3,1,2,2
3,2,9,25,0.8,3,1,2,2,1,301.11,0,11,1,1,3,3,8,1,1,1,1
3,2,9,26,1.8,1,3,1,1,1,225.81,1,15,3,3,3,3,9,3,1,1,3
3,2,9,27,0.1,2,2,2,2,1,260.37,1,8,3,3,2,2,13,3,3,2,2
3,2,9,28,0.05,1,1,1,1,1,277.37,1,8,3,1,3,1,11,1,1,1,1
3,2,9,29,1.8,2,2,NaN,NaN,NaN,NaN,NaN,18,1,1,2,2,3,1,1,2,2
3,2,9,30,0.05,1,3,1,2,0,352.66,0,18,3,1,3,1,16,3,1,1,3
3,2,9,31,1.8,1,3,1,1,1,238.11,1,4,3,1,3,1,14,1,1,3,3
3,2,9,32,0.4,1,1,1,1,1,263.65,1,18,1,1,1,1,11,1,3,1,3
3,2,9,33,0.2,3,2,2,2,1,299.56,1,5,1,1,3,3,1,1,3,2,2
3,2,9,34,0.8,3,3,2,2,1,234.63,1,17,1,1,3,3,4,1,1,3,3
3,2,9,35,0.8,1,2,1,1,1,259.49,1,5,1,3,1,3,2,1,3,2,2
3,2,9,36,0.4,3,1,2,2,1,194.38,1,4,1,1,3,3,16,1,3,1,3
3,2,9,37,0.8,1,2,1,1,1,247.24,1,2,1,1,1,1,11,1,1,2,2
3,2,9,38,0.05,2,3,2,2,1,342.31,0,17,3,1,2,2,4,1,3,3,1
3,2,9,39,1.8,2,3,NaN,NaN,NaN,NaN,NaN,9,3,1,2,2,13,3,1,1,3
3,2,9,40,0.8,3,1,2,2,1,226.58,1,7,3,1,1,3,19,1,3,1,3
3,2,9,41,0.1,3,1,2,2,1,253.97,1,8,1,3,3,1,6,1,3,1,3
3,2,9,42,0.2,1,1,1,1,1,291.63,1,9,3,3,3,3,5,1,1,1,1
3,2,9,43,1.8,2,1,2,1,0,235.04,1,15,1,1,2,2,4,1,3,1,3
3,2,9,44,0.8,1,1,1,1,1,254.62,1,16,1,1,1,1,4,3,3,3,3
3,2,9,45,0.8,3,3,2,2,1,227.01,1,6,3,3,1,1,12,1,1,3,3
3,2,9,46,0.8,2,3,2,2,1,208.89,1,3,3,1,2,2,9,3,1,1,3
3,2,9,47,0.2,3,3,2,2,1,254.48,1,6,1,1,3,3,11,1,3,3,1
3,2,9,48,0.1,2,2,2,2,1,210.71,1,6,1,3,2,2,4,3,3,2,2
3,2,9,49,0.2,3,1,2,2,1,192.77,1,16,1,1,3,3,4,3,3,3,3
3,2,9,50,0.4,3,3,2,2,1,273.3,1,6,1,1,3,3,2,3,3,1,1
3,2,9,51,1.8,2,2,2,2,1,229.97,1,1,1,3,2,2,13,3,3,2,2
3,2,9,52,1.8,3,3,NaN,NaN,NaN,NaN,NaN,5,1,3,3,1,20,1,3,3,1
3,2,9,53,0.8,1,1,1,1,1,250.11,1,15,3,1,3,1,3,3,3,3,3
3,2,9,54,0.4,1,1,1,1,1,312.89,0,7,3,3,3,3,20,3,3,3,3
3,2,9,55,0.4,1,2,1,1,1,295.79,1,9,1,3,1,3,17,1,3,2,2
3,2,9,56,0.1,2,3,2,2,1,278.92,1,3,1,1,2,2,11,1,1,3,3
3,2,9,57,0.8,3,1,2,2,1,262,1,10,1,1,3,3,2,3,3,3,3
3,2,9,58,0.2,1,2,1,1,1,289.92,1,3,1,3,1,3,4,1,1,2,2
3,2,9,59,1.8,1,2,NaN,NaN,NaN,NaN,NaN,15,3,1,3,1,15,3,3,2,2
3,2,9,60,0.05,1,2,1,1,1,366.46,0,3,1,1,1,1,18,3,1,2,2
3,2,9,61,0.1,2,3,2,1,0,765.98,0,12,1,3,2,2,2,3,3,1,1
3,2,9,62,0.2,1,1,1,1,1,243.47,1,1,1,3,1,3,20,1,1,1,1
3,2,9,63,0.05,2,3,2,1,0,306.73,0,9,3,1,2,2,3,3,3,1,1
3,2,9,64,0.2,2,1,2,1,0,265.17,1,15,1,1,2,2,6,3,1,3,1
3,2,9,65,1.8,1,2,1,1,1,219.91,1,1,1,1,1,1,16,3,3,2,2
3,2,9,66,0.1,3,3,2,2,1,286.34,1,10,1,3,3,1,20,1,1,3,3
3,2,9,67,0.4,2,1,2,2,1,261.84,1,8,3,1,2,2,10,1,3,1,3
3,2,9,68,0.8,1,3,1,1,1,270.02,1,13,1,1,1,1,14,3,1,1,3
3,2,9,69,0.2,1,2,1,1,1,244.73,1,19,3,3,3,3,14,1,1,2,2
3,2,9,70,0.4,1,3,1,1,1,265.63,1,2,1,1,1,1,2,3,3,1,1
3,2,9,71,1.8,1,3,1,1,1,244.8,1,2,1,3,1,3,6,3,3,1,1
3,2,9,72,0.2,1,1,1,1,1,335.93,0,15,3,3,3,3,4,3,1,3,1
3,2,9,73,0.1,1,2,1,2,0,331.27,0,16,3,3,3,3,6,1,3,2,2
3,2,9,74,0.05,1,1,1,1,1,256.22,1,12,3,3,3,3,14,1,1,1,1
3,2,9,75,0.4,1,1,1,1,1,264.98,1,11,3,3,3,3,3,3,3,3,3
3,2,9,76,0.2,1,2,1,1,1,226.46,1,8,1,3,1,3,16,3,3,2,2
3,2,9,77,0.1,1,3,1,1,1,275.95,1,19,3,1,3,1,10,3,1,1,3
3,2,9,78,0.4,1,2,1,1,1,264.42,1,7,1,3,1,3,10,1,1,2,2
3,2,10,1,0.4,1,3,1,1,1,231.59,1,14,1,3,1,3,14,1,3,3,1
3,2,10,2,0.4,1,2,1,1,1,255.81,1,3,3,1,3,1,5,1,3,2,2
3,2,10,3,0.8,3,2,NaN,NaN,NaN,NaN,NaN,12,3,1,1,3,4,3,1,2,2
3,2,10,4,0.8,3,2,2,2,1,263.23,1,8,1,3,3,1,17,3,1,2,2
3,2,10,5,0.05,1,1,1,1,1,346.85,0,2,1,3,1,3,18,1,1,1,1
3,2,10,6,0.1,3,2,2,2,1,279.83,1,5,1,3,3,1,10,1,3,2,2
3,2,10,7,0.2,2,1,2,1,0,87.819,2,17,1,1,2,2,1,1,1,1,1
3,2,10,8,0.05,2,3,2,2,1,318.63,0,6,1,3,2,2,13,1,3,3,1
3,2,10,9,0.4,1,3,1,1,1,283.03,1,3,1,1,1,1,5,1,1,3,3
3,2,10,10,0.1,2,3,2,2,1,493.49,0,19,1,3,2,2,9,3,3,1,1
3,2,10,11,0.8,1,3,1,1,1,272.32,1,4,3,3,3,3,11,1,1,3,3
3,2,10,12,0.4,3,2,2,2,1,233.36,1,4,1,3,3,1,6,1,3,2,2
3,2,10,13,0.1,3,1,2,2,1,256.91,1,8,1,1,3,3,18,1,3,1,3
3,2,10,14,0.1,1,3,1,2,0,443.18,0,2,3,3,3,3,5,3,1,1,3
3,2,10,15,0.4,1,2,NaN,NaN,NaN,NaN,NaN,8,1,1,1,1,14,3,1,2,2
3,2,10,16,0.05,3,1,2,2,1,278.72,1,3,1,1,3,3,3,3,3,3,3
3,2,10,17,0.2,1,3,1,1,1,356.81,0,2,3,3,3,3,1,3,1,1,3
3,2,10,18,0.8,1,1,1,1,1,231.91,1,12,1,3,1,3,17,3,1,3,1
3,2,10,19,0.05,1,2,1,1,1,264.22,1,10,1,3,1,3,13,3,1,2,2
3,2,10,20,0.8,3,1,NaN,NaN,NaN,NaN,NaN,18,3,3,1,1,4,1,1,1,1
3,2,10,21,1.8,2,2,2,2,1,199.74,1,9,1,3,2,2,18,1,1,2,2
3,2,10,22,0.2,1,1,1,1,1,161.4,1,2,1,3,1,3,4,3,1,3,1
3,2,10,23,0.2,1,3,1,1,1,282.52,1,6,3,1,3,1,10,1,1,3,3
3,2,10,24,0.1,2,2,2,2,1,350.19,0,9,3,1,2,2,5,1,1,2,2
3,2,10,25,0.05,3,3,2,2,1,248.83,1,11,3,3,1,1,9,1,1,3,3
3,2,10,26,0.4,3,3,2,2,1,253.47,1,9,3,3,1,1,9,1,3,3,1
3,2,10,27,1.8,1,2,1,1,1,237.93,1,18,3,1,3,1,9,3,1,2,2
3,2,10,28,1.8,1,1,1,1,1,224.58,1,16,3,3,3,3,1,3,1,3,1
3,2,10,29,0.2,1,2,1,1,1,255.06,1,1,1,3,1,3,20,1,3,2,2
3,2,10,30,0.4,3,2,2,2,1,300.89,0,2,1,3,3,1,6,3,3,2,2
3,2,10,31,0.1,3,1,2,2,1,259.39,1,20,1,1,3,3,6,3,1,3,1
3,2,10,32,0.8,3,3,2,2,1,248.54,1,8,3,1,1,3,18,3,1,1,3
3,2,10,33,1.8,1,2,1,1,1,229.99,1,1,1,3,1,3,8,3,3,2,2
3,2,10,34,0.05,1,3,1,1,1,343.43,0,11,3,1,3,1,20,1,1,3,3
3,2,10,35,0.2,1,1,1,1,1,315.85,0,13,1,1,1,1,11,3,1,3,1
3,2,10,36,0.8,1,1,1,1,1,251.25,1,12,3,3,3,3,8,3,3,3,3
3,2,10,37,1.8,3,3,2,2,1,216.64,1,9,3,1,1,3,18,1,1,3,3
3,2,10,38,0.4,1,2,1,1,1,285.45,1,19,1,1,1,1,12,1,1,2,2
3,2,10,39,0.4,1,3,1,1,1,240.55,1,17,3,1,3,1,18,3,3,1,1
3,2,10,40,0.2,1,1,1,1,1,264.16,1,8,1,1,1,1,17,3,3,3,3
3,2,10,41,0.4,1,3,1,1,1,276.41,1,4,3,3,3,3,3,3,3,1,1
3,2,10,42,0.2,1,2,1,1,1,281.73,1,18,1,3,1,3,4,1,1,2,2
3,2,10,43,1.8,3,1,2,2,1,220.75,1,18,1,1,3,3,8,1,1,1,1
3,2,10,44,0.4,1,2,1,1,1,355.22,0,1,1,1,1,1,3,1,1,2,2
3,2,10,45,0.05,2,1,2,2,1,349.38,0,13,3,3,2,2,5,3,1,3,1
3,2,10,46,0.2,1,3,1,1,1,284.62,1,13,1,3,1,3,4,3,3,1,1
3,2,10,47,0.8,3,3,2,2,1,260.95,1,13,3,3,1,1,19,1,3,3,1
3,2,10,48,0.1,3,2,2,2,1,318.17,0,13,1,3,3,1,13,1,1,2,2
3,2,10,49,0.1,3,2,2,2,1,314.72,0,1,1,3,3,1,11,3,1,2,2
3,2,10,50,1.8,3,3,2,2,1,265,1,11,1,3,3,1,17,1,3,3,1
3,2,10,51,1.8,3,2,2,2,1,270.7,1,16,1,3,3,1,6,1,3,2,2
3,2,10,52,1.8,1,1,1,2,0,219.45,1,11,1,1,1,1,16,3,1,3,1
3,2,10,53,0.05,3,3,2,2,1,293.2,1,9,3,3,1,1,7,3,1,1,3
3,2,10,54,0.05,2,3,2,2,1,344.17,0,18,1,3,2,2,14,3,1,1,3
3,2,10,55,0.1,2,2,2,1,0,272.55,1,4,1,3,2,2,19,1,3,2,2
3,2,10,56,0.05,1,1,1,1,1,296.11,1,6,1,1,1,1,10,3,1,3,1
3,2,10,57,0.2,3,2,2,2,1,116.51,1,8,3,1,1,3,6,3,1,2,2
3,2,10,58,0.1,1,1,1,1,1,401.49,0,13,1,3,1,3,11,1,1,1,1
3,2,10,59,0.4,2,2,2,2,1,249.01,1,7,1,3,2,2,10,3,1,2,2
3,2,10,60,1.8,1,3,1,1,1,294.77,1,6,1,3,1,3,7,3,3,1,1
3,2,10,61,0.05,1,3,1,2,0,291.26,1,14,1,3,1,3,12,3,1,1,3
3,2,10,62,0.8,2,3,2,1,0,243.89,1,17,1,3,2,2,18,1,3,3,1
3,2,10,63,0.2,2,1,2,2,1,287.93,1,13,3,1,2,2,9,1,1,1,1
3,2,10,64,0.8,3,1,2,2,1,217,1,8,3,3,1,1,14,1,3,1,3
3,2,10,65,0.05,1,2,1,1,1,316.72,0,6,1,3,1,3,8,1,1,2,2
3,2,10,66,1.8,3,2,2,2,1,243.37,1,7,1,1,3,3,17,3,3,2,2
3,2,10,67,0.8,1,3,1,1,1,250.17,1,12,3,3,3,3,12,1,1,3,3
3,2,10,68,0.8,2,2,2,2,1,240.81,1,11,1,3,2,2,7,3,1,2,2
3,2,10,69,0.2,2,1,2,2,1,243.3,1,18,1,3,2,2,1,3,1,3,1
3,2,10,70,1.8,1,1,1,1,1,263.84,1,7,1,1,1,1,8,3,1,3,1
3,2,10,71,0.1,1,2,1,1,1,284.93,1,16,3,1,3,1,13,1,1,2,2
3,2,10,72,0.4,1,3,1,1,1,226.2,1,10,1,3,1,3,18,1,3,3,1
3,2,10,73,1.8,3,2,2,2,1,253.99,1,10,1,1,3,3,20,1,1,2,2
3,2,10,74,0.1,1,3,1,1,1,285.08,1,20,1,1,1,1,17,1,3,3,1
3,2,10,75,0.2,1,3,1,1,1,272.34,1,19,1,3,1,3,3,1,3,3,1
3,2,10,76,0.05,1,1,1,1,1,329.42,0,5,1,3,1,3,16,1,3,1,3
3,2,10,77,0.1,3,2,2,2,1,234.94,1,17,1,3,3,1,17,3,1,2,2
3,2,10,78,0.8,1,2,1,1,1,244.99,1,11,3,1,3,1,1,3,1,2,2
