2,2,1,1,0.8,1,3,1,1,1,237.33,1,6,3,1,3,1,18,1,3,3,1
2,2,1,2,0.1,2,2,2,2,1,245.87,1,16,3,1,2,2,19,3,1,2,2
2,2,1,3,0.2,3,2,2,2,1,178.31,1,5,3,3,1,1,1,3,1,2,2
2,2,1,4,0.1,2,3,2,2,1,251.12,1,13,1,1,2,2,10,1,3,3,1
2,2,1,5,0.8,3,2,2,2,1,157.12,1,7,1,1,3,3,9,3,1,2,2
2,2,1,6,0.2,1,3,1,1,1,231.35,1,8,1,3,1,3,13,3,1,1,3
2,2,1,7,0.8,1,1,NaN,NaN,NaN,NaN,NaN,14,1,3,1,3,6,3,3,3,3
2,2,1,8,0.2,1,2,1,1,1,210.48,1,12,1,3,1,3,1,3,1,2,2
2,2,1,9,1.8,1,3,1,1,1,167.26,1,17,1,3,1,3,5,1,3,3,1
2,2,1,10,1.8,1,3,1,1,1,183.22,1,5,1,3,1,3,20,3,3,1,1
2,2,1,11,0.1,2,2,2,1,0,264.27,1,10,3,3,2,2,18,1,3,2,2
2,2,1,12,0.05,1,2,1,2,0,244.54,1,19,1,3,1,3,16,1,1,2,2
2,2,1,13,0.4,2,2,NaN,NaN,NaN,NaN,NaN,11,1,3,2,2,14,1,1,2,2
2,2,1,14,0.2,2,1,2,1,0,212.32,1,10,3,3,2,2,16,3,1,3,1
2,2,1,15,0.05,1,1,1,1,1,210.43,1,14,3,3,3,3,18,3,1,3,1
2,2,1,16,1.8,3,3,NaN,NaN,NaN,NaN,NaN,15,1,1,3,3,19,3,3,1,1
2,2,1,17,0.4,1,3,1,1,1,243.41,1,14,3,3,3,3,13,1,3,3,1
2,2,1,18,0.05,1,1,1,1,1,301.39,0,20,1,3,1,3,9,3,3,3,3
2,2,1,19,0.05,3,2,2,2,1,254.31,1,1,1,3,3,1,13,1,3,2,2
2,2,1,20,0.05,2,3,2,1,0,244.76,1,7,3,1,2,2,19,1,1,3,3
2,2,1,21,0.1,1,2,1,1,1,275.81,1,11,3,1,3,1,12,1,1,2,2
2,2,1,22,0.8,1,1,1,1,1,217.66,1,18,3,3,3,3,7,3,3,3,3
2,2,1,23,0.4,1,3,1,1,1,181.22,1,3,1,3,1,3,17,1,1,3,3
2,2,1,24,1.8,1,1,1,1,1,184.48,1,16,1,3,1,3,19,1,1,1,1
2,2,1,25,0.4,3,2,2,2,1,196.23,1,5,3,1,1,3,15,1,3,2,2
2,2,1,26,0.8,3,2,2,2,1,271.8,1,13,1,3,3,1,19,3,3,2,2
2,2,1,27,1.8,1,2,1,1,1,202.58,1,14,3,1,3,1,5,3,3,2,2
2,2,1,28,0.4,1,2,1,1,1,205.9,1,8,1,3,1,3,19,1,3,2,2
2,2,1,29,0.2,2,1,2,1,0,249.49,1,20,3,3,2,2,18,1,1,1,1
2,2,1,30,1.8,1,1,1,1,1,211.79,1,18,1,3,1,3,6,3,3,3,3
2,2,1,31,0.8,3,1,2,2,1,197.74,1,15,1,1,3,3,20,3,3,3,3
2,2,1,32,0.4,2,3,2,2,1,251.78,1,1,1,1,2,2,5,3,1,1,3
2,2,1,33,0.1,2,3,2,2,1,306.94,0,6,3,3,2,2,1,1,1,3,3
2,2,1,34,0.05,3,1,2,1,0,384.94,0,12,3,3,1,1,16,1,1,1,1
2,2,1,35,0.4,1,1,1,1,1,221.81,1,13,3,3,3,3,18,1,3,1,3
2,2,1,36,0.05,1,3,1,2,0,338.88,0,6,3,1,3,1,10,3,1,1,3
2,2,1,37,0.1,2,2,2,2,1,261.41,1,16,3,1,2,2,18,3,3,2,2
2,2,1,38,1.8,3,2,2,2,1,166.33,1,1,1,1,3,3,14,1,3,2,2
2,2,1,39,0.1,2,2,2,2,1,229.94,1,5,1,3,2,2,8,1,3,2,2
2,2,1,40,0.05,2,2,2,2,1,192.05,1,18,3,3,2,2,6,1,1,2,2
2,2,1,41,0.8,1,2,1,1,1,208.85,1,6,3,3,3,3,19,3,3,2,2
2,2,1,42,1.8,1,1,1,1,1,184.78,1,2,1,3,1,3,5,1,1,1,1
2,2,1,43,1.8,1,2,1,1,1,184.94,1,10,1,3,1,3,20,1,1,2,2
2,2,1,44,0.8,3,2,2,2,1,206.79,1,9,1,1,3,3,7,1,3,2,2
2,2,1,45,0.4,3,1,2,1,0,256.12,1,7,3,3,1,1,19,1,3,1,3
2,2,1,46,1.8,2,2,2,2,1,215.56,1,4,3,1,2,2,13,3,3,2,2
2,2,1,47,0.05,3,2,2,2,1,287.84,1,16,3,1,1,3,11,1,3,2,2
2,2,1,48,1.8,1,1,1,1,1,204.49,1,3,3,3,3,3,11,1,1,1,1
2,2,1,49,0.05,1,3,1,1,1,294.29,1,17,3,3,3,3,3,1,1,3,3
2,2,1,50,0.8,3,1,2,2,1,269.32,1,10,1,3,3,1,17,3,1,3,1
2,2,1,51,0.05,2,2,2,2,1,771.73,0,7,1,1,2,2,16,3,3,2,2
2,2,1,52,0.4,1,1,1,1,1,-4.6656,2,16,1,1,1,1,14,3,1,3,1
2,2,1,53,0.8,3,2,2,2,1,232.35,1,9,3,1,1,3,1,3,3,2,2
2,2,1,54,0.2,1,3,1,2,0,240.94,1,18,3,1,3,1,19,3,1,1,3
2,2,1,55,0.2,2,1,2,2,1,309.04,0,16,1,3,2,2,6,1,1,1,1
2,2,1,56,0.4,1,3,1,1,1,245.91,1,11,3,3,3,3,8,3,1,1,3
2,2,1,57,0.2,3,2,2,2,1,181.57,1,9,1,1,3,3,3,1,3,2,2
2,2,1,58,0.8,2,1,2,1,0,194.93,1,12,3,3,2,2,2,1,1,1,1
2,2,1,59,0.2,2,2,2,2,1,238.92,1,18,1,1,2,2,5,3,1,2,2
2,2,1,60,1.8,3,1,2,2,1,195.06,1,17,1,1,3,3,13,1,3,1,3
2,2,1,61,0.2,3,1,2,2,1,272.77,1,18,3,1,1,3,4,3,3,3,3
2,2,1,62,0.8,3,3,2,2,1,197.55,1,4,3,1,1,3,2,1,1,3,3
2,2,1,63,0.4,1,2,1,1,1,208.56,1,20,1,1,1,1,9,1,3,2,2
2,2,1,64,0.2,3,3,2,2,1,233.3,1,5,1,3,3,1,15,3,3,1,1
2,2,1,65,0.2,1,2,1,1,1,256.71,1,4,3,1,3,1,4,3,3,2,2
2,2,1,66,0.05,1,1,1,2,0,283.37,1,2,3,1,3,1,9,3,3,3,3
2,2,1,67,1.8,2,3,NaN,NaN,NaN,NaN,NaN,19,1,1,2,2,12,1,1,3,3
2,2,1,68,0.1,2,2,2,2,1,344.39,0,10,1,3,2,2,11,3,1,2,2
2,2,1,69,0.1,1,3,1,1,1,261.95,1,15,1,1,1,1,12,3,1,1,3
2,2,1,70,0.2,1,2,1,1,1,254.56,1,10,1,3,1,3,1,3,3,2,2
2,2,1,71,0.1,1,3,1,1,1,249.06,1,5,3,1,3,1,15,1,3,3,1
2,2,1,72,0.1,2,1,2,1,0,258.8,1,7,1,1,2,2,2,3,1,3,1
2,2,1,73,0.4,2,2,2,2,1,251.95,1,16,1,1,2,2,1,1,1,2,2
2,2,1,74,0.05,3,3,2,2,1,274.29,1,5,1,3,3,1,11,1,1,3,3
2,2,1,75,0.4,2,2,2,1,0,221.28,1,12,1,3,2,2,3,3,1,2,2
2,2,1,76,0.8,1,2,1,1,1,228.13,1,16,1,1,1,1,11,1,3,2,2
2,2,1,77,0.1,1,3,1,2,0,262.76,1,1,1,3,1,3,1,1,3,3,1
2,2,1,78,0.1,1,2,1,1,1,256.78,1,19,3,3,3,3,6,3,3,2,2
2,2,2,1,0.1,3,3,2,2,1,331.7,0,7,1,1,3,3,13,3,3,1,1
2,2,2,2,0.05,3,2,2,2,1,266.14,1,16,3,3,1,1,18,3,1,2,2
2,2,2,3,0.1,1,3,1,1,1,206.38,1,12,3,1,3,1,12,3,1,1,3
2,2,2,4,0.4,1,1,1,1,1,249.36,1,14,1,1,1,1,7,1,1,1,1
2,2,2,5,0.8,1,1,1,1,1,212,1,1,1,3,1,3,10,3,3,3,3
2,2,2,6,0.8,3,1,NaN,NaN,NaN,NaN,NaN,19,1,1,3,3,16,1,3,1,3
2,2,2,7,1.8,2,3,2,1,0,184.09,1,5,3,1,2,2,8,3,3,1,1
2,2,2,8,1.8,1,3,1,1,1,209.59,1,20,1,3,1,3,19,1,3,3,1
2,2,2,9,0.8,1,1,1,1,1,268.88,1,19,1,3,1,3,19,3,3,3,3
2,2,2,10,0.8,2,1,2,2,1,205.64,1,7,3,3,2,2,17,1,3,1,3
2,2,2,11,1.8,1,1,1,1,1,211.65,1,13,3,1,3,1,1,3,1,3,1
2,2,2,12,0.4,1,3,1,1,1,246.13,1,5,3,3,3,3,17,3,3,1,1
2,2,2,13,1.8,2,3,2,2,1,197.33,1,18,1,1,2,2,11,1,3,3,1
2,2,2,14,0.1,1,1,1,1,1,278.05,1,15,3,1,3,1,1,1,3,1,3
2,2,2,15,0.1,1,2,1,1,1,304.01,0,15,3,1,3,1,12,1,1,2,2
2,2,2,16,0.8,2,1,2,1,0,230.46,1,2,1,1,2,2,8,3,3,3,3
2,2,2,17,1.8,2,1,2,1,0,199.19,1,14,3,3,2,2,7,3,3,3,3
2,2,2,18,0.1,2,1,2,1,0,301.03,0,11,3,1,2,2,7,3,1,3,1
2,2,2,19,1.8,2,3,2,2,1,203.03,1,20,3,3,2,2,6,3,3,1,1
2,2,2,20,0.4,3,1,2,2,1,335.03,0,20,3,1,1,3,11,1,1,1,1
2,2,2,21,0.05,3,1,2,2,1,344.13,0,2,1,3,3,1,1,3,1,3,1
2,2,2,22,1.8,3,2,2,2,1,185.86,1,6,1,1,3,3,11,1,3,2,2
2,2,2,23,0.2,1,1,1,2,0,336.5,0,4,3,1,3,1,10,1,1,1,1
2,2,2,24,0.1,3,3,2,2,1,267.3,1,16,3,3,1,1,6,1,1,3,3
2,2,2,25,0.05,3,3,2,2,1,284.43,1,13,3,3,1,1,11,3,1,1,3
2,2,2,26,0.4,1,2,1,2,0,287.16,1,2,1,1,1,1,7,1,1,2,2
2,2,2,27,0.05,2,1,2,1,0,349.93,0,9,1,1,2,2,7,3,1,3,1
2,2,2,28,0.2,1,2,1,2,0,227.03,1,17,1,3,1,3,9,3,3,2,2
2,2,2,29,0.2,1,2,1,1,1,264.98,1,8,3,3,3,3,20,1,1,2,2
2,2,2,30,0.05,3,3,2,2,1,695.84,0,5,1,3,3,1,7,3,3,1,1
2,2,2,31,0.4,2,3,2,2,1,252.85,1,18,3,1,2,2,9,3,1,1,3
2,2,2,32,1.8,3,3,2,2,1,234.96,1,13,1,1,3,3,6,3,3,1,1
2,2,2,33,0.8,1,2,1,1,1,216.59,1,11,1,3,1,3,15,1,3,2,2
2,2,2,34,0.4,1,1,1,1,1,221.51,1,11,1,1,1,1,18,1,1,1,1
2,2,2,35,0.8,3,3,2,2,1,200.88,1,2,1,1,3,3,11,3,3,1,1
2,2,2,36,0.2,2,1,2,1,0,276,1,10,3,1,2,2,1,3,1,3,1
2,2,2,37,0.2,1,2,1,1,1,268.74,1,6,1,1,1,1,15,3,3,2,2
2,2,2,38,0.4,1,3,1,1,1,264.97,1,16,3,1,3,1,16,1,3,3,1
2,2,2,39,0.2,1,2,1,1,1,378.32,0,8,1,1,1,1,12,1,3,2,2
2,2,2,40,0.2,3,2,2,2,1,357.9,0,18,1,1,3,3,1,1,3,2,2
2,2,2,41,1.8,2,2,2,2,1,265.68,1,4,3,1,2,2,17,3,3,2,2
2,2,2,42,0.4,1,3,1,1,1,220.4,1,10,3,3,3,3,16,3,3,1,1
2,2,2,43,0.2,1,3,1,1,1,254.88,1,15,3,3,3,3,6,1,1,3,3
2,2,2,44,0.2,2,3,2,2,1,463.74,0,18,1,3,2,2,19,1,1,3,3
2,2,2,45,0.4,1,3,NaN,NaN,NaN,NaN,NaN,1,3,3,3,3,20,3,3,1,1
2,2,2,46,0.8,1,1,NaN,NaN,NaN,NaN,NaN,2,3,3,3,3,13,3,1,3,1
2,2,2,47,0.2,2,2,2,2,1,260.93,1,9,3,3,2,2,15,3,3,2,2
2,2,2,48,0.4,3,2,2,2,1,338.94,0,7,3,1,1,3,6,1,1,2,2
2,2,2,49,0.2,1,3,1,1,1,230.06,1,1,3,1,3,1,14,1,1,3,3
2,2,2,50,0.1,1,2,1,1,1,325.07,0,13,3,1,3,1,7,3,3,2,2
2,2,2,51,0.05,1,3,1,1,1,329.39,0,10,1,3,1,3,6,1,3,3,1
2,2,2,52,0.1,1,2,1,1,1,234.09,1,2,1,1,1,1,20,1,1,2,2
2,2,2,53,0.8,1,1,1,1,1,195.68,1,9,1,1,1,1,2,3,1,3,1
2,2,2,54,0.8,3,2,2,2,1,199.22,1,9,3,3,1,1,5,3,1,2,2
2,2,2,55,0.1,3,2,2,2,1,307.12,0,3,3,1,1,3,1,3,3,2,2
2,2,2,56,0.05,3,1,2,2,1,295.53,1,15,1,3,3,1,9,1,1,1,1
2,2,2,57,0.05,3,1,2,2,1,300.87,0,11,1,1,3,3,1,3,1,3,1
2,2,2,58,0.05,1,3,1,2,0,341.77,0,2,1,1,1,1,10,3,1,1,3
2,2,2,59,1.8,2,2,2,2,1,195.66,1,11,1,3,2,2,16,1,3,2,2
2,2,2,60,0.8,1,3,1,1,1,202.96,1,15,3,1,3,1,11,1,1,3,3
2,2,2,61,0.05,1,1,1,1,1,286.63,1,8,1,1,1,1,15,1,1,1,1
2,2,2,62,0.4,1,3,1,1,1,217.07,1,16,1,1,1,1,16,1,3,3,1
2,2,2,63,0.05,1,2,1,2,0,378.25,0,14,1,3,1,3,6,3,3,2,2
2,2,2,64,0.2,1,3,1,1,1,302.18,0,13,1,3,1,3,2,1,3,3,1
2,2,2,65,1.8,2,1,2,2,1,198.25,1,11,1,1,2,2,16,3,3,3,3
2,2,2,66,0.1,1,3,1,2,0,274.91,1,3,3,1,3,1,6,3,1,1,3
2,2,2,67,0.1,1,2,1,1,1,263.04,1,2,3,3,3,3,9,3,1,2,2
2,2,2,68,0.8,3,1,2,2,1,198.26,1,1,3,1,1,3,4,1,1,1,1
2,2,2,69,0.2,3,1,2,2,1,157.98,1,10,3,3,1,1,12,3,1,3,1
2,2,2,70,0.05,1,2,1,1,1,287.41,1,4,1,1,1,1,1,3,3,2,2
2,2,2,71,1.8,1,2,1,1,1,639.55,0,6,1,1,1,1,15,1,1,2,2
2,2,2,72,0.05,3,1,2,2,1,260.59,1,2,3,3,1,1,10,1,3,1,3
2,2,2,73,0.4,2,1,2,2,1,252,1,16,3,3,2,2,17,1,1,1,1
2,2,2,74,1.8,1,1,1,1,1,191.16,1,14,1,3,1,3,1,1,3,1,3
2,2,2,75,0.8,2,3,2,1,0,195.32,1,15,3,3,2,2,5,3,1,1,3
2,2,2,76,0.4,1,2,1,1,1,219.45,1,9,1,1,1,1,2,3,3,2,2
2,2,2,77,0.1,1,1,1,2,0,369.28,0,11,1,1,1,1,5,1,1,1,1
2,2,2,78,0.1,2,3,2,2,1,264.94,1,16,3,1,2,2,19,1,1,3,3
2,2,3,1,0.4,3,2,2,2,1,240.06,1,6,1,3,3,1,4,3,1,2,2
2,2,3,2,0.2,1,1,1,1,1,240.78,1,19,3,3,3,3,7,1,1,1,1
2,2,3,3,1.8,3,1,2,2,1,189.96,1,7,1,1,3,3,3,3,1,3,1
2,2,3,4,0.2,1,2,1,1,1,202.52,1,18,3,1,3,1,12,3,3,2,2
2,2,3,5,0.2,2,3,2,2,1,212.53,1,5,1,3,2,2,3,1,3,3,1
2,2,3,6,0.05,3,3,2,2,1,264.8,1,19,3,3,1,1,9,3,1,1,3
2,2,3,7,0.2,1,2,1,1,1,259.84,1,3,1,1,1,1,20,1,1,2,2
2,2,3,8,0.2,2,3,2,2,1,214.75,1,8,1,3,2,2,12,3,3,1,1
2,2,3,9,0.2,3,2,2,2,1,202.25,1,13,3,1,1,3,2,3,3,2,2
2,2,3,10,1.8,1,3,1,1,1,271.88,1,2,1,1,1,1,6,1,1,3,3
2,2,3,11,0.2,1,2,1,1,1,252.89,1,19,1,3,1,3,19,3,3,2,2
2,2,3,12,0.2,1,3,1,1,1,175.79,1,9,1,1,1,1,16,1,1,3,3
2,2,3,13,0.05,2,2,2,1,0,295.14,1,6,1,3,2,2,5,1,1,2,2
2,2,3,14,0.4,1,3,1,1,1,155.42,1,9,1,3,1,3,14,3,1,1,3
2,2,3,15,0.8,1,1,1,1,1,34.557,2,11,1,1,1,1,5,3,1,3,1
2,2,3,16,0.05,3,3,2,2,1,283.26,1,1,3,1,1,3,7,3,3,1,1
2,2,3,17,0.1,2,3,2,1,0,289.05,1,6,1,3,2,2,8,1,1,3,3
2,2,3,18,0.8,1,1,1,1,1,218.87,1,7,3,3,3,3,12,1,3,1,3
2,2,3,19,0.8,2,2,2,2,1,290.42,1,16,1,1,2,2,20,1,3,2,2
2,2,3,20,1.8,3,1,2,2,1,190.02,1,14,1,3,3,1,14,3,3,3,3
2,2,3,21,0.1,1,3,1,2,0,296.66,1,15,1,3,1,3,9,3,3,1,1
2,2,3,22,0.8,1,1,1,1,1,204.69,1,18,3,3,3,3,11,1,1,1,1
2,2,3,23,0.8,1,3,1,1,1,195.16,1,2,1,3,1,3,8,3,3,1,1
2,2,3,24,0.4,1,1,1,1,1,265.87,1,15,3,3,3,3,17,3,1,3,1
2,2,3,25,1.8,1,2,1,1,1,198.37,1,13,3,3,3,3,2,3,1,2,2
2,2,3,26,0.1,1,1,1,2,0,255.29,1,16,3,3,3,3,5,1,1,1,1
2,2,3,27,0.4,3,3,2,2,1,254.79,1,5,1,3,3,1,19,1,3,3,1
2,2,3,28,0.05,2,3,2,2,1,273.15,1,11,1,3,2,2,17,3,1,1,3
2,2,3,29,1.8,3,3,2,2,1,212.84,1,18,3,3,1,1,19,3,1,1,3
2,2,3,30,0.1,1,2,1,1,1,279.24,1,9,1,3,1,3,16,1,1,2,2
2,2,3,31,1.8,1,1,1,1,1,185.72,1,19,1,1,1,1,1,1,3,1,3
2,2,3,32,0.4,1,2,1,1,1,200.72,1,18,1,1,1,1,10,3,3,2,2
2,2,3,33,0.2,1,1,1,1,1,167,1,14,1,3,1,3,14,1,1,1,1
2,2,3,34,0.2,3,2,2,2,1,262.15,1,8,3,3,1,1,15,1,3,2,2
2,2,3,35,0.1,1,1,1,1,1,314.32,0,3,3,1,3,1,17,1,3,1,3
2,2,3,36,0.8,1,2,1,1,1,197.34,1,17,1,1,1,1,14,1,1,2,2
2,2,3,37,0.05,1,1,1,2,0,265.77,1,8,1,1,1,1,7,3,3,3,3
2,2,3,38,0.4,1,3,1,1,1,245.55,1,6,3,1,3,1,1,1,1,3,3
2,2,3,39,0.4,2,2,2,2,1,262.57,1,3,3,3,2,2,14,1,3,2,2
2,2,3,40,0.1,1,3,1,1,1,198.84,1,13,1,1,1,1,10,1,3,3,1
2,2,3,41,0.2,2,1,2,2,1,229.96,1,14,3,3,2,2,10,1,1,1,1
2,2,3,42,0.1,1,3,1,1,1,238.19,1,13,1,3,1,3,8,3,3,1,1
2,2,3,43,0.8,3,1,2,2,1,251.47,1,1,3,3,1,1,9,3,1,3,1
2,2,3,44,0.8,3,3,2,2,1,212.9,1,8,3,3,1,1,15,3,3,1,1
2,2,3,45,0.8,3,2,2,2,1,212.44,1,20,1,3,3,1,5,3,3,2,2
2,2,3,46,0.8,1,2,1,1,1,225.29,1,5,3,3,3,3,20,3,1,2,2
2,2,3,47,1.8,1,2,1,1,1,228.13,1,2,1,3,1,3,15,1,3,2,2
2,2,3,48,0.05,3,2,2,2,1,296.24,1,2,1,3,3,1,19,1,3,2,2
2,2,3,49,0.1,2,3,2,2,1,306.97,0,1,1,3,2,2,8,3,1,1,3
2,2,3,50,0.1,1,1,1,1,1,280.01,1,1,3,3,3,3,19,1,1,1,1
2,2,3,51,0.4,1,2,1,1,1,290.88,1,18,1,1,1,1,1,3,1,2,2
2,2,3,52,1.8,2,2,NaN,NaN,NaN,NaN,NaN,5,1,3,2,2,14,1,1,2,2
2,2,3,53,0.05,1,2,1,2,0,374.28,0,7,3,1,3,1,4,1,3,2,2
2,2,3,54,0.1,1,3,1,1,1,263.54,1,10,1,3,1,3,5,1,1,3,3
2,2,3,55,0.05,1,3,1,1,1,292.27,1,18,3,1,3,1,6,3,1,1,3
2,2,3,56,1.8,2,3,2,2,1,185.07,1,3,1,1,2,2,20,1,1,3,3
2,2,3,57,0.8,1,3,1,1,1,210.12,1,12,3,3,3,3,4,1,3,3,1
2,2,3,58,0.05,1,3,1,2,0,285.62,1,4,3,3,3,3,6,1,3,3,1
2,2,3,59,0.4,2,1,2,1,0,205.9,1,1,1,3,2,2,6,1,3,1,3
2,2,3,60,0.8,2,1,NaN,NaN,NaN,NaN,NaN,2,3,1,2,2,2,3,1,3,1
2,2,3,61,0.1,1,2,1,1,1,324.39,0,4,1,1,1,1,8,1,1,2,2
2,2,3,62,0.1,1,1,1,1,1,306.95,0,10,1,1,1,1,20,1,1,1,1
2,2,3,63,0.05,2,1,2,1,0,258.34,1,8,1,3,2,2,17,1,1,1,1
2,2,3,64,0.2,1,1,1,1,1,262.68,1,20,1,1,1,1,8,1,3,1,3
2,2,3,65,0.2,2,1,2,1,0,244.11,1,10,1,1,2,2,2,3,3,3,3
2,2,3,66,0.4,2,2,2,1,0,239.39,1,10,1,3,2,2,19,3,3,2,2
2,2,3,67,0.05,2,1,2,2,1,330.05,0,8,1,1,2,2,18,1,1,1,1
2,2,3,68,0.1,3,1,2,1,0,211.72,1,1,1,3,3,1,17,3,1,3,1
2,2,3,69,1.8,1,2,1,1,1,231.68,1,13,3,3,3,3,9,1,1,2,2
2,2,3,70,1.8,3,3,2,2,1,217.02,1,14,3,1,1,3,2,3,1,1,3
2,2,3,71,0.4,3,2,2,2,1,300.43,0,6,1,3,3,1,5,3,3,2,2
2,2,3,72,0.4,2,2,2,2,1,262.04,1,14,1,1,2,2,2,1,1,2,2
2,2,3,73,1.8,3,1,2,2,1,197.76,1,9,3,1,1,3,4,1,1,1,1
2,2,3,74,0.05,1,1,1,1,1,288.65,1,10,3,3,3,3,17,3,1,3,1
2,2,3,75,1.8,3,1,2,2,1,245.05,1,10,3,1,1,3,6,1,3,1,3
2,2,3,76,0.8,1,3,1,1,1,234.05,1,4,3,1,3,1,19,3,1,1,3
2,2,3,77,0.05,3,1,2,2,1,329.47,0,4,1,1,3,3,15,3,3,3,3
2,2,3,78,0.4,1,2,1,1,1,235.21,1,14,3,3,3,3,14,3,3,2,2
2,2,4,1,0.4,2,2,2,2,1,204.77,1,15,1,1,2,2,20,1,3,2,2
2,2,4,2,0.05,2,1,2,2,1,278.59,1,7,3,1,2,2,20,1,3,1,3
2,2,4,3,0.2,2,3,2,2,1,248.59,1,8,3,3,2,2,14,3,1,1,3
2,2,4,4,0.8,1,1,1,1,1,216.45,1,2,3,3,3,3,7,3,1,3,1
2,2,4,5,0.4,1,2,1,1,1,257.73,1,15,3,3,3,3,19,1,1,2,2
2,2,4,6,1.8,2,2,2,2,1,179.18,1,12,3,1,2,2,6,1,1,2,2
2,2,4,7,0.8,3,2,2,2,1,212.73,1,3,3,3,1,1,3,3,1,2,2
2,2,4,8,0.8,1,3,1,1,1,199.68,1,10,3,1,3,1,12,3,3,1,1
2,2,4,9,0.1,2,1,2,1,0,283.48,1,3,1,3,2,2,15,3,3,3,3
2,2,4,10,0.8,2,3,2,2,1,224.65,1,1,3,1,2,2,8,1,1,3,3
2,2,4,11,0.1,2,3,2,1,0,276.45,1,18,3,3,2,2,17,3,3,1,1
2,2,4,12,0.05,1,3,1,1,1,271.08,1,15,3,1,3,1,13,1,1,3,3
2,2,4,13,0.4,1,1,1,1,1,257.9,1,19,1,3,1,3,17,1,1,1,1
2,2,4,14,1.8,2,1,2,2,1,258.96,1,11,1,3,2,2,18,1,1,1,1
2,2,4,15,1.8,2,1,2,1,0,193.65,1,15,3,3,2,2,19,3,1,3,1
2,2,4,16,0.05,1,2,1,1,1,272.75,1,5,3,3,3,3,16,1,3,2,2
2,2,4,17,0.2,3,2,2,2,1,225,1,8,1,1,3,3,1,3,3,2,2
2,2,4,18,0.8,2,2,2,2,1,225.26,1,18,3,1,2,2,9,1,1,2,2
2,2,4,19,0.1,1,2,1,1,1,374.18,0,20,3,3,3,3,4,3,1,2,2
2,2,4,20,0.4,1,2,1,1,1,290.5,1,20,1,3,1,3,10,1,3,2,2
2,2,4,21,0.8,1,2,1,1,1,201.22,1,2,3,3,3,3,5,3,1,2,2
2,2,4,22,0.2,2,1,2,1,0,267.21,1,4,3,3,2,2,19,1,3,1,3
2,2,4,23,1.8,1,3,1,1,1,197.24,1,11,3,3,3,3,20,3,1,1,3
2,2,4,24,1.8,3,3,2,2,1,198.65,1,10,3,1,1,3,3,1,3,3,1
2,2,4,25,1.8,2,2,2,2,1,282.73,1,12,3,3,2,2,20,1,1,2,2
2,2,4,26,1.8,3,3,NaN,NaN,NaN,NaN,NaN,3,3,3,1,1,1,3,1,1,3
2,2,4,27,0.8,1,3,1,1,1,234.96,1,1,3,3,3,3,4,1,1,3,3
2,2,4,28,0.4,2,1,2,2,1,255.58,1,20,3,3,2,2,10,3,1,3,1
2,2,4,29,0.8,2,2,2,1,0,233.77,1,10,3,3,2,2,6,1,3,2,2
2,2,4,30,1.8,1,2,NaN,NaN,NaN,NaN,NaN,4,3,3,3,3,20,3,1,2,2
2,2,4,31,0.8,3,2,2,2,1,220.8,1,15,1,1,3,3,8,1,3,2,2
2,2,4,32,0.05,1,3,1,1,1,292.26,1,12,3,1,3,1,9,3,1,1,3
2,2,4,33,0.2,3,3,2,2,1,289.15,1,17,3,1,1,3,13,1,3,3,1
2,2,4,34,0.2,1,2,1,1,1,257.46,1,8,1,3,1,3,3,3,1,2,2
2,2,4,35,0.8,1,3,1,1,1,200.77,1,4,3,3,3,3,20,1,1,3,3
2,2,4,36,0.4,2,2,2,2,1,270.8,1,19,3,3,2,2,6,1,1,2,2
2,2,4,37,0.2,1,3,1,1,1,207.26,1,9,1,1,1,1,13,1,3,3,1
2,2,4,38,0.1,2,2,2,2,1,370.94,0,9,3,1,2,2,4,1,1,2,2
2,2,4,39,1.8,1,3,1,1,1,220.21,1,20,3,3,3,3,17,3,1,1,3
2,2,4,40,0.2,1,1,1,1,1,200.73,1,11,1,3,1,3,13,1,3,1,3
2,2,4,41,0.05,3,1,2,2,1,304,0,15,1,3,3,1,6,3,3,3,3
2,2,4,42,0.05,3,2,2,2,1,302.59,0,10,3,3,1,1,14,3,1,2,2
2,2,4,43,0.1,1,2,1,1,1,259.58,1,17,3,3,3,3,11,3,1,2,2
2,2,4,44,1.8,2,3,2,2,1,216.23,1,15,1,3,2,2,3,3,1,1,3
2,2,4,45,0.8,1,1,1,1,1,216.85,1,5,1,3,1,3,14,1,3,1,3
2,2,4,46,0.05,3,2,2,2,1,321.61,0,8,3,3,1,1,15,1,3,2,2
2,2,4,47,0.1,3,1,2,2,1,390.06,0,9,3,1,1,3,16,1,1,1,1
2,2,4,48,0.8,2,3,2,2,1,200.44,1,6,3,3,2,2,5,1,1,3,3
2,2,4,49,0.4,1,2,1,1,1,205.47,1,2,3,3,3,3,17,3,1,2,2
2,2,4,50,0.4,3,2,2,2,1,250.83,1,17,3,3,1,1,6,1,3,2,2
2,2,4,51,0.1,1,3,1,1,1,263.37,1,10,1,3,1,3,1,1,1,3,3
2,2,4,52,0.1,3,3,2,2,1,240.59,1,5,1,3,3,1,14,1,3,3,1
2,2,4,53,0.1,2,1,2,2,1,210.16,1,17,3,3,2,2,1,1,1,1,1
2,2,4,54,0.2,3,3,2,2,1,245.57,1,14,1,1,3,3,20,1,1,3,3
2,2,4,55,0.1,3,3,2,1,0,242.5,1,3,1,1,3,3,5,3,1,1,3
2,2,4,56,0.4,1,3,1,1,1,250.77,1,9,1,1,1,1,15,1,1,3,3
2,2,4,57,0.4,2,2,2,2,1,252.31,1,9,3,1,2,2,6,3,1,2,2
2,2,4,58,0.2,1,3,1,1,1,266.39,1,6,1,1,1,1,17,3,1,1,3
2,2,4,59,0.05,2,1,2,2,1,281.07,1,5,1,3,2,2,9,3,3,3,3
2,2,4,60,0.2,1,2,1,1,1,278.1,1,12,1,1,1,1,9,3,1,2,2
2,2,4,61,0.4,1,2,1,2,0,204.17,1,18,1,3,1,3,19,3,1,2,2
2,2,4,62,1.8,3,1,2,2,1,193.24,1,16,1,1,3,3,11,1,1,1,1
2,2,4,63,0.2,2,2,2,2,1,287.2,1,13,3,3,2,2,17,1,3,2,2
2,2,4,64,1.8,2,3,2,2,1,209.7,1,19,1,3,2,2,8,1,1,3,3
2,2,4,65,0.05,1,1,1,1,1,329.98,0,9,3,1,3,1,9,1,3,1,3
2,2,4,66,0.1,1,3,1,1,1,292.04,1,13,3,1,3,1,2,1,3,3,1
2,2,4,67,0.05,3,1,2,2,1,306.33,0,9,1,1,3,3,5,3,1,3,1
2,2,4,68,0.05,1,1,1,1,1,371.69,0,6,3,1,3,1,13,3,1,3,1
2,2,4,69,0.2,1,3,1,1,1,249.08,1,16,3,3,3,3,3,3,1,1,3
2,2,4,70,0.2,3,3,2,2,1,182.74,1,9,3,3,1,1,12,1,1,3,3
2,2,4,71,0.8,1,1,1,1,1,240.73,1,10,3,1,3,1,3,3,1,3,1
2,2,4,72,0.4,3,3,2,2,1,255.02,1,17,1,3,3,1,17,3,1,1,3
2,2,4,73,0.1,1,3,1,1,1,265.55,1,19,1,3,1,3,5,1,1,3,3
2,2,4,74,0.4,2,1,2,2,1,235.34,1,10,3,1,2,2,13,3,1,3,1
2,2,4,75,0.05,2,2,2,1,0,366.54,0,7,1,3,2,2,15,1,3,2,2
2,2,4,76,0.1,1,1,1,1,1,305.78,0,16,1,1,1,1,17,1,3,1,3
2,2,4,77,0.05,2,1,2,1,0,236.48,1,12,3,3,2,2,14,1,3,1,3
2,2,4,78,1.8,3,1,2,2,1,204.07,1,20,3,1,1,3,10,3,1,3,1
2,2,5,1,1.8,3,1,2,2,1,207.46,1,17,1,3,3,1,7,3,1,3,1
2,2,5,2,0.2,2,1,2,2,1,249.74,1,14,3,1,2,2,4,3,1,3,1
2,2,5,3,0.05,1,1,1,1,1,301.22,0,20,1,3,1,3,15,3,3,3,3
2,2,5,4,0.1,3,1,2,2,1,240.12,1,2,1,3,3,1,15,3,1,3,1
2,2,5,5,0.8,3,3,2,2,1,205.32,1,4,3,1,1,3,3,3,3,1,1
2,2,5,6,0.05,1,2,1,1,1,260.68,1,17,3,3,3,3,8,1,3,2,2
2,2,5,7,1.8,2,2,2,1,0,233.8,1,12,1,1,2,2,11,1,3,2,2
2,2,5,8,1.8,1,3,1,1,1,213.95,1,16,3,1,3,1,16,1,1,3,3
2,2,5,9,1.8,1,1,1,1,1,219.21,1,20,3,3,3,3,16,3,3,3,3
2,2,5,10,0.2,1,1,1,1,1,247.9,1,8,1,3,1,3,14,3,1,3,1
2,2,5,11,0.1,3,2,2,2,1,299.64,1,14,1,1,3,3,5,3,3,2,2
2,2,5,12,0.8,3,3,2,2,1,229.54,1,17,3,3,1,1,11,1,1,3,3
2,2,5,13,1.8,1,1,1,1,1,240.75,1,18,3,1,3,1,1,3,1,3,1
2,2,5,14,0.2,3,1,2,2,1,285.26,1,2,3,3,1,1,11,1,3,1,3
2,2,5,15,0.8,3,1,2,2,1,226.53,1,16,3,1,1,3,19,3,1,3,1
2,2,5,16,0.2,1,1,1,1,1,213.71,1,11,3,3,3,3,6,1,3,1,3
2,2,5,17,0.05,1,2,1,1,1,387.49,0,4,3,1,3,1,8,3,1,2,2
2,2,5,18,1.8,2,3,2,1,0,232.96,1,15,1,1,2,2,13,3,1,1,3
2,2,5,19,0.05,1,2,1,1,1,278.26,1,15,1,1,1,1,12,3,3,2,2
2,2,5,20,0.8,3,2,2,2,1,253.82,1,1,3,3,1,1,16,3,1,2,2
2,2,5,21,0.1,1,3,1,1,1,215.81,1,4,3,3,3,3,8,1,1,3,3
2,2,5,22,0.2,1,3,1,1,1,310.61,0,1,3,1,3,1,6,1,1,3,3
2,2,5,23,0.2,1,2,1,1,1,251.27,1,18,1,3,1,3,19,1,1,2,2
2,2,5,24,0.05,3,2,2,2,1,322.49,0,18,1,1,3,3,12,1,3,2,2
2,2,5,25,0.8,2,3,2,2,1,17.602,2,10,3,3,2,2,7,3,3,1,1
2,2,5,26,0.2,1,1,1,1,1,255.88,1,1,1,3,1,3,15,3,3,3,3
2,2,5,27,0.4,1,1,1,1,1,241.14,1,18,3,1,3,1,18,1,3,1,3
2,2,5,28,0.4,2,3,2,1,0,214.05,1,2,3,1,2,2,12,3,1,1,3
2,2,5,29,0.8,1,1,NaN,NaN,NaN,NaN,NaN,7,3,1,3,1,10,3,3,3,3
2,2,5,30,0.4,1,1,1,1,1,322.63,0,2,3,1,3,1,18,1,3,1,3
2,2,5,31,0.4,3,2,2,2,1,234.83,1,2,1,1,3,3,15,3,1,2,2
2,2,5,32,0.1,2,2,2,1,0,295.99,1,13,3,1,2,2,13,3,3,2,2
2,2,5,33,1.8,3,3,2,2,1,340.74,0,10,3,1,1,3,8,1,1,3,3
2,2,5,34,0.2,1,3,1,1,1,258.93,1,10,3,3,3,3,14,1,1,3,3
2,2,5,35,0.8,2,3,2,1,0,214.18,1,17,3,1,2,2,16,1,3,3,1
2,2,5,36,1.8,1,1,1,1,1,191.23,1,10,1,3,1,3,6,3,3,3,3
2,2,5,37,1.8,1,2,1,1,1,206.27,1,5,1,3,1,3,10,1,1,2,2
2,2,5,38,0.8,1,1,1,1,1,204.07,1,3,3,3,3,3,17,3,1,3,1
2,2,5,39,0.1,1,2,1,1,1,284.57,1,9,1,3,1,3,18,3,1,2,2
2,2,5,40,0.8,2,3,2,2,1,249.64,1,15,1,1,2,2,14,3,3,1,1
2,2,5,41,1.8,2,2,2,2,1,239.69,1,8,3,1,2,2,13,3,3,2,2
2,2,5,42,0.2,2,3,2,2,1,310.63,0,18,3,3,2,2,11,3,1,1,3
2,2,5,43,0.1,2,1,2,2,1,293.13,1,13,1,3,2,2,11,3,1,3,1
2,2,5,44,0.4,3,2,2,2,1,198.44,1,14,3,3,1,1,11,3,3,2,2
2,2,5,45,0.4,3,2,2,2,1,213.23,1,7,1,3,3,1,9,3,1,2,2
2,2,5,46,0.2,2,2,2,2,1,345.69,0,4,3,1,2,2,15,3,3,2,2
2,2,5,47,1.8,1,3,1,1,1,193.61,1,8,3,3,3,3,10,1,3,3,1
2,2,5,48,0.05,3,2,2,2,1,348.98,0,13,1,3,3,1,7,1,3,2,2
2,2,5,49,0.05,3,2,2,2,1,369.03,0,7,1,1,3,3,1,1,3,2,2
2,2,5,50,0.4,3,2,2,2,1,256.9,1,12,1,1,3,3,9,3,3,2,2
2,2,5,51,0.05,2,1,2,2,1,297.93,1,9,1,3,2,2,20,3,3,3,3
2,2,5,52,0.4,3,3,2,2,1,251.57,1,5,1,1,3,3,9,1,1,3,3
2,2,5,53,0.2,1,3,1,1,1,239.91,1,3,3,1,3,1,17,3,3,1,1
2,2,5,54,0.2,1,1,1,1,1,231.81,1,14,3,1,3,1,19,1,1,1,1
2,2,5,55,0.8,2,2,2,2,1,238.17,1,13,1,3,2,2,20,3,1,2,2
2,2,5,56,0.1,2,3,2,2,1,277.37,1,3,3,3,2,2,13,3,1,1,3
2,2,5,57,0.8,1,1,1,1,1,214.82,1,1,1,1,1,1,1,1,1,1,1
2,2,5,58,0.1,1,1,1,1,1,306.36,0,8,3,1,3,1,7,3,1,3,1
2,2,5,59,0.8,3,3,2,2,1,209.99,1,2,3,3,1,1,16,3,1,1,3
2,2,5,60,0.05,1,1,1,1,1,446.17,0,18,3,3,3,3,16,1,1,1,1
2,2,5,61,0.2,1,2,1,1,1,226.39,1,1,1,1,1,1,9,3,3,2,2
2,2,5,62,0.1,1,3,1,1,1,262.31,1,11,1,1,1,1,6,3,1,1,3
2,2,5,63,0.4,3,3,2,2,1,305.08,0,9,1,3,3,1,6,3,1,1,3
2,2,5,64,0.05,3,3,2,2,1,415.22,0,3,3,1,1,3,3,1,3,3,1
2,2,5,65,0.05,1,2,1,1,1,273.04,1,20,3,1,3,1,3,3,3,2,2
2,2,5,66,0.05,2,2,2,2,1,274.17,1,3,3,3,2,2,12,3,1,2,2
2,2,5,67,0.05,1,1,1,1,1,218.95,1,17,3,1,3,1,7,3,3,3,3
2,2,5,68,0.1,2,1,2,2,1,283.09,1,7,1,1,2,2,10,1,3,1,3
2,2,5,69,0.4,1,3,1,1,1,211.92,1,2,1,1,1,1,10,1,1,3,3
2,2,5,70,0.4,3,2,2,2,1,289.38,1,18,3,1,1,3,15,3,1,2,2
2,2,5,71,0.1,1,3,1,1,1,304.32,0,8,3,1,3,1,9,1,1,3,3
2,2,5,72,0.8,2,2,2,2,1,197.39,1,1,3,3,2,2,10,1,3,2,2
2,2,5,73,0.4,1,2,1,1,1,213.01,1,13,3,3,3,3,2,3,1,2,2
2,2,5,74,0.1,2,3,2,1,0,306.42,0,16,3,1,2,2,19,3,1,1,3
2,2,5,75,0.1,1,2,1,1,1,269.99,1,5,1,3,1,3,7,3,1,2,2
2,2,5,76,1.8,1,2,1,1,1,193.2,1,7,3,3,3,3,5,3,3,2,2
2,2,5,77,1.8,1,2,NaN,NaN,NaN,NaN,NaN,19,3,1,3,1,8,1,1,2,2
2,2,5,78,0.4,1,3,1,1,1,254.51,1,3,1,1,1,1,10,3,3,1,1
2,2,6,1,0.1,1,1,1,1,1,261.38,1,19,3,3,3,3,5,3,1,3,1
2,2,6,2,0.8,2,3,2,2,1,190.67,1,8,1,3,2,2,10,3,1,1,3
2,2,6,3,1.8,1,2,1,1,1,225.12,1,13,1,3,1,3,14,3,1,2,2
2,2,6,4,0.1,1,2,1,1,1,269.72,1,1,1,1,1,1,13,1,3,2,2
2,2,6,5,0.8,1,3,1,1,1,187.25,1,1,1,1,1,1,11,3,3,1,1
2,2,6,6,0.8,3,2,2,2,1,193.64,1,4,3,1,1,3,13,3,3,2,2
2,2,6,7,0.4,2,1,2,2,1,250.63,1,20,3,3,2,2,18,3,1,3,1
2,2,6,8,0.4,1,3,1,1,1,226.08,1,19,3,3,3,3,5,3,3,1,1
2,2,6,9,1.8,2,2,2,2,1,187.23,1,19,1,1,2,2,11,3,1,2,2
2,2,6,10,0.05,2,1,2,1,0,338.03,0,3,1,3,2,2,19,1,1,1,1
2,2,6,11,0.05,1,1,1,1,1,327.54,0,2,3,1,3,1,13,1,3,1,3
2,2,6,12,1.8,3,3,2,2,1,173.43,1,13,3,1,1,3,18,1,3,3,1
2,2,6,13,1.8,1,1,1,1,1,193.87,1,18,3,1,3,1,10,1,1,1,1
2,2,6,14,0.1,1,2,1,1,1,274.45,1,20,1,1,1,1,1,3,3,2,2
2,2,6,15,0.4,1,1,1,1,1,234.59,1,16,1,3,1,3,10,3,1,3,1
2,2,6,16,0.2,3,3,2,2,1,247.85,1,14,3,3,1,1,17,3,3,1,1
2,2,6,17,0.05,2,3,2,1,0,292.43,1,10,3,3,2,2,11,1,1,3,3
2,2,6,18,0.05,1,3,1,2,0,345.85,0,8,1,1,1,1,12,3,3,1,1
2,2,6,19,0.4,2,2,2,1,0,246.55,1,12,3,3,2,2,1,3,1,2,2
2,2,6,20,0.2,3,2,2,2,1,262.98,1,14,1,1,3,3,2,3,1,2,2
2,2,6,21,0.1,1,1,1,1,1,252.72,1,8,3,1,3,1,8,3,1,3,1
2,2,6,22,0.05,1,2,1,1,1,283.19,1,3,3,1,3,1,1,1,1,2,2
2,2,6,23,1.8,1,3,1,1,1,182.15,1,18,3,1,3,1,14,1,3,3,1
2,2,6,24,0.8,2,1,2,2,1,209.86,1,9,3,3,2,2,8,1,1,1,1
2,2,6,25,1.8,1,3,1,2,0,201.68,1,13,1,3,1,3,6,3,1,1,3
2,2,6,26,0.05,1,1,1,1,1,288.11,1,2,3,1,3,1,18,1,1,1,1
2,2,6,27,0.8,1,3,1,1,1,242.97,1,5,3,3,3,3,16,3,3,1,1
2,2,6,28,1.8,1,1,1,1,1,204.45,1,4,1,3,1,3,6,3,1,3,1
2,2,6,29,1.8,1,3,1,2,0,214.35,1,1,3,3,3,3,7,3,3,1,1
2,2,6,30,0.8,3,2,2,2,1,206.78,1,15,3,3,1,1,1,3,3,2,2
2,2,6,31,0.1,2,2,2,1,0,291.96,1,18,1,1,2,2,10,3,3,2,2
2,2,6,32,0.2,3,3,2,2,1,267.91,1,12,1,1,3,3,19,3,1,1,3
2,2,6,33,0.4,1,1,1,2,0,223.61,1,14,1,3,1,3,13,3,1,3,1
2,2,6,34,0.2,1,3,1,1,1,262.84,1,16,3,1,3,1,15,1,1,3,3
2,2,6,35,0.4,1,3,1,1,1,210.1,1,1,1,1,1,1,9,1,1,3,3
2,2,6,36,0.4,1,3,1,1,1,212.19,1,1,3,3,3,3,7,1,3,3,1
2,2,6,37,0.05,3,2,2,2,1,314.69,0,3,3,1,1,3,4,1,1,2,2
2,2,6,38,0.4,2,1,2,1,0,251.27,1,20,3,1,2,2,16,3,3,3,3
2,2,6,39,0.2,1,3,1,1,1,239.54,1,15,3,1,3,1,6,1,1,3,3
2,2,6,40,0.2,1,2,1,1,1,247.89,1,4,1,1,1,1,2,3,1,2,2
2,2,6,41,0.4,1,3,1,1,1,40.987,2,2,3,1,3,1,3,3,3,1,1
2,2,6,42,0.05,1,3,1,1,1,309.69,0,12,3,3,3,3,10,1,1,3,3
2,2,6,43,0.8,2,2,2,2,1,224.49,1,13,1,3,2,2,7,1,1,2,2
2,2,6,44,1.8,1,1,1,1,1,202.26,1,5,3,1,3,1,2,3,3,3,3
2,2,6,45,0.05,1,3,1,1,1,301.25,0,11,3,1,3,1,1,1,1,3,3
2,2,6,46,0.05,3,1,2,2,1,324.42,0,6,1,3,3,1,8,1,3,1,3
2,2,6,47,0.8,1,3,1,1,1,201.09,1,2,1,3,1,3,15,3,1,1,3
2,2,6,48,1.8,1,3,1,1,1,195.11,1,20,3,1,3,1,1,1,1,3,3
2,2,6,49,0.4,1,1,1,1,1,241.13,1,18,3,1,3,1,13,3,1,3,1
2,2,6,50,0.2,3,2,2,2,1,276.31,1,6,3,3,1,1,8,1,1,2,2
2,2,6,51,0.8,1,1,1,1,1,214.05,1,6,3,1,3,1,19,3,3,3,3
2,2,6,52,0.4,2,1,2,2,1,200.31,1,16,1,3,2,2,14,3,1,3,1
2,2,6,53,0.2,2,1,2,2,1,278.73,1,2,1,3,2,2,19,1,1,1,1
2,2,6,54,0.2,1,3,1,1,1,207.91,1,5,1,3,1,3,16,3,3,1,1
2,2,6,55,1.8,2,1,2,1,0,193.73,1,14,1,1,2,2,3,1,3,1,3
2,2,6,56,0.1,3,3,2,2,1,293.16,1,14,1,3,3,1,10,3,1,1,3
2,2,6,57,1.8,3,2,2,2,1,186.31,1,10,1,3,3,1,18,3,3,2,2
2,2,6,58,0.8,2,3,2,2,1,243.31,1,13,3,1,2,2,11,3,1,1,3
2,2,6,59,0.8,1,2,1,1,1,148.49,1,18,1,1,1,1,6,3,3,2,2
2,2,6,60,0.1,3,3,2,2,1,308.69,0,12,1,3,3,1,14,3,1,1,3
2,2,6,61,0.1,2,1,2,2,1,309.21,0,13,1,3,2,2,14,3,1,3,1
2,2,6,62,0.05,2,2,2,2,1,341.4,0,1,3,3,2,2,4,3,3,2,2
2,2,6,63,0.2,1,1,1,1,1,206.61,1,12,1,3,1,3,12,1,1,1,1
2,2,6,64,0.05,1,2,1,1,1,247.45,1,18,3,3,3,3,6,1,1,2,2
2,2,6,65,0.2,1,1,1,1,1,241.13,1,20,1,1,1,1,13,1,1,1,1
2,2,6,66,0.1,3,2,2,2,1,288.64,1,8,3,1,1,3,9,1,3,2,2
2,2,6,67,0.2,3,3,2,2,1,266.96,1,12,3,1,1,3,19,3,3,1,1
2,2,6,68,0.1,2,1,2,1,0,200.86,1,18,3,1,2,2,11,1,1,1,1
2,2,6,69,0.1,3,2,2,2,1,247.86,1,10,1,3,3,1,13,3,1,2,2
2,2,6,70,1.8,1,3,1,1,1,194.73,1,5,1,1,1,1,7,3,3,1,1
2,2,6,71,0.1,3,2,2,2,1,283.9,1,7,3,3,1,1,14,3,3,2,2
2,2,6,72,0.8,2,3,2,1,0,208.77,1,13,3,3,2,2,1,1,3,3,1
2,2,6,73,0.8,3,3,NaN,NaN,NaN,NaN,NaN,6,3,3,1,1,13,1,3,3,1
2,2,6,74,0.2,2,3,2,2,1,264.81,1,20,1,1,2,2,7,3,3,1,1
2,2,6,75,0.4,1,3,1,1,1,230.71,1,8,1,3,1,3,2,3,3,1,1
2,2,6,76,0.4,2,2,2,2,1,245.19,1,17,1,3,2,2,16,3,1,2,2
2,2,6,77,0.1,3,1,2,2,1,311.73,0,14,1,3,3,1,15,3,1,3,1
2,2,6,78,0.05,1,2,1,1,1,273.7,1,2,1,3,1,3,11,1,1,2,2
2,2,7,1,0.4,2,1,2,2,1,211.28,1,9,3,1,2,2,15,3,1,3,1
2,2,7,2,0.2,1,3,1,1,1,211.13,1,17,1,3,1,3,20,3,1,1,3
2,2,7,3,1.8,1,1,1,1,1,184.48,1,11,3,1,3,1,8,1,3,1,3
2,2,7,4,0.4,2,2,2,2,1,147.68,1,8,1,3,2,2,4,1,1,2,2
2,2,7,5,0.05,1,3,1,1,1,240.43,1,8,1,1,1,1,2,3,3,1,1
2,2,7,6,0.4,2,3,2,2,1,215.49,1,9,3,3,2,2,15,3,1,1,3
2,2,7,7,0.4,2,2,2,2,1,244.78,1,18,3,1,2,2,10,3,3,2,2
2,2,7,8,0.05,2,1,2,2,1,306.87,0,14,1,3,2,2,7,3,1,3,1
2,2,7,9,0.1,1,1,1,1,1,257.67,1,7,1,3,1,3,11,1,3,1,3
2,2,7,10,0.8,2,3,2,2,1,209.92,1,10,1,1,2,2,11,1,1,3,3
2,2,7,11,0.05,1,1,1,1,1,292.75,1,15,3,1,3,1,19,3,3,3,3
2,2,7,12,0.8,3,2,2,2,1,211.27,1,18,1,3,3,1,18,1,3,2,2
2,2,7,13,1.8,2,2,NaN,NaN,NaN,NaN,NaN,12,3,1,2,2,20,3,1,2,2
2,2,7,14,0.8,2,3,2,2,1,203.59,1,4,1,3,2,2,18,1,3,3,1
2,2,7,15,0.1,3,2,2,2,1,368.92,0,19,3,1,1,3,6,1,3,2,2
2,2,7,16,0.1,2,2,2,1,0,303.78,0,7,3,3,2,2,16,3,1,2,2
2,2,7,17,0.2,3,2,2,2,1,305.52,0,10,3,1,1,3,20,1,3,2,2
2,2,7,18,0.1,1,3,1,1,1,257.2,1,8,3,1,3,1,8,1,1,3,3
2,2,7,19,0.05,2,2,2,2,1,320.45,0,14,3,3,2,2,17,1,3,2,2
2,2,7,20,1.8,1,1,NaN,NaN,NaN,NaN,NaN,2,3,3,3,3,17,1,1,1,1
2,2,7,21,0.05,2,1,2,2,1,267.95,1,6,1,3,2,2,12,1,1,1,1
2,2,7,22,0.2,1,1,1,1,1,189.18,1,3,3,1,3,1,15,3,3,3,3
2,2,7,23,0.1,3,3,2,2,1,235.78,1,19,1,3,3,1,15,3,3,1,1
2,2,7,24,0.8,2,3,2,2,1,190.41,1,20,1,3,2,2,13,1,1,3,3
2,2,7,25,1.8,1,1,NaN,NaN,NaN,NaN,NaN,5,3,3,3,3,16,1,3,1,3
2,2,7,26,1.8,2,1,2,2,1,221.74,1,16,1,3,2,2,1,3,3,3,3
2,2,7,27,0.8,1,2,1,1,1,204.68,1,8,1,3,1,3,2,1,1,2,2
2,2,7,28,0.05,3,1,2,2,1,273.51,1,16,1,1,3,3,16,3,3,3,3
2,2,7,29,1.8,1,2,1,1,1,206.32,1,20,3,3,3,3,2,1,1,2,2
2,2,7,30,0.05,1,2,1,2,0,298.58,1,18,1,3,1,3,1,1,3,2,2
2,2,7,31,1.8,2,1,2,1,0,208.5,1,18,3,1,2,2,2,1,3,1,3
2,2,7,32,0.05,2,3,2,1,0,293.23,1,15,1,3,2,2,10,1,1,3,3
2,2,7,33,0.4,3,3,2,2,1,231.33,1,14,1,3,3,1,20,1,3,3,1
2,2,7,34,0.1,3,3,2,2,1,303.59,0,20,3,3,1,1,3,3,1,1,3
2,2,7,35,0.8,3,1,2,2,1,217.57,1,7,1,3,3,1,6,1,3,1,3
2,2,7,36,0.8,2,2,2,1,0,186.42,1,9,1,3,2,2,17,1,1,2,2
2,2,7,37,0.2,1,3,1,1,1,199.27,1,8,1,3,1,3,5,1,1,3,3
2,2,7,38,0.1,3,1,2,2,1,308.63,0,11,1,3,3,1,16,1,1,1,1
2,2,7,39,0.4,1,1,1,1,1,266.29,1,7,1,1,1,1,16,1,1,1,1
2,2,7,40,0.4,2,3,2,2,1,218.44,1,20,1,3,2,2,1,3,3,1,1
2,2,7,41,0.2,2,3,2,2,1,284.86,1,6,1,3,2,2,19,3,1,1,3
2,2,7,42,0.2,3,3,2,2,1,263.28,1,5,1,3,3,1,19,3,3,1,1
2,2,7,43,0.05,1,3,1,2,0,317.06,0,8,1,1,1,1,15,3,3,1,1
2,2,7,44,1.8,1,3,1,1,1,234.59,1,8,1,3,1,3,9,3,3,1,1
2,2,7,45,0.1,1,3,1,1,1,262.53,1,13,1,1,1,1,5,1,1,3,3
2,2,7,46,0.8,3,1,2,2,1,200.45,1,14,3,1,1,3,1,3,1,3,1
2,2,7,47,0.1,1,1,1,1,1,243.55,1,11,1,3,1,3,9,1,3,1,3
2,2,7,48,1.8,1,3,1,1,1,207.54,1,3,1,3,1,3,19,1,1,3,3
2,2,7,49,0.8,2,2,2,1,0,232.14,1,12,3,1,2,2,1,3,1,2,2
2,2,7,50,0.2,1,1,1,1,1,268.1,1,4,1,1,1,1,18,3,3,3,3
2,2,7,51,1.8,2,3,2,2,1,236.8,1,17,3,1,2,2,7,3,3,1,1
2,2,7,52,1.8,2,3,NaN,NaN,NaN,NaN,NaN,6,1,1,2,2,3,3,1,1,3
2,2,7,53,0.1,2,1,2,2,1,335.58,0,13,1,1,2,2,3,1,3,1,3
2,2,7,54,0.05,1,2,1,1,1,336.98,0,8,1,1,1,1,20,1,1,2,2
2,2,7,55,0.8,3,2,2,2,1,246.67,1,17,1,1,3,3,10,3,3,2,2
2,2,7,56,1.8,3,3,2,2,1,198.72,1,7,1,3,3,1,18,1,3,3,1
2,2,7,57,0.2,2,3,2,2,1,266.69,1,1,1,3,2,2,11,3,1,1,3
2,2,7,58,0.1,1,2,1,1,1,271.89,1,14,1,1,1,1,9,3,1,2,2
2,2,7,59,0.1,1,2,1,1,1,229.05,1,4,1,1,1,1,5,3,3,2,2
2,2,7,60,0.2,1,1,1,1,1,259.86,1,12,1,3,1,3,18,3,1,3,1
2,2,7,61,0.4,3,3,2,2,1,212.71,1,3,3,3,1,1,1,1,3,3,1
2,2,7,62,0.8,1,3,1,1,1,268.57,1,19,3,3,3,3,10,3,1,1,3
2,2,7,63,0.05,1,3,1,1,1,318.54,0,16,3,3,3,3,20,1,3,3,1
2,2,7,64,0.2,3,3,2,2,1,646.45,0,5,3,3,1,1,14,1,1,3,3
2,2,7,65,0.2,1,3,1,1,1,244.27,1,6,3,1,3,1,4,1,3,3,1
2,2,7,66,0.05,1,2,1,1,1,261.79,1,14,1,3,1,3,4,3,3,2,2
2,2,7,67,0.8,1,1,1,1,1,218.15,1,18,1,3,1,3,2,3,3,3,3
2,2,7,68,0.05,3,3,2,2,1,284.19,1,14,3,1,1,3,3,1,3,3,1
2,2,7,69,0.4,3,1,2,2,1,347.37,0,14,3,1,1,3,7,1,1,1,1
2,2,7,70,1.8,1,3,1,1,1,335.25,0,16,1,1,1,1,17,1,3,3,1
2,2,7,71,0.4,3,1,2,2,1,266.31,1,17,3,3,1,1,7,1,1,1,1
2,2,7,72,0.8,1,1,1,1,1,198.17,1,19,1,1,1,1,8,3,1,3,1
2,2,7,73,0.4,3,1,2,2,1,161.29,1,13,1,1,3,3,17,3,3,3,3
2,2,7,74,0.2,1,2,1,1,1,223.94,1,14,1,1,1,1,11,1,3,2,2
2,2,7,75,0.4,3,2,2,2,1,261.87,1,12,3,3,1,1,5,3,1,2,2
2,2,7,76,0.1,3,2,2,2,1,323.68,0,7,1,3,3,1,2,1,3,2,2
2,2,7,77,0.4,2,3,2,1,0,226.19,1,11,3,1,2,2,7,3,1,1,3
2,2,7,78,0.2,1,2,1,1,1,281.64,1,10,1,3,1,3,1,1,3,2,2
2,2,8,1,0.2,1,1,1,1,1,212,1,17,3,3,3,3,10,3,1,3,1
2,2,8,2,0.1,2,3,2,1,0,271.36,1,14,1,3,2,2,14,1,3,3,1
2,2,8,3,0.8,3,1,NaN,NaN,NaN,NaN,NaN,12,1,3,3,1,8,1,3,1,3
2,2,8,4,0.4,1,2,1,1,1,232.53,1,13,3,1,3,1,5,1,3,2,2
2,2,8,5,0.8,1,1,1,1,1,194.36,1,1,1,3,1,3,3,3,1,3,1
2,2,8,6,0.05,3,2,2,2,1,290.87,1,12,1,3,3,1,18,3,3,2,2
2,2,8,7,0.4,2,3,2,2,1,273.41,1,20,3,3,2,2,10,1,1,3,3
2,2,8,8,1.8,1,3,NaN,NaN,NaN,NaN,NaN,14,1,3,1,3,17,3,3,1,1
2,2,8,9,0.8,3,1,2,2,1,259.96,1,8,1,1,3,3,12,3,1,3,1
2,2,8,10,0.1,2,2,2,1,0,265.5,1,5,3,3,2,2,1,1,1,2,2
2,2,8,11,0.8,3,1,2,2,1,215.81,1,4,3,1,1,3,2,1,1,1,1
2,2,8,12,0.8,1,2,1,1,1,235.18,1,17,3,3,3,3,3,1,3,2,2
2,2,8,13,0.4,2,3,2,2,1,254.88,1,9,3,1,2,2,13,1,1,3,3
2,2,8,14,0.1,3,3,2,2,1,415.69,0,11,1,3,3,1,5,1,1,3,3
2,2,8,15,0.4,3,3,2,2,1,254.62,1,5,3,1,1,3,4,1,3,3,1
2,2,8,16,1.8,1,3,1,1,1,208.55,1,20,3,3,3,3,11,3,1,1,3
2,2,8,17,1.8,3,1,2,2,1,256.36,1,7,1,3,3,1,3,3,1,3,1
2,2,8,18,0.8,1,2,1,1,1,288.35,1,13,3,1,3,1,15,3,3,2,2
2,2,8,19,1.8,1,1,1,1,1,221.63,1,8,3,1,3,1,3,3,3,3,3
2,2,8,20,0.2,2,1,2,2,1,313.79,0,17,1,3,2,2,8,1,3,1,3
2,2,8,21,0.4,1,2,1,1,1,268.59,1,17,3,1,3,1,1,3,1,2,2
2,2,8,22,0.8,3,2,2,2,1,210.61,1,11,3,1,1,3,11,3,1,2,2
2,2,8,23,0.4,1,3,1,1,1,300.69,0,8,1,3,1,3,16,3,3,1,1
2,2,8,24,0.2,1,2,1,1,1,258.04,1,4,1,1,1,1,12,1,3,2,2
2,2,8,25,0.05,3,3,2,2,1,304.88,0,3,3,3,1,1,6,1,1,3,3
2,2,8,26,0.4,2,1,2,1,0,246.24,1,8,3,1,2,2,17,3,1,3,1
2,2,8,27,0.1,1,1,1,1,1,263.79,1,6,1,3,1,3,15,3,1,3,1
2,2,8,28,0.05,1,2,1,1,1,298.7,1,7,3,1,3,1,5,1,3,2,2
2,2,8,29,0.4,3,1,2,2,1,212.8,1,15,3,1,1,3,12,3,3,3,3
2,2,8,30,0.05,1,1,1,1,1,291.31,1,9,1,3,1,3,10,1,1,1,1
2,2,8,31,0.1,1,3,1,1,1,259.73,1,18,1,1,1,1,9,3,1,1,3
2,2,8,32,0.2,1,1,1,1,1,238.02,1,15,3,1,3,1,3,1,1,1,1
2,2,8,33,0.2,2,1,2,2,1,278.36,1,20,3,1,2,2,1,1,3,1,3
2,2,8,34,1.8,2,1,2,2,1,286.45,1,6,1,1,2,2,16,1,1,1,1
2,2,8,35,0.1,1,2,1,1,1,288.09,1,5,1,1,1,1,4,3,1,2,2
2,2,8,36,1.8,1,3,1,1,1,233.83,1,20,3,1,3,1,8,1,1,3,3
2,2,8,37,0.2,2,3,2,2,1,285.35,1,19,1,1,2,2,5,1,3,3,1
2,2,8,38,0.8,2,1,2,2,1,216.06,1,8,3,3,2,2,2,3,3,3,3
2,2,8,39,0.05,1,1,1,1,1,301.69,0,8,1,1,1,1,1,3,3,3,3
2,2,8,40,0.1,3,1,2,2,1,306.58,0,5,1,1,3,3,8,3,3,3,3
2,2,8,41,0.1,3,3,2,2,1,389.91,0,20,1,3,3,1,10,1,1,3,3
2,2,8,42,0.4,2,3,2,2,1,268.68,1,6,1,1,2,2,3,1,1,3,3
2,2,8,43,0.8,1,1,1,1,1,229.28,1,2,1,3,1,3,2,1,1,1,1
2,2,8,44,0.8,1,2,1,1,1,233.4,1,13,3,3,3,3,9,1,1,2,2
2,2,8,45,0.1,2,3,2,2,1,333.04,0,7,1,1,2,2,17,1,1,3,3
2,2,8,46,0.2,1,2,1,1,1,252.33,1,18,3,3,3,3,1,1,1,2,2
2,2,8,47,1.8,1,3,1,1,1,215.14,1,8,1,1,1,1,16,1,3,3,1
2,2,8,48,0.8,3,3,2,2,1,259.77,1,13,3,1,1,3,7,1,1,3,3
2,2,8,49,0.2,1,3,1,1,1,269.52,1,14,3,3,3,3,12,1,3,3,1
2,2,8,50,0.05,3,1,2,2,1,312.4,0,3,3,1,1,3,14,3,3,3,3
2,2,8,51,0.4,3,1,2,2,1,224.69,1,10,1,1,3,3,9,1,1,1,1
2,2,8,52,1.8,1,2,1,1,1,196.85,1,6,3,3,3,3,3,1,1,2,2
2,2,8,53,0.8,1,3,1,1,1,203.46,1,8,3,3,3,3,12,1,1,3,3
2,2,8,54,0.05,2,2,2,2,1,364.02,0,19,1,1,2,2,6,1,1,2,2
2,2,8,55,0.05,3,2,2,2,1,288.52,1,5,1,3,3,1,6,1,3,2,2
2,2,8,56,0.1,1,2,1,1,1,280.88,1,6,3,1,3,1,11,1,1,2,2
2,2,8,57,0.1,1,2,1,2,0,300.47,0,11,1,3,1,3,2,3,3,2,2
2,2,8,58,1.8,1,2,1,1,1,217.25,1,9,3,3,3,3,13,3,3,2,2
2,2,8,59,0.05,1,3,1,1,1,268.48,1,17,3,3,3,3,16,3,1,1,3
2,2,8,60,0.05,3,1,2,2,1,336.04,0,13,1,3,3,1,6,1,1,1,1
2,2,8,61,0.2,2,2,2,1,0,258.19,1,8,1,1,2,2,2,1,1,2,2
2,2,8,62,0.2,3,1,2,2,1,292.97,1,20,3,1,1,3,11,1,3,1,3
2,2,8,63,0.1,2,3,2,1,0,323.72,0,4,1,3,2,2,20,1,3,3,1
2,2,8,64,0.1,1,2,1,1,1,279.15,1,9,3,1,3,1,7,1,3,2,2
2,2,8,65,0.05,1,3,1,1,1,268.93,1,7,3,3,3,3,12,1,1,3,3
2,2,8,66,0.4,3,2,2,2,1,202.56,1,9,3,1,1,3,13,1,3,2,2
2,2,8,67,1.8,2,1,NaN,NaN,NaN,NaN,NaN,14,1,1,2,2,18,1,1,1,1
2,2,8,68,0.05,3,2,2,2,1,308.5,0,9,3,1,1,3,4,3,1,2,2
2,2,8,69,1.8,2,2,2,2,1,162.01,1,9,3,3,2,2,4,1,1,2,2
2,2,8,70,0.2,2,3,2,2,1,261.89,1,4,3,1,2,2,5,1,1,3,3
2,2,8,71,0.4,1,3,1,1,1,234.47,1,14,3,3,3,3,3,3,1,1,3
2,2,8,72,1.8,1,2,1,1,1,192.94,1,4,1,3,1,3,9,3,1,2,2
2,2,8,73,0.2,1,1,1,1,1,219.66,1,18,3,1,3,1,15,3,1,3,1
2,2,8,74,0.2,1,3,1,1,1,209.59,1,19,3,1,3,1,17,3,1,1,3
2,2,8,75,1.8,3,2,NaN,NaN,NaN,NaN,NaN,8,3,3,1,1,15,1,3,2,2
2,2,8,76,0.05,3,1,2,2,1,351.16,0,5,1,1,3,3,14,1,3,1,3
2,2,8,77,0.4,1,3,1,1,1,235.17,1,8,3,1,3,1,13,1,1,3,3
2,2,8,78,0.8,1,2,1,1,1,234.46,1,10,1,1,1,1,6,3,1,2,2
2,2,9,1,0.8,2,3,2,2,1,209.38,1,16,1,3,2,2,17,3,1,1,3
2,2,9,2,0.8,1,2,1,1,1,209.48,1,1,1,1,1,1,8,3,3,2,2
2,2,9,3,0.4,1,3,1,1,1,203.76,1,10,3,1,3,1,2,3,1,1,3
2,2,9,4,0.8,2,3,2,1,0,187.73,1,1,1,1,2,2,7,3,3,1,1
2,2,9,5,0.05,2,3,2,1,0,264.06,1,18,1,1,2,2,10,1,3,3,1
2,2,9,6,1.8,3,1,2,2,1,233.79,1,7,1,3,3,1,7,1,1,1,1
2,2,9,7,0.1,1,2,1,1,1,255.78,1,3,1,3,1,3,12,3,3,2,2
2,2,9,8,0.4,3,2,2,2,1,220.84,1,7,1,3,3,1,18,3,1,2,2
2,2,9,9,1.8,1,2,NaN,NaN,NaN,NaN,NaN,12,1,3,1,3,2,3,3,2,2
2,2,9,10,0.8,1,1,1,1,1,260.83,1,14,3,3,3,3,17,1,1,1,1
2,2,9,11,0.1,1,1,1,1,1,240.94,1,14,3,1,3,1,7,3,1,3,1
2,2,9,12,0.2,3,1,2,2,1,286.33,1,5,3,3,1,1,12,3,1,3,1
2,2,9,13,0.4,2,2,2,1,0,261.75,1,11,3,1,2,2,5,3,1,2,2
2,2,9,14,1.8,1,1,1,1,1,241.93,1,4,3,3,3,3,9,3,3,3,3
2,2,9,15,0.8,3,2,2,2,1,194.5,1,15,1,3,3,1,11,3,3,2,2
2,2,9,16,0.2,1,1,1,1,1,216.24,1,17,3,1,3,1,15,1,1,1,1
2,2,9,17,0.1,1,2,1,1,1,248.62,1,6,1,3,1,3,6,3,3,2,2
2,2,9,18,0.1,1,1,1,1,1,270.61,1,13,3,3,3,3,4,1,1,1,1
2,2,9,19,0.05,1,1,1,1,1,290.18,1,11,3,1,3,1,18,3,1,3,1
2,2,9,20,0.1,1,3,1,1,1,256.09,1,12,1,1,1,1,13,1,3,3,1
2,2,9,21,0.2,2,3,2,2,1,303.72,0,3,1,1,2,2,6,3,3,1,1
2,2,9,22,0.2,3,3,2,2,1,272.92,1,6,3,3,1,1,2,3,1,1,3
2,2,9,23,0.8,1,3,1,1,1,236.24,1,13,3,1,3,1,16,3,3,1,1
2,2,9,24,0.4,2,2,2,1,0,215.62,1,1,3,1,2,2,17,3,3,2,2
2,2,9,25,0.1,3,1,2,2,1,297.76,1,8,1,1,3,3,14,3,1,3,1
2,2,9,26,1.8,3,1,2,2,1,212.03,1,16,3,3,1,1,15,3,1,3,1
2,2,9,27,0.4,1,1,1,1,1,252.59,1,20,3,3,3,3,6,1,3,1,3
2,2,9,28,0.8,2,1,2,2,1,225.47,1,17,1,3,2,2,18,1,3,1,3
2,2,9,29,0.1,1,3,1,1,1,282.53,1,10,3,1,3,1,18,1,1,3,3
2,2,9,30,0.4,2,1,2,1,0,233.57,1,10,1,3,2,2,12,1,1,1,1
2,2,9,31,0.05,1,3,1,1,1,265.09,1,19,3,1,3,1,14,3,1,1,3
2,2,9,32,0.05,2,2,2,1,0,288.79,1,10,3,1,2,2,16,1,1,2,2
2,2,9,33,0.2,2,2,2,2,1,283.66,1,9,3,3,2,2,9,1,1,2,2
2,2,9,34,0.2,3,3,2,2,1,313.4,0,4,3,3,1,1,10,1,1,3,3
2,2,9,35,0.8,1,2,1,1,1,209.43,1,14,3,1,3,1,14,3,3,2,2
2,2,9,36,0.8,1,2,1,1,1,251.64,1,10,3,3,3,3,17,3,1,2,2
2,2,9,37,0.4,2,1,2,2,1,263.32,1,6,3,1,2,2,2,3,1,3,1
2,2,9,38,0.8,3,1,2,2,1,210.03,1,11,3,3,1,1,19,1,3,1,3
2,2,9,39,0.1,2,3,2,1,0,332.3,0,5,3,3,2,2,13,1,1,3,3
2,2,9,40,0.1,2,1,2,2,1,264.87,1,13,1,1,2,2,13,3,3,3,3
2,2,9,41,0.1,2,2,2,2,1,289.3,1,10,1,3,2,2,9,1,3,2,2
2,2,9,42,1.8,3,3,2,2,1,195.11,1,3,1,1,3,3,11,1,1,3,3
2,2,9,43,0.1,1,1,1,1,1,243.29,1,2,1,1,1,1,8,3,1,3,1
2,2,9,44,0.2,1,1,1,1,1,299.3,1,14,1,1,1,1,9,3,3,3,3
2,2,9,45,0.2,1,2,1,1,1,222.78,1,20,3,3,3,3,1,1,1,2,2
2,2,9,46,0.05,1,2,1,1,1,272.55,1,8,1,3,1,3,13,3,1,2,2
2,2,9,47,0.05,1,1,1,1,1,281.5,1,10,1,3,1,3,16,3,3,3,3
2,2,9,48,0.05,3,2,2,2,1,326.64,0,11,1,1,3,3,15,3,1,2,2
2,2,9,49,0.4,2,3,2,1,0,214.14,1,4,3,3,2,2,5,1,1,3,3
2,2,9,50,0.8,2,1,2,2,1,200.81,1,10,1,3,2,2,2,3,1,3,1
2,2,9,51,0.8,1,3,1,1,1,219.59,1,2,3,1,3,1,6,3,3,1,1
2,2,9,52,0.2,3,1,2,2,1,268.57,1,8,3,3,1,1,4,1,3,1,3
2,2,9,53,0.05,1,2,1,1,1,282.35,1,8,3,3,3,3,13,3,1,2,2
2,2,9,54,0.2,1,1,1,1,1,288.12,1,19,1,3,1,3,1,1,3,1,3
2,2,9,55,0.2,3,1,2,2,1,201.15,1,5,3,1,1,3,9,3,1,3,1
2,2,9,56,0.4,1,3,1,1,1,204.1,1,1,3,1,3,1,18,1,1,3,3
2,2,9,57,0.2,2,1,2,1,0,258.13,1,5,1,1,2,2,15,3,3,3,3
2,2,9,58,0.4,1,2,1,1,1,58.678,2,7,1,3,1,3,8,3,3,2,2
2,2,9,59,0.05,1,2,1,2,0,278.74,1,20,1,1,1,1,9,1,3,2,2
2,2,9,60,1.8,2,2,2,2,1,202.57,1,5,1,3,2,2,2,1,3,2,2
2,2,9,61,1.8,1,1,1,1,1,204.84,1,13,1,3,1,3,9,3,3,3,3
2,2,9,62,1.8,3,2,2,1,0,204.34,1,12,3,3,1,1,17,1,1,2,2
2,2,9,63,1.8,1,1,1,2,0,182.01,1,9,3,3,3,3,15,1,1,1,1
2,2,9,64,0.1,1,2,1,1,1,252.88,1,5,3,3,3,3,5,3,3,2,2
2,2,9,65,1.8,3,1,2,2,1,222.77,1,10,3,1,1,3,2,1,3,1,3
2,2,9,66,0.4,2,2,2,2,1,273.66,1,17,3,3,2,2,3,1,1,2,2
2,2,9,67,0.05,2,1,2,1,0,287.86,1,15,3,1,2,2,8,3,3,3,3
2,2,9,68,0.4,1,3,1,1,1,259.05,1,14,1,3,1,3,5,3,1,1,3
2,2,9,69,0.05,1,2,1,1,1,286.71,1,18,1,1,1,1,4,3,3,2,2
2,2,9,70,0.8,1,3,1,1,1,219.95,1,14,3,3,3,3,16,3,1,1,3
2,2,9,71,0.2,1,2,1,1,1,234.75,1,20,1,3,1,3,19,1,1,2,2
2,2,9,72,1.8,1,2,1,1,1,196.55,1,16,1,1,1,1,17,1,1,2,2
2,2,9,73,0.1,1,2,1,1,1,265.76,1,12,1,3,1,3,3,1,1,2,2
2,2,9,74,1.8,1,2,1,1,1,191.8,1,17,3,1,3,1,12,1,3,2,2
2,2,9,75,0.4,1,2,1,1,1,197.85,1,1,1,3,1,3,8,1,3,2,2
2,2,9,76,0.05,2,3,2,1,0,286.63,1,6,3,1,2,2,17,3,3,1,1
2,2,9,77,0.05,2,1,2,1,0,282.03,1,3,3,1,2,2,11,3,1,3,1
2,2,9,78,1.8,1,2,1,1,1,211.84,1,20,1,1,1,1,4,1,3,2,2
2,2,10,1,1.8,1,3,1,1,1,206.84,1,13,1,3,1,3,14,1,3,3,1
2,2,10,2,0.1,3,3,2,2,1,230.32,1,11,1,3,3,1,13,3,3,1,1
2,2,10,3,0.1,1,2,1,1,1,311.42,0,8,3,3,3,3,9,3,1,2,2
2,2,10,4,0.4,2,2,2,2,1,259.17,1,14,3,3,2,2,5,1,1,2,2
2,2,10,5,1.8,3,3,NaN,NaN,NaN,NaN,NaN,6,3,3,1,1,10,1,3,3,1
2,2,10,6,1.8,1,3,1,1,1,217.92,1,5,3,1,3,1,3,1,3,3,1
2,2,10,7,0.05,3,3,2,2,1,278.65,1,18,1,1,3,3,1,1,3,3,1
2,2,10,8,0.4,1,2,1,1,1,263.93,1,13,3,1,3,1,2,1,1,2,2
2,2,10,9,0.2,1,2,1,1,1,231.73,1,14,1,1,1,1,7,1,3,2,2
2,2,10,10,1.8,2,1,2,1,0,221.51,1,12,3,3,2,2,7,3,1,3,1
2,2,10,11,0.1,1,1,1,1,1,265.65,1,17,1,1,1,1,12,1,3,1,3
2,2,10,12,0.05,2,2,2,2,1,552.39,0,2,3,1,2,2,10,3,3,2,2
2,2,10,13,0.05,3,1,2,2,1,350.3,0,12,1,3,3,1,8,1,3,1,3
2,2,10,14,0.8,1,1,1,2,0,260.23,1,7,1,3,1,3,7,3,3,3,3
2,2,10,15,0.4,1,3,1,1,1,225.84,1,12,3,3,3,3,17,3,3,1,1
2,2,10,16,0.2,1,3,1,2,0,272.63,1,11,3,1,3,1,9,3,3,1,1
2,2,10,17,0.2,1,2,1,1,1,94.292,2,9,3,1,3,1,15,3,1,2,2
2,2,10,18,0.2,1,2,1,1,1,225.31,1,10,1,3,1,3,11,1,1,2,2
2,2,10,19,1.8,2,1,2,2,1,218.23,1,6,1,3,2,2,16,1,1,1,1
2,2,10,20,1.8,1,1,1,1,1,220.3,1,19,1,3,1,3,13,3,1,3,1
2,2,10,21,0.2,3,2,2,2,1,274.37,1,17,1,3,3,1,9,3,1,2,2
2,2,10,22,0.2,2,2,2,1,0,200.02,1,7,3,3,2,2,7,1,3,2,2
2,2,10,23,0.8,1,3,1,1,1,211.47,1,1,1,3,1,3,18,1,1,3,3
2,2,10,24,0.4,3,2,2,2,1,-10.59,2,11,3,3,1,1,4,1,3,2,2
2,2,10,25,0.4,2,2,2,2,1,315.8,0,8,1,3,2,2,6,1,3,2,2
2,2,10,26,0.2,2,2,2,2,1,300.92,0,17,1,3,2,2,7,3,3,2,2
2,2,10,27,0.1,2,2,2,2,1,273.1,1,5,3,3,2,2,19,3,1,2,2
2,2,10,28,0.1,1,2,1,1,1,296.1,1,15,1,3,1,3,13,3,1,2,2
2,2,10,29,0.1,1,1,1,2,0,277.31,1,16,1,1,1,1,14,3,3,3,3
2,2,10,30,0.2,1,2,1,1,1,236.32,1,8,3,3,3,3,16,1,3,2,2
2,2,10,31,0.1,3,3,2,2,1,1118.5,0,17,3,3,1,1,4,3,3,1,1
2,2,10,32,0.1,1,1,1,1,1,186.09,1,5,3,1,3,1,3,1,3,1,3
2,2,10,33,1.8,3,3,2,2,1,193.82,1,3,3,1,1,3,16,1,3,3,1
2,2,10,34,0.1,1,2,1,1,1,231.61,1,15,1,3,1,3,13,1,3,2,2
2,2,10,35,0.4,1,3,1,1,1,256.53,1,8,3,3,3,3,10,1,3,3,1
2,2,10,36,0.8,1,3,1,1,1,239.65,1,16,3,1,3,1,5,3,1,1,3
2,2,10,37,0.05,1,3,1,1,1,299.5,1,14,3,1,3,1,18,1,1,3,3
2,2,10,38,0.4,2,2,2,2,1,265.29,1,7,3,1,2,2,13,3,1,2,2
2,2,10,39,0.4,2,3,2,2,1,248.59,1,1,1,1,2,2,2,1,3,3,1
2,2,10,40,0.4,1,3,1,1,1,252.81,1,16,1,3,1,3,4,3,1,1,3
2,2,10,41,0.8,3,2,NaN,NaN,NaN,NaN,NaN,18,3,1,1,3,14,1,1,2,2
2,2,10,42,0.8,1,1,1,1,1,254.47,1,10,1,3,1,3,16,1,1,1,1
2,2,10,43,0.2,1,2,1,1,1,258.43,1,14,1,1,1,1,19,3,3,2,2
2,2,10,44,0.05,2,3,2,1,0,269.4,1,14,3,3,2,2,20,1,1,3,3
2,2,10,45,0.8,1,3,1,1,1,232.67,1,7,3,1,3,1,4,1,3,3,1
2,2,10,46,0.05,1,3,1,2,0,306.57,0,19,3,3,3,3,5,3,3,1,1
2,2,10,47,0.2,1,3,1,2,0,346.61,0,8,3,1,3,1,15,3,1,1,3
2,2,10,48,0.05,3,2,2,2,1,269.92,1,7,3,1,1,3,15,1,1,2,2
2,2,10,49,0.05,3,2,2,2,1,284.68,1,5,3,3,1,1,12,3,3,2,2
2,2,10,50,1.8,1,1,1,1,1,204.82,1,6,3,3,3,3,1,3,3,3,3
2,2,10,51,1.8,1,2,1,1,1,225.98,1,8,1,1,1,1,16,3,3,2,2
2,2,10,52,0.2,2,1,2,1,0,241.02,1,20,3,1,2,2,18,1,3,1,3
2,2,10,53,0.1,3,1,2,2,1,227.71,1,19,1,3,3,1,8,3,3,3,3
2,2,10,54,0.8,2,2,2,2,1,214.08,1,20,3,1,2,2,6,3,3,2,2
2,2,10,55,0.1,1,3,1,1,1,248.01,1,7,1,3,1,3,17,3,1,1,3
2,2,10,56,0.8,2,3,2,1,0,261.08,1,10,1,3,2,2,6,3,1,1,3
2,2,10,57,0.05,3,1,2,2,1,318.89,0,6,1,1,3,3,20,3,1,3,1
2,2,10,58,0.4,1,2,1,1,1,206,1,11,3,3,3,3,4,3,3,2,2
2,2,10,59,0.05,1,3,1,2,0,259.53,1,16,1,1,1,1,9,1,1,3,3
2,2,10,60,0.4,1,2,1,1,1,210.5,1,10,1,3,1,3,3,3,1,2,2
2,2,10,61,0.05,1,1,1,2,0,282.29,1,18,1,1,1,1,9,1,1,1,1
2,2,10,62,1.8,2,3,2,1,0,206.89,1,12,1,1,2,2,16,1,1,3,3
2,2,10,63,0.8,1,2,NaN,NaN,NaN,NaN,NaN,7,3,1,3,1,16,1,1,2,2
2,2,10,64,0.8,1,2,NaN,NaN,NaN,NaN,NaN,12,3,1,3,1,3,3,1,2,2
2,2,10,65,0.8,2,1,2,2,1,236.6,1,11,1,3,2,2,4,1,1,1,1
2,2,10,66,0.8,1,3,1,1,1,197.91,1,20,1,1,1,1,9,1,1,3,3
2,2,10,67,0.1,1,3,1,1,1,282.42,1,10,1,1,1,1,15,3,3,1,1
2,2,10,68,1.8,1,2,1,1,1,202.52,1,1,3,3,3,3,20,3,3,2,2
2,2,10,69,0.8,1,2,1,1,1,217.59,1,15,1,1,1,1,17,1,1,2,2
2,2,10,70,0.2,3,2,2,2,1,291.01,1,18,3,3,1,1,4,3,1,2,2
2,2,10,71,0.1,1,2,1,1,1,238.14,1,2,1,3,1,3,14,3,3,2,2
2,2,10,72,0.4,2,1,2,1,0,314.29,0,15,1,3,2,2,2,3,3,3,3
2,2,10,73,1.8,3,2,NaN,NaN,NaN,NaN,NaN,18,3,1,1,3,15,3,1,2,2
2,2,10,74,0.05,1,3,1,1,1,274.36,1,12,1,1,1,1,6,3,3,1,1
2,2,10,75,0.2,3,2,2,2,1,97.484,2,13,3,3,1,1,1,1,3,2,2
2,2,10,76,0.4,3,1,2,2,1,273.28,1,10,1,1,3,3,19,1,1,1,1
2,2,10,77,0.05,1,1,1,1,1,255.32,1,1,1,3,1,3,13,1,1,1,1
2,2,10,78,1.8,1,1,1,1,1,218.32,1,16,1,3,1,3,19,1,3,1,3
